atom,serial,name,resname,resid,x,y,z,charges,radius,sasa
ATOM,1.0,O5',DC,301.0,45.738,-9.625,42.343,-0.66,1.77,16.85
ATOM,2.0,C5',DC,301.0,45.47,-8.371,42.974,0.05,2.01,20.67
ATOM,3.0,C4',DC,301.0,44.161,-7.755,42.461,0.16,2.275,6.39
ATOM,4.0,O4',DC,301.0,44.244,-6.292,42.411,-0.5,1.77,12.96
ATOM,5.0,C3',DC,301.0,43.918,-8.249,41.035,0.01,2.275,3.24
ATOM,6.0,O3',DC,301.0,42.519,-8.345,40.732,-0.57,1.77,6.84
ATOM,7.0,C2',DC,301.0,44.597,-7.12,40.263,-0.18,2.01,1.23
ATOM,8.0,C1',DC,301.0,44.174,-5.826,41.05,0.16,2.275,4.25
ATOM,9.0,N1,DC,301.0,45.147,-4.79,40.597,-0.13,1.85,2.34
ATOM,10.0,C2,DC,301.0,44.68,-3.738,39.78,0.52,1.9,3.55
ATOM,11.0,O2,DC,301.0,43.471,-3.546,39.572,-0.49,1.7,21.82
ATOM,12.0,N3,DC,301.0,45.616,-2.955,39.16,-0.66,1.85,16.83
ATOM,13.0,C4,DC,301.0,46.942,-3.177,39.306,0.65,1.9,1.79
ATOM,14.0,N4,DC,301.0,47.834,-2.375,38.69,-0.75,1.85,26.32
ATOM,15.0,C5,DC,301.0,47.412,-4.252,40.143,-0.13,1.9,18.04
ATOM,16.0,C6,DC,301.0,46.485,-5.012,40.768,0.05,1.9,9.14
ATOM,17.0,H5',DC,301.0,46.287,-7.671,42.771,0.09,1.34,4.77
ATOM,18.0,H5'',DC,301.0,45.38,-8.511,44.053,0.09,1.34,14.91
ATOM,19.0,H4',DC,301.0,43.36,-7.958,43.182,0.09,1.32,14.26
ATOM,20.0,H1',DC,301.0,43.176,-5.328,40.898,0.09,1.32,3.46
ATOM,21.0,H6,DC,301.0,46.812,-5.814,41.418,0.17,1.1,5.47
ATOM,22.0,H5,DC,301.0,48.477,-4.462,40.281,0.07,1.1,17.51
ATOM,23.0,H41,DC,301.0,47.461,-1.643,38.12,0.37,0.2245,18.26
ATOM,24.0,H42,DC,301.0,48.815,-2.535,38.82,0.33,0.2245,18.02
ATOM,25.0,H3',DC,301.0,44.453,-9.171,40.875,0.09,1.32,4.1
ATOM,26.0,H2',DC,301.0,45.472,-7.503,39.74,0.09,1.34,11.54
ATOM,27.0,H2'',DC,301.0,43.903,-6.689,39.533,0.09,1.34,0.0
ATOM,28.0,H5T,DC,301.0,46.533,-10.113,42.585,0.43,0.2245,26.81
ATOM,29.0,P,DA,302.0,42.034,-8.486,39.183,1.5,2.15,0.43
ATOM,30.0,OP1,DA,302.0,42.345,-9.832,38.613,-0.78,1.7,24.66
ATOM,31.0,OP2,DA,302.0,42.559,-7.309,38.482,-0.78,1.7,0.0
ATOM,32.0,O5',DA,302.0,40.41,-8.45,39.309,-0.57,1.77,5.01
ATOM,33.0,C5',DA,302.0,39.564,-7.326,39.372,-0.08,2.01,16.81
ATOM,34.0,C4',DA,302.0,39.677,-6.512,38.094,0.16,2.275,3.81
ATOM,35.0,O4',DA,302.0,40.981,-5.978,37.98,-0.5,1.77,0.3
ATOM,36.0,C3',DA,302.0,39.705,-7.264,36.784,0.01,2.275,0.0
ATOM,37.0,O3',DA,302.0,38.447,-7.751,36.435,-0.57,1.77,6.23
ATOM,38.0,C2',DA,302.0,40.045,-6.156,35.842,-0.18,2.01,3.39
ATOM,39.0,C1',DA,302.0,41.003,-5.428,36.682,0.16,2.275,0.54
ATOM,40.0,N9,DA,302.0,42.313,-5.396,36.123,-0.05,1.85,0.0
ATOM,41.0,C8,DA,302.0,43.525,-5.716,36.658,0.34,1.9,0.56
ATOM,42.0,N7,DA,302.0,44.531,-5.236,35.986,-0.71,1.85,5.95
ATOM,43.0,C5,DA,302.0,43.906,-4.551,34.92,0.28,1.9,1.62
ATOM,44.0,C6,DA,302.0,44.39,-3.793,33.832,0.46,1.9,2.64
ATOM,45.0,N6,DA,302.0,45.664,-3.69,33.543,-0.77,1.85,20.05
ATOM,46.0,N1,DA,302.0,43.496,-3.238,33.011,-0.74,1.85,20.86
ATOM,47.0,C2,DA,302.0,42.189,-3.423,33.23,0.5,1.9,11.94
ATOM,48.0,N3,DA,302.0,41.595,-4.125,34.198,-0.75,1.85,8.44
ATOM,49.0,C4,DA,302.0,42.547,-4.664,35.015,0.43,1.9,1.43
ATOM,50.0,H5',DA,302.0,39.842,-6.69,40.218,0.09,1.34,9.79
ATOM,51.0,H5'',DA,302.0,38.523,-7.641,39.497,0.09,1.34,6.0
ATOM,52.0,H4',DA,302.0,39.009,-5.644,38.167,0.09,1.32,11.97
ATOM,53.0,H1',DA,302.0,40.696,-4.365,36.751,0.09,1.32,10.02
ATOM,54.0,H8,DA,302.0,43.588,-6.352,37.525,0.12,1.1,0.0
ATOM,55.0,H61,DA,302.0,45.966,-3.128,32.743,0.38,0.2245,20.48
ATOM,56.0,H62,DA,302.0,46.367,-4.16,34.101,0.38,0.2245,12.56
ATOM,57.0,H2,DA,302.0,41.46,-2.977,32.58,0.13,1.1,19.22
ATOM,58.0,H3',DA,302.0,40.506,-8.0,36.803,0.09,1.32,0.0
ATOM,59.0,H2',DA,302.0,39.877,-6.474,34.809,0.09,1.34,0.0
ATOM,60.0,H2'',DA,302.0,39.416,-5.297,36.061,0.09,1.34,7.31
ATOM,61.0,P,DC,303.0,38.427,-9.243,36.898,1.5,2.15,3.0
ATOM,62.0,OP1,DC,303.0,37.76,-9.192,38.22,-0.78,1.7,27.45
ATOM,63.0,OP2,DC,303.0,39.817,-9.791,36.791,-0.78,1.7,11.25
ATOM,64.0,O5',DC,303.0,37.429,-9.958,35.768,-0.57,1.77,13.74
ATOM,65.0,C5',DC,303.0,37.67,-10.154,34.334,-0.08,2.01,18.93
ATOM,66.0,C4',DC,303.0,38.095,-8.859,33.59,0.16,2.275,0.61
ATOM,67.0,O4',DC,303.0,39.388,-8.479,34.062,-0.5,1.77,0.0
ATOM,68.0,C3',DC,303.0,38.341,-8.974,32.078,0.01,2.275,2.24
ATOM,69.0,O3',DC,303.0,37.12,-8.903,31.262,-0.57,1.77,7.83
ATOM,70.0,C2',DC,303.0,39.28,-7.746,31.865,-0.18,2.01,0.12
ATOM,71.0,C1',DC,303.0,39.905,-7.448,33.225,0.16,2.275,0.14
ATOM,72.0,N1,DC,303.0,41.381,-7.538,33.326,-0.13,1.85,0.0
ATOM,73.0,C2,DC,303.0,42.196,-6.958,32.366,0.52,1.9,0.0
ATOM,74.0,O2,DC,303.0,41.714,-6.291,31.44,-0.49,1.7,8.28
ATOM,75.0,N3,DC,303.0,43.555,-7.188,32.474,-0.66,1.85,4.91
ATOM,76.0,C4,DC,303.0,44.101,-7.949,33.46,0.65,1.9,0.0
ATOM,77.0,N4,DC,303.0,45.428,-8.232,33.515,-0.75,1.85,16.59
ATOM,78.0,C5,DC,303.0,43.241,-8.509,34.446,-0.13,1.9,5.64
ATOM,79.0,C6,DC,303.0,41.916,-8.274,34.333,0.05,1.9,2.14
ATOM,80.0,H5',DC,303.0,36.752,-10.539,33.868,0.09,1.34,12.91
ATOM,81.0,H5'',DC,303.0,38.474,-10.869,34.205,0.09,1.34,10.37
ATOM,82.0,H4',DC,303.0,37.424,-8.058,33.888,0.09,1.32,7.4
ATOM,83.0,H1',DC,303.0,39.671,-6.483,33.658,0.09,1.32,1.2
ATOM,84.0,H6,DC,303.0,41.248,-8.698,35.09,0.17,1.1,0.0
ATOM,85.0,H5,DC,303.0,43.616,-9.116,35.282,0.07,1.1,7.93
ATOM,86.0,H41,DC,303.0,46.003,-7.818,32.801,0.37,0.2245,15.88
ATOM,87.0,H42,DC,303.0,45.776,-8.823,34.239,0.33,0.2245,17.52
ATOM,88.0,H3',DC,303.0,38.89,-9.874,31.864,0.09,1.32,3.14
ATOM,89.0,H2',DC,303.0,39.566,-7.732,30.787,0.09,1.34,0.0
ATOM,90.0,H2'',DC,303.0,38.739,-6.823,32.075,0.09,1.34,3.86
ATOM,91.0,P,DC,304.0,36.587,-7.678,30.258,1.5,2.15,0.66
ATOM,92.0,OP1,DC,304.0,37.635,-6.628,30.167,-0.78,1.7,12.6
ATOM,93.0,OP2,DC,304.0,35.222,-7.317,30.705,-0.78,1.7,40.19
ATOM,94.0,O5',DC,304.0,36.395,-8.301,28.741,-0.57,1.77,8.41
ATOM,95.0,C5',DC,304.0,36.035,-7.552,27.538,-0.08,2.01,18.26
ATOM,96.0,C4',DC,304.0,37.204,-6.702,26.937,0.16,2.275,3.27
ATOM,97.0,O4',DC,304.0,38.36,-6.805,27.826,-0.5,1.77,1.3
ATOM,98.0,C3',DC,304.0,37.642,-7.128,25.489,0.01,2.275,5.03
ATOM,99.0,O3',DC,304.0,37.693,-6.019,24.498,-0.57,1.77,9.45
ATOM,100.0,C2',DC,304.0,39.017,-7.796,25.788,-0.18,2.01,2.09
ATOM,101.0,C1',DC,304.0,39.527,-7.12,27.076,0.16,2.275,2.96
ATOM,102.0,N1,DC,304.0,40.401,-7.946,27.929,-0.13,1.85,0.0
ATOM,103.0,C2,DC,304.0,41.767,-7.833,27.779,0.52,1.9,0.6
ATOM,104.0,O2,DC,304.0,42.247,-7.16,26.873,-0.49,1.7,14.73
ATOM,105.0,N3,DC,304.0,42.587,-8.505,28.615,-0.66,1.85,6.62
ATOM,106.0,C4,DC,304.0,42.074,-9.278,29.572,0.65,1.9,0.0
ATOM,107.0,N4,DC,304.0,42.898,-9.891,30.414,-0.75,1.85,2.79
ATOM,108.0,C5,DC,304.0,40.667,-9.434,29.727,-0.13,1.9,4.63
ATOM,109.0,C6,DC,304.0,39.877,-8.74,28.883,0.05,1.9,4.56
ATOM,110.0,H5',DC,304.0,35.202,-6.871,27.772,0.09,1.34,11.7
ATOM,111.0,H5'',DC,304.0,35.729,-8.248,26.763,0.09,1.34,9.83
ATOM,112.0,H4',DC,304.0,36.918,-5.657,26.964,0.09,1.32,12.99
ATOM,113.0,H1',DC,304.0,40.103,-6.21,26.909,0.09,1.32,5.94
ATOM,114.0,H6,DC,304.0,38.799,-8.829,28.982,0.17,1.1,0.45
ATOM,115.0,H5,DC,304.0,40.221,-10.081,30.488,0.07,1.1,4.62
ATOM,116.0,H41,DC,304.0,43.891,-9.757,30.273,0.37,0.2245,5.91
ATOM,117.0,H42,DC,304.0,42.531,-10.462,31.157,0.33,0.2245,11.24
ATOM,118.0,H3',DC,304.0,36.957,-7.869,25.121,0.09,1.32,9.36
ATOM,119.0,H2',DC,304.0,39.019,-8.795,25.314,0.09,1.34,8.52
ATOM,120.0,H2'',DC,304.0,39.821,-7.207,25.345,0.09,1.34,0.0
ATOM,121.0,P,DC,305.0,38.892,-5.513,23.409,1.5,2.15,2.49
ATOM,122.0,OP1,DC,305.0,39.328,-4.163,23.827,-0.78,1.7,40.97
ATOM,123.0,OP2,DC,305.0,38.39,-5.689,22.019,-0.78,1.7,34.47
ATOM,124.0,O5',DC,305.0,40.21,-6.419,23.628,-0.57,1.77,1.53
ATOM,125.0,C5',DC,305.0,40.571,-7.48,22.745,-0.08,2.01,2.12
ATOM,126.0,C4',DC,305.0,41.973,-7.921,23.083,0.16,2.275,1.22
ATOM,127.0,O4',DC,305.0,42.031,-9.033,23.947,-0.5,1.77,3.46
ATOM,128.0,C3',DC,305.0,42.774,-8.54,22.004,0.01,2.275,0.0
ATOM,129.0,O3',DC,305.0,42.924,-7.594,20.943,-0.57,1.77,6.91
ATOM,130.0,C2',DC,305.0,44.014,-8.809,22.872,-0.18,2.01,0.55
ATOM,131.0,C1',DC,305.0,43.388,-8.762,24.274,0.16,2.275,0.46
ATOM,132.0,N1,DC,305.0,43.808,-9.688,25.356,-0.13,1.85,0.0
ATOM,133.0,C2,DC,305.0,45.167,-10.001,25.581,0.52,1.9,2.11
ATOM,134.0,O2,DC,305.0,46.108,-9.518,24.939,-0.49,1.7,16.64
ATOM,135.0,N3,DC,305.0,45.469,-10.874,26.568,-0.66,1.85,10.3
ATOM,136.0,C4,DC,305.0,44.508,-11.422,27.314,0.65,1.9,0.0
ATOM,137.0,N4,DC,305.0,44.854,-12.321,28.252,-0.75,1.85,16.12
ATOM,138.0,C5,DC,305.0,43.115,-11.097,27.111,-0.13,1.9,6.97
ATOM,139.0,C6,DC,305.0,42.817,-10.232,26.127,0.05,1.9,4.6
ATOM,140.0,H5',DC,305.0,40.541,-7.13,21.717,0.09,1.34,0.22
ATOM,141.0,H5'',DC,305.0,39.873,-8.312,22.864,0.09,1.34,7.86
ATOM,142.0,H4',DC,305.0,42.485,-7.098,23.634,0.09,1.32,4.86
ATOM,143.0,H1',DC,305.0,43.459,-7.774,24.734,0.09,1.32,3.47
ATOM,144.0,H6,DC,305.0,41.79,-9.963,25.942,0.17,1.1,1.88
ATOM,145.0,H5,DC,305.0,42.322,-11.531,27.728,0.07,1.1,8.64
ATOM,146.0,H41,DC,305.0,45.829,-12.513,28.355,0.37,0.2245,15.8
ATOM,147.0,H42,DC,305.0,44.14,-12.76,28.805,0.33,0.2245,14.35
ATOM,148.0,H3',DC,305.0,42.354,-9.477,21.702,0.09,1.32,4.43
ATOM,149.0,H2',DC,305.0,44.747,-9.361,22.304,0.09,1.34,0.0
ATOM,150.0,H2'',DC,305.0,44.428,-7.859,23.203,0.09,1.34,8.28
ATOM,151.0,P,DG,306.0,42.019,-7.847,19.571,1.5,2.15,2.82
ATOM,152.0,OP1,DG,306.0,42.409,-6.817,18.557,-0.78,1.7,35.22
ATOM,153.0,OP2,DG,306.0,40.566,-8.011,19.918,-0.78,1.7,24.7
ATOM,154.0,O5',DG,306.0,42.589,-9.319,19.068,-0.57,1.77,8.11
ATOM,155.0,C5',DG,306.0,43.829,-9.595,18.37,-0.08,2.01,12.78
ATOM,156.0,C4',DG,306.0,45.166,-8.882,18.794,0.16,2.275,1.76
ATOM,157.0,O4',DG,306.0,45.557,-8.679,20.182,-0.5,1.77,3.92
ATOM,158.0,C3',DG,306.0,46.206,-9.821,18.232,0.01,2.275,0.0
ATOM,159.0,O3',DG,306.0,46.642,-9.154,17.105,-0.57,1.77,7.01
ATOM,160.0,C2',DG,306.0,47.351,-9.915,19.244,-0.18,2.01,1.17
ATOM,161.0,C1',DG,306.0,46.67,-9.558,20.563,0.16,2.275,2.71
ATOM,162.0,N9,DG,306.0,46.227,-10.788,21.335,-0.02,1.85,0.0
ATOM,163.0,C8,DG,306.0,44.936,-11.233,21.459,0.25,1.9,4.23
ATOM,164.0,N7,DG,306.0,44.699,-11.92,22.514,-0.6,1.85,14.08
ATOM,165.0,C5,DG,306.0,45.937,-11.983,23.15,0.0,1.9,0.0
ATOM,166.0,C6,DG,306.0,46.301,-12.706,24.345,0.54,1.9,0.0
ATOM,167.0,O6,DG,306.0,45.564,-13.205,25.209,-0.51,1.7,14.08
ATOM,168.0,N1,DG,306.0,47.677,-12.716,24.52,-0.34,1.85,1.53
ATOM,169.0,C2,DG,306.0,48.568,-12.094,23.666,0.75,1.9,1.93
ATOM,170.0,N2,DG,306.0,49.827,-12.507,23.838,-0.68,1.85,14.56
ATOM,171.0,N3,DG,306.0,48.22,-11.336,22.584,-0.74,1.85,6.03
ATOM,172.0,C4,DG,306.0,46.886,-11.341,22.397,0.26,1.9,0.0
ATOM,173.0,H5',DG,306.0,43.677,-9.384,17.27,0.09,1.34,13.11
ATOM,174.0,H5'',DG,306.0,44.097,-10.635,18.49,0.09,1.34,4.44
ATOM,175.0,H4',DG,306.0,45.14,-7.827,18.359,0.09,1.32,9.37
ATOM,176.0,H1',DG,306.0,47.31,-9.021,21.28,0.09,1.32,9.26
ATOM,177.0,H8,DG,306.0,44.211,-10.983,20.679,0.16,1.1,1.26
ATOM,178.0,H1,DG,306.0,48.05,-13.197,25.304,0.26,0.2245,10.8
ATOM,179.0,H21,DG,306.0,50.203,-13.173,24.486,0.32,0.2245,10.12
ATOM,180.0,H22,DG,306.0,50.524,-12.061,23.225,0.35,0.2245,9.95
ATOM,181.0,H3',DG,306.0,45.763,-10.832,18.096,0.09,1.32,1.73
ATOM,182.0,H2',DG,306.0,48.117,-10.598,18.857,0.09,1.34,0.0
ATOM,183.0,H2'',DG,306.0,47.797,-8.93,19.388,0.09,1.34,9.12
ATOM,184.0,P,DG,307.0,47.63,-9.942,16.195,1.5,2.15,2.22
ATOM,185.0,OP1,DG,307.0,47.751,-9.136,14.942,-0.78,1.7,44.7
ATOM,186.0,OP2,DG,307.0,47.083,-11.314,16.174,-0.78,1.7,22.74
ATOM,187.0,O5',DG,307.0,49.059,-10.044,16.962,-0.57,1.77,7.63
ATOM,188.0,C5',DG,307.0,49.853,-11.246,16.85,-0.08,2.01,5.87
ATOM,189.0,C4',DG,307.0,50.687,-11.624,18.108,0.16,2.275,3.29
ATOM,190.0,O4',DG,307.0,50.006,-11.57,19.402,-0.5,1.77,2.4
ATOM,191.0,C3',DG,307.0,50.975,-13.111,18.009,0.01,2.275,0.0
ATOM,192.0,O3',DG,307.0,51.908,-13.488,17.012,-0.57,1.77,4.47
ATOM,193.0,C2',DG,307.0,51.574,-13.313,19.368,-0.18,2.01,8.32
ATOM,194.0,C1',DG,307.0,50.448,-12.707,20.168,0.16,2.275,2.35
ATOM,195.0,N9,DG,307.0,49.321,-13.636,20.432,-0.02,1.85,0.0
ATOM,196.0,C8,DG,307.0,48.019,-13.461,20.065,0.25,1.9,0.52
ATOM,197.0,N7,DG,307.0,47.175,-14.271,20.669,-0.6,1.85,6.17
ATOM,198.0,C5,DG,307.0,47.976,-15.024,21.496,0.0,1.9,0.0
ATOM,199.0,C6,DG,307.0,47.602,-15.965,22.445,0.54,1.9,0.0
ATOM,200.0,O6,DG,307.0,46.469,-16.353,22.728,-0.51,1.7,23.26
ATOM,201.0,N1,DG,307.0,48.688,-16.448,23.116,-0.34,1.85,1.77
ATOM,202.0,C2,DG,307.0,49.986,-16.07,22.913,0.75,1.9,0.0
ATOM,203.0,N2,DG,307.0,50.924,-16.666,23.686,-0.68,1.85,13.69
ATOM,204.0,N3,DG,307.0,50.327,-15.168,22.003,-0.74,1.85,1.89
ATOM,205.0,C4,DG,307.0,49.284,-14.679,21.343,0.26,1.9,0.0
ATOM,206.0,H5',DG,307.0,50.553,-11.142,15.995,0.09,1.34,11.69
ATOM,207.0,H5'',DG,307.0,49.204,-12.099,16.675,0.09,1.34,0.78
ATOM,208.0,H4',DG,307.0,51.525,-10.891,18.207,0.09,1.32,14.43
ATOM,209.0,H1',DG,307.0,50.75,-12.365,21.166,0.09,1.32,1.58
ATOM,210.0,H8,DG,307.0,47.75,-12.707,19.337,0.16,1.1,0.0
ATOM,211.0,H1,DG,307.0,48.527,-17.148,23.828,0.26,0.2245,12.48
ATOM,212.0,H21,DG,307.0,50.748,-17.353,24.403,0.32,0.2245,18.35
ATOM,213.0,H22,DG,307.0,51.872,-16.38,23.541,0.35,0.2245,16.43
ATOM,214.0,H3',DG,307.0,50.046,-13.654,17.926,0.09,1.32,0.0
ATOM,215.0,H2',DG,307.0,52.26,-14.137,19.375,0.09,1.34,0.0
ATOM,216.0,H2'',DG,307.0,52.07,-12.393,19.672,0.09,1.34,7.06
ATOM,217.0,P,DT,308.0,51.765,-14.896,16.193,1.5,2.15,2.67
ATOM,218.0,OP1,DT,308.0,51.226,-14.539,14.855,-0.78,1.7,38.22
ATOM,219.0,OP2,DT,308.0,51.081,-15.969,16.941,-0.78,1.7,3.9
ATOM,220.0,O5',DT,308.0,53.352,-15.261,16.218,-0.57,1.77,12.53
ATOM,221.0,C5',DT,308.0,54.117,-15.299,17.448,-0.08,2.01,18.34
ATOM,222.0,C4',DT,308.0,53.785,-16.441,18.464,0.16,2.275,1.07
ATOM,223.0,O4',DT,308.0,52.394,-16.358,18.863,-0.5,1.77,0.0
ATOM,224.0,C3',DT,308.0,53.975,-17.878,17.896,0.01,2.275,0.61
ATOM,225.0,O3',DT,308.0,55.203,-18.586,18.323,-0.57,1.77,8.65
ATOM,226.0,C2',DT,308.0,52.646,-18.578,18.394,-0.18,2.01,0.62
ATOM,227.0,C1',DT,308.0,52.003,-17.623,19.41,0.16,2.275,0.0
ATOM,228.0,N1,DT,308.0,50.508,-17.799,19.56,-0.34,1.85,0.0
ATOM,229.0,C2,DT,308.0,50.006,-18.616,20.594,0.51,1.9,0.0
ATOM,230.0,O2,DT,308.0,50.758,-19.231,21.355,-0.41,1.7,9.17
ATOM,231.0,N3,DT,308.0,48.615,-18.74,20.701,-0.46,1.85,0.0
ATOM,232.0,C4,DT,308.0,47.723,-18.13,19.846,0.5,1.9,0.0
ATOM,233.0,O4,DT,308.0,46.512,-18.306,19.902,-0.45,1.7,21.11
ATOM,234.0,C5,DT,308.0,48.324,-17.337,18.819,-0.15,1.9,0.0
ATOM,235.0,C7,DT,308.0,47.393,-16.772,17.75,-0.11,2.04,24.58
ATOM,236.0,C6,DT,308.0,49.65,-17.183,18.713,0.17,1.9,0.05
ATOM,237.0,H5',DT,308.0,53.995,-14.327,17.982,0.09,1.34,4.5
ATOM,238.0,H5'',DT,308.0,55.167,-15.448,17.222,0.09,1.34,12.72
ATOM,239.0,H4',DT,308.0,54.357,-16.266,19.375,0.09,1.32,12.88
ATOM,240.0,H1',DT,308.0,52.375,-17.69,20.45,0.09,1.32,3.32
ATOM,241.0,H6,DT,308.0,50.031,-16.579,17.895,0.17,1.1,0.0
ATOM,242.0,H71,DT,308.0,47.63,-17.228,16.795,0.07,1.34,10.14
ATOM,243.0,H72,DT,308.0,46.366,-16.996,18.025,0.07,1.34,8.52
ATOM,244.0,H73,DT,308.0,47.535,-15.696,17.695,0.07,1.34,0.43
ATOM,245.0,H3,DT,308.0,48.233,-19.344,21.494,0.36,0.2245,10.3
ATOM,246.0,H3',DT,308.0,53.964,-17.846,16.822,0.09,1.32,5.66
ATOM,247.0,H2',DT,308.0,52.337,-19.284,17.591,0.09,1.34,2.58
ATOM,248.0,H2'',DT,308.0,52.852,-19.16,19.29,0.09,1.34,0.0
ATOM,249.0,P,DC,309.0,55.695,-20.157,17.87,1.5,2.15,2.79
ATOM,250.0,OP1,DC,309.0,56.903,-20.571,18.638,-0.78,1.7,35.08
ATOM,251.0,OP2,DC,309.0,55.746,-20.227,16.384,-0.78,1.7,41.08
ATOM,252.0,O5',DC,309.0,54.549,-21.184,18.407,-0.57,1.77,1.2
ATOM,253.0,C5',DC,309.0,54.428,-21.314,19.846,-0.08,2.01,6.23
ATOM,254.0,C4',DC,309.0,54.409,-22.755,20.385,0.16,2.275,4.79
ATOM,255.0,O4',DC,309.0,53.338,-23.023,21.278,-0.5,1.77,12.67
ATOM,256.0,C3',DC,309.0,54.162,-23.708,19.28,0.01,2.275,0.59
ATOM,257.0,O3',DC,309.0,54.972,-24.853,19.579,-0.57,1.77,3.33
ATOM,258.0,C2',DC,309.0,52.66,-23.984,19.281,-0.18,2.01,0.0
ATOM,259.0,C1',DC,309.0,52.127,-23.413,20.591,0.16,2.275,3.67
ATOM,260.0,N1,DC,309.0,51.078,-22.492,20.073,-0.13,1.85,0.03
ATOM,261.0,C2,DC,309.0,49.686,-22.686,20.359,0.52,1.9,0.0
ATOM,262.0,O2,DC,309.0,49.25,-23.363,21.283,-0.49,1.7,20.9
ATOM,263.0,N3,DC,309.0,48.756,-22.102,19.569,-0.66,1.85,4.59
ATOM,264.0,C4,DC,309.0,49.163,-21.353,18.521,0.65,1.9,0.0
ATOM,265.0,N4,DC,309.0,48.285,-20.906,17.617,-0.75,1.85,7.09
ATOM,266.0,C5,DC,309.0,50.545,-21.093,18.252,-0.13,1.9,5.63
ATOM,267.0,C6,DC,309.0,51.45,-21.679,19.05,0.05,1.9,0.07
ATOM,268.0,H5',DC,309.0,53.497,-20.805,20.175,0.09,1.34,0.0
ATOM,269.0,H5'',DC,309.0,55.279,-20.845,20.327,0.09,1.34,7.58
ATOM,270.0,H4',DC,309.0,55.333,-22.917,20.979,0.09,1.32,13.45
ATOM,271.0,H1',DC,309.0,51.531,-24.096,21.308,0.09,1.32,2.88
ATOM,272.0,H6,DC,309.0,52.508,-21.498,18.873,0.17,1.1,0.0
ATOM,273.0,H5,DC,309.0,50.87,-20.444,17.431,0.07,1.1,5.19
ATOM,274.0,H41,DC,309.0,47.297,-21.101,17.826,0.37,0.2245,9.82
ATOM,275.0,H42,DC,309.0,48.585,-20.421,16.806,0.33,0.2245,11.77
ATOM,276.0,H3',DC,309.0,54.438,-23.252,18.307,0.09,1.32,2.13
ATOM,277.0,H2',DC,309.0,52.325,-24.089,18.221,0.09,1.34,3.03
ATOM,278.0,H2'',DC,309.0,52.443,-24.932,19.783,0.09,1.34,0.0
ATOM,279.0,P,DA,310.0,55.133,-26.028,18.466,1.5,2.15,3.09
ATOM,280.0,OP1,DA,310.0,56.547,-26.291,18.13,-0.78,1.7,44.67
ATOM,281.0,OP2,DA,310.0,54.173,-25.664,17.36,-0.78,1.7,24.98
ATOM,282.0,O5',DA,310.0,54.675,-27.303,19.419,-0.57,1.77,7.05
ATOM,283.0,C5',DA,310.0,54.31,-27.276,20.814,-0.08,2.01,15.89
ATOM,284.0,C4',DA,310.0,52.811,-27.631,21.05,0.16,2.275,1.92
ATOM,285.0,O4',DA,310.0,51.929,-27.062,20.091,-0.5,1.77,0.0
ATOM,286.0,C3',DA,310.0,52.415,-29.06,20.723,0.01,2.275,0.0
ATOM,287.0,O3',DA,310.0,52.804,-30.01,21.76,-0.57,1.77,7.8
ATOM,288.0,C2',DA,310.0,50.85,-28.918,20.493,-0.18,2.01,0.0
ATOM,289.0,C1',DA,310.0,50.594,-27.422,20.491,0.16,2.275,0.44
ATOM,290.0,N9,DA,310.0,49.737,-26.83,19.439,-0.05,1.85,0.0
ATOM,291.0,C8,DA,310.0,50.224,-26.469,18.231,0.34,1.9,0.69
ATOM,292.0,N7,DA,310.0,49.381,-25.849,17.462,-0.71,1.85,7.18
ATOM,293.0,C5,DA,310.0,48.244,-25.781,18.196,0.28,1.9,0.0
ATOM,294.0,C6,DA,310.0,46.992,-25.277,17.856,0.46,1.9,0.0
ATOM,295.0,N6,DA,310.0,46.782,-24.64,16.684,-0.77,1.85,8.29
ATOM,296.0,N1,DA,310.0,46.011,-25.433,18.76,-0.74,1.85,19.09
ATOM,297.0,C2,DA,310.0,46.342,-26.029,19.898,0.5,1.9,9.41
ATOM,298.0,N3,DA,310.0,47.516,-26.515,20.33,-0.75,1.85,11.0
ATOM,299.0,C4,DA,310.0,48.438,-26.37,19.408,0.43,1.9,0.0
ATOM,300.0,H5',DA,310.0,54.492,-26.275,21.225,0.09,1.34,3.6
ATOM,301.0,H5'',DA,310.0,54.908,-28.003,21.362,0.09,1.34,11.62
ATOM,302.0,H4',DA,310.0,52.509,-27.2,22.024,0.09,1.32,10.27
ATOM,303.0,H1',DA,310.0,50.342,-26.875,21.378,0.09,1.32,5.64
ATOM,304.0,H8,DA,310.0,51.24,-26.746,17.949,0.12,1.1,2.63
ATOM,305.0,H61,DA,310.0,45.847,-24.286,16.475,0.38,0.2245,20.0
ATOM,306.0,H62,DA,310.0,47.53,-24.518,16.032,0.38,0.2245,11.17
ATOM,307.0,H2,DA,310.0,45.582,-26.187,20.665,0.13,1.1,20.22
ATOM,308.0,H3',DA,310.0,52.862,-29.375,19.79,0.09,1.32,4.01
ATOM,309.0,H2',DA,310.0,50.518,-29.84,19.979,0.09,1.34,0.0
ATOM,310.0,H2'',DA,310.0,50.355,-28.861,21.456,0.09,1.34,3.13
ATOM,311.0,P,DC,311.0,52.706,-31.622,21.44,1.5,2.15,3.66
ATOM,312.0,OP1,DC,311.0,52.934,-32.358,22.734,-0.78,1.7,38.04
ATOM,313.0,OP2,DC,311.0,53.566,-31.923,20.257,-0.78,1.7,40.3
ATOM,314.0,O5',DC,311.0,51.108,-31.74,20.947,-0.57,1.77,0.79
ATOM,315.0,C5',DC,311.0,50.19,-31.549,22.012,-0.08,2.01,8.0
ATOM,316.0,C4',DC,311.0,48.849,-31.951,21.679,0.16,2.275,4.46
ATOM,317.0,O4',DC,311.0,48.675,-31.003,20.704,-0.5,1.77,0.27
ATOM,318.0,C3',DC,311.0,48.735,-33.299,20.957,0.01,2.275,3.22
ATOM,319.0,O3',DC,311.0,47.831,-34.21,21.629,-0.57,1.77,8.11
ATOM,320.0,C2',DC,311.0,48.176,-32.86,19.602,-0.18,2.01,0.38
ATOM,321.0,C1',DC,311.0,47.615,-31.477,19.908,0.16,2.275,1.01
ATOM,322.0,N1,DC,311.0,47.616,-30.566,18.78,-0.13,1.85,0.0
ATOM,323.0,C2,DC,311.0,46.42,-29.949,18.393,0.52,1.9,0.0
ATOM,324.0,O2,DC,311.0,45.35,-30.237,18.956,-0.49,1.7,17.1
ATOM,325.0,N3,DC,311.0,46.512,-28.959,17.421,-0.66,1.85,5.26
ATOM,326.0,C4,DC,311.0,47.727,-28.62,16.907,0.65,1.9,0.0
ATOM,327.0,N4,DC,311.0,47.842,-27.653,15.998,-0.75,1.85,7.88
ATOM,328.0,C5,DC,311.0,48.944,-29.269,17.31,-0.13,1.9,7.45
ATOM,329.0,C6,DC,311.0,48.829,-30.233,18.239,0.05,1.9,3.29
ATOM,330.0,H5',DC,311.0,50.212,-30.474,22.305,0.09,1.34,3.45
ATOM,331.0,H5'',DC,311.0,50.474,-32.15,22.87,0.09,1.34,7.78
ATOM,332.0,H4',DC,311.0,48.181,-31.695,22.466,0.09,1.32,12.8
ATOM,333.0,H1',DC,311.0,46.679,-31.288,20.409,0.09,1.32,3.41
ATOM,334.0,H6,DC,311.0,49.717,-30.762,18.57,0.17,1.1,3.35
ATOM,335.0,H5,DC,311.0,49.916,-29.007,16.896,0.07,1.1,10.07
ATOM,336.0,H41,DC,311.0,46.961,-27.199,15.72,0.37,0.2245,7.95
ATOM,337.0,H42,DC,311.0,48.725,-27.399,15.623,0.33,0.2245,10.51
ATOM,338.0,H3',DC,311.0,49.723,-33.722,20.822,0.09,1.32,7.53
ATOM,339.0,H2',DC,311.0,48.709,-33.39,18.805,0.09,1.34,10.54
ATOM,340.0,H2'',DC,311.0,47.116,-33.107,19.546,0.09,1.34,0.0
ATOM,341.0,P,DG,312.0,46.943,-35.447,20.939,1.5,2.15,2.21
ATOM,342.0,OP1,DG,312.0,46.398,-36.251,22.079,-0.78,1.7,34.5
ATOM,343.0,OP2,DG,312.0,47.803,-36.069,19.904,-0.78,1.7,31.91
ATOM,344.0,O5',DG,312.0,45.676,-34.938,20.108,-0.57,1.77,0.0
ATOM,345.0,C5',DG,312.0,44.536,-34.641,20.881,-0.08,2.01,8.68
ATOM,346.0,C4',DG,312.0,43.35,-34.549,19.982,0.16,2.275,5.19
ATOM,347.0,O4',DG,312.0,43.452,-33.434,19.099,-0.5,1.77,5.82
ATOM,348.0,C3',DG,312.0,43.3,-35.769,19.095,0.01,2.275,4.67
ATOM,349.0,O3',DG,312.0,41.909,-35.989,19.032,-0.57,1.77,6.89
ATOM,350.0,C2',DG,312.0,43.942,-35.299,17.791,-0.18,2.01,2.24
ATOM,351.0,C1',DG,312.0,43.403,-33.854,17.721,0.16,2.275,2.42
ATOM,352.0,N9,DG,312.0,44.262,-33.029,16.809,-0.02,1.85,0.0
ATOM,353.0,C8,DG,312.0,45.615,-32.987,16.804,0.25,1.9,2.97
ATOM,354.0,N7,DG,312.0,46.126,-32.259,15.86,-0.6,1.85,9.74
ATOM,355.0,C5,DG,312.0,45.035,-31.769,15.178,0.0,1.9,0.0
ATOM,356.0,C6,DG,312.0,45.008,-30.936,14.035,0.54,1.9,0.13
ATOM,357.0,O6,DG,312.0,45.953,-30.61,13.318,-0.51,1.7,25.25
ATOM,358.0,N1,DG,312.0,43.712,-30.639,13.651,-0.34,1.85,6.4
ATOM,359.0,C2,DG,312.0,42.575,-31.118,14.28,0.75,1.9,1.97
ATOM,360.0,N2,DG,312.0,41.406,-30.702,13.773,-0.68,1.85,15.01
ATOM,361.0,N3,DG,312.0,42.607,-31.944,15.347,-0.74,1.85,8.54
ATOM,362.0,C4,DG,312.0,43.876,-32.221,15.747,0.26,1.9,0.03
ATOM,363.0,H5',DG,312.0,44.675,-33.689,21.399,0.09,1.34,8.55
ATOM,364.0,H5'',DG,312.0,44.368,-35.426,21.625,0.09,1.34,7.27
ATOM,365.0,H4',DG,312.0,42.445,-34.349,20.583,0.09,1.32,13.93
ATOM,366.0,H1',DG,312.0,42.38,-33.688,17.333,0.09,1.32,1.69
ATOM,367.0,H8,DG,312.0,46.183,-33.536,17.555,0.16,1.1,0.33
ATOM,368.0,H1,DG,312.0,43.579,-30.038,12.866,0.26,0.2245,11.9
ATOM,369.0,H21,DG,312.0,41.27,-30.073,12.995,0.32,0.2245,15.42
ATOM,370.0,H22,DG,312.0,40.571,-31.039,14.231,0.35,0.2245,10.92
ATOM,371.0,H3',DG,312.0,43.91,-36.571,19.528,0.09,1.32,7.9
ATOM,372.0,H2',DG,312.0,44.842,-35.857,17.594,0.09,1.34,7.43
ATOM,373.0,H2'',DG,312.0,43.23,-35.425,16.975,0.09,1.34,0.0
ATOM,374.0,P,DT,313.0,41.097,-36.639,17.817,1.5,2.15,2.21
ATOM,375.0,OP1,DT,313.0,39.747,-36.912,18.343,-0.78,1.7,34.89
ATOM,376.0,OP2,DT,313.0,41.862,-37.749,17.21,-0.78,1.7,31.45
ATOM,377.0,O5',DT,313.0,40.914,-35.491,16.706,-0.57,1.77,1.37
ATOM,378.0,C5',DT,313.0,39.859,-35.881,15.829,-0.08,2.01,6.05
ATOM,379.0,C4',DT,313.0,39.653,-34.906,14.741,0.16,2.275,1.96
ATOM,380.0,O4',DT,313.0,40.947,-34.464,14.351,-0.5,1.77,0.0
ATOM,381.0,C3',DT,313.0,39.09,-35.612,13.493,0.01,2.275,0.07
ATOM,382.0,O3',DT,313.0,37.654,-35.894,13.438,-0.57,1.77,10.62
ATOM,383.0,C2',DT,313.0,39.464,-34.581,12.43,-0.18,2.01,2.53
ATOM,384.0,C1',DT,313.0,40.725,-33.999,13.029,0.16,2.275,0.0
ATOM,385.0,N1,DT,313.0,41.939,-34.175,12.256,-0.34,1.85,0.0
ATOM,386.0,C2,DT,313.0,42.123,-33.177,11.339,0.51,1.9,0.0
ATOM,387.0,O2,DT,313.0,41.185,-32.464,11.014,-0.41,1.7,11.54
ATOM,388.0,N3,DT,313.0,43.399,-33.042,10.804,-0.46,1.85,0.0
ATOM,389.0,C4,DT,313.0,44.505,-33.83,11.114,0.5,1.9,0.0
ATOM,390.0,O4,DT,313.0,45.589,-33.601,10.576,-0.45,1.7,17.07
ATOM,391.0,C5,DT,313.0,44.221,-34.903,12.075,-0.15,1.9,0.0
ATOM,392.0,C7,DT,313.0,45.373,-35.827,12.539,-0.11,2.04,27.0
ATOM,393.0,C6,DT,313.0,42.96,-35.042,12.602,0.17,1.9,0.0
ATOM,394.0,H5',DT,313.0,38.929,-35.99,16.415,0.09,1.34,8.84
ATOM,395.0,H5'',DT,313.0,40.095,-36.834,15.361,0.09,1.34,5.01
ATOM,396.0,H4',DT,313.0,39.156,-34.016,15.126,0.09,1.32,10.63
ATOM,397.0,H1',DT,313.0,40.568,-32.917,13.065,0.09,1.32,0.0
ATOM,398.0,H6,DT,313.0,42.773,-35.869,13.258,0.17,1.1,4.02
ATOM,399.0,H71,DT,313.0,45.094,-36.848,12.316,0.07,1.34,10.81
ATOM,400.0,H72,DT,313.0,46.269,-35.55,12.0,0.07,1.34,7.58
ATOM,401.0,H73,DT,313.0,45.509,-35.692,13.603,0.07,1.34,3.05
ATOM,402.0,H3,DT,313.0,43.548,-32.251,10.079,0.36,0.2245,10.92
ATOM,403.0,H3',DT,313.0,39.635,-36.525,13.323,0.09,1.32,3.31
ATOM,404.0,H2',DT,313.0,39.048,-34.88,11.469,0.09,1.34,0.0
ATOM,405.0,H2'',DT,313.0,39.063,-33.611,12.717,0.09,1.34,7.05
ATOM,406.0,P,DG,314.0,37.135,-36.941,12.266,1.5,2.15,1.94
ATOM,407.0,OP1,DG,314.0,36.268,-37.978,12.902,-0.78,1.7,44.82
ATOM,408.0,OP2,DG,314.0,38.311,-37.359,11.457,-0.78,1.7,14.17
ATOM,409.0,O5',DG,314.0,36.326,-36.014,11.204,-0.57,1.77,12.93
ATOM,410.0,C5',DG,314.0,36.515,-36.281,9.796,-0.08,2.01,12.69
ATOM,411.0,C4',DG,314.0,37.293,-35.261,8.932,0.16,2.275,2.32
ATOM,412.0,O4',DG,314.0,38.556,-34.715,9.428,-0.5,1.77,1.56
ATOM,413.0,C3',DG,314.0,37.701,-36.084,7.699,0.01,2.275,4.26
ATOM,414.0,O3',DG,314.0,36.626,-36.196,6.75,-0.57,1.77,10.4
ATOM,415.0,C2',DG,314.0,38.934,-35.343,7.13,-0.18,2.01,0.0
ATOM,416.0,C1',DG,314.0,39.558,-34.601,8.347,0.16,2.275,1.28
ATOM,417.0,N9,DG,314.0,40.904,-35.165,8.725,-0.02,1.85,0.0
ATOM,418.0,C8,DG,314.0,41.145,-36.066,9.738,0.25,1.9,5.03
ATOM,419.0,N7,DG,314.0,42.4,-36.367,9.928,-0.6,1.85,12.67
ATOM,420.0,C5,DG,314.0,43.065,-35.621,8.958,0.0,1.9,0.0
ATOM,421.0,C6,DG,314.0,44.488,-35.524,8.684,0.54,1.9,0.06
ATOM,422.0,O6,DG,314.0,45.457,-36.056,9.257,-0.51,1.7,17.18
ATOM,423.0,N1,DG,314.0,44.75,-34.636,7.658,-0.34,1.85,0.2
ATOM,424.0,C2,DG,314.0,43.795,-33.926,6.987,0.75,1.9,0.0
ATOM,425.0,N2,DG,314.0,44.293,-33.169,6.004,-0.68,1.85,12.99
ATOM,426.0,N3,DG,314.0,42.457,-34.009,7.244,-0.74,1.85,4.73
ATOM,427.0,C4,DG,314.0,42.157,-34.877,8.229,0.26,1.9,0.0
ATOM,428.0,H5',DG,314.0,35.504,-36.43,9.322,0.09,1.34,11.57
ATOM,429.0,H5'',DG,314.0,37.097,-37.183,9.665,0.09,1.34,2.95
ATOM,430.0,H4',DG,314.0,36.643,-34.351,8.787,0.09,1.32,6.99
ATOM,431.0,H1',DG,314.0,39.758,-33.533,8.176,0.09,1.32,7.06
ATOM,432.0,H8,DG,314.0,40.307,-36.465,10.309,0.16,1.1,0.0
ATOM,433.0,H1,DG,314.0,45.703,-34.503,7.387,0.26,0.2245,7.03
ATOM,434.0,H21,DG,314.0,45.244,-33.046,5.709,0.32,0.2245,10.86
ATOM,435.0,H22,DG,314.0,43.603,-32.614,5.482,0.35,0.2245,13.06
ATOM,436.0,H3',DG,314.0,38.001,-37.088,8.014,0.09,1.32,7.76
ATOM,437.0,H2',DG,314.0,39.272,-35.871,6.225,0.09,1.34,0.17
ATOM,438.0,H2'',DG,314.0,38.664,-34.32,6.853,0.09,1.34,0.0
ATOM,439.0,P,DG,315.0,36.072,-34.931,5.886,1.5,2.15,1.94
ATOM,440.0,OP1,DG,315.0,36.354,-33.7,6.647,-0.78,1.7,18.92
ATOM,441.0,OP2,DG,315.0,34.67,-35.249,5.516,-0.78,1.7,46.42
ATOM,442.0,O5',DG,315.0,36.947,-34.741,4.525,-0.57,1.77,5.3
ATOM,443.0,C5',DG,315.0,37.927,-33.697,4.279,-0.08,2.01,14.13
ATOM,444.0,C4',DG,315.0,39.269,-34.187,3.681,0.16,2.275,1.51
ATOM,445.0,O4',DG,315.0,39.887,-35.109,4.552,-0.5,1.77,0.0
ATOM,446.0,C3',DG,315.0,39.171,-35.12,2.423,0.01,2.275,4.26
ATOM,447.0,O3',DG,315.0,39.506,-34.305,1.296,-0.57,1.77,6.65
ATOM,448.0,C2',DG,315.0,40.119,-36.33,2.714,-0.18,2.01,5.05
ATOM,449.0,C1',DG,315.0,40.901,-35.555,3.676,0.16,2.275,0.0
ATOM,450.0,N9,DG,315.0,42.051,-36.11,4.404,-0.02,1.85,0.0
ATOM,451.0,C8,DG,315.0,42.169,-36.872,5.553,0.25,1.9,3.99
ATOM,452.0,N7,DG,315.0,43.413,-37.021,5.968,-0.6,1.85,7.32
ATOM,453.0,C5,DG,315.0,44.141,-36.306,5.04,0.0,1.9,0.0
ATOM,454.0,C6,DG,315.0,45.512,-36.096,4.97,0.54,1.9,0.0
ATOM,455.0,O6,DG,315.0,46.352,-36.539,5.735,-0.51,1.7,24.41
ATOM,456.0,N1,DG,315.0,45.849,-35.304,3.879,-0.34,1.85,0.83
ATOM,457.0,C2,DG,315.0,44.942,-34.772,2.966,0.75,1.9,0.0
ATOM,458.0,N2,DG,315.0,45.385,-34.016,1.965,-0.68,1.85,13.07
ATOM,459.0,N3,DG,315.0,43.636,-34.977,3.042,-0.74,1.85,0.94
ATOM,460.0,C4,DG,315.0,43.322,-35.752,4.096,0.26,1.9,0.0
ATOM,461.0,H5',DG,315.0,38.142,-33.173,5.23,0.09,1.34,4.39
ATOM,462.0,H5'',DG,315.0,37.528,-32.988,3.561,0.09,1.34,13.8
ATOM,463.0,H4',DG,315.0,39.948,-33.328,3.619,0.09,1.32,8.93
ATOM,464.0,H1',DG,315.0,41.323,-34.687,3.136,0.09,1.32,0.01
ATOM,465.0,H8,DG,315.0,41.292,-37.28,6.025,0.16,1.1,6.98
ATOM,466.0,H1,DG,315.0,46.814,-35.095,3.731,0.26,0.2245,14.8
ATOM,467.0,H21,DG,315.0,46.369,-33.779,1.816,0.32,0.2245,18.65
ATOM,468.0,H22,DG,315.0,44.72,-33.639,1.331,0.35,0.2245,1.0
ATOM,469.0,H3',DG,315.0,38.144,-35.485,2.332,0.09,1.32,8.95
ATOM,470.0,H2',DG,315.0,39.615,-37.234,2.525,0.09,1.34,11.58
ATOM,471.0,H2'',DG,315.0,40.982,-36.178,2.097,0.09,1.34,0.0
ATOM,472.0,P,DC,316.0,40.419,-34.662,0.0,1.5,2.15,1.29
ATOM,473.0,OP1,DC,316.0,39.651,-34.161,-1.175,-0.78,1.7,33.09
ATOM,474.0,OP2,DC,316.0,40.825,-36.09,0.087,-0.78,1.7,5.49
ATOM,475.0,O5',DC,316.0,41.769,-33.745,0.152,-0.57,1.77,3.01
ATOM,476.0,C5',DC,316.0,42.567,-33.231,-0.92,-0.08,2.01,19.45
ATOM,477.0,C4',DC,316.0,43.443,-34.354,-1.411,0.16,2.275,1.25
ATOM,478.0,O4',DC,316.0,43.824,-35.142,-0.277,-0.5,1.77,0.0
ATOM,479.0,C3',DC,316.0,42.617,-35.324,-2.243,0.01,2.275,3.92
ATOM,480.0,O3',DC,316.0,42.929,-35.161,-3.627,-0.57,1.77,9.32
ATOM,481.0,C2',DC,316.0,42.833,-36.717,-1.678,-0.18,2.01,1.92
ATOM,482.0,C1',DC,316.0,43.986,-36.496,-0.709,0.16,2.275,0.0
ATOM,483.0,N1,DC,316.0,44.001,-37.45,0.442,-0.13,1.85,0.0
ATOM,484.0,C2,DC,316.0,45.224,-37.717,1.017,0.52,1.9,0.0
ATOM,485.0,O2,DC,316.0,46.241,-37.19,0.606,-0.49,1.7,8.98
ATOM,486.0,N3,DC,316.0,45.299,-38.562,2.062,-0.66,1.85,5.27
ATOM,487.0,C4,DC,316.0,44.203,-39.134,2.56,0.65,1.9,0.0
ATOM,488.0,N4,DC,316.0,44.328,-39.914,3.626,-0.75,1.85,8.46
ATOM,489.0,C5,DC,316.0,42.903,-38.888,1.985,-0.13,1.9,0.95
ATOM,490.0,C6,DC,316.0,42.854,-38.043,0.924,0.05,1.9,1.15
ATOM,491.0,H5',DC,316.0,43.186,-32.419,-0.559,0.09,1.34,11.48
ATOM,492.0,H5'',DC,316.0,41.916,-32.866,-1.718,0.09,1.34,8.89
ATOM,493.0,H4',DC,316.0,44.376,-33.944,-1.797,0.09,1.32,8.23
ATOM,494.0,H1',DC,316.0,44.986,-36.615,-1.156,0.09,1.32,0.0
ATOM,495.0,H6,DC,316.0,41.91,-37.833,0.454,0.17,1.1,2.43
ATOM,496.0,H5,DC,316.0,41.994,-39.346,2.367,0.07,1.1,10.78
ATOM,497.0,H41,DC,316.0,45.251,-40.056,3.991,0.37,0.2245,15.79
ATOM,498.0,H42,DC,316.0,43.51,-40.338,4.038,0.33,0.2245,14.8
ATOM,499.0,H3',DC,316.0,41.542,-35.056,-2.158,0.09,1.32,0.59
ATOM,500.0,H2',DC,316.0,41.904,-37.292,-1.754,0.09,1.34,8.68
ATOM,501.0,H2'',DC,316.0,43.614,-37.228,-2.244,0.09,1.34,0.0
ATOM,502.0,P,DC,317.0,44.112,-35.773,-4.513,1.5,2.15,1.62
ATOM,503.0,OP1,DC,317.0,44.236,-34.868,-5.685,-0.78,1.7,44.84
ATOM,504.0,OP2,DC,317.0,43.828,-37.207,-4.748,-0.78,1.7,23.11
ATOM,505.0,O5',DC,317.0,45.48,-35.71,-3.636,-0.57,1.77,6.3
ATOM,506.0,C5',DC,317.0,46.07,-36.872,-3.002,-0.08,2.01,1.38
ATOM,507.0,C4',DC,317.0,47.606,-37.17,-3.193,0.16,2.275,8.38
ATOM,508.0,O4',DC,317.0,48.003,-38.013,-2.095,-0.5,1.77,8.55
ATOM,509.0,C3',DC,317.0,47.864,-38.133,-4.382,0.01,2.275,5.74
ATOM,510.0,O3',DC,317.0,49.19,-38.718,-4.425,-0.57,1.77,5.31
ATOM,511.0,C2',DC,317.0,46.937,-39.21,-3.861,-0.18,2.01,1.95
ATOM,512.0,C1',DC,317.0,47.536,-39.337,-2.449,0.16,2.275,0.06
ATOM,513.0,N1,DC,317.0,46.548,-40.045,-1.577,-0.13,1.85,0.0
ATOM,514.0,C2,DC,317.0,47.037,-40.867,-0.564,0.52,1.9,0.0
ATOM,515.0,O2,DC,317.0,48.248,-40.932,-0.315,-0.49,1.7,20.15
ATOM,516.0,N3,DC,317.0,46.152,-41.646,0.119,-0.66,1.85,6.9
ATOM,517.0,C4,DC,317.0,44.857,-41.638,-0.148,0.65,1.9,0.0
ATOM,518.0,N4,DC,317.0,44.017,-42.363,0.617,-0.75,1.85,8.75
ATOM,519.0,C5,DC,317.0,44.351,-40.808,-1.195,-0.13,1.9,0.35
ATOM,520.0,C6,DC,317.0,45.23,-40.036,-1.87,0.05,1.9,0.06
ATOM,521.0,H5',DC,317.0,45.512,-37.79,-3.337,0.09,1.34,0.0
ATOM,522.0,H5'',DC,317.0,45.987,-36.787,-1.926,0.09,1.34,0.0
ATOM,523.0,H4',DC,317.0,48.143,-36.244,-3.064,0.09,1.32,14.33
ATOM,524.0,H1',DC,317.0,48.426,-40.034,-2.448,0.09,1.32,0.0
ATOM,525.0,H6,DC,317.0,44.859,-39.396,-2.666,0.17,1.1,0.44
ATOM,526.0,H5,DC,317.0,43.286,-40.781,-1.462,0.07,1.1,11.95
ATOM,527.0,H41,DC,317.0,44.42,-42.925,1.333,0.37,0.2245,14.55
ATOM,528.0,H42,DC,317.0,43.027,-42.313,0.442,0.33,0.2245,14.91
ATOM,529.0,H3',DC,317.0,47.469,-37.702,-5.266,0.09,1.32,8.2
ATOM,530.0,H2',DC,317.0,45.998,-39.193,-4.363,0.09,1.34,1.96
ATOM,531.0,H2'',DC,317.0,47.428,-40.176,-3.969,0.09,1.34,0.0
ATOM,532.0,P,DT,318.0,49.537,-39.933,-5.496,1.5,2.15,1.38
ATOM,533.0,OP1,DT,318.0,49.655,-39.325,-6.844,-0.78,1.7,41.54
ATOM,534.0,OP2,DT,318.0,48.616,-41.07,-5.276,-0.78,1.7,6.45
ATOM,535.0,O5',DT,318.0,50.976,-40.519,-5.128,-0.57,1.77,6.44
ATOM,536.0,C5',DT,318.0,51.254,-40.733,-3.743,-0.08,2.01,10.26
ATOM,537.0,C4',DT,318.0,51.86,-42.072,-3.501,0.16,2.275,5.28
ATOM,538.0,O4',DT,318.0,51.034,-42.749,-2.565,-0.5,1.77,7.16
ATOM,539.0,C3',DT,318.0,51.802,-42.898,-4.772,0.01,2.275,0.46
ATOM,540.0,O3',DT,318.0,52.628,-44.081,-4.636,-0.57,1.77,0.0
ATOM,541.0,C2',DT,318.0,50.311,-43.216,-4.698,-0.18,2.01,6.21
ATOM,542.0,C1',DT,318.0,50.237,-43.688,-3.261,0.16,2.275,0.34
ATOM,543.0,N1,DT,318.0,48.831,-43.715,-2.825,-0.34,1.85,0.0
ATOM,544.0,C2,DT,318.0,48.49,-44.478,-1.667,0.51,1.9,0.0
ATOM,545.0,O2,DT,318.0,49.313,-45.05,-0.942,-0.41,1.7,19.09
ATOM,546.0,N3,DT,318.0,47.123,-44.574,-1.378,-0.46,1.85,0.52
ATOM,547.0,C4,DT,318.0,46.114,-43.988,-2.12,0.5,1.9,0.0
ATOM,548.0,O4,DT,318.0,44.956,-44.179,-1.804,-0.45,1.7,11.25
ATOM,549.0,C5,DT,318.0,46.539,-43.216,-3.281,-0.15,1.9,0.0
ATOM,550.0,C7,DT,318.0,45.446,-42.573,-4.183,-0.11,2.04,23.49
ATOM,551.0,C6,DT,318.0,47.865,-43.105,-3.595,0.17,1.9,0.96
ATOM,552.0,H5',DT,318.0,50.317,-40.643,-3.17,0.09,1.34,0.0
ATOM,553.0,H5'',DT,318.0,51.962,-39.987,-3.386,0.09,1.34,14.28
ATOM,554.0,H4',DT,318.0,52.822,-41.955,-2.999,0.09,1.32,12.95
ATOM,555.0,H1',DT,318.0,50.611,-44.707,-3.031,0.09,1.32,0.0
ATOM,556.0,H6,DT,318.0,48.134,-42.566,-4.483,0.17,1.1,0.0
ATOM,557.0,H71,DT,318.0,45.536,-43.011,-5.168,0.07,1.34,13.91
ATOM,558.0,H72,DT,318.0,44.482,-42.793,-3.751,0.07,1.34,6.19
ATOM,559.0,H73,DT,318.0,45.622,-41.509,-4.217,0.07,1.34,0.0
ATOM,560.0,H3,DT,318.0,46.845,-45.148,-0.512,0.36,0.2245,9.74
ATOM,561.0,H3',DT,318.0,51.994,-42.277,-5.62,0.09,1.32,4.28
ATOM,562.0,H2',DT,318.0,49.769,-42.626,-5.42,0.09,1.34,1.35
ATOM,563.0,H2'',DT,318.0,50.17,-44.276,-4.889,0.09,1.34,0.0
ATOM,564.0,P,DA,319.0,53.677,-44.525,-5.805,1.5,2.15,1.65
ATOM,565.0,OP1,DA,319.0,54.614,-43.388,-5.968,-0.78,1.7,35.82
ATOM,566.0,OP2,DA,319.0,52.883,-44.991,-6.973,-0.78,1.7,33.88
ATOM,567.0,O5',DA,319.0,54.546,-45.812,-5.296,-0.57,1.77,9.13
ATOM,568.0,C5',DA,319.0,54.713,-46.19,-3.913,-0.08,2.01,17.06
ATOM,569.0,C4',DA,319.0,53.721,-47.3,-3.391,0.16,2.275,2.65
ATOM,570.0,O4',DA,319.0,52.363,-46.881,-3.458,-0.5,1.77,0.26
ATOM,571.0,C3',DA,319.0,53.662,-48.606,-4.214,0.01,2.275,3.04
ATOM,572.0,O3',DA,319.0,54.756,-49.487,-3.857,-0.57,1.77,7.03
ATOM,573.0,C2',DA,319.0,52.254,-49.147,-3.874,-0.18,2.01,1.89
ATOM,574.0,C1',DA,319.0,51.686,-48.032,-3.046,0.16,2.275,0.38
ATOM,575.0,N9,DA,319.0,50.29,-47.753,-3.274,-0.05,1.85,0.0
ATOM,576.0,C8,DA,319.0,49.648,-47.031,-4.252,0.34,1.9,5.34
ATOM,577.0,N7,DA,319.0,48.351,-46.899,-4.09,-0.71,1.85,10.1
ATOM,578.0,C5,DA,319.0,48.141,-47.602,-2.902,0.28,1.9,0.0
ATOM,579.0,C6,DA,319.0,46.979,-47.901,-2.167,0.46,1.9,0.0
ATOM,580.0,N6,DA,319.0,45.757,-47.495,-2.537,-0.77,1.85,7.22
ATOM,581.0,N1,DA,319.0,47.158,-48.656,-1.059,-0.74,1.85,14.3
ATOM,582.0,C2,DA,319.0,48.375,-49.078,-0.706,0.5,1.9,9.81
ATOM,583.0,N3,DA,319.0,49.528,-48.869,-1.307,-0.75,1.85,6.37
ATOM,584.0,C4,DA,319.0,49.325,-48.115,-2.414,0.43,1.9,0.0
ATOM,585.0,H5',DA,319.0,54.585,-45.301,-3.267,0.09,1.34,8.08
ATOM,586.0,H5'',DA,319.0,55.71,-46.598,-3.762,0.09,1.34,12.51
ATOM,587.0,H4',DA,319.0,53.936,-47.461,-2.325,0.09,1.32,10.58
ATOM,588.0,H1',DA,319.0,51.775,-48.13,-1.97,0.09,1.32,4.74
ATOM,589.0,H8,DA,319.0,50.211,-46.662,-5.103,0.12,1.1,4.61
ATOM,590.0,H61,DA,319.0,44.955,-47.739,-1.97,0.38,0.2245,18.55
ATOM,591.0,H62,DA,319.0,45.637,-46.949,-3.376,0.38,0.2245,8.78
ATOM,592.0,H2,DA,319.0,48.501,-49.675,0.181,0.13,1.1,14.5
ATOM,593.0,H3',DA,319.0,53.709,-48.368,-5.271,0.09,1.32,7.77
ATOM,594.0,H2',DA,319.0,51.963,-49.867,-4.648,0.09,1.34,3.6
ATOM,595.0,H2'',DA,319.0,52.291,-49.65,-2.913,0.09,1.34,0.0
ATOM,596.0,P,DC,320.0,54.711,-51.1,-3.612,1.5,2.15,2.49
ATOM,597.0,OP1,DC,320.0,56.13,-51.518,-3.469,-0.78,1.7,36.26
ATOM,598.0,OP2,DC,320.0,53.855,-51.774,-4.631,-0.78,1.7,21.85
ATOM,599.0,O5',DC,320.0,53.964,-51.138,-2.123,-0.57,1.77,0.01
ATOM,600.0,C5',DC,320.0,54.24,-51.982,-0.953,-0.08,2.01,15.91
ATOM,601.0,C4',DC,320.0,53.401,-53.295,-0.859,0.16,2.275,3.5
ATOM,602.0,O4',DC,320.0,52.015,-53.065,-0.502,-0.5,1.77,8.93
ATOM,603.0,C3',DC,320.0,53.376,-53.914,-2.278,0.01,2.275,2.42
ATOM,604.0,O3',DC,320.0,52.844,-55.216,-2.483,-0.57,1.77,0.12
ATOM,605.0,C2',DC,320.0,52.237,-53.12,-2.808,-0.18,2.01,0.29
ATOM,606.0,C1',DC,320.0,51.206,-53.278,-1.674,0.16,2.275,0.0
ATOM,607.0,N1,DC,320.0,50.021,-52.433,-2.111,-0.13,1.85,0.0
ATOM,608.0,C2,DC,320.0,48.764,-52.623,-1.545,0.52,1.9,0.0
ATOM,609.0,O2,DC,320.0,48.617,-53.291,-0.514,-0.49,1.7,19.49
ATOM,610.0,N3,DC,320.0,47.696,-52.071,-2.207,-0.66,1.85,5.05
ATOM,611.0,C4,DC,320.0,47.828,-51.37,-3.35,0.65,1.9,0.0
ATOM,612.0,N4,DC,320.0,46.763,-50.853,-3.952,-0.75,1.85,5.12
ATOM,613.0,C5,DC,320.0,49.09,-51.145,-3.93,-0.13,1.9,0.39
ATOM,614.0,C6,DC,320.0,50.131,-51.686,-3.275,0.05,1.9,0.47
ATOM,615.0,H5',DC,320.0,54.058,-51.39,-0.037,0.09,1.34,15.42
ATOM,616.0,H5'',DC,320.0,55.274,-52.3,-0.981,0.09,1.34,9.29
ATOM,617.0,H4',DC,320.0,53.81,-53.908,-0.038,0.09,1.32,6.99
ATOM,618.0,H1',DC,320.0,50.732,-54.327,-1.589,0.09,1.32,0.0
ATOM,619.0,H6,DC,320.0,51.143,-51.532,-3.681,0.17,1.1,0.0
ATOM,620.0,H5,DC,320.0,49.246,-50.577,-4.844,0.07,1.1,6.07
ATOM,621.0,H41,DC,320.0,45.852,-51.029,-3.513,0.37,0.2245,12.75
ATOM,622.0,H42,DC,320.0,46.857,-50.32,-4.793,0.33,0.2245,10.1
ATOM,623.0,H3',DC,320.0,54.29,-53.658,-2.78,0.09,1.32,1.69
ATOM,624.0,H2',DC,320.0,52.579,-52.359,-3.505,0.09,1.34,0.0
ATOM,625.0,H2'',DC,320.0,51.521,-53.777,-3.316,0.09,1.34,0.0
ATOM,626.0,P,DA,321.0,53.496,-56.656,-2.227,1.5,2.15,2.27
ATOM,627.0,OP1,DA,321.0,54.867,-56.815,-2.851,-0.78,1.7,42.46
ATOM,628.0,OP2,DA,321.0,52.391,-57.591,-2.559,-0.78,1.7,14.25
ATOM,629.0,O5',DA,321.0,53.645,-56.552,-0.607,-0.57,1.77,4.86
ATOM,630.0,C5',DA,321.0,52.902,-57.304,0.37,-0.08,2.01,17.52
ATOM,631.0,C4',DA,321.0,51.447,-56.958,0.398,0.16,2.275,1.0
ATOM,632.0,O4',DA,321.0,51.067,-56.118,-0.711,-0.5,1.77,0.0
ATOM,633.0,C3',DA,321.0,50.736,-58.29,0.217,0.14,2.275,3.65
ATOM,634.0,O3',DA,321.0,49.916,-58.61,1.366,-0.66,1.77,25.01
ATOM,635.0,C2',DA,321.0,49.942,-58.124,-1.121,-0.18,2.01,12.3
ATOM,636.0,C1',DA,321.0,49.84,-56.609,-1.271,0.16,2.275,0.0
ATOM,637.0,N9,DA,321.0,49.653,-56.037,-2.639,-0.05,1.85,0.69
ATOM,638.0,C8,DA,321.0,50.584,-55.735,-3.605,0.34,1.9,8.18
ATOM,639.0,N7,DA,321.0,50.136,-54.999,-4.59,-0.71,1.85,16.07
ATOM,640.0,C5,DA,321.0,48.802,-54.805,-4.27,0.28,1.9,2.26
ATOM,641.0,C6,DA,321.0,47.769,-54.124,-4.921,0.46,1.9,2.14
ATOM,642.0,N6,DA,321.0,47.922,-53.465,-6.078,-0.77,1.85,16.62
ATOM,643.0,N1,DA,321.0,46.565,-54.169,-4.34,-0.74,1.85,14.16
ATOM,644.0,C2,DA,321.0,46.4,-54.835,-3.205,0.5,1.9,13.3
ATOM,645.0,N3,DA,321.0,47.289,-55.504,-2.49,-0.75,1.85,13.61
ATOM,646.0,C4,DA,321.0,48.494,-55.444,-3.097,0.43,1.9,2.03
ATOM,647.0,H5',DA,321.0,53.343,-57.122,1.368,0.09,1.34,15.35
ATOM,648.0,H5'',DA,321.0,52.961,-58.364,0.142,0.09,1.34,6.43
ATOM,649.0,H4',DA,321.0,51.227,-56.346,1.293,0.09,1.32,13.41
ATOM,650.0,H1',DA,321.0,49.006,-56.2,-0.701,0.09,1.32,3.86
ATOM,651.0,H8,DA,321.0,51.584,-56.145,-3.532,0.12,1.1,0.63
ATOM,652.0,H61,DA,321.0,47.138,-52.992,-6.5,0.38,0.2245,15.49
ATOM,653.0,H62,DA,321.0,48.827,-53.443,-6.529,0.38,0.2245,14.11
ATOM,654.0,H2,DA,321.0,45.425,-54.88,-2.74,0.13,1.1,20.4
ATOM,655.0,H3',DA,321.0,51.467,-59.092,0.088,0.09,1.32,8.11
ATOM,656.0,H2',DA,321.0,50.101,-59.023,-1.725,0.09,1.34,13.23
ATOM,657.0,H2'',DA,321.0,48.884,-58.023,-0.896,0.09,1.34,6.46
ATOM,658.0,H3T,DA,321.0,49.447,-59.479,1.258,0.43,0.2245,23.34
