atom,serial,name,resname,resid,x,y,z,charges,radius,sasa
ATOM,1.0,N,GLU,66.0,9.373,32.536,107.648,-0.3,1.85,6.35
ATOM,2.0,CA,GLU,66.0,10.407,31.5,107.91,0.21,2.275,2.77
ATOM,3.0,C,GLU,66.0,11.404,31.426,106.772,0.51,2.0,0.0
ATOM,4.0,O,GLU,66.0,11.024,31.351,105.606,-0.51,1.7,0.0
ATOM,5.0,CB,GLU,66.0,9.763,30.118,108.077,-0.18,2.175,2.9
ATOM,6.0,CG,GLU,66.0,8.776,30.003,109.227,-0.28,2.175,19.9
ATOM,7.0,CD,GLU,66.0,7.71,31.066,109.192,0.62,2.0,3.13
ATOM,8.0,OE1,GLU,66.0,6.936,31.116,108.218,-0.76,1.7,20.51
ATOM,9.0,OE2,GLU,66.0,7.647,31.861,110.143,-0.76,1.7,39.48
ATOM,10.0,H,GLU,66.0,8.571,32.105,107.24,0.33,0.2245,0.0
ATOM,11.0,HA,GLU,66.0,10.879,31.724,108.769,0.1,1.32,7.59
ATOM,12.0,HB2,GLU,66.0,9.275,29.914,107.242,0.09,1.32,0.0
ATOM,13.0,HB3,GLU,66.0,10.489,29.468,108.239,0.09,1.32,6.17
ATOM,14.0,HG2,GLU,66.0,8.332,29.127,109.162,0.09,1.32,4.41
ATOM,15.0,HG3,GLU,66.0,9.274,30.103,110.07,0.09,1.32,9.16
ATOM,16.0,H2,GLU,66.0,9.119,32.972,108.508,0.33,0.2245,9.1
ATOM,17.0,H3,GLU,66.0,9.743,33.219,107.022,0.33,0.2245,4.38
ATOM,18.0,N,ARG,67.0,12.686,31.457,107.117,-0.47,1.85,1.9
ATOM,19.0,CA,ARG,67.0,13.743,31.354,106.117,0.07,2.275,0.0
ATOM,20.0,C,ARG,67.0,13.989,29.864,105.96,0.51,2.0,0.0
ATOM,21.0,O,ARG,67.0,14.095,29.148,106.953,-0.51,1.7,19.25
ATOM,22.0,CB,ARG,67.0,15.035,32.029,106.596,-0.18,2.175,10.29
ATOM,23.0,CG,ARG,67.0,16.107,32.132,105.53,-0.18,2.175,2.29
ATOM,24.0,CD,ARG,67.0,15.657,33.05,104.412,0.2,2.175,2.94
ATOM,25.0,NE,ARG,67.0,15.446,34.408,104.903,-0.7,1.85,2.29
ATOM,26.0,CZ,ARG,67.0,16.425,35.224,105.28,0.64,2.0,2.08
ATOM,27.0,NH1,ARG,67.0,17.686,34.822,105.199,-0.8,1.85,13.35
ATOM,28.0,NH2,ARG,67.0,16.149,36.442,105.729,-0.8,1.85,28.11
ATOM,29.0,H,ARG,67.0,12.865,31.558,108.132,0.31,0.2245,10.36
ATOM,30.0,HA,ARG,67.0,13.417,31.718,105.262,0.09,1.32,0.0
ATOM,31.0,HB2,ARG,67.0,14.807,32.949,106.901,0.09,1.32,4.9
ATOM,32.0,HB3,ARG,67.0,15.399,31.496,107.354,0.09,1.32,7.96
ATOM,33.0,HG2,ARG,67.0,16.937,32.507,105.927,0.09,1.32,2.35
ATOM,34.0,HG3,ARG,67.0,16.28,31.233,105.144,0.09,1.32,0.0
ATOM,35.0,HD2,ARG,67.0,16.362,33.059,103.713,0.09,1.32,0.29
ATOM,36.0,HD3,ARG,67.0,14.804,32.697,104.044,0.09,1.32,0.0
ATOM,37.0,HE,ARG,67.0,14.501,34.748,104.96,0.44,0.2245,0.9
ATOM,38.0,HH11,ARG,67.0,17.924,33.925,104.842,0.46,0.2245,0.0
ATOM,39.0,HH12,ARG,67.0,18.424,35.44,105.506,0.46,0.2245,17.18
ATOM,40.0,HH21,ARG,67.0,15.193,36.748,105.762,0.46,0.2245,9.64
ATOM,41.0,HH22,ARG,67.0,16.88,37.047,106.029,0.46,0.2245,18.38
ATOM,42.0,N,VAL,68.0,14.057,29.38,104.731,-0.47,1.85,0.0
ATOM,43.0,CA,VAL,68.0,14.307,27.966,104.526,0.07,2.275,0.0
ATOM,44.0,C,VAL,68.0,15.727,27.809,103.99,0.51,2.0,0.0
ATOM,45.0,O,VAL,68.0,16.142,28.554,103.114,-0.51,1.7,0.0
ATOM,46.0,CB,VAL,68.0,13.308,27.358,103.506,-0.09,2.275,0.0
ATOM,47.0,CG1,VAL,68.0,13.685,25.921,103.198,-0.27,2.06,0.09
ATOM,48.0,CG2,VAL,68.0,11.888,27.405,104.067,-0.27,2.06,4.34
ATOM,49.0,H,VAL,68.0,13.923,30.062,103.974,0.31,0.2245,0.0
ATOM,50.0,HA,VAL,68.0,14.26,27.504,105.408,0.09,1.32,2.39
ATOM,51.0,HB,VAL,68.0,13.395,27.874,102.662,0.09,1.32,0.0
ATOM,52.0,HG11,VAL,68.0,14.177,25.528,103.976,0.09,1.32,0.0
ATOM,53.0,HG12,VAL,68.0,12.857,25.386,103.026,0.09,1.32,0.0
ATOM,54.0,HG13,VAL,68.0,14.271,25.893,102.387,0.09,1.32,0.0
ATOM,55.0,HG21,VAL,68.0,11.265,27.723,103.354,0.09,1.32,0.0
ATOM,56.0,HG22,VAL,68.0,11.623,26.489,104.364,0.09,1.32,0.74
ATOM,57.0,HG23,VAL,68.0,11.863,28.033,104.843,0.09,1.32,0.0
ATOM,58.0,N,VAL,69.0,16.493,26.883,104.552,-0.47,1.85,0.0
ATOM,59.0,CA,VAL,69.0,17.84,26.655,104.045,0.07,2.275,0.0
ATOM,60.0,C,VAL,69.0,17.84,25.316,103.315,0.51,2.0,0.0
ATOM,61.0,O,VAL,69.0,17.512,24.275,103.887,-0.51,1.7,0.0
ATOM,62.0,CB,VAL,69.0,18.915,26.651,105.17,-0.09,2.275,0.18
ATOM,63.0,CG1,VAL,69.0,20.26,26.214,104.593,-0.27,2.06,0.29
ATOM,64.0,CG2,VAL,69.0,19.074,28.056,105.76,-0.27,2.06,19.08
ATOM,65.0,H,VAL,69.0,16.074,26.369,105.334,0.31,0.2245,3.28
ATOM,66.0,HA,VAL,69.0,18.052,27.367,103.383,0.09,1.32,0.0
ATOM,67.0,HB,VAL,69.0,18.646,25.968,105.834,0.09,1.32,0.0
ATOM,68.0,HG11,VAL,69.0,20.579,26.899,103.94,0.09,1.32,0.0
ATOM,69.0,HG12,VAL,69.0,20.924,26.123,105.334,0.09,1.32,1.45
ATOM,70.0,HG13,VAL,69.0,20.152,25.335,104.13,0.09,1.32,0.0
ATOM,71.0,HG21,VAL,69.0,19.925,28.455,105.424,0.09,1.32,1.83
ATOM,72.0,HG22,VAL,69.0,18.299,28.617,105.476,0.09,1.32,0.0
ATOM,73.0,HG23,VAL,69.0,19.1,27.989,106.756,0.09,1.32,10.08
ATOM,74.0,N,ILE,70.0,18.164,25.363,102.03,-0.47,1.85,0.0
ATOM,75.0,CA,ILE,70.0,18.213,24.177,101.196,0.07,2.275,0.0
ATOM,76.0,C,ILE,70.0,19.671,23.936,100.857,0.51,2.0,0.0
ATOM,77.0,O,ILE,70.0,20.322,24.717,100.157,-0.51,1.7,0.0
ATOM,78.0,CB,ILE,70.0,17.37,24.364,99.916,-0.09,2.275,0.0
ATOM,79.0,CG1,ILE,70.0,15.901,24.568,100.305,-0.18,2.175,0.1
ATOM,80.0,CG2,ILE,70.0,17.493,23.135,99.018,-0.27,2.06,0.0
ATOM,81.0,CD1,ILE,70.0,15.011,25.009,99.165,-0.27,2.06,0.0
ATOM,82.0,H,ILE,70.0,18.379,26.323,101.674,0.31,0.2245,0.0
ATOM,83.0,HA,ILE,70.0,17.923,23.418,101.766,0.09,1.32,0.0
ATOM,84.0,HB,ILE,70.0,17.684,25.183,99.461,0.09,1.32,0.0
ATOM,85.0,HG12,ILE,70.0,15.552,23.707,100.677,0.09,1.32,0.0
ATOM,86.0,HG13,ILE,70.0,15.865,25.26,101.028,0.09,1.32,0.0
ATOM,87.0,HG21,ILE,70.0,16.946,23.271,98.195,0.09,1.32,0.0
ATOM,88.0,HG22,ILE,70.0,18.449,23.004,98.766,0.09,1.32,0.0
ATOM,89.0,HG23,ILE,70.0,17.164,22.332,99.51,0.09,1.32,0.0
ATOM,90.0,HD11,ILE,70.0,15.03,24.318,98.443,0.09,1.32,0.0
ATOM,91.0,HD12,ILE,70.0,14.075,25.119,99.498,0.09,1.32,0.0
ATOM,92.0,HD13,ILE,70.0,15.342,25.88,98.803,0.09,1.32,0.02
ATOM,93.0,N,ASN,71.0,20.177,22.832,101.383,-0.47,1.85,0.0
ATOM,94.0,CA,ASN,71.0,21.567,22.462,101.212,0.07,2.275,0.0
ATOM,95.0,C,ASN,71.0,21.806,21.411,100.147,0.51,2.0,0.0
ATOM,96.0,O,ASN,71.0,21.551,20.215,100.351,-0.51,1.7,0.0
ATOM,97.0,CB,ASN,71.0,22.109,21.991,102.559,-0.18,2.175,0.0
ATOM,98.0,CG,ASN,71.0,23.543,21.554,102.485,0.55,2.0,0.0
ATOM,99.0,H,ASN,71.0,19.493,22.258,101.926,0.31,0.2245,0.0
ATOM,100.0,HA,ASN,71.0,22.067,23.302,100.917,0.09,1.32,0.0
ATOM,101.0,HB2,ASN,71.0,22.033,22.746,103.207,0.09,1.32,0.0
ATOM,102.0,HB3,ASN,71.0,21.551,21.223,102.868,0.09,1.32,0.0
ATOM,103.0,OD1,ASN,71.0,24.224,21.813,101.501,-0.55,1.7,0.0
ATOM,104.0,ND2,ASN,71.0,24.018,20.899,103.531,-0.62,1.85,1.67
ATOM,105.0,HD22,ASN,71.0,23.425,20.712,104.318,0.3,0.2245,0.22
ATOM,106.0,HD21,ASN,71.0,24.969,20.587,103.542,0.32,0.2245,6.57
ATOM,107.0,N,VAL,72.0,22.311,21.857,99.005,-0.47,1.85,0.0
ATOM,108.0,CA,VAL,72.0,22.584,20.965,97.899,0.07,2.275,0.0
ATOM,109.0,C,VAL,72.0,24.069,20.67,97.778,0.51,2.0,0.0
ATOM,110.0,O,VAL,72.0,24.824,21.485,97.249,-0.51,1.7,0.0
ATOM,111.0,CB,VAL,72.0,22.097,21.559,96.564,-0.09,2.275,0.0
ATOM,112.0,CG1,VAL,72.0,22.239,20.543,95.453,-0.27,2.06,0.0
ATOM,113.0,CG2,VAL,72.0,20.666,22.024,96.701,-0.27,2.06,0.0
ATOM,114.0,H,VAL,72.0,22.488,22.881,98.978,0.31,0.2245,0.0
ATOM,115.0,HA,VAL,72.0,22.107,20.091,98.071,0.09,1.32,0.0
ATOM,116.0,HB,VAL,72.0,22.692,22.325,96.342,0.09,1.32,0.0
ATOM,117.0,HG11,VAL,72.0,22.84,19.798,95.749,0.09,1.32,0.0
ATOM,118.0,HG12,VAL,72.0,21.34,20.167,95.22,0.09,1.32,0.0
ATOM,119.0,HG13,VAL,72.0,22.633,20.98,94.642,0.09,1.32,0.0
ATOM,120.0,HG21,VAL,72.0,20.32,21.782,97.609,0.09,1.32,0.0
ATOM,121.0,HG22,VAL,72.0,20.623,23.018,96.583,0.09,1.32,0.0
ATOM,122.0,HG23,VAL,72.0,20.101,21.582,96.002,0.09,1.32,0.0
ATOM,123.0,N,SER,73.0,24.48,19.506,98.275,-0.47,1.85,0.0
ATOM,124.0,CA,SER,73.0,25.868,19.085,98.201,0.07,2.275,2.39
ATOM,125.0,C,SER,73.0,26.845,20.096,98.777,0.51,2.0,1.91
ATOM,126.0,O,SER,73.0,27.986,20.187,98.333,-0.51,1.7,13.93
ATOM,127.0,CB,SER,73.0,26.238,18.8,96.745,0.05,2.175,7.49
ATOM,128.0,OG,SER,73.0,25.447,17.75,96.226,-0.66,1.77,5.21
ATOM,129.0,H,SER,73.0,23.728,18.934,98.714,0.31,0.2245,0.0
ATOM,130.0,HA,SER,73.0,25.963,18.223,98.735,0.09,1.32,2.65
ATOM,131.0,HB2,SER,73.0,26.082,19.622,96.208,0.09,1.32,0.0
ATOM,132.0,HB3,SER,73.0,27.196,18.537,96.704,0.09,1.32,7.31
ATOM,133.0,HG,SER,73.0,25.042,18.033,95.357,0.43,0.2245,0.0
ATOM,134.0,N,GLY,74.0,26.396,20.849,99.77,-0.47,1.85,0.56
ATOM,135.0,CA,GLY,74.0,27.264,21.829,100.395,-0.02,2.175,13.55
ATOM,136.0,C,GLY,74.0,26.977,23.284,100.063,0.51,2.0,0.0
ATOM,137.0,O,GLY,74.0,27.408,24.173,100.793,-0.51,1.7,15.73
ATOM,138.0,H,GLY,74.0,25.417,20.682,100.046,0.31,0.2245,0.0
ATOM,139.0,HA2,GLY,74.0,27.223,21.709,101.417,0.09,1.32,2.12
ATOM,140.0,HA3,GLY,74.0,28.241,21.619,100.145,0.09,1.32,5.89
ATOM,141.0,N,LEU,75.0,26.274,23.522,98.959,-0.47,1.85,0.0
ATOM,142.0,CA,LEU,75.0,25.931,24.879,98.554,0.07,2.275,0.0
ATOM,143.0,C,LEU,75.0,24.577,25.179,99.187,0.51,2.0,0.0
ATOM,144.0,O,LEU,75.0,23.593,24.508,98.893,-0.51,1.7,0.0
ATOM,145.0,CB,LEU,75.0,25.83,24.963,97.02,-0.18,2.175,0.0
ATOM,146.0,CG,LEU,75.0,25.705,26.322,96.324,-0.09,2.275,0.92
ATOM,147.0,CD1,LEU,75.0,26.797,27.263,96.8,-0.27,2.06,30.86
ATOM,148.0,CD2,LEU,75.0,25.814,26.12,94.819,-0.27,2.06,13.39
ATOM,149.0,H,LEU,75.0,25.999,22.676,98.426,0.31,0.2245,0.0
ATOM,150.0,HA,LEU,75.0,26.598,25.505,98.927,0.09,1.32,1.3
ATOM,151.0,HB2,LEU,75.0,26.654,24.51,96.64,0.09,1.32,0.0
ATOM,152.0,HB3,LEU,75.0,25.027,24.412,96.741,0.09,1.32,0.0
ATOM,153.0,HG,LEU,75.0,24.811,26.713,96.537,0.09,1.32,0.16
ATOM,154.0,HD11,LEU,75.0,27.694,26.872,96.589,0.09,1.32,0.75
ATOM,155.0,HD12,LEU,75.0,26.704,28.146,96.338,0.09,1.32,10.53
ATOM,156.0,HD13,LEU,75.0,26.718,27.396,97.789,0.09,1.32,2.72
ATOM,157.0,HD21,LEU,75.0,25.081,25.514,94.509,0.09,1.32,0.0
ATOM,158.0,HD22,LEU,75.0,25.733,27.004,94.356,0.09,1.32,9.2
ATOM,159.0,HD23,LEU,75.0,26.7,25.709,94.6,0.09,1.32,0.14
ATOM,160.0,N,ARG,76.0,24.526,26.165,100.068,-0.47,1.85,0.0
ATOM,161.0,CA,ARG,76.0,23.27,26.474,100.716,0.07,2.275,0.0
ATOM,162.0,C,ARG,76.0,22.489,27.572,99.998,0.51,2.0,0.0
ATOM,163.0,O,ARG,76.0,23.06,28.569,99.561,-0.51,1.7,21.66
ATOM,164.0,CB,ARG,76.0,23.531,26.831,102.194,-0.18,2.175,7.61
ATOM,165.0,CG,ARG,76.0,23.925,25.58,103.022,-0.18,2.175,0.01
ATOM,166.0,CD,ARG,76.0,24.383,25.853,104.469,0.2,2.175,16.61
ATOM,167.0,NE,ARG,76.0,24.553,24.591,105.2,-0.7,1.85,4.66
ATOM,168.0,CZ,ARG,76.0,25.591,23.767,105.071,0.64,2.0,2.07
ATOM,169.0,NH1,ARG,76.0,26.587,24.056,104.249,-0.8,1.85,12.96
ATOM,170.0,NH2,ARG,76.0,25.624,22.632,105.754,-0.8,1.85,10.36
ATOM,171.0,H,ARG,76.0,25.408,26.66,100.238,0.31,0.2245,6.33
ATOM,172.0,HA,ARG,76.0,22.694,25.637,100.738,0.09,1.32,0.0
ATOM,173.0,HB2,ARG,76.0,24.279,27.464,102.236,0.09,1.32,7.76
ATOM,174.0,HB3,ARG,76.0,22.706,27.195,102.579,0.09,1.32,0.02
ATOM,175.0,HG2,ARG,76.0,23.133,24.956,103.062,0.09,1.32,0.0
ATOM,176.0,HG3,ARG,76.0,24.676,25.101,102.548,0.09,1.32,0.0
ATOM,177.0,HD2,ARG,76.0,25.246,26.33,104.427,0.09,1.32,6.88
ATOM,178.0,HD3,ARG,76.0,23.686,26.398,104.907,0.09,1.32,3.42
ATOM,179.0,HE,ARG,76.0,23.825,24.329,105.851,0.44,0.2245,0.52
ATOM,180.0,HH11,ARG,76.0,26.588,24.907,103.726,0.46,0.2245,4.72
ATOM,181.0,HH12,ARG,76.0,27.355,23.414,104.148,0.46,0.2245,11.21
ATOM,182.0,HH21,ARG,76.0,24.874,22.408,106.382,0.46,0.2245,1.11
ATOM,183.0,HH22,ARG,76.0,26.39,22.001,105.648,0.46,0.2245,12.2
ATOM,184.0,N,PHE,77.0,21.195,27.333,99.811,-0.47,1.85,0.0
ATOM,185.0,CA,PHE,77.0,20.339,28.331,99.189,0.07,2.275,0.16
ATOM,186.0,C,PHE,77.0,19.332,28.701,100.267,0.51,2.0,0.02
ATOM,187.0,O,PHE,77.0,18.949,27.866,101.083,-0.51,1.7,0.0
ATOM,188.0,CB,PHE,77.0,19.589,27.783,97.968,-0.18,2.175,0.05
ATOM,189.0,CG,PHE,77.0,20.473,27.453,96.799,0.0,1.9924,0.0
ATOM,190.0,CD1,PHE,77.0,21.225,26.282,96.783,-0.115,1.9924,0.0
ATOM,191.0,CD2,PHE,77.0,20.519,28.292,95.689,-0.115,1.9924,6.41
ATOM,192.0,CE1,PHE,77.0,22.0,25.944,95.686,-0.115,1.9924,0.0
ATOM,193.0,CE2,PHE,77.0,21.293,27.968,94.574,-0.115,1.9924,6.71
ATOM,194.0,CZ,PHE,77.0,22.037,26.784,94.572,-0.115,1.9924,0.02
ATOM,195.0,H,PHE,77.0,20.866,26.41,100.135,0.31,0.2245,0.0
ATOM,196.0,HA,PHE,77.0,20.892,29.13,99.028,0.09,1.32,3.23
ATOM,197.0,HB2,PHE,77.0,19.126,26.954,98.247,0.09,1.32,0.0
ATOM,198.0,HB3,PHE,77.0,18.941,28.474,97.678,0.09,1.32,0.0
ATOM,199.0,HD1,PHE,77.0,21.206,25.673,97.575,0.115,1.3582,0.0
ATOM,200.0,HD2,PHE,77.0,19.989,29.141,95.689,0.115,1.3582,4.17
ATOM,201.0,HE1,PHE,77.0,22.537,25.093,95.695,0.115,1.3582,0.0
ATOM,202.0,HE2,PHE,77.0,21.314,28.586,93.779,0.115,1.3582,0.66
ATOM,203.0,HZ,PHE,77.0,22.59,26.539,93.782,0.115,1.3582,0.56
ATOM,204.0,N,GLU,78.0,18.93,29.962,100.274,-0.47,1.85,0.47
ATOM,205.0,CA,GLU,78.0,17.968,30.441,101.245,0.07,2.275,0.0
ATOM,206.0,C,GLU,78.0,16.807,31.046,100.496,0.51,2.0,0.08
ATOM,207.0,O,GLU,78.0,16.991,31.678,99.468,-0.51,1.7,12.69
ATOM,208.0,CB,GLU,78.0,18.585,31.498,102.151,-0.18,2.175,5.82
ATOM,209.0,CG,GLU,78.0,19.401,30.931,103.293,-0.28,2.175,2.1
ATOM,210.0,CD,GLU,78.0,19.951,32.004,104.21,0.62,2.0,3.55
ATOM,211.0,OE1,GLU,78.0,19.218,32.974,104.512,-0.76,1.7,7.75
ATOM,212.0,OE2,GLU,78.0,21.112,31.87,104.64,-0.76,1.7,43.03
ATOM,213.0,H,GLU,78.0,19.355,30.561,99.54,0.31,0.2245,8.11
ATOM,214.0,HA,GLU,78.0,17.649,29.683,101.811,0.09,1.32,0.0
ATOM,215.0,HB2,GLU,78.0,19.185,32.053,101.6,0.09,1.32,8.77
ATOM,216.0,HB3,GLU,78.0,17.851,32.027,102.541,0.09,1.32,0.0
ATOM,217.0,HG2,GLU,78.0,18.819,30.35,103.832,0.09,1.32,0.0
ATOM,218.0,HG3,GLU,78.0,20.167,30.442,102.917,0.09,1.32,1.55
ATOM,219.0,N,THR,79.0,15.609,30.829,101.01,-0.47,1.85,0.0
ATOM,220.0,CA,THR,79.0,14.441,31.399,100.374,0.07,2.275,0.64
ATOM,221.0,C,THR,79.0,13.357,31.473,101.443,0.51,2.0,0.0
ATOM,222.0,O,THR,79.0,13.565,30.991,102.556,-0.51,1.7,0.0
ATOM,223.0,CB,THR,79.0,14.006,30.547,99.148,0.14,2.275,0.0
ATOM,224.0,OG1,THR,79.0,13.002,31.242,98.415,-0.66,1.77,0.97
ATOM,225.0,CG2,THR,79.0,13.462,29.194,99.581,-0.27,2.06,0.05
ATOM,226.0,H,THR,79.0,15.585,30.249,101.858,0.31,0.2245,0.0
ATOM,227.0,HA,THR,79.0,14.65,32.322,100.077,0.09,1.32,6.77
ATOM,228.0,HB,THR,79.0,14.818,30.416,98.545,0.09,1.32,0.0
ATOM,229.0,HG21,THR,79.0,12.481,29.268,99.776,0.09,1.32,0.0
ATOM,230.0,HG22,THR,79.0,13.602,28.521,98.851,0.09,1.32,0.0
ATOM,231.0,HG23,THR,79.0,13.938,28.885,100.407,0.09,1.32,0.0
ATOM,232.0,HG1,THR,79.0,12.118,31.198,98.896,0.43,0.2245,0.0
ATOM,233.0,N,GLN,80.0,12.237,32.123,101.137,-0.47,1.85,0.0
ATOM,234.0,CA,GLN,80.0,11.157,32.223,102.118,0.07,2.275,0.0
ATOM,235.0,C,GLN,80.0,10.21,31.038,101.885,0.51,2.0,0.0
ATOM,236.0,O,GLN,80.0,10.086,30.544,100.763,-0.51,1.7,0.0
ATOM,237.0,CB,GLN,80.0,10.382,33.554,101.976,-0.18,2.175,0.84
ATOM,238.0,CG,GLN,80.0,11.202,34.886,102.059,-0.18,2.175,9.11
ATOM,239.0,CD,GLN,80.0,11.522,35.39,103.477,0.55,2.0,1.21
ATOM,240.0,H,GLN,80.0,12.2,32.529,100.195,0.31,0.2245,1.43
ATOM,241.0,HA,GLN,80.0,11.549,32.122,103.024,0.09,1.32,0.0
ATOM,242.0,HB2,GLN,80.0,9.904,33.558,101.084,0.09,1.32,0.0
ATOM,243.0,HB3,GLN,80.0,9.676,33.598,102.701,0.09,1.32,0.0
ATOM,244.0,HG2,GLN,80.0,12.069,34.742,101.568,0.09,1.32,4.97
ATOM,245.0,HG3,GLN,80.0,10.678,35.598,101.577,0.09,1.32,11.4
ATOM,246.0,OE1,GLN,80.0,11.282,34.703,104.469,-0.55,1.7,7.03
ATOM,247.0,NE2,GLN,80.0,12.076,36.598,103.565,-0.62,1.85,19.25
ATOM,248.0,HE21,GLN,80.0,12.299,36.996,104.466,0.32,0.2245,13.91
ATOM,249.0,HE22,GLN,80.0,12.27,37.11,102.707,0.3,0.2245,17.94
ATOM,250.0,N,LEU,81.0,9.554,30.582,102.946,-0.47,1.85,0.0
ATOM,251.0,CA,LEU,81.0,8.628,29.453,102.858,0.07,2.275,0.0
ATOM,252.0,C,LEU,81.0,7.505,29.723,101.843,0.51,2.0,0.0
ATOM,253.0,O,LEU,81.0,7.126,28.845,101.073,-0.51,1.7,0.0
ATOM,254.0,CB,LEU,81.0,8.049,29.189,104.257,-0.18,2.175,0.0
ATOM,255.0,CG,LEU,81.0,7.53,27.825,104.722,-0.09,2.275,1.44
ATOM,256.0,CD1,LEU,81.0,8.347,26.665,104.169,-0.27,2.06,2.38
ATOM,257.0,CD2,LEU,81.0,7.591,27.826,106.247,-0.27,2.06,21.2
ATOM,258.0,H,LEU,81.0,9.752,31.089,103.833,0.31,0.2245,0.0
ATOM,259.0,HA,LEU,81.0,9.138,28.641,102.551,0.09,1.32,0.0
ATOM,260.0,HB2,LEU,81.0,8.769,29.475,104.937,0.09,1.32,0.0
ATOM,261.0,HB3,LEU,81.0,7.278,29.858,104.392,0.09,1.32,0.88
ATOM,262.0,HG,LEU,81.0,6.571,27.726,104.427,0.09,1.32,0.13
ATOM,263.0,HD11,LEU,81.0,9.296,26.751,104.472,0.09,1.32,0.0
ATOM,264.0,HD12,LEU,81.0,7.968,25.801,104.501,0.09,1.32,0.04
ATOM,265.0,HD13,LEU,81.0,8.314,26.68,103.169,0.09,1.32,0.0
ATOM,266.0,HD21,LEU,81.0,7.018,28.564,106.602,0.09,1.32,2.09
ATOM,267.0,HD22,LEU,81.0,7.259,26.949,106.594,0.09,1.32,9.52
ATOM,268.0,HD23,LEU,81.0,8.536,27.966,106.542,0.09,1.32,0.64
ATOM,269.0,N,LYS,82.0,6.99,30.953,101.841,-0.47,1.85,0.0
ATOM,270.0,CA,LYS,82.0,5.929,31.382,100.921,0.07,2.275,0.97
ATOM,271.0,C,LYS,82.0,6.352,31.157,99.483,0.51,2.0,0.2
ATOM,272.0,O,LYS,82.0,5.549,30.765,98.632,-0.51,1.7,4.86
ATOM,273.0,CB,LYS,82.0,5.619,32.874,101.124,-0.18,2.175,9.75
ATOM,274.0,CG,LYS,82.0,4.841,33.193,102.408,-0.18,2.175,16.06
ATOM,275.0,CD,LYS,82.0,5.507,34.273,103.296,-0.18,2.175,18.39
ATOM,276.0,CE,LYS,82.0,6.941,33.95,103.734,0.21,2.175,7.84
ATOM,277.0,NZ,LYS,82.0,7.191,32.547,104.212,-0.3,1.85,0.72
ATOM,278.0,H,LYS,82.0,7.409,31.594,102.557,0.31,0.2245,0.0
ATOM,279.0,HA,LYS,82.0,5.104,30.84,101.109,0.09,1.32,1.48
ATOM,280.0,HB2,LYS,82.0,6.484,33.371,101.155,0.09,1.32,0.9
ATOM,281.0,HB3,LYS,82.0,5.077,33.188,100.347,0.09,1.32,9.79
ATOM,282.0,HG2,LYS,82.0,3.92,33.515,102.16,0.09,1.32,11.98
ATOM,283.0,HG3,LYS,82.0,4.749,32.352,102.952,0.09,1.32,3.58
ATOM,284.0,HD2,LYS,82.0,5.518,35.136,102.782,0.09,1.32,11.18
ATOM,285.0,HD3,LYS,82.0,4.943,34.394,104.118,0.09,1.32,11.5
ATOM,286.0,HE2,LYS,82.0,7.567,34.142,102.952,0.05,1.32,0.48
ATOM,287.0,HE3,LYS,82.0,7.204,34.597,104.477,0.05,1.32,9.65
ATOM,288.0,HZ1,LYS,82.0,7.464,32.575,105.171,0.33,0.2245,0.48
ATOM,289.0,HZ2,LYS,82.0,6.353,32.016,104.112,0.33,0.2245,3.01
ATOM,290.0,HZ3,LYS,82.0,7.918,32.142,103.663,0.33,0.2245,0.0
ATOM,291.0,N,THR,83.0,7.623,31.42,99.213,-0.47,1.85,0.0
ATOM,292.0,CA,THR,83.0,8.159,31.263,97.871,0.07,2.275,0.37
ATOM,293.0,C,THR,83.0,8.047,29.824,97.388,0.51,2.0,0.0
ATOM,294.0,O,THR,83.0,7.635,29.577,96.253,-0.51,1.7,0.0
ATOM,295.0,CB,THR,83.0,9.622,31.725,97.814,0.14,2.275,0.0
ATOM,296.0,OG1,THR,83.0,9.712,33.065,98.294,-0.66,1.77,9.64
ATOM,297.0,CG2,THR,83.0,10.136,31.669,96.386,-0.27,2.06,0.58
ATOM,298.0,H,THR,83.0,8.186,31.739,100.024,0.31,0.2245,0.0
ATOM,299.0,HA,THR,83.0,7.629,31.85,97.242,0.09,1.32,0.32
ATOM,300.0,HB,THR,83.0,10.18,31.128,98.425,0.09,1.32,0.0
ATOM,301.0,HG21,THR,83.0,9.803,30.837,95.935,0.09,1.32,0.0
ATOM,302.0,HG22,THR,83.0,9.813,32.47,95.875,0.09,1.32,2.81
ATOM,303.0,HG23,THR,83.0,11.139,31.663,96.384,0.09,1.32,0.0
ATOM,304.0,HG1,THR,83.0,8.803,33.497,98.307,0.43,0.2245,12.62
ATOM,305.0,N,LEU,84.0,8.409,28.869,98.238,-0.47,1.85,0.0
ATOM,306.0,CA,LEU,84.0,8.311,27.473,97.838,0.07,2.275,0.0
ATOM,307.0,C,LEU,84.0,6.86,27.049,97.76,0.51,2.0,0.0
ATOM,308.0,O,LEU,84.0,6.431,26.429,96.785,-0.51,1.7,0.0
ATOM,309.0,CB,LEU,84.0,9.037,26.569,98.83,-0.18,2.175,0.0
ATOM,310.0,CG,LEU,84.0,10.552,26.751,98.841,-0.09,2.275,0.0
ATOM,311.0,CD1,LEU,84.0,11.159,25.795,99.853,-0.27,2.06,0.11
ATOM,312.0,CD2,LEU,84.0,11.119,26.482,97.464,-0.27,2.06,0.0
ATOM,313.0,H,LEU,84.0,8.745,29.189,99.152,0.31,0.2245,0.0
ATOM,314.0,HA,LEU,84.0,8.725,27.371,96.927,0.09,1.32,0.0
ATOM,315.0,HB2,LEU,84.0,8.705,26.78,99.736,0.09,1.32,0.0
ATOM,316.0,HB3,LEU,84.0,8.851,25.632,98.584,0.09,1.32,0.0
ATOM,317.0,HG,LEU,84.0,10.766,27.687,99.098,0.09,1.32,0.0
ATOM,318.0,HD11,LEU,84.0,10.936,24.853,99.601,0.09,1.32,0.0
ATOM,319.0,HD12,LEU,84.0,12.153,25.908,99.867,0.09,1.32,0.0
ATOM,320.0,HD13,LEU,84.0,10.791,25.991,100.763,0.09,1.32,0.0
ATOM,321.0,HD21,LEU,84.0,10.719,27.119,96.802,0.09,1.32,0.0
ATOM,322.0,HD22,LEU,84.0,12.114,26.603,97.478,0.09,1.32,0.0
ATOM,323.0,HD23,LEU,84.0,10.905,25.543,97.187,0.09,1.32,0.0
ATOM,324.0,N,ASN,85.0,6.089,27.416,98.775,-0.47,1.85,0.0
ATOM,325.0,CA,ASN,85.0,4.698,27.032,98.795,0.07,2.275,0.0
ATOM,326.0,C,ASN,85.0,3.887,27.481,97.583,0.51,2.0,0.36
ATOM,327.0,O,ASN,85.0,2.856,26.877,97.282,-0.51,1.7,5.63
ATOM,328.0,CB,ASN,85.0,4.042,27.471,100.109,-0.18,2.175,11.89
ATOM,329.0,CG,ASN,85.0,4.559,26.672,101.3,0.55,2.0,2.09
ATOM,330.0,H,ASN,85.0,6.554,27.971,99.506,0.31,0.2245,0.0
ATOM,331.0,HA,ASN,85.0,4.664,26.009,98.805,0.09,1.32,0.0
ATOM,332.0,HB2,ASN,85.0,4.248,28.43,100.259,0.09,1.32,0.0
ATOM,333.0,HB3,ASN,85.0,3.063,27.329,100.035,0.09,1.32,8.29
ATOM,334.0,OD1,ASN,85.0,5.07,25.556,101.133,-0.55,1.7,1.52
ATOM,335.0,ND2,ASN,85.0,4.42,27.227,102.501,-0.62,1.85,15.16
ATOM,336.0,HD22,ASN,85.0,3.985,28.127,102.58,0.3,0.2245,10.82
ATOM,337.0,HD21,ASN,85.0,4.744,26.754,103.315,0.32,0.2245,6.42
ATOM,338.0,N,GLN,86.0,4.339,28.491,96.849,-0.47,1.85,0.18
ATOM,339.0,CA,GLN,86.0,3.52,28.86,95.712,0.07,2.275,2.35
ATOM,340.0,C,GLN,86.0,3.385,27.735,94.684,0.51,2.0,0.0
ATOM,341.0,O,GLN,86.0,2.47,27.758,93.872,-0.51,1.7,14.87
ATOM,342.0,CB,GLN,86.0,3.994,30.166,95.074,-0.18,2.175,8.56
ATOM,343.0,CG,GLN,86.0,5.064,30.099,94.032,-0.18,2.175,1.51
ATOM,344.0,CD,GLN,86.0,5.466,31.496,93.654,0.55,2.0,1.03
ATOM,345.0,OE1,GLN,86.0,5.489,31.834,92.475,-0.55,1.7,11.65
ATOM,346.0,NE2,GLN,86.0,5.801,32.313,94.641,-0.62,1.85,11.63
ATOM,347.0,H,GLN,86.0,5.198,28.919,97.127,0.31,0.2245,0.0
ATOM,348.0,HA,GLN,86.0,2.587,29.075,96.05,0.09,1.32,10.04
ATOM,349.0,HB2,GLN,86.0,3.178,30.629,94.666,0.09,1.32,11.42
ATOM,350.0,HB3,GLN,86.0,4.317,30.783,95.826,0.09,1.32,0.82
ATOM,351.0,HG2,GLN,86.0,5.852,29.629,94.4,0.09,1.32,0.0
ATOM,352.0,HG3,GLN,86.0,4.713,29.639,93.23,0.09,1.32,0.02
ATOM,353.0,HE21,GLN,86.0,6.097,33.27,94.462,0.32,0.2245,18.35
ATOM,354.0,HE22,GLN,86.0,5.757,31.967,95.603,0.3,0.2245,1.07
ATOM,355.0,N,PHE,87.0,4.264,26.74,94.701,-0.47,1.85,0.0
ATOM,356.0,CA,PHE,87.0,4.048,25.622,93.785,0.07,2.275,0.55
ATOM,357.0,C,PHE,87.0,3.875,24.369,94.639,0.51,2.0,0.0
ATOM,358.0,O,PHE,87.0,4.745,23.502,94.708,-0.51,1.7,0.0
ATOM,359.0,CB,PHE,87.0,5.199,25.485,92.771,-0.18,2.175,0.13
ATOM,360.0,CG,PHE,87.0,5.197,26.572,91.726,0.0,1.9924,0.0
ATOM,361.0,CD1,PHE,87.0,4.176,26.64,90.783,-0.115,1.9924,6.36
ATOM,362.0,CD2,PHE,87.0,6.166,27.566,91.741,-0.115,1.9924,0.0
ATOM,363.0,CE1,PHE,87.0,4.126,27.704,89.862,-0.115,1.9924,12.89
ATOM,364.0,CE2,PHE,87.0,6.116,28.627,90.837,-0.115,1.9924,0.0
ATOM,365.0,CZ,PHE,87.0,5.097,28.696,89.897,-0.115,1.9924,3.87
ATOM,366.0,H,PHE,87.0,5.034,26.82,95.352,0.31,0.2245,0.0
ATOM,367.0,HA,PHE,87.0,3.181,25.781,93.33,0.09,1.32,0.02
ATOM,368.0,HB2,PHE,87.0,6.045,25.541,93.27,0.09,1.32,0.0
ATOM,369.0,HB3,PHE,87.0,5.093,24.62,92.314,0.09,1.32,0.21
ATOM,370.0,HD1,PHE,87.0,3.474,25.943,90.75,0.115,1.3582,12.56
ATOM,371.0,HD2,PHE,87.0,6.91,27.524,92.408,0.115,1.3582,0.0
ATOM,372.0,HE1,PHE,87.0,3.385,27.731,89.187,0.115,1.3582,17.62
ATOM,373.0,HE2,PHE,87.0,6.831,29.345,90.873,0.115,1.3582,0.0
ATOM,374.0,HZ,PHE,87.0,5.059,29.453,89.248,0.115,1.3582,0.0
ATOM,375.0,N,PRO,88.0,2.7,24.268,95.315,-0.29,1.85,0.0
ATOM,376.0,CA,PRO,88.0,2.336,23.153,96.206,0.02,2.275,0.0
ATOM,377.0,C,PRO,88.0,2.423,21.709,95.725,0.51,2.0,0.0
ATOM,378.0,O,PRO,88.0,2.452,20.801,96.554,-0.51,1.7,4.94
ATOM,379.0,CB,PRO,88.0,0.915,23.536,96.648,-0.18,2.175,16.8
ATOM,380.0,CG,PRO,88.0,0.389,24.33,95.512,-0.18,2.175,21.01
ATOM,381.0,CD,PRO,88.0,1.572,25.195,95.157,0.0,2.175,6.18
ATOM,382.0,HA,PRO,88.0,2.863,23.254,97.112,0.09,1.32,0.0
ATOM,383.0,HB2,PRO,88.0,0.365,22.713,96.804,0.09,1.32,7.05
ATOM,384.0,HB3,PRO,88.0,0.945,24.077,97.49,0.09,1.32,7.28
ATOM,385.0,HG2,PRO,88.0,0.139,23.744,94.75,0.09,1.32,0.44
ATOM,386.0,HG3,PRO,88.0,-0.384,24.887,95.792,0.09,1.32,11.56
ATOM,387.0,HD2,PRO,88.0,1.513,25.523,94.218,0.09,1.32,3.77
ATOM,388.0,HD3,PRO,88.0,1.658,25.968,95.782,0.09,1.32,0.17
ATOM,389.0,N,ASP,89.0,2.462,21.475,94.417,-0.47,1.85,0.0
ATOM,390.0,CA,ASP,89.0,2.568,20.105,93.933,0.07,2.275,0.21
ATOM,391.0,C,ASP,89.0,3.973,19.865,93.391,0.51,2.0,0.0
ATOM,392.0,O,ASP,89.0,4.144,19.33,92.293,-0.51,1.7,7.87
ATOM,393.0,CB,ASP,89.0,1.538,19.827,92.822,-0.28,2.175,13.05
ATOM,394.0,CG,ASP,89.0,0.113,20.134,93.243,0.62,2.0,3.02
ATOM,395.0,OD1,ASP,89.0,-0.405,19.484,94.171,-0.76,1.7,35.93
ATOM,396.0,OD2,ASP,89.0,-0.499,21.025,92.62,-0.76,1.7,37.28
ATOM,397.0,H,ASP,89.0,2.413,22.301,93.813,0.31,0.2245,2.47
ATOM,398.0,HA,ASP,89.0,2.45,19.499,94.722,0.09,1.32,0.26
ATOM,399.0,HB2,ASP,89.0,1.773,20.396,92.042,0.09,1.32,7.96
ATOM,400.0,HB3,ASP,89.0,1.603,18.865,92.582,0.09,1.32,9.68
ATOM,401.0,N,THR,90.0,4.981,20.265,94.154,-0.47,1.85,0.0
ATOM,402.0,CA,THR,90.0,6.366,20.07,93.749,0.07,2.275,0.0
ATOM,403.0,C,THR,90.0,7.05,19.482,94.964,0.51,2.0,0.0
ATOM,404.0,O,THR,90.0,6.529,19.584,96.068,-0.51,1.7,0.0
ATOM,405.0,CB,THR,90.0,7.04,21.397,93.365,0.14,2.275,0.0
ATOM,406.0,OG1,THR,90.0,7.114,22.251,94.515,-0.66,1.77,0.0
ATOM,407.0,CG2,THR,90.0,6.242,22.095,92.275,-0.27,2.06,3.39
ATOM,408.0,H,THR,90.0,4.703,20.719,95.045,0.31,0.2245,0.0
ATOM,409.0,HA,THR,90.0,6.394,19.409,93.018,0.09,1.32,0.0
ATOM,410.0,HB,THR,90.0,7.992,21.205,93.051,0.09,1.32,0.0
ATOM,411.0,HG21,THR,90.0,6.858,22.627,91.69,0.09,1.32,0.0
ATOM,412.0,HG22,THR,90.0,5.764,21.415,91.715,0.09,1.32,0.18
ATOM,413.0,HG23,THR,90.0,5.568,22.712,92.688,0.09,1.32,0.0
ATOM,414.0,HG1,THR,90.0,6.263,22.776,94.615,0.43,0.2245,0.0
ATOM,415.0,N,LEU,91.0,8.198,18.845,94.777,-0.47,1.85,0.0
ATOM,416.0,CA,LEU,91.0,8.86,18.271,95.94,0.07,2.275,0.0
ATOM,417.0,C,LEU,91.0,9.054,19.361,96.997,0.51,2.0,0.0
ATOM,418.0,O,LEU,91.0,8.596,19.227,98.127,-0.51,1.7,0.0
ATOM,419.0,CB,LEU,91.0,10.198,17.649,95.566,-0.18,2.175,0.0
ATOM,420.0,CG,LEU,91.0,10.847,16.857,96.709,-0.09,2.275,0.0
ATOM,421.0,CD1,LEU,91.0,11.699,15.754,96.108,-0.27,2.06,5.09
ATOM,422.0,CD2,LEU,91.0,11.675,17.762,97.61,-0.27,2.06,0.0
ATOM,423.0,H,LEU,91.0,8.545,18.798,93.825,0.31,0.2245,0.0
ATOM,424.0,HA,LEU,91.0,8.275,17.559,96.327,0.09,1.32,0.0
ATOM,425.0,HB2,LEU,91.0,10.051,17.021,94.821,0.09,1.32,0.0
ATOM,426.0,HB3,LEU,91.0,10.819,18.372,95.32,0.09,1.32,0.0
ATOM,427.0,HG,LEU,91.0,10.133,16.46,97.271,0.09,1.32,0.0
ATOM,428.0,HD11,LEU,91.0,12.408,16.156,95.527,0.09,1.32,0.0
ATOM,429.0,HD12,LEU,91.0,12.131,15.226,96.84,0.09,1.32,0.0
ATOM,430.0,HD13,LEU,91.0,11.124,15.147,95.557,0.09,1.32,0.69
ATOM,431.0,HD21,LEU,91.0,11.087,18.468,98.007,0.09,1.32,0.0
ATOM,432.0,HD22,LEU,91.0,12.085,17.219,98.344,0.09,1.32,0.0
ATOM,433.0,HD23,LEU,91.0,12.4,18.196,97.073,0.09,1.32,0.0
ATOM,434.0,N,LEU,92.0,9.703,20.451,96.609,-0.47,1.85,0.0
ATOM,435.0,CA,LEU,92.0,9.963,21.546,97.54,0.07,2.275,0.0
ATOM,436.0,C,LEU,92.0,8.766,22.338,98.026,0.51,2.0,0.0
ATOM,437.0,O,LEU,92.0,8.822,22.956,99.085,-0.51,1.7,0.0
ATOM,438.0,CB,LEU,92.0,10.947,22.525,96.92,-0.18,2.175,0.0
ATOM,439.0,CG,LEU,92.0,12.346,21.961,96.753,-0.09,2.275,0.0
ATOM,440.0,CD1,LEU,92.0,13.118,22.893,95.856,-0.27,2.06,0.0
ATOM,441.0,CD2,LEU,92.0,13.024,21.795,98.108,-0.27,2.06,0.34
ATOM,442.0,H,LEU,92.0,10.001,20.459,95.618,0.31,0.2245,0.0
ATOM,443.0,HA,LEU,92.0,10.443,21.151,98.365,0.09,1.32,0.0
ATOM,444.0,HB2,LEU,92.0,10.613,22.769,96.022,0.09,1.32,0.0
ATOM,445.0,HB3,LEU,92.0,11.009,23.314,97.51,0.09,1.32,0.0
ATOM,446.0,HG,LEU,92.0,12.288,21.063,96.335,0.09,1.32,0.0
ATOM,447.0,HD11,LEU,92.0,13.163,23.806,96.269,0.09,1.32,0.0
ATOM,448.0,HD12,LEU,92.0,14.05,22.548,95.725,0.09,1.32,0.0
ATOM,449.0,HD13,LEU,92.0,12.666,22.961,94.963,0.09,1.32,0.0
ATOM,450.0,HD21,LEU,92.0,12.488,21.169,98.675,0.09,1.32,0.0
ATOM,451.0,HD22,LEU,92.0,13.943,21.423,97.977,0.09,1.32,0.0
ATOM,452.0,HD23,LEU,92.0,13.086,22.685,98.561,0.09,1.32,0.0
ATOM,453.0,N,GLY,93.0,7.684,22.316,97.264,-0.47,1.85,0.0
ATOM,454.0,CA,GLY,93.0,6.508,23.062,97.658,-0.02,2.175,0.0
ATOM,455.0,C,GLY,93.0,5.53,22.28,98.508,0.51,2.0,0.0
ATOM,456.0,O,GLY,93.0,4.522,22.835,98.968,-0.51,1.7,2.34
ATOM,457.0,H,GLY,93.0,7.753,21.748,96.409,0.31,0.2245,0.0
ATOM,458.0,HA2,GLY,93.0,6.797,23.901,98.168,0.09,1.32,0.0
ATOM,459.0,HA3,GLY,93.0,6.027,23.399,96.82,0.09,1.32,0.0
ATOM,460.0,N,ASN,94.0,5.831,21.002,98.73,-0.47,1.85,0.0
ATOM,461.0,CA,ASN,94.0,4.97,20.107,99.504,0.07,2.275,0.0
ATOM,462.0,C,ASN,94.0,5.613,19.635,100.804,0.51,2.0,0.0
ATOM,463.0,O,ASN,94.0,6.486,18.774,100.782,-0.51,1.7,0.0
ATOM,464.0,CB,ASN,94.0,4.638,18.875,98.668,-0.18,2.175,0.0
ATOM,465.0,CG,ASN,94.0,3.578,18.012,99.307,0.55,2.0,1.0
ATOM,466.0,H,ASN,94.0,6.734,20.692,98.305,0.31,0.2245,0.0
ATOM,467.0,HA,ASN,94.0,4.144,20.637,99.758,0.09,1.32,0.77
ATOM,468.0,HB2,ASN,94.0,4.31,19.178,97.777,0.09,1.32,0.0
ATOM,469.0,HB3,ASN,94.0,5.469,18.335,98.56,0.09,1.32,0.0
ATOM,470.0,OD1,ASN,94.0,3.504,17.888,100.532,-0.55,1.7,1.14
ATOM,471.0,ND2,ASN,94.0,2.75,17.396,98.474,-0.62,1.85,12.04
ATOM,472.0,HD22,ASN,94.0,2.849,17.509,97.486,0.3,0.2245,1.36
ATOM,473.0,HD21,ASN,94.0,2.019,16.811,98.835,0.32,0.2245,18.4
ATOM,474.0,N,PRO,95.0,5.163,20.158,101.955,-0.29,1.85,0.0
ATOM,475.0,CA,PRO,95.0,5.793,19.705,103.202,0.02,2.275,0.0
ATOM,476.0,C,PRO,95.0,5.984,18.192,103.332,0.51,2.0,0.0
ATOM,477.0,O,PRO,95.0,7.041,17.735,103.767,-0.51,1.7,0.0
ATOM,478.0,CB,PRO,95.0,4.89,20.256,104.311,-0.18,2.175,7.64
ATOM,479.0,CG,PRO,95.0,3.821,21.057,103.657,-0.18,2.175,16.17
ATOM,480.0,CD,PRO,95.0,3.926,20.928,102.173,0.0,2.175,9.18
ATOM,481.0,HA,PRO,95.0,6.689,20.187,103.34,0.09,1.32,0.0
ATOM,482.0,HB2,PRO,95.0,4.492,19.494,104.852,0.09,1.32,0.86
ATOM,483.0,HB3,PRO,95.0,5.429,20.827,104.954,0.09,1.32,3.19
ATOM,484.0,HG2,PRO,95.0,2.899,20.747,103.982,0.09,1.32,5.86
ATOM,485.0,HG3,PRO,95.0,3.895,22.04,103.941,0.09,1.32,6.9
ATOM,486.0,HD2,PRO,95.0,3.138,20.437,101.786,0.09,1.32,4.31
ATOM,487.0,HD3,PRO,95.0,3.992,21.828,101.725,0.09,1.32,0.51
ATOM,488.0,N,GLN,96.0,4.986,17.401,102.963,-0.47,1.85,0.0
ATOM,489.0,CA,GLN,96.0,5.148,15.963,103.098,0.07,2.275,0.34
ATOM,490.0,C,GLN,96.0,6.267,15.38,102.228,0.51,2.0,0.05
ATOM,491.0,O,GLN,96.0,6.811,14.315,102.533,-0.51,1.7,10.1
ATOM,492.0,CB,GLN,96.0,3.812,15.257,102.851,-0.18,2.175,9.43
ATOM,493.0,CG,GLN,96.0,2.928,15.142,104.121,-0.18,2.175,19.4
ATOM,494.0,CD,GLN,96.0,2.409,16.477,104.654,0.55,2.0,2.13
ATOM,495.0,H,GLN,96.0,4.153,17.863,102.601,0.31,0.2245,0.0
ATOM,496.0,HA,GLN,96.0,5.383,15.762,104.068,0.09,1.32,2.25
ATOM,497.0,HB2,GLN,96.0,3.292,15.767,102.171,0.09,1.32,0.05
ATOM,498.0,HB3,GLN,96.0,3.985,14.331,102.524,0.09,1.32,8.46
ATOM,499.0,HG2,GLN,96.0,2.143,14.558,103.9,0.09,1.32,11.63
ATOM,500.0,HG3,GLN,96.0,3.472,14.699,104.838,0.09,1.32,9.72
ATOM,501.0,OE1,GLN,96.0,2.574,16.795,105.834,-0.55,1.7,31.88
ATOM,502.0,NE2,GLN,96.0,1.766,17.252,103.792,-0.62,1.85,15.28
ATOM,503.0,HE21,GLN,96.0,1.382,18.145,104.079,0.32,0.2245,12.94
ATOM,504.0,HE22,GLN,96.0,1.663,16.935,102.828,0.3,0.2245,7.13
ATOM,505.0,N,LYS,97.0,6.649,16.096,101.177,-0.47,1.85,0.0
ATOM,506.0,CA,LYS,97.0,7.714,15.63,100.298,0.07,2.275,0.49
ATOM,507.0,C,LYS,97.0,9.091,16.148,100.669,0.51,2.0,0.0
ATOM,508.0,O,LYS,97.0,10.055,15.385,100.719,-0.51,1.7,0.46
ATOM,509.0,CB,LYS,97.0,7.414,16.006,98.848,-0.18,2.175,1.49
ATOM,510.0,CG,LYS,97.0,6.269,15.204,98.291,-0.18,2.175,5.31
ATOM,511.0,CD,LYS,97.0,5.936,15.546,96.861,-0.18,2.175,0.0
ATOM,512.0,CE,LYS,97.0,5.085,14.449,96.285,0.21,2.175,13.62
ATOM,513.0,NZ,LYS,97.0,4.195,14.939,95.195,-0.3,1.85,10.72
ATOM,514.0,H,LYS,97.0,6.14,16.986,101.042,0.31,0.2245,0.0
ATOM,515.0,HA,LYS,97.0,7.732,14.61,100.324,0.09,1.32,1.71
ATOM,516.0,HB2,LYS,97.0,7.176,16.967,98.821,0.09,1.32,0.0
ATOM,517.0,HB3,LYS,97.0,8.225,15.826,98.309,0.09,1.32,0.07
ATOM,518.0,HG2,LYS,97.0,6.499,14.22,98.345,0.09,1.32,8.23
ATOM,519.0,HG3,LYS,97.0,5.448,15.358,98.862,0.09,1.32,0.46
ATOM,520.0,HD2,LYS,97.0,5.427,16.392,96.841,0.09,1.32,0.0
ATOM,521.0,HD3,LYS,97.0,6.772,15.612,96.34,0.09,1.32,0.0
ATOM,522.0,HE2,LYS,97.0,5.68,13.724,95.917,0.05,1.32,5.48
ATOM,523.0,HE3,LYS,97.0,4.515,14.051,97.014,0.05,1.32,8.43
ATOM,524.0,HZ1,LYS,97.0,3.57,14.208,94.924,0.33,0.2245,20.71
ATOM,525.0,HZ2,LYS,97.0,3.671,15.724,95.524,0.33,0.2245,3.33
ATOM,526.0,HZ3,LYS,97.0,4.752,15.212,94.411,0.33,0.2245,2.82
ATOM,527.0,N,ARG,98.0,9.201,17.44,100.939,-0.47,1.85,0.0
ATOM,528.0,CA,ARG,98.0,10.51,17.95,101.281,0.07,2.275,0.0
ATOM,529.0,C,ARG,98.0,10.949,17.489,102.664,0.51,2.0,0.0
ATOM,530.0,O,ARG,98.0,12.14,17.334,102.905,-0.51,1.7,0.0
ATOM,531.0,CB,ARG,98.0,10.545,19.469,101.178,-0.18,2.175,0.0
ATOM,532.0,CG,ARG,98.0,9.679,20.169,102.18,-0.18,2.175,0.0
ATOM,533.0,CD,ARG,98.0,9.518,21.613,101.812,0.2,2.175,0.0
ATOM,534.0,NE,ARG,98.0,8.718,22.26,102.834,-0.7,1.85,0.0
ATOM,535.0,CZ,ARG,98.0,7.748,23.137,102.606,0.64,2.0,0.0
ATOM,536.0,NH1,ARG,98.0,7.433,23.481,101.36,-0.8,1.85,0.0
ATOM,537.0,NH2,ARG,98.0,7.069,23.639,103.623,-0.8,1.85,2.47
ATOM,538.0,H,ARG,98.0,8.349,17.99,100.887,0.31,0.2245,0.0
ATOM,539.0,HA,ARG,98.0,11.183,17.614,100.604,0.09,1.32,0.0
ATOM,540.0,HB2,ARG,98.0,11.489,19.766,101.312,0.09,1.32,0.0
ATOM,541.0,HB3,ARG,98.0,10.24,19.724,100.262,0.09,1.32,0.0
ATOM,542.0,HG2,ARG,98.0,8.777,19.746,102.2,0.09,1.32,0.0
ATOM,543.0,HG3,ARG,98.0,10.1,20.119,103.082,0.09,1.32,0.0
ATOM,544.0,HD2,ARG,98.0,10.409,22.032,101.777,0.09,1.32,0.16
ATOM,545.0,HD3,ARG,98.0,9.052,21.668,100.945,0.09,1.32,0.0
ATOM,546.0,HE,ARG,98.0,8.913,22.026,103.803,0.44,0.2245,0.05
ATOM,547.0,HH11,ARG,98.0,7.903,23.074,100.582,0.46,0.2245,0.0
ATOM,548.0,HH12,ARG,98.0,6.709,24.161,101.202,0.46,0.2245,0.0
ATOM,549.0,HH21,ARG,98.0,7.273,23.344,104.559,0.46,0.2245,9.23
ATOM,550.0,HH22,ARG,98.0,6.348,24.315,103.464,0.46,0.2245,0.85
ATOM,551.0,N,ASN,99.0,9.991,17.23,103.554,-0.47,1.85,0.0
ATOM,552.0,CA,ASN,99.0,10.339,16.784,104.9,0.07,2.275,0.0
ATOM,553.0,C,ASN,99.0,11.059,15.434,104.934,0.51,2.0,0.34
ATOM,554.0,O,ASN,99.0,11.738,15.123,105.914,-0.51,1.7,12.58
ATOM,555.0,CB,ASN,99.0,9.101,16.776,105.808,-0.18,2.175,10.8
ATOM,556.0,CG,ASN,99.0,8.688,18.184,106.236,0.55,2.0,2.67
ATOM,557.0,H,ASN,99.0,9.029,17.367,103.221,0.31,0.2245,0.0
ATOM,558.0,HA,ASN,99.0,10.983,17.469,105.285,0.09,1.32,0.0
ATOM,559.0,HB2,ASN,99.0,8.347,16.366,105.309,0.09,1.32,0.07
ATOM,560.0,HB3,ASN,99.0,9.312,16.249,106.623,0.09,1.32,7.95
ATOM,561.0,OD1,ASN,99.0,9.499,19.105,106.217,-0.55,1.7,5.55
ATOM,562.0,ND2,ASN,99.0,7.436,18.349,106.635,-0.62,1.85,14.77
ATOM,563.0,HD22,ASN,99.0,6.814,17.559,106.649,0.3,0.2245,7.94
ATOM,564.0,HD21,ASN,99.0,7.109,19.246,106.921,0.32,0.2245,13.14
ATOM,565.0,N,ARG,100.0,10.912,14.641,103.872,-0.47,1.85,0.09
ATOM,566.0,CA,ARG,100.0,11.61,13.36,103.801,0.07,2.275,0.38
ATOM,567.0,C,ARG,100.0,13.106,13.714,103.698,0.51,2.0,0.0
ATOM,568.0,O,ARG,100.0,13.977,12.88,103.953,-0.51,1.7,24.72
ATOM,569.0,CB,ARG,100.0,11.187,12.561,102.549,-0.18,2.175,2.84
ATOM,570.0,CG,ARG,100.0,9.727,12.056,102.497,-0.18,2.175,2.64
ATOM,571.0,CD,ARG,100.0,9.453,10.966,103.536,0.2,2.175,18.61
ATOM,572.0,NE,ARG,100.0,10.56,10.018,103.603,-0.7,1.85,4.89
ATOM,573.0,CZ,ARG,100.0,10.784,9.045,102.725,0.64,2.0,2.18
ATOM,574.0,NH1,ARG,100.0,9.966,8.843,101.704,-0.8,1.85,23.81
ATOM,575.0,NH2,ARG,100.0,11.861,8.293,102.846,-0.8,1.85,27.01
ATOM,576.0,H,ARG,100.0,10.287,14.999,103.137,0.31,0.2245,0.0
ATOM,577.0,HA,ARG,100.0,11.464,12.861,104.636,0.09,1.32,4.29
ATOM,578.0,HB2,ARG,100.0,11.332,13.144,101.744,0.09,1.32,0.0
ATOM,579.0,HB3,ARG,100.0,11.785,11.757,102.476,0.09,1.32,1.73
ATOM,580.0,HG2,ARG,100.0,9.114,12.82,102.676,0.09,1.32,0.0
ATOM,581.0,HG3,ARG,100.0,9.548,11.677,101.593,0.09,1.32,6.17
ATOM,582.0,HD2,ARG,100.0,9.338,11.407,104.417,0.09,1.32,8.1
ATOM,583.0,HD3,ARG,100.0,8.624,10.492,103.267,0.09,1.32,7.44
ATOM,584.0,HE,ARG,100.0,11.207,10.107,104.376,0.44,0.2245,9.47
ATOM,585.0,HH11,ARG,100.0,9.173,9.435,101.564,0.46,0.2245,8.83
ATOM,586.0,HH12,ARG,100.0,10.142,8.091,101.062,0.46,0.2245,18.36
ATOM,587.0,HH21,ARG,100.0,12.518,8.466,103.584,0.46,0.2245,16.65
ATOM,588.0,HH22,ARG,100.0,12.031,7.545,102.201,0.46,0.2245,18.37
ATOM,589.0,N,TYR,101.0,13.394,14.963,103.322,-0.47,1.85,0.0
ATOM,590.0,CA,TYR,101.0,14.778,15.433,103.169,0.07,2.275,1.45
ATOM,591.0,C,TYR,101.0,15.285,16.345,104.258,0.51,2.0,0.46
ATOM,592.0,O,TYR,101.0,16.384,16.88,104.162,-0.51,1.7,2.87
ATOM,593.0,CB,TYR,101.0,14.965,16.161,101.845,-0.18,2.175,0.0
ATOM,594.0,CG,TYR,101.0,14.75,15.241,100.691,0.0,1.9924,0.0
ATOM,595.0,CD1,TYR,101.0,13.48,15.068,100.153,-0.115,1.9924,0.0
ATOM,596.0,CD2,TYR,101.0,15.786,14.448,100.207,-0.115,1.9924,3.84
ATOM,597.0,CE1,TYR,101.0,13.243,14.133,99.172,-0.115,1.9924,0.97
ATOM,598.0,CE2,TYR,101.0,15.559,13.501,99.222,-0.115,1.9924,10.63
ATOM,599.0,CZ,TYR,101.0,14.28,13.351,98.709,0.11,1.9924,1.37
ATOM,600.0,OH,TYR,101.0,14.031,12.417,97.73,-0.54,1.77,22.94
ATOM,601.0,H,TYR,101.0,12.567,15.566,103.149,0.31,0.2245,0.0
ATOM,602.0,HA,TYR,101.0,15.381,14.602,103.137,0.09,1.32,4.13
ATOM,603.0,HB2,TYR,101.0,14.304,16.894,101.798,0.09,1.32,0.0
ATOM,604.0,HB3,TYR,101.0,15.89,16.507,101.809,0.09,1.32,0.0
ATOM,605.0,HD1,TYR,101.0,12.723,15.637,100.489,0.115,1.3582,0.0
ATOM,606.0,HD2,TYR,101.0,16.706,14.565,100.575,0.115,1.3582,4.51
ATOM,607.0,HE1,TYR,101.0,12.32,14.019,98.792,0.115,1.3582,4.1
ATOM,608.0,HE2,TYR,101.0,16.305,12.932,98.885,0.115,1.3582,15.92
ATOM,609.0,HH,TYR,101.0,13.652,12.876,96.928,0.43,0.2245,2.81
ATOM,610.0,N,TYR,102.0,14.481,16.529,105.289,-0.47,1.85,0.0
ATOM,611.0,CA,TYR,102.0,14.883,17.392,106.372,0.07,2.275,0.0
ATOM,612.0,C,TYR,102.0,16.0,16.76,107.222,0.51,2.0,0.0
ATOM,613.0,O,TYR,102.0,15.948,15.58,107.568,-0.51,1.7,16.99
ATOM,614.0,CB,TYR,102.0,13.665,17.709,107.232,-0.18,2.175,1.75
ATOM,615.0,CG,TYR,102.0,13.944,18.642,108.368,0.0,1.9924,0.34
ATOM,616.0,CD1,TYR,102.0,14.109,20.01,108.148,-0.115,1.9924,1.46
ATOM,617.0,CD2,TYR,102.0,14.03,18.167,109.666,-0.115,1.9924,8.87
ATOM,618.0,CE1,TYR,102.0,14.346,20.878,109.215,-0.115,1.9924,6.85
ATOM,619.0,CE2,TYR,102.0,14.269,19.018,110.73,-0.115,1.9924,10.45
ATOM,620.0,CZ,TYR,102.0,14.422,20.373,110.502,0.11,1.9924,1.65
ATOM,621.0,OH,TYR,102.0,14.62,21.216,111.569,-0.54,1.77,19.93
ATOM,622.0,H,TYR,102.0,13.583,16.023,105.249,0.31,0.2245,0.0
ATOM,623.0,HA,TYR,102.0,15.246,18.253,105.987,0.09,1.32,0.0
ATOM,624.0,HB2,TYR,102.0,12.969,18.122,106.645,0.09,1.32,0.0
ATOM,625.0,HB3,TYR,102.0,13.317,16.849,107.606,0.09,1.32,2.59
ATOM,626.0,HD1,TYR,102.0,14.058,20.374,107.222,0.115,1.3582,0.0
ATOM,627.0,HD2,TYR,102.0,13.916,17.186,109.839,0.115,1.3582,7.44
ATOM,628.0,HE1,TYR,102.0,14.458,21.857,109.047,0.115,1.3582,3.45
ATOM,629.0,HE2,TYR,102.0,14.332,18.656,111.661,0.115,1.3582,6.76
ATOM,630.0,HH,TYR,102.0,14.892,22.116,111.231,0.43,0.2245,0.0
ATOM,631.0,N,ASP,103.0,17.01,17.572,107.521,-0.47,1.85,0.0
ATOM,632.0,CA,ASP,103.0,18.183,17.19,108.315,0.07,2.275,2.91
ATOM,633.0,C,ASP,103.0,17.916,17.741,109.731,0.51,2.0,0.0
ATOM,634.0,O,ASP,103.0,18.153,18.914,110.004,-0.51,1.7,0.0
ATOM,635.0,CB,ASP,103.0,19.427,17.865,107.684,-0.28,2.175,2.95
ATOM,636.0,CG,ASP,103.0,20.721,17.599,108.446,0.62,2.0,2.87
ATOM,637.0,OD1,ASP,103.0,20.655,17.277,109.649,-0.76,1.7,2.73
ATOM,638.0,OD2,ASP,103.0,21.813,17.737,107.847,-0.76,1.7,6.25
ATOM,639.0,H,ASP,103.0,16.896,18.548,107.127,0.31,0.2245,0.0
ATOM,640.0,HA,ASP,103.0,18.185,16.208,108.388,0.09,1.32,2.01
ATOM,641.0,HB2,ASP,103.0,19.522,17.514,106.758,0.09,1.32,0.41
ATOM,642.0,HB3,ASP,103.0,19.261,18.845,107.666,0.09,1.32,0.0
ATOM,643.0,N,PRO,104.0,17.426,16.889,110.664,-0.29,1.85,0.0
ATOM,644.0,CA,PRO,104.0,17.147,17.422,112.008,0.02,2.275,0.6
ATOM,645.0,C,PRO,104.0,18.327,18.094,112.682,0.51,2.0,0.41
ATOM,646.0,O,PRO,104.0,18.172,19.08,113.392,-0.51,1.7,20.28
ATOM,647.0,CB,PRO,104.0,16.697,16.179,112.766,-0.18,2.175,18.17
ATOM,648.0,CG,PRO,104.0,17.584,15.137,112.205,-0.18,2.175,22.68
ATOM,649.0,CD,PRO,104.0,17.488,15.42,110.704,0.0,2.175,10.51
ATOM,650.0,HA,PRO,104.0,16.343,18.056,111.971,0.09,1.32,0.0
ATOM,651.0,HB2,PRO,104.0,16.842,16.291,113.745,0.09,1.32,10.03
ATOM,652.0,HB3,PRO,104.0,15.739,15.98,112.582,0.09,1.32,7.23
ATOM,653.0,HG2,PRO,104.0,18.518,15.248,112.514,0.09,1.32,0.64
ATOM,654.0,HG3,PRO,104.0,17.248,14.228,112.403,0.09,1.32,11.09
ATOM,655.0,HD2,PRO,104.0,18.293,15.083,110.229,0.09,1.32,5.89
ATOM,656.0,HD3,PRO,104.0,16.664,15.016,110.32,0.09,1.32,5.08
ATOM,657.0,N,LEU,105.0,19.509,17.551,112.451,-0.47,1.85,0.03
ATOM,658.0,CA,LEU,105.0,20.744,18.036,113.047,0.07,2.275,1.78
ATOM,659.0,C,LEU,105.0,21.185,19.446,112.632,0.51,2.0,0.0
ATOM,660.0,O,LEU,105.0,21.81,20.154,113.421,-0.51,1.7,20.94
ATOM,661.0,CB,LEU,105.0,21.844,17.009,112.739,-0.18,2.175,4.75
ATOM,662.0,CG,LEU,105.0,23.232,16.983,113.39,-0.09,2.275,2.75
ATOM,663.0,CD1,LEU,105.0,24.098,18.064,112.807,-0.27,2.06,15.07
ATOM,664.0,CD2,LEU,105.0,23.102,17.102,114.902,-0.27,2.06,36.22
ATOM,665.0,H,LEU,105.0,19.483,16.73,111.793,0.31,0.2245,0.0
ATOM,666.0,HA,LEU,105.0,20.633,18.032,114.068,0.09,1.32,5.56
ATOM,667.0,HB2,LEU,105.0,21.43,16.072,112.901,0.09,1.32,6.68
ATOM,668.0,HB3,LEU,105.0,22.003,17.041,111.716,0.09,1.32,0.0
ATOM,669.0,HG,LEU,105.0,23.645,16.088,113.224,0.09,1.32,11.38
ATOM,670.0,HD11,LEU,105.0,23.681,18.963,112.968,0.09,1.32,0.22
ATOM,671.0,HD12,LEU,105.0,25.006,18.045,113.234,0.09,1.32,10.62
ATOM,672.0,HD13,LEU,105.0,24.201,17.926,111.818,0.09,1.32,0.0
ATOM,673.0,HD21,LEU,105.0,22.561,16.337,115.252,0.09,1.32,10.63
ATOM,674.0,HD22,LEU,105.0,24.012,17.084,115.318,0.09,1.32,10.29
ATOM,675.0,HD23,LEU,105.0,22.648,17.963,115.132,0.09,1.32,3.81
ATOM,676.0,N,ARG,106.0,20.859,19.862,111.412,-0.47,1.85,0.0
ATOM,677.0,CA,ARG,106.0,21.278,21.176,110.938,0.07,2.275,2.53
ATOM,678.0,C,ARG,106.0,20.13,22.14,110.643,0.51,2.0,0.55
ATOM,679.0,O,ARG,106.0,20.347,23.308,110.334,-0.51,1.7,16.0
ATOM,680.0,CB,ARG,106.0,22.154,21.008,109.684,-0.18,2.175,1.67
ATOM,681.0,CG,ARG,106.0,23.455,20.232,109.94,-0.18,2.175,1.81
ATOM,682.0,CD,ARG,106.0,24.183,19.845,108.648,0.2,2.175,3.24
ATOM,683.0,NE,ARG,106.0,25.376,19.031,108.882,-0.7,1.85,4.95
ATOM,684.0,CZ,ARG,106.0,25.396,17.704,108.992,0.64,2.0,1.66
ATOM,685.0,NH1,ARG,106.0,24.28,16.998,108.892,-0.8,1.85,7.88
ATOM,686.0,NH2,ARG,106.0,26.541,17.077,109.207,-0.8,1.85,23.51
ATOM,687.0,H,ARG,106.0,20.304,19.197,110.852,0.31,0.2245,0.0
ATOM,688.0,HA,ARG,106.0,21.878,21.601,111.648,0.09,1.32,5.7
ATOM,689.0,HB2,ARG,106.0,21.632,20.511,109.004,0.09,1.32,0.0
ATOM,690.0,HB3,ARG,106.0,22.398,21.909,109.351,0.09,1.32,2.49
ATOM,691.0,HG2,ARG,106.0,24.073,20.797,110.486,0.09,1.32,10.02
ATOM,692.0,HG3,ARG,106.0,23.243,19.392,110.438,0.09,1.32,0.0
ATOM,693.0,HD2,ARG,106.0,23.54,19.334,108.078,0.09,1.32,0.01
ATOM,694.0,HD3,ARG,106.0,24.445,20.69,108.182,0.09,1.32,0.35
ATOM,695.0,HE,ARG,106.0,26.262,19.518,108.968,0.44,0.2245,14.09
ATOM,696.0,HH11,ARG,106.0,23.406,17.447,108.712,0.46,0.2245,0.0
ATOM,697.0,HH12,ARG,106.0,24.31,15.999,108.996,0.46,0.2245,17.06
ATOM,698.0,HH21,ARG,106.0,27.394,17.602,109.267,0.46,0.2245,18.1
ATOM,699.0,HH22,ARG,106.0,26.561,16.083,109.309,0.46,0.2245,18.31
ATOM,700.0,N,ASN,107.0,18.905,21.653,110.757,-0.47,1.85,0.07
ATOM,701.0,CA,ASN,107.0,17.737,22.48,110.489,0.07,2.275,0.0
ATOM,702.0,C,ASN,107.0,17.773,23.051,109.08,0.51,2.0,0.0
ATOM,703.0,O,ASN,107.0,17.678,24.262,108.876,-0.51,1.7,7.38
ATOM,704.0,CB,ASN,107.0,17.623,23.621,111.5,-0.18,2.175,11.43
ATOM,705.0,CG,ASN,107.0,16.308,24.359,111.376,0.55,2.0,1.99
ATOM,706.0,H,ASN,107.0,18.85,20.659,111.046,0.31,0.2245,0.0
ATOM,707.0,HA,ASN,107.0,16.928,21.881,110.544,0.09,1.32,0.0
ATOM,708.0,HB2,ASN,107.0,17.689,23.238,112.415,0.09,1.32,8.93
ATOM,709.0,HB3,ASN,107.0,18.366,24.261,111.336,0.09,1.32,2.38
ATOM,710.0,OD1,ASN,107.0,15.27,23.735,111.157,-0.55,1.7,15.79
ATOM,711.0,ND2,ASN,107.0,16.337,25.684,111.522,-0.62,1.85,24.61
ATOM,712.0,HD22,ASN,107.0,17.216,26.135,111.7,0.3,0.2245,17.12
ATOM,713.0,HD21,ASN,107.0,15.501,26.216,111.455,0.32,0.2245,21.3
ATOM,714.0,N,GLU,108.0,17.923,22.167,108.106,-0.47,1.85,0.0
ATOM,715.0,CA,GLU,108.0,17.947,22.558,106.709,0.07,2.275,0.08
ATOM,716.0,C,GLU,108.0,17.545,21.302,105.929,0.51,2.0,0.0
ATOM,717.0,O,GLU,108.0,17.475,20.213,106.499,-0.51,1.7,0.0
ATOM,718.0,CB,GLU,108.0,19.365,23.051,106.32,-0.18,2.175,0.0
ATOM,719.0,CG,GLU,108.0,20.504,22.116,106.773,-0.28,2.175,0.0
ATOM,720.0,CD,GLU,108.0,21.92,22.607,106.43,0.62,2.0,0.0
ATOM,721.0,OE1,GLU,108.0,22.765,21.746,106.112,-0.76,1.7,0.0
ATOM,722.0,OE2,GLU,108.0,22.208,23.82,106.486,-0.76,1.7,7.9
ATOM,723.0,H,GLU,108.0,18.021,21.179,108.427,0.31,0.2245,0.0
ATOM,724.0,HA,GLU,108.0,17.292,23.273,106.539,0.09,1.32,0.47
ATOM,725.0,HB2,GLU,108.0,19.401,23.105,105.342,0.09,1.32,0.0
ATOM,726.0,HB3,GLU,108.0,19.506,23.918,106.754,0.09,1.32,0.5
ATOM,727.0,HG2,GLU,108.0,20.454,22.029,107.755,0.09,1.32,0.0
ATOM,728.0,HG3,GLU,108.0,20.38,21.244,106.326,0.09,1.32,0.0
ATOM,729.0,N,TYR,109.0,17.221,21.448,104.651,-0.47,1.85,0.0
ATOM,730.0,CA,TYR,109.0,16.874,20.288,103.838,0.07,2.275,0.0
ATOM,731.0,C,TYR,109.0,18.125,20.002,103.051,0.51,2.0,0.0
ATOM,732.0,O,TYR,109.0,18.714,20.909,102.484,-0.51,1.7,0.0
ATOM,733.0,CB,TYR,109.0,15.728,20.591,102.891,-0.18,2.175,0.0
ATOM,734.0,CG,TYR,109.0,14.508,21.032,103.625,0.0,1.9924,0.0
ATOM,735.0,CD1,TYR,109.0,14.368,22.35,104.059,-0.115,1.9924,0.33
ATOM,736.0,CD2,TYR,109.0,13.538,20.111,104.002,-0.115,1.9924,0.0
ATOM,737.0,CE1,TYR,109.0,13.309,22.733,104.851,-0.115,1.9924,1.81
ATOM,738.0,CE2,TYR,109.0,12.466,20.483,104.803,-0.115,1.9924,0.0
ATOM,739.0,CZ,TYR,109.0,12.361,21.795,105.226,0.11,1.9924,0.0
ATOM,740.0,OH,TYR,109.0,11.323,22.162,106.049,-0.54,1.77,16.32
ATOM,741.0,H,TYR,109.0,17.235,22.416,104.297,0.31,0.2245,0.0
ATOM,742.0,HA,TYR,109.0,16.696,19.529,104.438,0.09,1.32,0.0
ATOM,743.0,HB2,TYR,109.0,16.012,21.317,102.278,0.09,1.32,0.0
ATOM,744.0,HB3,TYR,109.0,15.514,19.766,102.385,0.09,1.32,0.0
ATOM,745.0,HD1,TYR,109.0,15.056,23.03,103.787,0.115,1.3582,0.0
ATOM,746.0,HD2,TYR,109.0,13.611,19.164,103.691,0.115,1.3582,0.0
ATOM,747.0,HE1,TYR,109.0,13.219,23.684,105.156,0.115,1.3582,3.85
ATOM,748.0,HE2,TYR,109.0,11.78,19.81,105.07,0.115,1.3582,0.0
ATOM,749.0,HH,TYR,109.0,10.735,21.371,106.209,0.43,0.2245,4.26
ATOM,750.0,N,PHE,110.0,18.544,18.747,103.015,-0.47,1.85,0.0
ATOM,751.0,CA,PHE,110.0,19.765,18.389,102.31,0.07,2.275,0.0
ATOM,752.0,C,PHE,110.0,19.529,17.526,101.052,0.51,2.0,0.0
ATOM,753.0,O,PHE,110.0,18.782,16.542,101.088,-0.51,1.7,2.97
ATOM,754.0,CB,PHE,110.0,20.71,17.678,103.299,-0.18,2.175,0.66
ATOM,755.0,CG,PHE,110.0,21.932,17.068,102.663,0.0,1.9924,0.37
ATOM,756.0,CD1,PHE,110.0,22.971,17.869,102.184,-0.115,1.9924,2.85
ATOM,757.0,CD2,PHE,110.0,22.021,15.692,102.523,-0.115,1.9924,10.15
ATOM,758.0,CE1,PHE,110.0,24.085,17.285,101.568,-0.115,1.9924,8.1
ATOM,759.0,CE2,PHE,110.0,23.126,15.106,101.903,-0.115,1.9924,11.39
ATOM,760.0,CZ,PHE,110.0,24.157,15.904,101.426,-0.115,1.9924,10.36
ATOM,761.0,H,PHE,110.0,17.947,18.067,103.515,0.31,0.2245,0.0
ATOM,762.0,HA,PHE,110.0,20.188,19.253,101.984,0.09,1.32,0.0
ATOM,763.0,HB2,PHE,110.0,21.011,18.35,103.96,0.09,1.32,0.0
ATOM,764.0,HB3,PHE,110.0,20.196,16.953,103.734,0.09,1.32,2.74
ATOM,765.0,HD1,PHE,110.0,22.927,18.852,102.278,0.115,1.3582,0.0
ATOM,766.0,HD2,PHE,110.0,21.287,15.108,102.87,0.115,1.3582,12.71
ATOM,767.0,HE1,PHE,110.0,24.826,17.874,101.231,0.115,1.3582,2.25
ATOM,768.0,HE2,PHE,110.0,23.166,14.1,101.804,0.115,1.3582,12.34
ATOM,769.0,HZ,PHE,110.0,24.951,15.491,100.982,0.115,1.3582,8.15
ATOM,770.0,N,PHE,111.0,20.128,17.927,99.935,-0.47,1.85,0.0
ATOM,771.0,CA,PHE,111.0,20.001,17.186,98.689,0.07,2.275,0.02
ATOM,772.0,C,PHE,111.0,21.422,16.89,98.195,0.51,2.0,0.0
ATOM,773.0,O,PHE,111.0,22.21,17.791,97.938,-0.51,1.7,0.0
ATOM,774.0,CB,PHE,111.0,19.197,17.998,97.646,-0.18,2.175,0.0
ATOM,775.0,CG,PHE,111.0,17.733,18.181,98.008,0.0,1.9924,0.0
ATOM,776.0,CD1,PHE,111.0,16.775,17.199,97.717,-0.115,1.9924,0.0
ATOM,777.0,CD2,PHE,111.0,17.321,19.308,98.714,-0.115,1.9924,0.0
ATOM,778.0,CE1,PHE,111.0,15.444,17.354,98.102,-0.115,1.9924,0.0
ATOM,779.0,CE2,PHE,111.0,15.987,19.472,99.108,-0.115,1.9924,0.0
ATOM,780.0,CZ,PHE,111.0,15.048,18.488,98.806,-0.115,1.9924,0.0
ATOM,781.0,H,PHE,111.0,20.684,18.8,100.029,0.31,0.2245,0.0
ATOM,782.0,HA,PHE,111.0,19.589,16.31,98.906,0.09,1.32,0.23
ATOM,783.0,HB2,PHE,111.0,19.607,18.891,97.582,0.09,1.32,0.0
ATOM,784.0,HB3,PHE,111.0,19.239,17.511,96.791,0.09,1.32,0.0
ATOM,785.0,HD1,PHE,111.0,17.049,16.376,97.228,0.115,1.3582,0.51
ATOM,786.0,HD2,PHE,111.0,17.989,20.017,98.947,0.115,1.3582,0.0
ATOM,787.0,HE1,PHE,111.0,14.774,16.641,97.866,0.115,1.3582,0.0
ATOM,788.0,HE2,PHE,111.0,15.715,20.305,99.608,0.115,1.3582,0.0
ATOM,789.0,HZ,PHE,111.0,14.1,18.592,99.091,0.115,1.3582,0.0
ATOM,790.0,N,ASP,112.0,21.741,15.602,98.124,-0.47,1.85,0.0
ATOM,791.0,CA,ASP,112.0,23.051,15.087,97.708,0.07,2.275,0.0
ATOM,792.0,C,ASP,112.0,23.034,15.058,96.181,0.51,2.0,0.1
ATOM,793.0,O,ASP,112.0,23.214,14.003,95.569,-0.51,1.7,17.9
ATOM,794.0,CB,ASP,112.0,23.213,13.671,98.295,-0.28,2.175,9.2
ATOM,795.0,CG,ASP,112.0,24.608,13.092,98.116,0.62,2.0,1.43
ATOM,796.0,OD1,ASP,112.0,25.549,13.839,97.785,-0.76,1.7,26.16
ATOM,797.0,OD2,ASP,112.0,24.754,11.867,98.329,-0.76,1.7,47.17
ATOM,798.0,H,ASP,112.0,20.95,14.955,98.4,0.31,0.2245,7.64
ATOM,799.0,HA,ASP,112.0,23.728,15.754,97.98,0.09,1.32,0.0
ATOM,800.0,HB2,ASP,112.0,23.01,13.722,99.269,0.09,1.32,0.0
ATOM,801.0,HB3,ASP,112.0,22.558,13.077,97.839,0.09,1.32,8.02
ATOM,802.0,N,ARG,113.0,22.847,16.229,95.576,-0.47,1.85,0.0
ATOM,803.0,CA,ARG,113.0,22.737,16.3,94.139,0.07,2.275,2.43
ATOM,804.0,C,ARG,113.0,23.485,17.402,93.396,0.51,2.0,1.89
ATOM,805.0,O,ARG,113.0,24.201,18.222,93.973,-0.51,1.7,1.65
ATOM,806.0,CB,ARG,113.0,21.256,16.401,93.769,-0.18,2.175,0.84
ATOM,807.0,CG,ARG,113.0,20.387,15.379,94.475,-0.18,2.175,2.67
ATOM,808.0,CD,ARG,113.0,18.925,15.523,94.104,0.2,2.175,0.19
ATOM,809.0,NE,ARG,113.0,18.696,15.284,92.68,-0.7,1.85,0.0
ATOM,810.0,CZ,ARG,113.0,18.449,14.086,92.156,0.64,2.0,0.82
ATOM,811.0,NH1,ARG,113.0,18.419,13.006,92.924,-0.8,1.85,12.4
ATOM,812.0,NH2,ARG,113.0,18.247,13.967,90.844,-0.8,1.85,4.68
ATOM,813.0,H,ARG,113.0,22.791,17.044,96.208,0.31,0.2245,0.0
ATOM,814.0,HA,ARG,113.0,23.046,15.387,93.742,0.09,1.32,6.36
ATOM,815.0,HB2,ARG,113.0,20.935,17.308,94.018,0.09,1.32,0.0
ATOM,816.0,HB3,ARG,113.0,21.17,16.259,92.79,0.09,1.32,0.07
ATOM,817.0,HG2,ARG,113.0,20.684,14.458,94.223,0.09,1.32,2.91
ATOM,818.0,HG3,ARG,113.0,20.47,15.498,95.464,0.09,1.32,0.0
ATOM,819.0,HD2,ARG,113.0,18.401,14.862,94.635,0.09,1.32,1.05
ATOM,820.0,HD3,ARG,113.0,18.636,16.45,94.331,0.09,1.32,0.0
ATOM,821.0,HE,ARG,113.0,18.727,16.073,92.059,0.44,0.2245,0.0
ATOM,822.0,HH11,ARG,113.0,18.561,13.075,93.909,0.46,0.2245,7.04
ATOM,823.0,HH12,ARG,113.0,18.25,12.105,92.511,0.46,0.2245,16.51
ATOM,824.0,HH21,ARG,113.0,18.263,14.784,90.266,0.46,0.2245,0.0
ATOM,825.0,HH22,ARG,113.0,18.08,13.07,90.443,0.46,0.2245,11.82
ATOM,826.0,N,ASN,114.0,23.276,17.371,92.081,-0.47,1.85,3.26
ATOM,827.0,CA,ASN,114.0,23.867,18.312,91.145,0.07,2.275,2.72
ATOM,828.0,C,ASN,114.0,23.642,19.741,91.608,0.51,2.0,0.0
ATOM,829.0,O,ASN,114.0,22.505,20.221,91.72,-0.51,1.7,0.23
ATOM,830.0,CB,ASN,114.0,23.267,18.097,89.754,-0.18,2.175,0.18
ATOM,831.0,CG,ASN,114.0,23.807,19.062,88.729,0.55,2.0,0.0
ATOM,832.0,H,ASN,114.0,22.634,16.592,91.775,0.31,0.2245,3.2
ATOM,833.0,HA,ASN,114.0,24.861,18.154,91.149,0.09,1.32,4.63
ATOM,834.0,HB2,ASN,114.0,23.479,17.166,89.463,0.09,1.32,7.23
ATOM,835.0,HB3,ASN,114.0,22.278,18.216,89.819,0.09,1.32,0.0
ATOM,836.0,OD1,ASN,114.0,23.1,19.958,88.278,-0.55,1.7,0.0
ATOM,837.0,ND2,ASN,114.0,25.073,18.89,88.362,-0.62,1.85,7.66
ATOM,838.0,HD22,ASN,114.0,25.611,18.145,88.76,0.3,0.2245,14.58
ATOM,839.0,HD21,ASN,114.0,25.488,19.502,87.69,0.32,0.2245,5.76
ATOM,840.0,N,ARG,115.0,24.756,20.408,91.878,-0.47,1.85,0.0
ATOM,841.0,CA,ARG,115.0,24.774,21.776,92.355,0.07,2.275,0.0
ATOM,842.0,C,ARG,115.0,24.412,22.836,91.336,0.51,2.0,0.0
ATOM,843.0,O,ARG,115.0,23.522,23.654,91.572,-0.51,1.7,0.51
ATOM,844.0,CB,ARG,115.0,26.156,22.103,92.896,-0.18,2.175,0.73
ATOM,845.0,CG,ARG,115.0,26.472,21.447,94.21,-0.18,2.175,0.15
ATOM,846.0,CD,ARG,115.0,27.961,21.437,94.413,0.2,2.175,14.18
ATOM,847.0,NE,ARG,115.0,28.53,22.773,94.542,-0.7,1.85,4.74
ATOM,848.0,CZ,ARG,115.0,28.985,23.26,95.691,0.64,2.0,1.75
ATOM,849.0,NH1,ARG,115.0,28.923,22.507,96.786,-0.8,1.85,9.81
ATOM,850.0,NH2,ARG,115.0,29.52,24.475,95.75,-0.8,1.85,15.52
ATOM,851.0,H,ARG,115.0,25.635,19.85,91.714,0.31,0.2245,3.95
ATOM,852.0,HA,ARG,115.0,24.12,21.852,93.146,0.09,1.32,0.0
ATOM,853.0,HB2,ARG,115.0,26.832,21.804,92.224,0.09,1.32,0.12
ATOM,854.0,HB3,ARG,115.0,26.218,23.093,93.016,0.09,1.32,0.39
ATOM,855.0,HG2,ARG,115.0,26.057,21.959,94.95,0.09,1.32,0.0
ATOM,856.0,HG3,ARG,115.0,26.15,20.51,94.204,0.09,1.32,0.06
ATOM,857.0,HD2,ARG,115.0,28.164,20.915,95.245,0.09,1.32,0.38
ATOM,858.0,HD3,ARG,115.0,28.384,20.977,93.628,0.09,1.32,9.88
ATOM,859.0,HE,ARG,115.0,28.58,23.35,93.727,0.44,0.2245,8.92
ATOM,860.0,HH11,ARG,115.0,28.564,21.582,96.766,0.46,0.2245,0.18
ATOM,861.0,HH12,ARG,115.0,29.252,22.888,97.664,0.46,0.2245,6.84
ATOM,862.0,HH21,ARG,115.0,29.594,25.015,94.905,0.46,0.2245,14.38
ATOM,863.0,HH22,ARG,115.0,29.843,24.844,96.613,0.46,0.2245,13.65
ATOM,864.0,N,PRO,116.0,25.103,22.849,90.19,-0.29,1.85,0.05
ATOM,865.0,CA,PRO,116.0,24.76,23.883,89.215,0.02,2.275,1.76
ATOM,866.0,C,PRO,116.0,23.322,23.902,88.702,0.51,2.0,0.0
ATOM,867.0,O,PRO,116.0,22.859,24.923,88.205,-0.51,1.7,1.8
ATOM,868.0,CB,PRO,116.0,25.799,23.685,88.114,-0.18,2.175,16.54
ATOM,869.0,CG,PRO,116.0,26.124,22.234,88.197,-0.18,2.175,7.36
ATOM,870.0,CD,PRO,116.0,26.17,21.966,89.682,0.0,2.175,8.54
ATOM,871.0,HA,PRO,116.0,25.014,24.815,89.585,0.09,1.32,7.07
ATOM,872.0,HB2,PRO,116.0,25.416,23.918,87.22,0.09,1.32,0.59
ATOM,873.0,HB3,PRO,116.0,26.608,24.246,88.285,0.09,1.32,11.62
ATOM,874.0,HG2,PRO,116.0,25.415,21.685,87.76,0.09,1.32,0.0
ATOM,875.0,HG3,PRO,116.0,27.008,22.043,87.775,0.09,1.32,11.33
ATOM,876.0,HD2,PRO,116.0,25.965,21.015,89.886,0.09,1.32,0.0
ATOM,877.0,HD3,PRO,116.0,27.051,22.22,90.071,0.09,1.32,7.39
ATOM,878.0,N,SER,117.0,22.597,22.798,88.837,-0.47,1.85,0.0
ATOM,879.0,CA,SER,117.0,21.211,22.775,88.374,0.07,2.275,0.0
ATOM,880.0,C,SER,117.0,20.273,23.538,89.294,0.51,2.0,0.0
ATOM,881.0,O,SER,117.0,19.217,24.0,88.87,-0.51,1.7,0.0
ATOM,882.0,CB,SER,117.0,20.673,21.344,88.282,0.05,2.175,0.05
ATOM,883.0,OG,SER,117.0,21.161,20.674,87.138,-0.66,1.77,0.0
ATOM,884.0,H,SER,117.0,23.072,22.001,89.274,0.31,0.2245,0.0
ATOM,885.0,HA,SER,117.0,21.181,23.217,87.462,0.09,1.32,0.0
ATOM,886.0,HB2,SER,117.0,20.955,20.844,89.099,0.09,1.32,0.0
ATOM,887.0,HB3,SER,117.0,19.676,21.381,88.238,0.09,1.32,0.0
ATOM,888.0,HG,SER,117.0,22.054,20.272,87.34,0.43,0.2245,0.0
ATOM,889.0,N,PHE,118.0,20.652,23.673,90.557,-0.47,1.85,0.11
ATOM,890.0,CA,PHE,118.0,19.773,24.302,91.521,0.07,2.275,0.04
ATOM,891.0,C,PHE,118.0,19.449,25.795,91.427,0.51,2.0,0.0
ATOM,892.0,O,PHE,118.0,18.356,26.187,91.847,-0.51,1.7,0.0
ATOM,893.0,CB,PHE,118.0,20.209,23.954,92.945,-0.18,2.175,0.05
ATOM,894.0,CG,PHE,118.0,19.088,24.024,93.93,0.0,1.9924,0.0
ATOM,895.0,CD1,PHE,118.0,18.164,22.986,94.048,-0.115,1.9924,0.0
ATOM,896.0,CD2,PHE,118.0,18.902,25.173,94.68,-0.115,1.9924,0.0
ATOM,897.0,CE1,PHE,118.0,17.069,23.105,94.894,-0.115,1.9924,0.0
ATOM,898.0,CE2,PHE,118.0,17.809,25.3,95.527,-0.115,1.9924,0.0
ATOM,899.0,CZ,PHE,118.0,16.889,24.265,95.635,-0.115,1.9924,0.0
ATOM,900.0,H,PHE,118.0,21.589,23.305,90.779,0.31,0.2245,0.0
ATOM,901.0,HA,PHE,118.0,18.855,23.806,91.453,0.09,1.32,0.0
ATOM,902.0,HB2,PHE,118.0,20.557,23.032,92.936,0.09,1.32,0.0
ATOM,903.0,HB3,PHE,118.0,20.9,24.604,93.215,0.09,1.32,0.0
ATOM,904.0,HD1,PHE,118.0,18.289,22.151,93.523,0.115,1.3582,0.07
ATOM,905.0,HD2,PHE,118.0,19.563,25.922,94.613,0.115,1.3582,0.0
ATOM,906.0,HE1,PHE,118.0,16.41,22.347,94.964,0.115,1.3582,0.0
ATOM,907.0,HE2,PHE,118.0,17.686,26.151,96.063,0.115,1.3582,0.0
ATOM,908.0,HZ,PHE,118.0,16.102,24.351,96.242,0.115,1.3582,0.0
ATOM,909.0,N,ASP,119.0,20.348,26.632,90.903,-0.47,1.85,0.0
ATOM,910.0,CA,ASP,119.0,20.028,28.061,90.766,0.07,2.275,1.54
ATOM,911.0,C,ASP,119.0,18.706,28.097,90.011,0.51,2.0,0.08
ATOM,912.0,O,ASP,119.0,17.769,28.8,90.382,-0.51,1.7,2.43
ATOM,913.0,CB,ASP,119.0,21.016,28.822,89.867,-0.28,2.175,12.79
ATOM,914.0,CG,ASP,119.0,22.305,29.218,90.561,0.62,2.0,2.76
ATOM,915.0,OD1,ASP,119.0,22.272,29.741,91.697,-0.76,1.7,26.21
ATOM,916.0,OD2,ASP,119.0,23.368,29.036,89.927,-0.76,1.7,38.28
ATOM,917.0,H,ASP,119.0,21.237,26.212,90.619,0.31,0.2245,0.02
ATOM,918.0,HA,ASP,119.0,19.859,28.409,91.671,0.09,1.32,0.45
ATOM,919.0,HB2,ASP,119.0,21.236,28.233,89.091,0.09,1.32,0.04
ATOM,920.0,HB3,ASP,119.0,20.558,29.647,89.543,0.09,1.32,9.09
ATOM,921.0,N,ALA,120.0,18.66,27.315,88.937,-0.47,1.85,0.0
ATOM,922.0,CA,ALA,120.0,17.494,27.233,88.074,0.07,2.275,2.08
ATOM,923.0,C,ALA,120.0,16.267,26.626,88.741,0.51,2.0,0.0
ATOM,924.0,O,ALA,120.0,15.151,27.048,88.455,-0.51,1.7,0.13
ATOM,925.0,CB,ALA,120.0,17.837,26.452,86.795,-0.27,2.06,1.8
ATOM,926.0,H,ALA,120.0,19.535,26.766,88.769,0.31,0.2245,0.0
ATOM,927.0,HA,ALA,120.0,17.254,28.175,87.76,0.09,1.32,3.7
ATOM,928.0,HB1,ALA,120.0,18.823,26.308,86.755,0.09,1.32,0.0
ATOM,929.0,HB2,ALA,120.0,17.367,25.573,86.814,0.09,1.32,0.0
ATOM,930.0,HB3,ALA,120.0,17.539,26.978,86.002,0.09,1.32,0.11
ATOM,931.0,N,ILE,121.0,16.444,25.642,89.619,-0.47,1.85,0.0
ATOM,932.0,CA,ILE,121.0,15.258,25.083,90.256,0.07,2.275,0.0
ATOM,933.0,C,ILE,121.0,14.652,26.146,91.157,0.51,2.0,0.0
ATOM,934.0,O,ILE,121.0,13.441,26.355,91.152,-0.51,1.7,0.0
ATOM,935.0,CB,ILE,121.0,15.54,23.838,91.122,-0.09,2.275,0.0
ATOM,936.0,CG1,ILE,121.0,16.088,22.707,90.249,-0.18,2.175,0.0
ATOM,937.0,CG2,ILE,121.0,14.266,23.404,91.833,-0.27,2.06,0.0
ATOM,938.0,CD1,ILE,121.0,15.287,22.47,88.979,-0.27,2.06,0.0
ATOM,939.0,H,ILE,121.0,17.395,25.345,89.787,0.31,0.2245,0.0
ATOM,940.0,HA,ILE,121.0,14.6,24.916,89.527,0.09,1.32,0.0
ATOM,941.0,HB,ILE,121.0,16.236,24.08,91.787,0.09,1.32,0.0
ATOM,942.0,HG12,ILE,121.0,17.029,22.926,90.0,0.09,1.32,0.0
ATOM,943.0,HG13,ILE,121.0,16.086,21.866,90.788,0.09,1.32,0.0
ATOM,944.0,HG21,ILE,121.0,14.46,22.615,92.414,0.09,1.32,0.0
ATOM,945.0,HG22,ILE,121.0,13.926,24.155,92.396,0.09,1.32,0.0
ATOM,946.0,HG23,ILE,121.0,13.574,23.156,91.157,0.09,1.32,0.0
ATOM,947.0,HD11,ILE,121.0,15.292,23.302,88.428,0.09,1.32,0.0
ATOM,948.0,HD12,ILE,121.0,15.702,21.722,88.465,0.09,1.32,0.0
ATOM,949.0,HD13,ILE,121.0,14.349,22.232,89.223,0.09,1.32,0.0
ATOM,950.0,N,LEU,122.0,15.496,26.842,91.911,-0.47,1.85,0.0
ATOM,951.0,CA,LEU,122.0,15.004,27.877,92.806,0.07,2.275,0.0
ATOM,952.0,C,LEU,122.0,14.439,29.106,92.088,0.51,2.0,0.0
ATOM,953.0,O,LEU,122.0,13.418,29.645,92.52,-0.51,1.7,0.0
ATOM,954.0,CB,LEU,122.0,16.098,28.306,93.785,-0.18,2.175,0.04
ATOM,955.0,CG,LEU,122.0,15.692,29.475,94.689,-0.09,2.275,0.02
ATOM,956.0,CD1,LEU,122.0,14.531,29.06,95.582,-0.27,2.06,0.0
ATOM,957.0,CD2,LEU,122.0,16.884,29.93,95.524,-0.27,2.06,4.31
ATOM,958.0,H,LEU,122.0,16.491,26.591,91.808,0.31,0.2245,0.0
ATOM,959.0,HA,LEU,122.0,14.262,27.482,93.381,0.09,1.32,0.0
ATOM,960.0,HB2,LEU,122.0,16.305,27.539,94.369,0.09,1.32,0.0
ATOM,961.0,HB3,LEU,122.0,16.882,28.593,93.263,0.09,1.32,0.0
ATOM,962.0,HG,LEU,122.0,15.415,30.244,94.119,0.09,1.32,0.0
ATOM,963.0,HD11,LEU,122.0,14.807,28.284,96.15,0.09,1.32,0.0
ATOM,964.0,HD12,LEU,122.0,14.271,29.827,96.169,0.09,1.32,0.0
ATOM,965.0,HD13,LEU,122.0,13.751,28.796,95.014,0.09,1.32,0.0
ATOM,966.0,HD21,LEU,122.0,17.622,30.225,94.917,0.09,1.32,6.35
ATOM,967.0,HD22,LEU,122.0,16.609,30.692,96.11,0.09,1.32,0.0
ATOM,968.0,HD23,LEU,122.0,17.202,29.171,96.092,0.09,1.32,0.0
ATOM,969.0,N,TYR,123.0,15.068,29.551,90.999,-0.47,1.85,0.08
ATOM,970.0,CA,TYR,123.0,14.558,30.72,90.283,0.07,2.275,0.0
ATOM,971.0,C,TYR,123.0,13.179,30.414,89.719,0.51,2.0,0.0
ATOM,972.0,O,TYR,123.0,12.364,31.303,89.49,-0.51,1.7,0.0
ATOM,973.0,CB,TYR,123.0,15.487,31.138,89.142,-0.18,2.175,5.19
ATOM,974.0,CG,TYR,123.0,15.09,32.45,88.493,0.0,1.9924,0.41
ATOM,975.0,CD1,TYR,123.0,15.027,33.632,89.237,-0.115,1.9924,9.17
ATOM,976.0,CD2,TYR,123.0,14.776,32.514,87.139,-0.115,1.9924,8.31
ATOM,977.0,CE1,TYR,123.0,14.658,34.843,88.637,-0.115,1.9924,11.84
ATOM,978.0,CE2,TYR,123.0,14.407,33.719,86.53,-0.115,1.9924,10.1
ATOM,979.0,CZ,TYR,123.0,14.352,34.876,87.285,0.11,1.9924,1.65
ATOM,980.0,OH,TYR,123.0,14.001,36.063,86.689,-0.54,1.77,21.47
ATOM,981.0,H,TYR,123.0,15.903,29.023,90.722,0.31,0.2245,0.0
ATOM,982.0,HA,TYR,123.0,14.471,31.475,90.936,0.09,1.32,0.0
ATOM,983.0,HB2,TYR,123.0,16.407,31.238,89.507,0.09,1.32,5.59
ATOM,984.0,HB3,TYR,123.0,15.466,30.429,88.445,0.09,1.32,0.22
ATOM,985.0,HD1,TYR,123.0,15.247,33.618,90.21,0.115,1.3582,1.49
ATOM,986.0,HD2,TYR,123.0,14.814,31.684,86.584,0.115,1.3582,2.52
ATOM,987.0,HE1,TYR,123.0,14.618,35.678,89.186,0.115,1.3582,16.11
ATOM,988.0,HE2,TYR,123.0,14.186,33.737,85.557,0.115,1.3582,0.67
ATOM,989.0,HH,TYR,123.0,13.007,36.16,86.71,0.43,0.2245,4.38
ATOM,990.0,N,PHE,124.0,12.931,29.133,89.494,-0.47,1.85,0.0
ATOM,991.0,CA,PHE,124.0,11.644,28.69,88.992,0.07,2.275,0.0
ATOM,992.0,C,PHE,124.0,10.558,29.19,89.947,0.51,2.0,0.0
ATOM,993.0,O,PHE,124.0,9.531,29.711,89.508,-0.51,1.7,0.0
ATOM,994.0,CB,PHE,124.0,11.616,27.17,88.917,-0.18,2.175,0.0
ATOM,995.0,CG,PHE,124.0,10.279,26.616,88.569,0.0,1.9924,0.0
ATOM,996.0,CD1,PHE,124.0,9.871,26.542,87.242,-0.115,1.9924,0.0
ATOM,997.0,CD2,PHE,124.0,9.426,26.165,89.562,-0.115,1.9924,0.0
ATOM,998.0,CE1,PHE,124.0,8.618,26.037,86.916,-0.115,1.9924,0.0
ATOM,999.0,CE2,PHE,124.0,8.18,25.656,89.252,-0.115,1.9924,0.0
ATOM,1000.0,CZ,PHE,124.0,7.772,25.585,87.922,-0.115,1.9924,0.14
ATOM,1001.0,H,PHE,124.0,13.719,28.491,89.704,0.31,0.2245,0.0
ATOM,1002.0,HA,PHE,124.0,11.49,29.149,88.121,0.09,1.32,0.0
ATOM,1003.0,HB2,PHE,124.0,12.26,26.89,88.219,0.09,1.32,0.0
ATOM,1004.0,HB3,PHE,124.0,11.876,26.819,89.805,0.09,1.32,0.0
ATOM,1005.0,HD1,PHE,124.0,10.477,26.85,86.518,0.115,1.3582,0.0
ATOM,1006.0,HD2,PHE,124.0,9.719,26.208,90.521,0.115,1.3582,0.0
ATOM,1007.0,HE1,PHE,124.0,8.33,26.003,85.953,0.115,1.3582,0.0
ATOM,1008.0,HE2,PHE,124.0,7.565,25.337,89.99,0.115,1.3582,0.0
ATOM,1009.0,HZ,PHE,124.0,6.877,25.211,87.69,0.115,1.3582,3.89
ATOM,1010.0,N,TYR,125.0,10.779,29.024,91.251,-0.47,1.85,0.0
ATOM,1011.0,CA,TYR,125.0,9.807,29.48,92.243,0.07,2.275,0.0
ATOM,1012.0,C,TYR,125.0,9.804,30.997,92.397,0.51,2.0,0.0
ATOM,1013.0,O,TYR,125.0,8.74,31.61,92.446,-0.51,1.7,0.01
ATOM,1014.0,CB,TYR,125.0,10.058,28.866,93.638,-0.18,2.175,0.0
ATOM,1015.0,CG,TYR,125.0,9.962,27.359,93.691,0.0,1.9924,0.0
ATOM,1016.0,CD1,TYR,125.0,11.01,26.564,93.26,-0.115,1.9924,0.0
ATOM,1017.0,CD2,TYR,125.0,8.789,26.722,94.13,-0.115,1.9924,0.0
ATOM,1018.0,CE1,TYR,125.0,10.917,25.181,93.249,-0.115,1.9924,0.0
ATOM,1019.0,CE2,TYR,125.0,8.683,25.336,94.123,-0.115,1.9924,0.0
ATOM,1020.0,CZ,TYR,125.0,9.748,24.573,93.679,0.11,1.9924,0.0
ATOM,1021.0,OH,TYR,125.0,9.643,23.2,93.628,-0.54,1.77,0.0
ATOM,1022.0,H,TYR,125.0,11.669,28.559,91.49,0.31,0.2245,0.0
ATOM,1023.0,HA,TYR,125.0,8.886,29.194,91.936,0.09,1.32,0.0
ATOM,1024.0,HB2,TYR,125.0,10.975,29.135,93.93,0.09,1.32,0.0
ATOM,1025.0,HB3,TYR,125.0,9.381,29.247,94.266,0.09,1.32,0.0
ATOM,1026.0,HD1,TYR,125.0,11.863,26.997,92.945,0.115,1.3582,0.0
ATOM,1027.0,HD2,TYR,125.0,8.027,27.275,94.45,0.115,1.3582,0.0
ATOM,1028.0,HE1,TYR,125.0,11.687,24.625,92.935,0.115,1.3582,0.0
ATOM,1029.0,HE2,TYR,125.0,7.843,24.895,94.436,0.115,1.3582,0.0
ATOM,1030.0,HH,TYR,125.0,8.738,22.929,93.951,0.43,0.2245,0.0
ATOM,1031.0,N,GLN,126.0,10.982,31.611,92.475,-0.47,1.85,0.0
ATOM,1032.0,CA,GLN,126.0,11.05,33.065,92.64,0.07,2.275,0.73
ATOM,1033.0,C,GLN,126.0,10.461,33.828,91.463,0.51,2.0,0.12
ATOM,1034.0,O,GLN,126.0,9.89,34.908,91.629,-0.51,1.7,29.41
ATOM,1035.0,CB,GLN,126.0,12.498,33.528,92.856,-0.18,2.175,3.92
ATOM,1036.0,CG,GLN,126.0,13.168,32.98,94.115,-0.18,2.175,1.91
ATOM,1037.0,CD,GLN,126.0,14.682,33.085,94.055,0.55,2.0,1.58
ATOM,1038.0,H,GLN,126.0,11.807,31.001,92.412,0.31,0.2245,0.0
ATOM,1039.0,HA,GLN,126.0,10.513,33.306,93.466,0.09,1.32,2.32
ATOM,1040.0,HB2,GLN,126.0,13.047,33.243,92.065,0.09,1.32,0.0
ATOM,1041.0,HB3,GLN,126.0,12.509,34.532,92.912,0.09,1.32,9.8
ATOM,1042.0,HG2,GLN,126.0,12.843,33.501,94.901,0.09,1.32,5.43
ATOM,1043.0,HG3,GLN,126.0,12.917,32.02,94.216,0.09,1.32,0.0
ATOM,1044.0,OE1,GLN,126.0,15.286,32.918,92.991,-0.55,1.7,10.88
ATOM,1045.0,NE2,GLN,126.0,15.307,33.343,95.204,-0.62,1.85,14.4
ATOM,1046.0,HE21,GLN,126.0,16.317,33.413,95.242,0.32,0.2245,15.11
ATOM,1047.0,HE22,GLN,126.0,14.748,33.47,96.046,0.3,0.2245,7.76
ATOM,1048.0,N,SER,127.0,10.58,33.255,90.274,-0.47,1.85,0.0
ATOM,1049.0,CA,SER,127.0,10.095,33.897,89.061,0.07,2.275,1.42
ATOM,1050.0,C,SER,127.0,8.638,33.618,88.71,0.51,2.0,1.39
ATOM,1051.0,O,SER,127.0,8.121,34.156,87.735,-0.51,1.7,24.01
ATOM,1052.0,CB,SER,127.0,10.947,33.477,87.885,0.05,2.175,0.09
ATOM,1053.0,OG,SER,127.0,10.697,32.115,87.593,-0.66,1.77,0.0
ATOM,1054.0,H,SER,127.0,11.042,32.323,90.283,0.31,0.2245,0.0
ATOM,1055.0,HA,SER,127.0,10.195,34.91,89.182,0.09,1.32,8.08
ATOM,1056.0,HB2,SER,127.0,10.709,34.024,87.095,0.09,1.32,0.0
ATOM,1057.0,HB3,SER,127.0,11.903,33.585,88.118,0.09,1.32,0.0
ATOM,1058.0,HG,SER,127.0,11.248,31.538,88.194,0.43,0.2245,0.0
ATOM,1059.0,N,GLY,128.0,7.974,32.768,89.482,-0.47,1.85,0.53
ATOM,1060.0,CA,GLY,128.0,6.593,32.469,89.174,-0.02,2.175,10.91
ATOM,1061.0,C,GLY,128.0,6.393,31.422,88.094,0.51,2.0,0.08
ATOM,1062.0,O,GLY,128.0,5.346,31.402,87.442,-0.51,1.7,29.05
ATOM,1063.0,H,GLY,128.0,8.499,32.37,90.265,0.31,0.2245,0.0
ATOM,1064.0,HA2,GLY,128.0,6.116,32.16,90.028,0.09,1.32,0.0
ATOM,1065.0,HA3,GLY,128.0,6.116,33.332,88.892,0.09,1.32,9.4
ATOM,1066.0,N,GLY,129.0,7.39,30.571,87.874,-0.47,1.85,0.0
ATOM,1067.0,CA,GLY,129.0,7.243,29.526,86.878,-0.02,2.175,1.69
ATOM,1068.0,C,GLY,129.0,8.164,29.544,85.669,0.51,2.0,2.04
ATOM,1069.0,O,GLY,129.0,7.919,28.827,84.698,-0.51,1.7,4.24
ATOM,1070.0,H,GLY,129.0,8.231,30.715,88.446,0.31,0.2245,0.0
ATOM,1071.0,HA2,GLY,129.0,7.336,28.603,87.349,0.09,1.32,0.0
ATOM,1072.0,HA3,GLY,129.0,6.258,29.524,86.541,0.09,1.32,5.81
ATOM,1073.0,N,ARG,130.0,9.229,30.338,85.739,-0.47,1.85,1.1
ATOM,1074.0,CA,ARG,130.0,10.197,30.462,84.648,0.07,2.275,2.07
ATOM,1075.0,C,ARG,130.0,11.254,29.344,84.722,0.51,2.0,0.0
ATOM,1076.0,O,ARG,130.0,12.182,29.416,85.522,-0.51,1.7,0.0
ATOM,1077.0,CB,ARG,130.0,10.841,31.859,84.738,-0.18,2.175,1.36
ATOM,1078.0,CG,ARG,130.0,11.868,32.221,83.676,-0.18,2.175,0.25
ATOM,1079.0,CD,ARG,130.0,12.34,33.682,83.837,0.2,2.175,1.2
ATOM,1080.0,NE,ARG,130.0,11.463,34.656,83.182,-0.7,1.85,0.81
ATOM,1081.0,CZ,ARG,130.0,11.291,35.912,83.589,0.64,2.0,2.12
ATOM,1082.0,NH1,ARG,130.0,11.927,36.366,84.659,-0.8,1.85,11.32
ATOM,1083.0,NH2,ARG,130.0,10.494,36.725,82.913,-0.8,1.85,28.14
ATOM,1084.0,H,ARG,130.0,9.316,30.865,86.637,0.31,0.2245,0.0
ATOM,1085.0,HA,ARG,130.0,9.713,30.381,83.771,0.09,1.32,5.31
ATOM,1086.0,HB2,ARG,130.0,10.099,32.541,84.698,0.09,1.32,4.13
ATOM,1087.0,HB3,ARG,130.0,11.287,31.933,85.639,0.09,1.32,0.0
ATOM,1088.0,HG2,ARG,130.0,12.665,31.636,83.763,0.09,1.32,0.0
ATOM,1089.0,HG3,ARG,130.0,11.465,32.134,82.773,0.09,1.32,1.03
ATOM,1090.0,HD2,ARG,130.0,12.381,33.878,84.817,0.09,1.32,0.0
ATOM,1091.0,HD3,ARG,130.0,13.258,33.745,83.445,0.09,1.32,2.74
ATOM,1092.0,HE,ARG,130.0,10.954,34.353,82.366,0.44,0.2245,4.47
ATOM,1093.0,HH11,ARG,130.0,12.559,35.784,85.166,0.46,0.2245,0.0
ATOM,1094.0,HH12,ARG,130.0,11.773,37.312,84.967,0.46,0.2245,16.0
ATOM,1095.0,HH21,ARG,130.0,10.037,36.395,82.082,0.46,0.2245,17.37
ATOM,1096.0,HH22,ARG,130.0,10.347,37.662,83.224,0.46,0.2245,18.08
ATOM,1097.0,N,LEU,131.0,11.114,28.327,83.869,-0.47,1.85,0.0
ATOM,1098.0,CA,LEU,131.0,12.033,27.178,83.856,0.07,2.275,0.0
ATOM,1099.0,C,LEU,131.0,13.126,27.148,82.769,0.51,2.0,0.0
ATOM,1100.0,O,LEU,131.0,12.917,26.586,81.686,-0.51,1.7,3.83
ATOM,1101.0,CB,LEU,131.0,11.224,25.876,83.775,-0.18,2.175,0.0
ATOM,1102.0,CG,LEU,131.0,12.106,24.626,83.749,-0.09,2.275,0.0
ATOM,1103.0,CD1,LEU,131.0,12.95,24.599,85.015,-0.27,2.06,0.0
ATOM,1104.0,CD2,LEU,131.0,11.27,23.37,83.623,-0.27,2.06,0.17
ATOM,1105.0,H,LEU,131.0,10.307,28.414,83.219,0.31,0.2245,3.65
ATOM,1106.0,HA,LEU,131.0,12.504,27.139,84.773,0.09,1.32,0.0
ATOM,1107.0,HB2,LEU,131.0,10.655,25.823,84.574,0.09,1.32,0.0
ATOM,1108.0,HB3,LEU,131.0,10.704,25.893,82.943,0.09,1.32,1.01
ATOM,1109.0,HG,LEU,131.0,12.699,24.664,82.955,0.09,1.32,0.0
ATOM,1110.0,HD11,LEU,131.0,12.351,24.575,85.816,0.09,1.32,0.0
ATOM,1111.0,HD12,LEU,131.0,13.532,23.786,85.011,0.09,1.32,0.0
ATOM,1112.0,HD13,LEU,131.0,13.523,25.418,85.052,0.09,1.32,0.0
ATOM,1113.0,HD21,LEU,131.0,10.738,23.401,82.774,0.09,1.32,0.0
ATOM,1114.0,HD22,LEU,131.0,11.868,22.566,83.608,0.09,1.32,0.0
ATOM,1115.0,HD23,LEU,131.0,10.644,23.301,84.402,0.09,1.32,0.0
ATOM,1116.0,N,ARG,132.0,14.3,27.706,83.09,-0.47,1.85,0.0
ATOM,1117.0,CA,ARG,132.0,15.439,27.768,82.158,0.07,2.275,0.31
ATOM,1118.0,C,ARG,132.0,16.693,26.991,82.585,0.51,2.0,0.0
ATOM,1119.0,O,ARG,132.0,17.298,27.3,83.608,-0.51,1.7,3.82
ATOM,1120.0,CB,ARG,132.0,15.903,29.214,81.941,-0.18,2.175,8.19
ATOM,1121.0,CG,ARG,132.0,14.857,30.313,82.038,-0.18,2.175,2.94
ATOM,1122.0,CD,ARG,132.0,13.832,30.262,80.926,0.2,2.175,3.5
ATOM,1123.0,NE,ARG,132.0,13.084,31.515,80.811,-0.7,1.85,4.57
ATOM,1124.0,CZ,ARG,132.0,13.631,32.687,80.5,0.64,2.0,1.57
ATOM,1125.0,NH1,ARG,132.0,14.934,32.778,80.279,-0.8,1.85,20.77
ATOM,1126.0,NH2,ARG,132.0,12.871,33.773,80.417,-0.8,1.85,14.73
ATOM,1127.0,H,ARG,132.0,14.34,28.094,84.058,0.31,0.2245,0.9
ATOM,1128.0,HA,ARG,132.0,15.13,27.403,81.252,0.09,1.32,3.1
ATOM,1129.0,HB2,ARG,132.0,16.624,29.412,82.622,0.09,1.32,6.92
ATOM,1130.0,HB3,ARG,132.0,16.324,29.269,81.024,0.09,1.32,7.77
ATOM,1131.0,HG2,ARG,132.0,14.373,30.233,82.915,0.09,1.32,0.0
ATOM,1132.0,HG3,ARG,132.0,15.313,31.208,82.002,0.09,1.32,2.82
ATOM,1133.0,HD2,ARG,132.0,14.308,30.087,80.068,0.09,1.32,6.84
ATOM,1134.0,HD3,ARG,132.0,13.196,29.519,81.121,0.09,1.32,0.66
ATOM,1135.0,HE,ARG,132.0,12.092,31.487,80.978,0.44,0.2245,6.97
ATOM,1136.0,HH11,ARG,132.0,15.522,31.974,80.321,0.46,0.2245,5.79
ATOM,1137.0,HH12,ARG,132.0,15.341,33.675,80.063,0.46,0.2245,18.73
ATOM,1138.0,HH21,ARG,132.0,11.883,33.698,80.571,0.46,0.2245,7.32
ATOM,1139.0,HH22,ARG,132.0,13.278,34.657,80.202,0.46,0.2245,16.49
ATOM,1140.0,N,ARG,133.0,17.096,26.012,81.781,-0.47,1.85,0.67
ATOM,1141.0,CA,ARG,133.0,18.305,25.235,82.067,0.07,2.275,0.0
ATOM,1142.0,C,ARG,133.0,19.544,26.126,81.903,0.51,2.0,0.0
ATOM,1143.0,O,ARG,133.0,19.633,26.886,80.941,-0.51,1.7,15.74
ATOM,1144.0,CB,ARG,133.0,18.415,24.059,81.097,-0.18,2.175,0.04
ATOM,1145.0,CG,ARG,133.0,19.807,23.463,81.012,-0.18,2.175,0.0
ATOM,1146.0,CD,ARG,133.0,19.779,22.124,80.309,0.2,2.175,0.0
ATOM,1147.0,NE,ARG,133.0,19.488,22.226,78.884,-0.7,1.85,0.0
ATOM,1148.0,CZ,ARG,133.0,20.358,22.636,77.966,0.64,2.0,0.74
ATOM,1149.0,NH1,ARG,133.0,21.582,22.991,78.315,-0.8,1.85,4.65
ATOM,1150.0,NH2,ARG,133.0,20.002,22.674,76.691,-0.8,1.85,11.26
ATOM,1151.0,H,ARG,133.0,16.496,25.848,80.953,0.31,0.2245,3.95
ATOM,1152.0,HA,ARG,133.0,18.268,24.913,83.013,0.09,1.32,0.0
ATOM,1153.0,HB2,ARG,133.0,17.79,23.346,81.4,0.09,1.32,0.0
ATOM,1154.0,HB3,ARG,133.0,18.158,24.378,80.19,0.09,1.32,0.59
ATOM,1155.0,HG2,ARG,133.0,20.4,24.075,80.498,0.09,1.32,0.0
ATOM,1156.0,HG3,ARG,133.0,20.166,23.327,81.93,0.09,1.32,0.0
ATOM,1157.0,HD2,ARG,133.0,20.674,21.688,80.431,0.09,1.32,0.0
ATOM,1158.0,HD3,ARG,133.0,19.077,21.557,80.748,0.09,1.32,0.0
ATOM,1159.0,HE,ARG,133.0,18.564,21.968,78.572,0.44,0.2245,0.0
ATOM,1160.0,HH11,ARG,133.0,21.884,22.94,79.265,0.46,0.2245,0.0
ATOM,1161.0,HH12,ARG,133.0,22.227,23.319,77.612,0.46,0.2245,10.02
ATOM,1162.0,HH21,ARG,133.0,19.084,22.375,76.42,0.46,0.2245,0.0
ATOM,1163.0,HH22,ARG,133.0,20.644,22.998,75.998,0.46,0.2245,18.48
ATOM,1164.0,N,PRO,134.0,20.51,26.047,82.841,-0.29,1.85,0.0
ATOM,1165.0,CA,PRO,134.0,21.703,26.885,82.694,0.02,2.275,1.75
ATOM,1166.0,C,PRO,134.0,22.486,26.352,81.5,0.51,2.0,0.0
ATOM,1167.0,O,PRO,134.0,22.504,25.152,81.259,-0.51,1.7,0.0
ATOM,1168.0,CB,PRO,134.0,22.444,26.676,84.014,-0.18,2.175,6.93
ATOM,1169.0,CG,PRO,134.0,21.362,26.297,84.975,-0.18,2.175,2.52
ATOM,1170.0,CD,PRO,134.0,20.514,25.372,84.148,0.0,2.175,0.0
ATOM,1171.0,HA,PRO,134.0,21.459,27.837,82.566,0.09,1.32,7.71
ATOM,1172.0,HB2,PRO,134.0,23.12,25.943,83.93,0.09,1.32,0.0
ATOM,1173.0,HB3,PRO,134.0,22.9,27.517,84.303,0.09,1.32,11.21
ATOM,1174.0,HG2,PRO,134.0,21.741,25.827,85.762,0.09,1.32,0.0
ATOM,1175.0,HG3,PRO,134.0,20.848,27.098,85.257,0.09,1.32,4.56
ATOM,1176.0,HD2,PRO,134.0,20.923,24.468,84.075,0.09,1.32,0.0
ATOM,1177.0,HD3,PRO,134.0,19.588,25.301,84.51,0.09,1.32,0.0
ATOM,1178.0,N,VAL,135.0,23.14,27.246,80.771,-0.47,1.85,0.0
ATOM,1179.0,CA,VAL,135.0,23.875,26.851,79.582,0.07,2.275,1.31
ATOM,1180.0,C,VAL,135.0,24.88,25.708,79.796,0.51,2.0,0.0
ATOM,1181.0,O,VAL,135.0,25.018,24.845,78.927,-0.51,1.7,17.68
ATOM,1182.0,CB,VAL,135.0,24.516,28.12,78.92,-0.09,2.275,3.61
ATOM,1183.0,CG1,VAL,135.0,23.812,29.374,79.445,-0.27,2.06,36.42
ATOM,1184.0,CG2,VAL,135.0,26.006,28.187,79.157,-0.27,2.06,28.63
ATOM,1185.0,H,VAL,135.0,23.081,28.221,81.115,0.31,0.2245,1.88
ATOM,1186.0,HA,VAL,135.0,23.202,26.536,78.881,0.09,1.32,5.77
ATOM,1187.0,HB,VAL,135.0,24.335,28.066,77.952,0.09,1.32,11.21
ATOM,1188.0,HG11,VAL,135.0,24.395,29.821,80.121,0.09,1.32,8.35
ATOM,1189.0,HG12,VAL,135.0,23.64,29.998,78.685,0.09,1.32,11.45
ATOM,1190.0,HG13,VAL,135.0,22.946,29.113,79.868,0.09,1.32,1.69
ATOM,1191.0,HG21,VAL,135.0,26.407,28.898,78.577,0.09,1.32,11.63
ATOM,1192.0,HG22,VAL,135.0,26.184,28.404,80.119,0.09,1.32,2.49
ATOM,1193.0,HG23,VAL,135.0,26.422,27.303,78.934,0.09,1.32,3.25
ATOM,1194.0,N,ASP,136.0,25.552,25.664,80.947,-0.47,1.85,0.0
ATOM,1195.0,CA,ASP,136.0,26.499,24.574,81.192,0.07,2.275,2.5
ATOM,1196.0,C,ASP,136.0,25.954,23.363,81.949,0.51,2.0,0.11
ATOM,1197.0,O,ASP,136.0,26.689,22.718,82.693,-0.51,1.7,13.57
ATOM,1198.0,CB,ASP,136.0,27.777,25.049,81.912,-0.28,2.175,16.12
ATOM,1199.0,CG,ASP,136.0,27.607,26.363,82.644,0.62,2.0,2.94
ATOM,1200.0,OD1,ASP,136.0,26.474,26.848,82.815,-0.76,1.7,13.26
ATOM,1201.0,OD2,ASP,136.0,28.643,26.917,83.065,-0.76,1.7,46.86
ATOM,1202.0,H,ASP,136.0,25.357,26.42,81.608,0.31,0.2245,0.0
ATOM,1203.0,HA,ASP,136.0,26.804,24.235,80.273,0.09,1.32,7.55
ATOM,1204.0,HB2,ASP,136.0,28.033,24.344,82.568,0.09,1.32,4.5
ATOM,1205.0,HB3,ASP,136.0,28.49,25.151,81.224,0.09,1.32,11.4
ATOM,1206.0,N,VAL,137.0,24.677,23.041,81.795,-0.47,1.85,0.21
ATOM,1207.0,CA,VAL,137.0,24.158,21.855,82.463,0.07,2.275,0.0
ATOM,1208.0,C,VAL,137.0,23.583,20.985,81.368,0.51,2.0,0.21
ATOM,1209.0,O,VAL,137.0,22.589,21.336,80.732,-0.51,1.7,0.0
ATOM,1210.0,CB,VAL,137.0,23.051,22.177,83.494,-0.09,2.275,0.0
ATOM,1211.0,CG1,VAL,137.0,22.474,20.873,84.058,-0.27,2.06,0.22
ATOM,1212.0,CG2,VAL,137.0,23.634,22.986,84.644,-0.27,2.06,0.48
ATOM,1213.0,H,VAL,137.0,24.124,23.662,81.202,0.31,0.2245,0.0
ATOM,1214.0,HA,VAL,137.0,24.916,21.375,82.878,0.09,1.32,0.75
ATOM,1215.0,HB,VAL,137.0,22.315,22.633,83.014,0.09,1.32,0.0
ATOM,1216.0,HG11,VAL,137.0,22.913,20.098,83.608,0.09,1.32,0.0
ATOM,1217.0,HG12,VAL,137.0,22.647,20.835,85.04,0.09,1.32,0.0
ATOM,1218.0,HG13,VAL,137.0,21.491,20.848,83.888,0.09,1.32,0.0
ATOM,1219.0,HG21,VAL,137.0,23.35,22.578,85.512,0.09,1.32,0.0
ATOM,1220.0,HG22,VAL,137.0,24.632,22.979,84.58,0.09,1.32,0.09
ATOM,1221.0,HG23,VAL,137.0,23.3,23.927,84.589,0.09,1.32,0.0
ATOM,1222.0,N,PRO,138.0,24.245,19.846,81.09,-0.29,1.85,0.15
ATOM,1223.0,CA,PRO,138.0,23.741,18.957,80.039,0.02,2.275,0.94
ATOM,1224.0,C,PRO,138.0,22.23,18.772,80.072,0.51,2.0,0.0
ATOM,1225.0,O,PRO,138.0,21.596,18.82,81.137,-0.51,1.7,0.0
ATOM,1226.0,CB,PRO,138.0,24.492,17.671,80.322,-0.18,2.175,4.16
ATOM,1227.0,CG,PRO,138.0,25.849,18.176,80.73,-0.18,2.175,20.33
ATOM,1228.0,CD,PRO,138.0,25.572,19.422,81.558,0.0,2.175,10.92
ATOM,1229.0,HA,PRO,138.0,24.041,19.286,79.123,0.09,1.32,8.66
ATOM,1230.0,HB2,PRO,138.0,24.07,17.161,81.065,0.09,1.32,0.0
ATOM,1231.0,HB3,PRO,138.0,24.559,17.104,79.508,0.09,1.32,6.68
ATOM,1232.0,HG2,PRO,138.0,26.33,17.49,81.276,0.09,1.32,8.08
ATOM,1233.0,HG3,PRO,138.0,26.396,18.403,79.924,0.09,1.32,11.28
ATOM,1234.0,HD2,PRO,138.0,25.554,19.207,82.532,0.09,1.32,3.4
ATOM,1235.0,HD3,PRO,138.0,26.255,20.129,81.381,0.09,1.32,3.93
ATOM,1236.0,N,LEU,139.0,21.656,18.572,78.889,-0.47,1.85,0.0
ATOM,1237.0,CA,LEU,139.0,20.225,18.361,78.732,0.07,2.275,0.0
ATOM,1238.0,C,LEU,139.0,19.724,17.237,79.637,0.51,2.0,0.02
ATOM,1239.0,O,LEU,139.0,18.675,17.347,80.261,-0.51,1.7,0.0
ATOM,1240.0,CB,LEU,139.0,19.918,17.984,77.289,-0.18,2.175,5.36
ATOM,1241.0,CG,LEU,139.0,18.797,18.672,76.513,-0.09,2.275,1.25
ATOM,1242.0,CD1,LEU,139.0,18.545,17.882,75.24,-0.27,2.06,25.69
ATOM,1243.0,CD2,LEU,139.0,17.522,18.757,77.347,-0.27,2.06,0.0
ATOM,1244.0,H,LEU,139.0,22.324,18.58,78.082,0.31,0.2245,8.59
ATOM,1245.0,HA,LEU,139.0,19.743,19.209,78.987,0.09,1.32,0.0
ATOM,1246.0,HB2,LEU,139.0,20.773,18.118,76.75,0.09,1.32,6.75
ATOM,1247.0,HB3,LEU,139.0,19.719,16.985,77.27,0.09,1.32,3.73
ATOM,1248.0,HG,LEU,139.0,19.079,19.593,76.282,0.09,1.32,0.02
ATOM,1249.0,HD11,LEU,139.0,18.276,16.947,75.473,0.09,1.32,7.57
ATOM,1250.0,HD12,LEU,139.0,17.812,18.316,74.715,0.09,1.32,0.0
ATOM,1251.0,HD13,LEU,139.0,19.38,17.859,74.688,0.09,1.32,10.6
ATOM,1252.0,HD21,LEU,139.0,17.703,19.281,78.179,0.09,1.32,0.0
ATOM,1253.0,HD22,LEU,139.0,16.807,19.211,76.816,0.09,1.32,0.0
ATOM,1254.0,HD23,LEU,139.0,17.222,17.835,77.592,0.09,1.32,1.79
ATOM,1255.0,N,ASP,140.0,20.483,16.151,79.689,-0.47,1.85,0.0
ATOM,1256.0,CA,ASP,140.0,20.109,15.003,80.491,0.07,2.275,2.09
ATOM,1257.0,C,ASP,140.0,20.226,15.206,81.991,0.51,2.0,0.0
ATOM,1258.0,O,ASP,140.0,19.363,14.756,82.74,-0.51,1.7,0.63
ATOM,1259.0,CB,ASP,140.0,20.896,13.767,80.041,-0.28,2.175,18.41
ATOM,1260.0,CG,ASP,140.0,22.385,14.012,79.921,0.62,2.0,3.09
ATOM,1261.0,OD1,ASP,140.0,22.813,15.182,79.891,-0.76,1.7,3.56
ATOM,1262.0,OD2,ASP,140.0,23.128,13.013,79.835,-0.76,1.7,45.95
ATOM,1263.0,H,ASP,140.0,21.349,16.197,79.116,0.31,0.2245,1.06
ATOM,1264.0,HA,ASP,140.0,19.124,14.807,80.295,0.09,1.32,4.28
ATOM,1265.0,HB2,ASP,140.0,20.742,13.046,80.712,0.09,1.32,0.99
ATOM,1266.0,HB3,ASP,140.0,20.543,13.487,79.153,0.09,1.32,11.68
ATOM,1267.0,N,VAL,141.0,21.282,15.877,82.426,-0.47,1.85,0.09
ATOM,1268.0,CA,VAL,141.0,21.439,16.126,83.847,0.07,2.275,0.59
ATOM,1269.0,C,VAL,141.0,20.25,16.943,84.337,0.51,2.0,0.0
ATOM,1270.0,O,VAL,141.0,19.528,16.536,85.244,-0.51,1.7,0.0
ATOM,1271.0,CB,VAL,141.0,22.713,16.932,84.132,-0.09,2.275,0.0
ATOM,1272.0,CG1,VAL,141.0,22.745,17.363,85.584,-0.27,2.06,0.83
ATOM,1273.0,CG2,VAL,141.0,23.933,16.084,83.81,-0.27,2.06,21.89
ATOM,1274.0,H,VAL,141.0,21.943,16.188,81.705,0.31,0.2245,0.0
ATOM,1275.0,HA,VAL,141.0,21.428,15.249,84.326,0.09,1.32,1.01
ATOM,1276.0,HB,VAL,141.0,22.678,17.76,83.581,0.09,1.32,0.0
ATOM,1277.0,HG11,VAL,141.0,23.491,18.016,85.726,0.09,1.32,0.39
ATOM,1278.0,HG12,VAL,141.0,21.876,17.797,85.826,0.09,1.32,0.0
ATOM,1279.0,HG13,VAL,141.0,22.89,16.564,86.17,0.09,1.32,5.72
ATOM,1280.0,HG21,VAL,141.0,23.942,15.875,82.832,0.09,1.32,0.09
ATOM,1281.0,HG22,VAL,141.0,24.761,16.59,84.053,0.09,1.32,5.86
ATOM,1282.0,HG23,VAL,141.0,23.893,15.234,84.335,0.09,1.32,9.13
ATOM,1283.0,N,PHE,142.0,20.044,18.095,83.709,-0.47,1.85,0.0
ATOM,1284.0,CA,PHE,142.0,18.966,18.983,84.112,0.07,2.275,0.0
ATOM,1285.0,C,PHE,142.0,17.577,18.375,84.037,0.51,2.0,0.0
ATOM,1286.0,O,PHE,142.0,16.737,18.628,84.899,-0.51,1.7,0.0
ATOM,1287.0,CB,PHE,142.0,18.981,20.262,83.284,-0.18,2.175,0.0
ATOM,1288.0,CG,PHE,142.0,18.215,21.383,83.91,0.0,1.9924,0.0
ATOM,1289.0,CD1,PHE,142.0,18.657,21.949,85.104,-0.115,1.9924,0.0
ATOM,1290.0,CD2,PHE,142.0,17.056,21.861,83.326,-0.115,1.9924,0.0
ATOM,1291.0,CE1,PHE,142.0,17.943,22.981,85.705,-0.115,1.9924,0.0
ATOM,1292.0,CE2,PHE,142.0,16.333,22.894,83.919,-0.115,1.9924,0.0
ATOM,1293.0,CZ,PHE,142.0,16.78,23.455,85.115,-0.115,1.9924,0.0
ATOM,1294.0,H,PHE,142.0,20.698,18.296,82.934,0.31,0.2245,0.0
ATOM,1295.0,HA,PHE,142.0,19.13,19.219,85.093,0.09,1.32,0.0
ATOM,1296.0,HB2,PHE,142.0,19.922,20.549,83.186,0.09,1.32,0.0
ATOM,1297.0,HB3,PHE,142.0,18.571,20.061,82.407,0.09,1.32,0.0
ATOM,1298.0,HD1,PHE,142.0,19.489,21.616,85.532,0.115,1.3582,0.0
ATOM,1299.0,HD2,PHE,142.0,16.73,21.464,82.468,0.115,1.3582,0.0
ATOM,1300.0,HE1,PHE,142.0,18.276,23.377,86.568,0.115,1.3582,0.0
ATOM,1301.0,HE2,PHE,142.0,15.488,23.231,83.481,0.115,1.3582,0.0
ATOM,1302.0,HZ,PHE,142.0,16.266,24.194,85.545,0.115,1.3582,0.0
ATOM,1303.0,N,SER,143.0,17.323,17.581,83.004,-0.47,1.85,0.0
ATOM,1304.0,CA,SER,143.0,16.018,16.955,82.85,0.07,2.275,0.0
ATOM,1305.0,C,SER,143.0,15.79,15.987,84.014,0.51,2.0,0.0
ATOM,1306.0,O,SER,143.0,14.695,15.906,84.559,-0.51,1.7,0.0
ATOM,1307.0,CB,SER,143.0,15.942,16.235,81.504,0.05,2.175,7.78
ATOM,1308.0,OG,SER,143.0,16.191,17.144,80.439,-0.66,1.77,1.17
ATOM,1309.0,H,SER,143.0,18.106,17.452,82.343,0.31,0.2245,0.0
ATOM,1310.0,HA,SER,143.0,15.319,17.666,82.904,0.09,1.32,0.0
ATOM,1311.0,HB2,SER,143.0,16.628,15.518,81.482,0.09,1.32,1.28
ATOM,1312.0,HB3,SER,143.0,15.032,15.852,81.394,0.09,1.32,0.0
ATOM,1313.0,HG,SER,143.0,17.176,17.25,80.318,0.43,0.2245,0.0
ATOM,1314.0,N,GLU,144.0,16.832,15.264,84.412,-0.47,1.85,0.0
ATOM,1315.0,CA,GLU,144.0,16.726,14.343,85.538,0.07,2.275,0.44
ATOM,1316.0,C,GLU,144.0,16.363,15.166,86.781,0.51,2.0,0.0
ATOM,1317.0,O,GLU,144.0,15.509,14.768,87.567,-0.51,1.7,2.63
ATOM,1318.0,CB,GLU,144.0,18.058,13.597,85.751,-0.18,2.175,0.47
ATOM,1319.0,CG,GLU,144.0,18.089,12.153,85.173,-0.28,2.175,15.89
ATOM,1320.0,CD,GLU,144.0,19.492,11.675,84.799,0.62,2.0,3.18
ATOM,1321.0,OE1,GLU,144.0,20.405,11.723,85.645,-0.76,1.7,36.69
ATOM,1322.0,OE2,GLU,144.0,19.678,11.246,83.64,-0.76,1.7,32.5
ATOM,1323.0,H,GLU,144.0,17.7,15.408,83.868,0.31,0.2245,0.0
ATOM,1324.0,HA,GLU,144.0,16.014,13.673,85.366,0.09,1.32,0.17
ATOM,1325.0,HB2,GLU,144.0,18.765,14.102,85.294,0.09,1.32,0.0
ATOM,1326.0,HB3,GLU,144.0,18.213,13.521,86.717,0.09,1.32,0.61
ATOM,1327.0,HG2,GLU,144.0,17.74,11.551,85.864,0.09,1.32,10.93
ATOM,1328.0,HG3,GLU,144.0,17.543,12.148,84.358,0.09,1.32,2.94
ATOM,1329.0,N,GLU,145.0,16.996,16.332,86.92,-0.47,1.85,0.0
ATOM,1330.0,CA,GLU,145.0,16.74,17.21,88.06,0.07,2.275,0.0
ATOM,1331.0,C,GLU,145.0,15.325,17.805,88.102,0.51,2.0,0.0
ATOM,1332.0,O,GLU,145.0,14.7,17.823,89.161,-0.51,1.7,0.0
ATOM,1333.0,CB,GLU,145.0,17.779,18.339,88.113,-0.18,2.175,0.0
ATOM,1334.0,CG,GLU,145.0,19.233,17.844,88.214,-0.28,2.175,0.0
ATOM,1335.0,CD,GLU,145.0,19.447,16.873,89.363,0.62,2.0,0.0
ATOM,1336.0,OE1,GLU,145.0,19.115,17.22,90.511,-0.76,1.7,0.0
ATOM,1337.0,OE2,GLU,145.0,19.951,15.757,89.11,-0.76,1.7,9.47
ATOM,1338.0,H,GLU,145.0,17.67,16.555,86.165,0.31,0.2245,0.0
ATOM,1339.0,HA,GLU,145.0,16.908,16.697,88.927,0.09,1.32,0.0
ATOM,1340.0,HB2,GLU,145.0,17.705,18.857,87.283,0.09,1.32,0.0
ATOM,1341.0,HB3,GLU,145.0,17.599,18.879,88.912,0.09,1.32,0.0
ATOM,1342.0,HG2,GLU,145.0,19.449,17.376,87.38,0.09,1.32,0.0
ATOM,1343.0,HG3,GLU,145.0,19.807,18.624,88.369,0.09,1.32,0.0
ATOM,1344.0,N,ILE,146.0,14.812,18.301,86.979,-0.47,1.85,0.0
ATOM,1345.0,CA,ILE,146.0,13.46,18.845,87.049,0.07,2.275,0.0
ATOM,1346.0,C,ILE,146.0,12.48,17.713,87.34,0.51,2.0,0.17
ATOM,1347.0,O,ILE,146.0,11.444,17.922,87.976,-0.51,1.7,2.06
ATOM,1348.0,CB,ILE,146.0,13.065,19.659,85.756,-0.09,2.275,0.23
ATOM,1349.0,CG1,ILE,146.0,13.244,18.842,84.478,-0.18,2.175,0.04
ATOM,1350.0,CG2,ILE,146.0,13.928,20.904,85.669,-0.27,2.06,0.0
ATOM,1351.0,CD1,ILE,146.0,13.38,19.717,83.211,-0.27,2.06,0.0
ATOM,1352.0,H,ILE,146.0,15.39,18.268,86.156,0.31,0.2245,0.0
ATOM,1353.0,HA,ILE,146.0,13.44,19.45,87.842,0.09,1.32,0.0
ATOM,1354.0,HB,ILE,146.0,12.1,19.899,85.849,0.09,1.32,1.06
ATOM,1355.0,HG12,ILE,146.0,14.062,18.286,84.56,0.09,1.32,0.0
ATOM,1356.0,HG13,ILE,146.0,12.452,18.253,84.359,0.09,1.32,0.23
ATOM,1357.0,HG21,ILE,146.0,13.651,21.45,84.879,0.09,1.32,0.0
ATOM,1358.0,HG22,ILE,146.0,13.819,21.447,86.501,0.09,1.32,0.0
ATOM,1359.0,HG23,ILE,146.0,14.887,20.642,85.569,0.09,1.32,0.0
ATOM,1360.0,HD11,ILE,146.0,14.175,20.303,83.317,0.09,1.32,0.0
ATOM,1361.0,HD12,ILE,146.0,13.492,19.119,82.426,0.09,1.32,0.0
ATOM,1362.0,HD13,ILE,146.0,12.556,20.264,83.116,0.09,1.32,0.0
ATOM,1363.0,N,LYS,147.0,12.824,16.498,86.925,-0.47,1.85,0.0
ATOM,1364.0,CA,LYS,147.0,11.962,15.357,87.191,0.07,2.275,0.87
ATOM,1365.0,C,LYS,147.0,11.959,15.003,88.663,0.51,2.0,0.17
ATOM,1366.0,O,LYS,147.0,10.908,14.68,89.235,-0.51,1.7,10.57
ATOM,1367.0,CB,LYS,147.0,12.402,14.128,86.376,-0.18,2.175,8.52
ATOM,1368.0,CG,LYS,147.0,12.373,14.334,84.868,-0.18,2.175,1.78
ATOM,1369.0,CD,LYS,147.0,12.816,13.084,84.128,-0.18,2.175,8.55
ATOM,1370.0,CE,LYS,147.0,12.797,13.262,82.626,0.21,2.175,3.16
ATOM,1371.0,NZ,LYS,147.0,13.237,12.018,81.945,-0.3,1.85,13.71
ATOM,1372.0,H,LYS,147.0,13.72,16.441,86.419,0.31,0.2245,0.0
ATOM,1373.0,HA,LYS,147.0,11.02,15.588,86.909,0.09,1.32,7.45
ATOM,1374.0,HB2,LYS,147.0,13.334,13.897,86.645,0.09,1.32,0.52
ATOM,1375.0,HB3,LYS,147.0,11.789,13.373,86.603,0.09,1.32,8.92
ATOM,1376.0,HG2,LYS,147.0,11.44,14.563,84.589,0.09,1.32,4.61
ATOM,1377.0,HG3,LYS,147.0,12.986,15.087,84.63,0.09,1.32,0.0
ATOM,1378.0,HD2,LYS,147.0,13.748,12.856,84.411,0.09,1.32,0.54
ATOM,1379.0,HD3,LYS,147.0,12.201,12.333,84.369,0.09,1.32,9.35
ATOM,1380.0,HE2,LYS,147.0,11.867,13.486,82.334,0.05,1.32,1.18
ATOM,1381.0,HE3,LYS,147.0,13.413,14.009,82.376,0.05,1.32,0.0
ATOM,1382.0,HZ1,LYS,147.0,14.222,12.059,81.781,0.33,0.2245,13.2
ATOM,1383.0,HZ2,LYS,147.0,13.027,11.23,82.524,0.33,0.2245,15.45
ATOM,1384.0,HZ3,LYS,147.0,12.756,11.928,81.072,0.33,0.2245,18.5
ATOM,1385.0,N,PHE,148.0,13.124,15.065,89.294,-0.47,1.85,0.11
ATOM,1386.0,CA,PHE,148.0,13.23,14.739,90.707,0.07,2.275,2.75
ATOM,1387.0,C,PHE,148.0,12.548,15.78,91.586,0.51,2.0,0.0
ATOM,1388.0,O,PHE,148.0,11.924,15.44,92.591,-0.51,1.7,0.95
ATOM,1389.0,CB,PHE,148.0,14.699,14.626,91.12,-0.18,2.175,0.21
ATOM,1390.0,CG,PHE,148.0,14.888,14.501,92.603,0.0,1.9924,0.0
ATOM,1391.0,CD1,PHE,148.0,14.747,13.272,93.24,-0.115,1.9924,4.82
ATOM,1392.0,CD2,PHE,148.0,15.16,15.628,93.37,-0.115,1.9924,0.0
ATOM,1393.0,CE1,PHE,148.0,14.876,13.17,94.624,-0.115,1.9924,7.09
ATOM,1394.0,CE2,PHE,148.0,15.294,15.536,94.749,-0.115,1.9924,0.0
ATOM,1395.0,CZ,PHE,148.0,15.151,14.307,95.378,-0.115,1.9924,0.74
ATOM,1396.0,H,PHE,148.0,13.926,15.357,88.709,0.31,0.2245,0.0
ATOM,1397.0,HA,PHE,148.0,12.734,13.87,90.848,0.09,1.32,7.01
ATOM,1398.0,HB2,PHE,148.0,15.071,13.818,90.693,0.09,1.32,4.09
ATOM,1399.0,HB3,PHE,148.0,15.161,15.444,90.819,0.09,1.32,0.0
ATOM,1400.0,HD1,PHE,148.0,14.554,12.455,92.708,0.115,1.3582,13.57
ATOM,1401.0,HD2,PHE,148.0,15.261,16.517,92.922,0.115,1.3582,0.0
ATOM,1402.0,HE1,PHE,148.0,14.768,12.276,95.068,0.115,1.3582,9.87
ATOM,1403.0,HE2,PHE,148.0,15.494,16.368,95.29,0.115,1.3582,0.0
ATOM,1404.0,HZ,PHE,148.0,15.245,14.233,96.37,0.115,1.3582,0.0
ATOM,1405.0,N,TYR,149.0,12.683,17.052,91.229,-0.47,1.85,0.0
ATOM,1406.0,CA,TYR,149.0,12.045,18.08,92.026,0.07,2.275,0.0
ATOM,1407.0,C,TYR,149.0,10.559,18.143,91.686,0.51,2.0,0.0
ATOM,1408.0,O,TYR,149.0,9.816,18.912,92.281,-0.51,1.7,0.0
ATOM,1409.0,CB,TYR,149.0,12.762,19.428,91.841,-0.18,2.175,0.0
ATOM,1410.0,CG,TYR,149.0,14.143,19.433,92.476,0.0,1.9924,0.0
ATOM,1411.0,CD1,TYR,149.0,14.302,19.303,93.859,-0.115,1.9924,0.0
ATOM,1412.0,CD2,TYR,149.0,15.293,19.469,91.688,-0.115,1.9924,0.0
ATOM,1413.0,CE1,TYR,149.0,15.567,19.198,94.446,-0.115,1.9924,0.0
ATOM,1414.0,CE2,TYR,149.0,16.576,19.362,92.27,-0.115,1.9924,0.0
ATOM,1415.0,CZ,TYR,149.0,16.698,19.225,93.644,0.11,1.9924,0.0
ATOM,1416.0,OH,TYR,149.0,17.949,19.098,94.203,-0.54,1.77,0.0
ATOM,1417.0,H,TYR,149.0,13.244,17.225,90.392,0.31,0.2245,0.0
ATOM,1418.0,HA,TYR,149.0,12.131,17.836,92.995,0.09,1.32,0.0
ATOM,1419.0,HB2,TYR,149.0,12.864,19.595,90.873,0.09,1.32,0.0
ATOM,1420.0,HB3,TYR,149.0,12.219,20.131,92.274,0.09,1.32,0.0
ATOM,1421.0,HD1,TYR,149.0,13.491,19.285,94.448,0.115,1.3582,0.0
ATOM,1422.0,HD2,TYR,149.0,15.219,19.57,90.703,0.115,1.3582,0.0
ATOM,1423.0,HE1,TYR,149.0,15.651,19.103,95.437,0.115,1.3582,0.0
ATOM,1424.0,HE2,TYR,149.0,17.383,19.386,91.687,0.115,1.3582,0.44
ATOM,1425.0,HH,TYR,149.0,18.592,19.673,93.701,0.43,0.2245,0.1
ATOM,1426.0,N,GLU,150.0,10.134,17.291,90.75,-0.47,1.85,0.0
ATOM,1427.0,CA,GLU,150.0,8.726,17.204,90.358,0.07,2.275,1.14
ATOM,1428.0,C,GLU,150.0,8.115,18.56,90.041,0.51,2.0,0.0
ATOM,1429.0,O,GLU,150.0,7.089,18.929,90.607,-0.51,1.7,0.58
ATOM,1430.0,CB,GLU,150.0,7.943,16.545,91.51,-0.18,2.175,1.73
ATOM,1431.0,CG,GLU,150.0,8.327,15.085,91.785,-0.28,2.175,8.19
ATOM,1432.0,CD,GLU,150.0,7.788,14.521,93.106,0.62,2.0,3.09
ATOM,1433.0,OE1,GLU,150.0,6.733,14.979,93.595,-0.76,1.7,3.86
ATOM,1434.0,OE2,GLU,150.0,8.424,13.583,93.641,-0.76,1.7,29.76
ATOM,1435.0,H,GLU,150.0,10.881,16.702,90.329,0.31,0.2245,0.0
ATOM,1436.0,HA,GLU,150.0,8.641,16.598,89.548,0.09,1.32,4.52
ATOM,1437.0,HB2,GLU,150.0,8.129,17.058,92.328,0.09,1.32,0.0
ATOM,1438.0,HB3,GLU,150.0,6.99,16.559,91.27,0.09,1.32,5.84
ATOM,1439.0,HG2,GLU,150.0,7.959,14.529,91.057,0.09,1.32,10.16
ATOM,1440.0,HG3,GLU,150.0,9.312,15.027,91.823,0.09,1.32,0.0
ATOM,1441.0,N,LEU,151.0,8.707,19.307,89.124,-0.47,1.85,0.3
ATOM,1442.0,CA,LEU,151.0,8.167,20.629,88.833,0.07,2.275,0.0
ATOM,1443.0,C,LEU,151.0,6.801,20.668,88.149,0.51,2.0,0.0
ATOM,1444.0,O,LEU,151.0,6.17,21.72,88.096,-0.51,1.7,8.33
ATOM,1445.0,CB,LEU,151.0,9.202,21.457,88.061,-0.18,2.175,0.0
ATOM,1446.0,CG,LEU,151.0,10.51,21.699,88.83,-0.09,2.275,0.0
ATOM,1447.0,CD1,LEU,151.0,11.347,22.681,88.039,-0.27,2.06,0.0
ATOM,1448.0,CD2,LEU,151.0,10.253,22.231,90.246,-0.27,2.06,0.0
ATOM,1449.0,H,LEU,151.0,9.525,18.901,88.667,0.31,0.2245,0.18
ATOM,1450.0,HA,LEU,151.0,8.09,21.146,89.719,0.09,1.32,0.0
ATOM,1451.0,HB2,LEU,151.0,9.431,20.967,87.236,0.09,1.32,2.66
ATOM,1452.0,HB3,LEU,151.0,8.806,22.338,87.867,0.09,1.32,0.0
ATOM,1453.0,HG,LEU,151.0,10.992,20.839,88.918,0.09,1.32,0.0
ATOM,1454.0,HD11,LEU,151.0,10.848,23.543,87.933,0.09,1.32,0.0
ATOM,1455.0,HD12,LEU,151.0,12.208,22.856,88.52,0.09,1.32,0.0
ATOM,1456.0,HD13,LEU,151.0,11.547,22.303,87.133,0.09,1.32,0.0
ATOM,1457.0,HD21,LEU,151.0,9.709,21.565,90.753,0.09,1.32,0.0
ATOM,1458.0,HD22,LEU,151.0,11.127,22.373,90.707,0.09,1.32,0.0
ATOM,1459.0,HD23,LEU,151.0,9.758,23.096,90.187,0.09,1.32,0.0
ATOM,1460.0,N,GLY,152.0,6.333,19.528,87.647,-0.47,1.85,0.6
ATOM,1461.0,CA,GLY,152.0,5.022,19.494,87.015,-0.02,2.175,11.26
ATOM,1462.0,C,GLY,152.0,4.984,19.264,85.521,0.51,2.0,1.4
ATOM,1463.0,O,GLY,152.0,5.88,19.676,84.798,-0.51,1.7,0.4
ATOM,1464.0,H,GLY,152.0,6.952,18.714,87.742,0.31,0.2245,6.7
ATOM,1465.0,HA2,GLY,152.0,4.45,18.767,87.48,0.09,1.32,9.7
ATOM,1466.0,HA3,GLY,152.0,4.529,20.378,87.23,0.09,1.32,7.41
ATOM,1467.0,N,GLU,153.0,3.915,18.627,85.057,-0.47,1.85,1.02
ATOM,1468.0,CA,GLU,153.0,3.786,18.363,83.633,0.07,2.275,0.0
ATOM,1469.0,C,GLU,153.0,3.759,19.614,82.767,0.51,2.0,0.0
ATOM,1470.0,O,GLU,153.0,4.427,19.668,81.735,-0.51,1.7,0.0
ATOM,1471.0,CB,GLU,153.0,2.555,17.496,83.353,-0.18,2.175,9.06
ATOM,1472.0,CG,GLU,153.0,2.879,16.021,83.458,-0.28,2.175,22.57
ATOM,1473.0,CD,GLU,153.0,4.22,15.698,82.839,0.62,2.0,2.91
ATOM,1474.0,OE1,GLU,153.0,4.486,16.177,81.722,-0.76,1.7,9.87
ATOM,1475.0,OE2,GLU,153.0,5.007,14.961,83.461,-0.76,1.7,36.94
ATOM,1476.0,H,GLU,153.0,3.221,18.351,85.763,0.31,0.2245,9.75
ATOM,1477.0,HA,GLU,153.0,4.555,17.763,83.329,0.09,1.32,0.0
ATOM,1478.0,HB2,GLU,153.0,1.885,17.706,84.028,0.09,1.32,7.18
ATOM,1479.0,HB3,GLU,153.0,2.265,17.677,82.441,0.09,1.32,2.53
ATOM,1480.0,HG2,GLU,153.0,2.923,15.78,84.406,0.09,1.32,8.25
ATOM,1481.0,HG3,GLU,153.0,2.196,15.517,82.969,0.09,1.32,10.84
ATOM,1482.0,N,ASN,154.0,3.012,20.629,83.181,-0.47,1.85,0.1
ATOM,1483.0,CA,ASN,154.0,2.931,21.842,82.377,0.07,2.275,0.66
ATOM,1484.0,C,ASN,154.0,4.217,22.655,82.261,0.51,2.0,0.0
ATOM,1485.0,O,ASN,154.0,4.249,23.644,81.532,-0.51,1.7,2.04
ATOM,1486.0,CB,ASN,154.0,1.806,22.728,82.878,-0.18,2.175,7.75
ATOM,1487.0,CG,ASN,154.0,0.432,22.086,82.817,0.55,2.0,3.23
ATOM,1488.0,H,ASN,154.0,2.522,20.491,84.071,0.31,0.2245,4.56
ATOM,1489.0,HA,ASN,154.0,2.679,21.553,81.426,0.09,1.32,0.01
ATOM,1490.0,HB2,ASN,154.0,1.994,22.976,83.833,0.09,1.32,9.07
ATOM,1491.0,HB3,ASN,154.0,1.787,23.565,82.323,0.09,1.32,7.08
ATOM,1492.0,OD1,ASN,154.0,0.299,20.934,82.385,-0.55,1.7,17.37
ATOM,1493.0,ND2,ASN,154.0,-0.583,22.816,83.262,-0.62,1.85,29.44
ATOM,1494.0,HD22,ASN,154.0,-0.418,23.742,83.608,0.3,0.2245,17.72
ATOM,1495.0,HD21,ASN,154.0,-1.511,22.447,83.252,0.32,0.2245,21.5
ATOM,1496.0,N,ALA,155.0,5.279,22.276,82.96,-0.47,1.85,0.23
ATOM,1497.0,CA,ALA,155.0,6.516,23.035,82.843,0.07,2.275,0.0
ATOM,1498.0,C,ALA,155.0,7.546,22.149,82.188,0.51,2.0,0.0
ATOM,1499.0,O,ALA,155.0,8.524,22.628,81.609,-0.51,1.7,0.0
ATOM,1500.0,CB,ALA,155.0,7.0,23.497,84.202,-0.27,2.06,1.7
ATOM,1501.0,H,ALA,155.0,5.157,21.452,83.553,0.31,0.2245,0.0
ATOM,1502.0,HA,ALA,155.0,6.353,23.83,82.263,0.09,1.32,0.0
ATOM,1503.0,HB1,ALA,155.0,6.632,22.897,84.914,0.09,1.32,0.03
ATOM,1504.0,HB2,ALA,155.0,8.0,23.469,84.232,0.09,1.32,0.0
ATOM,1505.0,HB3,ALA,155.0,6.692,24.434,84.37,0.09,1.32,0.0
ATOM,1506.0,N,PHE,156.0,7.325,20.846,82.292,-0.47,1.85,0.08
ATOM,1507.0,CA,PHE,156.0,8.234,19.918,81.664,0.07,2.275,0.91
ATOM,1508.0,C,PHE,156.0,7.944,20.106,80.176,0.51,2.0,0.0
ATOM,1509.0,O,PHE,156.0,8.833,19.965,79.332,-0.51,1.7,0.0
ATOM,1510.0,CB,PHE,156.0,7.976,18.48,82.148,-0.18,2.175,3.57
ATOM,1511.0,CG,PHE,156.0,9.087,17.535,81.805,0.0,1.9924,0.92
ATOM,1512.0,CD1,PHE,156.0,10.414,17.91,82.011,-0.115,1.9924,2.1
ATOM,1513.0,CD2,PHE,156.0,8.836,16.325,81.168,-0.115,1.9924,5.04
ATOM,1514.0,CE1,PHE,156.0,11.467,17.115,81.575,-0.115,1.9924,0.0
ATOM,1515.0,CE2,PHE,156.0,9.882,15.515,80.726,-0.115,1.9924,4.64
ATOM,1516.0,CZ,PHE,156.0,11.202,15.914,80.927,-0.115,1.9924,0.96
ATOM,1517.0,H,PHE,156.0,6.493,20.578,82.831,0.31,0.2245,0.0
ATOM,1518.0,HA,PHE,156.0,9.145,20.246,81.814,0.09,1.32,0.0
ATOM,1519.0,HB2,PHE,156.0,7.884,18.508,83.129,0.09,1.32,3.89
ATOM,1520.0,HB3,PHE,156.0,7.152,18.163,81.71,0.09,1.32,0.0
ATOM,1521.0,HD1,PHE,156.0,10.615,18.768,82.483,0.115,1.3582,0.15
ATOM,1522.0,HD2,PHE,156.0,7.891,16.028,81.024,0.115,1.3582,2.18
ATOM,1523.0,HE1,PHE,156.0,12.414,17.413,81.729,0.115,1.3582,0.0
ATOM,1524.0,HE2,PHE,156.0,9.677,14.642,80.26,0.115,1.3582,14.57
ATOM,1525.0,HZ,PHE,156.0,11.954,15.342,80.609,0.115,1.3582,4.16
ATOM,1526.0,N,GLU,157.0,6.703,20.481,79.867,-0.47,1.85,0.0
ATOM,1527.0,CA,GLU,157.0,6.286,20.739,78.493,0.07,2.275,0.77
ATOM,1528.0,C,GLU,157.0,6.933,22.01,77.949,0.51,2.0,0.0
ATOM,1529.0,O,GLU,157.0,7.57,21.985,76.898,-0.51,1.7,0.0
ATOM,1530.0,CB,GLU,157.0,4.773,20.928,78.399,-0.18,2.175,4.11
ATOM,1531.0,CG,GLU,157.0,3.944,19.678,78.392,-0.28,2.175,3.33
ATOM,1532.0,CD,GLU,157.0,2.48,20.004,78.237,0.62,2.0,4.24
ATOM,1533.0,OE1,GLU,157.0,2.067,20.382,77.122,-0.76,1.7,38.25
ATOM,1534.0,OE2,GLU,157.0,1.744,19.897,79.238,-0.76,1.7,20.28
ATOM,1535.0,H,GLU,157.0,6.064,20.573,80.685,0.31,0.2245,0.0
ATOM,1536.0,HA,GLU,157.0,6.541,19.958,77.909,0.09,1.32,0.14
ATOM,1537.0,HB2,GLU,157.0,4.495,21.476,79.184,0.09,1.32,0.0
ATOM,1538.0,HB3,GLU,157.0,4.589,21.423,77.555,0.09,1.32,0.58
ATOM,1539.0,HG2,GLU,157.0,4.208,19.129,77.626,0.09,1.32,1.14
ATOM,1540.0,HG3,GLU,157.0,4.056,19.219,79.249,0.09,1.32,0.0
ATOM,1541.0,N,ARG,158.0,6.755,23.135,78.638,-0.47,1.85,0.02
ATOM,1542.0,CA,ARG,158.0,7.347,24.38,78.165,0.07,2.275,0.46
ATOM,1543.0,C,ARG,158.0,8.845,24.149,78.028,0.51,2.0,0.13
ATOM,1544.0,O,ARG,158.0,9.491,24.715,77.153,-0.51,1.7,0.0
ATOM,1545.0,CB,ARG,158.0,7.096,25.533,79.144,-0.18,2.175,5.72
ATOM,1546.0,CG,ARG,158.0,5.656,25.678,79.609,-0.18,2.175,5.71
ATOM,1547.0,CD,ARG,158.0,5.428,26.956,80.421,0.2,2.175,19.07
ATOM,1548.0,NE,ARG,158.0,6.218,27.069,81.652,-0.7,1.85,3.89
ATOM,1549.0,CZ,ARG,158.0,5.97,26.416,82.787,0.64,2.0,1.81
ATOM,1550.0,NH1,ARG,158.0,4.954,25.572,82.873,-0.8,1.85,9.54
ATOM,1551.0,NH2,ARG,158.0,6.733,26.626,83.851,-0.8,1.85,2.57
ATOM,1552.0,H,ARG,158.0,6.19,23.049,79.491,0.31,0.2245,0.0
ATOM,1553.0,HA,ARG,158.0,6.973,24.599,77.271,0.09,1.32,0.0
ATOM,1554.0,HB2,ARG,158.0,7.669,25.386,79.95,0.09,1.32,0.0
ATOM,1555.0,HB3,ARG,158.0,7.364,26.385,78.695,0.09,1.32,6.32
ATOM,1556.0,HG2,ARG,158.0,5.049,25.707,78.816,0.09,1.32,9.96
ATOM,1557.0,HG3,ARG,158.0,5.411,24.901,80.188,0.09,1.32,0.0
ATOM,1558.0,HD2,ARG,158.0,5.639,27.74,79.823,0.09,1.32,10.95
ATOM,1559.0,HD3,ARG,158.0,4.447,26.997,80.656,0.09,1.32,8.42
ATOM,1560.0,HE,ARG,158.0,7.015,27.693,81.638,0.44,0.2245,7.84
ATOM,1561.0,HH11,ARG,158.0,4.368,25.394,82.085,0.46,0.2245,0.91
ATOM,1562.0,HH12,ARG,158.0,4.768,25.101,83.742,0.46,0.2245,5.71
ATOM,1563.0,HH21,ARG,158.0,7.506,27.262,83.79,0.46,0.2245,0.0
ATOM,1564.0,HH22,ARG,158.0,6.542,26.154,84.709,0.46,0.2245,1.5
ATOM,1565.0,N,TYR,159.0,9.389,23.307,78.897,-0.47,1.85,0.01
ATOM,1566.0,CA,TYR,159.0,10.807,22.995,78.871,0.07,2.275,0.49
ATOM,1567.0,C,TYR,159.0,11.147,22.182,77.626,0.51,2.0,0.0
ATOM,1568.0,O,TYR,159.0,12.168,22.418,76.977,-0.51,1.7,0.0
ATOM,1569.0,CB,TYR,159.0,11.18,22.205,80.118,-0.18,2.175,0.0
ATOM,1570.0,CG,TYR,159.0,12.569,21.625,80.081,0.0,1.9924,0.0
ATOM,1571.0,CD1,TYR,159.0,13.697,22.435,80.198,-0.115,1.9924,0.16
ATOM,1572.0,CD2,TYR,159.0,12.754,20.253,79.945,-0.115,1.9924,0.0
ATOM,1573.0,CE1,TYR,159.0,14.977,21.889,80.186,-0.115,1.9924,0.0
ATOM,1574.0,CE2,TYR,159.0,14.028,19.696,79.93,-0.115,1.9924,0.0
ATOM,1575.0,CZ,TYR,159.0,15.13,20.518,80.055,0.11,1.9924,0.0
ATOM,1576.0,OH,TYR,159.0,16.385,19.956,80.073,-0.54,1.77,0.0
ATOM,1577.0,H,TYR,159.0,8.723,22.899,79.584,0.31,0.2245,0.0
ATOM,1578.0,HA,TYR,159.0,11.324,23.856,78.83,0.09,1.32,0.01
ATOM,1579.0,HB2,TYR,159.0,11.115,22.814,80.907,0.09,1.32,0.0
ATOM,1580.0,HB3,TYR,159.0,10.53,21.453,80.219,0.09,1.32,0.0
ATOM,1581.0,HD1,TYR,159.0,13.588,23.425,80.292,0.115,1.3582,0.97
ATOM,1582.0,HD2,TYR,159.0,11.958,19.656,79.858,0.115,1.3582,0.0
ATOM,1583.0,HE1,TYR,159.0,15.777,22.481,80.272,0.115,1.3582,0.0
ATOM,1584.0,HE2,TYR,159.0,14.142,18.709,79.829,0.115,1.3582,0.0
ATOM,1585.0,HH,TYR,159.0,16.305,18.982,80.277,0.43,0.2245,0.0
ATOM,1586.0,N,ARG,160.0,10.283,21.226,77.299,-0.47,1.85,0.0
ATOM,1587.0,CA,ARG,160.0,10.506,20.404,76.124,0.07,2.275,0.0
ATOM,1588.0,C,ARG,160.0,10.414,21.278,74.874,0.51,2.0,0.0
ATOM,1589.0,O,ARG,160.0,11.328,21.283,74.057,-0.51,1.7,0.0
ATOM,1590.0,CB,ARG,160.0,9.508,19.237,76.082,-0.18,2.175,2.32
ATOM,1591.0,CG,ARG,160.0,9.838,18.133,77.103,-0.18,2.175,0.0
ATOM,1592.0,CD,ARG,160.0,9.261,16.78,76.709,0.2,2.175,12.79
ATOM,1593.0,NE,ARG,160.0,7.808,16.809,76.637,-0.7,1.85,4.94
ATOM,1594.0,CZ,ARG,160.0,7.015,16.962,77.689,0.64,2.0,1.96
ATOM,1595.0,NH1,ARG,160.0,7.531,17.088,78.898,-0.8,1.85,1.86
ATOM,1596.0,NH2,ARG,160.0,5.704,17.015,77.532,-0.8,1.85,14.24
ATOM,1597.0,H,ARG,160.0,9.474,21.128,77.931,0.31,0.2245,0.0
ATOM,1598.0,HA,ARG,160.0,11.424,20.008,76.168,0.09,1.32,0.0
ATOM,1599.0,HB2,ARG,160.0,8.609,19.586,76.294,0.09,1.32,0.24
ATOM,1600.0,HB3,ARG,160.0,9.536,18.833,75.181,0.09,1.32,0.0
ATOM,1601.0,HG2,ARG,160.0,10.83,18.043,77.175,0.09,1.32,0.0
ATOM,1602.0,HG3,ARG,160.0,9.459,18.389,77.991,0.09,1.32,0.0
ATOM,1603.0,HD2,ARG,160.0,9.633,16.535,75.818,0.09,1.32,0.7
ATOM,1604.0,HD3,ARG,160.0,9.547,16.114,77.394,0.09,1.32,1.62
ATOM,1605.0,HE,ARG,160.0,7.377,16.706,75.733,0.44,0.2245,13.57
ATOM,1606.0,HH11,ARG,160.0,8.518,17.091,79.045,0.46,0.2245,0.0
ATOM,1607.0,HH12,ARG,160.0,6.918,17.185,79.695,0.46,0.2245,0.0
ATOM,1608.0,HH21,ARG,160.0,5.311,16.959,76.609,0.46,0.2245,15.92
ATOM,1609.0,HH22,ARG,160.0,5.102,17.112,78.323,0.46,0.2245,2.22
ATOM,1610.0,N,GLU,161.0,9.338,22.042,74.73,-0.47,1.85,0.01
ATOM,1611.0,CA,GLU,161.0,9.22,22.909,73.56,0.07,2.275,1.31
ATOM,1612.0,C,GLU,161.0,10.493,23.759,73.386,0.51,2.0,0.42
ATOM,1613.0,O,GLU,161.0,11.041,23.822,72.29,-0.51,1.7,19.68
ATOM,1614.0,CB,GLU,161.0,7.984,23.808,73.684,-0.18,2.175,4.43
ATOM,1615.0,CG,GLU,161.0,6.62,23.146,73.793,-0.28,2.175,10.04
ATOM,1616.0,CD,GLU,161.0,5.441,24.058,73.913,0.62,2.0,3.76
ATOM,1617.0,OE1,GLU,161.0,5.523,25.279,73.926,-0.76,1.7,35.55
ATOM,1618.0,OE2,GLU,161.0,4.365,23.435,74.01,-0.76,1.7,36.68
ATOM,1619.0,H,GLU,161.0,8.636,21.974,75.472,0.31,0.2245,0.0
ATOM,1620.0,HA,GLU,161.0,9.081,22.354,72.736,0.09,1.32,3.36
ATOM,1621.0,HB2,GLU,161.0,8.108,24.372,74.503,0.09,1.32,0.0
ATOM,1622.0,HB3,GLU,161.0,7.965,24.4,72.877,0.09,1.32,9.34
ATOM,1623.0,HG2,GLU,161.0,6.491,22.584,72.975,0.09,1.32,9.66
ATOM,1624.0,HG3,GLU,161.0,6.633,22.555,74.601,0.09,1.32,0.23
ATOM,1625.0,N,ASP,162.0,10.965,24.381,74.47,-0.47,1.85,0.03
ATOM,1626.0,CA,ASP,162.0,12.169,25.237,74.462,0.07,2.275,1.34
ATOM,1627.0,C,ASP,162.0,13.467,24.55,74.048,0.51,2.0,0.0
ATOM,1628.0,O,ASP,162.0,14.372,25.189,73.506,-0.51,1.7,30.41
ATOM,1629.0,CB,ASP,162.0,12.456,25.812,75.86,-0.28,2.175,6.76
ATOM,1630.0,CG,ASP,162.0,11.379,26.74,76.366,0.62,2.0,2.76
ATOM,1631.0,OD1,ASP,162.0,10.209,26.573,75.975,-0.76,1.7,15.42
ATOM,1632.0,OD2,ASP,162.0,11.707,27.628,77.184,-0.76,1.7,29.1
ATOM,1633.0,H,ASP,162.0,10.405,24.211,75.339,0.31,0.2245,0.0
ATOM,1634.0,HA,ASP,162.0,11.992,25.98,73.781,0.09,1.32,10.96
ATOM,1635.0,HB2,ASP,162.0,12.545,25.043,76.489,0.09,1.32,0.0
ATOM,1636.0,HB3,ASP,162.0,13.318,26.31,75.81,0.09,1.32,7.95
ATOM,1637.0,N,GLU,163.0,13.572,23.262,74.337,-0.47,1.85,0.0
ATOM,1638.0,CA,GLU,163.0,14.8,22.538,74.061,0.07,2.275,0.22
ATOM,1639.0,C,GLU,163.0,14.89,21.82,72.718,0.51,2.0,0.98
ATOM,1640.0,O,GLU,163.0,15.982,21.498,72.258,-0.51,1.7,24.44
ATOM,1641.0,CB,GLU,163.0,15.03,21.55,75.207,-0.18,2.175,0.0
ATOM,1642.0,CG,GLU,163.0,15.318,22.241,76.541,-0.28,2.175,0.0
ATOM,1643.0,CD,GLU,163.0,16.701,22.867,76.56,0.62,2.0,0.51
ATOM,1644.0,OE1,GLU,163.0,17.532,22.449,75.724,-0.76,1.7,6.82
ATOM,1645.0,OE2,GLU,163.0,16.967,23.752,77.402,-0.76,1.7,14.4
ATOM,1646.0,H,GLU,163.0,12.732,22.834,74.761,0.31,0.2245,0.0
ATOM,1647.0,HA,GLU,163.0,15.6,23.187,74.143,0.09,1.32,2.2
ATOM,1648.0,HB2,GLU,163.0,14.213,21.023,75.319,0.09,1.32,0.0
ATOM,1649.0,HB3,GLU,163.0,15.811,21.005,74.983,0.09,1.32,0.0
ATOM,1650.0,HG2,GLU,163.0,14.664,22.957,76.66,0.09,1.32,0.0
ATOM,1651.0,HG3,GLU,163.0,15.286,21.567,77.248,0.09,1.32,0.0
ATOM,1652.0,N,GLY,164.0,13.742,21.595,72.096,-0.47,1.85,0.52
ATOM,1653.0,CA,GLY,164.0,13.734,20.891,70.837,-0.02,2.175,14.76
ATOM,1654.0,C,GLY,164.0,12.763,19.726,70.752,0.51,2.0,1.55
ATOM,1655.0,O,GLY,164.0,12.16,19.586,69.678,-0.51,1.7,28.64
ATOM,1656.0,H,GLY,164.0,12.902,21.952,72.572,0.31,0.2245,0.0
ATOM,1657.0,HA2,GLY,164.0,13.522,21.552,70.08,0.09,1.32,11.48
ATOM,1658.0,HA3,GLY,164.0,14.681,20.546,70.635,0.09,1.32,6.92
ATOM,1659.0,N,PHE,165.0,12.624,18.917,71.818,-0.47,1.85,0.0
ATOM,1660.0,CA,PHE,165.0,11.693,17.805,71.743,0.07,2.275,4.05
ATOM,1661.0,C,PHE,165.0,10.232,18.214,71.904,0.34,2.0,5.55
ATOM,1662.0,O,PHE,165.0,9.143,18.737,71.57,-0.67,1.7,30.76
ATOM,1663.0,CB,PHE,165.0,11.998,16.671,72.76,-0.18,2.175,17.15
ATOM,1664.0,CG,PHE,165.0,12.994,17.042,73.766,0.0,1.9924,0.37
ATOM,1665.0,CD1,PHE,165.0,14.229,17.554,73.386,-0.115,1.9924,8.97
ATOM,1666.0,CD2,PHE,165.0,12.733,16.843,75.115,-0.115,1.9924,8.72
ATOM,1667.0,CE1,PHE,165.0,15.197,17.873,74.348,-0.115,1.9924,4.36
ATOM,1668.0,CE2,PHE,165.0,13.706,17.156,76.088,-0.115,1.9924,9.35
ATOM,1669.0,CZ,PHE,165.0,14.936,17.655,75.696,-0.115,1.9924,4.16
ATOM,1670.0,OXT,PHE,165.0,10.68,19.009,71.054,-0.67,1.7,5.09
ATOM,1671.0,H,PHE,165.0,13.2,19.15,72.626,0.31,0.2245,0.0
ATOM,1672.0,HA,PHE,165.0,11.781,17.406,70.811,0.09,1.32,8.96
ATOM,1673.0,HB2,PHE,165.0,11.142,16.455,73.207,0.09,1.32,2.26
ATOM,1674.0,HB3,PHE,165.0,12.331,15.902,72.233,0.09,1.32,11.27
ATOM,1675.0,HD1,PHE,165.0,14.436,17.7,72.426,0.115,1.3582,6.68
ATOM,1676.0,HD2,PHE,165.0,11.855,16.478,75.409,0.115,1.3582,0.91
ATOM,1677.0,HE1,PHE,165.0,16.077,18.258,74.051,0.115,1.3582,1.48
ATOM,1678.0,HE2,PHE,165.0,13.489,17.009,77.062,0.115,1.3582,1.46
ATOM,1679.0,HZ,PHE,165.0,15.639,17.861,76.376,0.115,1.3582,0.0
