atom,serial,name,resname,resid,x,y,z,charges,radius,sasa
ATOM,1.0,O5',DA,1.0,27.872,-48.486,26.135,-0.66,1.77,6.41
ATOM,2.0,C5',DA,1.0,28.618,-49.639,26.558,0.05,2.01,19.25
ATOM,3.0,C4',DA,1.0,30.057,-49.624,26.094,0.16,2.275,4.8
ATOM,4.0,O4',DA,1.0,30.104,-49.706,24.647,-0.5,1.77,11.35
ATOM,5.0,C3',DA,1.0,30.805,-48.349,26.466,0.01,2.275,2.02
ATOM,6.0,O3',DA,1.0,32.177,-48.622,26.71,-0.57,1.77,2.07
ATOM,7.0,C2',DA,1.0,30.676,-47.499,25.221,-0.18,2.01,0.0
ATOM,8.0,C1',DA,1.0,30.675,-48.525,24.097,0.16,2.275,1.15
ATOM,9.0,N9,DA,1.0,29.849,-48.105,22.958,-0.05,1.85,0.32
ATOM,10.0,C8,DA,1.0,28.659,-47.403,23.014,0.34,1.9,9.17
ATOM,11.0,N7,DA,1.0,28.146,-47.133,21.837,-0.71,1.85,22.61
ATOM,12.0,C5,DA,1.0,29.048,-47.699,20.943,0.28,1.9,2.32
ATOM,13.0,C6,DA,1.0,29.065,-47.762,19.546,0.46,1.9,2.34
ATOM,14.0,N6,DA,1.0,28.114,-47.234,18.778,-0.77,1.85,25.65
ATOM,15.0,N1,DA,1.0,30.103,-48.396,18.957,-0.74,1.85,20.31
ATOM,16.0,C2,DA,1.0,31.052,-48.933,19.734,0.5,1.9,12.18
ATOM,17.0,N3,DA,1.0,31.146,-48.946,21.062,-0.75,1.85,10.49
ATOM,18.0,C4,DA,1.0,30.1,-48.304,21.616,0.43,1.9,1.92
ATOM,19.0,H5',DA,1.0,28.125,-50.549,26.171,0.09,1.34,15.18
ATOM,20.0,H5'',DA,1.0,28.645,-49.683,27.644,0.09,1.34,13.85
ATOM,21.0,H4',DA,1.0,30.562,-50.532,26.438,0.09,1.32,12.81
ATOM,22.0,H1',DA,1.0,31.638,-48.775,23.654,0.09,1.32,0.16
ATOM,23.0,H8,DA,1.0,28.265,-47.088,23.963,0.12,1.1,5.59
ATOM,24.0,H61,DA,1.0,28.176,-47.309,17.768,0.38,0.2245,20.09
ATOM,25.0,H62,DA,1.0,27.327,-46.757,19.196,0.38,0.2245,15.88
ATOM,26.0,H2,DA,1.0,31.89,-49.443,19.288,0.13,1.1,15.41
ATOM,27.0,H3',DA,1.0,30.296,-47.861,27.302,0.09,1.32,8.93
ATOM,28.0,H2',DA,1.0,30.19,-46.544,25.479,0.09,1.34,6.28
ATOM,29.0,H2'',DA,1.0,31.665,-47.282,24.81,0.09,1.34,0.0
ATOM,30.0,H5T,DA,1.0,26.955,-48.396,26.405,0.43,0.2245,26.47
ATOM,31.0,P,DT,2.0,33.153,-47.423,27.148,1.5,2.15,2.15
ATOM,32.0,OP1,DT,2.0,33.317,-47.462,28.625,-0.78,1.7,41.81
ATOM,33.0,OP2,DT,2.0,32.679,-46.174,26.501,-0.78,1.7,17.98
ATOM,34.0,O5',DT,2.0,34.538,-47.822,26.478,-0.57,1.77,3.45
ATOM,35.0,C5',DT,2.0,34.804,-49.178,26.146,-0.08,2.01,11.98
ATOM,36.0,C4',DT,2.0,35.581,-49.256,24.855,0.16,2.275,4.87
ATOM,37.0,O4',DT,2.0,34.735,-48.919,23.726,-0.5,1.77,4.84
ATOM,38.0,C3',DT,2.0,36.783,-48.314,24.783,0.01,2.275,3.03
ATOM,39.0,O3',DT,2.0,37.865,-49.012,24.16,-0.57,1.77,8.71
ATOM,40.0,C2',DT,2.0,36.28,-47.168,23.918,-0.18,2.01,0.0
ATOM,41.0,C1',DT,2.0,35.363,-47.9,22.95,0.16,2.275,1.84
ATOM,42.0,N1,DT,2.0,34.299,-47.088,22.294,-0.34,1.85,0.0
ATOM,43.0,C2,DT,2.0,34.225,-47.1,20.909,0.51,1.9,0.0
ATOM,44.0,O2,DT,2.0,35.016,-47.706,20.195,-0.41,1.7,12.26
ATOM,45.0,N3,DT,2.0,33.178,-46.367,20.387,-0.46,1.85,0.0
ATOM,46.0,C4,DT,2.0,32.23,-45.638,21.089,0.5,1.9,0.0
ATOM,47.0,O4,DT,2.0,31.332,-45.047,20.487,-0.45,1.7,13.01
ATOM,48.0,C5,DT,2.0,32.387,-45.646,22.519,-0.15,1.9,0.0
ATOM,49.0,C7,DT,2.0,31.419,-44.867,23.349,-0.11,2.04,13.76
ATOM,50.0,C6,DT,2.0,33.398,-46.358,23.046,0.17,1.9,0.0
ATOM,51.0,H5',DT,2.0,33.862,-49.722,26.031,0.09,1.34,3.18
ATOM,52.0,H5'',DT,2.0,35.392,-49.648,26.938,0.09,1.34,14.36
ATOM,53.0,H4',DT,2.0,35.883,-50.296,24.67,0.09,1.32,13.51
ATOM,54.0,H1',DT,2.0,35.89,-48.365,22.12,0.09,1.32,0.51
ATOM,55.0,H6,DT,2.0,33.534,-46.319,24.132,0.17,1.1,0.11
ATOM,56.0,H71,DT,2.0,31.968,-44.122,23.931,0.07,1.34,6.61
ATOM,57.0,H72,DT,2.0,30.702,-44.364,22.702,0.07,1.34,7.24
ATOM,58.0,H73,DT,2.0,30.893,-45.538,24.026,0.07,1.34,0.0
ATOM,59.0,H3,DT,2.0,33.083,-46.359,19.296,0.36,0.2245,9.13
ATOM,60.0,H3',DT,2.0,37.014,-47.944,25.785,0.09,1.32,8.13
ATOM,61.0,H2',DT,2.0,36.331,-46.234,24.479,0.09,1.34,7.38
ATOM,62.0,H2'',DT,2.0,36.899,-47.088,23.024,0.09,1.34,0.0
ATOM,63.0,P,DC,3.0,39.11,-48.193,23.571,1.5,2.15,2.23
ATOM,64.0,OP1,DC,3.0,40.177,-49.145,23.144,-0.78,1.7,33.46
ATOM,65.0,OP2,DC,3.0,39.427,-47.103,24.537,-0.78,1.7,31.46
ATOM,66.0,O5',DC,3.0,38.503,-47.527,22.264,-0.57,1.77,0.0
ATOM,67.0,C5',DC,3.0,38.506,-48.224,21.024,-0.08,2.01,10.94
ATOM,68.0,C4',DC,3.0,38.812,-47.256,19.908,0.16,2.275,3.74
ATOM,69.0,O4',DC,3.0,37.656,-46.439,19.598,-0.5,1.77,2.34
ATOM,70.0,C3',DC,3.0,39.924,-46.277,20.276,0.01,2.275,0.0
ATOM,71.0,O3',DC,3.0,40.643,-45.969,19.103,-0.57,1.77,0.0
ATOM,72.0,C2',DC,3.0,39.169,-45.044,20.734,-0.18,2.01,2.05
ATOM,73.0,C1',DC,3.0,37.973,-45.065,19.795,0.16,2.275,0.62
ATOM,74.0,N1,DC,3.0,36.762,-44.388,20.291,-0.13,1.85,0.0
ATOM,75.0,C2,DC,3.0,35.758,-44.078,19.372,0.52,1.9,0.0
ATOM,76.0,O2,DC,3.0,35.927,-44.382,18.181,-0.49,1.7,17.37
ATOM,77.0,N3,DC,3.0,34.636,-43.454,19.801,-0.66,1.85,5.58
ATOM,78.0,C4,DC,3.0,34.502,-43.134,21.088,0.65,1.9,0.0
ATOM,79.0,N4,DC,3.0,33.385,-42.503,21.456,-0.75,1.85,8.5
ATOM,80.0,C5,DC,3.0,35.509,-43.442,22.051,-0.13,1.9,3.01
ATOM,81.0,C6,DC,3.0,36.613,-44.065,21.613,0.05,1.9,2.05
ATOM,82.0,H5',DC,3.0,37.528,-48.675,20.851,0.09,1.34,3.34
ATOM,83.0,H5'',DC,3.0,39.264,-49.011,21.041,0.09,1.34,7.11
ATOM,84.0,H4',DC,3.0,39.01,-47.814,18.981,0.09,1.32,11.06
ATOM,85.0,H1',DC,3.0,38.161,-44.599,18.828,0.09,1.32,0.0
ATOM,86.0,H6,DC,3.0,37.399,-44.317,22.311,0.17,1.1,4.09
ATOM,87.0,H5,DC,3.0,35.404,-43.188,23.113,0.07,1.1,13.59
ATOM,88.0,H41,DC,3.0,32.706,-42.308,20.745,0.37,0.2245,13.97
ATOM,89.0,H42,DC,3.0,33.253,-42.243,22.422,0.33,0.2245,11.11
ATOM,90.0,H3',DC,3.0,40.505,-46.684,21.109,0.09,1.32,1.77
ATOM,91.0,H2',DC,3.0,39.413,-44.824,21.773,0.09,1.34,6.6
ATOM,92.0,H2'',DC,3.0,39.444,-44.195,20.108,0.09,1.34,0.0
ATOM,93.0,P,DA,4.0,42.224,-45.805,19.168,1.5,2.15,2.49
ATOM,94.0,OP1,DA,4.0,42.787,-47.171,19.326,-0.78,1.7,34.68
ATOM,95.0,OP2,DA,4.0,42.514,-44.758,20.187,-0.78,1.7,30.15
ATOM,96.0,O5',DA,4.0,42.564,-45.267,17.705,-0.57,1.77,5.33
ATOM,97.0,C5',DA,4.0,41.898,-45.818,16.558,-0.08,2.01,12.69
ATOM,98.0,C4',DA,4.0,41.398,-44.718,15.643,0.16,2.275,4.71
ATOM,99.0,O4',DA,4.0,40.216,-44.061,16.173,-0.5,1.77,5.52
ATOM,100.0,C3',DA,4.0,42.406,-43.612,15.345,0.01,2.275,2.25
ATOM,101.0,O3',DA,4.0,42.403,-43.333,13.951,-0.57,1.77,4.79
ATOM,102.0,C2',DA,4.0,41.895,-42.425,16.147,-0.18,2.01,0.0
ATOM,103.0,C1',DA,4.0,40.392,-42.648,16.16,0.16,2.275,0.9
ATOM,104.0,N9,DA,4.0,39.677,-42.093,17.318,-0.05,1.85,0.0
ATOM,105.0,C8,DA,4.0,40.088,-42.052,18.627,0.34,1.9,3.55
ATOM,106.0,N7,DA,4.0,39.202,-41.538,19.45,-0.71,1.85,8.0
ATOM,107.0,C5,DA,4.0,38.135,-41.199,18.626,0.28,1.9,0.0
ATOM,108.0,C6,DA,4.0,36.859,-40.622,18.888,0.46,1.9,0.0
ATOM,109.0,N6,DA,4.0,36.432,-40.247,20.11,-0.77,1.85,4.42
ATOM,110.0,N1,DA,4.0,36.028,-40.442,17.835,-0.74,1.85,9.57
ATOM,111.0,C2,DA,4.0,36.453,-40.788,16.617,0.5,1.9,6.41
ATOM,112.0,N3,DA,4.0,37.618,-41.322,16.241,-0.75,1.85,8.62
ATOM,113.0,C4,DA,4.0,38.421,-41.518,17.305,0.43,1.9,0.0
ATOM,114.0,H5',DA,4.0,41.049,-46.425,16.887,0.09,1.34,3.94
ATOM,115.0,H5'',DA,4.0,42.591,-46.444,15.997,0.09,1.34,14.86
ATOM,116.0,H4',DA,4.0,41.062,-45.16,14.69,0.09,1.32,13.04
ATOM,117.0,H1',DA,4.0,39.869,-42.238,15.299,0.09,1.32,0.77
ATOM,118.0,H8,DA,4.0,41.08,-42.377,18.895,0.12,1.1,3.24
ATOM,119.0,H61,DA,4.0,35.526,-39.85,20.219,0.38,0.2245,12.09
ATOM,120.0,H62,DA,4.0,37.039,-40.374,20.908,0.38,0.2245,8.88
ATOM,121.0,H2,DA,4.0,35.812,-40.643,15.759,0.13,1.1,18.61
ATOM,122.0,H3',DA,4.0,43.393,-43.909,15.717,0.09,1.32,6.84
ATOM,123.0,H2',DA,4.0,42.694,-42.066,16.812,0.09,1.34,9.04
ATOM,124.0,H2'',DA,4.0,41.613,-41.615,15.472,0.09,1.34,0.0
ATOM,125.0,P,DA,5.0,43.378,-42.199,13.372,1.5,2.15,3.26
ATOM,126.0,OP1,DA,5.0,43.951,-42.64,12.073,-0.78,1.7,40.08
ATOM,127.0,OP2,DA,5.0,44.275,-41.796,14.486,-0.78,1.7,29.83
ATOM,128.0,O5',DA,5.0,42.393,-40.979,13.085,-0.57,1.77,0.3
ATOM,129.0,C5',DA,5.0,41.244,-41.158,12.243,-0.08,2.01,9.9
ATOM,130.0,C4',DA,5.0,40.464,-39.869,12.124,0.16,2.275,4.26
ATOM,131.0,O4',DA,5.0,39.724,-39.588,13.34,-0.5,1.77,3.64
ATOM,132.0,C3',DA,5.0,41.308,-38.629,11.833,0.01,2.275,0.61
ATOM,133.0,O3',DA,5.0,40.62,-37.856,10.847,-0.57,1.77,3.82
ATOM,134.0,C2',DA,5.0,41.354,-37.92,13.177,-0.18,2.01,0.38
ATOM,135.0,C1',DA,5.0,40.006,-38.278,13.781,0.16,2.275,1.09
ATOM,136.0,N9,DA,5.0,39.938,-38.271,15.243,-0.05,1.85,0.0
ATOM,137.0,C8,DA,5.0,40.912,-38.632,16.137,0.34,1.9,1.09
ATOM,138.0,N7,DA,5.0,40.564,-38.477,17.395,-0.71,1.85,6.99
ATOM,139.0,C5,DA,5.0,39.271,-37.984,17.326,0.28,1.9,0.0
ATOM,140.0,C6,DA,5.0,38.349,-37.584,18.323,0.46,1.9,0.0
ATOM,141.0,N6,DA,5.0,38.62,-37.595,19.624,-0.77,1.85,7.11
ATOM,142.0,N1,DA,5.0,37.128,-37.153,17.923,-0.74,1.85,9.71
ATOM,143.0,C2,DA,5.0,36.867,-37.112,16.611,0.5,1.9,3.15
ATOM,144.0,N3,DA,5.0,37.658,-37.438,15.577,-0.75,1.85,8.2
ATOM,145.0,C4,DA,5.0,38.861,-37.871,16.008,0.43,1.9,0.0
ATOM,146.0,H5',DA,5.0,40.599,-41.932,12.669,0.09,1.34,5.53
ATOM,147.0,H5'',DA,5.0,41.563,-41.463,11.247,0.09,1.34,10.95
ATOM,148.0,H4',DA,5.0,39.689,-39.979,11.351,0.09,1.32,12.68
ATOM,149.0,H1',DA,5.0,39.197,-37.617,13.471,0.09,1.32,1.95
ATOM,150.0,H8,DA,5.0,41.877,-38.958,15.789,0.12,1.1,3.43
ATOM,151.0,H61,DA,5.0,37.921,-37.298,20.289,0.38,0.2245,15.61
ATOM,152.0,H62,DA,5.0,39.527,-37.901,19.953,0.38,0.2245,11.22
ATOM,153.0,H2,DA,5.0,35.905,-36.78,16.258,0.13,1.1,18.14
ATOM,154.0,H3',DA,5.0,42.316,-38.936,11.545,0.09,1.32,4.32
ATOM,155.0,H2',DA,5.0,42.399,-37.785,13.482,0.09,1.34,8.07
ATOM,156.0,H2'',DA,5.0,40.881,-36.94,13.094,0.09,1.34,0.0
ATOM,157.0,P,DT,6.0,41.443,-37.033,9.729,1.5,2.15,3.22
ATOM,158.0,OP1,DT,6.0,41.01,-37.49,8.378,-0.78,1.7,45.91
ATOM,159.0,OP2,DT,6.0,42.885,-37.002,10.085,-0.78,1.7,33.42
ATOM,160.0,O5',DT,6.0,40.941,-35.554,9.98,-0.57,1.77,11.07
ATOM,161.0,C5',DT,6.0,40.807,-35.118,11.32,-0.08,2.01,1.86
ATOM,162.0,C4',DT,6.0,39.519,-34.363,11.501,0.16,2.275,3.95
ATOM,163.0,O4',DT,6.0,38.992,-34.736,12.794,-0.5,1.77,3.44
ATOM,164.0,C3',DT,6.0,39.774,-32.858,11.538,0.01,2.275,1.19
ATOM,165.0,O3',DT,6.0,38.721,-32.134,10.895,-0.57,1.77,4.86
ATOM,166.0,C2',DT,6.0,39.886,-32.56,13.02,-0.18,2.01,0.01
ATOM,167.0,C1',DT,6.0,39.001,-33.619,13.662,0.16,2.275,1.33
ATOM,168.0,N1,DT,6.0,39.443,-34.063,15.0,-0.34,1.85,0.0
ATOM,169.0,C2,DT,6.0,38.51,-34.027,16.017,0.51,1.9,0.0
ATOM,170.0,O2,DT,6.0,37.334,-33.733,15.837,-0.41,1.7,12.15
ATOM,171.0,N3,DT,6.0,38.992,-34.363,17.26,-0.46,1.85,0.0
ATOM,172.0,C4,DT,6.0,40.269,-34.757,17.575,0.5,1.9,0.0
ATOM,173.0,O4,DT,6.0,40.541,-35.035,18.737,-0.45,1.7,12.76
ATOM,174.0,C5,DT,6.0,41.19,-34.814,16.453,-0.15,1.9,0.0
ATOM,175.0,C7,DT,6.0,42.595,-35.258,16.692,-0.11,2.04,24.49
ATOM,176.0,C6,DT,6.0,40.735,-34.467,15.237,0.17,1.9,0.53
ATOM,177.0,H5',DT,6.0,41.647,-34.464,11.583,0.09,1.34,7.58
ATOM,178.0,H5'',DT,6.0,40.802,-35.976,11.997,0.09,1.34,0.0
ATOM,179.0,H4',DT,6.0,38.782,-34.72,10.788,0.09,1.32,12.4
ATOM,180.0,H1',DT,6.0,37.974,-33.283,13.817,0.09,1.32,0.83
ATOM,181.0,H6,DT,6.0,41.449,-34.47,14.408,0.17,1.1,2.48
ATOM,182.0,H71,DT,6.0,43.28,-34.461,16.392,0.07,1.34,12.55
ATOM,183.0,H72,DT,6.0,42.737,-35.476,17.75,0.07,1.34,9.0
ATOM,184.0,H73,DT,6.0,42.803,-36.152,16.105,0.07,1.34,2.46
ATOM,185.0,H3,DT,6.0,38.278,-34.31,18.09,0.36,0.2245,4.86
ATOM,186.0,H3',DT,6.0,40.725,-32.639,11.044,0.09,1.32,6.83
ATOM,187.0,H2',DT,6.0,40.838,-32.038,13.215,0.09,1.34,7.35
ATOM,188.0,H2'',DT,6.0,39.067,-31.908,13.336,0.09,1.34,0.0
ATOM,189.0,P,DA,7.0,38.852,-30.54,10.675,1.5,2.15,3.4
ATOM,190.0,OP1,DA,7.0,38.279,-30.282,9.339,-0.78,1.7,40.61
ATOM,191.0,OP2,DA,7.0,40.232,-30.078,10.976,-0.78,1.7,30.27
ATOM,192.0,O5',DA,7.0,37.872,-29.973,11.795,-0.57,1.77,0.21
ATOM,193.0,C5',DA,7.0,36.613,-30.606,12.019,-0.08,2.01,9.46
ATOM,194.0,C4',DA,7.0,35.877,-29.922,13.144,0.16,2.275,5.32
ATOM,195.0,O4',DA,7.0,36.308,-30.468,14.411,-0.5,1.77,4.61
ATOM,196.0,C3',DA,7.0,36.132,-28.415,13.203,0.01,2.275,3.24
ATOM,197.0,O3',DA,7.0,34.983,-27.685,13.633,-0.57,1.77,4.4
ATOM,198.0,C2',DA,7.0,37.208,-28.299,14.249,-0.18,2.01,0.0
ATOM,199.0,C1',DA,7.0,36.87,-29.437,15.202,0.16,2.275,1.47
ATOM,200.0,N9,DA,7.0,38.093,-29.953,15.797,-0.05,1.85,0.0
ATOM,201.0,C8,DA,7.0,39.293,-30.143,15.148,0.34,1.9,0.46
ATOM,202.0,N7,DA,7.0,40.251,-30.565,15.927,-0.71,1.85,5.62
ATOM,203.0,C5,DA,7.0,39.643,-30.673,17.165,0.28,1.9,0.0
ATOM,204.0,C6,DA,7.0,40.135,-31.059,18.394,0.46,1.9,0.0
ATOM,205.0,N6,DA,7.0,41.402,-31.431,18.571,-0.77,1.85,7.41
ATOM,206.0,N1,DA,7.0,39.283,-31.051,19.449,-0.74,1.85,13.48
ATOM,207.0,C2,DA,7.0,38.01,-30.673,19.242,0.5,1.9,7.18
ATOM,208.0,N3,DA,7.0,37.422,-30.288,18.109,-0.75,1.85,8.11
ATOM,209.0,C4,DA,7.0,38.309,-30.309,17.099,0.43,1.9,0.0
ATOM,210.0,H5',DA,7.0,36.772,-31.657,12.278,0.09,1.34,2.42
ATOM,211.0,H5'',DA,7.0,36.003,-30.549,11.116,0.09,1.34,12.11
ATOM,212.0,H4',DA,7.0,34.811,-30.166,13.086,0.09,1.32,14.0
ATOM,213.0,H1',DA,7.0,36.212,-29.247,16.049,0.09,1.32,0.86
ATOM,214.0,H8,DA,7.0,39.385,-29.898,14.103,0.12,1.1,0.0
ATOM,215.0,H61,DA,7.0,41.727,-31.711,19.503,0.38,0.2245,17.81
ATOM,216.0,H62,DA,7.0,42.048,-31.441,17.798,0.38,0.2245,8.51
ATOM,217.0,H2,DA,7.0,37.313,-30.655,20.061,0.13,1.1,17.97
ATOM,218.0,H3',DA,7.0,36.512,-28.077,12.235,0.09,1.32,6.46
ATOM,219.0,H2',DA,7.0,38.092,-27.807,13.821,0.09,1.34,1.76
ATOM,220.0,H2'',DA,7.0,36.851,-27.7,15.092,0.09,1.34,0.0
ATOM,221.0,P,DT,8.0,35.063,-26.079,13.75,1.5,2.15,1.99
ATOM,222.0,OP1,DT,8.0,33.878,-25.496,13.06,-0.78,1.7,42.67
ATOM,223.0,OP2,DT,8.0,36.43,-25.623,13.356,-0.78,1.7,25.59
ATOM,224.0,O5',DT,8.0,34.875,-25.842,15.31,-0.57,1.77,0.6
ATOM,225.0,C5',DT,8.0,34.177,-26.788,16.113,-0.08,2.01,9.8
ATOM,226.0,C4',DT,8.0,34.409,-26.49,17.577,0.16,2.275,4.48
ATOM,227.0,O4',DT,8.0,35.594,-27.158,18.088,-0.5,1.77,2.78
ATOM,228.0,C3',DT,8.0,34.605,-25.0,17.857,0.01,2.275,0.99
ATOM,229.0,O3',DT,8.0,33.927,-24.638,19.062,-0.57,1.77,1.26
ATOM,230.0,C2',DT,8.0,36.11,-24.87,18.028,-0.18,2.01,0.0
ATOM,231.0,C1',DT,8.0,36.474,-26.202,18.667,0.16,2.275,0.92
ATOM,232.0,N1,DT,8.0,37.864,-26.645,18.417,-0.34,1.85,0.0
ATOM,233.0,C2,DT,8.0,38.595,-27.128,19.482,0.51,1.9,0.0
ATOM,234.0,O2,DT,8.0,38.159,-27.2,20.633,-0.41,1.7,12.61
ATOM,235.0,N3,DT,8.0,39.857,-27.527,19.157,-0.46,1.85,0.0
ATOM,236.0,C4,DT,8.0,40.468,-27.494,17.913,0.5,1.9,0.0
ATOM,237.0,O4,DT,8.0,41.638,-27.911,17.774,-0.45,1.7,18.83
ATOM,238.0,C5,DT,8.0,39.655,-26.961,16.846,-0.15,1.9,0.0
ATOM,239.0,C7,DT,8.0,40.24,-26.859,15.463,-0.11,2.04,18.58
ATOM,240.0,C6,DT,8.0,38.404,-26.574,17.15,0.17,1.9,0.18
ATOM,241.0,H5',DT,8.0,34.535,-27.796,15.892,0.09,1.34,0.91
ATOM,242.0,H5'',DT,8.0,33.106,-26.735,15.904,0.09,1.34,13.54
ATOM,243.0,H4',DT,8.0,33.581,-26.909,18.173,0.09,1.32,13.42
ATOM,244.0,H1',DT,8.0,36.371,-26.241,19.75,0.09,1.32,0.82
ATOM,245.0,H6,DT,8.0,37.799,-26.14,16.346,0.17,1.1,0.3
ATOM,246.0,H71,DT,8.0,40.218,-25.812,15.154,0.07,1.34,10.97
ATOM,247.0,H72,DT,8.0,41.266,-27.215,15.477,0.07,1.34,8.3
ATOM,248.0,H73,DT,8.0,39.648,-27.456,14.775,0.07,1.34,0.0
ATOM,249.0,H3,DT,8.0,40.475,-27.926,19.978,0.36,0.2245,11.14
ATOM,250.0,H3',DT,8.0,34.282,-24.422,16.987,0.09,1.32,6.08
ATOM,251.0,H2',DT,8.0,36.502,-24.16,17.294,0.09,1.34,5.73
ATOM,252.0,H2'',DT,8.0,36.336,-24.506,19.031,0.09,1.34,0.0
ATOM,253.0,P,DC,9.0,33.614,-23.092,19.368,1.5,2.15,2.42
ATOM,254.0,OP1,DC,9.0,32.179,-22.831,19.044,-0.78,1.7,42.59
ATOM,255.0,OP2,DC,9.0,34.684,-22.26,18.742,-0.78,1.7,24.71
ATOM,256.0,O5',DC,9.0,33.771,-23.026,20.944,-0.57,1.77,4.11
ATOM,257.0,C5',DC,9.0,33.803,-24.222,21.715,-0.08,2.01,13.58
ATOM,258.0,C4',DC,9.0,34.908,-24.141,22.743,0.16,2.275,4.55
ATOM,259.0,O4',DC,9.0,36.188,-24.593,22.227,-0.5,1.77,2.59
ATOM,260.0,C3',DC,9.0,35.139,-22.726,23.266,0.01,2.275,1.94
ATOM,261.0,O3',DC,9.0,35.253,-22.761,24.683,-0.57,1.77,3.82
ATOM,262.0,C2',DC,9.0,36.449,-22.312,22.615,-0.18,2.01,0.0
ATOM,263.0,C1',DC,9.0,37.182,-23.634,22.531,0.16,2.275,1.27
ATOM,264.0,N1,DC,9.0,38.23,-23.722,21.503,-0.13,1.85,0.0
ATOM,265.0,C2,DC,9.0,39.455,-24.247,21.868,0.52,1.9,0.0
ATOM,266.0,O2,DC,9.0,39.607,-24.628,23.04,-0.49,1.7,20.91
ATOM,267.0,N3,DC,9.0,40.446,-24.337,20.944,-0.66,1.85,6.84
ATOM,268.0,C4,DC,9.0,40.229,-23.933,19.692,0.65,1.9,0.0
ATOM,269.0,N4,DC,9.0,41.225,-24.064,18.804,-0.75,1.85,5.38
ATOM,270.0,C5,DC,9.0,38.981,-23.384,19.289,-0.13,1.9,1.05
ATOM,271.0,C6,DC,9.0,38.016,-23.299,20.22,0.05,1.9,0.79
ATOM,272.0,H5',DC,9.0,33.984,-25.078,21.062,0.09,1.34,2.17
ATOM,273.0,H5'',DC,9.0,32.848,-24.36,22.228,0.09,1.34,15.39
ATOM,274.0,H4',DC,9.0,34.688,-24.836,23.574,0.09,1.32,13.81
ATOM,275.0,H1',DC,9.0,37.691,-23.92,23.454,0.09,1.32,1.13
ATOM,276.0,H6,DC,9.0,37.051,-22.888,19.952,0.17,1.1,0.06
ATOM,277.0,H5,DC,9.0,38.789,-23.037,18.266,0.07,1.1,9.34
ATOM,278.0,H41,DC,9.0,42.088,-24.456,19.132,0.37,0.2245,13.46
ATOM,279.0,H42,DC,9.0,41.083,-23.771,17.851,0.33,0.2245,10.3
ATOM,280.0,H3',DC,9.0,34.333,-22.073,22.917,0.09,1.32,3.87
ATOM,281.0,H2',DC,9.0,36.295,-21.398,22.033,0.09,1.34,6.63
ATOM,282.0,H2'',DC,9.0,37.196,-22.123,23.386,0.09,1.34,0.0
ATOM,283.0,P,DC,10.0,35.166,-21.395,25.512,1.5,2.15,2.87
ATOM,284.0,OP1,DC,10.0,34.325,-21.669,26.718,-0.78,1.7,39.66
ATOM,285.0,OP2,DC,10.0,34.781,-20.3,24.574,-0.78,1.7,31.89
ATOM,286.0,O5',DC,10.0,36.683,-21.151,25.931,-0.57,1.77,0.0
ATOM,287.0,C5',DC,10.0,37.391,-22.092,26.733,-0.08,2.01,10.39
ATOM,288.0,C4',DC,10.0,38.777,-21.565,27.014,0.16,2.275,4.51
ATOM,289.0,O4',DC,10.0,39.692,-21.891,25.942,-0.5,1.77,4.99
ATOM,290.0,C3',DC,10.0,38.8,-20.044,27.131,0.01,2.275,0.07
ATOM,291.0,O3',DC,10.0,39.752,-19.652,28.122,-0.57,1.77,0.0
ATOM,292.0,C2',DC,10.0,39.281,-19.612,25.76,-0.18,2.01,2.41
ATOM,293.0,C1',DC,10.0,40.282,-20.7,25.455,0.16,2.275,0.48
ATOM,294.0,N1,DC,10.0,40.567,-20.875,24.027,-0.13,1.85,0.0
ATOM,295.0,C2,DC,10.0,41.814,-21.381,23.643,0.52,1.9,0.04
ATOM,296.0,O2,DC,10.0,42.629,-21.683,24.516,-0.49,1.7,19.24
ATOM,297.0,N3,DC,10.0,42.098,-21.525,22.329,-0.66,1.85,7.16
ATOM,298.0,C4,DC,10.0,41.188,-21.18,21.412,0.65,1.9,0.0
ATOM,299.0,N4,DC,10.0,41.516,-21.302,20.112,-0.75,1.85,7.39
ATOM,300.0,C5,DC,10.0,39.9,-20.682,21.78,-0.13,1.9,5.88
ATOM,301.0,C6,DC,10.0,39.637,-20.546,23.084,0.05,1.9,2.74
ATOM,302.0,H5',DC,10.0,37.468,-23.043,26.205,0.09,1.34,5.11
ATOM,303.0,H5'',DC,10.0,36.862,-22.248,27.676,0.09,1.34,11.22
ATOM,304.0,H4',DC,10.0,39.192,-22.077,27.896,0.09,1.32,10.9
ATOM,305.0,H1',DC,10.0,41.268,-20.573,25.911,0.09,1.32,0.01
ATOM,306.0,H6,DC,10.0,38.672,-20.169,23.4,0.17,1.1,2.38
ATOM,307.0,H5,DC,10.0,39.14,-20.415,21.032,0.07,1.1,9.7
ATOM,308.0,H41,DC,10.0,42.428,-21.655,19.903,0.37,0.2245,9.35
ATOM,309.0,H42,DC,10.0,40.849,-21.041,19.407,0.33,0.2245,10.3
ATOM,310.0,H3',DC,10.0,37.785,-19.678,27.299,0.09,1.32,4.79
ATOM,311.0,H2',DC,10.0,38.512,-19.014,25.27,0.09,1.34,8.31
ATOM,312.0,H2'',DC,10.0,40.189,-19.02,25.866,0.09,1.34,0.0
ATOM,313.0,P,DA,11.0,39.448,-18.392,29.08,1.5,2.15,1.99
ATOM,314.0,OP1,DA,11.0,38.315,-18.754,29.984,-0.78,1.7,37.47
ATOM,315.0,OP2,DA,11.0,39.374,-17.141,28.261,-0.78,1.7,28.31
ATOM,316.0,O5',DA,11.0,40.773,-18.339,29.951,-0.57,1.77,5.86
ATOM,317.0,C5',DA,11.0,41.59,-19.491,30.085,-0.08,2.01,16.02
ATOM,318.0,C4',DA,11.0,42.963,-19.194,29.542,0.16,2.275,4.54
ATOM,319.0,O4',DA,11.0,43.067,-19.527,28.137,-0.5,1.77,5.71
ATOM,320.0,C3',DA,11.0,43.323,-17.712,29.655,0.01,2.275,0.24
ATOM,321.0,O3',DA,11.0,44.703,-17.605,30.001,-0.57,1.77,0.16
ATOM,322.0,C2',DA,11.0,43.122,-17.217,28.234,-0.18,2.01,1.64
ATOM,323.0,C1',DA,11.0,43.646,-18.417,27.481,0.16,2.275,0.82
ATOM,324.0,N9,DA,11.0,43.352,-18.481,26.044,-0.05,1.85,0.0
ATOM,325.0,C8,DA,11.0,42.182,-18.23,25.363,0.34,1.9,3.77
ATOM,326.0,N7,DA,11.0,42.292,-18.353,24.06,-0.71,1.85,6.99
ATOM,327.0,C5,DA,11.0,43.622,-18.709,23.87,0.28,1.9,0.0
ATOM,328.0,C6,DA,11.0,44.38,-18.976,22.714,0.46,1.9,0.0
ATOM,329.0,N6,DA,11.0,43.894,-18.92,21.48,-0.77,1.85,6.56
ATOM,330.0,N1,DA,11.0,45.681,-19.304,22.875,-0.74,1.85,16.44
ATOM,331.0,C2,DA,11.0,46.178,-19.356,24.117,0.5,1.9,9.46
ATOM,332.0,N3,DA,11.0,45.572,-19.123,25.276,-0.75,1.85,7.32
ATOM,333.0,C4,DA,11.0,44.282,-18.801,25.081,0.43,1.9,0.0
ATOM,334.0,H5',DA,11.0,41.155,-20.322,29.527,0.09,1.34,2.28
ATOM,335.0,H5'',DA,11.0,41.669,-19.773,31.139,0.09,1.34,15.02
ATOM,336.0,H4',DA,11.0,43.703,-19.847,30.034,0.09,1.32,12.64
ATOM,337.0,H1',DA,11.0,44.736,-18.502,27.535,0.09,1.32,0.27
ATOM,338.0,H8,DA,11.0,41.303,-17.915,25.895,0.12,1.1,1.23
ATOM,339.0,H61,DA,11.0,44.488,-19.123,20.688,0.38,0.2245,17.45
ATOM,340.0,H62,DA,11.0,42.923,-18.673,21.325,0.38,0.2245,7.4
ATOM,341.0,H2,DA,11.0,47.212,-19.618,24.272,0.13,1.1,13.48
ATOM,342.0,H3',DA,11.0,42.616,-17.218,30.321,0.09,1.32,5.72
ATOM,343.0,H2',DA,11.0,42.329,-16.483,28.202,0.09,1.34,6.87
ATOM,344.0,H2'',DA,11.0,44.053,-16.783,27.877,0.09,1.34,0.0
ATOM,345.0,P,DC,12.0,45.264,-16.297,30.765,1.5,2.15,2.49
ATOM,346.0,OP1,DC,12.0,45.172,-16.629,32.214,-0.78,1.7,39.95
ATOM,347.0,OP2,DC,12.0,44.642,-15.049,30.255,-0.78,1.7,31.85
ATOM,348.0,O5',DC,12.0,46.792,-16.285,30.294,-0.57,1.77,4.46
ATOM,349.0,C5',DC,12.0,47.497,-17.517,30.082,-0.08,2.01,12.39
ATOM,350.0,C4',DC,12.0,48.384,-17.429,28.861,0.16,2.275,4.41
ATOM,351.0,O4',DC,12.0,47.623,-17.542,27.626,-0.5,1.77,1.58
ATOM,352.0,C3',DC,12.0,49.223,-16.148,28.727,0.01,2.275,2.6
ATOM,353.0,O3',DC,12.0,50.567,-16.476,28.321,-0.57,1.77,5.45
ATOM,354.0,C2',DC,12.0,48.541,-15.414,27.588,-0.18,2.01,0.0
ATOM,355.0,C1',DC,12.0,48.165,-16.592,26.714,0.16,2.275,0.77
ATOM,356.0,N1,DC,12.0,47.195,-16.304,25.632,-0.13,1.85,0.0
ATOM,357.0,C2,DC,12.0,47.631,-16.405,24.309,0.52,1.9,0.0
ATOM,358.0,O2,DC,12.0,48.766,-16.823,24.09,-0.49,1.7,12.52
ATOM,359.0,N3,DC,12.0,46.806,-16.053,23.309,-0.66,1.85,5.76
ATOM,360.0,C4,DC,12.0,45.573,-15.637,23.585,0.65,1.9,0.0
ATOM,361.0,N4,DC,12.0,44.799,-15.271,22.569,-0.75,1.85,7.1
ATOM,362.0,C5,DC,12.0,45.08,-15.57,24.915,-0.13,1.9,0.8
ATOM,363.0,C6,DC,12.0,45.916,-15.911,25.903,0.05,1.9,1.55
ATOM,364.0,H5',DC,12.0,46.775,-18.33,29.946,0.09,1.34,3.9
ATOM,365.0,H5'',DC,12.0,48.124,-17.735,30.946,0.09,1.34,14.5
ATOM,366.0,H4',DC,12.0,49.067,-18.294,28.84,0.09,1.32,13.18
ATOM,367.0,H1',DC,12.0,49.018,-17.042,26.189,0.09,1.32,1.91
ATOM,368.0,H6,DC,12.0,45.577,-15.876,26.929,0.17,1.1,0.0
ATOM,369.0,H5,DC,12.0,44.053,-15.253,25.149,0.07,1.1,8.14
ATOM,370.0,H41,DC,12.0,45.186,-15.333,21.639,0.37,0.2245,14.5
ATOM,371.0,H42,DC,12.0,43.86,-14.945,22.742,0.33,0.2245,13.16
ATOM,372.0,H3',DC,12.0,49.138,-15.567,29.646,0.09,1.32,5.9
ATOM,373.0,H2',DC,12.0,48.149,-14.466,27.934,0.09,1.34,5.83
ATOM,374.0,H2'',DC,12.0,49.261,-15.252,26.788,0.09,1.34,0.0
ATOM,375.0,P,DC,13.0,51.697,-15.324,28.236,1.5,2.15,3.32
ATOM,376.0,OP1,DC,13.0,53.008,-15.996,28.422,-0.78,1.7,35.67
ATOM,377.0,OP2,DC,13.0,51.311,-14.183,29.115,-0.78,1.7,33.81
ATOM,378.0,O5',DC,13.0,51.672,-14.861,26.716,-0.57,1.77,0.0
ATOM,379.0,C5',DC,13.0,52.16,-15.721,25.698,-0.08,2.01,9.71
ATOM,380.0,C4',DC,13.0,52.255,-14.967,24.397,0.16,2.275,3.79
ATOM,381.0,O4',DC,13.0,50.924,-14.684,23.89,-0.5,1.77,2.33
ATOM,382.0,C3',DC,13.0,52.956,-13.615,24.528,0.01,2.275,1.26
ATOM,383.0,O3',DC,13.0,53.779,-13.385,23.377,-0.57,1.77,1.76
ATOM,384.0,C2',DC,13.0,51.802,-12.627,24.555,-0.18,2.01,0.0
ATOM,385.0,C1',DC,13.0,50.807,-13.293,23.615,0.16,2.275,0.7
ATOM,386.0,N1,DC,13.0,49.387,-12.885,23.778,-0.13,1.85,0.0
ATOM,387.0,C2,DC,13.0,48.561,-12.814,22.641,0.52,1.9,0.0
ATOM,388.0,O2,DC,13.0,49.041,-13.085,21.53,-0.49,1.7,21.04
ATOM,389.0,N3,DC,13.0,47.266,-12.445,22.785,-0.66,1.85,5.58
ATOM,390.0,C4,DC,13.0,46.789,-12.142,23.994,0.65,1.9,0.0
ATOM,391.0,N4,DC,13.0,45.511,-11.781,24.091,-0.75,1.85,11.02
ATOM,392.0,C5,DC,13.0,47.603,-12.196,25.162,-0.13,1.9,1.88
ATOM,393.0,C6,DC,13.0,48.881,-12.572,25.012,0.05,1.9,0.45
ATOM,394.0,H5',DC,13.0,51.482,-16.569,25.573,0.09,1.34,3.91
ATOM,395.0,H5'',DC,13.0,53.151,-16.094,25.967,0.09,1.34,9.08
ATOM,396.0,H4',DC,13.0,52.708,-15.608,23.632,0.09,1.32,13.41
ATOM,397.0,H1',DC,13.0,51.009,-13.115,22.556,0.09,1.32,0.83
ATOM,398.0,H6,DC,13.0,49.528,-12.631,25.878,0.17,1.1,2.95
ATOM,399.0,H5,DC,13.0,47.218,-11.943,26.16,0.07,1.1,13.46
ATOM,400.0,H41,DC,13.0,44.97,-11.755,23.241,0.37,0.2245,14.64
ATOM,401.0,H42,DC,13.0,45.121,-11.547,24.99,0.33,0.2245,17.15
ATOM,402.0,H3',DC,13.0,53.495,-13.577,25.478,0.09,1.32,4.92
ATOM,403.0,H2',DC,13.0,51.821,-12.063,25.489,0.09,1.34,5.97
ATOM,404.0,H2'',DC,13.0,51.892,-11.937,23.715,0.09,1.34,0.0
ATOM,405.0,P,DT,14.0,55.011,-12.347,23.46,1.5,2.15,2.34
ATOM,406.0,OP1,DT,14.0,56.24,-13.12,23.147,-0.78,1.7,39.86
ATOM,407.0,OP2,DT,14.0,54.934,-11.557,24.726,-0.78,1.7,31.96
ATOM,408.0,O5',DT,14.0,54.741,-11.37,22.233,-0.57,1.77,1.04
ATOM,409.0,C5',DT,14.0,54.476,-11.893,20.936,-0.08,2.01,10.35
ATOM,410.0,C4',DT,14.0,53.911,-10.807,20.055,0.16,2.275,4.08
ATOM,411.0,O4',DT,14.0,52.501,-10.595,20.327,-0.5,1.77,3.15
ATOM,412.0,C3',DT,14.0,54.594,-9.455,20.27,0.01,2.275,0.0
ATOM,413.0,O3',DT,14.0,54.767,-8.803,19.011,-0.57,1.77,0.0
ATOM,414.0,C2',DT,14.0,53.589,-8.692,21.118,-0.18,2.01,1.57
ATOM,415.0,C1',DT,14.0,52.282,-9.208,20.542,0.16,2.275,0.63
ATOM,416.0,N1,DT,14.0,51.066,-9.045,21.372,-0.34,1.85,0.0
ATOM,417.0,C2,DT,14.0,49.86,-9.312,20.772,0.51,1.9,0.0
ATOM,418.0,O2,DT,14.0,49.765,-9.655,19.607,-0.41,1.7,20.6
ATOM,419.0,N3,DT,14.0,48.765,-9.162,21.587,-0.46,1.85,0.1
ATOM,420.0,C4,DT,14.0,48.758,-8.776,22.912,0.5,1.9,0.0
ATOM,421.0,O4,DT,14.0,47.698,-8.712,23.527,-0.45,1.7,19.62
ATOM,422.0,C5,DT,14.0,50.054,-8.486,23.473,-0.15,1.9,0.0
ATOM,423.0,C7,DT,14.0,50.138,-8.024,24.894,-0.11,2.04,29.38
ATOM,424.0,C6,DT,14.0,51.132,-8.639,22.688,0.17,1.9,0.36
ATOM,425.0,H5',DT,14.0,53.755,-12.71,21.008,0.09,1.34,5.57
ATOM,426.0,H5'',DT,14.0,55.4,-12.27,20.491,0.09,1.34,11.3
ATOM,427.0,H4',DT,14.0,53.941,-11.132,19.005,0.09,1.32,11.14
ATOM,428.0,H1',DT,14.0,52.022,-8.741,19.592,0.09,1.32,1.26
ATOM,429.0,H6,DT,14.0,52.109,-8.386,23.111,0.17,1.1,4.01
ATOM,430.0,H71,DT,14.0,50.604,-7.036,24.919,0.07,1.34,12.48
ATOM,431.0,H72,DT,14.0,49.138,-7.964,25.319,0.07,1.34,8.94
ATOM,432.0,H73,DT,14.0,50.74,-8.723,25.471,0.07,1.34,7.77
ATOM,433.0,H3,DT,14.0,47.787,-9.371,21.138,0.36,0.2245,13.15
ATOM,434.0,H3',DT,14.0,55.517,-9.602,20.836,0.09,1.32,5.19
ATOM,435.0,H2',DT,14.0,54.037,-8.424,22.072,0.09,1.34,8.93
ATOM,436.0,H2'',DT,14.0,53.283,-7.79,20.59,0.09,1.34,0.0
ATOM,437.0,P,DG,15.0,56.18,-8.136,18.651,1.5,2.15,2.18
ATOM,438.0,OP1,DG,15.0,57.098,-9.256,18.32,-0.78,1.7,32.15
ATOM,439.0,OP2,DG,15.0,56.532,-7.188,19.74,-0.78,1.7,30.38
ATOM,440.0,O5',DG,15.0,55.894,-7.312,17.317,-0.57,1.77,3.66
ATOM,441.0,C5',DG,15.0,55.427,-7.966,16.137,-0.08,2.01,11.14
ATOM,442.0,C4',DG,15.0,54.409,-7.102,15.428,0.16,2.275,4.88
ATOM,443.0,O4',DG,15.0,53.244,-6.914,16.268,-0.5,1.77,6.19
ATOM,444.0,C3',DG,15.0,54.877,-5.698,15.054,0.01,2.275,2.77
ATOM,445.0,O3',DG,15.0,54.283,-5.36,13.792,-0.57,1.77,5.22
ATOM,446.0,C2',DG,15.0,54.347,-4.837,16.194,-0.18,2.01,0.24
ATOM,447.0,C1',DG,15.0,53.035,-5.528,16.53,0.16,2.275,0.29
ATOM,448.0,N9,DG,15.0,52.554,-5.411,17.908,-0.02,1.85,0.0
ATOM,449.0,C8,DG,15.0,53.291,-5.232,19.06,0.25,1.9,1.79
ATOM,450.0,N7,DG,15.0,52.559,-5.257,20.147,-0.6,1.85,8.27
ATOM,451.0,C5,DG,15.0,51.261,-5.447,19.684,0.0,1.9,0.0
ATOM,452.0,C6,DG,15.0,50.02,-5.584,20.395,0.54,1.9,0.15
ATOM,453.0,O6,DG,15.0,49.818,-5.588,21.62,-0.51,1.7,15.95
ATOM,454.0,N1,DG,15.0,48.95,-5.742,19.521,-0.34,1.85,2.82
ATOM,455.0,C2,DG,15.0,49.047,-5.777,18.148,0.75,1.9,0.0
ATOM,456.0,N2,DG,15.0,47.905,-5.92,17.476,-0.68,1.85,19.12
ATOM,457.0,N3,DG,15.0,50.181,-5.674,17.481,-0.74,1.85,5.17
ATOM,458.0,C4,DG,15.0,51.24,-5.514,18.303,0.26,1.9,0.0
ATOM,459.0,H5',DG,15.0,54.964,-8.92,16.404,0.09,1.34,6.54
ATOM,460.0,H5'',DG,15.0,56.263,-8.151,15.461,0.09,1.34,13.78
ATOM,461.0,H4',DG,15.0,54.031,-7.632,14.546,0.09,1.32,13.2
ATOM,462.0,H1',DG,15.0,52.204,-5.173,15.922,0.09,1.32,0.0
ATOM,463.0,H8,DG,15.0,54.355,-5.093,19.01,0.16,1.1,4.14
ATOM,464.0,H1,DG,15.0,48.037,-5.838,19.919,0.26,0.2245,11.0
ATOM,465.0,H21,DG,15.0,46.976,-6.017,17.868,0.32,0.2245,19.52
ATOM,466.0,H22,DG,15.0,47.97,-5.955,16.469,0.35,0.2245,16.34
ATOM,467.0,H3',DG,15.0,55.969,-5.667,15.05,0.09,1.32,9.57
ATOM,468.0,H2',DG,15.0,55.183,-4.339,16.693,0.09,1.34,9.13
ATOM,469.0,H2'',DG,15.0,53.668,-4.082,15.797,0.09,1.34,0.0
ATOM,470.0,P,DC,16.0,54.399,-3.863,13.223,1.5,2.15,2.6
ATOM,471.0,OP1,DC,16.0,54.638,-3.944,11.755,-0.78,1.7,38.04
ATOM,472.0,OP2,DC,16.0,55.326,-3.085,14.087,-0.78,1.7,29.78
ATOM,473.0,O5',DC,16.0,52.94,-3.269,13.446,-0.57,1.77,0.0
ATOM,474.0,C5',DC,16.0,51.81,-3.797,12.753,-0.08,2.01,9.08
ATOM,475.0,C4',DC,16.0,50.59,-2.959,13.055,0.16,2.275,2.98
ATOM,476.0,O4',DC,16.0,50.268,-3.092,14.46,-0.5,1.77,1.51
ATOM,477.0,C3',DC,16.0,50.794,-1.464,12.803,0.01,2.275,1.27
ATOM,478.0,O3',DC,16.0,49.607,-0.891,12.278,-0.57,1.77,0.0
ATOM,479.0,C2',DC,16.0,51.041,-0.905,14.19,-0.18,2.01,2.57
ATOM,480.0,C1',DC,16.0,50.18,-1.808,15.047,0.16,2.275,0.54
ATOM,481.0,N1,DC,16.0,50.614,-1.913,16.445,-0.13,1.85,0.0
ATOM,482.0,C2,DC,16.0,49.672,-1.728,17.441,0.52,1.9,0.0
ATOM,483.0,O2,DC,16.0,48.507,-1.517,17.113,-0.49,1.7,4.97
ATOM,484.0,N3,DC,16.0,50.05,-1.79,18.739,-0.66,1.85,5.14
ATOM,485.0,C4,DC,16.0,51.323,-2.045,19.049,0.65,1.9,0.02
ATOM,486.0,N4,DC,16.0,51.656,-2.103,20.344,-0.75,1.85,15.44
ATOM,487.0,C5,DC,16.0,52.311,-2.253,18.045,-0.13,1.9,7.73
ATOM,488.0,C6,DC,16.0,51.915,-2.179,16.765,0.05,1.9,3.21
ATOM,489.0,H5',DC,16.0,51.629,-4.824,13.074,0.09,1.34,7.83
ATOM,490.0,H5'',DC,16.0,51.997,-3.785,11.677,0.09,1.34,5.72
ATOM,491.0,H4',DC,16.0,49.725,-3.372,12.533,0.09,1.32,3.91
ATOM,492.0,H1',DC,16.0,49.13,-1.513,15.115,0.09,1.32,0.0
ATOM,493.0,H6,DC,16.0,52.636,-2.332,15.973,0.17,1.1,0.17
ATOM,494.0,H5,DC,16.0,53.36,-2.467,18.285,0.07,1.1,6.93
ATOM,495.0,H41,DC,16.0,50.928,-1.95,21.017,0.37,0.2245,16.26
ATOM,496.0,H42,DC,16.0,52.61,-2.295,20.605,0.33,0.2245,12.7
ATOM,497.0,H3',DC,16.0,51.683,-1.32,12.182,0.09,1.32,7.15
ATOM,498.0,H2',DC,16.0,52.014,-0.402,14.215,0.09,1.34,11.78
ATOM,499.0,H2'',DC,16.0,50.262,-0.184,14.439,0.09,1.34,0.0
ATOM,500.0,P,DA,17.0,49.313,-0.982,10.708,1.5,2.15,1.72
ATOM,501.0,OP1,DA,17.0,49.617,-2.382,10.325,-0.78,1.7,21.09
ATOM,502.0,OP2,DA,17.0,49.956,0.149,9.987,-0.78,1.7,40.98
ATOM,503.0,O5',DA,17.0,47.74,-0.788,10.598,-0.57,1.77,4.3
ATOM,504.0,C5',DA,17.0,46.855,-1.821,11.029,-0.08,2.01,12.83
ATOM,505.0,C4',DA,17.0,45.835,-1.275,12.003,0.16,2.275,4.25
ATOM,506.0,O4',DA,17.0,46.431,-0.956,13.288,-0.5,1.77,4.64
ATOM,507.0,C3',DA,17.0,45.129,-0.009,11.537,0.01,2.275,0.79
ATOM,508.0,O3',DA,17.0,43.747,-0.146,11.834,-0.57,1.77,1.32
ATOM,509.0,C2',DA,17.0,45.776,1.095,12.363,-0.18,2.01,0.0
ATOM,510.0,C1',DA,17.0,46.111,0.379,13.66,0.16,2.275,0.75
ATOM,511.0,N9,DA,17.0,47.248,0.912,14.415,-0.05,1.85,0.0
ATOM,512.0,C8,DA,17.0,48.396,1.482,13.927,0.34,1.9,4.06
ATOM,513.0,N7,DA,17.0,49.262,1.808,14.857,-0.71,1.85,9.94
ATOM,514.0,C5,DA,17.0,48.638,1.441,16.04,0.28,1.9,0.0
ATOM,515.0,C6,DA,17.0,49.038,1.522,17.39,0.46,1.9,0.0
ATOM,516.0,N6,DA,17.0,50.22,1.996,17.781,-0.77,1.85,9.66
ATOM,517.0,N1,DA,17.0,48.172,1.087,18.334,-0.74,1.85,4.19
ATOM,518.0,C2,DA,17.0,46.995,0.598,17.939,0.5,1.9,2.74
ATOM,519.0,N3,DA,17.0,46.506,0.462,16.702,-0.75,1.85,6.59
ATOM,520.0,C4,DA,17.0,47.388,0.906,15.786,0.43,1.9,0.0
ATOM,521.0,H5',DA,17.0,47.428,-2.616,11.518,0.09,1.34,3.8
ATOM,522.0,H5'',DA,17.0,46.326,-2.238,10.171,0.09,1.34,14.26
ATOM,523.0,H4',DA,17.0,45.092,-2.056,12.232,0.09,1.32,12.09
ATOM,524.0,H1',DA,17.0,45.296,0.356,14.379,0.09,1.32,0.38
ATOM,525.0,H8,DA,17.0,48.504,1.67,12.873,0.12,1.1,4.76
ATOM,526.0,H61,DA,17.0,50.452,2.03,18.764,0.38,0.2245,15.75
ATOM,527.0,H62,DA,17.0,50.889,2.323,17.096,0.38,0.2245,13.49
ATOM,528.0,H2,DA,17.0,46.283,0.242,18.666,0.13,1.1,13.2
ATOM,529.0,H3',DA,17.0,45.34,0.158,10.475,0.09,1.32,7.86
ATOM,530.0,H2',DA,17.0,46.198,1.851,11.69,0.09,1.34,9.93
ATOM,531.0,H2'',DA,17.0,45.025,1.567,12.998,0.09,1.34,0.0
ATOM,532.0,P,DG,18.0,42.693,0.876,11.197,1.5,2.15,2.07
ATOM,533.0,OP1,DG,18.0,41.982,0.176,10.082,-0.78,1.7,42.72
ATOM,534.0,OP2,DG,18.0,43.378,2.189,10.958,-0.78,1.7,24.26
ATOM,535.0,O5',DG,18.0,41.658,1.079,12.378,-0.57,1.77,4.58
ATOM,536.0,C5',DG,18.0,41.609,0.15,13.436,-0.08,2.01,13.86
ATOM,537.0,C4',DG,18.0,41.612,0.886,14.748,0.16,2.275,4.08
ATOM,538.0,O4',DG,18.0,42.942,1.323,15.121,-0.5,1.77,1.18
ATOM,539.0,C3',DG,18.0,40.731,2.136,14.755,0.01,2.275,1.91
ATOM,540.0,O3',DG,18.0,39.954,2.079,15.942,-0.57,1.77,2.09
ATOM,541.0,C2',DG,18.0,41.732,3.281,14.823,-0.18,2.01,1.73
ATOM,542.0,C1',DG,18.0,42.845,2.644,15.631,0.16,2.275,0.83
ATOM,543.0,N9,DG,18.0,44.161,3.28,15.547,-0.02,1.85,0.0
ATOM,544.0,C8,DG,18.0,44.734,3.862,14.444,0.25,1.9,5.55
ATOM,545.0,N7,DG,18.0,45.919,4.358,14.682,-0.6,1.85,14.24
ATOM,546.0,C5,DG,18.0,46.145,4.089,16.023,0.0,1.9,0.0
ATOM,547.0,C6,DG,18.0,47.268,4.383,16.841,0.54,1.9,0.0
ATOM,548.0,O6,DG,18.0,48.318,4.949,16.528,-0.51,1.7,17.01
ATOM,549.0,N1,DG,18.0,47.088,3.931,18.142,-0.34,1.85,0.0
ATOM,550.0,C2,DG,18.0,45.978,3.271,18.595,0.75,1.9,0.0
ATOM,551.0,N2,DG,18.0,46.0,2.906,19.872,-0.68,1.85,6.71
ATOM,552.0,N3,DG,18.0,44.923,2.983,17.844,-0.74,1.85,1.87
ATOM,553.0,C4,DG,18.0,45.075,3.421,16.575,0.26,1.9,0.0
ATOM,554.0,H5',DG,18.0,42.478,-0.512,13.395,0.09,1.34,2.58
ATOM,555.0,H5'',DG,18.0,40.7,-0.457,13.365,0.09,1.34,14.92
ATOM,556.0,H4',DG,18.0,41.313,0.198,15.558,0.09,1.32,12.46
ATOM,557.0,H1',DG,18.0,42.635,2.599,16.704,0.09,1.32,0.24
ATOM,558.0,H8,DG,18.0,44.213,3.877,13.502,0.16,1.1,4.04
ATOM,559.0,H1,DG,18.0,47.826,4.101,18.797,0.26,0.2245,4.11
ATOM,560.0,H21,DG,18.0,46.745,3.049,20.543,0.32,0.2245,14.19
ATOM,561.0,H22,DG,18.0,45.186,2.408,20.217,0.35,0.2245,13.13
ATOM,562.0,H3',DG,18.0,40.173,2.192,13.816,0.09,1.32,6.97
ATOM,563.0,H2',DG,18.0,41.586,3.948,13.974,0.09,1.34,10.17
ATOM,564.0,H2'',DG,18.0,41.586,3.833,15.75,0.09,1.34,0.0
ATOM,565.0,P,DA,19.0,38.851,3.189,16.24,1.5,2.15,3.09
ATOM,566.0,OP1,DA,19.0,37.6,2.387,16.373,-0.78,1.7,40.82
ATOM,567.0,OP2,DA,19.0,38.939,4.293,15.249,-0.78,1.7,30.86
ATOM,568.0,O5',DA,19.0,39.313,3.786,17.65,-0.57,1.77,2.27
ATOM,569.0,C5',DA,19.0,39.747,2.917,18.704,-0.08,2.01,10.2
ATOM,570.0,C4',DA,19.0,40.49,3.68,19.783,0.16,2.275,3.69
ATOM,571.0,O4',DA,19.0,41.86,4.002,19.425,-0.5,1.77,0.29
ATOM,572.0,C3',DA,19.0,39.857,4.981,20.272,0.01,2.275,0.31
ATOM,573.0,O3',DA,19.0,39.824,4.977,21.692,-0.57,1.77,0.36
ATOM,574.0,C2',DA,19.0,40.832,6.048,19.813,-0.18,2.01,0.0
ATOM,575.0,C1',DA,19.0,42.156,5.315,19.863,0.16,2.275,0.55
ATOM,576.0,N9,DA,19.0,43.174,5.874,18.976,-0.05,1.85,0.0
ATOM,577.0,C8,DA,19.0,43.051,6.161,17.64,0.34,1.9,1.71
ATOM,578.0,N7,DA,19.0,44.126,6.696,17.107,-0.71,1.85,8.68
ATOM,579.0,C5,DA,19.0,45.023,6.757,18.161,0.28,1.9,0.0
ATOM,580.0,C6,DA,19.0,46.35,7.233,18.25,0.46,1.9,0.0
ATOM,581.0,N6,DA,19.0,47.014,7.775,17.227,-0.77,1.85,10.05
ATOM,582.0,N1,DA,19.0,46.971,7.14,19.444,-0.74,1.85,12.86
ATOM,583.0,C2,DA,19.0,46.293,6.615,20.48,0.5,1.9,2.63
ATOM,584.0,N3,DA,19.0,45.038,6.145,20.526,-0.75,1.85,3.67
ATOM,585.0,C4,DA,19.0,44.453,6.245,19.319,0.43,1.9,0.0
ATOM,586.0,H5',DA,19.0,40.409,2.145,18.291,0.09,1.34,4.17
ATOM,587.0,H5'',DA,19.0,38.884,2.439,19.166,0.09,1.34,12.56
ATOM,588.0,H4',DA,19.0,40.586,3.041,20.683,0.09,1.32,12.09
ATOM,589.0,H1',DA,19.0,42.645,5.26,20.836,0.09,1.32,1.96
ATOM,590.0,H8,DA,19.0,42.116,5.992,17.132,0.12,1.1,3.37
ATOM,591.0,H61,DA,19.0,47.96,8.097,17.353,0.38,0.2245,17.92
ATOM,592.0,H62,DA,19.0,46.568,7.864,16.323,0.38,0.2245,12.36
ATOM,593.0,H2,DA,19.0,46.764,6.528,21.444,0.13,1.1,16.13
ATOM,594.0,H3',DA,19.0,38.892,5.124,19.775,0.09,1.32,5.44
ATOM,595.0,H2',DA,19.0,40.303,6.784,19.194,0.09,1.34,6.13
ATOM,596.0,H2'',DA,19.0,41.257,6.557,20.68,0.09,1.34,0.0
ATOM,597.0,P,DT,20.0,38.625,5.713,22.46,1.5,2.15,2.3
ATOM,598.0,OP1,DT,20.0,37.673,4.713,23.029,-0.78,1.7,41.1
ATOM,599.0,OP2,DT,20.0,38.116,6.773,21.555,-0.78,1.7,29.68
ATOM,600.0,O5',DT,20.0,39.39,6.405,23.665,-0.57,1.77,3.7
ATOM,601.0,C5',DT,20.0,40.45,5.734,24.319,-0.08,2.01,12.11
ATOM,602.0,C4',DT,20.0,41.538,6.719,24.668,0.16,2.275,4.63
ATOM,603.0,O4',DT,20.0,42.352,7.045,23.509,-0.5,1.77,2.62
ATOM,604.0,C3',DT,20.0,41.04,8.065,25.225,0.01,2.275,1.42
ATOM,605.0,O3',DT,20.0,41.941,8.51,26.26,-0.57,1.77,1.21
ATOM,606.0,C2',DT,20.0,41.207,8.992,24.035,-0.18,2.01,0.0
ATOM,607.0,C1',DT,20.0,42.525,8.447,23.549,0.16,2.275,0.39
ATOM,608.0,N1,DT,20.0,43.057,8.921,22.274,-0.34,1.85,0.0
ATOM,609.0,C2,DT,20.0,44.377,9.269,22.317,0.51,1.9,0.0
ATOM,610.0,O2,DT,20.0,45.033,9.187,23.343,-0.41,1.7,11.14
ATOM,611.0,N3,DT,20.0,44.9,9.723,21.129,-0.46,1.85,0.0
ATOM,612.0,C4,DT,20.0,44.233,9.869,19.93,0.5,1.9,0.0
ATOM,613.0,O4,DT,20.0,44.842,10.293,18.95,-0.45,1.7,14.68
ATOM,614.0,C5,DT,20.0,42.819,9.489,19.959,-0.15,1.9,0.0
ATOM,615.0,C7,DT,20.0,41.994,9.63,18.717,-0.11,2.04,21.55
ATOM,616.0,C6,DT,20.0,42.314,9.029,21.117,0.17,1.9,0.0
ATOM,617.0,H5',DT,20.0,40.863,4.962,23.665,0.09,1.34,4.77
ATOM,618.0,H5'',DT,20.0,40.087,5.263,25.237,0.09,1.34,14.62
ATOM,619.0,H4',DT,20.0,42.244,6.254,25.374,0.09,1.32,12.93
ATOM,620.0,H1',DT,20.0,43.309,8.683,24.279,0.09,1.32,0.0
ATOM,621.0,H6,DT,20.0,41.254,8.77,21.144,0.17,1.1,1.17
ATOM,622.0,H71,DT,20.0,41.166,10.313,18.915,0.07,1.34,9.05
ATOM,623.0,H72,DT,20.0,42.61,10.029,17.913,0.07,1.34,8.11
ATOM,624.0,H73,DT,20.0,41.6,8.657,18.428,0.07,1.34,0.72
ATOM,625.0,H3,DT,20.0,45.959,9.999,21.133,0.36,0.2245,8.03
ATOM,626.0,H3',DT,20.0,39.985,7.977,25.481,0.09,1.32,7.96
ATOM,627.0,H2',DT,20.0,40.255,9.337,23.685,0.09,1.34,5.3
ATOM,628.0,H2'',DT,20.0,41.84,9.822,24.334,0.09,1.34,0.0
ATOM,629.0,P,DT,21.0,41.518,9.71,27.245,1.5,2.15,2.1
ATOM,630.0,OP1,DT,21.0,41.182,9.097,28.555,-0.78,1.7,41.1
ATOM,631.0,OP2,DT,21.0,40.515,10.574,26.558,-0.78,1.7,24.6
ATOM,632.0,O5',DT,21.0,42.858,10.561,27.386,-0.57,1.77,2.41
ATOM,633.0,C5',DT,21.0,44.142,9.945,27.382,-0.08,2.01,12.08
ATOM,634.0,C4',DT,21.0,45.184,10.936,26.91,0.16,2.275,4.5
ATOM,635.0,O4',DT,21.0,45.102,11.073,25.467,-0.5,1.77,1.02
ATOM,636.0,C3',DT,21.0,45.056,12.363,27.479,0.01,2.275,2.46
ATOM,637.0,O3',DT,21.0,46.353,12.93,27.791,-0.57,1.77,8.73
ATOM,638.0,C2',DT,21.0,44.431,13.131,26.328,-0.18,2.01,1.01
ATOM,639.0,C1',DT,21.0,45.094,12.458,25.142,0.16,2.275,1.12
ATOM,640.0,N1,DT,21.0,44.392,12.642,23.853,-0.34,1.85,0.0
ATOM,641.0,C2,DT,21.0,45.144,12.912,22.714,0.51,1.9,0.0
ATOM,642.0,O2,DT,21.0,46.366,13.015,22.717,-0.41,1.7,19.01
ATOM,643.0,N3,DT,21.0,44.401,13.064,21.566,-0.46,1.85,0.0
ATOM,644.0,C4,DT,21.0,43.022,12.981,21.445,0.5,1.9,0.0
ATOM,645.0,O4,DT,21.0,42.499,13.138,20.349,-0.45,1.7,14.43
ATOM,646.0,C5,DT,21.0,42.303,12.702,22.676,-0.15,1.9,0.0
ATOM,647.0,C7,DT,21.0,40.81,12.595,22.646,-0.11,2.04,25.73
ATOM,648.0,C6,DT,21.0,43.016,12.549,23.798,0.17,1.9,1.82
ATOM,649.0,H5',DT,21.0,44.137,9.084,26.711,0.09,1.34,2.97
ATOM,650.0,H5'',DT,21.0,44.397,9.61,28.39,0.09,1.34,13.79
ATOM,651.0,H4',DT,21.0,46.183,10.53,27.091,0.09,1.32,13.68
ATOM,652.0,H1',DT,21.0,46.117,12.777,24.939,0.09,1.32,4.32
ATOM,653.0,H6,DT,21.0,42.467,12.381,24.732,0.17,1.1,0.63
ATOM,654.0,H71,DT,21.0,40.384,13.347,23.313,0.07,1.34,14.59
ATOM,655.0,H72,DT,21.0,40.452,12.765,21.632,0.07,1.34,7.98
ATOM,656.0,H73,DT,21.0,40.508,11.603,22.979,0.07,1.34,0.05
ATOM,657.0,H3,DT,21.0,44.955,13.273,20.646,0.36,0.2245,4.69
ATOM,658.0,H3',DT,21.0,44.373,12.347,28.329,0.09,1.32,6.77
ATOM,659.0,H2',DT,21.0,43.467,13.535,26.633,0.09,1.34,10.43
ATOM,660.0,H2'',DT,21.0,45.093,13.946,26.036,0.09,1.34,0.0
ATOM,661.0,P,DC,22.0,46.47,14.426,28.409,1.5,2.15,2.08
ATOM,662.0,OP1,DC,22.0,47.899,14.828,28.322,-0.78,1.7,31.21
ATOM,663.0,OP2,DC,22.0,45.772,14.481,29.724,-0.78,1.7,36.77
ATOM,664.0,O5',DC,22.0,45.663,15.341,27.382,-0.57,1.77,0.0
ATOM,665.0,C5',DC,22.0,45.651,16.758,27.514,-0.08,2.01,10.88
ATOM,666.0,C4',DC,22.0,46.914,17.349,26.929,0.16,2.275,3.29
ATOM,667.0,O4',DC,22.0,47.146,16.809,25.604,-0.5,1.77,4.51
ATOM,668.0,C3',DC,22.0,46.876,18.869,26.763,0.01,2.275,3.65
ATOM,669.0,O3',DC,22.0,48.16,19.441,27.029,-0.57,1.77,9.43
ATOM,670.0,C2',DC,22.0,46.512,19.05,25.303,-0.18,2.01,0.07
ATOM,671.0,C1',DC,22.0,47.196,17.863,24.649,0.16,2.275,2.47
ATOM,672.0,N1,DC,22.0,46.527,17.403,23.417,-0.13,1.85,0.0
ATOM,673.0,C2,DC,22.0,47.282,17.29,22.244,0.52,1.9,0.87
ATOM,674.0,O2,DC,22.0,48.489,17.562,22.282,-0.49,1.7,23.24
ATOM,675.0,N3,DC,22.0,46.675,16.888,21.102,-0.66,1.85,14.46
ATOM,676.0,C4,DC,22.0,45.37,16.605,21.103,0.65,1.9,0.0
ATOM,677.0,N4,DC,22.0,44.814,16.221,19.951,-0.75,1.85,10.03
ATOM,678.0,C5,DC,22.0,44.576,16.706,22.286,-0.13,1.9,0.01
ATOM,679.0,C6,DC,22.0,45.191,17.103,23.41,0.05,1.9,0.02
ATOM,680.0,H5',DC,22.0,45.585,17.03,28.571,0.09,1.34,10.07
ATOM,681.0,H5'',DC,22.0,44.791,17.174,26.985,0.09,1.34,6.72
ATOM,682.0,H4',DC,22.0,47.778,17.019,27.516,0.09,1.32,4.7
ATOM,683.0,H1',DC,22.0,48.232,18.023,24.344,0.09,1.32,1.28
ATOM,684.0,H6,DC,22.0,44.625,17.189,24.328,0.17,1.1,3.49
ATOM,685.0,H5,DC,22.0,43.504,16.473,22.297,0.07,1.1,9.3
ATOM,686.0,H41,DC,22.0,45.41,16.164,19.146,0.37,0.2245,19.02
ATOM,687.0,H42,DC,22.0,43.831,16.002,19.919,0.33,0.2245,8.54
ATOM,688.0,H3',DC,22.0,46.085,19.282,27.396,0.09,1.32,9.39
ATOM,689.0,H2',DC,22.0,45.582,19.627,25.226,0.09,1.34,0.57
ATOM,690.0,H2'',DC,22.0,47.307,19.593,24.788,0.09,1.34,0.0
ATOM,691.0,P,DT,23.0,48.503,20.912,26.483,1.5,2.15,1.91
ATOM,692.0,OP1,DT,23.0,49.787,21.363,27.084,-0.78,1.7,32.19
ATOM,693.0,OP2,DT,23.0,47.284,21.749,26.634,-0.78,1.7,24.5
ATOM,694.0,O5',DT,23.0,48.757,20.682,24.929,-0.57,1.77,0.0
ATOM,695.0,C5',DT,23.0,50.073,20.73,24.383,-0.08,2.01,12.42
ATOM,696.0,C4',DT,23.0,50.126,21.754,23.275,0.16,2.275,5.64
ATOM,697.0,O4',DT,23.0,49.202,21.356,22.229,-0.5,1.77,5.15
ATOM,698.0,C3',DT,23.0,49.682,23.152,23.714,0.01,2.275,2.86
ATOM,699.0,O3',DT,23.0,50.446,24.157,23.033,-0.57,1.77,6.12
ATOM,700.0,C2',DT,23.0,48.22,23.203,23.302,-0.18,2.01,0.0
ATOM,701.0,C1',DT,23.0,48.215,22.366,22.034,0.16,2.275,0.8
ATOM,702.0,N1,DT,23.0,46.928,21.702,21.719,-0.34,1.85,0.0
ATOM,703.0,C2,DT,23.0,46.646,21.461,20.393,0.51,1.9,0.4
ATOM,704.0,O2,DT,23.0,47.382,21.803,19.483,-0.41,1.7,23.73
ATOM,705.0,N3,DT,23.0,45.46,20.806,20.17,-0.46,1.85,0.8
ATOM,706.0,C4,DT,23.0,44.545,20.384,21.118,0.5,1.9,0.0
ATOM,707.0,O4,DT,23.0,43.533,19.783,20.769,-0.45,1.7,11.78
ATOM,708.0,C5,DT,23.0,44.885,20.696,22.484,-0.15,1.9,0.0
ATOM,709.0,C7,DT,23.0,43.933,20.304,23.57,-0.11,2.04,17.63
ATOM,710.0,C6,DT,23.0,46.046,21.329,22.716,0.17,1.9,0.39
ATOM,711.0,H5',DT,23.0,50.341,19.751,23.981,0.09,1.34,7.12
ATOM,712.0,H5'',DT,23.0,50.788,21.005,25.162,0.09,1.34,6.64
ATOM,713.0,H4',DT,23.0,51.108,21.728,22.799,0.09,1.32,14.0
ATOM,714.0,H1',DT,23.0,48.458,22.923,21.131,0.09,1.32,0.19
ATOM,715.0,H6,DT,23.0,46.281,21.598,23.75,0.17,1.1,0.36
ATOM,716.0,H71,DT,23.0,43.621,21.203,24.108,0.07,1.34,12.38
ATOM,717.0,H72,DT,23.0,43.061,19.821,23.135,0.07,1.34,7.07
ATOM,718.0,H73,DT,23.0,44.425,19.622,24.26,0.07,1.34,0.0
ATOM,719.0,H3,DT,23.0,45.206,20.592,19.125,0.36,0.2245,11.94
ATOM,720.0,H3',DT,23.0,49.761,23.232,24.801,0.09,1.32,2.5
ATOM,721.0,H2',DT,23.0,47.598,23.39,24.184,0.09,1.34,3.87
ATOM,722.0,H2'',DT,23.0,48.068,24.01,22.584,0.09,1.34,0.0
ATOM,723.0,P,DA,24.0,50.072,25.711,23.219,1.5,2.15,2.89
ATOM,724.0,OP1,DA,24.0,51.323,26.505,23.124,-0.78,1.7,36.89
ATOM,725.0,OP2,DA,24.0,49.2,25.843,24.42,-0.78,1.7,30.47
ATOM,726.0,O5',DA,24.0,49.196,26.043,21.935,-0.57,1.77,0.0
ATOM,727.0,C5',DA,24.0,49.799,26.111,20.649,-0.08,2.01,9.98
ATOM,728.0,C4',DA,24.0,48.852,26.766,19.674,0.16,2.275,4.51
ATOM,729.0,O4',DA,24.0,47.775,25.842,19.37,-0.5,1.77,4.35
ATOM,730.0,C3',DA,24.0,48.194,28.034,20.226,0.01,2.275,3.19
ATOM,731.0,O3',DA,24.0,48.19,29.089,19.248,-0.57,1.77,7.08
ATOM,732.0,C2',DA,24.0,46.791,27.578,20.586,-0.18,2.01,0.52
ATOM,733.0,C1',DA,24.0,46.529,26.481,19.571,0.16,2.275,0.44
ATOM,734.0,N9,DA,24.0,45.553,25.486,20.024,-0.05,1.85,0.0
ATOM,735.0,C8,DA,24.0,45.29,25.11,21.319,0.34,1.9,3.34
ATOM,736.0,N7,DA,24.0,44.295,24.264,21.433,-0.71,1.85,5.55
ATOM,737.0,C5,DA,24.0,43.888,24.05,20.125,0.28,1.9,0.0
ATOM,738.0,C6,DA,24.0,42.862,23.265,19.576,0.46,1.9,0.0
ATOM,739.0,N6,DA,24.0,42.026,22.533,20.311,-0.77,1.85,4.04
ATOM,740.0,N1,DA,24.0,42.72,23.264,18.232,-0.74,1.85,14.66
ATOM,741.0,C2,DA,24.0,43.557,24.009,17.5,0.5,1.9,9.36
ATOM,742.0,N3,DA,24.0,44.558,24.794,17.901,-0.75,1.85,8.99
ATOM,743.0,C4,DA,24.0,44.67,24.774,19.243,0.43,1.9,0.0
ATOM,744.0,H5',DA,24.0,50.036,25.104,20.298,0.09,1.34,7.24
ATOM,745.0,H5'',DA,24.0,50.72,26.697,20.7,0.09,1.34,9.25
ATOM,746.0,H4',DA,24.0,49.358,26.921,18.719,0.09,1.32,12.76
ATOM,747.0,H1',DA,24.0,46.143,26.816,18.605,0.09,1.32,0.0
ATOM,748.0,H8,DA,24.0,45.847,25.542,22.133,0.12,1.1,4.17
ATOM,749.0,H61,DA,24.0,41.303,21.984,19.861,0.38,0.2245,17.95
ATOM,750.0,H62,DA,24.0,42.109,22.521,21.318,0.38,0.2245,5.21
ATOM,751.0,H2,DA,24.0,43.468,24.025,16.426,0.13,1.1,17.49
ATOM,752.0,H3',DA,24.0,48.723,28.351,21.13,0.09,1.32,7.16
ATOM,753.0,H2',DA,24.0,46.594,27.806,21.643,0.09,1.34,8.12
ATOM,754.0,H2'',DA,24.0,46.061,28.107,19.972,0.09,1.34,0.0
ATOM,755.0,P,DC,25.0,47.117,30.29,19.358,1.5,2.15,3.21
ATOM,756.0,OP1,DC,25.0,47.671,31.459,18.624,-0.78,1.7,37.73
ATOM,757.0,OP2,DC,25.0,46.643,30.456,20.757,-0.78,1.7,31.32
ATOM,758.0,O5',DC,25.0,45.914,29.719,18.502,-0.57,1.77,0.0
ATOM,759.0,C5',DC,25.0,46.191,29.04,17.29,-0.08,2.01,7.0
ATOM,760.0,C4',DC,25.0,44.962,29.041,16.425,0.16,2.275,4.75
ATOM,761.0,O4',DC,25.0,44.051,28.027,16.902,-0.5,1.77,1.5
ATOM,762.0,C3',DC,25.0,44.211,30.365,16.498,0.01,2.275,2.56
ATOM,763.0,O3',DC,25.0,43.728,30.705,15.2,-0.57,1.77,4.84
ATOM,764.0,C2',DC,25.0,43.083,30.078,17.475,-0.18,2.01,0.15
ATOM,765.0,C1',DC,25.0,42.8,28.61,17.207,0.16,2.275,0.62
ATOM,766.0,N1,DC,25.0,42.212,27.857,18.328,-0.13,1.85,0.0
ATOM,767.0,C2,DC,25.0,41.421,26.732,18.039,0.52,1.9,0.0
ATOM,768.0,O2,DC,25.0,41.287,26.379,16.857,-0.49,1.7,15.25
ATOM,769.0,N3,DC,25.0,40.833,26.06,19.054,-0.66,1.85,6.18
ATOM,770.0,C4,DC,25.0,41.014,26.46,20.314,0.65,1.9,0.0
ATOM,771.0,N4,DC,25.0,40.39,25.784,21.28,-0.75,1.85,8.68
ATOM,772.0,C5,DC,25.0,41.839,27.58,20.64,-0.13,1.9,0.75
ATOM,773.0,C6,DC,25.0,42.414,28.243,19.625,0.05,1.9,1.32
ATOM,774.0,H5',DC,25.0,46.483,28.009,17.501,0.09,1.34,1.09
ATOM,775.0,H5'',DC,25.0,47.007,29.538,16.759,0.09,1.34,10.29
ATOM,776.0,H4',DC,25.0,45.225,28.722,15.412,0.09,1.32,13.62
ATOM,777.0,H1',DC,25.0,42.108,28.437,16.381,0.09,1.32,0.23
ATOM,778.0,H6,DC,25.0,43.047,29.095,19.832,0.17,1.1,3.37
ATOM,779.0,H5,DC,25.0,42.009,27.903,21.675,0.07,1.1,15.51
ATOM,780.0,H41,DC,25.0,39.82,25.004,21.006,0.37,0.2245,13.73
ATOM,781.0,H42,DC,25.0,40.502,26.065,22.241,0.33,0.2245,16.93
ATOM,782.0,H3',DC,25.0,44.869,31.135,16.913,0.09,1.32,2.75
ATOM,783.0,H2',DC,25.0,43.135,30.782,18.311,0.09,1.34,8.07
ATOM,784.0,H2'',DC,25.0,42.123,30.194,16.971,0.09,1.34,0.0
ATOM,785.0,P,DC,26.0,42.895,32.059,14.989,1.5,2.15,2.35
ATOM,786.0,OP1,DC,26.0,43.31,32.64,13.683,-0.78,1.7,37.41
ATOM,787.0,OP2,DC,26.0,42.969,32.883,16.228,-0.78,1.7,30.42
ATOM,788.0,O5',DC,26.0,41.406,31.524,14.843,-0.57,1.77,0.0
ATOM,789.0,C5',DC,26.0,41.049,30.622,13.796,-0.08,2.01,10.0
ATOM,790.0,C4',DC,26.0,39.547,30.564,13.685,0.16,2.275,4.95
ATOM,791.0,O4',DC,26.0,39.002,29.79,14.78,-0.5,1.77,2.76
ATOM,792.0,C3',DC,26.0,38.931,31.952,13.807,0.01,2.275,1.32
ATOM,793.0,O3',DC,26.0,37.813,32.045,12.948,-0.57,1.77,0.37
ATOM,794.0,C2',DC,26.0,38.499,32.028,15.262,-0.18,2.01,0.78
ATOM,795.0,C1',DC,26.0,38.122,30.589,15.563,0.16,2.275,0.14
ATOM,796.0,N1,DC,26.0,38.279,30.186,16.974,-0.13,1.85,0.0
ATOM,797.0,C2,DC,26.0,38.226,28.823,17.297,0.52,1.9,0.0
ATOM,798.0,O2,DC,26.0,38.035,28.001,16.387,-0.49,1.7,14.25
ATOM,799.0,N3,DC,26.0,38.376,28.437,18.59,-0.66,1.85,4.56
ATOM,800.0,C4,DC,26.0,38.567,29.354,19.54,0.65,1.9,0.0
ATOM,801.0,N4,DC,26.0,38.722,28.931,20.795,-0.75,1.85,10.91
ATOM,802.0,C5,DC,26.0,38.613,30.747,19.243,-0.13,1.9,3.36
ATOM,803.0,C6,DC,26.0,38.47,31.116,17.958,0.05,1.9,1.23
ATOM,804.0,H5',DC,26.0,41.433,29.628,14.021,0.09,1.34,5.41
ATOM,805.0,H5'',DC,26.0,41.474,30.967,12.851,0.09,1.34,10.04
ATOM,806.0,H4',DC,26.0,39.267,30.004,12.785,0.09,1.32,11.39
ATOM,807.0,H1',DC,26.0,37.091,30.326,15.326,0.09,1.32,0.0
ATOM,808.0,H6,DC,26.0,38.506,32.165,17.697,0.17,1.1,7.57
ATOM,809.0,H5,DC,26.0,38.759,31.511,20.019,0.07,1.1,16.36
ATOM,810.0,H41,DC,26.0,38.683,27.94,20.96,0.37,0.2245,5.24
ATOM,811.0,H42,DC,26.0,38.872,29.599,21.534,0.33,0.2245,16.87
ATOM,812.0,H3',DC,26.0,39.697,32.71,13.612,0.09,1.32,4.06
ATOM,813.0,H2',DC,26.0,38.987,32.885,15.743,0.09,1.34,7.93
ATOM,814.0,H2'',DC,26.0,37.418,32.16,15.319,0.09,1.34,0.0
ATOM,815.0,P,DA,27.0,37.15,33.473,12.667,1.5,2.15,2.34
ATOM,816.0,OP1,DA,27.0,38.081,34.261,11.821,-0.78,1.7,38.26
ATOM,817.0,OP2,DA,27.0,36.684,34.034,13.962,-0.78,1.7,19.76
ATOM,818.0,O5',DA,27.0,35.893,33.077,11.782,-0.57,1.77,5.98
ATOM,819.0,C5',DA,27.0,35.881,31.834,11.083,-0.08,2.01,15.44
ATOM,820.0,C4',DA,27.0,34.712,30.994,11.536,0.16,2.275,4.75
ATOM,821.0,O4',DA,27.0,34.885,30.628,12.924,-0.5,1.77,2.92
ATOM,822.0,C3',DA,27.0,33.368,31.709,11.447,0.01,2.275,1.99
ATOM,823.0,O3',DA,27.0,32.389,30.834,10.898,-0.57,1.77,5.24
ATOM,824.0,C2',DA,27.0,33.047,32.071,12.884,-0.18,2.01,0.0
ATOM,825.0,C1',DA,27.0,33.73,30.969,13.663,0.16,2.275,0.62
ATOM,826.0,N9,DA,27.0,34.148,31.36,15.01,-0.05,1.85,0.0
ATOM,827.0,C8,DA,27.0,34.119,32.615,15.567,0.34,1.9,1.13
ATOM,828.0,N7,DA,27.0,34.507,32.65,16.821,-0.71,1.85,6.41
ATOM,829.0,C5,DA,27.0,34.827,31.331,17.107,0.28,1.9,0.0
ATOM,830.0,C6,DA,27.0,35.294,30.7,18.28,0.46,1.9,0.0
ATOM,831.0,N6,DA,27.0,35.529,31.336,19.429,-0.77,1.85,5.95
ATOM,832.0,N1,DA,27.0,35.51,29.373,18.23,-0.74,1.85,6.25
ATOM,833.0,C2,DA,27.0,35.266,28.726,17.078,0.5,1.9,6.76
ATOM,834.0,N3,DA,27.0,34.828,29.203,15.914,-0.75,1.85,10.54
ATOM,835.0,C4,DA,27.0,34.623,30.527,15.996,0.43,1.9,0.0
ATOM,836.0,H5',DA,27.0,36.811,31.293,11.279,0.09,1.34,3.14
ATOM,837.0,H5'',DA,27.0,35.791,32.013,10.01,0.09,1.34,14.28
ATOM,838.0,H4',DA,27.0,34.715,30.041,10.996,0.09,1.32,13.6
ATOM,839.0,H1',DA,27.0,33.131,30.071,13.817,0.09,1.32,0.55
ATOM,840.0,H8,DA,27.0,33.752,33.453,14.998,0.12,1.1,5.59
ATOM,841.0,H61,DA,27.0,35.862,30.828,20.231,0.38,0.2245,9.85
ATOM,842.0,H62,DA,27.0,35.372,32.335,19.495,0.38,0.2245,8.51
ATOM,843.0,H2,DA,27.0,35.428,27.661,17.017,0.13,1.1,14.41
ATOM,844.0,H3',DA,27.0,33.481,32.624,10.852,0.09,1.32,7.67
ATOM,845.0,H2',DA,27.0,32.854,33.152,12.952,0.09,1.34,7.45
ATOM,846.0,H2'',DA,27.0,32.152,31.537,13.21,0.09,1.34,0.0
ATOM,847.0,P,DA,28.0,30.871,31.335,10.737,1.5,2.15,2.91
ATOM,848.0,OP1,DA,28.0,30.385,30.764,9.446,-0.78,1.7,40.98
ATOM,849.0,OP2,DA,28.0,30.757,32.796,10.991,-0.78,1.7,30.76
ATOM,850.0,O5',DA,28.0,30.143,30.61,11.951,-0.57,1.77,0.84
ATOM,851.0,C5',DA,28.0,30.43,29.24,12.247,-0.08,2.01,9.75
ATOM,852.0,C4',DA,28.0,29.775,28.831,13.545,0.16,2.275,4.02
ATOM,853.0,O4',DA,28.0,30.473,29.432,14.669,-0.5,1.77,2.11
ATOM,854.0,C3',DA,28.0,28.302,29.234,13.671,0.01,2.275,2.34
ATOM,855.0,O3',DA,28.0,27.542,28.11,14.142,-0.57,1.77,3.37
ATOM,856.0,C2',DA,28.0,28.333,30.393,14.658,-0.18,2.01,0.01
ATOM,857.0,C1',DA,28.0,29.541,30.067,15.524,0.16,2.275,0.54
ATOM,858.0,N9,DA,28.0,30.188,31.233,16.126,-0.05,1.85,0.0
ATOM,859.0,C8,DA,28.0,30.108,32.539,15.71,0.34,1.9,4.0
ATOM,860.0,N7,DA,28.0,30.741,33.382,16.492,-0.71,1.85,10.98
ATOM,861.0,C5,DA,28.0,31.286,32.576,17.481,0.28,1.9,0.0
ATOM,862.0,C6,DA,28.0,32.052,32.869,18.618,0.46,1.9,0.0
ATOM,863.0,N6,DA,28.0,32.395,34.1,18.974,-0.77,1.85,7.74
ATOM,864.0,N1,DA,28.0,32.448,31.84,19.395,-0.74,1.85,4.45
ATOM,865.0,C2,DA,28.0,32.077,30.605,19.049,0.5,1.9,0.7
ATOM,866.0,N3,DA,28.0,31.345,30.202,18.011,-0.75,1.85,5.41
ATOM,867.0,C4,DA,28.0,30.974,31.249,17.256,0.43,1.9,0.0
ATOM,868.0,H5',DA,28.0,31.512,29.103,12.331,0.09,1.34,3.06
ATOM,869.0,H5'',DA,28.0,30.049,28.602,11.449,0.09,1.34,12.19
ATOM,870.0,H4',DA,28.0,29.896,27.752,13.693,0.09,1.32,11.47
ATOM,871.0,H1',DA,28.0,29.331,29.409,16.368,0.09,1.32,0.04
ATOM,872.0,H8,DA,28.0,29.524,32.799,14.845,0.12,1.1,6.86
ATOM,873.0,H61,DA,28.0,32.952,34.255,19.808,0.38,0.2245,15.87
ATOM,874.0,H62,DA,28.0,32.105,34.894,18.417,0.38,0.2245,12.37
ATOM,875.0,H2,DA,28.0,32.377,29.761,19.651,0.13,1.1,14.4
ATOM,876.0,H3',DA,28.0,27.94,29.586,12.702,0.09,1.32,9.23
ATOM,877.0,H2',DA,28.0,27.836,31.264,14.209,0.09,1.34,9.56
ATOM,878.0,H2'',DA,28.0,27.8,30.117,15.57,0.09,1.34,0.0
ATOM,879.0,P,DA,29.0,25.991,28.282,14.545,1.5,2.15,2.42
ATOM,880.0,OP1,DA,29.0,25.202,27.408,13.654,-0.78,1.7,43.07
ATOM,881.0,OP2,DA,29.0,25.597,29.704,14.728,-0.78,1.7,25.04
ATOM,882.0,O5',DA,29.0,25.975,27.642,15.989,-0.57,1.77,2.23
ATOM,883.0,C5',DA,29.0,27.036,26.794,16.404,-0.08,2.01,11.19
ATOM,884.0,C4',DA,29.0,27.241,26.949,17.886,0.16,2.275,5.38
ATOM,885.0,O4',DA,29.0,27.956,28.178,18.156,-0.5,1.77,1.65
ATOM,886.0,C3',DA,29.0,25.914,27.052,18.638,0.01,2.275,1.79
ATOM,887.0,O3',DA,29.0,25.935,26.22,19.799,-0.57,1.77,4.81
ATOM,888.0,C2',DA,29.0,25.817,28.523,19.009,-0.18,2.01,0.0
ATOM,889.0,C1',DA,29.0,27.276,28.907,19.16,0.16,2.275,1.23
ATOM,890.0,N9,DA,29.0,27.586,30.332,18.995,-0.05,1.85,0.0
ATOM,891.0,C8,DA,29.0,27.274,31.163,17.95,0.34,1.9,2.93
ATOM,892.0,N7,DA,29.0,27.689,32.397,18.112,-0.71,1.85,6.22
ATOM,893.0,C5,DA,29.0,28.324,32.376,19.342,0.28,1.9,0.0
ATOM,894.0,C6,DA,29.0,28.989,33.368,20.084,0.46,1.9,0.0
ATOM,895.0,N6,DA,29.0,29.145,34.627,19.675,-0.77,1.85,3.35
ATOM,896.0,N1,DA,29.0,29.501,33.016,21.279,-0.74,1.85,8.46
ATOM,897.0,C2,DA,29.0,29.36,31.757,21.689,0.5,1.9,3.68
ATOM,898.0,N3,DA,29.0,28.771,30.737,21.083,-0.75,1.85,6.23
ATOM,899.0,C4,DA,29.0,28.266,31.114,19.899,0.43,1.9,0.0
ATOM,900.0,H5',DA,29.0,27.954,27.067,15.882,0.09,1.34,1.01
ATOM,901.0,H5'',DA,29.0,26.792,25.753,16.176,0.09,1.34,14.82
ATOM,902.0,H4',DA,29.0,27.906,26.158,18.251,0.09,1.32,13.8
ATOM,903.0,H1',DA,29.0,27.7,28.651,20.132,0.09,1.32,1.94
ATOM,904.0,H8,DA,29.0,26.694,30.798,17.12,0.12,1.1,0.62
ATOM,905.0,H61,DA,29.0,29.632,35.293,20.253,0.38,0.2245,13.48
ATOM,906.0,H62,DA,29.0,28.773,34.918,18.779,0.38,0.2245,8.37
ATOM,907.0,H2,DA,29.0,29.76,31.453,22.646,0.13,1.1,19.18
ATOM,908.0,H3',DA,29.0,25.093,26.788,17.963,0.09,1.32,4.06
ATOM,909.0,H2',DA,29.0,24.876,28.934,18.627,0.09,1.34,7.22
ATOM,910.0,H2'',DA,29.0,25.837,28.629,20.094,0.09,1.34,0.0
ATOM,911.0,P,DA,30.0,24.573,25.924,20.583,1.5,2.15,3.31
ATOM,912.0,OP1,DA,30.0,24.679,24.558,21.142,-0.78,1.7,38.66
ATOM,913.0,OP2,DA,30.0,23.425,26.304,19.716,-0.78,1.7,33.26
ATOM,914.0,O5',DA,30.0,24.622,26.948,21.782,-0.57,1.77,0.0
ATOM,915.0,C5',DA,30.0,25.687,26.89,22.702,-0.08,2.01,9.73
ATOM,916.0,C4',DA,30.0,25.484,27.936,23.76,0.16,2.275,5.14
ATOM,917.0,O4',DA,30.0,25.953,29.223,23.296,-0.5,1.77,3.18
ATOM,918.0,C3',DA,30.0,24.016,28.12,24.105,0.01,2.275,1.33
ATOM,919.0,O3',DA,30.0,23.913,28.352,25.487,-0.57,1.77,1.24
ATOM,920.0,C2',DA,30.0,23.626,29.376,23.344,-0.18,2.01,1.28
ATOM,921.0,C1',DA,30.0,24.913,30.178,23.414,0.16,2.275,0.67
ATOM,922.0,N9,DA,30.0,25.114,31.2,22.375,-0.05,1.85,0.0
ATOM,923.0,C8,DA,30.0,24.743,31.175,21.049,0.34,1.9,4.9
ATOM,924.0,N7,DA,30.0,25.054,32.269,20.393,-0.71,1.85,10.31
ATOM,925.0,C5,DA,30.0,25.677,33.068,21.346,0.28,1.9,0.0
ATOM,926.0,C6,DA,30.0,26.238,34.366,21.288,0.46,1.9,0.0
ATOM,927.0,N6,DA,30.0,26.282,35.112,20.191,-0.77,1.85,6.74
ATOM,928.0,N1,DA,30.0,26.767,34.869,22.416,-0.74,1.85,7.5
ATOM,929.0,C2,DA,30.0,26.753,34.123,23.522,0.5,1.9,4.32
ATOM,930.0,N3,DA,30.0,26.27,32.895,23.707,-0.75,1.85,5.56
ATOM,931.0,C4,DA,30.0,25.731,32.419,22.567,0.43,1.9,0.0
ATOM,932.0,H5',DA,30.0,26.634,27.075,22.191,0.09,1.34,4.46
ATOM,933.0,H5'',DA,30.0,25.728,25.902,23.172,0.09,1.34,11.02
ATOM,934.0,H4',DA,30.0,26.117,27.71,24.629,0.09,1.32,12.92
ATOM,935.0,H1',DA,30.0,25.036,30.721,24.349,0.09,1.32,0.14
ATOM,936.0,H8,DA,30.0,24.204,30.333,20.653,0.12,1.1,3.27
ATOM,937.0,H61,DA,30.0,26.696,36.03,20.215,0.38,0.2245,13.94
ATOM,938.0,H62,DA,30.0,25.898,34.76,19.32,0.38,0.2245,10.23
ATOM,939.0,H2,DA,30.0,27.177,34.505,24.438,0.13,1.1,13.59
ATOM,940.0,H3',DA,30.0,23.441,27.269,23.726,0.09,1.32,6.41
ATOM,941.0,H2',DA,30.0,22.816,29.15,22.649,0.09,1.34,8.84
ATOM,942.0,H2'',DA,30.0,23.296,30.14,24.048,0.09,1.34,0.0
ATOM,943.0,P,DG,31.0,22.485,28.327,26.154,1.5,2.15,2.36
ATOM,944.0,OP1,DG,31.0,22.251,27.001,26.772,-0.78,1.7,40.9
ATOM,945.0,OP2,DG,31.0,21.576,28.813,25.083,-0.78,1.7,25.57
ATOM,946.0,O5',DG,31.0,22.607,29.417,27.312,-0.57,1.77,3.64
ATOM,947.0,C5',DG,31.0,23.854,29.615,28.006,-0.08,2.01,12.05
ATOM,948.0,C4',DG,31.0,24.04,31.072,28.382,0.16,2.275,4.81
ATOM,949.0,O4',DG,31.0,24.517,31.865,27.26,-0.5,1.77,5.76
ATOM,950.0,C3',DG,31.0,22.777,31.761,28.899,0.01,2.275,2.19
ATOM,951.0,O3',DG,31.0,23.072,32.615,29.987,-0.57,1.77,2.11
ATOM,952.0,C2',DG,31.0,22.346,32.611,27.73,-0.18,2.01,0.0
ATOM,953.0,C1',DG,31.0,23.673,32.979,27.099,0.16,2.275,2.0
ATOM,954.0,N9,DG,31.0,23.538,33.256,25.679,-0.02,1.85,0.0
ATOM,955.0,C8,DG,31.0,23.047,32.437,24.693,0.25,1.9,2.27
ATOM,956.0,N7,DG,31.0,22.962,33.03,23.532,-0.6,1.85,10.44
ATOM,957.0,C5,DG,31.0,23.449,34.307,23.771,0.0,1.9,0.0
ATOM,958.0,C6,DG,31.0,23.592,35.412,22.905,0.54,1.9,0.0
ATOM,959.0,O6,DG,31.0,23.291,35.497,21.705,-0.51,1.7,22.99
ATOM,960.0,N1,DG,31.0,24.139,36.505,23.573,-0.34,1.85,0.08
ATOM,961.0,C2,DG,31.0,24.488,36.526,24.908,0.75,1.9,0.0
ATOM,962.0,N2,DG,31.0,24.992,37.659,25.397,-0.68,1.85,11.03
ATOM,963.0,N3,DG,31.0,24.351,35.509,25.712,-0.74,1.85,2.92
ATOM,964.0,C4,DG,31.0,23.83,34.443,25.088,0.26,1.9,0.0
ATOM,965.0,H5',DG,31.0,24.681,29.301,27.361,0.09,1.34,4.34
ATOM,966.0,H5'',DG,31.0,23.862,29.021,28.918,0.09,1.34,14.25
ATOM,967.0,H4',DG,31.0,24.839,31.156,29.136,0.09,1.32,13.49
ATOM,968.0,H1',DG,31.0,24.168,33.869,27.504,0.09,1.32,1.69
ATOM,969.0,H8,DG,31.0,22.778,31.419,24.911,0.16,1.1,0.0
ATOM,970.0,H1,DG,31.0,24.292,37.341,23.046,0.26,0.2245,11.72
ATOM,971.0,H21,DG,31.0,25.156,38.514,24.872,0.32,0.2245,15.63
ATOM,972.0,H22,DG,31.0,25.253,37.667,26.366,0.35,0.2245,9.68
ATOM,973.0,H3',DG,31.0,22.016,31.005,29.112,0.09,1.32,6.61
ATOM,974.0,H2',DG,31.0,21.324,32.343,27.434,0.09,1.34,5.37
ATOM,975.0,H2'',DG,31.0,22.365,33.666,28.011,0.09,1.34,0.0
ATOM,976.0,P,DT,32.0,21.875,33.192,30.882,1.5,2.15,1.76
ATOM,977.0,OP1,DT,32.0,22.096,32.701,32.265,-0.78,1.7,38.86
ATOM,978.0,OP2,DT,32.0,20.553,32.982,30.25,-0.78,1.7,27.75
ATOM,979.0,O5',DT,32.0,22.151,34.758,30.846,-0.57,1.77,0.04
ATOM,980.0,C5',DT,32.0,23.442,35.289,31.165,-0.08,2.01,9.91
ATOM,981.0,C4',DT,32.0,23.405,36.8,31.124,0.16,2.275,5.16
ATOM,982.0,O4',DT,32.0,23.537,37.262,29.758,-0.5,1.77,5.5
ATOM,983.0,C3',DT,32.0,22.102,37.393,31.666,0.01,2.275,3.19
ATOM,984.0,O3',DT,32.0,22.343,38.506,32.533,-0.57,1.77,6.54
ATOM,985.0,C2',DT,32.0,21.337,37.798,30.418,-0.18,2.01,0.0
ATOM,986.0,C1',DT,32.0,22.431,38.074,29.399,0.16,2.275,1.18
ATOM,987.0,N1,DT,32.0,22.053,37.734,28.013,-0.34,1.85,0.0
ATOM,988.0,C2,DT,32.0,22.452,38.576,27.009,0.51,1.9,0.0
ATOM,989.0,O2,DT,32.0,23.108,39.587,27.211,-0.41,1.7,16.81
ATOM,990.0,N3,DT,32.0,22.05,38.197,25.75,-0.46,1.85,0.0
ATOM,991.0,C4,DT,32.0,21.301,37.089,25.41,0.5,1.9,0.0
ATOM,992.0,O4,DT,32.0,21.02,36.87,24.236,-0.45,1.7,9.88
ATOM,993.0,C5,DT,32.0,20.908,36.258,26.511,-0.15,1.9,0.0
ATOM,994.0,C7,DT,32.0,20.063,35.053,26.24,-0.11,2.04,17.95
ATOM,995.0,C6,DT,32.0,21.309,36.608,27.741,0.17,1.9,0.16
ATOM,996.0,H5',DT,32.0,24.175,34.927,30.441,0.09,1.34,5.55
ATOM,997.0,H5'',DT,32.0,23.735,34.968,32.165,0.09,1.34,11.13
ATOM,998.0,H4',DT,32.0,24.286,37.201,31.638,0.09,1.32,13.84
ATOM,999.0,H1',DT,32.0,22.759,39.11,29.342,0.09,1.32,0.64
ATOM,1000.0,H6,DT,32.0,20.987,35.977,28.579,0.17,1.1,0.4
ATOM,1001.0,H71,DT,32.0,19.123,35.148,26.788,0.07,1.34,12.1
ATOM,1002.0,H72,DT,32.0,19.855,34.984,25.174,0.07,1.34,7.45
ATOM,1003.0,H73,DT,32.0,20.586,34.158,26.571,0.07,1.34,0.0
ATOM,1004.0,H3,DT,32.0,22.358,38.847,24.922,0.36,0.2245,8.54
ATOM,1005.0,H3',DT,32.0,21.547,36.616,32.203,0.09,1.32,4.9
ATOM,1006.0,H2',DT,32.0,20.324,37.36,30.458,0.09,1.34,6.48
ATOM,1007.0,H2'',DT,32.0,21.237,38.885,30.375,0.09,1.34,0.0
ATOM,1008.0,P,DG,33.0,21.097,39.303,33.171,1.5,2.15,3.93
ATOM,1009.0,OP1,DG,33.0,21.547,39.981,34.408,-0.78,1.7,40.85
ATOM,1010.0,OP2,DG,33.0,19.935,38.383,33.226,-0.78,1.7,33.71
ATOM,1011.0,O5',DG,33.0,20.805,40.409,32.066,-0.57,1.77,0.32
ATOM,1012.0,C5',DG,33.0,21.889,41.043,31.399,-0.08,2.01,8.86
ATOM,1013.0,C4',DG,33.0,21.371,42.047,30.402,0.16,2.275,3.9
ATOM,1014.0,O4',DG,33.0,21.095,41.437,29.117,-0.5,1.77,1.16
ATOM,1015.0,C3',DG,33.0,20.082,42.743,30.833,0.01,2.275,1.29
ATOM,1016.0,O3',DG,33.0,20.201,44.14,30.541,-0.57,1.77,6.85
ATOM,1017.0,C2',DG,33.0,19.022,42.083,29.961,-0.18,2.01,0.31
ATOM,1018.0,C1',DG,33.0,19.808,41.853,28.683,0.16,2.275,1.48
ATOM,1019.0,N9,DG,33.0,19.299,40.863,27.734,-0.02,1.85,0.0
ATOM,1020.0,C8,DG,33.0,19.002,39.541,27.971,0.25,1.9,1.43
ATOM,1021.0,N7,DG,33.0,18.633,38.896,26.894,-0.6,1.85,4.91
ATOM,1022.0,C5,DG,33.0,18.675,39.85,25.888,0.0,1.9,0.0
ATOM,1023.0,C6,DG,33.0,18.396,39.739,24.497,0.54,1.9,0.02
ATOM,1024.0,O6,DG,33.0,18.065,38.738,23.854,-0.51,1.7,24.82
ATOM,1025.0,N1,DG,33.0,18.547,40.959,23.847,-0.34,1.85,5.24
ATOM,1026.0,C2,DG,33.0,18.925,42.133,24.451,0.75,1.9,1.54
ATOM,1027.0,N2,DG,33.0,19.01,43.2,23.655,-0.68,1.85,16.37
ATOM,1028.0,N3,DG,33.0,19.201,42.249,25.739,-0.74,1.85,7.09
ATOM,1029.0,C4,DG,33.0,19.059,41.077,26.392,0.26,1.9,0.0
ATOM,1030.0,H5',DG,33.0,22.49,40.293,30.875,0.09,1.34,0.47
ATOM,1031.0,H5'',DG,33.0,22.521,41.562,32.123,0.09,1.34,12.06
ATOM,1032.0,H4',DG,33.0,22.155,42.793,30.188,0.09,1.32,13.42
ATOM,1033.0,H1',DG,33.0,19.908,42.767,28.093,0.09,1.32,3.69
ATOM,1034.0,H8,DG,33.0,19.085,39.133,28.962,0.16,1.1,2.5
ATOM,1035.0,H1,DG,33.0,18.366,40.984,22.863,0.26,0.2245,13.45
ATOM,1036.0,H21,DG,33.0,18.839,43.236,22.659,0.32,0.2245,19.01
ATOM,1037.0,H22,DG,33.0,19.296,44.068,24.089,0.35,0.2245,16.45
ATOM,1038.0,H3',DG,33.0,19.882,42.52,31.884,0.09,1.32,3.32
ATOM,1039.0,H2',DG,33.0,18.279,41.596,30.589,0.09,1.34,8.49
ATOM,1040.0,H2'',DG,33.0,18.542,42.841,29.344,0.09,1.34,0.0
ATOM,1041.0,P,DT,34.0,19.124,45.177,31.127,1.5,2.15,2.01
ATOM,1042.0,OP1,DT,34.0,19.52,46.523,30.637,-0.78,1.7,33.88
ATOM,1043.0,OP2,DT,34.0,18.971,44.938,32.589,-0.78,1.7,36.9
ATOM,1044.0,O5',DT,34.0,17.778,44.746,30.394,-0.57,1.77,0.12
ATOM,1045.0,C5',DT,34.0,16.649,45.608,30.352,-0.08,2.01,10.76
ATOM,1046.0,C4',DT,34.0,16.539,46.252,28.99,0.16,2.275,2.96
ATOM,1047.0,O4',DT,34.0,16.909,45.306,27.953,-0.5,1.77,3.86
ATOM,1048.0,C3',DT,34.0,15.118,46.714,28.67,0.01,2.275,2.91
ATOM,1049.0,O3',DT,34.0,15.11,47.966,27.986,-0.57,1.77,7.42
ATOM,1050.0,C2',DT,34.0,14.591,45.624,27.76,-0.18,2.01,0.12
ATOM,1051.0,C1',DT,34.0,15.841,45.155,27.029,0.16,2.275,1.76
ATOM,1052.0,N1,DT,34.0,15.759,43.731,26.629,-0.34,1.85,0.0
ATOM,1053.0,C2,DT,34.0,15.786,43.422,25.284,0.51,1.9,0.0
ATOM,1054.0,O2,DT,34.0,15.939,44.258,24.408,-0.41,1.7,8.93
ATOM,1055.0,N3,DT,34.0,15.626,42.088,25.003,-0.46,1.85,0.0
ATOM,1056.0,C4,DT,34.0,15.45,41.056,25.906,0.5,1.9,0.0
ATOM,1057.0,O4,DT,34.0,15.294,39.912,25.501,-0.45,1.7,12.52
ATOM,1058.0,C5,DT,34.0,15.462,41.444,27.296,-0.15,1.9,0.0
ATOM,1059.0,C7,DT,34.0,15.289,40.391,28.345,-0.11,2.04,22.82
ATOM,1060.0,C6,DT,34.0,15.622,42.743,27.585,0.17,1.9,0.53
ATOM,1061.0,H5',DT,34.0,16.751,46.389,31.11,0.09,1.34,10.52
ATOM,1062.0,H5'',DT,34.0,15.737,45.039,30.548,0.09,1.34,8.34
ATOM,1063.0,H4',DT,34.0,17.279,47.057,28.904,0.09,1.32,8.28
ATOM,1064.0,H1',DT,34.0,16.096,45.677,26.107,0.09,1.32,1.86
ATOM,1065.0,H6,DT,34.0,15.601,43.037,28.64,0.17,1.1,1.9
ATOM,1066.0,H71,DT,34.0,14.401,40.623,28.938,0.07,1.34,13.28
ATOM,1067.0,H72,DT,34.0,15.164,39.419,27.871,0.07,1.34,7.59
ATOM,1068.0,H73,DT,34.0,16.163,40.373,28.993,0.07,1.34,1.27
ATOM,1069.0,H3,DT,34.0,15.639,41.805,23.943,0.36,0.2245,7.29
ATOM,1070.0,H3',DT,34.0,14.531,46.742,29.593,0.09,1.32,7.07
ATOM,1071.0,H2',DT,34.0,13.668,45.205,28.187,0.09,1.34,7.1
ATOM,1072.0,H2'',DT,34.0,14.361,46.037,26.775,0.09,1.34,0.0
ATOM,1073.0,P,DA,35.0,13.713,48.582,27.503,1.5,2.15,2.29
ATOM,1074.0,OP1,DA,35.0,13.918,50.019,27.205,-0.78,1.7,35.9
ATOM,1075.0,OP2,DA,35.0,12.676,48.169,28.482,-0.78,1.7,31.72
ATOM,1076.0,O5',DA,35.0,13.44,47.835,26.128,-0.57,1.77,0.0
ATOM,1077.0,C5',DA,35.0,14.227,48.114,24.972,-0.08,2.01,10.0
ATOM,1078.0,C4',DA,35.0,13.426,47.801,23.73,0.16,2.275,5.08
ATOM,1079.0,O4',DA,35.0,13.345,46.361,23.541,-0.5,1.77,4.23
ATOM,1080.0,C3',DA,35.0,11.982,48.301,23.839,0.01,2.275,3.55
ATOM,1081.0,O3',DA,35.0,11.51,48.806,22.586,-0.57,1.77,6.74
ATOM,1082.0,C2',DA,35.0,11.213,47.06,24.256,-0.18,2.01,0.0
ATOM,1083.0,C1',DA,35.0,11.983,45.939,23.568,0.16,2.275,0.63
ATOM,1084.0,N9,DA,35.0,11.898,44.662,24.286,-0.05,1.85,0.0
ATOM,1085.0,C8,DA,35.0,11.932,44.471,25.649,0.34,1.9,1.12
ATOM,1086.0,N7,DA,35.0,11.782,43.22,26.012,-0.71,1.85,6.63
ATOM,1087.0,C5,DA,35.0,11.653,42.539,24.811,0.28,1.9,0.0
ATOM,1088.0,C6,DA,35.0,11.461,41.181,24.518,0.46,1.9,0.0
ATOM,1089.0,N6,DA,35.0,11.371,40.232,25.456,-0.77,1.85,8.09
ATOM,1090.0,N1,DA,35.0,11.365,40.827,23.216,-0.74,1.85,15.0
ATOM,1091.0,C2,DA,35.0,11.459,41.781,22.284,0.5,1.9,8.76
ATOM,1092.0,N3,DA,35.0,11.642,43.091,22.434,-0.75,1.85,8.94
ATOM,1093.0,C4,DA,35.0,11.731,43.411,23.738,0.43,1.9,0.0
ATOM,1094.0,H5',DA,35.0,15.128,47.5,24.983,0.09,1.34,3.15
ATOM,1095.0,H5'',DA,35.0,14.512,49.168,24.964,0.09,1.34,8.73
ATOM,1096.0,H4',DA,35.0,13.962,48.163,22.846,0.09,1.32,13.69
ATOM,1097.0,H1',DA,35.0,11.672,45.699,22.551,0.09,1.32,0.1
ATOM,1098.0,H8,DA,35.0,12.023,45.314,26.311,0.12,1.1,0.9
ATOM,1099.0,H61,DA,35.0,11.232,39.267,25.186,0.38,0.2245,20.09
ATOM,1100.0,H62,DA,35.0,11.441,40.477,26.433,0.38,0.2245,9.42
ATOM,1101.0,H2,DA,35.0,11.385,41.524,21.239,0.13,1.1,16.83
ATOM,1102.0,H3',DA,35.0,11.92,49.056,24.627,0.09,1.32,4.71
ATOM,1103.0,H2',DA,35.0,10.69,47.255,25.202,0.09,1.34,4.52
ATOM,1104.0,H2'',DA,35.0,10.474,46.806,23.493,0.09,1.34,0.0
ATOM,1105.0,P,DT,36.0,9.936,49.055,22.368,1.5,2.15,2.78
ATOM,1106.0,OP1,DT,36.0,9.792,50.134,21.359,-0.78,1.7,36.67
ATOM,1107.0,OP2,DT,36.0,9.282,49.193,23.699,-0.78,1.7,30.61
ATOM,1108.0,O5',DT,36.0,9.433,47.699,21.699,-0.57,1.77,0.0
ATOM,1109.0,C5',DT,36.0,9.983,47.265,20.452,-0.08,2.01,9.45
ATOM,1110.0,C4',DT,36.0,9.059,46.28,19.773,0.16,2.275,4.12
ATOM,1111.0,O4',DT,36.0,9.126,44.996,20.437,-0.5,1.77,3.23
ATOM,1112.0,C3',DT,36.0,7.581,46.674,19.76,0.01,2.275,3.9
ATOM,1113.0,O3',DT,36.0,7.004,46.32,18.494,-0.57,1.77,6.94
ATOM,1114.0,C2',DT,36.0,6.995,45.849,20.893,-0.18,2.01,0.0
ATOM,1115.0,C1',DT,36.0,7.813,44.573,20.777,0.16,2.275,0.17
ATOM,1116.0,N1,DT,36.0,7.899,43.751,22.005,-0.34,1.85,0.0
ATOM,1117.0,C2,DT,36.0,7.779,42.373,21.895,0.51,1.9,0.0
ATOM,1118.0,O2,DT,36.0,7.572,41.792,20.834,-0.41,1.7,10.34
ATOM,1119.0,N3,DT,36.0,7.902,41.698,23.082,-0.46,1.85,0.0
ATOM,1120.0,C4,DT,36.0,8.111,42.24,24.331,0.5,1.9,0.0
ATOM,1121.0,O4,DT,36.0,8.214,41.502,25.3,-0.45,1.7,15.54
ATOM,1122.0,C5,DT,36.0,8.198,43.687,24.374,-0.15,1.9,0.0
ATOM,1123.0,C7,DT,36.0,8.387,44.368,25.688,-0.11,2.04,19.88
ATOM,1124.0,C6,DT,36.0,8.097,44.358,23.226,0.17,1.9,0.0
ATOM,1125.0,H5',DT,36.0,10.953,46.787,20.627,0.09,1.34,4.96
ATOM,1126.0,H5'',DT,36.0,10.12,48.121,19.791,0.09,1.34,9.16
ATOM,1127.0,H4',DT,36.0,9.418,46.084,18.756,0.09,1.32,12.37
ATOM,1128.0,H1',DT,36.0,7.458,43.881,20.016,0.09,1.32,0.0
ATOM,1129.0,H6,DT,36.0,8.133,45.452,23.266,0.17,1.1,0.74
ATOM,1130.0,H71,DT,36.0,7.546,45.04,25.873,0.07,1.34,10.63
ATOM,1131.0,H72,DT,36.0,8.436,43.625,26.484,0.07,1.34,7.73
ATOM,1132.0,H73,DT,36.0,9.312,44.945,25.674,0.07,1.34,0.0
ATOM,1133.0,H3,DT,36.0,7.826,40.604,23.034,0.36,0.2245,10.96
ATOM,1134.0,H3',DT,36.0,7.488,47.737,19.992,0.09,1.32,6.96
ATOM,1135.0,H2',DT,36.0,6.573,46.507,21.65,0.09,1.34,6.62
ATOM,1136.0,H2'',DT,36.0,6.215,45.197,20.501,0.09,1.34,0.0
ATOM,1137.0,P,DT,37.0,5.42,46.079,18.379,1.5,2.15,3.1
ATOM,1138.0,OP1,DT,37.0,4.993,46.42,16.997,-0.78,1.7,37.78
ATOM,1139.0,OP2,DT,37.0,4.747,46.715,19.542,-0.78,1.7,27.57
ATOM,1140.0,O5',DT,37.0,5.275,44.504,18.559,-0.57,1.77,0.0
ATOM,1141.0,C5',DT,37.0,6.144,43.607,17.866,-0.08,2.01,7.95
ATOM,1142.0,C4',DT,37.0,5.537,42.225,17.827,0.16,2.275,3.69
ATOM,1143.0,O4',DT,37.0,5.641,41.586,19.121,-0.5,1.77,2.3
ATOM,1144.0,C3',DT,37.0,4.055,42.209,17.454,0.01,2.275,2.25
ATOM,1145.0,O3',DT,37.0,3.812,41.136,16.544,-0.57,1.77,3.98
ATOM,1146.0,C2',DT,37.0,3.349,42.0,18.784,-0.18,2.01,0.0
ATOM,1147.0,C1',DT,37.0,4.354,41.174,19.563,0.16,2.275,1.59
ATOM,1148.0,N1,DT,37.0,4.306,41.347,21.027,-0.34,1.85,0.0
ATOM,1149.0,C2,DT,37.0,4.219,40.213,21.804,0.51,1.9,0.01
ATOM,1150.0,O2,DT,37.0,4.098,39.084,21.335,-0.41,1.7,15.51
ATOM,1151.0,N3,DT,37.0,4.263,40.447,23.158,-0.46,1.85,0.6
ATOM,1152.0,C4,DT,37.0,4.356,41.667,23.797,0.5,1.9,0.0
ATOM,1153.0,O4,DT,37.0,4.414,41.712,25.03,-0.45,1.7,21.93
ATOM,1154.0,C5,DT,37.0,4.385,42.817,22.921,-0.15,1.9,0.0
ATOM,1155.0,C7,DT,37.0,4.428,44.189,23.521,-0.11,2.04,17.92
ATOM,1156.0,C6,DT,37.0,4.367,42.6,21.598,0.17,1.9,0.01
ATOM,1157.0,H5',DT,37.0,7.109,43.562,18.377,0.09,1.34,1.9
ATOM,1158.0,H5'',DT,37.0,6.296,43.956,16.843,0.09,1.34,10.05
ATOM,1159.0,H4',DT,37.0,6.125,41.585,17.155,0.09,1.32,13.39
ATOM,1160.0,H1',DT,37.0,4.26,40.101,19.414,0.09,1.32,0.74
ATOM,1161.0,H6,DT,37.0,4.359,43.477,20.94,0.17,1.1,0.36
ATOM,1162.0,H71,DT,37.0,3.55,44.749,23.191,0.07,1.34,10.46
ATOM,1163.0,H72,DT,37.0,4.422,44.113,24.606,0.07,1.34,6.6
ATOM,1164.0,H73,DT,37.0,5.33,44.702,23.194,0.07,1.34,0.0
ATOM,1165.0,H3,DT,37.0,4.219,39.563,23.808,0.36,0.2245,13.76
ATOM,1166.0,H3',DT,37.0,3.775,43.182,17.038,0.09,1.32,3.48
ATOM,1167.0,H2',DT,37.0,2.628,42.813,18.944,0.09,1.34,5.5
ATOM,1168.0,H2'',DT,37.0,2.811,41.051,18.771,0.09,1.34,0.0
ATOM,1169.0,P,DT,38.0,2.358,40.944,15.895,1.5,2.15,3.31
ATOM,1170.0,OP1,DT,38.0,2.57,40.598,14.456,-0.78,1.7,41.69
ATOM,1171.0,OP2,DT,38.0,1.528,42.116,16.262,-0.78,1.7,31.66
ATOM,1172.0,O5',DT,38.0,1.786,39.669,16.672,-0.57,1.77,0.91
ATOM,1173.0,C5',DT,38.0,2.619,38.516,16.908,-0.08,2.01,9.74
ATOM,1174.0,C4',DT,38.0,1.929,37.526,17.822,0.16,2.275,3.11
ATOM,1175.0,O4',DT,38.0,2.092,37.849,19.229,-0.5,1.77,2.53
ATOM,1176.0,C3',DT,38.0,0.426,37.363,17.581,0.01,2.275,0.58
ATOM,1177.0,O3',DT,38.0,0.097,35.98,17.628,-0.57,1.77,0.0
ATOM,1178.0,C2',DT,38.0,-0.196,38.059,18.778,-0.18,2.01,2.4
ATOM,1179.0,C1',DT,38.0,0.824,37.737,19.857,0.16,2.275,0.38
ATOM,1180.0,N1,DT,38.0,0.798,38.611,21.052,-0.34,1.85,0.0
ATOM,1181.0,C2,DT,38.0,1.024,38.016,22.269,0.51,1.9,0.0
ATOM,1182.0,O2,DT,38.0,1.255,36.828,22.4,-0.41,1.7,14.31
ATOM,1183.0,N3,DT,38.0,0.962,38.863,23.337,-0.46,1.85,0.2
ATOM,1184.0,C4,DT,38.0,0.692,40.214,23.32,0.5,1.9,1.3
ATOM,1185.0,O4,DT,38.0,0.673,40.837,24.371,-0.45,1.7,26.11
ATOM,1186.0,C5,DT,38.0,0.454,40.779,22.017,-0.15,1.9,0.0
ATOM,1187.0,C7,DT,38.0,0.113,42.232,21.907,-0.11,2.04,27.64
ATOM,1188.0,C6,DT,38.0,0.536,39.964,20.956,0.17,1.9,0.75
ATOM,1189.0,H5',DT,38.0,3.559,38.838,17.368,0.09,1.34,3.22
ATOM,1190.0,H5'',DT,38.0,2.83,38.02,15.963,0.09,1.34,7.34
ATOM,1191.0,H4',DT,38.0,2.404,36.533,17.713,0.09,1.32,4.17
ATOM,1192.0,H1',DT,38.0,0.718,36.728,20.261,0.09,1.32,0.0
ATOM,1193.0,H6,DT,38.0,0.343,40.391,19.968,0.17,1.1,1.89
ATOM,1194.0,H71,DT,38.0,-0.871,42.331,21.443,0.07,1.34,14.88
ATOM,1195.0,H72,DT,38.0,0.093,42.679,22.899,0.07,1.34,8.21
ATOM,1196.0,H73,DT,38.0,0.856,42.737,21.292,0.07,1.34,2.14
ATOM,1197.0,H3,DT,38.0,1.148,38.422,24.327,0.36,0.2245,13.37
ATOM,1198.0,H3',DT,38.0,0.149,37.888,16.663,0.09,1.32,6.09
ATOM,1199.0,H2',DT,38.0,-0.832,38.875,18.444,0.09,1.34,11.41
ATOM,1200.0,H2'',DT,38.0,-0.788,37.342,19.346,0.09,1.34,0.0
ATOM,1201.0,P,DG,39.0,-0.058,35.152,16.265,1.5,2.15,2.11
ATOM,1202.0,OP1,DG,39.0,1.1,35.421,15.38,-0.78,1.7,25.01
ATOM,1203.0,OP2,DG,39.0,-1.435,35.383,15.767,-0.78,1.7,36.36
ATOM,1204.0,O5',DG,39.0,0.06,33.644,16.749,-0.57,1.77,4.36
ATOM,1205.0,C5',DG,39.0,1.299,33.14,17.215,-0.08,2.01,11.27
ATOM,1206.0,C4',DG,39.0,1.084,32.32,18.463,0.16,2.275,5.07
ATOM,1207.0,O4',DG,39.0,0.702,33.168,19.565,-0.5,1.77,6.24
ATOM,1208.0,C3',DG,39.0,0.004,31.253,18.358,0.01,2.275,2.15
ATOM,1209.0,O3',DG,39.0,0.454,30.108,19.08,-0.57,1.77,4.21
ATOM,1210.0,C2',DG,39.0,-1.204,31.902,19.018,-0.18,2.01,0.0
ATOM,1211.0,C1',DG,39.0,-0.591,32.838,20.05,0.16,2.275,1.65
ATOM,1212.0,N9,DG,39.0,-1.312,34.098,20.209,-0.02,1.85,0.0
ATOM,1213.0,C8,DG,39.0,-1.877,34.848,19.205,0.25,1.9,0.96
ATOM,1214.0,N7,DG,39.0,-2.385,35.972,19.628,-0.6,1.85,6.47
ATOM,1215.0,C5,DG,39.0,-2.164,35.958,20.996,0.0,1.9,0.0
ATOM,1216.0,C6,DG,39.0,-2.481,36.917,21.978,0.54,1.9,0.0
ATOM,1217.0,O6,DG,39.0,-3.04,38.007,21.831,-0.51,1.7,22.25
ATOM,1218.0,N1,DG,39.0,-2.082,36.507,23.244,-0.34,1.85,0.0
ATOM,1219.0,C2,DG,39.0,-1.463,35.322,23.525,0.75,1.9,0.0
ATOM,1220.0,N2,DG,39.0,-1.196,35.097,24.803,-0.68,1.85,11.93
ATOM,1221.0,N3,DG,39.0,-1.141,34.421,22.616,-0.74,1.85,4.32
ATOM,1222.0,C4,DG,39.0,-1.521,34.8,21.378,0.26,1.9,0.0
ATOM,1223.0,H5',DG,39.0,1.976,33.968,17.443,0.09,1.34,3.39
ATOM,1224.0,H5'',DG,39.0,1.759,32.508,16.45,0.09,1.34,14.24
ATOM,1225.0,H4',DG,39.0,2.037,31.872,18.775,0.09,1.32,13.12
ATOM,1226.0,H1',DG,39.0,-0.504,32.446,21.061,0.09,1.32,1.06
ATOM,1227.0,H8,DG,39.0,-1.869,34.492,18.189,0.16,1.1,0.72
ATOM,1228.0,H1,DG,39.0,-2.263,37.129,24.008,0.26,0.2245,8.8
ATOM,1229.0,H21,DG,39.0,-1.385,35.703,25.593,0.32,0.2245,16.67
ATOM,1230.0,H22,DG,39.0,-0.728,34.223,25.025,0.35,0.2245,19.35
ATOM,1231.0,H3',DG,39.0,-0.216,31.058,17.304,0.09,1.32,6.42
ATOM,1232.0,H2',DG,39.0,-2.055,31.875,18.315,0.09,1.34,5.92
ATOM,1233.0,H2'',DG,39.0,-1.484,31.347,19.916,0.09,1.34,0.0
ATOM,1234.0,P,DG,40.0,-0.351,28.726,18.994,1.5,2.15,3.7
ATOM,1235.0,OP1,DG,40.0,0.703,27.732,19.292,-0.78,1.7,38.67
ATOM,1236.0,OP2,DG,40.0,-1.149,28.588,17.755,-0.78,1.7,35.63
ATOM,1237.0,O5',DG,40.0,-1.339,28.834,20.232,-0.57,1.77,0.24
ATOM,1238.0,C5',DG,40.0,-0.834,29.069,21.543,-0.08,2.01,10.04
ATOM,1239.0,C4',DG,40.0,-1.975,29.215,22.525,0.16,2.275,3.31
ATOM,1240.0,O4',DG,40.0,-2.588,30.521,22.422,-0.5,1.77,1.61
ATOM,1241.0,C3',DG,40.0,-3.113,28.208,22.358,0.01,2.275,0.28
ATOM,1242.0,O3',DG,40.0,-3.657,27.917,23.636,-0.57,1.77,0.0
ATOM,1243.0,C2',DG,40.0,-4.156,28.996,21.59,-0.18,2.01,7.46
ATOM,1244.0,C1',DG,40.0,-3.992,30.364,22.227,0.16,2.275,0.0
ATOM,1245.0,N9,DG,40.0,-4.481,31.51,21.457,-0.02,1.85,0.0
ATOM,1246.0,C8,DG,40.0,-4.736,31.58,20.105,0.25,1.9,5.65
ATOM,1247.0,N7,DG,40.0,-5.124,32.766,19.719,-0.6,1.85,18.92
ATOM,1248.0,C5,DG,40.0,-5.129,33.523,20.885,0.0,1.9,0.0
ATOM,1249.0,C6,DG,40.0,-5.439,34.898,21.1,0.54,1.9,0.51
ATOM,1250.0,O6,DG,40.0,-5.758,35.758,20.27,-0.51,1.7,31.56
ATOM,1251.0,N1,DG,40.0,-5.331,35.241,22.443,-0.34,1.85,2.73
ATOM,1252.0,C2,DG,40.0,-4.959,34.386,23.448,0.75,1.9,0.0
ATOM,1253.0,N2,DG,40.0,-4.923,34.899,24.673,-0.68,1.85,3.9
ATOM,1254.0,N3,DG,40.0,-4.647,33.119,23.263,-0.74,1.85,1.65
ATOM,1255.0,C4,DG,40.0,-4.754,32.756,21.967,0.26,1.9,0.0
ATOM,1256.0,H5',DG,40.0,-0.237,29.985,21.55,0.09,1.34,3.63
ATOM,1257.0,H5'',DG,40.0,-0.207,28.232,21.855,0.09,1.34,8.91
ATOM,1258.0,H4',DG,40.0,-1.581,29.175,23.551,0.09,1.32,6.75
ATOM,1259.0,H1',DG,40.0,-4.497,30.45,23.192,0.09,1.32,0.0
ATOM,1260.0,H8,DG,40.0,-4.609,30.714,19.482,0.16,1.1,7.45
ATOM,1261.0,H1,DG,40.0,-5.542,36.187,22.696,0.26,0.2245,9.4
ATOM,1262.0,H21,DG,40.0,-5.128,35.853,24.946,0.32,0.2245,16.38
ATOM,1263.0,H22,DG,40.0,-4.641,34.277,25.421,0.35,0.2245,8.19
ATOM,1264.0,H3',DG,40.0,-2.766,27.367,21.753,0.09,1.32,6.93
ATOM,1265.0,H2',DG,40.0,-4.331,28.539,20.621,0.09,1.34,9.67
ATOM,1266.0,H2'',DG,40.0,-5.084,29.017,22.16,0.09,1.34,0.0
ATOM,1267.0,P,DA,41.0,-3.573,26.431,24.223,1.5,2.15,1.83
ATOM,1268.0,OP1,DA,41.0,-2.153,25.994,24.155,-0.78,1.7,26.35
ATOM,1269.0,OP2,DA,41.0,-4.637,25.577,23.628,-0.78,1.7,37.68
ATOM,1270.0,O5',DA,41.0,-3.901,26.662,25.757,-0.57,1.77,2.66
ATOM,1271.0,C5',DA,41.0,-2.932,27.239,26.616,-0.08,2.01,10.05
ATOM,1272.0,C4',DA,41.0,-3.61,28.043,27.699,0.16,2.275,5.07
ATOM,1273.0,O4',DA,41.0,-4.224,29.215,27.125,-0.5,1.77,8.85
ATOM,1274.0,C3',DA,41.0,-4.709,27.331,28.479,0.01,2.275,2.56
ATOM,1275.0,O3',DA,41.0,-4.596,27.724,29.857,-0.57,1.77,6.12
ATOM,1276.0,C2',DA,41.0,-5.984,27.8,27.793,-0.18,2.01,0.02
ATOM,1277.0,C1',DA,41.0,-5.627,29.195,27.301,0.16,2.275,0.93
ATOM,1278.0,N9,DA,41.0,-6.203,29.585,26.017,-0.05,1.85,0.0
ATOM,1279.0,C8,DA,41.0,-6.264,28.834,24.871,0.34,1.9,2.87
ATOM,1280.0,N7,DA,41.0,-6.744,29.484,23.838,-0.71,1.85,5.67
ATOM,1281.0,C5,DA,41.0,-7.047,30.741,24.348,0.28,1.9,0.0
ATOM,1282.0,C6,DA,41.0,-7.592,31.89,23.759,0.46,1.9,0.0
ATOM,1283.0,N6,DA,41.0,-7.933,31.957,22.476,-0.77,1.85,3.19
ATOM,1284.0,N1,DA,41.0,-7.774,32.975,24.541,-0.74,1.85,5.31
ATOM,1285.0,C2,DA,41.0,-7.427,32.902,25.823,0.5,1.9,0.72
ATOM,1286.0,N3,DA,41.0,-6.908,31.883,26.498,-0.75,1.85,5.95
ATOM,1287.0,C4,DA,41.0,-6.738,30.814,25.692,0.43,1.9,0.0
ATOM,1288.0,H5',DA,41.0,-2.272,27.897,26.043,0.09,1.34,4.13
ATOM,1289.0,H5'',DA,41.0,-2.331,26.455,27.084,0.09,1.34,13.91
ATOM,1290.0,H4',DA,41.0,-2.855,28.434,28.39,0.09,1.32,12.7
ATOM,1291.0,H1',DA,41.0,-5.908,29.994,27.977,0.09,1.32,0.21
ATOM,1292.0,H8,DA,41.0,-5.981,27.796,24.886,0.12,1.1,0.89
ATOM,1293.0,H61,DA,41.0,-8.325,32.816,22.098,0.38,0.2245,11.73
ATOM,1294.0,H62,DA,41.0,-7.806,31.159,21.869,0.38,0.2245,7.25
ATOM,1295.0,H2,DA,41.0,-7.558,33.758,26.469,0.13,1.1,14.21
ATOM,1296.0,H3',DA,41.0,-4.603,26.25,28.355,0.09,1.32,8.22
ATOM,1297.0,H2',DA,41.0,-6.561,26.92,27.465,0.09,1.34,9.94
ATOM,1298.0,H2'',DA,41.0,-6.596,28.372,28.493,0.09,1.34,0.0
ATOM,1299.0,P,DA,42.0,-5.722,27.299,30.922,1.5,2.15,2.86
ATOM,1300.0,OP1,DA,42.0,-5.14,27.563,32.267,-0.78,1.7,37.38
ATOM,1301.0,OP2,DA,42.0,-6.286,25.954,30.612,-0.78,1.7,36.22
ATOM,1302.0,O5',DA,42.0,-6.855,28.384,30.667,-0.57,1.77,0.0
ATOM,1303.0,C5',DA,42.0,-6.585,29.766,30.884,-0.08,2.01,9.79
ATOM,1304.0,C4',DA,42.0,-7.883,30.528,30.962,0.16,2.275,5.31
ATOM,1305.0,O4',DA,42.0,-8.291,30.993,29.652,-0.5,1.77,3.49
ATOM,1306.0,C3',DA,42.0,-9.024,29.665,31.493,0.01,2.275,2.22
ATOM,1307.0,O3',DA,42.0,-9.847,30.444,32.363,-0.57,1.77,3.03
ATOM,1308.0,C2',DA,42.0,-9.769,29.274,30.232,-0.18,2.01,0.19
ATOM,1309.0,C1',DA,42.0,-9.591,30.512,29.371,0.16,2.275,0.91
ATOM,1310.0,N9,DA,42.0,-9.679,30.268,27.934,-0.05,1.85,0.0
ATOM,1311.0,C8,DA,42.0,-9.286,29.147,27.25,0.34,1.9,3.45
ATOM,1312.0,N7,DA,42.0,-9.497,29.215,25.958,-0.71,1.85,6.25
ATOM,1313.0,C5,DA,42.0,-10.069,30.469,25.778,0.28,1.9,0.0
ATOM,1314.0,C6,DA,42.0,-10.527,31.152,24.63,0.46,1.9,0.0
ATOM,1315.0,N6,DA,42.0,-10.491,30.647,23.399,-0.77,1.85,4.3
ATOM,1316.0,N1,DA,42.0,-11.033,32.386,24.796,-0.74,1.85,9.52
ATOM,1317.0,C2,DA,42.0,-11.083,32.891,26.032,0.5,1.9,4.04
ATOM,1318.0,N3,DA,42.0,-10.693,32.35,27.186,-0.75,1.85,7.39
ATOM,1319.0,C4,DA,42.0,-10.186,31.127,26.988,0.43,1.9,0.0
ATOM,1320.0,H5',DA,42.0,-5.986,30.158,30.06,0.09,1.34,3.0
ATOM,1321.0,H5'',DA,42.0,-6.035,29.894,31.819,0.09,1.34,9.63
ATOM,1322.0,H4',DA,42.0,-7.735,31.448,31.546,0.09,1.32,13.85
ATOM,1323.0,H1',DA,42.0,-10.309,31.31,29.555,0.09,1.32,0.7
ATOM,1324.0,H8,DA,42.0,-8.894,28.296,27.78,0.12,1.1,3.0
ATOM,1325.0,H61,DA,42.0,-10.834,31.185,22.619,0.38,0.2245,14.55
ATOM,1326.0,H62,DA,42.0,-10.118,29.718,23.242,0.38,0.2245,8.83
ATOM,1327.0,H2,DA,42.0,-11.487,33.879,26.195,0.13,1.1,18.61
ATOM,1328.0,H3',DA,42.0,-8.612,28.773,31.97,0.09,1.32,3.77
ATOM,1329.0,H2',DA,42.0,-9.788,28.185,30.138,0.09,1.34,8.0
ATOM,1330.0,H2'',DA,42.0,-10.793,29.647,30.28,0.09,1.34,0.0
ATOM,1331.0,P,DA,43.0,-11.009,29.735,33.219,1.5,2.15,2.72
ATOM,1332.0,OP1,DA,43.0,-10.793,30.126,34.638,-0.78,1.7,40.17
ATOM,1333.0,OP2,DA,43.0,-11.056,28.293,32.848,-0.78,1.7,30.6
ATOM,1334.0,O5',DA,43.0,-12.334,30.443,32.68,-0.57,1.77,1.51
ATOM,1335.0,C5',DA,43.0,-12.406,31.866,32.602,-0.08,2.01,9.86
ATOM,1336.0,C4',DA,43.0,-13.612,32.305,31.801,0.16,2.275,4.51
ATOM,1337.0,O4',DA,43.0,-13.399,32.104,30.381,-0.5,1.77,3.83
ATOM,1338.0,C3',DA,43.0,-14.935,31.615,32.144,0.01,2.275,2.91
ATOM,1339.0,O3',DA,43.0,-15.986,32.586,32.19,-0.57,1.77,4.95
ATOM,1340.0,C2',DA,43.0,-15.149,30.671,30.975,-0.18,2.01,0.1
ATOM,1341.0,C1',DA,43.0,-14.524,31.44,29.824,0.16,2.275,1.11
ATOM,1342.0,N9,DA,43.0,-14.055,30.589,28.729,-0.05,1.85,0.0
ATOM,1343.0,C8,DA,43.0,-13.414,29.378,28.831,0.34,1.9,3.03
ATOM,1344.0,N7,DA,43.0,-13.119,28.836,27.674,-0.71,1.85,8.28
ATOM,1345.0,C5,DA,43.0,-13.594,29.751,26.746,0.28,1.9,0.0
ATOM,1346.0,C6,DA,43.0,-13.584,29.759,25.347,0.46,1.9,0.0
ATOM,1347.0,N6,DA,43.0,-13.056,28.784,24.612,-0.77,1.85,5.2
ATOM,1348.0,N1,DA,43.0,-14.139,30.816,24.719,-0.74,1.85,10.58
ATOM,1349.0,C2,DA,43.0,-14.666,31.794,25.462,0.5,1.9,3.52
ATOM,1350.0,N3,DA,43.0,-14.736,31.902,26.787,-0.75,1.85,6.74
ATOM,1351.0,C4,DA,43.0,-14.174,30.836,27.379,0.43,1.9,0.0
ATOM,1352.0,H5',DA,43.0,-11.499,32.254,32.125,0.09,1.34,5.48
ATOM,1353.0,H5'',DA,43.0,-12.49,32.289,33.604,0.09,1.34,12.06
ATOM,1354.0,H4',DA,43.0,-13.747,33.391,31.908,0.09,1.32,12.9
ATOM,1355.0,H1',DA,43.0,-15.162,32.178,29.339,0.09,1.32,0.69
ATOM,1356.0,H8,DA,43.0,-13.241,28.936,29.797,0.12,1.1,3.96
ATOM,1357.0,H61,DA,43.0,-13.076,28.841,23.599,0.38,0.2245,14.67
ATOM,1358.0,H62,DA,43.0,-12.632,27.981,25.057,0.38,0.2245,10.21
ATOM,1359.0,H2,DA,43.0,-15.117,32.651,24.986,0.13,1.1,17.65
ATOM,1360.0,H3',DA,43.0,-14.814,31.04,33.066,0.09,1.32,7.83
ATOM,1361.0,H2',DA,43.0,-15.237,29.643,31.345,0.09,1.34,9.97
ATOM,1362.0,H2'',DA,43.0,-16.067,30.938,30.449,0.09,1.34,0.0
ATOM,1363.0,P,DC,44.0,-17.494,32.123,32.495,1.5,2.15,2.6
ATOM,1364.0,OP1,DC,44.0,-18.122,33.21,33.284,-0.78,1.7,37.56
ATOM,1365.0,OP2,DC,44.0,-17.493,30.738,33.023,-0.78,1.7,32.69
ATOM,1366.0,O5',DC,44.0,-18.177,32.122,31.061,-0.57,1.77,0.0
ATOM,1367.0,C5',DC,44.0,-18.259,33.327,30.31,-0.08,2.01,9.54
ATOM,1368.0,C4',DC,44.0,-19.153,33.137,29.109,0.16,2.275,4.27
ATOM,1369.0,O4',DC,44.0,-18.449,32.428,28.056,-0.5,1.77,3.43
ATOM,1370.0,C3',DC,44.0,-20.43,32.34,29.391,0.01,2.275,3.26
ATOM,1371.0,O3',DC,44.0,-21.544,32.964,28.732,-0.57,1.77,6.44
ATOM,1372.0,C2',DC,44.0,-20.122,30.971,28.805,-0.18,2.01,0.0
ATOM,1373.0,C1',DC,44.0,-19.238,31.332,27.62,0.16,2.275,0.2
ATOM,1374.0,N1,DC,44.0,-18.337,30.266,27.14,-0.13,1.85,0.0
ATOM,1375.0,C2,DC,44.0,-17.975,30.255,25.787,0.52,1.9,0.0
ATOM,1376.0,O2,DC,44.0,-18.382,31.161,25.057,-0.49,1.7,16.91
ATOM,1377.0,N3,DC,44.0,-17.191,29.259,25.317,-0.66,1.85,5.57
ATOM,1378.0,C4,DC,44.0,-16.763,28.304,26.144,0.65,1.9,0.0
ATOM,1379.0,N4,DC,44.0,-16.009,27.334,25.637,-0.75,1.85,5.37
ATOM,1380.0,C5,DC,44.0,-17.094,28.301,27.532,-0.13,1.9,0.0
ATOM,1381.0,C6,DC,44.0,-17.875,29.294,27.985,0.05,1.9,0.01
ATOM,1382.0,H5',DC,44.0,-17.26,33.62,29.971,0.09,1.34,5.44
ATOM,1383.0,H5'',DC,44.0,-18.672,34.126,30.93,0.09,1.34,9.81
ATOM,1384.0,H4',DC,44.0,-19.391,34.115,28.669,0.09,1.32,13.51
ATOM,1385.0,H1',DC,44.0,-19.8,31.623,26.729,0.09,1.32,0.0
ATOM,1386.0,H6,DC,44.0,-18.144,29.329,29.031,0.17,1.1,2.07
ATOM,1387.0,H5,DC,44.0,-16.734,27.526,28.221,0.07,1.1,10.09
ATOM,1388.0,H41,DC,44.0,-15.799,27.374,24.653,0.37,0.2245,10.37
ATOM,1389.0,H42,DC,44.0,-15.67,26.595,26.233,0.33,0.2245,12.27
ATOM,1390.0,H3',DC,44.0,-20.572,32.255,30.471,0.09,1.32,6.95
ATOM,1391.0,H2',DC,44.0,-20.206,30.21,29.585,0.09,1.34,4.44
ATOM,1392.0,H2'',DC,44.0,-20.83,30.747,28.007,0.09,1.34,0.0
ATOM,1393.0,P,DT,45.0,-22.936,32.17,28.574,1.5,2.15,2.79
ATOM,1394.0,OP1,DT,45.0,-24.024,33.174,28.396,-0.78,1.7,38.08
ATOM,1395.0,OP2,DT,45.0,-23.042,31.141,29.65,-0.78,1.7,31.23
ATOM,1396.0,O5',DT,45.0,-22.746,31.421,27.188,-0.57,1.77,0.0
ATOM,1397.0,C5',DT,45.0,-22.26,32.127,26.05,-0.08,2.01,8.13
ATOM,1398.0,C4',DT,45.0,-22.592,31.351,24.802,0.16,2.275,3.18
ATOM,1399.0,O4',DT,45.0,-21.626,30.294,24.579,-0.5,1.77,2.35
ATOM,1400.0,C3',DT,45.0,-23.953,30.67,24.913,0.01,2.275,0.0
ATOM,1401.0,O3',DT,45.0,-24.595,30.717,23.647,-0.57,1.77,0.0
ATOM,1402.0,C2',DT,45.0,-23.597,29.236,25.277,-0.18,2.01,1.03
ATOM,1403.0,C1',DT,45.0,-22.292,29.037,24.524,0.16,2.275,0.45
ATOM,1404.0,N1,DT,45.0,-21.377,28.023,25.076,-0.34,1.85,0.0
ATOM,1405.0,C2,DT,45.0,-20.482,27.448,24.204,0.51,1.9,0.0
ATOM,1406.0,O2,DT,45.0,-20.479,27.687,23.006,-0.41,1.7,20.25
ATOM,1407.0,N3,DT,45.0,-19.589,26.575,24.79,-0.46,1.85,0.12
ATOM,1408.0,C4,DT,45.0,-19.521,26.217,26.131,0.5,1.9,0.01
ATOM,1409.0,O4,DT,45.0,-18.642,25.444,26.525,-0.45,1.7,21.36
ATOM,1410.0,C5,DT,45.0,-20.528,26.821,26.977,-0.15,1.9,0.0
ATOM,1411.0,C7,DT,45.0,-20.562,26.459,28.429,-0.11,2.04,29.89
ATOM,1412.0,C6,DT,45.0,-21.393,27.684,26.415,0.17,1.9,1.14
ATOM,1413.0,H5',DT,45.0,-21.178,32.245,26.124,0.09,1.34,0.64
ATOM,1414.0,H5'',DT,45.0,-22.726,33.114,25.999,0.09,1.34,9.7
ATOM,1415.0,H4',DT,45.0,-22.491,32.005,23.924,0.09,1.32,11.97
ATOM,1416.0,H1',DT,45.0,-22.415,28.753,23.482,0.09,1.32,0.61
ATOM,1417.0,H6,DT,45.0,-22.176,28.105,27.053,0.17,1.1,2.0
ATOM,1418.0,H71,DT,45.0,-21.535,26.021,28.662,0.07,1.34,14.68
ATOM,1419.0,H72,DT,45.0,-19.778,25.736,28.644,0.07,1.34,8.58
ATOM,1420.0,H73,DT,45.0,-20.413,27.352,29.032,0.07,1.34,2.68
ATOM,1421.0,H3,DT,45.0,-18.851,26.111,24.129,0.36,0.2245,12.53
ATOM,1422.0,H3',DT,45.0,-24.522,31.124,25.728,0.09,1.32,1.74
ATOM,1423.0,H2',DT,45.0,-24.061,28.975,26.232,0.09,1.34,9.22
ATOM,1424.0,H2'',DT,45.0,-23.965,28.56,24.504,0.09,1.34,0.0
ATOM,1425.0,P,DG,46.0,-26.145,31.092,23.549,1.5,2.15,2.21
ATOM,1426.0,OP1,DG,46.0,-26.187,32.565,23.377,-0.78,1.7,34.29
ATOM,1427.0,OP2,DG,46.0,-26.921,30.449,24.641,-0.78,1.7,33.46
ATOM,1428.0,O5',DG,46.0,-26.546,30.442,22.157,-0.57,1.77,3.69
ATOM,1429.0,C5',DG,46.0,-25.846,30.821,20.972,-0.08,2.01,10.53
ATOM,1430.0,C4',DG,46.0,-25.661,29.63,20.062,0.16,2.275,5.03
ATOM,1431.0,O4',DG,46.0,-24.73,28.678,20.632,-0.5,1.77,6.53
ATOM,1432.0,C3',DG,46.0,-26.932,28.838,19.768,0.01,2.275,0.75
ATOM,1433.0,O3',DG,46.0,-26.848,28.38,18.419,-0.57,1.77,0.67
ATOM,1434.0,C2',DG,46.0,-26.835,27.671,20.736,-0.18,2.01,0.36
ATOM,1435.0,C1',DG,46.0,-25.344,27.399,20.698,0.16,2.275,0.66
ATOM,1436.0,N9,DG,46.0,-24.759,26.676,21.828,-0.02,1.85,0.0
ATOM,1437.0,C8,DG,46.0,-25.012,26.845,23.17,0.25,1.9,1.86
ATOM,1438.0,N7,DG,46.0,-24.283,26.071,23.93,-0.6,1.85,6.45
ATOM,1439.0,C5,DG,46.0,-23.513,25.337,23.036,0.0,1.9,0.0
ATOM,1440.0,C6,DG,46.0,-22.531,24.341,23.266,0.54,1.9,0.03
ATOM,1441.0,O6,DG,46.0,-22.128,23.892,24.346,-0.51,1.7,22.65
ATOM,1442.0,N1,DG,46.0,-21.997,23.865,22.071,-0.34,1.85,3.86
ATOM,1443.0,C2,DG,46.0,-22.356,24.296,20.816,0.75,1.9,0.4
ATOM,1444.0,N2,DG,46.0,-21.714,23.751,19.78,-0.68,1.85,20.45
ATOM,1445.0,N3,DG,46.0,-23.273,25.211,20.59,-0.74,1.85,5.71
ATOM,1446.0,C4,DG,46.0,-23.805,25.69,21.736,0.26,1.9,0.0
ATOM,1447.0,H5',DG,46.0,-24.864,31.225,21.239,0.09,1.34,6.58
ATOM,1448.0,H5'',DG,46.0,-26.412,31.583,20.435,0.09,1.34,14.26
ATOM,1449.0,H4',DG,46.0,-25.184,29.955,19.125,0.09,1.32,13.07
ATOM,1450.0,H1',DG,46.0,-25.051,26.816,19.823,0.09,1.32,0.3
ATOM,1451.0,H8,DG,46.0,-25.746,27.558,23.501,0.16,1.1,2.58
ATOM,1452.0,H1,DG,46.0,-21.296,23.152,22.13,0.26,0.2245,14.74
ATOM,1453.0,H21,DG,46.0,-20.977,23.056,19.828,0.32,0.2245,19.78
ATOM,1454.0,H22,DG,46.0,-21.971,24.073,18.862,0.35,0.2245,14.73
ATOM,1455.0,H3',DG,46.0,-27.805,29.447,20.013,0.09,1.32,7.35
ATOM,1456.0,H2',DG,46.0,-27.665,27.702,21.438,0.09,1.34,9.38
ATOM,1457.0,H2'',DG,46.0,-26.861,26.737,20.177,0.09,1.34,0.0
ATOM,1458.0,P,DC,47.0,-28.185,28.062,17.594,1.5,2.15,2.17
ATOM,1459.0,OP1,DC,47.0,-28.347,29.129,16.572,-0.78,1.7,41.51
ATOM,1460.0,OP2,DC,47.0,-29.297,27.764,18.553,-0.78,1.7,30.19
ATOM,1461.0,O5',DC,47.0,-27.815,26.709,16.849,-0.57,1.77,2.82
ATOM,1462.0,C5',DC,47.0,-26.476,26.456,16.417,-0.08,2.01,11.65
ATOM,1463.0,C4',DC,47.0,-26.172,24.984,16.54,0.16,2.275,2.36
ATOM,1464.0,O4',DC,47.0,-25.678,24.656,17.86,-0.5,1.77,0.24
ATOM,1465.0,C3',DC,47.0,-27.41,24.116,16.328,0.01,2.275,1.97
ATOM,1466.0,O3',DC,47.0,-27.044,22.95,15.621,-0.57,1.77,0.0
ATOM,1467.0,C2',DC,47.0,-27.778,23.697,17.735,-0.18,2.01,1.43
ATOM,1468.0,C1',DC,47.0,-26.398,23.534,18.319,0.16,2.275,0.2
ATOM,1469.0,N1,DC,47.0,-26.328,23.488,19.781,-0.13,1.85,0.0
ATOM,1470.0,C2,DC,47.0,-25.674,22.42,20.372,0.52,1.9,0.0
ATOM,1471.0,O2,DC,47.0,-25.147,21.576,19.652,-0.49,1.7,2.91
ATOM,1472.0,N3,DC,47.0,-25.628,22.326,21.708,-0.66,1.85,7.87
ATOM,1473.0,C4,DC,47.0,-26.202,23.257,22.457,0.65,1.9,1.16
ATOM,1474.0,N4,DC,47.0,-26.143,23.107,23.778,-0.75,1.85,17.62
ATOM,1475.0,C5,DC,47.0,-26.864,24.377,21.885,-0.13,1.9,9.06
ATOM,1476.0,C6,DC,47.0,-26.902,24.453,20.552,0.05,1.9,4.17
ATOM,1477.0,H5',DC,47.0,-25.778,27.022,17.036,0.09,1.34,3.73
ATOM,1478.0,H5'',DC,47.0,-26.361,26.761,15.375,0.09,1.34,10.24
ATOM,1479.0,H4',DC,47.0,-25.343,24.722,15.863,0.09,1.32,7.27
ATOM,1480.0,H1',DC,47.0,-25.887,22.619,17.998,0.09,1.32,0.0
ATOM,1481.0,H6,DC,47.0,-27.395,25.291,20.075,0.17,1.1,0.1
ATOM,1482.0,H5,DC,47.0,-27.333,25.161,22.496,0.07,1.1,6.69
ATOM,1483.0,H41,DC,47.0,-25.665,22.301,24.138,0.37,0.2245,16.25
ATOM,1484.0,H42,DC,47.0,-26.573,23.795,24.38,0.33,0.2245,13.54
ATOM,1485.0,H3',DC,47.0,-28.211,24.726,15.902,0.09,1.32,6.32
ATOM,1486.0,H2',DC,47.0,-28.763,24.07,17.992,0.09,1.34,9.0
ATOM,1487.0,H2'',DC,47.0,-27.764,22.611,17.798,0.09,1.34,0.0
ATOM,1488.0,P,DT,48.0,-26.974,22.982,14.024,1.5,2.15,0.85
ATOM,1489.0,OP1,DT,48.0,-27.072,24.366,13.497,-0.78,1.7,29.43
ATOM,1490.0,OP2,DT,48.0,-27.926,21.931,13.559,-0.78,1.7,28.95
ATOM,1491.0,O5',DT,48.0,-25.49,22.508,13.73,-0.57,1.77,6.8
ATOM,1492.0,C5',DT,48.0,-25.27,21.199,13.277,-0.08,2.01,10.57
ATOM,1493.0,C4',DT,48.0,-24.249,20.488,14.13,0.16,2.275,4.39
ATOM,1494.0,O4',DT,48.0,-24.52,20.578,15.553,-0.5,1.77,4.49
ATOM,1495.0,C3',DT,48.0,-24.358,19.017,13.78,0.01,2.275,0.59
ATOM,1496.0,O3',DT,48.0,-23.086,18.436,13.615,-0.57,1.77,4.77
ATOM,1497.0,C2',DT,48.0,-25.141,18.415,14.927,-0.18,2.01,0.01
ATOM,1498.0,C1',DT,48.0,-24.691,19.269,16.085,0.16,2.275,2.33
ATOM,1499.0,N1,DT,48.0,-25.674,19.326,17.185,-0.34,1.85,0.0
ATOM,1500.0,C2,DT,48.0,-25.309,18.835,18.43,0.51,1.9,0.0
ATOM,1501.0,O2,DT,48.0,-24.22,18.339,18.671,-0.41,1.7,20.58
ATOM,1502.0,N3,DT,48.0,-26.272,18.951,19.393,-0.46,1.85,0.0
ATOM,1503.0,C4,DT,48.0,-27.528,19.495,19.255,0.5,1.9,0.0
ATOM,1504.0,O4,DT,48.0,-28.277,19.536,20.222,-0.45,1.7,23.42
ATOM,1505.0,C5,DT,48.0,-27.848,19.984,17.927,-0.15,1.9,0.0
ATOM,1506.0,C7,DT,48.0,-29.187,20.602,17.682,-0.11,2.04,19.55
ATOM,1507.0,C6,DT,48.0,-26.919,19.866,16.97,0.17,1.9,0.0
ATOM,1508.0,H5',DT,48.0,-24.912,21.215,12.236,0.09,1.34,14.63
ATOM,1509.0,H5'',DT,48.0,-26.197,20.619,13.316,0.09,1.34,2.08
ATOM,1510.0,H4',DT,48.0,-23.262,20.979,14.01,0.09,1.32,14.8
ATOM,1511.0,H1',DT,48.0,-23.762,18.964,16.568,0.09,1.32,3.45
ATOM,1512.0,H6,DT,48.0,-27.189,20.181,15.957,0.17,1.1,0.31
ATOM,1513.0,H71,DT,48.0,-29.706,20.037,16.905,0.07,1.34,6.81
ATOM,1514.0,H72,DT,48.0,-29.775,20.579,18.599,0.07,1.34,9.01
ATOM,1515.0,H73,DT,48.0,-29.061,21.633,17.356,0.07,1.34,0.13
ATOM,1516.0,H3,DT,48.0,-26.018,18.568,20.391,0.36,0.2245,14.33
ATOM,1517.0,H3',DT,48.0,-24.926,18.903,12.846,0.09,1.32,2.56
ATOM,1518.0,H2',DT,48.0,-26.045,17.93,14.54,0.09,1.34,2.32
ATOM,1519.0,H2'',DT,48.0,-24.53,17.67,15.437,0.09,1.34,0.0
ATOM,1520.0,P,DC,49.0,-22.957,17.147,12.689,1.5,2.15,3.42
ATOM,1521.0,OP1,DC,49.0,-21.668,17.258,11.944,-0.78,1.7,42.11
ATOM,1522.0,OP2,DC,49.0,-24.246,17.034,11.931,-0.78,1.7,31.19
ATOM,1523.0,O5',DC,49.0,-22.958,15.946,13.745,-0.57,1.77,1.55
ATOM,1524.0,C5',DC,49.0,-22.155,15.983,14.923,-0.08,2.01,10.96
ATOM,1525.0,C4',DC,49.0,-22.597,14.911,15.893,0.16,2.275,2.51
ATOM,1526.0,O4',DC,49.0,-23.684,15.37,16.708,-0.5,1.77,1.79
ATOM,1527.0,C3',DC,49.0,-23.079,13.599,15.273,0.01,2.275,1.08
ATOM,1528.0,O3',DC,49.0,-22.777,12.521,16.162,-0.57,1.77,0.02
ATOM,1529.0,C2',DC,49.0,-24.583,13.755,15.296,-0.18,2.01,8.11
ATOM,1530.0,C1',DC,49.0,-24.737,14.419,16.644,0.16,2.275,0.0
ATOM,1531.0,N1,DC,49.0,-25.994,15.133,16.871,-0.13,1.85,0.0
ATOM,1532.0,C2,DC,49.0,-26.423,15.32,18.189,0.52,1.9,0.0
ATOM,1533.0,O2,DC,49.0,-25.759,14.827,19.115,-0.49,1.7,10.49
ATOM,1534.0,N3,DC,49.0,-27.549,16.03,18.416,-0.66,1.85,6.02
ATOM,1535.0,C4,DC,49.0,-28.242,16.53,17.391,0.65,1.9,0.03
ATOM,1536.0,N4,DC,49.0,-29.331,17.236,17.664,-0.75,1.85,13.6
ATOM,1537.0,C5,DC,49.0,-27.842,16.33,16.038,-0.13,1.9,6.94
ATOM,1538.0,C6,DC,49.0,-26.724,15.631,15.825,0.05,1.9,3.41
ATOM,1539.0,H5',DC,49.0,-22.25,16.961,15.402,0.09,1.34,2.61
ATOM,1540.0,H5'',DC,49.0,-21.108,15.812,14.664,0.09,1.34,9.96
ATOM,1541.0,H4',DC,49.0,-21.78,14.704,16.602,0.09,1.32,4.0
ATOM,1542.0,H1',DC,49.0,-24.656,13.738,17.492,0.09,1.32,0.0
ATOM,1543.0,H6,DC,49.0,-26.385,15.452,14.813,0.17,1.1,4.18
ATOM,1544.0,H5,DC,49.0,-28.417,16.727,15.19,0.07,1.1,15.17
ATOM,1545.0,H41,DC,49.0,-29.58,17.355,18.634,0.37,0.2245,10.76
ATOM,1546.0,H42,DC,49.0,-29.878,17.633,16.915,0.33,0.2245,10.12
ATOM,1547.0,H3',DC,49.0,-22.728,13.537,14.241,0.09,1.32,7.48
ATOM,1548.0,H2',DC,49.0,-24.974,13.795,14.289,0.09,1.34,8.9
ATOM,1549.0,H2'',DC,49.0,-25.018,12.916,15.836,0.09,1.34,0.0
ATOM,1550.0,P,DC,50.0,-21.399,11.722,16.009,1.5,2.15,1.9
ATOM,1551.0,OP1,DC,50.0,-20.349,12.766,15.87,-0.78,1.7,22.39
ATOM,1552.0,OP2,DC,50.0,-21.541,10.68,14.962,-0.78,1.7,42.7
ATOM,1553.0,O5',DC,50.0,-21.283,11.002,17.414,-0.57,1.77,1.68
ATOM,1554.0,C5',DC,50.0,-20.666,11.676,18.494,-0.08,2.01,10.51
ATOM,1555.0,C4',DC,50.0,-21.277,11.215,19.791,0.16,2.275,5.39
ATOM,1556.0,O4',DC,50.0,-22.578,11.84,19.937,-0.5,1.77,7.39
ATOM,1557.0,C3',DC,50.0,-21.514,9.71,19.803,0.01,2.275,2.43
ATOM,1558.0,O3',DC,50.0,-21.17,9.18,21.07,-0.57,1.77,4.17
ATOM,1559.0,C2',DC,50.0,-23.002,9.579,19.518,-0.18,2.01,0.0
ATOM,1560.0,C1',DC,50.0,-23.565,10.848,20.149,0.16,2.275,1.17
ATOM,1561.0,N1,DC,50.0,-24.846,11.327,19.579,-0.13,1.85,0.0
ATOM,1562.0,C2,DC,50.0,-25.898,11.766,20.457,0.52,1.9,0.0
ATOM,1563.0,O2,DC,50.0,-25.693,11.848,21.685,-0.49,1.7,21.79
ATOM,1564.0,N3,DC,50.0,-27.093,12.093,19.932,-0.66,1.85,6.26
ATOM,1565.0,C4,DC,50.0,-27.28,12.042,18.609,0.65,1.9,0.0
ATOM,1566.0,N4,DC,50.0,-28.492,12.341,18.133,-0.75,1.85,5.15
ATOM,1567.0,C5,DC,50.0,-26.231,11.671,17.706,-0.13,1.9,2.57
ATOM,1568.0,C6,DC,50.0,-25.043,11.321,18.233,0.05,1.9,2.2
ATOM,1569.0,H5',DC,50.0,-20.811,12.754,18.392,0.09,1.34,4.69
ATOM,1570.0,H5'',DC,50.0,-19.593,11.463,18.507,0.09,1.34,14.94
ATOM,1571.0,H4',DC,50.0,-20.693,11.598,20.629,0.09,1.32,13.69
ATOM,1572.0,H1',DC,50.0,-23.772,10.763,21.219,0.09,1.32,0.57
ATOM,1573.0,H6,DC,50.0,-24.235,11.031,17.575,0.17,1.1,1.45
ATOM,1574.0,H5,DC,50.0,-26.371,11.666,16.617,0.07,1.1,8.47
ATOM,1575.0,H41,DC,50.0,-29.198,12.596,18.801,0.37,0.2245,12.99
ATOM,1576.0,H42,DC,50.0,-28.664,12.305,17.143,0.33,0.2245,13.63
ATOM,1577.0,H3',DC,50.0,-20.943,9.244,18.993,0.09,1.32,7.41
ATOM,1578.0,H2',DC,50.0,-23.152,8.947,18.637,0.09,1.34,8.49
ATOM,1579.0,H2'',DC,50.0,-23.502,9.122,20.373,0.09,1.34,0.0
ATOM,1580.0,P,DA,51.0,-21.333,7.611,21.339,1.5,2.15,2.43
ATOM,1581.0,OP1,DA,51.0,-20.04,7.08,21.839,-0.78,1.7,41.05
ATOM,1582.0,OP2,DA,51.0,-21.988,7.017,20.144,-0.78,1.7,24.67
ATOM,1583.0,O5',DA,51.0,-22.414,7.501,22.497,-0.57,1.77,0.39
ATOM,1584.0,C5',DA,51.0,-22.381,8.351,23.648,-0.08,2.01,9.87
ATOM,1585.0,C4',DA,51.0,-23.585,8.078,24.526,0.16,2.275,5.06
ATOM,1586.0,O4',DA,51.0,-24.774,8.601,23.892,-0.5,1.77,4.56
ATOM,1587.0,C3',DA,51.0,-23.887,6.602,24.824,0.01,2.275,2.83
ATOM,1588.0,O3',DA,51.0,-24.308,6.471,26.182,-0.57,1.77,6.07
ATOM,1589.0,C2',DA,51.0,-25.003,6.255,23.852,-0.18,2.01,0.04
ATOM,1590.0,C1',DA,51.0,-25.734,7.575,23.702,0.16,2.275,0.85
ATOM,1591.0,N9,DA,51.0,-26.312,7.797,22.388,-0.05,1.85,0.0
ATOM,1592.0,C8,DA,51.0,-25.766,7.469,21.183,0.34,1.9,0.43
ATOM,1593.0,N7,DA,51.0,-26.481,7.852,20.157,-0.71,1.85,6.15
ATOM,1594.0,C5,DA,51.0,-27.573,8.471,20.728,0.28,1.9,0.0
ATOM,1595.0,C6,DA,51.0,-28.685,9.094,20.17,0.46,1.9,0.0
ATOM,1596.0,N6,DA,51.0,-28.84,9.259,18.858,-0.77,1.85,6.32
ATOM,1597.0,N1,DA,51.0,-29.635,9.564,21.013,-0.74,1.85,11.46
ATOM,1598.0,C2,DA,51.0,-29.44,9.432,22.332,0.5,1.9,8.23
ATOM,1599.0,N3,DA,51.0,-28.412,8.889,22.978,-0.75,1.85,8.36
ATOM,1600.0,C4,DA,51.0,-27.501,8.419,22.105,0.43,1.9,0.0
ATOM,1601.0,H5',DA,51.0,-22.396,9.396,23.333,0.09,1.34,4.97
ATOM,1602.0,H5'',DA,51.0,-21.471,8.161,24.22,0.09,1.34,12.28
ATOM,1603.0,H4',DA,51.0,-23.492,8.647,25.456,0.09,1.32,13.26
ATOM,1604.0,H1',DA,51.0,-26.554,7.733,24.393,0.09,1.32,0.15
ATOM,1605.0,H8,DA,51.0,-24.851,6.899,21.134,0.12,1.1,0.69
ATOM,1606.0,H61,DA,51.0,-29.674,9.722,18.498,0.38,0.2245,12.75
ATOM,1607.0,H62,DA,51.0,-28.137,8.928,18.213,0.38,0.2245,9.29
ATOM,1608.0,H2,DA,51.0,-30.18,9.795,23.025,0.13,1.1,16.63
ATOM,1609.0,H3',DA,51.0,-23.0,6.001,24.598,0.09,1.32,7.77
ATOM,1610.0,H2',DA,51.0,-24.699,5.391,23.245,0.09,1.34,6.4
ATOM,1611.0,H2'',DA,51.0,-25.907,5.994,24.405,0.09,1.34,0.0
ATOM,1612.0,P,DT,52.0,-24.836,5.06,26.724,1.5,2.15,3.09
ATOM,1613.0,OP1,DT,52.0,-24.593,5.025,28.196,-0.78,1.7,39.3
ATOM,1614.0,OP2,DT,52.0,-24.333,3.97,25.868,-0.78,1.7,33.3
ATOM,1615.0,O5',DT,52.0,-26.402,5.133,26.456,-0.57,1.77,0.07
ATOM,1616.0,C5',DT,52.0,-27.174,6.208,26.975,-0.08,2.01,9.5
ATOM,1617.0,C4',DT,52.0,-28.639,5.982,26.687,0.16,2.275,3.29
ATOM,1618.0,O4',DT,52.0,-28.991,6.403,25.347,-0.5,1.77,1.6
ATOM,1619.0,C3',DT,52.0,-29.138,4.539,26.834,0.01,2.275,0.12
ATOM,1620.0,O3',DT,52.0,-30.398,4.594,27.507,-0.57,1.77,0.34
ATOM,1621.0,C2',DT,52.0,-29.358,4.099,25.393,-0.18,2.01,0.09
ATOM,1622.0,C1',DT,52.0,-29.804,5.401,24.752,0.16,2.275,0.51
ATOM,1623.0,N1,DT,52.0,-29.66,5.511,23.293,-0.34,1.85,0.0
ATOM,1624.0,C2,DT,52.0,-30.567,6.295,22.623,0.51,1.9,0.0
ATOM,1625.0,O2,DT,52.0,-31.465,6.875,23.176,-0.41,1.7,15.43
ATOM,1626.0,N3,DT,52.0,-30.375,6.38,21.272,-0.46,1.85,0.0
ATOM,1627.0,C4,DT,52.0,-29.377,5.775,20.537,0.5,1.9,0.0
ATOM,1628.0,O4,DT,52.0,-29.313,5.958,19.328,-0.45,1.7,15.9
ATOM,1629.0,C5,DT,52.0,-28.458,4.959,21.299,-0.15,1.9,0.0
ATOM,1630.0,C7,DT,52.0,-27.342,4.268,20.585,-0.11,2.04,23.46
ATOM,1631.0,C6,DT,52.0,-28.647,4.864,22.623,0.17,1.9,0.0
ATOM,1632.0,H5',DT,52.0,-26.859,7.147,26.512,0.09,1.34,3.65
ATOM,1633.0,H5'',DT,52.0,-27.034,6.28,28.056,0.09,1.34,10.95
ATOM,1634.0,H4',DT,52.0,-29.246,6.625,27.345,0.09,1.32,12.14
ATOM,1635.0,H1',DT,52.0,-30.849,5.641,24.942,0.09,1.32,0.28
ATOM,1636.0,H6,DT,52.0,-27.982,4.203,23.186,0.17,1.1,2.12
ATOM,1637.0,H71,DT,52.0,-27.429,3.19,20.744,0.07,1.34,7.89
ATOM,1638.0,H72,DT,52.0,-27.4,4.482,19.519,0.07,1.34,8.4
ATOM,1639.0,H73,DT,52.0,-26.386,4.614,20.976,0.07,1.34,1.68
ATOM,1640.0,H3,DT,52.0,-31.087,6.993,20.709,0.36,0.2245,11.3
ATOM,1641.0,H3',DT,52.0,-28.353,3.931,27.289,0.09,1.32,5.97
ATOM,1642.0,H2',DT,52.0,-28.743,3.225,25.178,0.09,1.34,7.95
ATOM,1643.0,H2'',DT,52.0,-30.408,3.849,25.247,0.09,1.34,0.0
ATOM,1644.0,P,DC,53.0,-30.916,3.357,28.392,1.5,2.15,2.23
ATOM,1645.0,OP1,DC,53.0,-30.751,3.784,29.81,-0.78,1.7,41.33
ATOM,1646.0,OP2,DC,53.0,-30.305,2.08,27.93,-0.78,1.7,30.9
ATOM,1647.0,O5',DC,53.0,-32.465,3.326,28.014,-0.57,1.77,3.41
ATOM,1648.0,C5',DC,53.0,-33.166,4.525,27.649,-0.08,2.01,13.31
ATOM,1649.0,C4',DC,53.0,-34.192,4.23,26.575,0.16,2.275,4.73
ATOM,1650.0,O4',DC,53.0,-33.655,4.469,25.248,-0.5,1.77,3.5
ATOM,1651.0,C3',DC,53.0,-34.723,2.787,26.567,0.01,2.275,1.31
ATOM,1652.0,O3',DC,53.0,-36.148,2.73,26.371,-0.57,1.77,1.68
ATOM,1653.0,C2',DC,53.0,-34.048,2.177,25.353,-0.18,2.01,1.09
ATOM,1654.0,C1',DC,53.0,-34.0,3.369,24.42,0.16,2.275,1.14
ATOM,1655.0,N1,DC,53.0,-33.008,3.243,23.34,-0.13,1.85,0.0
ATOM,1656.0,C2,DC,53.0,-33.381,3.607,22.041,0.52,1.9,0.0
ATOM,1657.0,O2,DC,53.0,-34.505,4.089,21.852,-0.49,1.7,23.96
ATOM,1658.0,N3,DC,53.0,-32.51,3.425,21.027,-0.66,1.85,7.78
ATOM,1659.0,C4,DC,53.0,-31.306,2.907,21.271,0.65,1.9,0.0
ATOM,1660.0,N4,DC,53.0,-30.494,2.705,20.234,-0.75,1.85,7.03
ATOM,1661.0,C5,DC,53.0,-30.885,2.562,22.589,-0.13,1.9,6.44
ATOM,1662.0,C6,DC,53.0,-31.757,2.75,23.585,0.05,1.9,2.94
ATOM,1663.0,H5',DC,53.0,-32.453,5.263,27.273,0.09,1.34,2.75
ATOM,1664.0,H5'',DC,53.0,-33.678,4.93,28.522,0.09,1.34,14.68
ATOM,1665.0,H4',DC,53.0,-35.029,4.939,26.664,0.09,1.32,13.23
ATOM,1666.0,H1',DC,53.0,-34.936,3.592,23.896,0.09,1.32,1.73
ATOM,1667.0,H6,DC,53.0,-31.473,2.51,24.601,0.17,1.1,0.96
ATOM,1668.0,H5,DC,53.0,-29.886,2.156,22.799,0.07,1.1,8.23
ATOM,1669.0,H41,DC,53.0,-30.831,2.963,19.323,0.37,0.2245,11.96
ATOM,1670.0,H42,DC,53.0,-29.58,2.307,20.383,0.33,0.2245,7.25
ATOM,1671.0,H3',DC,53.0,-34.388,2.278,27.473,0.09,1.32,5.15
ATOM,1672.0,H2',DC,53.0,-33.442,1.323,25.656,0.09,1.34,8.52
ATOM,1673.0,H2'',DC,53.0,-34.807,1.849,24.643,0.09,1.34,0.0
ATOM,1674.0,P,DA,54.0,-36.948,1.378,26.733,1.5,2.15,2.16
ATOM,1675.0,OP1,DA,54.0,-37.724,1.673,27.96,-0.78,1.7,38.15
ATOM,1676.0,OP2,DA,54.0,-36.005,0.226,26.719,-0.78,1.7,28.99
ATOM,1677.0,O5',DA,54.0,-37.937,1.164,25.504,-0.57,1.77,0.86
ATOM,1678.0,C5',DA,54.0,-38.898,2.153,25.155,-0.08,2.01,10.05
ATOM,1679.0,C4',DA,54.0,-39.515,1.828,23.814,0.16,2.275,5.16
ATOM,1680.0,O4',DA,54.0,-38.525,1.985,22.768,-0.5,1.77,7.7
ATOM,1681.0,C3',DA,54.0,-40.058,0.402,23.67,0.01,2.275,2.42
ATOM,1682.0,O3',DA,54.0,-41.204,0.42,22.808,-0.57,1.77,2.17
ATOM,1683.0,C2',DA,54.0,-38.921,-0.315,22.973,-0.18,2.01,0.0
ATOM,1684.0,C1',DA,54.0,-38.424,0.773,22.036,0.16,2.275,2.08
ATOM,1685.0,N9,DA,54.0,-37.038,0.612,21.599,-0.05,1.85,0.01
ATOM,1686.0,C8,DA,54.0,-35.908,0.466,22.367,0.34,1.9,2.66
ATOM,1687.0,N7,DA,54.0,-34.812,0.315,21.667,-0.71,1.85,4.74
ATOM,1688.0,C5,DA,54.0,-35.249,0.372,20.352,0.28,1.9,0.02
ATOM,1689.0,C6,DA,54.0,-34.573,0.271,19.134,0.46,1.9,0.25
ATOM,1690.0,N6,DA,54.0,-33.256,0.086,19.041,-0.77,1.85,6.87
ATOM,1691.0,N1,DA,54.0,-35.302,0.365,17.998,-0.74,1.85,15.1
ATOM,1692.0,C2,DA,54.0,-36.62,0.55,18.098,0.5,1.9,11.85
ATOM,1693.0,N3,DA,54.0,-37.369,0.66,19.188,-0.75,1.85,8.61
ATOM,1694.0,C4,DA,54.0,-36.614,0.56,20.295,0.43,1.9,0.42
ATOM,1695.0,H5',DA,54.0,-38.417,3.133,25.099,0.09,1.34,8.02
ATOM,1696.0,H5'',DA,54.0,-39.688,2.187,25.908,0.09,1.34,11.66
ATOM,1697.0,H4',DA,54.0,-40.286,2.569,23.577,0.09,1.32,13.48
ATOM,1698.0,H1',DA,54.0,-38.991,0.874,21.11,0.09,1.32,0.98
ATOM,1699.0,H8,DA,54.0,-35.982,0.434,23.44,0.12,1.1,0.06
ATOM,1700.0,H61,DA,54.0,-32.815,0.019,18.129,0.38,0.2245,17.69
ATOM,1701.0,H62,DA,54.0,-32.691,0.011,19.876,0.38,0.2245,6.82
ATOM,1702.0,H2,DA,54.0,-37.224,0.63,17.209,0.13,1.1,15.39
ATOM,1703.0,H3',DA,54.0,-40.214,-0.025,24.662,0.09,1.32,7.66
ATOM,1704.0,H2',DA,54.0,-38.537,-1.112,23.608,0.09,1.34,7.67
ATOM,1705.0,H2'',DA,54.0,-39.279,-0.739,22.034,0.09,1.34,0.0
ATOM,1706.0,P,DA,55.0,-42.148,-0.876,22.688,1.5,2.15,2.65
ATOM,1707.0,OP1,DA,55.0,-43.514,-0.4,23.001,-0.78,1.7,39.29
ATOM,1708.0,OP2,DA,55.0,-41.548,-1.98,23.482,-0.78,1.7,29.18
ATOM,1709.0,O5',DA,55.0,-42.092,-1.264,21.14,-0.57,1.77,2.46
ATOM,1710.0,C5',DA,55.0,-42.372,-0.281,20.13,-0.08,2.01,10.5
ATOM,1711.0,C4',DA,55.0,-41.754,-0.664,18.8,0.16,2.275,4.6
ATOM,1712.0,O4',DA,55.0,-40.311,-0.771,18.922,-0.5,1.77,0.4
ATOM,1713.0,C3',DA,55.0,-42.225,-1.987,18.192,0.01,2.275,0.76
ATOM,1714.0,O3',DA,55.0,-42.318,-1.844,16.767,-0.57,1.77,0.67
ATOM,1715.0,C2',DA,55.0,-41.106,-2.95,18.557,-0.18,2.01,0.0
ATOM,1716.0,C1',DA,55.0,-39.873,-2.056,18.492,0.16,2.275,0.52
ATOM,1717.0,N9,DA,55.0,-38.767,-2.479,19.362,-0.05,1.85,0.0
ATOM,1718.0,C8,DA,55.0,-38.834,-2.792,20.699,0.34,1.9,4.14
ATOM,1719.0,N7,DA,55.0,-37.689,-3.171,21.215,-0.71,1.85,9.97
ATOM,1720.0,C5,DA,55.0,-36.804,-3.1,20.151,0.28,1.9,0.0
ATOM,1721.0,C6,DA,55.0,-35.434,-3.391,20.046,0.46,1.9,0.0
ATOM,1722.0,N6,DA,55.0,-34.694,-3.822,21.069,-0.77,1.85,11.26
ATOM,1723.0,N1,DA,55.0,-34.845,-3.223,18.84,-0.74,1.85,7.56
ATOM,1724.0,C2,DA,55.0,-35.591,-2.784,17.819,0.5,1.9,0.48
ATOM,1725.0,N3,DA,55.0,-36.89,-2.476,17.792,-0.75,1.85,2.25
ATOM,1726.0,C4,DA,55.0,-37.448,-2.662,19.003,0.43,1.9,0.0
ATOM,1727.0,H5',DA,55.0,-41.971,0.689,20.446,0.09,1.34,6.65
ATOM,1728.0,H5'',DA,55.0,-43.449,-0.196,19.989,0.09,1.34,12.15
ATOM,1729.0,H4',DA,55.0,-41.91,0.147,18.078,0.09,1.32,13.39
ATOM,1730.0,H1',DA,55.0,-39.419,-1.96,17.507,0.09,1.32,0.97
ATOM,1731.0,H8,DA,55.0,-39.779,-2.762,21.215,0.12,1.1,1.01
ATOM,1732.0,H61,DA,55.0,-33.71,-4.016,20.935,0.38,0.2245,19.43
ATOM,1733.0,H62,DA,55.0,-35.113,-3.956,21.979,0.38,0.2245,15.11
ATOM,1734.0,H2,DA,55.0,-35.146,-2.634,16.849,0.13,1.1,11.21
ATOM,1735.0,H3',DA,55.0,-43.152,-2.299,18.678,0.09,1.32,6.47
ATOM,1736.0,H2',DA,55.0,-41.511,-3.771,19.157,0.09,1.34,10.96
ATOM,1737.0,H2'',DA,55.0,-40.662,-3.36,17.649,0.09,1.34,0.0
ATOM,1738.0,P,DA,56.0,-43.38,-2.722,15.932,1.5,2.15,2.32
ATOM,1739.0,OP1,DA,56.0,-44.419,-1.807,15.402,-0.78,1.7,39.26
ATOM,1740.0,OP2,DA,56.0,-43.779,-3.88,16.768,-0.78,1.7,31.0
ATOM,1741.0,O5',DA,56.0,-42.534,-3.279,14.7,-0.57,1.77,2.27
ATOM,1742.0,C5',DA,56.0,-41.852,-2.387,13.814,-0.08,2.01,10.46
ATOM,1743.0,C4',DA,56.0,-40.717,-3.098,13.112,0.16,2.275,4.13
ATOM,1744.0,O4',DA,56.0,-39.611,-3.331,14.021,-0.5,1.77,6.97
ATOM,1745.0,C3',DA,56.0,-41.065,-4.459,12.507,0.01,2.275,2.22
ATOM,1746.0,O3',DA,56.0,-40.439,-4.575,11.223,-0.57,1.77,2.41
ATOM,1747.0,C2',DA,56.0,-40.484,-5.447,13.507,-0.18,2.01,0.78
ATOM,1748.0,C1',DA,56.0,-39.267,-4.712,14.05,0.16,2.275,1.44
ATOM,1749.0,N9,DA,56.0,-38.911,-5.06,15.432,-0.05,1.85,0.0
ATOM,1750.0,C8,DA,56.0,-39.759,-5.134,16.51,0.34,1.9,5.66
ATOM,1751.0,N7,DA,56.0,-39.164,-5.45,17.636,-0.71,1.85,9.94
ATOM,1752.0,C5,DA,56.0,-37.832,-5.603,17.279,0.28,1.9,0.0
ATOM,1753.0,C6,DA,56.0,-36.68,-5.936,18.03,0.46,1.9,0.0
ATOM,1754.0,N6,DA,56.0,-36.691,-6.188,19.343,-0.77,1.85,7.98
ATOM,1755.0,N1,DA,56.0,-35.503,-6.002,17.375,-0.74,1.85,7.05
ATOM,1756.0,C2,DA,56.0,-35.489,-5.753,16.057,0.5,1.9,2.9
ATOM,1757.0,N3,DA,56.0,-36.5,-5.432,15.242,-0.75,1.85,5.32
ATOM,1758.0,C4,DA,56.0,-37.66,-5.371,15.922,0.43,1.9,0.0
ATOM,1759.0,H5',DA,56.0,-41.45,-1.543,14.383,0.09,1.34,7.74
ATOM,1760.0,H5'',DA,56.0,-42.546,-2.013,13.06,0.09,1.34,13.08
ATOM,1761.0,H4',DA,56.0,-40.3,-2.443,12.334,0.09,1.32,12.34
ATOM,1762.0,H1',DA,56.0,-38.345,-4.855,13.49,0.09,1.32,0.49
ATOM,1763.0,H8,DA,56.0,-40.818,-4.988,16.377,0.12,1.1,1.01
ATOM,1764.0,H61,DA,56.0,-35.837,-6.419,19.819,0.38,0.2245,11.02
ATOM,1765.0,H62,DA,56.0,-37.562,-6.145,19.857,0.38,0.2245,9.35
ATOM,1766.0,H2,DA,56.0,-34.562,-5.8,15.509,0.13,1.1,11.15
ATOM,1767.0,H3',DA,56.0,-42.152,-4.571,12.468,0.09,1.32,8.86
ATOM,1768.0,H2',DA,56.0,-41.282,-6.116,13.86,0.09,1.34,10.72
ATOM,1769.0,H2'',DA,56.0,-39.711,-6.051,13.027,0.09,1.34,0.0
ATOM,1770.0,P,DA,57.0,-40.683,-5.883,10.31,1.5,2.15,2.08
ATOM,1771.0,OP1,DA,57.0,-41.394,-5.499,9.06,-0.78,1.7,41.89
ATOM,1772.0,OP2,DA,57.0,-41.22,-6.986,11.158,-0.78,1.7,27.46
ATOM,1773.0,O5',DA,57.0,-39.204,-6.275,9.881,-0.57,1.77,2.2
ATOM,1774.0,C5',DA,57.0,-38.224,-5.254,9.687,-0.08,2.01,10.62
ATOM,1775.0,C4',DA,57.0,-36.839,-5.818,9.885,0.16,2.275,4.81
ATOM,1776.0,O4',DA,57.0,-36.557,-6.057,11.287,-0.5,1.77,4.24
ATOM,1777.0,C3',DA,57.0,-36.617,-7.148,9.173,0.01,2.275,0.92
ATOM,1778.0,O3',DA,57.0,-35.323,-7.12,8.589,-0.57,1.77,2.0
ATOM,1779.0,C2',DA,57.0,-36.699,-8.169,10.296,-0.18,2.01,0.0
ATOM,1780.0,C1',DA,57.0,-36.103,-7.389,11.451,0.16,2.275,2.06
ATOM,1781.0,N9,DA,57.0,-36.487,-7.836,12.787,-0.05,1.85,0.0
ATOM,1782.0,C8,DA,57.0,-37.732,-7.858,13.357,0.34,1.9,3.93
ATOM,1783.0,N7,DA,57.0,-37.744,-8.327,14.583,-0.71,1.85,9.13
ATOM,1784.0,C5,DA,57.0,-36.412,-8.635,14.835,0.28,1.9,0.0
ATOM,1785.0,C6,DA,57.0,-35.751,-9.181,15.962,0.46,1.9,0.0
ATOM,1786.0,N6,DA,57.0,-36.369,-9.533,17.091,-0.77,1.85,6.63
ATOM,1787.0,N1,DA,57.0,-34.414,-9.359,15.88,-0.74,1.85,9.8
ATOM,1788.0,C2,DA,57.0,-33.793,-9.013,14.752,0.5,1.9,6.5
ATOM,1789.0,N3,DA,57.0,-34.298,-8.496,13.633,-0.75,1.85,6.65
ATOM,1790.0,C4,DA,57.0,-35.628,-8.331,13.74,0.43,1.9,0.0
ATOM,1791.0,H5',DA,57.0,-38.39,-4.446,10.404,0.09,1.34,3.4
ATOM,1792.0,H5'',DA,57.0,-38.3,-4.856,8.674,0.09,1.34,13.37
ATOM,1793.0,H4',DA,57.0,-36.09,-5.07,9.579,0.09,1.32,13.32
ATOM,1794.0,H1',DA,57.0,-35.014,-7.389,11.467,0.09,1.32,2.5
ATOM,1795.0,H8,DA,57.0,-38.596,-7.557,12.791,0.12,1.1,0.0
ATOM,1796.0,H61,DA,57.0,-35.842,-9.916,17.857,0.38,0.2245,16.58
ATOM,1797.0,H62,DA,57.0,-37.371,-9.414,17.177,0.38,0.2245,11.25
ATOM,1798.0,H2,DA,57.0,-32.725,-9.143,14.66,0.13,1.1,14.47
ATOM,1799.0,H3',DA,57.0,-37.429,-7.32,8.46,0.09,1.32,3.67
ATOM,1800.0,H2',DA,57.0,-37.5,-8.881,10.088,0.09,1.34,8.2
ATOM,1801.0,H2'',DA,57.0,-35.752,-8.703,10.371,0.09,1.34,0.0
ATOM,1802.0,P,DG,58.0,-35.055,-7.891,7.216,1.5,2.15,3.16
ATOM,1803.0,OP1,DG,58.0,-34.367,-6.964,6.27,-0.78,1.7,40.27
ATOM,1804.0,OP2,DG,58.0,-36.335,-8.533,6.816,-0.78,1.7,32.78
ATOM,1805.0,O5',DG,58.0,-34.047,-9.045,7.667,-0.57,1.77,2.0
ATOM,1806.0,C5',DG,58.0,-32.814,-8.725,8.316,-0.08,2.01,10.18
ATOM,1807.0,C4',DG,58.0,-32.225,-9.951,8.977,0.16,2.275,2.6
ATOM,1808.0,O4',DG,58.0,-32.815,-10.208,10.273,-0.5,1.77,3.08
ATOM,1809.0,C3',DG,58.0,-32.342,-11.257,8.189,0.01,2.275,1.36
ATOM,1810.0,O3',DG,58.0,-31.125,-11.998,8.329,-0.57,1.77,0.0
ATOM,1811.0,C2',DG,58.0,-33.46,-11.992,8.912,-0.18,2.01,10.11
ATOM,1812.0,C1',DG,58.0,-33.19,-11.578,10.35,0.16,2.275,0.08
ATOM,1813.0,N9,DG,58.0,-34.312,-11.682,11.28,-0.02,1.85,0.12
ATOM,1814.0,C8,DG,58.0,-35.641,-11.424,11.03,0.25,1.9,8.97
ATOM,1815.0,N7,DG,58.0,-36.393,-11.532,12.092,-0.6,1.85,16.94
ATOM,1816.0,C5,DG,58.0,-35.512,-11.902,13.096,0.0,1.9,1.59
ATOM,1817.0,C6,DG,58.0,-35.743,-12.15,14.459,0.54,1.9,3.47
ATOM,1818.0,O6,DG,58.0,-36.804,-12.103,15.072,-0.51,1.7,25.67
ATOM,1819.0,N1,DG,58.0,-34.57,-12.486,15.124,-0.34,1.85,3.17
ATOM,1820.0,C2,DG,58.0,-33.332,-12.584,14.541,0.75,1.9,0.0
ATOM,1821.0,N2,DG,58.0,-32.325,-12.923,15.345,-0.68,1.85,7.74
ATOM,1822.0,N3,DG,58.0,-33.103,-12.362,13.263,-0.74,1.85,1.82
ATOM,1823.0,C4,DG,58.0,-34.228,-12.02,12.605,0.26,1.9,0.0
ATOM,1824.0,H5',DG,58.0,-32.989,-7.956,9.076,0.09,1.34,5.57
ATOM,1825.0,H5'',DG,58.0,-32.098,-8.349,7.584,0.09,1.34,7.52
ATOM,1826.0,H4',DG,58.0,-31.157,-9.774,9.191,0.09,1.32,2.5
ATOM,1827.0,H1',DG,58.0,-32.387,-12.141,10.829,0.09,1.32,0.0
ATOM,1828.0,H8,DG,58.0,-35.967,-11.163,10.039,0.16,1.1,4.27
ATOM,1829.0,H1,DG,58.0,-34.633,-12.671,16.107,0.26,0.2245,10.4
ATOM,1830.0,H21,DG,58.0,-32.373,-13.105,16.34,0.32,0.2245,13.15
ATOM,1831.0,H22,DG,58.0,-31.408,-12.989,14.924,0.35,0.2245,6.43
ATOM,1832.0,H3',DG,58.0,-32.649,-11.036,7.165,0.09,1.32,7.25
ATOM,1833.0,H2',DG,58.0,-34.29,-12.165,8.232,0.09,1.34,11.26
ATOM,1834.0,H2'',DG,58.0,-33.084,-12.945,9.283,0.09,1.34,0.0
ATOM,1835.0,P,DG,59.0,-29.961,-11.827,7.239,1.5,2.15,1.92
ATOM,1836.0,OP1,DG,59.0,-29.885,-10.396,6.83,-0.78,1.7,23.64
ATOM,1837.0,OP2,DG,59.0,-30.107,-12.887,6.212,-0.78,1.7,39.84
ATOM,1838.0,O5',DG,59.0,-28.661,-12.122,8.08,-0.57,1.77,3.89
ATOM,1839.0,C5',DG,59.0,-28.29,-11.228,9.091,-0.08,2.01,10.97
ATOM,1840.0,C4',DG,59.0,-27.851,-11.997,10.304,0.16,2.275,4.22
ATOM,1841.0,O4',DG,59.0,-28.988,-12.651,10.888,-0.5,1.77,3.43
ATOM,1842.0,C3',DG,59.0,-26.825,-13.093,10.011,0.01,2.275,1.94
ATOM,1843.0,O3',DG,59.0,-25.818,-13.028,11.028,-0.57,1.77,2.39
ATOM,1844.0,C2',DG,59.0,-27.638,-14.377,10.077,-0.18,2.01,0.0
ATOM,1845.0,C1',DG,59.0,-28.69,-14.021,11.11,0.16,2.275,0.75
ATOM,1846.0,N9,DG,59.0,-29.944,-14.761,11.011,-0.02,1.85,0.0
ATOM,1847.0,C8,DG,59.0,-30.584,-15.14,9.861,0.25,1.9,2.83
ATOM,1848.0,N7,DG,59.0,-31.723,-15.736,10.083,-0.6,1.85,13.68
ATOM,1849.0,C5,DG,59.0,-31.835,-15.764,11.466,0.0,1.9,0.0
ATOM,1850.0,C6,DG,59.0,-32.877,-16.273,12.299,0.54,1.9,0.08
ATOM,1851.0,O6,DG,59.0,-33.936,-16.829,11.969,-0.51,1.7,38.69
ATOM,1852.0,N1,DG,59.0,-32.587,-16.087,13.644,-0.34,1.85,2.84
ATOM,1853.0,C2,DG,59.0,-31.44,-15.504,14.131,0.75,1.9,0.0
ATOM,1854.0,N2,DG,59.0,-31.339,-15.438,15.473,-0.68,1.85,7.24
ATOM,1855.0,N3,DG,59.0,-30.465,-15.027,13.364,-0.74,1.85,1.01
ATOM,1856.0,C4,DG,59.0,-30.733,-15.184,12.054,0.26,1.9,0.0
ATOM,1857.0,H5',DG,59.0,-29.137,-10.589,9.361,0.09,1.34,1.44
ATOM,1858.0,H5'',DG,59.0,-27.465,-10.59,8.754,0.09,1.34,14.43
ATOM,1859.0,H4',DG,59.0,-27.503,-11.3,11.074,0.09,1.32,12.49
ATOM,1860.0,H1',DG,59.0,-28.376,-14.155,12.145,0.09,1.32,0.41
ATOM,1861.0,H8,DG,59.0,-30.145,-14.939,8.899,0.16,1.1,3.13
ATOM,1862.0,H1,DG,59.0,-33.263,-16.4,14.313,0.26,0.2245,13.18
ATOM,1863.0,H21,DG,59.0,-32.016,-15.758,16.147,0.32,0.2245,16.38
ATOM,1864.0,H22,DG,59.0,-30.505,-15.004,15.838,0.35,0.2245,11.28
ATOM,1865.0,H3',DG,59.0,-26.431,-12.959,8.999,0.09,1.32,7.68
ATOM,1866.0,H2',DG,59.0,-27.538,-14.922,9.135,0.09,1.34,7.44
ATOM,1867.0,H2'',DG,59.0,-27.271,-14.999,10.893,0.09,1.34,0.0
ATOM,1868.0,P,DC,60.0,-24.546,-13.976,10.954,1.5,2.15,3.2
ATOM,1869.0,OP1,DC,60.0,-23.416,-13.038,11.096,-0.78,1.7,39.6
ATOM,1870.0,OP2,DC,60.0,-24.634,-14.888,9.778,-0.78,1.7,29.97
ATOM,1871.0,O5',DC,60.0,-24.672,-14.833,12.288,-0.57,1.77,1.51
ATOM,1872.0,C5',DC,60.0,-25.009,-14.186,13.501,-0.08,2.01,9.14
ATOM,1873.0,C4',DC,60.0,-25.351,-15.185,14.582,0.16,2.275,4.57
ATOM,1874.0,O4',DC,60.0,-26.665,-15.751,14.399,-0.5,1.77,2.18
ATOM,1875.0,C3',DC,60.0,-24.398,-16.359,14.74,0.01,2.275,1.69
ATOM,1876.0,O3',DC,60.0,-24.288,-16.623,16.113,-0.57,1.77,1.35
ATOM,1877.0,C2',DC,60.0,-25.116,-17.513,14.068,-0.18,2.01,0.0
ATOM,1878.0,C1',DC,60.0,-26.576,-17.176,14.345,0.16,2.275,0.85
ATOM,1879.0,N1,DC,60.0,-27.523,-17.638,13.315,-0.13,1.85,0.0
ATOM,1880.0,C2,DC,60.0,-28.755,-18.189,13.717,0.52,1.9,0.0
ATOM,1881.0,O2,DC,60.0,-29.009,-18.293,14.94,-0.49,1.7,9.35
ATOM,1882.0,N3,DC,60.0,-29.629,-18.591,12.769,-0.66,1.85,2.69
ATOM,1883.0,C4,DC,60.0,-29.318,-18.463,11.481,0.65,1.9,0.0
ATOM,1884.0,N4,DC,60.0,-30.211,-18.854,10.581,-0.75,1.85,8.09
ATOM,1885.0,C5,DC,60.0,-28.072,-17.919,11.053,-0.13,1.9,2.27
ATOM,1886.0,C6,DC,60.0,-27.216,-17.525,11.992,0.05,1.9,1.85
ATOM,1887.0,H5',DC,60.0,-25.872,-13.524,13.342,0.09,1.34,4.19
ATOM,1888.0,H5'',DC,60.0,-24.167,-13.587,13.856,0.09,1.34,12.08
ATOM,1889.0,H4',DC,60.0,-25.405,-14.666,15.555,0.09,1.32,12.78
ATOM,1890.0,H1',DC,60.0,-26.965,-17.592,15.272,0.09,1.32,0.68
ATOM,1891.0,H6,DC,60.0,-26.257,-17.106,11.706,0.17,1.1,1.33
ATOM,1892.0,H5,DC,60.0,-27.811,-17.821,9.988,0.07,1.1,11.32
ATOM,1893.0,H41,DC,60.0,-31.082,-19.234,10.923,0.37,0.2245,12.29
ATOM,1894.0,H42,DC,60.0,-30.01,-18.767,9.597,0.33,0.2245,14.62
ATOM,1895.0,H3',DC,60.0,-23.463,-16.146,14.206,0.09,1.32,7.21
ATOM,1896.0,H2',DC,60.0,-24.491,-17.924,13.272,0.09,1.34,9.02
ATOM,1897.0,H2'',DC,60.0,-25.323,-18.295,14.801,0.09,1.34,0.0
ATOM,1898.0,P,DA,61.0,-23.115,-17.551,16.628,1.5,2.15,2.52
ATOM,1899.0,OP1,DA,61.0,-22.347,-16.701,17.564,-0.78,1.7,38.69
ATOM,1900.0,OP2,DA,61.0,-22.473,-18.149,15.436,-0.78,1.7,27.41
ATOM,1901.0,O5',DA,61.0,-23.826,-18.726,17.439,-0.57,1.77,0.78
ATOM,1902.0,C5',DA,61.0,-24.643,-18.44,18.584,-0.08,2.01,9.85
ATOM,1903.0,C4',DA,61.0,-25.374,-19.68,19.04,0.16,2.275,5.0
ATOM,1904.0,O4',DA,61.0,-26.314,-20.095,18.031,-0.5,1.77,5.66
ATOM,1905.0,C3',DA,61.0,-24.477,-20.88,19.289,0.01,2.275,2.25
ATOM,1906.0,O3',DA,61.0,-24.943,-21.561,20.435,-0.57,1.77,5.23
ATOM,1907.0,C2',DA,61.0,-24.622,-21.722,18.039,-0.18,2.01,0.0
ATOM,1908.0,C1',DA,61.0,-26.014,-21.397,17.559,0.16,2.275,0.57
ATOM,1909.0,N9,DA,61.0,-26.16,-21.364,16.108,-0.05,1.85,0.0
ATOM,1910.0,C8,DA,61.0,-25.21,-21.07,15.173,0.34,1.9,0.36
ATOM,1911.0,N7,DA,61.0,-25.66,-21.06,13.945,-0.71,1.85,5.23
ATOM,1912.0,C5,DA,61.0,-26.996,-21.376,14.08,0.28,1.9,0.0
ATOM,1913.0,C6,DA,61.0,-28.03,-21.506,13.146,0.46,1.9,0.0
ATOM,1914.0,N6,DA,61.0,-27.875,-21.31,11.836,-0.77,1.85,8.09
ATOM,1915.0,N1,DA,61.0,-29.25,-21.844,13.609,-0.74,1.85,11.06
ATOM,1916.0,C2,DA,61.0,-29.409,-22.034,14.923,0.5,1.9,7.06
ATOM,1917.0,N3,DA,61.0,-28.517,-21.933,15.9,-0.75,1.85,9.42
ATOM,1918.0,C4,DA,61.0,-27.315,-21.591,15.406,0.43,1.9,0.0
ATOM,1919.0,H5',DA,61.0,-25.371,-17.665,18.326,0.09,1.34,7.87
ATOM,1920.0,H5'',DA,61.0,-24.017,-18.087,19.403,0.09,1.34,10.99
ATOM,1921.0,H4',DA,61.0,-25.991,-19.439,19.914,0.09,1.32,13.38
ATOM,1922.0,H1',DA,61.0,-26.789,-22.079,17.895,0.09,1.32,0.17
ATOM,1923.0,H8,DA,61.0,-24.183,-20.919,15.468,0.12,1.1,1.28
ATOM,1924.0,H61,DA,61.0,-28.66,-21.419,11.208,0.38,0.2245,10.36
ATOM,1925.0,H62,DA,61.0,-26.969,-21.051,11.465,0.38,0.2245,9.46
ATOM,1926.0,H2,DA,61.0,-30.375,-22.311,15.314,0.13,1.1,19.79
ATOM,1927.0,H3',DA,61.0,-23.436,-20.544,19.389,0.09,1.32,8.18
ATOM,1928.0,H2',DA,61.0,-23.617,-21.929,17.625,0.09,1.34,5.14
ATOM,1929.0,H2'',DA,61.0,-25.092,-22.677,18.283,0.09,1.34,0.0
ATOM,1930.0,P,DT,62.0,-24.144,-22.842,20.977,1.5,2.15,3.27
ATOM,1931.0,OP1,DT,62.0,-23.874,-22.636,22.427,-0.78,1.7,45.98
ATOM,1932.0,OP2,DT,62.0,-23.016,-23.177,20.054,-0.78,1.7,28.19
ATOM,1933.0,O5',DT,62.0,-25.255,-23.965,20.789,-0.57,1.77,6.72
ATOM,1934.0,C5',DT,62.0,-26.23,-23.804,19.766,-0.08,2.01,3.43
ATOM,1935.0,C4',DT,62.0,-26.978,-25.088,19.54,0.16,2.275,6.4
ATOM,1936.0,O4',DT,62.0,-27.471,-25.003,18.184,-0.5,1.77,4.37
ATOM,1937.0,C3',DT,62.0,-26.097,-26.332,19.605,0.01,2.275,0.33
ATOM,1938.0,O3',DT,62.0,-26.801,-27.405,20.237,-0.57,1.77,3.76
ATOM,1939.0,C2',DT,62.0,-25.776,-26.631,18.154,-0.18,2.01,0.0
ATOM,1940.0,C1',DT,62.0,-26.954,-26.051,17.387,0.16,2.275,1.28
ATOM,1941.0,N1,DT,62.0,-26.596,-25.481,16.067,-0.34,1.85,0.0
ATOM,1942.0,C2,DT,62.0,-27.559,-25.41,15.078,0.51,1.9,0.0
ATOM,1943.0,O2,DT,62.0,-28.692,-25.803,15.212,-0.41,1.7,25.26
ATOM,1944.0,N3,DT,62.0,-27.132,-24.87,13.906,-0.46,1.85,0.43
ATOM,1945.0,C4,DT,62.0,-25.873,-24.433,13.606,0.5,1.9,0.0
ATOM,1946.0,O4,DT,62.0,-25.643,-23.995,12.497,-0.45,1.7,16.18
ATOM,1947.0,C5,DT,62.0,-24.908,-24.544,14.669,-0.15,1.9,0.0
ATOM,1948.0,C7,DT,62.0,-23.503,-24.104,14.418,-0.11,2.04,23.2
ATOM,1949.0,C6,DT,62.0,-25.313,-25.044,15.836,0.17,1.9,0.0
ATOM,1950.0,H5',DT,62.0,-25.738,-23.503,18.833,0.09,1.34,0.0
ATOM,1951.0,H5'',DT,62.0,-26.948,-23.034,20.053,0.09,1.34,8.98
ATOM,1952.0,H4',DT,62.0,-27.865,-25.107,20.156,0.09,1.32,13.82
ATOM,1953.0,H1',DT,62.0,-27.753,-26.755,17.164,0.09,1.32,2.75
ATOM,1954.0,H6,DT,62.0,-24.571,-25.148,16.635,0.17,1.1,1.46
ATOM,1955.0,H71,DT,62.0,-22.829,-24.951,14.567,0.07,1.34,8.28
ATOM,1956.0,H72,DT,62.0,-23.408,-23.744,13.394,0.07,1.34,8.62
ATOM,1957.0,H73,DT,62.0,-23.238,-23.306,15.111,0.07,1.34,2.4
ATOM,1958.0,H3,DT,62.0,-27.883,-24.773,13.107,0.36,0.2245,11.26
ATOM,1959.0,H3',DT,62.0,-25.173,-26.095,20.146,0.09,1.32,0.79
ATOM,1960.0,H2',DT,62.0,-24.68,-26.74,18.043,0.09,1.34,4.55
ATOM,1961.0,H2'',DT,62.0,-26.241,-27.573,17.849,0.09,1.34,0.0
ATOM,1962.0,P,DG,63.0,-25.985,-28.664,20.835,1.5,2.15,3.24
ATOM,1963.0,OP1,DG,63.0,-26.635,-29.03,22.119,-0.78,1.7,38.84
ATOM,1964.0,OP2,DG,63.0,-24.518,-28.402,20.81,-0.78,1.7,32.58
ATOM,1965.0,O5',DG,63.0,-26.309,-29.813,19.781,-0.57,1.77,0.39
ATOM,1966.0,C5',DG,63.0,-27.659,-30.18,19.527,-0.08,2.01,9.45
ATOM,1967.0,C4',DG,63.0,-27.73,-31.223,18.437,0.16,2.275,4.3
ATOM,1968.0,O4',DG,63.0,-27.499,-30.616,17.141,-0.5,1.77,6.79
ATOM,1969.0,C3',DG,63.0,-26.729,-32.371,18.568,0.01,2.275,2.9
ATOM,1970.0,O3',DG,63.0,-27.378,-33.633,18.284,-0.57,1.77,5.45
ATOM,1971.0,C2',DG,63.0,-25.654,-32.002,17.559,-0.18,2.01,0.0
ATOM,1972.0,C1',DG,63.0,-26.425,-31.259,16.477,0.16,2.275,0.44
ATOM,1973.0,N9,DG,63.0,-25.631,-30.225,15.823,-0.02,1.85,0.0
ATOM,1974.0,C8,DG,63.0,-24.638,-29.474,16.401,0.25,1.9,2.11
ATOM,1975.0,N7,DG,63.0,-24.1,-28.617,15.579,-0.6,1.85,9.67
ATOM,1976.0,C5,DG,63.0,-24.773,-28.816,14.388,0.0,1.9,0.0
ATOM,1977.0,C6,DG,63.0,-24.616,-28.175,13.148,0.54,1.9,0.0
ATOM,1978.0,O6,DG,63.0,-23.83,-27.267,12.851,-0.51,1.7,17.07
ATOM,1979.0,N1,DG,63.0,-25.494,-28.681,12.194,-0.34,1.85,1.55
ATOM,1980.0,C2,DG,63.0,-26.412,-29.684,12.421,0.75,1.9,0.91
ATOM,1981.0,N2,DG,63.0,-27.163,-30.054,11.365,-0.68,1.85,16.71
ATOM,1982.0,N3,DG,63.0,-26.574,-30.284,13.596,-0.74,1.85,6.59
ATOM,1983.0,C4,DG,63.0,-25.725,-29.805,14.522,0.26,1.9,0.0
ATOM,1984.0,H5',DG,63.0,-28.23,-29.298,19.216,0.09,1.34,5.94
ATOM,1985.0,H5'',DG,63.0,-28.11,-30.594,20.431,0.09,1.34,11.31
ATOM,1986.0,H4',DG,63.0,-28.751,-31.621,18.376,0.09,1.32,12.51
ATOM,1987.0,H1',DG,63.0,-26.82,-31.859,15.656,0.09,1.32,0.02
ATOM,1988.0,H8,DG,63.0,-24.374,-29.621,17.435,0.16,1.1,3.05
ATOM,1989.0,H1,DG,63.0,-25.458,-28.29,11.276,0.26,0.2245,13.56
ATOM,1990.0,H21,DG,63.0,-27.126,-29.663,10.436,0.32,0.2245,19.3
ATOM,1991.0,H22,DG,63.0,-27.841,-30.78,11.529,0.35,0.2245,13.45
ATOM,1992.0,H3',DG,63.0,-26.305,-32.369,19.574,0.09,1.32,8.62
ATOM,1993.0,H2',DG,63.0,-24.679,-31.956,18.071,0.09,1.34,6.69
ATOM,1994.0,H2'',DG,63.0,-25.597,-32.763,16.777,0.09,1.34,0.0
ATOM,1995.0,P,DT,64.0,-26.501,-34.967,18.032,1.5,2.15,2.24
ATOM,1996.0,OP1,DT,64.0,-27.214,-36.091,18.688,-0.78,1.7,39.64
ATOM,1997.0,OP2,DT,64.0,-25.072,-34.712,18.38,-0.78,1.7,27.01
ATOM,1998.0,O5',DT,64.0,-26.624,-35.152,16.45,-0.57,1.77,0.05
ATOM,1999.0,C5',DT,64.0,-27.848,-34.821,15.783,-0.08,2.01,7.8
ATOM,2000.0,C4',DT,64.0,-27.82,-35.306,14.353,0.16,2.275,4.91
ATOM,2001.0,O4',DT,64.0,-27.213,-34.345,13.46,-0.5,1.77,3.86
ATOM,2002.0,C3',DT,64.0,-27.069,-36.613,14.138,0.01,2.275,2.95
ATOM,2003.0,O3',DT,64.0,-27.789,-37.403,13.196,-0.57,1.77,5.32
ATOM,2004.0,C2',DT,64.0,-25.726,-36.163,13.586,-0.18,2.01,0.0
ATOM,2005.0,C1',DT,64.0,-26.077,-34.907,12.805,0.16,2.275,1.09
ATOM,2006.0,N1,DT,64.0,-25.024,-33.863,12.795,-0.34,1.85,0.0
ATOM,2007.0,C2,DT,64.0,-24.866,-33.097,11.655,0.51,1.9,0.0
ATOM,2008.0,O2,DT,64.0,-25.465,-33.313,10.617,-0.41,1.7,13.69
ATOM,2009.0,N3,DT,64.0,-23.966,-32.067,11.779,-0.46,1.85,0.0
ATOM,2010.0,C4,DT,64.0,-23.21,-31.748,12.889,0.5,1.9,0.0
ATOM,2011.0,O4,DT,64.0,-22.498,-30.751,12.873,-0.45,1.7,15.76
ATOM,2012.0,C5,DT,64.0,-23.358,-32.646,14.017,-0.15,1.9,0.0
ATOM,2013.0,C7,DT,64.0,-22.51,-32.438,15.229,-0.11,2.04,19.06
ATOM,2014.0,C6,DT,64.0,-24.251,-33.639,13.917,0.17,1.9,0.0
ATOM,2015.0,H5',DT,64.0,-27.987,-33.736,15.793,0.09,1.34,1.87
ATOM,2016.0,H5'',DT,64.0,-28.686,-35.295,16.294,0.09,1.34,11.43
ATOM,2017.0,H4',DT,64.0,-28.855,-35.412,13.982,0.09,1.32,13.37
ATOM,2018.0,H1',DT,64.0,-26.316,-35.056,11.758,0.09,1.32,0.21
ATOM,2019.0,H6,DT,64.0,-24.339,-34.333,14.76,0.17,1.1,0.29
ATOM,2020.0,H71,DT,64.0,-21.904,-33.331,15.4,0.07,1.34,5.41
ATOM,2021.0,H72,DT,64.0,-21.855,-31.581,15.076,0.07,1.34,7.81
ATOM,2022.0,H73,DT,64.0,-23.145,-32.262,16.096,0.07,1.34,0.0
ATOM,2023.0,H3,DT,64.0,-23.831,-31.425,10.9,0.36,0.2245,10.33
ATOM,2024.0,H3',DT,64.0,-26.921,-37.112,15.101,0.09,1.32,4.18
ATOM,2025.0,H2',DT,64.0,-24.922,-36.549,14.231,0.09,1.34,3.54
ATOM,2026.0,H2'',DT,64.0,-25.584,-36.562,12.579,0.09,1.34,0.0
ATOM,2027.0,P,DT,65.0,-27.205,-38.82,12.735,1.5,2.15,3.18
ATOM,2028.0,OP1,DT,65.0,-28.363,-39.65,12.31,-0.78,1.7,38.34
ATOM,2029.0,OP2,DT,65.0,-26.261,-39.323,13.776,-0.78,1.7,33.13
ATOM,2030.0,O5',DT,65.0,-26.366,-38.446,11.439,-0.57,1.77,0.0
ATOM,2031.0,C5',DT,65.0,-26.995,-37.798,10.34,-0.08,2.01,9.49
ATOM,2032.0,C4',DT,65.0,-26.026,-37.697,9.19,0.16,2.275,4.83
ATOM,2033.0,O4',DT,65.0,-25.096,-36.61,9.431,-0.5,1.77,1.85
ATOM,2034.0,C3',DT,65.0,-25.181,-38.96,9.008,0.01,2.275,1.86
ATOM,2035.0,O3',DT,65.0,-25.108,-39.323,7.624,-0.57,1.77,2.88
ATOM,2036.0,C2',DT,65.0,-23.821,-38.562,9.563,-0.18,2.01,0.0
ATOM,2037.0,C1',DT,65.0,-23.772,-37.077,9.239,0.16,2.275,0.62
ATOM,2038.0,N1,DT,65.0,-22.871,-36.249,10.069,-0.34,1.85,0.0
ATOM,2039.0,C2,DT,65.0,-22.412,-35.069,9.52,0.51,1.9,0.0
ATOM,2040.0,O2,DT,65.0,-22.691,-34.714,8.384,-0.41,1.7,21.61
ATOM,2041.0,N3,DT,65.0,-21.606,-34.319,10.351,-0.46,1.85,0.02
ATOM,2042.0,C4,DT,65.0,-21.208,-34.633,11.647,0.5,1.9,0.0
ATOM,2043.0,O4,DT,65.0,-20.478,-33.84,12.295,-0.45,1.7,15.99
ATOM,2044.0,C5,DT,65.0,-21.712,-35.91,12.147,-0.15,1.9,0.0
ATOM,2045.0,C7,DT,65.0,-21.32,-36.359,13.521,-0.11,2.04,22.3
ATOM,2046.0,C6,DT,65.0,-22.509,-36.635,11.344,0.17,1.9,0.0
ATOM,2047.0,H5',DT,65.0,-27.31,-36.795,10.634,0.09,1.34,3.72
ATOM,2048.0,H5'',DT,65.0,-27.871,-38.369,10.023,0.09,1.34,10.47
ATOM,2049.0,H4',DT,65.0,-26.562,-37.403,8.282,0.09,1.32,13.41
ATOM,2050.0,H1',DT,65.0,-23.467,-36.862,8.216,0.09,1.32,0.93
ATOM,2051.0,H6,DT,65.0,-22.854,-37.607,11.715,0.17,1.1,2.15
ATOM,2052.0,H71,DT,65.0,-20.794,-37.313,13.447,0.07,1.34,7.28
ATOM,2053.0,H72,DT,65.0,-20.664,-35.618,13.974,0.07,1.34,6.16
ATOM,2054.0,H73,DT,65.0,-22.211,-36.483,14.133,0.07,1.34,3.53
ATOM,2055.0,H3,DT,65.0,-21.236,-33.37,9.951,0.36,0.2245,14.64
ATOM,2056.0,H3',DT,65.0,-25.603,-39.768,9.613,0.09,1.32,4.7
ATOM,2057.0,H2',DT,65.0,-23.533,-39.255,10.358,0.09,1.34,7.05
ATOM,2058.0,H2'',DT,65.0,-23.076,-38.6,8.768,0.09,1.34,0.0
ATOM,2059.0,P,DC,66.0,-24.535,-40.772,7.204,1.5,2.15,2.8
ATOM,2060.0,OP1,DC,66.0,-25.537,-41.475,6.347,-0.78,1.7,40.84
ATOM,2061.0,OP2,DC,66.0,-23.986,-41.43,8.428,-0.78,1.7,28.87
ATOM,2062.0,O5',DC,66.0,-23.297,-40.429,6.275,-0.57,1.77,1.74
ATOM,2063.0,C5',DC,66.0,-23.427,-39.48,5.223,-0.08,2.01,10.14
ATOM,2064.0,C4',DC,66.0,-22.065,-38.943,4.864,0.16,2.275,2.86
ATOM,2065.0,O4',DC,66.0,-21.559,-38.134,5.96,-0.5,1.77,2.13
ATOM,2066.0,C3',DC,66.0,-21.022,-40.04,4.628,0.01,2.275,0.79
ATOM,2067.0,O3',DC,66.0,-20.175,-39.625,3.576,-0.57,1.77,0.0
ATOM,2068.0,C2',DC,66.0,-20.222,-40.035,5.918,-0.18,2.01,6.89
ATOM,2069.0,C1',DC,66.0,-20.239,-38.554,6.217,0.16,2.275,0.02
ATOM,2070.0,N1,DC,66.0,-19.859,-38.112,7.559,-0.13,1.85,0.0
ATOM,2071.0,C2,DC,66.0,-19.414,-36.793,7.712,0.52,1.9,0.0
ATOM,2072.0,O2,DC,66.0,-19.343,-36.066,6.708,-0.49,1.7,14.14
ATOM,2073.0,N3,DC,66.0,-19.054,-36.356,8.931,-0.66,1.85,5.55
ATOM,2074.0,C4,DC,66.0,-19.091,-37.187,9.971,0.65,1.9,0.0
ATOM,2075.0,N4,DC,66.0,-18.695,-36.719,11.156,-0.75,1.85,11.51
ATOM,2076.0,C5,DC,66.0,-19.529,-38.537,9.844,-0.13,1.9,4.64
ATOM,2077.0,C6,DC,66.0,-19.911,-38.951,8.632,0.05,1.9,2.25
ATOM,2078.0,H5',DC,66.0,-24.065,-38.656,5.545,0.09,1.34,6.07
ATOM,2079.0,H5'',DC,66.0,-23.873,-39.956,4.346,0.09,1.34,8.26
ATOM,2080.0,H4',DC,66.0,-22.154,-38.244,4.027,0.09,1.32,4.63
ATOM,2081.0,H1',DC,66.0,-19.552,-38.017,5.554,0.09,1.32,0.0
ATOM,2082.0,H6,DC,66.0,-20.266,-39.964,8.498,0.17,1.1,5.92
ATOM,2083.0,H5,DC,66.0,-19.559,-39.228,10.698,0.07,1.1,15.62
ATOM,2084.0,H41,DC,66.0,-18.394,-35.761,11.2,0.37,0.2245,11.08
ATOM,2085.0,H42,DC,66.0,-18.706,-37.324,11.962,0.33,0.2245,10.04
ATOM,2086.0,H3',DC,66.0,-21.529,-41.0,4.511,0.09,1.32,7.42
ATOM,2087.0,H2',DC,66.0,-20.303,-40.995,6.412,0.09,1.34,10.29
ATOM,2088.0,H2'',DC,66.0,-19.181,-39.818,5.688,0.09,1.34,0.0
ATOM,2089.0,P,DA,67.0,-20.439,-40.154,2.101,1.5,2.15,3.0
ATOM,2090.0,OP1,DA,67.0,-21.898,-40.007,1.924,-0.78,1.7,22.37
ATOM,2091.0,OP2,DA,67.0,-19.776,-41.483,1.959,-0.78,1.7,38.24
ATOM,2092.0,O5',DA,67.0,-19.728,-39.106,1.138,-0.57,1.77,3.79
ATOM,2093.0,C5',DA,67.0,-20.234,-37.765,0.999,-0.08,2.01,11.41
ATOM,2094.0,C4',DA,67.0,-19.098,-36.764,0.946,0.16,2.275,5.5
ATOM,2095.0,O4',DA,67.0,-18.471,-36.649,2.24,-0.5,1.77,5.46
ATOM,2096.0,C3',DA,67.0,-17.975,-37.117,-0.021,0.01,2.275,2.04
ATOM,2097.0,O3',DA,67.0,-17.48,-35.912,-0.565,-0.57,1.77,2.69
ATOM,2098.0,C2',DA,67.0,-16.938,-37.781,0.867,-0.18,2.01,0.0
ATOM,2099.0,C1',DA,67.0,-17.105,-37.019,2.157,0.16,2.275,0.63
ATOM,2100.0,N9,DA,67.0,-16.779,-37.733,3.389,-0.05,1.85,0.0
ATOM,2101.0,C8,DA,67.0,-16.915,-39.053,3.682,0.34,1.9,1.64
ATOM,2102.0,N7,DA,67.0,-16.638,-39.345,4.935,-0.71,1.85,6.6
ATOM,2103.0,C5,DA,67.0,-16.28,-38.129,5.495,0.28,1.9,0.0
ATOM,2104.0,C6,DA,67.0,-15.914,-37.74,6.808,0.46,1.9,0.0
ATOM,2105.0,N6,DA,67.0,-15.916,-38.552,7.868,-0.77,1.85,5.98
ATOM,2106.0,N1,DA,67.0,-15.565,-36.452,7.003,-0.74,1.85,8.41
ATOM,2107.0,C2,DA,67.0,-15.628,-35.616,5.973,0.5,1.9,5.54
ATOM,2108.0,N3,DA,67.0,-15.998,-35.846,4.721,-0.75,1.85,8.53
ATOM,2109.0,C4,DA,67.0,-16.314,-37.137,4.544,0.43,1.9,0.0
ATOM,2110.0,H5',DA,67.0,-20.88,-37.532,1.85,0.09,1.34,3.12
ATOM,2111.0,H5'',DA,67.0,-20.808,-37.685,0.077,0.09,1.34,10.82
ATOM,2112.0,H4',DA,67.0,-19.504,-35.765,0.742,0.09,1.32,13.62
ATOM,2113.0,H1',DA,67.0,-16.495,-36.121,2.195,0.09,1.32,0.12
ATOM,2114.0,H8,DA,67.0,-17.175,-39.765,2.918,0.12,1.1,3.48
ATOM,2115.0,H61,DA,67.0,-15.645,-38.211,8.768,0.38,0.2245,13.09
ATOM,2116.0,H62,DA,67.0,-16.194,-39.522,7.758,0.38,0.2245,10.14
ATOM,2117.0,H2,DA,67.0,-15.351,-34.578,6.101,0.13,1.1,18.9
ATOM,2118.0,H3',DA,67.0,-18.342,-37.837,-0.759,0.09,1.32,7.25
ATOM,2119.0,H2',DA,67.0,-16.749,-38.8,0.508,0.09,1.34,8.18
ATOM,2120.0,H2'',DA,67.0,-16.008,-37.214,0.829,0.09,1.34,0.0
ATOM,2121.0,P,DG,68.0,-16.542,-35.946,-1.86,1.5,2.15,2.76
ATOM,2122.0,OP1,DG,68.0,-17.06,-34.96,-2.836,-0.78,1.7,41.78
ATOM,2123.0,OP2,DG,68.0,-16.316,-37.346,-2.273,-0.78,1.7,30.22
ATOM,2124.0,O5',DG,68.0,-15.152,-35.438,-1.282,-0.57,1.77,0.99
ATOM,2125.0,C5',DG,68.0,-15.094,-34.361,-0.34,-0.08,2.01,11.42
ATOM,2126.0,C4',DG,68.0,-13.785,-34.403,0.408,0.16,2.275,2.29
ATOM,2127.0,O4',DG,68.0,-13.831,-35.306,1.54,-0.5,1.77,1.08
ATOM,2128.0,C3',DG,68.0,-12.61,-34.876,-0.451,0.01,2.275,0.53
ATOM,2129.0,O3',DG,68.0,-11.448,-34.181,-0.003,-0.57,1.77,0.0
ATOM,2130.0,C2',DG,68.0,-12.454,-36.328,-0.021,-0.18,2.01,7.42
ATOM,2131.0,C1',DG,68.0,-12.696,-36.153,1.459,0.16,2.275,0.0
ATOM,2132.0,N9,DG,68.0,-12.971,-37.355,2.223,-0.02,1.85,0.0
ATOM,2133.0,C8,DG,68.0,-13.451,-38.551,1.75,0.25,1.9,5.74
ATOM,2134.0,N7,DG,68.0,-13.648,-39.428,2.697,-0.6,1.85,15.59
ATOM,2135.0,C5,DG,68.0,-13.265,-38.766,3.86,0.0,1.9,0.0
ATOM,2136.0,C6,DG,68.0,-13.265,-39.206,5.21,0.54,1.9,0.12
ATOM,2137.0,O6,DG,68.0,-13.643,-40.296,5.67,-0.51,1.7,27.91
ATOM,2138.0,N1,DG,68.0,-12.769,-38.226,6.066,-0.34,1.85,2.99
ATOM,2139.0,C2,DG,68.0,-12.335,-36.988,5.674,0.75,1.9,0.0
ATOM,2140.0,N2,DG,68.0,-11.868,-36.19,6.656,-0.68,1.85,8.96
ATOM,2141.0,N3,DG,68.0,-12.352,-36.563,4.418,-0.74,1.85,1.36
ATOM,2142.0,C4,DG,68.0,-12.825,-37.497,3.576,0.26,1.9,0.0
ATOM,2143.0,H5',DG,68.0,-15.919,-34.452,0.369,0.09,1.34,3.19
ATOM,2144.0,H5'',DG,68.0,-15.174,-33.408,-0.865,0.09,1.34,11.21
ATOM,2145.0,H4',DG,68.0,-13.585,-33.413,0.855,0.09,1.32,5.96
ATOM,2146.0,H1',DG,68.0,-11.86,-35.679,1.982,0.09,1.32,0.0
ATOM,2147.0,H8,DG,68.0,-13.629,-38.692,0.7,0.16,1.1,6.88
ATOM,2148.0,H1,DG,68.0,-12.727,-38.445,7.042,0.26,0.2245,8.86
ATOM,2149.0,H21,DG,68.0,-11.818,-36.407,7.638,0.32,0.2245,17.98
ATOM,2150.0,H22,DG,68.0,-11.555,-35.273,6.376,0.35,0.2245,9.92
ATOM,2151.0,H3',DG,68.0,-12.89,-34.833,-1.503,0.09,1.32,6.64
ATOM,2152.0,H2',DG,68.0,-12.682,-36.988,-0.841,0.09,1.34,8.42
ATOM,2153.0,H2'',DG,68.0,-11.435,-36.481,0.323,0.09,1.34,0.0
ATOM,2154.0,P,DC,69.0,-10.736,-33.087,-0.93,1.5,2.15,2.27
ATOM,2155.0,OP1,DC,69.0,-11.743,-32.151,-1.468,-0.78,1.7,30.09
ATOM,2156.0,OP2,DC,69.0,-9.802,-33.79,-1.856,-0.78,1.7,39.33
ATOM,2157.0,O5',DC,69.0,-9.892,-32.341,0.183,-0.57,1.77,3.69
ATOM,2158.0,C5',DC,69.0,-10.53,-31.887,1.361,-0.08,2.01,11.1
ATOM,2159.0,C4',DC,69.0,-9.619,-32.067,2.55,0.16,2.275,3.93
ATOM,2160.0,O4',DC,69.0,-9.851,-33.353,3.174,-0.5,1.77,3.06
ATOM,2161.0,C3',DC,69.0,-8.112,-31.941,2.293,0.01,2.275,2.37
ATOM,2162.0,O3',DC,69.0,-7.542,-31.056,3.266,-0.57,1.77,3.14
ATOM,2163.0,C2',DC,69.0,-7.598,-33.357,2.503,-0.18,2.01,0.0
ATOM,2164.0,C1',DC,69.0,-8.611,-33.965,3.475,0.16,2.275,1.23
ATOM,2165.0,N1,DC,69.0,-8.8,-35.428,3.353,-0.13,1.85,0.0
ATOM,2166.0,C2,DC,69.0,-8.894,-36.174,4.518,0.52,1.9,0.0
ATOM,2167.0,O2,DC,69.0,-8.809,-35.587,5.598,-0.49,1.7,10.48
ATOM,2168.0,N3,DC,69.0,-9.089,-37.501,4.446,-0.66,1.85,2.41
ATOM,2169.0,C4,DC,69.0,-9.221,-38.086,3.249,0.65,1.9,0.0
ATOM,2170.0,N4,DC,69.0,-9.518,-39.403,3.223,-0.75,1.85,8.07
ATOM,2171.0,C5,DC,69.0,-9.089,-37.346,2.025,-0.13,1.9,1.08
ATOM,2172.0,C6,DC,69.0,-8.889,-36.037,2.127,0.05,1.9,1.46
ATOM,2173.0,H5',DC,69.0,-11.452,-32.454,1.528,0.09,1.34,0.92
ATOM,2174.0,H5'',DC,69.0,-10.78,-30.826,1.269,0.09,1.34,14.73
ATOM,2175.0,H4',DC,69.0,-9.878,-31.334,3.325,0.09,1.32,11.99
ATOM,2176.0,H1',DC,69.0,-8.38,-33.819,4.529,0.09,1.32,1.2
ATOM,2177.0,H6,DC,69.0,-8.793,-35.431,1.234,0.17,1.1,1.79
ATOM,2178.0,H5,DC,69.0,-9.149,-37.831,1.044,0.07,1.1,12.19
ATOM,2179.0,H41,DC,69.0,-9.598,-39.868,4.098,0.37,0.2245,11.37
ATOM,2180.0,H42,DC,69.0,-9.646,-39.859,2.336,0.33,0.2245,14.53
ATOM,2181.0,H3',DC,69.0,-7.947,-31.639,1.256,0.09,1.32,5.76
ATOM,2182.0,H2',DC,69.0,-6.999,-33.658,1.63,0.09,1.34,6.51
ATOM,2183.0,H2'',DC,69.0,-6.961,-33.398,3.39,0.09,1.34,0.0
ATOM,2184.0,P,DG,70.0,-5.993,-30.585,3.162,1.5,2.15,3.11
ATOM,2185.0,OP1,DG,70.0,-6.031,-29.134,3.503,-0.78,1.7,39.02
ATOM,2186.0,OP2,DG,70.0,-5.36,-31.01,1.913,-0.78,1.7,31.35
ATOM,2187.0,O5',DG,70.0,-5.314,-31.374,4.355,-0.57,1.77,0.52
ATOM,2188.0,C5',DG,70.0,-5.799,-31.195,5.683,-0.08,2.01,9.64
ATOM,2189.0,C4',DG,70.0,-5.109,-32.142,6.639,0.16,2.275,4.81
ATOM,2190.0,O4',DG,70.0,-5.477,-33.519,6.363,-0.5,1.77,4.21
ATOM,2191.0,C3',DG,70.0,-3.587,-32.094,6.599,0.01,2.275,2.03
ATOM,2192.0,O3',DG,70.0,-3.108,-32.219,7.93,-0.57,1.77,2.57
ATOM,2193.0,C2',DG,70.0,-3.207,-33.294,5.748,-0.18,2.01,0.0
ATOM,2194.0,C1',DG,70.0,-4.318,-34.294,6.052,0.16,2.275,1.39
ATOM,2195.0,N9,DG,70.0,-4.667,-35.19,4.946,-0.02,1.85,0.0
ATOM,2196.0,C8,DG,70.0,-4.658,-34.891,3.606,0.25,1.9,2.46
ATOM,2197.0,N7,DG,70.0,-5.055,-35.887,2.848,-0.6,1.85,10.23
ATOM,2198.0,C5,DG,70.0,-5.361,-36.898,3.747,0.0,1.9,0.0
ATOM,2199.0,C6,DG,70.0,-5.874,-38.202,3.514,0.54,1.9,0.0
ATOM,2200.0,O6,DG,70.0,-6.207,-38.706,2.437,-0.51,1.7,17.55
ATOM,2201.0,N1,DG,70.0,-5.993,-38.929,4.689,-0.34,1.85,0.0
ATOM,2202.0,C2,DG,70.0,-5.665,-38.462,5.936,0.75,1.9,0.0
ATOM,2203.0,N2,DG,70.0,-5.775,-39.348,6.937,-0.68,1.85,14.11
ATOM,2204.0,N3,DG,70.0,-5.233,-37.217,6.185,-0.74,1.85,5.46
ATOM,2205.0,C4,DG,70.0,-5.098,-36.501,5.045,0.26,1.9,0.0
ATOM,2206.0,H5',DG,70.0,-6.878,-31.383,5.709,0.09,1.34,6.04
ATOM,2207.0,H5'',DG,70.0,-5.608,-30.173,6.014,0.09,1.34,10.53
ATOM,2208.0,H4',DG,70.0,-5.472,-31.961,7.661,0.09,1.32,13.0
ATOM,2209.0,H1',DG,70.0,-4.105,-34.962,6.885,0.09,1.32,0.71
ATOM,2210.0,H8,DG,70.0,-4.348,-33.919,3.264,0.16,1.1,3.04
ATOM,2211.0,H1,DG,70.0,-6.344,-39.864,4.624,0.26,0.2245,7.06
ATOM,2212.0,H21,DG,70.0,-6.081,-40.307,6.873,0.32,0.2245,15.56
ATOM,2213.0,H22,DG,70.0,-5.544,-39.011,7.862,0.35,0.2245,18.17
ATOM,2214.0,H3',DG,70.0,-3.264,-31.173,6.1,0.09,1.32,6.98
ATOM,2215.0,H2',DG,70.0,-2.596,-32.96,4.899,0.09,1.34,8.31
ATOM,2216.0,H2'',DG,70.0,-2.624,-34.002,6.341,0.09,1.34,0.0
ATOM,2217.0,P,DG,71.0,-1.558,-31.953,8.253,1.5,2.15,2.75
ATOM,2218.0,OP1,DG,71.0,-1.604,-31.118,9.478,-0.78,1.7,39.28
ATOM,2219.0,OP2,DG,71.0,-0.803,-31.506,7.071,-0.78,1.7,31.63
ATOM,2220.0,O5',DG,71.0,-0.971,-33.387,8.603,-0.57,1.77,1.35
ATOM,2221.0,C5',DG,71.0,-1.551,-34.191,9.626,-0.08,2.01,11.22
ATOM,2222.0,C4',DG,71.0,-1.132,-35.626,9.431,0.16,2.275,3.22
ATOM,2223.0,O4',DG,71.0,-1.72,-36.168,8.22,-0.5,1.77,1.81
ATOM,2224.0,C3',DG,71.0,0.378,-35.794,9.258,0.01,2.275,0.07
ATOM,2225.0,O3',DG,71.0,0.763,-36.99,9.931,-0.57,1.77,0.0
ATOM,2226.0,C2',DG,71.0,0.545,-35.966,7.753,-0.18,2.01,3.85
ATOM,2227.0,C1',DG,71.0,-0.695,-36.764,7.46,0.16,2.275,0.49
ATOM,2228.0,N9,DG,71.0,-1.126,-36.848,6.078,-0.02,1.85,0.0
ATOM,2229.0,C8,DG,71.0,-0.992,-35.925,5.072,0.25,1.9,5.85
ATOM,2230.0,N7,DG,71.0,-1.439,-36.35,3.921,-0.6,1.85,13.17
ATOM,2231.0,C5,DG,71.0,-1.908,-37.626,4.203,0.0,1.9,0.0
ATOM,2232.0,C6,DG,71.0,-2.489,-38.602,3.354,0.54,1.9,0.0
ATOM,2233.0,O6,DG,71.0,-2.745,-38.512,2.148,-0.51,1.7,22.77
ATOM,2234.0,N1,DG,71.0,-2.784,-39.773,4.046,-0.34,1.85,0.0
ATOM,2235.0,C2,DG,71.0,-2.561,-39.965,5.384,0.75,1.9,0.0
ATOM,2236.0,N2,DG,71.0,-2.917,-41.14,5.879,-0.68,1.85,4.73
ATOM,2237.0,N3,DG,71.0,-2.028,-39.062,6.186,-0.74,1.85,1.77
ATOM,2238.0,C4,DG,71.0,-1.727,-37.93,5.533,0.26,1.9,0.0
ATOM,2239.0,H5',DG,71.0,-2.638,-34.123,9.576,0.09,1.34,6.65
ATOM,2240.0,H5'',DG,71.0,-1.215,-33.844,10.606,0.09,1.34,11.73
ATOM,2241.0,H4',DG,71.0,-1.548,-36.244,10.238,0.09,1.32,10.69
ATOM,2242.0,H1',DG,71.0,-0.575,-37.808,7.773,0.09,1.32,0.07
ATOM,2243.0,H8,DG,71.0,-0.556,-34.961,5.27,0.16,1.1,5.22
ATOM,2244.0,H1,DG,71.0,-3.187,-40.527,3.529,0.26,0.2245,9.97
ATOM,2245.0,H21,DG,71.0,-3.348,-41.913,5.381,0.32,0.2245,16.08
ATOM,2246.0,H22,DG,71.0,-2.763,-41.287,6.87,0.35,0.2245,11.65
ATOM,2247.0,H3',DG,71.0,0.884,-34.881,9.581,0.09,1.32,6.69
ATOM,2248.0,H2',DG,71.0,1.147,-35.16,7.354,0.09,1.34,10.63
ATOM,2249.0,H2'',DG,71.0,1.022,-36.923,7.561,0.09,1.34,0.0
ATOM,2250.0,P,DA,72.0,2.151,-37.054,10.725,1.5,2.15,1.97
ATOM,2251.0,OP1,DA,72.0,2.037,-36.18,11.921,-0.78,1.7,36.42
ATOM,2252.0,OP2,DA,72.0,3.275,-36.854,9.747,-0.78,1.7,29.98
ATOM,2253.0,O5',DA,72.0,2.192,-38.565,11.213,-0.57,1.77,4.37
ATOM,2254.0,C5',DA,72.0,0.985,-39.278,11.473,-0.08,2.01,13.58
ATOM,2255.0,C4',DA,72.0,1.077,-40.667,10.89,0.16,2.275,5.74
ATOM,2256.0,O4',DA,72.0,0.598,-40.685,9.528,-0.5,1.77,4.67
ATOM,2257.0,C3',DA,72.0,2.503,-41.209,10.85,0.01,2.275,1.51
ATOM,2258.0,O3',DA,72.0,2.519,-42.575,11.283,-0.57,1.77,4.26
ATOM,2259.0,C2',DA,72.0,2.901,-41.061,9.388,-0.18,2.01,0.0
ATOM,2260.0,C1',DA,72.0,1.579,-41.251,8.671,0.16,2.275,1.37
ATOM,2261.0,N9,DA,72.0,1.477,-40.569,7.385,-0.05,1.85,0.0
ATOM,2262.0,C8,DA,72.0,1.758,-39.253,7.135,0.34,1.9,2.96
ATOM,2263.0,N7,DA,72.0,1.534,-38.893,5.895,-0.71,1.85,5.76
ATOM,2264.0,C5,DA,72.0,1.092,-40.054,5.286,0.28,1.9,0.0
ATOM,2265.0,C6,DA,72.0,0.696,-40.328,3.976,0.46,1.9,0.0
ATOM,2266.0,N6,DA,72.0,0.719,-39.418,3.011,-0.77,1.85,3.76
ATOM,2267.0,N1,DA,72.0,0.283,-41.585,3.682,-0.74,1.85,7.59
ATOM,2268.0,C2,DA,72.0,0.296,-42.489,4.647,0.5,1.9,2.29
ATOM,2269.0,N3,DA,72.0,0.668,-42.355,5.935,-0.75,1.85,5.46
ATOM,2270.0,C4,DA,72.0,1.056,-41.095,6.188,0.43,1.9,0.0
ATOM,2271.0,H5',DA,72.0,0.142,-38.753,11.02,0.09,1.34,2.27
ATOM,2272.0,H5'',DA,72.0,0.823,-39.352,12.55,0.09,1.34,15.21
ATOM,2273.0,H4',DA,72.0,0.395,-41.338,11.433,0.09,1.32,13.85
ATOM,2274.0,H1',DA,72.0,1.303,-42.28,8.457,0.09,1.32,1.24
ATOM,2275.0,H8,DA,72.0,2.172,-38.628,7.907,0.12,1.1,0.0
ATOM,2276.0,H61,DA,72.0,0.419,-39.667,2.067,0.38,0.2245,12.45
ATOM,2277.0,H62,DA,72.0,1.031,-38.476,3.199,0.38,0.2245,7.17
ATOM,2278.0,H2,DA,72.0,-0.021,-43.503,4.459,0.13,1.1,15.87
ATOM,2279.0,H3',DA,72.0,3.149,-40.581,11.471,0.09,1.32,4.51
ATOM,2280.0,H2',DA,72.0,3.813,-40.455,9.32,0.09,1.34,7.37
ATOM,2281.0,H2'',DA,72.0,3.099,-42.044,8.96,0.09,1.34,0.0
ATOM,2282.0,P,DA,73.0,3.926,-43.327,11.501,1.5,2.15,3.46
ATOM,2283.0,OP1,DA,73.0,3.72,-44.177,12.696,-0.78,1.7,40.82
ATOM,2284.0,OP2,DA,73.0,5.027,-42.315,11.5,-0.78,1.7,34.18
ATOM,2285.0,O5',DA,73.0,4.04,-44.216,10.182,-0.57,1.77,0.5
ATOM,2286.0,C5',DA,73.0,2.887,-44.899,9.691,-0.08,2.01,9.95
ATOM,2287.0,C4',DA,73.0,3.217,-45.662,8.43,0.16,2.275,4.3
ATOM,2288.0,O4',DA,73.0,2.898,-44.882,7.259,-0.5,1.77,2.92
ATOM,2289.0,C3',DA,73.0,4.663,-46.142,8.261,0.01,2.275,2.38
ATOM,2290.0,O3',DA,73.0,4.655,-47.506,7.787,-0.57,1.77,3.41
ATOM,2291.0,C2',DA,73.0,5.21,-45.206,7.199,-0.18,2.01,0.0
ATOM,2292.0,C1',DA,73.0,3.981,-44.91,6.348,0.16,2.275,1.43
ATOM,2293.0,N9,DA,73.0,4.033,-43.612,5.658,-0.05,1.85,0.0
ATOM,2294.0,C8,DA,73.0,4.483,-42.428,6.193,0.34,1.9,0.5
ATOM,2295.0,N7,DA,73.0,4.486,-41.434,5.344,-0.71,1.85,5.89
ATOM,2296.0,C5,DA,73.0,3.999,-41.993,4.172,0.28,1.9,0.0
ATOM,2297.0,C6,DA,73.0,3.786,-41.454,2.887,0.46,1.9,0.0
ATOM,2298.0,N6,DA,73.0,4.065,-40.193,2.581,-0.77,1.85,6.79
ATOM,2299.0,N1,DA,73.0,3.279,-42.268,1.923,-0.74,1.85,11.69
ATOM,2300.0,C2,DA,73.0,3.012,-43.533,2.25,0.5,1.9,4.78
ATOM,2301.0,N3,DA,73.0,3.18,-44.157,3.427,-0.75,1.85,6.66
ATOM,2302.0,C4,DA,73.0,3.689,-43.324,4.354,0.43,1.9,0.0
ATOM,2303.0,H5',DA,73.0,2.095,-44.174,9.476,0.09,1.34,1.55
ATOM,2304.0,H5'',DA,73.0,2.529,-45.607,10.439,0.09,1.34,11.75
ATOM,2305.0,H4',DA,73.0,2.569,-46.548,8.359,0.09,1.32,12.52
ATOM,2306.0,H1',DA,73.0,3.759,-45.624,5.556,0.09,1.32,1.17
ATOM,2307.0,H8,DA,73.0,4.837,-42.394,7.209,0.12,1.1,1.71
ATOM,2308.0,H61,DA,73.0,3.893,-39.852,1.637,0.38,0.2245,17.29
ATOM,2309.0,H62,DA,73.0,4.447,-39.567,3.275,0.38,0.2245,10.96
ATOM,2310.0,H2,DA,73.0,2.602,-44.211,1.521,0.13,1.1,18.66
ATOM,2311.0,H3',DA,73.0,5.203,-45.994,9.198,0.09,1.32,5.4
ATOM,2312.0,H2',DA,73.0,6.1,-44.693,7.587,0.09,1.34,5.13
ATOM,2313.0,H2'',DA,73.0,5.493,-45.775,6.311,0.09,1.34,0.0
ATOM,2314.0,P,DT,74.0,6.021,-48.376,7.725,1.5,2.15,2.69
ATOM,2315.0,OP1,DT,74.0,5.66,-49.74,8.194,-0.78,1.7,40.96
ATOM,2316.0,OP2,DT,74.0,7.145,-47.639,8.38,-0.78,1.7,33.79
ATOM,2317.0,O5',DT,74.0,6.316,-48.44,6.166,-0.57,1.77,0.07
ATOM,2318.0,C5',DT,74.0,5.252,-48.64,5.249,-0.08,2.01,10.59
ATOM,2319.0,C4',DT,74.0,5.768,-48.512,3.839,0.16,2.275,4.84
ATOM,2320.0,O4',DT,74.0,5.614,-47.161,3.332,-0.5,1.77,3.05
ATOM,2321.0,C3',DT,74.0,7.256,-48.845,3.738,0.01,2.275,2.16
ATOM,2322.0,O3',DT,74.0,7.499,-49.746,2.657,-0.57,1.77,3.38
ATOM,2323.0,C2',DT,74.0,7.92,-47.494,3.51,-0.18,2.01,0.0
ATOM,2324.0,C1',DT,74.0,6.843,-46.726,2.759,0.16,2.275,0.68
ATOM,2325.0,N1,DT,74.0,6.915,-45.235,2.85,-0.34,1.85,0.0
ATOM,2326.0,C2,DT,74.0,6.558,-44.502,1.735,0.51,1.9,0.0
ATOM,2327.0,O2,DT,74.0,6.193,-45.006,0.686,-0.41,1.7,15.6
ATOM,2328.0,N3,DT,74.0,6.646,-43.148,1.892,-0.46,1.85,0.0
ATOM,2329.0,C4,DT,74.0,7.042,-42.459,3.016,0.5,1.9,0.0
ATOM,2330.0,O4,DT,74.0,7.056,-41.23,3.006,-0.45,1.7,13.55
ATOM,2331.0,C5,DT,74.0,7.411,-43.279,4.143,-0.15,1.9,0.0
ATOM,2332.0,C7,DT,74.0,7.864,-42.61,5.401,-0.11,2.04,22.66
ATOM,2333.0,C6,DT,74.0,7.328,-44.609,4.008,0.17,1.9,0.0
ATOM,2334.0,H5',DT,74.0,4.473,-47.892,5.416,0.09,1.34,1.71
ATOM,2335.0,H5'',DT,74.0,4.823,-49.636,5.385,0.09,1.34,12.43
ATOM,2336.0,H4',DT,74.0,5.153,-49.129,3.163,0.09,1.32,13.38
ATOM,2337.0,H1',DT,74.0,6.823,-46.922,1.688,0.09,1.32,0.37
ATOM,2338.0,H6,DT,74.0,7.646,-45.228,4.853,0.17,1.1,1.27
ATOM,2339.0,H71,DT,74.0,8.878,-42.945,5.636,0.07,1.34,8.06
ATOM,2340.0,H72,DT,74.0,7.863,-41.531,5.263,0.07,1.34,8.14
ATOM,2341.0,H73,DT,74.0,7.197,-42.876,6.219,0.07,1.34,0.33
ATOM,2342.0,H3,DT,74.0,6.369,-42.534,1.022,0.36,0.2245,8.42
ATOM,2343.0,H3',DT,74.0,7.599,-49.267,4.689,0.09,1.32,5.19
ATOM,2344.0,H2',DT,74.0,8.684,-47.33,4.278,0.09,1.34,4.96
ATOM,2345.0,H2'',DT,74.0,8.395,-47.479,2.528,0.09,1.34,0.0
ATOM,2346.0,P,DT,75.0,8.988,-50.278,2.392,1.5,2.15,2.6
ATOM,2347.0,OP1,DT,75.0,8.921,-51.753,2.32,-0.78,1.7,41.66
ATOM,2348.0,OP2,DT,75.0,9.929,-49.628,3.346,-0.78,1.7,28.28
ATOM,2349.0,O5',DT,75.0,9.275,-49.703,0.943,-0.57,1.77,0.72
ATOM,2350.0,C5',DT,75.0,8.211,-49.597,0.018,-0.08,2.01,9.48
ATOM,2351.0,C4',DT,75.0,8.65,-48.804,-1.185,0.16,2.275,4.78
ATOM,2352.0,O4',DT,75.0,8.516,-47.381,-0.948,-0.5,1.77,3.29
ATOM,2353.0,C3',DT,75.0,10.107,-49.049,-1.561,0.01,2.275,2.2
ATOM,2354.0,O3',DT,75.0,10.21,-49.237,-2.97,-0.57,1.77,4.97
ATOM,2355.0,C2',DT,75.0,10.815,-47.779,-1.114,-0.18,2.01,0.0
ATOM,2356.0,C1',DT,75.0,9.731,-46.726,-1.301,0.16,2.275,1.1
ATOM,2357.0,N1,DT,75.0,9.85,-45.485,-0.479,-0.34,1.85,0.0
ATOM,2358.0,C2,DT,75.0,9.6,-44.273,-1.091,0.51,1.9,0.0
ATOM,2359.0,O2,DT,75.0,9.324,-44.162,-2.275,-0.41,1.7,23.13
ATOM,2360.0,N3,DT,75.0,9.688,-43.188,-0.261,-0.46,1.85,0.17
ATOM,2361.0,C4,DT,75.0,9.998,-43.19,1.084,0.5,1.9,0.0
ATOM,2362.0,O4,DT,75.0,10.021,-42.144,1.716,-0.45,1.7,15.23
ATOM,2363.0,C5,DT,75.0,10.269,-44.479,1.651,-0.15,1.9,0.0
ATOM,2364.0,C7,DT,75.0,10.63,-44.554,3.1,-0.11,2.04,15.22
ATOM,2365.0,C6,DT,75.0,10.184,-45.55,0.855,0.17,1.9,0.0
ATOM,2366.0,H5',DT,75.0,7.359,-49.095,0.486,0.09,1.34,2.25
ATOM,2367.0,H5'',DT,75.0,7.897,-50.592,-0.311,0.09,1.34,12.99
ATOM,2368.0,H4',DT,75.0,7.972,-49.007,-2.028,0.09,1.32,13.62
ATOM,2369.0,H1',DT,75.0,9.65,-46.359,-2.322,0.09,1.32,0.76
ATOM,2370.0,H6,DT,75.0,10.436,-46.526,1.285,0.17,1.1,0.92
ATOM,2371.0,H71,DT,75.0,11.62,-45.009,3.194,0.07,1.34,8.12
ATOM,2372.0,H72,DT,75.0,10.651,-43.553,3.525,0.07,1.34,4.11
ATOM,2373.0,H73,DT,75.0,9.9,-45.163,3.629,0.07,1.34,0.12
ATOM,2374.0,H3,DT,75.0,9.491,-42.207,-0.71,0.36,0.2245,16.62
ATOM,2375.0,H3',DT,75.0,10.492,-49.903,-0.993,0.09,1.32,4.97
ATOM,2376.0,H2',DT,75.0,11.621,-48.035,-0.42,0.09,1.34,6.15
ATOM,2377.0,H2'',DT,75.0,11.239,-47.27,-1.981,0.09,1.34,0.0
ATOM,2378.0,P,DC,76.0,11.62,-49.646,-3.611,1.5,2.15,2.83
ATOM,2379.0,OP1,DC,76.0,11.361,-50.544,-4.765,-0.78,1.7,38.56
ATOM,2380.0,OP2,DC,76.0,12.557,-50.062,-2.525,-0.78,1.7,31.04
ATOM,2381.0,O5',DC,76.0,12.18,-48.272,-4.169,-0.57,1.77,0.01
ATOM,2382.0,C5',DC,76.0,11.437,-47.515,-5.117,-0.08,2.01,9.82
ATOM,2383.0,C4',DC,76.0,12.238,-46.306,-5.527,0.16,2.275,3.26
ATOM,2384.0,O4',DC,76.0,12.19,-45.283,-4.505,-0.5,1.77,3.0
ATOM,2385.0,C3',DC,76.0,13.716,-46.639,-5.715,0.01,2.275,0.18
ATOM,2386.0,O3',DC,76.0,14.197,-45.846,-6.782,-0.57,1.77,0.0
ATOM,2387.0,C2',DC,76.0,14.345,-46.19,-4.407,-0.18,2.01,3.06
ATOM,2388.0,C1',DC,76.0,13.512,-44.961,-4.109,0.16,2.275,0.15
ATOM,2389.0,N1,DC,76.0,13.468,-44.532,-2.71,-0.13,1.85,0.0
ATOM,2390.0,C2,DC,76.0,13.277,-43.175,-2.453,0.52,1.9,0.0
ATOM,2391.0,O2,DC,76.0,13.109,-42.413,-3.422,-0.49,1.7,17.89
ATOM,2392.0,N3,DC,76.0,13.274,-42.731,-1.162,-0.66,1.85,9.52
ATOM,2393.0,C4,DC,76.0,13.445,-43.601,-0.158,0.65,1.9,0.0
ATOM,2394.0,N4,DC,76.0,13.482,-43.128,1.092,-0.75,1.85,14.28
ATOM,2395.0,C5,DC,76.0,13.603,-45.004,-0.396,-0.13,1.9,5.84
ATOM,2396.0,C6,DC,76.0,13.613,-45.421,-1.679,0.05,1.9,2.39
ATOM,2397.0,H5',DC,76.0,10.495,-47.19,-4.674,0.09,1.34,4.42
ATOM,2398.0,H5'',DC,76.0,11.225,-48.127,-5.997,0.09,1.34,7.59
ATOM,2399.0,H4',DC,76.0,11.773,-45.838,-6.407,0.09,1.32,7.29
ATOM,2400.0,H1',DC,76.0,13.844,-44.074,-4.652,0.09,1.32,0.0
ATOM,2401.0,H6,DC,76.0,13.737,-46.472,-1.896,0.17,1.1,2.83
ATOM,2402.0,H5,DC,76.0,13.713,-45.73,0.417,0.07,1.1,11.43
ATOM,2403.0,H41,DC,76.0,13.367,-42.138,1.213,0.37,0.2245,15.05
ATOM,2404.0,H42,DC,76.0,13.621,-43.761,1.862,0.33,0.2245,9.57
ATOM,2405.0,H3',DC,76.0,13.833,-47.72,-5.827,0.09,1.32,5.02
ATOM,2406.0,H2',DC,76.0,14.8,-47.039,-3.904,0.09,1.34,9.31
ATOM,2407.0,H2'',DC,76.0,15.102,-45.435,-4.613,0.09,1.34,0.0
ATOM,2408.0,P,DC,77.0,14.521,-46.534,-8.179,1.5,2.15,2.67
ATOM,2409.0,OP1,DC,77.0,13.266,-47.162,-8.672,-0.78,1.7,26.85
ATOM,2410.0,OP2,DC,77.0,15.731,-47.356,-7.912,-0.78,1.7,36.91
ATOM,2411.0,O5',DC,77.0,14.882,-45.311,-9.13,-0.57,1.77,4.9
ATOM,2412.0,C5',DC,77.0,13.879,-44.367,-9.485,-0.08,2.01,12.37
ATOM,2413.0,C4',DC,77.0,14.363,-42.956,-9.231,0.16,2.275,3.83
ATOM,2414.0,O4',DC,77.0,14.573,-42.695,-7.818,-0.5,1.77,4.56
ATOM,2415.0,C3',DC,77.0,15.663,-42.559,-9.92,0.01,2.275,0.05
ATOM,2416.0,O3',DC,77.0,15.469,-41.236,-10.409,-0.57,1.77,0.48
ATOM,2417.0,C2',DC,77.0,16.687,-42.576,-8.787,-0.18,2.01,0.0
ATOM,2418.0,C1',DC,77.0,15.84,-42.072,-7.637,0.16,2.275,0.76
ATOM,2419.0,N1,DC,77.0,16.274,-42.334,-6.251,-0.13,1.85,0.0
ATOM,2420.0,C2,DC,77.0,16.036,-41.338,-5.257,0.52,1.9,0.0
ATOM,2421.0,O2,DC,77.0,15.681,-40.198,-5.602,-0.49,1.7,19.68
ATOM,2422.0,N3,DC,77.0,16.224,-41.645,-3.961,-0.66,1.85,4.55
ATOM,2423.0,C4,DC,77.0,16.679,-42.854,-3.631,0.65,1.9,0.0
ATOM,2424.0,N4,DC,77.0,16.773,-43.148,-2.341,-0.75,1.85,7.45
ATOM,2425.0,C5,DC,77.0,17.041,-43.825,-4.617,-0.13,1.9,0.78
ATOM,2426.0,C6,DC,77.0,16.825,-43.523,-5.903,0.05,1.9,0.75
ATOM,2427.0,H5',DC,77.0,12.976,-44.547,-8.893,0.09,1.34,4.84
ATOM,2428.0,H5'',DC,77.0,13.634,-44.464,-10.545,0.09,1.34,14.1
ATOM,2429.0,H4',DC,77.0,13.578,-42.24,-9.528,0.09,1.32,12.34
ATOM,2430.0,H1',DC,77.0,15.717,-40.99,-7.676,0.09,1.32,0.23
ATOM,2431.0,H6,DC,77.0,17.093,-44.235,-6.672,0.17,1.1,3.96
ATOM,2432.0,H5,DC,77.0,17.484,-44.795,-4.346,0.07,1.1,12.42
ATOM,2433.0,H41,DC,77.0,16.508,-42.436,-1.68,0.37,0.2245,10.12
ATOM,2434.0,H42,DC,77.0,17.1,-44.058,-2.053,0.33,0.2245,13.45
ATOM,2435.0,H3',DC,77.0,15.93,-43.316,-10.663,0.09,1.32,7.39
ATOM,2436.0,H2',DC,77.0,17.462,-43.307,-9.005,0.09,1.34,8.97
ATOM,2437.0,H2'',DC,77.0,17.13,-41.587,-8.692,0.09,1.34,0.0
ATOM,2438.0,P,DG,78.0,16.275,-40.734,-11.696,1.5,2.15,1.88
ATOM,2439.0,OP1,DG,78.0,15.3,-40.696,-12.831,-0.78,1.7,41.84
ATOM,2440.0,OP2,DG,78.0,17.537,-41.518,-11.796,-0.78,1.7,25.89
ATOM,2441.0,O5',DG,78.0,16.689,-39.237,-11.344,-0.57,1.77,3.85
ATOM,2442.0,C5',DG,78.0,15.937,-38.443,-10.42,-0.08,2.01,13.72
ATOM,2443.0,C4',DG,78.0,16.893,-37.701,-9.521,0.16,2.275,2.44
ATOM,2444.0,O4',DG,78.0,17.299,-38.507,-8.37,-0.5,1.77,1.2
ATOM,2445.0,C3',DG,78.0,18.183,-37.367,-10.278,0.01,2.275,1.7
ATOM,2446.0,O3',DG,78.0,18.707,-36.126,-9.823,-0.57,1.77,0.01
ATOM,2447.0,C2',DG,78.0,19.141,-38.438,-9.78,-0.18,2.01,6.44
ATOM,2448.0,C1',DG,78.0,18.717,-38.495,-8.325,0.16,2.275,0.0
ATOM,2449.0,N9,DG,78.0,19.166,-39.647,-7.561,-0.02,1.85,0.0
ATOM,2450.0,C8,DG,78.0,19.538,-40.874,-8.048,0.25,1.9,4.45
ATOM,2451.0,N7,DG,78.0,19.851,-41.723,-7.108,-0.6,1.85,15.68
ATOM,2452.0,C5,DG,78.0,19.679,-41.012,-5.928,0.0,1.9,0.0
ATOM,2453.0,C6,DG,78.0,19.838,-41.422,-4.576,0.54,1.9,1.0
ATOM,2454.0,O6,DG,78.0,20.124,-42.544,-4.143,-0.51,1.7,27.61
ATOM,2455.0,N1,DG,78.0,19.6,-40.372,-3.688,-0.34,1.85,4.21
ATOM,2456.0,C2,DG,78.0,19.225,-39.098,-4.055,0.75,1.9,0.0
ATOM,2457.0,N2,DG,78.0,19.064,-38.213,-3.05,-0.68,1.85,17.55
ATOM,2458.0,N3,DG,78.0,19.03,-38.718,-5.315,-0.74,1.85,2.29
ATOM,2459.0,C4,DG,78.0,19.28,-39.719,-6.191,0.26,1.9,0.0
ATOM,2460.0,H5',DG,78.0,15.3,-39.088,-9.818,0.09,1.34,3.36
ATOM,2461.0,H5'',DG,78.0,15.316,-37.731,-10.968,0.09,1.34,11.55
ATOM,2462.0,H4',DG,78.0,16.383,-36.832,-9.073,0.09,1.32,4.68
ATOM,2463.0,H1',DG,78.0,19.048,-37.631,-7.739,0.09,1.32,0.0
ATOM,2464.0,H8,DG,78.0,19.55,-41.061,-9.108,0.16,1.1,4.95
ATOM,2465.0,H1,DG,78.0,19.71,-40.558,-2.713,0.26,0.2245,11.44
ATOM,2466.0,H21,DG,78.0,19.179,-38.395,-2.065,0.32,0.2245,19.27
ATOM,2467.0,H22,DG,78.0,18.782,-37.283,-3.313,0.35,0.2245,11.67
ATOM,2468.0,H3',DG,78.0,18.016,-37.491,-11.347,0.09,1.32,6.67
ATOM,2469.0,H2',DG,78.0,19.437,-39.083,-10.594,0.09,1.34,6.81
ATOM,2470.0,H2'',DG,78.0,20.013,-37.956,-9.342,0.09,1.34,0.0
ATOM,2471.0,P,DC,79.0,18.192,-34.75,-10.445,1.5,2.15,2.06
ATOM,2472.0,OP1,DC,79.0,16.694,-34.736,-10.637,-0.78,1.7,24.75
ATOM,2473.0,OP2,DC,79.0,19.1,-34.455,-11.574,-0.78,1.7,40.12
ATOM,2474.0,O5',DC,79.0,18.534,-33.731,-9.275,-0.57,1.77,1.81
ATOM,2475.0,C5',DC,79.0,17.698,-33.612,-8.125,-0.08,2.01,10.86
ATOM,2476.0,C4',DC,79.0,18.543,-33.226,-6.941,0.16,2.275,2.98
ATOM,2477.0,O4',DC,79.0,19.224,-34.412,-6.47,-0.5,1.77,2.69
ATOM,2478.0,C3',DC,79.0,19.641,-32.242,-7.368,0.01,2.275,1.14
ATOM,2479.0,O3',DC,79.0,20.057,-31.444,-6.278,-0.57,1.77,0.0
ATOM,2480.0,C2',DC,79.0,20.824,-33.162,-7.615,-0.18,2.01,0.46
ATOM,2481.0,C1',DC,79.0,20.621,-34.162,-6.499,0.16,2.275,0.0
ATOM,2482.0,N1,DC,79.0,21.301,-35.439,-6.635,-0.13,1.85,0.0
ATOM,2483.0,C2,DC,79.0,21.614,-36.14,-5.477,0.52,1.9,0.0
ATOM,2484.0,O2,DC,79.0,21.377,-35.624,-4.405,-0.49,1.7,6.73
ATOM,2485.0,N3,DC,79.0,22.178,-37.368,-5.565,-0.66,1.85,5.65
ATOM,2486.0,C4,DC,79.0,22.444,-37.885,-6.771,0.65,1.9,0.0
ATOM,2487.0,N4,DC,79.0,22.953,-39.096,-6.819,-0.75,1.85,13.97
ATOM,2488.0,C5,DC,79.0,22.18,-37.167,-7.981,-0.13,1.9,2.7
ATOM,2489.0,C6,DC,79.0,21.61,-35.956,-7.865,0.05,1.9,0.67
ATOM,2490.0,H5',DC,79.0,17.21,-34.565,-7.926,0.09,1.34,3.59
ATOM,2491.0,H5'',DC,79.0,16.937,-32.848,-8.298,0.09,1.34,13.52
ATOM,2492.0,H4',DC,79.0,17.9,-32.929,-6.112,0.09,1.32,7.63
ATOM,2493.0,H1',DC,79.0,20.936,-33.786,-5.523,0.09,1.32,0.0
ATOM,2494.0,H6,DC,79.0,21.391,-35.38,-8.752,0.17,1.1,3.33
ATOM,2495.0,H5,DC,79.0,22.425,-37.57,-8.969,0.07,1.1,12.3
ATOM,2496.0,H41,DC,79.0,23.125,-39.571,-5.943,0.37,0.2245,13.8
ATOM,2497.0,H42,DC,79.0,23.162,-39.529,-7.709,0.33,0.2245,15.02
ATOM,2498.0,H3',DC,79.0,19.348,-31.759,-8.299,0.09,1.32,7.31
ATOM,2499.0,H2',DC,79.0,21.121,-33.114,-8.658,0.09,1.34,4.3
ATOM,2500.0,H2'',DC,79.0,21.653,-32.856,-6.98,0.09,1.34,0.0
ATOM,2501.0,P,DT,80.0,19.381,-30.031,-5.951,1.5,2.15,2.15
ATOM,2502.0,OP1,DT,80.0,17.936,-30.121,-5.546,-0.78,1.7,29.64
ATOM,2503.0,OP2,DT,80.0,19.784,-29.087,-6.992,-0.78,1.7,40.94
ATOM,2504.0,O5',DT,80.0,20.201,-29.707,-4.618,-0.57,1.77,4.85
ATOM,2505.0,C5',DT,80.0,19.932,-30.452,-3.42,-0.08,2.01,11.98
ATOM,2506.0,C4',DT,80.0,21.211,-30.849,-2.723,0.16,2.275,3.61
ATOM,2507.0,O4',DT,80.0,21.792,-32.076,-3.239,-0.5,1.77,2.93
ATOM,2508.0,C3',DT,80.0,22.336,-29.814,-2.649,0.01,2.275,1.04
ATOM,2509.0,O3',DT,80.0,22.742,-29.738,-1.282,-0.57,1.77,0.79
ATOM,2510.0,C2',DT,80.0,23.448,-30.448,-3.46,-0.18,2.01,0.13
ATOM,2511.0,C1',DT,80.0,23.214,-31.948,-3.269,0.16,2.275,1.01
ATOM,2512.0,N1,DT,80.0,23.76,-32.815,-4.381,-0.34,1.85,0.0
ATOM,2513.0,C2,DT,80.0,24.243,-34.094,-4.103,0.51,1.9,0.0
ATOM,2514.0,O2,DT,80.0,24.294,-34.601,-3.003,-0.41,1.7,16.34
ATOM,2515.0,N3,DT,80.0,24.691,-34.771,-5.189,-0.46,1.85,0.0
ATOM,2516.0,C4,DT,80.0,24.727,-34.345,-6.492,0.5,1.9,0.0
ATOM,2517.0,O4,DT,80.0,25.128,-35.096,-7.364,-0.45,1.7,19.72
ATOM,2518.0,C5,DT,80.0,24.25,-33.013,-6.724,-0.15,1.9,0.0
ATOM,2519.0,C7,DT,80.0,24.294,-32.48,-8.129,-0.11,2.04,28.69
ATOM,2520.0,C6,DT,80.0,23.788,-32.322,-5.673,0.17,1.9,0.91
ATOM,2521.0,H5',DT,80.0,19.364,-31.355,-3.675,0.09,1.34,4.85
ATOM,2522.0,H5'',DT,80.0,19.348,-29.843,-2.732,0.09,1.34,14.76
ATOM,2523.0,H4',DT,80.0,20.996,-31.076,-1.66,0.09,1.32,10.01
ATOM,2524.0,H1',DT,80.0,23.631,-32.395,-2.369,0.09,1.32,0.75
ATOM,2525.0,H6,DT,80.0,23.453,-31.294,-5.846,0.17,1.1,2.23
ATOM,2526.0,H71,DT,80.0,24.908,-31.576,-8.133,0.07,1.34,14.63
ATOM,2527.0,H72,DT,80.0,24.734,-33.224,-8.785,0.07,1.34,8.9
ATOM,2528.0,H73,DT,80.0,23.288,-32.24,-8.457,0.07,1.34,2.42
ATOM,2529.0,H3,DT,80.0,25.075,-35.791,-5.008,0.36,0.2245,8.04
ATOM,2530.0,H3',DT,80.0,22.007,-28.889,-3.131,0.09,1.32,7.91
ATOM,2531.0,H2',DT,80.0,23.769,-29.751,-4.249,0.09,1.34,10.3
ATOM,2532.0,H2'',DT,80.0,24.307,-30.663,-2.818,0.09,1.34,0.0
ATOM,2533.0,P,DG,81.0,23.695,-28.548,-0.752,1.5,2.15,2.05
ATOM,2534.0,OP1,DG,81.0,22.844,-27.606,0.003,-0.78,1.7,40.17
ATOM,2535.0,OP2,DG,81.0,24.618,-28.036,-1.771,-0.78,1.7,28.35
ATOM,2536.0,O5',DG,81.0,24.6,-29.341,0.299,-0.57,1.77,2.09
ATOM,2537.0,C5',DG,81.0,24.027,-30.431,1.074,-0.08,2.01,10.26
ATOM,2538.0,C4',DG,81.0,25.106,-31.302,1.685,0.16,2.275,5.21
ATOM,2539.0,O4',DG,81.0,25.602,-32.275,0.739,-0.5,1.77,7.53
ATOM,2540.0,C3',DG,81.0,26.34,-30.581,2.226,0.01,2.275,3.1
ATOM,2541.0,O3',DG,81.0,26.801,-31.262,3.384,-0.57,1.77,3.49
ATOM,2542.0,C2',DG,81.0,27.355,-30.731,1.103,-0.18,2.01,0.0
ATOM,2543.0,C1',DG,81.0,26.989,-32.058,0.476,0.16,2.275,1.24
ATOM,2544.0,N9,DG,81.0,27.141,-32.036,-0.97,-0.02,1.85,0.0
ATOM,2545.0,C8,DG,81.0,26.795,-31.018,-1.817,0.25,1.9,3.6
ATOM,2546.0,N7,DG,81.0,26.95,-31.322,-3.071,-0.6,1.85,9.46
ATOM,2547.0,C5,DG,81.0,27.457,-32.606,-3.044,0.0,1.9,0.0
ATOM,2548.0,C6,DG,81.0,27.825,-33.467,-4.105,0.54,1.9,0.0
ATOM,2549.0,O6,DG,81.0,27.761,-33.251,-5.311,-0.51,1.7,13.18
ATOM,2550.0,N1,DG,81.0,28.309,-34.687,-3.629,-0.34,1.85,0.1
ATOM,2551.0,C2,DG,81.0,28.423,-35.018,-2.298,0.75,1.9,0.02
ATOM,2552.0,N2,DG,81.0,28.889,-36.213,-2.017,-0.68,1.85,15.41
ATOM,2553.0,N3,DG,81.0,28.088,-34.219,-1.306,-0.74,1.85,5.01
ATOM,2554.0,C4,DG,81.0,27.608,-33.044,-1.747,0.26,1.9,0.0
ATOM,2555.0,H5',DG,81.0,23.396,-31.039,0.418,0.09,1.34,2.67
ATOM,2556.0,H5'',DG,81.0,23.426,-30.02,1.88,0.09,1.34,12.88
ATOM,2557.0,H4',DG,81.0,24.671,-31.903,2.499,0.09,1.32,13.41
ATOM,2558.0,H1',DG,81.0,27.549,-32.932,0.799,0.09,1.32,0.87
ATOM,2559.0,H8,DG,81.0,26.434,-30.08,-1.425,0.16,1.1,0.61
ATOM,2560.0,H1,DG,81.0,28.592,-35.367,-4.301,0.26,0.2245,11.23
ATOM,2561.0,H21,DG,81.0,29.169,-36.937,-2.679,0.32,0.2245,16.89
ATOM,2562.0,H22,DG,81.0,28.967,-36.465,-1.039,0.35,0.2245,15.32
ATOM,2563.0,H3',DG,81.0,26.107,-29.523,2.372,0.09,1.32,7.35
ATOM,2564.0,H2',DG,81.0,27.707,-29.728,0.802,0.09,1.34,9.02
ATOM,2565.0,H2'',DG,81.0,28.215,-31.305,1.453,0.09,1.34,0.0
ATOM,2566.0,P,DA,82.0,28.027,-30.68,4.218,1.5,2.15,2.86
ATOM,2567.0,OP1,DA,82.0,27.646,-30.912,5.642,-0.78,1.7,39.06
ATOM,2568.0,OP2,DA,82.0,28.403,-29.352,3.769,-0.78,1.7,31.35
ATOM,2569.0,O5',DA,82.0,29.262,-31.603,3.817,-0.57,1.77,0.17
ATOM,2570.0,C5',DA,82.0,29.226,-33.012,4.05,-0.08,2.01,10.11
ATOM,2571.0,C4',DA,82.0,30.466,-33.656,3.487,0.16,2.275,4.42
ATOM,2572.0,O4',DA,82.0,30.406,-33.72,2.033,-0.5,1.77,2.53
ATOM,2573.0,C3',DA,82.0,31.774,-32.929,3.835,0.01,2.275,1.46
ATOM,2574.0,O3',DA,82.0,32.725,-33.924,4.182,-0.57,1.77,2.05
ATOM,2575.0,C2',DA,82.0,32.165,-32.255,2.535,-0.18,2.01,0.08
ATOM,2576.0,C1',DA,82.0,31.636,-33.246,1.511,0.16,2.275,0.83
ATOM,2577.0,N9,DA,82.0,31.37,-32.663,0.201,-0.05,1.85,0.0
ATOM,2578.0,C8,DA,82.0,30.936,-31.392,-0.084,0.34,1.9,2.55
ATOM,2579.0,N7,DA,82.0,30.755,-31.168,-1.361,-0.71,1.85,6.46
ATOM,2580.0,C5,DA,82.0,31.087,-32.368,-1.954,0.28,1.9,0.0
ATOM,2581.0,C6,DA,82.0,31.048,-32.788,-3.268,0.46,1.9,0.0
ATOM,2582.0,N6,DA,82.0,30.586,-32.026,-4.251,-0.77,1.85,4.08
ATOM,2583.0,N1,DA,82.0,31.467,-34.047,-3.541,-0.74,1.85,8.87
ATOM,2584.0,C2,DA,82.0,31.857,-34.821,-2.53,0.5,1.9,1.36
ATOM,2585.0,N3,DA,82.0,31.907,-34.55,-1.24,-0.75,1.85,6.06
ATOM,2586.0,C4,DA,82.0,31.498,-33.292,-1.011,0.43,1.9,0.0
ATOM,2587.0,H5',DA,82.0,28.345,-33.44,3.567,0.09,1.34,6.14
ATOM,2588.0,H5'',DA,82.0,29.179,-33.208,5.122,0.09,1.34,11.29
ATOM,2589.0,H4',DA,82.0,30.513,-34.708,3.802,0.09,1.32,12.93
ATOM,2590.0,H1',DA,82.0,32.281,-34.099,1.304,0.09,1.32,0.49
ATOM,2591.0,H8,DA,82.0,30.822,-30.669,0.706,0.12,1.1,5.16
ATOM,2592.0,H61,DA,82.0,30.575,-32.379,-5.214,0.38,0.2245,13.34
ATOM,2593.0,H62,DA,82.0,30.241,-31.095,-4.065,0.38,0.2245,7.68
ATOM,2594.0,H2,DA,82.0,32.194,-35.83,-2.724,0.13,1.1,17.56
ATOM,2595.0,H3',DA,82.0,31.571,-32.173,4.599,0.09,1.32,6.57
ATOM,2596.0,H2',DA,82.0,32.255,-31.178,2.688,0.09,1.34,9.48
ATOM,2597.0,H2'',DA,82.0,33.121,-32.651,2.19,0.09,1.34,0.0
ATOM,2598.0,P,DA,83.0,34.119,-33.527,4.877,1.5,2.15,2.94
ATOM,2599.0,OP1,DA,83.0,34.271,-34.562,5.962,-0.78,1.7,39.47
ATOM,2600.0,OP2,DA,83.0,34.348,-32.106,5.212,-0.78,1.7,36.01
ATOM,2601.0,O5',DA,83.0,35.109,-33.861,3.68,-0.57,1.77,0.17
ATOM,2602.0,C5',DA,83.0,35.032,-35.129,3.057,-0.08,2.01,10.04
ATOM,2603.0,C4',DA,83.0,35.974,-35.181,1.889,0.16,2.275,4.17
ATOM,2604.0,O4',DA,83.0,35.353,-34.573,0.746,-0.5,1.77,2.06
ATOM,2605.0,C3',DA,83.0,37.32,-34.475,2.09,0.01,2.275,2.08
ATOM,2606.0,O3',DA,83.0,38.367,-35.374,1.669,-0.57,1.77,2.96
ATOM,2607.0,C2',DA,83.0,37.215,-33.253,1.188,-0.18,2.01,0.22
ATOM,2608.0,C1',DA,83.0,36.286,-33.749,0.095,0.16,2.275,1.09
ATOM,2609.0,N9,DA,83.0,35.527,-32.705,-0.578,-0.05,1.85,0.0
ATOM,2610.0,C8,DA,83.0,34.954,-31.605,-0.002,0.34,1.9,2.2
ATOM,2611.0,N7,DA,83.0,34.319,-30.842,-0.845,-0.71,1.85,6.74
ATOM,2612.0,C5,DA,83.0,34.497,-31.47,-2.059,0.28,1.9,0.0
ATOM,2613.0,C6,DA,83.0,34.085,-31.138,-3.341,0.46,1.9,0.0
ATOM,2614.0,N6,DA,83.0,33.413,-30.028,-3.617,-0.77,1.85,5.95
ATOM,2615.0,N1,DA,83.0,34.403,-31.984,-4.346,-0.74,1.85,12.37
ATOM,2616.0,C2,DA,83.0,35.11,-33.083,-4.054,0.5,1.9,3.45
ATOM,2617.0,N3,DA,83.0,35.575,-33.489,-2.877,-0.75,1.85,7.31
ATOM,2618.0,C4,DA,83.0,35.23,-32.625,-1.911,0.43,1.9,0.0
ATOM,2619.0,H5',DA,83.0,34.011,-35.309,2.706,0.09,1.34,3.54
ATOM,2620.0,H5'',DA,83.0,35.305,-35.914,3.767,0.09,1.34,11.69
ATOM,2621.0,H4',DA,83.0,36.138,-36.225,1.596,0.09,1.32,12.75
ATOM,2622.0,H1',DA,83.0,36.752,-34.308,-0.713,0.09,1.32,1.02
ATOM,2623.0,H8,DA,83.0,35.092,-31.409,1.05,0.12,1.1,4.83
ATOM,2624.0,H61,DA,83.0,33.13,-29.825,-4.579,0.38,0.2245,16.46
ATOM,2625.0,H62,DA,83.0,33.174,-29.374,-2.885,0.38,0.2245,10.09
ATOM,2626.0,H2,DA,83.0,35.374,-33.778,-4.832,0.13,1.1,18.87
ATOM,2627.0,H3',DA,83.0,37.409,-34.157,3.132,0.09,1.32,5.8
ATOM,2628.0,H2',DA,83.0,37.415,-32.35,1.773,0.09,1.34,9.74
ATOM,2629.0,H2'',DA,83.0,37.948,-33.328,0.384,0.09,1.34,0.0
ATOM,2630.0,P,DC,84.0,39.932,-35.017,1.912,1.5,2.15,3.65
ATOM,2631.0,OP1,DC,84.0,40.476,-36.38,2.209,-0.78,1.7,38.59
ATOM,2632.0,OP2,DC,84.0,40.197,-33.901,2.865,-0.78,1.7,37.19
ATOM,2633.0,O5',DC,84.0,40.411,-34.601,0.442,-0.57,1.77,0.18
ATOM,2634.0,C5',DC,84.0,40.046,-35.433,-0.683,-0.08,2.01,10.26
ATOM,2635.0,C4',DC,84.0,40.561,-34.85,-1.982,0.16,2.275,4.09
ATOM,2636.0,O4',DC,84.0,39.591,-34.027,-2.706,-0.5,1.77,5.25
ATOM,2637.0,C3',DC,84.0,41.806,-33.991,-1.804,0.01,2.275,0.6
ATOM,2638.0,O3',DC,84.0,42.657,-34.228,-2.905,-0.57,1.77,0.28
ATOM,2639.0,C2',DC,84.0,41.266,-32.58,-1.91,-0.18,2.01,0.23
ATOM,2640.0,C1',DC,84.0,40.162,-32.74,-2.957,0.16,2.275,0.58
ATOM,2641.0,N1,DC,84.0,39.104,-31.692,-2.871,-0.13,1.85,0.0
ATOM,2642.0,C2,DC,84.0,38.405,-31.303,-4.04,0.52,1.9,0.0
ATOM,2643.0,O2,DC,84.0,38.633,-31.883,-5.085,-0.49,1.7,17.83
ATOM,2644.0,N3,DC,84.0,37.503,-30.29,-3.977,-0.66,1.85,4.4
ATOM,2645.0,C4,DC,84.0,37.3,-29.657,-2.813,0.65,1.9,0.0
ATOM,2646.0,N4,DC,84.0,36.463,-28.623,-2.794,-0.75,1.85,5.5
ATOM,2647.0,C5,DC,84.0,37.964,-30.052,-1.608,-0.13,1.9,2.01
ATOM,2648.0,C6,DC,84.0,38.839,-31.073,-1.68,0.05,1.9,1.95
ATOM,2649.0,H5',DC,84.0,38.956,-35.515,-0.73,0.09,1.34,2.53
ATOM,2650.0,H5'',DC,84.0,40.479,-36.423,-0.557,0.09,1.34,10.73
ATOM,2651.0,H4',DC,84.0,40.793,-35.674,-2.691,0.09,1.32,12.11
ATOM,2652.0,H1',DC,84.0,40.493,-32.69,-3.999,0.09,1.32,0.25
ATOM,2653.0,H6,DC,84.0,39.34,-31.409,-0.783,0.17,1.1,3.33
ATOM,2654.0,H5,DC,84.0,37.781,-29.554,-0.647,0.07,1.1,12.4
ATOM,2655.0,H41,DC,84.0,36.015,-28.376,-3.663,0.37,0.2245,10.55
ATOM,2656.0,H42,DC,84.0,36.298,-28.122,-1.937,0.33,0.2245,14.73
ATOM,2657.0,H3',DC,84.0,42.221,-34.154,-0.805,0.09,1.32,5.96
ATOM,2658.0,H2',DC,84.0,41.459,-32.037,-0.983,0.09,1.34,9.36
ATOM,2659.0,H2'',DC,84.0,41.752,-32.059,-2.738,0.09,1.34,0.0
ATOM,2660.0,P,DA,85.0,44.215,-33.83,-2.822,1.5,2.15,2.09
ATOM,2661.0,OP1,DA,85.0,44.86,-35.09,-2.358,-0.78,1.7,39.7
ATOM,2662.0,OP2,DA,85.0,44.498,-32.541,-2.087,-0.78,1.7,26.92
ATOM,2663.0,O5',DA,85.0,44.537,-33.593,-4.365,-0.57,1.77,2.68
ATOM,2664.0,C5',DA,85.0,43.765,-34.214,-5.401,-0.08,2.01,12.11
ATOM,2665.0,C4',DA,85.0,43.715,-33.293,-6.603,0.16,2.275,5.25
ATOM,2666.0,O4',DA,85.0,42.652,-32.302,-6.47,-0.5,1.77,5.53
ATOM,2667.0,C3',DA,85.0,45.021,-32.502,-6.792,0.01,2.275,2.33
ATOM,2668.0,O3',DA,85.0,45.42,-32.463,-8.183,-0.57,1.77,4.52
ATOM,2669.0,C2',DA,85.0,44.685,-31.128,-6.229,-0.18,2.01,0.0
ATOM,2670.0,C1',DA,85.0,43.197,-30.987,-6.532,0.16,2.275,1.43
ATOM,2671.0,N9,DA,85.0,42.481,-30.146,-5.568,-0.05,1.85,0.0
ATOM,2672.0,C8,DA,85.0,42.62,-30.152,-4.202,0.34,1.9,0.28
ATOM,2673.0,N7,DA,85.0,41.856,-29.284,-3.584,-0.71,1.85,6.55
ATOM,2674.0,C5,DA,85.0,41.161,-28.664,-4.612,0.28,1.9,0.0
ATOM,2675.0,C6,DA,85.0,40.179,-27.653,-4.615,0.46,1.9,0.0
ATOM,2676.0,N6,DA,85.0,39.727,-27.078,-3.508,-0.77,1.85,6.79
ATOM,2677.0,N1,DA,85.0,39.678,-27.257,-5.812,-0.74,1.85,13.16
ATOM,2678.0,C2,DA,85.0,40.139,-27.849,-6.919,0.5,1.9,8.81
ATOM,2679.0,N3,DA,85.0,41.056,-28.811,-7.046,-0.75,1.85,8.69
ATOM,2680.0,C4,DA,85.0,41.536,-29.181,-5.842,0.43,1.9,0.0
ATOM,2681.0,H5',DA,85.0,42.753,-34.395,-5.045,0.09,1.34,2.17
ATOM,2682.0,H5'',DA,85.0,44.225,-35.163,-5.682,0.09,1.34,14.91
ATOM,2683.0,H4',DA,85.0,43.437,-33.87,-7.497,0.09,1.32,13.75
ATOM,2684.0,H1',DA,85.0,42.955,-30.554,-7.502,0.09,1.32,1.08
ATOM,2685.0,H8,DA,85.0,43.346,-30.797,-3.734,0.12,1.1,0.0
ATOM,2686.0,H61,DA,85.0,39.018,-26.353,-3.567,0.38,0.2245,15.75
ATOM,2687.0,H62,DA,85.0,40.083,-27.355,-2.603,0.38,0.2245,9.65
ATOM,2688.0,H2,DA,85.0,39.76,-27.558,-7.886,0.13,1.1,17.21
ATOM,2689.0,H3',DA,85.0,45.809,-32.963,-6.193,0.09,1.32,5.68
ATOM,2690.0,H2',DA,85.0,45.403,-30.876,-5.436,0.09,1.34,4.27
ATOM,2691.0,H2'',DA,85.0,44.756,-30.376,-7.017,0.09,1.34,0.0
ATOM,2692.0,P,DT,86.0,46.835,-31.792,-8.624,1.5,2.15,3.33
ATOM,2693.0,OP1,DT,86.0,47.269,-32.651,-9.773,-0.78,1.7,39.5
ATOM,2694.0,OP2,DT,86.0,47.778,-31.481,-7.506,-0.78,1.7,34.81
ATOM,2695.0,O5',DT,86.0,46.393,-30.367,-9.188,-0.57,1.77,0.4
ATOM,2696.0,C5',DT,86.0,45.282,-30.263,-10.089,-0.08,2.01,10.15
ATOM,2697.0,C4',DT,86.0,44.954,-28.813,-10.348,0.16,2.275,4.53
ATOM,2698.0,O4',DT,86.0,44.133,-28.24,-9.283,-0.5,1.77,2.0
ATOM,2699.0,C3',DT,86.0,46.187,-27.914,-10.5,0.01,2.275,1.61
ATOM,2700.0,O3',DT,86.0,46.042,-27.153,-11.713,-0.57,1.77,2.8
ATOM,2701.0,C2',DT,86.0,46.145,-27.059,-9.235,-0.18,2.01,0.0
ATOM,2702.0,C1',DT,86.0,44.643,-26.966,-8.97,0.16,2.275,0.67
ATOM,2703.0,N1,DT,86.0,44.2,-26.606,-7.593,-0.34,1.85,0.0
ATOM,2704.0,C2,DT,86.0,43.058,-25.784,-7.455,0.51,1.9,0.0
ATOM,2705.0,O2,DT,86.0,42.4,-25.362,-8.402,-0.41,1.7,17.34
ATOM,2706.0,N3,DT,86.0,42.715,-25.488,-6.164,-0.46,1.85,0.0
ATOM,2707.0,C4,DT,86.0,43.352,-25.927,-5.021,0.5,1.9,0.0
ATOM,2708.0,O4,DT,86.0,42.908,-25.607,-3.921,-0.45,1.7,11.03
ATOM,2709.0,C5,DT,86.0,44.532,-26.776,-5.232,-0.15,1.9,0.0
ATOM,2710.0,C7,DT,86.0,45.276,-27.288,-4.036,-0.11,2.04,24.05
ATOM,2711.0,C6,DT,86.0,44.89,-27.061,-6.491,0.17,1.9,0.12
ATOM,2712.0,H5',DT,86.0,44.412,-30.758,-9.652,0.09,1.34,3.48
ATOM,2713.0,H5'',DT,86.0,45.531,-30.742,-11.036,0.09,1.34,12.12
ATOM,2714.0,H4',DT,86.0,44.322,-28.731,-11.248,0.09,1.32,12.95
ATOM,2715.0,H1',DT,86.0,44.161,-26.22,-9.602,0.09,1.32,1.04
ATOM,2716.0,H6,DT,86.0,45.798,-27.649,-6.644,0.17,1.1,2.31
ATOM,2717.0,H71,DT,86.0,46.309,-26.937,-4.085,0.07,1.34,12.05
ATOM,2718.0,H72,DT,86.0,44.808,-26.914,-3.128,0.07,1.34,8.53
ATOM,2719.0,H73,DT,86.0,45.261,-28.376,-4.036,0.07,1.34,1.06
ATOM,2720.0,H3,DT,86.0,41.849,-24.838,-6.018,0.36,0.2245,5.73
ATOM,2721.0,H3',DT,86.0,47.087,-28.53,-10.495,0.09,1.32,5.28
ATOM,2722.0,H2',DT,86.0,47.084,-27.166,-8.691,0.09,1.34,8.95
ATOM,2723.0,H2'',DT,86.0,46.0,-26.013,-9.507,0.09,1.34,0.0
ATOM,2724.0,P,DG,87.0,47.297,-26.35,-12.344,1.5,2.15,2.82
ATOM,2725.0,OP1,DG,87.0,47.29,-26.657,-13.779,-0.78,1.7,39.92
ATOM,2726.0,OP2,DG,87.0,48.516,-26.525,-11.514,-0.78,1.7,31.49
ATOM,2727.0,O5',DG,87.0,46.935,-24.805,-12.225,-0.57,1.77,1.87
ATOM,2728.0,C5',DG,87.0,45.652,-24.302,-12.618,-0.08,2.01,10.45
ATOM,2729.0,C4',DG,87.0,45.377,-22.989,-11.922,0.16,2.275,2.56
ATOM,2730.0,O4',DG,87.0,45.01,-23.247,-10.548,-0.5,1.77,1.77
ATOM,2731.0,C3',DG,87.0,46.576,-22.022,-11.861,0.01,2.275,2.33
ATOM,2732.0,O3',DG,87.0,46.179,-20.676,-12.127,-0.57,1.77,0.22
ATOM,2733.0,C2',DG,87.0,47.002,-22.064,-10.404,-0.18,2.01,4.11
ATOM,2734.0,C1',DG,87.0,45.658,-22.271,-9.75,0.16,2.275,0.11
ATOM,2735.0,N9,DG,87.0,45.702,-22.741,-8.377,-0.02,1.85,0.0
ATOM,2736.0,C8,DG,87.0,46.642,-23.558,-7.799,0.25,1.9,5.41
ATOM,2737.0,N7,DG,87.0,46.436,-23.754,-6.527,-0.6,1.85,14.13
ATOM,2738.0,C5,DG,87.0,45.288,-23.03,-6.256,0.0,1.9,0.04
ATOM,2739.0,C6,DG,87.0,44.603,-22.832,-5.042,0.54,1.9,1.25
ATOM,2740.0,O6,DG,87.0,44.872,-23.289,-3.918,-0.51,1.7,25.33
ATOM,2741.0,N1,DG,87.0,43.498,-22.004,-5.213,-0.34,1.85,4.49
ATOM,2742.0,C2,DG,87.0,43.103,-21.448,-6.4,0.75,1.9,0.0
ATOM,2743.0,N2,DG,87.0,42.008,-20.682,-6.351,-0.68,1.85,17.93
ATOM,2744.0,N3,DG,87.0,43.736,-21.63,-7.545,-0.74,1.85,3.14
ATOM,2745.0,C4,DG,87.0,44.815,-22.417,-7.397,0.26,1.9,0.0
ATOM,2746.0,H5',DG,87.0,44.879,-25.023,-12.347,0.09,1.34,5.47
ATOM,2747.0,H5'',DG,87.0,45.634,-24.144,-13.697,0.09,1.34,7.61
ATOM,2748.0,H4',DG,87.0,44.492,-22.521,-12.363,0.09,1.32,2.47
ATOM,2749.0,H1',DG,87.0,45.035,-21.37,-9.712,0.09,1.32,0.0
ATOM,2750.0,H8,DG,87.0,47.445,-23.967,-8.388,0.16,1.1,5.78
ATOM,2751.0,H1,DG,87.0,42.947,-21.799,-4.4,0.26,0.2245,13.82
ATOM,2752.0,H21,DG,87.0,41.438,-20.48,-5.541,0.32,0.2245,19.49
ATOM,2753.0,H22,DG,87.0,41.703,-20.274,-7.225,0.35,0.2245,11.71
ATOM,2754.0,H3',DG,87.0,47.379,-22.41,-12.494,0.09,1.32,8.2
ATOM,2755.0,H2',DG,87.0,48.035,-22.384,-10.327,0.09,1.34,11.22
ATOM,2756.0,H2'',DG,87.0,46.886,-21.072,-9.972,0.09,1.34,0.0
ATOM,2757.0,P,DC,88.0,45.862,-20.232,-13.624,1.5,2.15,2.22
ATOM,2758.0,OP1,DC,88.0,45.252,-21.45,-14.227,-0.78,1.7,18.54
ATOM,2759.0,OP2,DC,88.0,47.022,-19.564,-14.274,-0.78,1.7,43.42
ATOM,2760.0,O5',DC,88.0,44.725,-19.143,-13.42,-0.57,1.77,2.61
ATOM,2761.0,C5',DC,88.0,43.386,-19.554,-13.159,-0.08,2.01,10.66
ATOM,2762.0,C4',DC,88.0,42.734,-18.596,-12.199,0.16,2.275,3.87
ATOM,2763.0,O4',DC,88.0,43.243,-18.738,-10.853,-0.5,1.77,1.77
ATOM,2764.0,C3',DC,88.0,42.957,-17.138,-12.569,0.01,2.275,0.0
ATOM,2765.0,O3',DC,88.0,41.788,-16.471,-12.146,-0.57,1.77,0.0
ATOM,2766.0,C2',DC,88.0,44.138,-16.741,-11.693,-0.18,2.01,0.43
ATOM,2767.0,C1',DC,88.0,43.796,-17.498,-10.429,0.16,2.275,0.62
ATOM,2768.0,N1,DC,88.0,44.855,-17.8,-9.471,-0.13,1.85,0.0
ATOM,2769.0,C2,DC,88.0,44.533,-17.746,-8.113,0.52,1.9,0.0
ATOM,2770.0,O2,DC,88.0,43.464,-17.285,-7.782,-0.49,1.7,10.54
ATOM,2771.0,N3,DC,88.0,45.399,-18.202,-7.199,-0.66,1.85,9.83
ATOM,2772.0,C4,DC,88.0,46.571,-18.694,-7.589,0.65,1.9,0.0
ATOM,2773.0,N4,DC,88.0,47.333,-19.244,-6.649,-0.75,1.85,16.66
ATOM,2774.0,C5,DC,88.0,46.986,-18.665,-8.967,-0.13,1.9,3.55
ATOM,2775.0,C6,DC,88.0,46.098,-18.202,-9.87,0.05,1.9,0.83
ATOM,2776.0,H5',DC,88.0,43.388,-20.557,-12.724,0.09,1.34,2.36
ATOM,2777.0,H5'',DC,88.0,42.814,-19.569,-14.089,0.09,1.34,14.41
ATOM,2778.0,H4',DC,88.0,41.659,-18.835,-12.112,0.09,1.32,11.08
ATOM,2779.0,H1',DC,88.0,43.05,-16.956,-9.848,0.09,1.32,0.11
ATOM,2780.0,H6,DC,88.0,46.371,-18.149,-10.91,0.17,1.1,3.3
ATOM,2781.0,H5,DC,88.0,47.976,-19.0,-9.287,0.07,1.1,12.35
ATOM,2782.0,H41,DC,88.0,46.998,-19.237,-5.712,0.37,0.2245,14.94
ATOM,2783.0,H42,DC,88.0,48.225,-19.652,-6.906,0.33,0.2245,15.44
ATOM,2784.0,H3',DC,88.0,43.243,-17.066,-13.621,0.09,1.32,6.13
ATOM,2785.0,H2',DC,88.0,44.988,-16.48,-12.314,0.09,1.34,7.33
ATOM,2786.0,H2'',DC,88.0,43.853,-15.892,-11.076,0.09,1.34,0.0
ATOM,2787.0,P,DC,89.0,41.052,-15.456,-13.119,1.5,2.15,2.54
ATOM,2788.0,OP1,DC,89.0,39.94,-16.196,-13.804,-0.78,1.7,37.47
ATOM,2789.0,OP2,DC,89.0,42.123,-14.774,-13.905,-0.78,1.7,31.11
ATOM,2790.0,O5',DC,89.0,40.456,-14.398,-12.097,-0.57,1.77,4.22
ATOM,2791.0,C5',DC,89.0,39.749,-14.83,-10.953,-0.08,2.01,11.99
ATOM,2792.0,C4',DC,89.0,40.153,-14.008,-9.761,0.16,2.275,3.0
ATOM,2793.0,O4',DC,89.0,41.457,-14.402,-9.285,-0.5,1.77,2.05
ATOM,2794.0,C3',DC,89.0,40.238,-12.507,-10.025,0.01,2.275,0.11
ATOM,2795.0,O3',DC,89.0,39.755,-11.844,-8.886,-0.57,1.77,0.0
ATOM,2796.0,C2',DC,89.0,41.724,-12.226,-10.073,-0.18,2.01,0.41
ATOM,2797.0,C1',DC,89.0,42.194,-13.218,-9.04,0.16,2.275,0.0
ATOM,2798.0,N1,DC,89.0,43.612,-13.551,-9.059,-0.13,1.85,0.0
ATOM,2799.0,C2,DC,89.0,44.23,-13.758,-7.849,0.52,1.9,0.0
ATOM,2800.0,O2,DC,89.0,43.557,-13.644,-6.815,-0.49,1.7,11.52
ATOM,2801.0,N3,DC,89.0,45.537,-14.073,-7.82,-0.66,1.85,6.35
ATOM,2802.0,C4,DC,89.0,46.223,-14.173,-8.954,0.65,1.9,0.0
ATOM,2803.0,N4,DC,89.0,47.51,-14.465,-8.865,-0.75,1.85,15.9
ATOM,2804.0,C5,DC,89.0,45.613,-13.97,-10.221,-0.13,1.9,6.24
ATOM,2805.0,C6,DC,89.0,44.314,-13.659,-10.228,0.05,1.9,2.7
ATOM,2806.0,H5',DC,89.0,39.97,-15.884,-10.754,0.09,1.34,6.06
ATOM,2807.0,H5'',DC,89.0,38.672,-14.719,-11.11,0.09,1.34,11.81
ATOM,2808.0,H4',DC,89.0,39.476,-14.221,-8.92,0.09,1.32,7.16
ATOM,2809.0,H1',DC,89.0,42.007,-12.885,-8.015,0.09,1.32,0.0
ATOM,2810.0,H6,DC,89.0,43.805,-13.489,-11.168,0.17,1.1,2.9
ATOM,2811.0,H5,DC,89.0,46.166,-14.06,-11.164,0.07,1.1,12.88
ATOM,2812.0,H41,DC,89.0,47.902,-14.601,-7.947,0.37,0.2245,16.76
ATOM,2813.0,H42,DC,89.0,48.07,-14.546,-9.704,0.33,0.2245,17.35
ATOM,2814.0,H3',DC,89.0,39.787,-12.285,-11.0,0.09,1.32,6.7
ATOM,2815.0,H2',DC,89.0,41.999,-11.82,-11.038,0.09,1.34,8.93
ATOM,2816.0,H2'',DC,89.0,41.977,-11.521,-9.284,0.09,1.34,0.0
ATOM,2817.0,P,DT,90.0,38.491,-10.89,-9.021,1.5,2.15,2.98
ATOM,2818.0,OP1,DT,90.0,37.404,-11.697,-9.566,-0.78,1.7,29.28
ATOM,2819.0,OP2,DT,90.0,38.99,-9.693,-9.75,-0.78,1.7,31.21
ATOM,2820.0,O5',DT,90.0,38.181,-10.583,-7.501,-0.57,1.77,5.83
ATOM,2821.0,C5',DT,90.0,38.055,-11.653,-6.592,-0.08,2.01,12.56
ATOM,2822.0,C4',DT,90.0,38.953,-11.445,-5.4,0.16,2.275,3.73
ATOM,2823.0,O4',DT,90.0,40.362,-11.668,-5.707,-0.5,1.77,3.09
ATOM,2824.0,C3',DT,90.0,38.853,-10.081,-4.734,0.01,2.275,1.4
ATOM,2825.0,O3',DT,90.0,38.478,-10.253,-3.378,-0.57,1.77,4.84
ATOM,2826.0,C2',DT,90.0,40.245,-9.47,-4.881,-0.18,2.01,0.1
ATOM,2827.0,C1',DT,90.0,41.151,-10.7,-5.039,0.16,2.275,1.6
ATOM,2828.0,N1,DT,90.0,42.395,-10.498,-5.846,-0.34,1.85,0.0
ATOM,2829.0,C2,DT,90.0,43.614,-10.935,-5.35,0.51,1.9,0.0
ATOM,2830.0,O2,DT,90.0,43.775,-11.363,-4.204,-0.41,1.7,15.91
ATOM,2831.0,N3,DT,90.0,44.653,-10.816,-6.237,-0.46,1.85,0.0
ATOM,2832.0,C4,DT,90.0,44.621,-10.261,-7.499,0.5,1.9,0.0
ATOM,2833.0,O4,DT,90.0,45.623,-10.266,-8.2,-0.45,1.7,17.97
ATOM,2834.0,C5,DT,90.0,43.356,-9.718,-7.898,-0.15,1.9,0.0
ATOM,2835.0,C7,DT,90.0,43.266,-8.953,-9.184,-0.11,2.04,22.35
ATOM,2836.0,C6,DT,90.0,42.313,-9.896,-7.081,0.17,1.9,0.0
ATOM,2837.0,H5',DT,90.0,38.327,-12.596,-7.083,0.09,1.34,2.61
ATOM,2838.0,H5'',DT,90.0,37.024,-11.729,-6.235,0.09,1.34,14.55
ATOM,2839.0,H4',DT,90.0,38.724,-12.201,-4.626,0.09,1.32,12.5
ATOM,2840.0,H1',DT,90.0,41.513,-11.118,-4.104,0.09,1.32,1.57
ATOM,2841.0,H6,DT,90.0,41.341,-9.498,-7.404,0.17,1.1,0.38
ATOM,2842.0,H71,DT,90.0,42.945,-7.932,-8.967,0.07,1.34,5.52
ATOM,2843.0,H72,DT,90.0,44.242,-8.932,-9.665,0.07,1.34,9.54
ATOM,2844.0,H73,DT,90.0,42.542,-9.429,-9.841,0.07,1.34,1.54
ATOM,2845.0,H3,DT,90.0,45.625,-11.208,-5.906,0.36,0.2245,9.69
ATOM,2846.0,H3',DT,90.0,38.125,-9.46,-5.275,0.09,1.32,6.08
ATOM,2847.0,H2',DT,90.0,40.154,-8.45,-5.272,0.09,1.34,2.45
ATOM,2848.0,H2'',DT,90.0,40.739,-9.431,-3.908,0.09,1.34,0.0
ATOM,2849.0,P,DT,91.0,38.297,-8.976,-2.448,1.5,2.15,3.71
ATOM,2850.0,OP1,DT,91.0,37.299,-9.391,-1.433,-0.78,1.7,38.98
ATOM,2851.0,OP2,DT,91.0,38.102,-7.718,-3.207,-0.78,1.7,33.69
ATOM,2852.0,O5',DT,91.0,39.722,-8.825,-1.749,-0.57,1.77,0.41
ATOM,2853.0,C5',DT,91.0,40.313,-9.918,-1.049,-0.08,2.01,9.79
ATOM,2854.0,C4',DT,91.0,41.677,-9.537,-0.521,0.16,2.275,4.22
ATOM,2855.0,O4',DT,91.0,42.653,-9.556,-1.595,-0.5,1.77,1.97
ATOM,2856.0,C3',DT,91.0,41.826,-8.179,0.182,0.01,2.275,2.4
ATOM,2857.0,O3',DT,91.0,42.537,-8.373,1.404,-0.57,1.77,3.92
ATOM,2858.0,C2',DT,91.0,42.67,-7.358,-0.79,-0.18,2.01,0.0
ATOM,2859.0,C1',DT,91.0,43.484,-8.407,-1.515,0.16,2.275,0.87
ATOM,2860.0,N1,DT,91.0,43.917,-8.076,-2.9,-0.34,1.85,0.0
ATOM,2861.0,C2,DT,91.0,45.153,-8.55,-3.331,0.51,1.9,0.0
ATOM,2862.0,O2,DT,91.0,45.917,-9.19,-2.614,-0.41,1.7,20.06
ATOM,2863.0,N3,DT,91.0,45.46,-8.248,-4.634,-0.46,1.85,0.0
ATOM,2864.0,C4,DT,91.0,44.691,-7.54,-5.534,0.5,1.9,0.0
ATOM,2865.0,O4,DT,91.0,45.087,-7.387,-6.69,-0.45,1.7,12.23
ATOM,2866.0,C5,DT,91.0,43.431,-7.043,-5.012,-0.15,1.9,0.0
ATOM,2867.0,C7,DT,91.0,42.548,-6.223,-5.9,-0.11,2.04,21.73
ATOM,2868.0,C6,DT,91.0,43.111,-7.337,-3.742,0.17,1.9,0.0
ATOM,2869.0,H5',DT,91.0,40.416,-10.774,-1.724,0.09,1.34,4.2
ATOM,2870.0,H5'',DT,91.0,39.683,-10.203,-0.205,0.09,1.34,11.11
ATOM,2871.0,H4',DT,91.0,42.026,-10.304,0.181,0.09,1.32,12.69
ATOM,2872.0,H1',DT,91.0,44.406,-8.672,-1.007,0.09,1.32,0.51
ATOM,2873.0,H6,DT,91.0,42.175,-6.929,-3.346,0.17,1.1,0.85
ATOM,2874.0,H71,DT,91.0,42.402,-5.239,-5.448,0.07,1.34,3.68
ATOM,2875.0,H72,DT,91.0,43.017,-6.107,-6.876,0.07,1.34,5.32
ATOM,2876.0,H73,DT,91.0,41.584,-6.716,-6.013,0.07,1.34,2.89
ATOM,2877.0,H3,DT,91.0,46.428,-8.61,-5.005,0.36,0.2245,11.16
ATOM,2878.0,H3',DT,91.0,40.84,-7.719,0.29,0.09,1.32,6.91
ATOM,2879.0,H2',DT,91.0,42.151,-6.406,-0.994,0.09,1.34,3.77
ATOM,2880.0,H2'',DT,91.0,43.638,-7.134,-0.341,0.09,1.34,0.0
ATOM,2881.0,P,DT,92.0,42.724,-7.157,2.442,1.5,2.15,3.45
ATOM,2882.0,OP1,DT,92.0,42.577,-7.74,3.801,-0.78,1.7,40.95
ATOM,2883.0,OP2,DT,92.0,41.953,-5.954,2.071,-0.78,1.7,32.66
ATOM,2884.0,O5',DT,92.0,44.24,-6.74,2.251,-0.57,1.77,0.05
ATOM,2885.0,C5',DT,92.0,45.255,-7.73,2.092,-0.08,2.01,10.64
ATOM,2886.0,C4',DT,92.0,46.566,-7.064,1.748,0.16,2.275,4.43
ATOM,2887.0,O4',DT,92.0,46.726,-6.899,0.32,-0.5,1.77,2.62
ATOM,2888.0,C3',DT,92.0,46.698,-5.674,2.364,0.01,2.275,1.85
ATOM,2889.0,O3',DT,92.0,47.93,-5.57,3.055,-0.57,1.77,3.68
ATOM,2890.0,C2',DT,92.0,46.63,-4.721,1.18,-0.18,2.01,0.0
ATOM,2891.0,C1',DT,92.0,47.152,-5.575,0.038,0.16,2.275,0.85
ATOM,2892.0,N1,DT,92.0,46.636,-5.223,-1.297,-0.34,1.85,0.0
ATOM,2893.0,C2,DT,92.0,47.448,-5.439,-2.39,0.51,1.9,0.0
ATOM,2894.0,O2,DT,92.0,48.593,-5.838,-2.3,-0.41,1.7,22.9
ATOM,2895.0,N3,DT,92.0,46.869,-5.162,-3.603,-0.46,1.85,0.0
ATOM,2896.0,C4,DT,92.0,45.61,-4.678,-3.829,0.5,1.9,0.0
ATOM,2897.0,O4,DT,92.0,45.232,-4.493,-4.982,-0.45,1.7,11.48
ATOM,2898.0,C5,DT,92.0,44.825,-4.424,-2.63,-0.15,1.9,0.0
ATOM,2899.0,C7,DT,92.0,43.458,-3.839,-2.762,-0.11,2.04,21.8
ATOM,2900.0,C6,DT,92.0,45.368,-4.714,-1.444,0.17,1.9,0.0
ATOM,2901.0,H5',DT,92.0,44.978,-8.415,1.289,0.09,1.34,2.0
ATOM,2902.0,H5'',DT,92.0,45.371,-8.294,3.02,0.09,1.34,12.47
ATOM,2903.0,H4',DT,92.0,47.4,-7.722,2.045,0.09,1.32,13.38
ATOM,2904.0,H1',DT,92.0,48.232,-5.572,-0.08,0.09,1.32,0.9
ATOM,2905.0,H6,DT,92.0,44.782,-4.493,-0.546,0.17,1.1,0.69
ATOM,2906.0,H71,DT,92.0,43.42,-2.882,-2.236,0.07,1.34,3.73
ATOM,2907.0,H72,DT,92.0,43.226,-3.681,-3.815,0.07,1.34,4.36
ATOM,2908.0,H73,DT,92.0,42.724,-4.518,-2.328,0.07,1.34,2.01
ATOM,2909.0,H3,DT,92.0,47.488,-5.351,-4.491,0.36,0.2245,12.14
ATOM,2910.0,H3',DT,92.0,45.847,-5.49,3.033,0.09,1.32,3.88
ATOM,2911.0,H2',DT,92.0,45.866,-3.956,1.373,0.09,1.34,4.54
ATOM,2912.0,H2'',DT,92.0,47.594,-4.228,1.047,0.09,1.34,0.0
ATOM,2913.0,P,DT,93.0,48.202,-4.293,3.98,1.5,2.15,3.19
ATOM,2914.0,OP1,DT,93.0,48.817,-4.779,5.25,-0.78,1.7,42.36
ATOM,2915.0,OP2,DT,93.0,46.971,-3.472,4.03,-0.78,1.7,31.11
ATOM,2916.0,O5',DT,93.0,49.265,-3.508,3.096,-0.57,1.77,0.39
ATOM,2917.0,C5',DT,93.0,50.242,-4.241,2.357,-0.08,2.01,10.02
ATOM,2918.0,C4',DT,93.0,51.063,-3.302,1.509,0.16,2.275,5.06
ATOM,2919.0,O4',DT,93.0,50.554,-3.233,0.158,-0.5,1.77,3.79
ATOM,2920.0,C3',DT,93.0,51.091,-1.867,2.032,0.01,2.275,1.94
ATOM,2921.0,O3',DT,93.0,52.409,-1.339,1.849,-0.57,1.77,4.35
ATOM,2922.0,C2',DT,93.0,50.09,-1.165,1.133,-0.18,2.01,1.21
ATOM,2923.0,C1',DT,93.0,50.355,-1.872,-0.185,0.16,2.275,0.47
ATOM,2924.0,N1,DT,93.0,49.291,-1.808,-1.209,-0.34,1.85,0.0
ATOM,2925.0,C2,DT,93.0,49.661,-1.964,-2.526,0.51,1.9,0.0
ATOM,2926.0,O2,DT,93.0,50.808,-2.135,-2.876,-0.41,1.7,23.69
ATOM,2927.0,N3,DT,93.0,48.629,-1.931,-3.418,-0.46,1.85,0.28
ATOM,2928.0,C4,DT,93.0,47.29,-1.788,-3.133,0.5,1.9,0.0
ATOM,2929.0,O4,DT,93.0,46.471,-1.84,-4.033,-0.45,1.7,8.03
ATOM,2930.0,C5,DT,93.0,46.967,-1.605,-1.743,-0.15,1.9,0.0
ATOM,2931.0,C7,DT,93.0,45.538,-1.412,-1.351,-0.11,2.04,17.48
ATOM,2932.0,C6,DT,93.0,47.971,-1.617,-0.858,0.17,1.9,0.34
ATOM,2933.0,H5',DT,93.0,49.743,-4.968,1.711,0.09,1.34,1.3
ATOM,2934.0,H5'',DT,93.0,50.906,-4.769,3.043,0.09,1.34,12.5
ATOM,2935.0,H4',DT,93.0,52.083,-3.703,1.4,0.09,1.32,13.39
ATOM,2936.0,H1',DT,93.0,51.243,-1.504,-0.697,0.09,1.32,0.12
ATOM,2937.0,H6,DT,93.0,47.73,-1.423,0.191,0.17,1.1,2.65
ATOM,2938.0,H71,DT,93.0,45.433,-0.447,-0.848,0.07,1.34,12.57
ATOM,2939.0,H72,DT,93.0,44.909,-1.426,-2.239,0.07,1.34,2.75
ATOM,2940.0,H73,DT,93.0,45.233,-2.208,-0.674,0.07,1.34,1.02
ATOM,2941.0,H3,DT,93.0,48.89,-2.029,-4.479,0.36,0.2245,12.31
ATOM,2942.0,H3',DT,93.0,50.735,-1.85,3.063,0.09,1.32,5.58
ATOM,2943.0,H2',DT,93.0,49.266,-0.777,1.725,0.09,1.34,8.47
ATOM,2944.0,H2'',DT,93.0,50.585,-0.347,0.612,0.09,1.34,0.0
ATOM,2945.0,P,DG,94.0,52.817,0.061,2.53,1.5,2.15,2.96
ATOM,2946.0,OP1,DG,94.0,54.023,-0.166,3.375,-0.78,1.7,45.84
ATOM,2947.0,OP2,DG,94.0,51.596,0.669,3.132,-0.78,1.7,31.51
ATOM,2948.0,O5',DG,94.0,53.255,0.937,1.277,-0.57,1.77,5.14
ATOM,2949.0,C5',DG,94.0,52.744,0.636,-0.012,-0.08,2.01,2.54
ATOM,2950.0,C4',DG,94.0,53.405,1.506,-1.049,0.16,2.275,5.11
ATOM,2951.0,O4',DG,94.0,52.661,1.325,-2.279,-0.5,1.77,6.85
ATOM,2952.0,C3',DG,94.0,53.313,2.992,-0.702,0.01,2.275,1.48
ATOM,2953.0,O3',DG,94.0,54.515,3.685,-1.086,-0.57,1.77,4.65
ATOM,2954.0,C2',DG,94.0,52.062,3.46,-1.429,-0.18,2.01,0.18
ATOM,2955.0,C1',DG,94.0,51.9,2.488,-2.596,0.16,2.275,1.12
ATOM,2956.0,N9,DG,94.0,50.504,2.089,-2.807,-0.02,1.85,0.0
ATOM,2957.0,C8,DG,94.0,49.549,1.867,-1.837,0.25,1.9,5.19
ATOM,2958.0,N7,DG,94.0,48.366,1.614,-2.328,-0.6,1.85,9.25
ATOM,2959.0,C5,DG,94.0,48.55,1.654,-3.702,0.0,1.9,0.0
ATOM,2960.0,C6,DG,94.0,47.612,1.491,-4.763,0.54,1.9,0.0
ATOM,2961.0,O6,DG,94.0,46.393,1.295,-4.692,-0.51,1.7,18.41
ATOM,2962.0,N1,DG,94.0,48.223,1.596,-6.007,-0.34,1.85,2.83
ATOM,2963.0,C2,DG,94.0,49.559,1.845,-6.209,0.75,1.9,0.77
ATOM,2964.0,N2,DG,94.0,49.956,1.915,-7.484,-0.68,1.85,16.32
ATOM,2965.0,N3,DG,94.0,50.44,2.017,-5.231,-0.74,1.85,6.96
ATOM,2966.0,C4,DG,94.0,49.87,1.912,-4.015,0.26,1.9,0.0
ATOM,2967.0,H5',DG,94.0,51.664,0.811,-0.032,0.09,1.34,0.0
ATOM,2968.0,H5'',DG,94.0,52.939,-0.411,-0.257,0.09,1.34,4.92
ATOM,2969.0,H4',DG,94.0,54.397,1.125,-1.268,0.09,1.32,13.91
ATOM,2970.0,H1',DG,94.0,52.221,2.87,-3.568,0.09,1.32,0.54
ATOM,2971.0,H8,DG,94.0,49.814,1.91,-0.795,0.16,1.1,4.35
ATOM,2972.0,H1,DG,94.0,47.648,1.482,-6.817,0.26,0.2245,12.12
ATOM,2973.0,H21,DG,94.0,49.385,1.794,-8.309,0.32,0.2245,16.5
ATOM,2974.0,H22,DG,94.0,50.94,2.089,-7.642,0.35,0.2245,15.67
ATOM,2975.0,H3',DG,94.0,53.174,3.104,0.379,0.09,1.32,4.8
ATOM,2976.0,H2',DG,94.0,51.421,4.015,-0.714,0.09,1.34,9.57
ATOM,2977.0,H2'',DG,94.0,52.326,4.146,-2.24,0.09,1.34,0.0
ATOM,2978.0,P,DA,95.0,54.663,5.275,-0.823,1.5,2.15,3.41
ATOM,2979.0,OP1,DA,95.0,56.062,5.515,-0.393,-0.78,1.7,40.53
ATOM,2980.0,OP2,DA,95.0,53.541,5.778,0.021,-0.78,1.7,32.21
ATOM,2981.0,O5',DA,95.0,54.504,5.859,-2.294,-0.57,1.77,0.88
ATOM,2982.0,C5',DA,95.0,55.166,5.206,-3.373,-0.08,2.01,9.97
ATOM,2983.0,C4',DA,95.0,54.707,5.764,-4.695,0.16,2.275,4.59
ATOM,2984.0,O4',DA,95.0,53.464,5.15,-5.111,-0.5,1.77,4.74
ATOM,2985.0,C3',DA,95.0,54.47,7.271,-4.686,0.01,2.275,3.41
ATOM,2986.0,O3',DA,95.0,55.045,7.846,-5.86,-0.57,1.77,7.36
ATOM,2987.0,C2',DA,95.0,52.957,7.39,-4.682,-0.18,2.01,0.0
ATOM,2988.0,C1',DA,95.0,52.529,6.159,-5.46,0.16,2.275,1.6
ATOM,2989.0,N9,DA,95.0,51.183,5.675,-5.131,-0.05,1.85,0.0
ATOM,2990.0,C8,DA,95.0,50.678,5.353,-3.891,0.34,1.9,1.5
ATOM,2991.0,N7,DA,95.0,49.42,4.991,-3.909,-0.71,1.85,6.57
ATOM,2992.0,C5,DA,95.0,49.073,5.07,-5.25,0.28,1.9,0.0
ATOM,2993.0,C6,DA,95.0,47.873,4.822,-5.924,0.46,1.9,0.0
ATOM,2994.0,N6,DA,95.0,46.755,4.446,-5.307,-0.77,1.85,6.76
ATOM,2995.0,N1,DA,95.0,47.858,4.979,-7.269,-0.74,1.85,11.02
ATOM,2996.0,C2,DA,95.0,48.981,5.37,-7.878,0.5,1.9,3.27
ATOM,2997.0,N3,DA,95.0,50.17,5.645,-7.35,-0.75,1.85,3.47
ATOM,2998.0,C4,DA,95.0,50.15,5.474,-6.016,0.43,1.9,0.0
ATOM,2999.0,H5',DA,95.0,54.95,4.132,-3.341,0.09,1.34,3.75
ATOM,3000.0,H5'',DA,95.0,56.244,5.354,-3.293,0.09,1.34,12.13
ATOM,3001.0,H4',DA,95.0,55.426,5.488,-5.48,0.09,1.32,13.05
ATOM,3002.0,H1',DA,95.0,52.518,6.269,-6.544,0.09,1.32,0.13
ATOM,3003.0,H8,DA,95.0,51.293,5.458,-3.014,0.12,1.1,1.18
ATOM,3004.0,H61,DA,95.0,45.909,4.278,-5.845,0.38,0.2245,16.69
ATOM,3005.0,H62,DA,95.0,46.74,4.325,-4.304,0.38,0.2245,8.98
ATOM,3006.0,H2,DA,95.0,48.999,5.502,-8.947,0.13,1.1,14.13
ATOM,3007.0,H3',DA,95.0,54.875,7.697,-3.763,0.09,1.32,7.86
ATOM,3008.0,H2',DA,95.0,52.64,7.985,-3.815,0.09,1.34,6.34
ATOM,3009.0,H2'',DA,95.0,52.623,7.891,-5.592,0.09,1.34,0.0
ATOM,3010.0,P,DT,96.0,54.529,9.27,-6.388,1.5,2.15,2.17
ATOM,3011.0,OP1,DT,96.0,55.591,9.843,-7.256,-0.78,1.7,33.07
ATOM,3012.0,OP2,DT,96.0,54.009,10.06,-5.237,-0.78,1.7,26.94
ATOM,3013.0,O5',DT,96.0,53.3,8.862,-7.305,-0.57,1.77,0.0
ATOM,3014.0,C5',DT,96.0,53.506,8.309,-8.6,-0.08,2.01,10.45
ATOM,3015.0,C4',DT,96.0,52.565,8.975,-9.571,0.16,2.275,5.27
ATOM,3016.0,O4',DT,96.0,51.213,8.521,-9.287,-0.5,1.77,4.11
ATOM,3017.0,C3',DT,96.0,52.56,10.494,-9.371,0.01,2.275,1.58
ATOM,3018.0,O3',DT,96.0,52.457,11.198,-10.612,-0.57,1.77,1.88
ATOM,3019.0,C2',DT,96.0,51.33,10.732,-8.517,-0.18,2.01,0.01
ATOM,3020.0,C1',DT,96.0,50.388,9.637,-8.988,0.16,2.275,1.19
ATOM,3021.0,N1,DT,96.0,49.39,9.242,-7.966,-0.34,1.85,0.0
ATOM,3022.0,C2,DT,96.0,48.105,8.982,-8.384,0.51,1.9,0.0
ATOM,3023.0,O2,DT,96.0,47.775,8.988,-9.559,-0.41,1.7,15.04
ATOM,3024.0,N3,DT,96.0,47.216,8.717,-7.366,-0.46,1.85,0.05
ATOM,3025.0,C4,DT,96.0,47.482,8.688,-6.003,0.5,1.9,0.0
ATOM,3026.0,O4,DT,96.0,46.569,8.477,-5.202,-0.45,1.7,19.46
ATOM,3027.0,C5,DT,96.0,48.866,8.936,-5.642,-0.15,1.9,0.0
ATOM,3028.0,C7,DT,96.0,49.261,8.92,-4.198,-0.11,2.04,21.25
ATOM,3029.0,C6,DT,96.0,49.737,9.183,-6.629,0.17,1.9,0.54
ATOM,3030.0,H5',DT,96.0,53.306,7.239,-8.581,0.09,1.34,6.34
ATOM,3031.0,H5'',DT,96.0,54.54,8.475,-8.914,0.09,1.34,8.16
ATOM,3032.0,H4',DT,96.0,52.766,8.618,-10.582,0.09,1.32,13.26
ATOM,3033.0,H1',DT,96.0,49.788,9.878,-9.868,0.09,1.32,0.7
ATOM,3034.0,H6,DT,96.0,50.777,9.39,-6.351,0.17,1.1,0.03
ATOM,3035.0,H71,DT,96.0,49.668,9.897,-3.928,0.07,1.34,13.72
ATOM,3036.0,H72,DT,96.0,48.388,8.709,-3.583,0.07,1.34,8.82
ATOM,3037.0,H73,DT,96.0,50.017,8.154,-4.034,0.07,1.34,0.0
ATOM,3038.0,H3,DT,96.0,46.183,8.505,-7.659,0.36,0.2245,8.27
ATOM,3039.0,H3',DT,96.0,53.457,10.787,-8.819,0.09,1.32,1.34
ATOM,3040.0,H2',DT,96.0,51.62,11.244,-7.591,0.09,1.34,5.7
ATOM,3041.0,H2'',DT,96.0,50.619,11.36,-9.058,0.09,1.34,0.0
ATOM,3042.0,P,DG,97.0,52.594,12.807,-10.634,1.5,2.15,2.03
ATOM,3043.0,OP1,DG,97.0,53.938,13.174,-11.169,-0.78,1.7,42.01
ATOM,3044.0,OP2,DG,97.0,52.146,13.367,-9.318,-0.78,1.7,23.11
ATOM,3045.0,O5',DG,97.0,51.526,13.208,-11.735,-0.57,1.77,3.38
ATOM,3046.0,C5',DG,97.0,51.149,12.272,-12.735,-0.08,2.01,11.91
ATOM,3047.0,C4',DG,97.0,49.674,12.401,-13.024,0.16,2.275,5.04
ATOM,3048.0,O4',DG,97.0,48.884,11.947,-11.894,-0.5,1.77,2.68
ATOM,3049.0,C3',DG,97.0,49.214,13.831,-13.309,0.01,2.275,1.72
ATOM,3050.0,O3',DG,97.0,48.254,13.768,-14.367,-0.57,1.77,3.73
ATOM,3051.0,C2',DG,97.0,48.589,14.269,-11.99,-0.18,2.01,0.0
ATOM,3052.0,C1',DG,97.0,47.965,12.964,-11.519,0.16,2.275,0.86
ATOM,3053.0,N9,DG,97.0,47.674,12.811,-10.094,-0.02,1.85,0.0
ATOM,3054.0,C8,DG,97.0,48.433,13.214,-9.022,0.25,1.9,2.04
ATOM,3055.0,N7,DG,97.0,47.918,12.874,-7.87,-0.6,1.85,9.49
ATOM,3056.0,C5,DG,97.0,46.738,12.214,-8.205,0.0,1.9,0.0
ATOM,3057.0,C6,DG,97.0,45.743,11.581,-7.378,0.54,1.9,0.0
ATOM,3058.0,O6,DG,97.0,45.71,11.449,-6.144,-0.51,1.7,13.26
ATOM,3059.0,N1,DG,97.0,44.723,11.055,-8.136,-0.34,1.85,0.0
ATOM,3060.0,C2,DG,97.0,44.643,11.098,-9.498,0.75,1.9,0.0
ATOM,3061.0,N2,DG,97.0,43.546,10.531,-10.031,-0.68,1.85,17.72
ATOM,3062.0,N3,DG,97.0,45.556,11.653,-10.281,-0.74,1.85,4.35
ATOM,3063.0,C4,DG,97.0,46.567,12.187,-9.572,0.26,1.9,0.0
ATOM,3064.0,H5',DG,97.0,51.36,11.257,-12.391,0.09,1.34,3.43
ATOM,3065.0,H5'',DG,97.0,51.711,12.46,-13.653,0.09,1.34,14.51
ATOM,3066.0,H4',DG,97.0,49.398,11.72,-13.842,0.09,1.32,13.2
ATOM,3067.0,H1',DG,97.0,47.008,12.78,-12.012,0.09,1.32,0.37
ATOM,3068.0,H8,DG,97.0,49.353,13.752,-9.176,0.16,1.1,3.11
ATOM,3069.0,H1,DG,97.0,43.969,10.598,-7.647,0.26,0.2245,8.16
ATOM,3070.0,H21,DG,97.0,42.794,10.075,-9.541,0.32,0.2245,16.97
ATOM,3071.0,H22,DG,97.0,43.48,10.549,-11.041,0.35,0.2245,17.66
ATOM,3072.0,H3',DG,97.0,50.084,14.456,-13.527,0.09,1.32,6.29
ATOM,3073.0,H2',DG,97.0,49.122,15.132,-11.599,0.09,1.34,9.54
ATOM,3074.0,H2'',DG,97.0,47.543,14.526,-12.155,0.09,1.34,0.0
ATOM,3075.0,P,DG,98.0,47.759,15.113,-15.08,1.5,2.15,3.31
ATOM,3076.0,OP1,DG,98.0,47.572,14.821,-16.53,-0.78,1.7,39.77
ATOM,3077.0,OP2,DG,98.0,48.649,16.22,-14.639,-0.78,1.7,32.4
ATOM,3078.0,O5',DG,98.0,46.33,15.395,-14.424,-0.57,1.77,0.08
ATOM,3079.0,C5',DG,98.0,45.245,14.445,-14.507,-0.08,2.01,10.15
ATOM,3080.0,C4',DG,98.0,44.083,14.915,-13.657,0.16,2.275,1.73
ATOM,3081.0,O4',DG,98.0,44.244,14.552,-12.262,-0.5,1.77,0.55
ATOM,3082.0,C3',DG,98.0,43.901,16.433,-13.677,0.01,2.275,2.64
ATOM,3083.0,O3',DG,98.0,42.524,16.744,-13.729,-0.57,1.77,0.56
ATOM,3084.0,C2',DG,98.0,44.43,16.867,-12.328,-0.18,2.01,8.27
ATOM,3085.0,C1',DG,98.0,44.001,15.7,-11.475,0.16,2.275,0.0
ATOM,3086.0,N9,DG,98.0,44.73,15.583,-10.22,-0.02,1.85,0.0
ATOM,3087.0,C8,DG,98.0,45.97,16.1,-9.934,0.25,1.9,5.67
ATOM,3088.0,N7,DG,98.0,46.33,15.915,-8.693,-0.6,1.85,16.07
ATOM,3089.0,C5,DG,98.0,45.269,15.215,-8.126,0.0,1.9,0.0
ATOM,3090.0,C6,DG,98.0,45.081,14.736,-6.793,0.54,1.9,0.76
ATOM,3091.0,O6,DG,98.0,45.833,14.848,-5.822,-0.51,1.7,32.11
ATOM,3092.0,N1,DG,98.0,43.868,14.07,-6.654,-0.34,1.85,2.13
ATOM,3093.0,C2,DG,98.0,42.952,13.884,-7.662,0.75,1.9,0.0
ATOM,3094.0,N2,DG,98.0,41.85,13.203,-7.328,-0.68,1.85,5.57
ATOM,3095.0,N3,DG,98.0,43.108,14.329,-8.904,-0.74,1.85,0.38
ATOM,3096.0,C4,DG,98.0,44.282,14.982,-9.062,0.26,1.9,0.0
ATOM,3097.0,H5',DG,98.0,45.587,13.475,-14.148,0.09,1.34,4.71
ATOM,3098.0,H5'',DG,98.0,44.92,14.357,-15.543,0.09,1.34,6.34
ATOM,3099.0,H4',DG,98.0,43.164,14.392,-13.973,0.09,1.32,0.9
ATOM,3100.0,H1',DG,98.0,42.945,15.714,-11.176,0.09,1.32,0.0
ATOM,3101.0,H8,DG,98.0,46.543,16.597,-10.698,0.16,1.1,5.25
ATOM,3102.0,H1,DG,98.0,43.644,13.698,-5.753,0.26,0.2245,11.19
ATOM,3103.0,H21,DG,98.0,41.625,12.805,-6.428,0.32,0.2245,17.53
ATOM,3104.0,H22,DG,98.0,41.172,13.053,-8.065,0.35,0.2245,8.3
ATOM,3105.0,H3',DG,98.0,44.519,16.86,-14.473,0.09,1.32,7.6
ATOM,3106.0,H2',DG,98.0,45.268,17.551,-12.459,0.09,1.34,9.5
ATOM,3107.0,H2'',DG,98.0,43.637,17.366,-11.773,0.09,1.34,0.0
ATOM,3108.0,P,DA,99.0,41.718,16.469,-15.077,1.5,2.15,1.61
ATOM,3109.0,OP1,DA,99.0,42.409,15.364,-15.804,-0.78,1.7,18.0
ATOM,3110.0,OP2,DA,99.0,41.513,17.778,-15.745,-0.78,1.7,43.61
ATOM,3111.0,O5',DA,99.0,40.314,15.92,-14.558,-0.57,1.77,0.89
ATOM,3112.0,C5',DA,99.0,40.038,14.52,-14.561,-0.08,2.01,9.53
ATOM,3113.0,C4',DA,99.0,38.936,14.209,-13.58,0.16,2.275,5.29
ATOM,3114.0,O4',DA,99.0,39.401,14.438,-12.232,-0.5,1.77,6.87
ATOM,3115.0,C3',DA,99.0,37.697,15.077,-13.749,0.01,2.275,2.55
ATOM,3116.0,O3',DA,99.0,36.546,14.289,-13.432,-0.57,1.77,4.82
ATOM,3117.0,C2',DA,99.0,37.925,16.196,-12.75,-0.18,2.01,0.0
ATOM,3118.0,C1',DA,99.0,38.694,15.511,-11.633,0.16,2.275,1.11
ATOM,3119.0,N9,DA,99.0,39.685,16.367,-10.993,-0.05,1.85,0.0
ATOM,3120.0,C8,DA,99.0,40.454,17.31,-11.618,0.34,1.9,1.61
ATOM,3121.0,N7,DA,99.0,41.311,17.905,-10.823,-0.71,1.85,6.46
ATOM,3122.0,C5,DA,99.0,41.084,17.319,-9.583,0.28,1.9,0.0
ATOM,3123.0,C6,DA,99.0,41.693,17.499,-8.32,0.46,1.9,0.0
ATOM,3124.0,N6,DA,99.0,42.7,18.347,-8.104,-0.77,1.85,5.9
ATOM,3125.0,N1,DA,99.0,41.229,16.763,-7.284,-0.74,1.85,5.15
ATOM,3126.0,C2,DA,99.0,40.223,15.907,-7.514,0.5,1.9,0.59
ATOM,3127.0,N3,DA,99.0,39.58,15.64,-8.656,-0.75,1.85,5.55
ATOM,3128.0,C4,DA,99.0,40.067,16.384,-9.667,0.43,1.9,0.0
ATOM,3129.0,H5',DA,99.0,40.938,13.968,-14.279,0.09,1.34,4.29
ATOM,3130.0,H5'',DA,99.0,39.723,14.207,-15.558,0.09,1.34,13.8
ATOM,3131.0,H4',DA,99.0,38.706,13.138,-13.615,0.09,1.32,13.73
ATOM,3132.0,H1',DA,99.0,38.098,15.123,-10.812,0.09,1.32,0.73
ATOM,3133.0,H8,DA,99.0,40.295,17.542,-12.658,0.12,1.1,1.88
ATOM,3134.0,H61,DA,99.0,43.096,18.433,-7.179,0.38,0.2245,15.2
ATOM,3135.0,H62,DA,99.0,43.068,18.903,-8.863,0.38,0.2245,9.82
ATOM,3136.0,H2,DA,99.0,39.823,15.314,-6.708,0.13,1.1,12.73
ATOM,3137.0,H3',DA,99.0,37.674,15.487,-14.762,0.09,1.32,6.45
ATOM,3138.0,H2',DA,99.0,37.899,17.163,-13.276,0.09,1.34,7.14
ATOM,3139.0,H2'',DA,99.0,37.134,16.192,-11.997,0.09,1.34,0.0
ATOM,3140.0,P,DG,100.0,35.08,14.891,-13.652,1.5,2.15,3.75
ATOM,3141.0,OP1,DG,100.0,34.161,13.774,-14.044,-0.78,1.7,40.76
ATOM,3142.0,OP2,DG,100.0,35.199,16.105,-14.51,-0.78,1.7,32.39
ATOM,3143.0,O5',DG,100.0,34.686,15.413,-12.211,-0.57,1.77,1.14
ATOM,3144.0,C5',DG,100.0,34.895,14.606,-11.089,-0.08,2.01,10.39
ATOM,3145.0,C4',DG,100.0,34.797,15.441,-9.843,0.16,2.275,2.95
ATOM,3146.0,O4',DG,100.0,36.011,16.183,-9.585,-0.5,1.77,0.4
ATOM,3147.0,C3',DG,100.0,33.661,16.46,-9.818,0.01,2.275,0.17
ATOM,3148.0,O3',DG,100.0,33.175,16.459,-8.491,-0.57,1.77,0.0
ATOM,3149.0,C2',DG,100.0,34.385,17.78,-10.002,-0.18,2.01,1.96
ATOM,3150.0,C1',DG,100.0,35.637,17.492,-9.193,0.16,2.275,0.39
ATOM,3151.0,N9,DG,100.0,36.787,18.386,-9.363,-0.02,1.85,0.0
ATOM,3152.0,C8,DG,100.0,37.193,19.023,-10.512,0.25,1.9,4.15
ATOM,3153.0,N7,DG,100.0,38.238,19.786,-10.328,-0.6,1.85,13.75
ATOM,3154.0,C5,DG,100.0,38.545,19.637,-8.984,0.0,1.9,0.0
ATOM,3155.0,C6,DG,100.0,39.574,20.22,-8.211,0.54,1.9,0.04
ATOM,3156.0,O6,DG,100.0,40.436,21.027,-8.567,-0.51,1.7,28.5
ATOM,3157.0,N1,DG,100.0,39.539,19.783,-6.892,-0.34,1.85,2.21
ATOM,3158.0,C2,DG,100.0,38.621,18.914,-6.38,0.75,1.9,0.0
ATOM,3159.0,N2,DG,100.0,38.746,18.623,-5.078,-0.68,1.85,8.78
ATOM,3160.0,N3,DG,100.0,37.648,18.37,-7.089,-0.74,1.85,1.61
ATOM,3161.0,C4,DG,100.0,37.672,18.771,-8.375,0.26,1.9,0.0
ATOM,3162.0,H5',DG,100.0,35.888,14.146,-11.132,0.09,1.34,3.4
ATOM,3163.0,H5'',DG,100.0,34.143,13.809,-11.044,0.09,1.34,11.3
ATOM,3164.0,H4',DG,100.0,34.687,14.781,-8.963,0.09,1.32,8.07
ATOM,3165.0,H1',DG,100.0,35.445,17.504,-8.115,0.09,1.32,0.01
ATOM,3166.0,H8,DG,100.0,36.668,18.869,-11.436,0.16,1.1,6.09
ATOM,3167.0,H1,DG,100.0,40.243,20.135,-6.272,0.26,0.2245,11.28
ATOM,3168.0,H21,DG,100.0,39.451,18.969,-4.443,0.32,0.2245,18.94
ATOM,3169.0,H22,DG,100.0,38.075,17.973,-4.694,0.35,0.2245,12.2
ATOM,3170.0,H3',DG,100.0,32.996,16.283,-10.666,0.09,1.32,6.78
ATOM,3171.0,H2',DG,100.0,34.07,18.258,-10.918,0.09,1.34,11.27
ATOM,3172.0,H2'',DG,100.0,34.175,18.422,-9.149,0.09,1.34,0.0
ATOM,3173.0,P,DC,101.0,31.622,16.344,-8.204,1.5,2.15,2.45
ATOM,3174.0,OP1,DC,101.0,31.289,14.95,-8.523,-0.78,1.7,32.91
ATOM,3175.0,OP2,DC,101.0,30.893,17.441,-8.855,-0.78,1.7,34.75
ATOM,3176.0,O5',DC,101.0,31.582,16.623,-6.655,-0.57,1.77,4.83
ATOM,3177.0,C5',DC,101.0,32.454,15.902,-5.789,-0.08,2.01,12.3
ATOM,3178.0,C4',DC,101.0,33.095,16.825,-4.777,0.16,2.275,4.25
ATOM,3179.0,O4',DC,101.0,34.115,17.655,-5.385,-0.5,1.77,1.23
ATOM,3180.0,C3',DC,101.0,32.148,17.778,-4.054,0.01,2.275,1.35
ATOM,3181.0,O3',DC,101.0,32.42,17.722,-2.657,-0.57,1.77,2.17
ATOM,3182.0,C2',DC,101.0,32.52,19.143,-4.604,-0.18,2.01,0.0
ATOM,3183.0,C1',DC,101.0,33.989,18.971,-4.898,0.16,2.275,0.37
ATOM,3184.0,N1,DC,101.0,34.545,19.89,-5.91,-0.13,1.85,0.0
ATOM,3185.0,C2,DC,101.0,35.687,20.616,-5.581,0.52,1.9,0.0
ATOM,3186.0,O2,DC,101.0,36.197,20.459,-4.445,-0.49,1.7,8.6
ATOM,3187.0,N3,DC,101.0,36.207,21.473,-6.496,-0.66,1.85,2.09
ATOM,3188.0,C4,DC,101.0,35.625,21.619,-7.686,0.65,1.9,0.0
ATOM,3189.0,N4,DC,101.0,36.173,22.485,-8.551,-0.75,1.85,4.9
ATOM,3190.0,C5,DC,101.0,34.462,20.89,-8.044,-0.13,1.9,1.12
ATOM,3191.0,C6,DC,101.0,33.961,20.04,-7.139,0.05,1.9,1.49
ATOM,3192.0,H5',DC,101.0,33.24,15.417,-6.379,0.09,1.34,3.78
ATOM,3193.0,H5'',DC,101.0,31.893,15.138,-5.247,0.09,1.34,14.9
ATOM,3194.0,H4',DC,101.0,33.637,16.227,-4.028,0.09,1.32,12.98
ATOM,3195.0,H1',DC,101.0,34.644,19.106,-4.034,0.09,1.32,0.88
ATOM,3196.0,H6,DC,101.0,33.079,19.459,-7.379,0.17,1.1,0.96
ATOM,3197.0,H5,DC,101.0,33.972,21.002,-9.023,0.07,1.1,10.77
ATOM,3198.0,H41,DC,101.0,36.994,22.978,-8.255,0.37,0.2245,9.58
ATOM,3199.0,H42,DC,101.0,35.753,22.615,-9.457,0.33,0.2245,12.81
ATOM,3200.0,H3',DC,101.0,31.114,17.54,-4.327,0.09,1.32,5.33
ATOM,3201.0,H2',DC,101.0,31.627,19.622,-5.025,0.09,1.34,7.53
ATOM,3202.0,H2'',DC,101.0,32.909,19.768,-3.8,0.09,1.34,0.0
ATOM,3203.0,P,DA,102.0,31.317,18.226,-1.598,1.5,2.15,2.89
ATOM,3204.0,OP1,DA,102.0,31.219,17.146,-0.568,-0.78,1.7,41.16
ATOM,3205.0,OP2,DA,102.0,30.083,18.715,-2.295,-0.78,1.7,32.16
ATOM,3206.0,O5',DA,102.0,32.031,19.508,-0.978,-0.57,1.77,1.15
ATOM,3207.0,C5',DA,102.0,33.405,19.449,-0.586,-0.08,2.01,10.62
ATOM,3208.0,C4',DA,102.0,33.948,20.842,-0.392,0.16,2.275,5.27
ATOM,3209.0,O4',DA,102.0,34.293,21.417,-1.674,-0.5,1.77,1.75
ATOM,3210.0,C3',DA,102.0,32.936,21.794,0.243,0.01,2.275,1.74
ATOM,3211.0,O3',DA,102.0,33.559,22.598,1.249,-0.57,1.77,2.19
ATOM,3212.0,C2',DA,102.0,32.455,22.641,-0.928,-0.18,2.01,1.61
ATOM,3213.0,C1',DA,102.0,33.691,22.7,-1.793,0.16,2.275,0.79
ATOM,3214.0,N9,DA,102.0,33.483,22.969,-3.218,-0.05,1.85,0.0
ATOM,3215.0,C8,DA,102.0,32.498,22.527,-4.071,0.34,1.9,6.25
ATOM,3216.0,N7,DA,102.0,32.663,22.911,-5.316,-0.71,1.85,13.45
ATOM,3217.0,C5,DA,102.0,33.822,23.671,-5.273,0.28,1.9,0.0
ATOM,3218.0,C6,DA,102.0,34.545,24.348,-6.263,0.46,1.9,0.0
ATOM,3219.0,N6,DA,102.0,34.195,24.381,-7.553,-0.77,1.85,9.65
ATOM,3220.0,N1,DA,102.0,35.661,25.0,-5.883,-0.74,1.85,9.64
ATOM,3221.0,C2,DA,102.0,36.021,24.969,-4.595,0.5,1.9,7.21
ATOM,3222.0,N3,DA,102.0,35.432,24.369,-3.576,-0.75,1.85,6.68
ATOM,3223.0,C4,DA,102.0,34.326,23.728,-3.986,0.43,1.9,0.0
ATOM,3224.0,H5',DA,102.0,33.984,18.94,-1.36,0.09,1.34,3.38
ATOM,3225.0,H5'',DA,102.0,33.498,18.9,0.352,0.09,1.34,13.27
ATOM,3226.0,H4',DA,102.0,34.898,20.793,0.153,0.09,1.32,13.03
ATOM,3227.0,H1',DA,102.0,34.409,23.454,-1.477,0.09,1.32,0.66
ATOM,3228.0,H8,DA,102.0,31.663,21.965,-3.69,0.12,1.1,4.61
ATOM,3229.0,H61,DA,102.0,34.757,24.886,-8.22,0.38,0.2245,14.23
ATOM,3230.0,H62,DA,102.0,33.362,23.896,-7.863,0.38,0.2245,10.93
ATOM,3231.0,H2,DA,102.0,36.911,25.489,-4.274,0.13,1.1,15.74
ATOM,3232.0,H3',DA,102.0,32.098,21.218,0.647,0.09,1.32,7.45
ATOM,3233.0,H2',DA,102.0,31.367,22.551,-1.018,0.09,1.34,9.76
ATOM,3234.0,H2'',DA,102.0,32.713,23.684,-0.752,0.09,1.34,0.0
ATOM,3235.0,P,DG,103.0,32.668,23.625,2.11,1.5,2.15,2.0
ATOM,3236.0,OP1,DG,103.0,32.472,23.025,3.46,-0.78,1.7,40.07
ATOM,3237.0,OP2,DG,103.0,31.496,24.106,1.327,-0.78,1.7,23.54
ATOM,3238.0,O5',DG,103.0,33.601,24.899,2.235,-0.57,1.77,1.21
ATOM,3239.0,C5',DG,103.0,34.988,24.776,2.497,-0.08,2.01,10.25
ATOM,3240.0,C4',DG,103.0,35.675,26.065,2.127,0.16,2.275,5.39
ATOM,3241.0,O4',DG,103.0,35.667,26.18,0.687,-0.5,1.77,6.74
ATOM,3242.0,C3',DG,103.0,34.96,27.309,2.654,0.01,2.275,2.26
ATOM,3243.0,O3',DG,103.0,35.911,28.277,3.091,-0.57,1.77,4.5
ATOM,3244.0,C2',DG,103.0,34.183,27.814,1.45,-0.18,2.01,0.0
ATOM,3245.0,C1',DG,103.0,35.069,27.398,0.296,0.16,2.275,2.41
ATOM,3246.0,N9,DG,103.0,34.389,27.147,-0.963,-0.02,1.85,0.0
ATOM,3247.0,C8,DG,103.0,33.407,26.216,-1.203,0.25,1.9,0.18
ATOM,3248.0,N7,DG,103.0,33.031,26.179,-2.454,-0.6,1.85,5.69
ATOM,3249.0,C5,DG,103.0,33.806,27.15,-3.072,0.0,1.9,0.0
ATOM,3250.0,C6,DG,103.0,33.868,27.552,-4.439,0.54,1.9,0.0
ATOM,3251.0,O6,DG,103.0,33.227,27.113,-5.403,-0.51,1.7,18.28
ATOM,3252.0,N1,DG,103.0,34.798,28.569,-4.63,-0.34,1.85,0.98
ATOM,3253.0,C2,DG,103.0,35.571,29.129,-3.641,0.75,1.9,0.1
ATOM,3254.0,N2,DG,103.0,36.4,30.105,-4.034,-0.68,1.85,15.52
ATOM,3255.0,N3,DG,103.0,35.532,28.761,-2.366,-0.74,1.85,5.56
ATOM,3256.0,C4,DG,103.0,34.636,27.771,-2.157,0.26,1.9,0.0
ATOM,3257.0,H5',DG,103.0,35.408,23.963,1.905,0.09,1.34,5.57
ATOM,3258.0,H5'',DG,103.0,35.151,24.565,3.558,0.09,1.34,13.38
ATOM,3259.0,H4',DG,103.0,36.73,26.007,2.395,0.09,1.32,13.78
ATOM,3260.0,H1',DG,103.0,35.849,28.117,0.046,0.09,1.32,1.64
ATOM,3261.0,H8,DG,103.0,33.026,25.606,-0.403,0.16,1.1,0.0
ATOM,3262.0,H1,DG,103.0,34.914,28.921,-5.56,0.26,0.2245,13.74
ATOM,3263.0,H21,DG,103.0,36.525,30.462,-4.97,0.32,0.2245,18.9
ATOM,3264.0,H22,DG,103.0,36.98,30.519,-3.315,0.35,0.2245,12.63
ATOM,3265.0,H3',DG,103.0,34.263,27.018,3.447,0.09,1.32,5.79
ATOM,3266.0,H2',DG,103.0,33.118,27.885,1.708,0.09,1.34,3.8
ATOM,3267.0,H2'',DG,103.0,34.543,28.805,1.169,0.09,1.34,0.0
ATOM,3268.0,P,DT,104.0,35.411,29.583,3.881,1.5,2.15,3.02
ATOM,3269.0,OP1,DT,104.0,36.419,29.856,4.935,-0.78,1.7,38.92
ATOM,3270.0,OP2,DT,104.0,33.979,29.429,4.249,-0.78,1.7,32.41
ATOM,3271.0,O5',DT,104.0,35.49,30.721,2.78,-0.57,1.77,0.09
ATOM,3272.0,C5',DT,104.0,36.729,31.02,2.169,-0.08,2.01,9.69
ATOM,3273.0,C4',DT,104.0,36.558,32.143,1.178,0.16,2.275,4.74
ATOM,3274.0,O4',DT,104.0,35.962,31.652,-0.048,-0.5,1.77,0.96
ATOM,3275.0,C3',DT,104.0,35.664,33.28,1.67,0.01,2.275,2.32
ATOM,3276.0,O3',DT,104.0,36.259,34.527,1.296,-0.57,1.77,2.69
ATOM,3277.0,C2',DT,104.0,34.365,33.044,0.918,-0.18,2.01,0.0
ATOM,3278.0,C1',DT,104.0,34.876,32.486,-0.395,0.16,2.275,0.77
ATOM,3279.0,N1,DT,104.0,33.917,31.686,-1.171,-0.34,1.85,0.0
ATOM,3280.0,C2,DT,104.0,33.76,32.014,-2.492,0.51,1.9,0.0
ATOM,3281.0,O2,DT,104.0,34.373,32.919,-3.019,-0.41,1.7,9.1
ATOM,3282.0,N3,DT,104.0,32.857,31.238,-3.176,-0.46,1.85,0.0
ATOM,3283.0,C4,DT,104.0,32.109,30.189,-2.672,0.5,1.9,0.0
ATOM,3284.0,O4,DT,104.0,31.34,29.577,-3.404,-0.45,1.7,17.17
ATOM,3285.0,C5,DT,104.0,32.317,29.903,-1.271,-0.15,1.9,0.0
ATOM,3286.0,C7,DT,104.0,31.534,28.797,-0.637,-0.11,2.04,14.54
ATOM,3287.0,C6,DT,104.0,33.205,30.653,-0.598,0.17,1.9,0.0
ATOM,3288.0,H5',DT,104.0,37.11,30.137,1.646,0.09,1.34,5.57
ATOM,3289.0,H5'',DT,104.0,37.458,31.325,2.925,0.09,1.34,10.93
ATOM,3290.0,H4',DT,104.0,37.544,32.518,0.873,0.09,1.32,13.15
ATOM,3291.0,H1',DT,104.0,35.224,33.246,-1.095,0.09,1.32,0.53
ATOM,3292.0,H6,DT,104.0,33.334,30.454,0.47,0.17,1.1,0.69
ATOM,3293.0,H71,DT,104.0,30.939,29.208,0.182,0.07,1.34,10.79
ATOM,3294.0,H72,DT,104.0,30.872,28.348,-1.375,0.07,1.34,7.22
ATOM,3295.0,H73,DT,104.0,32.215,28.043,-0.247,0.07,1.34,0.0
ATOM,3296.0,H3,DT,104.0,32.71,31.472,-4.235,0.36,0.2245,9.42
ATOM,3297.0,H3',DT,104.0,35.493,33.169,2.743,0.09,1.32,6.28
ATOM,3298.0,H2',DT,104.0,33.549,32.902,1.63,0.09,1.34,5.53
ATOM,3299.0,H2'',DT,104.0,34.148,33.906,0.288,0.09,1.34,0.0
ATOM,3300.0,P,DT,105.0,35.653,35.911,1.846,1.5,2.15,2.75
ATOM,3301.0,OP1,DT,105.0,36.811,36.67,2.367,-0.78,1.7,39.44
ATOM,3302.0,OP2,DT,105.0,34.48,35.673,2.726,-0.78,1.7,31.01
ATOM,3303.0,O5',DT,105.0,35.158,36.605,0.51,-0.57,1.77,0.14
ATOM,3304.0,C5',DT,105.0,36.022,36.67,-0.616,-0.08,2.01,9.99
ATOM,3305.0,C4',DT,105.0,35.301,37.326,-1.763,0.16,2.275,4.5
ATOM,3306.0,O4',DT,105.0,34.495,36.335,-2.451,-0.5,1.77,4.13
ATOM,3307.0,C3',DT,105.0,34.341,38.424,-1.287,0.01,2.275,1.76
ATOM,3308.0,O3',DT,105.0,34.372,39.554,-2.175,-0.57,1.77,1.77
ATOM,3309.0,C2',DT,105.0,32.991,37.732,-1.331,-0.18,2.01,0.0
ATOM,3310.0,C1',DT,105.0,33.161,36.807,-2.527,0.16,2.275,0.66
ATOM,3311.0,N1,DT,105.0,32.249,35.645,-2.561,-0.34,1.85,0.0
ATOM,3312.0,C2,DT,105.0,31.855,35.173,-3.791,0.51,1.9,0.0
ATOM,3313.0,O2,DT,105.0,32.247,35.648,-4.84,-0.41,1.7,20.03
ATOM,3314.0,N3,DT,105.0,30.983,34.114,-3.748,-0.46,1.85,0.0
ATOM,3315.0,C4,DT,105.0,30.489,33.486,-2.628,0.5,1.9,0.0
ATOM,3316.0,O4,DT,105.0,29.714,32.546,-2.758,-0.45,1.7,17.9
ATOM,3317.0,C5,DT,105.0,30.958,34.023,-1.36,-0.15,1.9,0.0
ATOM,3318.0,C7,DT,105.0,30.498,33.401,-0.079,-0.11,2.04,23.43
ATOM,3319.0,C6,DT,105.0,31.8,35.063,-1.394,0.17,1.9,0.0
ATOM,3320.0,H5',DT,105.0,36.324,35.663,-0.909,0.09,1.34,3.87
ATOM,3321.0,H5'',DT,105.0,36.913,37.252,-0.369,0.09,1.34,11.53
ATOM,3322.0,H4',DT,105.0,36.025,37.658,-2.512,0.09,1.32,12.8
ATOM,3323.0,H1',DT,105.0,33.013,37.293,-3.493,0.09,1.32,0.35
ATOM,3324.0,H6,DT,105.0,32.114,35.497,-0.438,0.17,1.1,0.95
ATOM,3325.0,H71,DT,105.0,29.983,34.154,0.521,0.07,1.34,9.5
ATOM,3326.0,H72,DT,105.0,29.814,32.581,-0.295,0.07,1.34,6.06
ATOM,3327.0,H73,DT,105.0,31.357,33.023,0.473,0.07,1.34,0.31
ATOM,3328.0,H3,DT,105.0,30.641,33.723,-4.715,0.36,0.2245,13.62
ATOM,3329.0,H3',DT,105.0,34.585,38.694,-0.259,0.09,1.32,6.85
ATOM,3330.0,H2',DT,105.0,32.539,37.739,-0.337,0.09,1.34,4.93
ATOM,3331.0,H2'',DT,105.0,32.335,38.254,-2.029,0.09,1.34,0.0
ATOM,3332.0,P,DT,106.0,33.602,40.919,-1.78,1.5,2.15,1.99
ATOM,3333.0,OP1,DT,106.0,34.626,41.905,-1.351,-0.78,1.7,40.91
ATOM,3334.0,OP2,DT,106.0,32.436,40.639,-0.898,-0.78,1.7,23.41
ATOM,3335.0,O5',DT,106.0,33.036,41.399,-3.185,-0.57,1.77,3.39
ATOM,3336.0,C5',DT,106.0,33.706,41.036,-4.391,-0.08,2.01,11.52
ATOM,3337.0,C4',DT,106.0,32.702,40.792,-5.493,0.16,2.275,4.71
ATOM,3338.0,O4',DT,106.0,32.024,39.52,-5.304,-0.5,1.77,3.0
ATOM,3339.0,C3',DT,106.0,31.6,41.851,-5.582,0.01,2.275,1.81
ATOM,3340.0,O3',DT,106.0,31.358,42.199,-6.949,-0.57,1.77,4.24
ATOM,3341.0,C2',DT,106.0,30.386,41.147,-4.994,-0.18,2.01,0.0
ATOM,3342.0,C1',DT,106.0,30.624,39.72,-5.453,0.16,2.275,1.12
ATOM,3343.0,N1,DT,106.0,29.897,38.655,-4.71,-0.34,1.85,0.0
ATOM,3344.0,C2,DT,106.0,29.257,37.677,-5.451,0.51,1.9,0.0
ATOM,3345.0,O2,DT,106.0,29.279,37.635,-6.671,-0.41,1.7,23.12
ATOM,3346.0,N3,DT,106.0,28.583,36.744,-4.705,-0.46,1.85,0.0
ATOM,3347.0,C4,DT,106.0,28.48,36.687,-3.327,0.5,1.9,0.0
ATOM,3348.0,O4,DT,106.0,27.823,35.792,-2.795,-0.45,1.7,17.21
ATOM,3349.0,C5,DT,106.0,29.179,37.729,-2.612,-0.15,1.9,0.0
ATOM,3350.0,C7,DT,106.0,29.125,37.735,-1.116,-0.11,2.04,16.99
ATOM,3351.0,C6,DT,106.0,29.847,38.649,-3.33,0.17,1.9,0.09
ATOM,3352.0,H5',DT,106.0,34.289,40.125,-4.228,0.09,1.34,3.4
ATOM,3353.0,H5'',DT,106.0,34.377,41.84,-4.699,0.09,1.34,14.37
ATOM,3354.0,H4',DT,106.0,33.228,40.681,-6.452,0.09,1.32,13.31
ATOM,3355.0,H1',DT,106.0,30.352,39.548,-6.496,0.09,1.32,1.66
ATOM,3356.0,H6,DT,106.0,30.342,39.458,-2.784,0.17,1.1,0.62
ATOM,3357.0,H71,DT,106.0,28.683,38.678,-0.783,0.07,1.34,7.15
ATOM,3358.0,H72,DT,106.0,28.513,36.906,-0.769,0.07,1.34,5.37
ATOM,3359.0,H73,DT,106.0,30.131,37.644,-0.713,0.07,1.34,0.58
ATOM,3360.0,H3,DT,106.0,28.066,35.952,-5.26,0.36,0.2245,15.77
ATOM,3361.0,H3',DT,106.0,31.868,42.706,-4.956,0.09,1.32,4.6
ATOM,3362.0,H2',DT,106.0,30.023,41.7,-4.128,0.09,1.34,6.67
ATOM,3363.0,H2'',DT,106.0,29.6,41.092,-5.746,0.09,1.34,0.0
ATOM,3364.0,P,DC,107.0,30.526,43.526,-7.292,1.5,2.15,3.27
ATOM,3365.0,OP1,DC,107.0,31.136,44.126,-8.507,-0.78,1.7,38.08
ATOM,3366.0,OP2,DC,107.0,30.408,44.33,-6.047,-0.78,1.7,32.36
ATOM,3367.0,O5',DC,107.0,29.083,42.983,-7.68,-0.57,1.77,0.29
ATOM,3368.0,C5',DC,107.0,28.898,42.189,-8.843,-0.08,2.01,9.39
ATOM,3369.0,C4',DC,107.0,27.455,41.758,-8.957,0.16,2.275,3.84
ATOM,3370.0,O4',DC,107.0,27.115,40.862,-7.868,-0.5,1.77,1.55
ATOM,3371.0,C3',DC,107.0,26.414,42.884,-8.917,0.01,2.275,0.01
ATOM,3372.0,O3',DC,107.0,25.363,42.571,-9.841,-0.57,1.77,0.0
ATOM,3373.0,C2',DC,107.0,25.872,42.801,-7.497,-0.18,2.01,2.61
ATOM,3374.0,C1',DC,107.0,25.899,41.3,-7.278,0.16,2.275,0.32
ATOM,3375.0,N1,DC,107.0,25.86,40.814,-5.889,-0.13,1.85,0.0
ATOM,3376.0,C2,DC,107.0,25.467,39.49,-5.668,0.52,1.9,0.0
ATOM,3377.0,O2,DC,107.0,25.156,38.797,-6.642,-0.49,1.7,16.11
ATOM,3378.0,N3,DC,107.0,25.435,39.004,-4.405,-0.66,1.85,7.28
ATOM,3379.0,C4,DC,107.0,25.769,39.793,-3.38,0.65,1.9,0.0
ATOM,3380.0,N4,DC,107.0,25.723,39.271,-2.144,-0.75,1.85,11.6
ATOM,3381.0,C5,DC,107.0,26.167,41.154,-3.575,-0.13,1.9,3.83
ATOM,3382.0,C6,DC,107.0,26.198,41.619,-4.835,0.05,1.9,2.36
ATOM,3383.0,H5',DC,107.0,29.534,41.3,-8.79,0.09,1.34,5.99
ATOM,3384.0,H5'',DC,107.0,29.164,42.763,-9.734,0.09,1.34,10.07
ATOM,3385.0,H4',DC,107.0,27.323,41.153,-9.862,0.09,1.32,10.9
ATOM,3386.0,H1',DC,107.0,25.062,40.793,-7.761,0.09,1.32,0.18
ATOM,3387.0,H6,DC,107.0,26.493,42.641,-5.021,0.17,1.1,6.54
ATOM,3388.0,H5,DC,107.0,26.441,41.81,-2.739,0.07,1.1,17.59
ATOM,3389.0,H41,DC,107.0,25.439,38.317,-2.059,0.37,0.2245,12.15
ATOM,3390.0,H42,DC,107.0,25.971,39.845,-1.355,0.33,0.2245,13.52
ATOM,3391.0,H3',DC,107.0,26.914,43.843,-9.064,0.09,1.32,7.32
ATOM,3392.0,H2',DC,107.0,26.07,43.73,-6.971,0.09,1.34,10.12
ATOM,3393.0,H2'',DC,107.0,24.799,42.618,-7.533,0.09,1.34,0.0
ATOM,3394.0,P,DC,108.0,24.653,43.74,-10.687,1.5,2.15,1.96
ATOM,3395.0,OP1,DC,108.0,25.507,44.048,-11.865,-0.78,1.7,36.49
ATOM,3396.0,OP2,DC,108.0,24.264,44.827,-9.743,-0.78,1.7,31.96
ATOM,3397.0,O5',DC,108.0,23.316,43.054,-11.212,-0.57,1.77,3.73
ATOM,3398.0,C5',DC,108.0,23.359,41.803,-11.896,-0.08,2.01,11.1
ATOM,3399.0,C4',DC,108.0,22.186,40.943,-11.488,0.16,2.275,3.08
ATOM,3400.0,O4',DC,108.0,22.338,40.506,-10.116,-0.5,1.77,3.92
ATOM,3401.0,C3',DC,108.0,20.822,41.634,-11.56,0.01,2.275,0.35
ATOM,3402.0,O3',DC,108.0,19.86,40.743,-12.104,-0.57,1.77,0.0
ATOM,3403.0,C2',DC,108.0,20.475,41.898,-10.107,-0.18,2.01,1.34
ATOM,3404.0,C1',DC,108.0,21.114,40.711,-9.429,0.16,2.275,0.38
ATOM,3405.0,N1,DC,108.0,21.411,40.875,-8.0,-0.13,1.85,0.0
ATOM,3406.0,C2,DC,108.0,21.668,39.735,-7.244,0.52,1.9,0.0
ATOM,3407.0,O2,DC,108.0,21.613,38.629,-7.8,-0.49,1.7,21.33
ATOM,3408.0,N3,DC,108.0,21.962,39.86,-5.933,-0.66,1.85,7.86
ATOM,3409.0,C4,DC,108.0,21.989,41.065,-5.37,0.65,1.9,0.0
ATOM,3410.0,N4,DC,108.0,22.282,41.14,-4.073,-0.75,1.85,13.2
ATOM,3411.0,C5,DC,108.0,21.717,42.248,-6.113,-0.13,1.9,2.19
ATOM,3412.0,C6,DC,108.0,21.437,42.109,-7.415,0.05,1.9,0.36
ATOM,3413.0,H5',DC,108.0,24.289,41.282,-11.651,0.09,1.34,6.0
ATOM,3414.0,H5'',DC,108.0,23.315,41.968,-12.974,0.09,1.34,10.09
ATOM,3415.0,H4',DC,108.0,22.19,40.016,-12.075,0.09,1.32,7.44
ATOM,3416.0,H1',DC,108.0,20.518,39.797,-9.475,0.09,1.32,0.11
ATOM,3417.0,H6,DC,108.0,21.228,42.985,-8.015,0.17,1.1,5.54
ATOM,3418.0,H5,DC,108.0,21.731,43.247,-5.656,0.07,1.1,17.92
ATOM,3419.0,H41,DC,108.0,22.467,40.28,-3.586,0.37,0.2245,8.99
ATOM,3420.0,H42,DC,108.0,22.311,42.039,-3.616,0.33,0.2245,15.93
ATOM,3421.0,H3',DC,108.0,20.926,42.584,-12.094,0.09,1.32,5.72
ATOM,3422.0,H2',DC,108.0,20.317,42.97,-9.956,0.09,1.34,10.22
ATOM,3423.0,H2'',DC,108.0,19.563,41.361,-9.848,0.09,1.34,0.0
ATOM,3424.0,P,DA,109.0,19.429,40.891,-13.637,1.5,2.15,2.72
ATOM,3425.0,OP1,DA,109.0,20.635,40.559,-14.452,-0.78,1.7,24.78
ATOM,3426.0,OP2,DA,109.0,18.779,42.22,-13.775,-0.78,1.7,36.75
ATOM,3427.0,O5',DA,109.0,18.354,39.731,-13.847,-0.57,1.77,5.92
ATOM,3428.0,C5',DA,109.0,18.783,38.377,-13.983,-0.08,2.01,13.71
ATOM,3429.0,C4',DA,109.0,18.091,37.481,-12.978,0.16,2.275,4.32
ATOM,3430.0,O4',DA,109.0,18.326,37.93,-11.619,-0.5,1.77,5.14
ATOM,3431.0,C3',DA,109.0,16.576,37.335,-13.119,0.01,2.275,2.51
ATOM,3432.0,O3',DA,109.0,16.248,35.943,-12.976,-0.57,1.77,4.18
ATOM,3433.0,C2',DA,109.0,16.022,38.172,-11.973,-0.18,2.01,0.0
ATOM,3434.0,C1',DA,109.0,17.099,38.034,-10.909,0.16,2.275,1.29
ATOM,3435.0,N9,DA,109.0,17.213,39.172,-9.997,-0.05,1.85,0.0
ATOM,3436.0,C8,DA,109.0,17.25,40.503,-10.321,0.34,1.9,4.11
ATOM,3437.0,N7,DA,109.0,17.418,41.296,-9.29,-0.71,1.85,8.31
ATOM,3438.0,C5,DA,109.0,17.482,40.43,-8.213,0.28,1.9,0.0
ATOM,3439.0,C6,DA,109.0,17.669,40.646,-6.836,0.46,1.9,0.0
ATOM,3440.0,N6,DA,109.0,17.851,41.851,-6.295,-0.77,1.85,4.57
ATOM,3441.0,N1,DA,109.0,17.675,39.569,-6.023,-0.74,1.85,7.93
ATOM,3442.0,C2,DA,109.0,17.515,38.363,-6.568,0.5,1.9,4.91
ATOM,3443.0,N3,DA,109.0,17.346,38.027,-7.854,-0.75,1.85,6.23
ATOM,3444.0,C4,DA,109.0,17.34,39.12,-8.631,0.43,1.9,0.0
ATOM,3445.0,H5',DA,109.0,19.867,38.318,-13.828,0.09,1.34,6.34
ATOM,3446.0,H5'',DA,109.0,18.546,38.011,-14.983,0.09,1.34,13.34
ATOM,3447.0,H4',DA,109.0,18.537,36.476,-13.016,0.09,1.32,12.56
ATOM,3448.0,H1',DA,109.0,16.999,37.171,-10.255,0.09,1.32,0.52
ATOM,3449.0,H8,DA,109.0,17.097,40.819,-11.339,0.12,1.1,3.46
ATOM,3450.0,H61,DA,109.0,17.98,41.945,-5.297,0.38,0.2245,14.49
ATOM,3451.0,H62,DA,109.0,17.86,42.675,-6.882,0.38,0.2245,10.79
ATOM,3452.0,H2,DA,109.0,17.51,37.481,-5.947,0.13,1.1,16.12
ATOM,3453.0,H3',DA,109.0,16.257,37.764,-14.074,0.09,1.32,8.32
ATOM,3454.0,H2',DA,109.0,15.335,38.927,-12.376,0.09,1.34,10.08
ATOM,3455.0,H2'',DA,109.0,15.474,37.532,-11.28,0.09,1.34,0.0
ATOM,3456.0,P,DA,110.0,14.717,35.461,-13.049,1.5,2.15,3.35
ATOM,3457.0,OP1,DA,110.0,14.731,34.171,-13.784,-0.78,1.7,39.65
ATOM,3458.0,OP2,DA,110.0,13.848,36.572,-13.521,-0.78,1.7,31.48
ATOM,3459.0,O5',DA,110.0,14.345,35.17,-11.527,-0.57,1.77,0.47
ATOM,3460.0,C5',DA,110.0,15.205,34.383,-10.714,-0.08,2.01,9.84
ATOM,3461.0,C4',DA,110.0,14.742,34.424,-9.28,0.16,2.275,4.56
ATOM,3462.0,O4',DA,110.0,14.994,35.722,-8.691,-0.5,1.77,1.05
ATOM,3463.0,C3',DA,110.0,13.249,34.163,-9.081,0.01,2.275,1.33
ATOM,3464.0,O3',DA,110.0,13.108,33.424,-7.869,-0.57,1.77,0.7
ATOM,3465.0,C2',DA,110.0,12.677,35.559,-8.887,-0.18,2.01,2.14
ATOM,3466.0,C1',DA,110.0,13.792,36.206,-8.096,0.16,2.275,0.57
ATOM,3467.0,N9,DA,110.0,13.839,37.671,-8.094,-0.05,1.85,0.0
ATOM,3468.0,C8,DA,110.0,13.708,38.538,-9.15,0.34,1.9,5.39
ATOM,3469.0,N7,DA,110.0,13.861,39.798,-8.819,-0.71,1.85,10.03
ATOM,3470.0,C5,DA,110.0,14.092,39.758,-7.45,0.28,1.9,0.0
ATOM,3471.0,C6,DA,110.0,14.338,40.765,-6.497,0.46,1.9,0.0
ATOM,3472.0,N6,DA,110.0,14.399,42.065,-6.786,-0.77,1.85,5.87
ATOM,3473.0,N1,DA,110.0,14.523,40.385,-5.215,-0.74,1.85,6.38
ATOM,3474.0,C2,DA,110.0,14.468,39.088,-4.921,0.5,1.9,2.16
ATOM,3475.0,N3,DA,110.0,14.246,38.052,-5.725,-0.75,1.85,2.67
ATOM,3476.0,C4,DA,110.0,14.066,38.458,-6.99,0.43,1.9,0.0
ATOM,3477.0,H5',DA,110.0,16.226,34.77,-10.773,0.09,1.34,4.24
ATOM,3478.0,H5'',DA,110.0,15.198,33.346,-11.057,0.09,1.34,11.61
ATOM,3479.0,H4',DA,110.0,15.345,33.727,-8.679,0.09,1.32,13.34
ATOM,3480.0,H1',DA,110.0,13.791,35.933,-7.042,0.09,1.32,0.36
ATOM,3481.0,H8,DA,110.0,13.451,38.169,-10.127,0.12,1.1,3.66
ATOM,3482.0,H61,DA,110.0,14.579,42.739,-6.059,0.38,0.2245,14.32
ATOM,3483.0,H62,DA,110.0,14.264,42.379,-7.74,0.38,0.2245,11.81
ATOM,3484.0,H2,DA,110.0,14.615,38.755,-3.905,0.13,1.1,12.53
ATOM,3485.0,H3',DA,110.0,12.834,33.719,-9.989,0.09,1.32,7.71
ATOM,3486.0,H2',DA,110.0,11.97,35.782,-9.683,0.09,1.34,11.48
ATOM,3487.0,H2'',DA,110.0,12.174,35.609,-7.923,0.09,1.34,0.0
ATOM,3488.0,P,DA,111.0,11.769,32.594,-7.574,1.5,2.15,2.31
ATOM,3489.0,OP1,DA,111.0,12.238,31.188,-7.528,-0.78,1.7,38.46
ATOM,3490.0,OP2,DA,111.0,10.633,32.967,-8.469,-0.78,1.7,33.68
ATOM,3491.0,O5',DA,111.0,11.414,33.072,-6.101,-0.57,1.77,0.8
ATOM,3492.0,C5',DA,111.0,12.416,33.049,-5.101,-0.08,2.01,10.47
ATOM,3493.0,C4',DA,111.0,11.961,33.828,-3.895,0.16,2.275,4.3
ATOM,3494.0,O4',DA,111.0,12.303,35.23,-4.031,-0.5,1.77,4.89
ATOM,3495.0,C3',DA,111.0,10.453,33.756,-3.664,0.01,2.275,3.47
ATOM,3496.0,O3',DA,111.0,10.183,33.551,-2.278,-0.57,1.77,4.95
ATOM,3497.0,C2',DA,111.0,9.975,35.118,-4.115,-0.18,2.01,0.0
ATOM,3498.0,C1',DA,111.0,11.159,36.014,-3.778,0.16,2.275,0.97
ATOM,3499.0,N9,DA,111.0,11.217,37.206,-4.627,-0.05,1.85,0.0
ATOM,3500.0,C8,DA,111.0,11.002,37.263,-5.984,0.34,1.9,2.34
ATOM,3501.0,N7,DA,111.0,11.035,38.473,-6.475,-0.71,1.85,8.45
ATOM,3502.0,C5,DA,111.0,11.308,39.27,-5.373,0.28,1.9,0.0
ATOM,3503.0,C6,DA,111.0,11.463,40.657,-5.236,0.46,1.9,0.0
ATOM,3504.0,N6,DA,111.0,11.356,41.496,-6.262,-0.77,1.85,9.12
ATOM,3505.0,N1,DA,111.0,11.739,41.15,-4.005,-0.74,1.85,10.1
ATOM,3506.0,C2,DA,111.0,11.86,40.285,-2.99,0.5,1.9,4.66
ATOM,3507.0,N3,DA,111.0,11.733,38.949,-2.994,-0.75,1.85,4.44
ATOM,3508.0,C4,DA,111.0,11.447,38.503,-4.232,0.43,1.9,0.0
ATOM,3509.0,H5',DA,111.0,13.338,33.494,-5.488,0.09,1.34,4.76
ATOM,3510.0,H5'',DA,111.0,12.621,32.019,-4.797,0.09,1.34,12.85
ATOM,3511.0,H4',DA,111.0,12.519,33.495,-3.009,0.09,1.32,12.59
ATOM,3512.0,H1',DA,111.0,11.214,36.406,-2.761,0.09,1.32,0.15
ATOM,3513.0,H8,DA,111.0,10.779,36.363,-6.533,0.12,1.1,1.89
ATOM,3514.0,H61,DA,111.0,11.477,42.497,-6.111,0.38,0.2245,14.87
ATOM,3515.0,H62,DA,111.0,11.156,41.152,-7.189,0.38,0.2245,10.14
ATOM,3516.0,H2,DA,111.0,12.091,40.638,-2.0,0.13,1.1,13.16
ATOM,3517.0,H3',DA,111.0,10.026,32.981,-4.306,0.09,1.32,7.91
ATOM,3518.0,H2',DA,111.0,9.214,35.001,-4.898,0.09,1.34,5.61
ATOM,3519.0,H2'',DA,111.0,9.532,35.656,-3.273,0.09,1.34,0.0
ATOM,3520.0,P,DT,112.0,8.709,33.81,-1.698,1.5,2.15,2.96
ATOM,3521.0,OP1,DT,112.0,8.364,32.707,-0.781,-0.78,1.7,38.99
ATOM,3522.0,OP2,DT,112.0,7.809,34.122,-2.836,-0.78,1.7,22.2
ATOM,3523.0,O5',DT,112.0,8.932,35.102,-0.807,-0.57,1.77,0.01
ATOM,3524.0,C5',DT,112.0,10.113,35.23,-0.026,-0.08,2.01,8.13
ATOM,3525.0,C4',DT,112.0,10.029,36.446,0.866,0.16,2.275,5.16
ATOM,3526.0,O4',DT,112.0,10.156,37.649,0.08,-0.5,1.77,4.09
ATOM,3527.0,C3',DT,112.0,8.721,36.579,1.637,0.01,2.275,2.68
ATOM,3528.0,O3',DT,112.0,8.981,37.08,2.946,-0.57,1.77,5.33
ATOM,3529.0,C2',DT,112.0,7.919,37.568,0.81,-0.18,2.01,0.0
ATOM,3530.0,C1',DT,112.0,8.995,38.456,0.211,0.16,2.275,1.15
ATOM,3531.0,N1,DT,112.0,8.679,38.986,-1.131,-0.34,1.85,0.0
ATOM,3532.0,C2,DT,112.0,8.97,40.311,-1.397,0.51,1.9,0.0
ATOM,3533.0,O2,DT,112.0,9.4,41.088,-0.545,-0.41,1.7,13.65
ATOM,3534.0,N3,DT,112.0,8.729,40.701,-2.7,-0.46,1.85,0.0
ATOM,3535.0,C4,DT,112.0,8.216,39.928,-3.718,0.5,1.9,0.0
ATOM,3536.0,O4,DT,112.0,8.092,40.402,-4.843,-0.45,1.7,12.99
ATOM,3537.0,C5,DT,112.0,7.871,38.567,-3.346,-0.15,1.9,0.0
ATOM,3538.0,C7,DT,112.0,7.234,37.673,-4.364,-0.11,2.04,19.26
ATOM,3539.0,C6,DT,112.0,8.131,38.169,-2.094,0.17,1.9,0.53
ATOM,3540.0,H5',DT,112.0,10.983,35.328,-0.684,0.09,1.34,3.04
ATOM,3541.0,H5'',DT,112.0,10.242,34.347,0.603,0.09,1.34,11.02
ATOM,3542.0,H4',DT,112.0,10.893,36.463,1.542,0.09,1.32,13.69
ATOM,3543.0,H1',DT,112.0,9.243,39.336,0.796,0.09,1.32,0.43
ATOM,3544.0,H6,DT,112.0,7.851,37.146,-1.817,0.17,1.1,0.58
ATOM,3545.0,H71,DT,112.0,6.255,37.355,-3.998,0.07,1.34,13.21
ATOM,3546.0,H72,DT,112.0,7.112,38.214,-5.301,0.07,1.34,8.76
ATOM,3547.0,H73,DT,112.0,7.861,36.798,-4.526,0.07,1.34,0.0
ATOM,3548.0,H3,DT,112.0,8.973,41.739,-2.949,0.36,0.2245,7.22
ATOM,3549.0,H3',DT,112.0,8.208,35.612,1.654,0.09,1.32,5.68
ATOM,3550.0,H2',DT,112.0,6.958,37.113,0.53,0.09,1.34,8.94
ATOM,3551.0,H2'',DT,112.0,7.721,38.468,1.396,0.09,1.34,0.0
ATOM,3552.0,P,DA,113.0,7.762,37.327,3.954,1.5,2.15,3.01
ATOM,3553.0,OP1,DA,113.0,8.238,37.012,5.326,-0.78,1.7,38.6
ATOM,3554.0,OP2,DA,113.0,6.553,36.644,3.414,-0.78,1.7,30.97
ATOM,3555.0,O5',DA,113.0,7.514,38.895,3.831,-0.57,1.77,0.0
ATOM,3556.0,C5',DA,113.0,8.543,39.832,4.155,-0.08,2.01,9.86
ATOM,3557.0,C4',DA,113.0,7.988,41.237,4.129,0.16,2.275,5.47
ATOM,3558.0,O4',DA,113.0,7.808,41.676,2.758,-0.5,1.77,4.32
ATOM,3559.0,C3',DA,113.0,6.62,41.374,4.801,0.01,2.275,1.32
ATOM,3560.0,O3',DA,113.0,6.558,42.563,5.6,-0.57,1.77,9.23
ATOM,3561.0,C2',DA,113.0,5.653,41.444,3.628,-0.18,2.01,0.0
ATOM,3562.0,C1',DA,113.0,6.476,42.132,2.557,0.16,2.275,1.64
ATOM,3563.0,N9,DA,113.0,6.088,41.785,1.19,-0.05,1.85,0.0
ATOM,3564.0,C8,DA,113.0,5.764,40.542,0.713,0.34,1.9,2.06
ATOM,3565.0,N7,DA,113.0,5.472,40.523,-0.565,-0.71,1.85,5.79
ATOM,3566.0,C5,DA,113.0,5.607,41.844,-0.958,0.28,1.9,0.0
ATOM,3567.0,C6,DA,113.0,5.436,42.481,-2.199,0.46,1.9,0.0
ATOM,3568.0,N6,DA,113.0,5.107,41.844,-3.322,-0.77,1.85,4.79
ATOM,3569.0,N1,DA,113.0,5.627,43.814,-2.249,-0.74,1.85,16.2
ATOM,3570.0,C2,DA,113.0,5.987,44.449,-1.128,0.5,1.9,10.42
ATOM,3571.0,N3,DA,113.0,6.199,43.958,0.094,-0.75,1.85,11.43
ATOM,3572.0,C4,DA,113.0,5.983,42.635,0.114,0.43,1.9,0.0
ATOM,3573.0,H5',DA,113.0,9.354,39.752,3.428,0.09,1.34,5.52
ATOM,3574.0,H5'',DA,113.0,8.933,39.622,5.152,0.09,1.34,10.73
ATOM,3575.0,H4',DA,113.0,8.728,41.931,4.545,0.09,1.32,13.86
ATOM,3576.0,H1',DA,113.0,6.473,43.22,2.572,0.09,1.32,4.34
ATOM,3577.0,H8,DA,113.0,5.717,39.698,1.382,0.12,1.1,2.37
ATOM,3578.0,H61,DA,113.0,4.998,42.357,-4.185,0.38,0.2245,17.78
ATOM,3579.0,H62,DA,113.0,4.965,40.841,-3.314,0.38,0.2245,5.31
ATOM,3580.0,H2,DA,113.0,6.147,45.516,-1.14,0.13,1.1,18.27
ATOM,3581.0,H3',DA,113.0,6.416,40.477,5.393,0.09,1.32,4.89
ATOM,3582.0,H2',DA,113.0,4.906,40.643,3.727,0.09,1.34,9.19
ATOM,3583.0,H2'',DA,113.0,5.136,42.405,3.632,0.09,1.34,0.0
ATOM,3584.0,P,DC,114.0,5.216,42.9,6.423,1.5,2.15,2.16
ATOM,3585.0,OP1,DC,114.0,5.284,44.333,6.807,-0.78,1.7,30.45
ATOM,3586.0,OP2,DC,114.0,5.003,41.864,7.473,-0.78,1.7,39.89
ATOM,3587.0,O5',DC,114.0,4.075,42.733,5.327,-0.57,1.77,0.51
ATOM,3588.0,C5',DC,114.0,2.853,43.439,5.433,-0.08,2.01,11.56
ATOM,3589.0,C4',DC,114.0,3.007,44.832,4.87,0.16,2.275,2.99
ATOM,3590.0,O4',DC,114.0,3.572,44.78,3.534,-0.5,1.77,2.94
ATOM,3591.0,C3',DC,114.0,1.667,45.547,4.742,0.01,2.275,0.6
ATOM,3592.0,O3',DC,114.0,1.749,46.911,5.134,-0.57,1.77,7.73
ATOM,3593.0,C2',DC,114.0,1.324,45.428,3.271,-0.18,2.01,0.41
ATOM,3594.0,C1',DC,114.0,2.673,45.345,2.583,0.16,2.275,2.49
ATOM,3595.0,N1,DC,114.0,2.621,44.444,1.423,-0.13,1.85,0.0
ATOM,3596.0,C2,DC,114.0,2.559,44.991,0.136,0.52,1.9,0.0
ATOM,3597.0,O2,DC,114.0,2.546,46.218,0.005,-0.49,1.7,16.72
ATOM,3598.0,N3,DC,114.0,2.507,44.163,-0.929,-0.66,1.85,5.23
ATOM,3599.0,C4,DC,114.0,2.507,42.838,-0.746,0.65,1.9,0.0
ATOM,3600.0,N4,DC,114.0,2.458,42.055,-1.828,-0.75,1.85,3.71
ATOM,3601.0,C5,DC,114.0,2.561,42.257,0.551,-0.13,1.9,2.32
ATOM,3602.0,C6,DC,114.0,2.621,43.087,1.597,0.05,1.9,2.39
ATOM,3603.0,H5',DC,114.0,2.553,43.51,6.483,0.09,1.34,10.68
ATOM,3604.0,H5'',DC,114.0,2.069,42.919,4.876,0.09,1.34,7.38
ATOM,3605.0,H4',DC,114.0,3.748,45.386,5.46,0.09,1.32,4.41
ATOM,3606.0,H1',DC,114.0,3.103,46.265,2.188,0.09,1.32,5.67
ATOM,3607.0,H6,DC,114.0,2.671,42.684,2.601,0.17,1.1,1.19
ATOM,3608.0,H5,DC,114.0,2.555,41.169,0.71,0.07,1.1,10.69
ATOM,3609.0,H41,DC,114.0,2.421,42.507,-2.726,0.37,0.2245,9.04
ATOM,3610.0,H42,DC,114.0,2.459,41.054,-1.721,0.33,0.2245,11.24
ATOM,3611.0,H3',DC,114.0,0.914,45.019,5.341,0.09,1.32,4.63
ATOM,3612.0,H2',DC,114.0,0.307,44.999,3.172,0.09,1.34,2.4
ATOM,3613.0,H2'',DC,114.0,1.318,46.416,2.802,0.09,1.34,0.0
ATOM,3614.0,P,DA,115.0,0.394,47.73,5.375,1.5,2.15,2.72
ATOM,3615.0,OP1,DA,115.0,0.727,48.994,6.08,-0.78,1.7,36.31
ATOM,3616.0,OP2,DA,115.0,-0.577,46.782,5.981,-0.78,1.7,34.45
ATOM,3617.0,O5',DA,115.0,-0.086,48.098,3.902,-0.57,1.77,0.0
ATOM,3618.0,C5',DA,115.0,0.481,49.209,3.218,-0.08,2.01,9.65
ATOM,3619.0,C4',DA,115.0,-0.355,49.555,2.011,0.16,2.275,5.16
ATOM,3620.0,O4',DA,115.0,-0.2,48.514,1.013,-0.5,1.77,4.04
ATOM,3621.0,C3',DA,115.0,-1.855,49.66,2.298,0.01,2.275,2.88
ATOM,3622.0,O3',DA,115.0,-2.426,50.773,1.594,-0.57,1.77,6.7
ATOM,3623.0,C2',DA,115.0,-2.405,48.332,1.805,-0.18,2.01,0.0
ATOM,3624.0,C1',DA,115.0,-1.468,47.976,0.659,0.16,2.275,1.45
ATOM,3625.0,N9,DA,115.0,-1.314,46.532,0.435,-0.05,1.85,0.0
ATOM,3626.0,C8,DA,115.0,-1.076,45.555,1.376,0.34,1.9,2.65
ATOM,3627.0,N7,DA,115.0,-1.032,44.34,0.882,-0.71,1.85,6.4
ATOM,3628.0,C5,DA,115.0,-1.247,44.525,-0.479,0.28,1.9,0.0
ATOM,3629.0,C6,DA,115.0,-1.334,43.621,-1.555,0.46,1.9,0.0
ATOM,3630.0,N6,DA,115.0,-1.21,42.299,-1.418,-0.77,1.85,5.11
ATOM,3631.0,N1,DA,115.0,-1.56,44.128,-2.789,-0.74,1.85,13.75
ATOM,3632.0,C2,DA,115.0,-1.689,45.454,-2.921,0.5,1.9,9.3
ATOM,3633.0,N3,DA,115.0,-1.634,46.406,-1.989,-0.75,1.85,9.04
ATOM,3634.0,C4,DA,115.0,-1.409,45.87,-0.773,0.43,1.9,0.0
ATOM,3635.0,H5',DA,115.0,1.496,48.964,2.894,0.09,1.34,6.85
ATOM,3636.0,H5'',DA,115.0,0.519,50.076,3.882,0.09,1.34,8.9
ATOM,3637.0,H4',DA,115.0,0.043,50.454,1.534,0.09,1.32,13.78
ATOM,3638.0,H1',DA,115.0,-1.757,48.37,-0.315,0.09,1.32,0.45
ATOM,3639.0,H8,DA,115.0,-0.994,45.816,2.417,0.12,1.1,0.98
ATOM,3640.0,H61,DA,115.0,-1.282,41.699,-2.228,0.38,0.2245,17.49
ATOM,3641.0,H62,DA,115.0,-1.044,41.896,-0.506,0.38,0.2245,9.41
ATOM,3642.0,H2,DA,115.0,-1.865,45.885,-3.894,0.13,1.1,15.46
ATOM,3643.0,H3',DA,115.0,-2.011,49.746,3.377,0.09,1.32,6.3
ATOM,3644.0,H2',DA,115.0,-2.949,47.838,2.624,0.09,1.34,7.72
ATOM,3645.0,H2'',DA,115.0,-3.099,48.5,0.978,0.09,1.34,0.0
ATOM,3646.0,P,DC,116.0,-4.025,50.977,1.565,1.5,2.15,2.81
ATOM,3647.0,OP1,DC,116.0,-4.302,52.405,1.278,-0.78,1.7,37.25
ATOM,3648.0,OP2,DC,116.0,-4.629,50.337,2.767,-0.78,1.7,33.28
ATOM,3649.0,O5',DC,116.0,-4.454,50.158,0.275,-0.57,1.77,0.0
ATOM,3650.0,C5',DC,116.0,-3.934,50.518,-1.002,-0.08,2.01,9.15
ATOM,3651.0,C4',DC,116.0,-4.763,49.883,-2.09,0.16,2.275,4.88
ATOM,3652.0,O4',DC,116.0,-4.377,48.496,-2.279,-0.5,1.77,2.56
ATOM,3653.0,C3',DC,116.0,-6.255,49.879,-1.755,0.01,2.275,2.85
ATOM,3654.0,O3',DC,116.0,-7.021,50.238,-2.899,-0.57,1.77,3.75
ATOM,3655.0,C2',DC,116.0,-6.527,48.441,-1.355,-0.18,2.01,0.0
ATOM,3656.0,C1',DC,116.0,-5.533,47.675,-2.215,0.16,2.275,0.7
ATOM,3657.0,N1,DC,116.0,-5.15,46.358,-1.662,-0.13,1.85,0.0
ATOM,3658.0,C2,DC,116.0,-4.939,45.287,-2.542,0.52,1.9,0.0
ATOM,3659.0,O2,DC,116.0,-5.023,45.489,-3.761,-0.49,1.7,14.33
ATOM,3660.0,N3,DC,116.0,-4.652,44.062,-2.036,-0.66,1.85,5.4
ATOM,3661.0,C4,DC,116.0,-4.57,43.887,-0.711,0.65,1.9,0.0
ATOM,3662.0,N4,DC,116.0,-4.316,42.662,-0.25,-0.75,1.85,8.15
ATOM,3663.0,C5,DC,116.0,-4.751,44.964,0.203,-0.13,1.9,1.1
ATOM,3664.0,C6,DC,116.0,-5.031,46.172,-0.31,0.05,1.9,0.16
ATOM,3665.0,H5',DC,116.0,-2.901,50.174,-1.089,0.09,1.34,3.89
ATOM,3666.0,H5'',DC,116.0,-3.961,51.603,-1.121,0.09,1.34,9.57
ATOM,3667.0,H4',DC,116.0,-4.538,50.363,-3.052,0.09,1.32,12.99
ATOM,3668.0,H1',DC,116.0,-5.871,47.446,-3.229,0.09,1.32,0.0
ATOM,3669.0,H6,DC,116.0,-5.166,47.017,0.353,0.17,1.1,1.99
ATOM,3670.0,H5,DC,116.0,-4.669,44.835,1.291,0.07,1.1,12.09
ATOM,3671.0,H41,DC,116.0,-4.194,41.927,-0.929,0.37,0.2245,12.53
ATOM,3672.0,H42,DC,116.0,-4.253,42.501,0.742,0.33,0.2245,15.61
ATOM,3673.0,H3',DC,116.0,-6.436,50.54,-0.902,0.09,1.32,5.05
ATOM,3674.0,H2',DC,116.0,-6.954,48.415,-0.347,0.09,1.34,2.78
ATOM,3675.0,H2'',DC,116.0,-7.236,47.992,-2.052,0.09,1.34,0.0
ATOM,3676.0,P,DT,117.0,-8.623,50.173,-2.833,1.5,2.15,2.87
ATOM,3677.0,OP1,DT,117.0,-9.149,51.47,-3.346,-0.78,1.7,41.39
ATOM,3678.0,OP2,DT,117.0,-9.019,49.693,-1.474,-0.78,1.7,22.79
ATOM,3679.0,O5',DT,117.0,-8.956,49.036,-3.9,-0.57,1.77,0.67
ATOM,3680.0,C5',DT,117.0,-8.191,48.933,-5.11,-0.08,2.01,8.67
ATOM,3681.0,C4',DT,117.0,-8.609,47.719,-5.911,0.16,2.275,4.77
ATOM,3682.0,O4',DT,117.0,-8.101,46.502,-5.302,-0.5,1.77,3.37
ATOM,3683.0,C3',DT,117.0,-10.121,47.543,-6.046,0.01,2.275,2.04
ATOM,3684.0,O3',DT,117.0,-10.459,47.197,-7.396,-0.57,1.77,3.34
ATOM,3685.0,C2',DT,117.0,-10.442,46.432,-5.057,-0.18,2.01,0.0
ATOM,3686.0,C1',DT,117.0,-9.165,45.598,-5.032,0.16,2.275,1.72
ATOM,3687.0,N1,DT,117.0,-8.883,44.929,-3.733,-0.34,1.85,0.0
ATOM,3688.0,C2,DT,117.0,-8.59,43.576,-3.734,0.51,1.9,0.0
ATOM,3689.0,O2,DT,117.0,-8.551,42.905,-4.744,-0.41,1.7,17.85
ATOM,3690.0,N3,DT,117.0,-8.345,43.037,-2.495,-0.46,1.85,0.2
ATOM,3691.0,C4,DT,117.0,-8.363,43.694,-1.277,0.5,1.9,0.0
ATOM,3692.0,O4,DT,117.0,-8.129,43.072,-0.238,-0.45,1.7,20.01
ATOM,3693.0,C5,DT,117.0,-8.671,45.113,-1.346,-0.15,1.9,0.0
ATOM,3694.0,C7,DT,117.0,-8.695,45.913,-0.079,-0.11,2.04,19.11
ATOM,3695.0,C6,DT,117.0,-8.915,45.649,-2.555,0.17,1.9,0.0
ATOM,3696.0,H5',DT,117.0,-7.128,48.852,-4.862,0.09,1.34,2.89
ATOM,3697.0,H5'',DT,117.0,-8.351,49.82,-5.722,0.09,1.34,12.19
ATOM,3698.0,H4',DT,117.0,-8.132,47.751,-6.9,0.09,1.32,12.98
ATOM,3699.0,H1',DT,117.0,-9.134,44.789,-5.758,0.09,1.32,1.08
ATOM,3700.0,H6,DT,117.0,-9.194,46.707,-2.594,0.17,1.1,0.07
ATOM,3701.0,H71,DT,117.0,-9.686,46.355,0.041,0.07,1.34,8.9
ATOM,3702.0,H72,DT,117.0,-8.483,45.263,0.767,0.07,1.34,7.81
ATOM,3703.0,H73,DT,117.0,-7.949,46.703,-0.132,0.07,1.34,0.0
ATOM,3704.0,H3,DT,117.0,-8.108,41.967,-2.463,0.36,0.2245,13.23
ATOM,3705.0,H3',DT,117.0,-10.623,48.465,-5.738,0.09,1.32,6.42
ATOM,3706.0,H2',DT,117.0,-11.224,46.78,-4.364,0.09,1.34,2.55
ATOM,3707.0,H2'',DT,117.0,-10.818,45.555,-5.588,0.09,1.34,0.0
ATOM,3708.0,P,DT,118.0,-12.006,47.088,-7.838,1.5,2.15,3.02
ATOM,3709.0,OP1,DT,118.0,-12.152,47.807,-9.129,-0.78,1.7,40.93
ATOM,3710.0,OP2,DT,118.0,-12.891,47.43,-6.688,-0.78,1.7,28.44
ATOM,3711.0,O5',DT,118.0,-12.181,45.538,-8.144,-0.57,1.77,1.86
ATOM,3712.0,C5',DT,118.0,-11.166,44.832,-8.858,-0.08,2.01,10.34
ATOM,3713.0,C4',DT,118.0,-11.293,43.346,-8.625,0.16,2.275,4.35
ATOM,3714.0,O4',DT,118.0,-10.912,43.005,-7.271,-0.5,1.77,1.98
ATOM,3715.0,C3',DT,118.0,-12.706,42.809,-8.817,0.01,2.275,0.03
ATOM,3716.0,O3',DT,118.0,-12.633,41.58,-9.507,-0.57,1.77,0.03
ATOM,3717.0,C2',DT,118.0,-13.19,42.566,-7.402,-0.18,2.01,0.0
ATOM,3718.0,C1',DT,118.0,-11.905,42.166,-6.715,0.16,2.275,1.33
ATOM,3719.0,N1,DT,118.0,-11.882,42.326,-5.245,-0.34,1.85,0.0
ATOM,3720.0,C2,DT,118.0,-11.497,41.237,-4.497,0.51,1.9,0.0
ATOM,3721.0,O2,DT,118.0,-11.171,40.172,-4.995,-0.41,1.7,14.41
ATOM,3722.0,N3,DT,118.0,-11.513,41.434,-3.142,-0.46,1.85,0.0
ATOM,3723.0,C4,DT,118.0,-11.874,42.578,-2.471,0.5,1.9,0.43
ATOM,3724.0,O4,DT,118.0,-11.86,42.589,-1.241,-0.45,1.7,23.35
ATOM,3725.0,C5,DT,118.0,-12.256,43.695,-3.318,-0.15,1.9,0.0
ATOM,3726.0,C7,DT,118.0,-12.648,44.993,-2.683,-0.11,2.04,22.98
ATOM,3727.0,C6,DT,118.0,-12.239,43.513,-4.646,0.17,1.9,0.42
ATOM,3728.0,H5',DT,118.0,-10.18,45.166,-8.52,0.09,1.34,4.55
ATOM,3729.0,H5'',DT,118.0,-11.262,45.026,-9.927,0.09,1.34,12.05
ATOM,3730.0,H4',DT,118.0,-10.57,42.813,-9.258,0.09,1.32,12.74
ATOM,3731.0,H1',DT,118.0,-11.62,41.126,-6.875,0.09,1.32,1.68
ATOM,3732.0,H6,DT,118.0,-12.567,44.344,-5.278,0.17,1.1,0.52
ATOM,3733.0,H71,DT,118.0,-13.67,45.241,-2.979,0.07,1.34,13.98
ATOM,3734.0,H72,DT,118.0,-12.597,44.9,-1.6,0.07,1.34,6.58
ATOM,3735.0,H73,DT,118.0,-11.973,45.78,-3.015,0.07,1.34,0.26
ATOM,3736.0,H3,DT,118.0,-11.203,40.584,-2.52,0.36,0.2245,12.31
ATOM,3737.0,H3',DT,118.0,-13.326,43.577,-9.292,0.09,1.32,5.58
ATOM,3738.0,H2',DT,118.0,-14.096,43.148,-7.217,0.09,1.34,7.37
ATOM,3739.0,H2'',DT,118.0,-13.41,41.507,-7.269,0.09,1.34,0.0
ATOM,3740.0,P,DT,119.0,-13.733,41.229,-10.608,1.5,2.15,2.23
ATOM,3741.0,OP1,DT,119.0,-13.156,41.534,-11.943,-0.78,1.7,37.05
ATOM,3742.0,OP2,DT,119.0,-15.018,41.839,-10.196,-0.78,1.7,31.98
ATOM,3743.0,O5',DT,119.0,-13.899,39.654,-10.45,-0.57,1.77,2.34
ATOM,3744.0,C5',DT,119.0,-12.776,38.782,-10.64,-0.08,2.01,10.89
ATOM,3745.0,C4',DT,119.0,-12.97,37.469,-9.91,0.16,2.275,2.74
ATOM,3746.0,O4',DT,119.0,-12.548,37.612,-8.527,-0.5,1.77,6.83
ATOM,3747.0,C3',DT,119.0,-14.406,36.935,-9.88,0.01,2.275,4.18
ATOM,3748.0,O3',DT,119.0,-14.621,35.727,-10.634,-0.57,1.77,12.71
ATOM,3749.0,C2',DT,119.0,-14.775,36.845,-8.41,-0.18,2.01,2.8
ATOM,3750.0,C1',DT,119.0,-13.455,36.956,-7.661,0.16,2.275,0.29
ATOM,3751.0,N1,DT,119.0,-13.601,37.77,-6.44,-0.34,1.85,0.0
ATOM,3752.0,C2,DT,119.0,-13.129,37.27,-5.247,0.51,1.9,0.06
ATOM,3753.0,O2,DT,119.0,-12.5,36.228,-5.163,-0.41,1.7,17.13
ATOM,3754.0,N3,DT,119.0,-13.416,38.043,-4.146,-0.46,1.85,0.43
ATOM,3755.0,C4,DT,119.0,-14.091,39.25,-4.124,0.5,1.9,0.0
ATOM,3756.0,O4,DT,119.0,-14.297,39.826,-3.049,-0.45,1.7,17.42
ATOM,3757.0,C5,DT,119.0,-14.509,39.738,-5.423,-0.15,1.9,0.0
ATOM,3758.0,C7,DT,119.0,-15.22,41.05,-5.509,-0.11,2.04,17.73
ATOM,3759.0,C6,DT,119.0,-14.241,38.987,-6.498,0.17,1.9,0.0
ATOM,3760.0,H5',DT,119.0,-11.868,39.27,-10.266,0.09,1.34,7.15
ATOM,3761.0,H5'',DT,119.0,-12.654,38.564,-11.701,0.09,1.34,13.41
ATOM,3762.0,H4',DT,119.0,-12.295,36.716,-10.327,0.09,1.32,1.59
ATOM,3763.0,H1',DT,119.0,-13.002,36.027,-7.313,0.09,1.32,0.0
ATOM,3764.0,H6,DT,119.0,-14.591,39.35,-7.472,0.17,1.1,0.74
ATOM,3765.0,H71,DT,119.0,-16.207,40.895,-5.952,0.07,1.34,11.7
ATOM,3766.0,H72,DT,119.0,-15.334,41.471,-4.511,0.07,1.34,6.41
ATOM,3767.0,H73,DT,119.0,-14.648,41.737,-6.132,0.07,1.34,0.0
ATOM,3768.0,H3,DT,119.0,-13.073,37.663,-3.177,0.36,0.2245,13.93
ATOM,3769.0,H3',DT,119.0,-15.069,37.655,-10.384,0.09,1.32,8.43
ATOM,3770.0,H2',DT,119.0,-15.832,37.171,-8.289,0.09,1.34,5.74
ATOM,3771.0,H2'',DT,119.0,-14.709,35.81,-8.061,0.09,1.34,0.0
ATOM,3772.0,P,DT,120.0,-13.672,34.448,-10.447,1.5,2.15,1.85
ATOM,3773.0,OP1,DT,120.0,-12.278,34.799,-10.864,-0.78,1.7,25.27
ATOM,3774.0,OP2,DT,120.0,-14.395,33.367,-11.163,-0.78,1.7,39.55
ATOM,3775.0,O5',DT,120.0,-13.708,34.119,-8.888,-0.57,1.77,0.0
ATOM,3776.0,C5',DT,120.0,-12.539,33.611,-8.239,-0.08,2.01,8.62
ATOM,3777.0,C4',DT,120.0,-12.905,32.677,-7.109,0.16,2.275,3.33
ATOM,3778.0,O4',DT,120.0,-13.342,33.386,-5.929,-0.5,1.77,2.95
ATOM,3779.0,C3',DT,120.0,-13.979,31.632,-7.389,0.01,2.275,0.14
ATOM,3780.0,O3',DT,120.0,-13.586,30.45,-6.704,-0.57,1.77,0.0
ATOM,3781.0,C2',DT,120.0,-15.197,32.207,-6.682,-0.18,2.01,0.89
ATOM,3782.0,C1',DT,120.0,-14.538,32.794,-5.448,0.16,2.275,0.65
ATOM,3783.0,N1,DT,120.0,-15.288,33.834,-4.718,-0.34,1.85,0.0
ATOM,3784.0,C2,DT,120.0,-15.18,33.868,-3.342,0.51,1.9,0.29
ATOM,3785.0,O2,DT,120.0,-14.588,33.026,-2.697,-0.41,1.7,17.51
ATOM,3786.0,N3,DT,120.0,-15.804,34.927,-2.745,-0.46,1.85,1.44
ATOM,3787.0,C4,DT,120.0,-16.53,35.925,-3.363,0.5,1.9,0.03
ATOM,3788.0,O4,DT,120.0,-17.001,36.843,-2.689,-0.45,1.7,26.1
ATOM,3789.0,C5,DT,120.0,-16.659,35.791,-4.805,-0.15,1.9,0.0
ATOM,3790.0,C7,DT,120.0,-17.469,36.793,-5.564,-0.11,2.04,21.25
ATOM,3791.0,C6,DT,120.0,-16.04,34.764,-5.398,0.17,1.9,0.6
ATOM,3792.0,H5',DT,120.0,-11.951,34.446,-7.839,0.09,1.34,4.5
ATOM,3793.0,H5'',DT,120.0,-11.931,33.056,-8.953,0.09,1.34,9.42
ATOM,3794.0,H4',DT,120.0,-12.004,32.127,-6.783,0.09,1.32,9.25
ATOM,3795.0,H1',DT,120.0,-14.285,32.06,-4.687,0.09,1.32,0.18
ATOM,3796.0,H6,DT,120.0,-16.178,34.64,-6.478,0.17,1.1,1.92
ATOM,3797.0,H71,DT,120.0,-18.284,36.28,-6.079,0.07,1.34,13.41
ATOM,3798.0,H72,DT,120.0,-17.883,37.527,-4.874,0.07,1.34,7.6
ATOM,3799.0,H73,DT,120.0,-16.838,37.295,-6.296,0.07,1.34,0.13
ATOM,3800.0,H3,DT,120.0,-15.722,34.996,-1.653,0.36,0.2245,13.41
ATOM,3801.0,H3',DT,120.0,-14.168,31.582,-8.463,0.09,1.32,2.32
ATOM,3802.0,H2',DT,120.0,-15.976,32.428,-7.403,0.09,1.34,10.45
ATOM,3803.0,H2'',DT,120.0,-15.56,31.486,-5.952,0.09,1.34,0.0
ATOM,3804.0,P,DG,121.0,-13.759,29.014,-7.393,1.5,2.15,2.17
ATOM,3805.0,OP1,DG,121.0,-12.685,28.848,-8.42,-0.78,1.7,36.89
ATOM,3806.0,OP2,DG,121.0,-15.186,28.826,-7.775,-0.78,1.7,27.96
ATOM,3807.0,O5',DG,121.0,-13.498,28.034,-6.166,-0.57,1.77,4.72
ATOM,3808.0,C5',DG,121.0,-12.466,28.306,-5.224,-0.08,2.01,12.37
ATOM,3809.0,C4',DG,121.0,-12.936,28.029,-3.812,0.16,2.275,5.2
ATOM,3810.0,O4',DG,121.0,-13.855,29.046,-3.39,-0.5,1.77,3.61
ATOM,3811.0,C3',DG,121.0,-13.638,26.699,-3.534,0.01,2.275,2.49
ATOM,3812.0,O3',DG,121.0,-13.238,26.241,-2.248,-0.57,1.77,2.7
ATOM,3813.0,C2',DG,121.0,-15.115,27.067,-3.532,-0.18,2.01,0.23
ATOM,3814.0,C1',DG,121.0,-15.096,28.476,-2.993,0.16,2.275,0.73
ATOM,3815.0,N9,DG,121.0,-16.145,29.363,-3.491,-0.02,1.85,0.0
ATOM,3816.0,C8,DG,121.0,-16.628,29.455,-4.773,0.25,1.9,4.85
ATOM,3817.0,N7,DG,121.0,-17.479,30.433,-4.926,-0.6,1.85,13.72
ATOM,3818.0,C5,DG,121.0,-17.58,31.007,-3.663,0.0,1.9,0.0
ATOM,3819.0,C6,DG,121.0,-18.325,32.141,-3.212,0.54,1.9,0.0
ATOM,3820.0,O6,DG,121.0,-19.05,32.892,-3.868,-0.51,1.7,19.84
ATOM,3821.0,N1,DG,121.0,-18.143,32.366,-1.847,-0.34,1.85,0.0
ATOM,3822.0,C2,DG,121.0,-17.345,31.606,-1.023,0.75,1.9,0.0
ATOM,3823.0,N2,DG,121.0,-17.307,31.956,0.27,-0.68,1.85,8.8
ATOM,3824.0,N3,DG,121.0,-16.635,30.57,-1.436,-0.74,1.85,2.98
ATOM,3825.0,C4,DG,121.0,-16.796,30.332,-2.759,0.26,1.9,0.0
ATOM,3826.0,H5',DG,121.0,-12.164,29.357,-5.3,0.09,1.34,3.65
ATOM,3827.0,H5'',DG,121.0,-11.6,27.673,-5.426,0.09,1.34,14.65
ATOM,3828.0,H4',DG,121.0,-12.085,28.114,-3.125,0.09,1.32,12.98
ATOM,3829.0,H1',DG,121.0,-15.184,28.533,-1.91,0.09,1.32,0.44
ATOM,3830.0,H8,DG,121.0,-16.302,28.766,-5.531,0.16,1.1,1.6
ATOM,3831.0,H1,DG,121.0,-18.629,33.137,-1.437,0.26,0.2245,7.42
ATOM,3832.0,H21,DG,121.0,-17.798,32.731,0.697,0.32,0.2245,11.68
ATOM,3833.0,H22,DG,121.0,-16.717,31.407,0.872,0.35,0.2245,13.5
ATOM,3834.0,H3',DG,121.0,-13.434,26.003,-4.353,0.09,1.32,7.49
ATOM,3835.0,H2',DG,121.0,-15.639,26.459,-4.283,0.09,1.34,11.37
ATOM,3836.0,H2'',DG,121.0,-15.543,26.858,-2.552,0.09,1.34,0.0
ATOM,3837.0,P,DG,122.0,-13.618,24.765,-1.773,1.5,2.15,3.14
ATOM,3838.0,OP1,DG,122.0,-12.378,24.16,-1.218,-0.78,1.7,40.5
ATOM,3839.0,OP2,DG,122.0,-14.355,24.075,-2.86,-0.78,1.7,33.05
ATOM,3840.0,O5',DG,122.0,-14.607,25.04,-0.557,-0.57,1.77,2.06
ATOM,3841.0,C5',DG,122.0,-14.262,26.016,0.431,-0.08,2.01,10.17
ATOM,3842.0,C4',DG,122.0,-15.44,26.326,1.337,0.16,2.275,4.07
ATOM,3843.0,O4',DG,122.0,-16.311,27.328,0.776,-0.5,1.77,1.7
ATOM,3844.0,C3',DG,122.0,-16.347,25.181,1.781,0.01,2.275,2.67
ATOM,3845.0,O3',DG,122.0,-16.53,25.251,3.185,-0.57,1.77,4.66
ATOM,3846.0,C2',DG,122.0,-17.665,25.448,1.065,-0.18,2.01,0.04
ATOM,3847.0,C1',DG,122.0,-17.663,26.956,0.949,0.16,2.275,0.79
ATOM,3848.0,N9,DG,122.0,-18.399,27.568,-0.149,-0.02,1.85,0.0
ATOM,3849.0,C8,DG,122.0,-18.432,27.201,-1.474,0.25,1.9,1.44
ATOM,3850.0,N7,DG,122.0,-19.094,28.042,-2.223,-0.6,1.85,8.21
ATOM,3851.0,C5,DG,122.0,-19.547,29.006,-1.328,0.0,1.9,0.0
ATOM,3852.0,C6,DG,122.0,-20.317,30.198,-1.54,0.54,1.9,0.0
ATOM,3853.0,O6,DG,122.0,-20.791,30.646,-2.601,-0.51,1.7,19.57
ATOM,3854.0,N1,DG,122.0,-20.521,30.889,-0.349,-0.34,1.85,0.22
ATOM,3855.0,C2,DG,122.0,-20.073,30.496,0.887,0.75,1.9,0.0
ATOM,3856.0,N2,DG,122.0,-20.37,31.309,1.917,-0.68,1.85,9.55
ATOM,3857.0,N3,DG,122.0,-19.381,29.389,1.101,-0.74,1.85,1.43
ATOM,3858.0,C4,DG,122.0,-19.148,28.706,-0.043,0.26,1.9,0.0
ATOM,3859.0,H5',DG,122.0,-13.94,26.94,-0.064,0.09,1.34,3.97
ATOM,3860.0,H5'',DG,122.0,-13.448,25.641,1.053,0.09,1.34,12.52
ATOM,3861.0,H4',DG,122.0,-15.067,26.773,2.275,0.09,1.32,12.18
ATOM,3862.0,H1',DG,122.0,-18.057,27.438,1.841,0.09,1.32,0.07
ATOM,3863.0,H8,DG,122.0,-17.942,26.301,-1.803,0.16,1.1,4.99
ATOM,3864.0,H1,DG,122.0,-21.04,31.747,-0.399,0.26,0.2245,11.85
ATOM,3865.0,H21,DG,122.0,-20.877,32.181,1.867,0.32,0.2245,18.93
ATOM,3866.0,H22,DG,122.0,-20.035,31.028,2.823,0.35,0.2245,14.46
ATOM,3867.0,H3',DG,122.0,-15.928,24.229,1.434,0.09,1.32,6.91
ATOM,3868.0,H2',DG,122.0,-17.949,24.56,0.488,0.09,1.34,6.32
ATOM,3869.0,H2'',DG,122.0,-18.443,25.658,1.799,0.09,1.34,0.0
ATOM,3870.0,P,DT,123.0,-17.462,24.17,3.903,1.5,2.15,3.48
ATOM,3871.0,OP1,DT,123.0,-16.84,23.766,5.19,-0.78,1.7,40.86
ATOM,3872.0,OP2,DT,123.0,-17.806,23.141,2.889,-0.78,1.7,29.47
ATOM,3873.0,O5',DT,123.0,-18.787,24.996,4.192,-0.57,1.77,0.19
ATOM,3874.0,C5',DT,123.0,-18.717,26.304,4.752,-0.08,2.01,9.66
ATOM,3875.0,C4',DT,123.0,-20.105,26.873,4.919,0.16,2.275,3.36
ATOM,3876.0,O4',DT,123.0,-20.59,27.482,3.7,-0.5,1.77,0.26
ATOM,3877.0,C3',DT,123.0,-21.145,25.834,5.329,0.01,2.275,1.83
ATOM,3878.0,O3',DT,123.0,-21.935,26.374,6.39,-0.57,1.77,3.5
ATOM,3879.0,C2',DT,123.0,-21.934,25.592,4.05,-0.18,2.01,0.41
ATOM,3880.0,C1',DT,123.0,-21.857,26.941,3.367,0.16,2.275,0.4
ATOM,3881.0,N1,DT,123.0,-21.985,26.945,1.887,-0.34,1.85,0.0
ATOM,3882.0,C2,DT,123.0,-22.258,28.157,1.295,0.51,1.9,0.0
ATOM,3883.0,O2,DT,123.0,-22.34,29.199,1.93,-0.41,1.7,10.44
ATOM,3884.0,N3,DT,123.0,-22.423,28.106,-0.07,-0.46,1.85,0.0
ATOM,3885.0,C4,DT,123.0,-22.333,26.997,-0.881,0.5,1.9,0.0
ATOM,3886.0,O4,DT,123.0,-22.545,27.097,-2.087,-0.45,1.7,13.82
ATOM,3887.0,C5,DT,123.0,-22.0,25.773,-0.205,-0.15,1.9,0.0
ATOM,3888.0,C7,DT,123.0,-21.832,24.532,-1.019,-0.11,2.04,26.81
ATOM,3889.0,C6,DT,123.0,-21.852,25.8,1.13,0.17,1.9,0.25
ATOM,3890.0,H5',DT,123.0,-18.138,26.957,4.093,0.09,1.34,2.97
ATOM,3891.0,H5'',DT,123.0,-18.233,26.264,5.73,0.09,1.34,11.89
ATOM,3892.0,H4',DT,123.0,-20.077,27.701,5.648,0.09,1.32,13.11
ATOM,3893.0,H1',DT,123.0,-22.634,27.626,3.702,0.09,1.32,0.18
ATOM,3894.0,H6,DT,123.0,-21.657,24.852,1.639,0.17,1.1,3.32
ATOM,3895.0,H71,DT,123.0,-22.55,23.782,-0.677,0.07,1.34,12.06
ATOM,3896.0,H72,DT,123.0,-22.015,24.754,-2.069,0.07,1.34,9.15
ATOM,3897.0,H73,DT,123.0,-20.821,24.147,-0.897,0.07,1.34,5.66
ATOM,3898.0,H3,DT,123.0,-22.652,29.056,-0.569,0.36,0.2245,4.95
ATOM,3899.0,H3',DT,123.0,-20.639,24.911,5.628,0.09,1.32,5.33
ATOM,3900.0,H2',DT,123.0,-21.908,24.523,3.805,0.09,1.34,8.41
ATOM,3901.0,H2'',DT,123.0,-22.971,25.896,4.196,0.09,1.34,0.0
ATOM,3902.0,P,DA,124.0,-23.039,25.468,7.112,1.5,2.15,2.76
ATOM,3903.0,OP1,DA,124.0,-22.938,25.697,8.584,-0.78,1.7,39.14
ATOM,3904.0,OP2,DA,124.0,-22.969,24.083,6.57,-0.78,1.7,31.57
ATOM,3905.0,O5',DA,124.0,-24.381,26.144,6.593,-0.57,1.77,0.07
ATOM,3906.0,C5',DA,124.0,-24.6,27.544,6.781,-0.08,2.01,9.45
ATOM,3907.0,C4',DA,124.0,-25.978,27.929,6.298,0.16,2.275,5.26
ATOM,3908.0,O4',DA,124.0,-25.977,28.164,4.873,-0.5,1.77,6.4
ATOM,3909.0,C3',DA,124.0,-27.039,26.858,6.551,0.01,2.275,1.9
ATOM,3910.0,O3',DA,124.0,-28.264,27.466,6.957,-0.57,1.77,4.15
ATOM,3911.0,C2',DA,124.0,-27.191,26.193,5.196,-0.18,2.01,0.0
ATOM,3912.0,C1',DA,124.0,-26.974,27.367,4.265,0.16,2.275,0.86
ATOM,3913.0,N9,DA,124.0,-26.495,26.999,2.943,-0.05,1.85,0.0
ATOM,3914.0,C8,DA,124.0,-25.723,25.924,2.588,0.34,1.9,2.06
ATOM,3915.0,N7,DA,124.0,-25.45,25.871,1.307,-0.71,1.85,2.27
ATOM,3916.0,C5,DA,124.0,-26.09,26.987,0.784,0.28,1.9,0.0
ATOM,3917.0,C6,DA,124.0,-26.187,27.498,-0.52,0.46,1.9,0.0
ATOM,3918.0,N6,DA,124.0,-25.604,26.931,-1.577,-0.77,1.85,4.72
ATOM,3919.0,N1,DA,124.0,-26.909,28.627,-0.702,-0.74,1.85,14.39
ATOM,3920.0,C2,DA,124.0,-27.484,29.199,0.367,0.5,1.9,12.29
ATOM,3921.0,N3,DA,124.0,-27.459,28.817,1.639,-0.75,1.85,12.44
ATOM,3922.0,C4,DA,124.0,-26.739,27.69,1.782,0.43,1.9,0.0
ATOM,3923.0,H5',DA,124.0,-23.851,28.11,6.221,0.09,1.34,5.21
ATOM,3924.0,H5'',DA,124.0,-24.518,27.792,7.84,0.09,1.34,10.68
ATOM,3925.0,H4',DA,124.0,-26.263,28.896,6.738,0.09,1.32,13.94
ATOM,3926.0,H1',DA,124.0,-27.851,27.985,4.077,0.09,1.32,0.52
ATOM,3927.0,H8,DA,124.0,-25.438,25.192,3.324,0.12,1.1,4.79
ATOM,3928.0,H61,DA,124.0,-25.708,27.344,-2.495,0.38,0.2245,16.99
ATOM,3929.0,H62,DA,124.0,-25.057,26.088,-1.465,0.38,0.2245,2.5
ATOM,3930.0,H2,DA,124.0,-28.063,30.099,0.248,0.13,1.1,20.2
ATOM,3931.0,H3',DA,124.0,-26.657,26.135,7.277,0.09,1.32,4.82
ATOM,3932.0,H2',DA,124.0,-26.953,25.131,5.278,0.09,1.34,7.14
ATOM,3933.0,H2'',DA,124.0,-28.218,26.307,4.848,0.09,1.34,0.0
ATOM,3934.0,P,DG,125.0,-29.481,26.544,7.444,1.5,2.15,2.82
ATOM,3935.0,OP1,DG,125.0,-30.084,27.237,8.612,-0.78,1.7,38.61
ATOM,3936.0,OP2,DG,125.0,-29.036,25.133,7.578,-0.78,1.7,30.58
ATOM,3937.0,O5',DG,125.0,-30.481,26.632,6.214,-0.57,1.77,0.0
ATOM,3938.0,C5',DG,125.0,-30.9,27.898,5.727,-0.08,2.01,9.38
ATOM,3939.0,C4',DG,125.0,-32.005,27.717,4.718,0.16,2.275,4.48
ATOM,3940.0,O4',DG,125.0,-31.438,27.344,3.441,-0.5,1.77,3.75
ATOM,3941.0,C3',DG,125.0,-32.989,26.612,5.098,0.01,2.275,3.07
ATOM,3942.0,O3',DG,125.0,-34.334,27.036,4.83,-0.57,1.77,7.94
ATOM,3943.0,C2',DG,125.0,-32.533,25.428,4.259,-0.18,2.01,1.68
ATOM,3944.0,C1',DG,125.0,-31.929,26.081,3.024,0.16,2.275,0.0
ATOM,3945.0,N9,DG,125.0,-30.811,25.347,2.439,-0.02,1.85,0.0
ATOM,3946.0,C8,DG,125.0,-30.054,24.368,3.039,0.25,1.9,5.57
ATOM,3947.0,N7,DG,125.0,-29.115,23.897,2.261,-0.6,1.85,14.6
ATOM,3948.0,C5,DG,125.0,-29.261,24.605,1.073,0.0,1.9,0.0
ATOM,3949.0,C6,DG,125.0,-28.525,24.528,-0.154,0.54,1.9,0.0
ATOM,3950.0,O6,DG,125.0,-27.568,23.795,-0.44,-0.51,1.7,15.75
ATOM,3951.0,N1,DG,125.0,-29.012,25.428,-1.098,-0.34,1.85,0.0
ATOM,3952.0,C2,DG,125.0,-30.063,26.291,-0.9,0.75,1.9,0.0
ATOM,3953.0,N2,DG,125.0,-30.378,27.083,-1.938,-0.68,1.85,7.86
ATOM,3954.0,N3,DG,125.0,-30.755,26.372,0.231,-0.74,1.85,2.74
ATOM,3955.0,C4,DG,125.0,-30.303,25.506,1.166,0.26,1.9,0.0
ATOM,3956.0,H5',DG,125.0,-30.059,28.409,5.251,0.09,1.34,3.66
ATOM,3957.0,H5'',DG,125.0,-31.268,28.513,6.552,0.09,1.34,10.61
ATOM,3958.0,H4',DG,125.0,-32.494,28.679,4.533,0.09,1.32,13.06
ATOM,3959.0,H1',DG,125.0,-32.624,26.223,2.195,0.09,1.32,0.0
ATOM,3960.0,H8,DG,125.0,-30.259,24.063,4.05,0.16,1.1,5.37
ATOM,3961.0,H1,DG,125.0,-28.561,25.448,-1.992,0.26,0.2245,4.29
ATOM,3962.0,H21,DG,125.0,-29.919,27.117,-2.836,0.32,0.2245,13.75
ATOM,3963.0,H22,DG,125.0,-31.143,27.726,-1.797,0.35,0.2245,16.53
ATOM,3964.0,H3',DG,125.0,-32.877,26.375,6.16,0.09,1.32,7.25
ATOM,3965.0,H2',DG,125.0,-32.352,24.565,4.921,0.09,1.34,8.72
ATOM,3966.0,H2'',DG,125.0,-33.311,25.155,3.543,0.09,1.34,0.0
ATOM,3967.0,P,DA,126.0,-35.469,25.952,4.492,1.5,2.15,3.33
ATOM,3968.0,OP1,DA,126.0,-36.771,26.651,4.629,-0.78,1.7,37.64
ATOM,3969.0,OP2,DA,126.0,-35.222,24.7,5.26,-0.78,1.7,35.27
ATOM,3970.0,O5',DA,126.0,-35.22,25.681,2.944,-0.57,1.77,0.0
ATOM,3971.0,C5',DA,126.0,-34.975,26.775,2.061,-0.08,2.01,6.92
ATOM,3972.0,C4',DA,126.0,-35.366,26.407,0.652,0.16,2.275,4.39
ATOM,3973.0,O4',DA,126.0,-34.243,25.873,-0.09,-0.5,1.77,1.45
ATOM,3974.0,C3',DA,126.0,-36.474,25.359,0.575,0.01,2.275,2.2
ATOM,3975.0,O3',DA,126.0,-37.401,25.729,-0.442,-0.57,1.77,2.87
ATOM,3976.0,C2',DA,126.0,-35.73,24.091,0.195,-0.18,2.01,0.09
ATOM,3977.0,C1',DA,126.0,-34.604,24.628,-0.668,0.16,2.275,0.52
ATOM,3978.0,N9,DA,126.0,-33.411,23.779,-0.7,-0.05,1.85,0.0
ATOM,3979.0,C8,DA,126.0,-32.95,22.924,0.274,0.34,1.9,3.44
ATOM,3980.0,N7,DA,126.0,-31.858,22.278,-0.063,-0.71,1.85,7.66
ATOM,3981.0,C5,DA,126.0,-31.574,22.741,-1.344,0.28,1.9,0.0
ATOM,3982.0,C6,DA,126.0,-30.54,22.44,-2.262,0.46,1.9,0.0
ATOM,3983.0,N6,DA,126.0,-29.558,21.566,-2.024,-0.77,1.85,6.48
ATOM,3984.0,N1,DA,126.0,-30.554,23.08,-3.45,-0.74,1.85,12.11
ATOM,3985.0,C2,DA,126.0,-31.533,23.959,-3.695,0.5,1.9,2.86
ATOM,3986.0,N3,DA,126.0,-32.555,24.326,-2.921,-0.75,1.85,5.63
ATOM,3987.0,C4,DA,126.0,-32.519,23.671,-1.746,0.43,1.9,0.0
ATOM,3988.0,H5',DA,126.0,-33.913,27.034,2.084,0.09,1.34,0.41
ATOM,3989.0,H5'',DA,126.0,-35.561,27.641,2.372,0.09,1.34,9.97
ATOM,3990.0,H4',DA,126.0,-35.652,27.317,0.1,0.09,1.32,13.11
ATOM,3991.0,H1',DA,126.0,-34.851,24.786,-1.717,0.09,1.32,0.28
ATOM,3992.0,H8,DA,126.0,-33.502,22.796,1.188,0.12,1.1,7.16
ATOM,3993.0,H61,DA,126.0,-28.853,21.397,-2.719,0.38,0.2245,18.86
ATOM,3994.0,H62,DA,126.0,-29.525,21.073,-1.14,0.38,0.2245,11.34
ATOM,3995.0,H2,DA,126.0,-31.563,24.485,-4.636,0.13,1.1,19.6
ATOM,3996.0,H3',DA,126.0,-36.928,25.238,1.562,0.09,1.32,3.36
ATOM,3997.0,H2',DA,126.0,-35.911,23.32,0.953,0.09,1.34,9.04
ATOM,3998.0,H2'',DA,126.0,-36.088,23.729,-0.77,0.09,1.34,0.0
ATOM,3999.0,P,DA,127.0,-38.701,24.828,-0.711,1.5,2.15,2.74
ATOM,4000.0,OP1,DA,127.0,-39.902,25.696,-0.575,-0.78,1.7,40.6
ATOM,4001.0,OP2,DA,127.0,-38.599,23.584,0.1,-0.78,1.7,28.28
ATOM,4002.0,O5',DA,127.0,-38.513,24.456,-2.245,-0.57,1.77,0.08
ATOM,4003.0,C5',DA,127.0,-38.056,25.44,-3.173,-0.08,2.01,9.65
ATOM,4004.0,C4',DA,127.0,-37.912,24.822,-4.54,0.16,2.275,4.93
ATOM,4005.0,O4',DA,127.0,-36.618,24.178,-4.645,-0.5,1.77,6.82
ATOM,4006.0,C3',DA,127.0,-38.969,23.743,-4.761,0.01,2.275,2.24
ATOM,4007.0,O3',DA,127.0,-39.608,23.852,-6.033,-0.57,1.77,5.38
ATOM,4008.0,C2',DA,127.0,-38.214,22.438,-4.579,-0.18,2.01,0.0
ATOM,4009.0,C1',DA,127.0,-36.756,22.779,-4.868,0.16,2.275,1.62
ATOM,4010.0,N9,DA,127.0,-35.832,22.077,-3.963,-0.05,1.85,0.0
ATOM,4011.0,C8,DA,127.0,-35.963,21.951,-2.596,0.34,1.9,1.34
ATOM,4012.0,N7,DA,127.0,-35.013,21.242,-2.032,-0.71,1.85,6.99
ATOM,4013.0,C5,DA,127.0,-34.194,20.879,-3.092,0.28,1.9,0.0
ATOM,4014.0,C6,DA,127.0,-33.008,20.12,-3.151,0.46,1.9,0.0
ATOM,4015.0,N6,DA,127.0,-32.431,19.561,-2.085,-0.77,1.85,8.97
ATOM,4016.0,N1,DA,127.0,-32.432,19.953,-4.361,-0.74,1.85,10.76
ATOM,4017.0,C2,DA,127.0,-33.015,20.508,-5.433,0.5,1.9,5.52
ATOM,4018.0,N3,DA,127.0,-34.131,21.237,-5.507,-0.75,1.85,7.02
ATOM,4019.0,C4,DA,127.0,-34.68,21.391,-4.288,0.43,1.9,0.0
ATOM,4020.0,H5',DA,127.0,-37.089,25.829,-2.849,0.09,1.34,3.53
ATOM,4021.0,H5'',DA,127.0,-38.773,26.261,-3.225,0.09,1.34,12.14
ATOM,4022.0,H4',DA,127.0,-37.889,25.61,-5.299,0.09,1.32,14.01
ATOM,4023.0,H1',DA,127.0,-36.386,22.544,-5.864,0.09,1.32,1.22
ATOM,4024.0,H8,DA,127.0,-36.817,22.373,-2.095,0.12,1.1,0.17
ATOM,4025.0,H61,DA,127.0,-31.582,19.028,-2.191,0.38,0.2245,14.36
ATOM,4026.0,H62,DA,127.0,-32.846,19.671,-1.169,0.38,0.2245,9.56
ATOM,4027.0,H2,DA,127.0,-32.574,20.389,-6.409,0.13,1.1,14.14
ATOM,4028.0,H3',DA,127.0,-39.744,23.831,-3.99,0.09,1.32,5.02
ATOM,4029.0,H2',DA,127.0,-38.796,21.783,-3.894,0.09,1.34,2.31
ATOM,4030.0,H2'',DA,127.0,-38.119,21.913,-5.535,0.09,1.34,0.0
ATOM,4031.0,P,DT,128.0,-40.708,22.757,-6.466,1.5,2.15,3.37
ATOM,4032.0,OP1,DT,128.0,-41.783,23.443,-7.229,-0.78,1.7,41.89
ATOM,4033.0,OP2,DT,128.0,-41.068,21.928,-5.282,-0.78,1.7,27.69
ATOM,4034.0,O5',DT,128.0,-39.87,21.879,-7.492,-0.57,1.77,1.64
ATOM,4035.0,C5',DT,128.0,-38.873,22.51,-8.294,-0.08,2.01,9.7
ATOM,4036.0,C4',DT,128.0,-37.965,21.485,-8.929,0.16,2.275,3.77
ATOM,4037.0,O4',DT,128.0,-37.007,20.955,-7.98,-0.5,1.77,2.08
ATOM,4038.0,C3',DT,128.0,-38.677,20.283,-9.546,0.01,2.275,3.16
ATOM,4039.0,O3',DT,128.0,-38.099,20.034,-10.829,-0.57,1.77,4.65
ATOM,4040.0,C2',DT,128.0,-38.383,19.161,-8.565,-0.18,2.01,0.19
ATOM,4041.0,C1',DT,128.0,-36.998,19.541,-8.073,0.16,2.275,0.28
ATOM,4042.0,N1,DT,128.0,-36.61,18.988,-6.755,-0.34,1.85,0.0
ATOM,4043.0,C2,DT,128.0,-35.292,18.6,-6.579,0.51,1.9,0.0
ATOM,4044.0,O2,DT,128.0,-34.439,18.694,-7.452,-0.41,1.7,7.28
ATOM,4045.0,N3,DT,128.0,-35.005,18.097,-5.331,-0.46,1.85,0.0
ATOM,4046.0,C4,DT,128.0,-35.876,17.947,-4.267,0.5,1.9,0.0
ATOM,4047.0,O4,DT,128.0,-35.466,17.492,-3.2,-0.45,1.7,17.42
ATOM,4048.0,C5,DT,128.0,-37.241,18.364,-4.522,-0.15,1.9,0.0
ATOM,4049.0,C7,DT,128.0,-38.257,18.224,-3.433,-0.11,2.04,26.22
ATOM,4050.0,C6,DT,128.0,-37.535,18.86,-5.736,0.17,1.9,0.34
ATOM,4051.0,H5',DT,128.0,-38.274,23.184,-7.671,0.09,1.34,1.98
ATOM,4052.0,H5'',DT,128.0,-39.346,23.087,-9.09,0.09,1.34,12.64
ATOM,4053.0,H4',DT,128.0,-37.346,21.971,-9.701,0.09,1.32,12.31
ATOM,4054.0,H1',DT,128.0,-36.191,19.235,-8.739,0.09,1.32,0.0
ATOM,4055.0,H6,DT,128.0,-38.575,19.137,-5.934,0.17,1.1,1.71
ATOM,4056.0,H71,DT,128.0,-39.061,17.57,-3.778,0.07,1.34,13.24
ATOM,4057.0,H72,DT,128.0,-37.791,17.789,-2.551,0.07,1.34,9.14
ATOM,4058.0,H73,DT,128.0,-38.666,19.202,-3.186,0.07,1.34,3.8
ATOM,4059.0,H3,DT,128.0,-33.971,17.779,-5.158,0.36,0.2245,6.32
ATOM,4060.0,H3',DT,128.0,-39.753,20.474,-9.575,0.09,1.32,8.65
ATOM,4061.0,H2',DT,128.0,-39.321,18.746,-8.189,0.09,1.34,9.96
ATOM,4062.0,H2'',DT,128.0,-37.818,18.375,-9.067,0.09,1.34,0.0
ATOM,4063.0,P,DC,129.0,-38.413,18.664,-11.601,1.5,2.15,3.3
ATOM,4064.0,OP1,DC,129.0,-38.574,18.986,-13.049,-0.78,1.7,39.24
ATOM,4065.0,OP2,DC,129.0,-39.491,17.926,-10.88,-0.78,1.7,30.04
ATOM,4066.0,O5',DC,129.0,-37.045,17.868,-11.446,-0.57,1.77,0.03
ATOM,4067.0,C5',DC,129.0,-35.799,18.543,-11.606,-0.08,2.01,8.33
ATOM,4068.0,C4',DC,129.0,-34.664,17.548,-11.585,0.16,2.275,4.57
ATOM,4069.0,O4',DC,129.0,-34.424,17.071,-10.238,-0.5,1.77,2.53
ATOM,4070.0,C3',DC,129.0,-34.919,16.307,-12.435,0.01,2.275,1.99
ATOM,4071.0,O3',DC,129.0,-33.732,15.976,-13.147,-0.57,1.77,5.56
ATOM,4072.0,C2',DC,129.0,-35.283,15.235,-11.417,-0.18,2.01,0.0
ATOM,4073.0,C1',DC,129.0,-34.462,15.653,-10.209,0.16,2.275,1.85
ATOM,4074.0,N1,DC,129.0,-34.984,15.247,-8.892,-0.13,1.85,0.0
ATOM,4075.0,C2,DC,129.0,-34.125,14.585,-8.007,0.52,1.9,0.33
ATOM,4076.0,O2,DC,129.0,-32.968,14.322,-8.374,-0.49,1.7,21.97
ATOM,4077.0,N3,DC,129.0,-34.577,14.244,-6.779,-0.66,1.85,10.64
ATOM,4078.0,C4,DC,129.0,-35.829,14.529,-6.427,0.65,1.9,0.0
ATOM,4079.0,N4,DC,129.0,-36.22,14.188,-5.206,-0.75,1.85,9.23
ATOM,4080.0,C5,DC,129.0,-36.732,15.18,-7.315,-0.13,1.9,0.89
ATOM,4081.0,C6,DC,129.0,-36.271,15.518,-8.526,0.05,1.9,0.18
ATOM,4082.0,H5',DC,129.0,-35.663,19.261,-10.793,0.09,1.34,2.33
ATOM,4083.0,H5'',DC,129.0,-35.785,19.075,-12.559,0.09,1.34,11.15
ATOM,4084.0,H4',DC,129.0,-33.729,18.051,-11.869,0.09,1.32,13.49
ATOM,4085.0,H1',DC,129.0,-33.444,15.265,-10.221,0.09,1.32,1.28
ATOM,4086.0,H6,DC,129.0,-36.928,16.015,-9.229,0.17,1.1,0.24
ATOM,4087.0,H5,DC,129.0,-37.771,15.406,-7.038,0.07,1.1,10.05
ATOM,4088.0,H41,DC,129.0,-35.55,13.729,-4.61,0.37,0.2245,18.27
ATOM,4089.0,H42,DC,129.0,-37.162,14.39,-4.903,0.33,0.2245,12.16
ATOM,4090.0,H3',DC,129.0,-35.772,16.488,-13.097,0.09,1.32,4.44
ATOM,4091.0,H2',DC,129.0,-36.267,14.822,-11.659,0.09,1.34,4.36
ATOM,4092.0,H2'',DC,129.0,-34.543,14.435,-11.448,0.09,1.34,0.0
ATOM,4093.0,P,DT,130.0,-33.764,14.78,-14.199,1.5,2.15,2.76
ATOM,4094.0,OP1,DT,130.0,-32.81,15.082,-15.293,-0.78,1.7,36.89
ATOM,4095.0,OP2,DT,130.0,-35.182,14.49,-14.508,-0.78,1.7,31.72
ATOM,4096.0,O5',DT,130.0,-33.191,13.563,-13.362,-0.57,1.77,0.0
ATOM,4097.0,C5',DT,130.0,-31.792,13.448,-13.145,-0.08,2.01,8.88
ATOM,4098.0,C4',DT,130.0,-31.475,12.118,-12.512,0.16,2.275,3.03
ATOM,4099.0,O4',DT,130.0,-32.067,12.06,-11.19,-0.5,1.77,3.52
ATOM,4100.0,C3',DT,130.0,-32.021,10.907,-13.268,0.01,2.275,0.44
ATOM,4101.0,O3',DT,130.0,-31.055,9.878,-13.232,-0.57,1.77,0.0
ATOM,4102.0,C2',DT,130.0,-33.195,10.463,-12.421,-0.18,2.01,3.17
ATOM,4103.0,C1',DT,130.0,-32.692,10.809,-11.044,0.16,2.275,0.99
ATOM,4104.0,N1,DT,130.0,-33.73,10.941,-10.045,-0.34,1.85,0.0
ATOM,4105.0,C2,DT,130.0,-33.541,10.293,-8.861,0.51,1.9,0.28
ATOM,4106.0,O2,DT,130.0,-32.507,9.709,-8.582,-0.41,1.7,13.82
ATOM,4107.0,N3,DT,130.0,-34.605,10.364,-7.998,-0.46,1.85,1.5
ATOM,4108.0,C4,DT,130.0,-35.799,11.035,-8.197,0.5,1.9,0.68
ATOM,4109.0,O4,DT,130.0,-36.686,10.974,-7.346,-0.45,1.7,25.67
ATOM,4110.0,C5,DT,130.0,-35.891,11.757,-9.444,-0.15,1.9,0.12
ATOM,4111.0,C7,DT,130.0,-37.113,12.568,-9.728,-0.11,2.04,20.31
ATOM,4112.0,C6,DT,130.0,-34.867,11.669,-10.296,0.17,1.9,1.37
ATOM,4113.0,H5',DT,130.0,-31.453,14.251,-12.484,0.09,1.34,8.89
ATOM,4114.0,H5'',DT,130.0,-31.259,13.522,-14.096,0.09,1.34,4.92
ATOM,4115.0,H4',DT,130.0,-30.398,12.043,-12.334,0.09,1.32,5.6
ATOM,4116.0,H1',DT,130.0,-31.975,10.107,-10.612,0.09,1.32,0.12
ATOM,4117.0,H6,DT,130.0,-34.964,12.175,-11.264,0.17,1.1,0.64
ATOM,4118.0,H71,DT,130.0,-37.586,12.198,-10.641,0.07,1.34,15.11
ATOM,4119.0,H72,DT,130.0,-37.813,12.48,-8.898,0.07,1.34,6.7
ATOM,4120.0,H73,DT,130.0,-36.837,13.613,-9.863,0.07,1.34,0.0
ATOM,4121.0,H3,DT,130.0,-34.503,9.833,-7.045,0.36,0.2245,11.17
ATOM,4122.0,H3',DT,130.0,-32.374,11.225,-14.254,0.09,1.32,6.46
ATOM,4123.0,H2',DT,130.0,-34.11,10.485,-13.015,0.09,1.34,11.8
ATOM,4124.0,H2'',DT,130.0,-33.019,9.449,-12.063,0.09,1.34,0.0
ATOM,4125.0,P,DG,131.0,-30.127,9.636,-14.501,1.5,2.15,2.08
ATOM,4126.0,OP1,DG,131.0,-29.538,10.932,-14.957,-0.78,1.7,26.34
ATOM,4127.0,OP2,DG,131.0,-30.908,8.792,-15.441,-0.78,1.7,35.59
ATOM,4128.0,O5',DG,131.0,-28.962,8.736,-13.909,-0.57,1.77,3.3
ATOM,4129.0,C5',DG,131.0,-28.085,9.251,-12.923,-0.08,2.01,11.23
ATOM,4130.0,C4',DG,131.0,-27.802,8.198,-11.881,0.16,2.275,5.06
ATOM,4131.0,O4',DG,131.0,-28.937,8.049,-11.003,-0.5,1.77,6.6
ATOM,4132.0,C3',DG,131.0,-27.482,6.805,-12.424,0.01,2.275,2.61
ATOM,4133.0,O3',DG,131.0,-26.472,6.221,-11.599,-0.57,1.77,3.95
ATOM,4134.0,C2',DG,131.0,-28.788,6.06,-12.254,-0.18,2.01,0.0
ATOM,4135.0,C1',DG,131.0,-29.397,6.697,-11.009,0.16,2.275,0.77
ATOM,4136.0,N9,DG,131.0,-30.848,6.769,-11.077,-0.02,1.85,0.0
ATOM,4137.0,C8,DG,131.0,-31.578,6.971,-12.222,0.25,1.9,0.83
ATOM,4138.0,N7,DG,131.0,-32.838,7.186,-11.989,-0.6,1.85,6.16
ATOM,4139.0,C5,DG,131.0,-32.956,7.086,-10.614,0.0,1.9,0.0
ATOM,4140.0,C6,DG,131.0,-34.077,7.277,-9.786,0.54,1.9,0.19
ATOM,4141.0,O6,DG,131.0,-35.183,7.654,-10.089,-0.51,1.7,22.46
ATOM,4142.0,N1,DG,131.0,-33.786,7.025,-8.466,-0.34,1.85,3.05
ATOM,4143.0,C2,DG,131.0,-32.554,6.69,-7.987,0.75,1.9,0.0
ATOM,4144.0,N2,DG,131.0,-32.499,6.501,-6.673,-0.68,1.85,17.55
ATOM,4145.0,N3,DG,131.0,-31.471,6.556,-8.744,-0.74,1.85,4.81
ATOM,4146.0,C4,DG,131.0,-31.747,6.765,-10.041,0.26,1.9,0.0
ATOM,4147.0,H5',DG,131.0,-28.539,10.121,-12.439,0.09,1.34,3.11
ATOM,4148.0,H5'',DG,131.0,-27.14,9.555,-13.382,0.09,1.34,15.06
ATOM,4149.0,H4',DG,131.0,-26.988,8.539,-11.228,0.09,1.32,13.3
ATOM,4150.0,H1',DG,131.0,-29.188,6.251,-10.043,0.09,1.32,0.71
ATOM,4151.0,H8,DG,131.0,-31.098,6.944,-13.185,0.16,1.1,1.53
ATOM,4152.0,H1,DG,131.0,-34.536,7.092,-7.801,0.26,0.2245,9.99
ATOM,4153.0,H21,DG,131.0,-33.24,6.584,-5.993,0.32,0.2245,18.42
ATOM,4154.0,H22,DG,131.0,-31.584,6.257,-6.291,0.35,0.2245,18.04
ATOM,4155.0,H3',DG,131.0,-27.233,6.88,-13.486,0.09,1.32,7.04
ATOM,4156.0,H2',DG,131.0,-29.112,5.662,-13.229,0.09,1.34,6.49
ATOM,4157.0,H2'',DG,131.0,-28.656,5.22,-11.566,0.09,1.34,0.0
ATOM,4158.0,P,DC,132.0,-25.859,4.793,-11.962,1.5,2.15,3.37
ATOM,4159.0,OP1,DC,132.0,-24.391,4.887,-11.703,-0.78,1.7,42.25
ATOM,4160.0,OP2,DC,132.0,-26.335,4.414,-13.31,-0.78,1.7,31.34
ATOM,4161.0,O5',DC,132.0,-26.528,3.819,-10.894,-0.57,1.77,1.09
ATOM,4162.0,C5',DC,132.0,-26.858,4.291,-9.595,-0.08,2.01,9.5
ATOM,4163.0,C4',DC,132.0,-27.711,3.279,-8.863,0.16,2.275,3.23
ATOM,4164.0,O4',DC,132.0,-29.123,3.575,-8.993,-0.5,1.77,1.75
ATOM,4165.0,C3',DC,132.0,-27.534,1.822,-9.312,0.01,2.275,0.37
ATOM,4166.0,O3',DC,132.0,-27.715,0.969,-8.183,-0.57,1.77,0.0
ATOM,4167.0,C2',DC,132.0,-28.725,1.609,-10.226,-0.18,2.01,4.14
ATOM,4168.0,C1',DC,132.0,-29.791,2.416,-9.489,0.16,2.275,0.03
ATOM,4169.0,N1,DC,132.0,-30.935,2.862,-10.303,-0.13,1.85,0.0
ATOM,4170.0,C2,DC,132.0,-32.119,3.207,-9.657,0.52,1.9,0.0
ATOM,4171.0,O2,DC,132.0,-32.188,3.092,-8.424,-0.49,1.7,5.62
ATOM,4172.0,N3,DC,132.0,-33.163,3.64,-10.391,-0.66,1.85,4.12
ATOM,4173.0,C4,DC,132.0,-33.073,3.697,-11.723,0.65,1.9,0.0
ATOM,4174.0,N4,DC,132.0,-34.144,4.083,-12.402,-0.75,1.85,14.7
ATOM,4175.0,C5,DC,132.0,-31.885,3.347,-12.412,-0.13,1.9,4.11
ATOM,4176.0,C6,DC,132.0,-30.845,2.94,-11.669,0.05,1.9,1.59
ATOM,4177.0,H5',DC,132.0,-27.41,5.234,-9.672,0.09,1.34,0.58
ATOM,4178.0,H5'',DC,132.0,-25.947,4.46,-9.016,0.09,1.34,11.7
ATOM,4179.0,H4',DC,132.0,-27.514,3.348,-7.781,0.09,1.32,6.9
ATOM,4180.0,H1',DC,132.0,-30.248,1.883,-8.655,0.09,1.32,0.0
ATOM,4181.0,H6,DC,132.0,-29.916,2.667,-12.152,0.17,1.1,4.97
ATOM,4182.0,H5,DC,132.0,-31.794,3.398,-13.504,0.07,1.1,15.8
ATOM,4183.0,H41,DC,132.0,-34.973,4.325,-11.875,0.37,0.2245,13.65
ATOM,4184.0,H42,DC,132.0,-34.116,4.129,-13.41,0.33,0.2245,17.35
ATOM,4185.0,H3',DC,132.0,-26.609,1.732,-9.882,0.09,1.32,5.66
ATOM,4186.0,H2',DC,132.0,-28.391,1.395,-11.235,0.09,1.34,9.41
ATOM,4187.0,H2'',DC,132.0,-29.325,0.78,-9.851,0.09,1.34,0.0
ATOM,4188.0,P,DA,133.0,-26.512,0.026,-7.692,1.5,2.15,2.17
ATOM,4189.0,OP1,DA,133.0,-25.342,0.952,-7.636,-0.78,1.7,28.92
ATOM,4190.0,OP2,DA,133.0,-26.418,-1.234,-8.494,-0.78,1.7,33.66
ATOM,4191.0,O5',DA,133.0,-26.983,-0.409,-6.225,-0.57,1.77,3.78
ATOM,4192.0,C5',DA,133.0,-27.383,0.558,-5.253,-0.08,2.01,11.86
ATOM,4193.0,C4',DA,133.0,-28.596,0.066,-4.494,0.16,2.275,5.63
ATOM,4194.0,O4',DA,133.0,-29.799,0.222,-5.294,-0.5,1.77,6.94
ATOM,4195.0,C3',DA,133.0,-28.553,-1.408,-4.081,0.01,2.275,2.94
ATOM,4196.0,O3',DA,133.0,-29.255,-1.592,-2.829,-0.57,1.77,3.92
ATOM,4197.0,C2',DA,133.0,-29.292,-2.088,-5.223,-0.18,2.01,0.0
ATOM,4198.0,C1',DA,133.0,-30.365,-1.056,-5.594,0.16,2.275,0.58
ATOM,4199.0,N9,DA,133.0,-30.745,-1.036,-7.012,-0.05,1.85,0.0
ATOM,4200.0,C8,DA,133.0,-29.982,-1.38,-8.111,0.34,1.9,0.77
ATOM,4201.0,N7,DA,133.0,-30.553,-1.106,-9.256,-0.71,1.85,5.32
ATOM,4202.0,C5,DA,133.0,-31.788,-0.577,-8.895,0.28,1.9,0.0
ATOM,4203.0,C6,DA,133.0,-32.856,-0.053,-9.649,0.46,1.9,0.0
ATOM,4204.0,N6,DA,133.0,-32.838,0.098,-10.969,-0.77,1.85,3.78
ATOM,4205.0,N1,DA,133.0,-33.953,0.342,-8.98,-0.74,1.85,7.5
ATOM,4206.0,C2,DA,133.0,-33.963,0.248,-7.644,0.5,1.9,5.65
ATOM,4207.0,N3,DA,133.0,-33.017,-0.181,-6.823,-0.75,1.85,9.38
ATOM,4208.0,C4,DA,133.0,-31.939,-0.582,-7.518,0.43,1.9,0.0
ATOM,4209.0,H5',DA,133.0,-27.629,1.499,-5.751,0.09,1.34,2.36
ATOM,4210.0,H5'',DA,133.0,-26.57,0.729,-4.545,0.09,1.34,14.94
ATOM,4211.0,H4',DA,133.0,-28.765,0.706,-3.618,0.09,1.32,13.62
ATOM,4212.0,H1',DA,133.0,-31.305,-1.152,-5.063,0.09,1.32,0.19
ATOM,4213.0,H8,DA,133.0,-29.036,-1.873,-7.976,0.12,1.1,1.35
ATOM,4214.0,H61,DA,133.0,-33.636,0.48,-11.451,0.38,0.2245,10.03
ATOM,4215.0,H62,DA,133.0,-32.016,-0.172,-11.5,0.38,0.2245,7.55
ATOM,4216.0,H2,DA,133.0,-34.841,0.55,-7.093,0.13,1.1,19.59
ATOM,4217.0,H3',DA,133.0,-27.518,-1.747,-4.059,0.09,1.32,7.82
ATOM,4218.0,H2',DA,133.0,-28.628,-2.808,-5.713,0.09,1.34,6.3
ATOM,4219.0,H2'',DA,133.0,-30.166,-2.618,-4.838,0.09,1.34,0.0
ATOM,4220.0,P,DG,134.0,-29.249,-3.035,-2.096,1.5,2.15,2.6
ATOM,4221.0,OP1,DG,134.0,-28.921,-2.792,-0.674,-0.78,1.7,42.78
ATOM,4222.0,OP2,DG,134.0,-28.45,-4.016,-2.889,-0.78,1.7,29.08
ATOM,4223.0,O5',DG,134.0,-30.757,-3.529,-2.15,-0.57,1.77,2.62
ATOM,4224.0,C5',DG,134.0,-31.833,-2.612,-2.31,-0.08,2.01,12.55
ATOM,4225.0,C4',DG,134.0,-32.96,-3.282,-3.063,0.16,2.275,3.62
ATOM,4226.0,O4',DG,134.0,-32.843,-3.104,-4.498,-0.5,1.77,0.43
ATOM,4227.0,C3',DG,134.0,-33.047,-4.794,-2.838,0.01,2.275,1.23
ATOM,4228.0,O3',DG,134.0,-34.41,-5.159,-2.644,-0.57,1.77,2.18
ATOM,4229.0,C2',DG,134.0,-32.541,-5.377,-4.15,-0.18,2.01,2.58
ATOM,4230.0,C1',DG,134.0,-33.082,-4.353,-5.124,0.16,2.275,0.41
ATOM,4231.0,N9,DG,134.0,-32.529,-4.316,-6.479,-0.02,1.85,0.0
ATOM,4232.0,C8,DG,134.0,-31.269,-4.675,-6.906,0.25,1.9,6.11
ATOM,4233.0,N7,DG,134.0,-31.094,-4.502,-8.19,-0.6,1.85,16.01
ATOM,4234.0,C5,DG,134.0,-32.312,-3.999,-8.636,0.0,1.9,0.0
ATOM,4235.0,C6,DG,134.0,-32.739,-3.6,-9.946,0.54,1.9,0.0
ATOM,4236.0,O6,DG,134.0,-32.1,-3.598,-11.006,-0.51,1.7,22.35
ATOM,4237.0,N1,DG,134.0,-34.06,-3.17,-9.942,-0.34,1.85,0.0
ATOM,4238.0,C2,DG,134.0,-34.872,-3.127,-8.838,0.75,1.9,0.0
ATOM,4239.0,N2,DG,134.0,-36.126,-2.708,-9.043,-0.68,1.85,7.77
ATOM,4240.0,N3,DG,134.0,-34.488,-3.474,-7.623,-0.74,1.85,2.25
ATOM,4241.0,C4,DG,134.0,-33.208,-3.895,-7.594,0.26,1.9,0.0
ATOM,4242.0,H5',DG,134.0,-31.496,-1.74,-2.872,0.09,1.34,1.47
ATOM,4243.0,H5'',DG,134.0,-32.194,-2.288,-1.331,0.09,1.34,14.82
ATOM,4244.0,H4',DG,134.0,-33.916,-2.794,-2.804,0.09,1.32,12.86
ATOM,4245.0,H1',DG,134.0,-34.159,-4.479,-5.276,0.09,1.32,0.4
ATOM,4246.0,H8,DG,134.0,-30.545,-5.052,-6.207,0.16,1.1,6.61
ATOM,4247.0,H1,DG,134.0,-34.45,-2.868,-10.814,0.26,0.2245,7.09
ATOM,4248.0,H21,DG,134.0,-36.532,-2.41,-9.92,0.32,0.2245,15.41
ATOM,4249.0,H22,DG,134.0,-36.727,-2.666,-8.232,0.35,0.2245,15.3
ATOM,4250.0,H3',DG,134.0,-32.373,-5.078,-2.025,0.09,1.32,6.18
ATOM,4251.0,H2',DG,134.0,-31.659,-5.983,-3.97,0.09,1.34,8.33
ATOM,4252.0,H2'',DG,134.0,-33.325,-5.986,-4.595,0.09,1.34,0.0
ATOM,4253.0,P,DG,135.0,-34.777,-6.671,-2.25,1.5,2.15,2.41
ATOM,4254.0,OP1,DG,135.0,-35.333,-6.641,-0.872,-0.78,1.7,38.26
ATOM,4255.0,OP2,DG,135.0,-33.6,-7.532,-2.549,-0.78,1.7,29.33
ATOM,4256.0,O5',DG,135.0,-35.938,-7.035,-3.276,-0.57,1.77,0.08
ATOM,4257.0,C5',DG,135.0,-37.155,-6.289,-3.295,-0.08,2.01,9.91
ATOM,4258.0,C4',DG,135.0,-38.041,-6.783,-4.413,0.16,2.275,5.03
ATOM,4259.0,O4',DG,135.0,-37.559,-6.254,-5.677,-0.5,1.77,6.26
ATOM,4260.0,C3',DG,135.0,-38.011,-8.307,-4.541,0.01,2.275,4.25
ATOM,4261.0,O3',DG,135.0,-39.31,-8.824,-4.836,-0.57,1.77,7.44
ATOM,4262.0,C2',DG,135.0,-37.047,-8.538,-5.688,-0.18,2.01,0.0
ATOM,4263.0,C1',DG,135.0,-37.286,-7.322,-6.57,0.16,2.275,0.86
ATOM,4264.0,N9,DG,135.0,-36.121,-6.979,-7.386,-0.02,1.85,0.0
ATOM,4265.0,C8,DG,135.0,-34.817,-6.942,-6.969,0.25,1.9,2.4
ATOM,4266.0,N7,DG,135.0,-33.976,-6.724,-7.941,-0.6,1.85,6.2
ATOM,4267.0,C5,DG,135.0,-34.774,-6.582,-9.065,0.0,1.9,0.0
ATOM,4268.0,C6,DG,135.0,-34.418,-6.356,-10.435,0.54,1.9,0.0
ATOM,4269.0,O6,DG,135.0,-33.292,-6.276,-10.947,-0.51,1.7,17.69
ATOM,4270.0,N1,DG,135.0,-35.539,-6.246,-11.236,-0.34,1.85,0.22
ATOM,4271.0,C2,DG,135.0,-36.829,-6.369,-10.797,0.75,1.9,0.0
ATOM,4272.0,N2,DG,135.0,-37.771,-6.225,-11.736,-0.68,1.85,12.27
ATOM,4273.0,N3,DG,135.0,-37.172,-6.614,-9.536,-0.74,1.85,3.75
ATOM,4274.0,C4,DG,135.0,-36.103,-6.703,-8.734,0.26,1.9,0.0
ATOM,4275.0,H5',DG,135.0,-36.935,-5.231,-3.451,0.09,1.34,7.59
ATOM,4276.0,H5'',DG,135.0,-37.678,-6.41,-2.345,0.09,1.34,11.67
ATOM,4277.0,H4',DG,135.0,-39.043,-6.359,-4.302,0.09,1.32,13.66
ATOM,4278.0,H1',DG,135.0,-38.106,-7.405,-7.292,0.09,1.32,0.0
ATOM,4279.0,H8,DG,135.0,-34.57,-7.083,-5.93,0.16,1.1,0.46
ATOM,4280.0,H1,DG,135.0,-35.399,-6.063,-12.211,0.26,0.2245,12.22
ATOM,4281.0,H21,DG,135.0,-37.64,-6.027,-12.716,0.32,0.2245,17.17
ATOM,4282.0,H22,DG,135.0,-38.733,-6.305,-11.423,0.35,0.2245,12.1
ATOM,4283.0,H3',DG,135.0,-37.604,-8.739,-3.623,0.09,1.32,8.74
ATOM,4284.0,H2',DG,135.0,-36.22,-9.174,-5.349,0.09,1.34,6.52
ATOM,4285.0,H2'',DG,135.0,-37.561,-9.04,-6.51,0.09,1.34,0.0
ATOM,4286.0,P,DT,136.0,-39.457,-10.238,-5.595,1.5,2.15,2.08
ATOM,4287.0,OP1,DT,136.0,-40.762,-10.838,-5.201,-0.78,1.7,33.31
ATOM,4288.0,OP2,DT,136.0,-38.198,-11.02,-5.433,-0.78,1.7,25.29
ATOM,4289.0,O5',DT,136.0,-39.58,-9.83,-7.133,-0.57,1.77,0.0
ATOM,4290.0,C5',DT,136.0,-40.661,-9.005,-7.596,-0.08,2.01,8.97
ATOM,4291.0,C4',DT,136.0,-41.194,-9.529,-8.911,0.16,2.275,5.04
ATOM,4292.0,O4',DT,136.0,-40.313,-9.144,-9.994,-0.5,1.77,3.62
ATOM,4293.0,C3',DT,136.0,-41.312,-11.053,-8.966,0.01,2.275,2.35
ATOM,4294.0,O3',DT,136.0,-42.541,-11.483,-9.554,-0.57,1.77,6.76
ATOM,4295.0,C2',DT,136.0,-40.125,-11.485,-9.806,-0.18,2.01,0.0
ATOM,4296.0,C1',DT,136.0,-39.818,-10.284,-10.681,0.16,2.275,1.41
ATOM,4297.0,N1,DT,136.0,-38.368,-10.099,-10.845,-0.34,1.85,0.0
ATOM,4298.0,C2,DT,136.0,-37.851,-9.804,-12.089,0.51,1.9,0.0
ATOM,4299.0,O2,DT,136.0,-38.532,-9.657,-13.087,-0.41,1.7,15.94
ATOM,4300.0,N3,DT,136.0,-36.496,-9.676,-12.123,-0.46,1.85,0.0
ATOM,4301.0,C4,DT,136.0,-35.622,-9.787,-11.069,0.5,1.9,0.0
ATOM,4302.0,O4,DT,136.0,-34.416,-9.617,-11.26,-0.45,1.7,14.9
ATOM,4303.0,C5,DT,136.0,-36.236,-10.093,-9.791,-0.15,1.9,0.0
ATOM,4304.0,C7,DT,136.0,-35.373,-10.243,-8.577,-0.11,2.04,14.99
ATOM,4305.0,C6,DT,136.0,-37.557,-10.23,-9.75,0.17,1.9,0.18
ATOM,4306.0,H5',DT,136.0,-40.304,-7.982,-7.733,0.09,1.34,5.19
ATOM,4307.0,H5'',DT,136.0,-41.466,-9.011,-6.862,0.09,1.34,8.83
ATOM,4308.0,H4',DT,136.0,-42.146,-9.037,-9.141,0.09,1.32,13.72
ATOM,4309.0,H1',DT,136.0,-40.209,-10.279,-11.695,0.09,1.32,0.93
ATOM,4310.0,H6,DT,136.0,-38.013,-10.504,-8.789,0.17,1.1,0.02
ATOM,4311.0,H71,DT,136.0,-35.502,-11.246,-8.164,0.07,1.34,11.59
ATOM,4312.0,H72,DT,136.0,-34.329,-10.096,-8.85,0.07,1.34,7.08
ATOM,4313.0,H73,DT,136.0,-35.661,-9.505,-7.83,0.07,1.34,0.0
ATOM,4314.0,H3,DT,136.0,-36.046,-9.459,-13.103,0.36,0.2245,9.65
ATOM,4315.0,H3',DT,136.0,-41.215,-11.46,-7.953,0.09,1.32,0.63
ATOM,4316.0,H2',DT,136.0,-39.578,-12.287,-9.265,0.09,1.34,4.99
ATOM,4317.0,H2'',DT,136.0,-40.464,-11.901,-10.759,0.09,1.34,0.0
ATOM,4318.0,P,DG,137.0,-42.76,-13.043,-9.877,1.5,2.15,2.99
ATOM,4319.0,OP1,DG,137.0,-44.219,-13.313,-9.886,-0.78,1.7,38.64
ATOM,4320.0,OP2,DG,137.0,-41.869,-13.852,-9.007,-0.78,1.7,29.51
ATOM,4321.0,O5',DG,137.0,-42.214,-13.167,-11.361,-0.57,1.77,0.0
ATOM,4322.0,C5',DG,137.0,-42.621,-12.234,-12.35,-0.08,2.01,9.05
ATOM,4323.0,C4',DG,137.0,-42.198,-12.735,-13.702,0.16,2.275,5.7
ATOM,4324.0,O4',DG,137.0,-40.792,-12.465,-13.916,-0.5,1.77,4.34
ATOM,4325.0,C3',DG,137.0,-42.353,-14.248,-13.772,0.01,2.275,1.72
ATOM,4326.0,O3',DG,137.0,-42.644,-14.61,-15.106,-0.57,1.77,1.28
ATOM,4327.0,C2',DG,137.0,-40.98,-14.751,-13.381,-0.18,2.01,0.0
ATOM,4328.0,C1',DG,137.0,-40.079,-13.695,-14.017,0.16,2.275,0.84
ATOM,4329.0,N9,DG,137.0,-38.772,-13.528,-13.375,-0.02,1.85,0.0
ATOM,4330.0,C8,DG,137.0,-38.47,-13.687,-12.04,0.25,1.9,2.62
ATOM,4331.0,N7,DG,137.0,-37.211,-13.471,-11.768,-0.6,1.85,6.61
ATOM,4332.0,C5,DG,137.0,-36.65,-13.154,-12.991,0.0,1.9,0.0
ATOM,4333.0,C6,DG,137.0,-35.336,-12.843,-13.31,0.54,1.9,0.0
ATOM,4334.0,O6,DG,137.0,-34.365,-12.783,-12.554,-0.51,1.7,18.26
ATOM,4335.0,N1,DG,137.0,-35.184,-12.595,-14.669,-0.34,1.85,1.38
ATOM,4336.0,C2,DG,137.0,-36.191,-12.654,-15.599,0.75,1.9,0.35
ATOM,4337.0,N2,DG,137.0,-35.844,-12.404,-16.866,-0.68,1.85,18.29
ATOM,4338.0,N3,DG,137.0,-37.44,-12.943,-15.307,-0.74,1.85,5.32
ATOM,4339.0,C4,DG,137.0,-37.598,-13.184,-13.994,0.26,1.9,0.0
ATOM,4340.0,H5',DG,137.0,-42.154,-11.267,-12.161,0.09,1.34,2.21
ATOM,4341.0,H5'',DG,137.0,-43.708,-12.116,-12.327,0.09,1.34,10.82
ATOM,4342.0,H4',DG,137.0,-42.71,-12.161,-14.485,0.09,1.32,14.35
ATOM,4343.0,H1',DG,137.0,-39.842,-13.884,-15.067,0.09,1.32,0.28
ATOM,4344.0,H8,DG,137.0,-39.238,-13.961,-11.338,0.16,1.1,2.13
ATOM,4345.0,H1,DG,137.0,-34.268,-12.354,-14.996,0.26,0.2245,11.11
ATOM,4346.0,H21,DG,137.0,-34.922,-12.166,-17.207,0.32,0.2245,16.6
ATOM,4347.0,H22,DG,137.0,-36.582,-12.437,-17.553,0.35,0.2245,17.93
ATOM,4348.0,H3',DG,137.0,-43.09,-14.573,-13.032,0.09,1.32,3.93
ATOM,4349.0,H2',DG,137.0,-41.046,-15.353,-12.475,0.09,1.34,6.1
ATOM,4350.0,H2'',DG,137.0,-40.567,-15.357,-14.189,0.09,1.34,0.0
ATOM,4351.0,P,DG,138.0,-43.265,-16.047,-15.416,1.5,2.15,2.54
ATOM,4352.0,OP1,DG,138.0,-44.593,-15.817,-16.031,-0.78,1.7,40.58
ATOM,4353.0,OP2,DG,138.0,-43.132,-16.915,-14.209,-0.78,1.7,28.86
ATOM,4354.0,O5',DG,138.0,-42.326,-16.578,-16.572,-0.57,1.77,2.66
ATOM,4355.0,C5',DG,138.0,-41.916,-15.692,-17.599,-0.08,2.01,10.85
ATOM,4356.0,C4',DG,138.0,-40.544,-16.085,-18.078,0.16,2.275,4.96
ATOM,4357.0,O4',DG,138.0,-39.552,-15.794,-17.057,-0.5,1.77,0.23
ATOM,4358.0,C3',DG,138.0,-40.457,-17.585,-18.326,0.01,2.275,1.33
ATOM,4359.0,O3',DG,138.0,-39.69,-17.818,-19.497,-0.57,1.77,1.39
ATOM,4360.0,C2',DG,138.0,-39.735,-18.107,-17.093,-0.18,2.01,1.76
ATOM,4361.0,C1',DG,138.0,-38.783,-16.962,-16.82,0.16,2.275,0.68
ATOM,4362.0,N9,DG,138.0,-38.198,-16.877,-15.48,-0.02,1.85,0.0
ATOM,4363.0,C8,DG,138.0,-38.8,-17.149,-14.27,0.25,1.9,5.94
ATOM,4364.0,N7,DG,138.0,-38.001,-16.97,-13.248,-0.6,1.85,12.57
ATOM,4365.0,C5,DG,138.0,-36.797,-16.557,-13.821,0.0,1.9,0.0
ATOM,4366.0,C6,DG,138.0,-35.539,-16.2,-13.214,0.54,1.9,0.0
ATOM,4367.0,O6,DG,138.0,-35.231,-16.174,-12.003,-0.51,1.7,23.04
ATOM,4368.0,N1,DG,138.0,-34.595,-15.839,-14.173,-0.34,1.85,0.0
ATOM,4369.0,C2,DG,138.0,-34.811,-15.816,-15.52,0.75,1.9,0.0
ATOM,4370.0,N2,DG,138.0,-33.77,-15.446,-16.27,-0.68,1.85,5.02
ATOM,4371.0,N3,DG,138.0,-35.965,-16.134,-16.097,-0.74,1.85,1.16
ATOM,4372.0,C4,DG,138.0,-36.904,-16.494,-15.194,0.26,1.9,0.0
ATOM,4373.0,H5',DG,138.0,-41.884,-14.67,-17.217,0.09,1.34,4.9
ATOM,4374.0,H5'',DG,138.0,-42.619,-15.737,-18.436,0.09,1.34,13.7
ATOM,4375.0,H4',DG,138.0,-40.254,-15.454,-18.927,0.09,1.32,12.7
ATOM,4376.0,H1',DG,138.0,-37.919,-16.965,-17.491,0.09,1.32,0.36
ATOM,4377.0,H8,DG,138.0,-39.824,-17.47,-14.231,0.16,1.1,3.42
ATOM,4378.0,H1,DG,138.0,-33.685,-15.576,-13.843,0.26,0.2245,8.13
ATOM,4379.0,H21,DG,138.0,-32.85,-15.172,-15.953,0.32,0.2245,15.36
ATOM,4380.0,H22,DG,138.0,-33.922,-15.417,-17.271,0.35,0.2245,10.11
ATOM,4381.0,H3',DG,138.0,-41.465,-18.008,-18.366,0.09,1.32,7.68
ATOM,4382.0,H2',DG,138.0,-40.37,-18.816,-16.567,0.09,1.34,10.01
ATOM,4383.0,H2'',DG,138.0,-38.812,-18.597,-17.398,0.09,1.34,0.0
ATOM,4384.0,P,DA,139.0,-39.621,-19.294,-20.103,1.5,2.15,2.31
ATOM,4385.0,OP1,DA,139.0,-40.58,-19.384,-21.229,-0.78,1.7,39.91
ATOM,4386.0,OP2,DA,139.0,-39.714,-20.259,-18.97,-0.78,1.7,23.58
ATOM,4387.0,O5',DA,139.0,-38.156,-19.36,-20.692,-0.57,1.77,1.09
ATOM,4388.0,C5',DA,139.0,-37.602,-18.247,-21.356,-0.08,2.01,10.68
ATOM,4389.0,C4',DA,139.0,-36.103,-18.393,-21.381,0.16,2.275,5.61
ATOM,4390.0,O4',DA,139.0,-35.578,-18.149,-20.055,-0.5,1.77,4.43
ATOM,4391.0,C3',DA,139.0,-35.664,-19.803,-21.758,0.01,2.275,2.26
ATOM,4392.0,O3',DA,139.0,-34.506,-19.717,-22.593,-0.57,1.77,4.73
ATOM,4393.0,C2',DA,139.0,-35.414,-20.463,-20.409,-0.18,2.01,0.0
ATOM,4394.0,C1',DA,139.0,-34.916,-19.299,-19.56,0.16,2.275,1.2
ATOM,4395.0,N9,DA,139.0,-35.184,-19.371,-18.116,-0.05,1.85,0.0
ATOM,4396.0,C8,DA,139.0,-36.388,-19.587,-17.496,0.34,1.9,0.14
ATOM,4397.0,N7,DA,139.0,-36.322,-19.563,-16.183,-0.71,1.85,5.25
ATOM,4398.0,C5,DA,139.0,-34.985,-19.321,-15.919,0.28,1.9,0.0
ATOM,4399.0,C6,DA,139.0,-34.273,-19.187,-14.715,0.46,1.9,0.0
ATOM,4400.0,N6,DA,139.0,-34.832,-19.301,-13.511,-0.77,1.85,7.63
ATOM,4401.0,N1,DA,139.0,-32.951,-18.941,-14.791,-0.74,1.85,10.16
ATOM,4402.0,C2,DA,139.0,-32.384,-18.858,-16.0,0.5,1.9,3.3
ATOM,4403.0,N3,DA,139.0,-32.944,-18.98,-17.21,-0.75,1.85,4.4
ATOM,4404.0,C4,DA,139.0,-34.266,-19.207,-17.098,0.43,1.9,0.0
ATOM,4405.0,H5',DA,139.0,-37.863,-17.328,-20.831,0.09,1.34,4.87
ATOM,4406.0,H5'',DA,139.0,-37.985,-18.189,-22.381,0.09,1.34,13.13
ATOM,4407.0,H4',DA,139.0,-35.667,-17.603,-22.0,0.09,1.32,13.87
ATOM,4408.0,H1',DA,139.0,-33.842,-19.144,-19.625,0.09,1.32,0.63
ATOM,4409.0,H8,DA,139.0,-37.268,-19.804,-18.076,0.12,1.1,0.0
ATOM,4410.0,H61,DA,139.0,-34.269,-19.195,-12.678,0.38,0.2245,15.38
ATOM,4411.0,H62,DA,139.0,-35.821,-19.494,-13.426,0.38,0.2245,8.02
ATOM,4412.0,H2,DA,139.0,-31.327,-18.667,-16.091,0.13,1.1,14.59
ATOM,4413.0,H3',DA,139.0,-36.483,-20.316,-22.27,0.09,1.32,6.69
ATOM,4414.0,H2',DA,139.0,-36.045,-21.354,-20.317,0.09,1.34,4.77
ATOM,4415.0,H2'',DA,139.0,-34.367,-20.761,-20.332,0.09,1.34,0.0
ATOM,4416.0,P,DT,140.0,-33.902,-21.05,-23.258,1.5,2.15,3.29
ATOM,4417.0,OP1,DT,140.0,-33.471,-20.79,-24.659,-0.78,1.7,41.95
ATOM,4418.0,OP2,DT,140.0,-34.867,-22.153,-22.963,-0.78,1.7,31.6
ATOM,4419.0,O5',DT,140.0,-32.591,-21.296,-22.395,-0.57,1.77,1.02
ATOM,4420.0,C5',DT,140.0,-31.808,-20.193,-21.956,-0.08,2.01,10.33
ATOM,4421.0,C4',DT,140.0,-30.791,-20.658,-20.945,0.16,2.275,4.06
ATOM,4422.0,O4',DT,140.0,-31.315,-20.669,-19.599,-0.5,1.77,1.08
ATOM,4423.0,C3',DT,140.0,-30.219,-22.053,-21.188,0.01,2.275,0.89
ATOM,4424.0,O3',DT,140.0,-28.829,-21.953,-21.001,-0.57,1.77,0.71
ATOM,4425.0,C2',DT,140.0,-30.81,-22.891,-20.064,-0.18,2.01,0.61
ATOM,4426.0,C1',DT,140.0,-30.901,-21.862,-18.956,0.16,2.275,0.76
ATOM,4427.0,N1,DT,140.0,-31.845,-22.124,-17.849,-0.34,1.85,0.0
ATOM,4428.0,C2,DT,140.0,-31.373,-21.932,-16.569,0.51,1.9,0.0
ATOM,4429.0,O2,DT,140.0,-30.226,-21.611,-16.33,-0.41,1.7,8.5
ATOM,4430.0,N3,DT,140.0,-32.292,-22.136,-15.578,-0.46,1.85,0.0
ATOM,4431.0,C4,DT,140.0,-33.6,-22.531,-15.732,0.5,1.9,0.0
ATOM,4432.0,O4,DT,140.0,-34.313,-22.665,-14.754,-0.45,1.7,16.0
ATOM,4433.0,C5,DT,140.0,-34.024,-22.754,-17.095,-0.15,1.9,0.0
ATOM,4434.0,C7,DT,140.0,-35.419,-23.231,-17.343,-0.11,2.04,23.5
ATOM,4435.0,C6,DT,140.0,-33.141,-22.528,-18.079,0.17,1.9,1.52
ATOM,4436.0,H5',DT,140.0,-32.454,-19.441,-21.497,0.09,1.34,2.03
ATOM,4437.0,H5'',DT,140.0,-31.287,-19.745,-22.805,0.09,1.34,13.17
ATOM,4438.0,H4',DT,140.0,-29.953,-19.937,-20.908,0.09,1.32,11.23
ATOM,4439.0,H1',DT,140.0,-29.95,-21.684,-18.46,0.09,1.32,0.24
ATOM,4440.0,H6,DT,140.0,-33.461,-22.716,-19.106,0.17,1.1,1.74
ATOM,4441.0,H71,DT,140.0,-35.379,-24.191,-17.863,0.07,1.34,14.65
ATOM,4442.0,H72,DT,140.0,-35.938,-23.355,-16.394,0.07,1.34,8.65
ATOM,4443.0,H73,DT,140.0,-35.95,-22.508,-17.959,0.07,1.34,0.14
ATOM,4444.0,H3,DT,140.0,-31.953,-21.967,-14.549,0.36,0.2245,6.99
ATOM,4445.0,H3',DT,140.0,-30.576,-22.429,-22.153,0.09,1.32,6.65
ATOM,4446.0,H2',DT,140.0,-31.369,-23.727,-20.483,0.09,1.34,11.15
ATOM,4447.0,H2'',DT,140.0,-30.005,-23.269,-19.435,0.09,1.34,0.0
ATOM,4448.0,P,DA,141.0,-27.879,-23.134,-21.481,1.5,2.15,2.51
ATOM,4449.0,OP1,DA,141.0,-27.297,-22.682,-22.768,-0.78,1.7,41.13
ATOM,4450.0,OP2,DA,141.0,-28.628,-24.427,-21.405,-0.78,1.7,28.36
ATOM,4451.0,O5',DA,141.0,-26.739,-23.081,-20.367,-0.57,1.77,3.77
ATOM,4452.0,C5',DA,141.0,-26.497,-21.869,-19.648,-0.08,2.01,11.35
ATOM,4453.0,C4',DA,141.0,-26.03,-22.168,-18.238,0.16,2.275,4.14
ATOM,4454.0,O4',DA,141.0,-27.119,-22.383,-17.296,-0.5,1.77,3.42
ATOM,4455.0,C3',DA,141.0,-25.068,-23.351,-18.087,0.01,2.275,2.0
ATOM,4456.0,O3',DA,141.0,-23.97,-22.918,-17.277,-0.57,1.77,3.57
ATOM,4457.0,C2',DA,141.0,-25.918,-24.405,-17.397,-0.18,2.01,0.07
ATOM,4458.0,C1',DA,141.0,-26.916,-23.581,-16.577,0.16,2.275,1.8
ATOM,4459.0,N9,DA,141.0,-28.226,-24.212,-16.403,-0.05,1.85,0.0
ATOM,4460.0,C8,DA,141.0,-29.104,-24.608,-17.381,0.34,1.9,1.0
ATOM,4461.0,N7,DA,141.0,-30.237,-25.101,-16.916,-0.71,1.85,7.22
ATOM,4462.0,C5,DA,141.0,-30.085,-25.036,-15.542,0.28,1.9,0.0
ATOM,4463.0,C6,DA,141.0,-30.935,-25.385,-14.486,0.46,1.9,0.0
ATOM,4464.0,N6,DA,141.0,-32.169,-25.862,-14.662,-0.77,1.85,8.99
ATOM,4465.0,N1,DA,141.0,-30.477,-25.215,-13.223,-0.74,1.85,14.26
ATOM,4466.0,C2,DA,141.0,-29.255,-24.716,-13.054,0.5,1.9,8.74
ATOM,4467.0,N3,DA,141.0,-28.366,-24.322,-13.969,-0.75,1.85,6.92
ATOM,4468.0,C4,DA,141.0,-28.846,-24.511,-15.208,0.43,1.9,0.0
ATOM,4469.0,H5',DA,141.0,-27.418,-21.279,-19.603,0.09,1.34,1.83
ATOM,4470.0,H5'',DA,141.0,-25.724,-21.288,-20.153,0.09,1.34,14.7
ATOM,4471.0,H4',DA,141.0,-25.492,-21.287,-17.835,0.09,1.32,12.57
ATOM,4472.0,H1',DA,141.0,-26.599,-23.338,-15.566,0.09,1.32,1.54
ATOM,4473.0,H8,DA,141.0,-28.827,-24.55,-18.419,0.12,1.1,0.0
ATOM,4474.0,H61,DA,141.0,-32.741,-26.098,-13.86,0.38,0.2245,19.01
ATOM,4475.0,H62,DA,141.0,-32.537,-25.989,-15.595,0.38,0.2245,9.75
ATOM,4476.0,H2,DA,141.0,-28.856,-24.581,-12.06,0.13,1.1,13.65
ATOM,4477.0,H3',DA,141.0,-24.774,-23.705,-19.078,0.09,1.32,5.7
ATOM,4478.0,H2',DA,141.0,-25.894,-25.334,-17.986,0.09,1.34,6.02
ATOM,4479.0,H2'',DA,141.0,-25.52,-24.617,-16.401,0.09,1.34,0.0
ATOM,4480.0,P,DT,142.0,-22.676,-23.851,-17.081,1.5,2.15,3.54
ATOM,4481.0,OP1,DT,142.0,-21.532,-22.935,-16.891,-0.78,1.7,39.49
ATOM,4482.0,OP2,DT,142.0,-22.629,-24.909,-18.116,-0.78,1.7,35.68
ATOM,4483.0,O5',DT,142.0,-22.912,-24.46,-15.64,-0.57,1.77,0.57
ATOM,4484.0,C5',DT,142.0,-23.41,-23.614,-14.629,-0.08,2.01,9.52
ATOM,4485.0,C4',DT,142.0,-23.701,-24.406,-13.387,0.16,2.275,3.84
ATOM,4486.0,O4',DT,142.0,-25.051,-24.93,-13.357,-0.5,1.77,1.61
ATOM,4487.0,C3',DT,142.0,-22.764,-25.585,-13.16,0.01,2.275,1.63
ATOM,4488.0,O3',DT,142.0,-22.327,-25.482,-11.811,-0.57,1.77,2.35
ATOM,4489.0,C2',DT,142.0,-23.673,-26.789,-13.383,-0.18,2.01,0.01
ATOM,4490.0,C1',DT,142.0,-25.014,-26.252,-12.891,0.16,2.275,1.35
ATOM,4491.0,N1,DT,142.0,-26.231,-26.92,-13.379,-0.34,1.85,0.0
ATOM,4492.0,C2,DT,142.0,-27.18,-27.322,-12.452,0.51,1.9,0.0
ATOM,4493.0,O2,DT,142.0,-27.033,-27.214,-11.255,-0.41,1.7,13.77
ATOM,4494.0,N3,DT,142.0,-28.314,-27.857,-12.989,-0.46,1.85,0.0
ATOM,4495.0,C4,DT,142.0,-28.595,-28.027,-14.327,0.5,1.9,0.0
ATOM,4496.0,O4,DT,142.0,-29.678,-28.473,-14.664,-0.45,1.7,17.06
ATOM,4497.0,C5,DT,142.0,-27.544,-27.626,-15.242,-0.15,1.9,0.0
ATOM,4498.0,C7,DT,142.0,-27.76,-27.797,-16.709,-0.11,2.04,18.45
ATOM,4499.0,C6,DT,142.0,-26.425,-27.106,-14.728,0.17,1.9,0.0
ATOM,4500.0,H5',DT,142.0,-24.332,-23.128,-14.969,0.09,1.34,1.46
ATOM,4501.0,H5'',DT,142.0,-22.675,-22.841,-14.385,0.09,1.34,11.82
ATOM,4502.0,H4',DT,142.0,-23.647,-23.742,-12.502,0.09,1.32,12.55
ATOM,4503.0,H1',DT,142.0,-25.124,-26.253,-11.808,0.09,1.32,0.91
ATOM,4504.0,H6,DT,142.0,-25.613,-26.857,-15.416,0.17,1.1,0.98
ATOM,4505.0,H71,DT,142.0,-26.98,-28.448,-17.114,0.07,1.34,8.67
ATOM,4506.0,H72,DT,142.0,-28.735,-28.249,-16.887,0.07,1.34,8.07
ATOM,4507.0,H73,DT,142.0,-27.712,-26.827,-17.203,0.07,1.34,0.0
ATOM,4508.0,H3,DT,142.0,-29.087,-28.188,-12.286,0.36,0.2245,10.97
ATOM,4509.0,H3',DT,142.0,-21.977,-25.578,-13.916,0.09,1.32,3.79
ATOM,4510.0,H2',DT,142.0,-23.263,-27.417,-14.173,0.09,1.34,3.79
ATOM,4511.0,H2'',DT,142.0,-23.746,-27.365,-12.46,0.09,1.34,0.0
ATOM,4512.0,P,DT,143.0,-21.074,-26.334,-11.298,1.5,2.15,3.7
ATOM,4513.0,OP1,DT,143.0,-20.378,-25.456,-10.323,-0.78,1.7,38.02
ATOM,4514.0,OP2,DT,143.0,-20.324,-26.904,-12.459,-0.78,1.7,36.3
ATOM,4515.0,O5',DT,143.0,-21.804,-27.425,-10.416,-0.57,1.77,1.3
ATOM,4516.0,C5',DT,143.0,-22.72,-26.967,-9.442,-0.08,2.01,9.59
ATOM,4517.0,C4',DT,143.0,-23.508,-28.115,-8.874,0.16,2.275,3.89
ATOM,4518.0,O4',DT,143.0,-24.586,-28.517,-9.758,-0.5,1.77,0.98
ATOM,4519.0,C3',DT,143.0,-22.675,-29.359,-8.595,0.01,2.275,1.55
ATOM,4520.0,O3',DT,143.0,-23.001,-29.765,-7.274,-0.57,1.77,2.72
ATOM,4521.0,C2',DT,143.0,-23.144,-30.335,-9.669,-0.18,2.01,0.02
ATOM,4522.0,C1',DT,143.0,-24.606,-29.927,-9.851,0.16,2.275,0.94
ATOM,4523.0,N1,DT,143.0,-25.299,-30.291,-11.12,-0.34,1.85,0.0
ATOM,4524.0,C2,DT,143.0,-26.649,-30.683,-11.097,0.51,1.9,0.0
ATOM,4525.0,O2,DT,143.0,-27.307,-30.845,-10.073,-0.41,1.7,18.59
ATOM,4526.0,N3,DT,143.0,-27.197,-30.89,-12.333,-0.46,1.85,0.0
ATOM,4527.0,C4,DT,143.0,-26.553,-30.793,-13.551,0.5,1.9,0.0
ATOM,4528.0,O4,DT,143.0,-27.168,-31.015,-14.582,-0.45,1.7,12.99
ATOM,4529.0,C5,DT,143.0,-25.156,-30.433,-13.497,-0.15,1.9,0.0
ATOM,4530.0,C7,DT,143.0,-24.382,-30.334,-14.77,-0.11,2.04,24.3
ATOM,4531.0,C6,DT,143.0,-24.611,-30.202,-12.303,0.17,1.9,0.28
ATOM,4532.0,H5',DT,143.0,-23.412,-26.245,-9.893,0.09,1.34,3.54
ATOM,4533.0,H5'',DT,143.0,-22.187,-26.479,-8.622,0.09,1.34,11.5
ATOM,4534.0,H4',DT,143.0,-24.019,-27.793,-7.951,0.09,1.32,12.81
ATOM,4535.0,H1',DT,143.0,-25.255,-30.327,-9.075,0.09,1.32,1.37
ATOM,4536.0,H6,DT,143.0,-23.538,-29.967,-12.269,0.17,1.1,2.27
ATOM,4537.0,H71,DT,143.0,-23.549,-31.04,-14.742,0.07,1.34,13.52
ATOM,4538.0,H72,DT,143.0,-25.029,-30.573,-15.613,0.07,1.34,5.59
ATOM,4539.0,H73,DT,143.0,-23.993,-29.323,-14.886,0.07,1.34,1.03
ATOM,4540.0,H3,DT,143.0,-28.257,-31.161,-12.366,0.36,0.2245,8.66
ATOM,4541.0,H3',DT,143.0,-21.617,-29.133,-8.745,0.09,1.32,5.4
ATOM,4542.0,H2',DT,143.0,-22.29,-30.664,-10.263,0.09,1.34,10.03
ATOM,4543.0,H2'',DT,143.0,-23.611,-31.201,-9.198,0.09,1.34,0.0
ATOM,4544.0,P,DG,144.0,-22.087,-30.843,-6.519,1.5,2.15,3.36
ATOM,4545.0,OP1,DG,144.0,-21.888,-30.393,-5.094,-0.78,1.7,38.09
ATOM,4546.0,OP2,DG,144.0,-20.943,-31.216,-7.371,-0.78,1.7,31.79
ATOM,4547.0,O5',DG,144.0,-23.02,-32.121,-6.444,-0.57,1.77,0.61
ATOM,4548.0,C5',DG,144.0,-24.186,-32.11,-5.629,-0.08,2.01,9.35
ATOM,4549.0,C4',DG,144.0,-25.029,-33.326,-5.928,0.16,2.275,5.41
ATOM,4550.0,O4',DG,144.0,-25.512,-33.232,-7.288,-0.5,1.77,3.28
ATOM,4551.0,C3',DG,144.0,-24.263,-34.649,-5.849,0.01,2.275,1.13
ATOM,4552.0,O3',DG,144.0,-25.085,-35.632,-5.241,-0.57,1.77,1.07
ATOM,4553.0,C2',DG,144.0,-23.997,-34.998,-7.302,-0.18,2.01,1.98
ATOM,4554.0,C1',DG,144.0,-25.245,-34.449,-7.938,0.16,2.275,0.46
ATOM,4555.0,N9,DG,144.0,-25.224,-34.211,-9.374,-0.02,1.85,0.0
ATOM,4556.0,C8,DG,144.0,-24.179,-33.826,-10.179,0.25,1.9,5.86
ATOM,4557.0,N7,DG,144.0,-24.497,-33.787,-11.447,-0.6,1.85,10.53
ATOM,4558.0,C5,DG,144.0,-25.842,-34.165,-11.471,0.0,1.9,0.0
ATOM,4559.0,C6,DG,144.0,-26.736,-34.363,-12.571,0.54,1.9,0.0
ATOM,4560.0,O6,DG,144.0,-26.488,-34.268,-13.793,-0.51,1.7,16.9
ATOM,4561.0,N1,DG,144.0,-28.018,-34.729,-12.132,-0.34,1.85,0.57
ATOM,4562.0,C2,DG,144.0,-28.383,-34.908,-10.794,0.75,1.9,0.0
ATOM,4563.0,N2,DG,144.0,-29.677,-35.25,-10.519,-0.68,1.85,16.51
ATOM,4564.0,N3,DG,144.0,-27.542,-34.761,-9.78,-0.74,1.85,4.56
ATOM,4565.0,C4,DG,144.0,-26.304,-34.394,-10.191,0.26,1.9,0.0
ATOM,4566.0,H5',DG,144.0,-24.77,-31.21,-5.832,0.09,1.34,8.33
ATOM,4567.0,H5'',DG,144.0,-23.903,-32.122,-4.574,0.09,1.34,11.08
ATOM,4568.0,H4',DG,144.0,-25.93,-33.306,-5.312,0.09,1.32,12.57
ATOM,4569.0,H1',DG,144.0,-26.089,-35.132,-7.79,0.09,1.32,0.18
ATOM,4570.0,H8,DG,144.0,-23.22,-33.591,-9.754,0.16,1.1,5.1
ATOM,4571.0,H1,DG,144.0,-28.722,-34.873,-12.818,0.26,0.2245,11.44
ATOM,4572.0,H21,DG,144.0,-30.39,-35.371,-11.224,0.32,0.2245,16.24
ATOM,4573.0,H22,DG,144.0,-29.919,-35.363,-9.568,0.35,0.2245,13.83
ATOM,4574.0,H3',DG,144.0,-23.314,-34.486,-5.328,0.09,1.32,8.54
ATOM,4575.0,H2',DG,144.0,-22.926,-35.077,-7.474,0.09,1.34,10.11
ATOM,4576.0,H2'',DG,144.0,-24.478,-35.945,-7.535,0.09,1.34,0.0
ATOM,4577.0,P,DA,145.0,-24.459,-37.06,-4.83,1.5,2.15,2.37
ATOM,4578.0,OP1,DA,145.0,-24.264,-37.054,-3.35,-0.78,1.7,35.88
ATOM,4579.0,OP2,DA,145.0,-23.309,-37.377,-5.723,-0.78,1.7,25.81
ATOM,4580.0,O5',DA,145.0,-25.667,-38.042,-5.173,-0.57,1.77,1.95
ATOM,4581.0,C5',DA,145.0,-26.999,-37.692,-4.766,-0.08,2.01,10.23
ATOM,4582.0,C4',DA,145.0,-28.023,-38.451,-5.576,0.16,2.275,4.89
ATOM,4583.0,O4',DA,145.0,-28.123,-37.9,-6.915,-0.5,1.77,4.36
ATOM,4584.0,C3',DA,145.0,-27.665,-39.928,-5.731,0.01,2.275,1.78
ATOM,4585.0,O3',DA,145.0,-28.805,-40.769,-5.552,-0.57,1.77,3.92
ATOM,4586.0,C2',DA,145.0,-27.15,-40.01,-7.147,-0.18,2.01,0.0
ATOM,4587.0,C1',DA,145.0,-27.934,-38.921,-7.856,0.16,2.275,1.52
ATOM,4588.0,N9,DA,145.0,-27.15,-38.384,-8.956,-0.05,1.85,0.0
ATOM,4589.0,C8,DA,145.0,-25.844,-37.953,-8.92,0.34,1.9,0.18
ATOM,4590.0,N7,DA,145.0,-25.365,-37.637,-10.103,-0.71,1.85,4.53
ATOM,4591.0,C5,DA,145.0,-26.435,-37.842,-10.969,0.28,1.9,0.0
ATOM,4592.0,C6,DA,145.0,-26.569,-37.686,-12.352,0.46,1.9,0.0
ATOM,4593.0,N6,DA,145.0,-25.598,-37.262,-13.145,-0.77,1.85,7.55
ATOM,4594.0,N1,DA,145.0,-27.76,-37.981,-12.905,-0.74,1.85,11.32
ATOM,4595.0,C2,DA,145.0,-28.759,-38.395,-12.103,0.5,1.9,1.92
ATOM,4596.0,N3,DA,145.0,-28.758,-38.578,-10.784,-0.75,1.85,5.6
ATOM,4597.0,C4,DA,145.0,-27.548,-38.283,-10.272,0.43,1.9,0.0
ATOM,4598.0,H5',DA,145.0,-27.151,-36.617,-4.907,0.09,1.34,5.01
ATOM,4599.0,H5'',DA,145.0,-27.138,-37.94,-3.714,0.09,1.34,12.71
ATOM,4600.0,H4',DA,145.0,-29.02,-38.3,-5.142,0.09,1.32,14.11
ATOM,4601.0,H1',DA,145.0,-28.896,-39.173,-8.307,0.09,1.32,2.62
ATOM,4602.0,H8,DA,145.0,-25.299,-37.945,-7.996,0.12,1.1,0.0
ATOM,4603.0,H61,DA,145.0,-25.751,-37.167,-14.144,0.38,0.2245,15.67
ATOM,4604.0,H62,DA,145.0,-24.688,-37.027,-12.761,0.38,0.2245,8.74
ATOM,4605.0,H2,DA,145.0,-29.722,-38.628,-12.523,0.13,1.1,18.78
ATOM,4606.0,H3',DA,145.0,-26.866,-40.181,-5.028,0.09,1.32,4.66
ATOM,4607.0,H2',DA,145.0,-26.138,-40.445,-7.146,0.09,1.34,0.82
ATOM,4608.0,H2'',DA,145.0,-27.801,-40.652,-7.747,0.09,1.34,0.0
ATOM,4609.0,P,DT,146.0,-28.601,-42.355,-5.34,1.5,2.15,3.19
ATOM,4610.0,OP1,DT,146.0,-29.571,-42.726,-4.269,-0.78,1.7,40.64
ATOM,4611.0,OP2,DT,146.0,-27.155,-42.68,-5.182,-0.78,1.7,31.25
ATOM,4612.0,O5',DT,146.0,-29.054,-42.972,-6.738,-0.57,1.77,1.35
ATOM,4613.0,C5',DT,146.0,-30.268,-42.552,-7.338,-0.08,2.01,10.53
ATOM,4614.0,C4',DT,146.0,-30.301,-42.96,-8.789,0.16,2.275,4.38
ATOM,4615.0,O4',DT,146.0,-29.498,-42.083,-9.624,-0.5,1.77,1.78
ATOM,4616.0,C3',DT,146.0,-29.81,-44.384,-9.045,0.14,2.275,6.19
ATOM,4617.0,O3',DT,146.0,-30.775,-45.044,-9.87,-0.66,1.77,22.73
ATOM,4618.0,C2',DT,146.0,-28.501,-44.181,-9.79,-0.18,2.01,10.74
ATOM,4619.0,C1',DT,146.0,-28.744,-42.868,-10.522,0.16,2.275,1.6
ATOM,4620.0,N1,DT,146.0,-27.503,-42.147,-10.845,-0.34,1.85,0.42
ATOM,4621.0,C2,DT,146.0,-27.321,-41.683,-12.13,0.51,1.9,2.88
ATOM,4622.0,O2,DT,146.0,-28.167,-41.767,-12.994,-0.41,1.7,25.97
ATOM,4623.0,N3,DT,146.0,-26.11,-41.109,-12.363,-0.46,1.85,6.67
ATOM,4624.0,C4,DT,146.0,-25.091,-40.932,-11.454,0.5,1.9,3.15
ATOM,4625.0,O4,DT,146.0,-24.051,-40.404,-11.803,-0.45,1.7,24.21
ATOM,4626.0,C5,DT,146.0,-25.356,-41.406,-10.121,-0.15,1.9,0.83
ATOM,4627.0,C7,DT,146.0,-24.302,-41.243,-9.076,-0.11,2.04,24.43
ATOM,4628.0,C6,DT,146.0,-26.537,-41.978,-9.88,0.17,1.9,3.1
ATOM,4629.0,H5',DT,146.0,-30.358,-41.463,-7.27,0.09,1.34,4.25
ATOM,4630.0,H5'',DT,146.0,-31.118,-43.011,-6.826,0.09,1.34,13.01
ATOM,4631.0,H4',DT,146.0,-31.326,-42.845,-9.182,0.09,1.32,13.3
ATOM,4632.0,H1',DT,146.0,-29.276,-42.928,-11.473,0.09,1.32,6.61
ATOM,4633.0,H6,DT,146.0,-26.724,-42.367,-8.875,0.17,1.1,0.5
ATOM,4634.0,H71,DT,146.0,-24.022,-42.228,-8.692,0.07,1.34,14.69
ATOM,4635.0,H72,DT,146.0,-23.426,-40.763,-9.509,0.07,1.34,8.82
ATOM,4636.0,H73,DT,146.0,-24.686,-40.633,-8.259,0.07,1.34,0.26
ATOM,4637.0,H3,DT,146.0,-25.919,-40.747,-13.38,0.36,0.2245,12.59
ATOM,4638.0,H3',DT,146.0,-29.616,-44.878,-8.088,0.09,1.32,9.19
ATOM,4639.0,H2',DT,146.0,-27.697,-44.71,-9.267,0.09,1.34,12.71
ATOM,4640.0,H2'',DT,146.0,-28.587,-44.579,-10.802,0.09,1.34,8.45
ATOM,4641.0,H3T,DT,146.0,-30.484,-46.007,-10.067,0.43,0.2245,23.01
