atom,serial,name,resname,resid,x,y,z,charges,radius,sasa
ATOM,1.0,O5',DG,501.0,6.645,15.884,91.622,-0.66,1.77,4.62
ATOM,2.0,C5',DG,501.0,5.709,14.867,91.258,0.05,2.01,20.34
ATOM,3.0,C4',DG,501.0,4.427,15.462,90.726,0.16,2.275,5.61
ATOM,4.0,O4',DG,501.0,3.948,16.441,91.679,-0.5,1.77,11.42
ATOM,5.0,C3',DG,501.0,4.581,16.206,89.402,0.01,2.275,3.0
ATOM,6.0,O3',DG,501.0,3.411,16.047,88.596,-0.57,1.77,6.81
ATOM,7.0,C2',DG,501.0,4.755,17.652,89.826,-0.18,2.01,0.0
ATOM,8.0,C1',DG,501.0,3.933,17.74,91.101,0.16,2.275,1.48
ATOM,9.0,N9,DG,501.0,4.497,18.663,92.08,-0.02,1.85,0.45
ATOM,10.0,C8,DG,501.0,5.798,18.698,92.523,0.25,1.9,10.02
ATOM,11.0,N7,DG,501.0,6.018,19.638,93.4,-0.6,1.85,22.51
ATOM,12.0,C5,DG,501.0,4.787,20.262,93.549,0.0,1.9,2.36
ATOM,13.0,C6,DG,501.0,4.406,21.355,94.369,0.54,1.9,3.12
ATOM,14.0,O6,DG,501.0,5.103,22.009,95.156,-0.51,1.7,36.24
ATOM,15.0,N1,DG,501.0,3.06,21.668,94.209,-0.34,1.85,6.37
ATOM,16.0,C2,DG,501.0,2.191,21.015,93.37,0.75,1.9,1.95
ATOM,17.0,N2,DG,501.0,0.932,21.472,93.355,-0.68,1.85,16.85
ATOM,18.0,N3,DG,501.0,2.532,19.992,92.602,-0.74,1.85,8.09
ATOM,19.0,C4,DG,501.0,3.837,19.672,92.741,0.26,1.9,2.13
ATOM,20.0,H5',DG,501.0,5.481,14.249,92.137,0.09,1.34,15.28
ATOM,21.0,H5'',DG,501.0,6.133,14.235,90.478,0.09,1.34,13.03
ATOM,22.0,H4',DG,501.0,3.651,14.696,90.703,0.09,1.32,13.88
ATOM,23.0,H1',DG,501.0,2.899,18.065,90.984,0.09,1.32,0.39
ATOM,24.0,H8,DG,501.0,6.52,17.992,92.148,0.16,1.1,3.46
ATOM,25.0,H1,DG,501.0,2.696,22.43,94.748,0.26,0.2245,14.23
ATOM,26.0,H21,DG,501.0,0.555,22.234,93.901,0.32,0.2245,18.31
ATOM,27.0,H22,DG,501.0,0.284,20.991,92.747,0.35,0.2245,12.84
ATOM,28.0,H3',DG,501.0,5.486,15.859,88.894,0.09,1.32,8.36
ATOM,29.0,H2',DG,501.0,5.698,18.041,89.411,0.09,1.34,7.47
ATOM,30.0,H2'',DG,501.0,3.932,18.257,89.438,0.09,1.34,0.0
ATOM,31.0,H5T,DG,501.0,7.509,15.63,91.964,0.43,0.2245,24.82
ATOM,32.0,P,DC,502.0,3.26,16.888,87.234,1.5,2.15,3.53
ATOM,33.0,OP1,DC,502.0,2.344,16.151,86.327,-0.78,1.7,39.37
ATOM,34.0,OP2,DC,502.0,4.622,17.241,86.767,-0.78,1.7,32.79
ATOM,35.0,O5',DC,502.0,2.541,18.229,87.706,-0.57,1.77,0.16
ATOM,36.0,C5',DC,502.0,1.332,18.175,88.46,-0.08,2.01,9.38
ATOM,37.0,C4',DC,502.0,0.799,19.567,88.714,0.16,2.275,2.65
ATOM,38.0,O4',DC,502.0,1.588,20.244,89.725,-0.5,1.77,0.0
ATOM,39.0,C3',DC,502.0,0.783,20.491,87.494,0.01,2.275,0.42
ATOM,40.0,O3',DC,502.0,-0.43,21.246,87.469,-0.57,1.77,0.59
ATOM,41.0,C2',DC,502.0,1.949,21.427,87.749,-0.18,2.01,0.12
ATOM,42.0,C1',DC,502.0,1.92,21.54,89.262,0.16,2.275,0.08
ATOM,43.0,N1,DC,502.0,3.191,21.945,89.888,-0.13,1.85,0.0
ATOM,44.0,C2,DC,502.0,3.175,22.997,90.808,0.52,1.9,0.0
ATOM,45.0,O2,DC,502.0,2.09,23.537,91.082,-0.49,1.7,5.23
ATOM,46.0,N3,DC,502.0,4.336,23.399,91.376,-0.66,1.85,3.07
ATOM,47.0,C4,DC,502.0,5.479,22.788,91.058,0.65,1.9,0.0
ATOM,48.0,N4,DC,502.0,6.602,23.226,91.635,-0.75,1.85,12.64
ATOM,49.0,C5,DC,502.0,5.522,21.703,90.134,-0.13,1.9,6.29
ATOM,50.0,C6,DC,502.0,4.365,21.318,89.577,0.05,1.9,3.39
ATOM,51.0,H5',DC,502.0,1.519,17.682,89.42,0.09,1.34,3.15
ATOM,52.0,H5'',DC,502.0,0.576,17.611,87.911,0.09,1.34,11.0
ATOM,53.0,H4',DC,502.0,-0.207,19.5,89.15,0.09,1.32,11.75
ATOM,54.0,H1',DC,502.0,1.194,22.26,89.648,0.09,1.32,0.78
ATOM,55.0,H6,DC,502.0,4.357,20.499,88.87,0.17,1.1,1.75
ATOM,56.0,H5,DC,502.0,6.456,21.188,89.874,0.07,1.1,12.02
ATOM,57.0,H41,DC,502.0,6.524,23.992,92.279,0.37,0.2245,14.71
ATOM,58.0,H42,DC,502.0,7.481,22.786,91.414,0.33,0.2245,16.91
ATOM,59.0,H3',DC,502.0,0.972,19.902,86.592,0.09,1.32,6.42
ATOM,60.0,H2',DC,502.0,2.665,21.357,86.928,0.09,1.34,10.88
ATOM,61.0,H2'',DC,502.0,1.585,22.452,87.822,0.09,1.34,0.0
ATOM,62.0,P,DA,503.0,-0.962,21.852,86.08,1.5,2.15,2.29
ATOM,63.0,OP1,DA,503.0,-2.005,20.946,85.538,-0.78,1.7,38.87
ATOM,64.0,OP2,DA,503.0,0.226,22.179,85.249,-0.78,1.7,25.71
ATOM,65.0,O5',DA,503.0,-1.659,23.215,86.514,-0.57,1.77,1.88
ATOM,66.0,C5',DA,503.0,-2.65,23.239,87.542,-0.08,2.01,10.66
ATOM,67.0,C4',DA,503.0,-2.81,24.645,88.071,0.16,2.275,5.63
ATOM,68.0,O4',DA,503.0,-1.594,25.045,88.752,-0.5,1.77,7.14
ATOM,69.0,C3',DA,503.0,-3.029,25.687,86.978,0.01,2.275,2.34
ATOM,70.0,O3',DA,503.0,-3.843,26.753,87.487,-0.57,1.77,6.74
ATOM,71.0,C2',DA,503.0,-1.617,26.156,86.679,-0.18,2.01,0.83
ATOM,72.0,C1',DA,503.0,-0.971,26.12,88.056,0.16,2.275,1.39
ATOM,73.0,N9,DA,503.0,0.469,25.86,88.044,-0.05,1.85,0.0
ATOM,74.0,C8,DA,503.0,1.182,25.094,87.155,0.34,1.9,4.57
ATOM,75.0,N7,DA,503.0,2.461,25.016,87.431,-0.71,1.85,9.19
ATOM,76.0,C5,DA,503.0,2.603,25.789,88.576,0.28,1.9,0.0
ATOM,77.0,C6,DA,503.0,3.717,26.101,89.378,0.46,1.9,0.0
ATOM,78.0,N6,DA,503.0,4.95,25.642,89.149,-0.77,1.85,2.27
ATOM,79.0,N1,DA,503.0,3.517,26.907,90.442,-0.74,1.85,7.77
ATOM,80.0,C2,DA,503.0,2.279,27.358,90.681,0.5,1.9,7.38
ATOM,81.0,N3,DA,503.0,1.155,27.131,90.008,-0.75,1.85,9.36
ATOM,82.0,C4,DA,503.0,1.386,26.327,88.955,0.43,1.9,0.0
ATOM,83.0,H5',DA,503.0,-2.348,22.58,88.359,0.09,1.34,6.64
ATOM,84.0,H5'',DA,503.0,-3.607,22.899,87.142,0.09,1.34,12.51
ATOM,85.0,H4',DA,503.0,-3.578,24.658,88.849,0.09,1.32,13.65
ATOM,86.0,H1',DA,503.0,-1.079,27.026,88.646,0.09,1.32,1.51
ATOM,87.0,H8,DA,503.0,0.694,24.663,86.297,0.12,1.1,1.58
ATOM,88.0,H61,DA,503.0,5.708,25.901,89.76,0.38,0.2245,6.75
ATOM,89.0,H62,DA,503.0,5.125,25.032,88.36,0.38,0.2245,8.67
ATOM,90.0,H2,DA,503.0,2.095,28.003,91.525,0.13,1.1,16.66
ATOM,91.0,H3',DA,503.0,-3.451,25.204,86.095,0.09,1.32,6.39
ATOM,92.0,H2',DA,503.0,-1.371,25.939,85.635,0.09,1.34,10.17
ATOM,93.0,H2'',DA,503.0,-1.543,27.232,86.846,0.09,1.34,0.0
ATOM,94.0,P,DA,504.0,-4.487,27.824,86.475,1.5,2.15,3.44
ATOM,95.0,OP1,DA,504.0,-5.859,28.149,86.944,-0.78,1.7,45.37
ATOM,96.0,OP2,DA,504.0,-4.281,27.314,85.094,-0.78,1.7,33.65
ATOM,97.0,O5',DA,504.0,-3.585,29.121,86.668,-0.57,1.77,7.39
ATOM,98.0,C5',DA,504.0,-2.212,29.001,87.014,-0.08,2.01,1.22
ATOM,99.0,C4',DA,504.0,-1.779,30.183,87.843,0.16,2.275,2.4
ATOM,100.0,O4',DA,504.0,-0.484,29.901,88.421,-0.5,1.77,2.58
ATOM,101.0,C3',DA,504.0,-1.631,31.476,87.047,0.01,2.275,1.76
ATOM,102.0,O3',DA,504.0,-2.167,32.569,87.795,-0.57,1.77,6.93
ATOM,103.0,C2',DA,504.0,-0.133,31.582,86.803,-0.18,2.01,0.08
ATOM,104.0,C1',DA,504.0,0.489,30.832,87.976,0.16,2.275,0.0
ATOM,105.0,N9,DA,504.0,1.693,30.072,87.628,-0.05,1.85,0.0
ATOM,106.0,C8,DA,504.0,1.885,29.271,86.529,0.34,1.9,4.76
ATOM,107.0,N7,DA,504.0,3.073,28.717,86.479,-0.71,1.85,10.61
ATOM,108.0,C5,DA,504.0,3.706,29.18,87.623,0.28,1.9,0.0
ATOM,109.0,C6,DA,504.0,4.992,28.956,88.151,0.46,1.9,0.0
ATOM,110.0,N6,DA,504.0,5.911,28.175,87.57,-0.77,1.85,4.82
ATOM,111.0,N1,DA,504.0,5.307,29.57,89.313,-0.74,1.85,7.71
ATOM,112.0,C2,DA,504.0,4.39,30.349,89.895,0.5,1.9,4.31
ATOM,113.0,N3,DA,504.0,3.153,30.638,89.499,-0.75,1.85,3.54
ATOM,114.0,C4,DA,504.0,2.869,30.015,88.342,0.43,1.9,0.0
ATOM,115.0,H5',DA,504.0,-1.604,28.958,86.105,0.09,1.34,4.06
ATOM,116.0,H5'',DA,504.0,-2.051,28.089,87.593,0.09,1.34,0.0
ATOM,117.0,H4',DA,504.0,-2.447,30.293,88.701,0.09,1.32,12.7
ATOM,118.0,H1',DA,504.0,0.794,31.45,88.816,0.09,1.32,0.0
ATOM,119.0,H8,DA,504.0,1.116,29.183,85.781,0.12,1.1,7.38
ATOM,120.0,H61,DA,504.0,6.814,28.055,87.997,0.38,0.2245,14.68
ATOM,121.0,H62,DA,504.0,5.696,27.706,86.7,0.38,0.2245,11.8
ATOM,122.0,H2,DA,504.0,4.618,30.848,90.824,0.13,1.1,14.91
ATOM,123.0,H3',DA,504.0,-2.152,31.376,86.089,0.09,1.32,8.19
ATOM,124.0,H2',DA,504.0,0.044,31.734,85.722,0.09,1.34,10.11
ATOM,125.0,H2'',DA,504.0,0.277,32.443,87.338,0.09,1.34,0.0
ATOM,126.0,P,DA,505.0,-1.794,34.075,87.39,1.5,2.15,3.77
ATOM,127.0,OP1,DA,505.0,-2.828,34.956,87.997,-0.78,1.7,39.42
ATOM,128.0,OP2,DA,505.0,-1.542,34.136,85.927,-0.78,1.7,33.48
ATOM,129.0,O5',DA,505.0,-0.43,34.3,88.175,-0.57,1.77,0.19
ATOM,130.0,C5',DA,505.0,-0.335,33.917,89.545,-0.08,2.01,9.12
ATOM,131.0,C4',DA,505.0,0.957,34.408,90.151,0.16,2.275,4.1
ATOM,132.0,O4',DA,505.0,2.066,33.576,89.736,-0.5,1.77,0.95
ATOM,133.0,C3',DA,505.0,1.339,35.846,89.808,0.01,2.275,2.42
ATOM,134.0,O3',DA,505.0,1.77,36.504,91.001,-0.57,1.77,6.15
ATOM,135.0,C2',DA,505.0,2.467,35.685,88.798,-0.18,2.01,0.0
ATOM,136.0,C1',DA,505.0,3.118,34.375,89.22,0.16,2.275,0.76
ATOM,137.0,N9,DA,505.0,3.763,33.61,88.147,-0.05,1.85,0.0
ATOM,138.0,C8,DA,505.0,3.232,33.241,86.936,0.34,1.9,3.58
ATOM,139.0,N7,DA,505.0,4.045,32.526,86.195,-0.71,1.85,8.81
ATOM,140.0,C5,DA,505.0,5.193,32.419,86.969,0.28,1.9,0.0
ATOM,141.0,C6,DA,505.0,6.425,31.772,86.753,0.46,1.9,0.0
ATOM,142.0,N6,DA,505.0,6.711,31.066,85.657,-0.77,1.85,4.93
ATOM,143.0,N1,DA,505.0,7.364,31.87,87.721,-0.74,1.85,7.96
ATOM,144.0,C2,DA,505.0,7.07,32.561,88.829,0.5,1.9,3.46
ATOM,145.0,N3,DA,505.0,5.947,33.202,89.151,-0.75,1.85,3.65
ATOM,146.0,C4,DA,505.0,5.038,33.092,88.168,0.43,1.9,0.0
ATOM,147.0,H5',DA,505.0,-0.377,32.825,89.625,0.09,1.34,1.76
ATOM,148.0,H5'',DA,505.0,-1.163,34.347,90.11,0.09,1.34,10.73
ATOM,149.0,H4',DA,505.0,0.918,34.291,91.243,0.09,1.32,13.23
ATOM,150.0,H1',DA,505.0,3.889,34.475,89.979,0.09,1.32,0.83
ATOM,151.0,H8,DA,505.0,2.251,33.579,86.648,0.12,1.1,3.09
ATOM,152.0,H61,DA,505.0,7.612,30.625,85.56,0.38,0.2245,14.51
ATOM,153.0,H62,DA,505.0,6.023,30.972,84.921,0.38,0.2245,10.77
ATOM,154.0,H2,DA,505.0,7.8,32.654,89.617,0.13,1.1,17.41
ATOM,155.0,H3',DA,505.0,0.489,36.345,89.332,0.09,1.32,5.03
ATOM,156.0,H2',DA,505.0,2.213,36.235,87.881,0.09,1.34,9.53
ATOM,157.0,H2'',DA,505.0,3.392,36.096,89.206,0.09,1.34,0.0
ATOM,158.0,P,DA,506.0,2.284,38.022,90.94,1.5,2.15,2.97
ATOM,159.0,OP1,DA,506.0,2.181,38.594,92.307,-0.78,1.7,38.08
ATOM,160.0,OP2,DA,506.0,1.627,38.714,89.806,-0.78,1.7,34.76
ATOM,161.0,O5',DA,506.0,3.824,37.85,90.597,-0.57,1.77,0.0
ATOM,162.0,C5',DA,506.0,4.685,37.172,91.501,-0.08,2.01,9.86
ATOM,163.0,C4',DA,506.0,6.122,37.371,91.089,0.16,2.275,4.65
ATOM,164.0,O4',DA,506.0,6.475,36.433,90.042,-0.5,1.77,1.2
ATOM,165.0,C3',DA,506.0,6.412,38.769,90.537,0.01,2.275,2.51
ATOM,166.0,O3',DA,506.0,7.602,39.299,91.116,-0.57,1.77,3.65
ATOM,167.0,C2',DA,506.0,6.602,38.535,89.048,-0.18,2.01,0.0
ATOM,168.0,C1',DA,506.0,7.162,37.126,89.016,0.16,2.275,0.73
ATOM,169.0,N9,DA,506.0,6.951,36.41,87.758,-0.05,1.85,0.0
ATOM,170.0,C8,DA,506.0,5.851,36.447,86.938,0.34,1.9,2.08
ATOM,171.0,N7,DA,506.0,5.973,35.714,85.856,-0.71,1.85,6.91
ATOM,172.0,C5,DA,506.0,7.237,35.152,85.974,0.28,1.9,0.0
ATOM,173.0,C6,DA,506.0,7.968,34.282,85.144,0.46,1.9,0.0
ATOM,174.0,N6,DA,506.0,7.517,33.816,83.977,-0.77,1.85,5.0
ATOM,175.0,N1,DA,506.0,9.199,33.906,85.556,-0.74,1.85,12.05
ATOM,176.0,C2,DA,506.0,9.657,34.384,86.721,0.5,1.9,4.25
ATOM,177.0,N3,DA,506.0,9.07,35.213,87.583,-0.75,1.85,6.06
ATOM,178.0,C4,DA,506.0,7.847,35.564,87.145,0.43,1.9,0.0
ATOM,179.0,H5',DA,506.0,4.456,36.103,91.499,0.09,1.34,3.76
ATOM,180.0,H5'',DA,506.0,4.548,37.564,92.512,0.09,1.34,9.88
ATOM,181.0,H4',DA,506.0,6.783,37.112,91.925,0.09,1.32,13.07
ATOM,182.0,H1',DA,506.0,8.235,37.048,89.195,0.09,1.32,0.78
ATOM,183.0,H8,DA,506.0,5.013,37.077,87.181,0.12,1.1,4.32
ATOM,184.0,H61,DA,506.0,8.088,33.194,83.425,0.38,0.2245,17.07
ATOM,185.0,H62,DA,506.0,6.601,34.086,83.644,0.38,0.2245,10.31
ATOM,186.0,H2,DA,506.0,10.635,34.098,87.074,0.13,1.1,19.37
ATOM,187.0,H3',DA,506.0,5.541,39.41,90.701,0.09,1.32,4.32
ATOM,188.0,H2',DA,506.0,5.913,39.176,88.487,0.09,1.34,8.19
ATOM,189.0,H2'',DA,506.0,7.626,38.782,88.765,0.09,1.34,0.0
ATOM,190.0,P,DC,507.0,8.067,40.793,90.752,1.5,2.15,2.96
ATOM,191.0,OP1,DC,507.0,8.513,41.453,92.004,-0.78,1.7,40.53
ATOM,192.0,OP2,DC,507.0,7.012,41.43,89.923,-0.78,1.7,31.54
ATOM,193.0,O5',DC,507.0,9.341,40.537,89.839,-0.57,1.77,1.08
ATOM,194.0,C5',DC,507.0,10.317,39.587,90.249,-0.08,2.01,9.81
ATOM,195.0,C4',DC,507.0,11.317,39.34,89.147,0.16,2.275,4.12
ATOM,196.0,O4',DC,507.0,10.777,38.451,88.135,-0.5,1.77,1.51
ATOM,197.0,C3',DC,507.0,11.798,40.593,88.413,0.01,2.275,2.86
ATOM,198.0,O3',DC,507.0,13.223,40.574,88.333,-0.57,1.77,4.84
ATOM,199.0,C2',DC,507.0,11.182,40.456,87.03,-0.18,2.01,0.76
ATOM,200.0,C1',DC,507.0,11.142,38.949,86.862,0.16,2.275,0.89
ATOM,201.0,N1,DC,507.0,10.181,38.445,85.864,-0.13,1.85,0.0
ATOM,202.0,C2,DC,507.0,10.613,37.474,84.951,0.52,1.9,0.0
ATOM,203.0,O2,DC,507.0,11.767,37.037,85.04,-0.49,1.7,13.65
ATOM,204.0,N3,DC,507.0,9.761,37.037,83.995,-0.66,1.85,4.02
ATOM,205.0,C4,DC,507.0,8.522,37.529,83.933,0.65,1.9,0.0
ATOM,206.0,N4,DC,507.0,7.729,37.094,82.952,-0.75,1.85,5.45
ATOM,207.0,C5,DC,507.0,8.046,38.497,84.867,-0.13,1.9,5.95
ATOM,208.0,C6,DC,507.0,8.9,38.922,85.808,0.05,1.9,3.04
ATOM,209.0,H5',DC,507.0,9.826,38.642,90.507,0.09,1.34,3.76
ATOM,210.0,H5'',DC,507.0,10.855,39.958,91.124,0.09,1.34,11.77
ATOM,211.0,H4',DC,507.0,12.185,38.798,89.552,0.09,1.32,12.41
ATOM,212.0,H1',DC,507.0,12.095,38.505,86.558,0.09,1.32,0.26
ATOM,213.0,H6,DC,507.0,8.575,39.653,86.536,0.17,1.1,2.96
ATOM,214.0,H5,DC,507.0,7.022,38.892,84.833,0.07,1.1,12.27
ATOM,215.0,H41,DC,507.0,8.105,36.413,82.318,0.37,0.2245,8.06
ATOM,216.0,H42,DC,507.0,6.79,37.452,82.872,0.33,0.2245,15.31
ATOM,217.0,H3',DC,507.0,11.395,41.481,88.909,0.09,1.32,7.0
ATOM,218.0,H2',DC,507.0,10.582,41.341,86.807,0.09,1.34,10.8
ATOM,219.0,H2'',DC,507.0,11.973,40.362,86.286,0.09,1.34,0.0
ATOM,220.0,P,DG,508.0,13.991,41.714,87.506,1.5,2.15,2.81
ATOM,221.0,OP1,DG,508.0,15.231,42.063,88.246,-0.78,1.7,38.53
ATOM,222.0,OP2,DG,508.0,13.02,42.783,87.157,-0.78,1.7,31.49
ATOM,223.0,O5',DG,508.0,14.398,40.948,86.175,-0.57,1.77,0.0
ATOM,224.0,C5',DG,508.0,15.078,39.7,86.253,-0.08,2.01,9.04
ATOM,225.0,C4',DG,508.0,15.666,39.346,84.91,0.16,2.275,5.15
ATOM,226.0,O4',DG,508.0,14.669,38.731,84.061,-0.5,1.77,4.66
ATOM,227.0,C3',DG,508.0,16.194,40.556,84.147,0.01,2.275,1.78
ATOM,228.0,O3',DG,508.0,17.438,40.237,83.537,-0.57,1.77,7.73
ATOM,229.0,C2',DG,508.0,15.12,40.823,83.106,-0.18,2.01,0.0
ATOM,230.0,C1',DG,508.0,14.573,39.433,82.832,0.16,2.275,1.78
ATOM,231.0,N9,DG,508.0,13.177,39.392,82.41,-0.02,1.85,0.0
ATOM,232.0,C8,DG,508.0,12.105,40.006,83.013,0.25,1.9,0.51
ATOM,233.0,N7,DG,508.0,10.971,39.761,82.415,-0.6,1.85,4.97
ATOM,234.0,C5,DG,508.0,11.316,38.939,81.35,0.0,1.9,0.0
ATOM,235.0,C6,DG,508.0,10.507,38.344,80.348,0.54,1.9,0.0
ATOM,236.0,O6,DG,508.0,9.282,38.417,80.202,-0.51,1.7,20.81
ATOM,237.0,N1,DG,508.0,11.268,37.593,79.457,-0.34,1.85,5.79
ATOM,238.0,C2,DG,508.0,12.631,37.432,79.524,0.75,1.9,1.95
ATOM,239.0,N2,DG,508.0,13.187,36.674,78.569,-0.68,1.85,17.63
ATOM,240.0,N3,DG,508.0,13.393,37.974,80.457,-0.74,1.85,9.05
ATOM,241.0,C4,DG,508.0,12.675,38.71,81.331,0.26,1.9,0.05
ATOM,242.0,H5',DG,508.0,14.378,38.917,86.557,0.09,1.34,3.01
ATOM,243.0,H5'',DG,508.0,15.885,39.761,86.986,0.09,1.34,10.37
ATOM,244.0,H4',DG,508.0,16.435,38.571,85.039,0.09,1.32,13.56
ATOM,245.0,H1',DG,508.0,15.107,38.877,82.06,0.09,1.32,4.4
ATOM,246.0,H8,DG,508.0,12.248,40.614,83.889,0.16,1.1,0.74
ATOM,247.0,H1,DG,508.0,10.786,37.134,78.709,0.26,0.2245,13.54
ATOM,248.0,H21,DG,508.0,12.707,36.202,77.815,0.32,0.2245,19.45
ATOM,249.0,H22,DG,508.0,14.186,36.545,78.618,0.35,0.2245,18.13
ATOM,250.0,H3',DG,508.0,16.268,41.412,84.827,0.09,1.32,3.3
ATOM,251.0,H2',DG,508.0,14.766,41.858,83.205,0.09,1.34,4.63
ATOM,252.0,H2'',DG,508.0,15.533,40.688,82.105,0.09,1.34,0.0
ATOM,253.0,P,DT,509.0,18.324,41.409,82.907,1.5,2.15,1.63
ATOM,254.0,OP1,DT,509.0,19.712,41.287,83.42,-0.78,1.7,44.8
ATOM,255.0,OP2,DT,509.0,17.579,42.681,83.095,-0.78,1.7,24.35
ATOM,256.0,O5',DT,509.0,18.317,41.055,81.359,-0.57,1.77,7.08
ATOM,257.0,C5',DT,509.0,18.223,42.076,80.385,-0.08,2.01,6.82
ATOM,258.0,C4',DT,509.0,17.857,41.477,79.05,0.16,2.275,1.38
ATOM,259.0,O4',DT,509.0,16.536,40.873,79.105,-0.5,1.77,3.3
ATOM,260.0,C3',DT,509.0,17.801,42.507,77.924,0.01,2.275,0.94
ATOM,261.0,O3',DT,509.0,18.268,41.895,76.729,-0.57,1.77,0.0
ATOM,262.0,C2',DT,509.0,16.317,42.777,77.788,-0.18,2.01,1.17
ATOM,263.0,C1',DT,509.0,15.767,41.388,78.03,0.16,2.275,0.92
ATOM,264.0,N1,DT,509.0,14.336,41.331,78.387,-0.34,1.85,0.0
ATOM,265.0,C2,DT,509.0,13.528,40.546,77.597,0.51,1.9,0.0
ATOM,266.0,O2,DT,509.0,13.956,39.878,76.673,-0.41,1.7,5.33
ATOM,267.0,N3,DT,509.0,12.195,40.571,77.933,-0.46,1.85,0.25
ATOM,268.0,C4,DT,509.0,11.609,41.282,78.959,0.5,1.9,1.02
ATOM,269.0,O4,DT,509.0,10.391,41.229,79.124,-0.45,1.7,21.43
ATOM,270.0,C5,DT,509.0,12.522,42.059,79.771,-0.15,1.9,0.2
ATOM,271.0,C7,DT,509.0,11.981,42.839,80.927,-0.11,2.04,28.01
ATOM,272.0,C6,DT,509.0,13.824,42.044,79.447,0.17,1.9,1.47
ATOM,273.0,H5',DT,509.0,19.182,42.594,80.293,0.09,1.34,9.76
ATOM,274.0,H5'',DT,509.0,17.456,42.801,80.672,0.09,1.34,3.3
ATOM,275.0,H4',DT,509.0,18.531,40.639,78.825,0.09,1.32,4.68
ATOM,276.0,H1',DT,509.0,15.859,40.713,77.176,0.09,1.32,0.13
ATOM,277.0,H6,DT,509.0,14.502,42.668,80.038,0.17,1.1,3.08
ATOM,278.0,H71,DT,509.0,12.211,43.897,80.782,0.07,1.34,14.84
ATOM,279.0,H72,DT,509.0,10.902,42.708,80.984,0.07,1.34,7.41
ATOM,280.0,H73,DT,509.0,12.442,42.492,81.85,0.07,1.34,1.05
ATOM,281.0,H3,DT,509.0,11.524,39.96,77.32,0.36,0.2245,11.88
ATOM,282.0,H3',DT,509.0,18.315,43.417,78.24,0.09,1.32,8.11
ATOM,283.0,H2',DT,509.0,16.103,43.817,78.019,0.09,1.34,12.66
ATOM,284.0,H2'',DT,509.0,16.003,42.553,76.769,0.09,1.34,0.0
ATOM,285.0,P,DC,510.0,19.817,41.993,76.338,1.5,2.15,2.11
ATOM,286.0,OP1,DC,510.0,20.626,41.558,77.507,-0.78,1.7,26.26
ATOM,287.0,OP2,DC,510.0,20.053,43.33,75.736,-0.78,1.7,38.01
ATOM,288.0,O5',DC,510.0,19.956,40.911,75.183,-0.57,1.77,4.36
ATOM,289.0,C5',DC,510.0,19.585,39.553,75.399,-0.08,2.01,12.97
ATOM,290.0,C4',DC,510.0,18.739,39.06,74.249,0.16,2.275,5.01
ATOM,291.0,O4',DC,510.0,17.342,39.394,74.448,-0.5,1.77,5.29
ATOM,292.0,C3',DC,510.0,19.128,39.642,72.891,0.01,2.275,1.42
ATOM,293.0,O3',DC,510.0,19.076,38.618,71.903,-0.57,1.77,4.14
ATOM,294.0,C2',DC,510.0,18.062,40.697,72.64,-0.18,2.01,0.0
ATOM,295.0,C1',DC,510.0,16.842,40.076,73.305,0.16,2.275,1.35
ATOM,296.0,N1,DC,510.0,15.802,41.015,73.765,-0.13,1.85,0.0
ATOM,297.0,C2,DC,510.0,14.461,40.694,73.529,0.52,1.9,0.0
ATOM,298.0,O2,DC,510.0,14.2,39.674,72.877,-0.49,1.7,24.66
ATOM,299.0,N3,DC,510.0,13.489,41.504,74.014,-0.66,1.85,7.57
ATOM,300.0,C4,DC,510.0,13.817,42.606,74.691,0.65,1.9,0.0
ATOM,301.0,N4,DC,510.0,12.831,43.362,75.181,-0.75,1.85,8.35
ATOM,302.0,C5,DC,510.0,15.177,42.979,74.906,-0.13,1.9,1.45
ATOM,303.0,C6,DC,510.0,16.126,42.162,74.429,0.05,1.9,0.88
ATOM,304.0,H5',DC,510.0,19.013,39.47,76.327,0.09,1.34,3.24
ATOM,305.0,H5'',DC,510.0,20.479,38.931,75.474,0.09,1.34,14.9
ATOM,306.0,H4',DC,510.0,18.758,37.96,74.225,0.09,1.32,13.6
ATOM,307.0,H1',DC,510.0,16.302,39.371,72.674,0.09,1.32,1.84
ATOM,308.0,H6,DC,510.0,17.17,42.415,74.572,0.17,1.1,0.57
ATOM,309.0,H5,DC,510.0,15.458,43.897,75.44,0.07,1.1,8.63
ATOM,310.0,H41,DC,510.0,11.888,43.062,75.006,0.37,0.2245,14.79
ATOM,311.0,H42,DC,510.0,13.051,44.195,75.702,0.33,0.2245,14.99
ATOM,312.0,H3',DC,510.0,20.108,40.121,72.969,0.09,1.32,3.44
ATOM,313.0,H2',DC,510.0,18.536,41.673,72.507,0.09,1.34,5.09
ATOM,314.0,H2'',DC,510.0,17.502,40.446,71.738,0.09,1.34,0.0
ATOM,315.0,P,DG,511.0,19.874,38.801,70.527,1.5,2.15,3.29
ATOM,316.0,OP1,DG,511.0,20.395,37.474,70.136,-0.78,1.7,37.01
ATOM,317.0,OP2,DG,511.0,20.8,39.946,70.695,-0.78,1.7,33.06
ATOM,318.0,O5',DG,511.0,18.734,39.195,69.488,-0.57,1.77,0.03
ATOM,319.0,C5',DG,511.0,17.842,38.202,68.995,-0.08,2.01,9.18
ATOM,320.0,C4',DG,511.0,16.833,38.832,68.068,0.16,2.275,5.53
ATOM,321.0,O4',DG,511.0,15.972,39.71,68.828,-0.5,1.77,4.46
ATOM,322.0,C3',DG,511.0,17.462,39.701,66.98,0.01,2.275,1.93
ATOM,323.0,O3',DG,511.0,16.718,39.568,65.774,-0.57,1.77,3.25
ATOM,324.0,C2',DG,511.0,17.312,41.106,67.526,-0.18,2.01,0.67
ATOM,325.0,C1',DG,511.0,15.979,41.0,68.242,0.16,2.275,0.85
ATOM,326.0,N9,DG,511.0,15.77,41.979,69.302,-0.02,1.85,0.0
ATOM,327.0,C8,DG,511.0,16.731,42.6,70.066,0.25,1.9,1.01
ATOM,328.0,N7,DG,511.0,16.231,43.438,70.934,-0.6,1.85,8.56
ATOM,329.0,C5,DG,511.0,14.857,43.361,70.734,0.0,1.9,0.0
ATOM,330.0,C6,DG,511.0,13.795,44.039,71.386,0.54,1.9,0.0
ATOM,331.0,O6,DG,511.0,13.858,44.859,72.307,-0.51,1.7,18.31
ATOM,332.0,N1,DG,511.0,12.557,43.672,70.864,-0.34,1.85,0.53
ATOM,333.0,C2,DG,511.0,12.364,42.768,69.849,0.75,1.9,0.21
ATOM,334.0,N2,DG,511.0,11.093,42.555,69.476,-0.68,1.85,17.16
ATOM,335.0,N3,DG,511.0,13.346,42.123,69.239,-0.74,1.85,5.29
ATOM,336.0,C4,DG,511.0,14.557,42.469,69.729,0.26,1.9,0.0
ATOM,337.0,H5',DG,511.0,17.318,37.73,69.83,0.09,1.34,8.31
ATOM,338.0,H5'',DG,511.0,18.4,37.439,68.447,0.09,1.34,10.81
ATOM,339.0,H4',DG,511.0,16.165,38.06,67.676,0.09,1.32,13.9
ATOM,340.0,H1',DG,511.0,15.103,41.105,67.598,0.09,1.32,0.53
ATOM,341.0,H8,DG,511.0,17.772,42.376,69.919,0.16,1.1,3.36
ATOM,342.0,H1,DG,511.0,11.744,44.102,71.26,0.26,0.2245,12.29
ATOM,343.0,H21,DG,511.0,10.267,42.982,69.872,0.32,0.2245,19.43
ATOM,344.0,H22,DG,511.0,10.946,41.885,68.737,0.35,0.2245,9.61
ATOM,345.0,H3',DG,511.0,18.523,39.452,66.886,0.09,1.32,4.78
ATOM,346.0,H2',DG,511.0,18.294,41.565,67.646,0.09,1.34,7.68
ATOM,347.0,H2'',DG,511.0,16.715,41.703,66.836,0.09,1.34,0.0
ATOM,348.0,P,DT,512.0,17.352,40.074,64.392,1.5,2.15,2.9
ATOM,349.0,OP1,DT,512.0,16.745,39.257,63.313,-0.78,1.7,33.52
ATOM,350.0,OP2,DT,512.0,18.828,40.09,64.567,-0.78,1.7,36.39
ATOM,351.0,O5',DT,512.0,16.849,41.578,64.253,-0.57,1.77,5.76
ATOM,352.0,C5',DT,512.0,15.68,41.89,63.495,-0.08,2.01,14.78
ATOM,353.0,C4',DT,512.0,14.444,41.562,64.299,0.16,2.275,0.45
ATOM,354.0,O4',DT,512.0,14.563,42.133,65.618,-0.5,1.77,0.0
ATOM,355.0,C3',DT,512.0,13.122,42.091,63.734,0.01,2.275,0.0
ATOM,356.0,O3',DT,512.0,12.085,41.168,64.083,-0.57,1.77,2.09
ATOM,357.0,C2',DT,512.0,12.923,43.381,64.511,-0.18,2.01,0.29
ATOM,358.0,C1',DT,512.0,13.458,42.984,65.874,0.16,2.275,0.29
ATOM,359.0,N1,DT,512.0,13.931,44.073,66.746,-0.34,1.85,0.0
ATOM,360.0,C2,DT,512.0,13.004,44.79,67.466,0.51,1.9,0.0
ATOM,361.0,O2,DT,512.0,11.799,44.625,67.353,-0.41,1.7,3.75
ATOM,362.0,N3,DT,512.0,13.543,45.715,68.328,-0.46,1.85,0.35
ATOM,363.0,C4,DT,512.0,14.886,45.996,68.522,0.5,1.9,2.0
ATOM,364.0,O4,DT,512.0,15.224,46.823,69.366,-0.45,1.7,27.29
ATOM,365.0,C5,DT,512.0,15.797,45.244,67.689,-0.15,1.9,0.06
ATOM,366.0,C7,DT,512.0,17.266,45.514,67.79,-0.11,2.04,30.71
ATOM,367.0,C6,DT,512.0,15.281,44.333,66.856,0.17,1.9,1.75
ATOM,368.0,H5',DT,512.0,15.674,41.307,62.572,0.09,1.34,8.02
ATOM,369.0,H5'',DT,512.0,15.673,42.953,63.247,0.09,1.34,9.23
ATOM,370.0,H4',DT,512.0,14.394,40.481,64.466,0.09,1.32,4.21
ATOM,371.0,H1',DT,512.0,12.734,42.446,66.481,0.09,1.32,0.55
ATOM,372.0,H6,DT,512.0,15.972,43.795,66.197,0.17,1.1,0.5
ATOM,373.0,H71,DT,512.0,17.637,45.834,66.814,0.07,1.34,14.85
ATOM,374.0,H72,DT,512.0,17.444,46.301,68.521,0.07,1.34,9.28
ATOM,375.0,H73,DT,512.0,17.784,44.607,68.095,0.07,1.34,2.15
ATOM,376.0,H3,DT,512.0,12.837,46.296,68.93,0.36,0.2245,9.45
ATOM,377.0,H3',DT,512.0,13.246,42.314,62.674,0.09,1.32,2.9
ATOM,378.0,H2',DT,512.0,12.918,44.228,63.826,0.09,1.34,0.0
ATOM,379.0,H2'',DT,512.0,11.974,43.339,65.045,0.09,1.34,0.0
ATOM,380.0,P,DG,513.0,11.189,40.486,62.936,1.5,2.15,2.57
ATOM,381.0,OP1,DG,513.0,10.909,39.09,63.362,-0.78,1.7,37.73
ATOM,382.0,OP2,DG,513.0,11.793,40.743,61.608,-0.78,1.7,31.93
ATOM,383.0,O5',DG,513.0,9.823,41.299,62.992,-0.57,1.77,2.36
ATOM,384.0,C5',DG,513.0,9.001,41.246,64.147,-0.08,2.01,9.98
ATOM,385.0,C4',DG,513.0,8.184,42.509,64.257,0.16,2.275,4.12
ATOM,386.0,O4',DG,513.0,9.042,43.647,64.491,-0.5,1.77,1.84
ATOM,387.0,C3',DG,513.0,7.362,42.868,63.021,0.01,2.275,2.17
ATOM,388.0,O3',DG,513.0,6.186,43.507,63.496,-0.57,1.77,3.45
ATOM,389.0,C2',DG,513.0,8.238,43.882,62.309,-0.18,2.01,4.94
ATOM,390.0,C1',DG,513.0,8.807,44.631,63.494,0.16,2.275,0.54
ATOM,391.0,N9,DG,513.0,10.063,45.338,63.276,-0.02,1.85,0.0
ATOM,392.0,C8,DG,513.0,11.037,45.079,62.342,0.25,1.9,6.39
ATOM,393.0,N7,DG,513.0,12.079,45.856,62.466,-0.6,1.85,16.46
ATOM,394.0,C5,DG,513.0,11.763,46.683,63.537,0.0,1.9,0.0
ATOM,395.0,C6,DG,513.0,12.512,47.712,64.16,0.54,1.9,0.0
ATOM,396.0,O6,DG,513.0,13.656,48.104,63.894,-0.51,1.7,28.03
ATOM,397.0,N1,DG,513.0,11.801,48.299,65.205,-0.34,1.85,0.05
ATOM,398.0,C2,DG,513.0,10.54,47.937,65.606,0.75,1.9,0.0
ATOM,399.0,N2,DG,513.0,10.012,48.629,66.63,-0.68,1.85,9.37
ATOM,400.0,N3,DG,513.0,9.842,46.971,65.045,-0.74,1.85,2.82
ATOM,401.0,C4,DG,513.0,10.51,46.391,64.027,0.26,1.9,0.0
ATOM,402.0,H5',DG,513.0,9.623,41.143,65.041,0.09,1.34,3.32
ATOM,403.0,H5'',DG,513.0,8.323,40.391,64.085,0.09,1.34,13.15
ATOM,404.0,H4',DG,513.0,7.545,42.456,65.149,0.09,1.32,13.34
ATOM,405.0,H1',DG,513.0,8.133,45.389,63.893,0.09,1.32,0.0
ATOM,406.0,H8,DG,513.0,10.9,44.304,61.611,0.16,1.1,5.62
ATOM,407.0,H1,DG,513.0,12.248,49.045,65.703,0.26,0.2245,9.61
ATOM,408.0,H21,DG,513.0,10.458,49.38,67.139,0.32,0.2245,13.38
ATOM,409.0,H22,DG,513.0,9.091,48.359,66.931,0.35,0.2245,13.52
ATOM,410.0,H3',DG,513.0,7.242,41.98,62.395,0.09,1.32,6.67
ATOM,411.0,H2',DG,513.0,8.534,43.499,61.336,0.09,1.34,10.52
ATOM,412.0,H2'',DG,513.0,7.684,44.811,62.186,0.09,1.34,0.0
ATOM,413.0,P,DA,514.0,4.951,43.767,62.51,1.5,2.15,2.74
ATOM,414.0,OP1,DA,514.0,3.792,43.907,63.42,-0.78,1.7,32.37
ATOM,415.0,OP2,DA,514.0,4.924,42.749,61.434,-0.78,1.7,38.51
ATOM,416.0,O5',DA,514.0,5.276,45.19,61.875,-0.57,1.77,5.24
ATOM,417.0,C5',DA,514.0,4.605,46.362,62.328,-0.08,2.01,13.63
ATOM,418.0,C4',DA,514.0,5.236,46.86,63.608,0.16,2.275,0.59
ATOM,419.0,O4',DA,514.0,6.639,47.144,63.392,-0.5,1.77,0.0
ATOM,420.0,C3',DA,514.0,4.631,48.15,64.159,0.14,2.275,7.86
ATOM,421.0,O3',DA,514.0,4.729,48.027,65.579,-0.66,1.77,19.92
ATOM,422.0,C2',DA,514.0,5.61,49.218,63.693,-0.18,2.01,12.97
ATOM,423.0,C1',DA,514.0,6.919,48.467,63.818,0.16,2.275,0.04
ATOM,424.0,N9,DA,514.0,8.06,48.955,63.044,-0.05,1.85,0.11
ATOM,425.0,C8,DA,514.0,8.462,48.565,61.792,0.34,1.9,10.0
ATOM,426.0,N7,DA,514.0,9.59,49.11,61.407,-0.71,1.85,18.29
ATOM,427.0,C5,DA,514.0,9.945,49.928,62.468,0.28,1.9,2.38
ATOM,428.0,C6,DA,514.0,11.053,50.763,62.691,0.46,1.9,2.2
ATOM,429.0,N6,DA,514.0,12.066,50.892,61.832,-0.77,1.85,18.23
ATOM,430.0,N1,DA,514.0,11.094,51.459,63.847,-0.74,1.85,19.01
ATOM,431.0,C2,DA,514.0,10.091,51.308,64.72,0.5,1.9,12.85
ATOM,432.0,N3,DA,514.0,9.006,50.543,64.632,-0.75,1.85,9.85
ATOM,433.0,C4,DA,514.0,8.994,49.869,63.47,0.43,1.9,1.85
ATOM,434.0,H5',DA,514.0,3.551,46.136,62.512,0.09,1.34,8.68
ATOM,435.0,H5'',DA,514.0,4.675,47.146,61.571,0.09,1.34,9.29
ATOM,436.0,H4',DA,514.0,5.228,46.058,64.355,0.09,1.32,4.39
ATOM,437.0,H1',DA,514.0,7.281,48.436,64.844,0.09,1.32,0.24
ATOM,438.0,H8,DA,514.0,7.844,47.911,61.202,0.12,1.1,7.53
ATOM,439.0,H61,DA,514.0,12.837,51.509,62.047,0.38,0.2245,19.74
ATOM,440.0,H62,DA,514.0,12.064,50.373,60.964,0.38,0.2245,15.08
ATOM,441.0,H2,DA,514.0,10.098,51.854,65.649,0.13,1.1,17.19
ATOM,442.0,H3',DA,514.0,3.656,48.32,63.697,0.09,1.32,11.14
ATOM,443.0,H2',DA,514.0,5.104,49.922,63.038,0.09,1.34,14.93
ATOM,444.0,H2'',DA,514.0,6.008,49.742,64.56,0.09,1.34,4.32
ATOM,445.0,H3T,DA,514.0,4.327,48.888,66.031,0.43,0.2245,23.13
HETATM,446.0,MG,MG,902.0,3.262,46.694,66.935,2.0,1.185,
