atom,serial,name,resname,resid,x,y,z,charges,radius,sasa
ATOM,1.0,N,ASP,1.0,21.574,45.33,91.591,-0.3,1.85,12.25
ATOM,2.0,CA,ASP,1.0,21.954,44.816,92.933,0.21,2.275,1.8
ATOM,3.0,C,ASP,1.0,23.068,45.731,93.397,0.51,2.0,0.69
ATOM,4.0,O,ASP,1.0,23.604,46.481,92.592,-0.51,1.7,16.52
ATOM,5.0,CB,ASP,1.0,22.468,43.386,92.792,-0.28,2.175,3.91
ATOM,6.0,CG,ASP,1.0,21.465,42.456,92.079,0.62,2.0,1.24
ATOM,7.0,OD1,ASP,1.0,20.356,42.915,91.711,-0.76,1.7,23.67
ATOM,8.0,OD2,ASP,1.0,21.787,41.253,91.896,-0.76,1.7,32.42
ATOM,9.0,H,ASP,1.0,21.692,44.606,90.916,0.33,0.2245,10.04
ATOM,10.0,HA,ASP,1.0,21.179,44.964,93.52,0.1,1.32,0.76
ATOM,11.0,HB2,ASP,1.0,23.304,43.403,92.258,0.09,1.32,10.19
ATOM,12.0,HB3,ASP,1.0,22.636,43.02,93.698,0.09,1.32,0.0
ATOM,13.0,H2,ASP,1.0,20.62,45.621,91.608,0.33,0.2245,17.35
ATOM,14.0,H3,ASP,1.0,22.157,46.105,91.358,0.33,0.2245,9.93
ATOM,15.0,N,ILE,2.0,23.358,45.747,94.692,-0.47,1.85,0.0
ATOM,16.0,CA,ILE,2.0,24.437,46.588,95.193,0.07,2.275,0.0
ATOM,17.0,C,ILE,2.0,25.745,45.803,95.101,0.51,2.0,0.07
ATOM,18.0,O,ILE,2.0,25.827,44.652,95.537,-0.51,1.7,0.76
ATOM,19.0,CB,ILE,2.0,24.2,47.043,96.642,-0.09,2.275,0.0
ATOM,20.0,CG1,ILE,2.0,22.945,47.918,96.728,-0.18,2.175,0.63
ATOM,21.0,CG2,ILE,2.0,25.436,47.804,97.167,-0.27,2.06,0.0
ATOM,22.0,CD1,ILE,2.0,22.663,48.472,98.129,-0.27,2.06,0.25
ATOM,23.0,H,ILE,2.0,22.777,45.138,95.285,0.31,0.2245,0.0
ATOM,24.0,HA,ILE,2.0,24.52,47.351,94.558,0.09,1.32,0.03
ATOM,25.0,HB,ILE,2.0,24.048,46.234,97.199,0.09,1.32,0.0
ATOM,26.0,HG12,ILE,2.0,23.047,48.685,96.099,0.09,1.32,0.0
ATOM,27.0,HG13,ILE,2.0,22.159,47.372,96.444,0.09,1.32,0.0
ATOM,28.0,HG21,ILE,2.0,25.28,48.057,98.117,0.09,1.32,0.0
ATOM,29.0,HG22,ILE,2.0,26.233,47.212,97.099,0.09,1.32,0.0
ATOM,30.0,HG23,ILE,2.0,25.571,48.621,96.615,0.09,1.32,0.0
ATOM,31.0,HD11,ILE,2.0,23.436,49.03,98.416,0.09,1.32,0.0
ATOM,32.0,HD12,ILE,2.0,21.836,49.025,98.095,0.09,1.32,0.28
ATOM,33.0,HD13,ILE,2.0,22.539,47.709,98.757,0.09,1.32,0.0
ATOM,34.0,N,GLU,3.0,26.73,46.401,94.45,-0.47,1.85,0.0
ATOM,35.0,CA,GLU,3.0,28.026,45.767,94.27,0.07,2.275,0.85
ATOM,36.0,C,GLU,3.0,29.062,46.283,95.246,0.51,2.0,0.0
ATOM,37.0,O,GLU,3.0,29.182,47.483,95.48,-0.51,1.7,0.22
ATOM,38.0,CB,GLU,3.0,28.525,45.961,92.847,-0.18,2.175,8.7
ATOM,39.0,CG,GLU,3.0,29.882,45.348,92.599,-0.28,2.175,4.43
ATOM,40.0,CD,GLU,3.0,30.345,45.528,91.17,0.62,2.0,3.3
ATOM,41.0,OE1,GLU,3.0,30.752,46.656,90.806,-0.76,1.7,30.31
ATOM,42.0,OE2,GLU,3.0,30.299,44.542,90.405,-0.76,1.7,47.2
ATOM,43.0,H,GLU,3.0,26.5,47.348,94.084,0.31,0.2245,0.0
ATOM,44.0,HA,GLU,3.0,27.929,44.763,94.38,0.09,1.32,3.0
ATOM,45.0,HB2,GLU,3.0,27.883,45.526,92.241,0.09,1.32,8.88
ATOM,46.0,HB3,GLU,3.0,28.596,46.927,92.682,0.09,1.32,0.25
ATOM,47.0,HG2,GLU,3.0,30.537,45.794,93.181,0.09,1.32,0.0
ATOM,48.0,HG3,GLU,3.0,29.826,44.382,92.772,0.09,1.32,7.87
ATOM,49.0,N,LEU,4.0,29.776,45.342,95.846,-0.47,1.85,0.0
ATOM,50.0,CA,LEU,4.0,30.81,45.632,96.818,0.07,2.275,0.0
ATOM,51.0,C,LEU,4.0,32.22,45.36,96.219,0.51,2.0,0.0
ATOM,52.0,O,LEU,4.0,32.495,44.274,95.707,-0.51,1.7,8.53
ATOM,53.0,CB,LEU,4.0,30.563,44.771,98.055,-0.18,2.175,0.0
ATOM,54.0,CG,LEU,4.0,29.744,45.262,99.27,-0.09,2.275,0.0
ATOM,55.0,CD1,LEU,4.0,28.713,46.313,98.932,-0.27,2.06,0.0
ATOM,56.0,CD2,LEU,4.0,29.129,44.068,99.986,-0.27,2.06,0.0
ATOM,57.0,H,LEU,4.0,29.525,44.364,95.554,0.31,0.2245,1.97
ATOM,58.0,HA,LEU,4.0,30.771,46.603,97.066,0.09,1.32,0.0
ATOM,59.0,HB2,LEU,4.0,30.114,43.904,97.741,0.09,1.32,0.0
ATOM,60.0,HB3,LEU,4.0,31.478,44.49,98.422,0.09,1.32,0.0
ATOM,61.0,HG,LEU,4.0,30.392,45.629,99.958,0.09,1.32,0.0
ATOM,62.0,HD11,LEU,4.0,28.059,45.946,98.267,0.09,1.32,0.0
ATOM,63.0,HD12,LEU,4.0,28.221,46.585,99.761,0.09,1.32,0.0
ATOM,64.0,HD13,LEU,4.0,29.164,47.117,98.539,0.09,1.32,0.0
ATOM,65.0,HD21,LEU,4.0,29.856,43.456,100.3,0.09,1.32,0.0
ATOM,66.0,HD22,LEU,4.0,28.599,44.386,100.773,0.09,1.32,0.0
ATOM,67.0,HD23,LEU,4.0,28.527,43.574,99.357,0.09,1.32,0.0
ATOM,68.0,N,THR,5.0,33.077,46.376,96.208,-0.47,1.85,0.0
ATOM,69.0,CA,THR,5.0,34.433,46.228,95.7,0.07,2.275,0.01
ATOM,70.0,C,THR,5.0,35.442,46.429,96.843,0.51,2.0,0.0
ATOM,71.0,O,THR,5.0,35.434,47.46,97.509,-0.51,1.7,1.89
ATOM,72.0,CB,THR,5.0,34.684,47.2,94.568,0.14,2.275,0.16
ATOM,73.0,OG1,THR,5.0,33.657,47.032,93.587,-0.66,1.77,5.59
ATOM,74.0,CG2,THR,5.0,36.017,46.899,93.903,-0.27,2.06,30.02
ATOM,75.0,H,THR,5.0,32.7,47.267,96.587,0.31,0.2245,0.0
ATOM,76.0,HA,THR,5.0,34.548,45.298,95.346,0.09,1.32,2.05
ATOM,77.0,HB,THR,5.0,34.627,48.155,94.921,0.09,1.32,0.03
ATOM,78.0,HG21,THR,5.0,36.153,45.907,93.845,0.09,1.32,7.63
ATOM,79.0,HG22,THR,5.0,36.032,47.287,92.978,0.09,1.32,9.18
ATOM,80.0,HG23,THR,5.0,36.764,47.301,94.439,0.09,1.32,0.8
ATOM,81.0,HG1,THR,5.0,32.827,46.652,94.01,0.43,0.2245,0.0
ATOM,82.0,N,GLN,6.0,36.219,45.387,97.138,-0.47,1.85,0.0
ATOM,83.0,CA,GLN,6.0,37.219,45.43,98.214,0.07,2.275,0.0
ATOM,84.0,C,GLN,6.0,38.604,45.844,97.694,0.51,2.0,0.0
ATOM,85.0,O,GLN,6.0,38.951,45.597,96.519,-0.51,1.7,13.41
ATOM,86.0,CB,GLN,6.0,37.329,44.066,98.913,-0.18,2.175,0.0
ATOM,87.0,CG,GLN,6.0,36.069,43.638,99.617,-0.18,2.175,0.0
ATOM,88.0,CD,GLN,6.0,36.263,42.413,100.465,0.55,2.0,0.0
ATOM,89.0,H,GLN,6.0,36.06,44.545,96.546,0.31,0.2245,3.8
ATOM,90.0,HA,GLN,6.0,36.924,46.125,98.882,0.09,1.32,0.0
ATOM,91.0,HB2,GLN,6.0,37.56,43.377,98.223,0.09,1.32,2.05
ATOM,92.0,HB3,GLN,6.0,38.071,44.117,99.587,0.09,1.32,0.0
ATOM,93.0,HG2,GLN,6.0,35.755,44.389,100.204,0.09,1.32,0.0
ATOM,94.0,HG3,GLN,6.0,35.363,43.446,98.93,0.09,1.32,0.0
ATOM,95.0,OE1,GLN,6.0,35.429,41.519,100.469,-0.55,1.7,0.0
ATOM,96.0,NE2,GLN,6.0,37.358,42.367,101.2,-0.62,1.85,0.0
ATOM,97.0,HE21,GLN,6.0,37.554,41.574,101.814,0.32,0.2245,0.0
ATOM,98.0,HE22,GLN,6.0,38.021,43.143,101.151,0.3,0.2245,0.0
ATOM,99.0,N,SER,7.0,39.373,46.504,98.554,-0.47,1.85,0.04
ATOM,100.0,CA,SER,7.0,40.716,46.947,98.176,0.07,2.275,0.0
ATOM,101.0,C,SER,7.0,41.605,46.912,99.405,0.51,2.0,0.11
ATOM,102.0,O,SER,7.0,41.172,47.327,100.481,-0.51,1.7,1.63
ATOM,103.0,CB,SER,7.0,40.668,48.375,97.638,0.05,2.175,20.32
ATOM,104.0,OG,SER,7.0,40.084,48.421,96.351,-0.66,1.77,27.01
ATOM,105.0,H,SER,7.0,38.955,46.672,99.483,0.31,0.2245,0.0
ATOM,106.0,HA,SER,7.0,41.079,46.298,97.509,0.09,1.32,0.44
ATOM,107.0,HB2,SER,7.0,40.127,48.935,98.261,0.09,1.32,1.4
ATOM,108.0,HB3,SER,7.0,41.599,48.729,97.585,0.09,1.32,8.07
ATOM,109.0,HG,SER,7.0,39.609,47.561,96.168,0.43,0.2245,1.78
ATOM,110.0,N,PRO,8.0,42.831,46.358,99.281,-0.29,1.85,0.0
ATOM,111.0,CA,PRO,8.0,43.387,45.779,98.058,0.02,2.275,1.28
ATOM,112.0,C,PRO,8.0,42.983,44.31,97.976,0.51,2.0,0.0
ATOM,113.0,O,PRO,8.0,42.374,43.773,98.903,-0.51,1.7,0.0
ATOM,114.0,CB,PRO,8.0,44.887,45.9,98.305,-0.18,2.175,17.27
ATOM,115.0,CG,PRO,8.0,44.979,45.591,99.726,-0.18,2.175,2.13
ATOM,116.0,CD,PRO,8.0,43.869,46.425,100.324,0.0,2.175,3.08
ATOM,117.0,HA,PRO,8.0,43.079,46.279,97.251,0.09,1.32,4.34
ATOM,118.0,HB2,PRO,8.0,45.385,45.242,97.746,0.09,1.32,2.35
ATOM,119.0,HB3,PRO,8.0,45.2,46.824,98.101,0.09,1.32,11.02
ATOM,120.0,HG2,PRO,8.0,44.819,44.622,99.906,0.09,1.32,0.0
ATOM,121.0,HG3,PRO,8.0,45.86,45.863,100.108,0.09,1.32,4.89
ATOM,122.0,HD2,PRO,8.0,43.539,46.031,101.176,0.09,1.32,0.0
ATOM,123.0,HD3,PRO,8.0,44.161,47.366,100.471,0.09,1.32,10.8
ATOM,124.0,N,ALA,9.0,43.363,43.649,96.889,-0.47,1.85,1.43
ATOM,125.0,CA,ALA,9.0,43.075,42.226,96.727,0.07,2.275,0.71
ATOM,126.0,C,ALA,9.0,43.899,41.365,97.716,0.51,2.0,0.0
ATOM,127.0,O,ALA,9.0,43.394,40.371,98.25,-0.51,1.7,3.58
ATOM,128.0,CB,ALA,9.0,43.331,41.795,95.255,-0.27,2.06,36.29
ATOM,129.0,H,ALA,9.0,43.868,44.215,96.184,0.31,0.2245,8.96
ATOM,130.0,HA,ALA,9.0,42.099,42.064,96.913,0.09,1.32,1.39
ATOM,131.0,HB1,ALA,9.0,44.303,41.88,95.063,0.09,1.32,5.68
ATOM,132.0,HB2,ALA,9.0,43.039,40.851,95.145,0.09,1.32,9.78
ATOM,133.0,HB3,ALA,9.0,42.808,42.39,94.654,0.09,1.32,11.1
ATOM,134.0,N,THR,10.0,45.166,41.73,97.954,-0.47,1.85,0.0
ATOM,135.0,CA,THR,10.0,46.027,40.998,98.902,0.07,2.275,0.0
ATOM,136.0,C,THR,10.0,46.956,41.998,99.583,0.51,2.0,0.0
ATOM,137.0,O,THR,10.0,47.194,43.075,99.034,-0.51,1.7,10.87
ATOM,138.0,CB,THR,10.0,46.921,39.947,98.197,0.14,2.275,2.49
ATOM,139.0,OG1,THR,10.0,47.851,40.619,97.347,-0.66,1.77,21.43
ATOM,140.0,CG2,THR,10.0,46.116,39.032,97.307,-0.27,2.06,17.01
ATOM,141.0,H,THR,10.0,45.486,42.56,97.422,0.31,0.2245,1.76
ATOM,142.0,HA,THR,10.0,45.446,40.58,99.594,0.09,1.32,0.0
ATOM,143.0,HB,THR,10.0,47.443,39.438,98.907,0.09,1.32,0.19
ATOM,144.0,HG21,THR,10.0,46.728,38.494,96.719,0.09,1.32,11.48
ATOM,145.0,HG22,THR,10.0,45.567,38.402,97.864,0.09,1.32,0.0
ATOM,146.0,HG23,THR,10.0,45.499,39.57,96.725,0.09,1.32,0.0
ATOM,147.0,HG1,THR,10.0,47.424,40.839,96.462,0.43,0.2245,13.28
ATOM,148.0,N,LEU,11.0,47.398,41.683,100.804,-0.47,1.85,0.09
ATOM,149.0,CA,LEU,11.0,48.333,42.518,101.545,0.07,2.275,1.37
ATOM,150.0,C,LEU,11.0,49.097,41.668,102.553,0.51,2.0,0.0
ATOM,151.0,O,LEU,11.0,48.625,40.595,102.932,-0.51,1.7,0.0
ATOM,152.0,CB,LEU,11.0,47.634,43.708,102.206,-0.18,2.175,8.06
ATOM,153.0,CG,LEU,11.0,46.356,43.515,103.015,-0.09,2.275,0.0
ATOM,154.0,CD1,LEU,11.0,46.606,42.612,104.183,-0.27,2.06,0.0
ATOM,155.0,CD2,LEU,11.0,45.867,44.871,103.484,-0.27,2.06,6.18
ATOM,156.0,H,LEU,11.0,47.013,40.785,101.178,0.31,0.2245,0.0
ATOM,157.0,HA,LEU,11.0,48.991,42.914,100.902,0.09,1.32,7.37
ATOM,158.0,HB2,LEU,11.0,48.312,44.151,102.823,0.09,1.32,3.15
ATOM,159.0,HB3,LEU,11.0,47.423,44.38,101.472,0.09,1.32,1.04
ATOM,160.0,HG,LEU,11.0,45.655,43.117,102.419,0.09,1.32,0.0
ATOM,161.0,HD11,LEU,11.0,47.308,43.008,104.783,0.09,1.32,0.0
ATOM,162.0,HD12,LEU,11.0,45.761,42.488,104.712,0.09,1.32,0.0
ATOM,163.0,HD13,LEU,11.0,46.922,41.713,103.865,0.09,1.32,0.0
ATOM,164.0,HD21,LEU,11.0,45.681,45.455,102.692,0.09,1.32,0.04
ATOM,165.0,HD22,LEU,11.0,45.027,44.761,104.018,0.09,1.32,0.0
ATOM,166.0,HD23,LEU,11.0,46.567,45.303,104.056,0.09,1.32,2.42
ATOM,167.0,N,SER,12.0,50.281,42.133,102.972,-0.47,1.85,0.08
ATOM,168.0,CA,SER,12.0,51.145,41.409,103.93,0.07,2.275,0.0
ATOM,169.0,C,SER,12.0,51.428,42.244,105.149,0.51,2.0,0.0
ATOM,170.0,O,SER,12.0,51.383,43.467,105.076,-0.51,1.7,16.13
ATOM,171.0,CB,SER,12.0,52.49,41.052,103.298,0.05,2.175,3.45
ATOM,172.0,OG,SER,12.0,52.344,40.135,102.231,-0.66,1.77,17.58
ATOM,173.0,H,SER,12.0,50.548,43.057,102.564,0.31,0.2245,8.35
ATOM,174.0,HA,SER,12.0,50.646,40.581,104.215,0.09,1.32,0.0
ATOM,175.0,HB2,SER,12.0,52.914,41.888,102.952,0.09,1.32,3.5
ATOM,176.0,HB3,SER,12.0,53.075,40.645,103.998,0.09,1.32,0.0
ATOM,177.0,HG,SER,12.0,51.646,40.467,101.598,0.43,0.2245,10.06
ATOM,178.0,N,VAL,13.0,51.791,41.595,106.248,-0.47,1.85,0.0
ATOM,179.0,CA,VAL,13.0,52.089,42.321,107.468,0.07,2.275,0.0
ATOM,180.0,C,VAL,13.0,52.962,41.53,108.44,0.51,2.0,0.0
ATOM,181.0,O,VAL,13.0,53.017,40.306,108.395,-0.51,1.7,0.0
ATOM,182.0,CB,VAL,13.0,50.79,42.751,108.202,-0.09,2.275,0.0
ATOM,183.0,CG1,VAL,13.0,50.145,41.556,108.909,-0.27,2.06,0.0
ATOM,184.0,CG2,VAL,13.0,51.09,43.848,109.202,-0.27,2.06,4.64
ATOM,185.0,H,VAL,13.0,51.84,40.568,106.158,0.31,0.2245,0.0
ATOM,186.0,HA,VAL,13.0,52.595,43.166,107.219,0.09,1.32,3.5
ATOM,187.0,HB,VAL,13.0,50.146,43.063,107.512,0.09,1.32,0.0
ATOM,188.0,HG11,VAL,13.0,49.165,41.719,109.004,0.09,1.32,0.0
ATOM,189.0,HG12,VAL,13.0,50.298,40.731,108.368,0.09,1.32,0.0
ATOM,190.0,HG13,VAL,13.0,50.556,41.446,109.812,0.09,1.32,0.0
ATOM,191.0,HG21,VAL,13.0,50.36,44.532,109.176,0.09,1.32,0.0
ATOM,192.0,HG22,VAL,13.0,51.147,43.455,110.121,0.09,1.32,0.0
ATOM,193.0,HG23,VAL,13.0,51.962,44.282,108.97,0.09,1.32,1.96
ATOM,194.0,N,THR,14.0,53.64,42.263,109.313,-0.47,1.85,0.01
ATOM,195.0,CA,THR,14.0,54.506,41.723,110.344,0.07,2.275,0.0
ATOM,196.0,C,THR,14.0,53.717,41.692,111.645,0.51,2.0,0.0
ATOM,197.0,O,THR,14.0,53.031,42.662,111.992,-0.51,1.7,0.0
ATOM,198.0,CB,THR,14.0,55.755,42.64,110.515,0.14,2.275,4.11
ATOM,199.0,OG1,THR,14.0,56.757,42.264,109.564,-0.66,1.77,18.41
ATOM,200.0,CG2,THR,14.0,56.33,42.561,111.908,-0.27,2.06,20.72
ATOM,201.0,H,THR,14.0,53.491,43.306,109.189,0.31,0.2245,1.34
ATOM,202.0,HA,THR,14.0,54.752,40.788,110.103,0.09,1.32,0.0
ATOM,203.0,HB,THR,14.0,55.475,43.6,110.327,0.09,1.32,0.04
ATOM,204.0,HG21,THR,14.0,55.599,42.658,112.59,0.09,1.32,0.0
ATOM,205.0,HG22,THR,14.0,56.785,41.676,112.045,0.09,1.32,6.11
ATOM,206.0,HG23,THR,14.0,57.002,43.295,112.047,0.09,1.32,11.42
ATOM,207.0,HG1,THR,14.0,56.392,41.58,108.923,0.43,0.2245,0.0
ATOM,208.0,N,PRO,15.0,53.767,40.572,112.371,-0.29,1.85,0.0
ATOM,209.0,CA,PRO,15.0,53.009,40.55,113.626,0.02,2.275,0.0
ATOM,210.0,C,PRO,15.0,53.328,41.799,114.457,0.51,2.0,0.33
ATOM,211.0,O,PRO,15.0,54.444,42.305,114.418,-0.51,1.7,11.3
ATOM,212.0,CB,PRO,15.0,53.503,39.264,114.294,-0.18,2.175,14.73
ATOM,213.0,CG,PRO,15.0,53.792,38.355,113.103,-0.18,2.175,3.2
ATOM,214.0,CD,PRO,15.0,54.48,39.298,112.142,0.0,2.175,1.62
ATOM,215.0,HA,PRO,15.0,52.025,40.484,113.45,0.09,1.32,0.0
ATOM,216.0,HB2,PRO,15.0,54.333,39.425,114.813,0.09,1.32,9.06
ATOM,217.0,HB3,PRO,15.0,52.801,38.864,114.869,0.09,1.32,1.44
ATOM,218.0,HG2,PRO,15.0,54.391,37.619,113.376,0.09,1.32,7.68
ATOM,219.0,HG3,PRO,15.0,52.946,38.012,112.727,0.09,1.32,0.0
ATOM,220.0,HD2,PRO,15.0,55.448,39.395,112.358,0.09,1.32,5.73
ATOM,221.0,HD3,PRO,15.0,54.369,38.999,111.197,0.09,1.32,0.0
ATOM,222.0,N,GLY,16.0,52.319,42.343,115.129,-0.47,1.85,1.18
ATOM,223.0,CA,GLY,16.0,52.506,43.53,115.939,-0.02,2.175,17.36
ATOM,224.0,C,GLY,16.0,52.087,44.784,115.201,0.51,2.0,0.27
ATOM,225.0,O,GLY,16.0,51.788,45.803,115.831,-0.51,1.7,18.03
ATOM,226.0,H,GLY,16.0,51.41,41.853,115.023,0.31,0.2245,0.0
ATOM,227.0,HA2,GLY,16.0,51.965,43.447,116.79,0.09,1.32,1.71
ATOM,228.0,HA3,GLY,16.0,53.48,43.608,116.204,0.09,1.32,8.35
ATOM,229.0,N,ASN,17.0,52.134,44.746,113.871,-0.47,1.85,0.0
ATOM,230.0,CA,ASN,17.0,51.735,45.896,113.068,0.07,2.275,0.02
ATOM,231.0,C,ASN,17.0,50.236,45.831,112.824,0.51,2.0,0.0
ATOM,232.0,O,ASN,17.0,49.594,44.81,113.098,-0.51,1.7,0.0
ATOM,233.0,CB,ASN,17.0,52.434,45.914,111.707,-0.18,2.175,3.36
ATOM,234.0,CG,ASN,17.0,53.896,46.367,111.78,0.55,2.0,2.04
ATOM,235.0,H,ASN,17.0,52.469,43.853,113.47,0.31,0.2245,0.0
ATOM,236.0,HA,ASN,17.0,51.91,46.714,113.614,0.09,1.32,2.6
ATOM,237.0,HB2,ASN,17.0,52.413,44.992,111.326,0.09,1.32,0.0
ATOM,238.0,HB3,ASN,17.0,51.943,46.541,111.106,0.09,1.32,2.6
ATOM,239.0,OD1,ASN,17.0,54.68,46.132,110.842,-0.55,1.7,23.9
ATOM,240.0,ND2,ASN,17.0,54.264,47.033,112.871,-0.62,1.85,21.35
ATOM,241.0,HD22,ASN,17.0,53.589,47.205,113.593,0.3,0.2245,6.1
ATOM,242.0,HD21,ASN,17.0,55.2,47.357,112.972,0.32,0.2245,21.24
ATOM,243.0,N,SER,18.0,49.694,46.912,112.271,-0.47,1.85,0.75
ATOM,244.0,CA,SER,18.0,48.279,47.0,111.964,0.07,2.275,0.0
ATOM,245.0,C,SER,18.0,48.102,46.88,110.463,0.51,2.0,0.0
ATOM,246.0,O,SER,18.0,49.05,47.038,109.707,-0.51,1.7,13.4
ATOM,247.0,CB,SER,18.0,47.714,48.324,112.479,0.05,2.175,10.02
ATOM,248.0,OG,SER,18.0,48.395,49.433,111.906,-0.66,1.77,22.4
ATOM,249.0,H,SER,18.0,50.372,47.683,112.08,0.31,0.2245,5.67
ATOM,250.0,HA,SER,18.0,47.815,46.226,112.393,0.09,1.32,0.0
ATOM,251.0,HB2,SER,18.0,46.749,48.379,112.238,0.09,1.32,0.01
ATOM,252.0,HB3,SER,18.0,47.822,48.357,113.469,0.09,1.32,0.84
ATOM,253.0,HG,SER,18.0,47.844,49.812,111.165,0.43,0.2245,17.37
ATOM,254.0,N,VAL,19.0,46.877,46.641,110.025,-0.47,1.85,0.0
ATOM,255.0,CA,VAL,19.0,46.563,46.479,108.611,0.07,2.275,1.61
ATOM,256.0,C,VAL,19.0,45.187,47.174,108.354,0.51,2.0,0.0
ATOM,257.0,O,VAL,19.0,44.444,47.448,109.304,-0.51,1.7,0.0
ATOM,258.0,CB,VAL,19.0,46.532,44.958,108.312,-0.09,2.275,0.0
ATOM,259.0,CG1,VAL,19.0,45.142,44.356,108.592,-0.27,2.06,0.0
ATOM,260.0,CG2,VAL,19.0,47.02,44.682,106.952,-0.27,2.06,3.61
ATOM,261.0,H,VAL,19.0,46.152,46.578,110.778,0.31,0.2245,0.0
ATOM,262.0,HA,VAL,19.0,47.238,46.963,108.073,0.09,1.32,4.82
ATOM,263.0,HB,VAL,19.0,47.167,44.513,108.937,0.09,1.32,0.0
ATOM,264.0,HG11,VAL,19.0,45.251,43.41,108.888,0.09,1.32,0.0
ATOM,265.0,HG12,VAL,19.0,44.697,44.887,109.309,0.09,1.32,0.0
ATOM,266.0,HG13,VAL,19.0,44.599,44.39,107.757,0.09,1.32,0.0
ATOM,267.0,HG21,VAL,19.0,46.591,45.307,106.287,0.09,1.32,0.0
ATOM,268.0,HG22,VAL,19.0,48.02,44.805,106.901,0.09,1.32,1.9
ATOM,269.0,HG23,VAL,19.0,46.803,43.735,106.682,0.09,1.32,0.0
ATOM,270.0,N,SER,20.0,44.877,47.509,107.102,-0.47,1.85,0.82
ATOM,271.0,CA,SER,20.0,43.616,48.18,106.753,0.07,2.275,0.0
ATOM,272.0,C,SER,20.0,42.98,47.682,105.454,0.51,2.0,0.0
ATOM,273.0,O,SER,20.0,43.57,47.779,104.368,-0.51,1.7,9.21
ATOM,274.0,CB,SER,20.0,43.818,49.69,106.693,0.05,2.175,19.84
ATOM,275.0,OG,SER,20.0,44.05,50.203,108.001,-0.66,1.77,21.98
ATOM,276.0,H,SER,20.0,45.598,47.257,106.394,0.31,0.2245,4.11
ATOM,277.0,HA,SER,20.0,42.956,48.007,107.508,0.09,1.32,0.0
ATOM,278.0,HB2,SER,20.0,44.606,49.89,106.126,0.09,1.32,9.92
ATOM,279.0,HB3,SER,20.0,43.0,50.112,106.324,0.09,1.32,2.39
ATOM,280.0,HG,SER,20.0,44.238,49.446,108.624,0.43,0.2245,0.55
ATOM,281.0,N,ILE,21.0,41.746,47.184,105.569,-0.47,1.85,0.0
ATOM,282.0,CA,ILE,21.0,41.001,46.622,104.42,0.07,2.275,0.0
ATOM,283.0,C,ILE,21.0,39.756,47.471,104.084,0.51,2.0,0.0
ATOM,284.0,O,ILE,21.0,38.939,47.757,104.946,-0.51,1.7,0.0
ATOM,285.0,CB,ILE,21.0,40.574,45.149,104.747,-0.09,2.275,0.0
ATOM,286.0,CG1,ILE,21.0,41.819,44.282,105.003,-0.18,2.175,0.0
ATOM,287.0,CG2,ILE,21.0,39.685,44.583,103.641,-0.27,2.06,0.0
ATOM,288.0,CD1,ILE,21.0,41.617,43.129,106.043,-0.27,2.06,0.0
ATOM,289.0,H,ILE,21.0,41.35,47.222,106.53,0.31,0.2245,0.0
ATOM,290.0,HA,ILE,21.0,41.614,46.693,103.63,0.09,1.32,0.0
ATOM,291.0,HB,ILE,21.0,40.037,45.174,105.577,0.09,1.32,0.0
ATOM,292.0,HG12,ILE,21.0,42.109,43.868,104.144,0.09,1.32,0.0
ATOM,293.0,HG13,ILE,21.0,42.553,44.866,105.343,0.09,1.32,0.0
ATOM,294.0,HG21,ILE,21.0,39.377,43.67,103.899,0.09,1.32,0.0
ATOM,295.0,HG22,ILE,21.0,38.895,45.179,103.514,0.09,1.32,0.0
ATOM,296.0,HG23,ILE,21.0,40.206,44.533,102.791,0.09,1.32,0.0
ATOM,297.0,HD11,ILE,21.0,40.902,42.533,105.703,0.09,1.32,0.0
ATOM,298.0,HD12,ILE,21.0,42.475,42.641,106.128,0.09,1.32,0.0
ATOM,299.0,HD13,ILE,21.0,41.356,43.539,106.906,0.09,1.32,0.0
ATOM,300.0,N,SER,22.0,39.573,47.808,102.824,-0.47,1.85,0.0
ATOM,301.0,CA,SER,22.0,38.448,48.648,102.459,0.07,2.275,0.0
ATOM,302.0,C,SER,22.0,37.352,47.956,101.68,0.51,2.0,0.0
ATOM,303.0,O,SER,22.0,37.605,47.019,100.902,-0.51,1.7,0.0
ATOM,304.0,CB,SER,22.0,38.946,49.845,101.647,0.05,2.175,14.19
ATOM,305.0,OG,SER,22.0,39.879,50.623,102.39,-0.66,1.77,23.58
ATOM,306.0,H,SER,22.0,40.263,47.442,102.155,0.31,0.2245,0.0
ATOM,307.0,HA,SER,22.0,38.035,49.01,103.325,0.09,1.32,0.0
ATOM,308.0,HB2,SER,22.0,39.391,49.512,100.821,0.09,1.32,0.0
ATOM,309.0,HB3,SER,22.0,38.168,50.419,101.409,0.09,1.32,6.27
ATOM,310.0,HG,SER,22.0,39.474,50.875,103.266,0.43,0.2245,3.01
ATOM,311.0,N,CYS,23.0,36.145,48.503,101.832,-0.47,1.85,0.0
ATOM,312.0,CA,CYS,23.0,34.952,48.013,101.141,0.07,2.275,0.0
ATOM,313.0,C,CYS,23.0,34.155,49.193,100.531,0.51,2.0,0.21
ATOM,314.0,O,CYS,23.0,33.706,50.093,101.24,-0.51,1.7,0.54
ATOM,315.0,CB,CYS,23.0,34.073,47.204,102.111,-0.1,2.175,0.0
ATOM,316.0,SG,CYS,23.0,32.647,46.372,101.323,-0.08,1.975,0.0
ATOM,317.0,H,CYS,23.0,36.124,49.317,102.491,0.31,0.2245,0.0
ATOM,318.0,HA,CYS,23.0,35.24,47.421,100.386,0.09,1.32,0.0
ATOM,319.0,HB2,CYS,23.0,34.64,46.505,102.535,0.09,1.32,0.0
ATOM,320.0,HB3,CYS,23.0,33.72,47.827,102.804,0.09,1.32,0.0
ATOM,321.0,N,ARG,24.0,34.038,49.223,99.211,-0.47,1.85,0.22
ATOM,322.0,CA,ARG,24.0,33.29,50.297,98.562,0.07,2.275,0.0
ATOM,323.0,C,ARG,24.0,31.987,49.719,98.006,0.51,2.0,0.0
ATOM,324.0,O,ARG,24.0,32.022,48.725,97.302,-0.51,1.7,0.0
ATOM,325.0,CB,ARG,24.0,34.106,50.929,97.426,-0.18,2.175,7.09
ATOM,326.0,CG,ARG,24.0,33.447,52.138,96.78,-0.18,2.175,4.56
ATOM,327.0,CD,ARG,24.0,32.893,51.79,95.422,0.2,2.175,4.6
ATOM,328.0,NE,ARG,24.0,33.771,52.231,94.343,-0.7,1.85,6.35
ATOM,329.0,CZ,ARG,24.0,34.015,51.541,93.226,0.64,2.0,3.09
ATOM,330.0,NH1,ARG,24.0,33.496,50.335,93.057,-0.8,1.85,8.84
ATOM,331.0,NH2,ARG,24.0,34.822,52.039,92.288,-0.8,1.85,29.0
ATOM,332.0,H,ARG,24.0,34.5,48.456,98.704,0.31,0.2245,0.0
ATOM,333.0,HA,ARG,24.0,33.066,50.994,99.239,0.09,1.32,0.0
ATOM,334.0,HB2,ARG,24.0,34.984,51.216,97.799,0.09,1.32,8.29
ATOM,335.0,HB3,ARG,24.0,34.243,50.238,96.722,0.09,1.32,0.0
ATOM,336.0,HG2,ARG,24.0,32.699,52.452,97.357,0.09,1.32,0.0
ATOM,337.0,HG3,ARG,24.0,34.123,52.861,96.67,0.09,1.32,5.48
ATOM,338.0,HD2,ARG,24.0,32.784,50.799,95.37,0.09,1.32,0.0
ATOM,339.0,HD3,ARG,24.0,32.004,52.234,95.322,0.09,1.32,2.95
ATOM,340.0,HE,ARG,24.0,34.231,53.125,94.446,0.44,0.2245,12.52
ATOM,341.0,HH11,ARG,24.0,32.9,49.929,93.747,0.46,0.2245,0.69
ATOM,342.0,HH12,ARG,24.0,33.703,49.816,92.218,0.46,0.2245,8.52
ATOM,343.0,HH21,ARG,24.0,35.226,52.947,92.427,0.46,0.2245,18.18
ATOM,344.0,HH22,ARG,24.0,35.018,51.519,91.466,0.46,0.2245,18.18
ATOM,345.0,N,ALA,25.0,30.859,50.348,98.344,-0.47,1.85,0.0
ATOM,346.0,CA,ALA,25.0,29.514,49.934,97.912,0.07,2.275,0.0
ATOM,347.0,C,ALA,25.0,29.07,50.828,96.78,0.51,2.0,0.0
ATOM,348.0,O,ALA,25.0,29.356,52.032,96.793,-0.51,1.7,2.28
ATOM,349.0,CB,ALA,25.0,28.534,50.067,99.064,-0.27,2.06,0.0
ATOM,350.0,H,ALA,25.0,31.013,51.188,98.962,0.31,0.2245,0.0
ATOM,351.0,HA,ALA,25.0,29.564,48.99,97.588,0.09,1.32,0.0
ATOM,352.0,HB1,ALA,25.0,28.812,49.465,99.813,0.09,1.32,0.0
ATOM,353.0,HB2,ALA,25.0,28.522,51.013,99.388,0.09,1.32,0.0
ATOM,354.0,HB3,ALA,25.0,27.617,49.811,98.757,0.09,1.32,0.0
ATOM,355.0,N,SER,26.0,28.317,50.269,95.838,-0.47,1.85,0.0
ATOM,356.0,CA,SER,26.0,27.836,51.051,94.708,0.07,2.275,0.61
ATOM,357.0,C,SER,26.0,26.766,52.078,95.067,0.51,2.0,0.1
ATOM,358.0,O,SER,26.0,26.454,52.932,94.261,-0.51,1.7,26.08
ATOM,359.0,CB,SER,26.0,27.36,50.142,93.572,0.05,2.175,20.28
ATOM,360.0,OG,SER,26.0,26.444,49.16,94.044,-0.66,1.77,1.68
ATOM,361.0,H,SER,26.0,28.112,49.267,95.975,0.31,0.2245,0.0
ATOM,362.0,HA,SER,26.0,28.63,51.557,94.317,0.09,1.32,6.2
ATOM,363.0,HB2,SER,26.0,26.907,50.699,92.882,0.09,1.32,8.1
ATOM,364.0,HB3,SER,26.0,28.15,49.681,93.177,0.09,1.32,2.94
ATOM,365.0,HG,SER,26.0,26.267,49.313,95.014,0.43,0.2245,0.0
ATOM,366.0,N,GLN,27.0,26.16,51.972,96.244,-0.47,1.85,0.0
ATOM,367.0,CA,GLN,27.0,25.166,52.953,96.648,0.07,2.275,0.43
ATOM,368.0,C,GLN,27.0,25.146,52.88,98.153,0.51,2.0,0.0
ATOM,369.0,O,GLN,27.0,25.662,51.914,98.717,-0.51,1.7,0.0
ATOM,370.0,CB,GLN,27.0,23.791,52.673,96.019,-0.18,2.175,10.29
ATOM,371.0,CG,GLN,27.0,23.076,51.424,96.498,-0.18,2.175,0.13
ATOM,372.0,CD,GLN,27.0,21.747,51.159,95.762,0.55,2.0,0.76
ATOM,373.0,H,GLN,27.0,26.446,51.167,96.819,0.31,0.2245,0.0
ATOM,374.0,HA,GLN,27.0,25.49,53.846,96.385,0.09,1.32,5.2
ATOM,375.0,HB2,GLN,27.0,23.192,53.467,96.201,0.09,1.32,8.21
ATOM,376.0,HB3,GLN,27.0,23.91,52.602,95.017,0.09,1.32,3.48
ATOM,377.0,HG2,GLN,27.0,23.669,50.631,96.354,0.09,1.32,0.0
ATOM,378.0,HG3,GLN,27.0,22.873,51.515,97.474,0.09,1.32,0.0
ATOM,379.0,OE1,GLN,27.0,21.726,50.874,94.557,-0.55,1.7,30.83
ATOM,380.0,NE2,GLN,27.0,20.65,51.205,96.496,-0.62,1.85,15.87
ATOM,381.0,HE21,GLN,27.0,19.739,51.054,96.076,0.32,0.2245,18.74
ATOM,382.0,HE22,GLN,27.0,20.73,51.394,97.495,0.3,0.2245,10.22
ATOM,383.0,N,SER,28.0,24.642,53.923,98.807,-0.47,1.85,0.35
ATOM,384.0,CA,SER,28.0,24.602,53.976,100.267,0.07,2.275,0.0
ATOM,385.0,C,SER,28.0,24.001,52.727,100.892,0.51,2.0,0.0
ATOM,386.0,O,SER,28.0,23.053,52.157,100.359,-0.51,1.7,4.8
ATOM,387.0,CB,SER,28.0,23.82,55.196,100.723,0.05,2.175,18.71
ATOM,388.0,OG,SER,28.0,23.766,55.242,102.134,-0.66,1.77,4.07
ATOM,389.0,H,SER,28.0,24.284,54.687,98.198,0.31,0.2245,8.79
ATOM,390.0,HA,SER,28.0,25.557,54.063,100.6,0.09,1.32,0.0
ATOM,391.0,HB2,SER,28.0,24.273,56.015,100.389,0.09,1.32,10.26
ATOM,392.0,HB3,SER,28.0,22.894,55.14,100.365,0.09,1.32,9.89
ATOM,393.0,HG,SER,28.0,24.669,55.471,102.497,0.43,0.2245,1.56
ATOM,394.0,N,LEU,29.0,24.561,52.3,102.018,-0.47,1.85,0.0
ATOM,395.0,CA,LEU,29.0,24.068,51.119,102.705,0.07,2.275,0.0
ATOM,396.0,C,LEU,29.0,23.232,51.468,103.922,0.51,2.0,0.0
ATOM,397.0,O,LEU,29.0,23.045,50.625,104.801,-0.51,1.7,0.0
ATOM,398.0,CB,LEU,29.0,25.224,50.201,103.129,-0.18,2.175,0.0
ATOM,399.0,CG,LEU,29.0,26.171,49.629,102.069,-0.09,2.275,0.0
ATOM,400.0,CD1,LEU,29.0,27.139,48.709,102.757,-0.27,2.06,0.0
ATOM,401.0,CD2,LEU,29.0,25.435,48.877,100.974,-0.27,2.06,0.0
ATOM,402.0,H,LEU,29.0,25.36,52.87,102.353,0.31,0.2245,0.0
ATOM,403.0,HA,LEU,29.0,23.49,50.59,102.062,0.09,1.32,0.0
ATOM,404.0,HB2,LEU,29.0,25.794,50.717,103.787,0.09,1.32,0.0
ATOM,405.0,HB3,LEU,29.0,24.821,49.416,103.621,0.09,1.32,0.0
ATOM,406.0,HG,LEU,29.0,26.658,50.378,101.64,0.09,1.32,0.0
ATOM,407.0,HD11,LEU,29.0,26.643,47.963,103.21,0.09,1.32,0.0
ATOM,408.0,HD12,LEU,29.0,27.776,48.316,102.088,0.09,1.32,0.0
ATOM,409.0,HD13,LEU,29.0,27.664,49.215,103.447,0.09,1.32,0.0
ATOM,410.0,HD21,LEU,29.0,24.796,49.495,100.513,0.09,1.32,0.0
ATOM,411.0,HD22,LEU,29.0,26.094,48.523,100.308,0.09,1.32,0.0
ATOM,412.0,HD23,LEU,29.0,24.926,48.113,101.374,0.09,1.32,0.0
ATOM,413.0,N,VAL,30.0,22.824,52.73,104.021,-0.47,1.85,0.0
ATOM,414.0,CA,VAL,30.0,21.98,53.202,105.129,0.07,2.275,0.0
ATOM,415.0,C,VAL,30.0,20.536,52.889,104.751,0.51,2.0,0.0
ATOM,416.0,O,VAL,30.0,20.042,53.364,103.729,-0.51,1.7,18.67
ATOM,417.0,CB,VAL,30.0,22.043,54.717,105.319,-0.09,2.275,1.68
ATOM,418.0,CG1,VAL,30.0,21.294,55.102,106.567,-0.27,2.06,10.71
ATOM,419.0,CG2,VAL,30.0,23.46,55.177,105.398,-0.27,2.06,12.04
ATOM,420.0,H,VAL,30.0,23.149,53.354,103.253,0.31,0.2245,0.0
ATOM,421.0,HA,VAL,30.0,22.21,52.678,105.937,0.09,1.32,0.0
ATOM,422.0,HB,VAL,30.0,21.574,55.139,104.55,0.09,1.32,4.83
ATOM,423.0,HG11,VAL,30.0,21.933,55.198,107.334,0.09,1.32,3.79
ATOM,424.0,HG12,VAL,30.0,20.82,55.974,106.426,0.09,1.32,11.37
ATOM,425.0,HG13,VAL,30.0,20.618,54.396,106.792,0.09,1.32,0.0
ATOM,426.0,HG21,VAL,30.0,23.654,55.54,106.315,0.09,1.32,6.3
ATOM,427.0,HG22,VAL,30.0,24.083,54.41,105.214,0.09,1.32,0.0
ATOM,428.0,HG23,VAL,30.0,23.626,55.9,104.72,0.09,1.32,4.72
ATOM,429.0,N,ASN,31.0,19.894,52.063,105.567,-0.47,1.85,0.0
ATOM,430.0,CA,ASN,31.0,18.511,51.629,105.377,0.07,2.275,0.0
ATOM,431.0,C,ASN,31.0,17.552,52.773,105.712,0.51,2.0,0.01
ATOM,432.0,O,ASN,31.0,17.89,53.652,106.506,-0.51,1.7,2.51
ATOM,433.0,CB,ASN,31.0,18.248,50.427,106.296,-0.18,2.175,0.0
ATOM,434.0,CG,ASN,31.0,16.904,49.782,106.057,0.55,2.0,0.18
ATOM,435.0,H,ASN,31.0,20.477,51.736,106.385,0.31,0.2245,0.0
ATOM,436.0,HA,ASN,31.0,18.394,51.426,104.403,0.09,1.32,1.77
ATOM,437.0,HB2,ASN,31.0,18.964,49.75,106.134,0.09,1.32,0.0
ATOM,438.0,HB3,ASN,31.0,18.29,50.745,107.241,0.09,1.32,0.0
ATOM,439.0,OD1,ASN,31.0,15.974,49.985,106.838,-0.55,1.7,5.17
ATOM,440.0,ND2,ASN,31.0,16.787,49.003,104.981,-0.62,1.85,9.67
ATOM,441.0,HD22,ASN,31.0,17.583,48.872,104.385,0.3,0.2245,0.06
ATOM,442.0,HD21,ASN,31.0,15.923,48.558,104.774,0.32,0.2245,14.92
ATOM,443.0,N,GLU,32.0,16.368,52.752,105.096,-0.47,1.85,2.32
ATOM,444.0,CA,GLU,32.0,15.312,53.757,105.305,0.07,2.275,4.97
ATOM,445.0,C,GLU,32.0,15.109,54.1,106.788,0.51,2.0,0.0
ATOM,446.0,O,GLU,32.0,14.773,55.232,107.142,-0.51,1.7,29.79
ATOM,447.0,CB,GLU,32.0,13.985,53.248,104.711,-0.18,2.175,16.36
ATOM,448.0,CG,GLU,32.0,13.784,51.723,104.879,-0.28,2.175,2.18
ATOM,449.0,CD,GLU,32.0,12.327,51.277,104.999,0.62,2.0,2.75
ATOM,450.0,OE1,GLU,32.0,11.549,51.944,105.725,-0.76,1.7,26.48
ATOM,451.0,OE2,GLU,32.0,11.979,50.229,104.394,-0.76,1.7,44.67
ATOM,452.0,H,GLU,32.0,16.247,51.943,104.435,0.31,0.2245,3.38
ATOM,453.0,HA,GLU,32.0,15.547,54.6,104.797,0.09,1.32,12.01
ATOM,454.0,HB2,GLU,32.0,13.254,53.69,105.186,0.09,1.32,3.73
ATOM,455.0,HB3,GLU,32.0,13.992,53.435,103.752,0.09,1.32,10.93
ATOM,456.0,HG2,GLU,32.0,14.167,51.281,104.083,0.09,1.32,5.71
ATOM,457.0,HG3,GLU,32.0,14.249,51.448,105.705,0.09,1.32,0.0
ATOM,458.0,N,ASP,33.0,15.345,53.114,107.648,-0.47,1.85,0.0
ATOM,459.0,CA,ASP,33.0,15.191,53.288,109.086,0.07,2.275,2.73
ATOM,460.0,C,ASP,33.0,16.497,53.711,109.763,0.51,2.0,1.7
ATOM,461.0,O,ASP,33.0,16.68,53.537,110.968,-0.51,1.7,16.1
ATOM,462.0,CB,ASP,33.0,14.626,52.007,109.693,-0.28,2.175,9.38
ATOM,463.0,CG,ASP,33.0,13.377,51.531,108.961,0.62,2.0,3.39
ATOM,464.0,OD1,ASP,33.0,12.332,52.221,109.028,-0.76,1.7,30.67
ATOM,465.0,OD2,ASP,33.0,13.449,50.481,108.29,-0.76,1.7,21.09
ATOM,466.0,H,ASP,33.0,15.646,52.219,107.209,0.31,0.2245,0.0
ATOM,467.0,HA,ASP,33.0,14.531,54.041,109.229,0.09,1.32,6.24
ATOM,468.0,HB2,ASP,33.0,15.318,51.301,109.628,0.09,1.32,0.63
ATOM,469.0,HB3,ASP,33.0,14.389,52.188,110.637,0.09,1.32,9.21
ATOM,470.0,N,GLY,34.0,17.383,54.295,108.96,-0.47,1.85,1.45
ATOM,471.0,CA,GLY,34.0,18.662,54.791,109.437,-0.02,2.175,13.45
ATOM,472.0,C,GLY,34.0,19.643,53.816,110.05,0.51,2.0,0.0
ATOM,473.0,O,GLY,34.0,20.41,54.202,110.933,-0.51,1.7,25.91
ATOM,474.0,H,GLY,34.0,17.078,54.364,107.962,0.31,0.2245,0.21
ATOM,475.0,HA2,GLY,34.0,19.136,55.289,108.651,0.09,1.32,1.09
ATOM,476.0,HA3,GLY,34.0,18.483,55.557,110.123,0.09,1.32,12.07
ATOM,477.0,N,ASN,35.0,19.611,52.561,109.615,-0.47,1.85,0.0
ATOM,478.0,CA,ASN,35.0,20.53,51.547,110.137,0.07,2.275,0.02
ATOM,479.0,C,ASN,35.0,21.385,51.138,108.955,0.51,2.0,0.0
ATOM,480.0,O,ASN,35.0,20.886,51.113,107.839,-0.51,1.7,0.0
ATOM,481.0,CB,ASN,35.0,19.759,50.35,110.689,-0.18,2.175,1.87
ATOM,482.0,CG,ASN,35.0,18.769,50.742,111.783,0.55,2.0,1.98
ATOM,483.0,H,ASN,35.0,18.896,52.365,108.891,0.31,0.2245,0.0
ATOM,484.0,HA,ASN,35.0,21.12,51.996,110.787,0.09,1.32,1.69
ATOM,485.0,HB2,ASN,35.0,19.251,49.927,109.944,0.09,1.32,0.0
ATOM,486.0,HB3,ASN,35.0,20.41,49.702,111.073,0.09,1.32,3.01
ATOM,487.0,OD1,ASN,35.0,17.588,50.389,111.725,-0.55,1.7,16.42
ATOM,488.0,ND2,ASN,35.0,19.247,51.485,112.773,-0.62,1.85,18.34
ATOM,489.0,HD22,ASN,35.0,20.21,51.762,112.769,0.3,0.2245,10.24
ATOM,490.0,HD21,ASN,35.0,18.65,51.77,113.522,0.32,0.2245,19.49
ATOM,491.0,N,THR,36.0,22.678,50.908,109.193,-0.47,1.85,0.01
ATOM,492.0,CA,THR,36.0,23.644,50.541,108.149,0.07,2.275,0.0
ATOM,493.0,C,THR,36.0,23.998,49.058,108.283,0.51,2.0,0.0
ATOM,494.0,O,THR,36.0,24.556,48.636,109.299,-0.51,1.7,0.0
ATOM,495.0,CB,THR,36.0,24.914,51.437,108.267,0.14,2.275,4.72
ATOM,496.0,OG1,THR,36.0,24.541,52.822,108.168,-0.66,1.77,13.8
ATOM,497.0,CG2,THR,36.0,25.897,51.138,107.158,-0.27,2.06,0.49
ATOM,498.0,H,THR,36.0,22.951,51.012,110.201,0.31,0.2245,7.53
ATOM,499.0,HA,THR,36.0,23.217,50.684,107.257,0.09,1.32,0.0
ATOM,500.0,HB,THR,36.0,25.333,51.283,109.182,0.09,1.32,3.41
ATOM,501.0,HG21,THR,36.0,25.927,51.903,106.508,0.09,1.32,0.0
ATOM,502.0,HG22,THR,36.0,26.816,51.0,107.539,0.09,1.32,0.0
ATOM,503.0,HG23,THR,36.0,25.621,50.306,106.667,0.09,1.32,0.0
ATOM,504.0,HG1,THR,36.0,23.759,52.927,107.546,0.43,0.2245,0.0
ATOM,505.0,N,TYR,37.0,23.647,48.268,107.271,-0.47,1.85,0.0
ATOM,506.0,CA,TYR,37.0,23.887,46.829,107.316,0.07,2.275,0.0
ATOM,507.0,C,TYR,37.0,25.168,46.342,106.634,0.51,2.0,0.0
ATOM,508.0,O,TYR,37.0,25.12,45.681,105.587,-0.51,1.7,0.0
ATOM,509.0,CB,TYR,37.0,22.658,46.08,106.788,-0.18,2.175,0.0
ATOM,510.0,CG,TYR,37.0,21.442,46.276,107.671,0.0,1.9924,0.0
ATOM,511.0,CD1,TYR,37.0,21.213,45.443,108.769,-0.115,1.9924,0.3
ATOM,512.0,CD2,TYR,37.0,20.57,47.345,107.462,-0.115,1.9924,0.23
ATOM,513.0,CE1,TYR,37.0,20.153,45.679,109.649,-0.115,1.9924,8.4
ATOM,514.0,CE2,TYR,37.0,19.501,47.586,108.333,-0.115,1.9924,4.67
ATOM,515.0,CZ,TYR,37.0,19.303,46.752,109.427,0.11,1.9924,2.0
ATOM,516.0,OH,TYR,37.0,18.286,47.001,110.329,-0.54,1.77,30.05
ATOM,517.0,H,TYR,37.0,23.201,48.751,106.472,0.31,0.2245,0.0
ATOM,518.0,HA,TYR,37.0,23.934,46.547,108.302,0.09,1.32,0.0
ATOM,519.0,HB2,TYR,37.0,22.447,46.425,105.885,0.09,1.32,0.0
ATOM,520.0,HB3,TYR,37.0,22.87,45.114,106.761,0.09,1.32,0.0
ATOM,521.0,HD1,TYR,37.0,21.816,44.662,108.931,0.115,1.3582,0.0
ATOM,522.0,HD2,TYR,37.0,20.708,47.949,106.682,0.115,1.3582,0.0
ATOM,523.0,HE1,TYR,37.0,20.012,45.076,110.434,0.115,1.3582,4.07
ATOM,524.0,HE2,TYR,37.0,18.886,48.353,108.167,0.115,1.3582,0.0
ATOM,525.0,HH,TYR,37.0,18.294,47.969,110.568,0.43,0.2245,0.35
ATOM,526.0,N,LEU,38.0,26.306,46.673,107.242,-0.47,1.85,0.0
ATOM,527.0,CA,LEU,38.0,27.614,46.279,106.722,0.07,2.275,0.0
ATOM,528.0,C,LEU,38.0,28.246,45.293,107.701,0.51,2.0,0.0
ATOM,529.0,O,LEU,38.0,28.511,45.616,108.87,-0.51,1.7,0.0
ATOM,530.0,CB,LEU,38.0,28.524,47.514,106.505,-0.18,2.175,0.0
ATOM,531.0,CG,LEU,38.0,29.874,47.415,105.739,-0.09,2.275,0.0
ATOM,532.0,CD1,LEU,38.0,30.903,46.802,106.627,-0.27,2.06,0.0
ATOM,533.0,CD2,LEU,38.0,29.769,46.678,104.393,-0.27,2.06,0.0
ATOM,534.0,H,LEU,38.0,26.184,47.232,108.113,0.31,0.2245,0.0
ATOM,535.0,HA,LEU,38.0,27.486,45.819,105.848,0.09,1.32,0.0
ATOM,536.0,HB2,LEU,38.0,27.969,48.216,106.02,0.09,1.32,0.0
ATOM,537.0,HB3,LEU,38.0,28.74,47.894,107.423,0.09,1.32,0.0
ATOM,538.0,HG,LEU,38.0,30.142,48.336,105.472,0.09,1.32,0.0
ATOM,539.0,HD11,LEU,38.0,30.617,45.88,106.909,0.09,1.32,0.0
ATOM,540.0,HD12,LEU,38.0,31.783,46.731,106.146,0.09,1.32,0.0
ATOM,541.0,HD13,LEU,38.0,31.033,47.363,107.451,0.09,1.32,0.0
ATOM,542.0,HD21,LEU,38.0,29.125,47.163,103.805,0.09,1.32,0.0
ATOM,543.0,HD22,LEU,38.0,30.669,46.655,103.963,0.09,1.32,0.0
ATOM,544.0,HD23,LEU,38.0,29.446,45.748,104.555,0.09,1.32,0.0
ATOM,545.0,N,PHE,39.0,28.449,44.072,107.226,-0.47,1.85,0.0
ATOM,546.0,CA,PHE,39.0,29.024,43.037,108.057,0.07,2.275,0.0
ATOM,547.0,C,PHE,39.0,30.421,42.686,107.547,0.51,2.0,0.0
ATOM,548.0,O,PHE,39.0,30.69,42.796,106.354,-0.51,1.7,0.0
ATOM,549.0,CB,PHE,39.0,28.118,41.785,108.038,-0.18,2.175,0.0
ATOM,550.0,CG,PHE,39.0,26.779,41.949,108.762,0.0,1.9924,0.0
ATOM,551.0,CD1,PHE,39.0,26.333,43.186,109.211,-0.115,1.9924,0.0
ATOM,552.0,CD2,PHE,39.0,25.964,40.841,108.979,-0.115,1.9924,0.59
ATOM,553.0,CE1,PHE,39.0,25.099,43.326,109.865,-0.115,1.9924,0.0
ATOM,554.0,CE2,PHE,39.0,24.731,40.971,109.632,-0.115,1.9924,0.9
ATOM,555.0,CZ,PHE,39.0,24.302,42.219,110.075,-0.115,1.9924,0.06
ATOM,556.0,H,PHE,39.0,28.167,43.933,106.239,0.31,0.2245,0.0
ATOM,557.0,HA,PHE,39.0,29.144,43.421,108.975,0.09,1.32,0.0
ATOM,558.0,HB2,PHE,39.0,27.921,41.568,107.094,0.09,1.32,0.0
ATOM,559.0,HB3,PHE,39.0,28.608,41.05,108.482,0.09,1.32,0.0
ATOM,560.0,HD1,PHE,39.0,26.894,43.999,109.069,0.115,1.3582,0.0
ATOM,561.0,HD2,PHE,39.0,26.258,39.939,108.666,0.115,1.3582,0.46
ATOM,562.0,HE1,PHE,39.0,24.812,44.238,110.175,0.115,1.3582,0.0
ATOM,563.0,HE2,PHE,39.0,24.159,40.15,109.779,0.115,1.3582,11.69
ATOM,564.0,HZ,PHE,39.0,23.424,42.311,110.54,0.115,1.3582,1.66
ATOM,565.0,N,TRP,40.0,31.293,42.257,108.46,-0.47,1.85,0.0
ATOM,566.0,CA,TRP,40.0,32.67,41.859,108.129,0.07,2.275,0.0
ATOM,567.0,C,TRP,40.0,32.92,40.426,108.596,0.51,2.0,0.0
ATOM,568.0,O,TRP,40.0,32.618,40.086,109.745,-0.51,1.7,0.0
ATOM,569.0,CB,TRP,40.0,33.679,42.782,108.823,-0.18,2.175,0.0
ATOM,570.0,CG,TRP,40.0,33.901,44.139,108.15,-0.03,1.9924,0.0
ATOM,571.0,CD1,TRP,40.0,33.479,45.363,108.608,0.035,1.9924,0.0
ATOM,572.0,CD2,TRP,40.0,34.636,44.4,106.939,-0.02,1.8,0.0
ATOM,573.0,NE1,TRP,40.0,33.899,46.352,107.764,-0.61,1.85,0.0
ATOM,574.0,CE2,TRP,40.0,34.611,45.796,106.731,0.13,1.8,0.0
ATOM,575.0,CE3,TRP,40.0,35.32,43.59,106.016,-0.115,1.9924,0.0
ATOM,576.0,CZ2,TRP,40.0,35.254,46.407,105.628,-0.115,1.9924,0.0
ATOM,577.0,CZ3,TRP,40.0,35.958,44.198,104.918,-0.115,1.9924,0.0
ATOM,578.0,CH2,TRP,40.0,35.916,45.59,104.739,-0.115,1.9924,0.0
ATOM,579.0,H,TRP,40.0,30.916,42.227,109.435,0.31,0.2245,0.0
ATOM,580.0,HA,TRP,40.0,32.758,41.874,107.133,0.09,1.32,0.0
ATOM,581.0,HB2,TRP,40.0,33.364,42.976,109.749,0.09,1.32,0.0
ATOM,582.0,HB3,TRP,40.0,34.569,42.333,108.852,0.09,1.32,0.0
ATOM,583.0,HD1,TRP,40.0,32.943,45.504,109.439,0.115,1.3582,0.0
ATOM,584.0,HE1,TRP,40.0,33.719,47.332,107.876,0.38,0.2245,0.0
ATOM,585.0,HE3,TRP,40.0,35.361,42.604,106.126,0.115,1.3582,0.0
ATOM,586.0,HZ2,TRP,40.0,35.215,47.401,105.517,0.115,1.3582,0.0
ATOM,587.0,HZ3,TRP,40.0,36.439,43.625,104.27,0.115,1.3582,0.0
ATOM,588.0,HH2,TRP,40.0,36.379,45.988,103.948,0.115,1.3582,0.0
ATOM,589.0,N,TYR,41.0,33.497,39.605,107.72,-0.47,1.85,0.0
ATOM,590.0,CA,TYR,41.0,33.8,38.198,108.021,0.07,2.275,0.0
ATOM,591.0,C,TYR,41.0,35.303,37.859,107.877,0.51,2.0,0.0
ATOM,592.0,O,TYR,41.0,35.994,38.468,107.052,-0.51,1.7,0.0
ATOM,593.0,CB,TYR,41.0,33.091,37.255,107.015,-0.18,2.175,0.19
ATOM,594.0,CG,TYR,41.0,31.594,37.193,107.077,0.0,1.9924,0.0
ATOM,595.0,CD1,TYR,41.0,30.819,38.121,106.375,-0.115,1.9924,0.01
ATOM,596.0,CD2,TYR,41.0,30.942,36.231,107.875,-0.115,1.9924,0.0
ATOM,597.0,CE1,TYR,41.0,29.428,38.112,106.473,-0.115,1.9924,0.0
ATOM,598.0,CE2,TYR,41.0,29.546,36.206,107.975,-0.115,1.9924,6.14
ATOM,599.0,CZ,TYR,41.0,28.801,37.162,107.274,0.11,1.9924,0.03
ATOM,600.0,OH,TYR,41.0,27.44,37.213,107.401,-0.54,1.77,17.24
ATOM,601.0,H,TYR,41.0,33.718,40.044,106.798,0.31,0.2245,0.0
ATOM,602.0,HA,TYR,41.0,33.536,38.016,108.98,0.09,1.32,0.0
ATOM,603.0,HB2,TYR,41.0,33.363,37.548,106.088,0.09,1.32,0.0
ATOM,604.0,HB3,TYR,41.0,33.457,36.326,107.167,0.09,1.32,0.0
ATOM,605.0,HD1,TYR,41.0,31.266,38.8,105.796,0.115,1.3582,0.0
ATOM,606.0,HD2,TYR,41.0,31.483,35.563,108.371,0.115,1.3582,0.0
ATOM,607.0,HE1,TYR,41.0,28.885,38.783,105.97,0.115,1.3582,0.0
ATOM,608.0,HE2,TYR,41.0,29.092,35.525,108.532,0.115,1.3582,10.48
ATOM,609.0,HH,TYR,41.0,27.066,37.836,106.715,0.43,0.2245,0.39
ATOM,610.0,N,GLN,42.0,35.727,36.793,108.578,-0.47,1.85,0.0
ATOM,611.0,CA,GLN,42.0,37.091,36.215,108.538,0.07,2.275,0.0
ATOM,612.0,C,GLN,42.0,36.96,34.749,108.131,0.51,2.0,0.0
ATOM,613.0,O,GLN,42.0,36.309,33.966,108.817,-0.51,1.7,0.4
ATOM,614.0,CB,GLN,42.0,37.747,36.213,109.921,-0.18,2.175,0.0
ATOM,615.0,CG,GLN,42.0,39.077,35.447,109.968,-0.18,2.175,0.0
ATOM,616.0,CD,GLN,42.0,39.651,35.354,111.364,0.55,2.0,0.0
ATOM,617.0,H,GLN,42.0,34.969,36.376,109.194,0.31,0.2245,0.0
ATOM,618.0,HA,GLN,42.0,37.598,36.689,107.83,0.09,1.32,0.0
ATOM,619.0,HB2,GLN,42.0,37.928,37.155,110.196,0.09,1.32,0.0
ATOM,620.0,HB3,GLN,42.0,37.125,35.784,110.575,0.09,1.32,0.0
ATOM,621.0,HG2,GLN,42.0,38.919,34.524,109.621,0.09,1.32,0.0
ATOM,622.0,HG3,GLN,42.0,39.731,35.919,109.378,0.09,1.32,0.0
ATOM,623.0,OE1,GLN,42.0,40.543,36.109,111.721,-0.55,1.7,1.13
ATOM,624.0,NE2,GLN,42.0,39.118,34.464,112.172,-0.62,1.85,2.6
ATOM,625.0,HE21,GLN,42.0,39.461,34.334,113.123,0.32,0.2245,11.54
ATOM,626.0,HE22,GLN,42.0,38.339,33.89,111.835,0.3,0.2245,2.79
ATOM,627.0,N,GLN,43.0,37.626,34.347,107.068,-0.47,1.85,0.0
ATOM,628.0,CA,GLN,43.0,37.561,32.966,106.637,0.07,2.275,0.0
ATOM,629.0,C,GLN,43.0,38.947,32.336,106.525,0.51,2.0,0.0
ATOM,630.0,O,GLN,43.0,39.724,32.705,105.649,-0.51,1.7,1.97
ATOM,631.0,CB,GLN,43.0,36.874,32.857,105.277,-0.18,2.175,0.0
ATOM,632.0,CG,GLN,43.0,36.705,31.415,104.864,-0.18,2.175,2.26
ATOM,633.0,CD,GLN,43.0,36.103,31.22,103.488,0.55,2.0,1.91
ATOM,634.0,H,GLN,43.0,38.179,35.077,106.586,0.31,0.2245,0.0
ATOM,635.0,HA,GLN,43.0,37.044,32.442,107.331,0.09,1.32,0.0
ATOM,636.0,HB2,GLN,43.0,35.978,33.276,105.337,0.09,1.32,0.0
ATOM,637.0,HB3,GLN,43.0,37.433,33.317,104.599,0.09,1.32,0.0
ATOM,638.0,HG2,GLN,43.0,37.608,30.964,104.881,0.09,1.32,0.8
ATOM,639.0,HG3,GLN,43.0,36.113,30.951,105.538,0.09,1.32,0.0
ATOM,640.0,OE1,GLN,43.0,36.289,32.029,102.576,-0.55,1.7,13.1
ATOM,641.0,NE2,GLN,43.0,35.405,30.104,103.316,-0.62,1.85,12.62
ATOM,642.0,HE21,GLN,43.0,34.955,29.905,102.42,0.32,0.2245,21.53
ATOM,643.0,HE22,GLN,43.0,35.323,29.447,104.087,0.3,0.2245,0.0
ATOM,644.0,N,LYS,44.0,39.244,31.388,107.407,-0.47,1.85,0.0
ATOM,645.0,CA,LYS,44.0,40.512,30.65,107.397,0.07,2.275,0.0
ATOM,646.0,C,LYS,44.0,40.444,29.435,106.463,0.51,2.0,0.5
ATOM,647.0,O,LYS,44.0,39.361,28.928,106.151,-0.51,1.7,0.79
ATOM,648.0,CB,LYS,44.0,40.861,30.192,108.815,-0.18,2.175,1.93
ATOM,649.0,CG,LYS,44.0,41.065,31.353,109.775,-0.18,2.175,0.12
ATOM,650.0,CD,LYS,44.0,41.46,30.922,111.171,-0.18,2.175,6.23
ATOM,651.0,CE,LYS,44.0,41.726,32.153,112.029,0.21,2.175,0.65
ATOM,652.0,NZ,LYS,44.0,41.853,31.859,113.493,-0.3,1.85,13.65
ATOM,653.0,H,LYS,44.0,38.494,31.209,108.116,0.31,0.2245,0.78
ATOM,654.0,HA,LYS,44.0,41.242,31.263,107.072,0.09,1.32,0.0
ATOM,655.0,HB2,LYS,44.0,40.115,29.631,109.154,0.09,1.32,0.0
ATOM,656.0,HB3,LYS,44.0,41.702,29.666,108.774,0.09,1.32,5.94
ATOM,657.0,HG2,LYS,44.0,41.785,31.958,109.405,0.09,1.32,0.0
ATOM,658.0,HG3,LYS,44.0,40.209,31.886,109.828,0.09,1.32,0.12
ATOM,659.0,HD2,LYS,44.0,40.718,30.411,111.576,0.09,1.32,2.03
ATOM,660.0,HD3,LYS,44.0,42.288,30.387,111.126,0.09,1.32,6.87
ATOM,661.0,HE2,LYS,44.0,42.579,32.594,111.711,0.05,1.32,0.0
ATOM,662.0,HE3,LYS,44.0,40.972,32.813,111.895,0.05,1.32,0.0
ATOM,663.0,HZ1,LYS,44.0,41.907,30.871,113.624,0.33,0.2245,15.69
ATOM,664.0,HZ2,LYS,44.0,42.681,32.293,113.842,0.33,0.2245,1.0
ATOM,665.0,HZ3,LYS,44.0,41.054,32.221,113.969,0.33,0.2245,11.33
ATOM,666.0,N,SER,45.0,41.602,28.972,105.995,-0.47,1.85,2.32
ATOM,667.0,CA,SER,45.0,41.639,27.813,105.11,0.07,2.275,1.76
ATOM,668.0,C,SER,45.0,40.836,26.672,105.733,0.51,2.0,0.0
ATOM,669.0,O,SER,45.0,40.952,26.404,106.929,-0.51,1.7,9.07
ATOM,670.0,CB,SER,45.0,43.079,27.331,104.883,0.05,2.175,11.51
ATOM,671.0,OG,SER,45.0,43.752,28.118,103.927,-0.66,1.77,8.81
ATOM,672.0,H,SER,45.0,42.44,29.489,106.304,0.31,0.2245,5.72
ATOM,673.0,HA,SER,45.0,41.198,28.063,104.247,0.09,1.32,7.36
ATOM,674.0,HB2,SER,45.0,43.569,27.378,105.752,0.09,1.32,9.22
ATOM,675.0,HB3,SER,45.0,43.049,26.384,104.566,0.09,1.32,0.0
ATOM,676.0,HG,SER,45.0,43.821,27.615,103.065,0.43,0.2245,7.0
ATOM,677.0,N,HIS,46.0,40.014,26.018,104.916,-0.47,1.85,0.0
ATOM,678.0,CA,HIS,46.0,39.213,24.871,105.35,0.07,2.275,4.64
ATOM,679.0,C,HIS,46.0,38.137,25.169,106.384,0.51,2.0,1.72
ATOM,680.0,O,HIS,46.0,37.763,24.3,107.172,-0.51,1.7,22.34
ATOM,681.0,CB,HIS,46.0,40.133,23.746,105.839,-0.09,2.175,11.99
ATOM,682.0,CG,HIS,46.0,41.256,23.434,104.892,-0.05,1.8,0.8
ATOM,683.0,H,HIS,46.0,39.988,26.391,103.941,0.31,0.2245,11.48
ATOM,684.0,HA,HIS,46.0,38.756,24.476,104.521,0.09,1.32,8.02
ATOM,685.0,HB2,HIS,46.0,40.53,24.01,106.723,0.09,1.32,3.92
ATOM,686.0,HB3,HIS,46.0,39.588,22.912,105.967,0.09,1.32,9.72
ATOM,687.0,ND1,HIS,46.0,41.101,23.438,103.521,-0.36,1.85,6.53
ATOM,688.0,CD2,HIS,46.0,42.552,23.109,105.122,0.22,1.8,16.26
ATOM,689.0,CE1,HIS,46.0,42.25,23.127,102.946,0.25,1.8,24.87
ATOM,690.0,NE2,HIS,46.0,43.145,22.922,103.895,-0.7,1.85,28.13
ATOM,691.0,HD1,HIS,46.0,40.249,23.645,103.039,0.32,0.2245,12.88
ATOM,692.0,HD2,HIS,46.0,42.992,23.021,106.01,0.1,1.468,16.88
ATOM,693.0,HE1,HIS,46.0,42.412,23.058,101.967,0.13,0.9,17.51
ATOM,694.0,N,GLU,47.0,37.616,26.389,106.359,-0.47,1.85,1.72
ATOM,695.0,CA,GLU,47.0,36.567,26.771,107.275,0.07,2.275,2.84
ATOM,696.0,C,GLU,47.0,35.504,27.631,106.582,0.51,2.0,1.66
ATOM,697.0,O,GLU,47.0,35.717,28.147,105.476,-0.51,1.7,5.88
ATOM,698.0,CB,GLU,47.0,37.152,27.549,108.441,-0.18,2.175,1.12
ATOM,699.0,CG,GLU,47.0,38.211,26.811,109.217,-0.28,2.175,6.42
ATOM,700.0,CD,GLU,47.0,38.506,27.459,110.557,0.62,2.0,2.16
ATOM,701.0,OE1,GLU,47.0,38.315,28.675,110.718,-0.76,1.7,7.34
ATOM,702.0,OE2,GLU,47.0,38.934,26.743,111.466,-0.76,1.7,44.86
ATOM,703.0,H,GLU,47.0,38.02,27.021,105.643,0.31,0.2245,1.61
ATOM,704.0,HA,GLU,47.0,36.124,25.948,107.658,0.09,1.32,5.68
ATOM,705.0,HB2,GLU,47.0,37.562,28.372,108.077,0.09,1.32,0.0
ATOM,706.0,HB3,GLU,47.0,36.414,27.76,109.063,0.09,1.32,3.56
ATOM,707.0,HG2,GLU,47.0,37.892,25.899,109.396,0.09,1.32,5.4
ATOM,708.0,HG3,GLU,47.0,39.046,26.818,108.698,0.09,1.32,0.0
ATOM,709.0,N,SER,48.0,34.346,27.753,107.227,-0.47,1.85,2.8
ATOM,710.0,CA,SER,48.0,33.244,28.578,106.73,0.07,2.275,4.68
ATOM,711.0,C,SER,48.0,33.567,29.982,107.23,0.51,2.0,0.0
ATOM,712.0,O,SER,48.0,34.366,30.125,108.169,-0.51,1.7,2.62
ATOM,713.0,CB,SER,48.0,31.939,28.127,107.391,0.05,2.175,25.24
ATOM,714.0,OG,SER,48.0,31.99,28.352,108.795,-0.66,1.77,24.73
ATOM,715.0,H,SER,48.0,34.29,27.21,108.118,0.31,0.2245,6.21
ATOM,716.0,HA,SER,48.0,33.282,28.586,105.749,0.09,1.32,2.98
ATOM,717.0,HB2,SER,48.0,31.187,28.649,107.008,0.09,1.32,5.53
ATOM,718.0,HB3,SER,48.0,31.814,27.157,107.225,0.09,1.32,10.96
ATOM,719.0,HG,SER,48.0,31.981,29.334,108.973,0.43,0.2245,2.98
ATOM,720.0,N,PRO,49.0,33.002,31.038,106.601,-0.29,1.85,0.0
ATOM,721.0,CA,PRO,49.0,33.318,32.376,107.113,0.02,2.275,0.0
ATOM,722.0,C,PRO,49.0,32.901,32.503,108.581,0.51,2.0,0.0
ATOM,723.0,O,PRO,49.0,32.076,31.73,109.076,-0.51,1.7,12.73
ATOM,724.0,CB,PRO,49.0,32.482,33.28,106.23,-0.18,2.175,1.05
ATOM,725.0,CG,PRO,49.0,32.471,32.566,104.931,-0.18,2.175,12.14
ATOM,726.0,CD,PRO,49.0,32.238,31.132,105.346,0.0,2.175,12.23
ATOM,727.0,HA,PRO,49.0,34.295,32.58,107.003,0.09,1.32,0.0
ATOM,728.0,HB2,PRO,49.0,31.555,33.379,106.595,0.09,1.32,3.13
ATOM,729.0,HB3,PRO,49.0,32.902,34.183,106.142,0.09,1.32,0.0
ATOM,730.0,HG2,PRO,49.0,31.731,32.889,104.35,0.09,1.32,7.34
ATOM,731.0,HG3,PRO,49.0,33.344,32.659,104.463,0.09,1.32,0.0
ATOM,732.0,HD2,PRO,49.0,31.272,30.954,105.507,0.09,1.32,8.95
ATOM,733.0,HD3,PRO,49.0,32.595,30.495,104.667,0.09,1.32,2.2
ATOM,734.0,N,ARG,50.0,33.497,33.458,109.278,-0.47,1.85,0.0
ATOM,735.0,CA,ARG,50.0,33.189,33.69,110.676,0.07,2.275,0.01
ATOM,736.0,C,ARG,50.0,32.92,35.181,110.829,0.51,2.0,0.0
ATOM,737.0,O,ARG,50.0,33.764,36.012,110.479,-0.51,1.7,0.0
ATOM,738.0,CB,ARG,50.0,34.373,33.247,111.555,-0.18,2.175,3.09
ATOM,739.0,CG,ARG,50.0,34.419,33.851,112.956,-0.18,2.175,0.31
ATOM,740.0,CD,ARG,50.0,33.878,32.913,114.004,0.2,2.175,14.64
ATOM,741.0,NE,ARG,50.0,34.933,32.256,114.782,-0.7,1.85,4.59
ATOM,742.0,CZ,ARG,50.0,35.254,30.965,114.688,0.64,2.0,2.85
ATOM,743.0,NH1,ARG,50.0,34.644,30.174,113.809,-0.8,1.85,18.54
ATOM,744.0,NH2,ARG,50.0,36.215,30.468,115.451,-0.8,1.85,25.51
ATOM,745.0,H,ARG,50.0,34.194,34.018,108.743,0.31,0.2245,0.0
ATOM,746.0,HA,ARG,50.0,32.366,33.191,110.919,0.09,1.32,2.6
ATOM,747.0,HB2,ARG,50.0,34.331,32.251,111.649,0.09,1.32,0.08
ATOM,748.0,HB3,ARG,50.0,35.219,33.499,111.083,0.09,1.32,0.0
ATOM,749.0,HG2,ARG,50.0,35.368,34.072,113.186,0.09,1.32,0.72
ATOM,750.0,HG3,ARG,50.0,33.872,34.69,112.968,0.09,1.32,0.0
ATOM,751.0,HD2,ARG,50.0,33.295,33.436,114.627,0.09,1.32,6.34
ATOM,752.0,HD3,ARG,50.0,33.329,32.211,113.547,0.09,1.32,2.47
ATOM,753.0,HE,ARG,50.0,35.453,32.821,115.435,0.44,0.2245,11.24
ATOM,754.0,HH11,ARG,50.0,33.951,30.541,113.193,0.46,0.2245,5.05
ATOM,755.0,HH12,ARG,50.0,34.885,29.201,113.765,0.46,0.2245,15.64
ATOM,756.0,HH21,ARG,50.0,36.711,31.069,116.083,0.46,0.2245,18.18
ATOM,757.0,HH22,ARG,50.0,36.449,29.498,115.4,0.46,0.2245,18.12
ATOM,758.0,N,LEU,51.0,31.721,35.514,111.296,-0.47,1.85,0.0
ATOM,759.0,CA,LEU,51.0,31.324,36.912,111.485,0.07,2.275,0.0
ATOM,760.0,C,LEU,51.0,32.175,37.623,112.561,0.51,2.0,0.0
ATOM,761.0,O,LEU,51.0,32.41,37.063,113.635,-0.51,1.7,1.75
ATOM,762.0,CB,LEU,51.0,29.818,36.989,111.825,-0.18,2.175,4.88
ATOM,763.0,CG,LEU,51.0,29.098,38.327,111.731,-0.09,2.275,0.0
ATOM,764.0,CD1,LEU,51.0,29.244,38.974,110.36,-0.27,2.06,0.0
ATOM,765.0,CD2,LEU,51.0,27.649,38.096,112.061,-0.27,2.06,10.61
ATOM,766.0,H,LEU,51.0,31.098,34.712,111.513,0.31,0.2245,8.4
ATOM,767.0,HA,LEU,51.0,31.452,37.405,110.614,0.09,1.32,0.0
ATOM,768.0,HB2,LEU,51.0,29.343,36.345,111.208,0.09,1.32,2.07
ATOM,769.0,HB3,LEU,51.0,29.711,36.652,112.77,0.09,1.32,4.44
ATOM,770.0,HG,LEU,51.0,29.471,38.95,112.431,0.09,1.32,0.0
ATOM,771.0,HD11,LEU,51.0,28.86,38.369,109.663,0.09,1.32,0.0
ATOM,772.0,HD12,LEU,51.0,28.756,39.847,110.349,0.09,1.32,0.0
ATOM,773.0,HD13,LEU,51.0,30.213,39.132,110.167,0.09,1.32,0.0
ATOM,774.0,HD21,LEU,51.0,27.563,37.724,112.989,0.09,1.32,3.93
ATOM,775.0,HD22,LEU,51.0,27.143,38.961,112.008,0.09,1.32,0.0
ATOM,776.0,HD23,LEU,51.0,27.248,37.444,111.411,0.09,1.32,6.25
ATOM,777.0,N,LEU,52.0,32.642,38.841,112.263,-0.47,1.85,0.0
ATOM,778.0,CA,LEU,52.0,33.46,39.599,113.215,0.07,2.275,0.0
ATOM,779.0,C,LEU,52.0,32.781,40.869,113.678,0.51,2.0,0.0
ATOM,780.0,O,LEU,52.0,32.761,41.179,114.866,-0.51,1.7,0.0
ATOM,781.0,CB,LEU,52.0,34.818,40.01,112.598,-0.18,2.175,0.0
ATOM,782.0,CG,LEU,52.0,35.813,39.0,112.015,-0.09,2.275,0.0
ATOM,783.0,CD1,LEU,52.0,36.804,39.721,111.102,-0.27,2.06,0.0
ATOM,784.0,CD2,LEU,52.0,36.512,38.241,113.119,-0.27,2.06,3.51
ATOM,785.0,H,LEU,52.0,32.381,39.191,111.326,0.31,0.2245,0.0
ATOM,786.0,HA,LEU,52.0,33.631,39.01,114.021,0.09,1.32,0.0
ATOM,787.0,HB2,LEU,52.0,34.611,40.685,111.853,0.09,1.32,0.0
ATOM,788.0,HB3,LEU,52.0,35.321,40.54,113.317,0.09,1.32,0.0
ATOM,789.0,HG,LEU,52.0,35.314,38.32,111.488,0.09,1.32,0.0
ATOM,790.0,HD11,LEU,52.0,37.3,40.409,111.63,0.09,1.32,0.0
ATOM,791.0,HD12,LEU,52.0,37.45,39.058,110.725,0.09,1.32,0.0
ATOM,792.0,HD13,LEU,52.0,36.306,40.164,110.358,0.09,1.32,0.0
ATOM,793.0,HD21,LEU,52.0,35.837,37.745,113.671,0.09,1.32,0.0
ATOM,794.0,HD22,LEU,52.0,37.159,37.585,112.724,0.09,1.32,0.0
ATOM,795.0,HD23,LEU,52.0,37.011,38.88,113.708,0.09,1.32,0.0
ATOM,796.0,N,ILE,53.0,32.238,41.611,112.725,-0.47,1.85,0.0
ATOM,797.0,CA,ILE,53.0,31.62,42.901,113.004,0.07,2.275,0.0
ATOM,798.0,C,ILE,53.0,30.244,42.971,112.37,0.51,2.0,0.0
ATOM,799.0,O,ILE,53.0,30.058,42.52,111.249,-0.51,1.7,0.0
ATOM,800.0,CB,ILE,53.0,32.473,44.089,112.382,-0.09,2.275,0.0
ATOM,801.0,CG1,ILE,53.0,33.891,44.136,112.965,-0.18,2.175,0.0
ATOM,802.0,CG2,ILE,53.0,31.787,45.439,112.591,-0.27,2.06,0.0
ATOM,803.0,CD1,ILE,53.0,33.949,44.462,114.439,-0.27,2.06,0.61
ATOM,804.0,H,ILE,53.0,32.29,41.199,111.769,0.31,0.2245,0.0
ATOM,805.0,HA,ILE,53.0,31.484,42.939,113.997,0.09,1.32,0.0
ATOM,806.0,HB,ILE,53.0,32.536,43.915,111.405,0.09,1.32,0.0
ATOM,807.0,HG12,ILE,53.0,34.323,43.246,112.81,0.09,1.32,0.0
ATOM,808.0,HG13,ILE,53.0,34.41,44.829,112.461,0.09,1.32,0.0
ATOM,809.0,HG21,ILE,53.0,32.312,46.151,112.131,0.09,1.32,0.0
ATOM,810.0,HG22,ILE,53.0,30.866,45.404,112.21,0.09,1.32,0.0
ATOM,811.0,HG23,ILE,53.0,31.739,45.637,113.567,0.09,1.32,0.0
ATOM,812.0,HD11,ILE,53.0,33.445,43.769,114.953,0.09,1.32,0.0
ATOM,813.0,HD12,ILE,53.0,34.902,44.473,114.74,0.09,1.32,0.0
ATOM,814.0,HD13,ILE,53.0,33.538,45.359,114.597,0.09,1.32,0.0
ATOM,815.0,N,LYS,54.0,29.284,43.547,113.089,-0.47,1.85,0.0
ATOM,816.0,CA,LYS,54.0,27.946,43.717,112.554,0.07,2.275,0.0
ATOM,817.0,C,LYS,54.0,27.601,45.204,112.572,0.51,2.0,0.0
ATOM,818.0,O,LYS,54.0,28.132,45.966,113.397,-0.51,1.7,0.0
ATOM,819.0,CB,LYS,54.0,26.932,42.938,113.387,-0.18,2.175,0.0
ATOM,820.0,CG,LYS,54.0,27.179,41.449,113.379,-0.18,2.175,0.0
ATOM,821.0,CD,LYS,54.0,26.112,40.679,114.179,-0.18,2.175,3.86
ATOM,822.0,CE,LYS,54.0,24.848,40.4,113.36,0.21,2.175,0.5
ATOM,823.0,NZ,LYS,54.0,23.933,39.481,114.109,-0.3,1.85,12.56
ATOM,824.0,H,LYS,54.0,29.572,43.853,114.036,0.31,0.2245,0.0
ATOM,825.0,HA,LYS,54.0,27.924,43.396,111.609,0.09,1.32,0.0
ATOM,826.0,HB2,LYS,54.0,26.985,43.264,114.326,0.09,1.32,0.71
ATOM,827.0,HB3,LYS,54.0,26.025,43.113,113.014,0.09,1.32,0.0
ATOM,828.0,HG2,LYS,54.0,27.165,41.111,112.435,0.09,1.32,0.0
ATOM,829.0,HG3,LYS,54.0,28.074,41.254,113.784,0.09,1.32,0.0
ATOM,830.0,HD2,LYS,54.0,26.501,39.808,114.468,0.09,1.32,1.47
ATOM,831.0,HD3,LYS,54.0,25.86,41.222,114.975,0.09,1.32,3.88
ATOM,832.0,HE2,LYS,54.0,24.379,41.261,113.188,0.05,1.32,0.0
ATOM,833.0,HE3,LYS,54.0,25.109,39.973,112.499,0.05,1.32,0.07
ATOM,834.0,HZ1,LYS,54.0,24.261,38.543,114.013,0.33,0.2245,14.73
ATOM,835.0,HZ2,LYS,54.0,23.927,39.74,115.073,0.33,0.2245,15.47
ATOM,836.0,HZ3,LYS,54.0,23.012,39.558,113.732,0.33,0.2245,16.42
ATOM,837.0,N,TYR,55.0,26.776,45.628,111.616,-0.47,1.85,0.0
ATOM,838.0,CA,TYR,55.0,26.314,47.012,111.554,0.07,2.275,0.0
ATOM,839.0,C,TYR,55.0,27.476,47.994,111.51,0.51,2.0,0.0
ATOM,840.0,O,TYR,55.0,27.515,48.938,112.29,-0.51,1.7,7.64
ATOM,841.0,CB,TYR,55.0,25.4,47.317,112.762,-0.18,2.175,8.48
ATOM,842.0,CG,TYR,55.0,24.308,46.256,113.003,0.0,1.9924,0.69
ATOM,843.0,CD1,TYR,55.0,23.316,45.983,112.039,-0.115,1.9924,3.25
ATOM,844.0,CD2,TYR,55.0,24.298,45.5,114.175,-0.115,1.9924,2.99
ATOM,845.0,CE1,TYR,55.0,22.356,44.981,112.249,-0.115,1.9924,4.72
ATOM,846.0,CE2,TYR,55.0,23.355,44.508,114.388,-0.115,1.9924,7.23
ATOM,847.0,CZ,TYR,55.0,22.392,44.259,113.428,0.11,1.9924,1.71
ATOM,848.0,OH,TYR,55.0,21.466,43.283,113.665,-0.54,1.77,20.92
ATOM,849.0,H,TYR,55.0,26.495,44.9,110.93,0.31,0.2245,0.0
ATOM,850.0,HA,TYR,55.0,25.773,47.126,110.708,0.09,1.32,0.0
ATOM,851.0,HB2,TYR,55.0,25.964,47.362,113.577,0.09,1.32,0.0
ATOM,852.0,HB3,TYR,55.0,24.947,48.185,112.6,0.09,1.32,5.55
ATOM,853.0,HD1,TYR,55.0,23.295,46.511,111.194,0.115,1.3582,0.0
ATOM,854.0,HD2,TYR,55.0,24.99,45.68,114.876,0.115,1.3582,0.0
ATOM,855.0,HE1,TYR,55.0,21.666,44.799,111.557,0.115,1.3582,0.0
ATOM,856.0,HE2,TYR,55.0,23.37,43.973,115.235,0.115,1.3582,7.57
ATOM,857.0,HH,TYR,55.0,20.72,43.364,113.004,0.43,0.2245,16.64
ATOM,858.0,N,ALA,56.0,28.454,47.699,110.649,-0.47,1.85,0.0
ATOM,859.0,CA,ALA,56.0,29.648,48.521,110.414,0.07,2.275,0.0
ATOM,860.0,C,ALA,56.0,30.717,48.641,111.497,0.51,2.0,0.0
ATOM,861.0,O,ALA,56.0,31.904,48.642,111.192,-0.51,1.7,0.0
ATOM,862.0,CB,ALA,56.0,29.244,49.901,109.93,-0.27,2.06,4.85
ATOM,863.0,H,ALA,56.0,28.292,46.789,110.13,0.31,0.2245,0.0
ATOM,864.0,HA,ALA,56.0,30.11,48.164,109.547,0.09,1.32,0.0
ATOM,865.0,HB1,ALA,56.0,28.59,49.816,109.177,0.09,1.32,0.0
ATOM,866.0,HB2,ALA,56.0,28.82,50.41,110.68,0.09,1.32,4.25
ATOM,867.0,HB3,ALA,56.0,30.053,50.396,109.611,0.09,1.32,0.0
ATOM,868.0,N,SER,57.0,30.323,48.686,112.756,-0.47,1.85,0.0
ATOM,869.0,CA,SER,57.0,31.308,48.84,113.819,0.07,2.275,0.0
ATOM,870.0,C,SER,57.0,30.934,48.166,115.126,0.51,2.0,0.0
ATOM,871.0,O,SER,57.0,31.693,48.218,116.096,-0.51,1.7,14.97
ATOM,872.0,CB,SER,57.0,31.533,50.328,114.084,0.05,2.175,11.91
ATOM,873.0,OG,SER,57.0,30.377,50.922,114.662,-0.66,1.77,27.03
ATOM,874.0,H,SER,57.0,29.311,48.607,112.915,0.31,0.2245,0.0
ATOM,875.0,HA,SER,57.0,32.183,48.426,113.494,0.09,1.32,0.0
ATOM,876.0,HB2,SER,57.0,32.297,50.432,114.712,0.09,1.32,5.29
ATOM,877.0,HB3,SER,57.0,31.731,50.783,113.222,0.09,1.32,0.93
ATOM,878.0,HG,SER,57.0,29.56,50.546,114.229,0.43,0.2245,6.9
ATOM,879.0,N,GLN,58.0,29.744,47.584,115.187,-0.47,1.85,0.0
ATOM,880.0,CA,GLN,58.0,29.34,46.931,116.41,0.07,2.275,1.59
ATOM,881.0,C,GLN,58.0,30.053,45.583,116.561,0.51,2.0,0.0
ATOM,882.0,O,GLN,58.0,29.886,44.663,115.75,-0.51,1.7,0.39
ATOM,883.0,CB,GLN,58.0,27.823,46.754,116.471,-0.18,2.175,1.63
ATOM,884.0,CG,GLN,58.0,27.347,46.438,117.891,-0.18,2.175,10.86
ATOM,885.0,CD,GLN,58.0,25.89,46.005,117.972,0.55,2.0,1.92
ATOM,886.0,H,GLN,58.0,29.176,47.639,114.336,0.31,0.2245,0.0
ATOM,887.0,HA,GLN,58.0,29.619,47.506,117.187,0.09,1.32,4.32
ATOM,888.0,HB2,GLN,58.0,27.386,47.595,116.181,0.09,1.32,3.98
ATOM,889.0,HB3,GLN,58.0,27.561,45.999,115.884,0.09,1.32,0.0
ATOM,890.0,HG2,GLN,58.0,27.919,45.701,118.261,0.09,1.32,0.0
ATOM,891.0,HG3,GLN,58.0,27.468,47.258,118.456,0.09,1.32,9.76
ATOM,892.0,OE1,GLN,58.0,25.588,44.804,118.021,-0.55,1.7,25.54
ATOM,893.0,NE2,GLN,58.0,24.98,46.983,118.001,-0.62,1.85,19.4
ATOM,894.0,HE21,GLN,58.0,23.992,46.768,118.041,0.32,0.2245,18.25
ATOM,895.0,HE22,GLN,58.0,25.302,47.948,117.983,0.3,0.2245,15.85
ATOM,896.0,N,SER,59.0,30.817,45.467,117.637,-0.47,1.85,0.0
ATOM,897.0,CA,SER,59.0,31.582,44.264,117.923,0.07,2.275,0.0
ATOM,898.0,C,SER,59.0,30.781,43.07,118.446,0.51,2.0,0.1
ATOM,899.0,O,SER,59.0,29.917,43.206,119.308,-0.51,1.7,17.07
ATOM,900.0,CB,SER,59.0,32.692,44.595,118.924,0.05,2.175,17.31
ATOM,901.0,OG,SER,59.0,32.158,45.225,120.08,-0.66,1.77,25.28
ATOM,902.0,H,SER,59.0,30.822,46.308,118.257,0.31,0.2245,1.38
ATOM,903.0,HA,SER,59.0,32.039,43.968,117.053,0.09,1.32,0.0
ATOM,904.0,HB2,SER,59.0,33.143,43.751,119.195,0.09,1.32,2.07
ATOM,905.0,HB3,SER,59.0,33.341,45.211,118.491,0.09,1.32,5.29
ATOM,906.0,HG,SER,59.0,31.71,46.077,119.816,0.43,0.2245,13.77
ATOM,907.0,N,ILE,60.0,31.1,41.895,117.932,-0.47,1.85,0.0
ATOM,908.0,CA,ILE,60.0,30.454,40.675,118.355,0.07,2.275,0.31
ATOM,909.0,C,ILE,60.0,31.159,40.247,119.637,0.51,2.0,0.0
ATOM,910.0,O,ILE,60.0,32.287,40.656,119.889,-0.51,1.7,4.69
ATOM,911.0,CB,ILE,60.0,30.613,39.617,117.257,-0.09,2.275,0.0
ATOM,912.0,CG1,ILE,60.0,29.7,39.961,116.085,-0.18,2.175,1.0
ATOM,913.0,CG2,ILE,60.0,30.353,38.219,117.777,-0.27,2.06,12.83
ATOM,914.0,CD1,ILE,60.0,29.72,38.943,115.013,-0.27,2.06,1.52
ATOM,915.0,H,ILE,60.0,31.849,41.928,117.205,0.31,0.2245,0.0
ATOM,916.0,HA,ILE,60.0,29.529,40.914,118.611,0.09,1.32,5.29
ATOM,917.0,HB,ILE,60.0,31.551,39.644,116.936,0.09,1.32,0.0
ATOM,918.0,HG12,ILE,60.0,28.77,40.065,116.438,0.09,1.32,3.8
ATOM,919.0,HG13,ILE,60.0,29.996,40.843,115.715,0.09,1.32,0.0
ATOM,920.0,HG21,ILE,60.0,30.514,37.553,117.049,0.09,1.32,3.02
ATOM,921.0,HG22,ILE,60.0,30.966,38.024,118.543,0.09,1.32,0.0
ATOM,922.0,HG23,ILE,60.0,29.405,38.145,118.087,0.09,1.32,7.82
ATOM,923.0,HD11,ILE,60.0,29.419,38.054,115.371,0.09,1.32,4.55
ATOM,924.0,HD12,ILE,60.0,29.105,39.212,114.265,0.09,1.32,0.0
ATOM,925.0,HD13,ILE,60.0,30.65,38.843,114.645,0.09,1.32,0.0
ATOM,926.0,N,SER,61.0,30.501,39.442,120.457,-0.47,1.85,1.25
ATOM,927.0,CA,SER,61.0,31.096,38.972,121.702,0.07,2.275,1.78
ATOM,928.0,C,SER,61.0,31.973,37.739,121.426,0.51,2.0,0.34
ATOM,929.0,O,SER,61.0,31.532,36.77,120.797,-0.51,1.7,17.25
ATOM,930.0,CB,SER,61.0,30.002,38.649,122.725,0.05,2.175,25.47
ATOM,931.0,OG,SER,61.0,30.295,39.217,123.998,-0.66,1.77,31.42
ATOM,932.0,H,SER,61.0,29.547,39.18,120.144,0.31,0.2245,6.11
ATOM,933.0,HA,SER,61.0,31.691,39.692,122.06,0.09,1.32,3.13
ATOM,934.0,HB2,SER,61.0,29.137,39.02,122.399,0.09,1.32,8.38
ATOM,935.0,HB3,SER,61.0,29.935,37.66,122.822,0.09,1.32,8.07
ATOM,936.0,HG,SER,61.0,31.255,39.489,124.025,0.43,0.2245,15.3
ATOM,937.0,N,GLY,62.0,33.221,37.797,121.891,-0.47,1.85,1.95
ATOM,938.0,CA,GLY,62.0,34.157,36.71,121.664,-0.02,2.175,21.12
ATOM,939.0,C,GLY,62.0,35.237,37.047,120.637,0.51,2.0,1.15
ATOM,940.0,O,GLY,62.0,36.166,36.254,120.437,-0.51,1.7,26.36
ATOM,941.0,H,GLY,62.0,33.452,38.661,122.412,0.31,0.2245,8.55
ATOM,942.0,HA2,GLY,62.0,34.605,36.46,122.542,0.09,1.32,12.42
ATOM,943.0,HA3,GLY,62.0,33.65,35.887,121.349,0.09,1.32,7.69
ATOM,944.0,N,ILE,63.0,35.091,38.171,119.931,-0.47,1.85,0.0
ATOM,945.0,CA,ILE,63.0,36.091,38.582,118.953,0.07,2.275,0.0
ATOM,946.0,C,ILE,63.0,37.046,39.499,119.7,0.51,2.0,0.2
ATOM,947.0,O,ILE,63.0,36.625,40.274,120.557,-0.51,1.7,17.17
ATOM,948.0,CB,ILE,63.0,35.456,39.309,117.724,-0.09,2.275,0.0
ATOM,949.0,CG1,ILE,63.0,34.982,38.288,116.695,-0.18,2.175,0.22
ATOM,950.0,CG2,ILE,63.0,36.467,40.209,117.025,-0.27,2.06,1.29
ATOM,951.0,CD1,ILE,63.0,33.987,37.301,117.202,-0.27,2.06,10.46
ATOM,952.0,H,ILE,63.0,34.23,38.706,120.136,0.31,0.2245,0.0
ATOM,953.0,HA,ILE,63.0,36.602,37.771,118.718,0.09,1.32,0.33
ATOM,954.0,HB,ILE,63.0,34.669,39.814,118.054,0.09,1.32,0.0
ATOM,955.0,HG12,ILE,63.0,34.587,38.79,115.917,0.09,1.32,0.0
ATOM,956.0,HG13,ILE,63.0,35.792,37.794,116.355,0.09,1.32,2.95
ATOM,957.0,HG21,ILE,63.0,36.029,40.664,116.252,0.09,1.32,0.0
ATOM,958.0,HG22,ILE,63.0,36.803,40.895,117.668,0.09,1.32,0.18
ATOM,959.0,HG23,ILE,63.0,37.232,39.658,116.696,0.09,1.32,0.0
ATOM,960.0,HD11,ILE,63.0,33.167,37.778,117.527,0.09,1.32,0.0
ATOM,961.0,HD12,ILE,63.0,33.728,36.668,116.468,0.09,1.32,0.18
ATOM,962.0,HD13,ILE,63.0,34.381,36.776,117.961,0.09,1.32,0.65
ATOM,963.0,N,PRO,64.0,38.357,39.344,119.467,-0.29,1.85,0.24
ATOM,964.0,CA,PRO,64.0,39.376,40.169,120.13,0.02,2.275,1.0
ATOM,965.0,C,PRO,64.0,39.171,41.648,119.865,0.51,2.0,0.0
ATOM,966.0,O,PRO,64.0,38.644,42.015,118.814,-0.51,1.7,1.53
ATOM,967.0,CB,PRO,64.0,40.673,39.687,119.489,-0.18,2.175,2.61
ATOM,968.0,CG,PRO,64.0,40.381,38.238,119.204,-0.18,2.175,11.95
ATOM,969.0,CD,PRO,64.0,38.978,38.28,118.655,0.0,2.175,8.27
ATOM,970.0,HA,PRO,64.0,39.392,39.978,121.124,0.09,1.32,9.23
ATOM,971.0,HB2,PRO,64.0,40.861,40.181,118.646,0.09,1.32,0.0
ATOM,972.0,HB3,PRO,64.0,41.438,39.775,120.118,0.09,1.32,4.79
ATOM,973.0,HG2,PRO,64.0,41.019,37.881,118.531,0.09,1.32,0.46
ATOM,974.0,HG3,PRO,64.0,40.423,37.705,120.041,0.09,1.32,10.97
ATOM,975.0,HD2,PRO,64.0,38.971,38.526,117.691,0.09,1.32,0.0
ATOM,976.0,HD3,PRO,64.0,38.506,37.413,118.792,0.09,1.32,3.18
ATOM,977.0,N,SER,65.0,39.629,42.482,120.802,-0.47,1.85,1.83
ATOM,978.0,CA,SER,65.0,39.538,43.951,120.698,0.07,2.275,3.71
ATOM,979.0,C,SER,65.0,40.372,44.478,119.515,0.51,2.0,0.0
ATOM,980.0,O,SER,65.0,40.261,45.634,119.098,-0.51,1.7,9.93
ATOM,981.0,CB,SER,65.0,40.025,44.601,122.006,0.05,2.175,25.62
ATOM,982.0,OG,SER,65.0,41.379,44.25,122.301,-0.66,1.77,24.59
ATOM,983.0,H,SER,65.0,40.063,42.004,121.626,0.31,0.2245,7.9
ATOM,984.0,HA,SER,65.0,38.578,44.19,120.526,0.09,1.32,9.27
ATOM,985.0,HB2,SER,65.0,39.963,45.591,121.914,0.09,1.32,9.18
ATOM,986.0,HB3,SER,65.0,39.443,44.29,122.753,0.09,1.32,11.09
ATOM,987.0,HG,SER,65.0,41.986,44.735,121.676,0.43,0.2245,11.19
ATOM,988.0,N,ARG,66.0,41.245,43.601,119.036,-0.47,1.85,0.21
ATOM,989.0,CA,ARG,66.0,42.143,43.812,117.916,0.07,2.275,0.99
ATOM,990.0,C,ARG,66.0,41.388,44.329,116.683,0.51,2.0,0.0
ATOM,991.0,O,ARG,66.0,41.887,45.179,115.934,-0.51,1.7,0.0
ATOM,992.0,CB,ARG,66.0,42.703,42.436,117.587,-0.18,2.175,0.37
ATOM,993.0,CG,ARG,66.0,44.11,42.386,117.227,-0.18,2.175,1.11
ATOM,994.0,CD,ARG,66.0,44.692,41.138,117.806,0.2,2.175,7.06
ATOM,995.0,NE,ARG,66.0,44.418,39.916,117.053,-0.7,1.85,0.0
ATOM,996.0,CZ,ARG,66.0,44.093,38.767,117.64,0.64,2.0,0.0
ATOM,997.0,NH1,ARG,66.0,43.915,38.732,118.945,-0.8,1.85,4.61
ATOM,998.0,NH2,ARG,66.0,43.884,37.673,116.929,-0.8,1.85,1.86
ATOM,999.0,H,ARG,66.0,41.231,42.674,119.574,0.31,0.2245,0.61
ATOM,1000.0,HA,ARG,66.0,42.836,44.499,118.172,0.09,1.32,0.0
ATOM,1001.0,HB2,ARG,66.0,42.541,41.848,118.396,0.09,1.32,0.0
ATOM,1002.0,HB3,ARG,66.0,42.148,42.063,116.826,0.09,1.32,0.0
ATOM,1003.0,HG2,ARG,66.0,44.225,42.35,116.241,0.09,1.32,0.0
ATOM,1004.0,HG3,ARG,66.0,44.603,43.159,117.608,0.09,1.32,0.1
ATOM,1005.0,HD2,ARG,66.0,45.695,41.254,117.876,0.09,1.32,0.36
ATOM,1006.0,HD3,ARG,66.0,44.333,41.023,118.746,0.09,1.32,2.46
ATOM,1007.0,HE,ARG,66.0,44.477,39.945,116.06,0.44,0.2245,0.0
ATOM,1008.0,HH11,ARG,66.0,43.996,39.546,119.512,0.46,0.2245,6.74
ATOM,1009.0,HH12,ARG,66.0,43.687,37.851,119.393,0.46,0.2245,8.48
ATOM,1010.0,HH21,ARG,66.0,43.955,37.723,115.925,0.46,0.2245,0.0
ATOM,1011.0,HH22,ARG,66.0,43.659,36.812,117.372,0.46,0.2245,2.45
ATOM,1012.0,N,PHE,67.0,40.213,43.741,116.458,-0.47,1.85,0.0
ATOM,1013.0,CA,PHE,67.0,39.36,44.055,115.318,0.07,2.275,0.0
ATOM,1014.0,C,PHE,67.0,38.401,45.22,115.533,0.51,2.0,0.0
ATOM,1015.0,O,PHE,67.0,37.656,45.249,116.516,-0.51,1.7,7.31
ATOM,1016.0,CB,PHE,67.0,38.565,42.805,114.93,-0.18,2.175,0.0
ATOM,1017.0,CG,PHE,67.0,39.422,41.601,114.695,0.0,1.9924,0.0
ATOM,1018.0,CD1,PHE,67.0,39.869,40.834,115.759,-0.115,1.9924,0.0
ATOM,1019.0,CD2,PHE,67.0,39.807,41.245,113.408,-0.115,1.9924,0.0
ATOM,1020.0,CE1,PHE,67.0,40.691,39.725,115.549,-0.115,1.9924,1.47
ATOM,1021.0,CE2,PHE,67.0,40.626,40.135,113.187,-0.115,1.9924,0.0
ATOM,1022.0,CZ,PHE,67.0,41.067,39.381,114.273,-0.115,1.9924,2.38
ATOM,1023.0,H,PHE,67.0,39.952,43.024,117.181,0.31,0.2245,0.0
ATOM,1024.0,HA,PHE,67.0,39.98,44.325,114.552,0.09,1.32,0.0
ATOM,1025.0,HB2,PHE,67.0,37.943,42.603,115.671,0.09,1.32,0.0
ATOM,1026.0,HB3,PHE,67.0,38.078,43.006,114.094,0.09,1.32,0.0
ATOM,1027.0,HD1,PHE,67.0,39.604,41.069,116.69,0.115,1.3582,0.0
ATOM,1028.0,HD2,PHE,67.0,39.495,41.787,112.629,0.115,1.3582,0.0
ATOM,1029.0,HE1,PHE,67.0,41.001,39.188,116.344,0.115,1.3582,0.0
ATOM,1030.0,HE2,PHE,67.0,40.893,39.888,112.248,0.115,1.3582,0.0
ATOM,1031.0,HZ,PHE,67.0,41.659,38.587,114.118,0.115,1.3582,0.54
ATOM,1032.0,N,SER,68.0,38.389,46.157,114.586,-0.47,1.85,0.0
ATOM,1033.0,CA,SER,68.0,37.49,47.307,114.65,0.07,2.275,0.0
ATOM,1034.0,C,SER,68.0,36.961,47.724,113.272,0.51,2.0,0.34
ATOM,1035.0,O,SER,68.0,37.64,47.566,112.25,-0.51,1.7,0.48
ATOM,1036.0,CB,SER,68.0,38.155,48.487,115.385,0.05,2.175,23.72
ATOM,1037.0,OG,SER,68.0,39.474,48.718,114.918,-0.66,1.77,12.4
ATOM,1038.0,H,SER,68.0,39.063,46.001,113.811,0.31,0.2245,0.0
ATOM,1039.0,HA,SER,68.0,36.693,47.05,115.219,0.09,1.32,2.36
ATOM,1040.0,HB2,SER,68.0,37.606,49.305,115.232,0.09,1.32,6.12
ATOM,1041.0,HB3,SER,68.0,38.186,48.275,116.359,0.09,1.32,6.22
ATOM,1042.0,HG,SER,68.0,39.748,47.972,114.312,0.43,0.2245,0.0
ATOM,1043.0,N,GLY,69.0,35.707,48.167,113.233,-0.47,1.85,0.0
ATOM,1044.0,CA,GLY,69.0,35.129,48.597,111.976,-0.02,2.175,0.1
ATOM,1045.0,C,GLY,69.0,34.792,50.078,112.034,0.51,2.0,0.18
ATOM,1046.0,O,GLY,69.0,34.432,50.591,113.083,-0.51,1.7,7.56
ATOM,1047.0,H,GLY,69.0,35.213,48.174,114.135,0.31,0.2245,1.88
ATOM,1048.0,HA2,GLY,69.0,35.781,48.434,111.229,0.09,1.32,0.0
ATOM,1049.0,HA3,GLY,69.0,34.292,48.073,111.79,0.09,1.32,0.0
ATOM,1050.0,N,SER,70.0,34.973,50.774,110.921,-0.47,1.85,0.02
ATOM,1051.0,CA,SER,70.0,34.642,52.187,110.835,0.07,2.275,0.47
ATOM,1052.0,C,SER,70.0,34.17,52.455,109.399,0.51,2.0,0.0
ATOM,1053.0,O,SER,70.0,34.259,51.581,108.529,-0.51,1.7,0.0
ATOM,1054.0,CB,SER,70.0,35.855,53.052,111.208,0.05,2.175,26.08
ATOM,1055.0,OG,SER,70.0,36.94,52.811,110.327,-0.66,1.77,17.71
ATOM,1056.0,H,SER,70.0,35.367,50.229,110.126,0.31,0.2245,0.0
ATOM,1057.0,HA,SER,70.0,33.88,52.372,111.442,0.09,1.32,3.73
ATOM,1058.0,HB2,SER,70.0,35.594,54.009,111.148,0.09,1.32,7.12
ATOM,1059.0,HB3,SER,70.0,36.133,52.826,112.136,0.09,1.32,7.56
ATOM,1060.0,HG,SER,70.0,36.873,51.883,109.963,0.43,0.2245,0.47
ATOM,1061.0,N,GLY,71.0,33.638,53.646,109.15,-0.47,1.85,1.47
ATOM,1062.0,CA,GLY,71.0,33.154,53.959,107.813,-0.02,2.175,8.03
ATOM,1063.0,C,GLY,71.0,31.665,54.257,107.822,0.51,2.0,0.36
ATOM,1064.0,O,GLY,71.0,31.027,54.152,108.87,-0.51,1.7,13.92
ATOM,1065.0,H,GLY,71.0,33.601,54.293,109.946,0.31,0.2245,10.54
ATOM,1066.0,HA2,GLY,71.0,33.653,54.759,107.454,0.09,1.32,10.43
ATOM,1067.0,HA3,GLY,71.0,33.335,53.179,107.199,0.09,1.32,0.0
ATOM,1068.0,N,SER,72.0,31.124,54.641,106.669,-0.47,1.85,0.22
ATOM,1069.0,CA,SER,72.0,29.709,54.956,106.54,0.07,2.275,0.06
ATOM,1070.0,C,SER,72.0,29.333,55.194,105.082,0.51,2.0,0.0
ATOM,1071.0,O,SER,72.0,30.201,55.348,104.227,-0.51,1.7,3.5
ATOM,1072.0,CB,SER,72.0,29.355,56.196,107.373,0.05,2.175,23.33
ATOM,1073.0,OG,SER,72.0,30.114,57.338,106.987,-0.66,1.77,28.73
ATOM,1074.0,H,SER,72.0,31.797,54.696,105.874,0.31,0.2245,1.0
ATOM,1075.0,HA,SER,72.0,29.18,54.165,106.87,0.09,1.32,0.53
ATOM,1076.0,HB2,SER,72.0,28.385,56.398,107.251,0.09,1.32,6.96
ATOM,1077.0,HB3,SER,72.0,29.538,55.998,108.335,0.09,1.32,4.62
ATOM,1078.0,HG,SER,72.0,30.409,57.233,106.04,0.43,0.2245,11.26
ATOM,1079.0,N,GLY,73.0,28.036,55.147,104.784,-0.47,1.85,0.8
ATOM,1080.0,CA,GLY,73.0,27.582,55.386,103.424,-0.02,2.175,10.67
ATOM,1081.0,C,GLY,73.0,28.031,54.317,102.461,0.51,2.0,0.0
ATOM,1082.0,O,GLY,73.0,27.454,53.235,102.445,-0.51,1.7,0.0
ATOM,1083.0,H,GLY,73.0,27.41,54.934,105.575,0.31,0.2245,0.1
ATOM,1084.0,HA2,GLY,73.0,26.567,55.443,103.417,0.09,1.32,0.0
ATOM,1085.0,HA3,GLY,73.0,27.928,56.29,103.111,0.09,1.32,8.65
ATOM,1086.0,N,THR,74.0,29.044,54.626,101.65,-0.47,1.85,0.09
ATOM,1087.0,CA,THR,74.0,29.602,53.673,100.693,0.07,2.275,0.0
ATOM,1088.0,C,THR,74.0,31.067,53.297,100.967,0.51,2.0,0.0
ATOM,1089.0,O,THR,74.0,31.637,52.508,100.224,-0.51,1.7,0.0
ATOM,1090.0,CB,THR,74.0,29.569,54.206,99.244,0.14,2.275,1.39
ATOM,1091.0,OG1,THR,74.0,30.208,55.48,99.198,-0.66,1.77,18.99
ATOM,1092.0,CG2,THR,74.0,28.163,54.349,98.74,-0.27,2.06,8.52
ATOM,1093.0,H,THR,74.0,29.4,55.6,101.758,0.31,0.2245,5.16
ATOM,1094.0,HA,THR,74.0,29.049,52.819,100.731,0.09,1.32,0.0
ATOM,1095.0,HB,THR,74.0,30.089,53.563,98.649,0.09,1.32,0.0
ATOM,1096.0,HG21,THR,74.0,28.161,54.744,97.815,0.09,1.32,8.0
ATOM,1097.0,HG22,THR,74.0,27.71,53.451,98.706,0.09,1.32,0.0
ATOM,1098.0,HG23,THR,74.0,27.633,54.952,99.346,0.09,1.32,1.87
ATOM,1099.0,HG1,THR,74.0,31.148,55.417,99.554,0.43,0.2245,0.0
ATOM,1100.0,N,ASP,75.0,31.666,53.811,102.033,-0.47,1.85,0.0
ATOM,1101.0,CA,ASP,75.0,33.091,53.544,102.285,0.07,2.275,0.24
ATOM,1102.0,C,ASP,75.0,33.427,52.994,103.674,0.51,2.0,0.05
ATOM,1103.0,O,ASP,75.0,33.358,53.697,104.694,-0.51,1.7,4.06
ATOM,1104.0,CB,ASP,75.0,33.9,54.804,101.945,-0.28,2.175,15.66
ATOM,1105.0,CG,ASP,75.0,33.874,55.118,100.466,0.62,2.0,3.26
ATOM,1106.0,OD1,ASP,75.0,34.578,54.416,99.709,-0.76,1.7,20.78
ATOM,1107.0,OD2,ASP,75.0,33.135,56.039,100.049,-0.76,1.7,27.18
ATOM,1108.0,H,ASP,75.0,31.077,54.388,102.645,0.31,0.2245,0.0
ATOM,1109.0,HA,ASP,75.0,33.381,52.835,101.608,0.09,1.32,0.0
ATOM,1110.0,HB2,ASP,75.0,33.503,55.563,102.443,0.09,1.32,6.66
ATOM,1111.0,HB3,ASP,75.0,34.837,54.648,102.226,0.09,1.32,10.14
ATOM,1112.0,N,PHE,76.0,33.827,51.726,103.689,-0.47,1.85,1.14
ATOM,1113.0,CA,PHE,76.0,34.097,51.019,104.931,0.07,2.275,0.0
ATOM,1114.0,C,PHE,76.0,35.501,50.411,105.081,0.51,2.0,0.0
ATOM,1115.0,O,PHE,76.0,36.103,49.929,104.11,-0.51,1.7,0.4
ATOM,1116.0,CB,PHE,76.0,33.006,49.94,105.116,-0.18,2.175,0.0
ATOM,1117.0,CG,PHE,76.0,31.596,50.512,105.082,0.0,1.9924,0.0
ATOM,1118.0,CD1,PHE,76.0,30.908,50.65,103.863,-0.115,1.9924,0.0
ATOM,1119.0,CD2,PHE,76.0,30.982,50.964,106.255,-0.115,1.9924,0.0
ATOM,1120.0,CE1,PHE,76.0,29.629,51.237,103.819,-0.115,1.9924,0.0
ATOM,1121.0,CE2,PHE,76.0,29.713,51.549,106.222,-0.115,1.9924,0.0
ATOM,1122.0,CZ,PHE,76.0,29.036,51.685,105.0,-0.115,1.9924,0.0
ATOM,1123.0,H,PHE,76.0,33.928,51.292,102.748,0.31,0.2245,0.15
ATOM,1124.0,HA,PHE,76.0,34.0,51.702,105.691,0.09,1.32,0.0
ATOM,1125.0,HB2,PHE,76.0,33.089,49.299,104.378,0.09,1.32,0.0
ATOM,1126.0,HB3,PHE,76.0,33.141,49.524,105.994,0.09,1.32,0.0
ATOM,1127.0,HD1,PHE,76.0,31.323,50.331,103.023,0.115,1.3582,0.0
ATOM,1128.0,HD2,PHE,76.0,31.457,50.866,107.128,0.115,1.3582,0.0
ATOM,1129.0,HE1,PHE,76.0,29.16,51.328,102.941,0.115,1.3582,0.0
ATOM,1130.0,HE2,PHE,76.0,29.287,51.873,107.077,0.115,1.3582,0.13
ATOM,1131.0,HZ,PHE,76.0,28.131,52.101,104.976,0.115,1.3582,0.0
ATOM,1132.0,N,THR,77.0,35.939,50.335,106.335,-0.47,1.85,0.0
ATOM,1133.0,CA,THR,77.0,37.262,49.84,106.69,0.07,2.275,0.0
ATOM,1134.0,C,THR,77.0,37.29,48.86,107.864,0.51,2.0,0.0
ATOM,1135.0,O,THR,77.0,36.713,49.124,108.919,-0.51,1.7,0.04
ATOM,1136.0,CB,THR,77.0,38.184,51.062,107.081,0.14,2.275,2.91
ATOM,1137.0,OG1,THR,77.0,38.474,51.839,105.914,-0.66,1.77,12.56
ATOM,1138.0,CG2,THR,77.0,39.482,50.621,107.744,-0.27,2.06,7.33
ATOM,1139.0,H,THR,77.0,35.245,50.665,107.05,0.31,0.2245,0.0
ATOM,1140.0,HA,THR,77.0,37.656,49.364,105.875,0.09,1.32,0.0
ATOM,1141.0,HB,THR,77.0,37.67,51.64,107.741,0.09,1.32,0.09
ATOM,1142.0,HG21,THR,77.0,39.725,51.262,108.475,0.09,1.32,6.56
ATOM,1143.0,HG22,THR,77.0,39.37,49.705,108.134,0.09,1.32,0.0
ATOM,1144.0,HG23,THR,77.0,40.22,50.601,107.066,0.09,1.32,0.43
ATOM,1145.0,HG1,THR,77.0,37.651,52.328,105.605,0.43,0.2245,11.85
ATOM,1146.0,N,LEU,78.0,37.986,47.742,107.668,-0.47,1.85,0.0
ATOM,1147.0,CA,LEU,78.0,38.206,46.763,108.719,0.07,2.275,0.0
ATOM,1148.0,C,LEU,78.0,39.679,46.96,109.1,0.51,2.0,0.0
ATOM,1149.0,O,LEU,78.0,40.567,46.816,108.262,-0.51,1.7,0.0
ATOM,1150.0,CB,LEU,78.0,38.015,45.322,108.224,-0.18,2.175,0.0
ATOM,1151.0,CG,LEU,78.0,38.482,44.192,109.182,-0.09,2.275,0.0
ATOM,1152.0,CD1,LEU,78.0,37.718,44.208,110.516,-0.27,2.06,0.0
ATOM,1153.0,CD2,LEU,78.0,38.367,42.851,108.499,-0.27,2.06,0.0
ATOM,1154.0,H,LEU,78.0,38.357,47.633,106.697,0.31,0.2245,0.0
ATOM,1155.0,HA,LEU,78.0,37.654,46.99,109.495,0.09,1.32,0.0
ATOM,1156.0,HB2,LEU,78.0,37.044,45.178,108.061,0.09,1.32,0.0
ATOM,1157.0,HB3,LEU,78.0,38.528,45.215,107.379,0.09,1.32,0.0
ATOM,1158.0,HG,LEU,78.0,39.461,44.311,109.36,0.09,1.32,0.0
ATOM,1159.0,HD11,LEU,78.0,36.744,44.083,110.336,0.09,1.32,0.0
ATOM,1160.0,HD12,LEU,78.0,38.053,43.466,111.093,0.09,1.32,0.0
ATOM,1161.0,HD13,LEU,78.0,37.869,45.084,110.969,0.09,1.32,0.0
ATOM,1162.0,HD21,LEU,78.0,38.94,42.837,107.676,0.09,1.32,0.0
ATOM,1163.0,HD22,LEU,78.0,38.669,42.125,109.121,0.09,1.32,0.0
ATOM,1164.0,HD23,LEU,78.0,37.414,42.682,108.237,0.09,1.32,0.0
ATOM,1165.0,N,SER,79.0,39.928,47.249,110.369,-0.47,1.85,0.0
ATOM,1166.0,CA,SER,79.0,41.28,47.441,110.845,0.07,2.275,0.0
ATOM,1167.0,C,SER,79.0,41.639,46.43,111.942,0.51,2.0,0.0
ATOM,1168.0,O,SER,79.0,40.786,46.06,112.757,-0.51,1.7,0.0
ATOM,1169.0,CB,SER,79.0,41.422,48.878,111.337,0.05,2.175,10.56
ATOM,1170.0,OG,SER,79.0,42.462,49.027,112.284,-0.66,1.77,12.14
ATOM,1171.0,H,SER,79.0,39.086,47.323,110.973,0.31,0.2245,0.0
ATOM,1172.0,HA,SER,79.0,41.915,47.29,110.076,0.09,1.32,0.0
ATOM,1173.0,HB2,SER,79.0,41.612,49.471,110.551,0.09,1.32,0.69
ATOM,1174.0,HB3,SER,79.0,40.558,49.161,111.759,0.09,1.32,2.71
ATOM,1175.0,HG,SER,79.0,43.336,48.791,111.861,0.43,0.2245,2.26
ATOM,1176.0,N,ILE,80.0,42.853,45.882,111.88,-0.47,1.85,0.0
ATOM,1177.0,CA,ILE,80.0,43.317,44.942,112.908,0.07,2.275,0.0
ATOM,1178.0,C,ILE,80.0,44.495,45.696,113.509,0.51,2.0,0.0
ATOM,1179.0,O,ILE,80.0,45.495,45.875,112.838,-0.51,1.7,0.0
ATOM,1180.0,CB,ILE,80.0,43.764,43.599,112.281,-0.09,2.275,0.0
ATOM,1181.0,CG1,ILE,80.0,42.681,43.08,111.316,-0.18,2.175,0.0
ATOM,1182.0,CG2,ILE,80.0,43.997,42.572,113.399,-0.27,2.06,0.0
ATOM,1183.0,CD1,ILE,80.0,43.03,41.811,110.54,-0.27,2.06,0.0
ATOM,1184.0,H,ILE,80.0,43.424,46.168,111.068,0.31,0.2245,0.0
ATOM,1185.0,HA,ILE,80.0,42.622,44.92,113.589,0.09,1.32,0.0
ATOM,1186.0,HB,ILE,80.0,44.587,43.766,111.755,0.09,1.32,0.0
ATOM,1187.0,HG12,ILE,80.0,41.843,42.911,111.846,0.09,1.32,0.0
ATOM,1188.0,HG13,ILE,80.0,42.479,43.81,110.654,0.09,1.32,0.0
ATOM,1189.0,HG21,ILE,80.0,44.296,41.712,112.995,0.09,1.32,0.0
ATOM,1190.0,HG22,ILE,80.0,44.698,42.916,114.018,0.09,1.32,0.0
ATOM,1191.0,HG23,ILE,80.0,43.146,42.433,113.898,0.09,1.32,0.0
ATOM,1192.0,HD11,ILE,80.0,43.208,41.074,111.187,0.09,1.32,0.0
ATOM,1193.0,HD12,ILE,80.0,42.263,41.57,109.952,0.09,1.32,0.0
ATOM,1194.0,HD13,ILE,80.0,43.842,41.982,109.988,0.09,1.32,0.0
ATOM,1195.0,N,ASN,81.0,44.399,46.142,114.753,-0.47,1.85,0.0
ATOM,1196.0,CA,ASN,81.0,45.459,46.985,115.314,0.07,2.275,0.0
ATOM,1197.0,C,ASN,81.0,46.804,46.449,115.822,0.51,2.0,0.0
ATOM,1198.0,O,ASN,81.0,47.729,47.247,116.082,-0.51,1.7,14.4
ATOM,1199.0,CB,ASN,81.0,44.881,48.032,116.29,-0.18,2.175,10.4
ATOM,1200.0,CG,ASN,81.0,44.472,47.445,117.639,0.55,2.0,1.68
ATOM,1201.0,H,ASN,81.0,43.557,45.86,115.268,0.31,0.2245,0.0
ATOM,1202.0,HA,ASN,81.0,45.695,47.692,114.563,0.09,1.32,0.0
ATOM,1203.0,HB2,ASN,81.0,45.576,48.729,116.446,0.09,1.32,8.27
ATOM,1204.0,HB3,ASN,81.0,44.077,48.442,115.866,0.09,1.32,2.17
ATOM,1205.0,OD1,ASN,81.0,44.818,46.316,117.98,-0.55,1.7,6.74
ATOM,1206.0,ND2,ASN,81.0,43.736,48.225,118.417,-0.62,1.85,19.56
ATOM,1207.0,HD22,ASN,81.0,43.473,49.141,118.108,0.3,0.2245,17.14
ATOM,1208.0,HD21,ASN,81.0,43.439,47.902,119.317,0.32,0.2245,13.22
ATOM,1209.0,N,SER,82.0,46.961,45.128,115.863,-0.47,1.85,0.0
ATOM,1210.0,CA,SER,82.0,48.205,44.531,116.329,0.07,2.275,0.0
ATOM,1211.0,C,SER,82.0,48.075,43.087,115.911,0.51,2.0,0.0
ATOM,1212.0,O,SER,82.0,47.66,42.24,116.689,-0.51,1.7,0.09
ATOM,1213.0,CB,SER,82.0,48.291,44.674,117.856,0.05,2.175,15.49
ATOM,1214.0,OG,SER,82.0,49.559,44.328,118.366,-0.66,1.77,22.24
ATOM,1215.0,H,SER,82.0,46.143,44.58,115.543,0.31,0.2245,0.0
ATOM,1216.0,HA,SER,82.0,48.946,44.933,115.829,0.09,1.32,0.0
ATOM,1217.0,HB2,SER,82.0,48.089,45.626,118.097,0.09,1.32,4.37
ATOM,1218.0,HB3,SER,82.0,47.598,44.078,118.269,0.09,1.32,2.74
ATOM,1219.0,HG,SER,82.0,50.273,44.692,117.768,0.43,0.2245,3.16
ATOM,1220.0,N,VAL,83.0,48.416,42.819,114.663,-0.47,1.85,0.0
ATOM,1221.0,CA,VAL,83.0,48.283,41.492,114.094,0.07,2.275,0.0
ATOM,1222.0,C,VAL,83.0,49.015,40.35,114.798,0.51,2.0,0.0
ATOM,1223.0,O,VAL,83.0,50.179,40.486,115.199,-0.51,1.7,0.0
ATOM,1224.0,CB,VAL,83.0,48.67,41.503,112.597,-0.09,2.275,0.0
ATOM,1225.0,CG1,VAL,83.0,48.398,40.149,111.957,-0.27,2.06,0.0
ATOM,1226.0,CG2,VAL,83.0,47.912,42.605,111.865,-0.27,2.06,0.0
ATOM,1227.0,H,VAL,83.0,48.785,43.637,114.128,0.31,0.2245,0.0
ATOM,1228.0,HA,VAL,83.0,47.278,41.251,114.085,0.09,1.32,0.0
ATOM,1229.0,HB,VAL,83.0,49.652,41.661,112.542,0.09,1.32,0.0
ATOM,1230.0,HG11,VAL,83.0,49.178,39.543,112.112,0.09,1.32,0.0
ATOM,1231.0,HG12,VAL,83.0,47.578,39.746,112.364,0.09,1.32,0.0
ATOM,1232.0,HG13,VAL,83.0,48.258,40.266,110.974,0.09,1.32,0.0
ATOM,1233.0,HG21,VAL,83.0,46.977,42.649,112.215,0.09,1.32,0.0
ATOM,1234.0,HG22,VAL,83.0,48.372,43.479,112.02,0.09,1.32,0.0
ATOM,1235.0,HG23,VAL,83.0,47.897,42.4,110.887,0.09,1.32,0.0
ATOM,1236.0,N,GLU,84.0,48.295,39.238,114.961,-0.47,1.85,0.0
ATOM,1237.0,CA,GLU,84.0,48.809,38.012,115.552,0.07,2.275,0.11
ATOM,1238.0,C,GLU,84.0,48.856,37.04,114.4,0.51,2.0,0.0
ATOM,1239.0,O,GLU,84.0,48.069,37.151,113.462,-0.51,1.7,0.0
ATOM,1240.0,CB,GLU,84.0,47.851,37.46,116.591,-0.18,2.175,0.14
ATOM,1241.0,CG,GLU,84.0,47.43,38.447,117.632,-0.28,2.175,0.0
ATOM,1242.0,CD,GLU,84.0,48.533,38.775,118.614,0.62,2.0,2.49
ATOM,1243.0,OE1,GLU,84.0,49.588,39.293,118.188,-0.76,1.7,20.4
ATOM,1244.0,OE2,GLU,84.0,48.337,38.519,119.823,-0.76,1.7,42.85
ATOM,1245.0,H,GLU,84.0,47.301,39.329,114.617,0.31,0.2245,0.0
ATOM,1246.0,HA,GLU,84.0,49.712,38.161,115.907,0.09,1.32,0.49
ATOM,1247.0,HB2,GLU,84.0,47.04,37.152,116.115,0.09,1.32,0.0
ATOM,1248.0,HB3,GLU,84.0,48.305,36.708,117.047,0.09,1.32,1.97
ATOM,1249.0,HG2,GLU,84.0,47.174,39.29,117.187,0.09,1.32,0.0
ATOM,1250.0,HG3,GLU,84.0,46.681,38.067,118.15,0.09,1.32,0.22
ATOM,1251.0,N,THR,85.0,49.764,36.077,114.472,-0.47,1.85,0.0
ATOM,1252.0,CA,THR,85.0,49.927,35.063,113.423,0.07,2.275,0.0
ATOM,1253.0,C,THR,85.0,48.637,34.293,113.076,0.51,2.0,0.0
ATOM,1254.0,O,THR,85.0,48.437,33.864,111.935,-0.51,1.7,0.0
ATOM,1255.0,CB,THR,85.0,51.05,34.059,113.804,0.14,2.275,0.0
ATOM,1256.0,OG1,THR,85.0,50.98,33.776,115.211,-0.66,1.77,21.56
ATOM,1257.0,CG2,THR,85.0,52.409,34.652,113.494,-0.27,2.06,12.67
ATOM,1258.0,H,THR,85.0,50.353,36.097,115.333,0.31,0.2245,2.75
ATOM,1259.0,HA,THR,85.0,50.248,35.529,112.576,0.09,1.32,0.0
ATOM,1260.0,HB,THR,85.0,50.895,33.191,113.295,0.09,1.32,0.0
ATOM,1261.0,HG21,THR,85.0,52.865,34.929,114.344,0.09,1.32,7.94
ATOM,1262.0,HG22,THR,85.0,52.98,33.974,113.024,0.09,1.32,1.82
ATOM,1263.0,HG23,THR,85.0,52.306,35.457,112.903,0.09,1.32,0.0
ATOM,1264.0,HG1,THR,85.0,50.629,34.575,115.709,0.43,0.2245,6.67
ATOM,1265.0,N,GLU,86.0,47.76,34.149,114.061,-0.47,1.85,0.41
ATOM,1266.0,CA,GLU,86.0,46.5,33.45,113.871,0.07,2.275,2.05
ATOM,1267.0,C,GLU,86.0,45.585,34.187,112.879,0.51,2.0,0.02
ATOM,1268.0,O,GLU,86.0,44.791,33.565,112.166,-0.51,1.7,0.34
ATOM,1269.0,CB,GLU,86.0,45.807,33.288,115.229,-0.18,2.175,13.32
ATOM,1270.0,CG,GLU,86.0,45.705,34.584,116.032,-0.28,2.175,0.62
ATOM,1271.0,CD,GLU,86.0,45.824,34.369,117.538,0.62,2.0,1.34
ATOM,1272.0,OE1,GLU,86.0,46.97,34.216,118.034,-0.76,1.7,27.27
ATOM,1273.0,OE2,GLU,86.0,44.771,34.372,118.223,-0.76,1.7,33.06
ATOM,1274.0,H,GLU,86.0,48.049,34.574,114.967,0.31,0.2245,0.0
ATOM,1275.0,HA,GLU,86.0,46.673,32.517,113.526,0.09,1.32,1.66
ATOM,1276.0,HB2,GLU,86.0,44.892,32.97,115.063,0.09,1.32,0.24
ATOM,1277.0,HB3,GLU,86.0,46.333,32.651,115.761,0.09,1.32,8.16
ATOM,1278.0,HG2,GLU,86.0,46.442,35.173,115.759,0.09,1.32,0.0
ATOM,1279.0,HG3,GLU,86.0,44.824,34.985,115.86,0.09,1.32,1.75
ATOM,1280.0,N,ASP,87.0,45.782,35.497,112.771,-0.47,1.85,0.0
ATOM,1281.0,CA,ASP,87.0,44.979,36.344,111.906,0.07,2.275,0.0
ATOM,1282.0,C,ASP,87.0,45.105,36.134,110.402,0.51,2.0,0.0
ATOM,1283.0,O,ASP,87.0,44.467,36.847,109.62,-0.51,1.7,0.0
ATOM,1284.0,CB,ASP,87.0,45.239,37.813,112.249,-0.28,2.175,0.0
ATOM,1285.0,CG,ASP,87.0,44.867,38.15,113.684,0.62,2.0,0.0
ATOM,1286.0,OD1,ASP,87.0,44.147,37.339,114.312,-0.76,1.7,2.23
ATOM,1287.0,OD2,ASP,87.0,45.282,39.223,114.178,-0.76,1.7,0.0
ATOM,1288.0,H,ASP,87.0,46.565,35.863,113.363,0.31,0.2245,0.0
ATOM,1289.0,HA,ASP,87.0,43.99,36.166,112.146,0.09,1.32,0.19
ATOM,1290.0,HB2,ASP,87.0,46.206,37.992,112.121,0.09,1.32,0.0
ATOM,1291.0,HB3,ASP,87.0,44.694,38.373,111.639,0.09,1.32,0.0
ATOM,1292.0,N,LEU,88.0,45.897,35.177,109.951,-0.47,1.85,0.0
ATOM,1293.0,CA,LEU,88.0,45.962,35.043,108.512,0.07,2.275,0.0
ATOM,1294.0,C,LEU,88.0,44.734,34.303,107.984,0.51,2.0,0.0
ATOM,1295.0,O,LEU,88.0,44.387,33.216,108.459,-0.51,1.7,2.42
ATOM,1296.0,CB,LEU,88.0,47.268,34.436,108.05,-0.18,2.175,0.0
ATOM,1297.0,CG,LEU,88.0,47.567,32.967,108.123,-0.09,2.275,0.0
ATOM,1298.0,CD1,LEU,88.0,47.456,32.414,106.707,-0.27,2.06,16.3
ATOM,1299.0,CD2,LEU,88.0,48.985,32.788,108.677,-0.27,2.06,0.0
ATOM,1300.0,H,LEU,88.0,46.388,34.621,110.622,0.31,0.2245,0.0
ATOM,1301.0,HA,LEU,88.0,45.977,35.96,108.098,0.09,1.32,0.0
ATOM,1302.0,HB2,LEU,88.0,47.399,34.72,107.065,0.09,1.32,0.0
ATOM,1303.0,HB3,LEU,88.0,48.023,34.922,108.561,0.09,1.32,0.0
ATOM,1304.0,HG,LEU,88.0,46.903,32.515,108.7,0.09,1.32,0.0
ATOM,1305.0,HD11,LEU,88.0,48.115,32.878,106.115,0.09,1.32,0.39
ATOM,1306.0,HD12,LEU,88.0,47.65,31.433,106.716,0.09,1.32,0.35
ATOM,1307.0,HD13,LEU,88.0,46.531,32.568,106.361,0.09,1.32,2.15
ATOM,1308.0,HD21,LEU,88.0,49.036,33.194,109.588,0.09,1.32,0.0
ATOM,1309.0,HD22,LEU,88.0,49.197,31.813,108.731,0.09,1.32,0.0
ATOM,1310.0,HD23,LEU,88.0,49.635,33.241,108.069,0.09,1.32,0.0
ATOM,1311.0,N,ALA,89.0,44.094,34.907,106.986,-0.47,1.85,0.06
ATOM,1312.0,CA,ALA,89.0,42.87,34.382,106.397,0.07,2.275,2.66
ATOM,1313.0,C,ALA,89.0,42.423,35.326,105.281,0.51,2.0,0.4
ATOM,1314.0,O,ALA,89.0,43.147,36.264,104.927,-0.51,1.7,0.3
ATOM,1315.0,CB,ALA,89.0,41.789,34.364,107.486,-0.27,2.06,0.0
ATOM,1316.0,H,ALA,89.0,44.548,35.794,106.661,0.31,0.2245,0.0
ATOM,1317.0,HA,ALA,89.0,43.056,33.486,106.0,0.09,1.32,4.28
ATOM,1318.0,HB1,ALA,89.0,41.267,33.517,107.416,0.09,1.32,0.0
ATOM,1319.0,HB2,ALA,89.0,42.225,34.418,108.382,0.09,1.32,0.0
ATOM,1320.0,HB3,ALA,89.0,41.182,35.146,107.359,0.09,1.32,0.0
ATOM,1321.0,N,VAL,90.0,41.248,35.055,104.71,-0.47,1.85,0.0
ATOM,1322.0,CA,VAL,90.0,40.651,35.927,103.699,0.07,2.275,0.0
ATOM,1323.0,C,VAL,90.0,39.516,36.664,104.435,0.51,2.0,0.0
ATOM,1324.0,O,VAL,90.0,38.836,36.08,105.289,-0.51,1.7,0.0
ATOM,1325.0,CB,VAL,90.0,40.092,35.161,102.498,-0.09,2.275,0.09
ATOM,1326.0,CG1,VAL,90.0,39.491,36.145,101.494,-0.27,2.06,3.87
ATOM,1327.0,CG2,VAL,90.0,41.183,34.359,101.846,-0.27,2.06,17.7
ATOM,1328.0,H,VAL,90.0,40.798,34.177,105.044,0.31,0.2245,0.0
ATOM,1329.0,HA,VAL,90.0,41.317,36.596,103.428,0.09,1.32,0.0
ATOM,1330.0,HB,VAL,90.0,39.347,34.588,102.817,0.09,1.32,0.0
ATOM,1331.0,HG11,VAL,90.0,38.52,35.943,101.374,0.09,1.32,0.0
ATOM,1332.0,HG12,VAL,90.0,39.6,37.076,101.838,0.09,1.32,0.0
ATOM,1333.0,HG13,VAL,90.0,39.963,36.054,100.619,0.09,1.32,5.84
ATOM,1334.0,HG21,VAL,90.0,41.735,33.902,102.548,0.09,1.32,3.88
ATOM,1335.0,HG22,VAL,90.0,40.781,33.667,101.242,0.09,1.32,11.67
ATOM,1336.0,HG23,VAL,90.0,41.773,34.964,101.306,0.09,1.32,0.0
ATOM,1337.0,N,TYR,91.0,39.391,37.965,104.191,-0.47,1.85,0.0
ATOM,1338.0,CA,TYR,91.0,38.38,38.795,104.851,0.07,2.275,0.0
ATOM,1339.0,C,TYR,91.0,37.365,39.341,103.845,0.51,2.0,0.0
ATOM,1340.0,O,TYR,91.0,37.756,39.851,102.788,-0.51,1.7,0.0
ATOM,1341.0,CB,TYR,91.0,39.084,39.942,105.561,-0.18,2.175,0.0
ATOM,1342.0,CG,TYR,91.0,39.934,39.475,106.724,0.0,1.9924,0.0
ATOM,1343.0,CD1,TYR,91.0,41.226,38.965,106.531,-0.115,1.9924,0.0
ATOM,1344.0,CD2,TYR,91.0,39.427,39.496,108.012,-0.115,1.9924,0.0
ATOM,1345.0,CE1,TYR,91.0,41.972,38.481,107.604,-0.115,1.9924,0.0
ATOM,1346.0,CE2,TYR,91.0,40.169,39.026,109.071,-0.115,1.9924,0.0
ATOM,1347.0,CZ,TYR,91.0,41.437,38.513,108.862,0.11,1.9924,0.0
ATOM,1348.0,OH,TYR,91.0,42.114,37.992,109.95,-0.54,1.77,0.0
ATOM,1349.0,H,TYR,91.0,40.069,38.343,103.495,0.31,0.2245,0.0
ATOM,1350.0,HA,TYR,91.0,37.884,38.221,105.514,0.09,1.32,0.0
ATOM,1351.0,HB2,TYR,91.0,39.676,40.402,104.91,0.09,1.32,0.0
ATOM,1352.0,HB3,TYR,91.0,38.397,40.566,105.913,0.09,1.32,0.0
ATOM,1353.0,HD1,TYR,91.0,41.616,38.948,105.613,0.115,1.3582,0.0
ATOM,1354.0,HD2,TYR,91.0,38.509,39.859,108.173,0.115,1.3582,0.0
ATOM,1355.0,HE1,TYR,91.0,42.891,38.116,107.444,0.115,1.3582,0.0
ATOM,1356.0,HE2,TYR,91.0,39.792,39.053,110.004,0.115,1.3582,0.0
ATOM,1357.0,HH,TYR,91.0,42.963,37.575,109.634,0.43,0.2245,0.0
ATOM,1358.0,N,PHE,92.0,36.068,39.23,104.157,-0.47,1.85,0.0
ATOM,1359.0,CA,PHE,92.0,35.012,39.697,103.236,0.07,2.275,0.0
ATOM,1360.0,C,PHE,92.0,34.102,40.68,103.916,0.51,2.0,0.0
ATOM,1361.0,O,PHE,92.0,33.905,40.589,105.132,-0.51,1.7,0.0
ATOM,1362.0,CB,PHE,92.0,34.048,38.575,102.814,-0.18,2.175,0.13
ATOM,1363.0,CG,PHE,92.0,34.682,37.405,102.121,0.0,1.9924,0.06
ATOM,1364.0,CD1,PHE,92.0,35.204,36.347,102.855,-0.115,1.9924,1.92
ATOM,1365.0,CD2,PHE,92.0,34.708,37.338,100.737,-0.115,1.9924,1.56
ATOM,1366.0,CE1,PHE,92.0,35.748,35.251,102.211,-0.115,1.9924,0.93
ATOM,1367.0,CE2,PHE,92.0,35.248,36.25,100.098,-0.115,1.9924,9.59
ATOM,1368.0,CZ,PHE,92.0,35.763,35.208,100.838,-0.115,1.9924,8.43
ATOM,1369.0,H,PHE,92.0,35.872,38.8,105.075,0.31,0.2245,0.0
ATOM,1370.0,HA,PHE,92.0,35.484,40.183,102.492,0.09,1.32,0.0
ATOM,1371.0,HB2,PHE,92.0,33.6,38.241,103.638,0.09,1.32,0.0
ATOM,1372.0,HB3,PHE,92.0,33.378,38.975,102.196,0.09,1.32,0.0
ATOM,1373.0,HD1,PHE,92.0,35.186,36.376,103.848,0.115,1.3582,0.0
ATOM,1374.0,HD2,PHE,92.0,34.326,38.095,100.202,0.115,1.3582,0.0
ATOM,1375.0,HE1,PHE,92.0,36.13,34.494,102.756,0.115,1.3582,0.0
ATOM,1376.0,HE2,PHE,92.0,35.268,36.217,99.083,0.115,1.3582,8.59
ATOM,1377.0,HZ,PHE,92.0,36.154,34.406,100.369,0.115,1.3582,12.15
ATOM,1378.0,N,CYS,93.0,33.518,41.581,103.121,-0.47,1.85,0.0
ATOM,1379.0,CA,CYS,93.0,32.511,42.518,103.622,0.07,2.275,0.0
ATOM,1380.0,C,CYS,93.0,31.171,42.055,103.004,0.51,2.0,0.0
ATOM,1381.0,O,CYS,93.0,31.162,41.412,101.937,-0.51,1.7,0.0
ATOM,1382.0,CB,CYS,93.0,32.817,43.984,103.248,-0.1,2.175,0.0
ATOM,1383.0,SG,CYS,93.0,33.01,44.385,101.486,-0.08,1.975,0.0
ATOM,1384.0,H,CYS,93.0,33.836,41.558,102.133,0.31,0.2245,0.0
ATOM,1385.0,HA,CYS,93.0,32.442,42.419,104.598,0.09,1.32,0.0
ATOM,1386.0,HB2,CYS,93.0,32.07,44.555,103.622,0.09,1.32,0.0
ATOM,1387.0,HB3,CYS,93.0,33.67,44.247,103.727,0.09,1.32,0.0
ATOM,1388.0,N,GLN,94.0,30.057,42.329,103.683,-0.47,1.85,0.0
ATOM,1389.0,CA,GLN,94.0,28.742,41.948,103.146,0.07,2.275,0.0
ATOM,1390.0,C,GLN,94.0,27.699,42.961,103.545,0.51,2.0,0.0
ATOM,1391.0,O,GLN,94.0,27.735,43.479,104.661,-0.51,1.7,0.0
ATOM,1392.0,CB,GLN,94.0,28.31,40.571,103.671,-0.18,2.175,0.0
ATOM,1393.0,CG,GLN,94.0,26.941,40.085,103.163,-0.18,2.175,0.0
ATOM,1394.0,CD,GLN,94.0,26.243,39.144,104.138,0.55,2.0,0.0
ATOM,1395.0,H,GLN,94.0,30.191,42.811,104.58,0.31,0.2245,0.0
ATOM,1396.0,HA,GLN,94.0,28.815,41.945,102.144,0.09,1.32,0.0
ATOM,1397.0,HB2,GLN,94.0,28.995,39.891,103.397,0.09,1.32,0.0
ATOM,1398.0,HB3,GLN,94.0,28.268,40.606,104.673,0.09,1.32,0.0
ATOM,1399.0,HG2,GLN,94.0,26.359,40.883,103.017,0.09,1.32,0.0
ATOM,1400.0,HG3,GLN,94.0,27.079,39.606,102.298,0.09,1.32,0.0
ATOM,1401.0,OE1,GLN,94.0,26.483,39.177,105.354,-0.55,1.7,0.58
ATOM,1402.0,NE2,GLN,94.0,25.344,38.319,103.613,-0.62,1.85,2.29
ATOM,1403.0,HE21,GLN,94.0,24.847,37.652,104.199,0.32,0.2245,14.03
ATOM,1404.0,HE22,GLN,94.0,25.159,38.364,102.614,0.3,0.2245,0.84
ATOM,1405.0,N,GLN,95.0,26.772,43.239,102.634,-0.47,1.85,0.0
ATOM,1406.0,CA,GLN,95.0,25.673,44.168,102.917,0.07,2.275,0.0
ATOM,1407.0,C,GLN,95.0,24.345,43.399,102.884,0.51,2.0,0.0
ATOM,1408.0,O,GLN,95.0,24.113,42.553,102.014,-0.51,1.7,0.0
ATOM,1409.0,CB,GLN,95.0,25.633,45.324,101.906,-0.18,2.175,0.0
ATOM,1410.0,CG,GLN,95.0,25.283,44.979,100.425,-0.18,2.175,0.0
ATOM,1411.0,CD,GLN,95.0,23.768,44.81,100.107,0.55,2.0,0.0
ATOM,1412.0,OE1,GLN,95.0,22.906,45.297,100.85,-0.55,1.7,0.0
ATOM,1413.0,NE2,GLN,95.0,23.457,44.126,99.03,-0.62,1.85,0.0
ATOM,1414.0,H,GLN,95.0,26.888,42.754,101.726,0.31,0.2245,0.0
ATOM,1415.0,HA,GLN,95.0,25.796,44.521,103.842,0.09,1.32,0.0
ATOM,1416.0,HB2,GLN,95.0,24.953,46.008,102.217,0.09,1.32,0.0
ATOM,1417.0,HB3,GLN,95.0,26.538,45.781,101.895,0.09,1.32,0.0
ATOM,1418.0,HG2,GLN,95.0,25.642,45.713,99.84,0.09,1.32,0.0
ATOM,1419.0,HG3,GLN,95.0,25.748,44.121,100.186,0.09,1.32,0.0
ATOM,1420.0,HE21,GLN,95.0,22.494,43.968,98.774,0.32,0.2245,0.0
ATOM,1421.0,HE22,GLN,95.0,24.21,43.752,98.446,0.3,0.2245,0.0
ATOM,1422.0,N,ILE,96.0,23.497,43.65,103.867,-0.47,1.85,0.0
ATOM,1423.0,CA,ILE,96.0,22.195,43.003,103.903,0.07,2.275,0.0
ATOM,1424.0,C,ILE,96.0,21.088,44.073,103.959,0.51,2.0,0.0
ATOM,1425.0,O,ILE,96.0,20.022,43.857,104.525,-0.51,1.7,9.47
ATOM,1426.0,CB,ILE,96.0,22.071,41.986,105.091,-0.09,2.275,0.0
ATOM,1427.0,CG1,ILE,96.0,22.055,42.679,106.452,-0.18,2.175,0.03
ATOM,1428.0,CG2,ILE,96.0,23.195,40.966,105.039,-0.27,2.06,0.03
ATOM,1429.0,CD1,ILE,96.0,21.688,41.725,107.58,-0.27,2.06,21.18
ATOM,1430.0,H,ILE,96.0,23.828,44.32,104.579,0.31,0.2245,0.0
ATOM,1431.0,HA,ILE,96.0,22.083,42.533,103.029,0.09,1.32,0.0
ATOM,1432.0,HB,ILE,96.0,21.205,41.5,104.973,0.09,1.32,0.0
ATOM,1433.0,HG12,ILE,96.0,22.955,43.054,106.63,0.09,1.32,0.0
ATOM,1434.0,HG13,ILE,96.0,21.385,43.41,106.426,0.09,1.32,0.0
ATOM,1435.0,HG21,ILE,96.0,23.059,40.281,105.753,0.09,1.32,4.2
ATOM,1436.0,HG22,ILE,96.0,23.199,40.517,104.146,0.09,1.32,0.0
ATOM,1437.0,HG23,ILE,96.0,24.071,41.425,105.183,0.09,1.32,0.0
ATOM,1438.0,HD11,ILE,96.0,22.357,40.986,107.613,0.09,1.32,0.94
ATOM,1439.0,HD12,ILE,96.0,21.691,42.224,108.444,0.09,1.32,0.49
ATOM,1440.0,HD13,ILE,96.0,20.779,41.351,107.409,0.09,1.32,6.09
ATOM,1441.0,N,THR,97.0,21.392,45.245,103.408,-0.47,1.85,0.0
ATOM,1442.0,CA,THR,97.0,20.466,46.371,103.364,0.07,2.275,0.0
ATOM,1443.0,C,THR,97.0,19.463,46.229,102.214,0.51,2.0,0.0
ATOM,1444.0,O,THR,97.0,18.272,46.528,102.369,-0.51,1.7,17.72
ATOM,1445.0,CB,THR,97.0,21.243,47.736,103.146,0.14,2.275,0.0
ATOM,1446.0,OG1,THR,97.0,22.133,47.984,104.248,-0.66,1.77,0.0
ATOM,1447.0,CG2,THR,97.0,20.275,48.923,103.026,-0.27,2.06,6.9
ATOM,1448.0,H,THR,97.0,22.36,45.29,103.006,0.31,0.2245,0.0
ATOM,1449.0,HA,THR,97.0,19.948,46.396,104.229,0.09,1.32,0.79
ATOM,1450.0,HB,THR,97.0,21.794,47.646,102.295,0.09,1.32,0.0
ATOM,1451.0,HG21,THR,97.0,20.791,49.779,103.069,0.09,1.32,0.0
ATOM,1452.0,HG22,THR,97.0,19.789,48.869,102.154,0.09,1.32,3.68
ATOM,1453.0,HG23,THR,97.0,19.616,48.892,103.778,0.09,1.32,0.0
ATOM,1454.0,HG1,THR,97.0,22.331,48.966,104.32,0.43,0.2245,0.0
ATOM,1455.0,N,ASP,98.0,19.953,45.739,101.078,-0.47,1.85,0.0
ATOM,1456.0,CA,ASP,98.0,19.164,45.614,99.857,0.07,2.275,0.78
ATOM,1457.0,C,ASP,98.0,19.147,44.17,99.415,0.51,2.0,0.0
ATOM,1458.0,O,ASP,98.0,20.121,43.449,99.632,-0.51,1.7,0.0
ATOM,1459.0,CB,ASP,98.0,19.845,46.445,98.777,-0.28,2.175,0.47
ATOM,1460.0,CG,ASP,98.0,19.011,46.604,97.521,0.62,2.0,0.0
ATOM,1461.0,OD1,ASP,98.0,18.019,47.346,97.591,-0.76,1.7,32.73
ATOM,1462.0,OD2,ASP,98.0,19.374,46.061,96.442,-0.76,1.7,10.59
ATOM,1463.0,H,ASP,98.0,20.959,45.449,101.136,0.31,0.2245,0.0
ATOM,1464.0,HA,ASP,98.0,18.222,45.869,100.087,0.09,1.32,3.37
ATOM,1465.0,HB2,ASP,98.0,20.03,47.35,99.153,0.09,1.32,1.25
ATOM,1466.0,HB3,ASP,98.0,20.702,45.997,98.536,0.09,1.32,0.0
ATOM,1467.0,N,TRP,99.0,18.062,43.769,98.756,-0.47,1.85,1.22
ATOM,1468.0,CA,TRP,99.0,17.908,42.406,98.266,0.07,2.275,0.0
ATOM,1469.0,C,TRP,99.0,18.292,42.358,96.791,0.51,2.0,0.0
ATOM,1470.0,O,TRP,99.0,17.825,43.186,95.999,-0.51,1.7,16.38
ATOM,1471.0,CB,TRP,99.0,16.453,41.918,98.443,-0.18,2.175,15.17
ATOM,1472.0,CG,TRP,99.0,16.324,40.458,98.151,-0.03,1.9924,1.56
ATOM,1473.0,CD1,TRP,99.0,15.834,39.88,97.011,0.035,1.9924,14.31
ATOM,1474.0,CD2,TRP,99.0,16.885,39.405,98.921,-0.02,1.8,2.05
ATOM,1475.0,NE1,TRP,99.0,16.092,38.53,97.011,-0.61,1.85,7.48
ATOM,1476.0,CE2,TRP,99.0,16.738,38.211,98.179,0.13,1.8,1.66
ATOM,1477.0,CE3,TRP,99.0,17.522,39.352,100.165,-0.115,1.9924,8.21
ATOM,1478.0,CZ2,TRP,99.0,17.213,36.984,98.634,-0.115,1.9924,15.91
ATOM,1479.0,CZ3,TRP,99.0,17.997,38.119,100.621,-0.115,1.9924,7.85
ATOM,1480.0,CH2,TRP,99.0,17.838,36.957,99.853,-0.115,1.9924,16.54
ATOM,1481.0,H,TRP,99.0,17.34,44.51,98.623,0.31,0.2245,6.34
ATOM,1482.0,HA,TRP,99.0,18.551,41.825,98.764,0.09,1.32,0.0
ATOM,1483.0,HB2,TRP,99.0,16.185,42.064,99.378,0.09,1.32,7.36
ATOM,1484.0,HB3,TRP,99.0,15.88,42.404,97.81,0.09,1.32,6.81
ATOM,1485.0,HD1,TRP,99.0,15.356,40.369,96.282,0.115,1.3582,14.44
ATOM,1486.0,HE1,TRP,99.0,15.852,37.89,96.288,0.38,0.2245,20.76
ATOM,1487.0,HE3,TRP,99.0,17.641,40.167,100.721,0.115,1.3582,0.39
ATOM,1488.0,HZ2,TRP,99.0,17.094,36.155,98.077,0.115,1.3582,16.62
ATOM,1489.0,HZ3,TRP,99.0,18.451,38.075,101.502,0.115,1.3582,0.81
ATOM,1490.0,HH2,TRP,99.0,18.193,36.092,100.212,0.115,1.3582,18.12
ATOM,1491.0,N,PRO,100.0,19.126,41.374,96.39,-0.29,1.85,0.0
ATOM,1492.0,CA,PRO,100.0,19.723,40.324,97.222,0.02,2.275,0.0
ATOM,1493.0,C,PRO,100.0,20.924,40.774,98.032,0.51,2.0,0.0
ATOM,1494.0,O,PRO,100.0,21.65,41.673,97.606,-0.51,1.7,0.0
ATOM,1495.0,CB,PRO,100.0,20.166,39.298,96.192,-0.18,2.175,13.34
ATOM,1496.0,CG,PRO,100.0,20.569,40.145,95.05,-0.18,2.175,7.1
ATOM,1497.0,CD,PRO,100.0,19.428,41.135,94.97,0.0,2.175,5.55
ATOM,1498.0,HA,PRO,100.0,19.012,39.912,97.831,0.09,1.32,0.0
ATOM,1499.0,HB2,PRO,100.0,20.934,38.76,96.535,0.09,1.32,3.92
ATOM,1500.0,HB3,PRO,100.0,19.412,38.692,95.948,0.09,1.32,4.17
ATOM,1501.0,HG2,PRO,100.0,21.426,40.613,95.232,0.09,1.32,0.0
ATOM,1502.0,HG3,PRO,100.0,20.632,39.615,94.212,0.09,1.32,7.1
ATOM,1503.0,HD2,PRO,100.0,19.711,41.977,94.522,0.09,1.32,0.0
ATOM,1504.0,HD3,PRO,100.0,18.641,40.743,94.502,0.09,1.32,8.42
ATOM,1505.0,N,PHE,101.0,21.123,40.137,99.187,-0.47,1.85,0.25
ATOM,1506.0,CA,PHE,101.0,22.278,40.405,100.048,0.07,2.275,0.0
ATOM,1507.0,C,PHE,101.0,23.532,40.075,99.218,0.51,2.0,0.0
ATOM,1508.0,O,PHE,101.0,23.565,39.065,98.484,-0.51,1.7,15.36
ATOM,1509.0,CB,PHE,101.0,22.244,39.516,101.304,-0.18,2.175,1.07
ATOM,1510.0,CG,PHE,101.0,21.065,39.775,102.215,0.0,1.9924,0.0
ATOM,1511.0,CD1,PHE,101.0,20.259,40.897,102.052,-0.115,1.9924,0.0
ATOM,1512.0,CD2,PHE,101.0,20.769,38.905,103.243,-0.115,1.9924,4.07
ATOM,1513.0,CE1,PHE,101.0,19.18,41.138,102.905,-0.115,1.9924,1.35
ATOM,1514.0,CE2,PHE,101.0,19.685,39.142,104.099,-0.115,1.9924,7.63
ATOM,1515.0,CZ,PHE,101.0,18.893,40.266,103.919,-0.115,1.9924,6.54
ATOM,1516.0,H,PHE,101.0,20.389,39.435,99.424,0.31,0.2245,0.22
ATOM,1517.0,HA,PHE,101.0,22.299,41.379,100.215,0.09,1.32,0.0
ATOM,1518.0,HB2,PHE,101.0,22.197,38.575,101.005,0.09,1.32,7.29
ATOM,1519.0,HB3,PHE,101.0,23.07,39.69,101.818,0.09,1.32,0.0
ATOM,1520.0,HD1,PHE,101.0,20.448,41.542,101.317,0.115,1.3582,0.0
ATOM,1521.0,HD2,PHE,101.0,21.33,38.088,103.388,0.115,1.3582,10.19
ATOM,1522.0,HE1,PHE,101.0,18.62,41.968,102.757,0.115,1.3582,6.11
ATOM,1523.0,HE2,PHE,101.0,19.491,38.487,104.845,0.115,1.3582,17.98
ATOM,1524.0,HZ,PHE,101.0,18.118,40.433,104.529,0.115,1.3582,17.57
ATOM,1525.0,N,THR,102.0,24.526,40.966,99.259,-0.47,1.85,0.0
ATOM,1526.0,CA,THR,102.0,25.772,40.761,98.497,0.07,2.275,0.0
ATOM,1527.0,C,THR,102.0,27.088,40.832,99.296,0.51,2.0,0.0
ATOM,1528.0,O,THR,102.0,27.178,41.442,100.377,-0.51,1.7,0.0
ATOM,1529.0,CB,THR,102.0,25.867,41.672,97.212,0.14,2.275,0.17
ATOM,1530.0,OG1,THR,102.0,25.647,43.055,97.548,-0.66,1.77,0.0
ATOM,1531.0,CG2,THR,102.0,24.883,41.202,96.13,-0.27,2.06,12.97
ATOM,1532.0,H,THR,102.0,24.353,41.791,99.855,0.31,0.2245,0.0
ATOM,1533.0,HA,THR,102.0,25.723,39.834,98.057,0.09,1.32,1.52
ATOM,1534.0,HB,THR,102.0,26.808,41.578,96.829,0.09,1.32,2.02
ATOM,1535.0,HG21,THR,102.0,25.391,40.939,95.31,0.09,1.32,11.35
ATOM,1536.0,HG22,THR,102.0,24.366,40.416,96.469,0.09,1.32,0.31
ATOM,1537.0,HG23,THR,102.0,24.252,41.946,95.908,0.09,1.32,0.0
ATOM,1538.0,HG1,THR,102.0,25.758,43.631,96.733,0.43,0.2245,0.0
ATOM,1539.0,N,PHE,103.0,28.082,40.12,98.77,-0.47,1.85,0.0
ATOM,1540.0,CA,PHE,103.0,29.414,40.012,99.364,0.07,2.275,0.0
ATOM,1541.0,C,PHE,103.0,30.479,40.697,98.493,0.51,2.0,0.0
ATOM,1542.0,O,PHE,103.0,30.323,40.822,97.276,-0.51,1.7,15.42
ATOM,1543.0,CB,PHE,103.0,29.816,38.528,99.447,-0.18,2.175,9.02
ATOM,1544.0,CG,PHE,103.0,29.16,37.747,100.559,0.0,1.9924,0.32
ATOM,1545.0,CD1,PHE,103.0,29.692,37.767,101.852,-0.115,1.9924,2.58
ATOM,1546.0,CD2,PHE,103.0,28.071,36.91,100.293,-0.115,1.9924,9.11
ATOM,1547.0,CE1,PHE,103.0,29.155,36.959,102.869,-0.115,1.9924,3.61
ATOM,1548.0,CE2,PHE,103.0,27.521,36.099,101.296,-0.115,1.9924,11.84
ATOM,1549.0,CZ,PHE,103.0,28.062,36.116,102.586,-0.115,1.9924,8.96
ATOM,1550.0,H,PHE,103.0,27.824,39.631,97.873,0.31,0.2245,5.49
ATOM,1551.0,HA,PHE,103.0,29.39,40.516,100.236,0.09,1.32,0.0
ATOM,1552.0,HB2,PHE,103.0,29.567,38.101,98.586,0.09,1.32,6.44
ATOM,1553.0,HB3,PHE,103.0,30.798,38.491,99.586,0.09,1.32,0.0
ATOM,1554.0,HD1,PHE,103.0,30.461,38.36,102.063,0.115,1.3582,0.0
ATOM,1555.0,HD2,PHE,103.0,27.678,36.889,99.376,0.115,1.3582,9.72
ATOM,1556.0,HE1,PHE,103.0,29.551,36.985,103.785,0.115,1.3582,0.0
ATOM,1557.0,HE2,PHE,103.0,26.735,35.504,101.08,0.115,1.3582,17.96
ATOM,1558.0,HZ,PHE,103.0,27.685,35.543,103.301,0.115,1.3582,13.04
ATOM,1559.0,N,GLY,104.0,31.554,41.152,99.135,-0.47,1.85,0.0
ATOM,1560.0,CA,GLY,104.0,32.666,41.711,98.395,-0.02,2.175,0.0
ATOM,1561.0,C,GLY,104.0,33.513,40.511,97.972,0.51,2.0,0.2
ATOM,1562.0,O,GLY,104.0,33.339,39.423,98.524,-0.51,1.7,2.79
ATOM,1563.0,H,GLY,104.0,31.519,41.071,100.162,0.31,0.2245,0.0
ATOM,1564.0,HA2,GLY,104.0,32.342,42.181,97.592,0.09,1.32,0.0
ATOM,1565.0,HA3,GLY,104.0,33.202,42.3,98.974,0.09,1.32,0.0
ATOM,1566.0,N,GLY,105.0,34.417,40.691,97.004,-0.47,1.85,3.91
ATOM,1567.0,CA,GLY,105.0,35.265,39.593,96.537,-0.02,2.175,17.4
ATOM,1568.0,C,GLY,105.0,36.383,39.051,97.433,0.51,2.0,0.19
ATOM,1569.0,O,GLY,105.0,37.082,38.118,97.028,-0.51,1.7,27.47
ATOM,1570.0,H,GLY,105.0,34.463,41.652,96.624,0.31,0.2245,2.7
ATOM,1571.0,HA2,GLY,105.0,34.647,38.793,96.268,0.09,1.32,11.32
ATOM,1572.0,HA3,GLY,105.0,35.687,39.872,95.622,0.09,1.32,13.91
ATOM,1573.0,N,GLY,106.0,36.554,39.611,98.634,-0.47,1.85,0.0
ATOM,1574.0,CA,GLY,106.0,37.601,39.149,99.533,-0.02,2.175,0.31
ATOM,1575.0,C,GLY,106.0,38.966,39.836,99.447,0.51,2.0,1.45
ATOM,1576.0,O,GLY,106.0,39.342,40.358,98.403,-0.51,1.7,10.52
ATOM,1577.0,H,GLY,106.0,35.896,40.376,98.856,0.31,0.2245,0.0
ATOM,1578.0,HA2,GLY,106.0,37.26,39.222,100.508,0.09,1.32,0.0
ATOM,1579.0,HA3,GLY,106.0,37.738,38.132,99.392,0.09,1.32,0.2
ATOM,1580.0,N,THR,107.0,39.669,39.89,100.582,-0.47,1.85,0.0
ATOM,1581.0,CA,THR,107.0,41.029,40.445,100.696,0.07,2.275,0.06
ATOM,1582.0,C,THR,107.0,41.907,39.427,101.46,0.51,2.0,0.0
ATOM,1583.0,O,THR,107.0,41.654,39.097,102.634,-0.51,1.7,0.0
ATOM,1584.0,CB,THR,107.0,41.055,41.789,101.473,0.14,2.275,0.0
ATOM,1585.0,OG1,THR,107.0,40.366,42.797,100.717,-0.66,1.77,0.0
ATOM,1586.0,CG2,THR,107.0,42.506,42.247,101.728,-0.27,2.06,0.0
ATOM,1587.0,H,THR,107.0,39.157,39.492,101.414,0.31,0.2245,0.0
ATOM,1588.0,HA,THR,107.0,41.406,40.555,99.784,0.09,1.32,0.0
ATOM,1589.0,HB,THR,107.0,40.565,41.662,102.357,0.09,1.32,0.0
ATOM,1590.0,HG21,THR,107.0,42.659,42.323,102.712,0.09,1.32,0.0
ATOM,1591.0,HG22,THR,107.0,43.136,41.576,101.34,0.09,1.32,0.0
ATOM,1592.0,HG23,THR,107.0,42.652,43.135,101.295,0.09,1.32,0.0
ATOM,1593.0,HG1,THR,107.0,40.988,43.217,100.049,0.43,0.2245,0.0
ATOM,1594.0,N,LYS,108.0,42.937,38.929,100.786,-0.47,1.85,0.64
ATOM,1595.0,CA,LYS,108.0,43.87,37.951,101.352,0.07,2.275,0.0
ATOM,1596.0,C,LYS,108.0,44.985,38.625,102.184,0.51,2.0,0.0
ATOM,1597.0,O,LYS,108.0,45.745,39.457,101.672,-0.51,1.7,0.0
ATOM,1598.0,CB,LYS,108.0,44.473,37.171,100.183,-0.18,2.175,0.4
ATOM,1599.0,CG,LYS,108.0,45.318,35.951,100.477,-0.18,2.175,2.26
ATOM,1600.0,CD,LYS,108.0,45.768,35.371,99.116,-0.18,2.175,6.36
ATOM,1601.0,CE,LYS,108.0,46.383,33.974,99.228,0.21,2.175,16.68
ATOM,1602.0,NZ,LYS,108.0,45.492,33.013,99.963,-0.3,1.85,4.81
ATOM,1603.0,H,LYS,108.0,43.029,39.295,99.808,0.31,0.2245,0.22
ATOM,1604.0,HA,LYS,108.0,43.361,37.324,101.957,0.09,1.32,0.0
ATOM,1605.0,HB2,LYS,108.0,43.705,36.883,99.576,0.09,1.32,5.9
ATOM,1606.0,HB3,LYS,108.0,45.039,37.823,99.638,0.09,1.32,0.0
ATOM,1607.0,HG2,LYS,108.0,46.118,36.211,100.981,0.09,1.32,0.0
ATOM,1608.0,HG3,LYS,108.0,44.781,35.274,100.939,0.09,1.32,0.36
ATOM,1609.0,HD2,LYS,108.0,44.97,35.321,98.518,0.09,1.32,9.14
ATOM,1610.0,HD3,LYS,108.0,46.447,35.987,98.721,0.09,1.32,0.99
ATOM,1611.0,HE2,LYS,108.0,46.552,33.62,98.305,0.05,1.32,11.82
ATOM,1612.0,HE3,LYS,108.0,47.258,34.043,99.714,0.05,1.32,0.0
ATOM,1613.0,HZ1,LYS,108.0,44.785,33.528,100.443,0.33,0.2245,0.52
ATOM,1614.0,HZ2,LYS,108.0,45.073,32.391,99.305,0.33,0.2245,15.29
ATOM,1615.0,HZ3,LYS,108.0,46.041,32.497,100.617,0.33,0.2245,6.91
ATOM,1616.0,N,LEU,109.0,45.003,38.318,103.48,-0.47,1.85,0.0
ATOM,1617.0,CA,LEU,109.0,45.999,38.821,104.418,0.07,2.275,0.0
ATOM,1618.0,C,LEU,109.0,47.09,37.761,104.572,0.51,2.0,0.0
ATOM,1619.0,O,LEU,109.0,46.797,36.605,104.899,-0.51,1.7,2.54
ATOM,1620.0,CB,LEU,109.0,45.372,39.071,105.795,-0.18,2.175,0.0
ATOM,1621.0,CG,LEU,109.0,46.336,39.298,106.968,-0.09,2.275,0.0
ATOM,1622.0,CD1,LEU,109.0,47.164,40.504,106.67,-0.27,2.06,0.0
ATOM,1623.0,CD2,LEU,109.0,45.61,39.524,108.274,-0.27,2.06,0.0
ATOM,1624.0,H,LEU,109.0,44.225,37.672,103.772,0.31,0.2245,0.0
ATOM,1625.0,HA,LEU,109.0,46.412,39.644,104.04,0.09,1.32,0.0
ATOM,1626.0,HB2,LEU,109.0,44.796,39.884,105.725,0.09,1.32,0.0
ATOM,1627.0,HB3,LEU,109.0,44.81,38.279,106.023,0.09,1.32,0.0
ATOM,1628.0,HG,LEU,109.0,46.914,38.495,107.061,0.09,1.32,0.0
ATOM,1629.0,HD11,LEU,109.0,46.576,41.311,106.555,0.09,1.32,0.0
ATOM,1630.0,HD12,LEU,109.0,47.808,40.68,107.422,0.09,1.32,0.0
ATOM,1631.0,HD13,LEU,109.0,47.689,40.366,105.824,0.09,1.32,0.0
ATOM,1632.0,HD21,LEU,109.0,45.045,38.725,108.492,0.09,1.32,0.0
ATOM,1633.0,HD22,LEU,109.0,46.274,39.668,109.011,0.09,1.32,0.0
ATOM,1634.0,HD23,LEU,109.0,45.021,40.332,108.2,0.09,1.32,0.0
ATOM,1635.0,N,GLU,110.0,48.344,38.155,104.353,-0.47,1.85,0.0
ATOM,1636.0,CA,GLU,110.0,49.476,37.241,104.478,0.07,2.275,0.0
ATOM,1637.0,C,GLU,110.0,50.435,37.768,105.534,0.51,2.0,0.0
ATOM,1638.0,O,GLU,110.0,50.471,38.966,105.802,-0.51,1.7,0.0
ATOM,1639.0,CB,GLU,110.0,50.194,37.111,103.14,-0.18,2.175,1.5
ATOM,1640.0,CG,GLU,110.0,49.255,36.831,101.975,-0.28,2.175,0.16
ATOM,1641.0,CD,GLU,110.0,49.83,35.864,100.948,0.62,2.0,0.0
ATOM,1642.0,OE1,GLU,110.0,49.786,34.621,101.191,-0.76,1.7,5.27
ATOM,1643.0,OE2,GLU,110.0,50.29,36.359,99.889,-0.76,1.7,17.42
ATOM,1644.0,H,GLU,110.0,48.444,39.156,104.089,0.31,0.2245,0.0
ATOM,1645.0,HA,GLU,110.0,49.149,36.333,104.743,0.09,1.32,0.22
ATOM,1646.0,HB2,GLU,110.0,50.648,37.962,102.956,0.09,1.32,0.0
ATOM,1647.0,HB3,GLU,110.0,50.82,36.358,103.204,0.09,1.32,0.0
ATOM,1648.0,HG2,GLU,110.0,48.431,36.426,102.332,0.09,1.32,0.52
ATOM,1649.0,HG3,GLU,110.0,49.075,37.681,101.51,0.09,1.32,0.23
ATOM,1650.0,N,ILE,111.0,51.227,36.885,106.123,-0.47,1.85,0.0
ATOM,1651.0,CA,ILE,111.0,52.165,37.308,107.163,0.07,2.275,0.0
ATOM,1652.0,C,ILE,111.0,53.638,37.325,106.71,0.51,2.0,0.0
ATOM,1653.0,O,ILE,111.0,54.012,36.693,105.713,-0.51,1.7,1.17
ATOM,1654.0,CB,ILE,111.0,52.004,36.435,108.426,-0.09,2.275,0.0
ATOM,1655.0,CG1,ILE,111.0,50.729,36.804,109.194,-0.18,2.175,0.0
ATOM,1656.0,CG2,ILE,111.0,53.174,36.627,109.345,-0.27,2.06,0.48
ATOM,1657.0,CD1,ILE,111.0,50.857,38.071,110.006,-0.27,2.06,0.0
ATOM,1658.0,H,ILE,111.0,51.131,35.912,105.799,0.31,0.2245,0.0
ATOM,1659.0,HA,ILE,111.0,51.928,38.268,107.387,0.09,1.32,0.0
ATOM,1660.0,HB,ILE,111.0,51.924,35.486,108.134,0.09,1.32,0.0
ATOM,1661.0,HG12,ILE,111.0,49.987,36.911,108.536,0.09,1.32,0.0
ATOM,1662.0,HG13,ILE,111.0,50.507,36.048,109.808,0.09,1.32,0.0
ATOM,1663.0,HG21,ILE,111.0,53.08,36.038,110.151,0.09,1.32,0.0
ATOM,1664.0,HG22,ILE,111.0,54.026,36.393,108.872,0.09,1.32,0.0
ATOM,1665.0,HG23,ILE,111.0,53.223,37.582,109.646,0.09,1.32,0.0
ATOM,1666.0,HD11,ILE,111.0,51.071,38.835,109.399,0.09,1.32,0.0
ATOM,1667.0,HD12,ILE,111.0,49.995,38.252,110.478,0.09,1.32,0.0
ATOM,1668.0,HD13,ILE,111.0,51.589,37.963,110.678,0.09,1.32,0.0
ATOM,1669.0,N,LYS,112.0,54.422,38.184,107.355,-0.47,1.85,0.0
ATOM,1670.0,CA,LYS,112.0,55.848,38.292,107.093,0.07,2.275,0.0
ATOM,1671.0,C,LYS,112.0,56.557,37.56,108.238,0.51,2.0,0.43
ATOM,1672.0,O,LYS,112.0,56.197,37.676,109.413,-0.51,1.7,4.51
ATOM,1673.0,CB,LYS,112.0,56.284,39.747,106.968,-0.18,2.175,0.95
ATOM,1674.0,CG,LYS,112.0,55.881,40.331,105.645,-0.18,2.175,1.9
ATOM,1675.0,CD,LYS,112.0,56.308,41.789,105.469,-0.18,2.175,5.69
ATOM,1676.0,CE,LYS,112.0,55.885,42.293,104.076,0.21,2.175,5.4
ATOM,1677.0,NZ,LYS,112.0,56.347,43.683,103.741,-0.3,1.85,14.27
ATOM,1678.0,H,LYS,112.0,53.925,38.771,108.063,0.31,0.2245,0.0
ATOM,1679.0,HA,LYS,112.0,56.064,37.833,106.243,0.09,1.32,0.0
ATOM,1680.0,HB2,LYS,112.0,55.85,40.264,107.693,0.09,1.32,0.0
ATOM,1681.0,HB3,LYS,112.0,57.271,39.782,107.048,0.09,1.32,7.07
ATOM,1682.0,HG2,LYS,112.0,56.294,39.791,104.898,0.09,1.32,1.22
ATOM,1683.0,HG3,LYS,112.0,54.878,40.283,105.546,0.09,1.32,0.0
ATOM,1684.0,HD2,LYS,112.0,55.857,42.341,106.149,0.09,1.32,1.39
ATOM,1685.0,HD3,LYS,112.0,57.289,41.849,105.536,0.09,1.32,9.3
ATOM,1686.0,HE2,LYS,112.0,56.248,41.652,103.381,0.05,1.32,10.21
ATOM,1687.0,HE3,LYS,112.0,54.874,42.262,104.019,0.05,1.32,0.0
ATOM,1688.0,HZ1,LYS,112.0,57.313,43.653,103.495,0.33,0.2245,19.65
ATOM,1689.0,HZ2,LYS,112.0,55.811,44.027,102.974,0.33,0.2245,18.93
ATOM,1690.0,HZ3,LYS,112.0,56.217,44.269,104.537,0.33,0.2245,17.07
ATOM,1691.0,N,ARG,113.0,57.583,36.818,107.845,-0.47,1.85,0.42
ATOM,1692.0,CA,ARG,113.0,58.352,35.956,108.726,0.07,2.275,3.26
ATOM,1693.0,C,ARG,113.0,59.846,36.024,108.362,0.51,2.0,2.1
ATOM,1694.0,O,ARG,113.0,60.208,36.538,107.291,-0.51,1.7,10.28
ATOM,1695.0,CB,ARG,113.0,57.851,34.53,108.456,-0.18,2.175,0.37
ATOM,1696.0,CG,ARG,113.0,58.39,33.475,109.349,-0.18,2.175,5.84
ATOM,1697.0,CD,ARG,113.0,58.388,32.124,108.67,0.2,2.175,0.0
ATOM,1698.0,NE,ARG,113.0,58.907,31.124,109.597,-0.7,1.85,1.87
ATOM,1699.0,CZ,ARG,113.0,60.19,31.016,109.909,0.64,2.0,0.34
ATOM,1700.0,NH1,ARG,113.0,61.073,31.824,109.354,-0.8,1.85,0.07
ATOM,1701.0,NH2,ARG,113.0,60.58,30.188,110.859,-0.8,1.85,22.28
ATOM,1702.0,H,ARG,113.0,57.799,36.909,106.813,0.31,0.2245,0.03
ATOM,1703.0,HA,ARG,113.0,58.246,36.27,109.673,0.09,1.32,6.69
ATOM,1704.0,HB2,ARG,113.0,56.848,34.545,108.537,0.09,1.32,0.0
ATOM,1705.0,HB3,ARG,113.0,58.089,34.305,107.504,0.09,1.32,0.0
ATOM,1706.0,HG2,ARG,113.0,59.334,33.687,109.606,0.09,1.32,0.0
ATOM,1707.0,HG3,ARG,113.0,57.831,33.401,110.176,0.09,1.32,6.85
ATOM,1708.0,HD2,ARG,113.0,57.46,31.897,108.428,0.09,1.32,0.0
ATOM,1709.0,HD3,ARG,113.0,58.973,32.172,107.878,0.09,1.32,0.0
ATOM,1710.0,HE,ARG,113.0,58.259,30.487,110.018,0.44,0.2245,0.24
ATOM,1711.0,HH11,ARG,113.0,60.801,32.537,108.713,0.46,0.2245,0.0
ATOM,1712.0,HH12,ARG,113.0,62.054,31.723,109.582,0.46,0.2245,2.67
ATOM,1713.0,HH21,ARG,113.0,59.894,29.651,111.362,0.46,0.2245,11.59
ATOM,1714.0,HH22,ARG,113.0,61.547,30.091,111.084,0.46,0.2245,17.76
ATOM,1715.0,N,ALA,114.0,60.701,35.493,109.244,-0.47,1.85,3.67
ATOM,1716.0,CA,ALA,114.0,62.144,35.428,109.0,0.07,2.275,4.78
ATOM,1717.0,C,ALA,114.0,62.287,34.501,107.811,0.51,2.0,0.0
ATOM,1718.0,O,ALA,114.0,61.404,33.679,107.571,-0.51,1.7,0.0
ATOM,1719.0,CB,ALA,114.0,62.85,34.816,110.21,-0.27,2.06,33.87
ATOM,1720.0,H,ALA,114.0,60.253,35.133,110.113,0.31,0.2245,4.82
ATOM,1721.0,HA,ALA,114.0,62.466,36.323,108.753,0.09,1.32,8.33
ATOM,1722.0,HB1,ALA,114.0,62.426,33.939,110.432,0.09,1.32,0.4
ATOM,1723.0,HB2,ALA,114.0,63.815,34.677,109.994,0.09,1.32,7.44
ATOM,1724.0,HB3,ALA,114.0,62.767,35.435,110.989,0.09,1.32,11.45
ATOM,1725.0,N,ASP,115.0,63.358,34.64,107.039,-0.47,1.85,0.42
ATOM,1726.0,CA,ASP,115.0,63.561,33.762,105.877,0.07,2.275,0.0
ATOM,1727.0,C,ASP,115.0,63.82,32.314,106.313,0.51,2.0,0.05
ATOM,1728.0,O,ASP,115.0,64.27,32.086,107.445,-0.51,1.7,16.95
ATOM,1729.0,CB,ASP,115.0,64.732,34.247,105.043,-0.28,2.175,9.01
ATOM,1730.0,CG,ASP,115.0,64.352,35.334,104.058,0.62,2.0,2.52
ATOM,1731.0,OD1,ASP,115.0,63.325,36.037,104.249,-0.76,1.7,11.45
ATOM,1732.0,OD2,ASP,115.0,65.105,35.478,103.075,-0.76,1.7,4.67
ATOM,1733.0,H,ASP,115.0,64.012,35.386,107.311,0.31,0.2245,9.52
ATOM,1734.0,HA,ASP,115.0,62.702,33.761,105.353,0.09,1.32,0.0
ATOM,1735.0,HB2,ASP,115.0,65.427,34.607,105.66,0.09,1.32,8.86
ATOM,1736.0,HB3,ASP,115.0,65.097,33.472,104.535,0.09,1.32,0.0
ATOM,1737.0,N,ALA,116.0,63.54,31.35,105.426,-0.47,1.85,0.0
ATOM,1738.0,CA,ALA,116.0,63.741,29.925,105.723,0.07,2.275,0.0
ATOM,1739.0,C,ALA,116.0,63.946,29.081,104.472,0.51,2.0,0.0
ATOM,1740.0,O,ALA,116.0,63.233,29.225,103.468,-0.51,1.7,0.0
ATOM,1741.0,CB,ALA,116.0,62.568,29.361,106.552,-0.27,2.06,6.6
ATOM,1742.0,H,ALA,116.0,63.171,31.695,104.517,0.31,0.2245,0.0
ATOM,1743.0,HA,ALA,116.0,64.562,29.835,106.313,0.09,1.32,5.21
ATOM,1744.0,HB1,ALA,116.0,62.889,28.576,107.075,0.09,1.32,9.34
ATOM,1745.0,HB2,ALA,116.0,62.238,30.07,107.17,0.09,1.32,0.0
ATOM,1746.0,HB3,ALA,116.0,61.839,29.082,105.933,0.09,1.32,0.0
ATOM,1747.0,N,ALA,117.0,64.975,28.24,104.522,-0.47,1.85,0.0
ATOM,1748.0,CA,ALA,117.0,65.315,27.334,103.422,0.07,2.275,0.0
ATOM,1749.0,C,ALA,117.0,64.391,26.117,103.478,0.51,2.0,0.0
ATOM,1750.0,O,ALA,117.0,63.981,25.671,104.557,-0.51,1.7,12.22
ATOM,1751.0,CB,ALA,117.0,66.797,26.882,103.516,-0.27,2.06,27.48
ATOM,1752.0,H,ALA,117.0,65.522,28.279,105.412,0.31,0.2245,9.34
ATOM,1753.0,HA,ALA,117.0,65.168,27.808,102.556,0.09,1.32,0.0
ATOM,1754.0,HB1,ALA,117.0,66.954,26.489,104.416,0.09,1.32,9.26
ATOM,1755.0,HB2,ALA,117.0,66.969,26.203,102.809,0.09,1.32,0.72
ATOM,1756.0,HB3,ALA,117.0,67.382,27.675,103.381,0.09,1.32,0.17
ATOM,1757.0,N,PRO,118.0,64.068,25.556,102.313,-0.29,1.85,0.0
ATOM,1758.0,CA,PRO,118.0,63.188,24.387,102.239,0.02,2.275,0.0
ATOM,1759.0,C,PRO,118.0,63.848,23.047,102.541,0.51,2.0,0.21
ATOM,1760.0,O,PRO,118.0,65.021,22.829,102.213,-0.51,1.7,8.35
ATOM,1761.0,CB,PRO,118.0,62.719,24.42,100.787,-0.18,2.175,0.0
ATOM,1762.0,CG,PRO,118.0,63.917,24.92,100.063,-0.18,2.175,0.0
ATOM,1763.0,CD,PRO,118.0,64.388,26.061,100.964,0.0,2.175,0.0
ATOM,1764.0,HA,PRO,118.0,62.368,24.524,102.844,0.09,1.32,0.0
ATOM,1765.0,HB2,PRO,118.0,62.465,23.506,100.477,0.09,1.32,0.0
ATOM,1766.0,HB3,PRO,118.0,61.946,25.041,100.679,0.09,1.32,0.0
ATOM,1767.0,HG2,PRO,118.0,64.617,24.222,99.998,0.09,1.32,0.0
ATOM,1768.0,HG3,PRO,118.0,63.677,25.266,99.166,0.09,1.32,0.0
ATOM,1769.0,HD2,PRO,118.0,65.365,26.212,100.864,0.09,1.32,0.0
ATOM,1770.0,HD3,PRO,118.0,63.886,26.898,100.77,0.09,1.32,0.0
ATOM,1771.0,N,THR,119.0,63.094,22.148,103.162,-0.47,1.85,0.0
ATOM,1772.0,CA,THR,119.0,63.579,20.806,103.422,0.07,2.275,2.0
ATOM,1773.0,C,THR,119.0,63.088,20.071,102.176,0.51,2.0,0.0
ATOM,1774.0,O,THR,119.0,61.885,20.063,101.916,-0.51,1.7,1.59
ATOM,1775.0,CB,THR,119.0,62.909,20.216,104.643,0.14,2.275,1.75
ATOM,1776.0,OG1,THR,119.0,63.103,21.09,105.764,-0.66,1.77,21.71
ATOM,1777.0,CG2,THR,119.0,63.496,18.842,104.955,-0.27,2.06,35.4
ATOM,1778.0,H,THR,119.0,62.151,22.484,103.437,0.31,0.2245,0.0
ATOM,1779.0,HA,THR,119.0,64.55,20.808,103.414,0.09,1.32,3.84
ATOM,1780.0,HB,THR,119.0,61.903,20.141,104.477,0.09,1.32,0.0
ATOM,1781.0,HG21,THR,119.0,63.282,18.59,105.901,0.09,1.32,11.29
ATOM,1782.0,HG22,THR,119.0,63.105,18.159,104.335,0.09,1.32,0.94
ATOM,1783.0,HG23,THR,119.0,64.49,18.865,104.837,0.09,1.32,8.86
ATOM,1784.0,HG1,THR,119.0,62.274,21.633,105.931,0.43,0.2245,5.31
ATOM,1785.0,N,VAL,120.0,64.012,19.533,101.375,-0.47,1.85,0.0
ATOM,1786.0,CA,VAL,120.0,63.684,18.838,100.115,0.07,2.275,0.0
ATOM,1787.0,C,VAL,120.0,63.783,17.307,100.205,0.51,2.0,0.0
ATOM,1788.0,O,VAL,120.0,64.677,16.776,100.844,-0.51,1.7,5.03
ATOM,1789.0,CB,VAL,120.0,64.607,19.321,98.979,-0.09,2.275,0.0
ATOM,1790.0,CG1,VAL,120.0,64.237,18.675,97.669,-0.27,2.06,0.0
ATOM,1791.0,CG2,VAL,120.0,64.574,20.835,98.868,-0.27,2.06,0.0
ATOM,1792.0,H,VAL,120.0,64.994,19.645,101.715,0.31,0.2245,3.8
ATOM,1793.0,HA,VAL,120.0,62.726,19.072,99.874,0.09,1.32,0.0
ATOM,1794.0,HB,VAL,120.0,65.535,19.03,99.204,0.09,1.32,0.0
ATOM,1795.0,HG11,VAL,120.0,63.253,18.485,97.648,0.09,1.32,0.0
ATOM,1796.0,HG12,VAL,120.0,64.468,19.287,96.909,0.09,1.32,0.0
ATOM,1797.0,HG13,VAL,120.0,64.738,17.814,97.559,0.09,1.32,0.0
ATOM,1798.0,HG21,VAL,120.0,63.847,21.106,98.237,0.09,1.32,0.0
ATOM,1799.0,HG22,VAL,120.0,64.399,21.23,99.77,0.09,1.32,0.0
ATOM,1800.0,HG23,VAL,120.0,65.455,21.162,98.524,0.09,1.32,0.0
ATOM,1801.0,N,SER,121.0,62.885,16.61,99.524,-0.47,1.85,0.0
ATOM,1802.0,CA,SER,121.0,62.848,15.156,99.533,0.07,2.275,1.02
ATOM,1803.0,C,SER,121.0,62.34,14.683,98.191,0.51,2.0,0.0
ATOM,1804.0,O,SER,121.0,61.326,15.185,97.697,-0.51,1.7,0.0
ATOM,1805.0,CB,SER,121.0,61.876,14.643,100.602,0.05,2.175,6.81
ATOM,1806.0,OG,SER,121.0,62.233,15.064,101.905,-0.66,1.77,24.9
ATOM,1807.0,H,SER,121.0,62.207,17.194,98.981,0.31,0.2245,0.0
ATOM,1808.0,HA,SER,121.0,63.782,14.821,99.65,0.09,1.32,1.66
ATOM,1809.0,HB2,SER,121.0,60.959,14.984,100.39,0.09,1.32,0.0
ATOM,1810.0,HB3,SER,121.0,61.871,13.642,100.574,0.09,1.32,2.06
ATOM,1811.0,HG,SER,121.0,63.05,15.637,101.859,0.43,0.2245,2.8
ATOM,1812.0,N,ILE,122.0,63.062,13.737,97.598,-0.47,1.85,0.0
ATOM,1813.0,CA,ILE,122.0,62.694,13.141,96.327,0.07,2.275,0.0
ATOM,1814.0,C,ILE,122.0,62.256,11.677,96.635,0.51,2.0,0.0
ATOM,1815.0,O,ILE,122.0,62.668,11.094,97.665,-0.51,1.7,13.14
ATOM,1816.0,CB,ILE,122.0,63.886,13.211,95.319,-0.09,2.275,0.0
ATOM,1817.0,CG1,ILE,122.0,63.447,12.73,93.93,-0.18,2.175,0.0
ATOM,1818.0,CG2,ILE,122.0,65.059,12.364,95.822,-0.27,2.06,7.61
ATOM,1819.0,CD1,ILE,122.0,64.375,13.088,92.807,-0.27,2.06,0.0
ATOM,1820.0,H,ILE,122.0,63.922,13.46,98.131,0.31,0.2245,2.97
ATOM,1821.0,HA,ILE,122.0,61.879,13.602,96.014,0.09,1.32,0.0
ATOM,1822.0,HB,ILE,122.0,64.16,14.162,95.248,0.09,1.32,0.0
ATOM,1823.0,HG12,ILE,122.0,63.342,11.73,93.967,0.09,1.32,0.0
ATOM,1824.0,HG13,ILE,122.0,62.539,13.123,93.742,0.09,1.32,0.0
ATOM,1825.0,HG21,ILE,122.0,65.823,12.45,95.187,0.09,1.32,0.0
ATOM,1826.0,HG22,ILE,122.0,65.334,12.687,96.724,0.09,1.32,0.84
ATOM,1827.0,HG23,ILE,122.0,64.775,11.41,95.878,0.09,1.32,1.27
ATOM,1828.0,HD11,ILE,122.0,65.277,12.686,92.973,0.09,1.32,0.0
ATOM,1829.0,HD12,ILE,122.0,64.011,12.736,91.943,0.09,1.32,0.0
ATOM,1830.0,HD13,ILE,122.0,64.464,14.083,92.746,0.09,1.32,0.0
ATOM,1831.0,N,PHE,123.0,61.314,11.158,95.838,-0.47,1.85,0.0
ATOM,1832.0,CA,PHE,123.0,60.794,9.787,95.986,0.07,2.275,0.0
ATOM,1833.0,C,PHE,123.0,60.653,9.137,94.624,0.51,2.0,0.0
ATOM,1834.0,O,PHE,123.0,60.154,9.744,93.667,-0.51,1.7,0.14
ATOM,1835.0,CB,PHE,123.0,59.411,9.753,96.656,-0.18,2.175,9.52
ATOM,1836.0,CG,PHE,123.0,59.383,10.363,98.007,0.0,1.9924,0.53
ATOM,1837.0,CD1,PHE,123.0,59.187,11.732,98.158,-0.115,1.9924,1.71
ATOM,1838.0,CD2,PHE,123.0,59.582,9.587,99.133,-0.115,1.9924,12.45
ATOM,1839.0,CE1,PHE,123.0,59.195,12.317,99.429,-0.115,1.9924,0.0
ATOM,1840.0,CE2,PHE,123.0,59.595,10.163,100.404,-0.115,1.9924,18.67
ATOM,1841.0,CZ,PHE,123.0,59.403,11.532,100.548,-0.115,1.9924,7.5
ATOM,1842.0,H,PHE,123.0,60.975,11.812,95.095,0.31,0.2245,0.0
ATOM,1843.0,HA,PHE,123.0,61.489,9.271,96.491,0.09,1.32,0.04
ATOM,1844.0,HB2,PHE,123.0,58.788,10.252,96.07,0.09,1.32,0.0
ATOM,1845.0,HB3,PHE,123.0,59.144,8.802,96.732,0.09,1.32,3.67
ATOM,1846.0,HD1,PHE,123.0,59.038,12.306,97.362,0.115,1.3582,0.0
ATOM,1847.0,HD2,PHE,123.0,59.718,8.6,99.042,0.115,1.3582,11.69
ATOM,1848.0,HE1,PHE,123.0,59.05,13.309,99.514,0.115,1.3582,0.0
ATOM,1849.0,HE2,PHE,123.0,59.746,9.578,101.215,0.115,1.3582,18.45
ATOM,1850.0,HZ,PHE,123.0,59.415,11.948,101.456,0.115,1.3582,13.17
ATOM,1851.0,N,PRO,124.0,61.13,7.904,94.504,-0.29,1.85,0.0
ATOM,1852.0,CA,PRO,124.0,61.024,7.205,93.223,0.02,2.275,0.0
ATOM,1853.0,C,PRO,124.0,59.589,6.684,93.008,0.51,2.0,0.0
ATOM,1854.0,O,PRO,124.0,58.795,6.625,93.96,-0.51,1.7,10.99
ATOM,1855.0,CB,PRO,124.0,62.015,6.058,93.404,-0.18,2.175,6.82
ATOM,1856.0,CG,PRO,124.0,61.943,5.793,94.875,-0.18,2.175,20.36
ATOM,1857.0,CD,PRO,124.0,61.912,7.142,95.487,0.0,2.175,12.09
ATOM,1858.0,HA,PRO,124.0,61.297,7.799,92.462,0.09,1.32,0.0
ATOM,1859.0,HB2,PRO,124.0,61.731,5.258,92.883,0.09,1.32,2.45
ATOM,1860.0,HB3,PRO,124.0,62.932,6.335,93.136,0.09,1.32,0.0
ATOM,1861.0,HG2,PRO,124.0,61.115,5.27,95.093,0.09,1.32,6.1
ATOM,1862.0,HG3,PRO,124.0,62.746,5.271,95.172,0.09,1.32,11.97
ATOM,1863.0,HD2,PRO,124.0,61.452,7.142,96.373,0.09,1.32,3.89
ATOM,1864.0,HD3,PRO,124.0,62.827,7.532,95.583,0.09,1.32,3.55
ATOM,1865.0,N,PRO,125.0,59.215,6.377,91.751,-0.29,1.85,0.0
ATOM,1866.0,CA,PRO,125.0,57.871,5.859,91.48,0.02,2.275,0.0
ATOM,1867.0,C,PRO,125.0,57.671,4.562,92.266,0.51,2.0,0.0
ATOM,1868.0,O,PRO,125.0,58.594,3.749,92.367,-0.51,1.7,10.39
ATOM,1869.0,CB,PRO,125.0,57.924,5.573,89.98,-0.18,2.175,0.0
ATOM,1870.0,CG,PRO,125.0,58.779,6.671,89.49,-0.18,2.175,0.0
ATOM,1871.0,CD,PRO,125.0,59.918,6.658,90.489,0.0,2.175,0.0
ATOM,1872.0,HA,PRO,125.0,57.173,6.53,91.718,0.09,1.32,0.91
ATOM,1873.0,HB2,PRO,125.0,58.336,4.683,89.808,0.09,1.32,0.0
ATOM,1874.0,HB3,PRO,125.0,57.013,5.613,89.583,0.09,1.32,0.0
ATOM,1875.0,HG2,PRO,125.0,59.117,6.487,88.574,0.09,1.32,0.0
ATOM,1876.0,HG3,PRO,125.0,58.302,7.542,89.517,0.09,1.32,0.0
ATOM,1877.0,HD2,PRO,125.0,60.572,5.939,90.281,0.09,1.32,0.0
ATOM,1878.0,HD3,PRO,125.0,60.375,7.541,90.527,0.09,1.32,0.0
ATOM,1879.0,N,SER,126.0,56.49,4.389,92.851,-0.47,1.85,0.29
ATOM,1880.0,CA,SER,126.0,56.174,3.194,93.62,0.07,2.275,2.65
ATOM,1881.0,C,SER,126.0,56.066,2.035,92.65,0.51,2.0,0.0
ATOM,1882.0,O,SER,126.0,55.824,2.229,91.457,-0.51,1.7,0.0
ATOM,1883.0,CB,SER,126.0,54.847,3.372,94.379,0.05,2.175,21.14
ATOM,1884.0,OG,SER,126.0,53.786,3.655,93.482,-0.66,1.77,10.78
ATOM,1885.0,H,SER,126.0,55.819,5.174,92.712,0.31,0.2245,3.38
ATOM,1886.0,HA,SER,126.0,56.932,3.012,94.239,0.09,1.32,8.04
ATOM,1887.0,HB2,SER,126.0,54.646,2.53,94.867,0.09,1.32,0.0
ATOM,1888.0,HB3,SER,126.0,54.946,4.128,95.016,0.09,1.32,11.35
ATOM,1889.0,HG,SER,126.0,53.957,3.199,92.61,0.43,0.2245,0.0
ATOM,1890.0,N,SER,127.0,56.243,0.823,93.151,-0.47,1.85,2.21
ATOM,1891.0,CA,SER,127.0,56.146,-0.351,92.296,0.07,2.275,3.04
ATOM,1892.0,C,SER,127.0,54.73,-0.494,91.724,0.51,2.0,0.0
ATOM,1893.0,O,SER,127.0,54.553,-0.766,90.534,-0.51,1.7,0.67
ATOM,1894.0,CB,SER,127.0,56.522,-1.582,93.109,0.05,2.175,28.08
ATOM,1895.0,OG,SER,127.0,56.269,-1.344,94.489,-0.66,1.77,25.16
ATOM,1896.0,H,SER,127.0,56.448,0.785,94.161,0.31,0.2245,4.26
ATOM,1897.0,HA,SER,127.0,56.776,-0.231,91.521,0.09,1.32,1.26
ATOM,1898.0,HB2,SER,127.0,55.972,-2.35,92.81,0.09,1.32,7.22
ATOM,1899.0,HB3,SER,127.0,57.488,-1.768,92.988,0.09,1.32,11.41
ATOM,1900.0,HG,SER,127.0,55.386,-0.89,94.589,0.43,0.2245,0.0
ATOM,1901.0,N,GLU,128.0,53.728,-0.274,92.574,-0.47,1.85,0.04
ATOM,1902.0,CA,GLU,128.0,52.321,-0.37,92.171,0.07,2.275,1.28
ATOM,1903.0,C,GLU,128.0,52.012,0.492,90.945,0.51,2.0,0.33
ATOM,1904.0,O,GLU,128.0,51.377,0.034,90.002,-0.51,1.7,1.98
ATOM,1905.0,CB,GLU,128.0,51.402,0.036,93.33,-0.18,2.175,13.39
ATOM,1906.0,CG,GLU,128.0,51.472,-0.859,94.58,-0.28,2.175,19.77
ATOM,1907.0,CD,GLU,128.0,52.273,-0.252,95.745,0.62,2.0,4.59
ATOM,1908.0,OE1,GLU,128.0,53.431,0.208,95.533,-0.76,1.7,8.98
ATOM,1909.0,OE2,GLU,128.0,51.734,-0.246,96.878,-0.76,1.7,48.09
ATOM,1910.0,H,GLU,128.0,54.026,-0.03,93.542,0.31,0.2245,0.0
ATOM,1911.0,HA,GLU,128.0,52.095,-1.334,91.968,0.09,1.32,4.03
ATOM,1912.0,HB2,GLU,128.0,51.656,0.949,93.611,0.09,1.32,1.62
ATOM,1913.0,HB3,GLU,128.0,50.47,0.006,93.003,0.09,1.32,9.65
ATOM,1914.0,HG2,GLU,128.0,50.554,-1.006,94.902,0.09,1.32,10.16
ATOM,1915.0,HG3,GLU,128.0,51.915,-1.702,94.33,0.09,1.32,7.28
ATOM,1916.0,N,GLN,129.0,52.493,1.734,90.951,-0.47,1.85,0.54
ATOM,1917.0,CA,GLN,129.0,52.268,2.637,89.833,0.07,2.275,2.44
ATOM,1918.0,C,GLN,129.0,52.969,2.166,88.566,0.51,2.0,0.0
ATOM,1919.0,O,GLN,129.0,52.422,2.294,87.468,-0.51,1.7,0.0
ATOM,1920.0,CB,GLN,129.0,52.709,4.054,90.17,-0.18,2.175,1.76
ATOM,1921.0,CG,GLN,129.0,52.768,4.957,88.944,-0.18,2.175,2.65
ATOM,1922.0,CD,GLN,129.0,52.933,6.421,89.276,0.55,2.0,1.83
ATOM,1923.0,H,GLN,129.0,53.027,1.991,91.801,0.31,0.2245,0.0
ATOM,1924.0,HA,GLN,129.0,51.274,2.659,89.644,0.09,1.32,4.38
ATOM,1925.0,HB2,GLN,129.0,52.062,4.452,90.815,0.09,1.32,8.76
ATOM,1926.0,HB3,GLN,129.0,53.62,4.024,90.575,0.09,1.32,0.0
ATOM,1927.0,HG2,GLN,129.0,53.542,4.667,88.373,0.09,1.32,0.0
ATOM,1928.0,HG3,GLN,129.0,51.919,4.838,88.421,0.09,1.32,5.29
ATOM,1929.0,OE1,GLN,129.0,52.385,7.285,88.593,-0.55,1.7,16.89
ATOM,1930.0,NE2,GLN,129.0,53.703,6.715,90.306,-0.62,1.85,9.29
ATOM,1931.0,HE21,GLN,129.0,53.873,7.681,90.582,0.32,0.2245,4.03
ATOM,1932.0,HE22,GLN,129.0,54.135,5.954,90.835,0.3,0.2245,0.0
ATOM,1933.0,N,LEU,130.0,54.184,1.641,88.701,-0.47,1.85,0.0
ATOM,1934.0,CA,LEU,130.0,54.901,1.16,87.525,0.07,2.275,0.0
ATOM,1935.0,C,LEU,130.0,54.187,-0.051,86.916,0.51,2.0,0.0
ATOM,1936.0,O,LEU,130.0,54.176,-0.224,85.7,-0.51,1.7,0.0
ATOM,1937.0,CB,LEU,130.0,56.361,0.829,87.867,-0.18,2.175,5.83
ATOM,1938.0,CG,LEU,130.0,57.301,2.037,87.96,-0.09,2.275,0.0
ATOM,1939.0,CD1,LEU,130.0,58.68,1.611,88.414,-0.27,2.06,17.51
ATOM,1940.0,CD2,LEU,130.0,57.38,2.729,86.617,-0.27,2.06,0.0
ATOM,1941.0,H,LEU,130.0,54.552,1.607,89.657,0.31,0.2245,0.0
ATOM,1942.0,HA,LEU,130.0,54.921,1.891,86.837,0.09,1.32,0.0
ATOM,1943.0,HB2,LEU,130.0,56.371,0.376,88.749,0.09,1.32,0.0
ATOM,1944.0,HB3,LEU,130.0,56.712,0.233,87.158,0.09,1.32,1.9
ATOM,1945.0,HG,LEU,130.0,56.918,2.692,88.613,0.09,1.32,0.0
ATOM,1946.0,HD11,LEU,130.0,59.064,0.956,87.761,0.09,1.32,9.67
ATOM,1947.0,HD12,LEU,130.0,59.281,2.411,88.469,0.09,1.32,0.0
ATOM,1948.0,HD13,LEU,130.0,58.621,1.18,89.317,0.09,1.32,3.05
ATOM,1949.0,HD21,LEU,130.0,56.468,3.042,86.343,0.09,1.32,0.0
ATOM,1950.0,HD22,LEU,130.0,57.994,3.518,86.678,0.09,1.32,0.0
ATOM,1951.0,HD23,LEU,130.0,57.73,2.092,85.927,0.09,1.32,0.12
ATOM,1952.0,N,THR,131.0,53.574,-0.873,87.762,-0.47,1.85,0.4
ATOM,1953.0,CA,THR,131.0,52.83,-2.051,87.313,0.07,2.275,1.64
ATOM,1954.0,C,THR,131.0,51.703,-1.609,86.361,0.51,2.0,0.0
ATOM,1955.0,O,THR,131.0,51.498,-2.172,85.275,-0.51,1.7,19.16
ATOM,1956.0,CB,THR,131.0,52.247,-2.787,88.547,0.14,2.275,0.0
ATOM,1957.0,OG1,THR,131.0,53.285,-3.551,89.183,-0.66,1.77,24.31
ATOM,1958.0,CG2,THR,131.0,51.084,-3.681,88.176,-0.27,2.06,37.54
ATOM,1959.0,H,THR,131.0,53.667,-0.61,88.767,0.31,0.2245,0.0
ATOM,1960.0,HA,THR,131.0,53.449,-2.648,86.805,0.09,1.32,4.08
ATOM,1961.0,HB,THR,131.0,51.91,-2.092,89.211,0.09,1.32,0.0
ATOM,1962.0,HG21,THR,131.0,50.221,-3.268,88.482,0.09,1.32,7.25
ATOM,1963.0,HG22,THR,131.0,51.049,-3.806,87.18,0.09,1.32,3.61
ATOM,1964.0,HG23,THR,131.0,51.187,-4.579,88.613,0.09,1.32,10.13
ATOM,1965.0,HG1,THR,131.0,53.887,-2.946,89.712,0.43,0.2245,4.96
ATOM,1966.0,N,SER,132.0,51.01,-0.553,86.763,-0.47,1.85,0.0
ATOM,1967.0,CA,SER,132.0,49.93,0.002,85.975,0.07,2.275,1.64
ATOM,1968.0,C,SER,132.0,50.454,0.657,84.684,0.51,2.0,0.01
ATOM,1969.0,O,SER,132.0,49.687,0.862,83.737,-0.51,1.7,32.16
ATOM,1970.0,CB,SER,132.0,49.147,0.986,86.837,0.05,2.175,22.32
ATOM,1971.0,OG,SER,132.0,48.912,0.399,88.115,-0.66,1.77,23.94
ATOM,1972.0,H,SER,132.0,51.309,-0.164,87.684,0.31,0.2245,0.0
ATOM,1973.0,HA,SER,132.0,49.313,-0.747,85.702,0.09,1.32,9.74
ATOM,1974.0,HB2,SER,132.0,49.679,1.809,86.956,0.09,1.32,1.39
ATOM,1975.0,HB3,SER,132.0,48.278,1.174,86.407,0.09,1.32,10.03
ATOM,1976.0,HG,SER,132.0,49.773,0.346,88.616,0.43,0.2245,0.0
ATOM,1977.0,N,GLY,133.0,51.747,0.997,84.65,-0.47,1.85,0.0
ATOM,1978.0,CA,GLY,133.0,52.336,1.582,83.453,-0.02,2.175,8.4
ATOM,1979.0,C,GLY,133.0,52.796,3.03,83.454,0.51,2.0,1.81
ATOM,1980.0,O,GLY,133.0,53.273,3.515,82.434,-0.51,1.7,10.6
ATOM,1981.0,H,GLY,133.0,52.269,0.812,85.521,0.31,0.2245,0.0
ATOM,1982.0,HA2,GLY,133.0,53.143,0.98,83.158,0.09,1.32,0.0
ATOM,1983.0,HA3,GLY,133.0,51.662,1.451,82.66,0.09,1.32,7.88
ATOM,1984.0,N,GLY,134.0,52.648,3.734,84.564,-0.47,1.85,3.49
ATOM,1985.0,CA,GLY,134.0,53.083,5.117,84.61,-0.02,2.175,11.94
ATOM,1986.0,C,GLY,134.0,54.207,5.25,85.612,0.51,2.0,0.0
ATOM,1987.0,O,GLY,134.0,54.461,4.319,86.386,-0.51,1.7,0.0
ATOM,1988.0,H,GLY,134.0,52.217,3.235,85.354,0.31,0.2245,0.2
ATOM,1989.0,HA2,GLY,134.0,53.405,5.4,83.705,0.09,1.32,0.0
ATOM,1990.0,HA3,GLY,134.0,52.318,5.702,84.884,0.09,1.32,9.29
ATOM,1991.0,N,ALA,135.0,54.851,6.411,85.64,-0.47,1.85,0.04
ATOM,1992.0,CA,ALA,135.0,55.975,6.639,86.55,0.07,2.275,0.0
ATOM,1993.0,C,ALA,135.0,56.045,8.071,87.019,0.51,2.0,0.0
ATOM,1994.0,O,ALA,135.0,56.52,8.936,86.298,-0.51,1.7,0.0
ATOM,1995.0,CB,ALA,135.0,57.281,6.268,85.862,-0.27,2.06,0.0
ATOM,1996.0,H,ALA,135.0,54.499,7.126,84.978,0.31,0.2245,1.61
ATOM,1997.0,HA,ALA,135.0,55.86,6.034,87.355,0.09,1.32,0.0
ATOM,1998.0,HB1,ALA,135.0,57.445,5.287,85.962,0.09,1.32,0.0
ATOM,1999.0,HB2,ALA,135.0,57.224,6.498,84.891,0.09,1.32,0.0
ATOM,2000.0,HB3,ALA,135.0,58.035,6.775,86.28,0.09,1.32,0.0
ATOM,2001.0,N,SER,136.0,55.554,8.338,88.216,-0.47,1.85,0.0
ATOM,2002.0,CA,SER,136.0,55.616,9.696,88.726,0.07,2.275,0.0
ATOM,2003.0,C,SER,136.0,56.737,9.762,89.745,0.51,2.0,0.0
ATOM,2004.0,O,SER,136.0,56.826,8.914,90.619,-0.51,1.7,1.85
ATOM,2005.0,CB,SER,136.0,54.29,10.108,89.387,0.05,2.175,6.8
ATOM,2006.0,OG,SER,136.0,53.203,10.005,88.472,-0.66,1.77,7.85
ATOM,2007.0,H,SER,136.0,55.148,7.545,88.724,0.31,0.2245,0.0
ATOM,2008.0,HA,SER,136.0,55.847,10.304,87.971,0.09,1.32,0.0
ATOM,2009.0,HB2,SER,136.0,54.119,9.507,90.161,0.09,1.32,0.99
ATOM,2010.0,HB3,SER,136.0,54.366,11.052,89.693,0.09,1.32,0.0
ATOM,2011.0,HG,SER,136.0,52.87,9.064,88.46,0.43,0.2245,1.16
ATOM,2012.0,N,VAL,137.0,57.604,10.753,89.596,-0.47,1.85,0.0
ATOM,2013.0,CA,VAL,137.0,58.718,10.969,90.501,0.07,2.275,0.0
ATOM,2014.0,C,VAL,137.0,58.275,12.209,91.279,0.51,2.0,0.0
ATOM,2015.0,O,VAL,137.0,57.909,13.213,90.665,-0.51,1.7,0.0
ATOM,2016.0,CB,VAL,137.0,60.016,11.237,89.685,-0.09,2.275,0.0
ATOM,2017.0,CG1,VAL,137.0,61.229,11.27,90.603,-0.27,2.06,0.0
ATOM,2018.0,CG2,VAL,137.0,60.181,10.162,88.611,-0.27,2.06,0.0
ATOM,2019.0,H,VAL,137.0,57.415,11.368,88.767,0.31,0.2245,0.0
ATOM,2020.0,HA,VAL,137.0,58.765,10.222,91.128,0.09,1.32,0.0
ATOM,2021.0,HB,VAL,137.0,59.928,12.14,89.279,0.09,1.32,0.0
ATOM,2022.0,HG11,VAL,137.0,61.546,10.337,90.771,0.09,1.32,0.0
ATOM,2023.0,HG12,VAL,137.0,61.961,11.797,90.171,0.09,1.32,0.0
ATOM,2024.0,HG13,VAL,137.0,60.979,11.698,91.472,0.09,1.32,0.0
ATOM,2025.0,HG21,VAL,137.0,60.856,9.493,88.919,0.09,1.32,0.0
ATOM,2026.0,HG22,VAL,137.0,59.302,9.712,88.461,0.09,1.32,0.0
ATOM,2027.0,HG23,VAL,137.0,60.491,10.591,87.764,0.09,1.32,0.0
ATOM,2028.0,N,VAL,138.0,58.272,12.139,92.609,-0.47,1.85,0.0
ATOM,2029.0,CA,VAL,138.0,57.805,13.248,93.442,0.07,2.275,0.0
ATOM,2030.0,C,VAL,138.0,58.882,13.891,94.307,0.51,2.0,0.0
ATOM,2031.0,O,VAL,138.0,59.709,13.198,94.896,-0.51,1.7,0.0
ATOM,2032.0,CB,VAL,138.0,56.649,12.775,94.385,-0.09,2.275,1.52
ATOM,2033.0,CG1,VAL,138.0,56.185,13.907,95.309,-0.27,2.06,3.13
ATOM,2034.0,CG2,VAL,138.0,55.49,12.209,93.564,-0.27,2.06,19.52
ATOM,2035.0,H,VAL,138.0,58.625,11.242,92.998,0.31,0.2245,0.21
ATOM,2036.0,HA,VAL,138.0,57.433,13.968,92.82,0.09,1.32,0.0
ATOM,2037.0,HB,VAL,138.0,57.018,12.056,94.965,0.09,1.32,0.22
ATOM,2038.0,HG11,VAL,138.0,56.983,14.337,95.728,0.09,1.32,0.0
ATOM,2039.0,HG12,VAL,138.0,55.68,14.582,94.774,0.09,1.32,0.0
ATOM,2040.0,HG13,VAL,138.0,55.594,13.53,96.019,0.09,1.32,2.06
ATOM,2041.0,HG21,VAL,138.0,54.778,11.884,94.185,0.09,1.32,10.71
ATOM,2042.0,HG22,VAL,138.0,55.125,12.928,92.976,0.09,1.32,0.0
ATOM,2043.0,HG23,VAL,138.0,55.825,11.452,93.006,0.09,1.32,0.03
ATOM,2044.0,N,CYS,139.0,58.795,15.208,94.462,-0.47,1.85,0.0
ATOM,2045.0,CA,CYS,139.0,59.744,15.961,95.262,0.07,2.275,0.0
ATOM,2046.0,C,CYS,139.0,58.984,16.971,96.105,0.51,2.0,0.0
ATOM,2047.0,O,CYS,139.0,58.238,17.796,95.571,-0.51,1.7,0.0
ATOM,2048.0,CB,CYS,139.0,60.716,16.685,94.318,-0.1,2.175,0.0
ATOM,2049.0,SG,CYS,139.0,62.274,17.296,95.047,-0.08,1.975,0.0
ATOM,2050.0,H,CYS,139.0,57.991,15.648,93.962,0.31,0.2245,0.0
ATOM,2051.0,HA,CYS,139.0,60.212,15.329,95.879,0.09,1.32,0.0
ATOM,2052.0,HB2,CYS,139.0,60.951,16.051,93.57,0.09,1.32,0.0
ATOM,2053.0,HB3,CYS,139.0,60.23,17.474,93.92,0.09,1.32,0.0
ATOM,2054.0,N,PHE,140.0,59.153,16.897,97.421,-0.47,1.85,0.0
ATOM,2055.0,CA,PHE,140.0,58.483,17.82,98.359,0.07,2.275,0.0
ATOM,2056.0,C,PHE,140.0,59.468,18.893,98.808,0.51,2.0,0.0
ATOM,2057.0,O,PHE,140.0,60.599,18.561,99.113,-0.51,1.7,0.0
ATOM,2058.0,CB,PHE,140.0,58.013,17.054,99.61,-0.18,2.175,3.16
ATOM,2059.0,CG,PHE,140.0,56.888,16.063,99.355,0.0,1.9924,0.2
ATOM,2060.0,CD1,PHE,140.0,55.771,16.428,98.624,-0.115,1.9924,3.98
ATOM,2061.0,CD2,PHE,140.0,56.935,14.789,99.891,-0.115,1.9924,8.13
ATOM,2062.0,CE1,PHE,140.0,54.718,15.538,98.438,-0.115,1.9924,9.64
ATOM,2063.0,CE2,PHE,140.0,55.884,13.9,99.706,-0.115,1.9924,11.37
ATOM,2064.0,CZ,PHE,140.0,54.775,14.278,98.978,-0.115,1.9924,11.99
ATOM,2065.0,H,PHE,140.0,59.793,16.14,97.739,0.31,0.2245,0.0
ATOM,2066.0,HA,PHE,140.0,57.763,18.28,97.841,0.09,1.32,0.0
ATOM,2067.0,HB2,PHE,140.0,58.785,16.548,99.963,0.09,1.32,0.0
ATOM,2068.0,HB3,PHE,140.0,57.686,17.717,100.266,0.09,1.32,0.0
ATOM,2069.0,HD1,PHE,140.0,55.713,17.338,98.221,0.115,1.3582,0.0
ATOM,2070.0,HD2,PHE,140.0,57.736,14.501,100.419,0.115,1.3582,2.61
ATOM,2071.0,HE1,PHE,140.0,53.914,15.836,97.902,0.115,1.3582,7.37
ATOM,2072.0,HE2,PHE,140.0,55.941,12.971,100.113,0.115,1.3582,11.71
ATOM,2073.0,HZ,PHE,140.0,54.017,13.638,98.844,0.115,1.3582,17.75
ATOM,2074.0,N,LEU,141.0,59.08,20.166,98.767,-0.47,1.85,0.0
ATOM,2075.0,CA,LEU,141.0,59.942,21.267,99.219,0.07,2.275,0.0
ATOM,2076.0,C,LEU,141.0,59.18,21.926,100.368,0.51,2.0,0.0
ATOM,2077.0,O,LEU,141.0,58.372,22.82,100.156,-0.51,1.7,0.0
ATOM,2078.0,CB,LEU,141.0,60.241,22.268,98.088,-0.18,2.175,0.0
ATOM,2079.0,CG,LEU,141.0,61.042,21.732,96.88,-0.09,2.275,0.0
ATOM,2080.0,CD1,LEU,141.0,60.137,21.049,95.88,-0.27,2.06,0.0
ATOM,2081.0,CD2,LEU,141.0,61.704,22.865,96.164,-0.27,2.06,0.0
ATOM,2082.0,H,LEU,141.0,58.121,20.316,98.39,0.31,0.2245,0.0
ATOM,2083.0,HA,LEU,141.0,60.779,20.89,99.571,0.09,1.32,0.0
ATOM,2084.0,HB2,LEU,141.0,59.37,22.601,97.737,0.09,1.32,0.0
ATOM,2085.0,HB3,LEU,141.0,60.764,23.02,98.476,0.09,1.32,0.0
ATOM,2086.0,HG,LEU,141.0,61.726,21.083,97.219,0.09,1.32,0.0
ATOM,2087.0,HD11,LEU,141.0,59.453,21.699,95.542,0.09,1.32,0.0
ATOM,2088.0,HD12,LEU,141.0,60.679,20.711,95.108,0.09,1.32,0.0
ATOM,2089.0,HD13,LEU,141.0,59.67,20.277,96.317,0.09,1.32,0.0
ATOM,2090.0,HD21,LEU,141.0,62.333,23.347,96.782,0.09,1.32,0.0
ATOM,2091.0,HD22,LEU,141.0,62.227,22.521,95.377,0.09,1.32,0.0
ATOM,2092.0,HD23,LEU,141.0,61.015,23.518,95.833,0.09,1.32,0.0
ATOM,2093.0,N,ASN,142.0,59.43,21.451,101.586,-0.47,1.85,0.0
ATOM,2094.0,CA,ASN,142.0,58.73,21.909,102.78,0.07,2.275,0.0
ATOM,2095.0,C,ASN,142.0,59.266,23.015,103.674,0.51,2.0,0.0
ATOM,2096.0,O,ASN,142.0,60.462,23.145,103.891,-0.51,1.7,0.0
ATOM,2097.0,CB,ASN,142.0,58.403,20.708,103.683,-0.18,2.175,4.28
ATOM,2098.0,CG,ASN,142.0,57.468,19.707,103.026,0.55,2.0,1.83
ATOM,2099.0,H,ASN,142.0,60.177,20.716,101.612,0.31,0.2245,0.0
ATOM,2100.0,HA,ASN,142.0,57.779,22.229,102.455,0.09,1.32,0.0
ATOM,2101.0,HB2,ASN,142.0,59.257,20.246,103.909,0.09,1.32,1.17
ATOM,2102.0,HB3,ASN,142.0,57.971,21.051,104.513,0.09,1.32,0.13
ATOM,2103.0,OD1,ASN,142.0,57.241,18.625,103.553,-0.55,1.7,36.12
ATOM,2104.0,ND2,ASN,142.0,56.926,20.057,101.877,-0.62,1.85,2.24
ATOM,2105.0,HD22,ASN,142.0,57.146,20.952,101.474,0.3,0.2245,0.0
ATOM,2106.0,HD21,ASN,142.0,56.299,19.442,101.401,0.32,0.2245,7.48
ATOM,2107.0,N,ASN,143.0,58.319,23.734,104.276,-0.47,1.85,0.0
ATOM,2108.0,CA,ASN,143.0,58.553,24.811,105.237,0.07,2.275,0.0
ATOM,2109.0,C,ASN,143.0,59.527,25.924,104.923,0.51,2.0,0.0
ATOM,2110.0,O,ASN,143.0,60.384,26.229,105.747,-0.51,1.7,4.34
ATOM,2111.0,CB,ASN,143.0,58.912,24.237,106.602,-0.18,2.175,10.61
ATOM,2112.0,CG,ASN,143.0,57.865,23.301,107.13,0.55,2.0,1.91
ATOM,2113.0,H,ASN,143.0,57.335,23.447,103.987,0.31,0.2245,0.0
ATOM,2114.0,HA,ASN,143.0,57.624,25.262,105.398,0.09,1.32,0.0
ATOM,2115.0,HB2,ASN,143.0,59.775,23.742,106.517,0.09,1.32,0.69
ATOM,2116.0,HB3,ASN,143.0,59.021,24.996,107.242,0.09,1.32,2.84
ATOM,2117.0,OD1,ASN,143.0,56.801,23.721,107.558,-0.55,1.7,14.21
ATOM,2118.0,ND2,ASN,143.0,58.15,22.013,107.078,-0.62,1.85,15.5
ATOM,2119.0,HD22,ASN,143.0,59.027,21.702,106.707,0.3,0.2245,3.41
ATOM,2120.0,HD21,ASN,143.0,57.489,21.336,107.411,0.32,0.2245,20.55
ATOM,2121.0,N,PHE,144.0,59.343,26.595,103.795,-0.47,1.85,0.0
ATOM,2122.0,CA,PHE,144.0,60.233,27.686,103.437,0.07,2.275,0.0
ATOM,2123.0,C,PHE,144.0,59.618,29.06,103.506,0.51,2.0,0.0
ATOM,2124.0,O,PHE,144.0,58.475,29.221,103.922,-0.51,1.7,0.0
ATOM,2125.0,CB,PHE,144.0,60.839,27.478,102.06,-0.18,2.175,0.0
ATOM,2126.0,CG,PHE,144.0,59.846,27.284,100.981,0.0,1.9924,0.0
ATOM,2127.0,CD1,PHE,144.0,59.364,26.009,100.695,-0.115,1.9924,0.0
ATOM,2128.0,CD2,PHE,144.0,59.465,28.353,100.179,-0.115,1.9924,0.0
ATOM,2129.0,CE1,PHE,144.0,58.521,25.796,99.614,-0.115,1.9924,0.0
ATOM,2130.0,CE2,PHE,144.0,58.622,28.162,99.093,-0.115,1.9924,0.0
ATOM,2131.0,CZ,PHE,144.0,58.148,26.881,98.802,-0.115,1.9924,0.0
ATOM,2132.0,H,PHE,144.0,58.546,26.286,103.22,0.31,0.2245,0.0
ATOM,2133.0,HA,PHE,144.0,61.002,27.67,104.113,0.09,1.32,0.0
ATOM,2134.0,HB2,PHE,144.0,61.383,28.282,101.845,0.09,1.32,0.0
ATOM,2135.0,HB3,PHE,144.0,61.417,26.67,102.104,0.09,1.32,0.0
ATOM,2136.0,HD1,PHE,144.0,59.625,25.241,101.272,0.115,1.3582,0.0
ATOM,2137.0,HD2,PHE,144.0,59.802,29.272,100.388,0.115,1.3582,0.0
ATOM,2138.0,HE1,PHE,144.0,58.181,24.876,99.412,0.115,1.3582,0.0
ATOM,2139.0,HE2,PHE,144.0,58.355,28.946,98.516,0.115,1.3582,0.0
ATOM,2140.0,HZ,PHE,144.0,57.547,26.729,98.024,0.115,1.3582,0.0
ATOM,2141.0,N,TYR,145.0,60.407,30.056,103.125,-0.47,1.85,0.0
ATOM,2142.0,CA,TYR,145.0,59.969,31.449,103.122,0.07,2.275,0.0
ATOM,2143.0,C,TYR,145.0,61.127,32.275,102.569,0.51,2.0,0.0
ATOM,2144.0,O,TYR,145.0,62.28,32.016,102.925,-0.51,1.7,0.0
ATOM,2145.0,CB,TYR,145.0,59.615,31.915,104.535,-0.18,2.175,0.0
ATOM,2146.0,CG,TYR,145.0,58.995,33.285,104.538,0.0,1.9924,0.0
ATOM,2147.0,CD1,TYR,145.0,59.78,34.426,104.521,-0.115,1.9924,0.0
ATOM,2148.0,CD2,TYR,145.0,57.622,33.436,104.477,-0.115,1.9924,0.0
ATOM,2149.0,CE1,TYR,145.0,59.213,35.683,104.436,-0.115,1.9924,0.66
ATOM,2150.0,CE2,TYR,145.0,57.039,34.686,104.39,-0.115,1.9924,1.91
ATOM,2151.0,CZ,TYR,145.0,57.837,35.808,104.367,0.11,1.9924,0.31
ATOM,2152.0,OH,TYR,145.0,57.251,37.047,104.252,-0.54,1.77,15.11
ATOM,2153.0,H,TYR,145.0,61.365,29.761,102.828,0.31,0.2245,0.0
ATOM,2154.0,HA,TYR,145.0,59.201,31.537,102.502,0.09,1.32,0.0
ATOM,2155.0,HB2,TYR,145.0,58.967,31.274,104.92,0.09,1.32,0.0
ATOM,2156.0,HB3,TYR,145.0,60.448,31.945,105.07,0.09,1.32,0.0
ATOM,2157.0,HD1,TYR,145.0,60.779,34.34,104.572,0.115,1.3582,0.0
ATOM,2158.0,HD2,TYR,145.0,57.036,32.622,104.495,0.115,1.3582,0.0
ATOM,2159.0,HE1,TYR,145.0,59.793,36.5,104.423,0.115,1.3582,8.02
ATOM,2160.0,HE2,TYR,145.0,56.042,34.775,104.344,0.115,1.3582,0.27
ATOM,2161.0,HH,TYR,145.0,56.329,37.011,104.634,0.43,0.2245,1.25
ATOM,2162.0,N,PRO,146.0,60.866,33.217,101.638,-0.29,1.85,0.0
ATOM,2163.0,CA,PRO,146.0,59.603,33.607,100.987,0.02,2.275,0.0
ATOM,2164.0,C,PRO,146.0,59.021,32.564,100.023,0.51,2.0,0.0
ATOM,2165.0,O,PRO,146.0,59.706,31.611,99.66,-0.51,1.7,0.0
ATOM,2166.0,CB,PRO,146.0,59.992,34.899,100.251,-0.18,2.175,12.97
ATOM,2167.0,CG,PRO,146.0,61.423,34.668,99.904,-0.18,2.175,4.15
ATOM,2168.0,CD,PRO,146.0,61.941,34.135,101.222,0.0,2.175,0.09
ATOM,2169.0,HA,PRO,146.0,58.907,33.863,101.693,0.09,1.32,0.0
ATOM,2170.0,HB2,PRO,146.0,59.436,35.016,99.432,0.09,1.32,0.0
ATOM,2171.0,HB3,PRO,146.0,59.888,35.688,100.85,0.09,1.32,5.04
ATOM,2172.0,HG2,PRO,146.0,61.511,33.992,99.193,0.09,1.32,0.06
ATOM,2173.0,HG3,PRO,146.0,61.871,35.513,99.667,0.09,1.32,2.31
ATOM,2174.0,HD2,PRO,146.0,62.798,33.643,101.102,0.09,1.32,0.0
ATOM,2175.0,HD3,PRO,146.0,62.057,34.867,101.888,0.09,1.32,0.34
ATOM,2176.0,N,LYS,147.0,57.784,32.791,99.569,-0.47,1.85,0.0
ATOM,2177.0,CA,LYS,147.0,57.086,31.875,98.673,0.07,2.275,0.0
ATOM,2178.0,C,LYS,147.0,57.685,31.697,97.298,0.51,2.0,0.0
ATOM,2179.0,O,LYS,147.0,57.393,30.723,96.608,-0.51,1.7,3.43
ATOM,2180.0,CB,LYS,147.0,55.627,32.288,98.504,-0.18,2.175,0.02
ATOM,2181.0,CG,LYS,147.0,55.446,33.632,97.84,-0.18,2.175,0.9
ATOM,2182.0,CD,LYS,147.0,53.984,33.892,97.49,-0.18,2.175,10.62
ATOM,2183.0,CE,LYS,147.0,53.777,35.327,96.997,0.21,2.175,11.43
ATOM,2184.0,NZ,LYS,147.0,54.504,35.655,95.725,-0.3,1.85,6.05
ATOM,2185.0,H,LYS,147.0,57.362,33.684,99.914,0.31,0.2245,1.72
ATOM,2186.0,HA,LYS,147.0,57.039,30.953,99.132,0.09,1.32,0.0
ATOM,2187.0,HB2,LYS,147.0,55.17,31.595,97.948,0.09,1.32,1.87
ATOM,2188.0,HB3,LYS,147.0,55.207,32.321,99.41,0.09,1.32,0.0
ATOM,2189.0,HG2,LYS,147.0,55.758,34.354,98.46,0.09,1.32,3.97
ATOM,2190.0,HG3,LYS,147.0,55.986,33.663,96.998,0.09,1.32,0.13
ATOM,2191.0,HD2,LYS,147.0,53.71,33.27,96.767,0.09,1.32,10.4
ATOM,2192.0,HD3,LYS,147.0,53.428,33.756,98.301,0.09,1.32,0.03
ATOM,2193.0,HE2,LYS,147.0,52.787,35.48,96.855,0.05,1.32,8.99
ATOM,2194.0,HE3,LYS,147.0,54.083,35.965,97.72,0.05,1.32,10.49
ATOM,2195.0,HZ1,LYS,147.0,55.389,35.195,95.728,0.33,0.2245,0.13
ATOM,2196.0,HZ2,LYS,147.0,53.96,35.341,94.95,0.33,0.2245,19.43
ATOM,2197.0,HZ3,LYS,147.0,54.635,36.642,95.671,0.33,0.2245,18.32
ATOM,2198.0,N,ASP,148.0,58.475,32.656,96.861,-0.47,1.85,0.0
ATOM,2199.0,CA,ASP,148.0,59.067,32.556,95.54,0.07,2.275,0.52
ATOM,2200.0,C,ASP,148.0,60.161,31.495,95.568,0.51,2.0,0.6
ATOM,2201.0,O,ASP,148.0,60.946,31.431,96.51,-0.51,1.7,2.03
ATOM,2202.0,CB,ASP,148.0,59.561,33.94,95.104,-0.28,2.175,17.85
ATOM,2203.0,CG,ASP,148.0,58.47,35.023,95.266,0.62,2.0,3.44
ATOM,2204.0,OD1,ASP,148.0,57.555,35.093,94.406,-0.76,1.7,25.83
ATOM,2205.0,OD2,ASP,148.0,58.509,35.775,96.275,-0.76,1.7,23.29
ATOM,2206.0,H,ASP,148.0,58.628,33.442,97.506,0.31,0.2245,0.0
ATOM,2207.0,HA,ASP,148.0,58.358,32.228,94.916,0.09,1.32,4.94
ATOM,2208.0,HB2,ASP,148.0,60.329,34.191,95.671,0.09,1.32,4.58
ATOM,2209.0,HB3,ASP,148.0,59.812,33.897,94.151,0.09,1.32,10.14
ATOM,2210.0,N,ILE,149.0,60.145,30.605,94.58,-0.47,1.85,2.28
ATOM,2211.0,CA,ILE,149.0,61.1,29.511,94.516,0.07,2.275,3.0
ATOM,2212.0,C,ILE,149.0,61.018,28.858,93.132,0.51,2.0,1.17
ATOM,2213.0,O,ILE,149.0,59.993,28.953,92.452,-0.51,1.7,15.68
ATOM,2214.0,CB,ILE,149.0,60.775,28.468,95.614,-0.09,2.275,0.0
ATOM,2215.0,CG1,ILE,149.0,61.885,27.422,95.725,-0.18,2.175,0.0
ATOM,2216.0,CG2,ILE,149.0,59.414,27.804,95.34,-0.27,2.06,0.0
ATOM,2217.0,CD1,ILE,149.0,61.654,26.392,96.818,-0.27,2.06,0.0
ATOM,2218.0,H,ILE,149.0,59.4,30.76,93.869,0.31,0.2245,6.53
ATOM,2219.0,HA,ILE,149.0,62.008,29.92,94.58,0.09,1.32,1.62
ATOM,2220.0,HB,ILE,149.0,60.715,28.951,96.483,0.09,1.32,0.0
ATOM,2221.0,HG12,ILE,149.0,61.965,26.949,94.849,0.09,1.32,0.0
ATOM,2222.0,HG13,ILE,149.0,62.745,27.896,95.912,0.09,1.32,0.0
ATOM,2223.0,HG21,ILE,149.0,59.198,27.184,96.088,0.09,1.32,0.0
ATOM,2224.0,HG22,ILE,149.0,58.715,28.51,95.274,0.09,1.32,0.0
ATOM,2225.0,HG23,ILE,149.0,59.466,27.297,94.484,0.09,1.32,0.0
ATOM,2226.0,HD11,ILE,149.0,60.803,25.904,96.635,0.09,1.32,0.0
ATOM,2227.0,HD12,ILE,149.0,62.416,25.748,96.828,0.09,1.32,0.0
ATOM,2228.0,HD13,ILE,149.0,61.594,26.857,97.699,0.09,1.32,0.0
ATOM,2229.0,N,ASN,150.0,62.101,28.204,92.716,-0.47,1.85,0.19
ATOM,2230.0,CA,ASN,150.0,62.166,27.539,91.414,0.07,2.275,0.59
ATOM,2231.0,C,ASN,150.0,62.625,26.104,91.574,0.51,2.0,0.0
ATOM,2232.0,O,ASN,150.0,63.519,25.824,92.366,-0.51,1.7,0.0
ATOM,2233.0,CB,ASN,150.0,63.137,28.292,90.484,-0.18,2.175,14.17
ATOM,2234.0,CG,ASN,150.0,63.583,27.458,89.268,0.55,2.0,2.05
ATOM,2235.0,H,ASN,150.0,62.894,28.206,93.393,0.31,0.2245,0.0
ATOM,2236.0,HA,ASN,150.0,61.23,27.515,91.05,0.09,1.32,3.75
ATOM,2237.0,HB2,ASN,150.0,62.682,29.11,90.148,0.09,1.32,10.64
ATOM,2238.0,HB3,ASN,150.0,63.948,28.537,91.007,0.09,1.32,0.0
ATOM,2239.0,OD1,ASN,150.0,62.842,27.31,88.287,-0.55,1.7,22.37
ATOM,2240.0,ND2,ASN,150.0,64.81,26.934,89.323,-0.62,1.85,11.38
ATOM,2241.0,HD22,ASN,150.0,65.376,27.094,90.134,0.3,0.2245,0.0
ATOM,2242.0,HD21,ASN,150.0,65.156,26.39,88.565,0.32,0.2245,0.88
ATOM,2243.0,N,VAL,151.0,62.011,25.205,90.815,-0.47,1.85,0.12
ATOM,2244.0,CA,VAL,151.0,62.363,23.793,90.834,0.07,2.275,0.0
ATOM,2245.0,C,VAL,151.0,62.687,23.368,89.407,0.51,2.0,0.0
ATOM,2246.0,O,VAL,151.0,62.077,23.845,88.451,-0.51,1.7,11.32
ATOM,2247.0,CB,VAL,151.0,61.212,22.924,91.368,-0.09,2.275,0.47
ATOM,2248.0,CG1,VAL,151.0,61.584,21.451,91.298,-0.27,2.06,0.04
ATOM,2249.0,CG2,VAL,151.0,60.9,23.305,92.797,-0.27,2.06,0.58
ATOM,2250.0,H,VAL,151.0,61.257,25.597,90.206,0.31,0.2245,7.45
ATOM,2251.0,HA,VAL,151.0,63.186,23.681,91.384,0.09,1.32,0.0
ATOM,2252.0,HB,VAL,151.0,60.429,23.055,90.768,0.09,1.32,3.05
ATOM,2253.0,HG11,VAL,151.0,62.576,21.36,91.209,0.09,1.32,0.0
ATOM,2254.0,HG12,VAL,151.0,61.282,20.99,92.132,0.09,1.32,0.0
ATOM,2255.0,HG13,VAL,151.0,61.14,21.031,90.507,0.09,1.32,0.17
ATOM,2256.0,HG21,VAL,151.0,59.948,23.61,92.863,0.09,1.32,0.0
ATOM,2257.0,HG22,VAL,151.0,61.037,22.512,93.393,0.09,1.32,0.0
ATOM,2258.0,HG23,VAL,151.0,61.507,24.047,93.086,0.09,1.32,0.0
ATOM,2259.0,N,LYS,152.0,63.7,22.523,89.269,-0.47,1.85,0.0
ATOM,2260.0,CA,LYS,152.0,64.113,22.015,87.97,0.07,2.275,0.0
ATOM,2261.0,C,LYS,152.0,64.363,20.517,88.101,0.51,2.0,0.0
ATOM,2262.0,O,LYS,152.0,64.997,20.065,89.06,-0.51,1.7,0.0
ATOM,2263.0,CB,LYS,152.0,65.408,22.7,87.511,-0.18,2.175,1.72
ATOM,2264.0,CG,LYS,152.0,65.342,24.21,87.319,-0.18,2.175,2.83
ATOM,2265.0,CD,LYS,152.0,65.004,24.605,85.883,-0.18,2.175,8.56
ATOM,2266.0,CE,LYS,152.0,63.565,24.251,85.482,0.21,2.175,4.71
ATOM,2267.0,NZ,LYS,152.0,63.215,24.667,84.077,-0.3,1.85,1.68
ATOM,2268.0,H,LYS,152.0,64.169,22.258,90.162,0.31,0.2245,0.0
ATOM,2269.0,HA,LYS,152.0,63.379,22.161,87.311,0.09,1.32,0.36
ATOM,2270.0,HB2,LYS,152.0,66.122,22.502,88.193,0.09,1.32,0.0
ATOM,2271.0,HB3,LYS,152.0,65.684,22.284,86.636,0.09,1.32,0.0
ATOM,2272.0,HG2,LYS,152.0,64.639,24.586,87.929,0.09,1.32,0.0
ATOM,2273.0,HG3,LYS,152.0,66.23,24.61,87.562,0.09,1.32,9.23
ATOM,2274.0,HD2,LYS,152.0,65.122,25.593,85.784,0.09,1.32,7.76
ATOM,2275.0,HD3,LYS,152.0,65.627,24.13,85.262,0.09,1.32,0.25
ATOM,2276.0,HE2,LYS,152.0,63.442,23.255,85.565,0.05,1.32,0.01
ATOM,2277.0,HE3,LYS,152.0,62.931,24.703,86.121,0.05,1.32,1.22
ATOM,2278.0,HZ1,LYS,152.0,63.501,23.949,83.448,0.33,0.2245,0.0
ATOM,2279.0,HZ2,LYS,152.0,62.229,24.802,84.017,0.33,0.2245,6.89
ATOM,2280.0,HZ3,LYS,152.0,63.69,25.517,83.864,0.33,0.2245,8.48
ATOM,2281.0,N,TRP,153.0,63.822,19.755,87.158,-0.47,1.85,0.0
ATOM,2282.0,CA,TRP,153.0,63.978,18.304,87.115,0.07,2.275,0.0
ATOM,2283.0,C,TRP,153.0,65.011,18.066,86.026,0.51,2.0,0.0
ATOM,2284.0,O,TRP,153.0,65.06,18.815,85.037,-0.51,1.7,0.0
ATOM,2285.0,CB,TRP,153.0,62.656,17.63,86.725,-0.18,2.175,0.0
ATOM,2286.0,CG,TRP,153.0,61.655,17.659,87.808,-0.03,1.9924,0.0
ATOM,2287.0,CD1,TRP,153.0,60.728,18.631,88.042,0.035,1.9924,0.0
ATOM,2288.0,CD2,TRP,153.0,61.507,16.704,88.852,-0.02,1.8,0.0
ATOM,2289.0,NE1,TRP,153.0,60.021,18.352,89.182,-0.61,1.85,0.0
ATOM,2290.0,CE2,TRP,153.0,60.475,17.163,89.699,0.13,1.8,0.0
ATOM,2291.0,CE3,TRP,153.0,62.148,15.494,89.159,-0.115,1.9924,0.0
ATOM,2292.0,CZ2,TRP,153.0,60.063,16.46,90.833,-0.115,1.9924,0.0
ATOM,2293.0,CZ3,TRP,153.0,61.737,14.793,90.294,-0.115,1.9924,0.0
ATOM,2294.0,CH2,TRP,153.0,60.704,15.281,91.112,-0.115,1.9924,0.0
ATOM,2295.0,H,TRP,153.0,63.269,20.286,86.442,0.31,0.2245,0.5
ATOM,2296.0,HA,TRP,153.0,64.369,18.015,87.969,0.09,1.32,0.0
ATOM,2297.0,HB2,TRP,153.0,62.278,18.109,85.943,0.09,1.32,0.0
ATOM,2298.0,HB3,TRP,153.0,62.841,16.681,86.502,0.09,1.32,0.0
ATOM,2299.0,HD1,TRP,153.0,60.583,19.436,87.464,0.115,1.3582,2.0
ATOM,2300.0,HE1,TRP,153.0,59.297,18.914,89.575,0.38,0.2245,0.0
ATOM,2301.0,HE3,TRP,153.0,62.877,15.137,88.587,0.115,1.3582,0.0
ATOM,2302.0,HZ2,TRP,153.0,59.325,16.818,91.411,0.115,1.3582,0.0
ATOM,2303.0,HZ3,TRP,153.0,62.186,13.938,90.521,0.115,1.3582,0.0
ATOM,2304.0,HH2,TRP,153.0,60.437,14.746,91.915,0.115,1.3582,0.0
ATOM,2305.0,N,LYS,154.0,65.829,17.036,86.207,-0.47,1.85,0.0
ATOM,2306.0,CA,LYS,154.0,66.869,16.707,85.251,0.07,2.275,0.0
ATOM,2307.0,C,LYS,154.0,67.035,15.215,85.119,0.51,2.0,0.0
ATOM,2308.0,O,LYS,154.0,67.192,14.494,86.113,-0.51,1.7,0.0
ATOM,2309.0,CB,LYS,154.0,68.187,17.354,85.689,-0.18,2.175,0.0
ATOM,2310.0,CG,LYS,154.0,68.123,18.871,85.765,-0.18,2.175,0.0
ATOM,2311.0,CD,LYS,154.0,69.358,19.551,85.193,-0.18,2.175,3.79
ATOM,2312.0,CE,LYS,154.0,70.55,19.532,86.153,0.21,2.175,11.92
ATOM,2313.0,NZ,LYS,154.0,71.006,18.161,86.517,-0.3,1.85,6.22
ATOM,2314.0,H,LYS,154.0,65.659,16.496,87.081,0.31,0.2245,0.0
ATOM,2315.0,HA,LYS,154.0,66.617,17.09,84.35,0.09,1.32,0.0
ATOM,2316.0,HB2,LYS,154.0,68.42,17.003,86.591,0.09,1.32,0.0
ATOM,2317.0,HB3,LYS,154.0,68.891,17.101,85.031,0.09,1.32,0.0
ATOM,2318.0,HG2,LYS,154.0,67.314,19.19,85.256,0.09,1.32,0.0
ATOM,2319.0,HG3,LYS,154.0,68.019,19.147,86.728,0.09,1.32,0.0
ATOM,2320.0,HD2,LYS,154.0,69.626,19.081,84.352,0.09,1.32,0.0
ATOM,2321.0,HD3,LYS,154.0,69.138,20.504,84.987,0.09,1.32,4.73
ATOM,2322.0,HE2,LYS,154.0,71.316,20.032,85.723,0.05,1.32,11.63
ATOM,2323.0,HE3,LYS,154.0,70.292,20.029,86.995,0.05,1.32,0.0
ATOM,2324.0,HZ1,LYS,154.0,71.526,18.201,87.37,0.33,0.2245,10.38
ATOM,2325.0,HZ2,LYS,154.0,70.21,17.569,86.636,0.33,0.2245,0.02
ATOM,2326.0,HZ3,LYS,154.0,71.586,17.801,85.787,0.33,0.2245,3.26
ATOM,2327.0,N,ILE,155.0,66.938,14.752,83.882,-0.47,1.85,0.0
ATOM,2328.0,CA,ILE,155.0,67.066,13.334,83.587,0.07,2.275,0.0
ATOM,2329.0,C,ILE,155.0,68.467,13.115,82.991,0.51,2.0,0.0
ATOM,2330.0,O,ILE,155.0,68.76,13.569,81.894,-0.51,1.7,1.35
ATOM,2331.0,CB,ILE,155.0,65.964,12.863,82.579,-0.09,2.275,0.42
ATOM,2332.0,CG1,ILE,155.0,64.64,13.577,82.824,-0.18,2.175,0.45
ATOM,2333.0,CG2,ILE,155.0,65.704,11.378,82.748,-0.27,2.06,0.0
ATOM,2334.0,CD1,ILE,155.0,63.966,13.199,84.122,-0.27,2.06,0.0
ATOM,2335.0,H,ILE,155.0,66.766,15.476,83.156,0.31,0.2245,0.0
ATOM,2336.0,HA,ILE,155.0,67.058,12.859,84.457,0.09,1.32,0.0
ATOM,2337.0,HB,ILE,155.0,66.285,13.094,81.664,0.09,1.32,4.83
ATOM,2338.0,HG12,ILE,155.0,64.806,14.564,82.82,0.09,1.32,0.0
ATOM,2339.0,HG13,ILE,155.0,64.021,13.36,82.067,0.09,1.32,0.0
ATOM,2340.0,HG21,ILE,155.0,65.016,11.08,82.087,0.09,1.32,0.0
ATOM,2341.0,HG22,ILE,155.0,66.55,10.869,82.595,0.09,1.32,0.0
ATOM,2342.0,HG23,ILE,155.0,65.373,11.198,83.674,0.09,1.32,0.0
ATOM,2343.0,HD11,ILE,155.0,64.568,13.425,84.887,0.09,1.32,0.0
ATOM,2344.0,HD12,ILE,155.0,63.109,13.705,84.211,0.09,1.32,0.0
ATOM,2345.0,HD13,ILE,155.0,63.776,12.218,84.125,0.09,1.32,0.0
ATOM,2346.0,N,ASP,156.0,69.325,12.416,83.723,-0.47,1.85,0.0
ATOM,2347.0,CA,ASP,156.0,70.681,12.161,83.28,0.07,2.275,3.17
ATOM,2348.0,C,ASP,156.0,71.365,13.472,82.919,0.51,2.0,2.12
ATOM,2349.0,O,ASP,156.0,71.952,13.65,81.847,-0.51,1.7,15.9
ATOM,2350.0,CB,ASP,156.0,70.677,11.171,82.13,-0.28,2.175,11.63
ATOM,2351.0,CG,ASP,156.0,70.35,9.768,82.58,0.62,2.0,2.98
ATOM,2352.0,OD1,ASP,156.0,69.944,9.605,83.733,-0.76,1.7,0.2
ATOM,2353.0,OD2,ASP,156.0,70.468,8.827,81.774,-0.76,1.7,22.57
ATOM,2354.0,H,ASP,156.0,68.942,12.073,84.63,0.31,0.2245,0.0
ATOM,2355.0,HA,ASP,156.0,71.185,11.772,84.057,0.09,1.32,1.09
ATOM,2356.0,HB2,ASP,156.0,69.993,11.463,81.471,0.09,1.32,2.14
ATOM,2357.0,HB3,ASP,156.0,71.58,11.172,81.715,0.09,1.32,8.07
ATOM,2358.0,N,GLY,157.0,71.232,14.407,83.85,-0.47,1.85,3.01
ATOM,2359.0,CA,GLY,157.0,71.82,15.708,83.689,-0.02,2.175,17.46
ATOM,2360.0,C,GLY,157.0,71.055,16.582,82.757,0.51,2.0,1.95
ATOM,2361.0,O,GLY,157.0,71.118,17.797,82.897,-0.51,1.7,13.38
ATOM,2362.0,H,GLY,157.0,70.679,14.116,84.681,0.31,0.2245,0.51
ATOM,2363.0,HA2,GLY,157.0,71.89,16.161,84.602,0.09,1.32,0.5
ATOM,2364.0,HA3,GLY,157.0,72.779,15.604,83.351,0.09,1.32,10.51
ATOM,2365.0,N,SER,158.0,70.329,15.982,81.824,-0.47,1.85,0.2
ATOM,2366.0,CA,SER,158.0,69.559,16.76,80.865,0.07,2.275,0.99
ATOM,2367.0,C,SER,158.0,68.314,17.374,81.48,0.51,2.0,0.0
ATOM,2368.0,O,SER,158.0,67.5,16.681,82.101,-0.51,1.7,0.62
ATOM,2369.0,CB,SER,158.0,69.222,15.912,79.653,0.05,2.175,22.0
ATOM,2370.0,OG,SER,158.0,70.421,15.443,79.055,-0.66,1.77,29.99
ATOM,2371.0,H,SER,158.0,70.357,14.949,81.838,0.31,0.2245,0.0
ATOM,2372.0,HA,SER,158.0,70.147,17.516,80.532,0.09,1.32,6.36
ATOM,2373.0,HB2,SER,158.0,68.68,15.134,79.939,0.09,1.32,1.08
ATOM,2374.0,HB3,SER,158.0,68.73,16.465,78.995,0.09,1.32,8.66
ATOM,2375.0,HG,SER,158.0,70.936,14.905,79.721,0.43,0.2245,5.65
ATOM,2376.0,N,GLU,159.0,68.192,18.694,81.341,-0.47,1.85,0.39
ATOM,2377.0,CA,GLU,159.0,67.069,19.424,81.935,0.07,2.275,0.0
ATOM,2378.0,C,GLU,159.0,65.724,19.086,81.269,0.51,2.0,0.0
ATOM,2379.0,O,GLU,159.0,65.615,19.066,80.035,-0.51,1.7,25.75
ATOM,2380.0,CB,GLU,159.0,67.341,20.932,81.919,-0.18,2.175,5.35
ATOM,2381.0,CG,GLU,159.0,66.304,21.734,82.698,-0.28,2.175,2.72
ATOM,2382.0,CD,GLU,159.0,66.465,23.232,82.533,0.62,2.0,3.76
ATOM,2383.0,OE1,GLU,159.0,67.5,23.678,82.037,-0.76,1.7,37.49
ATOM,2384.0,OE2,GLU,159.0,65.548,23.968,82.895,-0.76,1.7,8.02
ATOM,2385.0,H,GLU,159.0,68.941,19.148,80.79,0.31,0.2245,9.63
ATOM,2386.0,HA,GLU,159.0,67.011,19.211,82.923,0.09,1.32,0.0
ATOM,2387.0,HB2,GLU,159.0,68.212,21.083,82.341,0.09,1.32,3.23
ATOM,2388.0,HB3,GLU,159.0,67.311,21.232,80.988,0.09,1.32,7.34
ATOM,2389.0,HG2,GLU,159.0,65.413,21.49,82.361,0.09,1.32,0.19
ATOM,2390.0,HG3,GLU,159.0,66.409,21.526,83.654,0.09,1.32,0.0
ATOM,2391.0,N,ARG,160.0,64.716,18.806,82.098,-0.47,1.85,0.0
ATOM,2392.0,CA,ARG,160.0,63.37,18.435,81.647,0.07,2.275,0.0
ATOM,2393.0,C,ARG,160.0,62.33,19.469,82.103,0.51,2.0,0.0
ATOM,2394.0,O,ARG,160.0,62.3,19.885,83.266,-0.51,1.7,0.71
ATOM,2395.0,CB,ARG,160.0,63.017,17.056,82.204,-0.18,2.175,0.06
ATOM,2396.0,CG,ARG,160.0,61.751,16.427,81.645,-0.18,2.175,0.0
ATOM,2397.0,CD,ARG,160.0,61.934,15.847,80.241,0.2,2.175,9.96
ATOM,2398.0,NE,ARG,160.0,60.806,14.991,79.864,-0.7,1.85,4.17
ATOM,2399.0,CZ,ARG,160.0,60.914,13.705,79.525,0.64,2.0,1.71
ATOM,2400.0,NH1,ARG,160.0,62.103,13.11,79.508,-0.8,1.85,10.01
ATOM,2401.0,NH2,ARG,160.0,59.833,13.003,79.212,-0.8,1.85,14.53
ATOM,2402.0,H,ARG,160.0,64.971,18.874,83.115,0.31,0.2245,0.0
ATOM,2403.0,HA,ARG,160.0,63.363,18.399,80.642,0.09,1.32,0.24
ATOM,2404.0,HB2,ARG,160.0,63.781,16.437,82.01,0.09,1.32,0.24
ATOM,2405.0,HB3,ARG,160.0,62.907,17.139,83.197,0.09,1.32,0.0
ATOM,2406.0,HG2,ARG,160.0,61.452,15.683,82.247,0.09,1.32,0.0
ATOM,2407.0,HG3,ARG,160.0,61.026,17.119,81.597,0.09,1.32,0.0
ATOM,2408.0,HD2,ARG,160.0,62.001,16.604,79.603,0.09,1.32,5.11
ATOM,2409.0,HD3,ARG,160.0,62.77,15.311,80.238,0.09,1.32,1.07
ATOM,2410.0,HE,ARG,160.0,59.886,15.401,79.86,0.44,0.2245,0.18
ATOM,2411.0,HH11,ARG,160.0,62.926,13.608,79.767,0.46,0.2245,4.17
ATOM,2412.0,HH12,ARG,160.0,62.172,12.146,79.232,0.46,0.2245,0.0
ATOM,2413.0,HH21,ARG,160.0,58.931,13.443,79.252,0.46,0.2245,12.16
ATOM,2414.0,HH22,ARG,160.0,59.912,12.048,78.941,0.46,0.2245,0.3
ATOM,2415.0,N,GLN,161.0,61.51,19.92,81.162,-0.47,1.85,0.06
ATOM,2416.0,CA,GLN,161.0,60.477,20.895,81.472,0.07,2.275,0.0
ATOM,2417.0,C,GLN,161.0,59.058,20.356,81.305,0.51,2.0,0.0
ATOM,2418.0,O,GLN,161.0,58.16,20.732,82.056,-0.51,1.7,9.26
ATOM,2419.0,CB,GLN,161.0,60.683,22.155,80.639,-0.18,2.175,5.97
ATOM,2420.0,CG,GLN,161.0,60.7,23.417,81.483,-0.18,2.175,10.75
ATOM,2421.0,CD,GLN,161.0,61.292,24.61,80.753,0.55,2.0,3.59
ATOM,2422.0,H,GLN,161.0,61.667,19.527,80.217,0.31,0.2245,5.18
ATOM,2423.0,HA,GLN,161.0,60.587,21.169,82.445,0.09,1.32,1.05
ATOM,2424.0,HB2,GLN,161.0,61.555,22.088,80.162,0.09,1.32,7.38
ATOM,2425.0,HB3,GLN,161.0,59.939,22.232,79.979,0.09,1.32,3.67
ATOM,2426.0,HG2,GLN,161.0,59.761,23.641,81.747,0.09,1.32,9.25
ATOM,2427.0,HG3,GLN,161.0,61.243,23.247,82.306,0.09,1.32,0.17
ATOM,2428.0,OE1,GLN,161.0,61.107,24.77,79.546,-0.55,1.7,38.07
ATOM,2429.0,NE2,GLN,161.0,62.02,25.449,81.482,-0.62,1.85,15.94
ATOM,2430.0,HE21,GLN,161.0,62.459,26.262,81.059,0.32,0.2245,22.03
ATOM,2431.0,HE22,GLN,161.0,62.132,25.264,82.478,0.3,0.2245,0.0
ATOM,2432.0,N,ASN,162.0,58.86,19.457,80.341,-0.47,1.85,0.18
ATOM,2433.0,CA,ASN,162.0,57.534,18.882,80.096,0.07,2.275,0.0
ATOM,2434.0,C,ASN,162.0,57.178,17.638,80.923,0.51,2.0,0.17
ATOM,2435.0,O,ASN,162.0,57.98,16.698,81.056,-0.51,1.7,0.87
ATOM,2436.0,CB,ASN,162.0,57.309,18.615,78.598,-0.18,2.175,13.9
ATOM,2437.0,CG,ASN,162.0,56.842,19.865,77.829,0.55,2.0,3.38
ATOM,2438.0,H,ASN,162.0,59.702,19.207,79.795,0.31,0.2245,2.53
ATOM,2439.0,HA,ASN,162.0,56.848,19.602,80.341,0.09,1.32,0.0
ATOM,2440.0,HB2,ASN,162.0,58.166,18.308,78.199,0.09,1.32,6.76
ATOM,2441.0,HB3,ASN,162.0,56.61,17.914,78.503,0.09,1.32,8.62
ATOM,2442.0,OD1,ASN,162.0,56.956,19.924,76.603,-0.55,1.7,44.05
ATOM,2443.0,ND2,ASN,162.0,56.317,20.862,78.549,-0.62,1.85,20.48
ATOM,2444.0,HD22,ASN,162.0,56.256,20.757,79.546,0.3,0.2245,4.38
ATOM,2445.0,HD21,ASN,162.0,55.996,21.687,78.105,0.32,0.2245,21.41
ATOM,2446.0,N,GLY,163.0,55.956,17.66,81.467,-0.47,1.85,1.76
ATOM,2447.0,CA,GLY,163.0,55.444,16.572,82.289,-0.02,2.175,13.99
ATOM,2448.0,C,GLY,163.0,55.444,16.899,83.768,0.51,2.0,0.34
ATOM,2449.0,O,GLY,163.0,55.196,16.019,84.598,-0.51,1.7,0.05
ATOM,2450.0,H,GLY,163.0,55.408,18.521,81.25,0.31,0.2245,8.81
ATOM,2451.0,HA2,GLY,163.0,54.497,16.348,81.995,0.09,1.32,11.77
ATOM,2452.0,HA3,GLY,163.0,56.006,15.74,82.129,0.09,1.32,0.81
ATOM,2453.0,N,VAL,164.0,55.691,18.164,84.102,-0.47,1.85,0.38
ATOM,2454.0,CA,VAL,164.0,55.744,18.577,85.502,0.07,2.275,0.0
ATOM,2455.0,C,VAL,164.0,54.462,19.237,85.964,0.51,2.0,0.0
ATOM,2456.0,O,VAL,164.0,53.939,20.137,85.295,-0.51,1.7,20.44
ATOM,2457.0,CB,VAL,164.0,56.923,19.568,85.741,-0.09,2.275,1.52
ATOM,2458.0,CG1,VAL,164.0,57.133,19.809,87.221,-0.27,2.06,1.87
ATOM,2459.0,CG2,VAL,164.0,58.2,19.034,85.14,-0.27,2.06,0.68
ATOM,2460.0,H,VAL,164.0,55.837,18.808,83.307,0.31,0.2245,1.07
ATOM,2461.0,HA,VAL,164.0,55.892,17.746,86.065,0.09,1.32,0.0
ATOM,2462.0,HB,VAL,164.0,56.663,20.437,85.33,0.09,1.32,5.93
ATOM,2463.0,HG11,VAL,164.0,57.251,18.934,87.693,0.09,1.32,0.0
ATOM,2464.0,HG12,VAL,164.0,57.95,20.37,87.359,0.09,1.32,4.29
ATOM,2465.0,HG13,VAL,164.0,56.338,20.284,87.602,0.09,1.32,0.0
ATOM,2466.0,HG21,VAL,164.0,58.712,18.526,85.835,0.09,1.32,0.0
ATOM,2467.0,HG22,VAL,164.0,57.983,18.423,84.376,0.09,1.32,0.0
ATOM,2468.0,HG23,VAL,164.0,58.759,19.796,84.807,0.09,1.32,2.85
ATOM,2469.0,N,LEU,165.0,54.016,18.833,87.149,-0.47,1.85,0.0
ATOM,2470.0,CA,LEU,165.0,52.824,19.385,87.776,0.07,2.275,0.0
ATOM,2471.0,C,LEU,165.0,53.234,19.876,89.146,0.51,2.0,0.21
ATOM,2472.0,O,LEU,165.0,53.723,19.093,89.971,-0.51,1.7,3.86
ATOM,2473.0,CB,LEU,165.0,51.716,18.314,87.937,-0.18,2.175,5.7
ATOM,2474.0,CG,LEU,165.0,51.011,17.822,86.66,-0.09,2.275,1.29
ATOM,2475.0,CD1,LEU,165.0,49.88,16.94,87.078,-0.27,2.06,32.37
ATOM,2476.0,CD2,LEU,165.0,50.494,18.953,85.795,-0.27,2.06,33.0
ATOM,2477.0,H,LEU,165.0,54.597,18.082,87.593,0.31,0.2245,0.0
ATOM,2478.0,HA,LEU,165.0,52.509,20.158,87.239,0.09,1.32,0.66
ATOM,2479.0,HB2,LEU,165.0,52.132,17.516,88.373,0.09,1.32,0.0
ATOM,2480.0,HB3,LEU,165.0,51.015,18.696,88.536,0.09,1.32,7.04
ATOM,2481.0,HG,LEU,165.0,51.664,17.314,86.117,0.09,1.32,1.23
ATOM,2482.0,HD11,LEU,165.0,49.233,17.452,87.652,0.09,1.32,9.85
ATOM,2483.0,HD12,LEU,165.0,49.39,16.595,86.271,0.09,1.32,10.62
ATOM,2484.0,HD13,LEU,165.0,50.226,16.156,87.603,0.09,1.32,5.89
ATOM,2485.0,HD21,LEU,165.0,51.257,19.538,85.512,0.09,1.32,0.75
ATOM,2486.0,HD22,LEU,165.0,50.046,18.578,84.981,0.09,1.32,10.18
ATOM,2487.0,HD23,LEU,165.0,49.833,19.5,86.313,0.09,1.32,9.96
ATOM,2488.0,N,ASN,166.0,52.972,21.152,89.409,-0.47,1.85,0.06
ATOM,2489.0,CA,ASN,166.0,53.345,21.763,90.684,0.07,2.275,0.07
ATOM,2490.0,C,ASN,166.0,52.14,22.197,91.509,0.51,2.0,0.61
ATOM,2491.0,O,ASN,166.0,51.116,22.569,90.959,-0.51,1.7,22.3
ATOM,2492.0,CB,ASN,166.0,54.232,22.986,90.443,-0.18,2.175,0.26
ATOM,2493.0,CG,ASN,166.0,55.545,22.638,89.732,0.55,2.0,0.0
ATOM,2494.0,H,ASN,166.0,52.49,21.666,88.648,0.31,0.2245,9.3
ATOM,2495.0,HA,ASN,166.0,53.832,21.055,91.221,0.09,1.32,0.0
ATOM,2496.0,HB2,ASN,166.0,53.734,23.634,89.875,0.09,1.32,4.78
ATOM,2497.0,HB3,ASN,166.0,54.454,23.397,91.322,0.09,1.32,0.0
ATOM,2498.0,OD1,ASN,166.0,55.934,23.318,88.796,-0.55,1.7,28.02
ATOM,2499.0,ND2,ASN,166.0,56.207,21.586,90.168,-0.62,1.85,0.0
ATOM,2500.0,HD22,ASN,166.0,55.835,21.05,90.936,0.3,0.2245,0.0
ATOM,2501.0,HD21,ASN,166.0,57.07,21.315,89.748,0.32,0.2245,0.34
ATOM,2502.0,N,SER,167.0,52.279,22.181,92.828,-0.47,1.85,0.15
ATOM,2503.0,CA,SER,167.0,51.201,22.594,93.698,0.07,2.275,0.02
ATOM,2504.0,C,SER,167.0,51.735,23.258,94.95,0.51,2.0,0.0
ATOM,2505.0,O,SER,167.0,52.599,22.697,95.62,-0.51,1.7,2.52
ATOM,2506.0,CB,SER,167.0,50.328,21.412,94.102,0.05,2.175,23.48
ATOM,2507.0,OG,SER,167.0,49.257,21.846,94.935,-0.66,1.77,31.41
ATOM,2508.0,H,SER,167.0,53.204,21.855,93.166,0.31,0.2245,0.0
ATOM,2509.0,HA,SER,167.0,50.637,23.271,93.204,0.09,1.32,3.25
ATOM,2510.0,HB2,SER,167.0,49.949,20.994,93.285,0.09,1.32,7.96
ATOM,2511.0,HB3,SER,167.0,50.88,20.758,94.606,0.09,1.32,0.35
ATOM,2512.0,HG,SER,167.0,49.512,22.701,95.381,0.43,0.2245,2.05
ATOM,2513.0,N,TRP,168.0,51.237,24.463,95.234,-0.47,1.85,0.0
ATOM,2514.0,CA,TRP,168.0,51.641,25.221,96.407,0.07,2.275,0.0
ATOM,2515.0,C,TRP,168.0,50.591,25.181,97.471,0.51,2.0,0.41
ATOM,2516.0,O,TRP,168.0,49.394,25.31,97.208,-0.51,1.7,21.73
ATOM,2517.0,CB,TRP,168.0,51.905,26.685,96.076,-0.18,2.175,11.62
ATOM,2518.0,CG,TRP,168.0,53.196,26.924,95.422,-0.03,1.9924,0.77
ATOM,2519.0,CD1,TRP,168.0,54.319,27.486,95.982,0.035,1.9924,6.13
ATOM,2520.0,CD2,TRP,168.0,53.512,26.657,94.057,-0.02,1.8,1.84
ATOM,2521.0,NE1,TRP,168.0,55.307,27.589,95.035,-0.61,1.85,4.19
ATOM,2522.0,CE2,TRP,168.0,54.841,27.083,93.847,0.13,1.8,1.56
ATOM,2523.0,CE3,TRP,168.0,52.801,26.098,92.992,-0.115,1.9924,8.78
ATOM,2524.0,CZ2,TRP,168.0,55.471,26.972,92.607,-0.115,1.9924,11.93
ATOM,2525.0,CZ3,TRP,168.0,53.421,25.988,91.762,-0.115,1.9924,10.41
ATOM,2526.0,CH2,TRP,168.0,54.748,26.421,91.579,-0.115,1.9924,11.13
ATOM,2527.0,H,TRP,168.0,50.535,24.809,94.541,0.31,0.2245,6.37
ATOM,2528.0,HA,TRP,168.0,52.478,24.787,96.774,0.09,1.32,0.0
ATOM,2529.0,HB2,TRP,168.0,51.185,27.006,95.464,0.09,1.32,7.38
ATOM,2530.0,HB3,TRP,168.0,51.887,27.21,96.925,0.09,1.32,1.08
ATOM,2531.0,HD1,TRP,168.0,54.4,27.774,96.931,0.115,1.3582,0.08
ATOM,2532.0,HE1,TRP,168.0,56.219,27.97,95.182,0.38,0.2245,0.26
ATOM,2533.0,HE3,TRP,168.0,51.862,25.781,93.113,0.115,1.3582,3.02
ATOM,2534.0,HZ2,TRP,168.0,56.415,27.288,92.487,0.115,1.3582,4.03
ATOM,2535.0,HZ3,TRP,168.0,52.923,25.598,90.995,0.115,1.3582,6.33
ATOM,2536.0,HH2,TRP,168.0,55.163,26.319,90.675,0.115,1.3582,10.22
ATOM,2537.0,N,THR,169.0,51.073,25.038,98.691,-0.47,1.85,1.27
ATOM,2538.0,CA,THR,169.0,50.25,24.997,99.868,0.07,2.275,1.98
ATOM,2539.0,C,THR,169.0,49.972,26.46,100.252,0.51,2.0,0.0
ATOM,2540.0,O,THR,169.0,50.573,27.379,99.691,-0.51,1.7,5.3
ATOM,2541.0,CB,THR,169.0,51.032,24.22,100.96,0.14,2.275,2.67
ATOM,2542.0,OG1,THR,169.0,50.285,23.071,101.389,-0.66,1.77,27.11
ATOM,2543.0,CG2,THR,169.0,51.447,25.115,102.147,-0.27,2.06,7.89
ATOM,2544.0,H,THR,169.0,52.126,24.956,98.724,0.31,0.2245,0.0
ATOM,2545.0,HA,THR,169.0,49.383,24.57,99.653,0.09,1.32,5.61
ATOM,2546.0,HB,THR,169.0,51.914,23.896,100.559,0.09,1.32,0.26
ATOM,2547.0,HG21,THR,169.0,51.884,24.552,102.847,0.09,1.32,5.52
ATOM,2548.0,HG22,THR,169.0,52.088,25.811,101.826,0.09,1.32,0.0
ATOM,2549.0,HG23,THR,169.0,50.635,25.555,102.527,0.09,1.32,0.05
ATOM,2550.0,HG1,THR,169.0,49.318,23.312,101.515,0.43,0.2245,16.05
ATOM,2551.0,N,ASP,170.0,48.985,26.677,101.112,-0.47,1.85,0.89
ATOM,2552.0,CA,ASP,170.0,48.672,28.013,101.591,0.07,2.275,0.08
ATOM,2553.0,C,ASP,170.0,49.635,28.243,102.754,0.51,2.0,0.0
ATOM,2554.0,O,ASP,170.0,50.09,27.284,103.365,-0.51,1.7,4.72
ATOM,2555.0,CB,ASP,170.0,47.234,28.07,102.12,-0.28,2.175,5.77
ATOM,2556.0,CG,ASP,170.0,46.235,28.608,101.097,0.62,2.0,2.85
ATOM,2557.0,OD1,ASP,170.0,46.514,28.596,99.865,-0.76,1.7,28.75
ATOM,2558.0,OD2,ASP,170.0,45.15,29.04,101.554,-0.76,1.7,17.68
ATOM,2559.0,H,ASP,170.0,48.467,25.825,101.406,0.31,0.2245,5.99
ATOM,2560.0,HA,ASP,170.0,48.92,28.651,100.882,0.09,1.32,3.13
ATOM,2561.0,HB2,ASP,170.0,46.961,27.147,102.372,0.09,1.32,6.46
ATOM,2562.0,HB3,ASP,170.0,47.221,28.664,102.916,0.09,1.32,1.91
ATOM,2563.0,N,GLN,171.0,49.902,29.501,103.086,-0.47,1.85,0.0
ATOM,2564.0,CA,GLN,171.0,50.804,29.842,104.179,0.07,2.275,0.0
ATOM,2565.0,C,GLN,171.0,50.306,29.283,105.514,0.51,2.0,0.0
ATOM,2566.0,O,GLN,171.0,49.12,29.378,105.835,-0.51,1.7,6.95
ATOM,2567.0,CB,GLN,171.0,50.954,31.351,104.238,-0.18,2.175,0.14
ATOM,2568.0,CG,GLN,171.0,51.926,31.85,105.254,-0.18,2.175,0.0
ATOM,2569.0,CD,GLN,171.0,52.077,33.348,105.202,0.55,2.0,0.0
ATOM,2570.0,OE1,GLN,171.0,51.563,33.993,104.303,-0.55,1.7,0.05
ATOM,2571.0,NE2,GLN,171.0,52.797,33.911,106.166,-0.62,1.85,0.0
ATOM,2572.0,H,GLN,171.0,49.416,30.216,102.503,0.31,0.2245,2.88
ATOM,2573.0,HA,GLN,171.0,51.7,29.421,103.988,0.09,1.32,0.0
ATOM,2574.0,HB2,GLN,171.0,51.245,31.679,103.328,0.09,1.32,0.0
ATOM,2575.0,HB3,GLN,171.0,50.048,31.754,104.436,0.09,1.32,0.95
ATOM,2576.0,HG2,GLN,171.0,51.609,31.596,106.169,0.09,1.32,0.0
ATOM,2577.0,HG3,GLN,171.0,52.822,31.435,105.087,0.09,1.32,0.0
ATOM,2578.0,HE21,GLN,171.0,52.954,34.915,106.188,0.32,0.2245,0.0
ATOM,2579.0,HE22,GLN,171.0,53.195,33.315,106.893,0.3,0.2245,0.0
ATOM,2580.0,N,ASP,172.0,51.227,28.721,106.288,-0.47,1.85,0.0
ATOM,2581.0,CA,ASP,172.0,50.954,28.091,107.59,0.07,2.275,0.64
ATOM,2582.0,C,ASP,172.0,50.578,29.088,108.675,0.51,2.0,0.0
ATOM,2583.0,O,ASP,172.0,51.31,30.037,108.937,-0.51,1.7,0.0
ATOM,2584.0,CB,ASP,172.0,52.196,27.301,108.031,-0.28,2.175,0.26
ATOM,2585.0,CG,ASP,172.0,51.866,26.138,108.926,0.62,2.0,0.68
ATOM,2586.0,OD1,ASP,172.0,51.639,26.332,110.143,-0.76,1.7,5.88
ATOM,2587.0,OD2,ASP,172.0,51.853,25.014,108.39,-0.76,1.7,41.11
ATOM,2588.0,H,ASP,172.0,52.203,28.762,105.884,0.31,0.2245,0.0
ATOM,2589.0,HA,ASP,172.0,50.156,27.478,107.456,0.09,1.32,5.48
ATOM,2590.0,HB2,ASP,172.0,52.646,26.964,107.209,0.09,1.32,2.02
ATOM,2591.0,HB3,ASP,172.0,52.795,27.929,108.517,0.09,1.32,0.0
ATOM,2592.0,N,SER,173.0,49.471,28.841,109.358,-0.47,1.85,0.03
ATOM,2593.0,CA,SER,173.0,49.052,29.764,110.398,0.07,2.275,0.0
ATOM,2594.0,C,SER,173.0,49.967,29.682,111.616,0.51,2.0,0.0
ATOM,2595.0,O,SER,173.0,50.161,30.672,112.331,-0.51,1.7,1.95
ATOM,2596.0,CB,SER,173.0,47.605,29.499,110.808,0.05,2.175,10.98
ATOM,2597.0,OG,SER,173.0,47.475,28.241,111.446,-0.66,1.77,20.82
ATOM,2598.0,H,SER,173.0,48.965,27.987,109.1,0.31,0.2245,6.52
ATOM,2599.0,HA,SER,173.0,49.112,30.702,110.031,0.09,1.32,0.0
ATOM,2600.0,HB2,SER,173.0,47.313,30.214,111.438,0.09,1.32,0.0
ATOM,2601.0,HB3,SER,173.0,47.033,29.509,109.992,0.09,1.32,7.1
ATOM,2602.0,HG,SER,173.0,48.129,27.597,111.05,0.43,0.2245,6.5
ATOM,2603.0,N,LYS,174.0,50.515,28.494,111.856,-0.47,1.85,0.0
ATOM,2604.0,CA,LYS,174.0,51.393,28.286,113.0,0.07,2.275,0.0
ATOM,2605.0,C,LYS,174.0,52.791,28.874,112.863,0.51,2.0,0.0
ATOM,2606.0,O,LYS,174.0,53.27,29.516,113.793,-0.51,1.7,21.4
ATOM,2607.0,CB,LYS,174.0,51.478,26.797,113.367,-0.18,2.175,9.09
ATOM,2608.0,CG,LYS,174.0,50.3,26.302,114.201,-0.18,2.175,11.36
ATOM,2609.0,CD,LYS,174.0,50.104,27.193,115.428,-0.18,2.175,9.1
ATOM,2610.0,CE,LYS,174.0,48.964,26.702,116.31,0.21,2.175,21.84
ATOM,2611.0,NZ,LYS,174.0,49.168,25.301,116.789,-0.3,1.85,13.35
ATOM,2612.0,H,LYS,174.0,50.269,27.753,111.177,0.31,0.2245,0.0
ATOM,2613.0,HA,LYS,174.0,50.95,28.698,113.829,0.09,1.32,0.75
ATOM,2614.0,HB2,LYS,174.0,51.507,26.27,112.523,0.09,1.32,0.77
ATOM,2615.0,HB3,LYS,174.0,52.314,26.654,113.889,0.09,1.32,7.36
ATOM,2616.0,HG2,LYS,174.0,49.474,26.331,113.648,0.09,1.32,2.57
ATOM,2617.0,HG3,LYS,174.0,50.482,25.373,114.504,0.09,1.32,6.17
ATOM,2618.0,HD2,LYS,174.0,50.944,27.189,115.962,0.09,1.32,8.97
ATOM,2619.0,HD3,LYS,174.0,49.894,28.117,115.122,0.09,1.32,3.92
ATOM,2620.0,HE2,LYS,174.0,48.883,27.311,117.107,0.05,1.32,11.78
ATOM,2621.0,HE3,LYS,174.0,48.105,26.747,115.787,0.05,1.32,9.62
ATOM,2622.0,HZ1,LYS,174.0,48.868,24.665,116.08,0.33,0.2245,15.14
ATOM,2623.0,HZ2,LYS,174.0,50.137,25.158,116.983,0.33,0.2245,15.45
ATOM,2624.0,HZ3,LYS,174.0,48.633,25.157,117.62,0.33,0.2245,20.69
ATOM,2625.0,N,ASP,175.0,53.449,28.66,111.724,-0.47,1.85,0.0
ATOM,2626.0,CA,ASP,175.0,54.805,29.184,111.549,0.07,2.275,2.09
ATOM,2627.0,C,ASP,175.0,55.015,30.088,110.353,0.51,2.0,0.57
ATOM,2628.0,O,ASP,175.0,56.152,30.344,109.986,-0.51,1.7,1.19
ATOM,2629.0,CB,ASP,175.0,55.818,28.046,111.505,-0.28,2.175,15.08
ATOM,2630.0,CG,ASP,175.0,55.579,27.107,110.363,0.62,2.0,0.0
ATOM,2631.0,OD1,ASP,175.0,55.078,27.545,109.311,-0.76,1.7,0.0
ATOM,2632.0,OD2,ASP,175.0,55.896,25.918,110.512,-0.76,1.7,25.83
ATOM,2633.0,H,ASP,175.0,52.944,28.12,111.013,0.31,0.2245,0.0
ATOM,2634.0,HA,ASP,175.0,55.015,29.738,112.387,0.09,1.32,6.39
ATOM,2635.0,HB2,ASP,175.0,56.724,28.448,111.413,0.09,1.32,0.0
ATOM,2636.0,HB3,ASP,175.0,55.75,27.544,112.361,0.09,1.32,7.92
ATOM,2637.0,N,SER,176.0,53.92,30.52,109.725,-0.47,1.85,0.0
ATOM,2638.0,CA,SER,176.0,53.947,31.412,108.564,0.07,2.275,0.0
ATOM,2639.0,C,SER,176.0,54.757,30.953,107.357,0.51,2.0,0.0
ATOM,2640.0,O,SER,176.0,55.13,31.789,106.525,-0.51,1.7,0.0
ATOM,2641.0,CB,SER,176.0,54.401,32.811,108.961,0.05,2.175,0.02
ATOM,2642.0,OG,SER,176.0,53.684,33.282,110.095,-0.66,1.77,2.86
ATOM,2643.0,H,SER,176.0,53.023,30.161,110.14,0.31,0.2245,0.0
ATOM,2644.0,HA,SER,176.0,52.973,31.542,108.253,0.09,1.32,0.0
ATOM,2645.0,HB2,SER,176.0,55.372,32.787,109.183,0.09,1.32,0.0
ATOM,2646.0,HB3,SER,176.0,54.24,33.433,108.199,0.09,1.32,0.0
ATOM,2647.0,HG,SER,176.0,52.919,32.668,110.281,0.43,0.2245,0.0
ATOM,2648.0,N,THR,177.0,55.011,29.647,107.23,-0.47,1.85,0.0
ATOM,2649.0,CA,THR,177.0,55.78,29.157,106.095,0.07,2.275,0.0
ATOM,2650.0,C,THR,177.0,54.919,28.672,104.937,0.51,2.0,0.14
ATOM,2651.0,O,THR,177.0,53.692,28.591,105.045,-0.51,1.7,0.36
ATOM,2652.0,CB,THR,177.0,56.772,28.035,106.502,0.14,2.275,0.0
ATOM,2653.0,OG1,THR,177.0,56.072,26.951,107.106,-0.66,1.77,1.41
ATOM,2654.0,CG2,THR,177.0,57.798,28.549,107.494,-0.27,2.06,0.7
ATOM,2655.0,H,THR,177.0,54.63,29.05,107.975,0.31,0.2245,0.0
ATOM,2656.0,HA,THR,177.0,56.369,29.916,105.756,0.09,1.32,0.0
ATOM,2657.0,HB,THR,177.0,57.234,27.692,105.657,0.09,1.32,0.0
ATOM,2658.0,HG21,THR,177.0,58.583,28.937,107.004,0.09,1.32,0.0
ATOM,2659.0,HG22,THR,177.0,57.389,29.26,108.072,0.09,1.32,0.0
ATOM,2660.0,HG23,THR,177.0,58.116,27.798,108.078,0.09,1.32,2.89
ATOM,2661.0,HG1,THR,177.0,55.665,27.237,107.982,0.43,0.2245,0.0
ATOM,2662.0,N,TYR,178.0,55.576,28.363,103.827,-0.47,1.85,0.0
ATOM,2663.0,CA,TYR,178.0,54.926,27.857,102.633,0.07,2.275,0.26
ATOM,2664.0,C,TYR,178.0,55.501,26.482,102.298,0.51,2.0,0.16
ATOM,2665.0,O,TYR,178.0,56.581,26.122,102.795,-0.51,1.7,0.0
ATOM,2666.0,CB,TYR,178.0,55.198,28.799,101.471,-0.18,2.175,0.0
ATOM,2667.0,CG,TYR,178.0,54.533,30.14,101.626,0.0,1.9924,0.0
ATOM,2668.0,CD1,TYR,178.0,55.188,31.203,102.262,-0.115,1.9924,0.0
ATOM,2669.0,CD2,TYR,178.0,53.27,30.381,101.076,-0.115,1.9924,2.43
ATOM,2670.0,CE1,TYR,178.0,54.605,32.477,102.335,-0.115,1.9924,0.6
ATOM,2671.0,CE2,TYR,178.0,52.677,31.662,101.147,-0.115,1.9924,1.61
ATOM,2672.0,CZ,TYR,178.0,53.354,32.694,101.77,0.11,1.9924,0.0
ATOM,2673.0,OH,TYR,178.0,52.799,33.946,101.81,-0.54,1.77,6.47
ATOM,2674.0,H,TYR,178.0,56.614,28.518,103.889,0.31,0.2245,0.0
ATOM,2675.0,HA,TYR,178.0,53.95,27.746,102.821,0.09,1.32,0.0
ATOM,2676.0,HB2,TYR,178.0,56.181,28.942,101.405,0.09,1.32,0.0
ATOM,2677.0,HB3,TYR,178.0,54.857,28.376,100.636,0.09,1.32,0.0
ATOM,2678.0,HD1,TYR,178.0,56.086,31.055,102.673,0.115,1.3582,0.0
ATOM,2679.0,HD2,TYR,178.0,52.776,29.647,100.626,0.115,1.3582,0.44
ATOM,2680.0,HE1,TYR,178.0,55.091,33.221,102.79,0.115,1.3582,0.03
ATOM,2681.0,HE2,TYR,178.0,51.777,31.808,100.748,0.115,1.3582,6.46
ATOM,2682.0,HH,TYR,178.0,51.835,33.889,101.553,0.43,0.2245,0.0
ATOM,2683.0,N,SER,179.0,54.761,25.685,101.524,-0.47,1.85,0.0
ATOM,2684.0,CA,SER,179.0,55.257,24.382,101.103,0.07,2.275,0.0
ATOM,2685.0,C,SER,179.0,54.851,24.129,99.67,0.51,2.0,0.06
ATOM,2686.0,O,SER,179.0,53.906,24.747,99.169,-0.51,1.7,0.0
ATOM,2687.0,CB,SER,179.0,54.789,23.27,102.027,0.05,2.175,11.88
ATOM,2688.0,OG,SER,179.0,55.476,23.342,103.27,-0.66,1.77,9.37
ATOM,2689.0,H,SER,179.0,53.838,26.065,101.261,0.31,0.2245,0.0
ATOM,2690.0,HA,SER,179.0,56.258,24.402,101.147,0.09,1.32,0.0
ATOM,2691.0,HB2,SER,179.0,53.816,23.371,102.193,0.09,1.32,0.0
ATOM,2692.0,HB3,SER,179.0,54.983,22.392,101.605,0.09,1.32,0.95
ATOM,2693.0,HG,SER,179.0,55.938,24.224,103.342,0.43,0.2245,0.06
ATOM,2694.0,N,MET,180.0,55.641,23.331,98.965,-0.47,1.85,0.27
ATOM,2695.0,CA,MET,180.0,55.335,23.046,97.575,0.07,2.275,1.96
ATOM,2696.0,C,MET,180.0,55.638,21.598,97.238,0.51,2.0,0.66
ATOM,2697.0,O,MET,180.0,56.384,20.928,97.946,-0.51,1.7,0.71
ATOM,2698.0,CB,MET,180.0,56.046,24.027,96.633,-0.18,2.175,0.0
ATOM,2699.0,CG,MET,180.0,57.092,23.424,95.717,-0.14,2.175,0.0
ATOM,2700.0,SD,MET,180.0,57.265,24.328,94.165,-0.09,2.0,0.89
ATOM,2701.0,CE,MET,180.0,56.472,23.211,93.073,-0.22,2.06,1.35
ATOM,2702.0,H,MET,180.0,56.453,22.95,99.47,0.31,0.2245,0.0
ATOM,2703.0,HA,MET,180.0,54.349,23.2,97.43,0.09,1.32,0.0
ATOM,2704.0,HB2,MET,180.0,55.345,24.489,96.059,0.09,1.32,0.0
ATOM,2705.0,HB3,MET,180.0,56.489,24.75,97.195,0.09,1.32,0.0
ATOM,2706.0,HG2,MET,180.0,57.987,23.393,96.218,0.09,1.32,0.0
ATOM,2707.0,HG3,MET,180.0,56.846,22.444,95.538,0.09,1.32,0.0
ATOM,2708.0,HE1,MET,180.0,55.714,23.665,92.588,0.09,1.32,0.0
ATOM,2709.0,HE2,MET,180.0,57.122,22.863,92.386,0.09,1.32,0.0
ATOM,2710.0,HE3,MET,180.0,56.097,22.425,93.58,0.09,1.32,0.0
ATOM,2711.0,N,SER,181.0,55.025,21.115,96.167,-0.47,1.85,0.0
ATOM,2712.0,CA,SER,181.0,55.163,19.738,95.728,0.07,2.275,0.0
ATOM,2713.0,C,SER,181.0,55.346,19.814,94.229,0.51,2.0,0.08
ATOM,2714.0,O,SER,181.0,54.699,20.629,93.578,-0.51,1.7,0.36
ATOM,2715.0,CB,SER,181.0,53.861,19.0,96.081,0.05,2.175,12.77
ATOM,2716.0,OG,SER,181.0,53.813,17.675,95.589,-0.66,1.77,12.13
ATOM,2717.0,H,SER,181.0,54.429,21.817,95.662,0.31,0.2245,0.0
ATOM,2718.0,HA,SER,181.0,55.988,19.366,96.122,0.09,1.32,0.0
ATOM,2719.0,HB2,SER,181.0,53.769,18.98,97.081,0.09,1.32,6.1
ATOM,2720.0,HB3,SER,181.0,53.09,19.518,95.698,0.09,1.32,0.0
ATOM,2721.0,HG,SER,181.0,54.723,17.265,95.643,0.43,0.2245,0.0
ATOM,2722.0,N,SER,182.0,56.263,19.017,93.693,-0.47,1.85,0.0
ATOM,2723.0,CA,SER,182.0,56.544,18.986,92.263,0.07,2.275,0.01
ATOM,2724.0,C,SER,182.0,56.584,17.514,91.851,0.51,2.0,0.0
ATOM,2725.0,O,SER,182.0,57.2,16.703,92.537,-0.51,1.7,0.0
ATOM,2726.0,CB,SER,182.0,57.893,19.664,91.989,0.05,2.175,0.0
ATOM,2727.0,OG,SER,182.0,58.194,19.702,90.608,-0.66,1.77,0.0
ATOM,2728.0,H,SER,182.0,56.766,18.414,94.385,0.31,0.2245,0.0
ATOM,2729.0,HA,SER,182.0,55.79,19.415,91.786,0.09,1.32,0.0
ATOM,2730.0,HB2,SER,182.0,57.857,20.598,92.341,0.09,1.32,0.0
ATOM,2731.0,HB3,SER,182.0,58.608,19.153,92.465,0.09,1.32,0.0
ATOM,2732.0,HG,SER,182.0,57.38,19.458,90.081,0.43,0.2245,0.0
ATOM,2733.0,N,THR,183.0,55.911,17.181,90.753,-0.47,1.85,0.0
ATOM,2734.0,CA,THR,183.0,55.842,15.808,90.254,0.07,2.275,0.0
ATOM,2735.0,C,THR,183.0,56.132,15.735,88.748,0.51,2.0,0.0
ATOM,2736.0,O,THR,183.0,55.539,16.479,87.965,-0.51,1.7,0.0
ATOM,2737.0,CB,THR,183.0,54.422,15.185,90.488,0.14,2.275,3.23
ATOM,2738.0,OG1,THR,183.0,54.045,15.31,91.863,-0.66,1.77,13.8
ATOM,2739.0,CG2,THR,183.0,54.415,13.711,90.127,-0.27,2.06,6.36
ATOM,2740.0,H,THR,183.0,55.437,17.982,90.278,0.31,0.2245,0.0
ATOM,2741.0,HA,THR,183.0,56.538,15.257,90.733,0.09,1.32,0.0
ATOM,2742.0,HB,THR,183.0,53.752,15.703,89.919,0.09,1.32,0.0
ATOM,2743.0,HG21,THR,183.0,53.903,13.57,89.276,0.09,1.32,0.0
ATOM,2744.0,HG22,THR,183.0,55.355,13.385,90.001,0.09,1.32,0.0
ATOM,2745.0,HG23,THR,183.0,53.982,13.181,90.86,0.09,1.32,2.77
ATOM,2746.0,HG1,THR,183.0,54.772,15.769,92.385,0.43,0.2245,0.0
ATOM,2747.0,N,LEU,184.0,57.071,14.876,88.354,-0.47,1.85,0.0
ATOM,2748.0,CA,LEU,184.0,57.388,14.676,86.946,0.07,2.275,0.0
ATOM,2749.0,C,LEU,184.0,56.783,13.313,86.611,0.51,2.0,0.0
ATOM,2750.0,O,LEU,184.0,57.173,12.292,87.178,-0.51,1.7,0.0
ATOM,2751.0,CB,LEU,184.0,58.889,14.644,86.72,-0.18,2.175,0.0
ATOM,2752.0,CG,LEU,184.0,59.33,14.233,85.31,-0.09,2.275,0.0
ATOM,2753.0,CD1,LEU,184.0,58.974,15.284,84.253,-0.27,2.06,0.0
ATOM,2754.0,CD2,LEU,184.0,60.83,14.0,85.33,-0.27,2.06,0.0
ATOM,2755.0,H,LEU,184.0,57.548,14.371,89.127,0.31,0.2245,0.0
ATOM,2756.0,HA,LEU,184.0,56.93,15.36,86.412,0.09,1.32,0.0
ATOM,2757.0,HB2,LEU,184.0,59.249,15.555,86.885,0.09,1.32,0.0
ATOM,2758.0,HB3,LEU,184.0,59.286,13.991,87.353,0.09,1.32,0.0
ATOM,2759.0,HG,LEU,184.0,58.885,13.363,85.07,0.09,1.32,0.0
ATOM,2760.0,HD11,LEU,184.0,59.426,16.145,84.48,0.09,1.32,0.0
ATOM,2761.0,HD12,LEU,184.0,59.282,14.967,83.357,0.09,1.32,0.0
ATOM,2762.0,HD13,LEU,184.0,57.984,15.417,84.241,0.09,1.32,0.0
ATOM,2763.0,HD21,LEU,184.0,61.049,13.273,85.983,0.09,1.32,0.0
ATOM,2764.0,HD22,LEU,184.0,61.141,13.73,84.417,0.09,1.32,0.0
ATOM,2765.0,HD23,LEU,184.0,61.298,14.842,85.603,0.09,1.32,0.0
ATOM,2766.0,N,THR,185.0,55.801,13.305,85.721,-0.47,1.85,0.0
ATOM,2767.0,CA,THR,185.0,55.106,12.082,85.341,0.07,2.275,0.0
ATOM,2768.0,C,THR,185.0,55.493,11.566,83.965,0.51,2.0,0.06
ATOM,2769.0,O,THR,185.0,55.322,12.258,82.97,-0.51,1.7,12.54
ATOM,2770.0,CB,THR,185.0,53.607,12.327,85.367,0.14,2.275,6.17
ATOM,2771.0,OG1,THR,185.0,53.343,13.645,84.871,-0.66,1.77,11.71
ATOM,2772.0,CG2,THR,185.0,53.092,12.251,86.776,-0.27,2.06,10.57
ATOM,2773.0,H,THR,185.0,55.57,14.24,85.32,0.31,0.2245,0.0
ATOM,2774.0,HA,THR,185.0,55.33,11.362,86.025,0.09,1.32,0.0
ATOM,2775.0,HB,THR,185.0,53.145,11.661,84.748,0.09,1.32,9.75
ATOM,2776.0,HG21,THR,185.0,52.122,12.516,86.809,0.09,1.32,8.67
ATOM,2777.0,HG22,THR,185.0,53.18,11.314,87.131,0.09,1.32,0.0
ATOM,2778.0,HG23,THR,185.0,53.614,12.87,87.373,0.09,1.32,0.0
ATOM,2779.0,HG1,THR,185.0,54.183,14.198,84.884,0.43,0.2245,0.0
ATOM,2780.0,N,LEU,186.0,55.975,10.331,83.916,-0.47,1.85,0.0
ATOM,2781.0,CA,LEU,186.0,56.398,9.709,82.673,0.07,2.275,1.88
ATOM,2782.0,C,LEU,186.0,55.695,8.359,82.464,0.51,2.0,1.98
ATOM,2783.0,O,LEU,186.0,55.045,7.832,83.365,-0.51,1.7,4.18
ATOM,2784.0,CB,LEU,186.0,57.902,9.438,82.735,-0.18,2.175,0.0
ATOM,2785.0,CG,LEU,186.0,58.913,10.47,83.242,-0.09,2.275,0.0
ATOM,2786.0,CD1,LEU,186.0,60.266,9.784,83.404,-0.27,2.06,0.03
ATOM,2787.0,CD2,LEU,186.0,59.02,11.632,82.283,-0.27,2.06,0.82
ATOM,2788.0,H,LEU,186.0,56.023,9.849,84.842,0.31,0.2245,0.0
ATOM,2789.0,HA,LEU,186.0,56.15,10.311,81.905,0.09,1.32,5.05
ATOM,2790.0,HB2,LEU,186.0,58.034,8.595,83.307,0.09,1.32,0.0
ATOM,2791.0,HB3,LEU,186.0,58.201,9.176,81.789,0.09,1.32,0.0
ATOM,2792.0,HG,LEU,186.0,58.611,10.817,84.119,0.09,1.32,0.0
ATOM,2793.0,HD11,LEU,186.0,60.562,9.421,82.521,0.09,1.32,0.0
ATOM,2794.0,HD12,LEU,186.0,60.937,10.447,83.735,0.09,1.32,0.0
ATOM,2795.0,HD13,LEU,186.0,60.183,9.036,84.062,0.09,1.32,0.0
ATOM,2796.0,HD21,LEU,186.0,58.127,12.078,82.188,0.09,1.32,0.55
ATOM,2797.0,HD22,LEU,186.0,59.685,12.298,82.628,0.09,1.32,0.0
ATOM,2798.0,HD23,LEU,186.0,59.32,11.305,81.384,0.09,1.32,0.0
ATOM,2799.0,N,THR,187.0,55.838,7.804,81.263,-0.47,1.85,0.63
ATOM,2800.0,CA,THR,187.0,55.293,6.488,80.951,0.07,2.275,0.29
ATOM,2801.0,C,THR,187.0,56.329,5.518,81.557,0.51,2.0,0.0
ATOM,2802.0,O,THR,187.0,57.477,5.908,81.774,-0.51,1.7,0.0
ATOM,2803.0,CB,THR,187.0,55.222,6.257,79.407,0.14,2.275,1.56
ATOM,2804.0,OG1,THR,187.0,56.436,6.704,78.785,-0.66,1.77,3.62
ATOM,2805.0,CG2,THR,187.0,54.066,7.004,78.789,-0.27,2.06,40.17
ATOM,2806.0,H,THR,187.0,56.365,8.383,80.577,0.31,0.2245,2.46
ATOM,2807.0,HA,THR,187.0,54.449,6.367,81.428,0.09,1.32,1.13
ATOM,2808.0,HB,THR,187.0,55.123,5.256,79.238,0.09,1.32,3.71
ATOM,2809.0,HG21,THR,187.0,54.401,7.809,78.289,0.09,1.32,10.44
ATOM,2810.0,HG22,THR,187.0,53.572,6.409,78.148,0.09,1.32,12.04
ATOM,2811.0,HG23,THR,187.0,53.429,7.309,79.504,0.09,1.32,8.54
ATOM,2812.0,HG1,THR,187.0,56.849,5.959,78.252,0.43,0.2245,2.89
ATOM,2813.0,N,LYS,188.0,55.947,4.27,81.815,-0.47,1.85,0.0
ATOM,2814.0,CA,LYS,188.0,56.868,3.292,82.374,0.07,2.275,0.0
ATOM,2815.0,C,LYS,188.0,58.047,3.104,81.406,0.51,2.0,0.0
ATOM,2816.0,O,LYS,188.0,59.19,2.967,81.827,-0.51,1.7,0.0
ATOM,2817.0,CB,LYS,188.0,56.148,1.967,82.577,-0.18,2.175,0.67
ATOM,2818.0,CG,LYS,188.0,56.912,0.963,83.4,-0.18,2.175,0.59
ATOM,2819.0,CD,LYS,188.0,56.968,-0.377,82.696,-0.18,2.175,4.93
ATOM,2820.0,CE,LYS,188.0,55.702,-1.198,82.873,0.21,2.175,14.7
ATOM,2821.0,NZ,LYS,188.0,55.747,-2.05,84.112,-0.3,1.85,8.88
ATOM,2822.0,H,LYS,188.0,54.956,4.062,81.587,0.31,0.2245,0.36
ATOM,2823.0,HA,LYS,188.0,57.224,3.631,83.243,0.09,1.32,0.0
ATOM,2824.0,HB2,LYS,188.0,55.275,2.153,83.032,0.09,1.32,0.0
ATOM,2825.0,HB3,LYS,188.0,55.968,1.569,81.675,0.09,1.32,3.97
ATOM,2826.0,HG2,LYS,188.0,57.845,1.292,83.542,0.09,1.32,0.0
ATOM,2827.0,HG3,LYS,188.0,56.461,0.845,84.283,0.09,1.32,0.0
ATOM,2828.0,HD2,LYS,188.0,57.11,-0.222,81.716,0.09,1.32,4.46
ATOM,2829.0,HD3,LYS,188.0,57.739,-0.904,83.06,0.09,1.32,0.36
ATOM,2830.0,HE2,LYS,188.0,54.914,-0.58,82.936,0.05,1.32,0.0
ATOM,2831.0,HE3,LYS,188.0,55.582,-1.796,82.076,0.05,1.32,11.68
ATOM,2832.0,HZ1,LYS,188.0,55.827,-1.457,84.91,0.33,0.2245,0.57
ATOM,2833.0,HZ2,LYS,188.0,54.907,-2.585,84.168,0.33,0.2245,8.52
ATOM,2834.0,HZ3,LYS,188.0,56.535,-2.658,84.058,0.33,0.2245,17.41
ATOM,2835.0,N,ASP,189.0,57.752,3.177,80.11,-0.47,1.85,0.0
ATOM,2836.0,CA,ASP,189.0,58.719,3.018,79.009,0.07,2.275,0.77
ATOM,2837.0,C,ASP,189.0,59.784,4.125,78.911,0.51,2.0,0.0
ATOM,2838.0,O,ASP,189.0,60.947,3.859,78.602,-0.51,1.7,1.85
ATOM,2839.0,CB,ASP,189.0,57.929,2.941,77.694,-0.28,2.175,13.07
ATOM,2840.0,CG,ASP,189.0,58.804,2.771,76.464,0.62,2.0,2.72
ATOM,2841.0,OD1,ASP,189.0,59.106,1.622,76.101,-0.76,1.7,35.3
ATOM,2842.0,OD2,ASP,189.0,59.125,3.778,75.812,-0.76,1.7,14.57
ATOM,2843.0,H,ASP,189.0,56.726,3.366,79.923,0.31,0.2245,1.47
ATOM,2844.0,HA,ASP,189.0,59.218,2.145,79.179,0.09,1.32,0.38
ATOM,2845.0,HB2,ASP,189.0,57.309,2.163,77.756,0.09,1.32,10.62
ATOM,2846.0,HB3,ASP,189.0,57.407,3.785,77.602,0.09,1.32,0.75
ATOM,2847.0,N,GLU,190.0,59.367,5.366,79.146,-0.47,1.85,0.0
ATOM,2848.0,CA,GLU,190.0,60.25,6.525,79.091,0.07,2.275,0.0
ATOM,2849.0,C,GLU,190.0,61.185,6.593,80.312,0.51,2.0,0.0
ATOM,2850.0,O,GLU,190.0,62.362,6.954,80.185,-0.51,1.7,0.0
ATOM,2851.0,CB,GLU,190.0,59.401,7.792,78.966,-0.18,2.175,1.3
ATOM,2852.0,CG,GLU,190.0,60.175,9.082,78.755,-0.28,2.175,2.87
ATOM,2853.0,CD,GLU,190.0,61.05,9.084,77.504,0.62,2.0,2.72
ATOM,2854.0,OE1,GLU,190.0,60.669,8.449,76.491,-0.76,1.7,24.15
ATOM,2855.0,OE2,GLU,190.0,62.12,9.738,77.536,-0.76,1.7,14.78
ATOM,2856.0,H,GLU,190.0,58.347,5.439,79.375,0.31,0.2245,0.0
ATOM,2857.0,HA,GLU,190.0,60.809,6.49,78.251,0.09,1.32,0.0
ATOM,2858.0,HB2,GLU,190.0,58.8,7.673,78.187,0.09,1.32,2.92
ATOM,2859.0,HB3,GLU,190.0,58.882,7.888,79.804,0.09,1.32,0.0
ATOM,2860.0,HG2,GLU,190.0,59.528,9.821,78.661,0.09,1.32,3.68
ATOM,2861.0,HG3,GLU,190.0,60.772,9.219,79.529,0.09,1.32,0.0
ATOM,2862.0,N,TYR,191.0,60.658,6.23,81.483,-0.47,1.85,0.0
ATOM,2863.0,CA,TYR,191.0,61.405,6.214,82.748,0.07,2.275,0.0
ATOM,2864.0,C,TYR,191.0,62.558,5.191,82.681,0.51,2.0,0.0
ATOM,2865.0,O,TYR,191.0,63.663,5.468,83.12,-0.51,1.7,0.0
ATOM,2866.0,CB,TYR,191.0,60.426,5.877,83.895,-0.18,2.175,0.0
ATOM,2867.0,CG,TYR,191.0,61.02,5.576,85.272,0.0,1.9924,0.0
ATOM,2868.0,CD1,TYR,191.0,61.511,6.6,86.097,-0.115,1.9924,0.0
ATOM,2869.0,CD2,TYR,191.0,61.057,4.26,85.768,-0.115,1.9924,0.01
ATOM,2870.0,CE1,TYR,191.0,62.02,6.317,87.378,-0.115,1.9924,0.0
ATOM,2871.0,CE2,TYR,191.0,61.562,3.97,87.044,-0.115,1.9924,0.1
ATOM,2872.0,CZ,TYR,191.0,62.043,4.995,87.835,0.11,1.9924,0.0
ATOM,2873.0,OH,TYR,191.0,62.571,4.663,89.061,-0.54,1.77,8.66
ATOM,2874.0,H,TYR,191.0,59.646,5.951,81.425,0.31,0.2245,0.0
ATOM,2875.0,HA,TYR,191.0,61.807,7.121,82.889,0.09,1.32,0.0
ATOM,2876.0,HB2,TYR,191.0,59.791,6.656,83.998,0.09,1.32,0.0
ATOM,2877.0,HB3,TYR,191.0,59.885,5.072,83.613,0.09,1.32,0.0
ATOM,2878.0,HD1,TYR,191.0,61.502,7.542,85.775,0.115,1.3582,0.0
ATOM,2879.0,HD2,TYR,191.0,60.715,3.516,85.199,0.115,1.3582,0.07
ATOM,2880.0,HE1,TYR,191.0,62.36,7.055,87.954,0.115,1.3582,0.0
ATOM,2881.0,HE2,TYR,191.0,61.571,3.028,87.37,0.115,1.3582,5.32
ATOM,2882.0,HH,TYR,191.0,61.913,4.895,89.775,0.43,0.2245,1.09
ATOM,2883.0,N,GLU,192.0,62.299,4.028,82.09,-0.47,1.85,0.0
ATOM,2884.0,CA,GLU,192.0,63.295,2.967,81.972,0.07,2.275,0.0
ATOM,2885.0,C,GLU,192.0,64.45,3.251,81.012,0.51,2.0,0.0
ATOM,2886.0,O,GLU,192.0,65.376,2.445,80.902,-0.51,1.7,16.45
ATOM,2887.0,CB,GLU,192.0,62.618,1.669,81.561,-0.18,2.175,6.08
ATOM,2888.0,CG,GLU,192.0,61.676,1.087,82.616,-0.28,2.175,3.57
ATOM,2889.0,CD,GLU,192.0,60.888,-0.121,82.093,0.62,2.0,2.42
ATOM,2890.0,OE1,GLU,192.0,60.552,-0.148,80.878,-0.76,1.7,21.39
ATOM,2891.0,OE2,GLU,192.0,60.621,-1.051,82.888,-0.76,1.7,33.83
ATOM,2892.0,H,GLU,192.0,61.327,3.939,81.719,0.31,0.2245,0.0
ATOM,2893.0,HA,GLU,192.0,63.679,2.761,82.902,0.09,1.32,0.0
ATOM,2894.0,HB2,GLU,192.0,62.079,1.847,80.755,0.09,1.32,0.31
ATOM,2895.0,HB3,GLU,192.0,63.319,0.997,81.393,0.09,1.32,5.91
ATOM,2896.0,HG2,GLU,192.0,62.214,0.779,83.373,0.09,1.32,1.26
ATOM,2897.0,HG3,GLU,192.0,61.025,1.774,82.863,0.09,1.32,0.0
ATOM,2898.0,N,ARG,193.0,64.385,4.375,80.301,-0.47,1.85,0.0
ATOM,2899.0,CA,ARG,193.0,65.432,4.769,79.347,0.07,2.275,2.06
ATOM,2900.0,C,ARG,193.0,66.532,5.643,79.964,0.51,2.0,2.04
ATOM,2901.0,O,ARG,193.0,67.415,6.114,79.252,-0.51,1.7,19.98
ATOM,2902.0,CB,ARG,193.0,64.815,5.543,78.166,-0.18,2.175,1.62
ATOM,2903.0,CG,ARG,193.0,63.93,4.713,77.261,-0.18,2.175,7.66
ATOM,2904.0,CD,ARG,193.0,63.152,5.572,76.29,0.2,2.175,4.37
ATOM,2905.0,NE,ARG,193.0,62.136,4.767,75.616,-0.7,1.85,1.39
ATOM,2906.0,CZ,ARG,193.0,62.259,4.292,74.383,0.64,2.0,2.99
ATOM,2907.0,NH1,ARG,193.0,63.356,4.543,73.677,-0.8,1.85,25.39
ATOM,2908.0,NH2,ARG,193.0,61.306,3.54,73.855,-0.8,1.85,23.35
ATOM,2909.0,H,ARG,193.0,63.534,4.951,80.476,0.31,0.2245,0.0
ATOM,2910.0,HA,ARG,193.0,65.863,3.926,78.977,0.09,1.32,7.13
ATOM,2911.0,HB2,ARG,193.0,64.269,6.289,78.542,0.09,1.32,0.0
ATOM,2912.0,HB3,ARG,193.0,65.563,5.914,77.62,0.09,1.32,4.93
ATOM,2913.0,HG2,ARG,193.0,64.494,4.077,76.734,0.09,1.32,8.45
ATOM,2914.0,HG3,ARG,193.0,63.276,4.198,77.815,0.09,1.32,0.01
ATOM,2915.0,HD2,ARG,193.0,62.711,6.298,76.797,0.09,1.32,0.0
ATOM,2916.0,HD3,ARG,193.0,63.782,5.934,75.618,0.09,1.32,4.04
ATOM,2917.0,HE,ARG,193.0,61.29,4.561,76.12,0.44,0.2245,0.0
ATOM,2918.0,HH11,ARG,193.0,64.108,5.07,74.063,0.46,0.2245,10.25
ATOM,2919.0,HH12,ARG,193.0,63.43,4.194,72.735,0.46,0.2245,18.58
ATOM,2920.0,HH21,ARG,193.0,60.495,3.315,74.404,0.46,0.2245,0.48
ATOM,2921.0,HH22,ARG,193.0,61.388,3.198,72.923,0.46,0.2245,18.1
ATOM,2922.0,N,HIS,194.0,66.468,5.911,81.263,-0.47,1.85,0.36
ATOM,2923.0,CA,HIS,194.0,67.452,6.783,81.904,0.07,2.275,2.95
ATOM,2924.0,C,HIS,194.0,67.675,6.268,83.302,0.51,2.0,0.54
ATOM,2925.0,O,HIS,194.0,66.921,5.42,83.76,-0.51,1.7,0.0
ATOM,2926.0,CB,HIS,194.0,66.925,8.222,81.93,-0.08,2.175,0.0
ATOM,2927.0,CG,HIS,194.0,66.276,8.644,80.645,0.22,1.8,0.0
ATOM,2928.0,H,HIS,194.0,65.685,5.463,81.768,0.31,0.2245,0.0
ATOM,2929.0,HA,HIS,194.0,68.305,6.718,81.396,0.09,1.32,2.65
ATOM,2930.0,HB2,HIS,194.0,66.25,8.309,82.668,0.09,1.32,0.0
ATOM,2931.0,HB3,HIS,194.0,67.69,8.846,82.117,0.09,1.32,0.0
ATOM,2932.0,ND1,HIS,194.0,66.993,8.948,79.51,-0.7,1.85,8.12
ATOM,2933.0,CD2,HIS,194.0,64.966,8.752,80.298,-0.05,1.8,0.0
ATOM,2934.0,CE1,HIS,194.0,66.16,9.224,78.52,0.25,1.8,17.8
ATOM,2935.0,NE2,HIS,194.0,64.925,9.109,78.975,-0.36,1.85,0.51
ATOM,2936.0,HD2,HIS,194.0,64.184,8.6,80.896,0.09,1.468,0.0
ATOM,2937.0,HE1,HIS,194.0,66.419,9.476,77.593,0.13,0.9,17.68
ATOM,2938.0,HE2,HIS,194.0,64.092,9.258,78.437,0.32,0.2245,0.0
ATOM,2939.0,N,ASN,195.0,68.684,6.784,83.995,-0.47,1.85,0.44
ATOM,2940.0,CA,ASN,195.0,68.974,6.284,85.338,0.07,2.275,0.0
ATOM,2941.0,C,ASN,195.0,68.937,7.319,86.452,0.51,2.0,0.0
ATOM,2942.0,O,ASN,195.0,68.448,7.047,87.545,-0.51,1.7,0.0
ATOM,2943.0,CB,ASN,195.0,70.332,5.562,85.32,-0.18,2.175,13.45
ATOM,2944.0,CG,ASN,195.0,70.75,5.009,86.693,0.55,2.0,1.93
ATOM,2945.0,H,ASN,195.0,69.215,7.526,83.529,0.31,0.2245,0.0
ATOM,2946.0,HA,ASN,195.0,68.254,5.587,85.555,0.09,1.32,0.0
ATOM,2947.0,HB2,ASN,195.0,70.276,4.799,84.682,0.09,1.32,8.67
ATOM,2948.0,HB3,ASN,195.0,71.029,6.208,85.02,0.09,1.32,3.95
ATOM,2949.0,OD1,ASN,195.0,70.073,4.156,87.275,-0.55,1.7,5.97
ATOM,2950.0,ND2,ASN,195.0,71.903,5.461,87.183,-0.62,1.85,14.76
ATOM,2951.0,HD22,ASN,195.0,72.437,6.128,86.661,0.3,0.2245,11.59
ATOM,2952.0,HD21,ASN,195.0,72.233,5.137,88.067,0.32,0.2245,9.53
ATOM,2953.0,N,SER,196.0,69.465,8.498,86.156,-0.47,1.85,0.0
ATOM,2954.0,CA,SER,196.0,69.551,9.605,87.099,0.07,2.275,0.0
ATOM,2955.0,C,SER,196.0,68.349,10.578,87.106,0.51,2.0,0.0
ATOM,2956.0,O,SER,196.0,68.102,11.282,86.113,-0.51,1.7,0.0
ATOM,2957.0,CB,SER,196.0,70.857,10.367,86.812,0.05,2.175,12.08
ATOM,2958.0,OG,SER,196.0,70.937,11.615,87.485,-0.66,1.77,12.6
ATOM,2959.0,H,SER,196.0,69.823,8.569,85.167,0.31,0.2245,0.0
ATOM,2960.0,HA,SER,196.0,69.624,9.213,88.043,0.09,1.32,0.0
ATOM,2961.0,HB2,SER,196.0,71.629,9.794,87.098,0.09,1.32,2.85
ATOM,2962.0,HB3,SER,196.0,70.92,10.528,85.824,0.09,1.32,0.0
ATOM,2963.0,HG,SER,196.0,70.157,11.71,88.102,0.43,0.2245,0.0
ATOM,2964.0,N,TYR,197.0,67.665,10.667,88.25,-0.47,1.85,0.0
ATOM,2965.0,CA,TYR,197.0,66.516,11.563,88.413,0.07,2.275,0.0
ATOM,2966.0,C,TYR,197.0,66.855,12.617,89.466,0.51,2.0,0.0
ATOM,2967.0,O,TYR,197.0,67.199,12.282,90.606,-0.51,1.7,0.0
ATOM,2968.0,CB,TYR,197.0,65.275,10.735,88.76,-0.18,2.175,0.0
ATOM,2969.0,CG,TYR,197.0,64.874,9.878,87.584,0.0,1.9924,0.0
ATOM,2970.0,CD1,TYR,197.0,64.117,10.427,86.544,-0.115,1.9924,0.0
ATOM,2971.0,CD2,TYR,197.0,65.38,8.583,87.416,-0.115,1.9924,0.0
ATOM,2972.0,CE1,TYR,197.0,63.886,9.73,85.361,-0.115,1.9924,0.0
ATOM,2973.0,CE2,TYR,197.0,65.15,7.869,86.227,-0.115,1.9924,0.0
ATOM,2974.0,CZ,TYR,197.0,64.405,8.457,85.206,0.11,1.9924,0.0
ATOM,2975.0,OH,TYR,197.0,64.178,7.824,84.001,-0.54,1.77,0.0
ATOM,2976.0,H,TYR,197.0,68.016,10.049,89.012,0.31,0.2245,0.0
ATOM,2977.0,HA,TYR,197.0,66.355,12.029,87.545,0.09,1.32,0.0
ATOM,2978.0,HB2,TYR,197.0,65.495,10.148,89.516,0.09,1.32,0.0
ATOM,2979.0,HB3,TYR,197.0,64.538,11.351,88.964,0.09,1.32,0.0
ATOM,2980.0,HD1,TYR,197.0,63.729,11.347,86.653,0.115,1.3582,0.0
ATOM,2981.0,HD2,TYR,197.0,65.908,8.162,88.142,0.115,1.3582,0.0
ATOM,2982.0,HE1,TYR,197.0,63.349,10.15,84.629,0.115,1.3582,0.0
ATOM,2983.0,HE2,TYR,197.0,65.517,6.951,86.119,0.115,1.3582,0.0
ATOM,2984.0,HH,TYR,197.0,64.902,7.156,83.843,0.43,0.2245,0.0
ATOM,2985.0,N,THR,198.0,66.841,13.886,89.056,-0.47,1.85,0.0
ATOM,2986.0,CA,THR,198.0,67.223,14.994,89.943,0.07,2.275,0.0
ATOM,2987.0,C,THR,198.0,66.216,16.132,90.114,0.51,2.0,0.0
ATOM,2988.0,O,THR,198.0,65.617,16.633,89.157,-0.51,1.7,0.0
ATOM,2989.0,CB,THR,198.0,68.629,15.597,89.518,0.14,2.275,0.0
ATOM,2990.0,OG1,THR,198.0,69.662,14.64,89.784,-0.66,1.77,7.06
ATOM,2991.0,CG2,THR,198.0,68.955,16.877,90.263,-0.27,2.06,0.24
ATOM,2992.0,H,THR,198.0,66.542,14.023,88.072,0.31,0.2245,0.0
ATOM,2993.0,HA,THR,198.0,67.413,14.597,90.876,0.09,1.32,0.0
ATOM,2994.0,HB,THR,198.0,68.597,15.778,88.519,0.09,1.32,0.0
ATOM,2995.0,HG21,THR,198.0,68.268,17.578,90.056,0.09,1.32,0.0
ATOM,2996.0,HG22,THR,198.0,68.959,16.706,91.252,0.09,1.32,0.0
ATOM,2997.0,HG23,THR,198.0,69.859,17.214,89.986,0.09,1.32,1.48
ATOM,2998.0,HG1,THR,198.0,69.763,14.01,89.007,0.43,0.2245,1.52
ATOM,2999.0,N,CYS,199.0,66.137,16.593,91.351,-0.47,1.85,0.0
ATOM,3000.0,CA,CYS,199.0,65.256,17.658,91.745,0.07,2.275,0.0
ATOM,3001.0,C,CYS,199.0,66.139,18.733,92.391,0.51,2.0,0.0
ATOM,3002.0,O,CYS,199.0,66.862,18.455,93.36,-0.51,1.7,0.0
ATOM,3003.0,CB,CYS,199.0,64.237,17.086,92.74,-0.1,2.175,0.0
ATOM,3004.0,SG,CYS,199.0,63.163,18.301,93.523,-0.08,1.975,0.0
ATOM,3005.0,H,CYS,199.0,66.784,16.104,92.027,0.31,0.2245,0.0
ATOM,3006.0,HA,CYS,199.0,64.84,18.055,90.938,0.09,1.32,0.0
ATOM,3007.0,HB2,CYS,199.0,63.666,16.426,92.247,0.09,1.32,0.0
ATOM,3008.0,HB3,CYS,199.0,64.748,16.604,93.456,0.09,1.32,0.0
ATOM,3009.0,N,GLU,200.0,66.094,19.941,91.827,-0.47,1.85,0.0
ATOM,3010.0,CA,GLU,200.0,66.88,21.071,92.31,0.07,2.275,0.0
ATOM,3011.0,C,GLU,200.0,66.052,22.306,92.67,0.51,2.0,0.0
ATOM,3012.0,O,GLU,200.0,65.344,22.855,91.827,-0.51,1.7,0.25
ATOM,3013.0,CB,GLU,200.0,67.892,21.477,91.242,-0.18,2.175,1.57
ATOM,3014.0,CG,GLU,200.0,68.841,20.374,90.834,-0.28,2.175,0.0
ATOM,3015.0,CD,GLU,200.0,69.792,20.801,89.735,0.62,2.0,0.59
ATOM,3016.0,OE1,GLU,200.0,69.869,22.019,89.438,-0.76,1.7,20.01
ATOM,3017.0,OE2,GLU,200.0,70.454,19.907,89.164,-0.76,1.7,7.83
ATOM,3018.0,H,GLU,200.0,65.446,20.006,91.008,0.31,0.2245,0.0
ATOM,3019.0,HA,GLU,200.0,67.419,20.783,93.128,0.09,1.32,0.0
ATOM,3020.0,HB2,GLU,200.0,67.386,21.752,90.441,0.09,1.32,0.0
ATOM,3021.0,HB3,GLU,200.0,68.43,22.219,91.606,0.09,1.32,0.0
ATOM,3022.0,HG2,GLU,200.0,69.384,20.125,91.615,0.09,1.32,0.0
ATOM,3023.0,HG3,GLU,200.0,68.314,19.618,90.491,0.09,1.32,0.0
ATOM,3024.0,N,ALA,201.0,66.229,22.801,93.889,-0.47,1.85,0.0
ATOM,3025.0,CA,ALA,201.0,65.506,23.971,94.352,0.07,2.275,0.0
ATOM,3026.0,C,ALA,201.0,66.379,25.232,94.479,0.51,2.0,0.0
ATOM,3027.0,O,ALA,201.0,67.411,25.24,95.167,-0.51,1.7,0.0
ATOM,3028.0,CB,ALA,201.0,64.852,23.661,95.688,-0.27,2.06,0.0
ATOM,3029.0,H,ALA,201.0,66.92,22.284,94.471,0.31,0.2245,0.0
ATOM,3030.0,HA,ALA,201.0,64.754,24.176,93.696,0.09,1.32,0.0
ATOM,3031.0,HB1,ALA,201.0,64.079,24.279,95.835,0.09,1.32,0.0
ATOM,3032.0,HB2,ALA,201.0,64.525,22.716,95.69,0.09,1.32,0.0
ATOM,3033.0,HB3,ALA,201.0,65.518,23.783,96.424,0.09,1.32,0.0
ATOM,3034.0,N,THR,202.0,65.95,26.307,93.832,-0.47,1.85,0.0
ATOM,3035.0,CA,THR,202.0,66.664,27.573,93.916,0.07,2.275,0.0
ATOM,3036.0,C,THR,202.0,65.802,28.555,94.728,0.51,2.0,0.0
ATOM,3037.0,O,THR,202.0,64.68,28.896,94.338,-0.51,1.7,3.13
ATOM,3038.0,CB,THR,202.0,66.997,28.117,92.514,0.14,2.275,0.42
ATOM,3039.0,OG1,THR,202.0,67.872,27.197,91.843,-0.66,1.77,14.41
ATOM,3040.0,CG2,THR,202.0,67.686,29.453,92.615,-0.27,2.06,30.42
ATOM,3041.0,H,THR,202.0,65.086,26.171,93.277,0.31,0.2245,0.0
ATOM,3042.0,HA,THR,202.0,67.517,27.433,94.408,0.09,1.32,0.07
ATOM,3043.0,HB,THR,202.0,66.136,28.186,91.974,0.09,1.32,0.0
ATOM,3044.0,HG21,THR,202.0,68.679,29.326,92.703,0.09,1.32,2.8
ATOM,3045.0,HG22,THR,202.0,67.502,30.002,91.793,0.09,1.32,11.36
ATOM,3046.0,HG23,THR,202.0,67.353,29.956,93.419,0.09,1.32,1.75
ATOM,3047.0,HG1,THR,202.0,68.109,26.434,92.453,0.43,0.2245,0.0
ATOM,3048.0,N,HIS,203.0,66.338,29.001,95.859,-0.47,1.85,0.0
ATOM,3049.0,CA,HIS,203.0,65.615,29.887,96.763,0.07,2.275,1.45
ATOM,3050.0,C,HIS,203.0,66.552,30.95,97.363,0.51,2.0,1.3
ATOM,3051.0,O,HIS,203.0,67.749,30.722,97.52,-0.51,1.7,0.43
ATOM,3052.0,CB,HIS,203.0,64.972,29.026,97.877,-0.08,2.175,0.0
ATOM,3053.0,CG,HIS,203.0,64.016,29.763,98.765,0.22,1.8,0.0
ATOM,3054.0,H,HIS,203.0,67.308,28.667,96.041,0.31,0.2245,0.04
ATOM,3055.0,HA,HIS,203.0,64.899,30.365,96.243,0.09,1.32,1.82
ATOM,3056.0,HB2,HIS,203.0,64.48,28.259,97.444,0.09,1.32,0.0
ATOM,3057.0,HB3,HIS,203.0,65.709,28.643,98.449,0.09,1.32,0.1
ATOM,3058.0,ND1,HIS,203.0,64.294,30.052,100.083,-0.7,1.85,0.0
ATOM,3059.0,CD2,HIS,203.0,62.791,30.285,98.517,-0.05,1.8,0.0
ATOM,3060.0,CE1,HIS,203.0,63.289,30.731,100.604,0.25,1.8,0.0
ATOM,3061.0,NE2,HIS,203.0,62.364,30.885,99.672,-0.36,1.85,0.0
ATOM,3062.0,HD2,HIS,203.0,62.293,30.24,97.654,0.09,1.468,0.0
ATOM,3063.0,HE1,HIS,203.0,63.234,31.069,101.539,0.13,0.9,0.0
ATOM,3064.0,HE2,HIS,203.0,61.492,31.365,99.793,0.32,0.2245,0.0
ATOM,3065.0,N,LYS,204.0,65.964,32.088,97.733,-0.47,1.85,3.9
ATOM,3066.0,CA,LYS,204.0,66.642,33.243,98.328,0.07,2.275,3.29
ATOM,3067.0,C,LYS,204.0,67.655,32.867,99.389,0.51,2.0,0.0
ATOM,3068.0,O,LYS,204.0,68.676,33.522,99.54,-0.51,1.7,20.23
ATOM,3069.0,CB,LYS,204.0,65.585,34.159,98.952,-0.18,2.175,1.88
ATOM,3070.0,CG,LYS,204.0,66.073,35.491,99.479,-0.18,2.175,5.14
ATOM,3071.0,CD,LYS,204.0,64.918,36.478,99.546,-0.18,2.175,4.19
ATOM,3072.0,CE,LYS,204.0,65.34,37.844,100.072,0.21,2.175,21.91
ATOM,3073.0,NZ,LYS,204.0,65.412,37.917,101.567,-0.3,1.85,9.47
ATOM,3074.0,H,LYS,204.0,64.915,32.09,97.553,0.31,0.2245,2.17
ATOM,3075.0,HA,LYS,204.0,67.117,33.752,97.585,0.09,1.32,10.64
ATOM,3076.0,HB2,LYS,204.0,64.878,34.334,98.254,0.09,1.32,4.92
ATOM,3077.0,HB3,LYS,204.0,65.152,33.656,99.713,0.09,1.32,0.0
ATOM,3078.0,HG2,LYS,204.0,66.444,35.368,100.394,0.09,1.32,1.25
ATOM,3079.0,HG3,LYS,204.0,66.77,35.852,98.869,0.09,1.32,7.8
ATOM,3080.0,HD2,LYS,204.0,64.541,36.596,98.627,0.09,1.32,10.17
ATOM,3081.0,HD3,LYS,204.0,64.213,36.11,100.152,0.09,1.32,0.0
ATOM,3082.0,HE2,LYS,204.0,66.247,38.074,99.691,0.05,1.32,9.63
ATOM,3083.0,HE3,LYS,204.0,64.682,38.537,99.744,0.05,1.32,12.17
ATOM,3084.0,HZ1,LYS,204.0,65.562,38.865,101.841,0.33,0.2245,20.73
ATOM,3085.0,HZ2,LYS,204.0,64.553,37.585,101.952,0.33,0.2245,4.1
ATOM,3086.0,HZ3,LYS,204.0,66.168,37.349,101.886,0.33,0.2245,8.86
ATOM,3087.0,N,THR,205.0,67.34,31.836,100.155,-0.47,1.85,0.0
ATOM,3088.0,CA,THR,205.0,68.205,31.374,101.229,0.07,2.275,1.42
ATOM,3089.0,C,THR,205.0,69.563,30.777,100.793,0.51,2.0,1.58
ATOM,3090.0,O,THR,205.0,70.312,30.269,101.634,-0.51,1.7,23.65
ATOM,3091.0,CB,THR,205.0,67.449,30.351,102.109,0.14,2.275,1.21
ATOM,3092.0,OG1,THR,205.0,66.784,29.398,101.268,-0.66,1.77,0.02
ATOM,3093.0,CG2,THR,205.0,66.436,31.051,102.987,-0.27,2.06,7.07
ATOM,3094.0,H,THR,205.0,66.426,31.386,99.925,0.31,0.2245,0.0
ATOM,3095.0,HA,THR,205.0,68.405,32.166,101.849,0.09,1.32,7.43
ATOM,3096.0,HB,THR,205.0,68.126,29.852,102.684,0.09,1.32,2.95
ATOM,3097.0,HG21,THR,205.0,65.511,30.92,102.618,0.09,1.32,0.0
ATOM,3098.0,HG22,THR,205.0,66.47,30.677,103.918,0.09,1.32,3.02
ATOM,3099.0,HG23,THR,205.0,66.634,32.035,103.025,0.09,1.32,0.79
ATOM,3100.0,HG1,THR,205.0,66.921,29.632,100.3,0.43,0.2245,0.01
ATOM,3101.0,N,SER,206.0,69.881,30.83,99.499,-0.47,1.85,0.14
ATOM,3102.0,CA,SER,206.0,71.142,30.28,99.003,0.07,2.275,2.49
ATOM,3103.0,C,SER,206.0,71.407,30.608,97.521,0.51,2.0,1.32
ATOM,3104.0,O,SER,206.0,70.472,30.75,96.714,-0.51,1.7,7.15
ATOM,3105.0,CB,SER,206.0,71.175,28.76,99.227,0.05,2.175,8.99
ATOM,3106.0,OG,SER,206.0,72.462,28.226,98.961,-0.66,1.77,14.78
ATOM,3107.0,H,SER,206.0,69.175,31.283,98.893,0.31,0.2245,0.0
ATOM,3108.0,HA,SER,206.0,71.897,30.687,99.543,0.09,1.32,7.22
ATOM,3109.0,HB2,SER,206.0,70.934,28.573,100.175,0.09,1.32,3.34
ATOM,3110.0,HB3,SER,206.0,70.514,28.334,98.615,0.09,1.32,0.09
ATOM,3111.0,HG,SER,206.0,72.45,27.751,98.082,0.43,0.2245,0.15
ATOM,3112.0,N,THR,207.0,72.694,30.751,97.185,-0.47,1.85,0.15
ATOM,3113.0,CA,THR,207.0,73.15,31.054,95.821,0.07,2.275,0.81
ATOM,3114.0,C,THR,207.0,73.276,29.759,95.041,0.51,2.0,0.12
ATOM,3115.0,O,THR,207.0,73.105,29.732,93.818,-0.51,1.7,22.09
ATOM,3116.0,CB,THR,207.0,74.516,31.755,95.826,0.14,2.275,5.15
ATOM,3117.0,OG1,THR,207.0,74.884,32.09,97.178,-0.66,1.77,22.94
ATOM,3118.0,CG2,THR,207.0,74.457,33.024,94.968,-0.27,2.06,40.78
ATOM,3119.0,H,THR,207.0,73.359,30.627,97.987,0.31,0.2245,2.4
ATOM,3120.0,HA,THR,207.0,72.461,31.629,95.381,0.09,1.32,5.07
ATOM,3121.0,HB,THR,207.0,75.22,31.114,95.459,0.09,1.32,7.92
ATOM,3122.0,HG21,THR,207.0,74.109,32.796,94.058,0.09,1.32,8.04
ATOM,3123.0,HG22,THR,207.0,73.849,33.691,95.399,0.09,1.32,10.21
ATOM,3124.0,HG23,THR,207.0,75.375,33.415,94.885,0.09,1.32,11.8
ATOM,3125.0,HG1,THR,207.0,74.1,32.493,97.66,0.43,0.2245,12.7
ATOM,3126.0,N,SER,208.0,73.621,28.7,95.766,-0.47,1.85,0.0
ATOM,3127.0,CA,SER,208.0,73.743,27.367,95.201,0.07,2.275,1.93
ATOM,3128.0,C,SER,208.0,72.414,26.661,95.521,0.51,2.0,0.23
ATOM,3129.0,O,SER,208.0,71.755,26.98,96.515,-0.51,1.7,1.26
ATOM,3130.0,CB,SER,208.0,74.943,26.631,95.818,0.05,2.175,22.16
ATOM,3131.0,OG,SER,208.0,75.009,26.791,97.229,-0.66,1.77,19.9
ATOM,3132.0,H,SER,208.0,73.796,28.911,96.776,0.31,0.2245,0.0
ATOM,3133.0,HA,SER,208.0,73.812,27.443,94.221,0.09,1.32,1.8
ATOM,3134.0,HB2,SER,208.0,74.863,25.657,95.606,0.09,1.32,5.07
ATOM,3135.0,HB3,SER,208.0,75.782,26.993,95.412,0.09,1.32,11.48
ATOM,3136.0,HG,SER,208.0,75.348,27.705,97.443,0.43,0.2245,12.75
ATOM,3137.0,N,PRO,209.0,71.967,25.759,94.638,-0.29,1.85,0.0
ATOM,3138.0,CA,PRO,209.0,70.709,25.032,94.832,0.02,2.275,0.02
ATOM,3139.0,C,PRO,209.0,70.8,23.78,95.702,0.51,2.0,0.03
ATOM,3140.0,O,PRO,209.0,71.891,23.218,95.892,-0.51,1.7,15.46
ATOM,3141.0,CB,PRO,209.0,70.334,24.662,93.409,-0.18,2.175,1.35
ATOM,3142.0,CG,PRO,209.0,71.682,24.377,92.79,-0.18,2.175,12.1
ATOM,3143.0,CD,PRO,209.0,72.514,25.517,93.287,0.0,2.175,12.59
ATOM,3144.0,HA,PRO,209.0,69.988,25.666,95.198,0.09,1.32,0.03
ATOM,3145.0,HB2,PRO,209.0,69.762,23.851,93.384,0.09,1.32,0.0
ATOM,3146.0,HB3,PRO,209.0,69.89,25.417,92.943,0.09,1.32,0.0
ATOM,3147.0,HG2,PRO,209.0,72.029,23.505,93.112,0.09,1.32,0.71
ATOM,3148.0,HG3,PRO,209.0,71.611,24.382,91.8,0.09,1.32,6.33
ATOM,3149.0,HD2,PRO,209.0,73.481,25.274,93.343,0.09,1.32,5.74
ATOM,3150.0,HD3,PRO,209.0,72.406,26.332,92.717,0.09,1.32,7.12
ATOM,3151.0,N,ILE,210.0,69.657,23.361,96.249,-0.47,1.85,0.0
ATOM,3152.0,CA,ILE,210.0,69.587,22.133,97.052,0.07,2.275,0.12
ATOM,3153.0,C,ILE,210.0,69.335,21.015,96.031,0.51,2.0,0.0
ATOM,3154.0,O,ILE,210.0,68.417,21.105,95.21,-0.51,1.7,0.0
ATOM,3155.0,CB,ILE,210.0,68.408,22.137,98.081,-0.09,2.275,0.0
ATOM,3156.0,CG1,ILE,210.0,68.54,23.297,99.071,-0.18,2.175,12.44
ATOM,3157.0,CG2,ILE,210.0,68.335,20.785,98.82,-0.27,2.06,5.61
ATOM,3158.0,CD1,ILE,210.0,67.613,24.47,98.781,-0.27,2.06,0.31
ATOM,3159.0,H,ILE,210.0,68.836,23.966,96.062,0.31,0.2245,0.0
ATOM,3160.0,HA,ILE,210.0,70.489,21.985,97.41,0.09,1.32,4.22
ATOM,3161.0,HB,ILE,210.0,67.566,22.258,97.566,0.09,1.32,0.0
ATOM,3162.0,HG12,ILE,210.0,68.347,22.955,99.989,0.09,1.32,4.48
ATOM,3163.0,HG13,ILE,210.0,69.484,23.626,99.046,0.09,1.32,6.04
ATOM,3164.0,HG21,ILE,210.0,67.543,20.788,99.422,0.09,1.32,0.0
ATOM,3165.0,HG22,ILE,210.0,68.25,20.054,98.15,0.09,1.32,0.0
ATOM,3166.0,HG23,ILE,210.0,69.167,20.662,99.353,0.09,1.32,9.16
ATOM,3167.0,HD11,ILE,210.0,66.667,24.155,98.817,0.09,1.32,0.0
ATOM,3168.0,HD12,ILE,210.0,67.76,25.179,99.467,0.09,1.32,1.16
ATOM,3169.0,HD13,ILE,210.0,67.816,24.83,97.873,0.09,1.32,0.0
ATOM,3170.0,N,VAL,211.0,70.136,19.968,96.072,-0.47,1.85,0.0
ATOM,3171.0,CA,VAL,211.0,69.97,18.906,95.107,0.07,2.275,0.0
ATOM,3172.0,C,VAL,211.0,69.593,17.589,95.747,0.51,2.0,0.0
ATOM,3173.0,O,VAL,211.0,70.238,17.137,96.691,-0.51,1.7,13.68
ATOM,3174.0,CB,VAL,211.0,71.255,18.713,94.277,-0.09,2.275,2.16
ATOM,3175.0,CG1,VAL,211.0,71.133,17.492,93.386,-0.27,2.06,12.19
ATOM,3176.0,CG2,VAL,211.0,71.535,19.952,93.428,-0.27,2.06,11.81
ATOM,3177.0,H,VAL,211.0,70.849,19.977,96.812,0.31,0.2245,8.67
ATOM,3178.0,HA,VAL,211.0,69.222,19.17,94.471,0.09,1.32,0.0
ATOM,3179.0,HB,VAL,211.0,72.001,18.54,94.913,0.09,1.32,8.91
ATOM,3180.0,HG11,VAL,211.0,71.614,17.655,92.524,0.09,1.32,5.05
ATOM,3181.0,HG12,VAL,211.0,71.536,16.699,93.844,0.09,1.32,5.9
ATOM,3182.0,HG13,VAL,211.0,70.168,17.309,93.196,0.09,1.32,0.0
ATOM,3183.0,HG21,VAL,211.0,70.737,20.145,92.859,0.09,1.32,0.0
ATOM,3184.0,HG22,VAL,211.0,71.717,20.727,94.031,0.09,1.32,0.0
ATOM,3185.0,HG23,VAL,211.0,72.33,19.779,92.849,0.09,1.32,9.88
ATOM,3186.0,N,LYS,212.0,68.509,16.994,95.269,-0.47,1.85,0.0
ATOM,3187.0,CA,LYS,212.0,68.094,15.696,95.779,0.07,2.275,0.0
ATOM,3188.0,C,LYS,212.0,68.112,14.805,94.563,0.51,2.0,0.0
ATOM,3189.0,O,LYS,212.0,67.605,15.191,93.501,-0.51,1.7,0.0
ATOM,3190.0,CB,LYS,212.0,66.709,15.76,96.409,-0.18,2.175,0.0
ATOM,3191.0,CG,LYS,212.0,66.738,15.384,97.863,-0.18,2.175,0.47
ATOM,3192.0,CD,LYS,212.0,67.845,16.13,98.569,-0.18,2.175,0.59
ATOM,3193.0,CE,LYS,212.0,67.983,15.675,100.0,0.21,2.175,16.08
ATOM,3194.0,NZ,LYS,212.0,68.957,16.524,100.749,-0.3,1.85,13.17
ATOM,3195.0,H,LYS,212.0,68.006,17.513,94.533,0.31,0.2245,0.0
ATOM,3196.0,HA,LYS,212.0,68.759,15.376,96.428,0.09,1.32,0.47
ATOM,3197.0,HB2,LYS,212.0,66.372,16.689,96.325,0.09,1.32,0.0
ATOM,3198.0,HB3,LYS,212.0,66.119,15.126,95.925,0.09,1.32,0.0
ATOM,3199.0,HG2,LYS,212.0,65.866,15.623,98.286,0.09,1.32,0.0
ATOM,3200.0,HG3,LYS,212.0,66.901,14.404,97.951,0.09,1.32,3.66
ATOM,3201.0,HD2,LYS,212.0,68.704,15.96,98.094,0.09,1.32,0.69
ATOM,3202.0,HD3,LYS,212.0,67.636,17.104,98.561,0.09,1.32,0.0
ATOM,3203.0,HE2,LYS,212.0,67.091,15.729,100.453,0.05,1.32,0.43
ATOM,3204.0,HE3,LYS,212.0,68.301,14.725,100.017,0.05,1.32,11.0
ATOM,3205.0,HZ1,LYS,212.0,69.353,15.991,101.495,0.33,0.2245,20.44
ATOM,3206.0,HZ2,LYS,212.0,69.68,16.822,100.127,0.33,0.2245,9.69
ATOM,3207.0,HZ3,LYS,212.0,68.482,17.32,101.12,0.33,0.2245,9.32
ATOM,3208.0,N,SER,213.0,68.707,13.629,94.693,-0.47,1.85,0.59
ATOM,3209.0,CA,SER,213.0,68.812,12.757,93.543,0.07,2.275,0.0
ATOM,3210.0,C,SER,213.0,68.77,11.276,93.871,0.51,2.0,0.42
ATOM,3211.0,O,SER,213.0,68.972,10.855,95.017,-0.51,1.7,23.05
ATOM,3212.0,CB,SER,213.0,70.105,13.084,92.773,0.05,2.175,12.57
ATOM,3213.0,OG,SER,213.0,70.125,12.493,91.472,-0.66,1.77,4.36
ATOM,3214.0,H,SER,213.0,69.064,13.409,95.628,0.31,0.2245,8.53
ATOM,3215.0,HA,SER,213.0,68.025,12.959,92.921,0.09,1.32,0.0
ATOM,3216.0,HB2,SER,213.0,70.178,14.075,92.677,0.09,1.32,0.0
ATOM,3217.0,HB3,SER,213.0,70.883,12.738,93.294,0.09,1.32,10.67
ATOM,3218.0,HG,SER,213.0,69.188,12.378,91.15,0.43,0.2245,0.0
ATOM,3219.0,N,PHE,214.0,68.395,10.5,92.861,-0.47,1.85,0.0
ATOM,3220.0,CA,PHE,214.0,68.359,9.06,92.986,0.07,2.275,0.9
ATOM,3221.0,C,PHE,214.0,68.598,8.523,91.585,0.51,2.0,0.0
ATOM,3222.0,O,PHE,214.0,68.44,9.243,90.583,-0.51,1.7,0.0
ATOM,3223.0,CB,PHE,214.0,67.035,8.558,93.586,-0.18,2.175,11.7
ATOM,3224.0,CG,PHE,214.0,65.893,8.517,92.611,0.0,1.9924,0.0
ATOM,3225.0,CD1,PHE,214.0,65.672,7.389,91.828,-0.115,1.9924,2.68
ATOM,3226.0,CD2,PHE,214.0,65.046,9.607,92.468,-0.115,1.9924,0.0
ATOM,3227.0,CE1,PHE,214.0,64.636,7.347,90.916,-0.115,1.9924,0.49
ATOM,3228.0,CE2,PHE,214.0,63.989,9.573,91.546,-0.115,1.9924,0.0
ATOM,3229.0,CZ,PHE,214.0,63.787,8.448,90.775,-0.115,1.9924,0.0
ATOM,3230.0,H,PHE,214.0,68.136,11.012,91.993,0.31,0.2245,0.0
ATOM,3231.0,HA,PHE,214.0,69.138,8.79,93.532,0.09,1.32,5.98
ATOM,3232.0,HB2,PHE,214.0,67.188,7.639,93.921,0.09,1.32,7.2
ATOM,3233.0,HB3,PHE,214.0,66.79,9.171,94.323,0.09,1.32,0.42
ATOM,3234.0,HD1,PHE,214.0,66.271,6.596,91.928,0.115,1.3582,1.2
ATOM,3235.0,HD2,PHE,214.0,65.184,10.424,93.022,0.115,1.3582,0.0
ATOM,3236.0,HE1,PHE,214.0,64.493,6.526,90.353,0.115,1.3582,0.05
ATOM,3237.0,HE2,PHE,214.0,63.387,10.381,91.458,0.115,1.3582,0.0
ATOM,3238.0,HZ,PHE,214.0,63.039,8.408,90.114,0.115,1.3582,0.0
ATOM,3239.0,N,ASN,215.0,69.083,7.293,91.541,-0.47,1.85,0.0
ATOM,3240.0,CA,ASN,215.0,69.37,6.596,90.298,0.07,2.275,0.0
ATOM,3241.0,C,ASN,215.0,68.616,5.29,90.423,0.51,2.0,0.0
ATOM,3242.0,O,ASN,215.0,68.455,4.761,91.527,-0.51,1.7,16.11
ATOM,3243.0,CB,ASN,215.0,70.872,6.284,90.161,-0.18,2.175,7.17
ATOM,3244.0,CG,ASN,215.0,71.713,7.513,89.843,0.55,2.0,0.52
ATOM,3245.0,H,ASN,215.0,69.244,6.861,92.485,0.31,0.2245,6.39
ATOM,3246.0,HA,ASN,215.0,68.951,7.108,89.569,0.09,1.32,0.0
ATOM,3247.0,HB2,ASN,215.0,71.189,5.896,91.022,0.09,1.32,6.29
ATOM,3248.0,HB3,ASN,215.0,70.986,5.621,89.425,0.09,1.32,0.0
ATOM,3249.0,OD1,ASN,215.0,71.731,7.987,88.705,-0.55,1.7,3.82
ATOM,3250.0,ND2,ASN,215.0,72.451,8.003,90.834,-0.62,1.85,18.79
ATOM,3251.0,HD22,ASN,215.0,72.435,7.556,91.731,0.3,0.2245,14.2
ATOM,3252.0,HD21,ASN,215.0,73.018,8.81,90.687,0.32,0.2245,18.62
ATOM,3253.0,N,ARG,216.0,68.135,4.776,89.305,-0.47,1.85,0.0
ATOM,3254.0,CA,ARG,216.0,67.409,3.516,89.305,0.07,2.275,0.9
ATOM,3255.0,C,ARG,216.0,68.293,2.309,89.643,0.34,2.0,0.88
ATOM,3256.0,O,ARG,216.0,67.925,1.562,90.574,-0.67,1.7,39.43
ATOM,3257.0,CB,ARG,216.0,66.758,3.32,87.949,-0.18,2.175,3.2
ATOM,3258.0,CG,ARG,216.0,65.762,4.393,87.596,-0.18,2.175,0.01
ATOM,3259.0,CD,ARG,216.0,65.305,4.214,86.169,0.2,2.175,0.0
ATOM,3260.0,NE,ARG,216.0,65.074,2.814,85.857,-0.7,1.85,0.0
ATOM,3261.0,CZ,ARG,216.0,65.655,2.194,84.839,0.64,2.0,0.11
ATOM,3262.0,NH1,ARG,216.0,66.488,2.855,84.047,-0.8,1.85,4.69
ATOM,3263.0,NH2,ARG,216.0,65.431,0.907,84.634,-0.8,1.85,14.98
ATOM,3264.0,OXT,ARG,216.0,69.329,1.915,89.164,-0.67,1.7,31.85
ATOM,3265.0,H,ARG,216.0,68.315,5.334,88.449,0.31,0.2245,0.0
ATOM,3266.0,HA,ARG,216.0,66.665,3.565,89.995,0.09,1.32,5.56
ATOM,3267.0,HB2,ARG,216.0,67.474,3.317,87.255,0.09,1.32,0.27
ATOM,3268.0,HB3,ARG,216.0,66.284,2.443,87.952,0.09,1.32,4.91
ATOM,3269.0,HG2,ARG,216.0,64.97,4.325,88.189,0.09,1.32,0.0
ATOM,3270.0,HG3,ARG,216.0,66.187,5.286,87.678,0.09,1.32,0.0
ATOM,3271.0,HD2,ARG,216.0,64.458,4.724,86.045,0.09,1.32,0.0
ATOM,3272.0,HD3,ARG,216.0,66.013,4.574,85.567,0.09,1.32,0.0
ATOM,3273.0,HE,ARG,216.0,64.447,2.293,86.437,0.44,0.2245,4.37
ATOM,3274.0,HH11,ARG,216.0,66.708,3.813,84.21,0.46,0.2245,0.0
ATOM,3275.0,HH12,ARG,216.0,66.91,2.38,83.263,0.46,0.2245,10.02
ATOM,3276.0,HH21,ARG,216.0,64.836,0.397,85.262,0.46,0.2245,15.35
ATOM,3277.0,HH22,ARG,216.0,65.851,0.438,83.858,0.46,0.2245,14.46
