atom,serial,name,resname,resid,x,y,z,charges,radius,sasa
ATOM,1.0,N,THR,246.0,0.533,25.458,58.222,-0.3,1.85,13.01
ATOM,2.0,CA,THR,246.0,-0.294,24.343,58.77,0.21,2.275,0.24
ATOM,3.0,C,THR,246.0,-0.818,23.982,60.085,0.51,2.0,0.05
ATOM,4.0,O,THR,246.0,-0.102,23.439,60.909,-0.51,1.7,0.0
ATOM,5.0,CB,THR,246.0,-0.878,23.266,57.868,0.14,2.275,8.61
ATOM,6.0,OG1,THR,246.0,-1.969,22.705,58.591,-0.66,1.77,8.13
ATOM,7.0,CG2,THR,246.0,-0.108,21.992,57.813,-0.27,2.06,23.72
ATOM,8.0,H,THR,246.0,-0.069,26.194,57.923,0.33,0.2245,18.66
ATOM,9.0,HA,THR,246.0,-1.163,24.305,58.056,0.1,1.32,1.19
ATOM,10.0,HB,THR,246.0,-1.238,23.694,57.028,0.09,1.32,11.16
ATOM,11.0,HG21,THR,246.0,-0.725,21.199,57.896,0.09,1.32,5.29
ATOM,12.0,HG22,THR,246.0,0.39,21.914,56.94,0.09,1.32,11.96
ATOM,13.0,HG23,THR,246.0,0.563,21.949,58.564,0.09,1.32,0.0
ATOM,14.0,H2,THR,246.0,1.146,25.79,58.934,0.33,0.2245,15.58
ATOM,15.0,H3,THR,246.0,1.064,25.121,57.449,0.33,0.2245,16.26
ATOM,16.0,HG1,THR,246.0,-2.619,23.424,58.865,0.43,0.2245,4.1
ATOM,17.0,N,GLY,247.0,-1.959,24.554,60.382,-0.47,1.85,0.57
ATOM,18.0,CA,GLY,247.0,-3.105,23.856,60.905,-0.02,2.175,16.7
ATOM,19.0,C,GLY,247.0,-2.827,22.707,61.837,0.51,2.0,1.98
ATOM,20.0,O,GLY,247.0,-3.092,22.792,63.033,-0.51,1.7,8.81
ATOM,21.0,H,GLY,247.0,-1.969,25.601,60.201,0.31,0.2245,12.39
ATOM,22.0,HA2,GLY,247.0,-3.721,24.535,61.386,0.09,1.32,6.72
ATOM,23.0,HA3,GLY,247.0,-3.679,23.513,60.114,0.09,1.32,7.35
ATOM,24.0,N,ALA,248.0,-2.286,21.627,61.291,-0.47,1.85,2.05
ATOM,25.0,CA,ALA,248.0,-1.974,20.476,62.097,0.07,2.275,2.67
ATOM,26.0,C,ALA,248.0,-0.584,20.679,62.66,0.51,2.0,0.0
ATOM,27.0,O,ALA,248.0,-0.179,20.019,63.616,-0.51,1.7,7.57
ATOM,28.0,CB,ALA,248.0,-2.043,19.225,61.262,-0.27,2.06,35.98
ATOM,29.0,H,ALA,248.0,-2.117,21.689,60.272,0.31,0.2245,0.0
ATOM,30.0,HA,ALA,248.0,-2.62,20.416,62.854,0.09,1.32,2.78
ATOM,31.0,HB1,ALA,248.0,-1.118,18.923,61.021,0.09,1.32,5.81
ATOM,32.0,HB2,ALA,248.0,-2.501,18.496,61.775,0.09,1.32,12.01
ATOM,33.0,HB3,ALA,248.0,-2.557,19.403,60.42,0.09,1.32,7.64
ATOM,34.0,N,THR,249.0,0.162,21.584,62.049,-0.47,1.85,0.0
ATOM,35.0,CA,THR,249.0,1.479,21.905,62.557,0.07,2.275,0.61
ATOM,36.0,C,THR,249.0,1.366,23.1,63.496,0.51,2.0,0.28
ATOM,37.0,O,THR,249.0,2.275,23.328,64.271,-0.51,1.7,3.86
ATOM,38.0,CB,THR,249.0,2.484,22.182,61.425,0.14,2.275,8.17
ATOM,39.0,OG1,THR,249.0,1.981,23.205,60.568,-0.66,1.77,8.49
ATOM,40.0,CG2,THR,249.0,2.636,20.971,60.526,-0.27,2.06,35.19
ATOM,41.0,H,THR,249.0,-0.261,22.02,61.216,0.31,0.2245,0.0
ATOM,42.0,HA,THR,249.0,1.824,21.126,63.081,0.09,1.32,1.25
ATOM,43.0,HB,THR,249.0,3.36,22.511,61.837,0.09,1.32,9.74
ATOM,44.0,HG21,THR,249.0,2.084,20.211,60.879,0.09,1.32,3.39
ATOM,45.0,HG22,THR,249.0,2.329,21.193,59.597,0.09,1.32,1.14
ATOM,46.0,HG23,THR,249.0,3.598,20.688,60.492,0.09,1.32,11.82
ATOM,47.0,HG1,THR,249.0,0.993,23.334,60.715,0.43,0.2245,0.0
ATOM,48.0,N,LEU,250.0,0.265,23.854,63.408,-0.47,1.85,0.47
ATOM,49.0,CA,LEU,250.0,-0.024,24.925,64.365,0.07,2.275,4.1
ATOM,50.0,C,LEU,250.0,-0.249,24.127,65.657,0.51,2.0,0.0
ATOM,51.0,O,LEU,250.0,0.447,24.282,66.663,-0.51,1.7,0.0
ATOM,52.0,CB,LEU,250.0,-1.307,25.676,63.99,-0.18,2.175,1.31
ATOM,53.0,CG,LEU,250.0,-1.557,27.114,64.486,-0.09,2.275,3.93
ATOM,54.0,CD1,LEU,250.0,-3.039,27.312,64.649,-0.27,2.06,36.5
ATOM,55.0,CD2,LEU,250.0,-0.872,27.465,65.764,-0.27,2.06,14.72
ATOM,56.0,H,LEU,250.0,-0.359,23.616,62.612,0.31,0.2245,0.0
ATOM,57.0,HA,LEU,250.0,0.767,25.474,64.476,0.09,1.32,3.28
ATOM,58.0,HB2,LEU,250.0,-1.357,25.706,62.975,0.09,1.32,0.0
ATOM,59.0,HB3,LEU,250.0,-2.092,25.118,64.31,0.09,1.32,0.01
ATOM,60.0,HG,LEU,250.0,-1.199,27.747,63.811,0.09,1.32,11.25
ATOM,61.0,HD11,LEU,250.0,-3.402,26.656,65.316,0.09,1.32,8.08
ATOM,62.0,HD12,LEU,250.0,-3.227,28.243,64.972,0.09,1.32,10.18
ATOM,63.0,HD13,LEU,250.0,-3.503,27.172,63.77,0.09,1.32,6.54
ATOM,64.0,HD21,LEU,250.0,0.124,27.372,65.664,0.09,1.32,4.62
ATOM,65.0,HD22,LEU,250.0,-1.081,28.414,66.023,0.09,1.32,9.99
ATOM,66.0,HD23,LEU,250.0,-1.178,26.856,66.503,0.09,1.32,0.1
ATOM,67.0,N,ASN,251.0,-1.218,23.228,65.596,-0.47,1.85,0.0
ATOM,68.0,CA,ASN,251.0,-1.557,22.388,66.72,0.07,2.275,1.8
ATOM,69.0,C,ASN,251.0,-0.389,21.508,67.124,0.51,2.0,0.0
ATOM,70.0,O,ASN,251.0,-0.24,21.12,68.285,-0.51,1.7,10.72
ATOM,71.0,CB,ASN,251.0,-2.749,21.521,66.318,-0.18,2.175,7.42
ATOM,72.0,CG,ASN,251.0,-3.096,20.469,67.35,0.55,2.0,2.03
ATOM,73.0,H,ASN,251.0,-1.708,23.182,64.674,0.31,0.2245,0.0
ATOM,74.0,HA,ASN,251.0,-1.753,22.994,67.504,0.09,1.32,1.97
ATOM,75.0,HB2,ASN,251.0,-3.542,22.115,66.19,0.09,1.32,9.12
ATOM,76.0,HB3,ASN,251.0,-2.529,21.063,65.457,0.09,1.32,0.0
ATOM,77.0,OD1,ASN,251.0,-3.871,20.72,68.285,-0.55,1.7,40.23
ATOM,78.0,ND2,ASN,251.0,-2.548,19.272,67.179,-0.62,1.85,18.59
ATOM,79.0,HD22,ASN,251.0,-1.937,19.107,66.403,0.3,0.2245,5.38
ATOM,80.0,HD21,ASN,251.0,-2.743,18.533,67.824,0.32,0.2245,21.15
ATOM,81.0,N,GLY,252.0,0.444,21.183,66.144,-0.47,1.85,0.0
ATOM,82.0,CA,GLY,252.0,1.565,20.302,66.367,-0.02,2.175,10.3
ATOM,83.0,C,GLY,252.0,2.739,20.896,67.106,0.51,2.0,1.8
ATOM,84.0,O,GLY,252.0,3.49,20.152,67.729,-0.51,1.7,25.82
ATOM,85.0,H,GLY,252.0,0.219,21.612,65.223,0.31,0.2245,0.0
ATOM,86.0,HA2,GLY,252.0,1.239,19.466,66.877,0.09,1.32,8.32
ATOM,87.0,HA3,GLY,252.0,1.892,19.939,65.458,0.09,1.32,4.93
ATOM,88.0,N,ARG,253.0,2.949,22.205,67.046,-0.47,1.85,0.36
ATOM,89.0,CA,ARG,253.0,4.079,22.714,67.787,0.07,2.275,0.64
ATOM,90.0,C,ARG,253.0,3.646,23.133,69.209,0.51,2.0,0.0
ATOM,91.0,O,ARG,253.0,3.337,24.287,69.497,-0.51,1.7,0.0
ATOM,92.0,CB,ARG,253.0,4.894,23.759,67.026,-0.18,2.175,8.61
ATOM,93.0,CG,ARG,253.0,4.533,25.227,67.121,-0.18,2.175,1.85
ATOM,94.0,CD,ARG,253.0,5.633,26.155,66.59,0.2,2.175,8.09
ATOM,95.0,NE,ARG,253.0,6.562,26.74,67.553,-0.7,1.85,1.95
ATOM,96.0,CZ,ARG,253.0,7.644,27.439,67.214,0.64,2.0,2.0
ATOM,97.0,NH1,ARG,253.0,7.975,27.603,65.928,-0.8,1.85,25.43
ATOM,98.0,NH2,ARG,253.0,8.423,27.956,68.149,-0.8,1.85,4.35
ATOM,99.0,H,ARG,253.0,2.309,22.748,66.491,0.31,0.2245,0.0
ATOM,100.0,HA,ARG,253.0,4.775,21.995,67.876,0.09,1.32,3.05
ATOM,101.0,HB2,ARG,253.0,5.87,23.662,67.32,0.09,1.32,0.57
ATOM,102.0,HB3,ARG,253.0,4.877,23.502,66.035,0.09,1.32,5.77
ATOM,103.0,HG2,ARG,253.0,3.702,25.406,66.589,0.09,1.32,0.46
ATOM,104.0,HG3,ARG,253.0,4.367,25.473,68.079,0.09,1.32,0.0
ATOM,105.0,HD2,ARG,253.0,6.165,25.626,65.898,0.09,1.32,5.81
ATOM,106.0,HD3,ARG,253.0,5.17,26.908,66.079,0.09,1.32,11.66
ATOM,107.0,HE,ARG,253.0,6.374,26.607,68.531,0.44,0.2245,0.0
ATOM,108.0,HH11,ARG,253.0,7.403,27.22,65.209,0.46,0.2245,11.41
ATOM,109.0,HH12,ARG,253.0,8.802,28.115,65.693,0.46,0.2245,18.35
ATOM,110.0,HH21,ARG,253.0,8.183,27.835,69.117,0.46,0.2245,0.0
ATOM,111.0,HH22,ARG,253.0,9.244,28.465,67.9,0.46,0.2245,15.61
ATOM,112.0,N,GLY,254.0,3.614,22.132,70.07,-0.47,1.85,0.25
ATOM,113.0,CA,GLY,254.0,3.268,22.323,71.466,-0.02,2.175,7.41
ATOM,114.0,C,GLY,254.0,4.342,23.092,72.2,0.51,2.0,0.0
ATOM,115.0,O,GLY,254.0,5.521,22.804,72.075,-0.51,1.7,2.11
ATOM,116.0,H,GLY,254.0,3.857,21.201,69.663,0.31,0.2245,5.89
ATOM,117.0,HA2,GLY,254.0,2.392,22.824,71.53,0.09,1.32,0.02
ATOM,118.0,HA3,GLY,254.0,3.139,21.422,71.907,0.09,1.32,4.87
ATOM,119.0,N,SER,255.0,3.931,24.094,72.973,-0.47,1.85,0.0
ATOM,120.0,CA,SER,255.0,4.868,24.862,73.792,0.07,2.275,0.0
ATOM,121.0,C,SER,255.0,5.724,23.909,74.668,0.51,2.0,0.0
ATOM,122.0,O,SER,255.0,5.228,22.884,75.136,-0.51,1.7,2.26
ATOM,123.0,CB,SER,255.0,4.058,25.786,74.718,0.05,2.175,1.64
ATOM,124.0,OG,SER,255.0,4.878,26.477,75.662,-0.66,1.77,22.98
ATOM,125.0,H,SER,255.0,2.911,24.279,72.945,0.31,0.2245,0.0
ATOM,126.0,HA,SER,255.0,5.495,25.35,73.184,0.09,1.32,0.0
ATOM,127.0,HB2,SER,255.0,3.577,26.46,74.157,0.09,1.32,0.0
ATOM,128.0,HB3,SER,255.0,3.391,25.233,75.218,0.09,1.32,0.0
ATOM,129.0,HG,SER,255.0,5.79,26.073,75.662,0.43,0.2245,0.02
ATOM,130.0,N,THR,256.0,6.998,24.222,74.888,-0.47,1.85,0.0
ATOM,131.0,CA,THR,256.0,7.806,23.486,75.859,0.07,2.275,4.0
ATOM,132.0,C,THR,256.0,8.544,24.561,76.65,0.51,2.0,1.91
ATOM,133.0,O,THR,256.0,8.354,25.76,76.404,-0.51,1.7,10.75
ATOM,134.0,CB,THR,256.0,8.839,22.588,75.164,0.14,2.275,5.24
ATOM,135.0,OG1,THR,256.0,9.768,23.397,74.442,-0.66,1.77,0.95
ATOM,136.0,CG2,THR,256.0,8.194,21.707,74.096,-0.27,2.06,23.01
ATOM,137.0,H,THR,256.0,7.359,25.013,74.325,0.31,0.2245,0.0
ATOM,138.0,HA,THR,256.0,7.206,23.003,76.471,0.09,1.32,7.03
ATOM,139.0,HB,THR,256.0,9.354,22.067,75.875,0.09,1.32,6.78
ATOM,140.0,HG21,THR,256.0,7.361,22.146,73.755,0.09,1.32,0.0
ATOM,141.0,HG22,THR,256.0,8.833,21.576,73.336,0.09,1.32,6.07
ATOM,142.0,HG23,THR,256.0,7.961,20.816,74.49,0.09,1.32,11.71
ATOM,143.0,HG1,THR,256.0,9.31,24.213,74.072,0.43,0.2245,0.0
ATOM,144.0,N,THR,257.0,9.426,24.165,77.56,-0.47,1.85,0.0
ATOM,145.0,CA,THR,257.0,10.208,25.168,78.265,0.07,2.275,1.07
ATOM,146.0,C,THR,257.0,11.273,25.813,77.37,0.51,2.0,0.13
ATOM,147.0,O,THR,257.0,11.822,26.848,77.729,-0.51,1.7,30.2
ATOM,148.0,CB,THR,257.0,10.878,24.595,79.556,0.14,2.275,8.08
ATOM,149.0,OG1,THR,257.0,11.748,23.516,79.223,-0.66,1.77,24.3
ATOM,150.0,CG2,THR,257.0,9.843,23.956,80.51,-0.27,2.06,41.2
ATOM,151.0,H,THR,257.0,9.499,23.158,77.709,0.31,0.2245,3.34
ATOM,152.0,HA,THR,257.0,9.585,25.899,78.584,0.09,1.32,8.49
ATOM,153.0,HB,THR,257.0,11.43,25.34,79.984,0.09,1.32,9.28
ATOM,154.0,HG21,THR,257.0,10.314,23.34,81.14,0.09,1.32,10.99
ATOM,155.0,HG22,THR,257.0,9.382,24.677,81.024,0.09,1.32,11.7
ATOM,156.0,HG23,THR,257.0,9.175,23.444,79.973,0.09,1.32,5.04
ATOM,157.0,HG1,THR,257.0,12.017,23.565,78.254,0.43,0.2245,4.42
ATOM,158.0,N,SER,258.0,11.559,25.227,76.21,-0.47,1.85,0.0
ATOM,159.0,CA,SER,258.0,12.601,25.782,75.336,0.07,2.275,1.97
ATOM,160.0,C,SER,258.0,12.063,26.284,73.999,0.51,2.0,1.84
ATOM,161.0,O,SER,258.0,12.797,26.916,73.228,-0.51,1.7,28.91
ATOM,162.0,CB,SER,258.0,13.724,24.765,75.107,0.05,2.175,25.97
ATOM,163.0,OG,SER,258.0,13.185,23.515,74.734,-0.66,1.77,26.06
ATOM,164.0,H,SER,258.0,11.011,24.388,75.987,0.31,0.2245,0.0
ATOM,165.0,HA,SER,258.0,13.02,26.57,75.818,0.09,1.32,6.58
ATOM,166.0,HB2,SER,258.0,14.312,25.099,74.38,0.09,1.32,7.8
ATOM,167.0,HB3,SER,258.0,14.236,24.662,75.952,0.09,1.32,9.86
ATOM,168.0,HG,SER,258.0,12.189,23.583,74.672,0.43,0.2245,0.12
ATOM,169.0,N,MET,259.0,10.794,26.04,73.713,-0.47,1.85,1.45
ATOM,170.0,CA,MET,259.0,10.256,26.489,72.439,0.07,2.275,0.9
ATOM,171.0,C,MET,259.0,8.858,27.057,72.584,0.51,2.0,1.05
ATOM,172.0,O,MET,259.0,7.989,26.403,73.158,-0.51,1.7,0.16
ATOM,173.0,CB,MET,259.0,10.259,25.316,71.437,-0.18,2.175,3.67
ATOM,174.0,CG,MET,259.0,9.721,25.623,70.021,-0.14,2.175,3.19
ATOM,175.0,SD,MET,259.0,9.473,24.109,69.018,-0.09,2.0,31.22
ATOM,176.0,CE,MET,259.0,8.166,23.331,69.831,-0.22,2.06,9.63
ATOM,177.0,H,MET,259.0,10.259,25.538,74.425,0.31,0.2245,0.0
ATOM,178.0,HA,MET,259.0,10.857,27.222,72.085,0.09,1.32,2.63
ATOM,179.0,HB2,MET,259.0,11.209,24.972,71.339,0.09,1.32,7.78
ATOM,180.0,HB3,MET,259.0,9.705,24.557,71.821,0.09,1.32,0.0
ATOM,181.0,HG2,MET,259.0,8.845,26.135,70.115,0.09,1.32,0.0
ATOM,182.0,HG3,MET,259.0,10.375,26.253,69.558,0.09,1.32,7.73
ATOM,183.0,HE1,MET,259.0,8.352,23.236,70.822,0.09,1.32,0.0
ATOM,184.0,HE2,MET,259.0,7.305,23.855,69.731,0.09,1.32,0.0
ATOM,185.0,HE3,MET,259.0,8.002,22.402,69.462,0.09,1.32,10.01
ATOM,186.0,N,ARG,260.0,8.656,28.255,72.029,-0.47,1.85,2.0
ATOM,187.0,CA,ARG,260.0,7.345,28.897,71.987,0.07,2.275,1.27
ATOM,188.0,C,ARG,260.0,6.398,28.015,71.207,0.51,2.0,0.1
ATOM,189.0,O,ARG,260.0,6.798,27.366,70.235,-0.51,1.7,0.0
ATOM,190.0,CB,ARG,260.0,7.407,30.268,71.321,-0.18,2.175,6.36
ATOM,191.0,CG,ARG,260.0,8.05,31.368,72.126,-0.18,2.175,9.73
ATOM,192.0,CD,ARG,260.0,8.163,32.659,71.352,0.2,2.175,9.47
ATOM,193.0,NE,ARG,260.0,8.569,33.796,72.159,-0.7,1.85,8.38
ATOM,194.0,CZ,ARG,260.0,8.479,35.057,71.768,0.64,2.0,3.8
ATOM,195.0,NH1,ARG,260.0,8.001,35.345,70.569,-0.8,1.85,26.43
ATOM,196.0,NH2,ARG,260.0,8.866,36.044,72.568,-0.8,1.85,29.71
ATOM,197.0,H,ARG,260.0,9.517,28.691,71.628,0.31,0.2245,5.67
ATOM,198.0,HA,ARG,260.0,7.005,28.996,72.922,0.09,1.32,4.7
ATOM,199.0,HB2,ARG,260.0,7.918,30.171,70.459,0.09,1.32,1.28
ATOM,200.0,HB3,ARG,260.0,6.466,30.549,71.103,0.09,1.32,7.16
ATOM,201.0,HG2,ARG,260.0,7.505,31.544,72.95,0.09,1.32,10.05
ATOM,202.0,HG3,ARG,260.0,8.973,31.087,72.4,0.09,1.32,7.54
ATOM,203.0,HD2,ARG,260.0,8.833,32.523,70.614,0.09,1.32,10.78
ATOM,204.0,HD3,ARG,260.0,7.266,32.852,70.937,0.09,1.32,6.19
ATOM,205.0,HE,ARG,260.0,8.944,33.613,73.078,0.44,0.2245,12.14
ATOM,206.0,HH11,ARG,260.0,7.683,34.633,69.949,0.46,0.2245,11.28
ATOM,207.0,HH12,ARG,260.0,7.954,36.31,70.271,0.46,0.2245,18.69
ATOM,208.0,HH21,ARG,260.0,9.211,35.821,73.485,0.46,0.2245,18.33
ATOM,209.0,HH22,ARG,260.0,8.815,36.989,72.266,0.46,0.2245,17.91
ATOM,210.0,N,GLY,261.0,5.141,27.99,71.637,-0.47,1.85,1.02
ATOM,211.0,CA,GLY,261.0,4.136,27.136,71.044,-0.02,2.175,4.18
ATOM,212.0,C,GLY,261.0,2.751,27.371,71.604,0.51,2.0,0.94
ATOM,213.0,O,GLY,261.0,2.545,28.3,72.365,-0.51,1.7,21.09
ATOM,214.0,H,GLY,261.0,4.948,28.638,72.435,0.31,0.2245,5.02
ATOM,215.0,HA2,GLY,261.0,4.119,27.284,70.036,0.09,1.32,2.14
ATOM,216.0,HA3,GLY,261.0,4.394,26.161,71.188,0.09,1.32,0.0
ATOM,217.0,N,VAL,262.0,1.811,26.535,71.178,-0.47,1.85,0.0
ATOM,218.0,CA,VAL,262.0,0.425,26.594,71.598,0.07,2.275,0.12
ATOM,219.0,C,VAL,262.0,0.257,25.711,72.824,0.51,2.0,0.0
ATOM,220.0,O,VAL,262.0,1.052,24.795,73.046,-0.51,1.7,0.43
ATOM,221.0,CB,VAL,262.0,-0.532,26.108,70.492,-0.09,2.275,2.43
ATOM,222.0,CG1,VAL,262.0,-0.519,27.082,69.35,-0.27,2.06,16.77
ATOM,223.0,CG2,VAL,262.0,-0.167,24.71,69.999,-0.27,2.06,3.62
ATOM,224.0,H,VAL,262.0,2.168,25.812,70.496,0.31,0.2245,0.0
ATOM,225.0,HA,VAL,262.0,0.213,27.533,71.863,0.09,1.32,4.83
ATOM,226.0,HB,VAL,262.0,-1.449,26.104,70.874,0.09,1.32,6.26
ATOM,227.0,HG11,VAL,262.0,-0.929,26.663,68.535,0.09,1.32,0.35
ATOM,228.0,HG12,VAL,262.0,-1.043,27.903,69.591,0.09,1.32,11.52
ATOM,229.0,HG13,VAL,262.0,0.424,27.35,69.137,0.09,1.32,3.3
ATOM,230.0,HG21,VAL,262.0,-0.76,24.04,70.444,0.09,1.32,8.82
ATOM,231.0,HG22,VAL,262.0,-0.293,24.669,69.009,0.09,1.32,0.0
ATOM,232.0,HG23,VAL,262.0,0.787,24.521,70.227,0.09,1.32,0.0
ATOM,233.0,N,VAL,263.0,-0.756,25.998,73.636,-0.47,1.85,0.0
ATOM,234.0,CA,VAL,263.0,-1.002,25.216,74.836,0.07,2.275,1.68
ATOM,235.0,C,VAL,263.0,-2.453,24.904,75.046,0.51,2.0,1.85
ATOM,236.0,O,VAL,263.0,-3.313,25.595,74.53,-0.51,1.7,21.13
ATOM,237.0,CB,VAL,263.0,-0.6,26.017,76.108,-0.09,2.275,0.0
ATOM,238.0,CG1,VAL,263.0,0.877,26.202,76.148,-0.27,2.06,7.68
ATOM,239.0,CG2,VAL,263.0,-1.312,27.367,76.148,-0.27,2.06,20.37
ATOM,240.0,H,VAL,263.0,-1.336,26.805,73.344,0.31,0.2245,4.69
ATOM,241.0,HA,VAL,263.0,-0.496,24.337,74.742,0.09,1.32,0.01
ATOM,242.0,HB,VAL,263.0,-0.864,25.464,76.892,0.09,1.32,0.0
ATOM,243.0,HG11,VAL,263.0,1.339,25.313,76.235,0.09,1.32,0.07
ATOM,244.0,HG12,VAL,263.0,1.197,26.648,75.305,0.09,1.32,0.0
ATOM,245.0,HG13,VAL,263.0,1.137,26.776,76.932,0.09,1.32,3.4
ATOM,246.0,HG21,VAL,263.0,-1.069,27.89,75.332,0.09,1.32,4.7
ATOM,247.0,HG22,VAL,263.0,-2.299,27.216,76.172,0.09,1.32,0.38
ATOM,248.0,HG23,VAL,263.0,-1.026,27.864,76.966,0.09,1.32,2.96
ATOM,249.0,N,LYS,264.0,-2.72,23.852,75.8,-0.47,1.85,0.49
ATOM,250.0,CA,LYS,264.0,-4.038,23.629,76.345,0.07,2.275,0.11
ATOM,251.0,C,LYS,264.0,-4.008,24.286,77.748,0.51,2.0,0.0
ATOM,252.0,O,LYS,264.0,-2.981,24.36,78.383,-0.51,1.7,0.0
ATOM,253.0,CB,LYS,264.0,-4.339,22.147,76.546,-0.18,2.175,0.64
ATOM,254.0,CG,LYS,264.0,-4.763,21.408,75.255,-0.18,2.175,7.94
ATOM,255.0,CD,LYS,264.0,-5.386,20.042,75.522,-0.18,2.175,3.05
ATOM,256.0,CE,LYS,264.0,-5.546,19.211,74.232,0.21,2.175,20.61
ATOM,257.0,NZ,LYS,264.0,-4.353,18.38,73.974,-0.3,1.85,7.56
ATOM,258.0,H,LYS,264.0,-1.913,23.214,75.961,0.31,0.2245,0.0
ATOM,259.0,HA,LYS,264.0,-4.712,24.097,75.803,0.09,1.32,4.01
ATOM,260.0,HB2,LYS,264.0,-3.521,21.698,76.895,0.09,1.32,0.0
ATOM,261.0,HB3,LYS,264.0,-5.083,22.058,77.203,0.09,1.32,0.27
ATOM,262.0,HG2,LYS,264.0,-5.428,21.981,74.767,0.09,1.32,9.72
ATOM,263.0,HG3,LYS,264.0,-3.951,21.291,74.676,0.09,1.32,2.34
ATOM,264.0,HD2,LYS,264.0,-4.8,19.533,76.146,0.09,1.32,0.0
ATOM,265.0,HD3,LYS,264.0,-6.289,20.167,75.921,0.09,1.32,5.87
ATOM,266.0,HE2,LYS,264.0,-6.352,18.627,74.335,0.05,1.32,11.56
ATOM,267.0,HE3,LYS,264.0,-5.692,19.843,73.469,0.05,1.32,8.85
ATOM,268.0,HZ1,LYS,264.0,-3.544,18.966,73.895,0.33,0.2245,0.76
ATOM,269.0,HZ2,LYS,264.0,-4.221,17.735,74.729,0.33,0.2245,1.75
ATOM,270.0,HZ3,LYS,264.0,-4.475,17.869,73.121,0.33,0.2245,20.56
ATOM,271.0,N,LEU,265.0,-5.154,24.7,78.222,-0.47,1.85,0.0
ATOM,272.0,CA,LEU,265.0,-5.261,25.25,79.565,0.07,2.275,0.0
ATOM,273.0,C,LEU,265.0,-5.629,24.134,80.532,0.51,2.0,0.0
ATOM,274.0,O,LEU,265.0,-6.38,23.206,80.176,-0.51,1.7,10.95
ATOM,275.0,CB,LEU,265.0,-6.377,26.279,79.611,-0.18,2.175,2.71
ATOM,276.0,CG,LEU,265.0,-6.181,27.506,78.713,-0.09,2.275,3.55
ATOM,277.0,CD1,LEU,265.0,-7.338,28.463,78.89,-0.27,2.06,26.76
ATOM,278.0,CD2,LEU,265.0,-4.892,28.18,79.014,-0.27,2.06,11.41
ATOM,279.0,H,LEU,265.0,-5.965,24.608,77.579,0.31,0.2245,8.31
ATOM,280.0,HA,LEU,265.0,-4.372,25.622,79.833,0.09,1.32,0.0
ATOM,281.0,HB2,LEU,265.0,-7.22,25.837,79.323,0.09,1.32,7.42
ATOM,282.0,HB3,LEU,265.0,-6.459,26.609,80.544,0.09,1.32,0.0
ATOM,283.0,HG,LEU,265.0,-6.135,27.204,77.763,0.09,1.32,5.07
ATOM,284.0,HD11,LEU,265.0,-7.389,28.761,79.845,0.09,1.32,0.0
ATOM,285.0,HD12,LEU,265.0,-7.208,29.264,78.303,0.09,1.32,10.66
ATOM,286.0,HD13,LEU,265.0,-8.196,28.008,78.641,0.09,1.32,10.67
ATOM,287.0,HD21,LEU,265.0,-4.121,27.551,78.861,0.09,1.32,0.0
ATOM,288.0,HD22,LEU,265.0,-4.768,28.985,78.422,0.09,1.32,10.45
ATOM,289.0,HD23,LEU,265.0,-4.869,28.484,79.974,0.09,1.32,0.0
ATOM,290.0,N,THR,266.0,-5.129,24.225,81.765,-0.47,1.85,0.0
ATOM,291.0,CA,THR,266.0,-5.564,23.324,82.809,0.07,2.275,0.04
ATOM,292.0,C,THR,266.0,-5.975,24.209,83.994,0.51,2.0,0.0
ATOM,293.0,O,THR,266.0,-5.402,25.271,84.22,-0.51,1.7,0.0
ATOM,294.0,CB,THR,266.0,-4.498,22.29,83.151,0.14,2.275,0.0
ATOM,295.0,OG1,THR,266.0,-4.945,21.494,84.261,-0.66,1.77,3.99
ATOM,296.0,CG2,THR,266.0,-3.213,22.945,83.626,-0.27,2.06,2.52
ATOM,297.0,H,THR,266.0,-4.428,24.973,81.896,0.31,0.2245,0.0
ATOM,298.0,HA,THR,266.0,-6.364,22.83,82.504,0.09,1.32,2.7
ATOM,299.0,HB,THR,266.0,-4.364,21.667,82.353,0.09,1.32,0.0
ATOM,300.0,HG21,THR,266.0,-2.619,22.26,84.055,0.09,1.32,1.54
ATOM,301.0,HG22,THR,266.0,-2.731,23.355,82.848,0.09,1.32,0.0
ATOM,302.0,HG23,THR,266.0,-3.422,23.662,84.296,0.09,1.32,0.0
ATOM,303.0,HG1,THR,266.0,-4.241,20.823,84.513,0.43,0.2245,0.0
ATOM,304.0,N,THR,267.0,-7.069,23.837,84.637,-0.47,1.85,0.0
ATOM,305.0,CA,THR,267.0,-7.562,24.59,85.756,0.07,2.275,0.0
ATOM,306.0,C,THR,267.0,-7.125,23.931,87.034,0.51,2.0,0.0
ATOM,307.0,O,THR,267.0,-7.428,24.436,88.121,-0.51,1.7,2.09
ATOM,308.0,CB,THR,267.0,-9.095,24.689,85.75,0.14,2.275,5.09
ATOM,309.0,OG1,THR,267.0,-9.651,23.365,85.702,-0.66,1.77,22.42
ATOM,310.0,CG2,THR,267.0,-9.585,25.422,84.496,-0.27,2.06,19.25
ATOM,311.0,H,THR,267.0,-7.521,22.978,84.267,0.31,0.2245,5.73
ATOM,312.0,HA,THR,267.0,-7.171,25.516,85.723,0.09,1.32,0.0
ATOM,313.0,HB,THR,267.0,-9.402,25.129,86.615,0.09,1.32,4.0
ATOM,314.0,HG21,THR,267.0,-8.809,25.858,84.039,0.09,1.32,0.0
ATOM,315.0,HG22,THR,267.0,-10.013,24.767,83.872,0.09,1.32,10.1
ATOM,316.0,HG23,THR,267.0,-10.253,26.12,84.756,0.09,1.32,0.1
ATOM,317.0,HG1,THR,267.0,-9.149,22.755,86.323,0.43,0.2245,3.77
ATOM,318.0,N,THR,268.0,-6.437,22.799,86.928,-0.47,1.85,0.0
ATOM,319.0,CA,THR,268.0,-5.947,22.088,88.086,0.07,2.275,0.0
ATOM,320.0,C,THR,268.0,-4.435,22.074,88.136,0.51,2.0,0.0
ATOM,321.0,O,THR,268.0,-3.783,21.358,87.368,-0.51,1.7,0.0
ATOM,322.0,CB,THR,268.0,-6.455,20.663,88.045,0.14,2.275,4.49
ATOM,323.0,OG1,THR,268.0,-7.883,20.69,88.109,-0.66,1.77,16.74
ATOM,324.0,CG2,THR,268.0,-5.996,19.926,89.282,-0.27,2.06,20.14
ATOM,325.0,H,THR,268.0,-6.287,22.478,85.946,0.31,0.2245,0.0
ATOM,326.0,HA,THR,268.0,-6.289,22.552,88.919,0.09,1.32,0.0
ATOM,327.0,HB,THR,268.0,-6.188,20.233,87.161,0.09,1.32,1.77
ATOM,328.0,HG21,THR,268.0,-6.789,19.636,89.826,0.09,1.32,8.63
ATOM,329.0,HG22,THR,268.0,-5.466,19.113,89.023,0.09,1.32,0.0
ATOM,330.0,HG23,THR,268.0,-5.418,20.524,89.845,0.09,1.32,0.13
ATOM,331.0,HG1,THR,268.0,-8.189,20.901,89.044,0.43,0.2245,13.39
ATOM,332.0,N,ALA,269.0,-3.847,22.861,89.034,-0.47,1.85,0.0
ATOM,333.0,CA,ALA,269.0,-2.396,22.929,89.063,0.07,2.275,0.0
ATOM,334.0,C,ALA,269.0,-1.808,21.573,89.399,0.51,2.0,0.15
ATOM,335.0,O,ALA,269.0,-2.273,20.863,90.306,-0.51,1.7,17.76
ATOM,336.0,CB,ALA,269.0,-1.909,24.003,90.041,-0.27,2.06,14.59
ATOM,337.0,H,ALA,269.0,-4.469,23.376,89.656,0.31,0.2245,0.0
ATOM,338.0,HA,ALA,269.0,-2.065,23.209,88.154,0.09,1.32,0.0
ATOM,339.0,HB1,ALA,269.0,-2.258,23.8,90.954,0.09,1.32,6.74
ATOM,340.0,HB2,ALA,269.0,-0.911,24.006,90.056,0.09,1.32,7.77
ATOM,341.0,HB3,ALA,269.0,-2.244,24.895,89.744,0.09,1.32,0.0
ATOM,342.0,N,GLY,270.0,-0.758,21.211,88.681,-0.47,1.85,2.07
ATOM,343.0,CA,GLY,270.0,-0.116,19.942,88.91,-0.02,2.175,21.99
ATOM,344.0,C,GLY,270.0,-0.66,18.83,88.056,0.51,2.0,1.83
ATOM,345.0,O,GLY,270.0,-0.216,17.701,88.153,-0.51,1.7,32.35
ATOM,346.0,H,GLY,270.0,-0.454,21.898,87.969,0.31,0.2245,7.09
ATOM,347.0,HA2,GLY,270.0,0.888,20.036,88.741,0.09,1.32,12.57
ATOM,348.0,HA3,GLY,270.0,-0.212,19.687,89.895,0.09,1.32,8.56
ATOM,349.0,N,SER,271.0,-1.629,19.135,87.21,-0.47,1.85,1.59
ATOM,350.0,CA,SER,271.0,-2.161,18.14,86.289,0.07,2.275,1.45
ATOM,351.0,C,SER,271.0,-2.235,18.673,84.86,0.51,2.0,1.64
ATOM,352.0,O,SER,271.0,-2.693,19.789,84.638,-0.51,1.7,1.36
ATOM,353.0,CB,SER,271.0,-3.58,17.762,86.712,0.05,2.175,13.35
ATOM,354.0,OG,SER,271.0,-3.573,17.176,87.989,-0.66,1.77,22.93
ATOM,355.0,H,SER,271.0,-1.967,20.112,87.257,0.31,0.2245,0.0
ATOM,356.0,HA,SER,271.0,-1.537,17.346,86.289,0.09,1.32,3.45
ATOM,357.0,HB2,SER,271.0,-4.137,18.586,86.73,0.09,1.32,0.0
ATOM,358.0,HB3,SER,271.0,-3.946,17.112,86.053,0.09,1.32,5.46
ATOM,359.0,HG,SER,271.0,-3.889,17.84,88.669,0.43,0.2245,4.97
ATOM,360.0,N,GLN,272.0,-1.813,17.847,83.911,-0.47,1.85,1.11
ATOM,361.0,CA,GLN,272.0,-1.929,18.139,82.492,0.07,2.275,0.79
ATOM,362.0,C,GLN,272.0,-3.383,18.04,82.108,0.51,2.0,0.0
ATOM,363.0,O,GLN,272.0,-4.178,17.386,82.778,-0.51,1.7,12.56
ATOM,364.0,CB,GLN,272.0,-1.156,17.114,81.669,-0.18,2.175,0.0
ATOM,365.0,CG,GLN,272.0,0.332,17.099,81.855,-0.18,2.175,11.04
ATOM,366.0,CD,GLN,272.0,0.965,15.9,81.164,0.55,2.0,2.2
ATOM,367.0,H,GLN,272.0,-1.386,16.959,84.276,0.31,0.2245,7.72
ATOM,368.0,HA,GLN,272.0,-1.63,19.08,82.344,0.09,1.32,0.26
ATOM,369.0,HB2,GLN,272.0,-1.514,16.192,81.893,0.09,1.32,3.05
ATOM,370.0,HB3,GLN,272.0,-1.353,17.282,80.687,0.09,1.32,0.0
ATOM,371.0,HG2,GLN,272.0,0.724,17.927,81.463,0.09,1.32,1.43
ATOM,372.0,HG3,GLN,272.0,0.544,17.047,82.827,0.09,1.32,6.74
ATOM,373.0,OE1,GLN,272.0,0.279,14.926,80.908,-0.55,1.7,14.92
ATOM,374.0,NE2,GLN,272.0,2.243,15.981,80.844,-0.62,1.85,14.28
ATOM,375.0,HE21,GLN,272.0,2.728,15.216,80.397,0.32,0.2245,15.34
ATOM,376.0,HE22,GLN,272.0,2.748,16.848,81.059,0.3,0.2245,10.36
ATOM,377.0,N,SER,273.0,-3.747,18.706,81.029,-0.47,1.85,0.0
ATOM,378.0,CA,SER,273.0,-5.094,18.606,80.516,0.07,2.275,1.32
ATOM,379.0,C,SER,273.0,-5.056,17.521,79.433,0.51,2.0,0.0
ATOM,380.0,O,SER,273.0,-4.335,17.645,78.446,-0.51,1.7,0.0
ATOM,381.0,CB,SER,273.0,-5.535,19.937,79.943,0.05,2.175,2.95
ATOM,382.0,OG,SER,273.0,-6.743,19.782,79.235,-0.66,1.77,20.07
ATOM,383.0,H,SER,273.0,-3.005,19.287,80.598,0.31,0.2245,0.0
ATOM,384.0,HA,SER,273.0,-5.689,18.287,81.238,0.09,1.32,4.4
ATOM,385.0,HB2,SER,273.0,-5.674,20.581,80.687,0.09,1.32,0.0
ATOM,386.0,HB3,SER,273.0,-4.835,20.271,79.321,0.09,1.32,0.0
ATOM,387.0,HG,SER,273.0,-6.612,20.055,78.281,0.43,0.2245,3.81
ATOM,388.0,N,GLY,274.0,-5.759,16.42,79.669,-0.47,1.85,2.14
ATOM,389.0,CA,GLY,274.0,-5.801,15.333,78.702,-0.02,2.175,20.75
ATOM,390.0,C,GLY,274.0,-4.45,14.774,78.298,0.51,2.0,1.86
ATOM,391.0,O,GLY,274.0,-4.221,14.497,77.114,-0.51,1.7,23.82
ATOM,392.0,H,GLY,274.0,-6.26,16.404,80.575,0.31,0.2245,13.11
ATOM,393.0,HA2,GLY,274.0,-6.377,14.573,79.081,0.09,1.32,12.6
ATOM,394.0,HA3,GLY,274.0,-6.294,15.654,77.861,0.09,1.32,8.71
ATOM,395.0,N,GLY,275.0,-3.55,14.594,79.253,-0.47,1.85,4.1
ATOM,396.0,CA,GLY,275.0,-2.24,14.032,78.969,-0.02,2.175,15.29
ATOM,397.0,C,GLY,275.0,-1.294,14.866,78.117,0.51,2.0,0.75
ATOM,398.0,O,GLY,275.0,-0.256,14.398,77.652,-0.51,1.7,24.27
ATOM,399.0,H,GLY,275.0,-3.856,14.884,80.203,0.31,0.2245,5.42
ATOM,400.0,HA2,GLY,275.0,-1.77,13.813,79.865,0.09,1.32,4.31
ATOM,401.0,HA3,GLY,275.0,-2.364,13.109,78.517,0.09,1.32,12.01
ATOM,402.0,N,ASP,276.0,-1.62,16.132,77.935,-0.47,1.85,0.0
ATOM,403.0,CA,ASP,276.0,-0.816,16.977,77.084,0.07,2.275,1.95
ATOM,404.0,C,ASP,276.0,0.267,17.709,77.871,0.51,2.0,0.0
ATOM,405.0,O,ASP,276.0,-0.043,18.523,78.752,-0.51,1.7,0.0
ATOM,406.0,CB,ASP,276.0,-1.759,17.971,76.414,-0.28,2.175,1.93
ATOM,407.0,CG,ASP,276.0,-1.132,18.678,75.256,0.62,2.0,3.16
ATOM,408.0,OD1,ASP,276.0,0.116,18.754,75.258,-0.76,1.7,9.88
ATOM,409.0,OD2,ASP,276.0,-1.823,19.208,74.339,-0.76,1.7,15.68
ATOM,410.0,H,ASP,276.0,-2.466,16.449,78.436,0.31,0.2245,0.0
ATOM,411.0,HA,ASP,276.0,-0.34,16.379,76.421,0.09,1.32,4.55
ATOM,412.0,HB2,ASP,276.0,-2.558,17.465,76.097,0.09,1.32,0.05
ATOM,413.0,HB3,ASP,276.0,-2.032,18.641,77.1,0.09,1.32,0.0
ATOM,414.0,N,ALA,277.0,1.527,17.438,77.532,-0.47,1.85,0.0
ATOM,415.0,CA,ALA,277.0,2.668,18.106,78.147,0.07,2.275,0.14
ATOM,416.0,C,ALA,277.0,2.672,19.631,77.95,0.51,2.0,0.05
ATOM,417.0,O,ALA,277.0,3.284,20.377,78.739,-0.51,1.7,23.16
ATOM,418.0,CB,ALA,277.0,3.958,17.505,77.615,-0.27,2.06,34.13
ATOM,419.0,H,ALA,277.0,1.625,16.708,76.79,0.31,0.2245,6.38
ATOM,420.0,HA,ALA,277.0,2.657,17.918,79.147,0.09,1.32,0.0
ATOM,421.0,HB1,ALA,277.0,4.74,18.0,77.994,0.09,1.32,9.33
ATOM,422.0,HB2,ALA,277.0,4.014,16.542,77.881,0.09,1.32,6.93
ATOM,423.0,HB3,ALA,277.0,3.974,17.575,76.617,0.09,1.32,8.77
ATOM,424.0,N,SER,278.0,2.0,20.08,76.893,-0.47,1.85,0.0
ATOM,425.0,CA,SER,278.0,1.896,21.486,76.553,0.07,2.275,0.17
ATOM,426.0,C,SER,278.0,0.624,22.074,77.161,0.51,2.0,0.0
ATOM,427.0,O,SER,278.0,-0.284,22.56,76.456,-0.51,1.7,0.0
ATOM,428.0,CB,SER,278.0,1.885,21.637,75.028,0.05,2.175,3.21
ATOM,429.0,OG,SER,278.0,3.17,21.321,74.481,-0.66,1.77,7.47
ATOM,430.0,H,SER,278.0,1.549,19.32,76.324,0.31,0.2245,0.13
ATOM,431.0,HA,SER,278.0,2.678,21.969,76.955,0.09,1.32,2.94
ATOM,432.0,HB2,SER,278.0,1.214,21.014,74.646,0.09,1.32,0.83
ATOM,433.0,HB3,SER,278.0,1.664,22.576,74.798,0.09,1.32,0.0
ATOM,434.0,HG,SER,278.0,3.829,22.006,74.781,0.43,0.2245,0.0
ATOM,435.0,N,SER,279.0,0.561,21.975,78.477,-0.47,1.85,0.13
ATOM,436.0,CA,SER,279.0,-0.542,22.468,79.255,0.07,2.275,0.0
ATOM,437.0,C,SER,279.0,0.002,23.586,80.128,0.51,2.0,0.0
ATOM,438.0,O,SER,279.0,1.07,23.439,80.712,-0.51,1.7,24.61
ATOM,439.0,CB,SER,279.0,-1.113,21.351,80.162,0.05,2.175,1.33
ATOM,440.0,OG,SER,279.0,-1.839,20.334,79.464,-0.66,1.77,0.0
ATOM,441.0,H,SER,279.0,1.399,21.498,78.907,0.31,0.2245,0.0
ATOM,442.0,HA,SER,279.0,-1.217,22.862,78.641,0.09,1.32,0.0
ATOM,443.0,HB2,SER,279.0,-0.348,20.919,80.653,0.09,1.32,2.61
ATOM,444.0,HB3,SER,279.0,-1.726,21.775,80.838,0.09,1.32,0.0
ATOM,445.0,HG,SER,279.0,-1.205,19.622,79.173,0.43,0.2245,0.0
ATOM,446.0,N,ALA,280.0,-0.705,24.705,80.188,-0.47,1.85,0.0
ATOM,447.0,CA,ALA,280.0,-0.33,25.833,81.047,0.07,2.275,1.01
ATOM,448.0,C,ALA,280.0,-1.491,26.16,81.978,0.51,2.0,0.0
ATOM,449.0,O,ALA,280.0,-2.631,25.869,81.693,-0.51,1.7,0.0
ATOM,450.0,CB,ALA,280.0,-0.017,27.051,80.231,-0.27,2.06,19.47
ATOM,451.0,H,ALA,280.0,-1.55,24.719,79.575,0.31,0.2245,0.0
ATOM,452.0,HA,ALA,280.0,0.461,25.568,81.598,0.09,1.32,5.47
ATOM,453.0,HB1,ALA,280.0,-0.264,27.88,80.739,0.09,1.32,4.24
ATOM,454.0,HB2,ALA,280.0,0.963,27.082,80.018,0.09,1.32,9.62
ATOM,455.0,HB3,ALA,280.0,-0.534,27.033,79.371,0.09,1.32,0.0
ATOM,456.0,N,LEU,281.0,-1.199,26.826,83.073,-0.47,1.85,0.11
ATOM,457.0,CA,LEU,281.0,-2.233,27.174,84.045,0.07,2.275,0.0
ATOM,458.0,C,LEU,281.0,-3.162,28.257,83.527,0.51,2.0,0.0
ATOM,459.0,O,LEU,281.0,-2.729,29.32,83.1,-0.51,1.7,20.24
ATOM,460.0,CB,LEU,281.0,-1.605,27.606,85.365,-0.18,2.175,4.32
ATOM,461.0,CG,LEU,281.0,-0.659,26.618,86.057,-0.09,2.275,2.36
ATOM,462.0,CD1,LEU,281.0,-0.103,27.155,87.399,-0.27,2.06,24.8
ATOM,463.0,CD2,LEU,281.0,-1.324,25.317,86.292,-0.27,2.06,6.38
ATOM,464.0,H,LEU,281.0,-0.201,27.079,83.19,0.31,0.2245,6.55
ATOM,465.0,HA,LEU,281.0,-2.781,26.346,84.237,0.09,1.32,0.0
ATOM,466.0,HB2,LEU,281.0,-1.082,28.445,85.198,0.09,1.32,7.87
ATOM,467.0,HB3,LEU,281.0,-2.346,27.804,86.009,0.09,1.32,0.0
ATOM,468.0,HG,LEU,281.0,0.115,26.42,85.446,0.09,1.32,6.33
ATOM,469.0,HD11,LEU,281.0,-0.866,27.335,88.013,0.09,1.32,0.0
ATOM,470.0,HD12,LEU,281.0,0.501,26.468,87.794,0.09,1.32,8.07
ATOM,471.0,HD13,LEU,281.0,0.402,27.996,87.224,0.09,1.32,10.58
ATOM,472.0,HD21,LEU,281.0,-1.62,24.906,85.42,0.09,1.32,0.0
ATOM,473.0,HD22,LEU,281.0,-0.696,24.674,86.747,0.09,1.32,2.26
ATOM,474.0,HD23,LEU,281.0,-2.136,25.433,86.878,0.09,1.32,0.0
ATOM,475.0,N,ALA,282.0,-4.448,27.956,83.554,-0.47,1.85,0.0
ATOM,476.0,CA,ALA,282.0,-5.449,28.899,83.147,0.07,2.275,0.0
ATOM,477.0,C,ALA,282.0,-5.562,30.04,84.149,0.51,2.0,0.05
ATOM,478.0,O,ALA,282.0,-5.156,29.912,85.311,-0.51,1.7,6.37
ATOM,479.0,CB,ALA,282.0,-6.787,28.179,83.067,-0.27,2.06,1.27
ATOM,480.0,H,ALA,282.0,-4.66,26.991,83.891,0.31,0.2245,0.0
ATOM,481.0,HA,ALA,282.0,-5.197,29.29,82.25,0.09,1.32,0.89
ATOM,482.0,HB1,ALA,282.0,-6.727,27.307,83.553,0.09,1.32,0.0
ATOM,483.0,HB2,ALA,282.0,-7.497,28.745,83.486,0.09,1.32,0.0
ATOM,484.0,HB3,ALA,282.0,-7.019,28.011,82.109,0.09,1.32,0.0
ATOM,485.0,N,TRP,283.0,-6.15,31.138,83.692,-0.47,1.85,2.71
ATOM,486.0,CA,TRP,283.0,-6.404,32.299,84.518,0.07,2.275,4.19
ATOM,487.0,C,TRP,283.0,-7.188,31.906,85.768,0.51,2.0,0.0
ATOM,488.0,O,TRP,283.0,-7.013,32.513,86.827,-0.51,1.7,25.28
ATOM,489.0,CB,TRP,283.0,-7.182,33.356,83.752,-0.18,2.175,19.29
ATOM,490.0,CG,TRP,283.0,-8.497,32.879,83.327,-0.03,1.9924,0.85
ATOM,491.0,CD1,TRP,283.0,-8.799,32.107,82.221,0.035,1.9924,11.09
ATOM,492.0,CD2,TRP,283.0,-9.725,33.122,83.992,-0.02,1.8,2.08
ATOM,493.0,NE1,TRP,283.0,-10.15,31.85,82.185,-0.61,1.85,6.73
ATOM,494.0,CE2,TRP,283.0,-10.743,32.47,83.26,0.13,1.8,1.77
ATOM,495.0,CE3,TRP,283.0,-10.074,33.808,85.159,-0.115,1.9924,9.95
ATOM,496.0,CZ2,TRP,283.0,-12.084,32.496,83.661,-0.115,1.9924,12.03
ATOM,497.0,CZ3,TRP,283.0,-11.39,33.829,85.554,-0.115,1.9924,14.86
ATOM,498.0,CH2,TRP,283.0,-12.385,33.184,84.802,-0.115,1.9924,13.09
ATOM,499.0,H,TRP,283.0,-6.415,31.089,82.677,0.31,0.2245,2.51
ATOM,500.0,HA,TRP,283.0,-5.519,32.666,84.823,0.09,1.32,10.92
ATOM,501.0,HB2,TRP,283.0,-7.313,34.143,84.342,0.09,1.32,5.62
ATOM,502.0,HB3,TRP,283.0,-6.666,33.606,82.942,0.09,1.32,10.06
ATOM,503.0,HD1,TRP,283.0,-8.135,31.788,81.554,0.115,1.3582,4.35
ATOM,504.0,HE1,TRP,283.0,-10.623,31.307,81.498,0.38,0.2245,17.7
ATOM,505.0,HE3,TRP,283.0,-9.375,34.277,85.701,0.115,1.3582,8.33
ATOM,506.0,HZ2,TRP,283.0,-12.781,32.022,83.117,0.115,1.3582,14.73
ATOM,507.0,HZ3,TRP,283.0,-11.645,34.311,86.389,0.115,1.3582,17.75
ATOM,508.0,HH2,TRP,283.0,-13.333,33.237,85.12,0.115,1.3582,17.99
ATOM,509.0,N,ASN,284.0,-8.005,30.871,85.649,-0.47,1.85,0.0
ATOM,510.0,CA,ASN,284.0,-8.83,30.401,86.766,0.07,2.275,1.43
ATOM,511.0,C,ASN,284.0,-8.404,29.078,87.361,0.51,2.0,0.0
ATOM,512.0,O,ASN,284.0,-9.247,28.334,87.911,-0.51,1.7,14.84
ATOM,513.0,CB,ASN,284.0,-10.319,30.311,86.367,-0.18,2.175,7.14
ATOM,514.0,CG,ASN,284.0,-10.568,29.367,85.176,0.55,2.0,0.0
ATOM,515.0,H,ASN,284.0,-8.014,30.424,84.71,0.31,0.2245,0.0
ATOM,516.0,HA,ASN,284.0,-8.75,31.104,87.503,0.09,1.32,6.19
ATOM,517.0,HB2,ASN,284.0,-10.833,29.97,87.146,0.09,1.32,6.56
ATOM,518.0,HB3,ASN,284.0,-10.631,31.22,86.114,0.09,1.32,0.0
ATOM,519.0,OD1,ASN,284.0,-9.634,28.974,84.469,-0.55,1.7,1.44
ATOM,520.0,ND2,ASN,284.0,-11.848,28.973,84.975,-0.62,1.85,13.27
ATOM,521.0,HD22,ASN,284.0,-12.555,29.313,85.594,0.3,0.2245,14.75
ATOM,522.0,HD21,ASN,284.0,-12.064,28.363,84.228,0.32,0.2245,15.68
ATOM,523.0,N,ALA,285.0,-7.12,28.748,87.242,-0.47,1.85,0.01
ATOM,524.0,CA,ALA,285.0,-6.614,27.555,87.888,0.07,2.275,0.0
ATOM,525.0,C,ALA,285.0,-6.665,27.723,89.424,0.51,2.0,0.0
ATOM,526.0,O,ALA,285.0,-6.713,28.841,89.946,-0.51,1.7,10.36
ATOM,527.0,CB,ALA,285.0,-5.233,27.271,87.449,-0.27,2.06,0.0
ATOM,528.0,H,ALA,285.0,-6.55,29.391,86.675,0.31,0.2245,0.11
ATOM,529.0,HA,ALA,285.0,-7.191,26.772,87.644,0.09,1.32,0.0
ATOM,530.0,HB1,ALA,285.0,-4.696,26.867,88.199,0.09,1.32,0.0
ATOM,531.0,HB2,ALA,285.0,-5.23,26.624,86.676,0.09,1.32,0.0
ATOM,532.0,HB3,ALA,285.0,-4.772,28.116,87.153,0.09,1.32,0.36
ATOM,533.0,N,ASP,286.0,-6.653,26.574,90.098,-0.47,1.85,0.01
ATOM,534.0,CA,ASP,286.0,-6.865,26.449,91.527,0.07,2.275,4.29
ATOM,535.0,C,ASP,286.0,-5.605,26.811,92.368,0.51,2.0,0.63
ATOM,536.0,O,ASP,286.0,-5.229,26.14,93.312,-0.51,1.7,19.56
ATOM,537.0,CB,ASP,286.0,-7.385,25.017,91.778,-0.28,2.175,15.92
ATOM,538.0,CG,ASP,286.0,-6.358,23.943,91.528,0.62,2.0,0.24
ATOM,539.0,OD1,ASP,286.0,-5.353,24.201,90.89,-0.76,1.7,0.22
ATOM,540.0,OD2,ASP,286.0,-6.522,22.77,91.953,-0.76,1.7,28.09
ATOM,541.0,H,ASP,286.0,-6.469,25.732,89.477,0.31,0.2245,0.0
ATOM,542.0,HA,ASP,286.0,-7.58,27.116,91.794,0.09,1.32,9.73
ATOM,543.0,HB2,ASP,286.0,-7.683,24.97,92.729,0.09,1.32,10.02
ATOM,544.0,HB3,ASP,286.0,-8.165,24.872,91.173,0.09,1.32,7.04
ATOM,545.0,N,VAL,287.0,-4.978,27.923,91.999,-0.47,1.85,0.0
ATOM,546.0,CA,VAL,287.0,-3.788,28.395,92.663,0.07,2.275,0.03
ATOM,547.0,C,VAL,287.0,-4.117,29.351,93.803,0.51,2.0,0.01
ATOM,548.0,O,VAL,287.0,-5.181,29.977,93.843,-0.51,1.7,4.93
ATOM,549.0,CB,VAL,287.0,-2.805,29.147,91.661,-0.09,2.275,2.88
ATOM,550.0,CG1,VAL,287.0,-2.511,28.302,90.449,-0.27,2.06,8.4
ATOM,551.0,CG2,VAL,287.0,-3.394,30.462,91.226,-0.27,2.06,20.4
ATOM,552.0,H,VAL,287.0,-5.424,28.417,91.192,0.31,0.2245,0.0
ATOM,553.0,HA,VAL,287.0,-3.305,27.599,93.06,0.09,1.32,4.55
ATOM,554.0,HB,VAL,287.0,-1.955,29.283,92.159,0.09,1.32,4.97
ATOM,555.0,HG11,VAL,287.0,-2.619,27.331,90.675,0.09,1.32,0.0
ATOM,556.0,HG12,VAL,287.0,-3.143,28.537,89.707,0.09,1.32,0.19
ATOM,557.0,HG13,VAL,287.0,-1.571,28.463,90.14,0.09,1.32,4.45
ATOM,558.0,HG21,VAL,287.0,-4.026,30.799,91.928,0.09,1.32,0.62
ATOM,559.0,HG22,VAL,287.0,-2.661,31.133,91.092,0.09,1.32,9.89
ATOM,560.0,HG23,VAL,287.0,-3.892,30.341,90.364,0.09,1.32,2.05
ATOM,561.0,N,ILE,288.0,-3.185,29.435,94.724,-0.47,1.85,0.0
ATOM,562.0,CA,ILE,288.0,-3.239,30.416,95.81,0.07,2.275,0.0
ATOM,563.0,C,ILE,288.0,-2.424,31.589,95.297,0.51,2.0,0.0
ATOM,564.0,O,ILE,288.0,-1.322,31.416,94.747,-0.51,1.7,20.26
ATOM,565.0,CB,ILE,288.0,-2.612,29.87,97.113,-0.09,2.275,1.54
ATOM,566.0,CG1,ILE,288.0,-3.455,28.731,97.695,-0.18,2.175,9.39
ATOM,567.0,CG2,ILE,288.0,-2.384,30.997,98.152,-0.27,2.06,24.67
ATOM,568.0,CD1,ILE,288.0,-4.85,29.133,98.184,-0.27,2.06,6.03
ATOM,569.0,H,ILE,288.0,-2.402,28.75,94.624,0.31,0.2245,7.86
ATOM,570.0,HA,ILE,288.0,-4.172,30.718,95.861,0.09,1.32,0.0
ATOM,571.0,HB,ILE,288.0,-1.713,29.506,96.889,0.09,1.32,8.38
ATOM,572.0,HG12,ILE,288.0,-3.558,28.02,96.995,0.09,1.32,4.37
ATOM,573.0,HG13,ILE,288.0,-2.955,28.332,98.469,0.09,1.32,0.18
ATOM,574.0,HG21,ILE,288.0,-1.909,30.616,98.938,0.09,1.32,6.04
ATOM,575.0,HG22,ILE,288.0,-1.835,31.712,97.733,0.09,1.32,1.46
ATOM,576.0,HG23,ILE,288.0,-3.267,31.361,98.428,0.09,1.32,0.82
ATOM,577.0,HD11,ILE,288.0,-5.363,29.51,97.418,0.09,1.32,0.03
ATOM,578.0,HD12,ILE,288.0,-5.311,28.325,98.541,0.09,1.32,0.04
ATOM,579.0,HD13,ILE,288.0,-4.755,29.817,98.901,0.09,1.32,2.29
ATOM,580.0,N,HIS,289.0,-3.014,32.765,95.454,-0.47,1.85,0.0
ATOM,581.0,CA,HIS,289.0,-2.422,34.004,94.991,0.07,2.275,0.53
ATOM,582.0,C,HIS,289.0,-2.004,34.889,96.161,0.51,2.0,0.91
ATOM,583.0,O,HIS,289.0,-2.126,34.52,97.319,-0.51,1.7,9.8
ATOM,584.0,CB,HIS,289.0,-3.341,34.707,94.018,-0.08,2.175,4.53
ATOM,585.0,CG,HIS,289.0,-2.953,36.109,93.698,0.22,1.8,0.0
ATOM,586.0,H,HIS,289.0,-3.941,32.72,95.94,0.31,0.2245,0.0
ATOM,587.0,HA,HIS,289.0,-1.596,33.787,94.453,0.09,1.32,4.22
ATOM,588.0,HB2,HIS,289.0,-3.372,34.184,93.151,0.09,1.32,3.14
ATOM,589.0,HB3,HIS,289.0,-4.28,34.72,94.398,0.09,1.32,2.42
ATOM,590.0,ND1,HIS,289.0,-1.799,36.416,93.011,-0.7,1.85,14.75
ATOM,591.0,CD2,HIS,289.0,-3.541,37.293,94.0,-0.05,1.8,0.0
ATOM,592.0,CE1,HIS,289.0,-1.73,37.724,92.849,0.25,1.8,13.6
ATOM,593.0,NE2,HIS,289.0,-2.739,38.284,93.495,-0.36,1.85,0.43
ATOM,594.0,HD2,HIS,289.0,-4.396,37.418,94.497,0.09,1.468,0.18
ATOM,595.0,HE1,HIS,289.0,-1.033,38.211,92.327,0.13,0.9,16.04
ATOM,596.0,HE2,HIS,289.0,-2.891,39.267,93.597,0.32,0.2245,4.75
ATOM,597.0,N,GLN,290.0,-1.55,36.073,95.857,-0.47,1.85,0.0
ATOM,598.0,CA,GLN,290.0,-0.986,36.986,96.844,0.07,2.275,1.56
ATOM,599.0,C,GLN,290.0,-1.994,37.945,97.439,0.51,2.0,0.36
ATOM,600.0,O,GLN,290.0,-1.611,38.811,98.24,-0.51,1.7,27.96
ATOM,601.0,CB,GLN,290.0,0.185,37.771,96.211,-0.18,2.175,6.86
ATOM,602.0,CG,GLN,290.0,1.404,36.898,95.952,-0.18,2.175,13.35
ATOM,603.0,CD,GLN,290.0,2.442,37.584,95.055,0.55,2.0,2.29
ATOM,604.0,H,GLN,290.0,-1.621,36.324,94.838,0.31,0.2245,0.0
ATOM,605.0,HA,GLN,290.0,-0.605,36.422,97.603,0.09,1.32,6.54
ATOM,606.0,HB2,GLN,290.0,-0.122,38.149,95.344,0.09,1.32,0.55
ATOM,607.0,HB3,GLN,290.0,0.447,38.502,96.834,0.09,1.32,6.42
ATOM,608.0,HG2,GLN,290.0,1.84,36.683,96.823,0.09,1.32,10.88
ATOM,609.0,HG3,GLN,290.0,1.111,36.057,95.503,0.09,1.32,1.87
ATOM,610.0,OE1,GLN,290.0,2.669,38.76,95.191,-0.55,1.7,37.52
ATOM,611.0,NE2,GLN,290.0,3.038,36.845,94.13,-0.62,1.85,24.45
ATOM,612.0,HE21,GLN,290.0,3.717,37.239,93.502,0.32,0.2245,21.78
ATOM,613.0,HE22,GLN,290.0,2.792,35.853,94.066,0.3,0.2245,16.73
ATOM,614.0,N,ARG,291.0,-3.268,37.806,97.086,-0.47,1.85,0.0
ATOM,615.0,CA,ARG,291.0,-4.235,38.804,97.503,0.07,2.275,1.16
ATOM,616.0,C,ARG,291.0,-5.111,38.419,98.682,0.51,2.0,1.33
ATOM,617.0,O,ARG,291.0,-5.853,39.239,99.185,-0.51,1.7,27.72
ATOM,618.0,CB,ARG,291.0,-5.108,39.226,96.304,-0.18,2.175,5.15
ATOM,619.0,CG,ARG,291.0,-4.334,39.598,95.105,-0.18,2.175,1.94
ATOM,620.0,CD,ARG,291.0,-5.202,40.125,93.967,0.2,2.175,19.47
ATOM,621.0,NE,ARG,291.0,-6.292,39.228,93.583,-0.7,1.85,4.52
ATOM,622.0,CZ,ARG,291.0,-6.179,38.185,92.771,0.64,2.0,1.9
ATOM,623.0,NH1,ARG,291.0,-5.007,37.844,92.272,-0.8,1.85,10.61
ATOM,624.0,NH2,ARG,291.0,-7.264,37.469,92.481,-0.8,1.85,26.12
ATOM,625.0,H,ARG,291.0,-3.488,36.978,96.526,0.31,0.2245,0.16
ATOM,626.0,HA,ARG,291.0,-3.729,39.665,97.746,0.09,1.32,6.67
ATOM,627.0,HB2,ARG,291.0,-5.705,38.455,96.089,0.09,1.32,2.92
ATOM,628.0,HB3,ARG,291.0,-5.658,40.005,96.6,0.09,1.32,7.67
ATOM,629.0,HG2,ARG,291.0,-3.663,40.319,95.325,0.09,1.32,9.65
ATOM,630.0,HG3,ARG,291.0,-3.83,38.801,94.748,0.09,1.32,0.0
ATOM,631.0,HD2,ARG,291.0,-5.588,41.006,94.257,0.09,1.32,11.21
ATOM,632.0,HD3,ARG,291.0,-4.606,40.278,93.172,0.09,1.32,5.75
ATOM,633.0,HE,ARG,291.0,-7.21,39.421,93.97,0.44,0.2245,13.53
ATOM,634.0,HH11,ARG,291.0,-4.178,38.349,92.509,0.46,0.2245,0.35
ATOM,635.0,HH12,ARG,291.0,-4.939,37.061,91.641,0.46,0.2245,11.61
ATOM,636.0,HH21,ARG,291.0,-8.145,37.706,92.888,0.46,0.2245,18.19
ATOM,637.0,HH22,ARG,291.0,-7.196,36.691,91.855,0.46,0.2245,17.86
ATOM,638.0,N,GLY,292.0,-5.084,37.175,99.112,-0.47,1.85,2.04
ATOM,639.0,CA,GLY,292.0,-5.802,36.844,100.336,-0.02,2.175,15.69
ATOM,640.0,C,GLY,292.0,-7.221,36.384,100.085,0.51,2.0,1.29
ATOM,641.0,O,GLY,292.0,-7.667,36.376,98.946,-0.51,1.7,14.09
ATOM,642.0,H,GLY,292.0,-4.554,36.508,98.553,0.31,0.2245,0.15
ATOM,643.0,HA2,GLY,292.0,-5.295,36.116,100.833,0.09,1.32,10.88
ATOM,644.0,HA3,GLY,292.0,-5.815,37.659,100.945,0.09,1.32,8.86
ATOM,645.0,N,GLY,293.0,-7.881,35.927,101.136,-0.47,1.85,3.93
ATOM,646.0,CA,GLY,293.0,-9.275,35.514,101.049,-0.02,2.175,22.43
ATOM,647.0,C,GLY,293.0,-9.496,34.086,100.566,0.51,2.0,1.74
ATOM,648.0,O,GLY,293.0,-10.609,33.71,100.294,-0.51,1.7,31.94
ATOM,649.0,H,GLY,293.0,-7.328,35.888,102.017,0.31,0.2245,15.01
ATOM,650.0,HA2,GLY,293.0,-9.714,35.624,101.968,0.09,1.32,12.91
ATOM,651.0,HA3,GLY,293.0,-9.775,36.155,100.426,0.09,1.32,10.38
ATOM,652.0,N,GLN,294.0,-8.423,33.295,100.448,-0.47,1.85,0.34
ATOM,653.0,CA,GLN,294.0,-8.547,31.953,99.932,0.07,2.275,0.03
ATOM,654.0,C,GLN,294.0,-8.454,30.826,100.948,0.51,2.0,0.22
ATOM,655.0,O,GLN,294.0,-8.173,31.01,102.122,-0.51,1.7,28.8
ATOM,656.0,CB,GLN,294.0,-7.477,31.752,98.855,-0.18,2.175,0.4
ATOM,657.0,CG,GLN,294.0,-7.583,32.684,97.67,-0.18,2.175,8.34
ATOM,658.0,CD,GLN,294.0,-6.571,32.36,96.63,0.55,2.0,1.03
ATOM,659.0,H,GLN,294.0,-7.533,33.726,100.752,0.31,0.2245,3.64
ATOM,660.0,HA,GLN,294.0,-9.467,31.876,99.474,0.09,1.32,4.84
ATOM,661.0,HB2,GLN,294.0,-6.573,31.88,99.277,0.09,1.32,3.97
ATOM,662.0,HB3,GLN,294.0,-7.539,30.805,98.518,0.09,1.32,0.5
ATOM,663.0,HG2,GLN,294.0,-8.498,32.597,97.278,0.09,1.32,6.97
ATOM,664.0,HG3,GLN,294.0,-7.442,33.62,97.989,0.09,1.32,0.0
ATOM,665.0,OE1,GLN,294.0,-5.413,32.709,96.793,-0.55,1.7,0.69
ATOM,666.0,NE2,GLN,294.0,-7.003,31.71,95.532,-0.62,1.85,15.8
ATOM,667.0,HE21,GLN,294.0,-6.372,31.471,94.78,0.32,0.2245,2.04
ATOM,668.0,HE22,GLN,294.0,-7.991,31.463,95.48,0.3,0.2245,16.98
ATOM,669.0,N,THR,295.0,-8.66,29.62,100.458,-0.47,1.85,0.12
ATOM,670.0,CA,THR,295.0,-8.656,28.462,101.287,0.07,2.275,0.26
ATOM,671.0,C,THR,295.0,-7.751,27.394,100.647,0.51,2.0,0.0
ATOM,672.0,O,THR,295.0,-7.828,27.162,99.445,-0.51,1.7,15.98
ATOM,673.0,CB,THR,295.0,-10.063,27.882,101.347,0.14,2.275,4.72
ATOM,674.0,OG1,THR,295.0,-10.935,28.695,102.132,-0.66,1.77,21.5
ATOM,675.0,CG2,THR,295.0,-10.047,26.55,102.067,-0.27,2.06,17.31
ATOM,676.0,H,THR,295.0,-8.823,29.598,99.424,0.31,0.2245,5.83
ATOM,677.0,HA,THR,295.0,-8.269,28.687,102.183,0.09,1.32,3.76
ATOM,678.0,HB,THR,295.0,-10.448,27.836,100.392,0.09,1.32,9.59
ATOM,679.0,HG21,THR,295.0,-10.108,26.694,103.058,0.09,1.32,10.73
ATOM,680.0,HG22,THR,295.0,-10.826,25.99,101.771,0.09,1.32,9.96
ATOM,681.0,HG23,THR,295.0,-9.196,26.059,101.862,0.09,1.32,0.0
ATOM,682.0,HG1,THR,295.0,-11.279,29.469,101.589,0.43,0.2245,16.11
ATOM,683.0,N,ILE,296.0,-6.914,26.777,101.464,-0.47,1.85,0.06
ATOM,684.0,CA,ILE,296.0,-6.15,25.572,101.082,0.07,2.275,0.03
ATOM,685.0,C,ILE,296.0,-6.864,24.415,101.795,0.51,2.0,0.0
ATOM,686.0,O,ILE,296.0,-6.911,24.332,103.019,-0.51,1.7,11.64
ATOM,687.0,CB,ILE,296.0,-4.716,25.667,101.579,-0.09,2.275,0.04
ATOM,688.0,CG1,ILE,296.0,-3.935,26.75,100.818,-0.18,2.175,0.95
ATOM,689.0,CG2,ILE,296.0,-3.973,24.328,101.394,-0.27,2.06,12.41
ATOM,690.0,CD1,ILE,296.0,-2.635,27.007,101.524,-0.27,2.06,16.2
ATOM,691.0,H,ILE,296.0,-6.831,27.211,102.414,0.31,0.2245,8.59
ATOM,692.0,HA,ILE,296.0,-6.302,25.446,100.121,0.09,1.32,3.05
ATOM,693.0,HB,ILE,296.0,-4.731,25.928,102.543,0.09,1.32,5.85
ATOM,694.0,HG12,ILE,296.0,-3.761,26.426,99.91,0.09,1.32,3.06
ATOM,695.0,HG13,ILE,296.0,-4.473,27.57,100.815,0.09,1.32,1.57
ATOM,696.0,HG21,ILE,296.0,-3.052,24.416,101.761,0.09,1.32,0.0
ATOM,697.0,HG22,ILE,296.0,-4.466,23.614,101.882,0.09,1.32,0.0
ATOM,698.0,HG23,ILE,296.0,-3.933,24.112,100.423,0.09,1.32,9.16
ATOM,699.0,HD11,ILE,296.0,-2.096,26.164,101.554,0.09,1.32,0.3
ATOM,700.0,HD12,ILE,296.0,-2.119,27.712,101.035,0.09,1.32,4.17
ATOM,701.0,HD13,ILE,296.0,-2.815,27.318,102.458,0.09,1.32,7.09
ATOM,702.0,N,ASN,297.0,-7.429,23.499,101.018,-0.47,1.85,0.62
ATOM,703.0,CA,ASN,297.0,-8.289,22.447,101.577,0.07,2.275,0.11
ATOM,704.0,C,ASN,297.0,-7.477,21.226,101.984,0.51,2.0,0.88
ATOM,705.0,O,ASN,297.0,-7.59,20.173,101.396,-0.51,1.7,22.95
ATOM,706.0,CB,ASN,297.0,-9.356,22.054,100.511,-0.18,2.175,10.16
ATOM,707.0,CG,ASN,297.0,-10.419,21.113,101.078,0.55,2.0,2.52
ATOM,708.0,H,ASN,297.0,-7.219,23.584,100.009,0.31,0.2245,9.74
ATOM,709.0,HA,ASN,297.0,-8.703,22.822,102.415,0.09,1.32,3.19
ATOM,710.0,HB2,ASN,297.0,-9.797,22.884,100.201,0.09,1.32,5.78
ATOM,711.0,HB3,ASN,297.0,-8.889,21.598,99.767,0.09,1.32,6.68
ATOM,712.0,OD1,ASN,297.0,-10.669,21.117,102.266,-0.55,1.7,33.79
ATOM,713.0,ND2,ASN,297.0,-11.004,20.261,100.215,-0.62,1.85,26.16
ATOM,714.0,HD22,ASN,297.0,-10.715,20.279,99.256,0.3,0.2245,17.32
ATOM,715.0,HD21,ASN,297.0,-11.701,19.635,100.53,0.32,0.2245,21.12
ATOM,716.0,N,GLY,298.0,-6.629,21.388,102.966,-0.47,1.85,3.59
ATOM,717.0,CA,GLY,298.0,-5.782,20.329,103.428,-0.02,2.175,15.69
ATOM,718.0,C,GLY,298.0,-4.676,20.944,104.259,0.51,2.0,1.65
ATOM,719.0,O,GLY,298.0,-4.791,22.051,104.774,-0.51,1.7,17.65
ATOM,720.0,H,GLY,298.0,-6.624,22.353,103.382,0.31,0.2245,0.76
ATOM,721.0,HA2,GLY,298.0,-6.302,19.69,103.992,0.09,1.32,11.88
ATOM,722.0,HA3,GLY,298.0,-5.381,19.843,102.653,0.09,1.32,8.09
ATOM,723.0,N,THR,299.0,-3.596,20.212,104.397,-0.47,1.85,0.13
ATOM,724.0,CA,THR,299.0,-2.521,20.645,105.238,0.07,2.275,0.49
ATOM,725.0,C,THR,299.0,-1.655,21.616,104.486,0.51,2.0,0.0
ATOM,726.0,O,THR,299.0,-1.751,21.74,103.28,-0.51,1.7,12.5
ATOM,727.0,CB,THR,299.0,-1.601,19.467,105.603,0.14,2.275,5.61
ATOM,728.0,OG1,THR,299.0,-1.108,18.864,104.398,-0.66,1.77,21.5
ATOM,729.0,CG2,THR,299.0,-2.339,18.344,106.375,-0.27,2.06,40.33
ATOM,730.0,H,THR,299.0,-3.594,19.323,103.86,0.31,0.2245,4.51
ATOM,731.0,HA,THR,299.0,-2.903,21.114,106.042,0.09,1.32,6.97
ATOM,732.0,HB,THR,299.0,-0.804,19.822,106.129,0.09,1.32,5.55
ATOM,733.0,HG21,THR,299.0,-2.282,18.53,107.354,0.09,1.32,11.51
ATOM,734.0,HG22,THR,299.0,-3.295,18.325,106.088,0.09,1.32,4.93
ATOM,735.0,HG23,THR,299.0,-1.906,17.469,106.17,0.09,1.32,10.29
ATOM,736.0,HG1,THR,299.0,-1.842,18.353,103.938,0.43,0.2245,13.34
ATOM,737.0,N,LEU,300.0,-0.806,22.299,105.249,-0.47,1.85,0.94
ATOM,738.0,CA,LEU,300.0,0.256,23.157,104.693,0.07,2.275,0.81
ATOM,739.0,C,LEU,300.0,1.484,23.003,105.589,0.51,2.0,0.22
ATOM,740.0,O,LEU,300.0,1.38,22.971,106.839,-0.51,1.7,25.39
ATOM,741.0,CB,LEU,300.0,-0.163,24.617,104.607,-0.18,2.175,4.75
ATOM,742.0,CG,LEU,300.0,0.927,25.62,104.218,-0.09,2.275,0.0
ATOM,743.0,CD1,LEU,300.0,1.381,25.351,102.773,-0.27,2.06,26.36
ATOM,744.0,CD2,LEU,300.0,0.467,27.0,104.389,-0.27,2.06,20.5
ATOM,745.0,H,LEU,300.0,-0.952,22.179,106.276,0.31,0.2245,7.22
ATOM,746.0,HA,LEU,300.0,0.482,22.831,103.785,0.09,1.32,2.59
ATOM,747.0,HB2,LEU,300.0,-0.888,24.691,103.924,0.09,1.32,0.0
ATOM,748.0,HB3,LEU,300.0,-0.512,24.893,105.5,0.09,1.32,7.83
ATOM,749.0,HG,LEU,300.0,1.704,25.513,104.828,0.09,1.32,0.0
ATOM,750.0,HD11,LEU,300.0,0.599,25.451,102.162,0.09,1.32,1.97
ATOM,751.0,HD12,LEU,300.0,2.091,26.008,102.527,0.09,1.32,7.21
ATOM,752.0,HD13,LEU,300.0,1.742,24.423,102.712,0.09,1.32,1.77
ATOM,753.0,HD21,LEU,300.0,0.212,27.181,105.35,0.09,1.32,7.45
ATOM,754.0,HD22,LEU,300.0,1.189,27.658,104.131,0.09,1.32,4.42
ATOM,755.0,HD23,LEU,300.0,-0.342,27.187,103.813,0.09,1.32,0.0
ATOM,756.0,N,ARG,301.0,2.642,22.874,104.953,-0.47,1.85,1.43
ATOM,757.0,CA,ARG,301.0,3.9,22.849,105.685,0.07,2.275,0.81
ATOM,758.0,C,ARG,301.0,4.692,24.097,105.245,0.51,2.0,0.0
ATOM,759.0,O,ARG,301.0,4.822,24.324,104.054,-0.51,1.7,15.73
ATOM,760.0,CB,ARG,301.0,4.72,21.619,105.311,-0.18,2.175,9.36
ATOM,761.0,CG,ARG,301.0,6.048,21.443,106.124,-0.18,2.175,4.8
ATOM,762.0,CD,ARG,301.0,6.957,20.365,105.495,0.2,2.175,12.48
ATOM,763.0,NE,ARG,301.0,8.25,20.156,106.116,-0.7,1.85,4.34
ATOM,764.0,CZ,ARG,301.0,8.517,19.271,107.066,0.64,2.0,3.19
ATOM,765.0,NH1,ARG,301.0,7.528,18.499,107.534,-0.8,1.85,25.31
ATOM,766.0,NH2,ARG,301.0,9.771,19.108,107.481,-0.8,1.85,29.96
ATOM,767.0,H,ARG,301.0,2.573,22.795,103.924,0.31,0.2245,6.11
ATOM,768.0,HA,ARG,301.0,3.72,22.921,106.655,0.09,1.32,2.86
ATOM,769.0,HB2,ARG,301.0,4.175,20.803,105.472,0.09,1.32,10.18
ATOM,770.0,HB3,ARG,301.0,4.977,21.678,104.352,0.09,1.32,6.02
ATOM,771.0,HG2,ARG,301.0,6.537,22.302,106.123,0.09,1.32,0.0
ATOM,772.0,HG3,ARG,301.0,5.821,21.16,107.044,0.09,1.32,7.95
ATOM,773.0,HD2,ARG,301.0,6.433,19.495,105.504,0.09,1.32,5.28
ATOM,774.0,HD3,ARG,301.0,7.087,20.622,104.52,0.09,1.32,7.95
ATOM,775.0,HE,ARG,301.0,9.023,20.738,105.797,0.44,0.2245,0.32
ATOM,776.0,HH11,ARG,301.0,6.608,18.56,107.173,0.46,0.2245,9.43
ATOM,777.0,HH12,ARG,301.0,7.731,17.84,108.271,0.46,0.2245,18.46
ATOM,778.0,HH21,ARG,301.0,10.507,19.64,107.059,0.46,0.2245,15.63
ATOM,779.0,HH22,ARG,301.0,9.977,18.457,108.208,0.46,0.2245,18.34
ATOM,780.0,N,ILE,302.0,5.286,24.81,106.176,-0.47,1.85,0.04
ATOM,781.0,CA,ILE,302.0,6.162,25.952,105.851,0.07,2.275,0.0
ATOM,782.0,C,ILE,302.0,7.465,25.656,106.592,0.51,2.0,0.0
ATOM,783.0,O,ILE,302.0,7.461,25.346,107.787,-0.51,1.7,19.58
ATOM,784.0,CB,ILE,302.0,5.536,27.264,106.345,-0.09,2.275,0.03
ATOM,785.0,CG1,ILE,302.0,4.13,27.444,105.739,-0.18,2.175,0.58
ATOM,786.0,CG2,ILE,302.0,6.287,28.428,105.87,-0.27,2.06,16.5
ATOM,787.0,CD1,ILE,302.0,3.215,28.378,106.586,-0.27,2.06,14.46
ATOM,788.0,H,ILE,302.0,5.095,24.513,107.155,0.31,0.2245,7.77
ATOM,789.0,HA,ILE,302.0,6.359,25.88,104.893,0.09,1.32,2.89
ATOM,790.0,HB,ILE,302.0,5.435,27.209,107.331,0.09,1.32,4.62
ATOM,791.0,HG12,ILE,302.0,4.217,27.836,104.835,0.09,1.32,6.21
ATOM,792.0,HG13,ILE,302.0,3.691,26.557,105.684,0.09,1.32,0.0
ATOM,793.0,HG21,ILE,302.0,5.86,29.287,106.183,0.09,1.32,2.23
ATOM,794.0,HG22,ILE,302.0,7.236,28.412,106.212,0.09,1.32,0.0
ATOM,795.0,HG23,ILE,302.0,6.322,28.45,104.862,0.09,1.32,8.94
ATOM,796.0,HD11,ILE,302.0,3.648,29.269,106.64,0.09,1.32,0.76
ATOM,797.0,HD12,ILE,302.0,2.335,28.442,106.133,0.09,1.32,0.57
ATOM,798.0,HD13,ILE,302.0,3.117,27.979,107.489,0.09,1.32,8.05
ATOM,799.0,N,ASN,303.0,8.573,25.758,105.883,-0.47,1.85,0.0
ATOM,800.0,CA,ASN,303.0,9.862,25.37,106.443,0.07,2.275,0.79
ATOM,801.0,C,ASN,303.0,10.628,26.407,107.226,0.51,2.0,1.18
ATOM,802.0,O,ASN,303.0,11.672,26.087,107.803,-0.51,1.7,28.64
ATOM,803.0,CB,ASN,303.0,10.726,24.807,105.322,-0.18,2.175,11.44
ATOM,804.0,CG,ASN,303.0,10.243,23.473,104.842,0.55,2.0,2.55
ATOM,805.0,H,ASN,303.0,8.454,26.126,104.923,0.31,0.2245,8.67
ATOM,806.0,HA,ASN,303.0,9.676,24.582,107.087,0.09,1.32,5.29
ATOM,807.0,HB2,ASN,303.0,10.71,25.452,104.56,0.09,1.32,8.86
ATOM,808.0,HB3,ASN,303.0,11.659,24.711,105.664,0.09,1.32,7.41
ATOM,809.0,OD1,ASN,303.0,9.421,22.838,105.487,-0.55,1.7,1.58
ATOM,810.0,ND2,ASN,303.0,10.773,23.018,103.684,-0.62,1.85,28.22
ATOM,811.0,HD22,ASN,303.0,11.453,23.576,103.213,0.3,0.2245,17.25
ATOM,812.0,HD21,ASN,303.0,10.483,22.143,103.32,0.32,0.2245,16.52
ATOM,813.0,N,ASN,304.0,10.117,27.631,107.297,-0.47,1.85,1.39
ATOM,814.0,CA,ASN,304.0,10.719,28.705,108.077,0.07,2.275,2.98
ATOM,815.0,C,ASN,304.0,9.574,29.566,108.657,0.51,2.0,1.89
ATOM,816.0,O,ASN,304.0,8.378,29.254,108.465,-0.51,1.7,5.34
ATOM,817.0,CB,ASN,304.0,11.741,29.529,107.264,-0.18,2.175,11.0
ATOM,818.0,CG,ASN,304.0,12.793,30.234,108.155,0.55,2.0,2.84
ATOM,819.0,H,ASN,304.0,9.236,27.76,106.739,0.31,0.2245,0.81
ATOM,820.0,HA,ASN,304.0,11.183,28.293,108.852,0.09,1.32,4.48
ATOM,821.0,HB2,ASN,304.0,12.221,28.917,106.647,0.09,1.32,7.19
ATOM,822.0,HB3,ASN,304.0,11.251,30.227,106.756,0.09,1.32,9.15
ATOM,823.0,OD1,ASN,304.0,12.696,30.22,109.391,-0.55,1.7,18.69
ATOM,824.0,ND2,ASN,304.0,13.753,30.963,107.506,-0.62,1.85,29.22
ATOM,825.0,HD22,ASN,304.0,13.715,31.001,106.511,0.3,0.2245,17.34
ATOM,826.0,HD21,ASN,304.0,14.447,31.425,108.026,0.32,0.2245,21.29
ATOM,827.0,N,THR,305.0,9.944,30.625,109.338,-0.47,1.85,1.37
ATOM,828.0,CA,THR,305.0,9.021,31.428,110.143,0.07,2.275,1.3
ATOM,829.0,C,THR,305.0,7.769,31.892,109.439,0.51,2.0,0.0
ATOM,830.0,O,THR,305.0,7.832,32.411,108.337,-0.51,1.7,19.06
ATOM,831.0,CB,THR,305.0,9.755,32.668,110.65,0.14,2.275,4.5
ATOM,832.0,OG1,THR,305.0,10.898,32.28,111.393,-0.66,1.77,24.24
ATOM,833.0,CG2,THR,305.0,8.915,33.486,111.658,-0.27,2.06,25.76
ATOM,834.0,H,THR,305.0,10.967,30.858,109.262,0.31,0.2245,0.0
ATOM,835.0,HA,THR,305.0,8.745,30.864,110.957,0.09,1.32,7.77
ATOM,836.0,HB,THR,305.0,10.066,33.221,109.846,0.09,1.32,9.72
ATOM,837.0,HG21,THR,305.0,9.522,33.883,112.344,0.09,1.32,10.16
ATOM,838.0,HG22,THR,305.0,8.434,34.213,111.17,0.09,1.32,0.0
ATOM,839.0,HG23,THR,305.0,8.255,32.882,112.101,0.09,1.32,3.46
ATOM,840.0,HG1,THR,305.0,11.479,31.655,110.855,0.43,0.2245,4.02
ATOM,841.0,N,LEU,306.0,6.64,31.719,110.125,-0.47,1.85,0.07
ATOM,842.0,CA,LEU,306.0,5.36,32.293,109.722,0.07,2.275,0.0
ATOM,843.0,C,LEU,306.0,5.196,33.627,110.444,0.51,2.0,0.0
ATOM,844.0,O,LEU,306.0,5.291,33.713,111.673,-0.51,1.7,17.24
ATOM,845.0,CB,LEU,306.0,4.186,31.416,110.128,-0.18,2.175,7.06
ATOM,846.0,CG,LEU,306.0,2.804,32.04,109.896,-0.09,2.275,0.03
ATOM,847.0,CD1,LEU,306.0,2.493,32.25,108.466,-0.27,2.06,21.59
ATOM,848.0,CD2,LEU,306.0,1.731,31.206,110.558,-0.27,2.06,26.19
ATOM,849.0,H,LEU,306.0,6.751,31.13,110.987,0.31,0.2245,8.3
ATOM,850.0,HA,LEU,306.0,5.379,32.464,108.743,0.09,1.32,1.13
ATOM,851.0,HB2,LEU,306.0,4.223,30.581,109.595,0.09,1.32,0.79
ATOM,852.0,HB3,LEU,306.0,4.262,31.223,111.096,0.09,1.32,5.91
ATOM,853.0,HG,LEU,306.0,2.773,32.923,110.397,0.09,1.32,0.26
ATOM,854.0,HD11,LEU,306.0,2.507,31.375,107.966,0.09,1.32,0.0
ATOM,855.0,HD12,LEU,306.0,1.579,32.66,108.357,0.09,1.32,5.89
ATOM,856.0,HD13,LEU,306.0,3.168,32.866,108.042,0.09,1.32,2.29
ATOM,857.0,HD21,LEU,306.0,1.901,31.154,111.545,0.09,1.32,10.18
ATOM,858.0,HD22,LEU,306.0,0.832,31.622,110.401,0.09,1.32,1.97
ATOM,859.0,HD23,LEU,306.0,1.736,30.28,110.175,0.09,1.32,5.68
ATOM,860.0,N,THR,307.0,4.953,34.664,109.678,-0.47,1.85,0.0
ATOM,861.0,CA,THR,307.0,4.627,35.971,110.213,0.07,2.275,0.0
ATOM,862.0,C,THR,307.0,3.163,36.34,109.851,0.51,2.0,0.0
ATOM,863.0,O,THR,307.0,2.744,36.307,108.681,-0.51,1.7,18.59
ATOM,864.0,CB,THR,307.0,5.595,37.045,109.687,0.14,2.275,3.94
ATOM,865.0,OG1,THR,307.0,6.935,36.762,110.143,-0.66,1.77,17.04
ATOM,866.0,CG2,THR,307.0,5.249,38.456,110.289,-0.27,2.06,24.77
ATOM,867.0,H,THR,307.0,5.014,34.47,108.649,0.31,0.2245,5.99
ATOM,868.0,HA,THR,307.0,4.693,35.946,111.212,0.09,1.32,2.69
ATOM,869.0,HB,THR,307.0,5.599,37.018,108.667,0.09,1.32,9.4
ATOM,870.0,HG21,THR,307.0,4.264,38.584,110.244,0.09,1.32,0.0
ATOM,871.0,HG22,THR,307.0,5.56,38.48,111.233,0.09,1.32,10.29
ATOM,872.0,HG23,THR,307.0,5.715,39.15,109.751,0.09,1.32,11.68
ATOM,873.0,HG1,THR,307.0,7.291,35.945,109.68,0.43,0.2245,6.54
ATOM,874.0,N,ILE,308.0,2.382,36.599,110.87,-0.47,1.85,0.0
ATOM,875.0,CA,ILE,308.0,1.031,37.094,110.688,0.07,2.275,0.0
ATOM,876.0,C,ILE,308.0,1.123,38.543,111.138,0.51,2.0,0.0
ATOM,877.0,O,ILE,308.0,1.365,38.835,112.322,-0.51,1.7,21.71
ATOM,878.0,CB,ILE,308.0,0.027,36.315,111.498,-0.09,2.275,0.13
ATOM,879.0,CG1,ILE,308.0,-0.086,34.852,111.012,-0.18,2.175,2.17
ATOM,880.0,CG2,ILE,308.0,-1.321,37.005,111.418,-0.27,2.06,3.52
ATOM,881.0,CD1,ILE,308.0,-0.978,34.006,111.905,-0.27,2.06,13.29
ATOM,882.0,H,ILE,308.0,2.803,36.423,111.808,0.31,0.2245,7.76
ATOM,883.0,HA,ILE,308.0,0.866,37.111,109.722,0.09,1.32,2.38
ATOM,884.0,HB,ILE,308.0,0.331,36.285,112.451,0.09,1.32,6.91
ATOM,885.0,HG12,ILE,308.0,-0.457,34.858,110.093,0.09,1.32,8.25
ATOM,886.0,HG13,ILE,308.0,0.826,34.46,111.004,0.09,1.32,0.0
ATOM,887.0,HG21,ILE,308.0,-1.98,36.523,111.994,0.09,1.32,0.0
ATOM,888.0,HG22,ILE,308.0,-1.235,37.949,111.735,0.09,1.32,0.01
ATOM,889.0,HG23,ILE,308.0,-1.645,37.002,110.472,0.09,1.32,8.56
ATOM,890.0,HD11,ILE,308.0,-1.895,34.398,111.918,0.09,1.32,0.0
ATOM,891.0,HD12,ILE,308.0,-1.014,33.076,111.546,0.09,1.32,4.12
ATOM,892.0,HD13,ILE,308.0,-0.602,33.996,112.829,0.09,1.32,8.79
ATOM,893.0,N,ALA,309.0,0.95,39.435,110.181,-0.47,1.85,0.0
ATOM,894.0,CA,ALA,309.0,1.166,40.882,110.393,0.07,2.275,0.54
ATOM,895.0,C,ALA,309.0,0.061,41.615,111.119,0.51,2.0,0.01
ATOM,896.0,O,ALA,309.0,0.312,42.663,111.74,-0.51,1.7,29.58
ATOM,897.0,CB,ALA,309.0,1.504,41.552,109.021,-0.27,2.06,38.3
ATOM,898.0,H,ALA,309.0,0.649,39.045,109.262,0.31,0.2245,7.34
ATOM,899.0,HA,ALA,309.0,2.039,40.991,110.923,0.09,1.32,6.5
ATOM,900.0,HB1,ALA,309.0,0.771,41.348,108.383,0.09,1.32,9.35
ATOM,901.0,HB2,ALA,309.0,1.58,42.532,109.161,0.09,1.32,9.01
ATOM,902.0,HB3,ALA,309.0,2.364,41.179,108.694,0.09,1.32,5.9
ATOM,903.0,N,SER,310.0,-1.133,41.041,111.115,-0.47,1.85,0.26
ATOM,904.0,CA,SER,310.0,-2.283,41.573,111.809,0.07,2.275,2.02
ATOM,905.0,C,SER,310.0,-3.332,40.499,111.844,0.51,2.0,0.0
ATOM,906.0,O,SER,310.0,-3.318,39.616,111.01,-0.51,1.7,11.58
ATOM,907.0,CB,SER,310.0,-2.9,42.804,111.088,0.05,2.175,21.02
ATOM,908.0,OG,SER,310.0,-3.841,42.406,110.074,-0.66,1.77,18.29
ATOM,909.0,H,SER,310.0,-1.17,40.148,110.552,0.31,0.2245,1.45
ATOM,910.0,HA,SER,310.0,-2.015,41.781,112.747,0.09,1.32,7.71
ATOM,911.0,HB2,SER,310.0,-3.371,43.36,111.761,0.09,1.32,9.74
ATOM,912.0,HB3,SER,310.0,-2.167,43.318,110.659,0.09,1.32,5.4
ATOM,913.0,HG,SER,310.0,-3.486,42.672,109.183,0.43,0.2245,23.54
ATOM,914.0,N,GLY,311.0,-4.232,40.63,112.811,-0.47,1.85,0.6
ATOM,915.0,CA,GLY,311.0,-5.452,39.847,112.929,-0.02,2.175,17.09
ATOM,916.0,C,GLY,311.0,-5.387,38.488,113.559,0.51,2.0,2.03
ATOM,917.0,O,GLY,311.0,-6.381,37.756,113.573,-0.51,1.7,27.68
ATOM,918.0,H,GLY,311.0,-3.977,41.383,113.518,0.31,0.2245,13.7
ATOM,919.0,HA2,GLY,311.0,-6.159,40.423,113.44,0.09,1.32,13.75
ATOM,920.0,HA3,GLY,311.0,-5.874,39.759,111.977,0.09,1.32,10.54
ATOM,921.0,N,GLY,312.0,-4.21,38.113,114.032,-0.47,1.85,3.61
ATOM,922.0,CA,GLY,312.0,-4.075,36.892,114.769,-0.02,2.175,13.95
ATOM,923.0,C,GLY,312.0,-4.384,35.609,114.016,0.51,2.0,0.0
ATOM,924.0,O,GLY,312.0,-4.179,35.509,112.812,-0.51,1.7,10.26
ATOM,925.0,H,GLY,312.0,-3.429,38.763,113.825,0.31,0.2245,4.04
ATOM,926.0,HA2,GLY,312.0,-3.115,36.825,115.148,0.09,1.32,11.46
ATOM,927.0,HA3,GLY,312.0,-4.677,36.93,115.609,0.09,1.32,9.29
ATOM,928.0,N,ALA,313.0,-4.807,34.607,114.79,-0.47,1.85,1.49
ATOM,929.0,CA,ALA,313.0,-5.089,33.276,114.268,0.07,2.275,1.79
ATOM,930.0,C,ALA,313.0,-6.204,32.66,115.047,0.51,2.0,0.0
ATOM,931.0,O,ALA,313.0,-6.242,32.735,116.267,-0.51,1.7,19.39
ATOM,932.0,CB,ALA,313.0,-3.852,32.374,114.379,-0.27,2.06,12.99
ATOM,933.0,H,ALA,313.0,-4.917,34.861,115.797,0.31,0.2245,8.6
ATOM,934.0,HA,ALA,313.0,-5.363,33.363,113.305,0.09,1.32,4.9
ATOM,935.0,HB1,ALA,313.0,-3.576,32.082,113.466,0.09,1.32,6.45
ATOM,936.0,HB2,ALA,313.0,-3.111,32.886,114.808,0.09,1.32,6.04
ATOM,937.0,HB3,ALA,313.0,-4.077,31.576,114.934,0.09,1.32,0.0
ATOM,938.0,N,ASN,314.0,-7.098,31.989,114.351,-0.47,1.85,0.15
ATOM,939.0,CA,ASN,314.0,-8.169,31.268,115.0,0.07,2.275,1.45
ATOM,940.0,C,ASN,314.0,-7.952,29.817,114.61,0.51,2.0,0.05
ATOM,941.0,O,ASN,314.0,-8.171,29.438,113.432,-0.51,1.7,22.95
ATOM,942.0,CB,ASN,314.0,-9.477,31.786,114.46,-0.18,2.175,12.3
ATOM,943.0,CG,ASN,314.0,-9.795,33.18,114.957,0.55,2.0,2.04
ATOM,944.0,H,ASN,314.0,-6.969,32.023,113.319,0.31,0.2245,9.56
ATOM,945.0,HA,ASN,314.0,-8.026,31.33,115.974,0.09,1.32,1.87
ATOM,946.0,HB2,ASN,314.0,-9.429,31.812,113.464,0.09,1.32,6.18
ATOM,947.0,HB3,ASN,314.0,-10.211,31.175,114.748,0.09,1.32,11.03
ATOM,948.0,OD1,ASN,314.0,-9.488,33.517,116.102,-0.55,1.7,30.79
ATOM,949.0,ND2,ASN,314.0,-10.449,33.975,114.122,-0.62,1.85,25.33
ATOM,950.0,HD22,ASN,314.0,-10.711,33.637,113.215,0.3,0.2245,17.67
ATOM,951.0,HD21,ASN,314.0,-10.682,34.908,114.392,0.32,0.2245,21.39
ATOM,952.0,N,ILE,315.0,-7.54,29.02,115.579,-0.47,1.85,1.67
ATOM,953.0,CA,ILE,315.0,-7.07,27.679,115.325,0.07,2.275,0.0
ATOM,954.0,C,ILE,315.0,-7.964,26.635,116.002,0.51,2.0,0.04
ATOM,955.0,O,ILE,315.0,-8.148,26.652,117.212,-0.51,1.7,21.72
ATOM,956.0,CB,ILE,315.0,-5.62,27.541,115.794,-0.09,2.275,0.76
ATOM,957.0,CG1,ILE,315.0,-4.704,28.464,115.02,-0.18,2.175,2.63
ATOM,958.0,CG2,ILE,315.0,-5.151,26.103,115.607,-0.27,2.06,10.44
ATOM,959.0,CD1,ILE,315.0,-3.281,28.512,115.491,-0.27,2.06,23.48
ATOM,960.0,H,ILE,315.0,-7.584,29.442,116.535,0.31,0.2245,9.12
ATOM,961.0,HA,ILE,315.0,-7.157,27.522,114.334,0.09,1.32,2.46
ATOM,962.0,HB,ILE,315.0,-5.583,27.8,116.759,0.09,1.32,5.67
ATOM,963.0,HG12,ILE,315.0,-4.717,28.186,114.049,0.09,1.32,9.27
ATOM,964.0,HG13,ILE,315.0,-5.089,29.398,115.062,0.09,1.32,0.0
ATOM,965.0,HG21,ILE,315.0,-4.217,26.011,115.946,0.09,1.32,0.0
ATOM,966.0,HG22,ILE,315.0,-5.751,25.489,116.115,0.09,1.32,0.0
ATOM,967.0,HG23,ILE,315.0,-5.178,25.868,114.637,0.09,1.32,8.27
ATOM,968.0,HD11,ILE,315.0,-2.874,27.599,115.429,0.09,1.32,2.59
ATOM,969.0,HD12,ILE,315.0,-2.757,29.146,114.92,0.09,1.32,5.73
ATOM,970.0,HD13,ILE,315.0,-3.25,28.823,116.442,0.09,1.32,6.96
ATOM,971.0,N,THR,316.0,-8.551,25.777,115.18,-0.47,1.85,0.0
ATOM,972.0,CA,THR,316.0,-9.333,24.642,115.651,0.07,2.275,0.56
ATOM,973.0,C,THR,316.0,-8.347,23.474,115.707,0.51,2.0,0.0
ATOM,974.0,O,THR,316.0,-7.734,23.105,114.686,-0.51,1.7,22.03
ATOM,975.0,CB,THR,316.0,-10.502,24.368,114.68,0.14,2.275,6.51
ATOM,976.0,OG1,THR,316.0,-11.404,25.49,114.642,-0.66,1.77,26.45
ATOM,977.0,CG2,THR,316.0,-11.363,23.183,115.196,-0.27,2.06,40.05
ATOM,978.0,H,THR,316.0,-8.405,25.984,114.164,0.31,0.2245,7.33
ATOM,979.0,HA,THR,316.0,-9.649,24.826,116.565,0.09,1.32,4.24
ATOM,980.0,HB,THR,316.0,-10.124,24.235,113.739,0.09,1.32,9.03
ATOM,981.0,HG21,THR,316.0,-12.312,23.48,115.271,0.09,1.32,9.68
ATOM,982.0,HG22,THR,316.0,-11.293,22.426,114.55,0.09,1.32,11.76
ATOM,983.0,HG23,THR,316.0,-11.023,22.9,116.09,0.09,1.32,3.68
ATOM,984.0,HG1,THR,316.0,-10.93,26.325,114.937,0.43,0.2245,11.51
ATOM,985.0,N,GLY,317.0,-8.237,22.847,116.853,-0.47,1.85,0.46
ATOM,986.0,CA,GLY,317.0,-7.258,21.825,117.09,-0.02,2.175,16.64
ATOM,987.0,C,GLY,317.0,-6.147,22.31,118.018,0.51,2.0,0.68
ATOM,988.0,O,GLY,317.0,-6.134,23.457,118.491,-0.51,1.7,13.16
ATOM,989.0,H,GLY,317.0,-8.929,23.159,117.583,0.31,0.2245,10.7
ATOM,990.0,HA2,GLY,317.0,-7.697,21.013,117.506,0.09,1.32,11.24
ATOM,991.0,HA3,GLY,317.0,-6.845,21.53,116.214,0.09,1.32,7.16
ATOM,992.0,N,THR,318.0,-5.243,21.412,118.34,-0.47,1.85,0.83
ATOM,993.0,CA,THR,318.0,-4.185,21.709,119.301,0.07,2.275,0.0
ATOM,994.0,C,THR,318.0,-2.963,22.335,118.645,0.51,2.0,0.0
ATOM,995.0,O,THR,318.0,-2.538,21.867,117.594,-0.51,1.7,21.12
ATOM,996.0,CB,THR,318.0,-3.774,20.413,120.006,0.14,2.275,5.28
ATOM,997.0,OG1,THR,318.0,-4.881,19.981,120.809,-0.66,1.77,25.89
ATOM,998.0,CG2,THR,318.0,-2.611,20.637,121.005,-0.27,2.06,18.26
ATOM,999.0,H,THR,318.0,-5.339,20.493,117.866,0.31,0.2245,11.14
ATOM,1000.0,HA,THR,318.0,-4.549,22.363,119.984,0.09,1.32,4.49
ATOM,1001.0,HB,THR,318.0,-3.591,19.699,119.309,0.09,1.32,8.87
ATOM,1002.0,HG21,THR,318.0,-2.132,19.773,121.146,0.09,1.32,5.22
ATOM,1003.0,HG22,THR,318.0,-1.984,21.315,120.628,0.09,1.32,0.0
ATOM,1004.0,HG23,THR,318.0,-2.983,20.964,121.871,0.09,1.32,10.24
ATOM,1005.0,HG1,THR,318.0,-5.694,20.537,120.61,0.43,0.2245,13.35
ATOM,1006.0,N,VAL,319.0,-2.423,23.368,119.298,-0.47,1.85,0.0
ATOM,1007.0,CA,VAL,319.0,-1.153,23.964,118.946,0.07,2.275,0.0
ATOM,1008.0,C,VAL,319.0,-0.051,23.352,119.82,0.51,2.0,0.0
ATOM,1009.0,O,VAL,319.0,-0.11,23.427,121.041,-0.51,1.7,13.07
ATOM,1010.0,CB,VAL,319.0,-1.16,25.476,119.068,-0.09,2.275,2.17
ATOM,1011.0,CG1,VAL,319.0,0.184,26.041,118.704,-0.27,2.06,15.82
ATOM,1012.0,CG2,VAL,319.0,-2.228,26.103,118.115,-0.27,2.06,8.06
ATOM,1013.0,H,VAL,319.0,-3.014,23.71,120.1,0.31,0.2245,7.55
ATOM,1014.0,HA,VAL,319.0,-0.944,23.738,117.994,0.09,1.32,2.52
ATOM,1015.0,HB,VAL,319.0,-1.327,25.708,120.026,0.09,1.32,5.03
ATOM,1016.0,HG11,VAL,319.0,0.074,26.942,118.277,0.09,1.32,7.38
ATOM,1017.0,HG12,VAL,319.0,0.75,26.139,119.527,0.09,1.32,0.0
ATOM,1018.0,HG13,VAL,319.0,0.65,25.43,118.059,0.09,1.32,3.03
ATOM,1019.0,HG21,VAL,319.0,-1.836,26.157,117.204,0.09,1.32,3.76
ATOM,1020.0,HG22,VAL,319.0,-3.029,25.516,118.119,0.09,1.32,0.0
ATOM,1021.0,HG23,VAL,319.0,-2.453,27.008,118.455,0.09,1.32,7.72
ATOM,1022.0,N,ASN,320.0,0.918,22.704,119.17,-0.47,1.85,0.0
ATOM,1023.0,CA,ASN,320.0,2.148,22.255,119.813,0.07,2.275,0.0
ATOM,1024.0,C,ASN,320.0,3.238,23.23,119.399,0.51,2.0,0.22
ATOM,1025.0,O,ASN,320.0,3.364,23.576,118.203,-0.51,1.7,21.31
ATOM,1026.0,CB,ASN,320.0,2.517,20.836,119.377,-0.18,2.175,14.15
ATOM,1027.0,CG,ASN,320.0,1.748,19.779,120.143,0.55,2.0,1.99
ATOM,1028.0,H,ASN,320.0,0.716,22.546,118.154,0.31,0.2245,6.38
ATOM,1029.0,HA,ASN,320.0,2.023,22.353,120.792,0.09,1.32,1.24
ATOM,1030.0,HB2,ASN,320.0,2.31,20.741,118.408,0.09,1.32,6.14
ATOM,1031.0,HB3,ASN,320.0,3.49,20.701,119.537,0.09,1.32,9.44
ATOM,1032.0,OD1,ASN,320.0,1.954,19.605,121.307,-0.55,1.7,35.39
ATOM,1033.0,ND2,ASN,320.0,0.855,19.081,119.466,-0.62,1.85,15.96
ATOM,1034.0,HD22,ASN,320.0,0.719,19.261,118.487,0.3,0.2245,12.75
ATOM,1035.0,HD21,ASN,320.0,0.314,18.374,119.919,0.32,0.2245,15.89
ATOM,1036.0,N,MET,321.0,4.001,23.725,120.367,-0.47,1.85,0.65
ATOM,1037.0,CA,MET,321.0,5.059,24.661,120.056,0.07,2.275,2.04
ATOM,1038.0,C,MET,321.0,6.26,24.385,120.901,0.51,2.0,1.78
ATOM,1039.0,O,MET,321.0,6.129,23.844,121.993,-0.51,1.7,22.89
ATOM,1040.0,CB,MET,321.0,4.596,26.128,120.174,-0.18,2.175,10.52
ATOM,1041.0,CG,MET,321.0,4.329,26.558,121.599,-0.14,2.175,6.4
ATOM,1042.0,SD,MET,321.0,3.156,27.952,121.657,-0.09,2.0,17.02
ATOM,1043.0,CE,MET,321.0,1.588,26.983,122.004,-0.22,2.06,19.9
ATOM,1044.0,H,MET,321.0,3.777,23.393,121.318,0.31,0.2245,5.9
ATOM,1045.0,HA,MET,321.0,5.312,24.537,119.088,0.09,1.32,4.81
ATOM,1046.0,HB2,MET,321.0,5.308,26.72,119.783,0.09,1.32,4.18
ATOM,1047.0,HB3,MET,321.0,3.754,26.241,119.637,0.09,1.32,0.53
ATOM,1048.0,HG2,MET,321.0,3.961,25.768,122.124,0.09,1.32,2.67
ATOM,1049.0,HG3,MET,321.0,5.207,26.82,122.041,0.09,1.32,0.0
ATOM,1050.0,HE1,MET,321.0,1.729,26.488,122.847,0.09,1.32,9.44
ATOM,1051.0,HE2,MET,321.0,0.851,27.636,122.085,0.09,1.32,11.0
ATOM,1052.0,HE3,MET,321.0,1.447,26.37,121.242,0.09,1.32,0.0
ATOM,1053.0,N,THR,322.0,7.43,24.752,120.376,-0.47,1.85,0.12
ATOM,1054.0,CA,THR,322.0,8.668,24.615,121.1,0.07,2.275,1.09
ATOM,1055.0,C,THR,322.0,8.793,25.644,122.214,0.51,2.0,0.06
ATOM,1056.0,O,THR,322.0,9.368,25.361,123.268,-0.51,1.7,26.79
ATOM,1057.0,CB,THR,322.0,9.892,24.755,120.146,0.14,2.275,6.13
ATOM,1058.0,OG1,THR,322.0,9.746,23.869,119.035,-0.66,1.77,26.54
ATOM,1059.0,CG2,THR,322.0,11.19,24.339,120.916,-0.27,2.06,38.71
ATOM,1060.0,H,THR,322.0,7.361,25.14,119.41,0.31,0.2245,6.17
ATOM,1061.0,HA,THR,322.0,8.702,23.693,121.52,0.09,1.32,7.46
ATOM,1062.0,HB,THR,322.0,9.917,25.713,119.796,0.09,1.32,9.0
ATOM,1063.0,HG21,THR,322.0,11.644,25.162,121.242,0.09,1.32,10.1
ATOM,1064.0,HG22,THR,322.0,10.933,23.76,121.684,0.09,1.32,6.43
ATOM,1065.0,HG23,THR,322.0,11.784,23.841,120.292,0.09,1.32,10.37
ATOM,1066.0,HG1,THR,322.0,8.773,23.672,118.867,0.43,0.2245,12.82
ATOM,1067.0,N,GLY,323.0,8.268,26.839,121.979,-0.47,1.85,1.03
ATOM,1068.0,CA,GLY,323.0,8.359,27.949,122.905,-0.02,2.175,14.84
ATOM,1069.0,C,GLY,323.0,7.115,28.829,122.688,0.51,2.0,0.77
ATOM,1070.0,O,GLY,323.0,6.534,28.865,121.606,-0.51,1.7,13.58
ATOM,1071.0,H,GLY,323.0,7.774,26.91,121.051,0.31,0.2245,2.59
ATOM,1072.0,HA2,GLY,323.0,8.361,27.619,123.84,0.09,1.32,6.65
ATOM,1073.0,HA3,GLY,323.0,9.171,28.487,122.72,0.09,1.32,8.03
ATOM,1074.0,N,GLY,324.0,6.737,29.581,123.705,-0.47,1.85,3.28
ATOM,1075.0,CA,GLY,324.0,5.605,30.462,123.561,-0.02,2.175,3.15
ATOM,1076.0,C,GLY,324.0,5.688,31.689,124.431,0.51,2.0,0.0
ATOM,1077.0,O,GLY,324.0,6.011,31.602,125.629,-0.51,1.7,0.09
ATOM,1078.0,H,GLY,324.0,7.296,29.484,124.564,0.31,0.2245,5.45
ATOM,1079.0,HA2,GLY,324.0,5.521,30.748,122.585,0.09,1.32,3.88
ATOM,1080.0,HA3,GLY,324.0,4.749,29.951,123.782,0.09,1.32,0.6
ATOM,1081.0,N,TYR,325.0,5.474,32.844,123.787,-0.47,1.85,0.53
ATOM,1082.0,CA,TYR,325.0,5.494,34.127,124.484,0.07,2.275,0.0
ATOM,1083.0,C,TYR,325.0,4.3,34.992,124.09,0.51,2.0,0.0
ATOM,1084.0,O,TYR,325.0,3.868,34.963,122.941,-0.51,1.7,23.77
ATOM,1085.0,CB,TYR,325.0,6.783,34.861,124.104,-0.18,2.175,7.72
ATOM,1086.0,CG,TYR,325.0,8.042,34.244,124.716,0.0,1.9924,0.46
ATOM,1087.0,CD1,TYR,325.0,8.632,33.112,124.147,-0.115,1.9924,9.52
ATOM,1088.0,CD2,TYR,325.0,8.624,34.772,125.869,-0.115,1.9924,3.66
ATOM,1089.0,CE1,TYR,325.0,9.766,32.504,124.713,-0.115,1.9924,12.57
ATOM,1090.0,CE2,TYR,325.0,9.754,34.159,126.446,-0.115,1.9924,9.18
ATOM,1091.0,CZ,TYR,325.0,10.312,33.043,125.866,0.11,1.9924,1.51
ATOM,1092.0,OH,TYR,325.0,11.425,32.449,126.438,-0.54,1.77,30.4
ATOM,1093.0,H,TYR,325.0,5.297,32.745,122.77,0.31,0.2245,8.61
ATOM,1094.0,HA,TYR,325.0,5.438,33.95,125.475,0.09,1.32,0.0
ATOM,1095.0,HB2,TYR,325.0,6.881,34.837,123.116,0.09,1.32,8.12
ATOM,1096.0,HB3,TYR,325.0,6.719,35.8,124.424,0.09,1.32,0.0
ATOM,1097.0,HD1,TYR,325.0,8.24,32.717,123.312,0.115,1.3582,5.88
ATOM,1098.0,HD2,TYR,325.0,8.246,35.585,126.29,0.115,1.3582,0.0
ATOM,1099.0,HE1,TYR,325.0,10.165,31.7,124.285,0.115,1.3582,9.53
ATOM,1100.0,HE2,TYR,325.0,10.144,34.548,127.284,0.115,1.3582,9.9
ATOM,1101.0,HH,TYR,325.0,11.133,31.898,127.216,0.43,0.2245,6.51
ATOM,1102.0,N,ILE,326.0,3.735,35.708,125.05,-0.47,1.85,0.0
ATOM,1103.0,CA,ILE,326.0,2.684,36.692,124.789,0.07,2.275,0.0
ATOM,1104.0,C,ILE,326.0,3.227,38.072,125.208,0.51,2.0,0.0
ATOM,1105.0,O,ILE,326.0,3.548,38.28,126.377,-0.51,1.7,1.52
ATOM,1106.0,CB,ILE,326.0,1.412,36.339,125.598,-0.09,2.275,0.43
ATOM,1107.0,CG1,ILE,326.0,0.878,34.974,125.215,-0.18,2.175,5.03
ATOM,1108.0,CG2,ILE,326.0,0.306,37.365,125.384,-0.27,2.06,23.71
ATOM,1109.0,CD1,ILE,326.0,-0.325,34.575,126.026,-0.27,2.06,31.91
ATOM,1110.0,H,ILE,326.0,4.101,35.513,126.01,0.31,0.2245,0.0
ATOM,1111.0,HA,ILE,326.0,2.567,36.727,123.806,0.09,1.32,2.62
ATOM,1112.0,HB,ILE,326.0,1.666,36.321,126.563,0.09,1.32,4.47
ATOM,1113.0,HG12,ILE,326.0,0.631,34.986,124.25,0.09,1.32,8.75
ATOM,1114.0,HG13,ILE,326.0,1.599,34.3,125.357,0.09,1.32,0.0
ATOM,1115.0,HG21,ILE,326.0,-0.479,37.132,125.956,0.09,1.32,5.36
ATOM,1116.0,HG22,ILE,326.0,0.641,38.272,125.632,0.09,1.32,0.46
ATOM,1117.0,HG23,ILE,326.0,0.031,37.363,124.424,0.09,1.32,9.84
ATOM,1118.0,HD11,ILE,326.0,-1.059,35.241,125.887,0.09,1.32,5.48
ATOM,1119.0,HD12,ILE,326.0,-0.639,33.67,125.737,0.09,1.32,10.1
ATOM,1120.0,HD13,ILE,326.0,-0.081,34.547,126.996,0.09,1.32,9.45
ATOM,1121.0,N,GLN,327.0,3.337,39.002,124.263,-0.47,1.85,0.32
ATOM,1122.0,CA,GLN,327.0,3.889,40.323,124.55,0.07,2.275,5.2
ATOM,1123.0,C,GLN,327.0,5.215,40.175,125.281,0.51,2.0,1.74
ATOM,1124.0,O,GLN,327.0,5.47,40.914,126.192,-0.51,1.7,9.53
ATOM,1125.0,CB,GLN,327.0,2.89,41.171,125.36,-0.18,2.175,5.27
ATOM,1126.0,CG,GLN,327.0,1.656,41.631,124.538,-0.18,2.175,11.93
ATOM,1127.0,CD,GLN,327.0,0.673,42.548,125.307,0.55,2.0,3.69
ATOM,1128.0,H,GLN,327.0,3.003,38.712,123.324,0.31,0.2245,12.62
ATOM,1129.0,HA,GLN,327.0,4.068,40.78,123.677,0.09,1.32,9.65
ATOM,1130.0,HB2,GLN,327.0,2.555,40.633,126.128,0.09,1.32,3.55
ATOM,1131.0,HB3,GLN,327.0,3.352,41.99,125.69,0.09,1.32,5.71
ATOM,1132.0,HG2,GLN,327.0,1.983,42.13,123.733,0.09,1.32,10.14
ATOM,1133.0,HG3,GLN,327.0,1.155,40.816,124.24,0.09,1.32,1.67
ATOM,1134.0,OE1,GLN,327.0,1.074,43.349,126.178,-0.55,1.7,38.37
ATOM,1135.0,NE2,GLN,327.0,-0.609,42.434,124.979,-0.62,1.85,26.41
ATOM,1136.0,HE21,GLN,327.0,-1.309,42.993,125.451,0.32,0.2245,21.62
ATOM,1137.0,HE22,GLN,327.0,-0.873,41.779,124.248,0.3,0.2245,15.29
ATOM,1138.0,N,GLY,328.0,6.051,39.26,124.834,-0.47,1.85,3.92
ATOM,1139.0,CA,GLY,328.0,7.402,39.092,125.36,-0.02,2.175,15.95
ATOM,1140.0,C,GLY,328.0,7.495,38.336,126.679,0.51,2.0,0.0
ATOM,1141.0,O,GLY,328.0,8.608,38.157,127.206,-0.51,1.7,19.7
ATOM,1142.0,H,GLY,328.0,5.666,38.658,124.065,0.31,0.2245,5.48
ATOM,1143.0,HA2,GLY,328.0,7.974,38.609,124.66,0.09,1.32,8.25
ATOM,1144.0,HA3,GLY,328.0,7.831,40.016,125.476,0.09,1.32,9.81
ATOM,1145.0,N,LYS,329.0,6.353,37.906,127.209,-0.47,1.85,0.0
ATOM,1146.0,CA,LYS,329.0,6.311,37.148,128.474,0.07,2.275,0.0
ATOM,1147.0,C,LYS,329.0,6.065,35.656,128.251,0.51,2.0,0.0
ATOM,1148.0,O,LYS,329.0,5.177,35.269,127.48,-0.51,1.7,1.24
ATOM,1149.0,CB,LYS,329.0,5.239,37.707,129.41,-0.18,2.175,11.18
ATOM,1150.0,CG,LYS,329.0,5.404,39.163,129.726,-0.18,2.175,8.46
ATOM,1151.0,CD,LYS,329.0,6.751,39.415,130.396,-0.18,2.175,10.78
ATOM,1152.0,CE,LYS,329.0,6.859,40.835,130.956,0.21,2.175,23.22
ATOM,1153.0,NZ,LYS,329.0,6.876,41.843,129.872,-0.3,1.85,11.18
ATOM,1154.0,H,LYS,329.0,5.5,38.144,126.666,0.31,0.2245,0.0
ATOM,1155.0,HA,LYS,329.0,7.198,37.264,128.945,0.09,1.32,0.66
ATOM,1156.0,HB2,LYS,329.0,4.349,37.569,128.974,0.09,1.32,2.42
ATOM,1157.0,HB3,LYS,329.0,5.274,37.184,130.263,0.09,1.32,6.79
ATOM,1158.0,HG2,LYS,329.0,5.365,39.698,128.884,0.09,1.32,0.0
ATOM,1159.0,HG3,LYS,329.0,4.682,39.458,130.347,0.09,1.32,9.79
ATOM,1160.0,HD2,LYS,329.0,6.862,38.772,131.148,0.09,1.32,9.17
ATOM,1161.0,HD3,LYS,329.0,7.475,39.287,129.724,0.09,1.32,0.6
ATOM,1162.0,HE2,LYS,329.0,6.075,41.001,131.557,0.05,1.32,10.24
ATOM,1163.0,HE3,LYS,329.0,7.703,40.904,131.491,0.05,1.32,11.94
ATOM,1164.0,HZ1,LYS,329.0,6.902,42.762,130.268,0.33,0.2245,20.52
ATOM,1165.0,HZ2,LYS,329.0,7.685,41.706,129.299,0.33,0.2245,13.41
ATOM,1166.0,HZ3,LYS,329.0,6.053,41.747,129.311,0.33,0.2245,5.99
ATOM,1167.0,N,ARG,330.0,6.852,34.845,128.953,-0.47,1.85,0.3
ATOM,1168.0,CA,ARG,330.0,6.861,33.4,128.746,0.07,2.275,0.0
ATOM,1169.0,C,ARG,330.0,5.562,32.742,129.182,0.51,2.0,0.0
ATOM,1170.0,O,ARG,330.0,5.077,33.012,130.249,-0.51,1.7,13.1
ATOM,1171.0,CB,ARG,330.0,8.035,32.732,129.456,-0.18,2.175,5.27
ATOM,1172.0,CG,ARG,330.0,8.217,31.28,129.043,-0.18,2.175,2.44
ATOM,1173.0,CD,ARG,330.0,9.447,30.562,129.687,0.2,2.175,19.22
ATOM,1174.0,NE,ARG,330.0,9.317,30.66,131.124,-0.7,1.85,5.18
ATOM,1175.0,CZ,ARG,330.0,8.502,29.911,131.86,0.64,2.0,1.55
ATOM,1176.0,NH1,ARG,330.0,7.81,28.916,131.305,-0.8,1.85,10.5
ATOM,1177.0,NH2,ARG,330.0,8.416,30.113,133.173,-0.8,1.85,19.72
ATOM,1178.0,H,ARG,330.0,7.454,35.325,129.655,0.31,0.2245,8.89
ATOM,1179.0,HA,ARG,330.0,7.002,33.216,127.759,0.09,1.32,0.0
ATOM,1180.0,HB2,ARG,330.0,8.862,33.224,129.225,0.09,1.32,2.14
ATOM,1181.0,HB3,ARG,330.0,7.867,32.756,130.431,0.09,1.32,3.7
ATOM,1182.0,HG2,ARG,330.0,7.402,30.746,129.298,0.09,1.32,0.0
ATOM,1183.0,HG3,ARG,330.0,8.336,31.22,128.045,0.09,1.32,0.26
ATOM,1184.0,HD2,ARG,330.0,9.415,29.628,129.4,0.09,1.32,6.38
ATOM,1185.0,HD3,ARG,330.0,10.246,31.034,129.379,0.09,1.32,3.16
ATOM,1186.0,HE,ARG,330.0,9.883,31.344,131.608,0.44,0.2245,13.64
ATOM,1187.0,HH11,ARG,330.0,7.909,28.708,130.336,0.46,0.2245,7.04
ATOM,1188.0,HH12,ARG,330.0,7.184,28.372,131.871,0.46,0.2245,0.0
ATOM,1189.0,HH21,ARG,330.0,8.985,30.819,133.601,0.46,0.2245,18.1
ATOM,1190.0,HH22,ARG,330.0,7.793,29.566,133.725,0.46,0.2245,0.0
ATOM,1191.0,N,VAL,331.0,4.974,31.929,128.309,-0.47,1.85,0.0
ATOM,1192.0,CA,VAL,331.0,3.754,31.2,128.645,0.07,2.275,0.1
ATOM,1193.0,C,VAL,331.0,4.013,30.11,129.682,0.51,2.0,0.0
ATOM,1194.0,O,VAL,331.0,4.967,29.321,129.558,-0.51,1.7,3.89
ATOM,1195.0,CB,VAL,331.0,3.15,30.546,127.392,-0.09,2.275,0.29
ATOM,1196.0,CG1,VAL,331.0,1.991,29.609,127.771,-0.27,2.06,19.67
ATOM,1197.0,CG2,VAL,331.0,2.695,31.619,126.434,-0.27,2.06,1.59
ATOM,1198.0,H,VAL,331.0,5.447,31.859,127.389,0.31,0.2245,0.0
ATOM,1199.0,HA,VAL,331.0,3.096,31.855,129.042,0.09,1.32,4.86
ATOM,1200.0,HB,VAL,331.0,3.85,29.976,126.974,0.09,1.32,3.08
ATOM,1201.0,HG11,VAL,331.0,1.133,30.115,127.722,0.09,1.32,8.1
ATOM,1202.0,HG12,VAL,331.0,1.969,28.843,127.133,0.09,1.32,7.68
ATOM,1203.0,HG13,VAL,331.0,2.134,29.273,128.699,0.09,1.32,0.0
ATOM,1204.0,HG21,VAL,331.0,2.121,31.212,125.72,0.09,1.32,7.61
ATOM,1205.0,HG22,VAL,331.0,2.166,32.311,126.93,0.09,1.32,0.77
ATOM,1206.0,HG23,VAL,331.0,3.493,32.053,126.011,0.09,1.32,0.0
ATOM,1207.0,N,VAL,332.0,3.131,30.03,130.689,-0.47,1.85,0.0
ATOM,1208.0,CA,VAL,332.0,3.248,29.054,131.754,0.07,2.275,0.0
ATOM,1209.0,C,VAL,332.0,2.62,27.723,131.389,0.51,2.0,0.0
ATOM,1210.0,O,VAL,332.0,1.544,27.679,130.801,-0.51,1.7,16.78
ATOM,1211.0,CB,VAL,332.0,2.587,29.602,133.058,-0.09,2.275,2.05
ATOM,1212.0,CG1,VAL,332.0,2.504,28.521,134.142,-0.27,2.06,14.04
ATOM,1213.0,CG2,VAL,332.0,3.355,30.779,133.559,-0.27,2.06,28.22
ATOM,1214.0,H,VAL,332.0,2.359,30.732,130.632,0.31,0.2245,6.85
ATOM,1215.0,HA,VAL,332.0,4.234,28.895,131.93,0.09,1.32,0.0
ATOM,1216.0,HB,VAL,332.0,1.653,29.86,132.831,0.09,1.32,8.88
ATOM,1217.0,HG11,VAL,332.0,2.068,28.903,134.954,0.09,1.32,9.87
ATOM,1218.0,HG12,VAL,332.0,1.965,27.754,133.8,0.09,1.32,2.18
ATOM,1219.0,HG13,VAL,332.0,3.425,28.211,134.368,0.09,1.32,0.0
ATOM,1220.0,HG21,VAL,332.0,3.161,30.928,134.534,0.09,1.32,9.52
ATOM,1221.0,HG22,VAL,332.0,4.341,30.622,133.444,0.09,1.32,0.0
ATOM,1222.0,HG23,VAL,332.0,3.095,31.604,133.047,0.09,1.32,6.25
ATOM,1223.0,N,THR,333.0,3.272,26.619,131.758,-0.47,1.85,0.0
ATOM,1224.0,CA,THR,333.0,2.731,25.292,131.508,0.07,2.275,0.77
ATOM,1225.0,C,THR,333.0,2.509,24.556,132.846,0.51,2.0,0.47
ATOM,1226.0,O,THR,333.0,3.01,24.975,133.936,-0.51,1.7,0.0
ATOM,1227.0,CB,THR,333.0,3.619,24.457,130.549,0.14,2.275,3.65
ATOM,1228.0,OG1,THR,333.0,4.96,24.439,131.049,-0.66,1.77,7.51
ATOM,1229.0,CG2,THR,333.0,3.694,25.103,129.133,-0.27,2.06,30.42
ATOM,1230.0,H,THR,333.0,4.181,26.791,132.23,0.31,0.2245,0.0
ATOM,1231.0,HA,THR,333.0,1.842,25.382,131.056,0.09,1.32,4.61
ATOM,1232.0,HB,THR,333.0,3.269,23.502,130.533,0.09,1.32,4.99
ATOM,1233.0,HG21,THR,333.0,4.63,25.034,128.797,0.09,1.32,10.1
ATOM,1234.0,HG22,THR,333.0,3.074,24.616,128.524,0.09,1.32,11.68
ATOM,1235.0,HG23,THR,333.0,3.425,26.06,129.201,0.09,1.32,0.0
ATOM,1236.0,HG1,THR,333.0,5.168,25.3,131.525,0.43,0.2245,0.36
ATOM,1237.0,N,GLN,334.0,1.715,23.502,132.77,-0.47,1.85,2.65
ATOM,1238.0,CA,GLN,334.0,1.194,22.796,133.951,0.07,2.275,2.23
ATOM,1239.0,C,GLN,334.0,2.26,22.257,134.873,0.51,2.0,0.0
ATOM,1240.0,O,GLN,334.0,2.1,22.267,136.075,-0.51,1.7,0.44
ATOM,1241.0,CB,GLN,334.0,0.26,21.649,133.517,-0.18,2.175,13.32
ATOM,1242.0,CG,GLN,334.0,-0.608,21.134,134.625,-0.18,2.175,14.32
ATOM,1243.0,CD,GLN,334.0,0.084,20.132,135.5,0.55,2.0,2.37
ATOM,1244.0,H,GLN,334.0,1.481,23.203,131.792,0.31,0.2245,6.98
ATOM,1245.0,HA,GLN,334.0,0.628,23.464,134.475,0.09,1.32,0.89
ATOM,1246.0,HB2,GLN,334.0,-0.324,21.987,132.778,0.09,1.32,9.84
ATOM,1247.0,HB3,GLN,334.0,0.828,20.899,133.174,0.09,1.32,5.2
ATOM,1248.0,HG2,GLN,334.0,-0.903,21.909,135.196,0.09,1.32,0.0
ATOM,1249.0,HG3,GLN,334.0,-1.425,20.703,134.226,0.09,1.32,11.88
ATOM,1250.0,OE1,GLN,334.0,1.124,19.571,135.101,-0.55,1.7,21.11
ATOM,1251.0,NE2,GLN,334.0,-0.456,19.908,136.744,-0.62,1.85,19.79
ATOM,1252.0,HE21,GLN,334.0,-0.047,19.244,137.363,0.32,0.2245,21.4
ATOM,1253.0,HE22,GLN,334.0,-1.279,20.447,136.995,0.3,0.2245,11.38
ATOM,1254.0,N,ASN,335.0,3.355,21.796,134.312,-0.47,1.85,0.33
ATOM,1255.0,CA,ASN,335.0,4.435,21.273,135.133,0.07,2.275,1.49
ATOM,1256.0,C,ASN,335.0,5.012,22.335,136.058,0.51,2.0,0.0
ATOM,1257.0,O,ASN,335.0,5.771,22.003,136.97,-0.51,1.7,15.51
ATOM,1258.0,CB,ASN,335.0,5.536,20.74,134.247,-0.18,2.175,19.3
ATOM,1259.0,CG,ASN,335.0,6.013,21.791,133.245,0.55,2.0,2.49
ATOM,1260.0,H,ASN,335.0,3.384,21.834,133.281,0.31,0.2245,1.63
ATOM,1261.0,HA,ASN,335.0,4.042,20.552,135.722,0.09,1.32,6.95
ATOM,1262.0,HB2,ASN,335.0,6.31,20.478,134.81,0.09,1.32,5.98
ATOM,1263.0,HB3,ASN,335.0,5.194,19.96,133.736,0.09,1.32,11.16
ATOM,1264.0,OD1,ASN,335.0,5.244,22.222,132.377,-0.55,1.7,9.41
ATOM,1265.0,ND2,ASN,335.0,7.245,22.254,133.411,-0.62,1.85,16.91
ATOM,1266.0,HD22,ASN,335.0,7.81,21.905,134.163,0.3,0.2245,14.61
ATOM,1267.0,HD21,ASN,335.0,7.611,22.946,132.792,0.32,0.2245,13.26
ATOM,1268.0,N,GLU,336.0,4.665,23.606,135.847,-0.47,1.85,0.0
ATOM,1269.0,CA,GLU,336.0,5.171,24.678,136.686,0.07,2.275,0.0
ATOM,1270.0,C,GLU,336.0,4.343,24.941,137.939,0.51,2.0,0.12
ATOM,1271.0,O,GLU,336.0,4.804,25.598,138.885,-0.51,1.7,0.0
ATOM,1272.0,CB,GLU,336.0,5.283,25.983,135.896,-0.18,2.175,1.54
ATOM,1273.0,CG,GLU,336.0,6.287,25.925,134.779,-0.28,2.175,5.36
ATOM,1274.0,CD,GLU,336.0,6.338,27.248,134.035,0.62,2.0,1.0
ATOM,1275.0,OE1,GLU,336.0,6.674,28.262,134.658,-0.76,1.7,14.04
ATOM,1276.0,OE2,GLU,336.0,5.977,27.259,132.855,-0.76,1.7,0.88
ATOM,1277.0,H,GLU,336.0,4.018,23.752,135.05,0.31,0.2245,0.0
ATOM,1278.0,HA,GLU,336.0,6.133,24.469,136.961,0.09,1.32,2.27
ATOM,1279.0,HB2,GLU,336.0,4.399,26.167,135.504,0.09,1.32,0.0
ATOM,1280.0,HB3,GLU,336.0,5.564,26.686,136.524,0.09,1.32,3.27
ATOM,1281.0,HG2,GLU,336.0,7.173,25.769,135.158,0.09,1.32,8.23
ATOM,1282.0,HG3,GLU,336.0,6.011,25.241,134.139,0.09,1.32,0.0
ATOM,1283.0,N,ILE,337.0,3.137,24.387,137.964,-0.47,1.85,0.0
ATOM,1284.0,CA,ILE,337.0,2.22,24.66,139.054,0.07,2.275,0.22
ATOM,1285.0,C,ILE,337.0,2.8,24.201,140.35,0.51,2.0,0.0
ATOM,1286.0,O,ILE,337.0,2.805,24.949,141.325,-0.51,1.7,0.0
ATOM,1287.0,CB,ILE,337.0,0.817,24.052,138.787,-0.09,2.275,0.41
ATOM,1288.0,CG1,ILE,337.0,0.128,24.826,137.66,-0.18,2.175,4.41
ATOM,1289.0,CG2,ILE,337.0,-0.044,24.163,140.038,-0.27,2.06,26.74
ATOM,1290.0,CD1,ILE,337.0,-1.212,24.235,137.258,-0.27,2.06,26.25
ATOM,1291.0,H,ILE,337.0,2.92,23.767,137.166,0.31,0.2245,0.0
ATOM,1292.0,HA,ILE,337.0,2.135,25.662,139.103,0.09,1.32,2.96
ATOM,1293.0,HB,ILE,337.0,0.946,23.118,138.488,0.09,1.32,0.36
ATOM,1294.0,HG12,ILE,337.0,-0.01,25.765,137.959,0.09,1.32,9.07
ATOM,1295.0,HG13,ILE,337.0,0.729,24.823,136.865,0.09,1.32,0.0
ATOM,1296.0,HG21,ILE,337.0,-0.946,23.774,139.857,0.09,1.32,5.51
ATOM,1297.0,HG22,ILE,337.0,0.389,23.664,140.786,0.09,1.32,1.77
ATOM,1298.0,HG23,ILE,337.0,-0.141,25.124,140.292,0.09,1.32,8.1
ATOM,1299.0,HD11,ILE,337.0,-1.823,24.24,138.047,0.09,1.32,5.79
ATOM,1300.0,HD12,ILE,337.0,-1.606,24.784,136.523,0.09,1.32,11.52
ATOM,1301.0,HD13,ILE,337.0,-1.076,23.298,136.943,0.09,1.32,0.0
ATOM,1302.0,N,ASP,338.0,3.369,23.007,140.351,-0.47,1.85,0.47
ATOM,1303.0,CA,ASP,338.0,3.917,22.477,141.581,0.07,2.275,0.53
ATOM,1304.0,C,ASP,338.0,5.08,23.274,142.168,0.51,2.0,0.04
ATOM,1305.0,O,ASP,338.0,5.274,23.297,143.38,-0.51,1.7,0.7
ATOM,1306.0,CB,ASP,338.0,4.345,21.038,141.439,-0.28,2.175,11.48
ATOM,1307.0,CG,ASP,338.0,4.265,20.32,142.76,0.62,2.0,0.0
ATOM,1308.0,OD1,ASP,338.0,3.121,20.015,143.241,-0.76,1.7,3.76
ATOM,1309.0,OD2,ASP,338.0,5.271,20.035,143.355,-0.76,1.7,5.94
ATOM,1310.0,H,ASP,338.0,3.385,22.518,139.448,0.31,0.2245,0.97
ATOM,1311.0,HA,ASP,338.0,3.169,22.495,142.28,0.09,1.32,0.18
ATOM,1312.0,HB2,ASP,338.0,3.739,20.592,140.796,0.09,1.32,9.27
ATOM,1313.0,HB3,ASP,338.0,5.281,21.018,141.121,0.09,1.32,6.58
ATOM,1314.0,N,ARG,339.0,5.872,23.889,141.322,-0.47,1.85,1.27
ATOM,1315.0,CA,ARG,339.0,6.936,24.767,141.817,0.07,2.275,2.64
ATOM,1316.0,C,ARG,339.0,6.316,25.959,142.538,0.51,2.0,0.0
ATOM,1317.0,O,ARG,339.0,6.774,26.336,143.593,-0.51,1.7,16.69
ATOM,1318.0,CB,ARG,339.0,7.856,25.231,140.659,-0.18,2.175,2.8
ATOM,1319.0,CG,ARG,339.0,8.98,26.151,141.045,-0.18,2.175,4.81
ATOM,1320.0,CD,ARG,339.0,9.902,26.606,139.882,0.2,2.175,17.95
ATOM,1321.0,NE,ARG,339.0,10.82,27.615,140.384,-0.7,1.85,6.54
ATOM,1322.0,CZ,ARG,339.0,11.946,27.355,141.032,0.64,2.0,2.62
ATOM,1323.0,NH1,ARG,339.0,12.356,26.093,141.212,-0.8,1.85,23.6
ATOM,1324.0,NH2,ARG,339.0,12.696,28.361,141.466,-0.8,1.85,29.06
ATOM,1325.0,H,ARG,339.0,5.696,23.715,140.324,0.31,0.2245,0.0
ATOM,1326.0,HA,ARG,339.0,7.5,24.256,142.466,0.09,1.32,8.88
ATOM,1327.0,HB2,ARG,339.0,8.244,24.407,140.239,0.09,1.32,9.43
ATOM,1328.0,HB3,ARG,339.0,7.276,25.697,139.986,0.09,1.32,0.31
ATOM,1329.0,HG2,ARG,339.0,8.61,26.993,141.47,0.09,1.32,4.76
ATOM,1330.0,HG3,ARG,339.0,9.577,25.703,141.73,0.09,1.32,5.35
ATOM,1331.0,HD2,ARG,339.0,10.398,25.817,139.576,0.09,1.32,5.7
ATOM,1332.0,HD3,ARG,339.0,9.326,26.986,139.185,0.09,1.32,6.97
ATOM,1333.0,HE,ARG,339.0,10.583,28.586,140.228,0.44,0.2245,16.06
ATOM,1334.0,HH11,ARG,339.0,11.826,25.336,140.842,0.46,0.2245,9.45
ATOM,1335.0,HH12,ARG,339.0,13.2,25.916,141.721,0.46,0.2245,18.32
ATOM,1336.0,HH21,ARG,339.0,12.42,29.306,141.286,0.46,0.2245,18.2
ATOM,1337.0,HH22,ARG,339.0,13.539,28.176,141.972,0.46,0.2245,18.31
ATOM,1338.0,N,THR,340.0,5.243,26.532,142.021,-0.47,1.85,0.0
ATOM,1339.0,CA,THR,340.0,4.657,27.673,142.701,0.07,2.275,0.22
ATOM,1340.0,C,THR,340.0,4.029,27.314,144.017,0.51,2.0,0.0
ATOM,1341.0,O,THR,340.0,4.282,27.968,145.011,-0.51,1.7,13.22
ATOM,1342.0,CB,THR,340.0,3.608,28.304,141.808,0.14,2.275,3.03
ATOM,1343.0,OG1,THR,340.0,4.246,28.762,140.598,-0.66,1.77,23.74
ATOM,1344.0,CG2,THR,340.0,3.023,29.508,142.473,-0.27,2.06,31.09
ATOM,1345.0,H,THR,340.0,4.886,26.125,141.154,0.31,0.2245,0.0
ATOM,1346.0,HA,THR,340.0,5.394,28.355,142.868,0.09,1.32,8.14
ATOM,1347.0,HB,THR,340.0,2.916,27.604,141.546,0.09,1.32,0.84
ATOM,1348.0,HG21,THR,340.0,2.031,29.393,142.603,0.09,1.32,6.54
ATOM,1349.0,HG22,THR,340.0,3.447,29.654,143.375,0.09,1.32,2.83
ATOM,1350.0,HG23,THR,340.0,3.176,30.331,141.913,0.09,1.32,10.22
ATOM,1351.0,HG1,THR,340.0,4.442,27.983,139.995,0.43,0.2245,3.45
ATOM,1352.0,N,ILE,341.0,3.127,26.338,144.024,-0.47,1.85,0.02
ATOM,1353.0,CA,ILE,341.0,2.581,25.862,145.278,0.07,2.275,0.0
ATOM,1354.0,C,ILE,341.0,2.577,24.323,145.249,0.51,2.0,0.0
ATOM,1355.0,O,ILE,341.0,1.715,23.713,144.654,-0.51,1.7,8.28
ATOM,1356.0,CB,ILE,341.0,1.175,26.366,145.552,-0.09,2.275,2.14
ATOM,1357.0,CG1,ILE,341.0,1.104,27.88,145.578,-0.18,2.175,11.03
ATOM,1358.0,CG2,ILE,341.0,0.743,25.931,146.935,-0.27,2.06,2.64
ATOM,1359.0,CD1,ILE,341.0,1.834,28.52,146.698,-0.27,2.06,30.32
ATOM,1360.0,H,ILE,341.0,2.866,25.971,143.098,0.31,0.2245,0.06
ATOM,1361.0,HA,ILE,341.0,3.224,26.123,145.991,0.09,1.32,0.0
ATOM,1362.0,HB,ILE,341.0,0.576,26.04,144.814,0.09,1.32,6.38
ATOM,1363.0,HG12,ILE,341.0,1.464,28.226,144.702,0.09,1.32,0.0
ATOM,1364.0,HG13,ILE,341.0,0.131,28.144,145.624,0.09,1.32,9.38
ATOM,1365.0,HG21,ILE,341.0,-0.187,26.252,147.115,0.09,1.32,0.1
ATOM,1366.0,HG22,ILE,341.0,0.764,24.933,146.998,0.09,1.32,1.24
ATOM,1367.0,HG23,ILE,341.0,1.362,26.316,147.619,0.09,1.32,0.33
ATOM,1368.0,HD11,ILE,341.0,2.809,28.285,146.656,0.09,1.32,1.46
ATOM,1369.0,HD12,ILE,341.0,1.741,29.519,146.647,0.09,1.32,11.69
ATOM,1370.0,HD13,ILE,341.0,1.464,28.206,147.577,0.09,1.32,4.17
ATOM,1371.0,N,PRO,342.0,3.521,23.705,145.917,-0.29,1.85,0.0
ATOM,1372.0,CA,PRO,342.0,3.65,22.256,145.846,0.02,2.275,0.0
ATOM,1373.0,C,PRO,342.0,2.632,21.479,146.675,0.51,2.0,0.12
ATOM,1374.0,O,PRO,342.0,2.237,21.916,147.782,-0.51,1.7,1.4
ATOM,1375.0,CB,PRO,342.0,5.025,22.016,146.41,-0.18,2.175,7.63
ATOM,1376.0,CG,PRO,342.0,5.269,23.189,147.36,-0.18,2.175,20.72
ATOM,1377.0,CD,PRO,342.0,4.581,24.33,146.719,0.0,2.175,8.85
ATOM,1378.0,HA,PRO,342.0,3.623,21.942,144.87,0.09,1.32,0.0
ATOM,1379.0,HB2,PRO,342.0,5.074,21.153,146.92,0.09,1.32,1.5
ATOM,1380.0,HB3,PRO,342.0,5.727,22.01,145.694,0.09,1.32,3.71
ATOM,1381.0,HG2,PRO,342.0,4.885,22.972,148.258,0.09,1.32,3.07
ATOM,1382.0,HG3,PRO,342.0,6.253,23.343,147.448,0.09,1.32,11.65
ATOM,1383.0,HD2,PRO,342.0,4.18,24.958,147.396,0.09,1.32,2.85
ATOM,1384.0,HD3,PRO,342.0,5.2,24.86,146.125,0.09,1.32,0.36
ATOM,1385.0,N,VAL,343.0,2.207,20.343,146.135,-0.47,1.85,0.15
ATOM,1386.0,CA,VAL,343.0,1.402,19.393,146.925,0.07,2.275,0.67
ATOM,1387.0,C,VAL,343.0,2.155,19.095,148.221,0.51,2.0,0.0
ATOM,1388.0,O,VAL,343.0,3.376,18.805,148.229,-0.51,1.7,2.55
ATOM,1389.0,CB,VAL,343.0,1.152,18.118,146.09,-0.09,2.275,0.0
ATOM,1390.0,CG1,VAL,343.0,0.714,16.913,146.997,-0.27,2.06,1.99
ATOM,1391.0,CG2,VAL,343.0,0.128,18.445,145.011,-0.27,2.06,29.02
ATOM,1392.0,H,VAL,343.0,2.475,20.184,145.156,0.31,0.2245,0.0
ATOM,1393.0,HA,VAL,343.0,0.544,19.837,147.159,0.09,1.32,5.85
ATOM,1394.0,HB,VAL,343.0,2.011,17.844,145.672,0.09,1.32,0.0
ATOM,1395.0,HG11,VAL,343.0,1.206,16.105,146.698,0.09,1.32,0.0
ATOM,1396.0,HG12,VAL,343.0,0.941,17.134,147.937,0.09,1.32,0.0
ATOM,1397.0,HG13,VAL,343.0,-0.264,16.786,146.892,0.09,1.32,4.04
ATOM,1398.0,HG21,VAL,343.0,-0.785,18.202,145.338,0.09,1.32,7.3
ATOM,1399.0,HG22,VAL,343.0,0.164,19.423,144.808,0.09,1.32,4.39
ATOM,1400.0,HG23,VAL,343.0,0.34,17.922,144.186,0.09,1.32,2.05
ATOM,1401.0,N,GLY,344.0,1.459,19.224,149.344,-0.47,1.85,0.0
ATOM,1402.0,CA,GLY,344.0,2.079,19.12,150.631,-0.02,2.175,5.97
ATOM,1403.0,C,GLY,344.0,2.031,20.447,151.372,0.51,2.0,2.18
ATOM,1404.0,O,GLY,344.0,2.254,20.503,152.574,-0.51,1.7,18.62
ATOM,1405.0,H,GLY,344.0,0.441,19.404,149.199,0.31,0.2245,8.78
ATOM,1406.0,HA2,GLY,344.0,1.61,18.418,151.187,0.09,1.32,0.31
ATOM,1407.0,HA3,GLY,344.0,3.044,18.836,150.53,0.09,1.32,5.58
ATOM,1408.0,N,ALA,345.0,1.75,21.517,150.658,-0.47,1.85,0.59
ATOM,1409.0,CA,ALA,345.0,1.656,22.816,151.314,0.07,2.275,1.65
ATOM,1410.0,C,ALA,345.0,0.427,22.917,152.192,0.51,2.0,0.0
ATOM,1411.0,O,ALA,345.0,-0.648,22.405,151.853,-0.51,1.7,11.9
ATOM,1412.0,CB,ALA,345.0,1.636,23.953,150.274,-0.27,2.06,8.04
ATOM,1413.0,H,ALA,345.0,1.61,21.368,149.653,0.31,0.2245,0.31
ATOM,1414.0,HA,ALA,345.0,2.479,22.947,151.889,0.09,1.32,7.07
ATOM,1415.0,HB1,ALA,345.0,2.138,23.661,149.464,0.09,1.32,0.0
ATOM,1416.0,HB2,ALA,345.0,0.691,24.156,150.033,0.09,1.32,0.0
ATOM,1417.0,HB3,ALA,345.0,2.067,24.761,150.668,0.09,1.32,10.26
ATOM,1418.0,N,ILE,346.0,0.594,23.627,153.305,-0.47,1.85,0.01
ATOM,1419.0,CA,ILE,346.0,-0.475,23.911,154.254,0.07,2.275,0.0
ATOM,1420.0,C,ILE,346.0,-0.658,25.437,154.412,0.51,2.0,0.04
ATOM,1421.0,O,ILE,346.0,0.299,26.215,154.67,-0.51,1.7,24.66
ATOM,1422.0,CB,ILE,346.0,-0.168,23.232,155.635,-0.09,2.275,0.52
ATOM,1423.0,CG1,ILE,346.0,-0.344,21.714,155.544,-0.18,2.175,7.26
ATOM,1424.0,CG2,ILE,346.0,-1.05,23.766,156.728,-0.27,2.06,11.82
ATOM,1425.0,CD1,ILE,346.0,0.241,21.019,156.757,-0.27,2.06,16.08
ATOM,1426.0,H,ILE,346.0,1.58,23.971,153.443,0.31,0.2245,8.58
ATOM,1427.0,HA,ILE,346.0,-1.322,23.571,153.844,0.09,1.32,1.9
ATOM,1428.0,HB,ILE,346.0,0.78,23.427,155.854,0.09,1.32,7.18
ATOM,1429.0,HG12,ILE,346.0,-1.309,21.51,155.487,0.09,1.32,0.63
ATOM,1430.0,HG13,ILE,346.0,0.124,21.393,154.735,0.09,1.32,0.0
ATOM,1431.0,HG21,ILE,346.0,-0.801,23.35,157.605,0.09,1.32,0.03
ATOM,1432.0,HG22,ILE,346.0,-0.945,24.76,156.799,0.09,1.32,3.35
ATOM,1433.0,HG23,ILE,346.0,-2.009,23.554,156.529,0.09,1.32,0.39
ATOM,1434.0,HD11,ILE,346.0,-0.222,21.345,157.58,0.09,1.32,0.0
ATOM,1435.0,HD12,ILE,346.0,0.11,20.033,156.667,0.09,1.32,0.86
ATOM,1436.0,HD13,ILE,346.0,1.216,21.224,156.817,0.09,1.32,10.42
ATOM,1437.0,N,MET,347.0,-1.909,25.879,154.349,-0.47,1.85,0.0
ATOM,1438.0,CA,MET,347.0,-2.226,27.263,154.627,0.07,2.275,1.16
ATOM,1439.0,C,MET,347.0,-3.529,27.309,155.428,0.51,2.0,0.11
ATOM,1440.0,O,MET,347.0,-4.031,26.278,155.871,-0.51,1.7,17.44
ATOM,1441.0,CB,MET,347.0,-2.266,28.095,153.357,-0.18,2.175,4.47
ATOM,1442.0,CG,MET,347.0,-3.202,27.748,152.364,-0.14,2.175,6.13
ATOM,1443.0,SD,MET,347.0,-2.753,28.709,150.794,-0.09,2.0,17.92
ATOM,1444.0,CE,MET,347.0,-2.703,30.27,151.406,-0.22,2.06,40.12
ATOM,1445.0,H,MET,347.0,-2.613,25.163,154.091,0.31,0.2245,3.35
ATOM,1446.0,HA,MET,347.0,-1.505,27.65,155.197,0.09,1.32,6.98
ATOM,1447.0,HB2,MET,347.0,-2.399,29.085,153.651,0.09,1.32,1.37
ATOM,1448.0,HB3,MET,347.0,-1.302,28.089,152.965,0.09,1.32,6.39
ATOM,1449.0,HG2,MET,347.0,-3.187,26.77,152.121,0.09,1.32,0.0
ATOM,1450.0,HG3,MET,347.0,-4.15,27.999,152.597,0.09,1.32,0.87
ATOM,1451.0,HE1,MET,347.0,-3.598,30.566,151.799,0.09,1.32,5.83
ATOM,1452.0,HE2,MET,347.0,-2.015,30.377,152.153,0.09,1.32,6.11
ATOM,1453.0,HE3,MET,347.0,-2.461,30.963,150.695,0.09,1.32,12.59
ATOM,1454.0,N,MET,348.0,-4.072,28.488,155.624,-0.47,1.85,0.05
ATOM,1455.0,CA,MET,348.0,-5.334,28.604,156.315,0.07,2.275,0.16
ATOM,1456.0,C,MET,348.0,-6.398,29.024,155.325,0.51,2.0,0.81
ATOM,1457.0,O,MET,348.0,-6.101,29.384,154.19,-0.51,1.7,8.65
ATOM,1458.0,CB,MET,348.0,-5.218,29.573,157.489,-0.18,2.175,7.77
ATOM,1459.0,CG,MET,348.0,-4.352,29.036,158.624,-0.14,2.175,12.77
ATOM,1460.0,SD,MET,348.0,-4.321,30.156,160.018,-0.09,2.0,38.57
ATOM,1461.0,CE,MET,348.0,-5.657,29.565,160.863,-0.22,2.06,43.09
ATOM,1462.0,H,MET,348.0,-3.538,29.293,155.255,0.31,0.2245,5.84
ATOM,1463.0,HA,MET,348.0,-5.583,27.704,156.677,0.09,1.32,4.46
ATOM,1464.0,HB2,MET,348.0,-4.817,30.435,157.166,0.09,1.32,9.88
ATOM,1465.0,HB3,MET,348.0,-6.135,29.76,157.853,0.09,1.32,1.65
ATOM,1466.0,HG2,MET,348.0,-4.712,28.119,158.895,0.09,1.32,6.37
ATOM,1467.0,HG3,MET,348.0,-3.411,28.873,158.26,0.09,1.32,6.63
ATOM,1468.0,HE1,MET,348.0,-5.531,29.617,161.873,0.09,1.32,12.3
ATOM,1469.0,HE2,MET,348.0,-6.509,30.083,160.652,0.09,1.32,11.57
ATOM,1470.0,HE3,MET,348.0,-5.851,28.588,160.646,0.09,1.32,8.23
ATOM,1471.0,N,TRP,349.0,-7.653,28.978,155.767,-0.47,1.85,1.14
ATOM,1472.0,CA,TRP,349.0,-8.777,29.197,154.895,0.07,2.275,1.48
ATOM,1473.0,C,TRP,349.0,-9.875,29.914,155.651,0.51,2.0,1.17
ATOM,1474.0,O,TRP,349.0,-10.227,29.538,156.765,-0.51,1.7,23.35
ATOM,1475.0,CB,TRP,349.0,-9.278,27.86,154.434,-0.18,2.175,6.21
ATOM,1476.0,CG,TRP,349.0,-10.449,27.886,153.521,-0.03,1.9924,0.0
ATOM,1477.0,CD1,TRP,349.0,-11.685,27.374,153.77,0.035,1.9924,0.0
ATOM,1478.0,CD2,TRP,349.0,-10.491,28.397,152.178,-0.02,1.8,0.0
ATOM,1479.0,NE1,TRP,349.0,-12.498,27.553,152.688,-0.61,1.85,0.0
ATOM,1480.0,CE2,TRP,349.0,-11.795,28.166,151.687,0.13,1.8,0.0
ATOM,1481.0,CE3,TRP,349.0,-9.582,29.069,151.367,-0.115,1.9924,8.16
ATOM,1482.0,CZ2,TRP,349.0,-12.206,28.595,150.44,-0.115,1.9924,0.81
ATOM,1483.0,CZ3,TRP,349.0,-9.986,29.468,150.115,-0.115,1.9924,18.63
ATOM,1484.0,CH2,TRP,349.0,-11.292,29.208,149.657,-0.115,1.9924,9.39
ATOM,1485.0,H,TRP,349.0,-7.74,28.772,156.787,0.31,0.2245,5.41
ATOM,1486.0,HA,TRP,349.0,-8.481,29.799,154.147,0.09,1.32,1.5
ATOM,1487.0,HB2,TRP,349.0,-8.539,27.378,153.949,0.09,1.32,6.93
ATOM,1488.0,HB3,TRP,349.0,-9.543,27.311,155.235,0.09,1.32,3.14
ATOM,1489.0,HD1,TRP,349.0,-11.96,26.929,154.625,0.115,1.3582,0.17
ATOM,1490.0,HE1,TRP,349.0,-13.463,27.279,152.63,0.38,0.2245,0.0
ATOM,1491.0,HE3,TRP,349.0,-8.654,29.261,151.684,0.115,1.3582,5.91
ATOM,1492.0,HZ2,TRP,349.0,-13.16,28.446,150.142,0.115,1.3582,2.05
ATOM,1493.0,HZ3,TRP,349.0,-9.348,29.948,149.52,0.115,1.3582,17.44
ATOM,1494.0,HH2,TRP,349.0,-11.529,29.493,148.724,0.115,1.3582,8.85
ATOM,1495.0,N,ALA,350.0,-10.42,30.92,155.011,-0.47,1.85,0.86
ATOM,1496.0,CA,ALA,350.0,-11.406,31.8,155.622,0.07,2.275,2.82
ATOM,1497.0,C,ALA,350.0,-12.879,31.499,155.303,0.51,2.0,0.8
ATOM,1498.0,O,ALA,350.0,-13.75,32.16,155.868,-0.51,1.7,30.23
ATOM,1499.0,CB,ALA,350.0,-11.124,33.23,155.22,-0.27,2.06,38.17
ATOM,1500.0,H,ALA,350.0,-10.09,31.042,154.023,0.31,0.2245,3.75
ATOM,1501.0,HA,ALA,350.0,-11.291,31.759,156.644,0.09,1.32,9.11
ATOM,1502.0,HB1,ALA,350.0,-11.438,33.853,155.939,0.09,1.32,11.03
ATOM,1503.0,HB2,ALA,350.0,-10.14,33.356,155.083,0.09,1.32,10.13
ATOM,1504.0,HB3,ALA,350.0,-11.604,33.444,154.367,0.09,1.32,9.03
ATOM,1505.0,N,ALA,351.0,-13.183,30.55,154.42,-0.47,1.85,0.18
ATOM,1506.0,CA,ALA,351.0,-14.564,30.366,153.948,0.07,2.275,2.05
ATOM,1507.0,C,ALA,351.0,-15.102,29.062,154.517,0.51,2.0,1.59
ATOM,1508.0,O,ALA,351.0,-14.409,28.393,155.262,-0.51,1.7,11.28
ATOM,1509.0,CB,ALA,351.0,-14.647,30.385,152.463,-0.27,2.06,23.44
ATOM,1510.0,H,ALA,351.0,-12.391,29.97,154.103,0.31,0.2245,0.0
ATOM,1511.0,HA,ALA,351.0,-15.12,31.122,154.287,0.09,1.32,6.85
ATOM,1512.0,HB1,ALA,351.0,-15.167,29.591,152.13,0.09,1.32,0.47
ATOM,1513.0,HB2,ALA,351.0,-15.107,31.222,152.147,0.09,1.32,12.06
ATOM,1514.0,HB3,ALA,351.0,-13.727,30.356,152.059,0.09,1.32,0.48
ATOM,1515.0,N,ASP,352.0,-16.32,28.676,154.2,-0.47,1.85,1.16
ATOM,1516.0,CA,ASP,352.0,-16.849,27.517,154.9,0.07,2.275,1.86
ATOM,1517.0,C,ASP,352.0,-16.72,26.24,154.101,0.51,2.0,0.0
ATOM,1518.0,O,ASP,352.0,-16.849,25.141,154.668,-0.51,1.7,20.2
ATOM,1519.0,CB,ASP,352.0,-18.312,27.75,155.303,-0.28,2.175,20.11
ATOM,1520.0,CG,ASP,352.0,-19.11,28.378,154.204,0.62,2.0,3.27
ATOM,1521.0,OD1,ASP,352.0,-18.877,28.043,153.015,-0.76,1.7,14.57
ATOM,1522.0,OD2,ASP,352.0,-19.974,29.26,154.432,-0.76,1.7,47.91
ATOM,1523.0,H,ASP,352.0,-16.808,29.207,153.494,0.31,0.2245,1.91
ATOM,1524.0,HA,ASP,352.0,-16.295,27.4,155.743,0.09,1.32,6.29
ATOM,1525.0,HB2,ASP,352.0,-18.704,26.866,155.532,0.09,1.32,7.62
ATOM,1526.0,HB3,ASP,352.0,-18.313,28.348,156.096,0.09,1.32,10.84
ATOM,1527.0,N,SER,353.0,-16.497,26.393,152.805,-0.47,1.85,0.0
ATOM,1528.0,CA,SER,353.0,-16.42,25.28,151.864,0.07,2.275,0.69
ATOM,1529.0,C,SER,353.0,-15.263,25.551,150.888,0.51,2.0,0.0
ATOM,1530.0,O,SER,353.0,-14.775,26.682,150.826,-0.51,1.7,2.16
ATOM,1531.0,CB,SER,353.0,-17.738,25.173,151.125,0.05,2.175,21.35
ATOM,1532.0,OG,SER,353.0,-17.935,26.276,150.292,-0.66,1.77,15.86
ATOM,1533.0,H,SER,353.0,-16.378,27.394,152.505,0.31,0.2245,0.02
ATOM,1534.0,HA,SER,353.0,-16.2,24.453,152.371,0.09,1.32,1.55
ATOM,1535.0,HB2,SER,353.0,-17.732,24.34,150.574,0.09,1.32,8.04
ATOM,1536.0,HB3,SER,353.0,-18.479,25.128,151.794,0.09,1.32,6.86
ATOM,1537.0,HG,SER,353.0,-17.771,26.019,149.337,0.43,0.2245,16.51
ATOM,1538.0,N,LEU,354.0,-14.745,24.518,150.262,-0.47,1.85,0.0
ATOM,1539.0,CA,LEU,354.0,-13.601,24.657,149.331,0.07,2.275,0.0
ATOM,1540.0,C,LEU,354.0,-14.071,24.561,147.913,0.51,2.0,0.0
ATOM,1541.0,O,LEU,354.0,-14.861,23.715,147.58,-0.51,1.7,20.82
ATOM,1542.0,CB,LEU,354.0,-12.536,23.594,149.603,-0.18,2.175,1.09
ATOM,1543.0,CG,LEU,354.0,-11.76,23.803,150.925,-0.09,2.275,0.0
ATOM,1544.0,CD1,LEU,354.0,-11.156,22.504,151.41,-0.27,2.06,1.86
ATOM,1545.0,CD2,LEU,354.0,-10.668,24.864,150.732,-0.27,2.06,6.17
ATOM,1546.0,H,LEU,354.0,-15.19,23.601,150.463,0.31,0.2245,7.42
ATOM,1547.0,HA,LEU,354.0,-13.189,25.56,149.487,0.09,1.32,0.0
ATOM,1548.0,HB2,LEU,354.0,-12.982,22.717,149.665,0.09,1.32,6.03
ATOM,1549.0,HB3,LEU,354.0,-11.876,23.621,148.872,0.09,1.32,0.03
ATOM,1550.0,HG,LEU,354.0,-12.396,24.16,151.61,0.09,1.32,0.0
ATOM,1551.0,HD11,LEU,354.0,-10.522,22.147,150.721,0.09,1.32,0.0
ATOM,1552.0,HD12,LEU,354.0,-10.659,22.66,152.266,0.09,1.32,0.82
ATOM,1553.0,HD13,LEU,354.0,-11.881,21.831,151.569,0.09,1.32,5.07
ATOM,1554.0,HD21,LEU,354.0,-11.092,25.725,150.458,0.09,1.32,0.0
ATOM,1555.0,HD22,LEU,354.0,-10.176,24.989,151.592,0.09,1.32,2.36
ATOM,1556.0,HD23,LEU,354.0,-10.035,24.559,150.022,0.09,1.32,0.33
ATOM,1557.0,N,PRO,355.0,-13.61,25.441,147.066,-0.29,1.85,0.19
ATOM,1558.0,CA,PRO,355.0,-14.061,25.457,145.669,0.02,2.275,2.68
ATOM,1559.0,C,PRO,355.0,-13.431,24.365,144.78,0.51,2.0,0.48
ATOM,1560.0,O,PRO,355.0,-13.92,24.125,143.685,-0.51,1.7,29.6
ATOM,1561.0,CB,PRO,355.0,-13.632,26.837,145.202,-0.18,2.175,19.97
ATOM,1562.0,CG,PRO,355.0,-12.368,27.084,146.02,-0.18,2.175,17.75
ATOM,1563.0,CD,PRO,355.0,-12.683,26.548,147.36,0.0,2.175,1.92
ATOM,1564.0,HA,PRO,355.0,-15.079,25.4,145.622,0.09,1.32,10.28
ATOM,1565.0,HB2,PRO,355.0,-13.417,26.844,144.233,0.09,1.32,8.36
ATOM,1566.0,HB3,PRO,355.0,-14.316,27.524,145.414,0.09,1.32,11.2
ATOM,1567.0,HG2,PRO,355.0,-11.598,26.606,145.594,0.09,1.32,3.99
ATOM,1568.0,HG3,PRO,355.0,-12.175,28.066,146.042,0.09,1.32,7.84
ATOM,1569.0,HD2,PRO,355.0,-11.869,26.2,147.83,0.09,1.32,1.49
ATOM,1570.0,HD3,PRO,355.0,-13.132,27.229,147.945,0.09,1.32,1.71
ATOM,1571.0,N,SER,356.0,-12.363,23.714,145.237,-0.47,1.85,0.0
ATOM,1572.0,CA,SER,356.0,-11.757,22.648,144.434,0.07,2.275,2.58
ATOM,1573.0,C,SER,356.0,-11.136,21.558,145.275,0.51,2.0,1.76
ATOM,1574.0,O,SER,356.0,-10.726,21.784,146.425,-0.51,1.7,1.19
ATOM,1575.0,CB,SER,356.0,-10.677,23.191,143.506,0.05,2.175,17.67
ATOM,1576.0,OG,SER,356.0,-9.382,23.089,144.106,-0.66,1.77,1.69
ATOM,1577.0,H,SER,356.0,-12.018,24.01,146.156,0.31,0.2245,0.65
ATOM,1578.0,HA,SER,356.0,-12.493,22.234,143.871,0.09,1.32,6.3
ATOM,1579.0,HB2,SER,356.0,-10.677,22.665,142.661,0.09,1.32,9.32
ATOM,1580.0,HB3,SER,356.0,-10.863,24.15,143.315,0.09,1.32,5.43
ATOM,1581.0,HG,SER,356.0,-8.706,23.493,143.494,0.43,0.2245,12.95
ATOM,1582.0,N,ASP,357.0,-11.043,20.367,144.712,-0.47,1.85,1.81
ATOM,1583.0,CA,ASP,357.0,-10.483,19.23,145.437,0.07,2.275,1.67
ATOM,1584.0,C,ASP,357.0,-8.928,19.161,145.394,0.51,2.0,0.0
ATOM,1585.0,O,ASP,357.0,-8.332,18.171,145.833,-0.51,1.7,7.94
ATOM,1586.0,CB,ASP,357.0,-11.15,17.91,144.997,-0.28,2.175,10.43
ATOM,1587.0,CG,ASP,357.0,-10.65,17.398,143.682,0.62,2.0,3.4
ATOM,1588.0,OD1,ASP,357.0,-10.049,18.168,142.873,-0.76,1.7,27.46
ATOM,1589.0,OD2,ASP,357.0,-10.837,16.195,143.39,-0.76,1.7,28.82
ATOM,1590.0,H,ASP,357.0,-11.391,20.308,143.738,0.31,0.2245,5.44
ATOM,1591.0,HA,ASP,357.0,-10.733,19.337,146.414,0.09,1.32,2.86
ATOM,1592.0,HB2,ASP,357.0,-10.966,17.234,145.708,0.09,1.32,0.0
ATOM,1593.0,HB3,ASP,357.0,-12.131,18.079,144.936,0.09,1.32,10.41
ATOM,1594.0,N,ALA,358.0,-8.283,20.244,144.93,-0.47,1.85,0.01
ATOM,1595.0,CA,ALA,358.0,-6.814,20.326,145.015,0.07,2.275,2.59
ATOM,1596.0,C,ALA,358.0,-6.408,20.522,146.461,0.51,2.0,0.0
ATOM,1597.0,O,ALA,358.0,-5.268,20.191,146.884,-0.51,1.7,28.47
ATOM,1598.0,CB,ALA,358.0,-6.29,21.472,144.158,-0.27,2.06,24.67
ATOM,1599.0,H,ALA,358.0,-8.877,20.975,144.53,0.31,0.2245,0.0
ATOM,1600.0,HA,ALA,358.0,-6.43,19.466,144.68,0.09,1.32,9.45
ATOM,1601.0,HB1,ALA,358.0,-5.307,21.576,144.305,0.09,1.32,8.8
ATOM,1602.0,HB2,ALA,358.0,-6.463,21.274,143.194,0.09,1.32,11.59
ATOM,1603.0,HB3,ALA,358.0,-6.756,22.319,144.413,0.09,1.32,0.02
ATOM,1604.0,N,TRP,359.0,-7.338,21.065,147.259,-0.47,1.85,0.0
ATOM,1605.0,CA,TRP,359.0,-7.092,21.31,148.671,0.07,2.275,0.2
ATOM,1606.0,C,TRP,359.0,-8.105,20.56,149.525,0.51,2.0,0.0
ATOM,1607.0,O,TRP,359.0,-9.233,20.375,149.106,-0.51,1.7,1.7
ATOM,1608.0,CB,TRP,359.0,-7.222,22.802,149.033,-0.18,2.175,1.0
ATOM,1609.0,CG,TRP,359.0,-6.203,23.694,148.357,-0.03,1.9924,1.08
ATOM,1610.0,CD1,TRP,359.0,-6.253,24.2,147.064,0.035,1.9924,12.0
ATOM,1611.0,CD2,TRP,359.0,-4.975,24.174,148.916,-0.02,1.8,2.08
ATOM,1612.0,NE1,TRP,359.0,-5.134,24.958,146.813,-0.61,1.85,9.86
ATOM,1613.0,CE2,TRP,359.0,-4.337,24.973,147.924,0.13,1.8,3.04
ATOM,1614.0,CE3,TRP,359.0,-4.347,24.017,150.134,-0.115,1.9924,11.6
ATOM,1615.0,CZ2,TRP,359.0,-3.12,25.597,148.139,-0.115,1.9924,9.08
ATOM,1616.0,CZ3,TRP,359.0,-3.135,24.671,150.352,-0.115,1.9924,1.04
ATOM,1617.0,CH2,TRP,359.0,-2.537,25.447,149.355,-0.115,1.9924,1.28
ATOM,1618.0,H,TRP,359.0,-8.234,21.29,146.781,0.31,0.2245,0.0
ATOM,1619.0,HA,TRP,359.0,-6.181,20.948,148.893,0.09,1.32,2.4
ATOM,1620.0,HB2,TRP,359.0,-8.119,23.123,148.756,0.09,1.32,0.39
ATOM,1621.0,HB3,TRP,359.0,-7.098,22.907,150.012,0.09,1.32,1.98
ATOM,1622.0,HD1,TRP,359.0,-6.992,24.033,146.423,0.115,1.3582,1.22
ATOM,1623.0,HE1,TRP,359.0,-4.934,25.427,145.95,0.38,0.2245,19.84
ATOM,1624.0,HE3,TRP,359.0,-4.738,23.451,150.858,0.115,1.3582,7.17
ATOM,1625.0,HZ2,TRP,359.0,-2.694,26.142,147.403,0.115,1.3582,5.9
ATOM,1626.0,HZ3,TRP,359.0,-2.693,24.577,151.24,0.115,1.3582,0.0
ATOM,1627.0,HH2,TRP,359.0,-1.664,25.894,149.556,0.115,1.3582,0.78
ATOM,1628.0,N,ARG,360.0,-7.697,20.213,150.732,-0.47,1.85,0.56
ATOM,1629.0,CA,ARG,360.0,-8.561,19.57,151.705,0.07,2.275,0.0
ATOM,1630.0,C,ARG,360.0,-8.336,20.134,153.077,0.51,2.0,0.0
ATOM,1631.0,O,ARG,360.0,-7.214,20.614,153.405,-0.51,1.7,13.6
ATOM,1632.0,CB,ARG,360.0,-8.268,18.068,151.724,-0.18,2.175,0.22
ATOM,1633.0,CG,ARG,360.0,-8.788,17.368,150.397,-0.18,2.175,1.75
ATOM,1634.0,CD,ARG,360.0,-8.941,15.864,150.462,0.2,2.175,0.59
ATOM,1635.0,NE,ARG,360.0,-9.658,15.397,149.29,-0.7,1.85,0.84
ATOM,1636.0,CZ,ARG,360.0,-10.985,15.348,149.201,0.64,2.0,1.78
ATOM,1637.0,NH1,ARG,360.0,-11.768,15.698,150.235,-0.8,1.85,24.94
ATOM,1638.0,NH2,ARG,360.0,-11.507,14.901,148.07,-0.8,1.85,15.54
ATOM,1639.0,H,ARG,360.0,-6.691,20.442,150.929,0.31,0.2245,5.97
ATOM,1640.0,HA,ARG,360.0,-9.522,19.727,151.437,0.09,1.32,0.85
ATOM,1641.0,HB2,ARG,360.0,-7.303,17.923,151.755,0.09,1.32,3.59
ATOM,1642.0,HB3,ARG,360.0,-8.747,17.65,152.465,0.09,1.32,1.21
ATOM,1643.0,HG2,ARG,360.0,-9.68,17.781,150.169,0.09,1.32,1.22
ATOM,1644.0,HG3,ARG,360.0,-8.139,17.601,149.661,0.09,1.32,3.24
ATOM,1645.0,HD2,ARG,360.0,-8.039,15.461,150.482,0.09,1.32,0.0
ATOM,1646.0,HD3,ARG,360.0,-9.454,15.64,151.277,0.09,1.32,1.16
ATOM,1647.0,HE,ARG,360.0,-9.123,15.091,148.495,0.44,0.2245,0.17
ATOM,1648.0,HH11,ARG,360.0,-11.35,16.02,151.081,0.46,0.2245,8.14
ATOM,1649.0,HH12,ARG,360.0,-12.758,15.634,150.148,0.46,0.2245,18.43
ATOM,1650.0,HH21,ARG,360.0,-10.936,14.628,147.301,0.46,0.2245,0.77
ATOM,1651.0,HH22,ARG,360.0,-12.512,14.834,147.979,0.46,0.2245,18.27
ATOM,1652.0,N,PHE,361.0,-9.38,20.059,153.904,-0.47,1.85,0.08
ATOM,1653.0,CA,PHE,361.0,-9.255,20.499,155.266,0.07,2.275,0.0
ATOM,1654.0,C,PHE,361.0,-8.303,19.597,155.97,0.51,2.0,0.0
ATOM,1655.0,O,PHE,361.0,-8.3,18.409,155.694,-0.51,1.7,2.99
ATOM,1656.0,CB,PHE,361.0,-10.651,20.528,155.954,-0.18,2.175,0.0
ATOM,1657.0,CG,PHE,361.0,-11.472,21.683,155.53,0.0,1.9924,0.0
ATOM,1658.0,CD1,PHE,361.0,-11.091,22.956,155.914,-0.115,1.9924,3.79
ATOM,1659.0,CD2,PHE,361.0,-12.639,21.509,154.822,-0.115,1.9924,5.4
ATOM,1660.0,CE1,PHE,361.0,-11.819,24.028,155.514,-0.115,1.9924,7.88
ATOM,1661.0,CE2,PHE,361.0,-13.397,22.578,154.477,-0.115,1.9924,7.25
ATOM,1662.0,CZ,PHE,361.0,-12.985,23.846,154.8,-0.115,1.9924,3.9
ATOM,1663.0,H,PHE,361.0,-10.24,19.673,153.486,0.31,0.2245,4.23
ATOM,1664.0,HA,PHE,361.0,-8.842,21.413,155.244,0.09,1.32,2.84
ATOM,1665.0,HB2,PHE,361.0,-11.11,19.695,155.702,0.09,1.32,5.66
ATOM,1666.0,HB3,PHE,361.0,-10.489,20.584,156.923,0.09,1.32,0.0
ATOM,1667.0,HD1,PHE,361.0,-10.282,23.077,156.482,0.115,1.3582,7.48
ATOM,1668.0,HD2,PHE,361.0,-12.923,20.58,154.563,0.115,1.3582,12.81
ATOM,1669.0,HE1,PHE,361.0,-11.509,24.968,155.74,0.115,1.3582,3.62
ATOM,1670.0,HE2,PHE,361.0,-14.278,22.441,153.977,0.115,1.3582,8.43
ATOM,1671.0,HZ,PHE,361.0,-13.525,24.644,154.52,0.115,1.3582,0.0
ATOM,1672.0,N,CYS,362.0,-7.481,20.138,156.879,-0.47,1.85,0.0
ATOM,1673.0,CA,CYS,362.0,-6.609,19.325,157.737,0.07,2.275,0.11
ATOM,1674.0,C,CYS,362.0,-7.396,18.866,158.979,0.51,2.0,0.0
ATOM,1675.0,O,CYS,362.0,-7.131,19.323,160.081,-0.51,1.7,0.28
ATOM,1676.0,CB,CYS,362.0,-5.399,20.069,158.211,-0.11,2.175,0.78
ATOM,1677.0,SG,CYS,362.0,-4.273,20.545,156.85,-0.23,2.0,16.12
ATOM,1678.0,H,CYS,362.0,-7.514,21.177,156.924,0.31,0.2245,7.2
ATOM,1679.0,HA,CYS,362.0,-6.336,18.511,157.228,0.09,1.32,0.05
ATOM,1680.0,HB2,CYS,362.0,-5.682,20.906,158.666,0.09,1.32,4.83
ATOM,1681.0,HB3,CYS,362.0,-4.881,19.493,158.835,0.09,1.32,0.0
ATOM,1682.0,HG,CYS,362.0,-3.392,20.101,156.99,0.16,0.45,0.0
ATOM,1683.0,N,HIS,363.0,-8.428,18.076,158.757,-0.47,1.85,0.0
ATOM,1684.0,CA,HIS,363.0,-9.244,17.527,159.851,0.07,2.275,0.0
ATOM,1685.0,C,HIS,363.0,-9.122,15.992,159.932,0.51,2.0,0.0
ATOM,1686.0,O,HIS,363.0,-10.116,15.317,160.17,-0.51,1.7,14.92
ATOM,1687.0,CB,HIS,363.0,-10.69,17.896,159.548,-0.09,2.175,6.08
ATOM,1688.0,CG,HIS,363.0,-10.971,19.372,159.569,-0.05,1.8,0.0
ATOM,1689.0,H,HIS,363.0,-8.621,17.871,157.755,0.31,0.2245,0.06
ATOM,1690.0,HA,HIS,363.0,-8.911,17.911,160.719,0.09,1.32,0.0
ATOM,1691.0,HB2,HIS,363.0,-10.938,17.545,158.635,0.09,1.32,7.04
ATOM,1692.0,HB3,HIS,363.0,-11.293,17.455,160.226,0.09,1.32,2.12
ATOM,1693.0,ND1,HIS,363.0,-12.137,19.912,159.074,-0.36,1.85,4.98
ATOM,1694.0,CD2,HIS,363.0,-10.239,20.413,160.019,0.22,1.8,2.18
ATOM,1695.0,CE1,HIS,363.0,-12.125,21.222,159.244,0.25,1.8,16.25
ATOM,1696.0,NE2,HIS,363.0,-10.984,21.552,159.82,-0.7,1.85,20.62
ATOM,1697.0,HD1,HIS,363.0,-12.88,19.39,158.651,0.32,0.2245,16.22
ATOM,1698.0,HD2,HIS,363.0,-9.327,20.37,160.421,0.1,1.468,0.66
ATOM,1699.0,HE1,HIS,363.0,-12.849,21.851,158.982,0.13,0.9,12.49
ATOM,1700.0,N,GLY,364.0,-7.914,15.459,159.735,-0.47,1.85,0.0
ATOM,1701.0,CA,GLY,364.0,-7.665,14.025,159.68,-0.02,2.175,3.44
ATOM,1702.0,C,GLY,364.0,-8.377,13.269,158.596,0.51,2.0,0.0
ATOM,1703.0,O,GLY,364.0,-8.701,13.792,157.561,-0.51,1.7,5.8
ATOM,1704.0,H,GLY,364.0,-7.151,16.174,159.622,0.31,0.2245,0.0
ATOM,1705.0,HA2,GLY,364.0,-6.648,13.872,159.59,0.09,1.32,0.0
ATOM,1706.0,HA3,GLY,364.0,-7.907,13.615,160.596,0.09,1.32,3.68
ATOM,1707.0,N,GLY,365.0,-8.618,11.99,158.757,-0.47,1.85,4.44
ATOM,1708.0,CA,GLY,365.0,-9.205,11.318,157.614,-0.02,2.175,20.16
ATOM,1709.0,C,GLY,365.0,-8.075,11.085,156.607,0.51,2.0,0.0
ATOM,1710.0,O,GLY,365.0,-6.932,11.333,156.928,-0.51,1.7,2.18
ATOM,1711.0,H,GLY,365.0,-8.388,11.57,159.634,0.31,0.2245,16.57
ATOM,1712.0,HA2,GLY,365.0,-9.583,10.445,157.887,0.09,1.32,10.03
ATOM,1713.0,HA3,GLY,365.0,-9.898,11.89,157.199,0.09,1.32,7.44
ATOM,1714.0,N,THR,366.0,-8.42,10.637,155.406,-0.47,1.85,0.1
ATOM,1715.0,CA,THR,366.0,-7.461,10.224,154.411,0.07,2.275,0.0
ATOM,1716.0,C,THR,366.0,-7.841,10.726,153.067,0.51,2.0,0.0
ATOM,1717.0,O,THR,366.0,-8.933,11.255,152.883,-0.51,1.7,17.17
ATOM,1718.0,CB,THR,366.0,-7.479,8.676,154.327,0.14,2.275,0.0
ATOM,1719.0,OG1,THR,366.0,-8.803,8.243,154.036,-0.66,1.77,15.14
ATOM,1720.0,CG2,THR,366.0,-7.174,8.063,155.635,-0.27,2.06,13.05
ATOM,1721.0,H,THR,366.0,-9.46,10.611,155.247,0.31,0.2245,7.5
ATOM,1722.0,HA,THR,366.0,-6.557,10.606,154.663,0.09,1.32,0.0
ATOM,1723.0,HB,THR,366.0,-6.868,8.388,153.566,0.09,1.32,0.0
ATOM,1724.0,HG21,THR,366.0,-6.832,8.754,156.288,0.09,1.32,0.49
ATOM,1725.0,HG22,THR,366.0,-7.998,7.637,156.037,0.09,1.32,9.4
ATOM,1726.0,HG23,THR,366.0,-6.468,7.346,155.544,0.09,1.32,0.0
ATOM,1727.0,HG1,THR,366.0,-8.875,7.941,153.078,0.43,0.2245,7.9
ATOM,1728.0,N,VAL,367.0,-6.934,10.568,152.119,-0.47,1.85,0.0
ATOM,1729.0,CA,VAL,367.0,-7.213,10.759,150.698,0.07,2.275,0.88
ATOM,1730.0,C,VAL,367.0,-6.858,9.459,150.026,0.51,2.0,0.0
ATOM,1731.0,O,VAL,367.0,-6.161,8.646,150.616,-0.51,1.7,0.0
ATOM,1732.0,CB,VAL,367.0,-6.353,11.85,150.017,-0.09,2.275,0.03
ATOM,1733.0,CG1,VAL,367.0,-6.825,13.204,150.489,-0.27,2.06,0.18
ATOM,1734.0,CG2,VAL,367.0,-4.865,11.691,150.371,-0.27,2.06,0.07
ATOM,1735.0,H,VAL,367.0,-5.984,10.29,152.474,0.31,0.2245,0.0
ATOM,1736.0,HA,VAL,367.0,-8.185,10.914,150.593,0.09,1.32,5.0
ATOM,1737.0,HB,VAL,367.0,-6.524,11.797,149.045,0.09,1.32,0.0
ATOM,1738.0,HG11,VAL,367.0,-7.814,13.287,150.35,0.09,1.32,0.35
ATOM,1739.0,HG12,VAL,367.0,-6.621,13.315,151.464,0.09,1.32,0.0
ATOM,1740.0,HG13,VAL,367.0,-6.359,13.926,149.973,0.09,1.32,3.82
ATOM,1741.0,HG21,VAL,367.0,-4.663,10.721,150.484,0.09,1.32,0.0
ATOM,1742.0,HG22,VAL,367.0,-4.315,12.072,149.631,0.09,1.32,0.0
ATOM,1743.0,HG23,VAL,367.0,-4.682,12.18,151.22,0.09,1.32,0.0
ATOM,1744.0,N,SER,368.0,-7.34,9.294,148.811,-0.47,1.85,2.1
ATOM,1745.0,CA,SER,368.0,-7.05,8.126,148.015,0.07,2.275,0.0
ATOM,1746.0,C,SER,368.0,-5.748,8.369,147.29,0.51,2.0,0.0
ATOM,1747.0,O,SER,368.0,-5.599,9.414,146.63,-0.51,1.7,0.0
ATOM,1748.0,CB,SER,368.0,-8.178,7.886,147.016,0.05,2.175,18.83
ATOM,1749.0,OG,SER,368.0,-7.696,7.213,145.882,-0.66,1.77,3.42
ATOM,1750.0,H,SER,368.0,-7.948,10.08,148.476,0.31,0.2245,4.13
ATOM,1751.0,HA,SER,368.0,-6.924,7.348,148.628,0.09,1.32,0.0
ATOM,1752.0,HB2,SER,368.0,-8.88,7.334,147.454,0.09,1.32,7.31
ATOM,1753.0,HB3,SER,368.0,-8.554,8.766,146.742,0.09,1.32,1.25
ATOM,1754.0,HG,SER,368.0,-7.079,6.475,146.161,0.43,0.2245,4.56
ATOM,1755.0,N,ALA,369.0,-4.81,7.42,147.402,-0.47,1.85,0.0
ATOM,1756.0,CA,ALA,369.0,-3.551,7.528,146.67,0.07,2.275,0.0
ATOM,1757.0,C,ALA,369.0,-3.767,7.604,145.185,0.51,2.0,0.02
ATOM,1758.0,O,ALA,369.0,-2.963,8.229,144.507,-0.51,1.7,2.14
ATOM,1759.0,CB,ALA,369.0,-2.614,6.382,147.041,-0.27,2.06,9.05
ATOM,1760.0,H,ALA,369.0,-5.05,6.639,148.028,0.31,0.2245,0.0
ATOM,1761.0,HA,ALA,369.0,-3.074,8.368,146.979,0.09,1.32,0.0
ATOM,1762.0,HB1,ALA,369.0,-2.49,5.785,146.25,0.09,1.32,9.1
ATOM,1763.0,HB2,ALA,369.0,-1.73,6.753,147.32,0.09,1.32,0.0
ATOM,1764.0,HB3,ALA,369.0,-3.01,5.86,147.795,0.09,1.32,0.0
ATOM,1765.0,N,SER,370.0,-4.837,6.992,144.657,-0.47,1.85,1.09
ATOM,1766.0,CA,SER,370.0,-5.084,7.051,143.222,0.07,2.275,2.77
ATOM,1767.0,C,SER,370.0,-5.569,8.448,142.775,0.51,2.0,0.4
ATOM,1768.0,O,SER,370.0,-5.182,8.932,141.714,-0.51,1.7,19.68
ATOM,1769.0,CB,SER,370.0,-6.072,5.962,142.746,0.05,2.175,28.23
ATOM,1770.0,OG,SER,370.0,-7.32,6.086,143.38,-0.66,1.77,18.72
ATOM,1771.0,H,SER,370.0,-5.437,6.501,145.331,0.31,0.2245,1.14
ATOM,1772.0,HA,SER,370.0,-4.216,6.867,142.742,0.09,1.32,7.33
ATOM,1773.0,HB2,SER,370.0,-6.188,6.056,141.76,0.09,1.32,9.71
ATOM,1774.0,HB3,SER,370.0,-5.678,5.071,142.958,0.09,1.32,11.14
ATOM,1775.0,HG,SER,370.0,-7.609,7.044,143.375,0.43,0.2245,5.32
ATOM,1776.0,N,ASP,371.0,-6.363,9.091,143.613,-0.47,1.85,0.0
ATOM,1777.0,CA,ASP,371.0,-6.876,10.443,143.384,0.07,2.275,2.78
ATOM,1778.0,C,ASP,371.0,-5.716,11.437,143.558,0.51,2.0,0.0
ATOM,1779.0,O,ASP,371.0,-5.564,12.381,142.8,-0.51,1.7,20.63
ATOM,1780.0,CB,ASP,371.0,-7.978,10.711,144.422,-0.28,2.175,4.96
ATOM,1781.0,CG,ASP,371.0,-8.661,12.065,144.261,0.62,2.0,3.04
ATOM,1782.0,OD1,ASP,371.0,-8.919,12.453,143.104,-0.76,1.7,27.1
ATOM,1783.0,OD2,ASP,371.0,-8.998,12.77,145.257,-0.76,1.7,9.6
ATOM,1784.0,H,ASP,371.0,-6.605,8.541,144.481,0.31,0.2245,0.0
ATOM,1785.0,HA,ASP,371.0,-7.161,10.497,142.432,0.09,1.32,6.86
ATOM,1786.0,HB2,ASP,371.0,-8.666,9.995,144.329,0.09,1.32,6.1
ATOM,1787.0,HB3,ASP,371.0,-7.563,10.67,145.327,0.09,1.32,0.0
ATOM,1788.0,N,CYS,372.0,-4.823,11.127,144.492,-0.47,1.85,0.0
ATOM,1789.0,CA,CYS,372.0,-3.724,12.038,144.899,0.07,2.275,1.05
ATOM,1790.0,C,CYS,372.0,-2.357,11.347,144.913,0.51,2.0,0.0
ATOM,1791.0,O,CYS,372.0,-1.717,11.187,145.962,-0.51,1.7,0.0
ATOM,1792.0,CB,CYS,372.0,-4.011,12.635,146.287,-0.11,2.175,2.99
ATOM,1793.0,SG,CYS,372.0,-5.634,13.45,146.537,-0.23,2.0,17.84
ATOM,1794.0,H,CYS,372.0,-4.952,10.185,144.924,0.31,0.2245,0.0
ATOM,1795.0,HA,CYS,372.0,-3.689,12.793,144.229,0.09,1.32,4.44
ATOM,1796.0,HB2,CYS,372.0,-3.931,11.892,146.966,0.09,1.32,0.0
ATOM,1797.0,HB3,CYS,372.0,-3.291,13.315,146.486,0.09,1.32,1.25
ATOM,1798.0,HG,CYS,372.0,-6.059,13.072,147.354,0.16,0.45,0.0
ATOM,1799.0,N,PRO,373.0,-1.881,10.968,143.738,-0.29,1.85,0.0
ATOM,1800.0,CA,PRO,373.0,-0.64,10.174,143.656,0.02,2.275,0.86
ATOM,1801.0,C,PRO,373.0,0.615,10.908,144.115,0.51,2.0,0.27
ATOM,1802.0,O,PRO,373.0,1.52,10.295,144.652,-0.51,1.7,4.86
ATOM,1803.0,CB,PRO,373.0,-0.554,9.79,142.166,-0.18,2.175,19.93
ATOM,1804.0,CG,PRO,373.0,-1.315,10.906,141.467,-0.18,2.175,21.18
ATOM,1805.0,CD,PRO,373.0,-2.45,11.218,142.406,0.0,2.175,4.54
ATOM,1806.0,HA,PRO,373.0,-0.751,9.298,144.171,0.09,1.32,1.15
ATOM,1807.0,HB2,PRO,373.0,0.392,9.769,141.86,0.09,1.32,9.63
ATOM,1808.0,HB3,PRO,373.0,-0.991,8.913,142.0,0.09,1.32,6.16
ATOM,1809.0,HG2,PRO,373.0,-0.721,11.696,141.341,0.09,1.32,5.34
ATOM,1810.0,HG3,PRO,373.0,-1.651,10.587,140.585,0.09,1.32,11.17
ATOM,1811.0,HD2,PRO,373.0,-2.742,12.173,142.321,0.09,1.32,5.7
ATOM,1812.0,HD3,PRO,373.0,-3.237,10.619,142.24,0.09,1.32,0.0
ATOM,1813.0,N,LEU,374.0,0.673,12.227,143.934,-0.47,1.85,0.28
ATOM,1814.0,CA,LEU,374.0,1.84,12.99,144.413,0.07,2.275,1.75
ATOM,1815.0,C,LEU,374.0,1.834,13.151,145.965,0.51,2.0,0.0
ATOM,1816.0,O,LEU,374.0,2.873,13.088,146.65,-0.51,1.7,0.0
ATOM,1817.0,CB,LEU,374.0,1.882,14.357,143.724,-0.18,2.175,5.56
ATOM,1818.0,CG,LEU,374.0,3.152,15.17,143.941,-0.09,2.275,0.0
ATOM,1819.0,CD1,LEU,374.0,4.373,14.386,143.51,-0.27,2.06,20.21
ATOM,1820.0,CD2,LEU,374.0,3.037,16.517,143.187,-0.27,2.06,9.85
ATOM,1821.0,H,LEU,374.0,-0.128,12.649,143.454,0.31,0.2245,1.65
ATOM,1822.0,HA,LEU,374.0,2.676,12.493,144.161,0.09,1.32,0.57
ATOM,1823.0,HB2,LEU,374.0,1.786,14.206,142.745,0.09,1.32,6.79
ATOM,1824.0,HB3,LEU,374.0,1.119,14.894,144.068,0.09,1.32,1.09
ATOM,1825.0,HG,LEU,374.0,3.229,15.401,144.913,0.09,1.32,0.0
ATOM,1826.0,HD11,LEU,374.0,4.302,14.156,142.538,0.09,1.32,10.1
ATOM,1827.0,HD12,LEU,374.0,5.198,14.935,143.659,0.09,1.32,0.01
ATOM,1828.0,HD13,LEU,374.0,4.438,13.541,144.044,0.09,1.32,0.0
ATOM,1829.0,HD21,LEU,374.0,2.251,17.017,143.541,0.09,1.32,0.0
ATOM,1830.0,HD22,LEU,374.0,3.872,17.041,143.335,0.09,1.32,0.0
ATOM,1831.0,HD23,LEU,374.0,2.916,16.332,142.215,0.09,1.32,10.01
ATOM,1832.0,N,TYR,375.0,0.655,13.341,146.529,-0.47,1.85,0.0
ATOM,1833.0,CA,TYR,375.0,0.53,13.381,147.971,0.07,2.275,0.0
ATOM,1834.0,C,TYR,375.0,0.993,12.014,148.524,0.51,2.0,0.0
ATOM,1835.0,O,TYR,375.0,1.719,11.961,149.504,-0.51,1.7,0.0
ATOM,1836.0,CB,TYR,375.0,-0.917,13.688,148.414,-0.18,2.175,1.2
ATOM,1837.0,CG,TYR,375.0,-1.108,13.785,149.934,0.0,1.9924,0.0
ATOM,1838.0,CD1,TYR,375.0,-1.391,12.664,150.711,-0.115,1.9924,0.0
ATOM,1839.0,CD2,TYR,375.0,-1.016,15.007,150.578,-0.115,1.9924,7.47
ATOM,1840.0,CE1,TYR,375.0,-1.515,12.77,152.076,-0.115,1.9924,0.0
ATOM,1841.0,CE2,TYR,375.0,-1.18,15.121,151.893,-0.115,1.9924,2.45
ATOM,1842.0,CZ,TYR,375.0,-1.449,14.011,152.662,0.11,1.9924,0.0
ATOM,1843.0,OH,TYR,375.0,-1.566,14.202,153.986,-0.54,1.77,0.0
ATOM,1844.0,H,TYR,375.0,-0.137,13.454,145.876,0.31,0.2245,1.04
ATOM,1845.0,HA,TYR,375.0,1.144,14.074,148.333,0.09,1.32,0.0
ATOM,1846.0,HB2,TYR,375.0,-1.187,14.559,148.016,0.09,1.32,1.78
ATOM,1847.0,HB3,TYR,375.0,-1.507,12.959,148.079,0.09,1.32,0.0
ATOM,1848.0,HD1,TYR,375.0,-1.505,11.775,150.267,0.115,1.3582,0.0
ATOM,1849.0,HD2,TYR,375.0,-0.816,15.825,150.012,0.115,1.3582,2.17
ATOM,1850.0,HE1,TYR,375.0,-1.651,11.951,152.639,0.115,1.3582,0.0
ATOM,1851.0,HE2,TYR,375.0,-1.111,16.024,152.355,0.115,1.3582,8.08
ATOM,1852.0,HH,TYR,375.0,-1.885,13.359,154.428,0.43,0.2245,0.0
ATOM,1853.0,N,ALA,376.0,0.551,10.932,147.894,-0.47,1.85,0.0
ATOM,1854.0,CA,ALA,376.0,0.889,9.622,148.409,0.07,2.275,0.0
ATOM,1855.0,C,ALA,376.0,2.403,9.416,148.382,0.51,2.0,0.11
ATOM,1856.0,O,ALA,376.0,2.994,8.941,149.355,-0.51,1.7,6.02
ATOM,1857.0,CB,ALA,376.0,0.193,8.557,147.631,-0.27,2.06,5.49
ATOM,1858.0,H,ALA,376.0,-0.018,11.103,147.059,0.31,0.2245,0.0
ATOM,1859.0,HA,ALA,376.0,0.577,9.551,149.362,0.09,1.32,0.0
ATOM,1860.0,HB1,ALA,376.0,0.051,8.854,146.681,0.09,1.32,0.0
ATOM,1861.0,HB2,ALA,376.0,0.741,7.714,147.625,0.09,1.32,8.2
ATOM,1862.0,HB3,ALA,376.0,-0.702,8.354,148.04,0.09,1.32,0.0
ATOM,1863.0,N,SER,377.0,3.022,9.779,147.283,-0.47,1.85,0.26
ATOM,1864.0,CA,SER,377.0,4.454,9.586,147.167,0.07,2.275,2.42
ATOM,1865.0,C,SER,377.0,5.259,10.484,148.088,0.51,2.0,0.15
ATOM,1866.0,O,SER,377.0,6.273,10.032,148.631,-0.51,1.7,28.18
ATOM,1867.0,CB,SER,377.0,4.919,9.741,145.724,0.05,2.175,25.13
ATOM,1868.0,OG,SER,377.0,4.737,11.059,145.291,-0.66,1.77,6.13
ATOM,1869.0,H,SER,377.0,2.433,10.192,146.547,0.31,0.2245,0.0
ATOM,1870.0,HA,SER,377.0,4.663,8.621,147.415,0.09,1.32,9.61
ATOM,1871.0,HB2,SER,377.0,5.885,9.505,145.673,0.09,1.32,9.98
ATOM,1872.0,HB3,SER,377.0,4.385,9.127,145.15,0.09,1.32,8.04
ATOM,1873.0,HG,SER,377.0,4.1,11.535,145.901,0.43,0.2245,0.0
ATOM,1874.0,N,ARG,378.0,4.819,11.727,148.306,-0.47,1.85,0.0
ATOM,1875.0,CA,ARG,378.0,5.602,12.679,149.087,0.07,2.275,0.97
ATOM,1876.0,C,ARG,378.0,5.425,12.507,150.533,0.51,2.0,0.11
ATOM,1877.0,O,ARG,378.0,6.373,12.708,151.318,-0.51,1.7,29.0
ATOM,1878.0,CB,ARG,378.0,5.178,14.135,148.813,-0.18,2.175,1.07
ATOM,1879.0,CG,ARG,378.0,5.701,14.693,147.624,-0.18,2.175,3.04
ATOM,1880.0,CD,ARG,378.0,5.717,16.252,147.533,0.2,2.175,9.68
ATOM,1881.0,NE,ARG,378.0,6.222,16.533,146.201,-0.7,1.85,4.44
ATOM,1882.0,CZ,ARG,378.0,5.828,17.479,145.391,0.64,2.0,1.81
ATOM,1883.0,NH1,ARG,378.0,4.906,18.384,145.752,-0.8,1.85,0.81
ATOM,1884.0,NH2,ARG,378.0,6.38,17.524,144.197,-0.8,1.85,15.09
ATOM,1885.0,H,ARG,378.0,3.901,11.945,147.883,0.31,0.2245,0.0
ATOM,1886.0,HA,ARG,378.0,6.584,12.55,148.839,0.09,1.32,7.11
ATOM,1887.0,HB2,ARG,378.0,4.168,14.132,148.796,0.09,1.32,0.0
ATOM,1888.0,HB3,ARG,378.0,5.472,14.667,149.62,0.09,1.32,3.64
ATOM,1889.0,HG2,ARG,378.0,6.675,14.41,147.456,0.09,1.32,7.91
ATOM,1890.0,HG3,ARG,378.0,5.184,14.388,146.79,0.09,1.32,0.0
ATOM,1891.0,HD2,ARG,378.0,4.805,16.553,147.623,0.09,1.32,0.0
ATOM,1892.0,HD3,ARG,378.0,6.331,16.57,148.205,0.09,1.32,9.81
ATOM,1893.0,HE,ARG,378.0,6.975,15.915,145.86,0.44,0.2245,9.26
ATOM,1894.0,HH11,ARG,378.0,4.521,18.349,146.673,0.46,0.2245,0.0
ATOM,1895.0,HH12,ARG,378.0,4.615,19.08,145.105,0.46,0.2245,0.0
ATOM,1896.0,HH21,ARG,378.0,7.087,16.882,143.912,0.46,0.2245,15.13
ATOM,1897.0,HH22,ARG,378.0,6.081,18.236,143.536,0.46,0.2245,2.93
ATOM,1898.0,N,ILE,379.0,4.185,12.207,150.927,-0.47,1.85,0.0
ATOM,1899.0,CA,ILE,379.0,3.833,12.158,152.328,0.07,2.275,0.26
ATOM,1900.0,C,ILE,379.0,3.596,10.744,152.895,0.51,2.0,1.73
ATOM,1901.0,O,ILE,379.0,3.775,10.496,154.101,-0.51,1.7,5.3
ATOM,1902.0,CB,ILE,379.0,2.611,13.09,152.55,-0.09,2.275,0.0
ATOM,1903.0,CG1,ILE,379.0,3.102,14.56,152.408,-0.18,2.175,5.91
ATOM,1904.0,CG2,ILE,379.0,1.963,12.89,153.909,-0.27,2.06,0.0
ATOM,1905.0,CD1,ILE,379.0,2.051,15.557,152.544,-0.27,2.06,7.8
ATOM,1906.0,H,ILE,379.0,3.52,12.019,150.153,0.31,0.2245,0.0
ATOM,1907.0,HA,ILE,379.0,4.629,12.534,152.843,0.09,1.32,0.3
ATOM,1908.0,HB,ILE,379.0,1.964,12.921,151.834,0.09,1.32,0.0
ATOM,1909.0,HG12,ILE,379.0,3.815,14.695,153.103,0.09,1.32,4.73
ATOM,1910.0,HG13,ILE,379.0,3.54,14.629,151.505,0.09,1.32,0.0
ATOM,1911.0,HG21,ILE,379.0,1.183,13.507,154.002,0.09,1.32,0.0
ATOM,1912.0,HG22,ILE,379.0,1.65,11.945,153.995,0.09,1.32,0.0
ATOM,1913.0,HG23,ILE,379.0,2.627,13.085,154.629,0.09,1.32,0.0
ATOM,1914.0,HD11,ILE,379.0,1.609,15.494,153.449,0.09,1.32,0.03
ATOM,1915.0,HD12,ILE,379.0,2.424,16.489,152.444,0.09,1.32,1.37
ATOM,1916.0,HD13,ILE,379.0,1.339,15.429,151.84,0.09,1.32,0.0
ATOM,1917.0,N,GLY,380.0,3.176,9.831,152.038,-0.47,1.85,0.52
ATOM,1918.0,CA,GLY,380.0,2.963,8.467,152.509,-0.02,2.175,10.77
ATOM,1919.0,C,GLY,380.0,2.051,8.444,153.713,0.51,2.0,0.0
ATOM,1920.0,O,GLY,380.0,1.062,9.208,153.8,-0.51,1.7,0.0
ATOM,1921.0,H,GLY,380.0,3.023,10.143,151.079,0.31,0.2245,0.0
ATOM,1922.0,HA2,GLY,380.0,2.557,7.918,151.766,0.09,1.32,2.51
ATOM,1923.0,HA3,GLY,380.0,3.852,8.056,152.75,0.09,1.32,8.66
ATOM,1924.0,N,THR,381.0,2.386,7.588,154.667,-0.47,1.85,0.0
ATOM,1925.0,CA,THR,381.0,1.57,7.415,155.862,0.07,2.275,0.0
ATOM,1926.0,C,THR,381.0,2.076,8.195,157.056,0.51,2.0,0.51
ATOM,1927.0,O,THR,381.0,1.738,7.882,158.18,-0.51,1.7,10.05
ATOM,1928.0,CB,THR,381.0,1.464,5.913,156.229,0.14,2.275,4.3
ATOM,1929.0,OG1,THR,381.0,2.786,5.36,156.312,-0.66,1.77,24.97
ATOM,1930.0,CG2,THR,381.0,0.778,5.119,155.114,-0.27,2.06,5.34
ATOM,1931.0,H,THR,381.0,3.265,7.06,154.493,0.31,0.2245,5.58
ATOM,1932.0,HA,THR,381.0,0.625,7.731,155.649,0.09,1.32,0.0
ATOM,1933.0,HB,THR,381.0,1.026,5.832,157.142,0.09,1.32,2.39
ATOM,1934.0,HG21,THR,381.0,1.386,4.389,154.8,0.09,1.32,3.17
ATOM,1935.0,HG22,THR,381.0,-0.071,4.718,155.461,0.09,1.32,0.0
ATOM,1936.0,HG23,THR,381.0,0.568,5.729,154.348,0.09,1.32,0.0
ATOM,1937.0,HG1,THR,381.0,3.443,5.956,155.84,0.43,0.2245,10.37
ATOM,1938.0,N,ARG,382.0,2.81,9.272,156.786,-0.47,1.85,2.06
ATOM,1939.0,CA,ARG,382.0,3.305,10.173,157.808,0.07,2.275,3.74
ATOM,1940.0,C,ARG,382.0,2.196,10.551,158.783,0.51,2.0,0.0
ATOM,1941.0,O,ARG,382.0,2.427,10.671,159.996,-0.51,1.7,24.43
ATOM,1942.0,CB,ARG,382.0,3.87,11.449,157.139,-0.18,2.175,1.62
ATOM,1943.0,CG,ARG,382.0,4.782,12.278,158.015,-0.18,2.175,7.39
ATOM,1944.0,CD,ARG,382.0,5.161,13.627,157.416,0.2,2.175,3.65
ATOM,1945.0,NE,ARG,382.0,6.336,14.246,158.047,-0.7,1.85,6.45
ATOM,1946.0,CZ,ARG,382.0,7.599,13.981,157.707,0.64,2.0,3.03
ATOM,1947.0,NH1,ARG,382.0,7.845,13.121,156.728,-0.8,1.85,22.74
ATOM,1948.0,NH2,ARG,382.0,8.613,14.565,158.333,-0.8,1.85,29.72
ATOM,1949.0,H,ARG,382.0,2.999,9.41,155.761,0.31,0.2245,0.0
ATOM,1950.0,HA,ARG,382.0,4.04,9.715,158.323,0.09,1.32,9.69
ATOM,1951.0,HB2,ARG,382.0,4.381,11.164,156.33,0.09,1.32,0.78
ATOM,1952.0,HB3,ARG,382.0,3.094,12.014,156.865,0.09,1.32,0.0
ATOM,1953.0,HG2,ARG,382.0,4.333,12.451,158.901,0.09,1.32,2.82
ATOM,1954.0,HG3,ARG,382.0,5.635,11.77,158.189,0.09,1.32,6.4
ATOM,1955.0,HD2,ARG,382.0,5.349,13.492,156.441,0.09,1.32,0.44
ATOM,1956.0,HD3,ARG,382.0,4.375,14.242,157.517,0.09,1.32,0.0
ATOM,1957.0,HE,ARG,382.0,6.176,14.912,158.782,0.44,0.2245,11.35
ATOM,1958.0,HH11,ARG,382.0,7.111,12.68,156.223,0.46,0.2245,3.9
ATOM,1959.0,HH12,ARG,382.0,8.804,12.908,156.486,0.46,0.2245,18.69
ATOM,1960.0,HH21,ARG,382.0,8.413,15.231,159.061,0.46,0.2245,18.35
ATOM,1961.0,HH22,ARG,382.0,9.55,14.352,158.089,0.46,0.2245,18.11
ATOM,1962.0,N,TYR,383.0,0.986,10.75,158.277,-0.47,1.85,0.0
ATOM,1963.0,CA,TYR,383.0,-0.125,11.136,159.143,0.07,2.275,2.63
ATOM,1964.0,C,TYR,383.0,-1.109,9.992,159.376,0.51,2.0,0.79
ATOM,1965.0,O,TYR,383.0,-2.248,10.251,159.706,-0.51,1.7,18.61
ATOM,1966.0,CB,TYR,383.0,-0.839,12.398,158.56,-0.18,2.175,0.73
ATOM,1967.0,CG,TYR,383.0,0.177,13.521,158.423,0.0,1.9924,0.0
ATOM,1968.0,CD1,TYR,383.0,0.564,14.268,159.525,-0.115,1.9924,2.72
ATOM,1969.0,CD2,TYR,383.0,0.821,13.771,157.222,-0.115,1.9924,0.0
ATOM,1970.0,CE1,TYR,383.0,1.55,15.274,159.437,-0.115,1.9924,7.84
ATOM,1971.0,CE2,TYR,383.0,1.815,14.75,157.123,-0.115,1.9924,0.16
ATOM,1972.0,CZ,TYR,383.0,2.176,15.506,158.227,0.11,1.9924,0.0
ATOM,1973.0,OH,TYR,383.0,3.148,16.492,158.11,-0.54,1.77,17.17
ATOM,1974.0,H,TYR,383.0,0.901,10.614,157.259,0.31,0.2245,0.0
ATOM,1975.0,HA,TYR,383.0,0.255,11.41,160.041,0.09,1.32,4.34
ATOM,1976.0,HB2,TYR,383.0,-1.177,12.169,157.678,0.09,1.32,0.0
ATOM,1977.0,HB3,TYR,383.0,-1.526,12.671,159.192,0.09,1.32,1.67
ATOM,1978.0,HD1,TYR,383.0,0.138,14.099,160.419,0.115,1.3582,11.17
ATOM,1979.0,HD2,TYR,383.0,0.577,13.246,156.409,0.115,1.3582,0.0
ATOM,1980.0,HE1,TYR,383.0,1.785,15.805,160.247,0.115,1.3582,16.91
ATOM,1981.0,HE2,TYR,383.0,2.27,14.904,156.24,0.115,1.3582,0.12
ATOM,1982.0,HH,TYR,383.0,2.945,17.049,157.31,0.43,0.2245,13.42
ATOM,1983.0,N,GLY,384.0,-0.671,8.741,159.257,-0.47,1.85,3.1
ATOM,1984.0,CA,GLY,384.0,-1.571,7.623,159.441,-0.02,2.175,12.92
ATOM,1985.0,C,GLY,384.0,-2.153,7.121,158.155,0.51,2.0,0.0
ATOM,1986.0,O,GLY,384.0,-1.635,7.427,157.071,-0.51,1.7,0.0
ATOM,1987.0,H,GLY,384.0,0.333,8.649,159.03,0.31,0.2245,0.0
ATOM,1988.0,HA2,GLY,384.0,-1.072,6.866,159.908,0.09,1.32,11.54
ATOM,1989.0,HA3,GLY,384.0,-2.324,7.901,160.07,0.09,1.32,7.02
ATOM,1990.0,N,GLY,385.0,-3.199,6.297,158.265,-0.47,1.85,3.14
ATOM,1991.0,CA,GLY,385.0,-3.819,5.734,157.087,-0.02,2.175,7.6
ATOM,1992.0,C,GLY,385.0,-2.951,4.634,156.509,0.51,2.0,0.77
ATOM,1993.0,O,GLY,385.0,-2.166,4.036,157.248,-0.51,1.7,21.22
ATOM,1994.0,H,GLY,385.0,-3.506,6.111,159.233,0.31,0.2245,15.77
ATOM,1995.0,HA2,GLY,385.0,-4.721,5.356,157.325,0.09,1.32,10.1
ATOM,1996.0,HA3,GLY,385.0,-3.95,6.453,156.395,0.09,1.32,0.0
ATOM,1997.0,N,SER,386.0,-3.087,4.366,155.217,-0.47,1.85,0.22
ATOM,1998.0,CA,SER,386.0,-2.388,3.257,154.583,0.07,2.275,1.07
ATOM,1999.0,C,SER,386.0,-1.771,3.751,153.309,0.51,2.0,0.0
ATOM,2000.0,O,SER,386.0,-2.043,4.888,152.936,-0.51,1.7,0.0
ATOM,2001.0,CB,SER,386.0,-3.387,2.141,154.244,0.05,2.175,25.39
ATOM,2002.0,OG,SER,386.0,-4.301,2.584,153.265,-0.66,1.77,5.32
ATOM,2003.0,H,SER,386.0,-3.727,5.007,154.704,0.31,0.2245,0.0
ATOM,2004.0,HA,SER,386.0,-1.657,2.962,155.198,0.09,1.32,3.88
ATOM,2005.0,HB2,SER,386.0,-2.883,1.361,153.895,0.09,1.32,6.76
ATOM,2006.0,HB3,SER,386.0,-3.882,1.898,155.07,0.09,1.32,9.85
ATOM,2007.0,HG,SER,386.0,-4.459,3.566,153.372,0.43,0.2245,0.07
ATOM,2008.0,N,SER,387.0,-0.98,2.928,152.607,-0.47,1.85,0.0
ATOM,2009.0,CA,SER,387.0,-0.4,3.402,151.353,0.07,2.275,0.4
ATOM,2010.0,C,SER,387.0,-1.454,3.745,150.299,0.51,2.0,0.19
ATOM,2011.0,O,SER,387.0,-1.233,4.624,149.495,-0.51,1.7,5.18
ATOM,2012.0,CB,SER,387.0,0.634,2.424,150.777,0.05,2.175,24.63
ATOM,2013.0,OG,SER,387.0,1.706,2.249,151.683,-0.66,1.77,29.68
ATOM,2014.0,H,SER,387.0,-0.833,2.003,153.006,0.31,0.2245,8.09
ATOM,2015.0,HA,SER,387.0,0.124,4.247,151.551,0.09,1.32,1.18
ATOM,2016.0,HB2,SER,387.0,0.191,1.55,150.621,0.09,1.32,7.4
ATOM,2017.0,HB3,SER,387.0,0.983,2.797,149.926,0.09,1.32,9.28
ATOM,2018.0,HG,SER,387.0,1.699,2.987,152.357,0.43,0.2245,6.76
ATOM,2019.0,N,SER,388.0,-2.544,2.979,150.235,-0.47,1.85,0.08
ATOM,2020.0,CA,SER,388.0,-3.616,3.274,149.29,0.07,2.275,1.11
ATOM,2021.0,C,SER,388.0,-4.495,4.462,149.698,0.51,2.0,0.0
ATOM,2022.0,O,SER,388.0,-5.139,5.071,148.819,-0.51,1.7,1.82
ATOM,2023.0,CB,SER,388.0,-4.535,2.032,149.12,0.05,2.175,17.87
ATOM,2024.0,OG,SER,388.0,-3.856,1.076,148.323,-0.66,1.77,28.96
ATOM,2025.0,H,SER,388.0,-2.56,2.184,150.894,0.31,0.2245,1.67
ATOM,2026.0,HA,SER,388.0,-3.191,3.502,148.394,0.09,1.32,3.47
ATOM,2027.0,HB2,SER,388.0,-4.712,1.655,150.01,0.09,1.32,3.3
ATOM,2028.0,HB3,SER,388.0,-5.358,2.317,148.664,0.09,1.32,4.8
ATOM,2029.0,HG,SER,388.0,-3.131,0.648,148.861,0.43,0.2245,16.35
ATOM,2030.0,N,ASN,389.0,-4.58,4.697,151.004,-0.47,1.85,0.0
ATOM,2031.0,CA,ASN,389.0,-5.39,5.79,151.618,0.07,2.275,0.0
ATOM,2032.0,C,ASN,389.0,-4.637,6.506,152.705,0.51,2.0,0.0
ATOM,2033.0,O,ASN,389.0,-4.863,6.337,153.875,-0.51,1.7,0.14
ATOM,2034.0,CB,ASN,389.0,-6.719,5.269,152.17,-0.18,2.175,8.32
ATOM,2035.0,CG,ASN,389.0,-7.613,4.814,151.077,0.55,2.0,2.65
ATOM,2036.0,H,ASN,389.0,-4.016,4.035,151.598,0.31,0.2245,0.0
ATOM,2037.0,HA,ASN,389.0,-5.572,6.451,150.877,0.09,1.32,0.0
ATOM,2038.0,HB2,ASN,389.0,-6.521,4.508,152.777,0.09,1.32,2.56
ATOM,2039.0,HB3,ASN,389.0,-7.154,6.01,152.67,0.09,1.32,0.0
ATOM,2040.0,OD1,ASN,389.0,-8.17,5.629,150.357,-0.55,1.7,12.63
ATOM,2041.0,ND2,ASN,389.0,-7.667,3.485,150.852,-0.62,1.85,15.9
ATOM,2042.0,HD22,ASN,389.0,-7.12,2.875,151.421,0.3,0.2245,6.99
ATOM,2043.0,HD21,ASN,389.0,-8.246,3.13,150.129,0.32,0.2245,19.38
ATOM,2044.0,N,PRO,390.0,-3.668,7.302,152.3,-0.29,1.85,0.0
ATOM,2045.0,CA,PRO,390.0,-2.841,8.015,153.255,0.02,2.275,0.0
ATOM,2046.0,C,PRO,390.0,-3.596,9.068,154.043,0.51,2.0,0.0
ATOM,2047.0,O,PRO,390.0,-4.553,9.66,153.497,-0.51,1.7,0.0
ATOM,2048.0,CB,PRO,390.0,-1.781,8.67,152.425,-0.18,2.175,0.0
ATOM,2049.0,CG,PRO,390.0,-2.122,8.419,151.074,-0.18,2.175,0.0
ATOM,2050.0,CD,PRO,390.0,-3.231,7.424,150.921,0.0,2.175,0.0
ATOM,2051.0,HA,PRO,390.0,-2.377,7.361,153.887,0.09,1.32,0.0
ATOM,2052.0,HB2,PRO,390.0,-1.739,9.671,152.635,0.09,1.32,0.0
ATOM,2053.0,HB3,PRO,390.0,-0.861,8.296,152.669,0.09,1.32,0.0
ATOM,2054.0,HG2,PRO,390.0,-2.386,9.302,150.574,0.09,1.32,0.0
ATOM,2055.0,HG3,PRO,390.0,-1.292,8.091,150.524,0.09,1.32,0.11
ATOM,2056.0,HD2,PRO,390.0,-3.958,7.776,150.344,0.09,1.32,0.0
ATOM,2057.0,HD3,PRO,390.0,-2.896,6.556,150.572,0.09,1.32,0.0
ATOM,2058.0,N,GLY,391.0,-3.152,9.247,155.29,-0.47,1.85,0.0
ATOM,2059.0,CA,GLY,391.0,-3.739,10.162,156.236,-0.02,2.175,1.53
ATOM,2060.0,C,GLY,391.0,-3.425,11.624,155.974,0.51,2.0,0.0
ATOM,2061.0,O,GLY,391.0,-2.397,11.954,155.387,-0.51,1.7,0.0
ATOM,2062.0,H,GLY,391.0,-2.314,8.643,155.521,0.31,0.2245,0.0
ATOM,2063.0,HA2,GLY,391.0,-4.756,10.039,156.242,0.09,1.32,0.0
ATOM,2064.0,HA3,GLY,391.0,-3.426,9.922,157.181,0.09,1.32,0.0
ATOM,2065.0,N,LEU,392.0,-4.362,12.479,156.359,-0.47,1.85,0.0
ATOM,2066.0,CA,LEU,392.0,-4.185,13.922,156.31,0.07,2.275,0.0
ATOM,2067.0,C,LEU,392.0,-3.946,14.414,157.688,0.51,2.0,0.0
ATOM,2068.0,O,LEU,392.0,-4.427,13.808,158.64,-0.51,1.7,3.89
ATOM,2069.0,CB,LEU,392.0,-5.463,14.599,155.858,-0.18,2.175,0.0
ATOM,2070.0,CG,LEU,392.0,-5.926,14.31,154.47,-0.09,2.275,0.0
ATOM,2071.0,CD1,LEU,392.0,-7.321,14.799,154.3,-0.27,2.06,6.51
ATOM,2072.0,CD2,LEU,392.0,-5.023,14.986,153.419,-0.27,2.06,5.87
ATOM,2073.0,H,LEU,392.0,-5.243,12.025,156.702,0.31,0.2245,0.0
ATOM,2074.0,HA,LEU,392.0,-3.385,14.121,155.74,0.09,1.32,0.0
ATOM,2075.0,HB2,LEU,392.0,-6.192,14.321,156.492,0.09,1.32,0.0
ATOM,2076.0,HB3,LEU,392.0,-5.325,15.59,155.939,0.09,1.32,0.0
ATOM,2077.0,HG,LEU,392.0,-5.892,13.321,154.305,0.09,1.32,0.0
ATOM,2078.0,HD11,LEU,392.0,-7.367,15.791,154.46,0.09,1.32,0.0
ATOM,2079.0,HD12,LEU,392.0,-7.648,14.611,153.367,0.09,1.32,0.0
ATOM,2080.0,HD13,LEU,392.0,-7.936,14.341,154.952,0.09,1.32,0.41
ATOM,2081.0,HD21,LEU,392.0,-4.092,14.644,153.523,0.09,1.32,0.0
ATOM,2082.0,HD22,LEU,392.0,-5.366,14.768,152.508,0.09,1.32,0.0
ATOM,2083.0,HD23,LEU,392.0,-5.041,15.973,153.562,0.09,1.32,5.03
ATOM,2084.0,N,PRO,393.0,-3.21,15.506,157.83,-0.29,1.85,0.0
ATOM,2085.0,CA,PRO,393.0,-2.984,16.049,159.157,0.02,2.275,0.03
ATOM,2086.0,C,PRO,393.0,-4.31,16.437,159.775,0.51,2.0,0.0
ATOM,2087.0,O,PRO,393.0,-5.297,16.684,159.105,-0.51,1.7,0.0
ATOM,2088.0,CB,PRO,393.0,-2.092,17.285,158.905,-0.18,2.175,0.86
ATOM,2089.0,CG,PRO,393.0,-1.442,16.983,157.592,-0.18,2.175,2.03
ATOM,2090.0,CD,PRO,393.0,-2.547,16.309,156.779,0.0,2.175,3.29
ATOM,2091.0,HA,PRO,393.0,-2.495,15.393,159.737,0.09,1.32,0.54
ATOM,2092.0,HB2,PRO,393.0,-2.649,18.11,158.85,0.09,1.32,0.0
ATOM,2093.0,HB3,PRO,393.0,-1.415,17.379,159.63,0.09,1.32,5.26
ATOM,2094.0,HG2,PRO,393.0,-1.141,17.82,157.142,0.09,1.32,0.16
ATOM,2095.0,HG3,PRO,393.0,-0.671,16.363,157.71,0.09,1.32,0.0
ATOM,2096.0,HD2,PRO,393.0,-3.167,16.976,156.402,0.09,1.32,0.55
ATOM,2097.0,HD3,PRO,393.0,-2.167,15.727,156.077,0.09,1.32,0.0
ATOM,2098.0,N,ASP,394.0,-4.34,16.415,161.086,-0.47,1.85,0.36
ATOM,2099.0,CA,ASP,394.0,-5.549,16.769,161.799,0.07,2.275,0.0
ATOM,2100.0,C,ASP,394.0,-5.109,17.931,162.606,0.51,2.0,0.0
ATOM,2101.0,O,ASP,394.0,-4.412,17.767,163.604,-0.51,1.7,22.37
ATOM,2102.0,CB,ASP,394.0,-6.02,15.655,162.736,-0.28,2.175,13.19
ATOM,2103.0,CG,ASP,394.0,-7.427,15.901,163.293,0.62,2.0,3.2
ATOM,2104.0,OD1,ASP,394.0,-7.887,17.069,163.276,-0.76,1.7,1.12
ATOM,2105.0,OD2,ASP,394.0,-8.111,14.96,163.77,-0.76,1.7,20.77
ATOM,2106.0,H,ASP,394.0,-3.459,16.134,161.55,0.31,0.2245,8.89
ATOM,2107.0,HA,ASP,394.0,-6.196,17.088,161.133,0.09,1.32,0.0
ATOM,2108.0,HB2,ASP,394.0,-6.03,14.804,162.226,0.09,1.32,2.39
ATOM,2109.0,HB3,ASP,394.0,-5.387,15.6,163.498,0.09,1.32,6.53
ATOM,2110.0,N,MET,395.0,-5.447,19.121,162.152,-0.47,1.85,0.0
ATOM,2111.0,CA,MET,395.0,-5.037,20.273,162.889,0.07,2.275,3.04
ATOM,2112.0,C,MET,395.0,-6.29,20.845,163.617,0.51,2.0,0.64
ATOM,2113.0,O,MET,395.0,-6.245,21.995,164.021,-0.51,1.7,25.03
ATOM,2114.0,CB,MET,395.0,-4.29,21.234,161.925,-0.18,2.175,7.9
ATOM,2115.0,CG,MET,395.0,-3.023,20.562,161.303,-0.14,2.175,2.68
ATOM,2116.0,SD,MET,395.0,-2.115,21.427,159.966,-0.09,2.0,3.54
ATOM,2117.0,CE,MET,395.0,-1.555,22.87,160.888,-0.22,2.06,33.8
ATOM,2118.0,H,MET,395.0,-5.991,19.133,161.285,0.31,0.2245,0.0
ATOM,2119.0,HA,MET,395.0,-4.391,20.007,163.597,0.09,1.32,5.09
ATOM,2120.0,HB2,MET,395.0,-4.896,21.488,161.182,0.09,1.32,2.4
ATOM,2121.0,HB3,MET,395.0,-3.994,22.036,162.428,0.09,1.32,4.75
ATOM,2122.0,HG2,MET,395.0,-2.375,20.341,162.101,0.09,1.32,10.11
ATOM,2123.0,HG3,MET,395.0,-3.313,19.602,160.986,0.09,1.32,0.0
ATOM,2124.0,HE1,MET,395.0,-0.635,23.118,160.588,0.09,1.32,8.63
ATOM,2125.0,HE2,MET,395.0,-2.179,23.632,160.72,0.09,1.32,10.74
ATOM,2126.0,HE3,MET,395.0,-1.543,22.655,161.864,0.09,1.32,7.27
ATOM,2127.0,N,ARG,396.0,-7.334,20.016,163.885,-0.47,1.85,0.19
ATOM,2128.0,CA,ARG,396.0,-8.66,20.549,164.357,0.07,2.275,1.73
ATOM,2129.0,C,ARG,396.0,-8.521,20.967,165.828,0.34,2.0,1.85
ATOM,2130.0,O,ARG,396.0,-7.485,20.738,166.474,-0.67,1.7,33.22
ATOM,2131.0,CB,ARG,396.0,-10.002,19.685,164.208,-0.18,2.175,4.5
ATOM,2132.0,CG,ARG,396.0,-10.303,18.392,163.289,-0.18,2.175,0.62
ATOM,2133.0,CD,ARG,396.0,-11.435,17.338,163.827,0.2,2.175,4.58
ATOM,2134.0,NE,ARG,396.0,-11.218,15.933,164.263,-0.7,1.85,5.72
ATOM,2135.0,CZ,ARG,396.0,-12.248,15.214,164.788,0.64,2.0,4.2
ATOM,2136.0,NH1,ARG,396.0,-13.43,15.813,164.892,-0.8,1.85,25.38
ATOM,2137.0,NH2,ARG,396.0,-12.169,13.947,165.21,-0.8,1.85,31.06
ATOM,2138.0,OXT,ARG,396.0,-9.328,21.546,166.561,-0.67,1.7,43.06
ATOM,2139.0,H,ARG,396.0,-7.148,19.019,163.742,0.31,0.2245,0.23
ATOM,2140.0,HA,ARG,396.0,-8.882,21.346,163.811,0.09,1.32,6.79
ATOM,2141.0,HB2,ARG,396.0,-10.274,19.396,165.186,0.09,1.32,6.08
ATOM,2142.0,HB3,ARG,396.0,-10.768,20.372,163.974,0.09,1.32,10.47
ATOM,2143.0,HG2,ARG,396.0,-10.612,18.703,162.39,0.09,1.32,0.0
ATOM,2144.0,HG3,ARG,396.0,-9.457,17.868,163.187,0.09,1.32,0.0
ATOM,2145.0,HD2,ARG,396.0,-11.921,17.858,164.603,0.09,1.32,4.8
ATOM,2146.0,HD3,ARG,396.0,-12.169,17.345,163.072,0.09,1.32,5.98
ATOM,2147.0,HE,ARG,396.0,-10.343,15.529,164.174,0.44,0.2245,0.0
ATOM,2148.0,HH11,ARG,396.0,-13.592,16.739,164.589,0.46,0.2245,9.83
ATOM,2149.0,HH12,ARG,396.0,-14.205,15.293,165.302,0.46,0.2245,18.42
ATOM,2150.0,HH21,ARG,396.0,-11.25,13.517,165.095,0.46,0.2245,14.98
ATOM,2151.0,HH22,ARG,396.0,-12.922,13.481,165.591,0.46,0.2245,17.49
