atom,serial,name,resname,resid,x,y,z,charges,radius,sasa
ATOM,1.0,N,LEU,1.0,9.095,87.432,24.012,-0.3,1.85,11.77
ATOM,2.0,CA,LEU,1.0,8.092,86.416,24.434,0.21,2.275,2.14
ATOM,3.0,C,LEU,1.0,6.736,86.704,23.817,0.51,2.0,1.54
ATOM,4.0,O,LEU,1.0,6.331,87.855,23.692,-0.51,1.7,7.47
ATOM,5.0,CB,LEU,1.0,7.962,86.39,25.955,-0.18,2.175,0.0
ATOM,6.0,CG,LEU,1.0,9.225,86.004,26.722,-0.09,2.275,2.71
ATOM,7.0,CD1,LEU,1.0,8.95,86.068,28.215,-0.27,2.06,10.82
ATOM,8.0,CD2,LEU,1.0,9.674,84.611,26.314,-0.27,2.06,23.8
ATOM,9.0,H,LEU,1.0,9.98,87.204,24.411,0.33,0.2245,10.5
ATOM,10.0,HA,LEU,1.0,8.413,85.519,24.116,0.1,1.32,1.24
ATOM,11.0,HB2,LEU,1.0,7.699,87.302,26.256,0.09,1.32,0.0
ATOM,12.0,HB3,LEU,1.0,7.257,85.731,26.191,0.09,1.32,0.0
ATOM,13.0,HG,LEU,1.0,9.954,86.641,26.491,0.09,1.32,6.33
ATOM,14.0,HD11,LEU,1.0,8.212,85.433,28.448,0.09,1.32,0.0
ATOM,15.0,HD12,LEU,1.0,9.776,85.815,28.72,0.09,1.32,6.01
ATOM,16.0,HD13,LEU,1.0,8.679,86.998,28.467,0.09,1.32,2.48
ATOM,17.0,HD21,LEU,1.0,9.868,84.595,25.332,0.09,1.32,5.28
ATOM,18.0,HD22,LEU,1.0,10.502,84.363,26.82,0.09,1.32,7.95
ATOM,19.0,HD23,LEU,1.0,8.95,83.951,26.52,0.09,1.32,0.0
ATOM,20.0,H2,LEU,1.0,9.163,87.432,23.017,0.33,0.2245,18.92
ATOM,21.0,H3,LEU,1.0,8.804,88.331,24.329,0.33,0.2245,9.11
ATOM,22.0,N,PRO,2.0,6.003,85.648,23.446,-0.29,1.85,1.13
ATOM,23.0,CA,PRO,2.0,4.683,85.804,22.835,0.02,2.275,1.59
ATOM,24.0,C,PRO,2.0,3.765,86.72,23.635,0.51,2.0,0.0
ATOM,25.0,O,PRO,2.0,3.891,86.843,24.85,-0.51,1.7,0.0
ATOM,26.0,CB,PRO,2.0,4.156,84.373,22.792,-0.18,2.175,0.54
ATOM,27.0,CG,PRO,2.0,5.422,83.544,22.716,-0.18,2.175,11.81
ATOM,28.0,CD,PRO,2.0,6.285,84.229,23.725,0.0,2.175,5.44
ATOM,29.0,HA,PRO,2.0,4.77,86.134,21.878,0.09,1.32,4.04
ATOM,30.0,HB2,PRO,2.0,3.645,84.152,23.618,0.09,1.32,0.0
ATOM,31.0,HB3,PRO,2.0,3.592,84.221,21.987,0.09,1.32,1.79
ATOM,32.0,HG2,PRO,2.0,5.231,82.609,22.972,0.09,1.32,0.0
ATOM,33.0,HG3,PRO,2.0,5.808,83.597,21.808,0.09,1.32,11.16
ATOM,34.0,HD2,PRO,2.0,6.021,83.998,24.656,0.09,1.32,0.0
ATOM,35.0,HD3,PRO,2.0,7.251,84.031,23.583,0.09,1.32,4.66
ATOM,36.0,N,ASN,3.0,2.845,87.379,22.956,-0.47,1.85,0.0
ATOM,37.0,CA,ASN,3.0,1.921,88.218,23.677,0.07,2.275,0.0
ATOM,38.0,C,ASN,3.0,0.653,87.402,23.773,0.51,2.0,0.28
ATOM,39.0,O,ASN,3.0,-0.098,87.316,22.812,-0.51,1.7,0.0
ATOM,40.0,CB,ASN,3.0,1.669,89.523,22.925,-0.18,2.175,5.12
ATOM,41.0,CG,ASN,3.0,2.954,90.287,22.653,0.55,2.0,2.13
ATOM,42.0,H,ASN,3.0,2.85,87.247,21.942,0.31,0.2245,0.0
ATOM,43.0,HA,ASN,3.0,2.268,88.327,24.595,0.09,1.32,0.0
ATOM,44.0,HB2,ASN,3.0,1.238,89.309,22.055,0.09,1.32,0.0
ATOM,45.0,HB3,ASN,3.0,1.071,90.095,23.477,0.09,1.32,10.38
ATOM,46.0,OD1,ASN,3.0,3.814,90.409,23.531,-0.55,1.7,11.5
ATOM,47.0,ND2,ASN,3.0,3.091,90.809,21.434,-0.62,1.85,19.56
ATOM,48.0,HD22,ASN,3.0,2.36,90.688,20.76,0.3,0.2245,4.36
ATOM,49.0,HD21,ASN,3.0,3.915,91.316,21.196,0.32,0.2245,21.69
ATOM,50.0,N,ILE,4.0,0.426,86.773,24.919,-0.47,1.85,0.04
ATOM,51.0,CA,ILE,4.0,-0.777,85.962,25.083,0.07,2.275,0.0
ATOM,52.0,C,ILE,4.0,-1.853,86.722,25.82,0.51,2.0,0.33
ATOM,53.0,O,ILE,4.0,-1.631,87.216,26.917,-0.51,1.7,0.04
ATOM,54.0,CB,ILE,4.0,-0.513,84.639,25.87,-0.09,2.275,0.0
ATOM,55.0,CG1,ILE,4.0,0.494,83.767,25.12,-0.18,2.175,0.0
ATOM,56.0,CG2,ILE,4.0,-1.819,83.871,26.053,-0.27,2.06,0.0
ATOM,57.0,CD1,ILE,4.0,0.076,83.448,23.702,-0.27,2.06,0.0
ATOM,58.0,H,ILE,4.0,1.139,86.901,25.648,0.31,0.2245,0.0
ATOM,59.0,HA,ILE,4.0,-1.124,85.788,24.154,0.09,1.32,0.0
ATOM,60.0,HB,ILE,4.0,-0.121,84.888,26.746,0.09,1.32,0.0
ATOM,61.0,HG12,ILE,4.0,1.371,84.242,25.101,0.09,1.32,0.0
ATOM,62.0,HG13,ILE,4.0,0.602,82.911,25.623,0.09,1.32,0.0
ATOM,63.0,HG21,ILE,4.0,-1.644,83.04,26.577,0.09,1.32,0.0
ATOM,64.0,HG22,ILE,4.0,-2.474,84.443,26.543,0.09,1.32,0.0
ATOM,65.0,HG23,ILE,4.0,-2.19,83.63,25.159,0.09,1.32,0.0
ATOM,66.0,HD11,ILE,4.0,-0.027,84.298,23.187,0.09,1.32,0.0
ATOM,67.0,HD12,ILE,4.0,0.774,82.878,23.271,0.09,1.32,0.0
ATOM,68.0,HD13,ILE,4.0,-0.794,82.958,23.715,0.09,1.32,0.0
ATOM,69.0,N,THR,5.0,-3.023,86.803,25.208,-0.47,1.85,0.0
ATOM,70.0,CA,THR,5.0,-4.155,87.479,25.807,0.07,2.275,0.0
ATOM,71.0,C,THR,5.0,-5.002,86.443,26.53,0.51,2.0,0.0
ATOM,72.0,O,THR,5.0,-5.303,85.385,25.981,-0.51,1.7,0.0
ATOM,73.0,CB,THR,5.0,-5.01,88.173,24.726,0.14,2.275,0.0
ATOM,74.0,OG1,THR,5.0,-4.256,89.249,24.133,-0.66,1.77,0.34
ATOM,75.0,CG2,THR,5.0,-6.305,88.705,25.321,-0.27,2.06,0.03
ATOM,76.0,H,THR,5.0,-3.057,86.345,24.272,0.31,0.2245,0.0
ATOM,77.0,HA,THR,5.0,-3.821,88.137,26.479,0.09,1.32,0.0
ATOM,78.0,HB,THR,5.0,-5.226,87.499,23.994,0.09,1.32,0.0
ATOM,79.0,HG21,THR,5.0,-6.104,89.259,26.132,0.09,1.32,0.0
ATOM,80.0,HG22,THR,5.0,-6.782,89.273,24.646,0.09,1.32,0.0
ATOM,81.0,HG23,THR,5.0,-6.898,87.94,25.584,0.09,1.32,0.0
ATOM,82.0,HG1,THR,5.0,-3.634,88.889,23.432,0.43,0.2245,0.0
ATOM,83.0,N,ILE,6.0,-5.375,86.743,27.77,-0.47,1.85,0.0
ATOM,84.0,CA,ILE,6.0,-6.197,85.835,28.561,0.07,2.275,0.0
ATOM,85.0,C,ILE,6.0,-7.581,86.423,28.783,0.51,2.0,0.0
ATOM,86.0,O,ILE,6.0,-7.732,87.43,29.456,-0.51,1.7,0.0
ATOM,87.0,CB,ILE,6.0,-5.583,85.558,29.953,-0.09,2.275,0.0
ATOM,88.0,CG1,ILE,6.0,-4.218,84.896,29.819,-0.18,2.175,0.0
ATOM,89.0,CG2,ILE,6.0,-6.51,84.666,30.751,-0.27,2.06,0.91
ATOM,90.0,CD1,ILE,6.0,-3.634,84.464,31.146,-0.27,2.06,0.0
ATOM,91.0,H,ILE,6.0,-5.037,87.661,28.118,0.31,0.2245,0.0
ATOM,92.0,HA,ILE,6.0,-6.32,85.009,28.004,0.09,1.32,0.0
ATOM,93.0,HB,ILE,6.0,-5.463,86.434,30.41,0.09,1.32,0.0
ATOM,94.0,HG12,ILE,6.0,-4.307,84.097,29.23,0.09,1.32,0.0
ATOM,95.0,HG13,ILE,6.0,-3.593,85.546,29.392,0.09,1.32,0.0
ATOM,96.0,HG21,ILE,6.0,-6.129,84.512,31.663,0.09,1.32,1.6
ATOM,97.0,HG22,ILE,6.0,-7.406,85.102,30.838,0.09,1.32,0.0
ATOM,98.0,HG23,ILE,6.0,-6.616,83.787,30.286,0.09,1.32,0.0
ATOM,99.0,HD11,ILE,6.0,-4.248,83.807,31.58,0.09,1.32,0.11
ATOM,100.0,HD12,ILE,6.0,-2.743,84.039,30.993,0.09,1.32,0.0
ATOM,101.0,HD13,ILE,6.0,-3.527,85.263,31.737,0.09,1.32,0.0
ATOM,102.0,N,LEU,7.0,-8.595,85.796,28.214,-0.47,1.85,0.0
ATOM,103.0,CA,LEU,7.0,-9.946,86.275,28.404,0.07,2.275,0.0
ATOM,104.0,C,LEU,7.0,-10.569,85.403,29.479,0.51,2.0,0.0
ATOM,105.0,O,LEU,7.0,-10.703,84.194,29.298,-0.51,1.7,0.0
ATOM,106.0,CB,LEU,7.0,-10.731,86.165,27.099,-0.18,2.175,0.0
ATOM,107.0,CG,LEU,7.0,-10.166,86.898,25.878,-0.09,2.275,0.0
ATOM,108.0,CD1,LEU,7.0,-11.312,87.135,24.9,-0.27,2.06,0.0
ATOM,109.0,CD2,LEU,7.0,-9.532,88.24,26.282,-0.27,2.06,0.0
ATOM,110.0,H,LEU,7.0,-8.346,84.971,27.647,0.31,0.2245,0.0
ATOM,111.0,HA,LEU,7.0,-9.917,87.21,28.734,0.09,1.32,0.0
ATOM,112.0,HB2,LEU,7.0,-10.792,85.195,26.858,0.09,1.32,0.0
ATOM,113.0,HB3,LEU,7.0,-11.649,86.526,27.261,0.09,1.32,0.0
ATOM,114.0,HG,LEU,7.0,-9.478,86.332,25.45,0.09,1.32,0.0
ATOM,115.0,HD11,LEU,7.0,-12.017,87.69,25.341,0.09,1.32,0.0
ATOM,116.0,HD12,LEU,7.0,-10.967,87.613,24.093,0.09,1.32,0.0
ATOM,117.0,HD13,LEU,7.0,-11.703,86.256,24.626,0.09,1.32,0.0
ATOM,118.0,HD21,LEU,7.0,-8.79,88.069,26.927,0.09,1.32,0.0
ATOM,119.0,HD22,LEU,7.0,-9.175,88.691,25.466,0.09,1.32,0.0
ATOM,120.0,HD23,LEU,7.0,-10.228,88.814,26.709,0.09,1.32,0.0
ATOM,121.0,N,ALA,8.0,-10.942,86.014,30.6,-0.47,1.85,0.0
ATOM,122.0,CA,ALA,8.0,-11.528,85.275,31.711,0.07,2.275,0.0
ATOM,123.0,C,ALA,8.0,-13.037,85.407,31.736,0.51,2.0,0.0
ATOM,124.0,O,ALA,8.0,-13.576,86.473,31.464,-0.51,1.7,0.0
ATOM,125.0,CB,ALA,8.0,-10.935,85.753,33.02,-0.27,2.06,0.0
ATOM,126.0,H,ALA,8.0,-10.782,87.039,30.613,0.31,0.2245,0.0
ATOM,127.0,HA,ALA,8.0,-11.289,84.297,31.61,0.09,1.32,0.0
ATOM,128.0,HB1,ALA,8.0,-11.267,86.675,33.225,0.09,1.32,0.0
ATOM,129.0,HB2,ALA,8.0,-11.204,85.134,33.759,0.09,1.32,0.15
ATOM,130.0,HB3,ALA,8.0,-9.936,85.77,32.952,0.09,1.32,0.28
ATOM,131.0,N,THR,9.0,-13.709,84.312,32.069,-0.47,1.85,0.0
ATOM,132.0,CA,THR,9.0,-15.163,84.265,32.109,0.07,2.275,0.0
ATOM,133.0,C,THR,9.0,-15.624,83.694,33.436,0.51,2.0,0.0
ATOM,134.0,O,THR,9.0,-16.826,83.499,33.648,-0.51,1.7,0.33
ATOM,135.0,CB,THR,9.0,-15.725,83.343,31.004,0.14,2.275,0.0
ATOM,136.0,OG1,THR,9.0,-15.361,81.989,31.287,-0.66,1.77,0.25
ATOM,137.0,CG2,THR,9.0,-15.149,83.708,29.65,-0.27,2.06,0.0
ATOM,138.0,H,THR,9.0,-13.105,83.489,32.299,0.31,0.2245,0.0
ATOM,139.0,HA,THR,9.0,-15.516,85.201,32.025,0.09,1.32,0.0
ATOM,140.0,HB,THR,9.0,-16.742,83.41,31.01,0.09,1.32,0.0
ATOM,141.0,HG21,THR,9.0,-15.891,83.891,29.0,0.09,1.32,0.0
ATOM,142.0,HG22,THR,9.0,-14.577,84.528,29.731,0.09,1.32,0.0
ATOM,143.0,HG23,THR,9.0,-14.589,82.952,29.301,0.09,1.32,0.0
ATOM,144.0,HG1,THR,9.0,-14.365,81.871,31.212,0.43,0.2245,0.0
ATOM,145.0,N,GLY,10.0,-14.665,83.397,34.312,-0.47,1.85,0.0
ATOM,146.0,CA,GLY,10.0,-14.991,82.851,35.622,-0.02,2.175,0.02
ATOM,147.0,C,GLY,10.0,-14.632,81.394,35.853,0.51,2.0,0.0
ATOM,148.0,O,GLY,10.0,-13.511,80.966,35.583,-0.51,1.7,0.0
ATOM,149.0,H,GLY,10.0,-13.702,83.583,33.988,0.31,0.2245,0.0
ATOM,150.0,HA2,GLY,10.0,-14.532,83.425,36.345,0.09,1.32,0.0
ATOM,151.0,HA3,GLY,10.0,-16.0,82.976,35.792,0.09,1.32,0.0
ATOM,152.0,N,GLY,11.0,-15.597,80.641,36.376,-0.47,1.85,0.0
ATOM,153.0,CA,GLY,11.0,-15.393,79.232,36.643,-0.02,2.175,0.0
ATOM,154.0,C,GLY,11.0,-14.568,78.959,37.885,0.51,2.0,0.0
ATOM,155.0,O,GLY,11.0,-14.063,79.889,38.513,-0.51,1.7,0.0
ATOM,156.0,H,GLY,11.0,-16.484,81.144,36.569,0.31,0.2245,0.0
ATOM,157.0,HA2,GLY,11.0,-16.299,78.772,36.738,0.09,1.32,0.0
ATOM,158.0,HA3,GLY,11.0,-14.937,78.799,35.839,0.09,1.32,0.0
ATOM,159.0,N,THR,12.0,-14.446,77.679,38.238,-0.47,1.85,0.0
ATOM,160.0,CA,THR,12.0,-13.675,77.246,39.4,0.07,2.275,0.0
ATOM,161.0,C,THR,12.0,-12.202,77.636,39.272,0.51,2.0,0.0
ATOM,162.0,O,THR,12.0,-11.547,77.916,40.27,-0.51,1.7,0.45
ATOM,163.0,CB,THR,12.0,-13.774,75.706,39.593,0.14,2.275,0.0
ATOM,164.0,OG1,THR,12.0,-15.093,75.371,40.033,-0.66,1.77,3.56
ATOM,165.0,CG2,THR,12.0,-12.765,75.205,40.622,-0.27,2.06,2.02
ATOM,166.0,H,THR,12.0,-14.951,77.012,37.61,0.31,0.2245,0.0
ATOM,167.0,HA,THR,12.0,-14.05,77.698,40.22,0.09,1.32,2.23
ATOM,168.0,HB,THR,12.0,-13.61,75.258,38.694,0.09,1.32,0.0
ATOM,169.0,HG21,THR,12.0,-13.233,75.003,41.484,0.09,1.32,1.04
ATOM,170.0,HG22,THR,12.0,-12.323,74.372,40.284,0.09,1.32,0.0
ATOM,171.0,HG23,THR,12.0,-12.068,75.907,40.782,0.09,1.32,0.0
ATOM,172.0,HG1,THR,12.0,-15.471,76.109,40.603,0.43,0.2245,5.54
ATOM,173.0,N,ILE,13.0,-11.688,77.655,38.047,-0.47,1.85,0.0
ATOM,174.0,CA,ILE,13.0,-10.294,78.014,37.807,0.07,2.275,0.26
ATOM,175.0,C,ILE,13.0,-9.937,79.301,38.557,0.51,2.0,0.0
ATOM,176.0,O,ILE,13.0,-8.768,79.545,38.866,-0.51,1.7,9.88
ATOM,177.0,CB,ILE,13.0,-10.033,78.207,36.283,-0.09,2.275,0.0
ATOM,178.0,CG1,ILE,13.0,-8.576,78.605,36.022,-0.18,2.175,0.23
ATOM,179.0,CG2,ILE,13.0,-10.985,79.25,35.727,-0.27,2.06,0.0
ATOM,180.0,CD1,ILE,13.0,-7.605,77.48,36.166,-0.27,2.06,2.99
ATOM,181.0,H,ILE,13.0,-12.351,77.397,37.291,0.31,0.2245,0.0
ATOM,182.0,HA,ILE,13.0,-9.739,77.286,38.214,0.09,1.32,0.82
ATOM,183.0,HB,ILE,13.0,-10.202,77.335,35.837,0.09,1.32,0.0
ATOM,184.0,HG12,ILE,13.0,-8.519,78.98,35.095,0.09,1.32,0.0
ATOM,185.0,HG13,ILE,13.0,-8.337,79.332,36.669,0.09,1.32,0.0
ATOM,186.0,HG21,ILE,13.0,-10.848,79.338,34.741,0.09,1.32,0.0
ATOM,187.0,HG22,ILE,13.0,-11.928,78.973,35.907,0.09,1.32,0.0
ATOM,188.0,HG23,ILE,13.0,-10.81,80.131,36.164,0.09,1.32,0.0
ATOM,189.0,HD11,ILE,13.0,-7.829,76.75,35.516,0.09,1.32,0.0
ATOM,190.0,HD12,ILE,13.0,-6.675,77.806,35.983,0.09,1.32,0.12
ATOM,191.0,HD13,ILE,13.0,-7.645,77.112,37.098,0.09,1.32,0.0
ATOM,192.0,N,ALA,14.0,-10.949,80.113,38.861,-0.47,1.85,0.0
ATOM,193.0,CA,ALA,14.0,-10.744,81.38,39.564,0.07,2.275,0.19
ATOM,194.0,C,ALA,14.0,-11.565,81.504,40.85,0.51,2.0,0.0
ATOM,195.0,O,ALA,14.0,-12.194,82.533,41.093,-0.51,1.7,0.0
ATOM,196.0,CB,ALA,14.0,-11.072,82.541,38.63,-0.27,2.06,0.53
ATOM,197.0,H,ALA,14.0,-11.884,79.773,38.56,0.31,0.2245,0.0
ATOM,198.0,HA,ALA,14.0,-9.76,81.46,39.805,0.09,1.32,1.37
ATOM,199.0,HB1,ALA,14.0,-11.915,82.34,38.133,0.09,1.32,0.0
ATOM,200.0,HB2,ALA,14.0,-11.192,83.375,39.166,0.09,1.32,0.0
ATOM,201.0,HB3,ALA,14.0,-10.324,82.666,37.98,0.09,1.32,0.0
ATOM,202.0,N,GLY,15.0,-11.552,80.462,41.674,-0.47,1.85,0.56
ATOM,203.0,CA,GLY,15.0,-12.312,80.501,42.911,-0.02,2.175,2.54
ATOM,204.0,C,GLY,15.0,-12.132,79.288,43.809,0.51,2.0,1.56
ATOM,205.0,O,GLY,15.0,-11.869,78.177,43.341,-0.51,1.7,0.91
ATOM,206.0,H,GLY,15.0,-10.981,79.663,41.369,0.31,0.2245,0.0
ATOM,207.0,HA2,GLY,15.0,-12.056,81.343,43.436,0.09,1.32,1.25
ATOM,208.0,HA3,GLY,15.0,-13.307,80.606,42.69,0.09,1.32,0.98
ATOM,209.0,N,GLY,16.0,-12.28,79.504,45.111,-0.47,1.85,2.07
ATOM,210.0,CA,GLY,16.0,-12.133,78.418,46.061,-0.02,2.175,0.82
ATOM,211.0,C,GLY,16.0,-13.219,78.421,47.118,0.51,2.0,0.0
ATOM,212.0,O,GLY,16.0,-14.406,78.359,46.798,-0.51,1.7,0.71
ATOM,213.0,H,GLY,16.0,-12.501,80.478,45.373,0.31,0.2245,2.91
ATOM,214.0,HA2,GLY,16.0,-12.152,77.532,45.566,0.09,1.32,0.0
ATOM,215.0,HA3,GLY,16.0,-11.227,78.486,46.513,0.09,1.32,0.0
ATOM,216.0,N,GLY,17.0,-12.812,78.495,48.381,-0.47,1.85,1.74
ATOM,217.0,CA,GLY,17.0,-13.771,78.506,49.469,-0.02,2.175,0.01
ATOM,218.0,C,GLY,17.0,-13.257,79.237,50.694,0.51,2.0,0.02
ATOM,219.0,O,GLY,17.0,-13.377,80.458,50.791,-0.51,1.7,26.49
ATOM,220.0,H,GLY,17.0,-11.788,78.542,48.51,0.31,0.2245,0.0
ATOM,221.0,HA2,GLY,17.0,-14.632,78.945,49.155,0.09,1.32,1.57
ATOM,222.0,HA3,GLY,17.0,-14.003,77.55,49.724,0.09,1.32,0.0
ATOM,223.0,N,ASP,18.0,-12.68,78.49,51.63,-0.47,1.85,0.0
ATOM,224.0,CA,ASP,18.0,-12.149,79.079,52.854,0.07,2.275,2.4
ATOM,225.0,C,ASP,18.0,-10.944,78.305,53.382,0.51,2.0,0.0
ATOM,226.0,O,ASP,18.0,-9.975,78.899,53.855,-0.51,1.7,31.66
ATOM,227.0,CB,ASP,18.0,-13.238,79.132,53.929,-0.28,2.175,16.82
ATOM,228.0,CG,ASP,18.0,-13.779,77.76,54.28,0.62,2.0,0.14
ATOM,229.0,OD1,ASP,18.0,-14.321,77.083,53.38,-0.76,1.7,0.55
ATOM,230.0,OD2,ASP,18.0,-13.663,77.357,55.456,-0.76,1.7,20.05
ATOM,231.0,H,ASP,18.0,-12.642,77.476,51.418,0.31,0.2245,0.0
ATOM,232.0,HA,ASP,18.0,-11.824,80.007,52.623,0.09,1.32,7.72
ATOM,233.0,HB2,ASP,18.0,-12.844,79.539,54.745,0.09,1.32,9.14
ATOM,234.0,HB3,ASP,18.0,-13.982,79.692,53.585,0.09,1.32,3.17
ATOM,235.0,N,SER,19.0,-11.009,76.98,53.301,-0.47,1.85,0.0
ATOM,236.0,CA,SER,19.0,-9.921,76.134,53.777,0.07,2.275,1.55
ATOM,237.0,C,SER,19.0,-9.717,74.921,52.875,0.51,2.0,0.05
ATOM,238.0,O,SER,19.0,-10.481,74.697,51.936,-0.51,1.7,0.75
ATOM,239.0,CB,SER,19.0,-10.204,75.667,55.207,0.05,2.175,19.97
ATOM,240.0,OG,SER,19.0,-11.411,74.929,55.275,-0.66,1.77,2.98
ATOM,241.0,H,SER,19.0,-11.881,76.61,52.879,0.31,0.2245,0.0
ATOM,242.0,HA,SER,19.0,-9.071,76.678,53.76,0.09,1.32,7.23
ATOM,243.0,HB2,SER,19.0,-9.452,75.089,55.51,0.09,1.32,4.35
ATOM,244.0,HB3,SER,19.0,-10.279,76.467,55.796,0.09,1.32,7.5
ATOM,245.0,HG,SER,19.0,-11.854,74.931,54.379,0.43,0.2245,0.0
ATOM,246.0,N,ALA,20.0,-8.679,74.142,53.167,-0.47,1.85,1.85
ATOM,247.0,CA,ALA,20.0,-8.368,72.951,52.387,0.07,2.275,0.0
ATOM,248.0,C,ALA,20.0,-9.291,71.799,52.77,0.51,2.0,0.0
ATOM,249.0,O,ALA,20.0,-9.631,70.961,51.935,-0.51,1.7,11.88
ATOM,250.0,CB,ALA,20.0,-6.914,72.551,52.606,-0.27,2.06,17.64
ATOM,251.0,H,ALA,20.0,-8.119,74.453,53.986,0.31,0.2245,6.91
ATOM,252.0,HA,ALA,20.0,-8.501,73.157,51.411,0.09,1.32,0.0
ATOM,253.0,HB1,ALA,20.0,-6.774,72.318,53.568,0.09,1.32,6.29
ATOM,254.0,HB2,ALA,20.0,-6.697,71.759,52.037,0.09,1.32,0.0
ATOM,255.0,HB3,ALA,20.0,-6.318,73.313,52.357,0.09,1.32,8.05
ATOM,256.0,N,THR,21.0,-9.691,71.765,54.037,-0.47,1.85,0.02
ATOM,257.0,CA,THR,21.0,-10.577,70.719,54.533,0.07,2.275,0.58
ATOM,258.0,C,THR,21.0,-11.973,70.882,53.941,0.51,2.0,0.0
ATOM,259.0,O,THR,21.0,-12.573,69.918,53.465,-0.51,1.7,25.33
ATOM,260.0,CB,THR,21.0,-10.683,70.765,56.071,0.14,2.275,3.67
ATOM,261.0,OG1,THR,21.0,-9.379,70.619,56.646,-0.66,1.77,26.35
ATOM,262.0,CG2,THR,21.0,-11.581,69.644,56.576,-0.27,2.06,27.12
ATOM,263.0,H,THR,21.0,-9.324,72.534,54.631,0.31,0.2245,0.11
ATOM,264.0,HA,THR,21.0,-10.214,69.828,54.245,0.09,1.32,5.39
ATOM,265.0,HB,THR,21.0,-11.053,71.674,56.347,0.09,1.32,0.96
ATOM,266.0,HG21,THR,21.0,-12.53,69.964,56.624,0.09,1.32,0.15
ATOM,267.0,HG22,THR,21.0,-11.53,68.861,55.952,0.09,1.32,7.24
ATOM,268.0,HG23,THR,21.0,-11.284,69.356,57.489,0.09,1.32,10.92
ATOM,269.0,HG1,THR,21.0,-8.685,71.038,56.051,0.43,0.2245,10.48
ATOM,270.0,N,LYS,22.0,-12.481,72.109,53.974,-0.47,1.85,0.0
ATOM,271.0,CA,LYS,22.0,-13.804,72.411,53.441,0.07,2.275,2.09
ATOM,272.0,C,LYS,22.0,-13.796,73.763,52.736,0.51,2.0,0.01
ATOM,273.0,O,LYS,22.0,-12.983,74.631,53.051,-0.51,1.7,0.0
ATOM,274.0,CB,LYS,22.0,-14.837,72.424,54.571,-0.18,2.175,9.08
ATOM,275.0,CG,LYS,22.0,-14.547,73.442,55.665,-0.18,2.175,1.7
ATOM,276.0,CD,LYS,22.0,-15.602,73.401,56.761,-0.18,2.175,16.79
ATOM,277.0,CE,LYS,22.0,-15.625,72.053,57.466,0.21,2.175,20.8
ATOM,278.0,NZ,LYS,22.0,-14.317,71.736,58.102,-0.3,1.85,8.01
ATOM,279.0,H,LYS,22.0,-11.862,72.825,54.407,0.31,0.2245,0.0
ATOM,280.0,HA,LYS,22.0,-14.058,71.702,52.775,0.09,1.32,5.94
ATOM,281.0,HB2,LYS,22.0,-15.729,72.634,54.176,0.09,1.32,6.64
ATOM,282.0,HB3,LYS,22.0,-14.857,71.516,54.985,0.09,1.32,2.05
ATOM,283.0,HG2,LYS,22.0,-13.654,73.241,56.069,0.09,1.32,0.0
ATOM,284.0,HG3,LYS,22.0,-14.533,74.358,55.264,0.09,1.32,0.0
ATOM,285.0,HD2,LYS,22.0,-15.396,74.106,57.432,0.09,1.32,10.15
ATOM,286.0,HD3,LYS,22.0,-16.496,73.561,56.355,0.09,1.32,10.17
ATOM,287.0,HE2,LYS,22.0,-16.339,72.068,58.171,0.05,1.32,11.81
ATOM,288.0,HE3,LYS,22.0,-15.847,71.339,56.796,0.05,1.32,5.93
ATOM,289.0,HZ1,LYS,22.0,-14.152,70.752,58.047,0.33,0.2245,8.33
ATOM,290.0,HZ2,LYS,22.0,-13.588,72.225,57.623,0.33,0.2245,2.77
ATOM,291.0,HZ3,LYS,22.0,-14.337,72.02,59.06,0.33,0.2245,20.51
ATOM,292.0,N,SER,23.0,-14.705,73.937,51.781,-0.47,1.85,0.35
ATOM,293.0,CA,SER,23.0,-14.796,75.185,51.032,0.07,2.275,0.18
ATOM,294.0,C,SER,23.0,-16.225,75.468,50.577,0.51,2.0,0.32
ATOM,295.0,O,SER,23.0,-17.014,74.546,50.369,-0.51,1.7,10.56
ATOM,296.0,CB,SER,23.0,-13.864,75.133,49.818,0.05,2.175,0.04
ATOM,297.0,OG,SER,23.0,-14.145,74.008,49.005,-0.66,1.77,2.04
ATOM,298.0,H,SER,23.0,-15.33,73.124,51.62,0.31,0.2245,4.25
ATOM,299.0,HA,SER,23.0,-14.512,75.938,51.642,0.09,1.32,0.0
ATOM,300.0,HB2,SER,23.0,-13.991,75.962,49.281,0.09,1.32,0.0
ATOM,301.0,HB3,SER,23.0,-12.923,75.074,50.14,0.09,1.32,0.0
ATOM,302.0,HG,SER,23.0,-13.292,73.642,48.636,0.43,0.2245,7.3
ATOM,303.0,N,ASN,24.0,-16.55,76.749,50.424,-0.47,1.85,0.0
ATOM,304.0,CA,ASN,24.0,-17.883,77.159,49.997,0.07,2.275,2.61
ATOM,305.0,C,ASN,24.0,-17.888,77.637,48.544,0.51,2.0,0.23
ATOM,306.0,O,ASN,24.0,-18.203,78.793,48.259,-0.51,1.7,6.45
ATOM,307.0,CB,ASN,24.0,-18.409,78.27,50.912,-0.18,2.175,12.48
ATOM,308.0,CG,ASN,24.0,-18.555,77.818,52.353,0.55,2.0,2.16
ATOM,309.0,H,ASN,24.0,-15.784,77.42,50.632,0.31,0.2245,0.0
ATOM,310.0,HA,ASN,24.0,-18.475,76.343,50.038,0.09,1.32,4.87
ATOM,311.0,HB2,ASN,24.0,-17.769,79.032,50.881,0.09,1.32,3.86
ATOM,312.0,HB3,ASN,24.0,-19.302,78.556,50.576,0.09,1.32,8.29
ATOM,313.0,OD1,ASN,24.0,-19.297,76.881,52.649,-0.55,1.7,36.48
ATOM,314.0,ND2,ASN,24.0,-17.845,78.483,53.257,-0.62,1.85,15.39
ATOM,315.0,HD22,ASN,24.0,-17.258,79.242,52.97,0.3,0.2245,8.04
ATOM,316.0,HD21,ASN,24.0,-17.895,78.229,54.222,0.32,0.2245,18.77
ATOM,317.0,N,PHE,25.0,-17.537,76.733,47.635,-0.47,1.85,0.5
ATOM,318.0,CA,PHE,25.0,-17.49,77.022,46.202,0.07,2.275,0.08
ATOM,319.0,C,PHE,25.0,-18.875,77.316,45.594,0.51,2.0,0.06
ATOM,320.0,O,PHE,25.0,-19.851,76.601,45.855,-0.51,1.7,18.87
ATOM,321.0,CB,PHE,25.0,-16.806,75.857,45.451,-0.18,2.175,5.0
ATOM,322.0,CG,PHE,25.0,-17.071,74.48,46.045,0.0,1.9924,0.0
ATOM,323.0,CD1,PHE,25.0,-16.555,74.122,47.295,-0.115,1.9924,0.23
ATOM,324.0,CD2,PHE,25.0,-17.823,73.536,45.345,-0.115,1.9924,10.8
ATOM,325.0,CE1,PHE,25.0,-16.777,72.843,47.832,-0.115,1.9924,7.36
ATOM,326.0,CE2,PHE,25.0,-18.048,72.257,45.874,-0.115,1.9924,20.66
ATOM,327.0,CZ,PHE,25.0,-17.525,71.915,47.122,-0.115,1.9924,20.39
ATOM,328.0,H,PHE,25.0,-17.296,75.795,48.032,0.31,0.2245,0.0
ATOM,329.0,HA,PHE,25.0,-16.944,77.867,46.088,0.09,1.32,0.01
ATOM,330.0,HB2,PHE,25.0,-17.147,75.856,44.524,0.09,1.32,3.19
ATOM,331.0,HB3,PHE,25.0,-15.831,76.014,45.478,0.09,1.32,0.0
ATOM,332.0,HD1,PHE,25.0,-16.023,74.779,47.818,0.115,1.3582,0.0
ATOM,333.0,HD2,PHE,25.0,-18.209,73.772,44.455,0.115,1.3582,12.76
ATOM,334.0,HE1,PHE,25.0,-16.388,72.614,48.729,0.115,1.3582,4.29
ATOM,335.0,HE2,PHE,25.0,-18.589,71.588,45.344,0.115,1.3582,18.12
ATOM,336.0,HZ,PHE,25.0,-17.689,71.008,47.502,0.115,1.3582,17.93
ATOM,337.0,N,THR,26.0,-18.946,78.375,44.783,-0.47,1.85,0.46
ATOM,338.0,CA,THR,26.0,-20.198,78.793,44.139,0.07,2.275,1.49
ATOM,339.0,C,THR,26.0,-20.111,78.878,42.599,0.51,2.0,0.94
ATOM,340.0,O,THR,26.0,-20.594,77.985,41.892,-0.51,1.7,10.2
ATOM,341.0,CB,THR,26.0,-20.668,80.166,44.703,0.14,2.275,5.16
ATOM,342.0,OG1,THR,26.0,-19.623,81.138,44.544,-0.66,1.77,8.77
ATOM,343.0,CG2,THR,26.0,-21.016,80.044,46.185,-0.27,2.06,31.97
ATOM,344.0,H,THR,26.0,-18.043,78.876,44.647,0.31,0.2245,3.0
ATOM,345.0,HA,THR,26.0,-20.919,78.116,44.372,0.09,1.32,5.65
ATOM,346.0,HB,THR,26.0,-21.477,80.474,44.167,0.09,1.32,6.14
ATOM,347.0,HG21,THR,26.0,-21.951,80.367,46.34,0.09,1.32,11.81
ATOM,348.0,HG22,THR,26.0,-20.946,79.086,46.47,0.09,1.32,1.62
ATOM,349.0,HG23,THR,26.0,-20.381,80.597,46.727,0.09,1.32,6.38
ATOM,350.0,HG1,THR,26.0,-18.777,80.814,44.98,0.43,0.2245,0.94
ATOM,351.0,N,VAL,27.0,-19.509,79.953,42.088,-0.47,1.85,0.68
ATOM,352.0,CA,VAL,27.0,-19.351,80.15,40.641,0.07,2.275,0.9
ATOM,353.0,C,VAL,27.0,-17.967,80.735,40.309,0.51,2.0,1.51
ATOM,354.0,O,VAL,27.0,-17.295,80.293,39.375,-0.51,1.7,0.03
ATOM,355.0,CB,VAL,27.0,-20.456,81.093,40.062,-0.09,2.275,0.0
ATOM,356.0,CG1,VAL,27.0,-21.828,80.428,40.169,-0.27,2.06,11.4
ATOM,357.0,CG2,VAL,27.0,-20.45,82.432,40.797,-0.27,2.06,23.67
ATOM,358.0,H,VAL,27.0,-19.164,80.634,42.794,0.31,0.2245,0.0
ATOM,359.0,HA,VAL,27.0,-19.419,79.253,40.194,0.09,1.32,0.0
ATOM,360.0,HB,VAL,27.0,-20.263,81.214,39.098,0.09,1.32,0.0
ATOM,361.0,HG11,VAL,27.0,-22.536,81.132,40.192,0.09,1.32,7.75
ATOM,362.0,HG12,VAL,27.0,-21.971,79.835,39.378,0.09,1.32,0.0
ATOM,363.0,HG13,VAL,27.0,-21.868,79.885,41.006,0.09,1.32,0.86
ATOM,364.0,HG21,VAL,27.0,-20.343,83.17,40.132,0.09,1.32,1.71
ATOM,365.0,HG22,VAL,27.0,-21.314,82.54,41.287,0.09,1.32,6.57
ATOM,366.0,HG23,VAL,27.0,-19.689,82.447,41.444,0.09,1.32,0.05
ATOM,367.0,N,GLY,28.0,-17.556,81.733,41.085,-0.47,1.85,0.28
ATOM,368.0,CA,GLY,28.0,-16.262,82.366,40.893,-0.02,2.175,1.26
ATOM,369.0,C,GLY,28.0,-15.745,82.795,42.254,0.51,2.0,1.72
ATOM,370.0,O,GLY,28.0,-16.246,82.304,43.269,-0.51,1.7,1.86
ATOM,371.0,H,GLY,28.0,-18.229,82.014,41.825,0.31,0.2245,0.5
ATOM,372.0,HA2,GLY,28.0,-15.626,81.718,40.484,0.09,1.32,0.0
ATOM,373.0,HA3,GLY,28.0,-16.36,83.165,40.307,0.09,1.32,0.0
ATOM,374.0,N,LYS,29.0,-14.759,83.695,42.282,-0.47,1.85,0.89
ATOM,375.0,CA,LYS,29.0,-14.183,84.204,43.537,0.07,2.275,3.63
ATOM,376.0,C,LYS,29.0,-12.919,85.054,43.368,0.51,2.0,1.5
ATOM,377.0,O,LYS,29.0,-12.232,85.337,44.353,-0.51,1.7,16.71
ATOM,378.0,CB,LYS,29.0,-13.865,83.054,44.51,-0.18,2.175,0.02
ATOM,379.0,CG,LYS,29.0,-14.945,82.748,45.561,-0.18,2.175,1.29
ATOM,380.0,CD,LYS,29.0,-15.053,83.817,46.654,-0.18,2.175,8.76
ATOM,381.0,CE,LYS,29.0,-15.727,85.091,46.166,0.21,2.175,11.88
ATOM,382.0,NZ,LYS,29.0,-15.833,86.106,47.247,-0.3,1.85,13.71
ATOM,383.0,H,LYS,29.0,-14.432,84.007,41.343,0.31,0.2245,0.0
ATOM,384.0,HA,LYS,29.0,-14.891,84.77,44.008,0.09,1.32,0.08
ATOM,385.0,HB2,LYS,29.0,-13.715,82.222,43.97,0.09,1.32,0.0
ATOM,386.0,HB3,LYS,29.0,-13.017,83.283,44.996,0.09,1.32,3.81
ATOM,387.0,HG2,LYS,29.0,-15.834,82.672,45.096,0.09,1.32,0.0
ATOM,388.0,HG3,LYS,29.0,-14.733,81.866,45.993,0.09,1.32,0.0
ATOM,389.0,HD2,LYS,29.0,-15.586,83.443,47.411,0.09,1.32,10.47
ATOM,390.0,HD3,LYS,29.0,-14.133,84.043,46.969,0.09,1.32,7.01
ATOM,391.0,HE2,LYS,29.0,-15.192,85.471,45.407,0.05,1.32,0.99
ATOM,392.0,HE3,LYS,29.0,-16.646,84.865,45.834,0.05,1.32,8.28
ATOM,393.0,HZ1,LYS,29.0,-15.928,87.015,46.841,0.33,0.2245,20.44
ATOM,394.0,HZ2,LYS,29.0,-16.633,85.907,47.813,0.33,0.2245,19.4
ATOM,395.0,HZ3,LYS,29.0,-15.009,86.077,47.812,0.33,0.2245,16.01
ATOM,396.0,N,VAL,30.0,-12.6,85.466,42.143,-0.47,1.85,3.35
ATOM,397.0,CA,VAL,30.0,-11.401,86.275,41.952,0.07,2.275,3.47
ATOM,398.0,C,VAL,30.0,-11.23,86.866,40.544,0.51,2.0,1.77
ATOM,399.0,O,VAL,30.0,-11.629,86.264,39.545,-0.51,1.7,0.65
ATOM,400.0,CB,VAL,30.0,-10.143,85.454,42.349,-0.09,2.275,1.83
ATOM,401.0,CG1,VAL,30.0,-9.832,84.415,41.294,-0.27,2.06,1.3
ATOM,402.0,CG2,VAL,30.0,-8.976,86.373,42.586,-0.27,2.06,11.94
ATOM,403.0,H,VAL,30.0,-13.234,85.181,41.395,0.31,0.2245,0.0
ATOM,404.0,HA,VAL,30.0,-11.441,87.058,42.609,0.09,1.32,5.99
ATOM,405.0,HB,VAL,30.0,-10.361,84.97,43.19,0.09,1.32,3.06
ATOM,406.0,HG11,VAL,30.0,-10.684,84.077,40.89,0.09,1.32,0.0
ATOM,407.0,HG12,VAL,30.0,-9.266,84.822,40.575,0.09,1.32,0.0
ATOM,408.0,HG13,VAL,30.0,-9.338,83.649,41.709,0.09,1.32,7.42
ATOM,409.0,HG21,VAL,30.0,-8.982,86.691,43.537,0.09,1.32,10.68
ATOM,410.0,HG22,VAL,30.0,-8.118,85.885,42.407,0.09,1.32,0.41
ATOM,411.0,HG23,VAL,30.0,-9.038,87.165,41.974,0.09,1.32,0.0
ATOM,412.0,N,GLY,31.0,-10.626,88.052,40.49,-0.47,1.85,4.01
ATOM,413.0,CA,GLY,31.0,-10.412,88.755,39.234,-0.02,2.175,13.15
ATOM,414.0,C,GLY,31.0,-9.6,88.071,38.146,0.51,2.0,0.0
ATOM,415.0,O,GLY,31.0,-9.773,86.882,37.875,-0.51,1.7,0.18
ATOM,416.0,H,GLY,31.0,-10.325,88.425,41.415,0.31,0.2245,5.49
ATOM,417.0,HA2,GLY,31.0,-11.34,89.015,38.839,0.09,1.32,6.7
ATOM,418.0,HA3,GLY,31.0,-9.975,89.677,39.442,0.09,1.32,6.28
ATOM,419.0,N,VAL,32.0,-8.715,88.842,37.517,-0.47,1.85,0.0
ATOM,420.0,CA,VAL,32.0,-7.865,88.359,36.43,0.07,2.275,0.0
ATOM,421.0,C,VAL,32.0,-6.402,88.213,36.859,0.51,2.0,0.0
ATOM,422.0,O,VAL,32.0,-5.793,87.151,36.685,-0.51,1.7,0.09
ATOM,423.0,CB,VAL,32.0,-7.929,89.333,35.215,-0.09,2.275,0.0
ATOM,424.0,CG1,VAL,32.0,-7.672,90.759,35.682,-0.27,2.06,16.35
ATOM,425.0,CG2,VAL,32.0,-6.905,88.931,34.153,-0.27,2.06,0.0
ATOM,426.0,H,VAL,32.0,-8.68,89.828,37.869,0.31,0.2245,2.75
ATOM,427.0,HA,VAL,32.0,-8.198,87.445,36.154,0.09,1.32,0.0
ATOM,428.0,HB,VAL,32.0,-8.853,89.301,34.86,0.09,1.32,0.0
ATOM,429.0,HG11,VAL,32.0,-7.287,91.292,34.929,0.09,1.32,5.32
ATOM,430.0,HG12,VAL,32.0,-8.532,91.174,35.978,0.09,1.32,6.64
ATOM,431.0,HG13,VAL,32.0,-7.028,90.749,36.446,0.09,1.32,0.0
ATOM,432.0,HG21,VAL,32.0,-7.026,89.508,33.347,0.09,1.32,0.0
ATOM,433.0,HG22,VAL,32.0,-5.986,89.054,34.523,0.09,1.32,0.0
ATOM,434.0,HG23,VAL,32.0,-7.047,87.973,33.909,0.09,1.32,0.82
ATOM,435.0,N,GLU,33.0,-5.858,89.294,37.419,-0.47,1.85,0.0
ATOM,436.0,CA,GLU,33.0,-4.464,89.362,37.874,0.07,2.275,0.0
ATOM,437.0,C,GLU,33.0,-4.065,88.195,38.746,0.51,2.0,0.0
ATOM,438.0,O,GLU,33.0,-3.001,87.597,38.586,-0.51,1.7,0.0
ATOM,439.0,CB,GLU,33.0,-4.234,90.653,38.654,-0.18,2.175,7.04
ATOM,440.0,CG,GLU,33.0,-4.327,91.881,37.786,-0.28,2.175,19.79
ATOM,441.0,CD,GLU,33.0,-3.339,91.845,36.61,0.62,2.0,3.71
ATOM,442.0,OE1,GLU,33.0,-3.541,91.034,35.672,-0.76,1.7,10.03
ATOM,443.0,OE2,GLU,33.0,-2.345,92.609,36.643,-0.76,1.7,45.71
ATOM,444.0,H,GLU,33.0,-6.519,90.105,37.509,0.31,0.2245,0.27
ATOM,445.0,HA,GLU,33.0,-3.854,89.408,37.061,0.09,1.32,0.0
ATOM,446.0,HB2,GLU,33.0,-4.931,90.714,39.341,0.09,1.32,3.42
ATOM,447.0,HB3,GLU,33.0,-3.331,90.616,39.032,0.09,1.32,0.39
ATOM,448.0,HG2,GLU,33.0,-5.228,91.932,37.4,0.09,1.32,0.09
ATOM,449.0,HG3,GLU,33.0,-4.102,92.671,38.323,0.09,1.32,10.33
ATOM,450.0,N,ASN,34.0,-4.945,87.914,39.69,-0.47,1.85,0.0
ATOM,451.0,CA,ASN,34.0,-4.802,86.84,40.64,0.07,2.275,1.68
ATOM,452.0,C,ASN,34.0,-4.466,85.544,39.906,0.51,2.0,0.0
ATOM,453.0,O,ASN,34.0,-3.611,84.772,40.344,-0.51,1.7,2.49
ATOM,454.0,CB,ASN,34.0,-6.117,86.767,41.394,-0.18,2.175,2.02
ATOM,455.0,CG,ASN,34.0,-6.514,88.13,41.97,0.55,2.0,0.0
ATOM,456.0,H,ASN,34.0,-5.785,88.563,39.687,0.31,0.2245,0.0
ATOM,457.0,HA,ASN,34.0,-4.015,87.052,41.226,0.09,1.32,1.03
ATOM,458.0,HB2,ASN,34.0,-6.832,86.476,40.772,0.09,1.32,0.0
ATOM,459.0,HB3,ASN,34.0,-6.023,86.129,42.148,0.09,1.32,8.15
ATOM,460.0,OD1,ASN,34.0,-5.849,88.65,42.872,-0.55,1.7,32.69
ATOM,461.0,ND2,ASN,34.0,-7.578,88.722,41.431,-0.62,1.85,1.13
ATOM,462.0,HD22,ASN,34.0,-8.073,88.262,40.689,0.3,0.2245,0.0
ATOM,463.0,HD21,ASN,34.0,-7.88,89.611,41.761,0.32,0.2245,17.02
ATOM,464.0,N,LEU,35.0,-5.121,85.331,38.769,-0.47,1.85,0.0
ATOM,465.0,CA,LEU,35.0,-4.882,84.152,37.95,0.07,2.275,0.34
ATOM,466.0,C,LEU,35.0,-3.68,84.394,37.058,0.51,2.0,0.0
ATOM,467.0,O,LEU,35.0,-3.653,83.942,35.919,-0.51,1.7,0.18
ATOM,468.0,CB,LEU,35.0,-6.093,83.854,37.071,-0.18,2.175,0.26
ATOM,469.0,CG,LEU,35.0,-7.382,83.409,37.758,-0.09,2.275,0.68
ATOM,470.0,CD1,LEU,35.0,-7.658,84.253,38.997,-0.27,2.06,3.06
ATOM,471.0,CD2,LEU,35.0,-8.52,83.521,36.751,-0.27,2.06,0.97
ATOM,472.0,H,LEU,35.0,-5.81,86.072,38.52,0.31,0.2245,0.0
ATOM,473.0,HA,LEU,35.0,-4.682,83.377,38.553,0.09,1.32,3.53
ATOM,474.0,HB2,LEU,35.0,-6.306,84.687,36.551,0.09,1.32,0.89
ATOM,475.0,HB3,LEU,35.0,-5.834,83.129,36.428,0.09,1.32,0.0
ATOM,476.0,HG,LEU,35.0,-7.295,82.448,38.026,0.09,1.32,2.49
ATOM,477.0,HD11,LEU,35.0,-7.75,85.213,38.732,0.09,1.32,0.0
ATOM,478.0,HD12,LEU,35.0,-8.505,83.944,39.429,0.09,1.32,0.0
ATOM,479.0,HD13,LEU,35.0,-6.9,84.156,39.642,0.09,1.32,1.79
ATOM,480.0,HD21,LEU,35.0,-8.329,82.933,35.965,0.09,1.32,0.0
ATOM,481.0,HD22,LEU,35.0,-9.376,83.234,37.182,0.09,1.32,0.0
ATOM,482.0,HD23,LEU,35.0,-8.603,84.47,36.445,0.09,1.32,0.0
ATOM,483.0,N,VAL,36.0,-2.697,85.125,37.571,-0.47,1.85,0.0
ATOM,484.0,CA,VAL,36.0,-1.477,85.422,36.822,0.07,2.275,0.0
ATOM,485.0,C,VAL,36.0,-0.361,85.535,37.84,0.51,2.0,0.0
ATOM,486.0,O,VAL,36.0,0.78,85.154,37.583,-0.51,1.7,0.12
ATOM,487.0,CB,VAL,36.0,-1.574,86.768,36.05,-0.09,2.275,0.06
ATOM,488.0,CG1,VAL,36.0,-0.277,87.035,35.306,-0.27,2.06,11.45
ATOM,489.0,CG2,VAL,36.0,-2.739,86.738,35.073,-0.27,2.06,1.2
ATOM,490.0,H,VAL,36.0,-2.867,85.465,38.54,0.31,0.2245,0.0
ATOM,491.0,HA,VAL,36.0,-1.283,84.652,36.229,0.09,1.32,0.0
ATOM,492.0,HB,VAL,36.0,-1.682,87.488,36.724,0.09,1.32,0.0
ATOM,493.0,HG11,VAL,36.0,0.416,87.365,35.948,0.09,1.32,1.06
ATOM,494.0,HG12,VAL,36.0,0.044,86.19,34.877,0.09,1.32,0.0
ATOM,495.0,HG13,VAL,36.0,-0.431,87.727,34.6,0.09,1.32,3.61
ATOM,496.0,HG21,VAL,36.0,-3.279,85.911,35.228,0.09,1.32,0.0
ATOM,497.0,HG22,VAL,36.0,-3.311,87.545,35.216,0.09,1.32,0.0
ATOM,498.0,HG23,VAL,36.0,-2.386,86.738,34.137,0.09,1.32,0.0
ATOM,499.0,N,ASN,37.0,-0.722,86.067,39.004,-0.47,1.85,0.0
ATOM,500.0,CA,ASN,37.0,0.205,86.256,40.106,0.07,2.275,1.46
ATOM,501.0,C,ASN,37.0,0.428,84.92,40.792,0.51,2.0,0.0
ATOM,502.0,O,ASN,37.0,1.523,84.627,41.268,-0.51,1.7,12.68
ATOM,503.0,CB,ASN,37.0,-0.369,87.264,41.102,-0.18,2.175,14.84
ATOM,504.0,CG,ASN,37.0,-0.847,88.537,40.429,0.55,2.0,2.05
ATOM,505.0,H,ASN,37.0,-1.733,86.337,39.055,0.31,0.2245,0.0
ATOM,506.0,HA,ASN,37.0,1.081,86.536,39.715,0.09,1.32,4.42
ATOM,507.0,HB2,ASN,37.0,-1.141,86.842,41.568,0.09,1.32,2.79
ATOM,508.0,HB3,ASN,37.0,0.343,87.499,41.758,0.09,1.32,10.96
ATOM,509.0,OD1,ASN,37.0,-0.129,89.137,39.628,-0.55,1.7,26.17
ATOM,510.0,ND2,ASN,37.0,-2.062,88.96,40.755,-0.62,1.85,12.14
ATOM,511.0,HD22,ASN,37.0,-2.607,88.445,41.42,0.3,0.2245,2.88
ATOM,512.0,HD21,ASN,37.0,-2.434,89.789,40.341,0.32,0.2245,3.04
ATOM,513.0,N,ALA,38.0,-0.623,84.111,40.831,-0.47,1.85,0.37
ATOM,514.0,CA,ALA,38.0,-0.546,82.8,41.449,0.07,2.275,3.75
ATOM,515.0,C,ALA,38.0,0.48,81.939,40.731,0.51,2.0,0.0
ATOM,516.0,O,ALA,38.0,1.164,81.126,41.359,-0.51,1.7,20.75
ATOM,517.0,CB,ALA,38.0,-1.901,82.132,41.413,-0.27,2.06,25.61
ATOM,518.0,H,ALA,38.0,-1.483,84.491,40.391,0.31,0.2245,0.0
ATOM,519.0,HA,ALA,38.0,-0.261,82.907,42.408,0.09,1.32,10.59
ATOM,520.0,HB1,ALA,38.0,-1.797,81.145,41.549,0.09,1.32,5.39
ATOM,521.0,HB2,ALA,38.0,-2.482,82.504,42.139,0.09,1.32,10.12
ATOM,522.0,HB3,ALA,38.0,-2.337,82.297,40.527,0.09,1.32,0.11
ATOM,523.0,N,VAL,39.0,0.587,82.12,39.416,-0.47,1.85,0.0
ATOM,524.0,CA,VAL,39.0,1.54,81.354,38.619,0.07,2.275,0.02
ATOM,525.0,C,VAL,39.0,2.627,82.266,38.062,0.51,2.0,0.0
ATOM,526.0,O,VAL,39.0,2.669,82.536,36.862,-0.51,1.7,0.0
ATOM,527.0,CB,VAL,39.0,0.849,80.642,37.439,-0.09,2.275,0.0
ATOM,528.0,CG1,VAL,39.0,1.749,79.543,36.912,-0.27,2.06,5.28
ATOM,529.0,CG2,VAL,39.0,-0.494,80.089,37.875,-0.27,2.06,2.4
ATOM,530.0,H,VAL,39.0,-0.05,82.834,39.02,0.31,0.2245,0.0
ATOM,531.0,HA,VAL,39.0,1.98,80.679,39.22,0.09,1.32,0.39
ATOM,532.0,HB,VAL,39.0,0.738,81.307,36.711,0.09,1.32,0.0
ATOM,533.0,HG11,VAL,39.0,2.424,79.296,37.609,0.09,1.32,0.02
ATOM,534.0,HG12,VAL,39.0,1.2,78.737,36.685,0.09,1.32,0.0
ATOM,535.0,HG13,VAL,39.0,2.224,79.861,36.09,0.09,1.32,0.0
ATOM,536.0,HG21,VAL,39.0,-1.2,80.379,37.228,0.09,1.32,0.0
ATOM,537.0,HG22,VAL,39.0,-0.451,79.089,37.897,0.09,1.32,0.0
ATOM,538.0,HG23,VAL,39.0,-0.715,80.434,38.788,0.09,1.32,0.0
ATOM,539.0,N,PRO,40.0,3.536,82.737,38.93,-0.29,1.85,0.0
ATOM,540.0,CA,PRO,40.0,4.63,83.625,38.53,0.02,2.275,0.0
ATOM,541.0,C,PRO,40.0,5.536,83.078,37.432,0.51,2.0,0.27
ATOM,542.0,O,PRO,40.0,6.29,83.835,36.829,-0.51,1.7,6.27
ATOM,543.0,CB,PRO,40.0,5.387,83.843,39.837,-0.18,2.175,18.89
ATOM,544.0,CG,PRO,40.0,5.204,82.531,40.534,-0.18,2.175,17.34
ATOM,545.0,CD,PRO,40.0,3.729,82.279,40.319,0.0,2.175,5.33
ATOM,546.0,HA,PRO,40.0,4.26,84.543,38.261,0.09,1.32,0.88
ATOM,547.0,HB2,PRO,40.0,6.35,84.023,39.664,0.09,1.32,9.01
ATOM,548.0,HB3,PRO,40.0,4.985,84.585,40.362,0.09,1.32,7.39
ATOM,549.0,HG2,PRO,40.0,5.749,81.826,40.106,0.09,1.32,0.34
ATOM,550.0,HG3,PRO,40.0,5.412,82.613,41.497,0.09,1.32,11.33
ATOM,551.0,HD2,PRO,40.0,3.51,81.313,40.404,0.09,1.32,0.73
ATOM,552.0,HD3,PRO,40.0,3.174,82.816,40.947,0.09,1.32,0.35
ATOM,553.0,N,GLN,41.0,5.468,81.774,37.172,-0.47,1.85,0.04
ATOM,554.0,CA,GLN,41.0,6.308,81.166,36.143,0.07,2.275,0.68
ATOM,555.0,C,GLN,41.0,5.848,81.558,34.745,0.51,2.0,0.0
ATOM,556.0,O,GLN,41.0,6.583,81.398,33.773,-0.51,1.7,0.04
ATOM,557.0,CB,GLN,41.0,6.309,79.638,36.266,-0.18,2.175,2.93
ATOM,558.0,CG,GLN,41.0,6.749,79.094,37.624,-0.18,2.175,19.64
ATOM,559.0,CD,GLN,41.0,5.641,79.142,38.666,0.55,2.0,2.13
ATOM,560.0,H,GLN,41.0,4.789,81.246,37.745,0.31,0.2245,0.0
ATOM,561.0,HA,GLN,41.0,7.248,81.511,36.267,0.09,1.32,4.3
ATOM,562.0,HB2,GLN,41.0,5.379,79.3,36.085,0.09,1.32,0.0
ATOM,563.0,HB3,GLN,41.0,6.927,79.26,35.567,0.09,1.32,4.83
ATOM,564.0,HG2,GLN,41.0,7.036,78.144,37.509,0.09,1.32,11.69
ATOM,565.0,HG3,GLN,41.0,7.519,79.64,37.952,0.09,1.32,9.26
ATOM,566.0,OE1,GLN,41.0,5.819,78.698,39.799,-0.55,1.7,35.56
ATOM,567.0,NE2,GLN,41.0,4.49,79.68,38.282,-0.62,1.85,2.62
ATOM,568.0,HE21,GLN,41.0,3.701,79.733,38.919,0.32,0.2245,2.32
ATOM,569.0,HE22,GLN,41.0,4.409,80.042,37.333,0.3,0.2245,0.0
ATOM,570.0,N,LEU,42.0,4.626,82.059,34.64,-0.47,1.85,0.0
ATOM,571.0,CA,LEU,42.0,4.112,82.475,33.35,0.07,2.275,0.0
ATOM,572.0,C,LEU,42.0,5.032,83.516,32.724,0.51,2.0,0.0
ATOM,573.0,O,LEU,42.0,5.394,83.424,31.546,-0.51,1.7,0.0
ATOM,574.0,CB,LEU,42.0,2.709,83.055,33.5,-0.18,2.175,0.54
ATOM,575.0,CG,LEU,42.0,1.608,82.035,33.77,-0.09,2.275,0.0
ATOM,576.0,CD1,LEU,42.0,0.265,82.749,33.806,-0.27,2.06,0.0
ATOM,577.0,CD2,LEU,42.0,1.615,80.968,32.682,-0.27,2.06,0.0
ATOM,578.0,H,LEU,42.0,4.096,82.123,35.523,0.31,0.2245,0.0
ATOM,579.0,HA,LEU,42.0,4.078,81.677,32.74,0.09,1.32,0.0
ATOM,580.0,HB2,LEU,42.0,2.72,83.691,34.264,0.09,1.32,0.0
ATOM,581.0,HB3,LEU,42.0,2.48,83.526,32.657,0.09,1.32,0.0
ATOM,582.0,HG,LEU,42.0,1.775,81.599,34.648,0.09,1.32,0.0
ATOM,583.0,HD11,LEU,42.0,0.1,83.196,32.926,0.09,1.32,0.0
ATOM,584.0,HD12,LEU,42.0,-0.462,82.085,33.983,0.09,1.32,0.0
ATOM,585.0,HD13,LEU,42.0,0.271,83.437,34.532,0.09,1.32,0.0
ATOM,586.0,HD21,LEU,42.0,2.501,80.504,32.675,0.09,1.32,0.0
ATOM,587.0,HD22,LEU,42.0,0.891,80.302,32.864,0.09,1.32,0.0
ATOM,588.0,HD23,LEU,42.0,1.457,81.398,31.792,0.09,1.32,0.0
ATOM,589.0,N,LYS,43.0,5.413,84.5,33.527,-0.47,1.85,0.08
ATOM,590.0,CA,LYS,43.0,6.29,85.574,33.085,0.07,2.275,0.79
ATOM,591.0,C,LYS,43.0,7.523,85.104,32.319,0.51,2.0,0.0
ATOM,592.0,O,LYS,43.0,8.095,85.856,31.539,-0.51,1.7,10.77
ATOM,593.0,CB,LYS,43.0,6.729,86.413,34.285,-0.18,2.175,6.08
ATOM,594.0,CG,LYS,43.0,5.601,87.167,34.948,-0.18,2.175,2.15
ATOM,595.0,CD,LYS,43.0,6.135,88.287,35.825,-0.18,2.175,9.33
ATOM,596.0,CE,LYS,43.0,5.001,89.169,36.325,0.21,2.175,13.88
ATOM,597.0,NZ,LYS,43.0,5.477,90.388,37.039,-0.3,1.85,14.85
ATOM,598.0,H,LYS,43.0,5.032,84.438,34.498,0.31,0.2245,0.0
ATOM,599.0,HA,LYS,43.0,5.758,86.203,32.481,0.09,1.32,1.06
ATOM,600.0,HB2,LYS,43.0,7.141,85.8,34.957,0.09,1.32,1.0
ATOM,601.0,HB3,LYS,43.0,7.411,87.072,33.969,0.09,1.32,6.34
ATOM,602.0,HG2,LYS,43.0,5.01,87.563,34.246,0.09,1.32,6.77
ATOM,603.0,HG3,LYS,43.0,5.071,86.539,35.516,0.09,1.32,0.0
ATOM,604.0,HD2,LYS,43.0,6.597,87.891,36.608,0.09,1.32,8.44
ATOM,605.0,HD3,LYS,43.0,6.759,88.845,35.293,0.09,1.32,8.6
ATOM,606.0,HE2,LYS,43.0,4.436,89.45,35.538,0.05,1.32,9.87
ATOM,607.0,HE3,LYS,43.0,4.42,88.629,36.949,0.05,1.32,5.51
ATOM,608.0,HZ1,LYS,43.0,5.288,90.294,38.016,0.33,0.2245,20.3
ATOM,609.0,HZ2,LYS,43.0,6.46,90.492,36.895,0.33,0.2245,15.03
ATOM,610.0,HZ3,LYS,43.0,4.999,91.189,36.681,0.33,0.2245,20.76
ATOM,611.0,N,ASP,44.0,7.938,83.866,32.54,-0.47,1.85,0.0
ATOM,612.0,CA,ASP,44.0,9.101,83.339,31.843,0.07,2.275,0.65
ATOM,613.0,C,ASP,44.0,8.795,82.818,30.448,0.51,2.0,0.0
ATOM,614.0,O,ASP,44.0,9.698,82.713,29.621,-0.51,1.7,15.09
ATOM,615.0,CB,ASP,44.0,9.737,82.225,32.667,-0.28,2.175,9.03
ATOM,616.0,CG,ASP,44.0,10.683,82.753,33.715,0.62,2.0,4.2
ATOM,617.0,OD1,ASP,44.0,10.318,83.732,34.397,-0.76,1.7,25.24
ATOM,618.0,OD2,ASP,44.0,11.791,82.186,33.852,-0.76,1.7,47.85
ATOM,619.0,H,ASP,44.0,7.384,83.328,33.225,0.31,0.2245,0.0
ATOM,620.0,HA,ASP,44.0,9.759,84.109,31.734,0.09,1.32,5.25
ATOM,621.0,HB2,ASP,44.0,9.008,81.72,33.116,0.09,1.32,0.01
ATOM,622.0,HB3,ASP,44.0,10.239,81.633,32.048,0.09,1.32,6.44
ATOM,623.0,N,ILE,45.0,7.533,82.498,30.181,-0.47,1.85,0.0
ATOM,624.0,CA,ILE,45.0,7.17,81.965,28.876,0.07,2.275,0.73
ATOM,625.0,C,ILE,45.0,6.338,82.892,28.005,0.51,2.0,0.0
ATOM,626.0,O,ILE,45.0,6.224,82.669,26.799,-0.51,1.7,3.69
ATOM,627.0,CB,ILE,45.0,6.423,80.611,29.007,-0.09,2.275,1.39
ATOM,628.0,CG1,ILE,45.0,5.139,80.794,29.822,-0.18,2.175,0.0
ATOM,629.0,CG2,ILE,45.0,7.341,79.569,29.651,-0.27,2.06,18.42
ATOM,630.0,CD1,ILE,45.0,4.372,79.509,30.08,-0.27,2.06,0.0
ATOM,631.0,H,ILE,45.0,6.864,82.655,30.948,0.31,0.2245,0.0
ATOM,632.0,HA,ILE,45.0,8.049,81.811,28.379,0.09,1.32,2.88
ATOM,633.0,HB,ILE,45.0,6.172,80.316,28.094,0.09,1.32,3.65
ATOM,634.0,HG12,ILE,45.0,5.378,81.209,30.7,0.09,1.32,0.0
ATOM,635.0,HG13,ILE,45.0,4.542,81.427,29.327,0.09,1.32,0.0
ATOM,636.0,HG21,ILE,45.0,6.864,78.695,29.698,0.09,1.32,0.11
ATOM,637.0,HG22,ILE,45.0,8.166,79.472,29.1,0.09,1.32,9.8
ATOM,638.0,HG23,ILE,45.0,7.585,79.868,30.57,0.09,1.32,0.0
ATOM,639.0,HD11,ILE,45.0,4.954,78.875,30.586,0.09,1.32,0.0
ATOM,640.0,HD12,ILE,45.0,3.554,79.716,30.614,0.09,1.32,0.0
ATOM,641.0,HD13,ILE,45.0,4.11,79.102,29.207,0.09,1.32,0.0
ATOM,642.0,N,ALA,46.0,5.764,83.935,28.593,-0.47,1.85,0.0
ATOM,643.0,CA,ALA,46.0,4.952,84.841,27.797,0.07,2.275,0.0
ATOM,644.0,C,ALA,46.0,4.742,86.224,28.411,0.51,2.0,0.0
ATOM,645.0,O,ALA,46.0,5.137,86.483,29.546,-0.51,1.7,1.46
ATOM,646.0,CB,ALA,46.0,3.597,84.187,27.52,-0.27,2.06,0.0
ATOM,647.0,H,ALA,46.0,5.936,84.035,29.596,0.31,0.2245,0.0
ATOM,648.0,HA,ALA,46.0,5.4,84.963,26.884,0.09,1.32,0.0
ATOM,649.0,HB1,ALA,46.0,3.202,84.583,26.693,0.09,1.32,0.0
ATOM,650.0,HB2,ALA,46.0,3.724,83.205,27.394,0.09,1.32,0.0
ATOM,651.0,HB3,ALA,46.0,2.987,84.35,28.294,0.09,1.32,0.0
ATOM,652.0,N,ASN,47.0,4.134,87.114,27.629,-0.47,1.85,0.0
ATOM,653.0,CA,ASN,47.0,3.799,88.454,28.08,0.07,2.275,3.34
ATOM,654.0,C,ASN,47.0,2.29,88.416,28.146,0.51,2.0,0.42
ATOM,655.0,O,ASN,47.0,1.604,88.739,27.178,-0.51,1.7,3.27
ATOM,656.0,CB,ASN,47.0,4.236,89.52,27.078,-0.18,2.175,7.73
ATOM,657.0,CG,ASN,47.0,5.744,89.586,26.915,0.55,2.0,2.23
ATOM,658.0,H,ASN,47.0,3.921,86.763,26.667,0.31,0.2245,0.0
ATOM,659.0,HA,ASN,47.0,4.129,88.546,28.998,0.09,1.32,4.16
ATOM,660.0,HB2,ASN,47.0,3.831,89.307,26.193,0.09,1.32,0.0
ATOM,661.0,HB3,ASN,47.0,3.913,90.406,27.399,0.09,1.32,11.3
ATOM,662.0,OD1,ASN,47.0,6.267,90.448,26.202,-0.55,1.7,27.68
ATOM,663.0,ND2,ASN,47.0,6.451,88.658,27.555,-0.62,1.85,8.81
ATOM,664.0,HD22,ASN,47.0,5.98,87.964,28.102,0.3,0.2245,0.0
ATOM,665.0,HD21,ASN,47.0,7.447,88.653,27.49,0.32,0.2245,5.58
ATOM,666.0,N,VAL,48.0,1.774,88.018,29.299,-0.47,1.85,0.97
ATOM,667.0,CA,VAL,48.0,0.337,87.88,29.483,0.07,2.275,0.0
ATOM,668.0,C,VAL,48.0,-0.458,89.161,29.712,0.51,2.0,0.05
ATOM,669.0,O,VAL,48.0,-0.074,90.016,30.498,-0.51,1.7,27.71
ATOM,670.0,CB,VAL,48.0,0.05,86.904,30.644,-0.09,2.275,0.29
ATOM,671.0,CG1,VAL,48.0,-1.447,86.78,30.872,-0.27,2.06,0.2
ATOM,672.0,CG2,VAL,48.0,0.673,85.551,30.334,-0.27,2.06,0.8
ATOM,673.0,H,VAL,48.0,2.469,87.817,30.044,0.31,0.2245,5.24
ATOM,674.0,HA,VAL,48.0,-0.045,87.427,28.638,0.09,1.32,0.0
ATOM,675.0,HB,VAL,48.0,0.441,87.296,31.47,0.09,1.32,2.7
ATOM,676.0,HG11,VAL,48.0,-1.937,87.305,30.175,0.09,1.32,0.0
ATOM,677.0,HG12,VAL,48.0,-1.717,85.818,30.813,0.09,1.32,0.0
ATOM,678.0,HG13,VAL,48.0,-1.679,87.135,31.778,0.09,1.32,0.32
ATOM,679.0,HG21,VAL,48.0,0.359,85.241,29.437,0.09,1.32,0.0
ATOM,680.0,HG22,VAL,48.0,1.669,85.639,30.33,0.09,1.32,0.0
ATOM,681.0,HG23,VAL,48.0,0.397,84.892,31.034,0.09,1.32,0.0
ATOM,682.0,N,LYS,49.0,-1.582,89.27,29.021,-0.47,1.85,0.0
ATOM,683.0,CA,LYS,49.0,-2.474,90.409,29.158,0.07,2.275,0.36
ATOM,684.0,C,LYS,49.0,-3.827,89.867,29.575,0.51,2.0,0.0
ATOM,685.0,O,LYS,49.0,-4.349,88.947,28.955,-0.51,1.7,0.0
ATOM,686.0,CB,LYS,49.0,-2.623,91.155,27.836,-0.18,2.175,4.77
ATOM,687.0,CG,LYS,49.0,-3.59,92.333,27.92,-0.18,2.175,5.19
ATOM,688.0,CD,LYS,49.0,-3.602,93.185,26.647,-0.18,2.175,14.73
ATOM,689.0,CE,LYS,49.0,-4.083,92.392,25.429,0.21,2.175,3.53
ATOM,690.0,NZ,LYS,49.0,-4.19,93.226,24.189,-0.3,1.85,8.27
ATOM,691.0,H,LYS,49.0,-1.771,88.472,28.373,0.31,0.2245,0.0
ATOM,692.0,HA,LYS,49.0,-2.131,91.009,29.872,0.09,1.32,3.43
ATOM,693.0,HB2,LYS,49.0,-1.732,91.504,27.569,0.09,1.32,8.01
ATOM,694.0,HB3,LYS,49.0,-2.966,90.519,27.153,0.09,1.32,0.0
ATOM,695.0,HG2,LYS,49.0,-4.518,91.983,28.079,0.09,1.32,0.0
ATOM,696.0,HG3,LYS,49.0,-3.328,92.917,28.693,0.09,1.32,9.36
ATOM,697.0,HD2,LYS,49.0,-4.216,93.956,26.784,0.09,1.32,10.51
ATOM,698.0,HD3,LYS,49.0,-2.678,93.507,26.468,0.09,1.32,10.22
ATOM,699.0,HE2,LYS,49.0,-3.439,91.637,25.261,0.05,1.32,1.99
ATOM,700.0,HE3,LYS,49.0,-4.986,91.997,25.637,0.05,1.32,0.32
ATOM,701.0,HZ1,LYS,49.0,-4.218,94.19,24.445,0.33,0.2245,15.44
ATOM,702.0,HZ2,LYS,49.0,-3.396,93.053,23.609,0.33,0.2245,9.69
ATOM,703.0,HZ3,LYS,49.0,-5.025,92.98,23.701,0.33,0.2245,1.75
ATOM,704.0,N,GLY,50.0,-4.403,90.43,30.625,-0.47,1.85,1.26
ATOM,705.0,CA,GLY,50.0,-5.692,89.936,31.065,-0.02,2.175,1.29
ATOM,706.0,C,GLY,50.0,-6.868,90.802,30.663,0.51,2.0,0.61
ATOM,707.0,O,GLY,50.0,-6.711,91.889,30.127,-0.51,1.7,15.27
ATOM,708.0,H,GLY,50.0,-3.888,91.194,31.067,0.31,0.2245,9.97
ATOM,709.0,HA2,GLY,50.0,-5.833,88.991,30.697,0.09,1.32,0.0
ATOM,710.0,HA3,GLY,50.0,-5.684,89.837,32.084,0.09,1.32,0.0
ATOM,711.0,N,GLU,51.0,-8.061,90.285,30.914,-0.47,1.85,0.0
ATOM,712.0,CA,GLU,51.0,-9.297,90.986,30.629,0.07,2.275,0.11
ATOM,713.0,C,GLU,51.0,-10.462,90.122,31.07,0.51,2.0,0.0
ATOM,714.0,O,GLU,51.0,-10.611,88.988,30.625,-0.51,1.7,0.0
ATOM,715.0,CB,GLU,51.0,-9.435,91.317,29.148,-0.18,2.175,0.9
ATOM,716.0,CG,GLU,51.0,-10.747,92.027,28.859,-0.28,2.175,5.39
ATOM,717.0,CD,GLU,51.0,-10.761,92.76,27.534,0.62,2.0,2.89
ATOM,718.0,OE1,GLU,51.0,-9.687,92.895,26.913,-0.76,1.7,14.62
ATOM,719.0,OE2,GLU,51.0,-11.85,93.216,27.123,-0.76,1.7,27.52
ATOM,720.0,H,GLU,51.0,-8.033,89.325,31.336,0.31,0.2245,0.0
ATOM,721.0,HA,GLU,51.0,-9.318,91.856,31.122,0.09,1.32,6.34
ATOM,722.0,HB2,GLU,51.0,-8.711,91.922,28.906,0.09,1.32,0.53
ATOM,723.0,HB3,GLU,51.0,-9.434,90.48,28.65,0.09,1.32,0.0
ATOM,724.0,HG2,GLU,51.0,-11.464,91.35,28.833,0.09,1.32,0.0
ATOM,725.0,HG3,GLU,51.0,-10.901,92.694,29.57,0.09,1.32,6.73
ATOM,726.0,N,GLN,52.0,-11.282,90.673,31.956,-0.47,1.85,0.0
ATOM,727.0,CA,GLN,52.0,-12.436,89.966,32.49,0.07,2.275,0.0
ATOM,728.0,C,GLN,52.0,-13.642,90.214,31.603,0.51,2.0,0.0
ATOM,729.0,O,GLN,52.0,-14.213,91.297,31.612,-0.51,1.7,19.1
ATOM,730.0,CB,GLN,52.0,-12.736,90.464,33.911,-0.18,2.175,9.75
ATOM,731.0,CG,GLN,52.0,-13.736,89.633,34.711,-0.18,2.175,9.94
ATOM,732.0,CD,GLN,52.0,-13.149,88.322,35.201,0.55,2.0,0.89
ATOM,733.0,H,GLN,52.0,-11.029,91.647,32.233,0.31,0.2245,7.95
ATOM,734.0,HA,GLN,52.0,-12.235,88.984,32.471,0.09,1.32,0.0
ATOM,735.0,HB2,GLN,52.0,-11.871,90.491,34.43,0.09,1.32,0.37
ATOM,736.0,HB3,GLN,52.0,-13.094,91.406,33.851,0.09,1.32,8.04
ATOM,737.0,HG2,GLN,52.0,-14.032,90.166,35.503,0.09,1.32,11.49
ATOM,738.0,HG3,GLN,52.0,-14.523,89.434,34.128,0.09,1.32,0.0
ATOM,739.0,OE1,GLN,52.0,-12.005,88.277,35.661,-0.55,1.7,0.0
ATOM,740.0,NE2,GLN,52.0,-13.934,87.249,35.12,-0.62,1.85,0.0
ATOM,741.0,HE21,GLN,52.0,-13.603,86.338,35.416,0.32,0.2245,0.41
ATOM,742.0,HE22,GLN,52.0,-14.879,87.361,34.754,0.3,0.2245,0.0
ATOM,743.0,N,VAL,53.0,-14.031,89.216,30.83,-0.47,1.85,0.0
ATOM,744.0,CA,VAL,53.0,-15.187,89.371,29.968,0.07,2.275,0.02
ATOM,745.0,C,VAL,53.0,-16.442,89.281,30.832,0.51,2.0,0.0
ATOM,746.0,O,VAL,53.0,-17.314,90.142,30.774,-0.51,1.7,25.23
ATOM,747.0,CB,VAL,53.0,-15.204,88.285,28.891,-0.09,2.275,0.0
ATOM,748.0,CG1,VAL,53.0,-16.451,88.425,28.037,-0.27,2.06,2.24
ATOM,749.0,CG2,VAL,53.0,-13.932,88.393,28.04,-0.27,2.06,1.72
ATOM,750.0,H,VAL,53.0,-13.466,88.357,30.891,0.31,0.2245,0.0
ATOM,751.0,HA,VAL,53.0,-15.16,90.281,29.561,0.09,1.32,5.67
ATOM,752.0,HB,VAL,53.0,-15.261,87.403,29.346,0.09,1.32,0.0
ATOM,753.0,HG11,VAL,53.0,-17.259,88.195,28.581,0.09,1.32,0.54
ATOM,754.0,HG12,VAL,53.0,-16.53,89.367,27.709,0.09,1.32,3.83
ATOM,755.0,HG13,VAL,53.0,-16.393,87.806,27.253,0.09,1.32,0.0
ATOM,756.0,HG21,VAL,53.0,-13.425,87.536,28.105,0.09,1.32,0.0
ATOM,757.0,HG22,VAL,53.0,-14.19,88.565,27.092,0.09,1.32,0.0
ATOM,758.0,HG23,VAL,53.0,-13.375,89.146,28.384,0.09,1.32,0.0
ATOM,759.0,N,VAL,54.0,-16.521,88.231,31.636,-0.47,1.85,0.0
ATOM,760.0,CA,VAL,54.0,-17.636,88.029,32.553,0.07,2.275,0.85
ATOM,761.0,C,VAL,54.0,-17.065,87.152,33.659,0.51,2.0,0.0
ATOM,762.0,O,VAL,54.0,-15.873,86.831,33.635,-0.51,1.7,0.0
ATOM,763.0,CB,VAL,54.0,-18.835,87.323,31.868,-0.09,2.275,0.64
ATOM,764.0,CG1,VAL,54.0,-18.519,85.849,31.606,-0.27,2.06,0.0
ATOM,765.0,CG2,VAL,54.0,-20.071,87.457,32.737,-0.27,2.06,22.1
ATOM,766.0,H,VAL,54.0,-15.721,87.564,31.558,0.31,0.2245,0.0
ATOM,767.0,HA,VAL,54.0,-17.88,88.897,32.945,0.09,1.32,6.97
ATOM,768.0,HB,VAL,54.0,-18.97,87.753,30.982,0.09,1.32,3.12
ATOM,769.0,HG11,VAL,54.0,-17.572,85.764,31.302,0.09,1.32,0.0
ATOM,770.0,HG12,VAL,54.0,-18.649,85.329,32.448,0.09,1.32,0.0
ATOM,771.0,HG13,VAL,54.0,-19.132,85.501,30.898,0.09,1.32,0.0
ATOM,772.0,HG21,VAL,54.0,-19.911,87.005,33.615,0.09,1.32,0.0
ATOM,773.0,HG22,VAL,54.0,-20.266,88.426,32.89,0.09,1.32,10.23
ATOM,774.0,HG23,VAL,54.0,-20.849,87.027,32.277,0.09,1.32,2.78
ATOM,775.0,N,ASN,55.0,-17.885,86.771,34.632,-0.47,1.85,1.4
ATOM,776.0,CA,ASN,55.0,-17.384,85.931,35.712,0.07,2.275,0.0
ATOM,777.0,C,ASN,55.0,-18.448,85.063,36.358,0.51,2.0,0.01
ATOM,778.0,O,ASN,55.0,-18.795,85.259,37.518,-0.51,1.7,8.04
ATOM,779.0,CB,ASN,55.0,-16.721,86.779,36.788,-0.18,2.175,10.71
ATOM,780.0,CG,ASN,55.0,-15.987,85.941,37.801,0.55,2.0,1.16
ATOM,781.0,H,ASN,55.0,-18.852,87.104,34.558,0.31,0.2245,2.73
ATOM,782.0,HA,ASN,55.0,-16.694,85.303,35.304,0.09,1.32,0.0
ATOM,783.0,HB2,ASN,55.0,-16.072,87.394,36.349,0.09,1.32,0.0
ATOM,784.0,HB3,ASN,55.0,-17.428,87.303,37.256,0.09,1.32,7.14
ATOM,785.0,OD1,ASN,55.0,-14.974,85.316,37.489,-0.55,1.7,0.0
ATOM,786.0,ND2,ASN,55.0,-16.496,85.909,39.02,-0.62,1.85,12.98
ATOM,787.0,HD22,ASN,55.0,-17.332,86.42,39.231,0.3,0.2245,12.95
ATOM,788.0,HD21,ASN,55.0,-16.05,85.373,39.74,0.32,0.2245,0.04
ATOM,789.0,N,ILE,56.0,-18.942,84.083,35.61,-0.47,1.85,0.0
ATOM,790.0,CA,ILE,56.0,-19.973,83.187,36.113,0.07,2.275,0.0
ATOM,791.0,C,ILE,56.0,-19.5,81.733,36.156,0.51,2.0,0.0
ATOM,792.0,O,ILE,56.0,-18.345,81.428,35.839,-0.51,1.7,0.96
ATOM,793.0,CB,ILE,56.0,-21.227,83.253,35.214,-0.09,2.275,0.78
ATOM,794.0,CG1,ILE,56.0,-20.862,82.849,33.777,-0.18,2.175,0.0
ATOM,795.0,CG2,ILE,56.0,-21.798,84.663,35.219,-0.27,2.06,22.24
ATOM,796.0,CD1,ILE,56.0,-22.055,82.757,32.822,-0.27,2.06,0.74
ATOM,797.0,H,ILE,56.0,-18.537,84.014,34.657,0.31,0.2245,0.0
ATOM,798.0,HA,ILE,56.0,-20.146,83.459,37.069,0.09,1.32,0.0
ATOM,799.0,HB,ILE,56.0,-21.885,82.598,35.558,0.09,1.32,0.0
ATOM,800.0,HG12,ILE,56.0,-20.215,83.518,33.414,0.09,1.32,0.0
ATOM,801.0,HG13,ILE,56.0,-20.414,81.956,33.807,0.09,1.32,0.0
ATOM,802.0,HG21,ILE,56.0,-22.617,84.694,34.648,0.09,1.32,5.61
ATOM,803.0,HG22,ILE,56.0,-22.035,84.924,36.153,0.09,1.32,9.45
ATOM,804.0,HG23,ILE,56.0,-21.118,85.3,34.859,0.09,1.32,0.0
ATOM,805.0,HD11,ILE,56.0,-22.5,83.647,32.775,0.09,1.32,1.65
ATOM,806.0,HD12,ILE,56.0,-21.726,82.491,31.92,0.09,1.32,0.0
ATOM,807.0,HD13,ILE,56.0,-22.693,82.075,33.168,0.09,1.32,0.0
ATOM,808.0,N,GLY,57.0,-20.407,80.853,36.581,-0.47,1.85,0.0
ATOM,809.0,CA,GLY,57.0,-20.134,79.428,36.616,-0.02,2.175,0.0
ATOM,810.0,C,GLY,57.0,-20.719,78.946,35.302,0.51,2.0,0.0
ATOM,811.0,O,GLY,57.0,-21.868,79.267,34.98,-0.51,1.7,0.0
ATOM,812.0,H,GLY,57.0,-21.31,81.275,36.879,0.31,0.2245,0.21
ATOM,813.0,HA2,GLY,57.0,-19.172,79.269,36.628,0.09,1.32,0.0
ATOM,814.0,HA3,GLY,57.0,-20.607,79.012,37.361,0.09,1.32,0.0
ATOM,815.0,N,SER,58.0,-19.943,78.192,34.531,-0.47,1.85,0.14
ATOM,816.0,CA,SER,58.0,-20.402,77.716,33.228,0.07,2.275,0.0
ATOM,817.0,C,SER,58.0,-21.827,77.164,33.201,0.51,2.0,0.0
ATOM,818.0,O,SER,58.0,-22.469,77.156,32.154,-0.51,1.7,0.08
ATOM,819.0,CB,SER,58.0,-19.419,76.678,32.655,0.05,2.175,0.0
ATOM,820.0,OG,SER,58.0,-19.287,75.551,33.502,-0.66,1.77,0.0
ATOM,821.0,H,SER,58.0,-19.01,77.977,34.923,0.31,0.2245,0.0
ATOM,822.0,HA,SER,58.0,-20.365,78.505,32.578,0.09,1.32,0.0
ATOM,823.0,HB2,SER,58.0,-19.757,76.38,31.765,0.09,1.32,0.0
ATOM,824.0,HB3,SER,58.0,-18.527,77.113,32.549,0.09,1.32,0.0
ATOM,825.0,HG,SER,58.0,-20.036,75.541,34.164,0.43,0.2245,0.0
ATOM,826.0,N,GLN,59.0,-22.326,76.71,34.341,-0.47,1.85,0.0
ATOM,827.0,CA,GLN,59.0,-23.674,76.177,34.394,0.07,2.275,1.4
ATOM,828.0,C,GLN,59.0,-24.657,77.238,33.932,0.51,2.0,0.0
ATOM,829.0,O,GLN,59.0,-25.749,76.929,33.47,-0.51,1.7,25.08
ATOM,830.0,CB,GLN,59.0,-24.028,75.752,35.816,-0.18,2.175,13.54
ATOM,831.0,CG,GLN,59.0,-23.985,76.885,36.814,-0.18,2.175,1.0
ATOM,832.0,CD,GLN,59.0,-22.837,76.761,37.792,0.55,2.0,0.0
ATOM,833.0,H,GLN,59.0,-21.694,76.768,35.155,0.31,0.2245,0.0
ATOM,834.0,HA,GLN,59.0,-23.731,75.406,33.756,0.09,1.32,2.27
ATOM,835.0,HB2,GLN,59.0,-24.953,75.368,35.815,0.09,1.32,9.95
ATOM,836.0,HB3,GLN,59.0,-23.379,75.047,36.111,0.09,1.32,0.0
ATOM,837.0,HG2,GLN,59.0,-23.888,77.75,36.319,0.09,1.32,0.0
ATOM,838.0,HG3,GLN,59.0,-24.843,76.895,37.33,0.09,1.32,5.72
ATOM,839.0,OE1,GLN,59.0,-21.666,76.795,37.408,-0.55,1.7,0.0
ATOM,840.0,NE2,GLN,59.0,-23.166,76.611,39.069,-0.62,1.85,14.24
ATOM,841.0,HE21,GLN,59.0,-22.449,76.507,39.785,0.32,0.2245,4.24
ATOM,842.0,HE22,GLN,59.0,-24.151,76.602,39.326,0.3,0.2245,17.42
ATOM,843.0,N,ASP,60.0,-24.265,78.499,34.051,-0.47,1.85,0.0
ATOM,844.0,CA,ASP,60.0,-25.138,79.58,33.643,0.07,2.275,1.59
ATOM,845.0,C,ASP,60.0,-24.724,80.197,32.316,0.51,2.0,0.0
ATOM,846.0,O,ASP,60.0,-25.313,81.177,31.862,-0.51,1.7,3.26
ATOM,847.0,CB,ASP,60.0,-25.194,80.637,34.742,-0.28,2.175,7.47
ATOM,848.0,CG,ASP,60.0,-25.86,80.119,36.0,0.62,2.0,3.06
ATOM,849.0,OD1,ASP,60.0,-26.834,79.339,35.894,-0.76,1.7,29.85
ATOM,850.0,OD2,ASP,60.0,-25.422,80.501,37.1,-0.76,1.7,25.54
ATOM,851.0,H,ASP,60.0,-23.32,78.633,34.445,0.31,0.2245,0.0
ATOM,852.0,HA,ASP,60.0,-26.064,79.187,33.509,0.09,1.32,4.68
ATOM,853.0,HB2,ASP,60.0,-24.264,80.905,34.96,0.09,1.32,0.0
ATOM,854.0,HB3,ASP,60.0,-25.712,81.41,34.401,0.09,1.32,7.59
ATOM,855.0,N,MET,61.0,-23.712,79.61,31.693,-0.47,1.85,0.03
ATOM,856.0,CA,MET,61.0,-23.23,80.086,30.406,0.07,2.275,0.0
ATOM,857.0,C,MET,61.0,-24.438,80.281,29.491,0.51,2.0,0.29
ATOM,858.0,O,MET,61.0,-25.469,79.62,29.667,-0.51,1.7,19.21
ATOM,859.0,CB,MET,61.0,-22.273,79.055,29.815,-0.18,2.175,0.43
ATOM,860.0,CG,MET,61.0,-21.521,79.521,28.599,-0.14,2.175,0.07
ATOM,861.0,SD,MET,61.0,-20.541,80.986,28.906,-0.09,2.0,0.0
ATOM,862.0,CE,MET,61.0,-19.451,80.441,30.192,-0.22,2.06,0.52
ATOM,863.0,H,MET,61.0,-23.302,78.797,32.194,0.31,0.2245,0.0
ATOM,864.0,HA,MET,61.0,-22.798,80.973,30.537,0.09,1.32,0.0
ATOM,865.0,HB2,MET,61.0,-21.604,78.788,30.528,0.09,1.32,0.0
ATOM,866.0,HB3,MET,61.0,-22.802,78.225,29.571,0.09,1.32,2.64
ATOM,867.0,HG2,MET,61.0,-20.928,78.749,28.263,0.09,1.32,0.0
ATOM,868.0,HG3,MET,61.0,-22.195,79.686,27.837,0.09,1.32,0.0
ATOM,869.0,HE1,MET,61.0,-19.714,80.857,31.067,0.09,1.32,0.0
ATOM,870.0,HE2,MET,61.0,-19.495,79.442,30.282,0.09,1.32,0.0
ATOM,871.0,HE3,MET,61.0,-18.506,80.705,29.979,0.09,1.32,0.0
ATOM,872.0,N,ASN,62.0,-24.317,81.194,28.528,-0.47,1.85,0.0
ATOM,873.0,CA,ASN,62.0,-25.409,81.488,27.597,0.07,2.275,0.47
ATOM,874.0,C,ASN,62.0,-24.948,82.202,26.324,0.51,2.0,0.0
ATOM,875.0,O,ASN,62.0,-23.821,82.706,26.239,-0.51,1.7,0.0
ATOM,876.0,CB,ASN,62.0,-26.465,82.343,28.292,-0.18,2.175,16.07
ATOM,877.0,CG,ASN,62.0,-25.892,83.641,28.837,0.55,2.0,0.47
ATOM,878.0,OD1,ASN,62.0,-25.255,84.397,28.106,-0.55,1.7,0.0
ATOM,879.0,ND2,ASN,62.0,-26.116,83.906,30.123,-0.62,1.85,14.87
ATOM,880.0,H,ASN,62.0,-23.395,81.672,28.495,0.31,0.2245,0.0
ATOM,881.0,HA,ASN,62.0,-25.801,80.598,27.309,0.09,1.32,7.53
ATOM,882.0,HB2,ASN,62.0,-27.177,82.564,27.634,0.09,1.32,5.62
ATOM,883.0,HB3,ASN,62.0,-26.845,81.822,29.05,0.09,1.32,3.3
ATOM,884.0,HD22,ASN,62.0,-26.638,83.251,30.675,0.3,0.2245,8.94
ATOM,885.0,HD21,ASN,62.0,-25.769,84.744,30.532,0.32,0.2245,16.17
ATOM,886.0,N,ASP,63.0,-25.855,82.264,25.352,-0.47,1.85,0.0
ATOM,887.0,CA,ASP,63.0,-25.596,82.878,24.052,0.07,2.275,0.0
ATOM,888.0,C,ASP,63.0,-24.852,84.209,24.063,0.51,2.0,0.0
ATOM,889.0,O,ASP,63.0,-23.961,84.435,23.243,-0.51,1.7,0.0
ATOM,890.0,CB,ASP,63.0,-26.913,83.039,23.287,-0.28,2.175,3.17
ATOM,891.0,CG,ASP,63.0,-27.667,81.726,23.134,0.62,2.0,1.22
ATOM,892.0,OD1,ASP,63.0,-27.117,80.671,23.51,-0.76,1.7,1.51
ATOM,893.0,OD2,ASP,63.0,-28.812,81.747,22.63,-0.76,1.7,12.29
ATOM,894.0,H,ASP,63.0,-26.778,81.832,25.601,0.31,0.2245,2.78
ATOM,895.0,HA,ASP,63.0,-25.013,82.217,23.523,0.09,1.32,0.0
ATOM,896.0,HB2,ASP,63.0,-27.484,83.677,23.789,0.09,1.32,5.94
ATOM,897.0,HB3,ASP,63.0,-26.703,83.393,22.384,0.09,1.32,0.0
ATOM,898.0,N,ASN,64.0,-25.214,85.092,24.983,-0.47,1.85,0.0
ATOM,899.0,CA,ASN,64.0,-24.58,86.405,25.059,0.07,2.275,0.75
ATOM,900.0,C,ASN,64.0,-23.08,86.309,25.27,0.51,2.0,0.05
ATOM,901.0,O,ASN,64.0,-22.306,86.916,24.536,-0.51,1.7,0.29
ATOM,902.0,CB,ASN,64.0,-25.212,87.228,26.181,-0.18,2.175,13.4
ATOM,903.0,CG,ASN,64.0,-26.67,87.546,25.917,0.55,2.0,2.14
ATOM,904.0,H,ASN,64.0,-25.963,84.78,25.625,0.31,0.2245,0.5
ATOM,905.0,HA,ASN,64.0,-24.727,86.857,24.166,0.09,1.32,0.11
ATOM,906.0,HB2,ASN,64.0,-25.148,86.708,27.028,0.09,1.32,0.42
ATOM,907.0,HB3,ASN,64.0,-24.709,88.084,26.265,0.09,1.32,8.8
ATOM,908.0,OD1,ASN,64.0,-27.494,87.53,26.833,-0.55,1.7,37.65
ATOM,909.0,ND2,ASN,64.0,-26.996,87.85,24.66,-0.62,1.85,13.22
ATOM,910.0,HD22,ASN,64.0,-26.287,87.852,23.953,0.3,0.2245,2.96
ATOM,911.0,HD21,ASN,64.0,-27.939,88.073,24.427,0.32,0.2245,15.95
ATOM,912.0,N,VAL,65.0,-22.661,85.549,26.273,-0.47,1.85,0.05
ATOM,913.0,CA,VAL,65.0,-21.23,85.405,26.536,0.07,2.275,1.04
ATOM,914.0,C,VAL,65.0,-20.546,84.821,25.297,0.51,2.0,0.0
ATOM,915.0,O,VAL,65.0,-19.428,85.213,24.941,-0.51,1.7,0.0
ATOM,916.0,CB,VAL,65.0,-20.972,84.486,27.748,-0.09,2.275,0.0
ATOM,917.0,CG1,VAL,65.0,-19.518,84.611,28.199,-0.27,2.06,0.16
ATOM,918.0,CG2,VAL,65.0,-21.958,84.835,28.876,-0.27,2.06,8.09
ATOM,919.0,H,VAL,65.0,-23.396,85.091,26.825,0.31,0.2245,0.0
ATOM,920.0,HA,VAL,65.0,-20.848,86.314,26.698,0.09,1.32,2.35
ATOM,921.0,HB,VAL,65.0,-21.103,83.548,27.45,0.09,1.32,0.0
ATOM,922.0,HG11,VAL,65.0,-19.151,83.702,28.39,0.09,1.32,0.0
ATOM,923.0,HG12,VAL,65.0,-18.982,85.042,27.474,0.09,1.32,0.0
ATOM,924.0,HG13,VAL,65.0,-19.475,85.17,29.026,0.09,1.32,0.0
ATOM,925.0,HG21,VAL,65.0,-21.555,85.546,29.447,0.09,1.32,0.62
ATOM,926.0,HG22,VAL,65.0,-22.808,85.162,28.471,0.09,1.32,0.0
ATOM,927.0,HG23,VAL,65.0,-22.13,84.016,29.418,0.09,1.32,0.0
ATOM,928.0,N,TRP,66.0,-21.229,83.885,24.638,-0.47,1.85,0.0
ATOM,929.0,CA,TRP,66.0,-20.694,83.269,23.432,0.07,2.275,0.0
ATOM,930.0,C,TRP,66.0,-20.448,84.322,22.355,0.51,2.0,0.0
ATOM,931.0,O,TRP,66.0,-19.324,84.475,21.855,-0.51,1.7,0.0
ATOM,932.0,CB,TRP,66.0,-21.656,82.204,22.903,-0.18,2.175,0.0
ATOM,933.0,CG,TRP,66.0,-21.61,80.931,23.684,-0.03,1.9924,0.0
ATOM,934.0,CD1,TRP,66.0,-20.833,80.66,24.779,0.035,1.9924,0.0
ATOM,935.0,CD2,TRP,66.0,-22.377,79.75,23.439,-0.02,1.8,0.0
ATOM,936.0,NE1,TRP,66.0,-21.073,79.382,25.231,-0.61,1.85,0.0
ATOM,937.0,CE2,TRP,66.0,-22.019,78.802,24.426,0.13,1.8,0.0
ATOM,938.0,CE3,TRP,66.0,-23.338,79.401,22.478,-0.115,1.9924,0.0
ATOM,939.0,CZ2,TRP,66.0,-22.588,77.527,24.485,-0.115,1.9924,3.92
ATOM,940.0,CZ3,TRP,66.0,-23.907,78.133,22.534,-0.115,1.9924,0.0
ATOM,941.0,CH2,TRP,66.0,-23.53,77.21,23.533,-0.115,1.9924,2.27
ATOM,942.0,H,TRP,66.0,-22.147,83.644,25.05,0.31,0.2245,0.0
ATOM,943.0,HA,TRP,66.0,-19.805,82.86,23.662,0.09,1.32,0.0
ATOM,944.0,HB2,TRP,66.0,-22.582,82.553,22.957,0.09,1.32,0.0
ATOM,945.0,HB3,TRP,66.0,-21.413,81.988,21.967,0.09,1.32,0.0
ATOM,946.0,HD1,TRP,66.0,-20.184,81.297,25.192,0.115,1.3582,0.0
ATOM,947.0,HE1,TRP,66.0,-20.633,78.95,26.014,0.38,0.2245,0.0
ATOM,948.0,HE3,TRP,66.0,-23.612,80.043,21.769,0.115,1.3582,0.0
ATOM,949.0,HZ2,TRP,66.0,-22.311,76.88,25.197,0.115,1.3582,0.38
ATOM,950.0,HZ3,TRP,66.0,-24.588,77.875,21.86,0.115,1.3582,0.0
ATOM,951.0,HH2,TRP,66.0,-23.963,76.311,23.54,0.115,1.3582,0.0
ATOM,952.0,N,LEU,67.0,-21.507,85.047,22.005,-0.47,1.85,0.0
ATOM,953.0,CA,LEU,67.0,-21.414,86.094,20.99,0.07,2.275,0.0
ATOM,954.0,C,LEU,67.0,-20.307,87.087,21.333,0.51,2.0,0.0
ATOM,955.0,O,LEU,67.0,-19.545,87.515,20.463,-0.51,1.7,0.0
ATOM,956.0,CB,LEU,67.0,-22.761,86.811,20.851,-0.18,2.175,4.28
ATOM,957.0,CG,LEU,67.0,-23.798,85.975,20.1,-0.09,2.275,0.0
ATOM,958.0,CD1,LEU,67.0,-25.142,86.676,20.032,-0.27,2.06,0.83
ATOM,959.0,CD2,LEU,67.0,-23.27,85.726,18.705,-0.27,2.06,0.0
ATOM,960.0,H,LEU,67.0,-22.384,84.81,22.504,0.31,0.2245,0.0
ATOM,961.0,HA,LEU,67.0,-21.194,85.666,20.107,0.09,1.32,0.0
ATOM,962.0,HB2,LEU,67.0,-23.11,86.979,21.753,0.09,1.32,0.05
ATOM,963.0,HB3,LEU,67.0,-22.616,87.636,20.341,0.09,1.32,0.0
ATOM,964.0,HG,LEU,67.0,-23.905,85.093,20.57,0.09,1.32,0.0
ATOM,965.0,HD11,LEU,67.0,-25.041,87.551,19.557,0.09,1.32,0.0
ATOM,966.0,HD12,LEU,67.0,-25.796,86.103,19.535,0.09,1.32,0.0
ATOM,967.0,HD13,LEU,67.0,-25.483,86.84,20.959,0.09,1.32,0.0
ATOM,968.0,HD21,LEU,67.0,-22.399,85.232,18.755,0.09,1.32,0.0
ATOM,969.0,HD22,LEU,67.0,-23.929,85.178,18.185,0.09,1.32,0.0
ATOM,970.0,HD23,LEU,67.0,-23.126,86.6,18.236,0.09,1.32,0.0
ATOM,971.0,N,THR,68.0,-20.204,87.43,22.609,-0.47,1.85,0.1
ATOM,972.0,CA,THR,68.0,-19.184,88.36,23.047,0.07,2.275,0.62
ATOM,973.0,C,THR,68.0,-17.782,87.819,22.817,0.51,2.0,0.0
ATOM,974.0,O,THR,68.0,-16.963,88.478,22.174,-0.51,1.7,0.17
ATOM,975.0,CB,THR,68.0,-19.343,88.687,24.532,0.14,2.275,0.87
ATOM,976.0,OG1,THR,68.0,-20.637,89.263,24.75,-0.66,1.77,22.99
ATOM,977.0,CG2,THR,68.0,-18.254,89.673,24.976,-0.27,2.06,21.55
ATOM,978.0,H,THR,68.0,-20.895,86.988,23.24,0.31,0.2245,0.0
ATOM,979.0,HA,THR,68.0,-19.281,89.219,22.519,0.09,1.32,2.47
ATOM,980.0,HB,THR,68.0,-19.287,87.824,25.072,0.09,1.32,0.0
ATOM,981.0,HG21,THR,68.0,-18.625,90.602,24.975,0.09,1.32,10.55
ATOM,982.0,HG22,THR,68.0,-17.947,89.438,25.899,0.09,1.32,0.0
ATOM,983.0,HG23,THR,68.0,-17.48,89.622,24.344,0.09,1.32,0.0
ATOM,984.0,HG1,THR,68.0,-21.345,88.549,24.735,0.43,0.2245,1.09
ATOM,985.0,N,LEU,69.0,-17.505,86.629,23.353,-0.47,1.85,0.0
ATOM,986.0,CA,LEU,69.0,-16.184,86.0,23.202,0.07,2.275,0.0
ATOM,987.0,C,LEU,69.0,-15.799,85.92,21.736,0.51,2.0,0.0
ATOM,988.0,O,LEU,69.0,-14.668,86.249,21.358,-0.51,1.7,0.0
ATOM,989.0,CB,LEU,69.0,-16.18,84.595,23.808,-0.18,2.175,0.0
ATOM,990.0,CG,LEU,69.0,-16.09,84.546,25.332,-0.09,2.275,0.0
ATOM,991.0,CD1,LEU,69.0,-16.129,83.107,25.808,-0.27,2.06,0.0
ATOM,992.0,CD2,LEU,69.0,-14.811,85.214,25.773,-0.27,2.06,0.0
ATOM,993.0,H,LEU,69.0,-18.286,86.192,23.876,0.31,0.2245,0.0
ATOM,994.0,HA,LEU,69.0,-15.509,86.567,23.683,0.09,1.32,0.0
ATOM,995.0,HB2,LEU,69.0,-17.025,84.147,23.545,0.09,1.32,0.0
ATOM,996.0,HB3,LEU,69.0,-15.396,84.109,23.446,0.09,1.32,0.0
ATOM,997.0,HG,LEU,69.0,-16.862,85.047,25.719,0.09,1.32,0.0
ATOM,998.0,HD11,LEU,69.0,-15.358,82.602,25.418,0.09,1.32,0.0
ATOM,999.0,HD12,LEU,69.0,-16.07,83.081,26.807,0.09,1.32,0.0
ATOM,1000.0,HD13,LEU,69.0,-16.986,82.679,25.517,0.09,1.32,0.0
ATOM,1001.0,HD21,LEU,69.0,-14.803,86.17,25.469,0.09,1.32,0.0
ATOM,1002.0,HD22,LEU,69.0,-14.74,85.188,26.773,0.09,1.32,0.0
ATOM,1003.0,HD23,LEU,69.0,-14.023,84.737,25.376,0.09,1.32,0.0
ATOM,1004.0,N,ALA,70.0,-16.756,85.479,20.922,-0.47,1.85,0.0
ATOM,1005.0,CA,ALA,70.0,-16.56,85.37,19.492,0.07,2.275,0.0
ATOM,1006.0,C,ALA,70.0,-16.127,86.737,18.971,0.51,2.0,0.0
ATOM,1007.0,O,ALA,70.0,-15.023,86.89,18.436,-0.51,1.7,0.0
ATOM,1008.0,CB,ALA,70.0,-17.846,84.941,18.834,-0.27,2.06,0.0
ATOM,1009.0,H,ALA,70.0,-17.645,85.224,21.404,0.31,0.2245,0.0
ATOM,1010.0,HA,ALA,70.0,-15.831,84.715,19.307,0.09,1.32,0.0
ATOM,1011.0,HB1,ALA,70.0,-17.667,84.649,17.892,0.09,1.32,0.0
ATOM,1012.0,HB2,ALA,70.0,-18.251,84.177,19.341,0.09,1.32,0.0
ATOM,1013.0,HB3,ALA,70.0,-18.495,85.705,18.821,0.09,1.32,0.0
ATOM,1014.0,N,LYS,71.0,-16.982,87.741,19.155,-0.47,1.85,0.0
ATOM,1015.0,CA,LYS,71.0,-16.659,89.089,18.691,0.07,2.275,0.4
ATOM,1016.0,C,LYS,71.0,-15.352,89.615,19.276,0.51,2.0,0.21
ATOM,1017.0,O,LYS,71.0,-14.524,90.188,18.564,-0.51,1.7,0.0
ATOM,1018.0,CB,LYS,71.0,-17.803,90.041,19.023,-0.18,2.175,8.8
ATOM,1019.0,CG,LYS,71.0,-19.082,89.664,18.314,-0.18,2.175,1.33
ATOM,1020.0,CD,LYS,71.0,-20.262,90.524,18.729,-0.18,2.175,7.6
ATOM,1021.0,CE,LYS,71.0,-21.524,90.047,18.025,0.21,2.175,0.08
ATOM,1022.0,NZ,LYS,71.0,-22.739,90.737,18.521,-0.3,1.85,3.25
ATOM,1023.0,H,LYS,71.0,-17.859,87.493,19.636,0.31,0.2245,0.0
ATOM,1024.0,HA,LYS,71.0,-16.577,89.074,17.68,0.09,1.32,1.02
ATOM,1025.0,HB2,LYS,71.0,-17.961,90.009,20.001,0.09,1.32,0.53
ATOM,1026.0,HB3,LYS,71.0,-17.539,90.955,18.74,0.09,1.32,7.48
ATOM,1027.0,HG2,LYS,71.0,-18.949,89.759,17.32,0.09,1.32,0.42
ATOM,1028.0,HG3,LYS,71.0,-19.3,88.701,18.513,0.09,1.32,0.0
ATOM,1029.0,HD2,LYS,71.0,-20.394,90.442,19.705,0.09,1.32,2.46
ATOM,1030.0,HD3,LYS,71.0,-20.089,91.461,18.466,0.09,1.32,9.64
ATOM,1031.0,HE2,LYS,71.0,-21.426,90.215,17.038,0.05,1.32,0.0
ATOM,1032.0,HE3,LYS,71.0,-21.621,89.056,18.172,0.05,1.32,0.0
ATOM,1033.0,HZ1,LYS,71.0,-22.473,91.51,19.098,0.33,0.2245,12.32
ATOM,1034.0,HZ2,LYS,71.0,-23.274,91.071,17.745,0.33,0.2245,1.52
ATOM,1035.0,HZ3,LYS,71.0,-23.292,90.097,19.056,0.33,0.2245,1.78
ATOM,1036.0,N,LYS,72.0,-15.167,89.405,20.573,-0.47,1.85,0.54
ATOM,1037.0,CA,LYS,72.0,-13.966,89.859,21.251,0.07,2.275,2.61
ATOM,1038.0,C,LYS,72.0,-12.703,89.26,20.612,0.51,2.0,0.0
ATOM,1039.0,O,LYS,72.0,-11.736,89.97,20.314,-0.51,1.7,0.0
ATOM,1040.0,CB,LYS,72.0,-14.053,89.487,22.733,-0.18,2.175,0.26
ATOM,1041.0,CG,LYS,72.0,-12.805,89.819,23.543,-0.18,2.175,0.52
ATOM,1042.0,CD,LYS,72.0,-12.457,91.298,23.48,-0.18,2.175,5.3
ATOM,1043.0,CE,LYS,72.0,-11.184,91.593,24.245,0.21,2.175,0.0
ATOM,1044.0,NZ,LYS,72.0,-10.791,93.019,24.118,-0.3,1.85,8.26
ATOM,1045.0,H,LYS,72.0,-15.94,88.899,21.048,0.31,0.2245,0.0
ATOM,1046.0,HA,LYS,72.0,-13.907,90.864,21.185,0.09,1.32,3.17
ATOM,1047.0,HB2,LYS,72.0,-14.825,89.979,23.134,0.09,1.32,1.93
ATOM,1048.0,HB3,LYS,72.0,-14.216,88.502,22.798,0.09,1.32,0.0
ATOM,1049.0,HG2,LYS,72.0,-12.962,89.563,24.5,0.09,1.32,0.0
ATOM,1050.0,HG3,LYS,72.0,-12.034,89.289,23.185,0.09,1.32,0.0
ATOM,1051.0,HD2,LYS,72.0,-12.326,91.556,22.529,0.09,1.32,0.12
ATOM,1052.0,HD3,LYS,72.0,-13.201,91.82,23.883,0.09,1.32,8.87
ATOM,1053.0,HE2,LYS,72.0,-11.327,91.375,25.214,0.05,1.32,0.0
ATOM,1054.0,HE3,LYS,72.0,-10.446,91.015,23.888,0.05,1.32,0.0
ATOM,1055.0,HZ1,LYS,72.0,-10.736,93.432,25.027,0.33,0.2245,2.8
ATOM,1056.0,HZ2,LYS,72.0,-9.899,93.08,23.67,0.33,0.2245,3.11
ATOM,1057.0,HZ3,LYS,72.0,-11.473,93.505,23.571,0.33,0.2245,12.23
ATOM,1058.0,N,ILE,73.0,-12.719,87.954,20.379,-0.47,1.85,0.0
ATOM,1059.0,CA,ILE,73.0,-11.563,87.289,19.791,0.07,2.275,0.0
ATOM,1060.0,C,ILE,73.0,-11.268,87.722,18.359,0.51,2.0,0.0
ATOM,1061.0,O,ILE,73.0,-10.104,87.921,17.99,-0.51,1.7,0.0
ATOM,1062.0,CB,ILE,73.0,-11.749,85.768,19.823,-0.09,2.275,0.0
ATOM,1063.0,CG1,ILE,73.0,-11.841,85.311,21.274,-0.18,2.175,0.0
ATOM,1064.0,CG2,ILE,73.0,-10.585,85.081,19.116,-0.27,2.06,0.0
ATOM,1065.0,CD1,ILE,73.0,-12.23,83.896,21.421,-0.27,2.06,0.0
ATOM,1066.0,H,ILE,73.0,-13.591,87.468,20.641,0.31,0.2245,0.0
ATOM,1067.0,HA,ILE,73.0,-10.762,87.569,20.347,0.09,1.32,0.0
ATOM,1068.0,HB,ILE,73.0,-12.606,85.553,19.377,0.09,1.32,0.0
ATOM,1069.0,HG12,ILE,73.0,-10.949,85.466,21.704,0.09,1.32,0.0
ATOM,1070.0,HG13,ILE,73.0,-12.514,85.895,21.736,0.09,1.32,0.0
ATOM,1071.0,HG21,ILE,73.0,-10.721,84.093,19.136,0.09,1.32,0.0
ATOM,1072.0,HG22,ILE,73.0,-10.541,85.393,18.169,0.09,1.32,0.0
ATOM,1073.0,HG23,ILE,73.0,-9.732,85.309,19.582,0.09,1.32,0.0
ATOM,1074.0,HD11,ILE,73.0,-11.559,83.299,20.968,0.09,1.32,0.0
ATOM,1075.0,HD12,ILE,73.0,-12.276,83.645,22.393,0.09,1.32,0.0
ATOM,1076.0,HD13,ILE,73.0,-13.132,83.736,21.006,0.09,1.32,0.0
ATOM,1077.0,N,ASN,74.0,-12.325,87.845,17.556,-0.47,1.85,0.0
ATOM,1078.0,CA,ASN,74.0,-12.194,88.259,16.161,0.07,2.275,1.27
ATOM,1079.0,C,ASN,74.0,-11.563,89.641,16.086,0.51,2.0,0.28
ATOM,1080.0,O,ASN,74.0,-10.624,89.863,15.32,-0.51,1.7,11.82
ATOM,1081.0,CB,ASN,74.0,-13.564,88.282,15.461,-0.18,2.175,8.24
ATOM,1082.0,CG,ASN,74.0,-14.123,86.885,15.213,0.55,2.0,0.2
ATOM,1083.0,H,ASN,74.0,-13.237,87.624,18.003,0.31,0.2245,0.0
ATOM,1084.0,HA,ASN,74.0,-11.559,87.62,15.721,0.09,1.32,0.45
ATOM,1085.0,HB2,ASN,74.0,-14.202,88.78,16.039,0.09,1.32,0.16
ATOM,1086.0,HB3,ASN,74.0,-13.459,88.741,14.585,0.09,1.32,9.91
ATOM,1087.0,OD1,ASN,74.0,-13.366,85.921,15.062,-0.55,1.7,0.0
ATOM,1088.0,ND2,ASN,74.0,-15.453,86.775,15.149,-0.62,1.85,0.95
ATOM,1089.0,HD22,ASN,74.0,-16.018,87.594,15.257,0.3,0.2245,0.44
ATOM,1090.0,HD21,ASN,74.0,-15.875,85.887,14.995,0.32,0.2245,0.0
ATOM,1091.0,N,THR,75.0,-12.079,90.566,16.89,-0.47,1.85,0.11
ATOM,1092.0,CA,THR,75.0,-11.555,91.92,16.91,0.07,2.275,1.29
ATOM,1093.0,C,THR,75.0,-10.087,91.986,17.335,0.51,2.0,0.0
ATOM,1094.0,O,THR,75.0,-9.276,92.645,16.678,-0.51,1.7,6.79
ATOM,1095.0,CB,THR,75.0,-12.362,92.807,17.868,0.14,2.275,2.34
ATOM,1096.0,OG1,THR,75.0,-13.734,92.818,17.473,-0.66,1.77,23.55
ATOM,1097.0,CG2,THR,75.0,-11.835,94.229,17.845,-0.27,2.06,18.96
ATOM,1098.0,H,THR,75.0,-12.865,90.242,17.482,0.31,0.2245,0.0
ATOM,1099.0,HA,THR,75.0,-11.627,92.309,15.975,0.09,1.32,9.03
ATOM,1100.0,HB,THR,75.0,-12.304,92.414,18.809,0.09,1.32,0.0
ATOM,1101.0,HG21,THR,75.0,-10.834,94.224,17.911,0.09,1.32,0.0
ATOM,1102.0,HG22,THR,75.0,-12.104,94.68,16.99,0.09,1.32,11.03
ATOM,1103.0,HG23,THR,75.0,-12.21,94.746,18.619,0.09,1.32,11.67
ATOM,1104.0,HG1,THR,75.0,-14.199,91.984,17.792,0.43,0.2245,1.36
ATOM,1105.0,N,ASP,76.0,-9.749,91.3,18.426,-0.47,1.85,0.0
ATOM,1106.0,CA,ASP,76.0,-8.39,91.316,18.973,0.07,2.275,0.0
ATOM,1107.0,C,ASP,76.0,-7.319,90.515,18.222,0.51,2.0,0.0
ATOM,1108.0,O,ASP,76.0,-6.124,90.777,18.385,-0.51,1.7,0.0
ATOM,1109.0,CB,ASP,76.0,-8.43,90.848,20.428,-0.28,2.175,0.04
ATOM,1110.0,CG,ASP,76.0,-8.858,91.946,21.397,0.62,2.0,0.0
ATOM,1111.0,OD1,ASP,76.0,-9.807,92.701,21.084,-0.76,1.7,3.0
ATOM,1112.0,OD2,ASP,76.0,-8.244,92.052,22.486,-0.76,1.7,4.07
ATOM,1113.0,H,ASP,76.0,-10.527,90.755,18.854,0.31,0.2245,0.0
ATOM,1114.0,HA,ASP,76.0,-8.079,92.298,18.967,0.09,1.32,0.0
ATOM,1115.0,HB2,ASP,76.0,-9.079,90.098,20.494,0.09,1.32,0.0
ATOM,1116.0,HB3,ASP,76.0,-7.519,90.542,20.68,0.09,1.32,0.05
ATOM,1117.0,N,CYS,77.0,-7.746,89.559,17.402,-0.47,1.85,0.0
ATOM,1118.0,CA,CYS,77.0,-6.834,88.701,16.652,0.07,2.275,0.0
ATOM,1119.0,C,CYS,77.0,-5.513,89.294,16.135,0.51,2.0,0.0
ATOM,1120.0,O,CYS,77.0,-4.443,88.729,16.367,-0.51,1.7,0.0
ATOM,1121.0,CB,CYS,77.0,-7.582,88.08,15.471,-0.1,2.175,3.34
ATOM,1122.0,SG,CYS,77.0,-6.704,86.762,14.58,-0.08,1.975,12.27
ATOM,1123.0,H,CYS,77.0,-8.786,89.475,17.341,0.31,0.2245,0.0
ATOM,1124.0,HA,CYS,77.0,-6.59,87.894,17.258,0.09,1.32,0.0
ATOM,1125.0,HB2,CYS,77.0,-8.446,87.701,15.815,0.09,1.32,0.0
ATOM,1126.0,HB3,CYS,77.0,-7.791,88.813,14.816,0.09,1.32,0.73
ATOM,1127.0,N,ASP,78.0,-5.578,90.401,15.412,-0.47,1.85,0.0
ATOM,1128.0,CA,ASP,78.0,-4.368,90.955,14.851,0.07,2.275,0.54
ATOM,1129.0,C,ASP,78.0,-3.419,91.614,15.873,0.51,2.0,0.16
ATOM,1130.0,O,ASP,78.0,-2.225,91.801,15.578,-0.51,1.7,24.45
ATOM,1131.0,CB,ASP,78.0,-4.75,91.972,13.799,-0.28,2.175,15.29
ATOM,1132.0,CG,ASP,78.0,-5.552,91.356,12.657,0.62,2.0,3.25
ATOM,1133.0,OD1,ASP,78.0,-4.955,90.6,11.858,-0.76,1.7,37.82
ATOM,1134.0,OD2,ASP,78.0,-6.789,91.592,12.59,-0.76,1.7,33.57
ATOM,1135.0,H,ASP,78.0,-6.515,90.804,15.295,0.31,0.2245,0.0
ATOM,1136.0,HA,ASP,78.0,-3.843,90.186,14.43,0.09,1.32,0.88
ATOM,1137.0,HB2,ASP,78.0,-5.306,92.676,14.225,0.09,1.32,3.84
ATOM,1138.0,HB3,ASP,78.0,-3.92,92.365,13.421,0.09,1.32,8.81
ATOM,1139.0,N,LYS,79.0,-3.923,91.921,17.07,-0.47,1.85,0.0
ATOM,1140.0,CA,LYS,79.0,-3.146,92.606,18.075,0.07,2.275,0.68
ATOM,1141.0,C,LYS,79.0,-2.339,91.7,18.967,0.51,2.0,0.57
ATOM,1142.0,O,LYS,79.0,-1.34,92.137,19.552,-0.51,1.7,22.65
ATOM,1143.0,CB,LYS,79.0,-4.103,93.498,18.901,-0.18,2.175,2.03
ATOM,1144.0,CG,LYS,79.0,-5.065,94.348,18.102,-0.18,2.175,5.67
ATOM,1145.0,CD,LYS,79.0,-6.185,94.929,18.941,-0.18,2.175,5.42
ATOM,1146.0,CE,LYS,79.0,-7.146,95.674,18.038,0.21,2.175,14.79
ATOM,1147.0,NZ,LYS,79.0,-8.277,96.26,18.82,-0.3,1.85,9.61
ATOM,1148.0,H,LYS,79.0,-4.914,91.623,17.205,0.31,0.2245,0.0
ATOM,1149.0,HA,LYS,79.0,-2.506,93.257,17.606,0.09,1.32,8.13
ATOM,1150.0,HB2,LYS,79.0,-4.633,92.894,19.504,0.09,1.32,0.0
ATOM,1151.0,HB3,LYS,79.0,-3.535,94.102,19.47,0.09,1.32,8.96
ATOM,1152.0,HG2,LYS,79.0,-4.556,95.106,17.673,0.09,1.32,10.27
ATOM,1153.0,HG3,LYS,79.0,-5.468,93.787,17.367,0.09,1.32,0.0
ATOM,1154.0,HD2,LYS,79.0,-6.67,94.194,19.385,0.09,1.32,0.0
ATOM,1155.0,HD3,LYS,79.0,-5.805,95.563,19.593,0.09,1.32,9.72
ATOM,1156.0,HE2,LYS,79.0,-6.656,96.412,17.573,0.05,1.32,10.52
ATOM,1157.0,HE3,LYS,79.0,-7.516,95.041,17.356,0.05,1.32,1.4
ATOM,1158.0,HZ1,LYS,79.0,-8.67,95.555,19.407,0.33,0.2245,3.24
ATOM,1159.0,HZ2,LYS,79.0,-7.934,97.012,19.38,0.33,0.2245,18.49
ATOM,1160.0,HZ3,LYS,79.0,-8.972,96.599,18.188,0.33,0.2245,12.66
ATOM,1161.0,N,THR,80.0,-2.783,90.45,19.086,-0.47,1.85,0.0
ATOM,1162.0,CA,THR,80.0,-2.105,89.487,19.964,0.07,2.275,0.51
ATOM,1163.0,C,THR,80.0,-1.55,88.223,19.276,0.51,2.0,0.09
ATOM,1164.0,O,THR,80.0,-1.865,87.976,18.119,-0.51,1.7,0.02
ATOM,1165.0,CB,THR,80.0,-3.053,89.06,21.103,0.14,2.275,0.71
ATOM,1166.0,OG1,THR,80.0,-2.3,88.399,22.123,-0.66,1.77,0.52
ATOM,1167.0,CG2,THR,80.0,-4.172,88.155,20.589,-0.27,2.06,0.0
ATOM,1168.0,H,THR,80.0,-3.619,90.222,18.526,0.31,0.2245,0.0
ATOM,1169.0,HA,THR,80.0,-1.319,89.966,20.415,0.09,1.32,0.05
ATOM,1170.0,HB,THR,80.0,-3.476,89.895,21.507,0.09,1.32,0.04
ATOM,1171.0,HG21,THR,80.0,-3.781,87.418,20.035,0.09,1.32,0.0
ATOM,1172.0,HG22,THR,80.0,-4.668,87.759,21.364,0.09,1.32,0.0
ATOM,1173.0,HG23,THR,80.0,-4.807,88.69,20.029,0.09,1.32,0.0
ATOM,1174.0,HG1,THR,80.0,-2.661,87.473,22.282,0.43,0.2245,0.0
ATOM,1175.0,N,ASP,81.0,-0.731,87.424,19.965,-0.47,1.85,0.0
ATOM,1176.0,CA,ASP,81.0,-0.162,86.213,19.355,0.07,2.275,0.8
ATOM,1177.0,C,ASP,81.0,-0.95,84.934,19.639,0.51,2.0,0.0
ATOM,1178.0,O,ASP,81.0,-0.749,83.915,18.98,-0.51,1.7,8.27
ATOM,1179.0,CB,ASP,81.0,1.295,86.006,19.798,-0.28,2.175,4.95
ATOM,1180.0,CG,ASP,81.0,2.169,87.194,19.489,0.62,2.0,3.22
ATOM,1181.0,OD1,ASP,81.0,1.955,87.807,18.423,-0.76,1.7,24.72
ATOM,1182.0,OD2,ASP,81.0,3.06,87.515,20.313,-0.76,1.7,9.53
ATOM,1183.0,H,ASP,81.0,-0.538,87.721,20.933,0.31,0.2245,0.0
ATOM,1184.0,HA,ASP,81.0,-0.18,86.355,18.347,0.09,1.32,0.57
ATOM,1185.0,HB2,ASP,81.0,1.292,85.85,20.779,0.09,1.32,0.0
ATOM,1186.0,HB3,ASP,81.0,1.646,85.21,19.32,0.09,1.32,8.61
ATOM,1187.0,N,GLY,82.0,-1.849,84.994,20.613,-0.47,1.85,0.0
ATOM,1188.0,CA,GLY,82.0,-2.65,83.835,20.959,-0.02,2.175,0.0
ATOM,1189.0,C,GLY,82.0,-3.56,84.136,22.129,0.51,2.0,0.0
ATOM,1190.0,O,GLY,82.0,-3.279,85.028,22.923,-0.51,1.7,0.0
ATOM,1191.0,H,GLY,82.0,-1.924,85.911,21.086,0.31,0.2245,0.0
ATOM,1192.0,HA2,GLY,82.0,-3.206,83.56,20.163,0.09,1.32,0.0
ATOM,1193.0,HA3,GLY,82.0,-2.043,83.065,21.195,0.09,1.32,0.0
ATOM,1194.0,N,PHE,83.0,-4.647,83.388,22.241,-0.47,1.85,0.0
ATOM,1195.0,CA,PHE,83.0,-5.592,83.592,23.319,0.07,2.275,0.0
ATOM,1196.0,C,PHE,83.0,-5.74,82.36,24.213,0.51,2.0,0.0
ATOM,1197.0,O,PHE,83.0,-5.611,81.226,23.758,-0.51,1.7,0.0
ATOM,1198.0,CB,PHE,83.0,-6.978,83.934,22.764,-0.18,2.175,0.0
ATOM,1199.0,CG,PHE,83.0,-6.987,85.027,21.735,0.0,1.9924,0.0
ATOM,1200.0,CD1,PHE,83.0,-6.374,84.851,20.5,-0.115,1.9924,0.0
ATOM,1201.0,CD2,PHE,83.0,-7.674,86.211,21.979,-0.115,1.9924,0.0
ATOM,1202.0,CE1,PHE,83.0,-6.452,85.84,19.522,-0.115,1.9924,0.0
ATOM,1203.0,CE2,PHE,83.0,-7.755,87.2,21.01,-0.115,1.9924,0.0
ATOM,1204.0,CZ,PHE,83.0,-7.144,87.015,19.778,-0.115,1.9924,0.0
ATOM,1205.0,H,PHE,83.0,-4.757,82.663,21.506,0.31,0.2245,0.0
ATOM,1206.0,HA,PHE,83.0,-5.222,84.329,23.907,0.09,1.32,0.0
ATOM,1207.0,HB2,PHE,83.0,-7.345,83.114,22.344,0.09,1.32,0.0
ATOM,1208.0,HB3,PHE,83.0,-7.544,84.224,23.525,0.09,1.32,0.0
ATOM,1209.0,HD1,PHE,83.0,-5.875,84.013,20.307,0.115,1.3582,0.0
ATOM,1210.0,HD2,PHE,83.0,-8.116,86.35,22.866,0.115,1.3582,0.0
ATOM,1211.0,HE1,PHE,83.0,-6.002,85.694,18.634,0.115,1.3582,0.0
ATOM,1212.0,HE2,PHE,83.0,-8.26,88.056,21.207,0.115,1.3582,0.0
ATOM,1213.0,HZ,PHE,83.0,-7.201,87.723,19.076,0.115,1.3582,0.0
ATOM,1214.0,N,VAL,84.0,-6.013,82.613,25.489,-0.47,1.85,0.0
ATOM,1215.0,CA,VAL,84.0,-6.253,81.578,26.482,0.07,2.275,0.0
ATOM,1216.0,C,VAL,84.0,-7.57,82.006,27.099,0.51,2.0,0.0
ATOM,1217.0,O,VAL,84.0,-7.796,83.187,27.31,-0.51,1.7,0.0
ATOM,1218.0,CB,VAL,84.0,-5.156,81.537,27.552,-0.09,2.275,0.0
ATOM,1219.0,CG1,VAL,84.0,-5.658,80.808,28.782,-0.27,2.06,0.0
ATOM,1220.0,CG2,VAL,84.0,-3.929,80.82,27.006,-0.27,2.06,0.0
ATOM,1221.0,H,VAL,84.0,-6.041,83.64,25.721,0.31,0.2245,0.0
ATOM,1222.0,HA,VAL,84.0,-6.392,80.728,26.019,0.09,1.32,0.0
ATOM,1223.0,HB,VAL,84.0,-4.963,82.473,27.826,0.09,1.32,0.0
ATOM,1224.0,HG11,VAL,84.0,-5.168,79.941,28.884,0.09,1.32,0.0
ATOM,1225.0,HG12,VAL,84.0,-5.504,81.372,29.595,0.09,1.32,0.0
ATOM,1226.0,HG13,VAL,84.0,-6.638,80.624,28.689,0.09,1.32,0.0
ATOM,1227.0,HG21,VAL,84.0,-3.918,80.897,26.009,0.09,1.32,0.0
ATOM,1228.0,HG22,VAL,84.0,-3.105,81.241,27.385,0.09,1.32,0.0
ATOM,1229.0,HG23,VAL,84.0,-3.966,79.856,27.269,0.09,1.32,0.0
ATOM,1230.0,N,ILE,85.0,-8.454,81.06,27.365,-0.47,1.85,0.0
ATOM,1231.0,CA,ILE,85.0,-9.742,81.417,27.917,0.07,2.275,0.0
ATOM,1232.0,C,ILE,85.0,-10.039,80.597,29.138,0.51,2.0,0.0
ATOM,1233.0,O,ILE,85.0,-10.307,79.413,29.018,-0.51,1.7,0.0
ATOM,1234.0,CB,ILE,85.0,-10.874,81.159,26.902,-0.09,2.275,0.0
ATOM,1235.0,CG1,ILE,85.0,-10.63,81.961,25.632,-0.18,2.175,0.0
ATOM,1236.0,CG2,ILE,85.0,-12.225,81.524,27.506,-0.27,2.06,0.0
ATOM,1237.0,CD1,ILE,85.0,-11.709,81.758,24.592,-0.27,2.06,0.0
ATOM,1238.0,H,ILE,85.0,-8.157,80.099,27.154,0.31,0.2245,0.0
ATOM,1239.0,HA,ILE,85.0,-9.665,82.375,28.217,0.09,1.32,0.0
ATOM,1240.0,HB,ILE,85.0,-10.859,80.193,26.67,0.09,1.32,0.0
ATOM,1241.0,HG12,ILE,85.0,-10.586,82.927,25.868,0.09,1.32,0.0
ATOM,1242.0,HG13,ILE,85.0,-9.756,81.68,25.244,0.09,1.32,0.0
ATOM,1243.0,HG21,ILE,85.0,-12.949,81.322,26.849,0.09,1.32,0.0
ATOM,1244.0,HG22,ILE,85.0,-12.372,80.991,28.337,0.09,1.32,0.0
ATOM,1245.0,HG23,ILE,85.0,-12.238,82.497,27.727,0.09,1.32,0.0
ATOM,1246.0,HD11,ILE,85.0,-12.59,82.042,24.968,0.09,1.32,0.0
ATOM,1247.0,HD12,ILE,85.0,-11.498,82.306,23.784,0.09,1.32,0.0
ATOM,1248.0,HD13,ILE,85.0,-11.749,80.792,24.34,0.09,1.32,0.0
ATOM,1249.0,N,THR,86.0,-9.994,81.221,30.31,-0.47,1.85,0.0
ATOM,1250.0,CA,THR,86.0,-10.299,80.508,31.54,0.07,2.275,0.0
ATOM,1251.0,C,THR,86.0,-11.807,80.374,31.517,0.51,2.0,0.0
ATOM,1252.0,O,THR,86.0,-12.523,81.35,31.245,-0.51,1.7,0.0
ATOM,1253.0,CB,THR,86.0,-9.857,81.292,32.78,0.14,2.275,0.0
ATOM,1254.0,OG1,THR,86.0,-10.797,82.334,33.064,-0.66,1.77,0.0
ATOM,1255.0,CG2,THR,86.0,-8.482,81.878,32.551,-0.27,2.06,0.08
ATOM,1256.0,H,THR,86.0,-9.733,82.218,30.269,0.31,0.2245,0.0
ATOM,1257.0,HA,THR,86.0,-9.901,79.611,31.496,0.09,1.32,0.0
ATOM,1258.0,HB,THR,86.0,-9.834,80.658,33.583,0.09,1.32,0.0
ATOM,1259.0,HG21,THR,86.0,-8.541,82.878,32.478,0.09,1.32,0.0
ATOM,1260.0,HG22,THR,86.0,-7.876,81.644,33.317,0.09,1.32,0.0
ATOM,1261.0,HG23,THR,86.0,-8.089,81.513,31.702,0.09,1.32,0.0
ATOM,1262.0,HG1,THR,86.0,-10.347,83.233,33.021,0.43,0.2245,0.0
ATOM,1263.0,N,HIS,87.0,-12.286,79.171,31.822,-0.47,1.85,0.0
ATOM,1264.0,CA,HIS,87.0,-13.683,78.873,31.741,0.07,2.275,0.0
ATOM,1265.0,C,HIS,87.0,-14.089,77.805,32.741,0.51,2.0,0.0
ATOM,1266.0,O,HIS,87.0,-13.252,77.077,33.258,-0.51,1.7,0.0
ATOM,1267.0,CB,HIS,87.0,-13.954,78.446,30.312,-0.09,2.175,0.0
ATOM,1268.0,CG,HIS,87.0,-15.426,78.305,29.864,-0.05,1.8,0.0
ATOM,1269.0,H,HIS,87.0,-11.557,78.485,32.119,0.31,0.2245,0.0
ATOM,1270.0,HA,HIS,87.0,-14.212,79.712,31.95,0.09,1.32,0.0
ATOM,1271.0,HB2,HIS,87.0,-13.518,79.107,29.666,0.09,1.32,0.0
ATOM,1272.0,HB3,HIS,87.0,-13.511,77.543,30.133,0.09,1.32,0.0
ATOM,1273.0,ND1,HIS,87.0,-16.26,77.3,30.33,-0.36,1.85,0.0
ATOM,1274.0,CD2,HIS,87.0,-16.143,79.034,28.979,0.22,1.8,0.0
ATOM,1275.0,CE1,HIS,87.0,-17.428,77.408,29.754,0.25,1.8,0.0
ATOM,1276.0,NE2,HIS,87.0,-17.382,78.453,28.915,-0.7,1.85,0.0
ATOM,1277.0,HD1,HIS,87.0,-15.995,76.608,31.003,0.32,0.2245,0.0
ATOM,1278.0,HD2,HIS,87.0,-15.834,79.831,28.475,0.1,1.468,0.0
ATOM,1279.0,HE1,HIS,87.0,-18.221,76.829,29.897,0.13,0.9,0.0
ATOM,1280.0,N,GLY,88.0,-15.383,77.701,33.027,-0.47,1.85,0.0
ATOM,1281.0,CA,GLY,88.0,-15.858,76.68,33.942,-0.02,2.175,0.0
ATOM,1282.0,C,GLY,88.0,-15.818,75.363,33.181,0.51,2.0,0.0
ATOM,1283.0,O,GLY,88.0,-15.836,75.369,31.951,-0.51,1.7,0.0
ATOM,1284.0,H,GLY,88.0,-15.994,78.387,32.556,0.31,0.2245,0.76
ATOM,1285.0,HA2,GLY,88.0,-15.261,76.625,34.73,0.09,1.32,0.0
ATOM,1286.0,HA3,GLY,88.0,-16.789,76.876,34.216,0.09,1.32,0.0
ATOM,1287.0,N,THR,89.0,-15.779,74.236,33.887,-0.47,1.85,0.0
ATOM,1288.0,CA,THR,89.0,-15.705,72.94,33.221,0.07,2.275,0.0
ATOM,1289.0,C,THR,89.0,-17.036,72.294,32.866,0.51,2.0,0.0
ATOM,1290.0,O,THR,89.0,-17.075,71.376,32.044,-0.51,1.7,0.03
ATOM,1291.0,CB,THR,89.0,-14.909,71.918,34.057,0.14,2.275,0.0
ATOM,1292.0,OG1,THR,89.0,-15.532,71.765,35.336,-0.66,1.77,0.0
ATOM,1293.0,CG2,THR,89.0,-13.459,72.369,34.238,-0.27,2.06,0.0
ATOM,1294.0,H,THR,89.0,-15.805,74.356,34.912,0.31,0.2245,0.0
ATOM,1295.0,HA,THR,89.0,-15.169,73.061,32.352,0.09,1.32,0.0
ATOM,1296.0,HB,THR,89.0,-14.931,71.017,33.581,0.09,1.32,0.0
ATOM,1297.0,HG21,THR,89.0,-12.866,71.567,34.324,0.09,1.32,0.0
ATOM,1298.0,HG22,THR,89.0,-13.173,72.909,33.445,0.09,1.32,0.0
ATOM,1299.0,HG23,THR,89.0,-13.382,72.929,35.065,0.09,1.32,0.0
ATOM,1300.0,HG1,THR,89.0,-16.528,71.67,35.232,0.43,0.2245,0.0
ATOM,1301.0,N,ASP,90.0,-18.123,72.761,33.47,-0.47,1.85,0.0
ATOM,1302.0,CA,ASP,90.0,-19.434,72.179,33.193,0.07,2.275,0.48
ATOM,1303.0,C,ASP,90.0,-19.936,72.322,31.75,0.51,2.0,0.0
ATOM,1304.0,O,ASP,90.0,-20.449,71.357,31.184,-0.51,1.7,14.25
ATOM,1305.0,CB,ASP,90.0,-20.482,72.739,34.163,-0.28,2.175,3.69
ATOM,1306.0,CG,ASP,90.0,-20.349,72.16,35.549,0.62,2.0,3.13
ATOM,1307.0,OD1,ASP,90.0,-19.466,71.302,35.748,-0.76,1.7,7.69
ATOM,1308.0,OD2,ASP,90.0,-21.12,72.549,36.443,-0.76,1.7,21.47
ATOM,1309.0,H,ASP,90.0,-17.966,73.54,34.126,0.31,0.2245,0.0
ATOM,1310.0,HA,ASP,90.0,-19.361,71.174,33.378,0.09,1.32,0.72
ATOM,1311.0,HB2,ASP,90.0,-20.357,73.723,34.209,0.09,1.32,0.0
ATOM,1312.0,HB3,ASP,90.0,-21.379,72.516,33.802,0.09,1.32,5.7
ATOM,1313.0,N,THR,91.0,-19.803,73.507,31.154,-0.47,1.85,0.0
ATOM,1314.0,CA,THR,91.0,-20.256,73.682,29.784,0.07,2.275,0.0
ATOM,1315.0,C,THR,91.0,-19.105,74.063,28.867,0.51,2.0,0.0
ATOM,1316.0,O,THR,91.0,-19.32,74.552,27.755,-0.51,1.7,0.0
ATOM,1317.0,CB,THR,91.0,-21.349,74.75,29.662,0.14,2.275,0.62
ATOM,1318.0,OG1,THR,91.0,-20.81,76.043,29.969,-0.66,1.77,0.0
ATOM,1319.0,CG2,THR,91.0,-22.489,74.431,30.598,-0.27,2.06,9.56
ATOM,1320.0,H,THR,91.0,-19.374,74.244,31.724,0.31,0.2245,0.0
ATOM,1321.0,HA,THR,91.0,-20.644,72.808,29.46,0.09,1.32,0.0
ATOM,1322.0,HB,THR,91.0,-21.688,74.77,28.697,0.09,1.32,0.08
ATOM,1323.0,HG21,THR,91.0,-23.362,74.716,30.19,0.09,1.32,8.66
ATOM,1324.0,HG22,THR,91.0,-22.523,73.443,30.778,0.09,1.32,2.85
ATOM,1325.0,HG23,THR,91.0,-22.367,74.915,31.47,0.09,1.32,0.0
ATOM,1326.0,HG1,THR,91.0,-21.346,76.48,30.699,0.43,0.2245,0.0
ATOM,1327.0,N,MET,92.0,-17.881,73.821,29.319,-0.47,1.85,0.0
ATOM,1328.0,CA,MET,92.0,-16.725,74.153,28.508,0.07,2.275,0.0
ATOM,1329.0,C,MET,92.0,-16.786,73.492,27.14,0.51,2.0,0.0
ATOM,1330.0,O,MET,92.0,-16.364,74.083,26.144,-0.51,1.7,0.0
ATOM,1331.0,CB,MET,92.0,-15.438,73.745,29.22,-0.18,2.175,0.0
ATOM,1332.0,CG,MET,92.0,-14.187,74.122,28.453,-0.14,2.175,0.0
ATOM,1333.0,SD,MET,92.0,-12.797,74.477,29.53,-0.09,2.0,0.0
ATOM,1334.0,CE,MET,92.0,-12.166,72.867,29.786,-0.22,2.06,0.0
ATOM,1335.0,H,MET,92.0,-17.83,73.395,30.255,0.31,0.2245,0.0
ATOM,1336.0,HA,MET,92.0,-16.712,75.154,28.369,0.09,1.32,0.0
ATOM,1337.0,HB2,MET,92.0,-15.408,74.19,30.121,0.09,1.32,0.0
ATOM,1338.0,HB3,MET,92.0,-15.442,72.748,29.356,0.09,1.32,0.0
ATOM,1339.0,HG2,MET,92.0,-13.961,73.358,27.804,0.09,1.32,0.27
ATOM,1340.0,HG3,MET,92.0,-14.402,74.93,27.855,0.09,1.32,0.0
ATOM,1341.0,HE1,MET,92.0,-11.966,72.713,30.762,0.09,1.32,0.0
ATOM,1342.0,HE2,MET,92.0,-12.832,72.171,29.488,0.09,1.32,0.0
ATOM,1343.0,HE3,MET,92.0,-11.313,72.73,29.265,0.09,1.32,0.0
ATOM,1344.0,N,GLU,93.0,-17.315,72.273,27.082,-0.47,1.85,0.0
ATOM,1345.0,CA,GLU,93.0,-17.384,71.566,25.807,0.07,2.275,0.13
ATOM,1346.0,C,GLU,93.0,-18.304,72.275,24.832,0.51,2.0,0.0
ATOM,1347.0,O,GLU,93.0,-18.081,72.246,23.626,-0.51,1.7,0.0
ATOM,1348.0,CB,GLU,93.0,-17.833,70.112,26.006,-0.18,2.175,0.0
ATOM,1349.0,CG,GLU,93.0,-19.242,69.919,26.514,-0.28,2.175,0.4
ATOM,1350.0,CD,GLU,93.0,-19.533,68.461,26.864,0.62,2.0,0.0
ATOM,1351.0,OE1,GLU,93.0,-19.792,67.661,25.944,-0.76,1.7,0.0
ATOM,1352.0,OE2,GLU,93.0,-19.486,68.109,28.067,-0.76,1.7,7.63
ATOM,1353.0,H,GLU,93.0,-17.654,71.892,27.973,0.31,0.2245,0.06
ATOM,1354.0,HA,GLU,93.0,-16.458,71.497,25.41,0.09,1.32,0.0
ATOM,1355.0,HB2,GLU,93.0,-17.763,69.659,25.125,0.09,1.32,0.0
ATOM,1356.0,HB3,GLU,93.0,-17.214,69.699,26.662,0.09,1.32,0.0
ATOM,1357.0,HG2,GLU,93.0,-19.356,70.442,27.335,0.09,1.32,0.0
ATOM,1358.0,HG3,GLU,93.0,-19.872,70.178,25.809,0.09,1.32,0.0
ATOM,1359.0,N,GLU,94.0,-19.334,72.928,25.362,-0.47,1.85,0.0
ATOM,1360.0,CA,GLU,94.0,-20.282,73.655,24.527,0.07,2.275,0.0
ATOM,1361.0,C,GLU,94.0,-19.68,74.95,24.006,0.51,2.0,0.0
ATOM,1362.0,O,GLU,94.0,-19.776,75.243,22.819,-0.51,1.7,0.0
ATOM,1363.0,CB,GLU,94.0,-21.561,73.937,25.312,-0.18,2.175,0.0
ATOM,1364.0,CG,GLU,94.0,-22.391,72.691,25.533,-0.28,2.175,0.0
ATOM,1365.0,CD,GLU,94.0,-23.539,72.893,26.501,0.62,2.0,0.0
ATOM,1366.0,OE1,GLU,94.0,-24.48,73.639,26.161,-0.76,1.7,18.13
ATOM,1367.0,OE2,GLU,94.0,-23.503,72.299,27.604,-0.76,1.7,15.13
ATOM,1368.0,H,GLU,94.0,-19.401,72.875,26.395,0.31,0.2245,0.0
ATOM,1369.0,HA,GLU,94.0,-20.56,73.076,23.748,0.09,1.32,0.0
ATOM,1370.0,HB2,GLU,94.0,-21.302,74.285,26.189,0.09,1.32,0.0
ATOM,1371.0,HB3,GLU,94.0,-22.098,74.568,24.792,0.09,1.32,0.0
ATOM,1372.0,HG2,GLU,94.0,-22.778,72.417,24.668,0.09,1.32,0.0
ATOM,1373.0,HG3,GLU,94.0,-21.808,71.989,25.908,0.09,1.32,0.0
ATOM,1374.0,N,THR,95.0,-19.046,75.718,24.881,-0.47,1.85,0.0
ATOM,1375.0,CA,THR,95.0,-18.441,76.975,24.457,0.07,2.275,0.0
ATOM,1376.0,C,THR,95.0,-17.312,76.705,23.474,0.51,2.0,0.0
ATOM,1377.0,O,THR,95.0,-17.21,77.361,22.437,-0.51,1.7,0.0
ATOM,1378.0,CB,THR,95.0,-17.886,77.786,25.677,0.14,2.275,0.0
ATOM,1379.0,OG1,THR,95.0,-18.982,78.258,26.465,-0.66,1.77,0.0
ATOM,1380.0,CG2,THR,95.0,-17.056,78.987,25.228,-0.27,2.06,0.0
ATOM,1381.0,H,THR,95.0,-19.019,75.363,25.848,0.31,0.2245,0.0
ATOM,1382.0,HA,THR,95.0,-19.14,77.526,23.993,0.09,1.32,0.0
ATOM,1383.0,HB,THR,95.0,-17.323,77.158,26.244,0.09,1.32,0.0
ATOM,1384.0,HG21,THR,95.0,-17.653,79.782,25.103,0.09,1.32,0.0
ATOM,1385.0,HG22,THR,95.0,-16.365,79.198,25.922,0.09,1.32,0.0
ATOM,1386.0,HG23,THR,95.0,-16.6,78.777,24.361,0.09,1.32,0.0
ATOM,1387.0,HG1,THR,95.0,-19.702,77.557,26.521,0.43,0.2245,0.0
ATOM,1388.0,N,ALA,96.0,-16.474,75.725,23.793,-0.47,1.85,0.0
ATOM,1389.0,CA,ALA,96.0,-15.327,75.398,22.948,0.07,2.275,0.0
ATOM,1390.0,C,ALA,96.0,-15.688,75.132,21.494,0.51,2.0,0.0
ATOM,1391.0,O,ALA,96.0,-14.992,75.598,20.583,-0.51,1.7,0.0
ATOM,1392.0,CB,ALA,96.0,-14.578,74.211,23.522,-0.27,2.06,0.0
ATOM,1393.0,H,ALA,96.0,-16.698,75.224,24.672,0.31,0.2245,0.0
ATOM,1394.0,HA,ALA,96.0,-14.671,76.178,22.98,0.09,1.32,0.0
ATOM,1395.0,HB1,ALA,96.0,-13.826,73.96,22.912,0.09,1.32,0.0
ATOM,1396.0,HB2,ALA,96.0,-14.209,74.448,24.421,0.09,1.32,0.0
ATOM,1397.0,HB3,ALA,96.0,-15.2,73.433,23.616,0.09,1.32,0.0
ATOM,1398.0,N,TYR,97.0,-16.772,74.391,21.278,-0.47,1.85,0.0
ATOM,1399.0,CA,TYR,97.0,-17.216,74.062,19.928,0.07,2.275,0.0
ATOM,1400.0,C,TYR,97.0,-17.772,75.307,19.205,0.51,2.0,0.0
ATOM,1401.0,O,TYR,97.0,-17.515,75.513,18.01,-0.51,1.7,0.0
ATOM,1402.0,CB,TYR,97.0,-18.264,72.931,19.983,-0.18,2.175,0.0
ATOM,1403.0,CG,TYR,97.0,-18.704,72.413,18.623,0.0,1.9924,0.0
ATOM,1404.0,CD1,TYR,97.0,-17.776,72.214,17.596,-0.115,1.9924,0.0
ATOM,1405.0,CD2,TYR,97.0,-20.052,72.147,18.358,-0.115,1.9924,0.0
ATOM,1406.0,CE1,TYR,97.0,-18.172,71.769,16.333,-0.115,1.9924,0.0
ATOM,1407.0,CE2,TYR,97.0,-20.469,71.7,17.1,-0.115,1.9924,0.0
ATOM,1408.0,CZ,TYR,97.0,-19.521,71.513,16.089,0.11,1.9924,0.0
ATOM,1409.0,OH,TYR,97.0,-19.922,71.062,14.844,-0.54,1.77,0.0
ATOM,1410.0,H,TYR,97.0,-17.263,74.075,22.136,0.31,0.2245,0.0
ATOM,1411.0,HA,TYR,97.0,-16.425,73.732,19.401,0.09,1.32,0.0
ATOM,1412.0,HB2,TYR,97.0,-17.871,72.17,20.494,0.09,1.32,0.0
ATOM,1413.0,HB3,TYR,97.0,-19.069,73.279,20.458,0.09,1.32,0.0
ATOM,1414.0,HD1,TYR,97.0,-16.806,72.394,17.767,0.115,1.3582,0.0
ATOM,1415.0,HD2,TYR,97.0,-20.728,72.277,19.078,0.115,1.3582,0.0
ATOM,1416.0,HE1,TYR,97.0,-17.496,71.634,15.612,0.115,1.3582,0.54
ATOM,1417.0,HE2,TYR,97.0,-21.43,71.517,16.924,0.115,1.3582,0.0
ATOM,1418.0,HH,TYR,97.0,-19.113,70.849,14.301,0.43,0.2245,0.0
ATOM,1419.0,N,PHE,98.0,-18.528,76.132,19.934,-0.47,1.85,0.0
ATOM,1420.0,CA,PHE,98.0,-19.102,77.353,19.375,0.07,2.275,0.0
ATOM,1421.0,C,PHE,98.0,-17.967,78.226,18.85,0.51,2.0,0.0
ATOM,1422.0,O,PHE,98.0,-17.989,78.67,17.713,-0.51,1.7,0.0
ATOM,1423.0,CB,PHE,98.0,-19.876,78.122,20.445,-0.18,2.175,0.0
ATOM,1424.0,CG,PHE,98.0,-20.465,79.417,19.958,0.0,1.9924,0.0
ATOM,1425.0,CD1,PHE,98.0,-21.731,79.454,19.387,-0.115,1.9924,0.0
ATOM,1426.0,CD2,PHE,98.0,-19.743,80.597,20.051,-0.115,1.9924,0.0
ATOM,1427.0,CE1,PHE,98.0,-22.274,80.654,18.913,-0.115,1.9924,0.0
ATOM,1428.0,CE2,PHE,98.0,-20.276,81.803,19.582,-0.115,1.9924,0.0
ATOM,1429.0,CZ,PHE,98.0,-21.547,81.827,19.01,-0.115,1.9924,0.0
ATOM,1430.0,H,PHE,98.0,-18.669,75.832,20.919,0.31,0.2245,0.0
ATOM,1431.0,HA,PHE,98.0,-19.649,77.085,18.585,0.09,1.32,0.0
ATOM,1432.0,HB2,PHE,98.0,-20.618,77.547,20.755,0.09,1.32,0.0
ATOM,1433.0,HB3,PHE,98.0,-19.25,78.329,21.182,0.09,1.32,0.0
ATOM,1434.0,HD1,PHE,98.0,-22.268,78.619,19.311,0.115,1.3582,0.0
ATOM,1435.0,HD2,PHE,98.0,-18.83,80.593,20.458,0.115,1.3582,0.0
ATOM,1436.0,HE1,PHE,98.0,-23.193,80.648,18.503,0.115,1.3582,0.0
ATOM,1437.0,HE2,PHE,98.0,-19.733,82.651,19.66,0.115,1.3582,0.0
ATOM,1438.0,HZ,PHE,98.0,-21.929,82.684,18.674,0.115,1.3582,0.0
ATOM,1439.0,N,LEU,99.0,-16.963,78.47,19.676,-0.47,1.85,0.0
ATOM,1440.0,CA,LEU,99.0,-15.865,79.299,19.221,0.07,2.275,0.0
ATOM,1441.0,C,LEU,99.0,-15.198,78.654,18.026,0.51,2.0,0.0
ATOM,1442.0,O,LEU,99.0,-14.777,79.339,17.095,-0.51,1.7,0.0
ATOM,1443.0,CB,LEU,99.0,-14.853,79.515,20.345,-0.18,2.175,0.0
ATOM,1444.0,CG,LEU,99.0,-15.485,80.152,21.584,-0.09,2.275,0.0
ATOM,1445.0,CD1,LEU,99.0,-14.408,80.424,22.604,-0.27,2.06,0.0
ATOM,1446.0,CD2,LEU,99.0,-16.201,81.437,21.21,-0.27,2.06,0.0
ATOM,1447.0,H,LEU,99.0,-17.029,78.047,20.604,0.31,0.2245,0.0
ATOM,1448.0,HA,LEU,99.0,-16.229,80.192,18.941,0.09,1.32,0.0
ATOM,1449.0,HB2,LEU,99.0,-14.498,78.64,20.61,0.09,1.32,0.0
ATOM,1450.0,HB3,LEU,99.0,-14.158,80.124,20.019,0.09,1.32,0.0
ATOM,1451.0,HG,LEU,99.0,-16.157,79.523,21.961,0.09,1.32,0.0
ATOM,1452.0,HD11,LEU,99.0,-13.724,81.049,22.22,0.09,1.32,0.0
ATOM,1453.0,HD12,LEU,99.0,-14.81,80.842,23.422,0.09,1.32,0.0
ATOM,1454.0,HD13,LEU,99.0,-13.958,79.566,22.863,0.09,1.32,0.0
ATOM,1455.0,HD21,LEU,99.0,-16.921,81.239,20.543,0.09,1.32,0.0
ATOM,1456.0,HD22,LEU,99.0,-16.61,81.845,22.028,0.09,1.32,0.0
ATOM,1457.0,HD23,LEU,99.0,-15.548,82.082,20.81,0.09,1.32,0.0
ATOM,1458.0,N,ASP,100.0,-15.128,77.328,18.051,-0.47,1.85,0.0
ATOM,1459.0,CA,ASP,100.0,-14.511,76.529,16.99,0.07,2.275,0.0
ATOM,1460.0,C,ASP,100.0,-15.158,76.802,15.623,0.51,2.0,0.0
ATOM,1461.0,O,ASP,100.0,-14.503,76.74,14.582,-0.51,1.7,0.0
ATOM,1462.0,CB,ASP,100.0,-14.635,75.047,17.371,-0.28,2.175,0.0
ATOM,1463.0,CG,ASP,100.0,-13.65,74.152,16.639,0.62,2.0,0.0
ATOM,1464.0,OD1,ASP,100.0,-12.448,74.492,16.552,-0.76,1.7,1.67
ATOM,1465.0,OD2,ASP,100.0,-14.094,73.09,16.162,-0.76,1.7,7.12
ATOM,1466.0,H,ASP,100.0,-15.557,76.893,18.906,0.31,0.2245,0.0
ATOM,1467.0,HA,ASP,100.0,-13.548,76.819,16.919,0.09,1.32,0.0
ATOM,1468.0,HB2,ASP,100.0,-14.472,74.969,18.35,0.09,1.32,0.0
ATOM,1469.0,HB3,ASP,100.0,-15.56,74.752,17.153,0.09,1.32,0.0
ATOM,1470.0,N,LEU,101.0,-16.444,77.134,15.649,-0.47,1.85,0.0
ATOM,1471.0,CA,LEU,101.0,-17.209,77.418,14.443,0.07,2.275,0.0
ATOM,1472.0,C,LEU,101.0,-17.264,78.907,14.051,0.51,2.0,0.0
ATOM,1473.0,O,LEU,101.0,-17.411,79.248,12.872,-0.51,1.7,0.0
ATOM,1474.0,CB,LEU,101.0,-18.639,76.915,14.634,-0.18,2.175,0.0
ATOM,1475.0,CG,LEU,101.0,-18.855,75.432,14.926,-0.09,2.275,0.0
ATOM,1476.0,CD1,LEU,101.0,-20.308,75.202,15.248,-0.27,2.06,0.0
ATOM,1477.0,CD2,LEU,101.0,-18.413,74.584,13.729,-0.27,2.06,0.55
ATOM,1478.0,H,LEU,101.0,-16.859,77.174,16.609,0.31,0.2245,0.0
ATOM,1479.0,HA,LEU,101.0,-16.79,76.908,13.665,0.09,1.32,0.0
ATOM,1480.0,HB2,LEU,101.0,-19.044,77.43,15.399,0.09,1.32,0.0
ATOM,1481.0,HB3,LEU,101.0,-19.153,77.131,13.797,0.09,1.32,0.0
ATOM,1482.0,HG,LEU,101.0,-18.291,75.171,15.703,0.09,1.32,0.0
ATOM,1483.0,HD11,LEU,101.0,-20.879,75.476,14.47,0.09,1.32,0.0
ATOM,1484.0,HD12,LEU,101.0,-20.466,74.231,15.442,0.09,1.32,0.0
ATOM,1485.0,HD13,LEU,101.0,-20.57,75.742,16.051,0.09,1.32,0.0
ATOM,1486.0,HD21,LEU,101.0,-17.443,74.745,13.551,0.09,1.32,0.0
ATOM,1487.0,HD22,LEU,101.0,-18.561,73.618,13.937,0.09,1.32,0.0
ATOM,1488.0,HD23,LEU,101.0,-18.95,74.842,12.927,0.09,1.32,0.0
ATOM,1489.0,N,THR,102.0,-17.13,79.791,15.036,-0.47,1.85,0.0
ATOM,1490.0,CA,THR,102.0,-17.243,81.224,14.801,0.07,2.275,0.0
ATOM,1491.0,C,THR,102.0,-15.967,82.059,14.802,0.51,2.0,0.0
ATOM,1492.0,O,THR,102.0,-15.905,83.095,14.141,-0.51,1.7,0.0
ATOM,1493.0,CB,THR,102.0,-18.215,81.827,15.805,0.14,2.275,0.0
ATOM,1494.0,OG1,THR,102.0,-17.725,81.593,17.128,-0.66,1.77,0.0
ATOM,1495.0,CG2,THR,102.0,-19.591,81.172,15.671,-0.27,2.06,0.0
ATOM,1496.0,H,THR,102.0,-16.941,79.376,15.97,0.31,0.2245,0.0
ATOM,1497.0,HA,THR,102.0,-17.706,81.359,13.882,0.09,1.32,0.0
ATOM,1498.0,HB,THR,102.0,-18.264,82.836,15.66,0.09,1.32,0.0
ATOM,1499.0,HG21,THR,102.0,-20.301,81.825,15.937,0.09,1.32,0.0
ATOM,1500.0,HG22,THR,102.0,-19.738,80.891,14.722,0.09,1.32,0.0
ATOM,1501.0,HG23,THR,102.0,-19.64,80.368,16.266,0.09,1.32,0.0
ATOM,1502.0,HG1,THR,102.0,-17.788,80.616,17.358,0.43,0.2245,0.0
ATOM,1503.0,N,VAL,103.0,-14.947,81.638,15.53,-0.47,1.85,0.0
ATOM,1504.0,CA,VAL,103.0,-13.71,82.417,15.547,0.07,2.275,0.0
ATOM,1505.0,C,VAL,103.0,-13.094,82.413,14.154,0.51,2.0,0.0
ATOM,1506.0,O,VAL,103.0,-13.027,81.378,13.509,-0.51,1.7,0.0
ATOM,1507.0,CB,VAL,103.0,-12.718,81.849,16.587,-0.09,2.275,0.0
ATOM,1508.0,CG1,VAL,103.0,-11.305,82.355,16.311,-0.27,2.06,0.0
ATOM,1509.0,CG2,VAL,103.0,-13.18,82.251,17.988,-0.27,2.06,0.0
ATOM,1510.0,H,VAL,103.0,-15.089,80.77,16.051,0.31,0.2245,0.0
ATOM,1511.0,HA,VAL,103.0,-13.939,83.362,15.783,0.09,1.32,0.0
ATOM,1512.0,HB,VAL,103.0,-12.7,80.861,16.478,0.09,1.32,0.0
ATOM,1513.0,HG11,VAL,103.0,-10.872,82.617,17.173,0.09,1.32,0.0
ATOM,1514.0,HG12,VAL,103.0,-10.772,81.63,15.876,0.09,1.32,0.0
ATOM,1515.0,HG13,VAL,103.0,-11.349,83.148,15.704,0.09,1.32,0.0
ATOM,1516.0,HG21,VAL,103.0,-12.576,81.831,18.664,0.09,1.32,0.0
ATOM,1517.0,HG22,VAL,103.0,-13.143,83.245,18.071,0.09,1.32,0.0
ATOM,1518.0,HG23,VAL,103.0,-14.117,81.934,18.126,0.09,1.32,0.0
ATOM,1519.0,N,LYS,104.0,-12.668,83.575,13.675,-0.47,1.85,0.0
ATOM,1520.0,CA,LYS,104.0,-12.075,83.66,12.347,0.07,2.275,0.0
ATOM,1521.0,C,LYS,104.0,-10.616,83.974,12.451,0.51,2.0,0.78
ATOM,1522.0,O,LYS,104.0,-9.983,84.369,11.483,-0.51,1.7,18.52
ATOM,1523.0,CB,LYS,104.0,-12.778,84.717,11.511,-0.18,2.175,12.43
ATOM,1524.0,CG,LYS,104.0,-14.219,84.358,11.235,-0.18,2.175,2.35
ATOM,1525.0,CD,LYS,104.0,-14.306,83.077,10.415,-0.18,2.175,0.53
ATOM,1526.0,CE,LYS,104.0,-15.732,82.534,10.365,0.21,2.175,0.05
ATOM,1527.0,NZ,LYS,104.0,-16.69,83.576,9.923,-0.3,1.85,1.77
ATOM,1528.0,H,LYS,104.0,-12.79,84.384,14.304,0.31,0.2245,0.0
ATOM,1529.0,HA,LYS,104.0,-12.194,82.772,11.885,0.09,1.32,0.0
ATOM,1530.0,HB2,LYS,104.0,-12.756,85.576,12.007,0.09,1.32,3.25
ATOM,1531.0,HB3,LYS,104.0,-12.301,84.8,10.645,0.09,1.32,5.82
ATOM,1532.0,HG2,LYS,104.0,-14.697,84.217,12.099,0.09,1.32,0.0
ATOM,1533.0,HG3,LYS,104.0,-14.653,85.096,10.723,0.09,1.32,4.54
ATOM,1534.0,HD2,LYS,104.0,-14.009,83.269,9.485,0.09,1.32,6.97
ATOM,1535.0,HD3,LYS,104.0,-13.721,82.388,10.83,0.09,1.32,0.0
ATOM,1536.0,HE2,LYS,104.0,-15.76,81.763,9.727,0.05,1.32,0.0
ATOM,1537.0,HE3,LYS,104.0,-15.986,82.214,11.279,0.05,1.32,0.0
ATOM,1538.0,HZ1,LYS,104.0,-16.294,84.482,10.079,0.33,0.2245,1.57
ATOM,1539.0,HZ2,LYS,104.0,-16.883,83.46,8.948,0.33,0.2245,7.85
ATOM,1540.0,HZ3,LYS,104.0,-17.54,83.491,10.443,0.33,0.2245,0.0
ATOM,1541.0,N,CYS,105.0,-10.089,83.777,13.649,-0.47,1.85,0.04
ATOM,1542.0,CA,CYS,105.0,-8.681,83.998,13.947,0.07,2.275,0.52
ATOM,1543.0,C,CYS,105.0,-8.045,82.615,13.939,0.51,2.0,0.0
ATOM,1544.0,O,CYS,105.0,-8.599,81.695,14.534,-0.51,1.7,0.76
ATOM,1545.0,CB,CYS,105.0,-8.554,84.587,15.344,-0.1,2.175,0.0
ATOM,1546.0,SG,CYS,105.0,-6.892,85.157,15.795,-0.08,1.975,0.0
ATOM,1547.0,H,CYS,105.0,-10.776,83.446,14.371,0.31,0.2245,0.0
ATOM,1548.0,HA,CYS,105.0,-8.282,84.526,13.216,0.09,1.32,1.1
ATOM,1549.0,HB2,CYS,105.0,-9.179,85.368,15.414,0.09,1.32,0.0
ATOM,1550.0,HB3,CYS,105.0,-8.832,83.886,16.007,0.09,1.32,0.0
ATOM,1551.0,N,ASP,106.0,-6.898,82.44,13.295,-0.47,1.85,0.0
ATOM,1552.0,CA,ASP,106.0,-6.303,81.099,13.294,0.07,2.275,0.61
ATOM,1553.0,C,ASP,106.0,-5.066,80.989,14.177,0.51,2.0,0.94
ATOM,1554.0,O,ASP,106.0,-4.314,80.031,14.088,-0.51,1.7,1.38
ATOM,1555.0,CB,ASP,106.0,-5.977,80.626,11.882,-0.28,2.175,5.7
ATOM,1556.0,CG,ASP,106.0,-7.216,80.16,11.126,0.62,2.0,0.15
ATOM,1557.0,OD1,ASP,106.0,-7.945,79.267,11.633,-0.76,1.7,2.11
ATOM,1558.0,OD2,ASP,106.0,-7.457,80.681,10.015,-0.76,1.7,15.58
ATOM,1559.0,H,ASP,106.0,-6.499,83.251,12.839,0.31,0.2245,7.7
ATOM,1560.0,HA,ASP,106.0,-6.999,80.467,13.676,0.09,1.32,2.01
ATOM,1561.0,HB2,ASP,106.0,-5.572,81.383,11.386,0.09,1.32,8.67
ATOM,1562.0,HB3,ASP,106.0,-5.343,79.867,11.946,0.09,1.32,0.0
ATOM,1563.0,N,LYS,107.0,-4.863,81.987,15.005,-0.47,1.85,0.0
ATOM,1564.0,CA,LYS,107.0,-3.77,81.937,15.931,0.07,2.275,0.53
ATOM,1565.0,C,LYS,107.0,-4.24,81.079,17.061,0.51,2.0,0.0
ATOM,1566.0,O,LYS,107.0,-5.435,80.833,17.187,-0.51,1.7,4.26
ATOM,1567.0,CB,LYS,107.0,-3.384,83.343,16.431,-0.18,2.175,1.02
ATOM,1568.0,CG,LYS,107.0,-3.195,84.377,15.333,-0.18,2.175,7.92
ATOM,1569.0,CD,LYS,107.0,-2.88,85.75,15.912,-0.18,2.175,0.19
ATOM,1570.0,CE,LYS,107.0,-2.096,86.602,14.93,0.21,2.175,15.43
ATOM,1571.0,NZ,LYS,107.0,-1.496,87.791,15.595,-0.3,1.85,3.95
ATOM,1572.0,H,LYS,107.0,-5.531,82.772,14.93,0.31,0.2245,0.0
ATOM,1573.0,HA,LYS,107.0,-2.987,81.509,15.497,0.09,1.32,0.98
ATOM,1574.0,HB2,LYS,107.0,-4.108,83.66,17.043,0.09,1.32,0.0
ATOM,1575.0,HB3,LYS,107.0,-2.528,83.262,16.942,0.09,1.32,0.11
ATOM,1576.0,HG2,LYS,107.0,-2.438,84.095,14.744,0.09,1.32,8.38
ATOM,1577.0,HG3,LYS,107.0,-4.034,84.439,14.793,0.09,1.32,0.13
ATOM,1578.0,HD2,LYS,107.0,-3.735,86.212,16.123,0.09,1.32,0.0
ATOM,1579.0,HD3,LYS,107.0,-2.337,85.634,16.737,0.09,1.32,0.0
ATOM,1580.0,HE2,LYS,107.0,-1.365,86.046,14.528,0.05,1.32,9.32
ATOM,1581.0,HE3,LYS,107.0,-2.712,86.909,14.2,0.05,1.32,5.01
ATOM,1582.0,HZ1,LYS,107.0,-0.506,87.781,15.46,0.33,0.2245,13.26
ATOM,1583.0,HZ2,LYS,107.0,-1.88,88.623,15.196,0.33,0.2245,2.46
ATOM,1584.0,HZ3,LYS,107.0,-1.701,87.763,16.573,0.33,0.2245,0.0
ATOM,1585.0,N,PRO,108.0,-3.322,80.596,17.924,-0.29,1.85,0.0
ATOM,1586.0,CA,PRO,108.0,-3.783,79.726,19.024,0.02,2.275,0.0
ATOM,1587.0,C,PRO,108.0,-4.916,80.267,19.884,0.51,2.0,0.0
ATOM,1588.0,O,PRO,108.0,-4.856,81.397,20.382,-0.51,1.7,0.0
ATOM,1589.0,CB,PRO,108.0,-2.516,79.359,19.73,-0.18,2.175,0.0
ATOM,1590.0,CG,PRO,108.0,-1.565,79.192,18.609,-0.18,2.175,0.06
ATOM,1591.0,CD,PRO,108.0,-2.068,79.987,17.447,0.0,2.175,0.67
ATOM,1592.0,HA,PRO,108.0,-4.028,78.797,18.651,0.09,1.32,0.63
ATOM,1593.0,HB2,PRO,108.0,-2.217,80.087,20.348,0.09,1.32,0.0
ATOM,1594.0,HB3,PRO,108.0,-2.616,78.508,20.245,0.09,1.32,0.0
ATOM,1595.0,HG2,PRO,108.0,-0.633,79.504,18.881,0.09,1.32,2.11
ATOM,1596.0,HG3,PRO,108.0,-1.477,78.207,18.36,0.09,1.32,0.0
ATOM,1597.0,HD2,PRO,108.0,-1.414,80.703,17.176,0.09,1.32,5.07
ATOM,1598.0,HD3,PRO,108.0,-2.247,79.402,16.646,0.09,1.32,0.0
ATOM,1599.0,N,VAL,109.0,-5.938,79.437,20.068,-0.47,1.85,0.01
ATOM,1600.0,CA,VAL,109.0,-7.047,79.83,20.927,0.07,2.275,0.0
ATOM,1601.0,C,VAL,109.0,-7.353,78.668,21.858,0.51,2.0,0.0
ATOM,1602.0,O,VAL,109.0,-8.056,77.73,21.493,-0.51,1.7,0.0
ATOM,1603.0,CB,VAL,109.0,-8.305,80.152,20.134,-0.09,2.275,0.32
ATOM,1604.0,CG1,VAL,109.0,-9.489,80.375,21.065,-0.27,2.06,0.0
ATOM,1605.0,CG2,VAL,109.0,-8.095,81.38,19.247,-0.27,2.06,1.38
ATOM,1606.0,H,VAL,109.0,-5.877,78.539,19.574,0.31,0.2245,0.6
ATOM,1607.0,HA,VAL,109.0,-6.755,80.604,21.482,0.09,1.32,0.0
ATOM,1608.0,HB,VAL,109.0,-8.529,79.36,19.57,0.09,1.32,0.8
ATOM,1609.0,HG11,VAL,109.0,-9.162,80.458,22.006,0.09,1.32,0.0
ATOM,1610.0,HG12,VAL,109.0,-9.966,81.214,20.803,0.09,1.32,0.0
ATOM,1611.0,HG13,VAL,109.0,-10.117,79.6,20.998,0.09,1.32,0.0
ATOM,1612.0,HG21,VAL,109.0,-8.92,81.537,18.707,0.09,1.32,0.0
ATOM,1613.0,HG22,VAL,109.0,-7.912,82.173,19.826,0.09,1.32,0.0
ATOM,1614.0,HG23,VAL,109.0,-7.318,81.216,18.641,0.09,1.32,0.0
ATOM,1615.0,N,VAL,110.0,-6.833,78.761,23.075,-0.47,1.85,0.0
ATOM,1616.0,CA,VAL,110.0,-6.935,77.698,24.065,0.07,2.275,0.0
ATOM,1617.0,C,VAL,110.0,-7.873,77.931,25.252,0.51,2.0,0.0
ATOM,1618.0,O,VAL,110.0,-7.785,78.942,25.939,-0.51,1.7,0.0
ATOM,1619.0,CB,VAL,110.0,-5.53,77.405,24.642,-0.09,2.275,0.0
ATOM,1620.0,CG1,VAL,110.0,-5.57,76.167,25.528,-0.27,2.06,0.0
ATOM,1621.0,CG2,VAL,110.0,-4.529,77.263,23.523,-0.27,2.06,0.0
ATOM,1622.0,H,VAL,110.0,-6.341,79.668,23.263,0.31,0.2245,0.0
ATOM,1623.0,HA,VAL,110.0,-7.261,76.847,23.579,0.09,1.32,0.0
ATOM,1624.0,HB,VAL,110.0,-5.278,78.171,25.222,0.09,1.32,0.0
ATOM,1625.0,HG11,VAL,110.0,-5.383,75.355,24.975,0.09,1.32,0.0
ATOM,1626.0,HG12,VAL,110.0,-4.878,76.248,26.245,0.09,1.32,0.0
ATOM,1627.0,HG13,VAL,110.0,-6.475,76.085,25.945,0.09,1.32,0.0
ATOM,1628.0,HG21,VAL,110.0,-4.646,78.013,22.869,0.09,1.32,0.0
ATOM,1629.0,HG22,VAL,110.0,-3.6,77.291,23.897,0.09,1.32,0.0
ATOM,1630.0,HG23,VAL,110.0,-4.671,76.389,23.053,0.09,1.32,0.0
ATOM,1631.0,N,MET,111.0,-8.755,76.978,25.511,-0.47,1.85,0.0
ATOM,1632.0,CA,MET,111.0,-9.641,77.094,26.656,0.07,2.275,0.0
ATOM,1633.0,C,MET,111.0,-9.085,76.252,27.803,0.51,2.0,0.0
ATOM,1634.0,O,MET,111.0,-8.44,75.237,27.574,-0.51,1.7,0.0
ATOM,1635.0,CB,MET,111.0,-11.036,76.633,26.287,-0.18,2.175,0.0
ATOM,1636.0,CG,MET,111.0,-11.712,77.548,25.316,-0.14,2.175,0.0
ATOM,1637.0,SD,MET,111.0,-13.395,77.039,25.121,-0.09,2.0,0.0
ATOM,1638.0,CE,MET,111.0,-14.141,77.641,26.617,-0.22,2.06,0.0
ATOM,1639.0,H,MET,111.0,-8.756,76.183,24.857,0.31,0.2245,0.0
ATOM,1640.0,HA,MET,111.0,-9.653,78.048,26.953,0.09,1.32,0.0
ATOM,1641.0,HB2,MET,111.0,-10.98,75.712,25.883,0.09,1.32,0.0
ATOM,1642.0,HB3,MET,111.0,-11.594,76.576,27.125,0.09,1.32,0.0
ATOM,1643.0,HG2,MET,111.0,-11.653,78.501,25.661,0.09,1.32,0.0
ATOM,1644.0,HG3,MET,111.0,-11.215,77.521,24.431,0.09,1.32,0.0
ATOM,1645.0,HE1,MET,111.0,-14.91,77.051,26.878,0.09,1.32,0.0
ATOM,1646.0,HE2,MET,111.0,-13.466,77.644,27.36,0.09,1.32,0.0
ATOM,1647.0,HE3,MET,111.0,-14.479,78.576,26.48,0.09,1.32,0.0
ATOM,1648.0,N,VAL,112.0,-9.348,76.667,29.038,-0.47,1.85,0.0
ATOM,1649.0,CA,VAL,112.0,-8.821,75.953,30.192,0.07,2.275,0.0
ATOM,1650.0,C,VAL,112.0,-9.621,76.187,31.474,0.51,2.0,0.0
ATOM,1651.0,O,VAL,112.0,-10.072,77.301,31.75,-0.51,1.7,0.0
ATOM,1652.0,CB,VAL,112.0,-7.347,76.36,30.435,-0.09,2.275,0.0
ATOM,1653.0,CG1,VAL,112.0,-7.281,77.836,30.722,-0.27,2.06,0.0
ATOM,1654.0,CG2,VAL,112.0,-6.748,75.554,31.579,-0.27,2.06,0.0
ATOM,1655.0,H,VAL,112.0,-9.939,77.512,29.102,0.31,0.2245,0.0
ATOM,1656.0,HA,VAL,112.0,-8.851,74.957,29.988,0.09,1.32,0.0
ATOM,1657.0,HB,VAL,112.0,-6.853,76.196,29.592,0.09,1.32,0.0
ATOM,1658.0,HG11,VAL,112.0,-6.355,78.178,30.546,0.09,1.32,0.0
ATOM,1659.0,HG12,VAL,112.0,-7.927,78.328,30.134,0.09,1.32,0.0
ATOM,1660.0,HG13,VAL,112.0,-7.516,78.009,31.681,0.09,1.32,0.0
ATOM,1661.0,HG21,VAL,112.0,-6.195,76.157,32.153,0.09,1.32,0.0
ATOM,1662.0,HG22,VAL,112.0,-7.486,75.155,32.123,0.09,1.32,0.0
ATOM,1663.0,HG23,VAL,112.0,-6.174,74.826,31.205,0.09,1.32,0.0
ATOM,1664.0,N,GLY,113.0,-9.792,75.119,32.252,-0.47,1.85,0.0
ATOM,1665.0,CA,GLY,113.0,-10.527,75.203,33.506,-0.02,2.175,0.0
ATOM,1666.0,C,GLY,113.0,-9.798,74.431,34.585,0.51,2.0,0.0
ATOM,1667.0,O,GLY,113.0,-8.595,74.199,34.472,-0.51,1.7,0.0
ATOM,1668.0,H,GLY,113.0,-9.365,74.245,31.892,0.31,0.2245,0.0
ATOM,1669.0,HA2,GLY,113.0,-10.613,76.165,33.78,0.09,1.32,0.0
ATOM,1670.0,HA3,GLY,113.0,-11.447,74.82,33.382,0.09,1.32,0.0
ATOM,1671.0,N,ALA,114.0,-10.518,74.04,35.629,-0.47,1.85,0.0
ATOM,1672.0,CA,ALA,114.0,-9.942,73.281,36.737,0.07,2.275,0.0
ATOM,1673.0,C,ALA,114.0,-11.039,72.481,37.424,0.51,2.0,0.0
ATOM,1674.0,O,ALA,114.0,-12.143,72.975,37.612,-0.51,1.7,0.0
ATOM,1675.0,CB,ALA,114.0,-9.295,74.22,37.735,-0.27,2.06,0.2
ATOM,1676.0,H,ALA,114.0,-11.523,74.318,35.592,0.31,0.2245,0.0
ATOM,1677.0,HA,ALA,114.0,-9.26,72.646,36.373,0.09,1.32,0.0
ATOM,1678.0,HB1,ALA,114.0,-9.85,75.048,37.829,0.09,1.32,0.0
ATOM,1679.0,HB2,ALA,114.0,-9.223,73.769,38.625,0.09,1.32,0.0
ATOM,1680.0,HB3,ALA,114.0,-8.38,74.471,37.418,0.09,1.32,0.0
ATOM,1681.0,N,MET,115.0,-10.725,71.246,37.806,-0.47,1.85,0.0
ATOM,1682.0,CA,MET,115.0,-11.689,70.369,38.464,0.07,2.275,0.0
ATOM,1683.0,C,MET,115.0,-11.686,70.498,39.982,0.51,2.0,0.0
ATOM,1684.0,O,MET,115.0,-12.609,70.032,40.651,-0.51,1.7,19.57
ATOM,1685.0,CB,MET,115.0,-11.427,68.912,38.081,-0.18,2.175,0.0
ATOM,1686.0,CG,MET,115.0,-11.814,68.569,36.662,-0.14,2.175,0.0
ATOM,1687.0,SD,MET,115.0,-13.582,68.752,36.328,-0.09,2.0,0.03
ATOM,1688.0,CE,MET,115.0,-14.302,67.455,37.332,-0.22,2.06,1.77
ATOM,1689.0,H,MET,115.0,-9.745,70.963,37.598,0.31,0.2245,0.0
ATOM,1690.0,HA,MET,115.0,-12.617,70.618,38.132,0.09,1.32,0.2
ATOM,1691.0,HB2,MET,115.0,-10.444,68.716,38.204,0.09,1.32,0.0
ATOM,1692.0,HB3,MET,115.0,-11.943,68.314,38.71,0.09,1.32,0.0
ATOM,1693.0,HG2,MET,115.0,-11.264,69.158,36.019,0.09,1.32,0.0
ATOM,1694.0,HG3,MET,115.0,-11.509,67.605,36.46,0.09,1.32,0.0
ATOM,1695.0,HE1,MET,115.0,-15.173,67.165,36.932,0.09,1.32,0.0
ATOM,1696.0,HE2,MET,115.0,-13.678,66.673,37.369,0.09,1.32,0.0
ATOM,1697.0,HE3,MET,115.0,-14.461,67.797,38.259,0.09,1.32,2.5
ATOM,1698.0,N,ARG,116.0,-10.645,71.128,40.521,-0.47,1.85,0.0
ATOM,1699.0,CA,ARG,116.0,-10.517,71.328,41.961,0.07,2.275,0.0
ATOM,1700.0,C,ARG,116.0,-10.32,72.795,42.282,0.51,2.0,0.0
ATOM,1701.0,O,ARG,116.0,-9.551,73.476,41.613,-0.51,1.7,0.88
ATOM,1702.0,CB,ARG,116.0,-9.328,70.547,42.498,-0.18,2.175,0.0
ATOM,1703.0,CG,ARG,116.0,-9.545,69.05,42.561,-0.18,2.175,2.61
ATOM,1704.0,CD,ARG,116.0,-8.257,68.345,42.954,0.2,2.175,3.25
ATOM,1705.0,NE,ARG,116.0,-8.411,66.893,43.032,-0.7,1.85,4.37
ATOM,1706.0,CZ,ARG,116.0,-7.397,66.03,42.977,0.64,2.0,1.29
ATOM,1707.0,NH1,ARG,116.0,-6.152,66.465,42.841,-0.8,1.85,3.92
ATOM,1708.0,NH2,ARG,116.0,-7.625,64.727,43.051,-0.8,1.85,20.27
ATOM,1709.0,H,ARG,116.0,-9.938,71.462,39.833,0.31,0.2245,0.0
ATOM,1710.0,HA,ARG,116.0,-11.361,71.007,42.408,0.09,1.32,0.2
ATOM,1711.0,HB2,ARG,116.0,-8.544,70.722,41.905,0.09,1.32,0.0
ATOM,1712.0,HB3,ARG,116.0,-9.131,70.87,43.421,0.09,1.32,0.0
ATOM,1713.0,HG2,ARG,116.0,-10.234,68.839,43.244,0.09,1.32,8.59
ATOM,1714.0,HG3,ARG,116.0,-9.821,68.714,41.669,0.09,1.32,0.0
ATOM,1715.0,HD2,ARG,116.0,-7.562,68.565,42.271,0.09,1.32,0.0
ATOM,1716.0,HD3,ARG,116.0,-7.974,68.694,43.847,0.09,1.32,0.69
ATOM,1717.0,HE,ARG,116.0,-9.34,66.522,43.133,0.44,0.2245,9.79
ATOM,1718.0,HH11,ARG,116.0,-5.951,67.441,42.798,0.46,0.2245,0.0
ATOM,1719.0,HH12,ARG,116.0,-5.397,65.802,42.781,0.46,0.2245,12.05
ATOM,1720.0,HH21,ARG,116.0,-8.566,64.396,43.169,0.46,0.2245,18.04
ATOM,1721.0,HH22,ARG,116.0,-6.871,64.078,42.992,0.46,0.2245,18.16
ATOM,1722.0,N,PRO,117.0,-11.011,73.302,43.315,-0.29,1.85,0.0
ATOM,1723.0,CA,PRO,117.0,-10.9,74.708,43.724,0.02,2.275,0.0
ATOM,1724.0,C,PRO,117.0,-9.478,75.012,44.171,0.51,2.0,0.0
ATOM,1725.0,O,PRO,117.0,-8.818,74.166,44.762,-0.51,1.7,0.0
ATOM,1726.0,CB,PRO,117.0,-11.904,74.812,44.863,-0.18,2.175,0.0
ATOM,1727.0,CG,PRO,117.0,-11.852,73.441,45.466,-0.18,2.175,3.03
ATOM,1728.0,CD,PRO,117.0,-11.86,72.553,44.253,0.0,2.175,10.69
ATOM,1729.0,HA,PRO,117.0,-11.181,75.318,42.979,0.09,1.32,0.0
ATOM,1730.0,HB2,PRO,117.0,-11.624,75.501,45.525,0.09,1.32,0.0
ATOM,1731.0,HB3,PRO,117.0,-12.815,75.014,44.52,0.09,1.32,0.14
ATOM,1732.0,HG2,PRO,117.0,-11.018,73.322,45.992,0.09,1.32,0.0
ATOM,1733.0,HG3,PRO,117.0,-12.65,73.279,46.034,0.09,1.32,0.41
ATOM,1734.0,HD2,PRO,117.0,-11.464,71.661,44.45,0.09,1.32,1.4
ATOM,1735.0,HD3,PRO,117.0,-12.78,72.444,43.885,0.09,1.32,7.31
ATOM,1736.0,N,SER,118.0,-9.015,76.219,43.873,-0.47,1.85,0.57
ATOM,1737.0,CA,SER,118.0,-7.665,76.649,44.221,0.07,2.275,1.33
ATOM,1738.0,C,SER,118.0,-7.322,76.453,45.697,0.51,2.0,0.16
ATOM,1739.0,O,SER,118.0,-6.146,76.439,46.084,-0.51,1.7,21.1
ATOM,1740.0,CB,SER,118.0,-7.501,78.122,43.864,0.05,2.175,19.96
ATOM,1741.0,OG,SER,118.0,-8.482,78.897,44.534,-0.66,1.77,13.48
ATOM,1742.0,H,SER,118.0,-9.696,76.832,43.371,0.31,0.2245,0.0
ATOM,1743.0,HA,SER,118.0,-7.01,76.094,43.676,0.09,1.32,0.0
ATOM,1744.0,HB2,SER,118.0,-6.6,78.425,44.148,0.09,1.32,8.88
ATOM,1745.0,HB3,SER,118.0,-7.617,78.232,42.885,0.09,1.32,3.68
ATOM,1746.0,HG,SER,118.0,-9.386,78.672,44.174,0.43,0.2245,0.0
ATOM,1747.0,N,THR,119.0,-8.353,76.311,46.52,-0.47,1.85,0.0
ATOM,1748.0,CA,THR,119.0,-8.159,76.133,47.949,0.07,2.275,0.66
ATOM,1749.0,C,THR,119.0,-7.738,74.713,48.326,0.51,2.0,0.0
ATOM,1750.0,O,THR,119.0,-7.009,74.51,49.3,-0.51,1.7,11.77
ATOM,1751.0,CB,THR,119.0,-9.437,76.497,48.713,0.14,2.275,1.55
ATOM,1752.0,OG1,THR,119.0,-10.504,75.631,48.308,-0.66,1.77,0.28
ATOM,1753.0,CG2,THR,119.0,-9.822,77.929,48.42,-0.27,2.06,14.75
ATOM,1754.0,H,THR,119.0,-9.284,76.338,46.064,0.31,0.2245,0.0
ATOM,1755.0,HA,THR,119.0,-7.429,76.769,48.257,0.09,1.32,8.12
ATOM,1756.0,HB,THR,119.0,-9.278,76.357,49.712,0.09,1.32,0.34
ATOM,1757.0,HG21,THR,119.0,-10.816,78.001,48.298,0.09,1.32,0.0
ATOM,1758.0,HG22,THR,119.0,-9.545,78.523,49.181,0.09,1.32,7.8
ATOM,1759.0,HG23,THR,119.0,-9.369,78.243,47.581,0.09,1.32,0.0
ATOM,1760.0,HG1,THR,119.0,-10.275,75.177,47.441,0.43,0.2245,0.0
ATOM,1761.0,N,SER,120.0,-8.185,73.726,47.561,-0.47,1.85,0.0
ATOM,1762.0,CA,SER,120.0,-7.819,72.355,47.877,0.07,2.275,0.54
ATOM,1763.0,C,SER,120.0,-6.334,72.099,47.647,0.51,2.0,0.0
ATOM,1764.0,O,SER,120.0,-5.645,72.867,46.972,-0.51,1.7,5.97
ATOM,1765.0,CB,SER,120.0,-8.635,71.363,47.044,0.05,2.175,12.54
ATOM,1766.0,OG,SER,120.0,-8.207,71.36,45.696,-0.66,1.77,0.0
ATOM,1767.0,H,SER,120.0,-8.777,74.003,46.773,0.31,0.2245,0.0
ATOM,1768.0,HA,SER,120.0,-8.011,72.195,48.856,0.09,1.32,0.0
ATOM,1769.0,HB2,SER,120.0,-8.517,70.451,47.426,0.09,1.32,6.47
ATOM,1770.0,HB3,SER,120.0,-9.594,71.629,47.081,0.09,1.32,1.31
ATOM,1771.0,HG,SER,120.0,-8.335,72.27,45.302,0.43,0.2245,0.0
ATOM,1772.0,N,MET,121.0,-5.856,71.015,48.249,-0.47,1.85,0.0
ATOM,1773.0,CA,MET,121.0,-4.474,70.582,48.122,0.07,2.275,3.76
ATOM,1774.0,C,MET,121.0,-4.434,69.966,46.736,0.51,2.0,0.0
ATOM,1775.0,O,MET,121.0,-5.465,69.521,46.23,-0.51,1.7,4.25
ATOM,1776.0,CB,MET,121.0,-4.162,69.474,49.134,-0.18,2.175,3.83
ATOM,1777.0,CG,MET,121.0,-4.751,69.651,50.528,-0.14,2.175,4.12
ATOM,1778.0,SD,MET,121.0,-4.855,68.062,51.435,-0.09,2.0,37.77
ATOM,1779.0,CE,MET,121.0,-6.621,67.869,51.557,-0.22,2.06,33.54
ATOM,1780.0,H,MET,121.0,-6.565,70.498,48.825,0.31,0.2245,0.19
ATOM,1781.0,HA,MET,121.0,-3.897,71.372,48.124,0.09,1.32,7.13
ATOM,1782.0,HB2,MET,121.0,-4.495,68.588,48.76,0.09,1.32,3.65
ATOM,1783.0,HB3,MET,121.0,-3.152,69.392,49.225,0.09,1.32,10.14
ATOM,1784.0,HG2,MET,121.0,-4.178,70.314,51.048,0.09,1.32,10.36
ATOM,1785.0,HG3,MET,121.0,-5.676,70.069,50.447,0.09,1.32,0.0
ATOM,1786.0,HE1,MET,121.0,-6.87,67.583,52.486,0.09,1.32,11.42
ATOM,1787.0,HE2,MET,121.0,-7.074,68.739,51.35,0.09,1.32,0.0
ATOM,1788.0,HE3,MET,121.0,-6.934,67.174,50.906,0.09,1.32,11.96
ATOM,1789.0,N,SER,122.0,-3.265,69.924,46.116,-0.47,1.85,0.39
ATOM,1790.0,CA,SER,122.0,-3.186,69.314,44.8,0.07,2.275,5.98
ATOM,1791.0,C,SER,122.0,-4.198,69.92,43.811,0.51,2.0,0.0
ATOM,1792.0,O,SER,122.0,-4.729,69.205,42.966,-0.51,1.7,3.95
ATOM,1793.0,CB,SER,122.0,-3.46,67.805,44.917,0.05,2.175,11.66
ATOM,1794.0,OG,SER,122.0,-2.607,67.168,45.85,-0.66,1.77,29.65
ATOM,1795.0,H,SER,122.0,-2.474,70.334,46.616,0.31,0.2245,14.76
ATOM,1796.0,HA,SER,122.0,-2.262,69.482,44.426,0.09,1.32,11.79
ATOM,1797.0,HB2,SER,122.0,-4.411,67.677,45.203,0.09,1.32,1.8
ATOM,1798.0,HB3,SER,122.0,-3.327,67.388,44.016,0.09,1.32,5.94
ATOM,1799.0,HG,SER,122.0,-2.836,67.472,46.774,0.43,0.2245,8.11
ATOM,1800.0,N,ALA,123.0,-4.491,71.213,43.918,-0.47,1.85,0.63
ATOM,1801.0,CA,ALA,123.0,-5.427,71.828,42.985,0.07,2.275,0.0
ATOM,1802.0,C,ALA,123.0,-4.774,71.706,41.615,0.51,2.0,0.0
ATOM,1803.0,O,ALA,123.0,-3.55,71.763,41.499,-0.51,1.7,12.32
ATOM,1804.0,CB,ALA,123.0,-5.67,73.288,43.337,-0.27,2.06,2.05
ATOM,1805.0,H,ALA,123.0,-4.021,71.714,44.681,0.31,0.2245,4.32
ATOM,1806.0,HA,ALA,123.0,-6.269,71.314,42.984,0.09,1.32,0.0
ATOM,1807.0,HB1,ALA,123.0,-4.991,73.588,44.007,0.09,1.32,4.16
ATOM,1808.0,HB2,ALA,123.0,-5.593,73.848,42.513,0.09,1.32,0.0
ATOM,1809.0,HB3,ALA,123.0,-6.586,73.391,43.723,0.09,1.32,0.0
ATOM,1810.0,N,ASP,124.0,-5.59,71.527,40.581,-0.47,1.85,0.0
ATOM,1811.0,CA,ASP,124.0,-5.073,71.347,39.238,0.07,2.275,0.78
ATOM,1812.0,C,ASP,124.0,-5.069,72.608,38.403,0.51,2.0,0.0
ATOM,1813.0,O,ASP,124.0,-4.49,72.623,37.316,-0.51,1.7,0.03
ATOM,1814.0,CB,ASP,124.0,-5.86,70.241,38.525,-0.28,2.175,10.92
ATOM,1815.0,CG,ASP,124.0,-7.358,70.505,38.5,0.62,2.0,0.0
ATOM,1816.0,OD1,ASP,124.0,-7.903,70.928,39.536,-0.76,1.7,0.0
ATOM,1817.0,OD2,ASP,124.0,-7.994,70.276,37.449,-0.76,1.7,0.07
ATOM,1818.0,H,ASP,124.0,-6.6,71.528,40.817,0.31,0.2245,0.0
ATOM,1819.0,HA,ASP,124.0,-4.102,71.046,39.329,0.09,1.32,4.36
ATOM,1820.0,HB2,ASP,124.0,-5.531,70.185,37.59,0.09,1.32,2.03
ATOM,1821.0,HB3,ASP,124.0,-5.695,69.388,39.005,0.09,1.32,2.97
ATOM,1822.0,N,GLY,125.0,-5.703,73.665,38.91,-0.47,1.85,0.0
ATOM,1823.0,CA,GLY,125.0,-5.752,74.923,38.181,-0.02,2.175,0.31
ATOM,1824.0,C,GLY,125.0,-4.399,75.494,37.762,0.51,2.0,0.55
ATOM,1825.0,O,GLY,125.0,-4.156,75.735,36.576,-0.51,1.7,0.0
ATOM,1826.0,H,GLY,125.0,-6.139,73.514,39.833,0.31,0.2245,0.11
ATOM,1827.0,HA2,GLY,125.0,-6.332,74.803,37.343,0.09,1.32,0.0
ATOM,1828.0,HA3,GLY,125.0,-6.242,75.622,38.751,0.09,1.32,4.44
ATOM,1829.0,N,PRO,126.0,-3.488,75.731,38.712,-0.29,1.85,0.61
ATOM,1830.0,CA,PRO,126.0,-2.175,76.281,38.356,0.02,2.275,1.3
ATOM,1831.0,C,PRO,126.0,-1.387,75.563,37.27,0.51,2.0,0.12
ATOM,1832.0,O,PRO,126.0,-0.729,76.212,36.461,-0.51,1.7,1.17
ATOM,1833.0,CB,PRO,126.0,-1.43,76.324,39.693,-0.18,2.175,11.09
ATOM,1834.0,CG,PRO,126.0,-2.202,75.372,40.583,-0.18,2.175,14.5
ATOM,1835.0,CD,PRO,126.0,-3.63,75.622,40.17,0.0,2.175,4.04
ATOM,1836.0,HA,PRO,126.0,-2.27,77.286,38.12,0.09,1.32,1.01
ATOM,1837.0,HB2,PRO,126.0,-0.485,76.014,39.587,0.09,1.32,9.22
ATOM,1838.0,HB3,PRO,126.0,-1.437,77.246,40.078,0.09,1.32,2.18
ATOM,1839.0,HG2,PRO,126.0,-1.933,74.436,40.399,0.09,1.32,2.29
ATOM,1840.0,HG3,PRO,126.0,-2.057,75.601,41.536,0.09,1.32,11.01
ATOM,1841.0,HD2,PRO,126.0,-4.216,74.86,40.412,0.09,1.32,0.0
ATOM,1842.0,HD3,PRO,126.0,-3.977,76.468,40.556,0.09,1.32,7.99
ATOM,1843.0,N,PHE,127.0,-1.432,74.24,37.221,-0.47,1.85,0.28
ATOM,1844.0,CA,PHE,127.0,-0.674,73.56,36.175,0.07,2.275,0.45
ATOM,1845.0,C,PHE,127.0,-1.423,73.58,34.852,0.51,2.0,0.0
ATOM,1846.0,O,PHE,127.0,-0.82,73.581,33.786,-0.51,1.7,0.0
ATOM,1847.0,CB,PHE,127.0,-0.371,72.111,36.556,-0.18,2.175,9.21
ATOM,1848.0,CG,PHE,127.0,0.846,71.55,35.869,0.0,1.9924,0.36
ATOM,1849.0,CD1,PHE,127.0,2.097,72.102,36.103,-0.115,1.9924,8.54
ATOM,1850.0,CD2,PHE,127.0,0.746,70.463,35.007,-0.115,1.9924,7.95
ATOM,1851.0,CE1,PHE,127.0,3.235,71.581,35.492,-0.115,1.9924,11.62
ATOM,1852.0,CE2,PHE,127.0,1.881,69.931,34.39,-0.115,1.9924,8.94
ATOM,1853.0,CZ,PHE,127.0,3.126,70.493,34.634,-0.115,1.9924,11.9
ATOM,1854.0,H,PHE,127.0,-1.999,73.775,37.924,0.31,0.2245,0.0
ATOM,1855.0,HA,PHE,127.0,0.174,74.086,36.039,0.09,1.32,0.11
ATOM,1856.0,HB2,PHE,127.0,-0.212,72.08,37.53,0.09,1.32,8.06
ATOM,1857.0,HB3,PHE,127.0,-1.148,71.56,36.297,0.09,1.32,2.29
ATOM,1858.0,HD1,PHE,127.0,2.19,72.882,36.717,0.115,1.3582,11.2
ATOM,1859.0,HD2,PHE,127.0,-0.148,70.055,34.825,0.115,1.3582,3.92
ATOM,1860.0,HE1,PHE,127.0,4.132,71.998,35.676,0.115,1.3582,16.18
ATOM,1861.0,HE2,PHE,127.0,1.785,69.14,33.768,0.115,1.3582,3.7
ATOM,1862.0,HZ,PHE,127.0,3.943,70.121,34.198,0.115,1.3582,7.51
ATOM,1863.0,N,ASN,128.0,-2.746,73.565,34.919,-0.47,1.85,0.0
ATOM,1864.0,CA,ASN,128.0,-3.535,73.607,33.703,0.07,2.275,0.0
ATOM,1865.0,C,ASN,128.0,-3.247,74.942,33.037,0.51,2.0,0.0
ATOM,1866.0,O,ASN,128.0,-2.846,74.991,31.874,-0.51,1.7,0.0
ATOM,1867.0,CB,ASN,128.0,-5.031,73.481,34.017,-0.18,2.175,0.0
ATOM,1868.0,CG,ASN,128.0,-5.448,72.051,34.293,0.55,2.0,0.0
ATOM,1869.0,H,ASN,128.0,-3.143,73.523,35.868,0.31,0.2245,0.0
ATOM,1870.0,HA,ASN,128.0,-3.191,72.899,33.098,0.09,1.32,0.02
ATOM,1871.0,HB2,ASN,128.0,-5.229,74.033,34.822,0.09,1.32,0.0
ATOM,1872.0,HB3,ASN,128.0,-5.544,73.818,33.233,0.09,1.32,0.0
ATOM,1873.0,OD1,ASN,128.0,-4.734,71.103,33.938,-0.55,1.7,2.73
ATOM,1874.0,ND2,ASN,128.0,-6.615,71.879,34.908,-0.62,1.85,0.0
ATOM,1875.0,HD22,ASN,128.0,-7.167,72.677,35.156,0.3,0.2245,0.0
ATOM,1876.0,HD21,ASN,128.0,-6.94,70.96,35.121,0.32,0.2245,0.77
ATOM,1877.0,N,LEU,129.0,-3.432,76.024,33.792,-0.47,1.85,0.0
ATOM,1878.0,CA,LEU,129.0,-3.185,77.361,33.28,0.07,2.275,0.0
ATOM,1879.0,C,LEU,129.0,-1.786,77.465,32.677,0.51,2.0,0.0
ATOM,1880.0,O,LEU,129.0,-1.616,77.953,31.569,-0.51,1.7,0.0
ATOM,1881.0,CB,LEU,129.0,-3.352,78.388,34.391,-0.18,2.175,0.36
ATOM,1882.0,CG,LEU,129.0,-3.193,79.814,33.867,-0.09,2.275,0.0
ATOM,1883.0,CD1,LEU,129.0,-4.245,80.071,32.808,-0.27,2.06,0.05
ATOM,1884.0,CD2,LEU,129.0,-3.308,80.809,35.007,-0.27,2.06,2.96
ATOM,1885.0,H,LEU,129.0,-3.761,75.828,34.757,0.31,0.2245,0.0
ATOM,1886.0,HA,LEU,129.0,-3.856,77.56,32.556,0.09,1.32,0.0
ATOM,1887.0,HB2,LEU,129.0,-4.257,78.305,34.754,0.09,1.32,0.0
ATOM,1888.0,HB3,LEU,129.0,-2.654,78.237,35.058,0.09,1.32,0.0
ATOM,1889.0,HG,LEU,129.0,-2.287,79.914,33.47,0.09,1.32,0.0
ATOM,1890.0,HD11,LEU,129.0,-5.158,79.959,33.204,0.09,1.32,0.0
ATOM,1891.0,HD12,LEU,129.0,-4.15,81.004,32.457,0.09,1.32,0.0
ATOM,1892.0,HD13,LEU,129.0,-4.131,79.422,32.054,0.09,1.32,0.0
ATOM,1893.0,HD21,LEU,129.0,-2.593,80.629,35.684,0.09,1.32,0.0
ATOM,1894.0,HD22,LEU,129.0,-3.202,81.74,34.653,0.09,1.32,0.0
ATOM,1895.0,HD23,LEU,129.0,-4.206,80.72,35.442,0.09,1.32,0.9
ATOM,1896.0,N,TYR,130.0,-0.781,77.003,33.401,-0.47,1.85,0.0
ATOM,1897.0,CA,TYR,130.0,0.571,77.022,32.872,0.07,2.275,0.0
ATOM,1898.0,C,TYR,130.0,0.566,76.448,31.464,0.51,2.0,0.0
ATOM,1899.0,O,TYR,130.0,0.767,77.161,30.48,-0.51,1.7,0.0
ATOM,1900.0,CB,TYR,130.0,1.513,76.273,33.818,-0.18,2.175,2.59
ATOM,1901.0,CG,TYR,130.0,2.947,76.307,33.333,0.0,1.9924,0.83
ATOM,1902.0,CD1,TYR,130.0,3.703,77.481,33.42,-0.115,1.9924,2.67
ATOM,1903.0,CD2,TYR,130.0,3.53,75.191,32.739,-0.115,1.9924,1.63
ATOM,1904.0,CE1,TYR,130.0,5.0,77.537,32.914,-0.115,1.9924,1.92
ATOM,1905.0,CE2,TYR,130.0,4.822,75.24,32.232,-0.115,1.9924,8.13
ATOM,1906.0,CZ,TYR,130.0,5.547,76.417,32.316,0.11,1.9924,1.5
ATOM,1907.0,OH,TYR,130.0,6.829,76.481,31.815,-0.54,1.77,20.26
ATOM,1908.0,H,TYR,130.0,-1.032,76.644,34.334,0.31,0.2245,0.0
ATOM,1909.0,HA,TYR,130.0,0.88,77.973,32.821,0.09,1.32,0.0
ATOM,1910.0,HB2,TYR,130.0,1.474,76.706,34.706,0.09,1.32,0.15
ATOM,1911.0,HB3,TYR,130.0,1.223,75.329,33.865,0.09,1.32,0.0
ATOM,1912.0,HD1,TYR,130.0,3.308,78.291,33.85,0.115,1.3582,0.0
ATOM,1913.0,HD2,TYR,130.0,3.011,74.34,32.677,0.115,1.3582,0.0
ATOM,1914.0,HE1,TYR,130.0,5.529,78.383,32.986,0.115,1.3582,0.0
ATOM,1915.0,HE2,TYR,130.0,5.226,74.43,31.808,0.115,1.3582,3.12
ATOM,1916.0,HH,TYR,130.0,7.247,77.342,32.097,0.43,0.2245,8.35
ATOM,1917.0,N,ASN,131.0,0.312,75.136,31.382,-0.47,1.85,0.0
ATOM,1918.0,CA,ASN,131.0,0.242,74.368,30.117,0.07,2.275,0.0
ATOM,1919.0,C,ASN,131.0,-0.622,74.978,29.016,0.51,2.0,0.0
ATOM,1920.0,O,ASN,131.0,-0.319,74.827,27.829,-0.51,1.7,0.0
ATOM,1921.0,CB,ASN,131.0,-0.307,72.972,30.372,-0.18,2.175,0.0
ATOM,1922.0,CG,ASN,131.0,0.69,72.063,31.019,0.55,2.0,0.0
ATOM,1923.0,H,ASN,131.0,0.161,74.676,32.319,0.31,0.2245,0.0
ATOM,1924.0,HA,ASN,131.0,1.198,74.32,29.756,0.09,1.32,0.0
ATOM,1925.0,HB2,ASN,131.0,-1.107,73.054,30.967,0.09,1.32,0.0
ATOM,1926.0,HB3,ASN,131.0,-0.584,72.579,29.494,0.09,1.32,0.0
ATOM,1927.0,OD1,ASN,131.0,0.312,71.06,31.616,-0.55,1.7,0.23
ATOM,1928.0,ND2,ASN,131.0,1.978,72.39,30.896,-0.62,1.85,0.0
ATOM,1929.0,HD22,ASN,131.0,2.226,73.219,30.391,0.3,0.2245,0.0
ATOM,1930.0,HD21,ASN,131.0,2.682,71.817,31.303,0.32,0.2245,0.82
ATOM,1931.0,N,ALA,132.0,-1.724,75.613,29.406,-0.47,1.85,0.0
ATOM,1932.0,CA,ALA,132.0,-2.608,76.252,28.446,0.07,2.275,0.0
ATOM,1933.0,C,ALA,132.0,-1.84,77.417,27.799,0.51,2.0,0.0
ATOM,1934.0,O,ALA,132.0,-1.975,77.696,26.597,-0.51,1.7,0.0
ATOM,1935.0,CB,ALA,132.0,-3.854,76.766,29.151,-0.27,2.06,0.0
ATOM,1936.0,H,ALA,132.0,-1.89,75.61,30.43,0.31,0.2245,0.0
ATOM,1937.0,HA,ALA,132.0,-2.847,75.601,27.733,0.09,1.32,0.0
ATOM,1938.0,HB1,ALA,132.0,-4.405,75.992,29.463,0.09,1.32,0.0
ATOM,1939.0,HB2,ALA,132.0,-3.588,77.322,29.938,0.09,1.32,0.0
ATOM,1940.0,HB3,ALA,132.0,-4.391,77.323,28.518,0.09,1.32,0.0
ATOM,1941.0,N,VAL,133.0,-1.019,78.09,28.599,-0.47,1.85,0.0
ATOM,1942.0,CA,VAL,133.0,-0.251,79.206,28.095,0.07,2.275,0.0
ATOM,1943.0,C,VAL,133.0,0.905,78.719,27.24,0.51,2.0,0.0
ATOM,1944.0,O,VAL,133.0,1.313,79.381,26.291,-0.51,1.7,0.0
ATOM,1945.0,CB,VAL,133.0,0.262,80.075,29.255,-0.09,2.275,0.0
ATOM,1946.0,CG1,VAL,133.0,1.348,81.022,28.76,-0.27,2.06,0.0
ATOM,1947.0,CG2,VAL,133.0,-0.903,80.868,29.847,-0.27,2.06,0.0
ATOM,1948.0,H,VAL,133.0,-0.984,77.753,29.575,0.31,0.2245,0.0
ATOM,1949.0,HA,VAL,133.0,-0.851,79.769,27.513,0.09,1.32,0.0
ATOM,1950.0,HB,VAL,133.0,0.685,79.473,29.922,0.09,1.32,0.0
ATOM,1951.0,HG11,VAL,133.0,0.938,81.9,28.516,0.09,1.32,0.0
ATOM,1952.0,HG12,VAL,133.0,2.025,81.16,29.483,0.09,1.32,0.0
ATOM,1953.0,HG13,VAL,133.0,1.794,80.627,27.957,0.09,1.32,0.0
ATOM,1954.0,HG21,VAL,133.0,-0.8,80.908,30.84,0.09,1.32,0.0
ATOM,1955.0,HG22,VAL,133.0,-0.896,81.792,29.468,0.09,1.32,0.0
ATOM,1956.0,HG23,VAL,133.0,-1.761,80.412,29.613,0.09,1.32,0.0
ATOM,1957.0,N,VAL,134.0,1.437,77.556,27.58,-0.47,1.85,0.0
ATOM,1958.0,CA,VAL,134.0,2.529,76.985,26.809,0.07,2.275,0.07
ATOM,1959.0,C,VAL,134.0,1.961,76.662,25.437,0.51,2.0,0.0
ATOM,1960.0,O,VAL,134.0,2.552,76.981,24.403,-0.51,1.7,1.09
ATOM,1961.0,CB,VAL,134.0,3.045,75.694,27.462,-0.09,2.275,0.0
ATOM,1962.0,CG1,VAL,134.0,3.965,74.956,26.515,-0.27,2.06,7.52
ATOM,1963.0,CG2,VAL,134.0,3.765,76.028,28.757,-0.27,2.06,1.97
ATOM,1964.0,H,VAL,134.0,1.022,77.106,28.413,0.31,0.2245,0.0
ATOM,1965.0,HA,VAL,134.0,3.23,77.675,26.698,0.09,1.32,1.34
ATOM,1966.0,HB,VAL,134.0,2.26,75.105,27.629,0.09,1.32,0.0
ATOM,1967.0,HG11,VAL,134.0,4.215,75.554,25.751,0.09,1.32,3.78
ATOM,1968.0,HG12,VAL,134.0,4.796,74.676,26.999,0.09,1.32,0.2
ATOM,1969.0,HG13,VAL,134.0,3.502,74.142,26.159,0.09,1.32,0.0
ATOM,1970.0,HG21,VAL,134.0,4.304,76.861,28.631,0.09,1.32,0.25
ATOM,1971.0,HG22,VAL,134.0,3.092,76.17,29.483,0.09,1.32,0.0
ATOM,1972.0,HG23,VAL,134.0,4.371,75.271,29.004,0.09,1.32,0.0
ATOM,1973.0,N,THR,135.0,0.791,76.033,25.458,-0.47,1.85,0.0
ATOM,1974.0,CA,THR,135.0,0.062,75.628,24.262,0.07,2.275,0.0
ATOM,1975.0,C,THR,135.0,-0.254,76.803,23.347,0.51,2.0,0.0
ATOM,1976.0,O,THR,135.0,-0.075,76.721,22.132,-0.51,1.7,0.0
ATOM,1977.0,CB,THR,135.0,-1.254,74.93,24.679,0.14,2.275,0.0
ATOM,1978.0,OG1,THR,135.0,-0.937,73.655,25.251,-0.66,1.77,0.0
ATOM,1979.0,CG2,THR,135.0,-2.199,74.755,23.502,-0.27,2.06,0.0
ATOM,1980.0,H,THR,135.0,0.427,75.848,26.431,0.31,0.2245,0.0
ATOM,1981.0,HA,THR,135.0,0.634,74.97,23.746,0.09,1.32,0.0
ATOM,1982.0,HB,THR,135.0,-1.711,75.495,25.389,0.09,1.32,0.0
ATOM,1983.0,HG21,THR,135.0,-1.675,74.712,22.648,0.09,1.32,0.0
ATOM,1984.0,HG22,THR,135.0,-2.722,73.906,23.608,0.09,1.32,0.0
ATOM,1985.0,HG23,THR,135.0,-2.836,75.529,23.458,0.09,1.32,0.0
ATOM,1986.0,HG1,THR,135.0,-0.673,73.76,26.215,0.43,0.2245,0.0
ATOM,1987.0,N,ALA,136.0,-0.725,77.892,23.949,-0.47,1.85,0.0
ATOM,1988.0,CA,ALA,136.0,-1.098,79.094,23.219,0.07,2.275,0.0
ATOM,1989.0,C,ALA,136.0,0.108,79.834,22.669,0.51,2.0,0.0
ATOM,1990.0,O,ALA,136.0,-0.013,80.597,21.709,-0.51,1.7,1.69
ATOM,1991.0,CB,ALA,136.0,-1.909,80.014,24.118,-0.27,2.06,0.0
ATOM,1992.0,H,ALA,136.0,-0.803,77.808,24.989,0.31,0.2245,0.0
ATOM,1993.0,HA,ALA,136.0,-1.696,78.83,22.443,0.09,1.32,0.0
ATOM,1994.0,HB1,ALA,136.0,-2.498,79.467,24.713,0.09,1.32,0.0
ATOM,1995.0,HB2,ALA,136.0,-1.291,80.565,24.679,0.09,1.32,0.0
ATOM,1996.0,HB3,ALA,136.0,-2.474,80.618,23.556,0.09,1.32,0.0
ATOM,1997.0,N,ALA,137.0,1.271,79.604,23.266,-0.47,1.85,0.0
ATOM,1998.0,CA,ALA,137.0,2.488,80.273,22.82,0.07,2.275,0.54
ATOM,1999.0,C,ALA,137.0,3.224,79.457,21.786,0.51,2.0,0.66
ATOM,2000.0,O,ALA,137.0,4.18,79.928,21.177,-0.51,1.7,18.06
ATOM,2001.0,CB,ALA,137.0,3.396,80.527,23.997,-0.27,2.06,1.8
ATOM,2002.0,H,ALA,137.0,1.24,78.931,24.05,0.31,0.2245,0.0
ATOM,2003.0,HA,ALA,137.0,2.234,81.164,22.414,0.09,1.32,0.82
ATOM,2004.0,HB1,ALA,137.0,4.217,79.957,23.924,0.09,1.32,7.9
ATOM,2005.0,HB2,ALA,137.0,3.668,81.491,24.016,0.09,1.32,0.0
ATOM,2006.0,HB3,ALA,137.0,2.919,80.305,24.85,0.09,1.32,0.0
ATOM,2007.0,N,ASP,138.0,2.777,78.223,21.607,-0.47,1.85,0.0
ATOM,2008.0,CA,ASP,138.0,3.386,77.305,20.657,0.07,2.275,2.09
ATOM,2009.0,C,ASP,138.0,2.912,77.572,19.229,0.51,2.0,0.33
ATOM,2010.0,O,ASP,138.0,1.712,77.563,18.947,-0.51,1.7,0.13
ATOM,2011.0,CB,ASP,138.0,3.043,75.868,21.049,-0.28,2.175,2.73
ATOM,2012.0,CG,ASP,138.0,3.783,74.845,20.224,0.62,2.0,2.71
ATOM,2013.0,OD1,ASP,138.0,4.111,75.134,19.056,-0.76,1.7,7.33
ATOM,2014.0,OD2,ASP,138.0,4.021,73.742,20.75,-0.76,1.7,14.13
ATOM,2015.0,H,ASP,138.0,1.957,77.968,22.201,0.31,0.2245,0.0
ATOM,2016.0,HA,ASP,138.0,4.381,77.473,20.671,0.09,1.32,5.5
ATOM,2017.0,HB2,ASP,138.0,3.284,75.747,22.007,0.09,1.32,0.55
ATOM,2018.0,HB3,ASP,138.0,2.065,75.741,20.921,0.09,1.32,0.0
ATOM,2019.0,N,LYS,139.0,3.867,77.795,18.333,-0.47,1.85,0.17
ATOM,2020.0,CA,LYS,139.0,3.58,78.067,16.927,0.07,2.275,2.5
ATOM,2021.0,C,LYS,139.0,2.773,76.943,16.268,0.51,2.0,0.0
ATOM,2022.0,O,LYS,139.0,1.927,77.205,15.4,-0.51,1.7,2.1
ATOM,2023.0,CB,LYS,139.0,4.901,78.271,16.172,-0.18,2.175,11.95
ATOM,2024.0,CG,LYS,139.0,4.796,78.239,14.652,-0.18,2.175,11.52
ATOM,2025.0,CD,LYS,139.0,4.012,79.427,14.098,-0.18,2.175,11.31
ATOM,2026.0,CE,LYS,139.0,3.859,79.348,12.572,0.21,2.175,16.47
ATOM,2027.0,NZ,LYS,139.0,5.165,79.339,11.855,-0.3,1.85,13.19
ATOM,2028.0,H,LYS,139.0,4.838,77.759,18.718,0.31,0.2245,6.95
ATOM,2029.0,HA,LYS,139.0,3.045,78.924,16.862,0.09,1.32,5.83
ATOM,2030.0,HB2,LYS,139.0,5.278,79.16,16.441,0.09,1.32,10.3
ATOM,2031.0,HB3,LYS,139.0,5.536,77.548,16.458,0.09,1.32,8.28
ATOM,2032.0,HG2,LYS,139.0,5.72,78.253,14.26,0.09,1.32,6.49
ATOM,2033.0,HG3,LYS,139.0,4.336,77.393,14.373,0.09,1.32,2.72
ATOM,2034.0,HD2,LYS,139.0,3.104,79.431,14.503,0.09,1.32,1.07
ATOM,2035.0,HD3,LYS,139.0,4.496,80.266,14.32,0.09,1.32,10.13
ATOM,2036.0,HE2,LYS,139.0,3.35,78.509,12.346,0.05,1.32,8.73
ATOM,2037.0,HE3,LYS,139.0,3.317,80.139,12.265,0.05,1.32,12.03
ATOM,2038.0,HZ1,LYS,139.0,5.196,80.105,11.214,0.33,0.2245,20.34
ATOM,2039.0,HZ2,LYS,139.0,5.907,79.426,12.518,0.33,0.2245,10.95
ATOM,2040.0,HZ3,LYS,139.0,5.262,78.479,11.355,0.33,0.2245,19.3
ATOM,2041.0,N,ALA,140.0,3.037,75.704,16.696,-0.47,1.85,0.28
ATOM,2042.0,CA,ALA,140.0,2.381,74.518,16.158,0.07,2.275,2.24
ATOM,2043.0,C,ALA,140.0,0.921,74.361,16.539,0.51,2.0,0.0
ATOM,2044.0,O,ALA,140.0,0.247,73.474,16.029,-0.51,1.7,1.24
ATOM,2045.0,CB,ALA,140.0,3.13,73.296,16.576,-0.27,2.06,20.2
ATOM,2046.0,H,ALA,140.0,3.759,75.662,17.454,0.31,0.2245,0.23
ATOM,2047.0,HA,ALA,140.0,2.447,74.551,15.135,0.09,1.32,10.5
ATOM,2048.0,HB1,ALA,140.0,3.553,72.856,15.778,0.09,1.32,11.46
ATOM,2049.0,HB2,ALA,140.0,3.854,73.537,17.23,0.09,1.32,2.12
ATOM,2050.0,HB3,ALA,140.0,2.509,72.639,17.013,0.09,1.32,0.0
ATOM,2051.0,N,SER,141.0,0.43,75.213,17.429,-0.47,1.85,0.0
ATOM,2052.0,CA,SER,141.0,-0.958,75.147,17.862,0.07,2.275,0.0
ATOM,2053.0,C,SER,141.0,-1.873,75.892,16.892,0.51,2.0,0.0
ATOM,2054.0,O,SER,141.0,-3.095,75.736,16.927,-0.51,1.7,0.48
ATOM,2055.0,CB,SER,141.0,-1.092,75.757,19.259,0.05,2.175,0.0
ATOM,2056.0,OG,SER,141.0,-0.138,75.213,20.155,-0.66,1.77,0.0
ATOM,2057.0,H,SER,141.0,1.108,75.916,17.782,0.31,0.2245,0.0
ATOM,2058.0,HA,SER,141.0,-1.24,74.18,17.869,0.09,1.32,0.0
ATOM,2059.0,HB2,SER,141.0,-0.951,76.742,19.194,0.09,1.32,0.0
ATOM,2060.0,HB3,SER,141.0,-2.007,75.566,19.605,0.09,1.32,0.0
ATOM,2061.0,HG,SER,141.0,-0.093,75.778,20.978,0.43,0.2245,0.0
ATOM,2062.0,N,ALA,142.0,-1.277,76.713,16.032,-0.47,1.85,0.0
ATOM,2063.0,CA,ALA,142.0,-2.043,77.483,15.059,0.07,2.275,0.0
ATOM,2064.0,C,ALA,142.0,-2.705,76.589,14.025,0.51,2.0,0.0
ATOM,2065.0,O,ALA,142.0,-2.168,75.543,13.676,-0.51,1.7,7.92
ATOM,2066.0,CB,ALA,142.0,-1.141,78.465,14.362,-0.27,2.06,13.34
ATOM,2067.0,H,ALA,142.0,-0.244,76.756,16.113,0.31,0.2245,0.0
ATOM,2068.0,HA,ALA,142.0,-2.763,77.998,15.549,0.09,1.32,0.12
ATOM,2069.0,HB1,ALA,142.0,-1.374,79.4,14.638,0.09,1.32,0.83
ATOM,2070.0,HB2,ALA,142.0,-0.185,78.283,14.603,0.09,1.32,0.0
ATOM,2071.0,HB3,ALA,142.0,-1.247,78.383,13.368,0.09,1.32,0.0
ATOM,2072.0,N,ASN,143.0,-3.872,77.013,13.541,-0.47,1.85,0.0
ATOM,2073.0,CA,ASN,143.0,-4.646,76.297,12.514,0.07,2.275,0.29
ATOM,2074.0,C,ASN,143.0,-5.275,74.967,12.897,0.51,2.0,0.0
ATOM,2075.0,O,ASN,143.0,-5.653,74.189,12.023,-0.51,1.7,10.97
ATOM,2076.0,CB,ASN,143.0,-3.787,76.092,11.27,-0.18,2.175,14.69
ATOM,2077.0,CG,ASN,143.0,-3.518,77.381,10.548,0.55,2.0,2.34
ATOM,2078.0,H,ASN,143.0,-4.203,77.919,13.96,0.31,0.2245,1.27
ATOM,2079.0,HA,ASN,143.0,-5.418,76.927,12.242,0.09,1.32,0.05
ATOM,2080.0,HB2,ASN,143.0,-2.919,75.691,11.551,0.09,1.32,2.15
ATOM,2081.0,HB3,ASN,143.0,-4.268,75.471,10.657,0.09,1.32,6.67
ATOM,2082.0,OD1,ASN,143.0,-4.446,78.021,10.056,-0.55,1.7,19.09
ATOM,2083.0,ND2,ASN,143.0,-2.248,77.783,10.483,-0.62,1.85,16.59
ATOM,2084.0,HD22,ASN,143.0,-1.533,77.221,10.903,0.3,0.2245,10.36
ATOM,2085.0,HD21,ASN,143.0,-2.014,78.633,10.021,0.32,0.2245,20.75
ATOM,2086.0,N,ARG,144.0,-5.393,74.703,14.191,-0.47,1.85,0.0
ATOM,2087.0,CA,ARG,144.0,-5.977,73.455,14.648,0.07,2.275,0.0
ATOM,2088.0,C,ARG,144.0,-7.36,73.675,15.2,0.51,2.0,0.0
ATOM,2089.0,O,ARG,144.0,-7.986,72.747,15.694,-0.51,1.7,0.35
ATOM,2090.0,CB,ARG,144.0,-5.102,72.815,15.719,-0.18,2.175,0.0
ATOM,2091.0,CG,ARG,144.0,-3.742,72.377,15.213,-0.18,2.175,3.22
ATOM,2092.0,CD,ARG,144.0,-2.891,71.859,16.35,0.2,2.175,0.0
ATOM,2093.0,NE,ARG,144.0,-1.534,71.572,15.904,-0.7,1.85,0.53
ATOM,2094.0,CZ,ARG,144.0,-1.156,70.446,15.312,0.64,2.0,1.0
ATOM,2095.0,NH1,ARG,144.0,-2.036,69.477,15.096,-0.8,1.85,1.6
ATOM,2096.0,NH2,ARG,144.0,0.103,70.301,14.919,-0.8,1.85,15.58
ATOM,2097.0,H,ARG,144.0,-5.043,75.443,14.825,0.31,0.2245,0.56
ATOM,2098.0,HA,ARG,144.0,-6.033,72.818,13.866,0.09,1.32,0.0
ATOM,2099.0,HB2,ARG,144.0,-4.963,73.479,16.447,0.09,1.32,0.0
ATOM,2100.0,HB3,ARG,144.0,-5.574,72.013,16.071,0.09,1.32,0.0
ATOM,2101.0,HG2,ARG,144.0,-3.854,71.647,14.547,0.09,1.32,0.0
ATOM,2102.0,HG3,ARG,144.0,-3.275,73.153,14.801,0.09,1.32,0.0
ATOM,2103.0,HD2,ARG,144.0,-2.864,72.553,17.062,0.09,1.32,0.0
ATOM,2104.0,HD3,ARG,144.0,-3.307,71.024,16.696,0.09,1.32,0.0
ATOM,2105.0,HE,ARG,144.0,-0.83,72.281,16.056,0.44,0.2245,0.0
ATOM,2106.0,HH11,ARG,144.0,-2.993,69.582,15.353,0.46,0.2245,0.0
ATOM,2107.0,HH12,ARG,144.0,-1.733,68.619,14.663,0.46,0.2245,3.23
ATOM,2108.0,HH21,ARG,144.0,0.757,71.048,15.053,0.46,0.2245,2.81
ATOM,2109.0,HH22,ARG,144.0,0.4,69.449,14.489,0.46,0.2245,12.81
ATOM,2110.0,N,GLY,145.0,-7.845,74.904,15.101,-0.47,1.85,0.0
ATOM,2111.0,CA,GLY,145.0,-9.161,75.21,15.613,-0.02,2.175,1.01
ATOM,2112.0,C,GLY,145.0,-9.004,75.517,17.08,0.51,2.0,0.93
ATOM,2113.0,O,GLY,145.0,-7.879,75.619,17.58,-0.51,1.7,3.6
ATOM,2114.0,H,GLY,145.0,-7.223,75.589,14.645,0.31,0.2245,2.15
ATOM,2115.0,HA2,GLY,145.0,-9.533,76.003,15.142,0.09,1.32,0.0
ATOM,2116.0,HA3,GLY,145.0,-9.761,74.426,15.496,0.09,1.32,0.12
ATOM,2117.0,N,VAL,146.0,-10.131,75.675,17.762,-0.47,1.85,0.0
ATOM,2118.0,CA,VAL,146.0,-10.153,75.973,19.182,0.07,2.275,0.0
ATOM,2119.0,C,VAL,146.0,-9.782,74.731,19.953,0.51,2.0,0.0
ATOM,2120.0,O,VAL,146.0,-10.348,73.655,19.732,-0.51,1.7,0.0
ATOM,2121.0,CB,VAL,146.0,-11.538,76.416,19.615,-0.09,2.275,0.0
ATOM,2122.0,CG1,VAL,146.0,-11.592,76.56,21.117,-0.27,2.06,0.0
ATOM,2123.0,CG2,VAL,146.0,-11.879,77.72,18.919,-0.27,2.06,0.0
ATOM,2124.0,H,VAL,146.0,-11.0,75.566,17.187,0.31,0.2245,0.0
ATOM,2125.0,HA,VAL,146.0,-9.463,76.676,19.366,0.09,1.32,0.0
ATOM,2126.0,HB,VAL,146.0,-12.185,75.698,19.368,0.09,1.32,0.0
ATOM,2127.0,HG11,VAL,146.0,-11.432,75.671,21.55,0.09,1.32,0.0
ATOM,2128.0,HG12,VAL,146.0,-10.888,77.205,21.422,0.09,1.32,0.0
ATOM,2129.0,HG13,VAL,146.0,-12.492,76.902,21.394,0.09,1.32,0.0
ATOM,2130.0,HG21,VAL,146.0,-12.549,77.546,18.196,0.09,1.32,0.0
ATOM,2131.0,HG22,VAL,146.0,-12.263,78.361,19.584,0.09,1.32,0.0
ATOM,2132.0,HG23,VAL,146.0,-11.049,78.11,18.519,0.09,1.32,0.19
ATOM,2133.0,N,LEU,147.0,-8.836,74.89,20.871,-0.47,1.85,0.0
ATOM,2134.0,CA,LEU,147.0,-8.356,73.777,21.668,0.07,2.275,0.0
ATOM,2135.0,C,LEU,147.0,-8.827,73.879,23.097,0.51,2.0,0.0
ATOM,2136.0,O,LEU,147.0,-9.403,74.869,23.501,-0.51,1.7,0.0
ATOM,2137.0,CB,LEU,147.0,-6.825,73.747,21.637,-0.18,2.175,0.0
ATOM,2138.0,CG,LEU,147.0,-6.211,73.935,20.241,-0.09,2.275,0.0
ATOM,2139.0,CD1,LEU,147.0,-4.701,73.908,20.344,-0.27,2.06,0.0
ATOM,2140.0,CD2,LEU,147.0,-6.697,72.852,19.301,-0.27,2.06,0.0
ATOM,2141.0,H,LEU,147.0,-8.479,75.862,20.964,0.31,0.2245,0.0
ATOM,2142.0,HA,LEU,147.0,-8.714,72.919,21.27,0.09,1.32,0.0
ATOM,2143.0,HB2,LEU,147.0,-6.492,74.484,22.207,0.09,1.32,0.0
ATOM,2144.0,HB3,LEU,147.0,-6.528,72.867,21.974,0.09,1.32,0.0
ATOM,2145.0,HG,LEU,147.0,-6.509,74.812,19.876,0.09,1.32,0.0
ATOM,2146.0,HD11,LEU,147.0,-4.403,73.029,20.721,0.09,1.32,0.0
ATOM,2147.0,HD12,LEU,147.0,-4.298,74.03,19.435,0.09,1.32,0.0
ATOM,2148.0,HD13,LEU,147.0,-4.39,74.647,20.945,0.09,1.32,0.0
ATOM,2149.0,HD21,LEU,147.0,-7.695,72.893,19.224,0.09,1.32,0.0
ATOM,2150.0,HD22,LEU,147.0,-6.291,72.984,18.394,0.09,1.32,0.0
ATOM,2151.0,HD23,LEU,147.0,-6.431,71.953,19.654,0.09,1.32,0.0
ATOM,2152.0,N,VAL,148.0,-8.582,72.816,23.849,-0.47,1.85,0.0
ATOM,2153.0,CA,VAL,148.0,-8.922,72.733,25.263,0.07,2.275,0.0
ATOM,2154.0,C,VAL,148.0,-7.749,71.983,25.896,0.51,2.0,0.0
ATOM,2155.0,O,VAL,148.0,-7.399,70.888,25.467,-0.51,1.7,0.0
ATOM,2156.0,CB,VAL,148.0,-10.232,71.953,25.49,-0.09,2.275,0.0
ATOM,2157.0,CG1,VAL,148.0,-10.52,71.83,26.958,-0.27,2.06,0.0
ATOM,2158.0,CG2,VAL,148.0,-11.379,72.659,24.808,-0.27,2.06,0.0
ATOM,2159.0,H,VAL,148.0,-8.115,72.026,23.332,0.31,0.2245,0.0
ATOM,2160.0,HA,VAL,148.0,-8.938,73.642,25.636,0.09,1.32,0.0
ATOM,2161.0,HB,VAL,148.0,-10.096,71.033,25.132,0.09,1.32,0.0
ATOM,2162.0,HG11,VAL,148.0,-10.246,70.923,27.288,0.09,1.32,0.0
ATOM,2163.0,HG12,VAL,148.0,-10.012,72.528,27.468,0.09,1.32,0.0
ATOM,2164.0,HG13,VAL,148.0,-11.501,71.954,27.128,0.09,1.32,0.02
ATOM,2165.0,HG21,VAL,148.0,-11.917,71.997,24.282,0.09,1.32,0.0
ATOM,2166.0,HG22,VAL,148.0,-11.965,73.09,25.496,0.09,1.32,0.0
ATOM,2167.0,HG23,VAL,148.0,-11.021,73.361,24.19,0.09,1.32,0.0
ATOM,2168.0,N,VAL,149.0,-7.109,72.592,26.884,-0.47,1.85,0.0
ATOM,2169.0,CA,VAL,149.0,-5.986,71.943,27.535,0.07,2.275,0.0
ATOM,2170.0,C,VAL,149.0,-6.323,71.622,28.961,0.51,2.0,0.0
ATOM,2171.0,O,VAL,149.0,-6.622,72.506,29.761,-0.51,1.7,0.0
ATOM,2172.0,CB,VAL,149.0,-4.711,72.806,27.506,-0.09,2.275,0.0
ATOM,2173.0,CG1,VAL,149.0,-3.633,72.167,28.346,-0.27,2.06,0.0
ATOM,2174.0,CG2,VAL,149.0,-4.215,72.933,26.066,-0.27,2.06,0.0
ATOM,2175.0,H,VAL,149.0,-7.465,73.525,27.136,0.31,0.2245,0.0
ATOM,2176.0,HA,VAL,149.0,-5.8,71.08,27.049,0.09,1.32,0.0
ATOM,2177.0,HB,VAL,149.0,-4.933,73.682,27.923,0.09,1.32,0.0
ATOM,2178.0,HG11,VAL,149.0,-3.3,72.821,29.028,0.09,1.32,0.0
ATOM,2179.0,HG12,VAL,149.0,-4.0,71.362,28.816,0.09,1.32,0.0
ATOM,2180.0,HG13,VAL,149.0,-2.869,71.885,27.762,0.09,1.32,0.0
ATOM,2181.0,HG21,VAL,149.0,-4.501,73.817,25.699,0.09,1.32,0.0
ATOM,2182.0,HG22,VAL,149.0,-3.218,72.869,26.057,0.09,1.32,0.0
ATOM,2183.0,HG23,VAL,149.0,-4.607,72.195,25.519,0.09,1.32,0.0
ATOM,2184.0,N,MET,150.0,-6.284,70.334,29.262,-0.47,1.85,0.0
ATOM,2185.0,CA,MET,150.0,-6.575,69.833,30.591,0.07,2.275,0.0
ATOM,2186.0,C,MET,150.0,-5.72,68.602,30.867,0.51,2.0,0.0
ATOM,2187.0,O,MET,150.0,-5.458,67.795,29.978,-0.51,1.7,0.64
ATOM,2188.0,CB,MET,150.0,-8.054,69.451,30.685,-0.18,2.175,0.51
ATOM,2189.0,CG,MET,150.0,-9.007,70.611,30.596,-0.14,2.175,0.0
ATOM,2190.0,SD,MET,150.0,-8.912,71.69,32.056,-0.09,2.0,0.0
ATOM,2191.0,CE,MET,150.0,-10.143,70.948,33.117,-0.22,2.06,0.0
ATOM,2192.0,H,MET,150.0,-6.026,69.711,28.46,0.31,0.2245,0.0
ATOM,2193.0,HA,MET,150.0,-6.326,70.537,31.258,0.09,1.32,0.0
ATOM,2194.0,HB2,MET,150.0,-8.266,68.797,29.941,0.09,1.32,0.0
ATOM,2195.0,HB3,MET,150.0,-8.207,68.97,31.564,0.09,1.32,0.0
ATOM,2196.0,HG2,MET,150.0,-8.806,71.148,29.748,0.09,1.32,0.0
ATOM,2197.0,HG3,MET,150.0,-9.96,70.257,30.482,0.09,1.32,0.0
ATOM,2198.0,HE1,MET,150.0,-9.852,71.018,34.073,0.09,1.32,0.0
ATOM,2199.0,HE2,MET,150.0,-11.018,71.422,33.003,0.09,1.32,0.0
ATOM,2200.0,HE3,MET,150.0,-10.258,69.982,32.878,0.09,1.32,0.0
ATOM,2201.0,N,ASN,151.0,-5.266,68.462,32.096,-0.47,1.85,0.0
ATOM,2202.0,CA,ASN,151.0,-4.496,67.276,32.446,0.07,2.275,1.81
ATOM,2203.0,C,ASN,151.0,-3.434,66.939,31.398,0.51,2.0,0.0
ATOM,2204.0,O,ASN,151.0,-3.451,65.855,30.834,-0.51,1.7,1.67
ATOM,2205.0,CB,ASN,151.0,-5.471,66.083,32.621,-0.18,2.175,1.85
ATOM,2206.0,CG,ASN,151.0,-4.849,64.907,33.358,0.55,2.0,0.05
ATOM,2207.0,H,ASN,151.0,-5.489,69.219,32.751,0.31,0.2245,0.2
ATOM,2208.0,HA,ASN,151.0,-4.003,67.481,33.305,0.09,1.32,5.36
ATOM,2209.0,HB2,ASN,151.0,-6.259,66.405,33.137,0.09,1.32,0.0
ATOM,2210.0,HB3,ASN,151.0,-5.752,65.782,31.714,0.09,1.32,1.82
ATOM,2211.0,OD1,ASN,151.0,-4.309,65.051,34.453,-0.55,1.7,23.17
ATOM,2212.0,ND2,ASN,151.0,-4.946,63.734,32.769,-0.62,1.85,9.92
ATOM,2213.0,HD22,ASN,151.0,-5.404,63.646,31.881,0.3,0.2245,6.99
ATOM,2214.0,HD21,ASN,151.0,-4.561,62.915,33.205,0.32,0.2245,17.22
ATOM,2215.0,N,ASP,152.0,-2.529,67.867,31.122,-0.47,1.85,0.0
ATOM,2216.0,CA,ASP,152.0,-1.455,67.635,30.161,0.07,2.275,0.0
ATOM,2217.0,C,ASP,152.0,-1.866,67.145,28.798,0.51,2.0,0.0
ATOM,2218.0,O,ASP,152.0,-1.07,66.498,28.123,-0.51,1.7,0.13
ATOM,2219.0,CB,ASP,152.0,-0.444,66.632,30.712,-0.28,2.175,5.26
ATOM,2220.0,CG,ASP,152.0,-0.112,66.884,32.155,0.62,2.0,0.94
ATOM,2221.0,OD1,ASP,152.0,-0.357,68.024,32.63,-0.76,1.7,2.43
ATOM,2222.0,OD2,ASP,152.0,0.397,65.94,32.808,-0.76,1.7,40.71
ATOM,2223.0,H,ASP,152.0,-2.647,68.761,31.64,0.31,0.2245,0.0
ATOM,2224.0,HA,ASP,152.0,-0.981,68.54,30.029,0.09,1.32,0.0
ATOM,2225.0,HB2,ASP,152.0,-0.837,65.723,30.622,0.09,1.32,5.11
ATOM,2226.0,HB3,ASP,152.0,0.385,66.705,30.169,0.09,1.32,0.0
ATOM,2227.0,N,THR,153.0,-3.087,67.446,28.376,-0.47,1.85,0.0
ATOM,2228.0,CA,THR,153.0,-3.552,66.986,27.069,0.07,2.275,0.0
ATOM,2229.0,C,THR,153.0,-4.188,68.099,26.235,0.51,2.0,0.0
ATOM,2230.0,O,THR,153.0,-4.871,68.967,26.77,-0.51,1.7,0.0
ATOM,2231.0,CB,THR,153.0,-4.575,65.833,27.22,0.14,2.275,1.85
ATOM,2232.0,OG1,THR,153.0,-4.084,64.871,28.157,-0.66,1.77,8.06
ATOM,2233.0,CG2,THR,153.0,-4.773,65.132,25.896,-0.27,2.06,3.92
ATOM,2234.0,H,THR,153.0,-3.656,68.009,29.023,0.31,0.2245,0.0
ATOM,2235.0,HA,THR,153.0,-2.755,66.624,26.556,0.09,1.32,0.0
ATOM,2236.0,HB,THR,153.0,-5.447,66.219,27.582,0.09,1.32,0.16
ATOM,2237.0,HG21,THR,153.0,-5.717,65.258,25.576,0.09,1.32,0.0
ATOM,2238.0,HG22,THR,153.0,-4.145,65.508,25.209,0.09,1.32,0.0
ATOM,2239.0,HG23,THR,153.0,-4.594,64.149,25.996,0.09,1.32,0.81
ATOM,2240.0,HG1,THR,153.0,-3.888,65.31,29.041,0.43,0.2245,0.0
ATOM,2241.0,N,VAL,154.0,-3.964,68.065,24.921,-0.47,1.85,0.0
ATOM,2242.0,CA,VAL,154.0,-4.519,69.073,24.019,0.07,2.275,0.0
ATOM,2243.0,C,VAL,154.0,-5.641,68.473,23.184,0.51,2.0,0.0
ATOM,2244.0,O,VAL,154.0,-5.399,67.726,22.251,-0.51,1.7,0.0
ATOM,2245.0,CB,VAL,154.0,-3.44,69.632,23.075,-0.09,2.275,0.0
ATOM,2246.0,CG1,VAL,154.0,-4.011,70.772,22.252,-0.27,2.06,0.0
ATOM,2247.0,CG2,VAL,154.0,-2.253,70.115,23.887,-0.27,2.06,0.0
ATOM,2248.0,H,VAL,154.0,-3.372,67.275,24.601,0.31,0.2245,0.0
ATOM,2249.0,HA,VAL,154.0,-4.907,69.812,24.578,0.09,1.32,0.0
ATOM,2250.0,HB,VAL,154.0,-3.19,68.909,22.441,0.09,1.32,0.0
ATOM,2251.0,HG11,VAL,154.0,-5.008,70.78,22.335,0.09,1.32,0.0
ATOM,2252.0,HG12,VAL,154.0,-3.644,71.642,22.583,0.09,1.32,0.0
ATOM,2253.0,HG13,VAL,154.0,-3.76,70.651,21.291,0.09,1.32,0.0
ATOM,2254.0,HG21,VAL,154.0,-2.259,69.668,24.782,0.09,1.32,0.0
ATOM,2255.0,HG22,VAL,154.0,-1.406,69.888,23.405,0.09,1.32,0.0
ATOM,2256.0,HG23,VAL,154.0,-2.314,71.106,24.007,0.09,1.32,0.0
ATOM,2257.0,N,LEU,155.0,-6.869,68.843,23.513,-0.47,1.85,0.0
ATOM,2258.0,CA,LEU,155.0,-8.05,68.322,22.853,0.07,2.275,0.0
ATOM,2259.0,C,LEU,155.0,-8.743,69.333,21.933,0.51,2.0,0.0
ATOM,2260.0,O,LEU,155.0,-8.757,70.523,22.222,-0.51,1.7,0.0
ATOM,2261.0,CB,LEU,155.0,-9.011,67.851,23.945,-0.18,2.175,0.0
ATOM,2262.0,CG,LEU,155.0,-8.306,66.953,24.969,-0.09,2.275,0.0
ATOM,2263.0,CD1,LEU,155.0,-8.636,67.33,26.401,-0.27,2.06,0.0
ATOM,2264.0,CD2,LEU,155.0,-8.716,65.537,24.683,-0.27,2.06,0.09
ATOM,2265.0,H,LEU,155.0,-6.912,69.545,24.291,0.31,0.2245,0.0
ATOM,2266.0,HA,LEU,155.0,-7.78,67.519,22.287,0.09,1.32,0.0
ATOM,2267.0,HB2,LEU,155.0,-9.343,68.637,24.421,0.09,1.32,0.0
ATOM,2268.0,HB3,LEU,155.0,-9.717,67.324,23.526,0.09,1.32,0.0
ATOM,2269.0,HG,LEU,155.0,-7.31,67.022,24.825,0.09,1.32,0.0
ATOM,2270.0,HD11,LEU,155.0,-9.622,67.249,26.552,0.09,1.32,0.0
ATOM,2271.0,HD12,LEU,155.0,-8.154,66.718,27.03,0.09,1.32,0.02
ATOM,2272.0,HD13,LEU,155.0,-8.351,68.274,26.575,0.09,1.32,0.0
ATOM,2273.0,HD21,LEU,155.0,-8.443,65.281,23.751,0.09,1.32,0.0
ATOM,2274.0,HD22,LEU,155.0,-8.275,64.912,25.334,0.09,1.32,2.27
ATOM,2275.0,HD23,LEU,155.0,-9.712,65.443,24.767,0.09,1.32,0.0
ATOM,2276.0,N,ASP,156.0,-9.313,68.858,20.826,-0.47,1.85,0.0
ATOM,2277.0,CA,ASP,156.0,-10.018,69.737,19.897,0.07,2.275,0.0
ATOM,2278.0,C,ASP,156.0,-11.405,70.065,20.462,0.51,2.0,0.0
ATOM,2279.0,O,ASP,156.0,-11.985,69.277,21.203,-0.51,1.7,0.0
ATOM,2280.0,CB,ASP,156.0,-10.12,69.099,18.49,-0.28,2.175,0.0
ATOM,2281.0,CG,ASP,156.0,-11.038,67.875,18.438,0.62,2.0,0.47
ATOM,2282.0,OD1,ASP,156.0,-10.627,66.772,18.877,-0.76,1.7,3.94
ATOM,2283.0,OD2,ASP,156.0,-12.179,68.021,17.947,-0.76,1.7,3.43
ATOM,2284.0,H,ASP,156.0,-9.214,67.837,20.687,0.31,0.2245,0.0
ATOM,2285.0,HA,ASP,156.0,-9.511,70.598,19.855,0.09,1.32,0.0
ATOM,2286.0,HB2,ASP,156.0,-10.476,69.789,17.87,0.09,1.32,1.87
ATOM,2287.0,HB3,ASP,156.0,-9.206,68.823,18.216,0.09,1.32,0.0
ATOM,2288.0,N,GLY,157.0,-11.934,71.235,20.119,-0.47,1.85,0.0
ATOM,2289.0,CA,GLY,157.0,-13.226,71.644,20.645,-0.02,2.175,0.0
ATOM,2290.0,C,GLY,157.0,-14.446,70.879,20.175,0.51,2.0,0.0
ATOM,2291.0,O,GLY,157.0,-15.502,70.938,20.807,-0.51,1.7,0.0
ATOM,2292.0,H,GLY,157.0,-11.367,71.803,19.472,0.31,0.2245,0.13
ATOM,2293.0,HA2,GLY,157.0,-13.188,71.607,21.68,0.09,1.32,0.0
ATOM,2294.0,HA3,GLY,157.0,-13.364,72.65,20.438,0.09,1.32,0.0
ATOM,2295.0,N,ARG,158.0,-14.319,70.159,19.068,-0.47,1.85,0.0
ATOM,2296.0,CA,ARG,158.0,-15.451,69.41,18.542,0.07,2.275,0.0
ATOM,2297.0,C,ARG,158.0,-15.68,68.074,19.255,0.51,2.0,0.0
ATOM,2298.0,O,ARG,158.0,-16.803,67.763,19.663,-0.51,1.7,2.51
ATOM,2299.0,CB,ARG,158.0,-15.263,69.153,17.043,-0.18,2.175,1.99
ATOM,2300.0,CG,ARG,158.0,-16.474,68.512,16.373,-0.18,2.175,0.0
ATOM,2301.0,CD,ARG,158.0,-16.207,68.218,14.911,0.2,2.175,1.5
ATOM,2302.0,NE,ARG,158.0,-17.437,67.89,14.193,-0.7,1.85,0.0
ATOM,2303.0,CZ,ARG,158.0,-18.082,66.725,14.258,0.64,2.0,0.0
ATOM,2304.0,NH1,ARG,158.0,-17.62,65.739,15.013,-0.8,1.85,4.48
ATOM,2305.0,NH2,ARG,158.0,-19.201,66.544,13.564,-0.8,1.85,0.0
ATOM,2306.0,H,ARG,158.0,-13.386,70.177,18.632,0.31,0.2245,0.02
ATOM,2307.0,HA,ARG,158.0,-16.292,69.973,18.644,0.09,1.32,0.0
ATOM,2308.0,HB2,ARG,158.0,-15.09,70.024,16.597,0.09,1.32,0.0
ATOM,2309.0,HB3,ARG,158.0,-14.488,68.542,16.926,0.09,1.32,0.09
ATOM,2310.0,HG2,ARG,158.0,-16.689,67.654,16.832,0.09,1.32,0.0
ATOM,2311.0,HG3,ARG,158.0,-17.25,69.135,16.431,0.09,1.32,0.0
ATOM,2312.0,HD2,ARG,158.0,-15.793,69.025,14.501,0.09,1.32,2.28
ATOM,2313.0,HD3,ARG,158.0,-15.58,67.446,14.858,0.09,1.32,5.85
ATOM,2314.0,HE,ARG,158.0,-17.834,68.607,13.595,0.44,0.2245,0.0
ATOM,2315.0,HH11,ARG,158.0,-16.794,65.857,15.561,0.46,0.2245,1.51
ATOM,2316.0,HH12,ARG,158.0,-18.107,64.859,15.037,0.46,0.2245,0.27
ATOM,2317.0,HH21,ARG,158.0,-19.564,67.297,13.009,0.46,0.2245,0.0
ATOM,2318.0,HH22,ARG,158.0,-19.676,65.669,13.595,0.46,0.2245,0.96
ATOM,2319.0,N,ASP,159.0,-14.618,67.29,19.418,-0.47,1.85,0.0
ATOM,2320.0,CA,ASP,159.0,-14.763,65.984,20.043,0.07,2.275,0.0
ATOM,2321.0,C,ASP,159.0,-14.719,65.983,21.573,0.51,2.0,0.0
ATOM,2322.0,O,ASP,159.0,-15.293,65.089,22.2,-0.51,1.7,3.61
ATOM,2323.0,CB,ASP,159.0,-13.696,65.028,19.487,-0.28,2.175,0.1
ATOM,2324.0,CG,ASP,159.0,-14.133,63.581,19.528,0.62,2.0,0.0
ATOM,2325.0,OD1,ASP,159.0,-15.308,63.314,19.217,-0.76,1.7,0.56
ATOM,2326.0,OD2,ASP,159.0,-13.311,62.708,19.854,-0.76,1.7,0.0
ATOM,2327.0,H,ASP,159.0,-13.727,67.674,19.078,0.31,0.2245,0.0
ATOM,2328.0,HA,ASP,159.0,-15.683,65.623,19.777,0.09,1.32,2.67
ATOM,2329.0,HB2,ASP,159.0,-13.52,65.286,18.544,0.09,1.32,3.75
ATOM,2330.0,HB3,ASP,159.0,-12.877,65.135,20.037,0.09,1.32,0.0
ATOM,2331.0,N,VAL,160.0,-14.061,66.978,22.173,-0.47,1.85,0.0
ATOM,2332.0,CA,VAL,160.0,-13.939,67.025,23.628,0.07,2.275,0.0
ATOM,2333.0,C,VAL,160.0,-15.243,66.992,24.412,0.51,2.0,0.0
ATOM,2334.0,O,VAL,160.0,-16.258,67.551,24.003,-0.51,1.7,0.0
ATOM,2335.0,CB,VAL,160.0,-13.146,68.252,24.105,-0.09,2.275,0.0
ATOM,2336.0,CG1,VAL,160.0,-13.882,69.538,23.778,-0.27,2.06,0.0
ATOM,2337.0,CG2,VAL,160.0,-12.903,68.13,25.598,-0.27,2.06,0.27
ATOM,2338.0,H,VAL,160.0,-13.661,67.685,21.538,0.31,0.2245,0.0
ATOM,2339.0,HA,VAL,160.0,-13.38,66.213,23.919,0.09,1.32,0.0
ATOM,2340.0,HB,VAL,160.0,-12.285,68.271,23.601,0.09,1.32,0.0
ATOM,2341.0,HG11,VAL,160.0,-13.224,70.285,23.676,0.09,1.32,0.0
ATOM,2342.0,HG12,VAL,160.0,-14.391,69.426,22.924,0.09,1.32,0.0
ATOM,2343.0,HG13,VAL,160.0,-14.52,69.758,24.517,0.09,1.32,0.0
ATOM,2344.0,HG21,VAL,160.0,-13.768,68.251,26.086,0.09,1.32,0.0
ATOM,2345.0,HG22,VAL,160.0,-12.528,67.225,25.801,0.09,1.32,0.0
ATOM,2346.0,HG23,VAL,160.0,-12.253,68.834,25.887,0.09,1.32,0.0
ATOM,2347.0,N,THR,161.0,-15.207,66.33,25.557,-0.47,1.85,0.0
ATOM,2348.0,CA,THR,161.0,-16.385,66.235,26.389,0.07,2.275,0.0
ATOM,2349.0,C,THR,161.0,-16.011,65.845,27.833,0.51,2.0,0.0
ATOM,2350.0,O,THR,161.0,-14.933,65.291,28.09,-0.51,1.7,0.0
ATOM,2351.0,CB,THR,161.0,-17.387,65.247,25.759,0.14,2.275,0.05
ATOM,2352.0,OG1,THR,161.0,-18.601,65.241,26.521,-0.66,1.77,8.46
ATOM,2353.0,CG2,THR,161.0,-16.792,63.847,25.689,-0.27,2.06,4.25
ATOM,2354.0,H,THR,161.0,-14.294,65.904,25.792,0.31,0.2245,0.0
ATOM,2355.0,HA,THR,161.0,-16.839,67.133,26.423,0.09,1.32,0.0
ATOM,2356.0,HB,THR,161.0,-17.606,65.56,24.813,0.09,1.32,1.03
ATOM,2357.0,HG21,THR,161.0,-16.606,63.511,26.615,0.09,1.32,0.0
ATOM,2358.0,HG22,THR,161.0,-17.437,63.226,25.237,0.09,1.32,1.42
ATOM,2359.0,HG23,THR,161.0,-15.936,63.868,25.168,0.09,1.32,0.0
ATOM,2360.0,HG1,THR,161.0,-19.126,66.081,26.349,0.43,0.2245,0.0
ATOM,2361.0,N,LYS,162.0,-16.881,66.187,28.78,-0.47,1.85,0.0
ATOM,2362.0,CA,LYS,162.0,-16.624,65.883,30.189,0.07,2.275,0.0
ATOM,2363.0,C,LYS,162.0,-17.133,64.47,30.462,0.51,2.0,0.0
ATOM,2364.0,O,LYS,162.0,-18.334,64.249,30.508,-0.51,1.7,20.98
ATOM,2365.0,CB,LYS,162.0,-17.338,66.911,31.081,-0.18,2.175,0.59
ATOM,2366.0,CG,LYS,162.0,-16.837,66.944,32.507,-0.18,2.175,1.35
ATOM,2367.0,CD,LYS,162.0,-17.357,68.166,33.237,-0.18,2.175,1.31
ATOM,2368.0,CE,LYS,162.0,-16.782,68.246,34.646,0.21,2.175,0.19
ATOM,2369.0,NZ,LYS,162.0,-17.361,69.353,35.468,-0.3,1.85,0.4
ATOM,2370.0,H,LYS,162.0,-17.73,66.672,28.445,0.31,0.2245,0.0
ATOM,2371.0,HA,LYS,162.0,-15.644,65.909,30.353,0.09,1.32,0.0
ATOM,2372.0,HB2,LYS,162.0,-17.206,67.813,30.675,0.09,1.32,0.03
ATOM,2373.0,HB3,LYS,162.0,-18.311,66.686,31.089,0.09,1.32,5.4
ATOM,2374.0,HG2,LYS,162.0,-17.151,66.124,32.985,0.09,1.32,0.56
ATOM,2375.0,HG3,LYS,162.0,-15.838,66.968,32.505,0.09,1.32,0.0
ATOM,2376.0,HD2,LYS,162.0,-17.086,68.982,32.74,0.09,1.32,0.0
ATOM,2377.0,HD3,LYS,162.0,-18.346,68.109,33.304,0.09,1.32,7.72
ATOM,2378.0,HE2,LYS,162.0,-16.95,67.368,35.116,0.05,1.32,0.0
ATOM,2379.0,HE3,LYS,162.0,-15.782,68.376,34.582,0.05,1.32,0.0
ATOM,2380.0,HZ1,LYS,162.0,-17.267,70.214,34.971,0.33,0.2245,0.0
ATOM,2381.0,HZ2,LYS,162.0,-18.327,69.165,35.638,0.33,0.2245,7.38
ATOM,2382.0,HZ3,LYS,162.0,-16.87,69.409,36.336,0.33,0.2245,4.09
ATOM,2383.0,N,THR,163.0,-16.221,63.516,30.637,-0.47,1.85,0.0
ATOM,2384.0,CA,THR,163.0,-16.631,62.127,30.852,0.07,2.275,0.43
ATOM,2385.0,C,THR,163.0,-16.879,61.709,32.297,0.51,2.0,0.86
ATOM,2386.0,O,THR,163.0,-17.515,60.679,32.554,-0.51,1.7,28.76
ATOM,2387.0,CB,THR,163.0,-15.627,61.128,30.231,0.14,2.275,6.14
ATOM,2388.0,OG1,THR,163.0,-14.445,61.037,31.035,-0.66,1.77,7.42
ATOM,2389.0,CG2,THR,163.0,-15.239,61.565,28.843,-0.27,2.06,2.38
ATOM,2390.0,H,THR,163.0,-15.241,63.828,30.609,0.31,0.2245,0.0
ATOM,2391.0,HA,THR,163.0,-17.499,61.969,30.323,0.09,1.32,7.58
ATOM,2392.0,HB,THR,163.0,-16.064,60.203,30.2,0.09,1.32,10.31
ATOM,2393.0,HG21,THR,163.0,-14.297,61.28,28.639,0.09,1.32,0.0
ATOM,2394.0,HG22,THR,163.0,-15.854,61.152,28.164,0.09,1.32,1.83
ATOM,2395.0,HG23,THR,163.0,-15.297,62.565,28.764,0.09,1.32,0.0
ATOM,2396.0,HG1,THR,163.0,-13.986,61.931,31.085,0.43,0.2245,0.0
ATOM,2397.0,N,ASN,164.0,-16.388,62.504,33.241,-0.47,1.85,0.09
ATOM,2398.0,CA,ASN,164.0,-16.575,62.209,34.652,0.07,2.275,1.34
ATOM,2399.0,C,ASN,164.0,-16.974,63.478,35.396,0.51,2.0,1.38
ATOM,2400.0,O,ASN,164.0,-16.606,64.582,34.994,-0.51,1.7,0.06
ATOM,2401.0,CB,ASN,164.0,-15.294,61.636,35.233,-0.18,2.175,2.7
ATOM,2402.0,CG,ASN,164.0,-15.446,61.226,36.674,0.55,2.0,0.0
ATOM,2403.0,H,ASN,164.0,-15.872,63.333,32.89,0.31,0.2245,0.0
ATOM,2404.0,HA,ASN,164.0,-17.346,61.572,34.726,0.09,1.32,2.83
ATOM,2405.0,HB2,ASN,164.0,-15.034,60.835,34.698,0.09,1.32,5.55
ATOM,2406.0,HB3,ASN,164.0,-14.58,62.331,35.171,0.09,1.32,0.0
ATOM,2407.0,OD1,ASN,164.0,-15.07,61.958,37.586,-0.55,1.7,0.18
ATOM,2408.0,ND2,ASN,164.0,-16.019,60.052,36.891,-0.62,1.85,19.54
ATOM,2409.0,HD22,ASN,164.0,-16.319,59.486,36.122,0.3,0.2245,14.02
ATOM,2410.0,HD21,ASN,164.0,-16.154,59.724,37.829,0.32,0.2245,18.33
ATOM,2411.0,N,THR,165.0,-17.72,63.312,36.484,-0.47,1.85,0.0
ATOM,2412.0,CA,THR,165.0,-18.21,64.428,37.282,0.07,2.275,0.39
ATOM,2413.0,C,THR,165.0,-17.239,65.067,38.268,0.51,2.0,0.0
ATOM,2414.0,O,THR,165.0,-17.47,66.19,38.709,-0.51,1.7,13.96
ATOM,2415.0,CB,THR,165.0,-19.434,64.008,38.101,0.14,2.275,5.46
ATOM,2416.0,OG1,THR,165.0,-19.085,62.901,38.949,-0.66,1.77,17.87
ATOM,2417.0,CG2,THR,165.0,-20.566,63.619,37.188,-0.27,2.06,38.25
ATOM,2418.0,H,THR,165.0,-17.924,62.312,36.717,0.31,0.2245,1.03
ATOM,2419.0,HA,THR,165.0,-18.53,65.166,36.632,0.09,1.32,2.52
ATOM,2420.0,HB,THR,165.0,-19.718,64.784,38.699,0.09,1.32,8.28
ATOM,2421.0,HG21,THR,165.0,-21.445,63.698,37.67,0.09,1.32,12.14
ATOM,2422.0,HG22,THR,165.0,-20.586,64.22,36.382,0.09,1.32,8.92
ATOM,2423.0,HG23,THR,165.0,-20.453,62.669,36.878,0.09,1.32,8.36
ATOM,2424.0,HG1,THR,165.0,-18.136,62.618,38.778,0.43,0.2245,1.1
ATOM,2425.0,N,THR,166.0,-16.17,64.368,38.63,-0.47,1.85,0.0
ATOM,2426.0,CA,THR,166.0,-15.241,64.902,39.614,0.07,2.275,0.59
ATOM,2427.0,C,THR,166.0,-13.766,64.728,39.282,0.51,2.0,0.03
ATOM,2428.0,O,THR,166.0,-12.93,65.473,39.783,-0.51,1.7,8.28
ATOM,2429.0,CB,THR,166.0,-15.471,64.235,40.993,0.14,2.275,7.4
ATOM,2430.0,OG1,THR,166.0,-15.155,62.836,40.914,-0.66,1.77,23.78
ATOM,2431.0,CG2,THR,166.0,-16.915,64.367,41.427,-0.27,2.06,31.9
ATOM,2432.0,H,THR,166.0,-16.063,63.452,38.171,0.31,0.2245,0.0
ATOM,2433.0,HA,THR,166.0,-15.426,65.906,39.716,0.09,1.32,2.76
ATOM,2434.0,HB,THR,166.0,-14.844,64.666,41.672,0.09,1.32,9.88
ATOM,2435.0,HG21,THR,166.0,-16.963,64.533,42.416,0.09,1.32,11.68
ATOM,2436.0,HG22,THR,166.0,-17.35,65.134,40.947,0.09,1.32,1.56
ATOM,2437.0,HG23,THR,166.0,-17.417,63.524,41.214,0.09,1.32,3.39
ATOM,2438.0,HG1,THR,166.0,-15.084,62.549,39.954,0.43,0.2245,0.88
ATOM,2439.0,N,ASP,167.0,-13.451,63.749,38.441,-0.47,1.85,0.0
ATOM,2440.0,CA,ASP,167.0,-12.065,63.422,38.091,0.07,2.275,0.93
ATOM,2441.0,C,ASP,167.0,-11.288,64.531,37.374,0.51,2.0,0.0
ATOM,2442.0,O,ASP,167.0,-11.78,65.139,36.436,-0.51,1.7,0.0
ATOM,2443.0,CB,ASP,167.0,-12.05,62.14,37.244,-0.28,2.175,2.54
ATOM,2444.0,CG,ASP,167.0,-10.676,61.479,37.183,0.62,2.0,3.21
ATOM,2445.0,OD1,ASP,167.0,-9.65,62.192,37.174,-0.76,1.7,6.36
ATOM,2446.0,OD2,ASP,167.0,-10.626,60.232,37.123,-0.76,1.7,44.0
ATOM,2447.0,H,ASP,167.0,-14.27,63.232,38.05,0.31,0.2245,0.0
ATOM,2448.0,HA,ASP,167.0,-11.573,63.238,38.968,0.09,1.32,7.09
ATOM,2449.0,HB2,ASP,167.0,-12.693,61.499,37.647,0.09,1.32,2.52
ATOM,2450.0,HB3,ASP,167.0,-12.329,62.379,36.322,0.09,1.32,0.0
ATOM,2451.0,N,VAL,168.0,-10.057,64.777,37.806,-0.47,1.85,0.0
ATOM,2452.0,CA,VAL,168.0,-9.252,65.811,37.179,0.07,2.275,0.0
ATOM,2453.0,C,VAL,168.0,-8.931,65.45,35.735,0.51,2.0,0.0
ATOM,2454.0,O,VAL,168.0,-8.676,66.335,34.917,-0.51,1.7,0.51
ATOM,2455.0,CB,VAL,168.0,-7.925,66.054,37.945,-0.09,2.275,0.37
ATOM,2456.0,CG1,VAL,168.0,-8.216,66.598,39.335,-0.27,2.06,0.24
ATOM,2457.0,CG2,VAL,168.0,-7.126,64.764,38.039,-0.27,2.06,20.02
ATOM,2458.0,H,VAL,168.0,-9.739,64.192,38.593,0.31,0.2245,2.28
ATOM,2459.0,HA,VAL,168.0,-9.785,66.666,37.173,0.09,1.32,0.0
ATOM,2460.0,HB,VAL,168.0,-7.422,66.755,37.454,0.09,1.32,1.9
ATOM,2461.0,HG11,VAL,168.0,-9.048,67.153,39.31,0.09,1.32,0.0
ATOM,2462.0,HG12,VAL,168.0,-8.343,65.838,39.972,0.09,1.32,0.21
ATOM,2463.0,HG13,VAL,168.0,-7.449,67.163,39.641,0.09,1.32,0.21
ATOM,2464.0,HG21,VAL,168.0,-7.672,64.07,38.508,0.09,1.32,2.92
ATOM,2465.0,HG22,VAL,168.0,-6.899,64.447,37.118,0.09,1.32,0.0
ATOM,2466.0,HG23,VAL,168.0,-6.285,64.933,38.553,0.09,1.32,8.85
ATOM,2467.0,N,ALA,169.0,-8.951,64.154,35.42,-0.47,1.85,0.0
ATOM,2468.0,CA,ALA,169.0,-8.663,63.693,34.06,0.07,2.275,0.89
ATOM,2469.0,C,ALA,169.0,-9.957,63.466,33.29,0.51,2.0,0.0
ATOM,2470.0,O,ALA,169.0,-10.003,62.667,32.357,-0.51,1.7,1.45
ATOM,2471.0,CB,ALA,169.0,-7.844,62.405,34.101,-0.27,2.06,14.86
ATOM,2472.0,H,ALA,169.0,-9.183,63.517,36.203,0.31,0.2245,0.0
ATOM,2473.0,HA,ALA,169.0,-8.126,64.399,33.588,0.09,1.32,0.0
ATOM,2474.0,HB1,ALA,169.0,-7.38,62.279,33.225,0.09,1.32,0.64
ATOM,2475.0,HB2,ALA,169.0,-7.166,62.466,34.832,0.09,1.32,3.77
ATOM,2476.0,HB3,ALA,169.0,-8.452,61.631,34.272,0.09,1.32,3.8
ATOM,2477.0,N,THR,170.0,-10.989,64.208,33.678,-0.47,1.85,0.0
ATOM,2478.0,CA,THR,170.0,-12.323,64.105,33.095,0.07,2.275,0.0
ATOM,2479.0,C,THR,170.0,-12.482,64.387,31.595,0.51,2.0,0.0
ATOM,2480.0,O,THR,170.0,-13.259,63.709,30.917,-0.51,1.7,0.0
ATOM,2481.0,CB,THR,170.0,-13.335,64.992,33.908,0.14,2.275,0.0
ATOM,2482.0,OG1,THR,170.0,-14.649,64.851,33.368,-0.66,1.77,0.0
ATOM,2483.0,CG2,THR,170.0,-12.94,66.456,33.866,-0.27,2.06,0.0
ATOM,2484.0,H,THR,170.0,-10.76,64.885,34.451,0.31,0.2245,0.0
ATOM,2485.0,HA,THR,170.0,-12.674,63.146,33.27,0.09,1.32,1.05
ATOM,2486.0,HB,THR,170.0,-13.339,64.66,34.871,0.09,1.32,0.0
ATOM,2487.0,HG21,THR,170.0,-11.948,66.547,33.986,0.09,1.32,0.0
ATOM,2488.0,HG22,THR,170.0,-13.2,66.856,32.983,0.09,1.32,0.0
ATOM,2489.0,HG23,THR,170.0,-13.404,66.957,34.601,0.09,1.32,0.0
ATOM,2490.0,HG1,THR,170.0,-15.324,64.744,34.107,0.43,0.2245,0.0
ATOM,2491.0,N,PHE,171.0,-11.746,65.359,31.063,-0.47,1.85,0.0
ATOM,2492.0,CA,PHE,171.0,-11.875,65.712,29.649,0.07,2.275,0.0
ATOM,2493.0,C,PHE,171.0,-11.138,64.802,28.694,0.51,2.0,0.0
ATOM,2494.0,O,PHE,171.0,-9.931,64.59,28.808,-0.51,1.7,7.96
ATOM,2495.0,CB,PHE,171.0,-11.444,67.164,29.416,-0.18,2.175,0.0
ATOM,2496.0,CG,PHE,171.0,-12.423,68.181,29.957,0.0,1.9924,0.0
ATOM,2497.0,CD1,PHE,171.0,-13.625,68.435,29.289,-0.115,1.9924,0.0
ATOM,2498.0,CD2,PHE,171.0,-12.164,68.853,31.149,-0.115,1.9924,0.0
ATOM,2499.0,CE1,PHE,171.0,-14.552,69.337,29.797,-0.115,1.9924,0.25
ATOM,2500.0,CE2,PHE,171.0,-13.083,69.755,31.67,-0.115,1.9924,0.0
ATOM,2501.0,CZ,PHE,171.0,-14.281,70.0,30.992,-0.115,1.9924,0.0
ATOM,2502.0,H,PHE,171.0,-11.096,65.828,31.714,0.31,0.2245,0.53
ATOM,2503.0,HA,PHE,171.0,-12.869,65.639,29.423,0.09,1.32,0.0
ATOM,2504.0,HB2,PHE,171.0,-10.581,67.302,29.873,0.09,1.32,0.08
ATOM,2505.0,HB3,PHE,171.0,-11.368,67.305,28.442,0.09,1.32,0.0
ATOM,2506.0,HD1,PHE,171.0,-13.821,67.961,28.435,0.115,1.3582,0.0
ATOM,2507.0,HD2,PHE,171.0,-11.307,68.683,31.635,0.115,1.3582,0.0
ATOM,2508.0,HE1,PHE,171.0,-15.408,69.507,29.303,0.115,1.3582,0.0
ATOM,2509.0,HE2,PHE,171.0,-12.884,70.234,32.537,0.115,1.3582,0.0
ATOM,2510.0,HZ,PHE,171.0,-14.942,70.648,31.363,0.115,1.3582,0.0
ATOM,2511.0,N,LYS,172.0,-11.898,64.259,27.745,-0.47,1.85,0.0
ATOM,2512.0,CA,LYS,172.0,-11.372,63.388,26.73,0.07,2.275,0.06
ATOM,2513.0,C,LYS,172.0,-12.144,63.619,25.458,0.51,2.0,0.0
ATOM,2514.0,O,LYS,172.0,-13.311,64.041,25.497,-0.51,1.7,0.0
ATOM,2515.0,CB,LYS,172.0,-11.494,61.923,27.104,-0.18,2.175,2.29
ATOM,2516.0,CG,LYS,172.0,-11.033,61.65,28.523,-0.18,2.175,0.9
ATOM,2517.0,CD,LYS,172.0,-10.992,60.167,28.817,-0.18,2.175,11.98
ATOM,2518.0,CE,LYS,172.0,-10.316,59.882,30.138,0.21,2.175,16.84
ATOM,2519.0,NZ,LYS,172.0,-8.919,60.397,30.166,-0.3,1.85,8.98
ATOM,2520.0,H,LYS,172.0,-12.911,64.527,27.81,0.31,0.2245,0.0
ATOM,2521.0,HA,LYS,172.0,-10.408,63.608,26.57,0.09,1.32,0.77
ATOM,2522.0,HB2,LYS,172.0,-12.447,61.655,27.028,0.09,1.32,0.0
ATOM,2523.0,HB3,LYS,172.0,-10.93,61.39,26.484,0.09,1.32,6.52
ATOM,2524.0,HG2,LYS,172.0,-10.115,62.032,28.647,0.09,1.32,1.11
ATOM,2525.0,HG3,LYS,172.0,-11.664,62.092,29.163,0.09,1.32,0.0
ATOM,2526.0,HD2,LYS,172.0,-11.925,59.819,28.854,0.09,1.32,3.6
ATOM,2527.0,HD3,LYS,172.0,-10.485,59.707,28.093,0.09,1.32,8.79
ATOM,2528.0,HE2,LYS,172.0,-10.839,60.317,30.877,0.05,1.32,1.53
ATOM,2529.0,HE3,LYS,172.0,-10.301,58.89,30.294,0.05,1.32,11.91
ATOM,2530.0,HZ1,LYS,172.0,-8.476,60.108,31.014,0.33,0.2245,10.31
ATOM,2531.0,HZ2,LYS,172.0,-8.416,60.032,29.384,0.33,0.2245,17.35
ATOM,2532.0,HZ3,LYS,172.0,-8.933,61.395,30.119,0.33,0.2245,2.5
ATOM,2533.0,N,SER,173.0,-11.51,63.356,24.331,-0.47,1.85,0.0
ATOM,2534.0,CA,SER,173.0,-12.165,63.416,23.035,0.07,2.275,0.0
ATOM,2535.0,C,SER,173.0,-12.538,61.948,22.784,0.51,2.0,0.0
ATOM,2536.0,O,SER,173.0,-11.769,61.205,22.156,-0.51,1.7,5.02
ATOM,2537.0,CB,SER,173.0,-11.234,63.923,21.921,0.05,2.175,0.0
ATOM,2538.0,OG,SER,173.0,-11.348,65.329,21.764,-0.66,1.77,0.0
ATOM,2539.0,H,SER,173.0,-10.502,63.102,24.448,0.31,0.2245,0.68
ATOM,2540.0,HA,SER,173.0,-12.994,63.922,23.124,0.09,1.32,0.0
ATOM,2541.0,HB2,SER,173.0,-10.297,63.697,22.163,0.09,1.32,0.0
ATOM,2542.0,HB3,SER,173.0,-11.488,63.479,21.068,0.09,1.32,0.0
ATOM,2543.0,HG,SER,173.0,-11.099,65.58,20.83,0.43,0.2245,0.0
ATOM,2544.0,N,VAL,174.0,-13.728,61.534,23.279,-0.47,1.85,0.0
ATOM,2545.0,CA,VAL,174.0,-14.234,60.133,23.25,0.07,2.275,0.96
ATOM,2546.0,C,VAL,174.0,-14.373,59.41,21.895,0.51,2.0,0.73
ATOM,2547.0,O,VAL,174.0,-14.523,58.191,21.876,-0.51,1.7,17.66
ATOM,2548.0,CB,VAL,174.0,-15.59,60.081,23.95,-0.09,2.275,1.02
ATOM,2549.0,CG1,VAL,174.0,-15.436,60.397,25.421,-0.27,2.06,4.36
ATOM,2550.0,CG2,VAL,174.0,-16.578,61.039,23.298,-0.27,2.06,3.76
ATOM,2551.0,H,VAL,174.0,-14.293,62.317,23.706,0.31,0.2245,0.0
ATOM,2552.0,HA,VAL,174.0,-13.592,59.569,23.837,0.09,1.32,8.43
ATOM,2553.0,HB,VAL,174.0,-15.932,59.147,23.886,0.09,1.32,0.0
ATOM,2554.0,HG11,VAL,174.0,-14.624,60.965,25.562,0.09,1.32,0.0
ATOM,2555.0,HG12,VAL,174.0,-16.244,60.891,25.748,0.09,1.32,0.93
ATOM,2556.0,HG13,VAL,174.0,-15.337,59.547,25.942,0.09,1.32,10.22
ATOM,2557.0,HG21,VAL,174.0,-17.413,61.075,23.846,0.09,1.32,0.05
ATOM,2558.0,HG22,VAL,174.0,-16.169,61.95,23.247,0.09,1.32,0.0
ATOM,2559.0,HG23,VAL,174.0,-16.793,60.714,22.377,0.09,1.32,0.0
ATOM,2560.0,N,ASN,175.0,-14.317,60.108,20.751,-0.47,1.85,0.0
ATOM,2561.0,CA,ASN,175.0,-14.451,59.382,19.478,0.07,2.275,0.95
ATOM,2562.0,C,ASN,175.0,-13.191,59.348,18.64,0.51,2.0,1.11
ATOM,2563.0,O,ASN,175.0,-12.843,58.336,18.055,-0.51,1.7,27.8
ATOM,2564.0,CB,ASN,175.0,-15.563,60.013,18.614,-0.18,2.175,1.51
ATOM,2565.0,CG,ASN,175.0,-16.929,59.928,19.243,0.55,2.0,0.0
ATOM,2566.0,H,ASN,175.0,-14.184,61.107,20.838,0.31,0.2245,0.0
ATOM,2567.0,HA,ASN,175.0,-14.682,58.418,19.717,0.09,1.32,3.6
ATOM,2568.0,HB2,ASN,175.0,-15.33,60.974,18.469,0.09,1.32,0.0
ATOM,2569.0,HB3,ASN,175.0,-15.577,59.534,17.737,0.09,1.32,3.71
ATOM,2570.0,OD1,ASN,175.0,-17.445,58.841,19.483,-0.55,1.7,2.75
ATOM,2571.0,ND2,ASN,175.0,-17.532,61.086,19.504,-0.62,1.85,1.7
ATOM,2572.0,HD22,ASN,175.0,-17.078,61.947,19.277,0.3,0.2245,0.7
ATOM,2573.0,HD21,ASN,175.0,-18.438,61.094,19.926,0.32,0.2245,2.41
ATOM,2574.0,N,TYR,176.0,-12.489,60.471,18.584,-0.47,1.85,0.0
ATOM,2575.0,CA,TYR,176.0,-11.297,60.531,17.766,0.07,2.275,1.19
ATOM,2576.0,C,TYR,176.0,-9.983,60.756,18.492,0.51,2.0,1.91
ATOM,2577.0,O,TYR,176.0,-8.915,60.693,17.873,-0.51,1.7,17.93
ATOM,2578.0,CB,TYR,176.0,-11.492,61.558,16.664,-0.18,2.175,12.17
ATOM,2579.0,CG,TYR,176.0,-12.465,61.08,15.613,0.0,1.9924,0.56
ATOM,2580.0,CD1,TYR,176.0,-12.089,60.108,14.683,-0.115,1.9924,11.57
ATOM,2581.0,CD2,TYR,176.0,-13.768,61.578,15.554,-0.115,1.9924,8.04
ATOM,2582.0,CE1,TYR,176.0,-12.984,59.638,13.713,-0.115,1.9924,19.6
ATOM,2583.0,CE2,TYR,176.0,-14.676,61.117,14.589,-0.115,1.9924,8.98
ATOM,2584.0,CZ,TYR,176.0,-14.277,60.147,13.67,0.11,1.9924,3.52
ATOM,2585.0,OH,TYR,176.0,-15.16,59.693,12.707,-0.54,1.77,33.57
ATOM,2586.0,H,TYR,176.0,-12.851,61.251,19.145,0.31,0.2245,0.0
ATOM,2587.0,HA,TYR,176.0,-11.22,59.64,17.25,0.09,1.32,2.55
ATOM,2588.0,HB2,TYR,176.0,-11.851,62.389,17.065,0.09,1.32,0.35
ATOM,2589.0,HB3,TYR,176.0,-10.619,61.722,16.226,0.09,1.32,6.4
ATOM,2590.0,HD1,TYR,176.0,-11.159,59.736,14.705,0.115,1.3582,12.63
ATOM,2591.0,HD2,TYR,176.0,-14.062,62.27,16.206,0.115,1.3582,0.61
ATOM,2592.0,HE1,TYR,176.0,-12.692,58.942,13.06,0.115,1.3582,16.51
ATOM,2593.0,HE2,TYR,176.0,-15.603,61.483,14.562,0.115,1.3582,1.4
ATOM,2594.0,HH,TYR,176.0,-16.082,59.987,12.948,0.43,0.2245,12.42
ATOM,2595.0,N,GLY,177.0,-10.058,61.004,19.802,-0.47,1.85,2.46
ATOM,2596.0,CA,GLY,177.0,-8.852,61.187,20.606,-0.02,2.175,7.57
ATOM,2597.0,C,GLY,177.0,-8.147,62.539,20.642,0.51,2.0,0.0
ATOM,2598.0,O,GLY,177.0,-8.465,63.454,19.876,-0.51,1.7,2.05
ATOM,2599.0,H,GLY,177.0,-11.017,61.053,20.184,0.31,0.2245,0.0
ATOM,2600.0,HA2,GLY,177.0,-9.071,60.905,21.592,0.09,1.32,3.02
ATOM,2601.0,HA3,GLY,177.0,-8.153,60.461,20.317,0.09,1.32,7.08
ATOM,2602.0,N,PRO,178.0,-7.151,62.682,21.525,-0.29,1.85,0.0
ATOM,2603.0,CA,PRO,178.0,-6.413,63.943,21.644,0.02,2.275,0.0
ATOM,2604.0,C,PRO,178.0,-5.548,64.299,20.422,0.51,2.0,0.0
ATOM,2605.0,O,PRO,178.0,-5.229,63.443,19.593,-0.51,1.7,5.91
ATOM,2606.0,CB,PRO,178.0,-5.593,63.733,22.915,-0.18,2.175,0.07
ATOM,2607.0,CG,PRO,178.0,-5.279,62.263,22.856,-0.18,2.175,2.46
ATOM,2608.0,CD,PRO,178.0,-6.595,61.65,22.423,0.0,2.175,10.55
ATOM,2609.0,HA,PRO,178.0,-7.052,64.712,21.856,0.09,1.32,0.0
ATOM,2610.0,HB2,PRO,178.0,-4.759,64.273,22.895,0.09,1.32,0.0
ATOM,2611.0,HB3,PRO,178.0,-6.127,63.948,23.724,0.09,1.32,0.03
ATOM,2612.0,HG2,PRO,178.0,-4.567,62.084,22.187,0.09,1.32,2.94
ATOM,2613.0,HG3,PRO,178.0,-5.009,61.928,23.751,0.09,1.32,0.45
ATOM,2614.0,HD2,PRO,178.0,-6.452,60.796,21.931,0.09,1.32,7.39
ATOM,2615.0,HD3,PRO,178.0,-7.198,61.499,23.202,0.09,1.32,6.95
ATOM,2616.0,N,LEU,179.0,-5.182,65.57,20.309,-0.47,1.85,0.0
ATOM,2617.0,CA,LEU,179.0,-4.355,66.011,19.203,0.07,2.275,0.0
ATOM,2618.0,C,LEU,179.0,-2.903,65.889,19.619,0.51,2.0,0.36
ATOM,2619.0,O,LEU,179.0,-2.025,65.611,18.798,-0.51,1.7,0.94
ATOM,2620.0,CB,LEU,179.0,-4.664,67.465,18.853,-0.18,2.175,0.0
ATOM,2621.0,CG,LEU,179.0,-6.112,67.757,18.469,-0.09,2.275,0.0
ATOM,2622.0,CD1,LEU,179.0,-6.249,69.235,18.181,-0.27,2.06,0.0
ATOM,2623.0,CD2,LEU,179.0,-6.514,66.927,17.252,-0.27,2.06,5.3
ATOM,2624.0,H,LEU,179.0,-5.529,66.195,21.057,0.31,0.2245,0.0
ATOM,2625.0,HA,LEU,179.0,-4.514,65.412,18.421,0.09,1.32,0.0
ATOM,2626.0,HB2,LEU,179.0,-4.448,68.023,19.647,0.09,1.32,0.0
ATOM,2627.0,HB3,LEU,179.0,-4.093,67.722,18.082,0.09,1.32,0.0
ATOM,2628.0,HG,LEU,179.0,-6.705,67.506,19.226,0.09,1.32,0.0
ATOM,2629.0,HD11,LEU,179.0,-5.641,69.491,17.427,0.09,1.32,0.0
ATOM,2630.0,HD12,LEU,179.0,-7.195,69.445,17.927,0.09,1.32,0.0
ATOM,2631.0,HD13,LEU,179.0,-6.003,69.764,18.996,0.09,1.32,0.0
ATOM,2632.0,HD21,LEU,179.0,-6.422,65.955,17.468,0.09,1.32,0.36
ATOM,2633.0,HD22,LEU,179.0,-7.464,67.128,17.012,0.09,1.32,0.22
ATOM,2634.0,HD23,LEU,179.0,-5.919,67.156,16.482,0.09,1.32,0.0
ATOM,2635.0,N,GLY,180.0,-2.658,66.099,20.906,-0.47,1.85,0.03
ATOM,2636.0,CA,GLY,180.0,-1.3,66.016,21.392,-0.02,2.175,0.77
ATOM,2637.0,C,GLY,180.0,-1.196,65.921,22.891,0.51,2.0,0.0
ATOM,2638.0,O,GLY,180.0,-2.175,66.08,23.613,-0.51,1.7,0.0
ATOM,2639.0,H,GLY,180.0,-3.476,66.313,21.486,0.31,0.2245,0.0
ATOM,2640.0,HA2,GLY,180.0,-0.841,65.205,20.971,0.09,1.32,1.52
ATOM,2641.0,HA3,GLY,180.0,-0.777,66.833,21.069,0.09,1.32,0.0
ATOM,2642.0,N,TYR,181.0,0.015,65.662,23.357,-0.47,1.85,0.0
ATOM,2643.0,CA,TYR,181.0,0.27,65.545,24.781,0.07,2.275,0.0
ATOM,2644.0,C,TYR,181.0,1.361,66.508,25.189,0.51,2.0,0.0
ATOM,2645.0,O,TYR,181.0,2.345,66.68,24.478,-0.51,1.7,0.78
ATOM,2646.0,CB,TYR,181.0,0.678,64.119,25.104,-0.18,2.175,10.33
ATOM,2647.0,CG,TYR,181.0,-0.47,63.152,25.02,0.0,1.9924,0.34
ATOM,2648.0,CD1,TYR,181.0,-1.287,62.92,26.12,-0.115,1.9924,8.87
ATOM,2649.0,CD2,TYR,181.0,-0.709,62.435,23.86,-0.115,1.9924,8.84
ATOM,2650.0,CE1,TYR,181.0,-2.303,61.985,26.067,-0.115,1.9924,10.36
ATOM,2651.0,CE2,TYR,181.0,-1.725,61.497,23.799,-0.115,1.9924,11.84
ATOM,2652.0,CZ,TYR,181.0,-2.514,61.273,24.908,0.11,1.9924,1.56
ATOM,2653.0,OH,TYR,181.0,-3.488,60.308,24.87,-0.54,1.77,29.69
ATOM,2654.0,H,TYR,181.0,0.75,65.552,22.631,0.31,0.2245,0.0
ATOM,2655.0,HA,TYR,181.0,-0.57,65.791,25.275,0.09,1.32,0.0
ATOM,2656.0,HB2,TYR,181.0,1.375,63.835,24.454,0.09,1.32,2.85
ATOM,2657.0,HB3,TYR,181.0,1.038,64.096,26.031,0.09,1.32,2.03
ATOM,2658.0,HD1,TYR,181.0,-1.137,63.438,26.965,0.115,1.3582,3.92
ATOM,2659.0,HD2,TYR,181.0,-0.141,62.597,23.054,0.115,1.3582,7.72
ATOM,2660.0,HE1,TYR,181.0,-2.885,61.828,26.87,0.115,1.3582,11.76
ATOM,2661.0,HE2,TYR,181.0,-1.886,60.984,22.954,0.115,1.3582,13.61
ATOM,2662.0,HH,TYR,181.0,-4.096,60.483,24.097,0.43,0.2245,3.93
ATOM,2663.0,N,ILE,182.0,1.179,67.136,26.343,-0.47,1.85,0.0
ATOM,2664.0,CA,ILE,182.0,2.139,68.106,26.839,0.07,2.275,0.0
ATOM,2665.0,C,ILE,182.0,3.116,67.487,27.814,0.51,2.0,0.0
ATOM,2666.0,O,ILE,182.0,2.727,66.772,28.731,-0.51,1.7,4.93
ATOM,2667.0,CB,ILE,182.0,1.435,69.245,27.531,-0.09,2.275,0.0
ATOM,2668.0,CG1,ILE,182.0,0.426,69.872,26.568,-0.18,2.175,0.0
ATOM,2669.0,CG2,ILE,182.0,2.457,70.257,27.997,-0.27,2.06,0.54
ATOM,2670.0,CD1,ILE,182.0,-0.504,70.887,27.212,-0.27,2.06,0.0
ATOM,2671.0,H,ILE,182.0,0.309,66.878,26.848,0.31,0.2245,0.0
ATOM,2672.0,HA,ILE,182.0,2.677,68.406,26.039,0.09,1.32,0.0
ATOM,2673.0,HB,ILE,182.0,0.928,68.886,28.306,0.09,1.32,0.0
ATOM,2674.0,HG12,ILE,182.0,0.929,70.32,25.829,0.09,1.32,0.0
ATOM,2675.0,HG13,ILE,182.0,-0.129,69.138,26.173,0.09,1.32,0.0
ATOM,2676.0,HG21,ILE,182.0,1.997,71.009,28.469,0.09,1.32,0.0
ATOM,2677.0,HG22,ILE,182.0,3.103,69.822,28.624,0.09,1.32,0.5
ATOM,2678.0,HG23,ILE,182.0,2.957,70.62,27.21,0.09,1.32,0.0
ATOM,2679.0,HD11,ILE,182.0,0.039,71.631,27.596,0.09,1.32,0.0
ATOM,2680.0,HD12,ILE,182.0,-1.127,71.246,26.52,0.09,1.32,0.0
ATOM,2681.0,HD13,ILE,182.0,-1.026,70.441,27.936,0.09,1.32,0.0
ATOM,2682.0,N,HIS,183.0,4.392,67.787,27.636,-0.47,1.85,0.0
ATOM,2683.0,CA,HIS,183.0,5.398,67.216,28.506,0.07,2.275,0.0
ATOM,2684.0,C,HIS,183.0,6.564,68.141,28.855,0.51,2.0,0.0
ATOM,2685.0,O,HIS,183.0,7.432,68.385,28.024,-0.51,1.7,1.58
ATOM,2686.0,CB,HIS,183.0,5.933,65.963,27.87,-0.09,2.175,11.38
ATOM,2687.0,CG,HIS,183.0,5.967,64.825,28.817,-0.05,1.8,0.94
ATOM,2688.0,H,HIS,183.0,4.593,68.433,26.859,0.31,0.2245,0.0
ATOM,2689.0,HA,HIS,183.0,4.947,66.94,29.385,0.09,1.32,2.04
ATOM,2690.0,HB2,HIS,183.0,5.354,65.71,27.09,0.09,1.32,3.29
ATOM,2691.0,HB3,HIS,183.0,6.867,66.128,27.539,0.09,1.32,5.12
ATOM,2692.0,ND1,HIS,183.0,6.927,64.714,29.806,-0.36,1.85,6.01
ATOM,2693.0,CD2,HIS,183.0,5.116,63.789,28.992,0.22,1.8,19.19
ATOM,2694.0,CE1,HIS,183.0,6.663,63.652,30.546,0.25,1.8,25.21
ATOM,2695.0,NE2,HIS,183.0,5.574,63.074,30.076,-0.7,1.85,31.16
ATOM,2696.0,HD1,HIS,183.0,7.693,65.339,29.936,0.32,0.2245,2.75
ATOM,2697.0,HD2,HIS,183.0,4.313,63.579,28.445,0.1,1.468,8.27
ATOM,2698.0,HE1,HIS,183.0,7.197,63.339,31.327,0.13,0.9,17.58
ATOM,2699.0,N,ASN,184.0,6.63,68.612,30.096,-0.47,1.85,0.0
ATOM,2700.0,CA,ASN,184.0,7.694,69.528,30.481,0.07,2.275,3.75
ATOM,2701.0,C,ASN,184.0,7.711,70.637,29.444,0.51,2.0,2.07
ATOM,2702.0,O,ASN,184.0,8.706,70.829,28.749,-0.51,1.7,12.38
ATOM,2703.0,CB,ASN,184.0,9.045,68.829,30.476,-0.18,2.175,12.36
ATOM,2704.0,CG,ASN,184.0,9.162,67.777,31.549,0.55,2.0,2.15
ATOM,2705.0,H,ASN,184.0,5.891,68.284,30.734,0.31,0.2245,5.94
ATOM,2706.0,HA,ASN,184.0,7.434,69.939,31.345,0.09,1.32,6.32
ATOM,2707.0,HB2,ASN,184.0,9.173,68.394,29.586,0.09,1.32,3.88
ATOM,2708.0,HB3,ASN,184.0,9.756,69.515,30.621,0.09,1.32,9.73
ATOM,2709.0,OD1,ASN,184.0,10.143,67.016,31.588,-0.55,1.7,38.83
ATOM,2710.0,ND2,ASN,184.0,8.172,67.717,32.426,-0.62,1.85,17.92
ATOM,2711.0,HD22,ASN,184.0,7.396,68.346,32.352,0.3,0.2245,2.24
ATOM,2712.0,HD21,ASN,184.0,8.195,67.043,33.166,0.32,0.2245,19.41
ATOM,2713.0,N,GLY,185.0,6.588,71.335,29.325,-0.47,1.85,1.63
ATOM,2714.0,CA,GLY,185.0,6.492,72.433,28.384,-0.02,2.175,3.29
ATOM,2715.0,C,GLY,185.0,6.535,72.057,26.92,0.51,2.0,0.35
ATOM,2716.0,O,GLY,185.0,6.3,72.902,26.061,-0.51,1.7,10.06
ATOM,2717.0,H,GLY,185.0,5.816,71.033,29.944,0.31,0.2245,0.91
ATOM,2718.0,HA2,GLY,185.0,5.623,72.956,28.569,0.09,1.32,0.0
ATOM,2719.0,HA3,GLY,185.0,7.248,73.106,28.578,0.09,1.32,10.32
ATOM,2720.0,N,LYS,186.0,6.836,70.806,26.608,-0.47,1.85,0.0
ATOM,2721.0,CA,LYS,186.0,6.889,70.413,25.209,0.07,2.275,0.0
ATOM,2722.0,C,LYS,186.0,5.642,69.659,24.753,0.51,2.0,0.16
ATOM,2723.0,O,LYS,186.0,5.119,68.799,25.462,-0.51,1.7,1.09
ATOM,2724.0,CB,LYS,186.0,8.144,69.581,24.947,-0.18,2.175,11.36
ATOM,2725.0,CG,LYS,186.0,9.421,70.403,24.918,-0.18,2.175,10.84
ATOM,2726.0,CD,LYS,186.0,9.357,71.443,23.804,-0.18,2.175,3.98
ATOM,2727.0,CE,LYS,186.0,10.638,72.256,23.705,0.21,2.175,19.0
ATOM,2728.0,NZ,LYS,186.0,10.581,73.225,22.567,-0.3,1.85,14.72
ATOM,2729.0,H,LYS,186.0,7.018,70.177,27.395,0.31,0.2245,0.0
ATOM,2730.0,HA,LYS,186.0,6.986,71.247,24.637,0.09,1.32,0.07
ATOM,2731.0,HB2,LYS,186.0,8.224,68.901,25.67,0.09,1.32,1.17
ATOM,2732.0,HB3,LYS,186.0,8.04,69.129,24.065,0.09,1.32,6.33
ATOM,2733.0,HG2,LYS,186.0,9.529,70.872,25.789,0.09,1.32,1.47
ATOM,2734.0,HG3,LYS,186.0,10.196,69.802,24.752,0.09,1.32,10.28
ATOM,2735.0,HD2,LYS,186.0,9.21,70.974,22.937,0.09,1.32,9.12
ATOM,2736.0,HD3,LYS,186.0,8.599,72.064,23.988,0.09,1.32,1.6
ATOM,2737.0,HE2,LYS,186.0,10.771,72.762,24.558,0.05,1.32,10.82
ATOM,2738.0,HE3,LYS,186.0,11.41,71.635,23.566,0.05,1.32,10.47
ATOM,2739.0,HZ1,LYS,186.0,9.628,73.455,22.38,0.33,0.2245,15.79
ATOM,2740.0,HZ2,LYS,186.0,11.086,74.05,22.814,0.33,0.2245,20.66
ATOM,2741.0,HZ3,LYS,186.0,10.992,72.807,21.759,0.33,0.2245,20.05
ATOM,2742.0,N,ILE,187.0,5.171,69.982,23.556,-0.47,1.85,0.0
ATOM,2743.0,CA,ILE,187.0,3.983,69.339,23.023,0.07,2.275,0.0
ATOM,2744.0,C,ILE,187.0,4.267,68.455,21.823,0.51,2.0,0.77
ATOM,2745.0,O,ILE,187.0,4.907,68.867,20.861,-0.51,1.7,20.76
ATOM,2746.0,CB,ILE,187.0,2.939,70.376,22.62,-0.09,2.275,0.0
ATOM,2747.0,CG1,ILE,187.0,2.64,71.275,23.815,-0.18,2.175,0.0
ATOM,2748.0,CG2,ILE,187.0,1.676,69.682,22.134,-0.27,2.06,0.0
ATOM,2749.0,CD1,ILE,187.0,1.623,72.351,23.532,-0.27,2.06,0.0
ATOM,2750.0,H,ILE,187.0,5.709,70.709,23.053,0.31,0.2245,3.07
ATOM,2751.0,HA,ILE,187.0,3.637,68.73,23.756,0.09,1.32,0.0
ATOM,2752.0,HB,ILE,187.0,3.321,70.94,21.9,0.09,1.32,0.0
ATOM,2753.0,HG12,ILE,187.0,2.309,70.703,24.566,0.09,1.32,0.0
ATOM,2754.0,HG13,ILE,187.0,3.496,71.708,24.102,0.09,1.32,0.13
ATOM,2755.0,HG21,ILE,187.0,1.003,70.367,21.859,0.09,1.32,0.0
ATOM,2756.0,HG22,ILE,187.0,1.894,69.1,21.353,0.09,1.32,0.0
ATOM,2757.0,HG23,ILE,187.0,1.298,69.122,22.87,0.09,1.32,0.0
ATOM,2758.0,HD11,ILE,187.0,0.759,71.93,23.256,0.09,1.32,0.0
ATOM,2759.0,HD12,ILE,187.0,1.478,72.899,24.356,0.09,1.32,0.0
ATOM,2760.0,HD13,ILE,187.0,1.956,72.94,22.796,0.09,1.32,0.0
ATOM,2761.0,N,ASP,188.0,3.788,67.221,21.897,-0.47,1.85,0.54
ATOM,2762.0,CA,ASP,188.0,3.958,66.279,20.813,0.07,2.275,1.36
ATOM,2763.0,C,ASP,188.0,2.624,66.142,20.098,0.51,2.0,0.0
ATOM,2764.0,O,ASP,188.0,1.714,65.447,20.555,-0.51,1.7,1.1
ATOM,2765.0,CB,ASP,188.0,4.42,64.922,21.341,-0.28,2.175,14.37
ATOM,2766.0,CG,ASP,188.0,4.589,63.895,20.23,0.62,2.0,3.13
ATOM,2767.0,OD1,ASP,188.0,4.654,64.301,19.04,-0.76,1.7,17.68
ATOM,2768.0,OD2,ASP,188.0,4.665,62.685,20.551,-0.76,1.7,28.34
ATOM,2769.0,H,ASP,188.0,3.292,66.999,22.783,0.31,0.2245,0.0
ATOM,2770.0,HA,ASP,188.0,4.599,66.68,20.162,0.09,1.32,3.23
ATOM,2771.0,HB2,ASP,188.0,5.294,65.047,21.792,0.09,1.32,10.83
ATOM,2772.0,HB3,ASP,188.0,3.738,64.589,21.979,0.09,1.32,0.47
ATOM,2773.0,N,TYR,189.0,2.509,66.842,18.981,-0.47,1.85,0.0
ATOM,2774.0,CA,TYR,189.0,1.301,66.811,18.186,0.07,2.275,0.0
ATOM,2775.0,C,TYR,189.0,1.422,65.691,17.175,0.51,2.0,0.09
ATOM,2776.0,O,TYR,189.0,2.465,65.539,16.538,-0.51,1.7,17.95
ATOM,2777.0,CB,TYR,189.0,1.126,68.13,17.444,-0.18,2.175,1.85
ATOM,2778.0,CG,TYR,189.0,0.467,69.219,18.242,0.0,1.9924,0.0
ATOM,2779.0,CD1,TYR,189.0,-0.86,69.092,18.662,-0.115,1.9924,0.0
ATOM,2780.0,CD2,TYR,189.0,1.156,70.387,18.565,-0.115,1.9924,0.0
ATOM,2781.0,CE1,TYR,189.0,-1.484,70.102,19.383,-0.115,1.9924,0.0
ATOM,2782.0,CE2,TYR,189.0,0.535,71.403,19.287,-0.115,1.9924,0.0
ATOM,2783.0,CZ,TYR,189.0,-0.785,71.253,19.693,0.11,1.9924,0.0
ATOM,2784.0,OH,TYR,189.0,-1.408,72.25,20.411,-0.54,1.77,0.0
ATOM,2785.0,H,TYR,189.0,3.349,67.405,18.732,0.31,0.2245,5.13
ATOM,2786.0,HA,TYR,189.0,0.528,66.61,18.787,0.09,1.32,0.0
ATOM,2787.0,HB2,TYR,189.0,2.032,68.452,17.16,0.09,1.32,5.73
ATOM,2788.0,HB3,TYR,189.0,0.569,67.958,16.628,0.09,1.32,0.01
ATOM,2789.0,HD1,TYR,189.0,-1.369,68.26,18.439,0.115,1.3582,0.0
ATOM,2790.0,HD2,TYR,189.0,2.102,70.496,18.278,0.115,1.3582,2.02
ATOM,2791.0,HE1,TYR,189.0,-2.436,69.994,19.677,0.115,1.3582,0.0
ATOM,2792.0,HE2,TYR,189.0,1.037,72.237,19.512,0.115,1.3582,0.0
ATOM,2793.0,HH,TYR,189.0,-0.942,73.116,20.24,0.43,0.2245,0.0
ATOM,2794.0,N,GLN,190.0,0.36,64.907,17.029,-0.47,1.85,0.0
ATOM,2795.0,CA,GLN,190.0,0.346,63.818,16.067,0.07,2.275,4.32
ATOM,2796.0,C,GLN,190.0,-1.0,63.772,15.367,0.51,2.0,1.7
ATOM,2797.0,O,GLN,190.0,-1.27,62.886,14.554,-0.51,1.7,12.61
ATOM,2798.0,CB,GLN,190.0,0.654,62.479,16.747,-0.18,2.175,4.55
ATOM,2799.0,CG,GLN,190.0,2.121,62.329,17.122,-0.18,2.175,4.9
ATOM,2800.0,CD,GLN,190.0,2.503,60.915,17.516,0.55,2.0,2.94
ATOM,2801.0,H,GLN,190.0,-0.44,65.137,17.65,0.31,0.2245,0.0
ATOM,2802.0,HA,GLN,190.0,1.047,64.004,15.375,0.09,1.32,6.32
ATOM,2803.0,HB2,GLN,190.0,0.111,62.41,17.579,0.09,1.32,6.86
ATOM,2804.0,HB3,GLN,190.0,0.415,61.74,16.122,0.09,1.32,0.62
ATOM,2805.0,HG2,GLN,190.0,2.682,62.603,16.337,0.09,1.32,7.88
ATOM,2806.0,HG3,GLN,190.0,2.318,62.94,17.893,0.09,1.32,0.0
ATOM,2807.0,OE1,GLN,190.0,2.255,59.961,16.782,-0.55,1.7,34.46
ATOM,2808.0,NE2,GLN,190.0,3.127,60.777,18.675,-0.62,1.85,20.98
ATOM,2809.0,HE21,GLN,190.0,3.404,59.856,19.015,0.32,0.2245,22.17
ATOM,2810.0,HE22,GLN,190.0,3.331,61.608,19.229,0.3,0.2245,0.59
ATOM,2811.0,N,ARG,191.0,-1.842,64.75,15.672,-0.47,1.85,1.31
ATOM,2812.0,CA,ARG,191.0,-3.159,64.814,15.056,0.07,2.275,3.19
ATOM,2813.0,C,ARG,191.0,-3.66,66.24,14.861,0.51,2.0,0.26
ATOM,2814.0,O,ARG,191.0,-3.12,67.198,15.412,-0.51,1.7,0.0
ATOM,2815.0,CB,ARG,191.0,-4.18,64.04,15.896,-0.18,2.175,1.49
ATOM,2816.0,CG,ARG,191.0,-3.937,62.541,16.012,-0.18,2.175,5.42
ATOM,2817.0,CD,ARG,191.0,-4.224,61.8,14.731,0.2,2.175,14.52
ATOM,2818.0,NE,ARG,191.0,-4.31,60.366,14.99,-0.7,1.85,5.73
ATOM,2819.0,CZ,ARG,191.0,-3.286,59.518,14.98,0.64,2.0,2.55
ATOM,2820.0,NH1,ARG,191.0,-2.056,59.941,14.699,-0.8,1.85,14.73
ATOM,2821.0,NH2,ARG,191.0,-3.491,58.246,15.299,-0.8,1.85,28.91
ATOM,2822.0,H,ARG,191.0,-1.493,65.436,16.36,0.31,0.2245,0.0
ATOM,2823.0,HA,ARG,191.0,-3.116,64.362,14.147,0.09,1.32,3.34
ATOM,2824.0,HB2,ARG,191.0,-4.177,64.425,16.821,0.09,1.32,0.0
ATOM,2825.0,HB3,ARG,191.0,-5.085,64.174,15.487,0.09,1.32,2.8
ATOM,2826.0,HG2,ARG,191.0,-2.978,62.382,16.263,0.09,1.32,0.0
ATOM,2827.0,HG3,ARG,191.0,-4.528,62.168,16.732,0.09,1.32,2.2
ATOM,2828.0,HD2,ARG,191.0,-5.088,62.119,14.369,0.09,1.32,8.32
ATOM,2829.0,HD3,ARG,191.0,-3.485,61.974,14.095,0.09,1.32,2.24
ATOM,2830.0,HE,ARG,191.0,-5.228,59.983,15.195,0.44,0.2245,11.12
ATOM,2831.0,HH11,ARG,191.0,-1.881,60.905,14.511,0.46,0.2245,0.08
ATOM,2832.0,HH12,ARG,191.0,-1.298,59.284,14.677,0.46,0.2245,12.57
ATOM,2833.0,HH21,ARG,191.0,-4.405,57.936,15.563,0.46,0.2245,18.4
ATOM,2834.0,HH22,ARG,191.0,-2.732,57.595,15.277,0.46,0.2245,18.31
ATOM,2835.0,N,THR,192.0,-4.705,66.363,14.059,-0.47,1.85,0.0
ATOM,2836.0,CA,THR,192.0,-5.322,67.642,13.789,0.07,2.275,0.0
ATOM,2837.0,C,THR,192.0,-6.71,67.307,13.245,0.51,2.0,0.1
ATOM,2838.0,O,THR,192.0,-6.869,66.367,12.48,-0.51,1.7,13.93
ATOM,2839.0,CB,THR,192.0,-4.468,68.474,12.79,0.14,2.275,2.39
ATOM,2840.0,OG1,THR,192.0,-4.915,69.832,12.803,-0.66,1.77,5.13
ATOM,2841.0,CG2,THR,192.0,-4.586,67.939,11.397,-0.27,2.06,33.72
ATOM,2842.0,H,THR,192.0,-5.04,65.464,13.644,0.31,0.2245,2.33
ATOM,2843.0,HA,THR,192.0,-5.433,68.136,14.635,0.09,1.32,0.0
ATOM,2844.0,HB,THR,192.0,-3.498,68.45,13.099,0.09,1.32,1.01
ATOM,2845.0,HG21,THR,192.0,-4.976,67.011,11.408,0.09,1.32,2.69
ATOM,2846.0,HG22,THR,192.0,-5.184,68.529,10.842,0.09,1.32,6.3
ATOM,2847.0,HG23,THR,192.0,-3.681,67.899,10.957,0.09,1.32,11.77
ATOM,2848.0,HG1,THR,192.0,-5.881,69.886,12.527,0.43,0.2245,1.04
ATOM,2849.0,N,PRO,193.0,-7.736,68.056,13.662,-0.29,1.85,0.0
ATOM,2850.0,CA,PRO,193.0,-9.102,67.801,13.204,0.02,2.275,0.47
ATOM,2851.0,C,PRO,193.0,-9.321,68.018,11.707,0.51,2.0,0.0
ATOM,2852.0,O,PRO,193.0,-8.88,69.012,11.143,-0.51,1.7,7.48
ATOM,2853.0,CB,PRO,193.0,-9.925,68.742,14.07,-0.18,2.175,8.49
ATOM,2854.0,CG,PRO,193.0,-9.02,69.901,14.209,-0.18,2.175,1.47
ATOM,2855.0,CD,PRO,193.0,-7.679,69.279,14.481,0.0,2.175,0.0
ATOM,2856.0,HA,PRO,193.0,-9.397,66.859,13.471,0.09,1.32,8.31
ATOM,2857.0,HB2,PRO,193.0,-10.772,68.995,13.611,0.09,1.32,1.1
ATOM,2858.0,HB3,PRO,193.0,-10.125,68.327,14.953,0.09,1.32,0.55
ATOM,2859.0,HG2,PRO,193.0,-8.996,70.442,13.367,0.09,1.32,0.0
ATOM,2860.0,HG3,PRO,193.0,-9.3,70.487,14.971,0.09,1.32,1.02
ATOM,2861.0,HD2,PRO,193.0,-6.935,69.867,14.181,0.09,1.32,0.0
ATOM,2862.0,HD3,PRO,193.0,-7.569,69.051,15.445,0.09,1.32,0.0
ATOM,2863.0,N,ALA,194.0,-10.019,67.074,11.085,-0.47,1.85,0.01
ATOM,2864.0,CA,ALA,194.0,-10.307,67.1,9.657,0.07,2.275,1.55
ATOM,2865.0,C,ALA,194.0,-11.481,68.005,9.298,0.51,2.0,0.22
ATOM,2866.0,O,ALA,194.0,-11.461,68.67,8.26,-0.51,1.7,20.98
ATOM,2867.0,CB,ALA,194.0,-10.574,65.685,9.164,-0.27,2.06,39.72
ATOM,2868.0,H,ALA,194.0,-10.348,66.301,11.716,0.31,0.2245,8.49
ATOM,2869.0,HA,ALA,194.0,-9.483,67.435,9.165,0.09,1.32,9.14
ATOM,2870.0,HB1,ALA,194.0,-11.423,65.345,9.567,0.09,1.32,6.0
ATOM,2871.0,HB2,ALA,194.0,-10.657,65.688,8.168,0.09,1.32,10.84
ATOM,2872.0,HB3,ALA,194.0,-9.817,65.089,9.432,0.09,1.32,10.09
ATOM,2873.0,N,ARG,195.0,-12.512,68.02,10.138,-0.47,1.85,0.08
ATOM,2874.0,CA,ARG,195.0,-13.665,68.876,9.881,0.07,2.275,0.67
ATOM,2875.0,C,ARG,195.0,-13.232,70.329,9.839,0.51,2.0,0.0
ATOM,2876.0,O,ARG,195.0,-12.346,70.747,10.585,-0.51,1.7,1.28
ATOM,2877.0,CB,ARG,195.0,-14.708,68.7,10.97,-0.18,2.175,1.05
ATOM,2878.0,CG,ARG,195.0,-15.279,67.323,11.008,-0.18,2.175,7.15
ATOM,2879.0,CD,ARG,195.0,-16.469,67.203,10.114,0.2,2.175,2.19
ATOM,2880.0,NE,ARG,195.0,-16.812,65.804,9.924,-0.7,1.85,5.03
ATOM,2881.0,CZ,ARG,195.0,-18.055,65.353,9.908,0.64,2.0,0.02
ATOM,2882.0,NH1,ARG,195.0,-19.061,66.19,10.08,-0.8,1.85,0.0
ATOM,2883.0,NH2,ARG,195.0,-18.292,64.077,9.695,-0.8,1.85,21.88
ATOM,2884.0,H,ARG,195.0,-12.427,67.397,10.954,0.31,0.2245,1.6
ATOM,2885.0,HA,ARG,195.0,-14.06,68.629,8.991,0.09,1.32,3.7
ATOM,2886.0,HB2,ARG,195.0,-14.276,68.891,11.846,0.09,1.32,1.42
ATOM,2887.0,HB3,ARG,195.0,-15.445,69.347,10.801,0.09,1.32,0.0
ATOM,2888.0,HG2,ARG,195.0,-14.589,66.661,10.707,0.09,1.32,1.28
ATOM,2889.0,HG3,ARG,195.0,-15.563,67.1,11.943,0.09,1.32,0.01
ATOM,2890.0,HD2,ARG,195.0,-17.235,67.673,10.536,0.09,1.32,0.0
ATOM,2891.0,HD3,ARG,195.0,-16.25,67.608,9.235,0.09,1.32,1.66
ATOM,2892.0,HE,ARG,195.0,-16.065,65.145,9.798,0.44,0.2245,12.19
ATOM,2893.0,HH11,ARG,195.0,-18.915,67.168,10.204,0.46,0.2245,0.0
ATOM,2894.0,HH12,ARG,195.0,-20.009,65.835,10.086,0.46,0.2245,0.25
ATOM,2895.0,HH21,ARG,195.0,-17.528,63.445,9.524,0.46,0.2245,18.49
ATOM,2896.0,HH22,ARG,195.0,-19.229,63.726,9.7,0.46,0.2245,14.25
ATOM,2897.0,N,LYS,196.0,-13.876,71.095,8.964,-0.47,1.85,0.0
ATOM,2898.0,CA,LYS,196.0,-13.572,72.51,8.796,0.07,2.275,0.02
ATOM,2899.0,C,LYS,196.0,-13.95,73.296,10.046,0.51,2.0,0.0
ATOM,2900.0,O,LYS,196.0,-14.963,73.01,10.685,-0.51,1.7,1.83
ATOM,2901.0,CB,LYS,196.0,-14.32,73.05,7.578,-0.18,2.175,0.0
ATOM,2902.0,CG,LYS,196.0,-14.01,72.279,6.318,-0.18,2.175,0.23
ATOM,2903.0,CD,LYS,196.0,-14.84,72.736,5.142,-0.18,2.175,4.78
ATOM,2904.0,CE,LYS,196.0,-14.669,71.769,3.977,0.21,2.175,11.85
ATOM,2905.0,NZ,LYS,196.0,-13.231,71.488,3.697,-0.3,1.85,13.61
ATOM,2906.0,H,LYS,196.0,-14.611,70.599,8.414,0.31,0.2245,0.0
ATOM,2907.0,HA,LYS,196.0,-12.584,72.616,8.636,0.09,1.32,5.49
ATOM,2908.0,HB2,LYS,196.0,-15.294,72.986,7.759,0.09,1.32,0.0
ATOM,2909.0,HB3,LYS,196.0,-14.053,73.998,7.446,0.09,1.32,0.0
ATOM,2910.0,HG2,LYS,196.0,-13.035,72.395,6.093,0.09,1.32,5.06
ATOM,2911.0,HG3,LYS,196.0,-14.184,71.301,6.479,0.09,1.32,1.61
ATOM,2912.0,HD2,LYS,196.0,-15.795,72.749,5.401,0.09,1.32,0.0
ATOM,2913.0,HD3,LYS,196.0,-14.535,73.631,4.853,0.09,1.32,3.69
ATOM,2914.0,HE2,LYS,196.0,-15.135,70.909,4.198,0.05,1.32,5.39
ATOM,2915.0,HE3,LYS,196.0,-15.091,72.168,3.159,0.05,1.32,10.29
ATOM,2916.0,HZ1,LYS,196.0,-13.158,70.943,2.863,0.33,0.2245,20.74
ATOM,2917.0,HZ2,LYS,196.0,-12.743,72.352,3.578,0.33,0.2245,16.27
ATOM,2918.0,HZ3,LYS,196.0,-12.838,70.983,4.464,0.33,0.2245,9.6
ATOM,2919.0,N,HIS,197.0,-13.127,74.286,10.386,-0.47,1.85,0.0
ATOM,2920.0,CA,HIS,197.0,-13.357,75.101,11.572,0.07,2.275,0.0
ATOM,2921.0,C,HIS,197.0,-12.945,76.559,11.38,0.51,2.0,0.0
ATOM,2922.0,O,HIS,197.0,-12.486,76.952,10.306,-0.51,1.7,0.01
ATOM,2923.0,CB,HIS,197.0,-12.587,74.526,12.754,-0.09,2.175,0.21
ATOM,2924.0,CG,HIS,197.0,-11.127,74.349,12.489,-0.05,1.8,0.0
ATOM,2925.0,H,HIS,197.0,-12.323,74.423,9.743,0.31,0.2245,0.65
ATOM,2926.0,HA,HIS,197.0,-14.348,75.081,11.787,0.09,1.32,0.0
ATOM,2927.0,HB2,HIS,197.0,-12.692,75.139,13.545,0.09,1.32,0.0
ATOM,2928.0,HB3,HIS,197.0,-12.975,73.629,12.994,0.09,1.32,2.11
ATOM,2929.0,ND1,HIS,197.0,-10.57,73.129,12.17,-0.36,1.85,0.48
ATOM,2930.0,CD2,HIS,197.0,-10.107,75.237,12.501,0.22,1.8,0.49
ATOM,2931.0,CE1,HIS,197.0,-9.268,73.272,12.002,0.25,1.8,8.59
ATOM,2932.0,NE2,HIS,197.0,-8.961,74.542,12.199,-0.7,1.85,4.85
ATOM,2933.0,HD1,HIS,197.0,-11.076,72.271,12.08,0.32,0.2245,0.59
ATOM,2934.0,HD2,HIS,197.0,-10.171,76.212,12.693,0.1,1.468,0.0
ATOM,2935.0,HE1,HIS,197.0,-8.626,72.548,11.768,0.13,0.9,2.42
ATOM,2936.0,N,THR,198.0,-13.091,77.343,12.447,-0.47,1.85,0.0
ATOM,2937.0,CA,THR,198.0,-12.769,78.767,12.453,0.07,2.275,0.0
ATOM,2938.0,C,THR,198.0,-12.871,79.465,11.09,0.51,2.0,0.0
ATOM,2939.0,O,THR,198.0,-13.942,79.528,10.494,-0.51,1.7,0.0
ATOM,2940.0,CB,THR,198.0,-11.36,79.041,13.065,0.14,2.275,0.0
ATOM,2941.0,OG1,THR,198.0,-10.344,78.403,12.283,-0.66,1.77,0.26
ATOM,2942.0,CG2,THR,198.0,-11.299,78.546,14.489,-0.27,2.06,0.39
ATOM,2943.0,H,THR,198.0,-13.462,76.843,13.294,0.31,0.2245,0.0
ATOM,2944.0,HA,THR,198.0,-13.412,79.238,13.094,0.09,1.32,0.0
ATOM,2945.0,HB,THR,198.0,-11.195,80.049,13.049,0.09,1.32,0.0
ATOM,2946.0,HG21,THR,198.0,-11.764,79.193,15.101,0.09,1.32,0.0
ATOM,2947.0,HG22,THR,198.0,-11.749,77.651,14.564,0.09,1.32,0.0
ATOM,2948.0,HG23,THR,198.0,-10.343,78.453,14.783,0.09,1.32,2.38
ATOM,2949.0,HG1,THR,198.0,-9.521,78.979,12.241,0.43,0.2245,0.0
ATOM,2950.0,N,SER,199.0,-11.749,79.978,10.602,-0.47,1.85,0.0
ATOM,2951.0,CA,SER,199.0,-11.701,80.698,9.34,0.07,2.275,0.05
ATOM,2952.0,C,SER,199.0,-12.272,80.012,8.109,0.51,2.0,0.0
ATOM,2953.0,O,SER,199.0,-12.44,80.658,7.08,-0.51,1.7,21.98
ATOM,2954.0,CB,SER,199.0,-10.263,81.106,9.043,0.05,2.175,12.28
ATOM,2955.0,OG,SER,199.0,-9.447,79.965,8.946,-0.66,1.77,6.83
ATOM,2956.0,H,SER,199.0,-10.906,79.82,11.202,0.31,0.2245,0.0
ATOM,2957.0,HA,SER,199.0,-12.22,81.585,9.468,0.09,1.32,0.0
ATOM,2958.0,HB2,SER,199.0,-10.241,81.6,8.181,0.09,1.32,8.15
ATOM,2959.0,HB3,SER,199.0,-9.935,81.682,9.783,0.09,1.32,0.0
ATOM,2960.0,HG,SER,199.0,-8.57,80.137,9.397,0.43,0.2245,0.07
ATOM,2961.0,N,ASP,200.0,-12.562,78.72,8.185,-0.47,1.85,0.0
ATOM,2962.0,CA,ASP,200.0,-13.109,78.016,7.022,0.07,2.275,2.81
ATOM,2963.0,C,ASP,200.0,-14.583,77.671,7.168,0.51,2.0,1.64
ATOM,2964.0,O,ASP,200.0,-15.045,76.729,6.545,-0.51,1.7,7.95
ATOM,2965.0,CB,ASP,200.0,-12.332,76.719,6.746,-0.28,2.175,2.98
ATOM,2966.0,CG,ASP,200.0,-10.892,76.97,6.303,0.62,2.0,3.21
ATOM,2967.0,OD1,ASP,200.0,-10.69,77.554,5.22,-0.76,1.7,38.43
ATOM,2968.0,OD2,ASP,200.0,-9.957,76.577,7.035,-0.76,1.7,31.67
ATOM,2969.0,H,ASP,200.0,-12.378,78.272,9.092,0.31,0.2245,0.0
ATOM,2970.0,HA,ASP,200.0,-13.027,78.646,6.23,0.09,1.32,4.34
ATOM,2971.0,HB2,ASP,200.0,-12.317,76.186,7.584,0.09,1.32,0.0
ATOM,2972.0,HB3,ASP,200.0,-12.804,76.226,6.026,0.09,1.32,2.55
ATOM,2973.0,N,THR,201.0,-15.319,78.411,7.989,-0.47,1.85,0.0
ATOM,2974.0,CA,THR,201.0,-16.744,78.138,8.16,0.07,2.275,0.0
ATOM,2975.0,C,THR,201.0,-17.545,79.271,7.546,0.51,2.0,1.72
ATOM,2976.0,O,THR,201.0,-17.075,80.4,7.456,-0.51,1.7,10.21
ATOM,2977.0,CB,THR,201.0,-17.157,78.012,9.652,0.14,2.275,0.0
ATOM,2978.0,OG1,THR,201.0,-17.231,79.313,10.251,-0.66,1.77,0.0
ATOM,2979.0,CG2,THR,201.0,-16.145,77.178,10.414,-0.27,2.06,0.0
ATOM,2980.0,H,THR,201.0,-14.816,79.167,8.477,0.31,0.2245,0.0
ATOM,2981.0,HA,THR,201.0,-16.966,77.291,7.676,0.09,1.32,0.0
ATOM,2982.0,HB,THR,201.0,-18.083,77.585,9.696,0.09,1.32,0.0
ATOM,2983.0,HG21,THR,201.0,-16.482,76.994,11.341,0.09,1.32,0.0
ATOM,2984.0,HG22,THR,201.0,-15.995,76.305,9.942,0.09,1.32,0.0
ATOM,2985.0,HG23,THR,201.0,-15.273,77.67,10.475,0.09,1.32,0.0
ATOM,2986.0,HG1,THR,201.0,-17.299,79.233,11.251,0.43,0.2245,0.0
ATOM,2987.0,N,PRO,202.0,-18.769,78.983,7.104,-0.29,1.85,0.8
ATOM,2988.0,CA,PRO,202.0,-19.573,80.049,6.507,0.02,2.275,3.69
ATOM,2989.0,C,PRO,202.0,-20.124,80.977,7.587,0.51,2.0,0.0
ATOM,2990.0,O,PRO,202.0,-20.422,82.14,7.324,-0.51,1.7,15.0
ATOM,2991.0,CB,PRO,202.0,-20.672,79.28,5.794,-0.18,2.175,17.17
ATOM,2992.0,CG,PRO,202.0,-20.891,78.118,6.719,-0.18,2.175,1.11
ATOM,2993.0,CD,PRO,202.0,-19.495,77.7,7.099,0.0,2.175,1.19
ATOM,2994.0,HA,PRO,202.0,-19.038,80.567,5.832,0.09,1.32,9.92
ATOM,2995.0,HB2,PRO,202.0,-21.498,79.826,5.713,0.09,1.32,0.33
ATOM,2996.0,HB3,PRO,202.0,-20.372,78.968,4.9,0.09,1.32,11.52
ATOM,2997.0,HG2,PRO,202.0,-21.411,78.403,7.521,0.09,1.32,0.0
ATOM,2998.0,HG3,PRO,202.0,-21.37,77.382,6.247,0.09,1.32,6.44
ATOM,2999.0,HD2,PRO,202.0,-19.472,77.281,8.003,0.09,1.32,0.0
ATOM,3000.0,HD3,PRO,202.0,-19.103,77.078,6.425,0.09,1.32,0.21
ATOM,3001.0,N,PHE,203.0,-20.228,80.449,8.806,-0.47,1.85,0.0
ATOM,3002.0,CA,PHE,203.0,-20.767,81.175,9.955,0.07,2.275,0.0
ATOM,3003.0,C,PHE,203.0,-19.936,82.362,10.419,0.51,2.0,0.0
ATOM,3004.0,O,PHE,203.0,-18.727,82.255,10.597,-0.51,1.7,0.0
ATOM,3005.0,CB,PHE,203.0,-20.952,80.208,11.118,-0.18,2.175,0.0
ATOM,3006.0,CG,PHE,203.0,-21.585,78.915,10.718,0.0,1.9924,0.0
ATOM,3007.0,CD1,PHE,203.0,-22.918,78.869,10.324,-0.115,1.9924,0.0
ATOM,3008.0,CD2,PHE,203.0,-20.832,77.747,10.685,-0.115,1.9924,0.0
ATOM,3009.0,CE1,PHE,203.0,-23.495,77.674,9.897,-0.115,1.9924,0.0
ATOM,3010.0,CE2,PHE,203.0,-21.398,76.548,10.259,-0.115,1.9924,0.0
ATOM,3011.0,CZ,PHE,203.0,-22.732,76.509,9.864,-0.115,1.9924,0.0
ATOM,3012.0,H,PHE,203.0,-19.887,79.458,8.872,0.31,0.2245,0.0
ATOM,3013.0,HA,PHE,203.0,-21.674,81.547,9.666,0.09,1.32,0.0
ATOM,3014.0,HB2,PHE,203.0,-20.059,80.011,11.494,0.09,1.32,0.0
ATOM,3015.0,HB3,PHE,203.0,-21.536,80.644,11.785,0.09,1.32,0.25
ATOM,3016.0,HD1,PHE,203.0,-23.471,79.696,10.344,0.115,1.3582,0.0
ATOM,3017.0,HD2,PHE,203.0,-19.874,77.767,10.969,0.115,1.3582,0.0
ATOM,3018.0,HE1,PHE,203.0,-24.459,77.66,9.617,0.115,1.3582,0.0
ATOM,3019.0,HE2,PHE,203.0,-20.835,75.708,10.24,0.115,1.3582,0.0
ATOM,3020.0,HZ,PHE,203.0,-23.143,75.654,9.558,0.115,1.3582,0.0
ATOM,3021.0,N,ASP,204.0,-20.607,83.493,10.616,-0.47,1.85,0.0
ATOM,3022.0,CA,ASP,204.0,-19.954,84.715,11.076,0.07,2.275,0.0
ATOM,3023.0,C,ASP,204.0,-20.953,85.511,11.888,0.51,2.0,0.0
ATOM,3024.0,O,ASP,204.0,-21.89,86.071,11.329,-0.51,1.7,10.05
ATOM,3025.0,CB,ASP,204.0,-19.481,85.559,9.897,-0.28,2.175,10.13
ATOM,3026.0,CG,ASP,204.0,-18.742,86.804,10.342,0.62,2.0,2.73
ATOM,3027.0,OD1,ASP,204.0,-17.766,86.67,11.112,-0.76,1.7,5.17
ATOM,3028.0,OD2,ASP,204.0,-19.133,87.918,9.926,-0.76,1.7,24.13
ATOM,3029.0,H,ASP,204.0,-21.628,83.432,10.416,0.31,0.2245,5.46
ATOM,3030.0,HA,ASP,204.0,-19.218,84.442,11.693,0.09,1.32,0.0
ATOM,3031.0,HB2,ASP,204.0,-18.87,85.005,9.346,0.09,1.32,0.9
ATOM,3032.0,HB3,ASP,204.0,-20.277,85.83,9.372,0.09,1.32,7.63
ATOM,3033.0,N,VAL,205.0,-20.74,85.562,13.201,-0.47,1.85,0.0
ATOM,3034.0,CA,VAL,205.0,-21.644,86.267,14.111,0.07,2.275,0.0
ATOM,3035.0,C,VAL,205.0,-21.347,87.758,14.322,0.51,2.0,0.0
ATOM,3036.0,O,VAL,205.0,-21.938,88.398,15.198,-0.51,1.7,0.0
ATOM,3037.0,CB,VAL,205.0,-21.693,85.568,15.504,-0.09,2.275,0.0
ATOM,3038.0,CG1,VAL,205.0,-22.42,84.236,15.397,-0.27,2.06,0.24
ATOM,3039.0,CG2,VAL,205.0,-20.283,85.359,16.035,-0.27,2.06,0.0
ATOM,3040.0,H,VAL,205.0,-19.885,85.063,13.522,0.31,0.2245,0.0
ATOM,3041.0,HA,VAL,205.0,-22.592,86.194,13.729,0.09,1.32,0.0
ATOM,3042.0,HB,VAL,205.0,-22.226,86.149,16.106,0.09,1.32,0.0
ATOM,3043.0,HG11,VAL,205.0,-23.376,84.354,15.665,0.09,1.32,0.0
ATOM,3044.0,HG12,VAL,205.0,-22.378,83.907,14.454,0.09,1.32,0.86
ATOM,3045.0,HG13,VAL,205.0,-21.985,83.568,16.001,0.09,1.32,0.0
ATOM,3046.0,HG21,VAL,205.0,-19.814,86.241,16.085,0.09,1.32,0.0
ATOM,3047.0,HG22,VAL,205.0,-20.33,84.952,16.947,0.09,1.32,0.0
ATOM,3048.0,HG23,VAL,205.0,-19.785,84.748,15.419,0.09,1.32,0.0
ATOM,3049.0,N,SER,206.0,-20.448,88.311,13.515,-0.47,1.85,0.0
ATOM,3050.0,CA,SER,206.0,-20.093,89.719,13.626,0.07,2.275,0.76
ATOM,3051.0,C,SER,206.0,-21.276,90.653,13.88,0.51,2.0,0.0
ATOM,3052.0,O,SER,206.0,-21.233,91.486,14.784,-0.51,1.7,14.7
ATOM,3053.0,CB,SER,206.0,-19.362,90.181,12.365,0.05,2.175,13.78
ATOM,3054.0,OG,SER,206.0,-18.055,89.651,12.302,-0.66,1.77,19.63
ATOM,3055.0,H,SER,206.0,-20.032,87.667,12.817,0.31,0.2245,0.0
ATOM,3056.0,HA,SER,206.0,-19.449,89.819,14.411,0.09,1.32,1.84
ATOM,3057.0,HB2,SER,206.0,-19.877,89.876,11.567,0.09,1.32,0.87
ATOM,3058.0,HB3,SER,206.0,-19.31,91.178,12.373,0.09,1.32,6.89
ATOM,3059.0,HG,SER,206.0,-18.082,88.737,11.896,0.43,0.2245,0.06
ATOM,3060.0,N,LYS,207.0,-22.336,90.508,13.091,-0.47,1.85,0.0
ATOM,3061.0,CA,LYS,207.0,-23.511,91.374,13.213,0.07,2.275,0.89
ATOM,3062.0,C,LYS,207.0,-24.688,90.819,14.017,0.51,2.0,0.35
ATOM,3063.0,O,LYS,207.0,-25.685,91.516,14.207,-0.51,1.7,14.52
ATOM,3064.0,CB,LYS,207.0,-24.021,91.76,11.819,-0.18,2.175,11.15
ATOM,3065.0,CG,LYS,207.0,-23.007,92.465,10.914,-0.18,2.175,11.39
ATOM,3066.0,CD,LYS,207.0,-22.902,93.943,11.222,-0.18,2.175,9.29
ATOM,3067.0,CE,LYS,207.0,-22.085,94.657,10.163,0.21,2.175,19.37
ATOM,3068.0,NZ,LYS,207.0,-22.128,96.134,10.333,-0.3,1.85,14.17
ATOM,3069.0,H,LYS,207.0,-22.262,89.743,12.394,0.31,0.2245,1.64
ATOM,3070.0,HA,LYS,207.0,-23.215,92.259,13.648,0.09,1.32,3.81
ATOM,3071.0,HB2,LYS,207.0,-24.322,90.923,11.354,0.09,1.32,8.71
ATOM,3072.0,HB3,LYS,207.0,-24.811,92.369,11.934,0.09,1.32,5.6
ATOM,3073.0,HG2,LYS,207.0,-22.11,92.037,11.045,0.09,1.32,0.0
ATOM,3074.0,HG3,LYS,207.0,-23.291,92.347,9.961,0.09,1.32,9.34
ATOM,3075.0,HD2,LYS,207.0,-23.814,94.336,11.238,0.09,1.32,7.97
ATOM,3076.0,HD3,LYS,207.0,-22.455,94.061,12.101,0.09,1.32,6.34
ATOM,3077.0,HE2,LYS,207.0,-21.132,94.347,10.222,0.05,1.32,9.36
ATOM,3078.0,HE3,LYS,207.0,-22.446,94.42,9.256,0.05,1.32,10.14
ATOM,3079.0,HZ1,LYS,207.0,-22.096,96.573,9.435,0.33,0.2245,20.68
ATOM,3080.0,HZ2,LYS,207.0,-22.974,96.39,10.8,0.33,0.2245,15.57
ATOM,3081.0,HZ3,LYS,207.0,-21.343,96.429,10.878,0.33,0.2245,19.91
ATOM,3082.0,N,LEU,208.0,-24.6,89.573,14.472,-0.47,1.85,0.12
ATOM,3083.0,CA,LEU,208.0,-25.702,89.01,15.244,0.07,2.275,0.56
ATOM,3084.0,C,LEU,208.0,-25.685,89.533,16.666,0.51,2.0,0.0
ATOM,3085.0,O,LEU,208.0,-24.626,89.84,17.206,-0.51,1.7,0.0
ATOM,3086.0,CB,LEU,208.0,-25.627,87.487,15.308,-0.18,2.175,0.07
ATOM,3087.0,CG,LEU,208.0,-25.908,86.649,14.072,-0.09,2.275,2.91
ATOM,3088.0,CD1,LEU,208.0,-24.647,86.504,13.259,-0.27,2.06,8.58
ATOM,3089.0,CD2,LEU,208.0,-26.405,85.287,14.512,-0.27,2.06,6.21
ATOM,3090.0,H,LEU,208.0,-23.737,89.073,14.244,0.31,0.2245,0.0
ATOM,3091.0,HA,LEU,208.0,-26.568,89.285,14.811,0.09,1.32,5.32
ATOM,3092.0,HB2,LEU,208.0,-24.692,87.243,15.627,0.09,1.32,0.0
ATOM,3093.0,HB3,LEU,208.0,-26.274,87.182,16.029,0.09,1.32,0.0
ATOM,3094.0,HG,LEU,208.0,-26.611,87.101,13.525,0.09,1.32,10.02
ATOM,3095.0,HD11,LEU,208.0,-23.937,86.054,13.807,0.09,1.32,0.0
ATOM,3096.0,HD12,LEU,208.0,-24.829,85.951,12.442,0.09,1.32,5.13
ATOM,3097.0,HD13,LEU,208.0,-24.318,87.408,12.975,0.09,1.32,0.0
ATOM,3098.0,HD21,LEU,208.0,-27.245,85.391,15.049,0.09,1.32,0.12
ATOM,3099.0,HD22,LEU,208.0,-26.595,84.721,13.708,0.09,1.32,0.0
ATOM,3100.0,HD23,LEU,208.0,-25.708,84.838,15.074,0.09,1.32,0.0
ATOM,3101.0,N,ASN,209.0,-26.862,89.623,17.274,-0.47,1.85,0.0
ATOM,3102.0,CA,ASN,209.0,-26.97,90.085,18.651,0.07,2.275,1.4
ATOM,3103.0,C,ASN,209.0,-27.679,89.009,19.45,0.51,2.0,0.0
ATOM,3104.0,O,ASN,209.0,-27.801,89.099,20.668,-0.51,1.7,10.73
ATOM,3105.0,CB,ASN,209.0,-27.74,91.408,18.729,-0.18,2.175,13.74
ATOM,3106.0,CG,ASN,209.0,-26.96,92.574,18.137,0.55,2.0,2.27
ATOM,3107.0,H,ASN,209.0,-27.676,89.343,16.697,0.31,0.2245,5.41
ATOM,3108.0,HA,ASN,209.0,-26.044,90.16,19.012,0.09,1.32,0.82
ATOM,3109.0,HB2,ASN,209.0,-28.591,91.308,18.223,0.09,1.32,3.81
ATOM,3110.0,HB3,ASN,209.0,-27.928,91.606,19.686,0.09,1.32,8.44
ATOM,3111.0,OD1,ASN,209.0,-25.824,92.843,18.537,-0.55,1.7,23.99
ATOM,3112.0,ND2,ASN,209.0,-27.57,93.273,17.182,-0.62,1.85,17.93
ATOM,3113.0,HD22,ASN,209.0,-28.496,93.02,16.898,0.3,0.2245,17.01
ATOM,3114.0,HD21,ASN,209.0,-27.107,94.045,16.752,0.32,0.2245,19.53
ATOM,3115.0,N,GLU,210.0,-28.14,87.984,18.748,-0.47,1.85,0.0
ATOM,3116.0,CA,GLU,210.0,-28.815,86.865,19.382,0.07,2.275,0.01
ATOM,3117.0,C,GLU,210.0,-28.809,85.689,18.425,0.51,2.0,0.0
ATOM,3118.0,O,GLU,210.0,-28.648,85.863,17.215,-0.51,1.7,5.48
ATOM,3119.0,CB,GLU,210.0,-30.251,87.234,19.747,-0.18,2.175,7.34
ATOM,3120.0,CG,GLU,210.0,-31.104,87.669,18.57,-0.28,2.175,10.9
ATOM,3121.0,CD,GLU,210.0,-32.58,87.796,18.929,0.62,2.0,5.62
ATOM,3122.0,OE1,GLU,210.0,-32.973,87.366,20.038,-0.76,1.7,24.78
ATOM,3123.0,OE2,GLU,210.0,-33.352,88.314,18.092,-0.76,1.7,48.21
ATOM,3124.0,H,GLU,210.0,-27.979,88.05,17.722,0.31,0.2245,0.0
ATOM,3125.0,HA,GLU,210.0,-28.341,86.615,20.226,0.09,1.32,0.58
ATOM,3126.0,HB2,GLU,210.0,-30.674,86.436,20.144,0.09,1.32,0.2
ATOM,3127.0,HB3,GLU,210.0,-30.216,87.985,20.385,0.09,1.32,5.75
ATOM,3128.0,HG2,GLU,210.0,-30.797,88.553,18.273,0.09,1.32,3.19
ATOM,3129.0,HG3,GLU,210.0,-31.032,86.991,17.864,0.09,1.32,3.81
ATOM,3130.0,N,LEU,211.0,-28.985,84.491,18.971,-0.47,1.85,0.0
ATOM,3131.0,CA,LEU,211.0,-28.982,83.276,18.17,0.07,2.275,0.17
ATOM,3132.0,C,LEU,211.0,-30.332,82.602,18.221,0.51,2.0,1.12
ATOM,3133.0,O,LEU,211.0,-31.104,82.811,19.154,-0.51,1.7,0.99
ATOM,3134.0,CB,LEU,211.0,-27.929,82.296,18.69,-0.18,2.175,0.0
ATOM,3135.0,CG,LEU,211.0,-26.506,82.831,18.887,-0.09,2.275,0.0
ATOM,3136.0,CD1,LEU,211.0,-25.662,81.754,19.539,-0.27,2.06,0.0
ATOM,3137.0,CD2,LEU,211.0,-25.898,83.254,17.567,-0.27,2.06,0.0
ATOM,3138.0,H,LEU,211.0,-29.122,84.498,20.002,0.31,0.2245,1.48
ATOM,3139.0,HA,LEU,211.0,-28.78,83.524,17.215,0.09,1.32,0.0
ATOM,3140.0,HB2,LEU,211.0,-28.241,81.954,19.578,0.09,1.32,0.0
ATOM,3141.0,HB3,LEU,211.0,-27.872,81.536,18.043,0.09,1.32,0.0
ATOM,3142.0,HG,LEU,211.0,-26.541,83.631,19.474,0.09,1.32,0.0
ATOM,3143.0,HD11,LEU,211.0,-25.638,80.943,18.953,0.09,1.32,0.0
ATOM,3144.0,HD12,LEU,211.0,-24.729,82.092,19.673,0.09,1.32,0.0
ATOM,3145.0,HD13,LEU,211.0,-26.055,81.508,20.427,0.09,1.32,0.0
ATOM,3146.0,HD21,LEU,211.0,-26.456,83.976,17.153,0.09,1.32,0.0
ATOM,3147.0,HD22,LEU,211.0,-24.97,83.6,17.717,0.09,1.32,0.0
ATOM,3148.0,HD23,LEU,211.0,-25.86,82.47,16.945,0.09,1.32,0.0
ATOM,3149.0,N,PRO,212.0,-30.632,81.775,17.208,-0.29,1.85,0.57
ATOM,3150.0,CA,PRO,212.0,-31.898,81.044,17.119,0.02,2.275,1.45
ATOM,3151.0,C,PRO,212.0,-32.238,80.325,18.415,0.51,2.0,0.0
ATOM,3152.0,O,PRO,212.0,-31.428,80.28,19.33,-0.51,1.7,0.0
ATOM,3153.0,CB,PRO,212.0,-31.654,80.085,15.961,-0.18,2.175,0.06
ATOM,3154.0,CG,PRO,212.0,-30.809,80.924,15.035,-0.18,2.175,1.94
ATOM,3155.0,CD,PRO,212.0,-29.822,81.572,15.989,0.0,2.175,2.29
ATOM,3156.0,HA,PRO,212.0,-32.649,81.666,16.846,0.09,1.32,5.98
ATOM,3157.0,HB2,PRO,212.0,-31.154,79.282,16.259,0.09,1.32,0.0
ATOM,3158.0,HB3,PRO,212.0,-32.505,79.828,15.522,0.09,1.32,0.0
ATOM,3159.0,HG2,PRO,212.0,-30.341,80.352,14.377,0.09,1.32,0.0
ATOM,3160.0,HG3,PRO,212.0,-31.364,81.607,14.582,0.09,1.32,10.44
ATOM,3161.0,HD2,PRO,212.0,-29.052,80.969,16.175,0.09,1.32,0.0
ATOM,3162.0,HD3,PRO,212.0,-29.496,82.444,15.634,0.09,1.32,1.51
ATOM,3163.0,N,LYS,213.0,-33.443,79.771,18.483,-0.47,1.85,0.0
ATOM,3164.0,CA,LYS,213.0,-33.903,79.063,19.668,0.07,2.275,0.0
ATOM,3165.0,C,LYS,213.0,-33.901,77.562,19.467,0.51,2.0,0.0
ATOM,3166.0,O,LYS,213.0,-34.693,77.026,18.697,-0.51,1.7,0.0
ATOM,3167.0,CB,LYS,213.0,-35.314,79.516,20.042,-0.18,2.175,0.0
ATOM,3168.0,CG,LYS,213.0,-35.397,80.979,20.456,-0.18,2.175,8.11
ATOM,3169.0,CD,LYS,213.0,-34.67,81.229,21.768,-0.18,2.175,8.77
ATOM,3170.0,CE,LYS,213.0,-34.478,82.714,22.035,0.21,2.175,22.04
ATOM,3171.0,NZ,LYS,213.0,-33.558,83.335,21.039,-0.3,1.85,0.38
ATOM,3172.0,H,LYS,213.0,-34.022,79.887,17.624,0.31,0.2245,0.0
ATOM,3173.0,HA,LYS,213.0,-33.289,79.289,20.441,0.09,1.32,0.24
ATOM,3174.0,HB2,LYS,213.0,-35.906,79.381,19.252,0.09,1.32,0.0
ATOM,3175.0,HB3,LYS,213.0,-35.63,78.956,20.804,0.09,1.32,0.0
ATOM,3176.0,HG2,LYS,213.0,-34.981,81.543,19.743,0.09,1.32,1.08
ATOM,3177.0,HG3,LYS,213.0,-36.358,81.234,20.564,0.09,1.32,8.03
ATOM,3178.0,HD2,LYS,213.0,-35.206,80.84,22.512,0.09,1.32,2.65
ATOM,3179.0,HD3,LYS,213.0,-33.774,80.796,21.728,0.09,1.32,2.36
ATOM,3180.0,HE2,LYS,213.0,-35.369,83.171,21.989,0.05,1.32,10.45
ATOM,3181.0,HE3,LYS,213.0,-34.096,82.833,22.954,0.05,1.32,11.78
ATOM,3182.0,HZ1,LYS,213.0,-32.828,83.819,21.52,0.33,0.2245,7.93
ATOM,3183.0,HZ2,LYS,213.0,-33.164,82.62,20.463,0.33,0.2245,0.0
ATOM,3184.0,HZ3,LYS,213.0,-34.071,83.978,20.472,0.33,0.2245,9.88
ATOM,3185.0,N,VAL,214.0,-33.002,76.888,20.173,-0.47,1.85,0.0
ATOM,3186.0,CA,VAL,214.0,-32.894,75.44,20.098,0.07,2.275,0.0
ATOM,3187.0,C,VAL,214.0,-33.007,74.833,21.501,0.51,2.0,0.0
ATOM,3188.0,O,VAL,214.0,-32.392,75.312,22.454,-0.51,1.7,5.96
ATOM,3189.0,CB,VAL,214.0,-31.547,75.019,19.456,-0.09,2.275,0.0
ATOM,3190.0,CG1,VAL,214.0,-31.378,73.504,19.526,-0.27,2.06,0.0
ATOM,3191.0,CG2,VAL,214.0,-31.5,75.482,18.012,-0.27,2.06,0.0
ATOM,3192.0,H,VAL,214.0,-32.391,77.478,20.775,0.31,0.2245,1.12
ATOM,3193.0,HA,VAL,214.0,-33.66,75.092,19.553,0.09,1.32,0.0
ATOM,3194.0,HB,VAL,214.0,-30.819,75.419,19.999,0.09,1.32,0.0
ATOM,3195.0,HG11,VAL,214.0,-32.224,73.062,19.232,0.09,1.32,0.0
ATOM,3196.0,HG12,VAL,214.0,-30.63,73.225,18.925,0.09,1.32,0.0
ATOM,3197.0,HG13,VAL,214.0,-31.17,73.236,20.466,0.09,1.32,0.0
ATOM,3198.0,HG21,VAL,214.0,-31.268,74.708,17.422,0.09,1.32,0.0
ATOM,3199.0,HG22,VAL,214.0,-32.394,75.846,17.75,0.09,1.32,0.0
ATOM,3200.0,HG23,VAL,214.0,-30.806,76.196,17.914,0.09,1.32,0.0
ATOM,3201.0,N,GLY,215.0,-33.811,73.781,21.608,-0.47,1.85,0.0
ATOM,3202.0,CA,GLY,215.0,-34.001,73.1,22.874,-0.02,2.175,3.67
ATOM,3203.0,C,GLY,215.0,-33.646,71.624,22.766,0.51,2.0,0.0
ATOM,3204.0,O,GLY,215.0,-33.588,71.073,21.669,-0.51,1.7,0.0
ATOM,3205.0,H,GLY,215.0,-34.279,73.499,20.725,0.31,0.2245,0.0
ATOM,3206.0,HA2,GLY,215.0,-33.422,73.529,23.58,0.09,1.32,5.21
ATOM,3207.0,HA3,GLY,215.0,-34.963,73.189,23.166,0.09,1.32,0.0
ATOM,3208.0,N,ILE,216.0,-33.421,70.976,23.902,-0.47,1.85,0.09
ATOM,3209.0,CA,ILE,216.0,-33.049,69.57,23.914,0.07,2.275,0.0
ATOM,3210.0,C,ILE,216.0,-34.032,68.742,24.708,0.51,2.0,0.0
ATOM,3211.0,O,ILE,216.0,-34.227,68.944,25.903,-0.51,1.7,20.88
ATOM,3212.0,CB,ILE,216.0,-31.629,69.377,24.518,-0.09,2.275,0.49
ATOM,3213.0,CG1,ILE,216.0,-30.584,70.019,23.604,-0.18,2.175,1.12
ATOM,3214.0,CG2,ILE,216.0,-31.32,67.898,24.687,-0.27,2.06,9.72
ATOM,3215.0,CD1,ILE,216.0,-29.189,69.966,24.16,-0.27,2.06,6.14
ATOM,3216.0,H,ILE,216.0,-33.532,71.548,24.761,0.31,0.2245,10.12
ATOM,3217.0,HA,ILE,216.0,-33.107,69.255,22.957,0.09,1.32,0.0
ATOM,3218.0,HB,ILE,216.0,-31.609,69.844,25.391,0.09,1.32,7.21
ATOM,3219.0,HG12,ILE,216.0,-30.606,69.548,22.724,0.09,1.32,0.0
ATOM,3220.0,HG13,ILE,216.0,-30.842,70.974,23.462,0.09,1.32,0.12
ATOM,3221.0,HG21,ILE,216.0,-30.414,67.79,25.093,0.09,1.32,2.75
ATOM,3222.0,HG22,ILE,216.0,-32.003,67.48,25.284,0.09,1.32,0.82
ATOM,3223.0,HG23,ILE,216.0,-31.339,67.448,23.795,0.09,1.32,0.0
ATOM,3224.0,HD11,ILE,216.0,-28.918,69.013,24.299,0.09,1.32,0.0
ATOM,3225.0,HD12,ILE,216.0,-28.555,70.4,23.519,0.09,1.32,0.0
ATOM,3226.0,HD13,ILE,216.0,-29.157,70.45,25.035,0.09,1.32,10.64
ATOM,3227.0,N,VAL,217.0,-34.654,67.786,24.05,-0.47,1.85,0.0
ATOM,3228.0,CA,VAL,217.0,-35.606,66.941,24.75,0.07,2.275,0.0
ATOM,3229.0,C,VAL,217.0,-34.88,65.621,25.061,0.51,2.0,0.0
ATOM,3230.0,O,VAL,217.0,-33.957,65.245,24.331,-0.51,1.7,0.0
ATOM,3231.0,CB,VAL,217.0,-36.84,66.719,23.854,-0.09,2.275,0.0
ATOM,3232.0,CG1,VAL,217.0,-38.007,66.164,24.665,-0.27,2.06,0.57
ATOM,3233.0,CG2,VAL,217.0,-37.223,68.028,23.207,-0.27,2.06,0.0
ATOM,3234.0,H,VAL,217.0,-34.421,67.695,23.055,0.31,0.2245,0.0
ATOM,3235.0,HA,VAL,217.0,-35.837,67.367,25.613,0.09,1.32,1.58
ATOM,3236.0,HB,VAL,217.0,-36.603,66.028,23.177,0.09,1.32,0.0
ATOM,3237.0,HG11,VAL,217.0,-38.861,66.565,24.336,0.09,1.32,0.0
ATOM,3238.0,HG12,VAL,217.0,-38.042,65.171,24.56,0.09,1.32,0.0
ATOM,3239.0,HG13,VAL,217.0,-37.88,66.394,25.629,0.09,1.32,0.0
ATOM,3240.0,HG21,VAL,217.0,-36.434,68.404,22.717,0.09,1.32,0.0
ATOM,3241.0,HG22,VAL,217.0,-37.974,67.877,22.561,0.09,1.32,0.0
ATOM,3242.0,HG23,VAL,217.0,-37.517,68.678,23.911,0.09,1.32,0.15
ATOM,3243.0,N,TYR,218.0,-35.272,64.92,26.122,-0.47,1.85,0.57
ATOM,3244.0,CA,TYR,218.0,-34.588,63.669,26.463,0.07,2.275,0.0
ATOM,3245.0,C,TYR,218.0,-35.463,62.423,26.262,0.51,2.0,0.0
ATOM,3246.0,O,TYR,218.0,-36.687,62.49,26.413,-0.51,1.7,1.94
ATOM,3247.0,CB,TYR,218.0,-34.104,63.697,27.884,-0.18,2.175,11.69
ATOM,3248.0,CG,TYR,218.0,-32.964,62.781,28.266,0.0,1.9924,0.5
ATOM,3249.0,CD1,TYR,218.0,-31.65,63.055,27.88,-0.115,1.9924,8.7
ATOM,3250.0,CD2,TYR,218.0,-33.188,61.677,29.073,-0.115,1.9924,8.4
ATOM,3251.0,CE1,TYR,218.0,-30.59,62.258,28.309,-0.115,1.9924,10.71
ATOM,3252.0,CE2,TYR,218.0,-32.148,60.877,29.505,-0.115,1.9924,9.9
ATOM,3253.0,CZ,TYR,218.0,-30.847,61.175,29.127,0.11,1.9924,2.01
ATOM,3254.0,OH,TYR,218.0,-29.8,60.39,29.552,-0.54,1.77,25.69
ATOM,3255.0,H,TYR,218.0,-36.055,65.311,26.653,0.31,0.2245,5.9
ATOM,3256.0,HA,TYR,218.0,-33.777,63.578,25.86,0.09,1.32,0.0
ATOM,3257.0,HB2,TYR,218.0,-33.818,64.648,28.11,0.09,1.32,8.47
ATOM,3258.0,HB3,TYR,218.0,-34.887,63.476,28.497,0.09,1.32,2.05
ATOM,3259.0,HD1,TYR,218.0,-31.464,63.837,27.284,0.115,1.3582,2.37
ATOM,3260.0,HD2,TYR,218.0,-34.126,61.455,29.35,0.115,1.3582,0.09
ATOM,3261.0,HE1,TYR,218.0,-29.656,62.472,28.027,0.115,1.3582,8.87
ATOM,3262.0,HE2,TYR,218.0,-32.328,60.084,30.089,0.115,1.3582,9.28
ATOM,3263.0,HH,TYR,218.0,-29.161,60.258,28.796,0.43,0.2245,4.6
ATOM,3264.0,N,ASN,219.0,-34.832,61.293,25.927,-0.47,1.85,0.0
ATOM,3265.0,CA,ASN,219.0,-35.544,60.033,25.698,0.07,2.275,0.0
ATOM,3266.0,C,ASN,219.0,-35.209,58.905,26.678,0.51,2.0,0.0
ATOM,3267.0,O,ASN,219.0,-34.047,58.651,26.99,-0.51,1.7,0.0
ATOM,3268.0,CB,ASN,219.0,-35.299,59.538,24.273,-0.18,2.175,0.0
ATOM,3269.0,CG,ASN,219.0,-36.147,60.26,23.249,0.55,2.0,0.0
ATOM,3270.0,H,ASN,219.0,-33.798,61.386,25.844,0.31,0.2245,0.0
ATOM,3271.0,HA,ASN,219.0,-36.54,60.231,25.808,0.09,1.32,0.0
ATOM,3272.0,HB2,ASN,219.0,-34.338,59.683,24.051,0.09,1.32,0.0
ATOM,3273.0,HB3,ASN,219.0,-35.514,58.565,24.237,0.09,1.32,0.24
ATOM,3274.0,OD1,ASN,219.0,-37.259,59.832,22.928,-0.55,1.7,0.0
ATOM,3275.0,ND2,ASN,219.0,-35.63,61.373,22.733,-0.62,1.85,0.0
ATOM,3276.0,HD22,ASN,219.0,-34.725,61.683,23.024,0.3,0.2245,0.0
ATOM,3277.0,HD21,ASN,219.0,-36.145,61.897,22.056,0.32,0.2245,0.0
ATOM,3278.0,N,TYR,220.0,-36.251,58.226,27.151,-0.47,1.85,0.0
ATOM,3279.0,CA,TYR,220.0,-36.125,57.111,28.088,0.07,2.275,0.01
ATOM,3280.0,C,TYR,220.0,-37.374,56.282,27.964,0.51,2.0,0.9
ATOM,3281.0,O,TYR,220.0,-38.259,56.596,27.178,-0.51,1.7,2.11
ATOM,3282.0,CB,TYR,220.0,-35.974,57.59,29.538,-0.18,2.175,12.03
ATOM,3283.0,CG,TYR,220.0,-36.956,58.7,29.882,0.0,1.9924,0.28
ATOM,3284.0,CD1,TYR,220.0,-36.663,60.016,29.531,-0.115,1.9924,3.82
ATOM,3285.0,CD2,TYR,220.0,-38.168,58.433,30.5,-0.115,1.9924,9.36
ATOM,3286.0,CE1,TYR,220.0,-37.555,61.043,29.782,-0.115,1.9924,8.43
ATOM,3287.0,CE2,TYR,220.0,-39.074,59.451,30.757,-0.115,1.9924,11.03
ATOM,3288.0,CZ,TYR,220.0,-38.764,60.76,30.389,0.11,1.9924,2.01
ATOM,3289.0,OH,TYR,220.0,-39.648,61.776,30.643,-0.54,1.77,12.86
ATOM,3290.0,H,TYR,220.0,-37.178,58.561,26.792,0.31,0.2245,0.0
ATOM,3291.0,HA,TYR,220.0,-35.345,56.56,27.812,0.09,1.32,0.01
ATOM,3292.0,HB2,TYR,220.0,-36.148,56.825,30.14,0.09,1.32,3.9
ATOM,3293.0,HB3,TYR,220.0,-35.058,57.941,29.657,0.09,1.32,0.37
ATOM,3294.0,HD1,TYR,220.0,-35.786,60.222,29.088,0.115,1.3582,0.0
ATOM,3295.0,HD2,TYR,220.0,-38.393,57.497,30.763,0.115,1.3582,1.78
ATOM,3296.0,HE1,TYR,220.0,-37.328,61.984,29.525,0.115,1.3582,3.37
ATOM,3297.0,HE2,TYR,220.0,-39.945,59.253,31.203,0.115,1.3582,8.53
ATOM,3298.0,HH,TYR,220.0,-39.166,62.65,30.608,0.43,0.2245,14.95
ATOM,3299.0,N,ALA,221.0,-37.444,55.223,28.752,-0.47,1.85,2.7
ATOM,3300.0,CA,ALA,221.0,-38.595,54.351,28.722,0.07,2.275,2.79
ATOM,3301.0,C,ALA,221.0,-39.822,55.1,29.242,0.51,2.0,0.0
ATOM,3302.0,O,ALA,221.0,-39.756,55.792,30.262,-0.51,1.7,6.73
ATOM,3303.0,CB,ALA,221.0,-38.322,53.116,29.567,-0.27,2.06,40.12
ATOM,3304.0,H,ALA,221.0,-36.625,55.081,29.372,0.31,0.2245,3.48
ATOM,3305.0,HA,ALA,221.0,-38.775,54.07,27.776,0.09,1.32,5.67
ATOM,3306.0,HB1,ALA,221.0,-38.772,53.211,30.454,0.09,1.32,7.32
ATOM,3307.0,HB2,ALA,221.0,-38.677,52.306,29.1,0.09,1.32,11.81
ATOM,3308.0,HB3,ALA,221.0,-37.337,53.015,29.704,0.09,1.32,8.5
ATOM,3309.0,N,ASN,222.0,-40.935,54.981,28.522,-0.47,1.85,1.63
ATOM,3310.0,CA,ASN,222.0,-42.168,55.628,28.941,0.07,2.275,1.12
ATOM,3311.0,C,ASN,222.0,-41.998,57.145,28.949,0.51,2.0,0.0
ATOM,3312.0,O,ASN,222.0,-42.622,57.828,29.748,-0.51,1.7,6.08
ATOM,3313.0,CB,ASN,222.0,-42.51,55.146,30.347,-0.18,2.175,11.13
ATOM,3314.0,CG,ASN,222.0,-43.989,55.039,30.587,0.55,2.0,1.17
ATOM,3315.0,H,ASN,222.0,-40.845,54.406,27.668,0.31,0.2245,2.93
ATOM,3316.0,HA,ASN,222.0,-42.868,55.416,28.252,0.09,1.32,0.0
ATOM,3317.0,HB2,ASN,222.0,-42.095,54.246,30.479,0.09,1.32,5.57
ATOM,3318.0,HB3,ASN,222.0,-42.122,55.793,31.003,0.09,1.32,4.84
ATOM,3319.0,OD1,ASN,222.0,-44.525,53.935,30.716,-0.55,1.7,40.56
ATOM,3320.0,ND2,ASN,222.0,-44.662,56.183,30.659,-0.62,1.85,20.9
ATOM,3321.0,HD22,ASN,222.0,-44.18,57.053,30.549,0.3,0.2245,4.5
ATOM,3322.0,HD21,ASN,222.0,-45.648,56.176,30.822,0.32,0.2245,21.6
ATOM,3323.0,N,ALA,223.0,-41.157,57.667,28.064,-0.47,1.85,0.0
ATOM,3324.0,CA,ALA,223.0,-40.913,59.105,28.008,0.07,2.275,0.0
ATOM,3325.0,C,ALA,223.0,-42.167,59.941,27.746,0.51,2.0,0.0
ATOM,3326.0,O,ALA,223.0,-43.113,59.478,27.114,-0.51,1.7,3.02
ATOM,3327.0,CB,ALA,223.0,-39.865,59.405,26.949,-0.27,2.06,0.0
ATOM,3328.0,H,ALA,223.0,-40.701,56.983,27.434,0.31,0.2245,0.0
ATOM,3329.0,HA,ALA,223.0,-40.513,59.401,28.898,0.09,1.32,0.0
ATOM,3330.0,HB1,ALA,223.0,-40.128,58.974,26.086,0.09,1.32,0.0
ATOM,3331.0,HB2,ALA,223.0,-39.794,60.394,26.818,0.09,1.32,0.01
ATOM,3332.0,HB3,ALA,223.0,-38.979,59.046,27.243,0.09,1.32,0.0
ATOM,3333.0,N,SER,224.0,-42.167,61.178,28.233,-0.47,1.85,0.14
ATOM,3334.0,CA,SER,224.0,-43.299,62.082,28.032,0.07,2.275,1.68
ATOM,3335.0,C,SER,224.0,-43.001,63.019,26.869,0.51,2.0,0.0
ATOM,3336.0,O,SER,224.0,-41.851,63.399,26.657,-0.51,1.7,1.67
ATOM,3337.0,CB,SER,224.0,-43.548,62.912,29.293,0.05,2.175,19.33
ATOM,3338.0,OG,SER,224.0,-44.327,64.063,29.006,-0.66,1.77,0.78
ATOM,3339.0,H,SER,224.0,-41.312,61.442,28.758,0.31,0.2245,0.0
ATOM,3340.0,HA,SER,224.0,-44.098,61.53,27.789,0.09,1.32,4.06
ATOM,3341.0,HB2,SER,224.0,-44.033,62.35,29.957,0.09,1.32,11.43
ATOM,3342.0,HB3,SER,224.0,-42.67,63.201,29.666,0.09,1.32,1.65
ATOM,3343.0,HG,SER,224.0,-44.856,63.907,28.173,0.43,0.2245,1.03
ATOM,3344.0,N,ASP,225.0,-44.034,63.404,26.126,-0.47,1.85,0.0
ATOM,3345.0,CA,ASP,225.0,-43.865,64.295,24.98,0.07,2.275,0.0
ATOM,3346.0,C,ASP,225.0,-44.029,65.767,25.337,0.51,2.0,0.0
ATOM,3347.0,O,ASP,225.0,-43.693,66.658,24.548,-0.51,1.7,0.0
ATOM,3348.0,CB,ASP,225.0,-44.858,63.913,23.873,-0.28,2.175,0.0
ATOM,3349.0,CG,ASP,225.0,-46.287,63.76,24.385,0.62,2.0,0.1
ATOM,3350.0,OD1,ASP,225.0,-46.499,63.831,25.616,-0.76,1.7,11.01
ATOM,3351.0,OD2,ASP,225.0,-47.198,63.56,23.551,-0.76,1.7,24.77
ATOM,3352.0,H,ASP,225.0,-44.953,63.025,26.424,0.31,0.2245,0.69
ATOM,3353.0,HA,ASP,225.0,-42.914,64.175,24.648,0.09,1.32,0.0
ATOM,3354.0,HB2,ASP,225.0,-44.842,64.63,23.186,0.09,1.32,0.0
ATOM,3355.0,HB3,ASP,225.0,-44.566,63.049,23.484,0.09,1.32,0.0
ATOM,3356.0,N,LEU,226.0,-44.524,66.005,26.547,-0.47,1.85,0.0
ATOM,3357.0,CA,LEU,226.0,-44.778,67.35,27.041,0.07,2.275,0.37
ATOM,3358.0,C,LEU,226.0,-43.62,68.342,26.873,0.51,2.0,0.2
ATOM,3359.0,O,LEU,226.0,-43.839,69.504,26.522,-0.51,1.7,3.22
ATOM,3360.0,CB,LEU,226.0,-45.225,67.276,28.504,-0.18,2.175,6.72
ATOM,3361.0,CG,LEU,226.0,-46.374,66.289,28.779,-0.09,2.275,1.25
ATOM,3362.0,CD1,LEU,226.0,-46.835,66.417,30.224,-0.27,2.06,35.41
ATOM,3363.0,CD2,LEU,226.0,-47.542,66.566,27.844,-0.27,2.06,16.92
ATOM,3364.0,H,LEU,226.0,-44.714,65.145,27.111,0.31,0.2245,0.0
ATOM,3365.0,HA,LEU,226.0,-45.589,67.73,26.543,0.09,1.32,0.07
ATOM,3366.0,HB2,LEU,226.0,-44.451,66.984,29.047,0.09,1.32,1.55
ATOM,3367.0,HB3,LEU,226.0,-45.537,68.173,28.776,0.09,1.32,7.82
ATOM,3368.0,HG,LEU,226.0,-46.047,65.363,28.613,0.09,1.32,0.0
ATOM,3369.0,HD11,LEU,226.0,-47.156,67.35,30.391,0.09,1.32,9.57
ATOM,3370.0,HD12,LEU,226.0,-47.581,65.773,30.395,0.09,1.32,10.35
ATOM,3371.0,HD13,LEU,226.0,-46.072,66.213,30.838,0.09,1.32,9.01
ATOM,3372.0,HD21,LEU,226.0,-47.243,66.462,26.895,0.09,1.32,0.0
ATOM,3373.0,HD22,LEU,226.0,-48.282,65.919,28.032,0.09,1.32,10.49
ATOM,3374.0,HD23,LEU,226.0,-47.872,67.5,27.988,0.09,1.32,9.82
ATOM,3375.0,N,PRO,227.0,-42.375,67.91,27.137,-0.29,1.85,0.04
ATOM,3376.0,CA,PRO,227.0,-41.258,68.852,26.972,0.02,2.275,2.3
ATOM,3377.0,C,PRO,227.0,-41.087,69.212,25.499,0.51,2.0,0.0
ATOM,3378.0,O,PRO,227.0,-40.797,70.355,25.15,-0.51,1.7,0.37
ATOM,3379.0,CB,PRO,227.0,-40.062,68.079,27.522,-0.18,2.175,8.21
ATOM,3380.0,CG,PRO,227.0,-40.694,67.186,28.566,-0.18,2.175,19.63
ATOM,3381.0,CD,PRO,227.0,-41.939,66.7,27.858,0.0,2.175,0.33
ATOM,3382.0,HA,PRO,227.0,-41.401,69.674,27.527,0.09,1.32,5.21
ATOM,3383.0,HB2,PRO,227.0,-39.63,67.534,26.812,0.09,1.32,0.0
ATOM,3384.0,HB3,PRO,227.0,-39.4,68.691,27.94,0.09,1.32,11.19
ATOM,3385.0,HG2,PRO,227.0,-40.092,66.433,28.786,0.09,1.32,5.72
ATOM,3386.0,HG3,PRO,227.0,-40.924,67.709,29.373,0.09,1.32,10.66
ATOM,3387.0,HD2,PRO,227.0,-41.73,65.967,27.22,0.09,1.32,0.0
ATOM,3388.0,HD3,PRO,227.0,-42.634,66.407,28.507,0.09,1.32,0.0
ATOM,3389.0,N,ALA,228.0,-41.265,68.223,24.633,-0.47,1.85,0.0
ATOM,3390.0,CA,ALA,228.0,-41.151,68.465,23.204,0.07,2.275,0.0
ATOM,3391.0,C,ALA,228.0,-42.245,69.458,22.82,0.51,2.0,0.0
ATOM,3392.0,O,ALA,228.0,-41.971,70.487,22.215,-0.51,1.7,0.0
ATOM,3393.0,CB,ALA,228.0,-41.323,67.159,22.433,-0.27,2.06,0.0
ATOM,3394.0,H,ALA,228.0,-41.483,67.305,25.048,0.31,0.2245,0.0
ATOM,3395.0,HA,ALA,228.0,-40.267,68.876,23.011,0.09,1.32,0.0
ATOM,3396.0,HB1,ALA,228.0,-40.43,66.836,22.124,0.09,1.32,0.0
ATOM,3397.0,HB2,ALA,228.0,-41.738,66.474,23.029,0.09,1.32,0.0
ATOM,3398.0,HB3,ALA,228.0,-41.913,67.315,21.642,0.09,1.32,0.0
ATOM,3399.0,N,LYS,229.0,-43.48,69.14,23.2,-0.47,1.85,0.0
ATOM,3400.0,CA,LYS,229.0,-44.64,69.977,22.908,0.07,2.275,0.05
ATOM,3401.0,C,LYS,229.0,-44.45,71.413,23.386,0.51,2.0,0.0
ATOM,3402.0,O,LYS,229.0,-44.751,72.363,22.666,-0.51,1.7,0.0
ATOM,3403.0,CB,LYS,229.0,-45.887,69.376,23.561,-0.18,2.175,3.97
ATOM,3404.0,CG,LYS,229.0,-46.045,67.886,23.291,-0.18,2.175,0.0
ATOM,3405.0,CD,LYS,229.0,-47.36,67.343,23.817,-0.18,2.175,1.13
ATOM,3406.0,CE,LYS,229.0,-48.533,67.825,22.982,0.21,2.175,20.28
ATOM,3407.0,NZ,LYS,229.0,-48.428,67.358,21.573,-0.3,1.85,7.82
ATOM,3408.0,H,LYS,229.0,-43.548,68.238,23.726,0.31,0.2245,0.0
ATOM,3409.0,HA,LYS,229.0,-44.79,69.988,21.907,0.09,1.32,0.48
ATOM,3410.0,HB2,LYS,229.0,-45.82,69.511,24.543,0.09,1.32,1.38
ATOM,3411.0,HB3,LYS,229.0,-46.685,69.847,23.2,0.09,1.32,0.14
ATOM,3412.0,HG2,LYS,229.0,-46.001,67.729,22.3,0.09,1.32,0.0
ATOM,3413.0,HG3,LYS,229.0,-45.29,67.394,23.731,0.09,1.32,0.0
ATOM,3414.0,HD2,LYS,229.0,-47.335,66.349,23.785,0.09,1.32,0.0
ATOM,3415.0,HD3,LYS,229.0,-47.488,67.655,24.753,0.09,1.32,0.97
ATOM,3416.0,HE2,LYS,229.0,-49.383,67.476,23.382,0.05,1.32,11.67
ATOM,3417.0,HE3,LYS,229.0,-48.553,68.827,22.996,0.05,1.32,3.78
ATOM,3418.0,HZ1,LYS,229.0,-49.217,66.785,21.354,0.33,0.2245,20.19
ATOM,3419.0,HZ2,LYS,229.0,-48.408,68.149,20.962,0.33,0.2245,16.12
ATOM,3420.0,HZ3,LYS,229.0,-47.588,66.827,21.461,0.33,0.2245,0.0
ATOM,3421.0,N,ALA,230.0,-43.947,71.56,24.605,-0.47,1.85,0.34
ATOM,3422.0,CA,ALA,230.0,-43.704,72.87,25.196,0.07,2.275,2.87
ATOM,3423.0,C,ALA,230.0,-42.804,73.755,24.338,0.51,2.0,0.18
ATOM,3424.0,O,ALA,230.0,-43.097,74.928,24.128,-0.51,1.7,2.23
ATOM,3425.0,CB,ALA,230.0,-43.094,72.701,26.577,-0.27,2.06,31.18
ATOM,3426.0,H,ALA,230.0,-43.742,70.664,25.1,0.31,0.2245,0.0
ATOM,3427.0,HA,ALA,230.0,-44.595,73.342,25.317,0.09,1.32,5.07
ATOM,3428.0,HB1,ALA,230.0,-43.481,73.381,27.2,0.09,1.32,11.85
ATOM,3429.0,HB2,ALA,230.0,-43.294,71.784,26.922,0.09,1.32,0.1
ATOM,3430.0,HB3,ALA,230.0,-42.103,72.826,26.524,0.09,1.32,2.2
ATOM,3431.0,N,LEU,231.0,-41.709,73.193,23.845,-0.47,1.85,0.0
ATOM,3432.0,CA,LEU,231.0,-40.764,73.943,23.017,0.07,2.275,0.0
ATOM,3433.0,C,LEU,231.0,-41.349,74.313,21.655,0.51,2.0,0.0
ATOM,3434.0,O,LEU,231.0,-40.911,75.272,21.007,-0.51,1.7,0.0
ATOM,3435.0,CB,LEU,231.0,-39.488,73.124,22.832,-0.18,2.175,0.0
ATOM,3436.0,CG,LEU,231.0,-38.782,72.78,24.143,-0.09,2.275,1.49
ATOM,3437.0,CD1,LEU,231.0,-37.711,71.73,23.898,-0.27,2.06,0.87
ATOM,3438.0,CD2,LEU,231.0,-38.203,74.056,24.741,-0.27,2.06,15.27
ATOM,3439.0,H,LEU,231.0,-41.58,72.192,24.092,0.31,0.2245,0.0
ATOM,3440.0,HA,LEU,231.0,-40.523,74.798,23.501,0.09,1.32,0.0
ATOM,3441.0,HB2,LEU,231.0,-39.73,72.274,22.393,0.09,1.32,0.0
ATOM,3442.0,HB3,LEU,231.0,-38.861,73.653,22.286,0.09,1.32,0.0
ATOM,3443.0,HG,LEU,231.0,-39.453,72.426,24.79,0.09,1.32,0.0
ATOM,3444.0,HD11,LEU,231.0,-37.039,72.083,23.246,0.09,1.32,0.0
ATOM,3445.0,HD12,LEU,231.0,-37.253,71.51,24.76,0.09,1.32,5.17
ATOM,3446.0,HD13,LEU,231.0,-38.132,70.902,23.525,0.09,1.32,0.0
ATOM,3447.0,HD21,LEU,231.0,-38.942,74.708,24.916,0.09,1.32,2.44
ATOM,3448.0,HD22,LEU,231.0,-37.738,73.841,25.6,0.09,1.32,10.47
ATOM,3449.0,HD23,LEU,231.0,-37.549,74.458,24.1,0.09,1.32,0.0
ATOM,3450.0,N,VAL,232.0,-42.333,73.525,21.233,-0.47,1.85,0.0
ATOM,3451.0,CA,VAL,232.0,-43.041,73.721,19.969,0.07,2.275,0.0
ATOM,3452.0,C,VAL,232.0,-43.999,74.898,20.141,0.51,2.0,0.0
ATOM,3453.0,O,VAL,232.0,-43.87,75.928,19.475,-0.51,1.7,6.86
ATOM,3454.0,CB,VAL,232.0,-43.879,72.463,19.596,-0.09,2.275,0.0
ATOM,3455.0,CG1,VAL,232.0,-44.892,72.811,18.514,-0.27,2.06,19.6
ATOM,3456.0,CG2,VAL,232.0,-42.961,71.333,19.138,-0.27,2.06,0.08
ATOM,3457.0,H,VAL,232.0,-42.563,72.739,21.893,0.31,0.2245,0.0
ATOM,3458.0,HA,VAL,232.0,-42.375,73.965,19.272,0.09,1.32,0.23
ATOM,3459.0,HB,VAL,232.0,-44.39,72.198,20.404,0.09,1.32,0.0
ATOM,3460.0,HG11,VAL,232.0,-44.418,73.21,17.729,0.09,1.32,2.06
ATOM,3461.0,HG12,VAL,232.0,-45.372,71.982,18.227,0.09,1.32,8.85
ATOM,3462.0,HG13,VAL,232.0,-45.552,73.47,18.874,0.09,1.32,0.82
ATOM,3463.0,HG21,VAL,232.0,-43.131,71.143,18.172,0.09,1.32,0.0
ATOM,3464.0,HG22,VAL,232.0,-42.01,71.611,19.265,0.09,1.32,0.0
ATOM,3465.0,HG23,VAL,232.0,-43.15,70.516,19.681,0.09,1.32,0.0
ATOM,3466.0,N,ASP,233.0,-44.957,74.724,21.048,-0.47,1.85,0.0
ATOM,3467.0,CA,ASP,233.0,-45.948,75.745,21.342,0.07,2.275,1.42
ATOM,3468.0,C,ASP,233.0,-45.251,77.055,21.665,0.51,2.0,0.2
ATOM,3469.0,O,ASP,233.0,-45.765,78.131,21.362,-0.51,1.7,28.5
ATOM,3470.0,CB,ASP,233.0,-46.817,75.319,22.529,-0.28,2.175,15.07
ATOM,3471.0,CG,ASP,233.0,-47.507,73.983,22.3,0.62,2.0,3.06
ATOM,3472.0,OD1,ASP,233.0,-47.572,73.534,21.133,-0.76,1.7,22.19
ATOM,3473.0,OD2,ASP,233.0,-47.995,73.388,23.286,-0.76,1.7,31.01
ATOM,3474.0,H,ASP,233.0,-44.932,73.795,21.526,0.31,0.2245,0.0
ATOM,3475.0,HA,ASP,233.0,-46.483,75.893,20.506,0.09,1.32,8.52
ATOM,3476.0,HB2,ASP,233.0,-46.231,75.242,23.327,0.09,1.32,1.33
ATOM,3477.0,HB3,ASP,233.0,-47.51,76.015,22.669,0.09,1.32,10.15
ATOM,3478.0,N,ALA,234.0,-44.075,76.968,22.275,-0.47,1.85,0.07
ATOM,3479.0,CA,ALA,234.0,-43.332,78.168,22.622,0.07,2.275,4.02
ATOM,3480.0,C,ALA,234.0,-42.606,78.743,21.415,0.51,2.0,1.5
ATOM,3481.0,O,ALA,234.0,-41.833,79.69,21.548,-0.51,1.7,22.06
ATOM,3482.0,CB,ALA,234.0,-42.346,77.864,23.731,-0.27,2.06,19.14
ATOM,3483.0,H,ALA,234.0,-43.75,76.009,22.472,0.31,0.2245,0.0
ATOM,3484.0,HA,ALA,234.0,-43.978,78.863,22.969,0.09,1.32,9.34
ATOM,3485.0,HB1,ALA,234.0,-41.49,77.526,23.338,0.09,1.32,0.0
ATOM,3486.0,HB2,ALA,234.0,-42.162,78.696,24.257,0.09,1.32,11.46
ATOM,3487.0,HB3,ALA,234.0,-42.727,77.167,24.34,0.09,1.32,2.44
ATOM,3488.0,N,GLY,235.0,-42.849,78.167,20.24,-0.47,1.85,0.14
ATOM,3489.0,CA,GLY,235.0,-42.206,78.645,19.026,-0.02,2.175,17.24
ATOM,3490.0,C,GLY,235.0,-40.68,78.57,18.972,0.51,2.0,0.65
ATOM,3491.0,O,GLY,235.0,-39.997,79.593,18.888,-0.51,1.7,19.57
ATOM,3492.0,H,GLY,235.0,-43.514,77.376,20.269,0.31,0.2245,0.0
ATOM,3493.0,HA2,GLY,235.0,-42.588,78.126,18.218,0.09,1.32,8.82
ATOM,3494.0,HA3,GLY,235.0,-42.492,79.624,18.859,0.09,1.32,11.42
ATOM,3495.0,N,TYR,236.0,-40.138,77.356,19.006,-0.47,1.85,0.64
ATOM,3496.0,CA,TYR,236.0,-38.692,77.165,18.947,0.07,2.275,0.0
ATOM,3497.0,C,TYR,236.0,-38.213,76.833,17.537,0.51,2.0,0.8
ATOM,3498.0,O,TYR,236.0,-38.765,75.949,16.881,-0.51,1.7,3.79
ATOM,3499.0,CB,TYR,236.0,-38.261,76.046,19.895,-0.18,2.175,0.0
ATOM,3500.0,CG,TYR,236.0,-37.778,76.539,21.233,0.0,1.9924,0.0
ATOM,3501.0,CD1,TYR,236.0,-38.675,76.941,22.216,-0.115,1.9924,0.28
ATOM,3502.0,CD2,TYR,236.0,-36.414,76.634,21.502,-0.115,1.9924,0.0
ATOM,3503.0,CE1,TYR,236.0,-38.224,77.431,23.44,-0.115,1.9924,6.08
ATOM,3504.0,CE2,TYR,236.0,-35.95,77.122,22.716,-0.115,1.9924,0.09
ATOM,3505.0,CZ,TYR,236.0,-36.858,77.52,23.682,0.11,1.9924,0.01
ATOM,3506.0,OH,TYR,236.0,-36.393,78.016,24.878,-0.54,1.77,25.95
ATOM,3507.0,H,TYR,236.0,-40.817,76.576,19.076,0.31,0.2245,0.49
ATOM,3508.0,HA,TYR,236.0,-38.247,78.027,19.234,0.09,1.32,0.0
ATOM,3509.0,HB2,TYR,236.0,-39.043,75.446,20.044,0.09,1.32,0.0
ATOM,3510.0,HB3,TYR,236.0,-37.52,75.539,19.461,0.09,1.32,0.0
ATOM,3511.0,HD1,TYR,236.0,-39.659,76.88,22.047,0.115,1.3582,0.0
ATOM,3512.0,HD2,TYR,236.0,-35.757,76.344,20.807,0.115,1.3582,0.0
ATOM,3513.0,HE1,TYR,236.0,-38.879,77.715,24.139,0.115,1.3582,6.53
ATOM,3514.0,HE2,TYR,236.0,-34.969,77.186,22.891,0.115,1.3582,1.39
ATOM,3515.0,HH,TYR,236.0,-35.412,77.844,24.945,0.43,0.2245,19.3
ATOM,3516.0,N,ASP,237.0,-37.175,77.536,17.086,-0.47,1.85,0.27
ATOM,3517.0,CA,ASP,237.0,-36.618,77.326,15.754,0.07,2.275,0.68
ATOM,3518.0,C,ASP,237.0,-36.147,75.902,15.489,0.51,2.0,0.0
ATOM,3519.0,O,ASP,237.0,-36.323,75.376,14.387,-0.51,1.7,2.07
ATOM,3520.0,CB,ASP,237.0,-35.449,78.271,15.519,-0.28,2.175,1.1
ATOM,3521.0,CG,ASP,237.0,-35.849,79.714,15.614,0.62,2.0,0.45
ATOM,3522.0,OD1,ASP,237.0,-36.832,80.099,14.946,-0.76,1.7,30.83
ATOM,3523.0,OD2,ASP,237.0,-35.177,80.461,16.353,-0.76,1.7,11.61
ATOM,3524.0,H,ASP,237.0,-36.802,78.238,17.758,0.31,0.2245,0.0
ATOM,3525.0,HA,ASP,237.0,-37.363,77.521,15.085,0.09,1.32,7.36
ATOM,3526.0,HB2,ASP,237.0,-34.757,78.08,16.208,0.09,1.32,0.0
ATOM,3527.0,HB3,ASP,237.0,-35.088,78.093,14.61,0.09,1.32,0.0
ATOM,3528.0,N,GLY,238.0,-35.534,75.283,16.494,-0.47,1.85,0.0
ATOM,3529.0,CA,GLY,238.0,-35.046,73.93,16.324,-0.02,2.175,0.0
ATOM,3530.0,C,GLY,238.0,-35.104,73.133,17.6,0.51,2.0,0.0
ATOM,3531.0,O,GLY,238.0,-35.26,73.692,18.674,-0.51,1.7,0.0
ATOM,3532.0,H,GLY,238.0,-35.444,75.831,17.361,0.31,0.2245,0.0
ATOM,3533.0,HA2,GLY,238.0,-35.596,73.463,15.608,0.09,1.32,0.0
ATOM,3534.0,HA3,GLY,238.0,-34.088,73.959,15.987,0.09,1.32,0.0
ATOM,3535.0,N,ILE,239.0,-34.987,71.819,17.472,-0.47,1.85,0.0
ATOM,3536.0,CA,ILE,239.0,-35.02,70.912,18.611,0.07,2.275,0.0
ATOM,3537.0,C,ILE,239.0,-34.068,69.742,18.389,0.51,2.0,0.0
ATOM,3538.0,O,ILE,239.0,-34.095,69.091,17.342,-0.51,1.7,0.0
ATOM,3539.0,CB,ILE,239.0,-36.426,70.34,18.833,-0.09,2.275,0.0
ATOM,3540.0,CG1,ILE,239.0,-37.388,71.478,19.133,-0.18,2.175,0.0
ATOM,3541.0,CG2,ILE,239.0,-36.415,69.339,19.986,-0.27,2.06,0.0
ATOM,3542.0,CD1,ILE,239.0,-38.814,71.03,19.296,-0.27,2.06,0.0
ATOM,3543.0,H,ILE,239.0,-34.869,71.49,16.486,0.31,0.2245,0.0
ATOM,3544.0,HA,ILE,239.0,-34.662,71.427,19.394,0.09,1.32,0.0
ATOM,3545.0,HB,ILE,239.0,-36.715,69.902,17.992,0.09,1.32,0.0
ATOM,3546.0,HG12,ILE,239.0,-37.09,71.933,19.972,0.09,1.32,0.0
ATOM,3547.0,HG13,ILE,239.0,-37.341,72.136,18.381,0.09,1.32,0.0
ATOM,3548.0,HG21,ILE,239.0,-37.332,68.967,20.11,0.09,1.32,0.0
ATOM,3549.0,HG22,ILE,239.0,-35.78,68.599,19.776,0.09,1.32,0.0
ATOM,3550.0,HG23,ILE,239.0,-36.125,69.8,20.822,0.09,1.32,0.0
ATOM,3551.0,HD11,ILE,239.0,-38.877,70.379,20.053,0.09,1.32,0.0
ATOM,3552.0,HD12,ILE,239.0,-39.395,71.821,19.491,0.09,1.32,0.0
ATOM,3553.0,HD13,ILE,239.0,-39.126,70.59,18.453,0.09,1.32,0.0
ATOM,3554.0,N,VAL,240.0,-33.217,69.487,19.375,-0.47,1.85,0.0
ATOM,3555.0,CA,VAL,240.0,-32.285,68.379,19.298,0.07,2.275,0.0
ATOM,3556.0,C,VAL,240.0,-32.838,67.292,20.191,0.51,2.0,0.0
ATOM,3557.0,O,VAL,240.0,-33.186,67.555,21.333,-0.51,1.7,0.0
ATOM,3558.0,CB,VAL,240.0,-30.892,68.78,19.805,-0.09,2.275,0.0
ATOM,3559.0,CG1,VAL,240.0,-29.996,67.548,19.903,-0.27,2.06,0.0
ATOM,3560.0,CG2,VAL,240.0,-30.277,69.824,18.872,-0.27,2.06,0.0
ATOM,3561.0,H,VAL,240.0,-33.278,70.135,20.183,0.31,0.2245,0.0
ATOM,3562.0,HA,VAL,240.0,-32.275,68.041,18.365,0.09,1.32,0.0
ATOM,3563.0,HB,VAL,240.0,-30.993,69.137,20.727,0.09,1.32,0.0
ATOM,3564.0,HG11,VAL,240.0,-29.042,67.836,19.977,0.09,1.32,0.0
ATOM,3565.0,HG12,VAL,240.0,-30.249,67.017,20.711,0.09,1.32,0.0
ATOM,3566.0,HG13,VAL,240.0,-30.113,66.987,19.085,0.09,1.32,0.0
ATOM,3567.0,HG21,VAL,240.0,-30.525,70.736,19.194,0.09,1.32,0.0
ATOM,3568.0,HG22,VAL,240.0,-29.284,69.721,18.877,0.09,1.32,0.0
ATOM,3569.0,HG23,VAL,240.0,-30.628,69.683,17.948,0.09,1.32,0.0
ATOM,3570.0,N,SER,241.0,-32.934,66.082,19.663,-0.47,1.85,0.0
ATOM,3571.0,CA,SER,241.0,-33.455,64.971,20.432,0.07,2.275,0.0
ATOM,3572.0,C,SER,241.0,-32.331,64.102,20.968,0.51,2.0,0.0
ATOM,3573.0,O,SER,241.0,-31.541,63.544,20.191,-0.51,1.7,0.0
ATOM,3574.0,CB,SER,241.0,-34.385,64.115,19.562,0.05,2.175,0.0
ATOM,3575.0,OG,SER,241.0,-34.656,62.859,20.175,-0.66,1.77,0.0
ATOM,3576.0,H,SER,241.0,-32.613,66.005,18.68,0.31,0.2245,0.0
ATOM,3577.0,HA,SER,241.0,-33.962,65.343,21.221,0.09,1.32,0.0
ATOM,3578.0,HB2,SER,241.0,-35.243,64.603,19.433,0.09,1.32,0.0
ATOM,3579.0,HB3,SER,241.0,-33.945,63.956,18.683,0.09,1.32,0.0
ATOM,3580.0,HG,SER,241.0,-33.796,62.436,20.455,0.43,0.2245,0.0
ATOM,3581.0,N,ALA,242.0,-32.236,64.005,22.289,-0.47,1.85,0.0
ATOM,3582.0,CA,ALA,242.0,-31.22,63.169,22.896,0.07,2.275,0.0
ATOM,3583.0,C,ALA,242.0,-31.897,61.802,22.925,0.51,2.0,0.0
ATOM,3584.0,O,ALA,242.0,-32.505,61.427,23.932,-0.51,1.7,0.0
ATOM,3585.0,CB,ALA,242.0,-30.944,63.661,24.308,-0.27,2.06,0.97
ATOM,3586.0,H,ALA,242.0,-32.926,64.559,22.822,0.31,0.2245,0.0
ATOM,3587.0,HA,ALA,242.0,-30.442,63.121,22.31,0.09,1.32,0.0
ATOM,3588.0,HB1,ALA,242.0,-31.374,63.045,24.968,0.09,1.32,0.0
ATOM,3589.0,HB2,ALA,242.0,-29.957,63.682,24.468,0.09,1.32,0.0
ATOM,3590.0,HB3,ALA,242.0,-31.318,64.581,24.421,0.09,1.32,0.0
ATOM,3591.0,N,GLY,243.0,-31.791,61.07,21.821,-0.47,1.85,0.0
ATOM,3592.0,CA,GLY,243.0,-32.44,59.782,21.738,-0.02,2.175,0.0
ATOM,3593.0,C,GLY,243.0,-31.756,58.636,22.428,0.51,2.0,0.0
ATOM,3594.0,O,GLY,243.0,-30.687,58.8,22.986,-0.51,1.7,0.0
ATOM,3595.0,H,GLY,243.0,-31.228,61.49,21.067,0.31,0.2245,0.0
ATOM,3596.0,HA2,GLY,243.0,-33.403,59.871,22.107,0.09,1.32,0.0
ATOM,3597.0,HA3,GLY,243.0,-32.575,59.541,20.74,0.09,1.32,0.0
ATOM,3598.0,N,VAL,244.0,-32.392,57.472,22.405,-0.47,1.85,0.0
ATOM,3599.0,CA,VAL,244.0,-31.813,56.272,23.005,0.07,2.275,0.0
ATOM,3600.0,C,VAL,244.0,-31.149,55.502,21.873,0.51,2.0,0.0
ATOM,3601.0,O,VAL,244.0,-31.609,55.54,20.738,-0.51,1.7,0.0
ATOM,3602.0,CB,VAL,244.0,-32.885,55.371,23.662,-0.09,2.275,2.4
ATOM,3603.0,CG1,VAL,244.0,-33.575,56.124,24.771,-0.27,2.06,2.31
ATOM,3604.0,CG2,VAL,244.0,-33.897,54.929,22.626,-0.27,2.06,14.84
ATOM,3605.0,H,VAL,244.0,-33.317,57.486,21.934,0.31,0.2245,0.0
ATOM,3606.0,HA,VAL,244.0,-31.11,56.551,23.644,0.09,1.32,0.0
ATOM,3607.0,HB,VAL,244.0,-32.412,54.6,24.073,0.09,1.32,6.12
ATOM,3608.0,HG11,VAL,244.0,-32.901,56.426,25.449,0.09,1.32,0.0
ATOM,3609.0,HG12,VAL,244.0,-34.045,56.926,24.397,0.09,1.32,0.0
ATOM,3610.0,HG13,VAL,244.0,-34.247,55.531,25.22,0.09,1.32,5.51
ATOM,3611.0,HG21,VAL,244.0,-33.72,53.977,22.371,0.09,1.32,7.49
ATOM,3612.0,HG22,VAL,244.0,-34.82,55.006,23.006,0.09,1.32,6.33
ATOM,3613.0,HG23,VAL,244.0,-33.821,55.511,21.815,0.09,1.32,0.0
ATOM,3614.0,N,GLY,245.0,-30.055,54.822,22.174,-0.47,1.85,1.79
ATOM,3615.0,CA,GLY,245.0,-29.368,54.074,21.144,-0.02,2.175,17.85
ATOM,3616.0,C,GLY,245.0,-28.894,54.942,19.999,0.51,2.0,1.82
ATOM,3617.0,O,GLY,245.0,-28.319,56.012,20.195,-0.51,1.7,2.65
ATOM,3618.0,H,GLY,245.0,-29.755,54.872,23.156,0.31,0.2245,2.95
ATOM,3619.0,HA2,GLY,245.0,-28.569,53.593,21.552,0.09,1.32,7.22
ATOM,3620.0,HA3,GLY,245.0,-29.987,53.352,20.781,0.09,1.32,5.49
ATOM,3621.0,N,ASN,246.0,-29.154,54.491,18.784,-0.47,1.85,2.06
ATOM,3622.0,CA,ASN,246.0,-28.715,55.218,17.608,0.07,2.275,2.02
ATOM,3623.0,C,ASN,246.0,-29.724,56.29,17.214,0.51,2.0,0.0
ATOM,3624.0,O,ASN,246.0,-30.335,56.231,16.154,-0.51,1.7,0.3
ATOM,3625.0,CB,ASN,246.0,-28.483,54.22,16.468,-0.18,2.175,9.53
ATOM,3626.0,CG,ASN,246.0,-27.805,54.841,15.265,0.55,2.0,0.16
ATOM,3627.0,H,ASN,246.0,-29.682,53.601,18.747,0.31,0.2245,4.95
ATOM,3628.0,HA,ASN,246.0,-27.861,55.695,17.85,0.09,1.32,2.31
ATOM,3629.0,HB2,ASN,246.0,-27.909,53.48,16.812,0.09,1.32,10.12
ATOM,3630.0,HB3,ASN,246.0,-29.369,53.858,16.185,0.09,1.32,1.55
ATOM,3631.0,OD1,ASN,246.0,-27.667,56.059,15.163,-0.55,1.7,0.0
ATOM,3632.0,ND2,ASN,246.0,-27.392,53.998,14.336,-0.62,1.85,11.15
ATOM,3633.0,HD22,ASN,246.0,-27.535,53.013,14.44,0.3,0.2245,15.41
ATOM,3634.0,HD21,ASN,246.0,-26.929,54.343,13.513,0.32,0.2245,0.04
ATOM,3635.0,N,GLY,247.0,-29.892,57.279,18.082,-0.47,1.85,0.0
ATOM,3636.0,CA,GLY,247.0,-30.831,58.351,17.805,-0.02,2.175,0.0
ATOM,3637.0,C,GLY,247.0,-32.32,58.014,17.812,0.51,2.0,0.0
ATOM,3638.0,O,GLY,247.0,-33.11,58.813,17.336,-0.51,1.7,0.0
ATOM,3639.0,H,GLY,247.0,-29.318,57.219,18.937,0.31,0.2245,0.0
ATOM,3640.0,HA2,GLY,247.0,-30.667,59.122,18.48,0.09,1.32,0.0
ATOM,3641.0,HA3,GLY,247.0,-30.596,58.773,16.887,0.09,1.32,0.0
ATOM,3642.0,N,ASN,248.0,-32.718,56.864,18.355,-0.47,1.85,0.0
ATOM,3643.0,CA,ASN,248.0,-34.138,56.488,18.386,0.07,2.275,0.0
ATOM,3644.0,C,ASN,248.0,-34.973,57.328,19.344,0.51,2.0,0.0
ATOM,3645.0,O,ASN,248.0,-34.457,57.885,20.311,-0.51,1.7,0.0
ATOM,3646.0,CB,ASN,248.0,-34.297,55.009,18.75,-0.18,2.175,4.58
ATOM,3647.0,CG,ASN,248.0,-33.74,54.102,17.695,0.55,2.0,0.84
ATOM,3648.0,H,ASN,248.0,-31.963,56.275,18.742,0.31,0.2245,0.0
ATOM,3649.0,HA,ASN,248.0,-34.504,56.648,17.452,0.09,1.32,0.0
ATOM,3650.0,HB2,ASN,248.0,-33.815,54.848,19.607,0.09,1.32,0.0
ATOM,3651.0,HB3,ASN,248.0,-35.269,54.821,18.863,0.09,1.32,4.64
ATOM,3652.0,OD1,ASN,248.0,-33.529,54.526,16.562,-0.55,1.7,0.21
ATOM,3653.0,ND2,ASN,248.0,-33.509,52.841,18.046,-0.62,1.85,12.16
ATOM,3654.0,HD22,ASN,248.0,-33.715,52.542,18.981,0.3,0.2245,12.56
ATOM,3655.0,HD21,ASN,248.0,-33.134,52.195,17.386,0.32,0.2245,2.69
ATOM,3656.0,N,LEU,249.0,-36.271,57.415,19.071,-0.47,1.85,0.0
ATOM,3657.0,CA,LEU,249.0,-37.171,58.185,19.921,0.07,2.275,0.0
ATOM,3658.0,C,LEU,249.0,-38.307,57.326,20.451,0.51,2.0,0.14
ATOM,3659.0,O,LEU,249.0,-38.651,56.305,19.876,-0.51,1.7,17.85
ATOM,3660.0,CB,LEU,249.0,-37.76,59.38,19.162,-0.18,2.175,0.0
ATOM,3661.0,CG,LEU,249.0,-36.796,60.384,18.518,-0.09,2.275,0.0
ATOM,3662.0,CD1,LEU,249.0,-36.217,59.78,17.263,-0.27,2.06,0.0
ATOM,3663.0,CD2,LEU,249.0,-37.523,61.681,18.172,-0.27,2.06,0.0
ATOM,3664.0,H,LEU,249.0,-36.577,56.902,18.226,0.31,0.2245,2.02
ATOM,3665.0,HA,LEU,249.0,-36.645,58.539,20.706,0.09,1.32,0.0
ATOM,3666.0,HB2,LEU,249.0,-38.342,59.016,18.427,0.09,1.32,0.0
ATOM,3667.0,HB3,LEU,249.0,-38.337,59.894,19.804,0.09,1.32,0.0
ATOM,3668.0,HG,LEU,249.0,-36.067,60.587,19.164,0.09,1.32,0.0
ATOM,3669.0,HD11,LEU,249.0,-36.953,59.564,16.618,0.09,1.32,0.0
ATOM,3670.0,HD12,LEU,249.0,-35.585,60.428,16.833,0.09,1.32,0.0
ATOM,3671.0,HD13,LEU,249.0,-35.721,58.938,17.487,0.09,1.32,0.0
ATOM,3672.0,HD21,LEU,249.0,-37.901,62.083,19.006,0.09,1.32,0.0
ATOM,3673.0,HD22,LEU,249.0,-36.879,62.322,17.754,0.09,1.32,0.0
ATOM,3674.0,HD23,LEU,249.0,-38.264,61.485,17.53,0.09,1.32,0.0
ATOM,3675.0,N,TYR,250.0,-38.868,57.733,21.577,-0.47,1.85,0.14
ATOM,3676.0,CA,TYR,250.0,-39.985,57.02,22.158,0.07,2.275,2.5
ATOM,3677.0,C,TYR,250.0,-41.202,57.461,21.333,0.51,2.0,0.0
ATOM,3678.0,O,TYR,250.0,-41.297,58.632,20.947,-0.51,1.7,0.0
ATOM,3679.0,CB,TYR,250.0,-40.155,57.437,23.613,-0.18,2.175,0.36
ATOM,3680.0,CG,TYR,250.0,-41.341,56.799,24.288,0.0,1.9924,0.0
ATOM,3681.0,CD1,TYR,250.0,-41.355,55.427,24.559,-0.115,1.9924,2.22
ATOM,3682.0,CD2,TYR,250.0,-42.467,57.56,24.634,-0.115,1.9924,0.0
ATOM,3683.0,CE1,TYR,250.0,-42.459,54.824,25.16,-0.115,1.9924,7.42
ATOM,3684.0,CE2,TYR,250.0,-43.577,56.967,25.228,-0.115,1.9924,0.37
ATOM,3685.0,CZ,TYR,250.0,-43.564,55.603,25.488,0.11,1.9924,0.0
ATOM,3686.0,OH,TYR,250.0,-44.653,55.016,26.077,-0.54,1.77,27.4
ATOM,3687.0,H,TYR,250.0,-38.447,58.585,21.994,0.31,0.2245,0.0
ATOM,3688.0,HA,TYR,250.0,-39.86,56.054,22.019,0.09,1.32,3.78
ATOM,3689.0,HB2,TYR,250.0,-39.333,57.177,24.113,0.09,1.32,1.66
ATOM,3690.0,HB3,TYR,250.0,-40.273,58.427,23.644,0.09,1.32,0.0
ATOM,3691.0,HD1,TYR,250.0,-40.562,54.869,24.318,0.115,1.3582,10.97
ATOM,3692.0,HD2,TYR,250.0,-42.469,58.538,24.452,0.115,1.3582,0.0
ATOM,3693.0,HE1,TYR,250.0,-42.456,53.846,25.354,0.115,1.3582,14.92
ATOM,3694.0,HE2,TYR,250.0,-44.375,57.516,25.464,0.115,1.3582,0.85
ATOM,3695.0,HH,TYR,250.0,-44.912,55.539,26.888,0.43,0.2245,8.47
ATOM,3696.0,N,LYS,251.0,-42.12,56.536,21.057,-0.47,1.85,1.33
ATOM,3697.0,CA,LYS,251.0,-43.311,56.856,20.266,0.07,2.275,2.95
ATOM,3698.0,C,LYS,251.0,-43.787,58.3,20.425,0.51,2.0,0.0
ATOM,3699.0,O,LYS,251.0,-43.738,59.086,19.48,-0.51,1.7,0.0
ATOM,3700.0,CB,LYS,251.0,-44.474,55.926,20.621,-0.18,2.175,5.79
ATOM,3701.0,CG,LYS,251.0,-45.727,56.215,19.796,-0.18,2.175,2.0
ATOM,3702.0,CD,LYS,251.0,-46.962,55.463,20.285,-0.18,2.175,10.5
ATOM,3703.0,CE,LYS,251.0,-48.163,55.801,19.406,0.21,2.175,15.02
ATOM,3704.0,NZ,LYS,251.0,-49.404,55.134,19.875,-0.3,1.85,14.96
ATOM,3705.0,H,LYS,251.0,-41.924,55.595,21.44,0.31,0.2245,6.54
ATOM,3706.0,HA,LYS,251.0,-43.1,56.693,19.284,0.09,1.32,5.61
ATOM,3707.0,HB2,LYS,251.0,-44.194,54.992,20.444,0.09,1.32,10.1
ATOM,3708.0,HB3,LYS,251.0,-44.695,56.054,21.579,0.09,1.32,0.22
ATOM,3709.0,HG2,LYS,251.0,-45.917,57.204,19.83,0.09,1.32,0.0
ATOM,3710.0,HG3,LYS,251.0,-45.552,55.959,18.838,0.09,1.32,9.28
ATOM,3711.0,HD2,LYS,251.0,-46.79,54.492,20.226,0.09,1.32,10.12
ATOM,3712.0,HD3,LYS,251.0,-47.161,55.74,21.212,0.09,1.32,8.31
ATOM,3713.0,HE2,LYS,251.0,-48.297,56.796,19.414,0.05,1.32,3.19
ATOM,3714.0,HE3,LYS,251.0,-47.965,55.51,18.465,0.05,1.32,10.47
ATOM,3715.0,HZ1,LYS,251.0,-49.19,54.539,20.65,0.33,0.2245,14.88
ATOM,3716.0,HZ2,LYS,251.0,-50.068,55.826,20.159,0.33,0.2245,20.81
ATOM,3717.0,HZ3,LYS,251.0,-49.79,54.587,19.132,0.33,0.2245,20.37
ATOM,3718.0,N,SER,252.0,-44.25,58.635,21.625,-0.47,1.85,0.0
ATOM,3719.0,CA,SER,252.0,-44.762,59.973,21.922,0.07,2.275,0.23
ATOM,3720.0,C,SER,252.0,-43.906,61.087,21.353,0.51,2.0,0.0
ATOM,3721.0,O,SER,252.0,-44.336,61.842,20.485,-0.51,1.7,0.13
ATOM,3722.0,CB,SER,252.0,-44.886,60.163,23.434,0.05,2.175,0.52
ATOM,3723.0,OG,SER,252.0,-45.763,59.198,23.999,-0.66,1.77,17.23
ATOM,3724.0,H,SER,252.0,-44.218,57.869,22.332,0.31,0.2245,0.0
ATOM,3725.0,HA,SER,252.0,-45.689,60.047,21.51,0.09,1.32,4.74
ATOM,3726.0,HB2,SER,252.0,-43.986,60.062,23.846,0.09,1.32,0.0
ATOM,3727.0,HB3,SER,252.0,-45.248,61.072,23.615,0.09,1.32,0.0
ATOM,3728.0,HG,SER,252.0,-45.639,59.178,24.99,0.43,0.2245,9.85
ATOM,3729.0,N,VAL,253.0,-42.69,61.189,21.863,-0.47,1.85,0.0
ATOM,3730.0,CA,VAL,253.0,-41.757,62.208,21.414,0.07,2.275,0.0
ATOM,3731.0,C,VAL,253.0,-41.617,62.2,19.903,0.51,2.0,0.0
ATOM,3732.0,O,VAL,253.0,-41.466,63.25,19.274,-0.51,1.7,0.0
ATOM,3733.0,CB,VAL,253.0,-40.366,61.964,21.989,-0.09,2.275,0.0
ATOM,3734.0,CG1,VAL,253.0,-39.47,63.155,21.681,-0.27,2.06,0.0
ATOM,3735.0,CG2,VAL,253.0,-40.464,61.674,23.477,-0.27,2.06,0.0
ATOM,3736.0,H,VAL,253.0,-42.464,60.489,22.6,0.31,0.2245,0.0
ATOM,3737.0,HA,VAL,253.0,-42.119,63.109,21.689,0.09,1.32,0.0
ATOM,3738.0,HB,VAL,253.0,-39.972,61.18,21.523,0.09,1.32,0.0
ATOM,3739.0,HG11,VAL,253.0,-40.024,63.985,21.629,0.09,1.32,0.0
ATOM,3740.0,HG12,VAL,253.0,-38.788,63.256,22.405,0.09,1.32,0.0
ATOM,3741.0,HG13,VAL,253.0,-39.008,63.008,20.806,0.09,1.32,0.0
ATOM,3742.0,HG21,VAL,253.0,-39.819,60.948,23.716,0.09,1.32,0.0
ATOM,3743.0,HG22,VAL,253.0,-40.243,62.503,23.991,0.09,1.32,0.0
ATOM,3744.0,HG23,VAL,253.0,-41.395,61.381,23.697,0.09,1.32,0.0
ATOM,3745.0,N,PHE,254.0,-41.65,61.001,19.328,-0.47,1.85,0.0
ATOM,3746.0,CA,PHE,254.0,-41.501,60.846,17.893,0.07,2.275,0.0
ATOM,3747.0,C,PHE,254.0,-42.606,61.567,17.138,0.51,2.0,0.0
ATOM,3748.0,O,PHE,254.0,-42.327,62.361,16.246,-0.51,1.7,0.0
ATOM,3749.0,CB,PHE,254.0,-41.48,59.365,17.515,-0.18,2.175,1.52
ATOM,3750.0,CG,PHE,254.0,-41.111,59.116,16.08,0.0,1.9924,0.48
ATOM,3751.0,CD1,PHE,254.0,-41.871,59.655,15.05,-0.115,1.9924,4.41
ATOM,3752.0,CD2,PHE,254.0,-40.003,58.348,15.755,-0.115,1.9924,8.8
ATOM,3753.0,CE1,PHE,254.0,-41.535,59.439,13.721,-0.115,1.9924,7.63
ATOM,3754.0,CE2,PHE,254.0,-39.658,58.124,14.42,-0.115,1.9924,9.62
ATOM,3755.0,CZ,PHE,254.0,-40.428,58.674,13.403,-0.115,1.9924,5.48
ATOM,3756.0,H,PHE,254.0,-41.788,60.208,19.983,0.31,0.2245,0.0
ATOM,3757.0,HA,PHE,254.0,-40.634,61.293,17.635,0.09,1.32,0.0
ATOM,3758.0,HB2,PHE,254.0,-40.81,58.916,18.086,0.09,1.32,0.0
ATOM,3759.0,HB3,PHE,254.0,-42.386,59.001,17.666,0.09,1.32,0.38
ATOM,3760.0,HD1,PHE,254.0,-42.673,60.209,15.265,0.115,1.3582,0.0
ATOM,3761.0,HD2,PHE,254.0,-39.443,57.95,16.479,0.115,1.3582,0.89
ATOM,3762.0,HE1,PHE,254.0,-42.105,59.843,12.994,0.115,1.3582,1.13
ATOM,3763.0,HE2,PHE,254.0,-38.848,57.559,14.203,0.115,1.3582,0.63
ATOM,3764.0,HZ,PHE,254.0,-40.184,58.519,12.448,0.115,1.3582,0.09
ATOM,3765.0,N,ASP,255.0,-43.857,61.289,17.489,-0.47,1.85,0.0
ATOM,3766.0,CA,ASP,255.0,-44.987,61.934,16.829,0.07,2.275,1.12
ATOM,3767.0,C,ASP,255.0,-44.866,63.443,16.934,0.51,2.0,0.11
ATOM,3768.0,O,ASP,255.0,-44.883,64.154,15.931,-0.51,1.7,0.03
ATOM,3769.0,CB,ASP,255.0,-46.305,61.505,17.465,-0.28,2.175,14.89
ATOM,3770.0,CG,ASP,255.0,-46.523,60.023,17.388,0.62,2.0,3.01
ATOM,3771.0,OD1,ASP,255.0,-46.219,59.442,16.327,-0.76,1.7,28.14
ATOM,3772.0,OD2,ASP,255.0,-47.011,59.439,18.381,-0.76,1.7,12.45
ATOM,3773.0,H,ASP,255.0,-43.956,60.595,18.25,0.31,0.2245,0.0
ATOM,3774.0,HA,ASP,255.0,-44.935,61.698,15.853,0.09,1.32,1.15
ATOM,3775.0,HB2,ASP,255.0,-46.288,61.783,18.42,0.09,1.32,1.54
ATOM,3776.0,HB3,ASP,255.0,-47.041,61.969,16.984,0.09,1.32,8.94
ATOM,3777.0,N,THR,256.0,-44.74,63.933,18.157,-0.47,1.85,0.14
ATOM,3778.0,CA,THR,256.0,-44.633,65.364,18.37,0.07,2.275,1.72
ATOM,3779.0,C,THR,256.0,-43.565,66.009,17.489,0.51,2.0,0.0
ATOM,3780.0,O,THR,256.0,-43.827,67.017,16.833,-0.51,1.7,1.07
ATOM,3781.0,CB,THR,256.0,-44.323,65.678,19.836,0.14,2.275,0.0
ATOM,3782.0,OG1,THR,256.0,-45.218,64.942,20.689,-0.66,1.77,2.53
ATOM,3783.0,CG2,THR,256.0,-44.48,67.178,20.088,-0.27,2.06,3.87
ATOM,3784.0,H,THR,256.0,-44.725,63.233,18.916,0.31,0.2245,0.0
ATOM,3785.0,HA,THR,256.0,-45.524,65.793,18.146,0.09,1.32,4.65
ATOM,3786.0,HB,THR,256.0,-43.37,65.378,20.048,0.09,1.32,0.0
ATOM,3787.0,HG21,THR,256.0,-45.452,67.42,20.086,0.09,1.32,0.84
ATOM,3788.0,HG22,THR,256.0,-44.082,67.413,20.976,0.09,1.32,0.0
ATOM,3789.0,HG23,THR,256.0,-44.01,67.691,19.368,0.09,1.32,0.0
ATOM,3790.0,HG1,THR,256.0,-44.985,63.965,20.675,0.43,0.2245,0.12
ATOM,3791.0,N,LEU,257.0,-42.366,65.433,17.468,-0.47,1.85,0.0
ATOM,3792.0,CA,LEU,257.0,-41.286,65.984,16.648,0.07,2.275,0.0
ATOM,3793.0,C,LEU,257.0,-41.544,65.772,15.16,0.51,2.0,0.0
ATOM,3794.0,O,LEU,257.0,-41.182,66.614,14.331,-0.51,1.7,0.0
ATOM,3795.0,CB,LEU,257.0,-39.94,65.367,17.038,-0.18,2.175,0.0
ATOM,3796.0,CG,LEU,257.0,-39.384,65.78,18.404,-0.09,2.275,0.0
ATOM,3797.0,CD1,LEU,257.0,-38.044,65.098,18.629,-0.27,2.06,0.0
ATOM,3798.0,CD2,LEU,257.0,-39.22,67.295,18.466,-0.27,2.06,0.0
ATOM,3799.0,H,LEU,257.0,-42.267,64.594,18.059,0.31,0.2245,0.0
ATOM,3800.0,HA,LEU,257.0,-41.227,66.976,16.823,0.09,1.32,0.0
ATOM,3801.0,HB2,LEU,257.0,-40.049,64.378,17.049,0.09,1.32,0.0
ATOM,3802.0,HB3,LEU,257.0,-39.271,65.633,16.352,0.09,1.32,0.0
ATOM,3803.0,HG,LEU,257.0,-40.024,65.499,19.112,0.09,1.32,0.0
ATOM,3804.0,HD11,LEU,257.0,-37.404,65.372,17.911,0.09,1.32,0.0
ATOM,3805.0,HD12,LEU,257.0,-37.677,65.365,19.521,0.09,1.32,0.0
ATOM,3806.0,HD13,LEU,257.0,-38.165,64.105,18.604,0.09,1.32,0.0
ATOM,3807.0,HD21,LEU,257.0,-40.109,67.732,18.327,0.09,1.32,0.0
ATOM,3808.0,HD22,LEU,257.0,-38.857,67.554,19.361,0.09,1.32,0.0
ATOM,3809.0,HD23,LEU,257.0,-38.587,67.591,17.75,0.09,1.32,0.0
ATOM,3810.0,N,ALA,258.0,-42.173,64.647,14.828,-0.47,1.85,0.0
ATOM,3811.0,CA,ALA,258.0,-42.499,64.336,13.442,0.07,2.275,0.0
ATOM,3812.0,C,ALA,258.0,-43.434,65.422,12.912,0.51,2.0,0.32
ATOM,3813.0,O,ALA,258.0,-43.273,65.895,11.786,-0.51,1.7,0.09
ATOM,3814.0,CB,ALA,258.0,-43.173,62.974,13.351,-0.27,2.06,11.81
ATOM,3815.0,H,ALA,258.0,-42.405,64.026,15.626,0.31,0.2245,0.0
ATOM,3816.0,HA,ALA,258.0,-41.662,64.344,12.9,0.09,1.32,0.0
ATOM,3817.0,HB1,ALA,258.0,-44.15,63.072,13.536,0.09,1.32,2.05
ATOM,3818.0,HB2,ALA,258.0,-43.044,62.598,12.434,0.09,1.32,0.05
ATOM,3819.0,HB3,ALA,258.0,-42.768,62.355,14.024,0.09,1.32,0.0
ATOM,3820.0,N,THR,259.0,-44.4,65.824,13.737,-0.47,1.85,0.0
ATOM,3821.0,CA,THR,259.0,-45.361,66.854,13.355,0.07,2.275,0.16
ATOM,3822.0,C,THR,259.0,-44.721,68.232,13.274,0.51,2.0,0.0
ATOM,3823.0,O,THR,259.0,-44.895,68.949,12.291,-0.51,1.7,0.0
ATOM,3824.0,CB,THR,259.0,-46.53,66.9,14.341,0.14,2.275,2.33
ATOM,3825.0,OG1,THR,259.0,-47.267,65.675,14.25,-0.66,1.77,17.82
ATOM,3826.0,CG2,THR,259.0,-47.447,68.067,14.028,-0.27,2.06,31.51
ATOM,3827.0,H,THR,259.0,-44.408,65.347,14.661,0.31,0.2245,0.0
ATOM,3828.0,HA,THR,259.0,-45.732,66.622,12.443,0.09,1.32,1.89
ATOM,3829.0,HB,THR,259.0,-46.163,66.979,15.289,0.09,1.32,0.68
ATOM,3830.0,HG21,THR,259.0,-46.91,68.91,13.936,0.09,1.32,0.14
ATOM,3831.0,HG22,THR,259.0,-47.937,67.897,13.169,0.09,1.32,10.31
ATOM,3832.0,HG23,THR,259.0,-48.115,68.185,14.767,0.09,1.32,11.79
ATOM,3833.0,HG1,THR,259.0,-47.107,65.236,13.359,0.43,0.2245,15.49
ATOM,3834.0,N,ALA,260.0,-43.975,68.598,14.306,-0.47,1.85,0.16
ATOM,3835.0,CA,ALA,260.0,-43.298,69.89,14.33,0.07,2.275,0.9
ATOM,3836.0,C,ALA,260.0,-42.317,70.014,13.159,0.51,2.0,0.0
ATOM,3837.0,O,ALA,260.0,-41.98,71.124,12.729,-0.51,1.7,0.0
ATOM,3838.0,CB,ALA,260.0,-42.561,70.061,15.651,-0.27,2.06,0.45
ATOM,3839.0,H,ALA,260.0,-43.915,67.906,15.075,0.31,0.2245,0.0
ATOM,3840.0,HA,ALA,260.0,-43.985,70.62,14.247,0.09,1.32,0.23
ATOM,3841.0,HB1,ALA,260.0,-43.112,70.618,16.271,0.09,1.32,0.0
ATOM,3842.0,HB2,ALA,260.0,-42.401,69.164,16.063,0.09,1.32,0.0
ATOM,3843.0,HB3,ALA,260.0,-41.684,70.513,15.488,0.09,1.32,0.0
ATOM,3844.0,N,ALA,261.0,-41.855,68.867,12.662,-0.47,1.85,0.0
ATOM,3845.0,CA,ALA,261.0,-40.93,68.832,11.535,0.07,2.275,0.21
ATOM,3846.0,C,ALA,261.0,-41.625,69.433,10.324,0.51,2.0,0.0
ATOM,3847.0,O,ALA,261.0,-41.012,70.175,9.555,-0.51,1.7,14.1
ATOM,3848.0,CB,ALA,261.0,-40.515,67.407,11.237,-0.27,2.06,0.84
ATOM,3849.0,H,ALA,261.0,-42.207,68.014,13.141,0.31,0.2245,0.0
ATOM,3850.0,HA,ALA,261.0,-40.13,69.386,11.755,0.09,1.32,0.0
ATOM,3851.0,HB1,ALA,261.0,-40.362,67.298,10.254,0.09,1.32,0.07
ATOM,3852.0,HB2,ALA,261.0,-39.669,67.191,11.727,0.09,1.32,0.0
ATOM,3853.0,HB3,ALA,261.0,-41.235,66.777,11.53,0.09,1.32,0.0
ATOM,3854.0,N,LYS,262.0,-42.907,69.102,10.161,-0.47,1.85,0.0
ATOM,3855.0,CA,LYS,262.0,-43.718,69.622,9.059,0.07,2.275,0.93
ATOM,3856.0,C,LYS,262.0,-43.886,71.123,9.24,0.51,2.0,0.22
ATOM,3857.0,O,LYS,262.0,-43.565,71.91,8.353,-0.51,1.7,23.13
ATOM,3858.0,CB,LYS,262.0,-45.104,68.974,9.056,-0.18,2.175,9.66
ATOM,3859.0,CG,LYS,262.0,-45.225,67.656,8.295,-0.18,2.175,14.67
ATOM,3860.0,CD,LYS,262.0,-44.306,66.571,8.833,-0.18,2.175,3.8
ATOM,3861.0,CE,LYS,262.0,-42.991,66.504,8.063,0.21,2.175,2.62
ATOM,3862.0,NZ,LYS,262.0,-43.179,66.054,6.649,-0.3,1.85,13.29
ATOM,3863.0,H,LYS,262.0,-43.278,68.446,10.881,0.31,0.2245,0.0
ATOM,3864.0,HA,LYS,262.0,-43.242,69.45,8.198,0.09,1.32,3.63
ATOM,3865.0,HB2,LYS,262.0,-45.373,68.807,10.011,0.09,1.32,0.0
ATOM,3866.0,HB3,LYS,262.0,-45.754,69.628,8.651,0.09,1.32,9.41
ATOM,3867.0,HG2,LYS,262.0,-46.177,67.334,8.355,0.09,1.32,12.04
ATOM,3868.0,HG3,LYS,262.0,-45.004,67.819,7.327,0.09,1.32,5.06
ATOM,3869.0,HD2,LYS,262.0,-44.102,66.765,9.789,0.09,1.32,0.0
ATOM,3870.0,HD3,LYS,262.0,-44.763,65.69,8.752,0.09,1.32,10.37
ATOM,3871.0,HE2,LYS,262.0,-42.568,67.416,8.063,0.05,1.32,0.79
ATOM,3872.0,HE3,LYS,262.0,-42.373,65.864,8.53,0.05,1.32,0.0
ATOM,3873.0,HZ1,LYS,262.0,-44.127,65.769,6.519,0.33,0.2245,12.64
ATOM,3874.0,HZ2,LYS,262.0,-42.966,66.81,6.033,0.33,0.2245,17.6
ATOM,3875.0,HZ3,LYS,262.0,-42.568,65.286,6.465,0.33,0.2245,0.93
ATOM,3876.0,N,THR,263.0,-44.389,71.506,10.407,-0.47,1.85,0.16
ATOM,3877.0,CA,THR,263.0,-44.622,72.905,10.742,0.07,2.275,2.17
ATOM,3878.0,C,THR,263.0,-43.473,73.827,10.345,0.51,2.0,0.0
ATOM,3879.0,O,THR,263.0,-43.671,75.021,10.136,-0.51,1.7,24.14
ATOM,3880.0,CB,THR,263.0,-44.868,73.064,12.25,0.14,2.275,0.0
ATOM,3881.0,OG1,THR,263.0,-46.045,72.334,12.615,-0.66,1.77,20.13
ATOM,3882.0,CG2,THR,263.0,-45.041,74.532,12.617,-0.27,2.06,34.5
ATOM,3883.0,H,THR,263.0,-44.603,70.72,11.063,0.31,0.2245,0.0
ATOM,3884.0,HA,THR,263.0,-45.459,73.216,10.254,0.09,1.32,11.31
ATOM,3885.0,HB,THR,263.0,-44.078,72.667,12.757,0.09,1.32,0.0
ATOM,3886.0,HG21,THR,263.0,-46.0,74.714,12.843,0.09,1.32,10.27
ATOM,3887.0,HG22,THR,263.0,-44.468,74.753,13.409,0.09,1.32,5.45
ATOM,3888.0,HG23,THR,263.0,-44.77,75.109,11.844,0.09,1.32,0.77
ATOM,3889.0,HG1,THR,263.0,-45.864,71.345,12.593,0.43,0.2245,0.54
ATOM,3890.0,N,GLY,264.0,-42.269,73.276,10.254,-0.47,1.85,0.0
ATOM,3891.0,CA,GLY,264.0,-41.125,74.09,9.886,-0.02,2.175,15.62
ATOM,3892.0,C,GLY,264.0,-40.097,74.193,11.001,0.51,2.0,2.73
ATOM,3893.0,O,GLY,264.0,-39.286,75.126,11.037,-0.51,1.7,20.61
ATOM,3894.0,H,GLY,264.0,-42.224,72.269,10.458,0.31,0.2245,0.0
ATOM,3895.0,HA2,GLY,264.0,-40.682,73.697,9.061,0.09,1.32,9.79
ATOM,3896.0,HA3,GLY,264.0,-41.44,75.022,9.638,0.09,1.32,6.99
ATOM,3897.0,N,THR,265.0,-40.13,73.23,11.916,-0.47,1.85,0.0
ATOM,3898.0,CA,THR,265.0,-39.191,73.208,13.028,0.07,2.275,0.46
ATOM,3899.0,C,THR,265.0,-38.0,72.323,12.687,0.51,2.0,0.51
ATOM,3900.0,O,THR,265.0,-38.168,71.188,12.235,-0.51,1.7,4.67
ATOM,3901.0,CB,THR,265.0,-39.857,72.665,14.289,0.14,2.275,0.0
ATOM,3902.0,OG1,THR,265.0,-41.113,73.327,14.479,-0.66,1.77,0.61
ATOM,3903.0,CG2,THR,265.0,-38.971,72.908,15.5,-0.27,2.06,0.0
ATOM,3904.0,H,THR,265.0,-40.866,72.514,11.771,0.31,0.2245,0.0
ATOM,3905.0,HA,THR,265.0,-38.857,74.142,13.185,0.09,1.32,0.56
ATOM,3906.0,HB,THR,265.0,-40.04,71.669,14.168,0.09,1.32,0.0
ATOM,3907.0,HG21,THR,265.0,-38.685,72.031,15.894,0.09,1.32,0.0
ATOM,3908.0,HG22,THR,265.0,-38.157,73.426,15.228,0.09,1.32,0.0
ATOM,3909.0,HG23,THR,265.0,-39.475,73.43,16.192,0.09,1.32,0.0
ATOM,3910.0,HG1,THR,265.0,-41.004,74.112,15.098,0.43,0.2245,8.74
ATOM,3911.0,N,ALA,266.0,-36.798,72.86,12.894,-0.47,1.85,0.85
ATOM,3912.0,CA,ALA,266.0,-35.563,72.129,12.616,0.07,2.275,1.91
ATOM,3913.0,C,ALA,266.0,-35.378,71.043,13.667,0.51,2.0,0.0
ATOM,3914.0,O,ALA,266.0,-35.193,71.342,14.846,-0.51,1.7,0.0
ATOM,3915.0,CB,ALA,266.0,-34.367,73.081,12.632,-0.27,2.06,1.22
ATOM,3916.0,H,ALA,266.0,-36.815,73.831,13.266,0.31,0.2245,0.0
ATOM,3917.0,HA,ALA,266.0,-35.638,71.697,11.717,0.09,1.32,1.37
ATOM,3918.0,HB1,ALA,266.0,-34.694,74.023,12.686,0.09,1.32,0.21
ATOM,3919.0,HB2,ALA,266.0,-33.794,72.88,13.425,0.09,1.32,0.0
ATOM,3920.0,HB3,ALA,266.0,-33.836,72.959,11.795,0.09,1.32,0.0
ATOM,3921.0,N,VAL,267.0,-35.435,69.785,13.237,-0.47,1.85,0.0
ATOM,3922.0,CA,VAL,267.0,-35.274,68.666,14.159,0.07,2.275,0.0
ATOM,3923.0,C,VAL,267.0,-34.037,67.823,13.864,0.51,2.0,0.0
ATOM,3924.0,O,VAL,267.0,-33.896,67.24,12.785,-0.51,1.7,0.0
ATOM,3925.0,CB,VAL,267.0,-36.508,67.75,14.15,-0.09,2.275,0.0
ATOM,3926.0,CG1,VAL,267.0,-36.309,66.595,15.105,-0.27,2.06,0.0
ATOM,3927.0,CG2,VAL,267.0,-37.723,68.548,14.548,-0.27,2.06,0.0
ATOM,3928.0,H,VAL,267.0,-35.599,69.675,12.222,0.31,0.2245,0.66
ATOM,3929.0,HA,VAL,267.0,-35.176,69.043,15.096,0.09,1.32,0.0
ATOM,3930.0,HB,VAL,267.0,-36.592,67.366,13.236,0.09,1.32,0.0
ATOM,3931.0,HG11,VAL,267.0,-36.208,65.742,14.589,0.09,1.32,0.0
ATOM,3932.0,HG12,VAL,267.0,-35.485,66.747,15.653,0.09,1.32,0.0
ATOM,3933.0,HG13,VAL,267.0,-37.1,66.519,15.715,0.09,1.32,0.0
ATOM,3934.0,HG21,VAL,267.0,-38.552,68.08,14.234,0.09,1.32,0.0
ATOM,3935.0,HG22,VAL,267.0,-37.753,68.642,15.545,0.09,1.32,0.0
ATOM,3936.0,HG23,VAL,267.0,-37.68,69.459,14.131,0.09,1.32,0.0
ATOM,3937.0,N,VAL,268.0,-33.146,67.776,14.848,-0.47,1.85,0.0
ATOM,3938.0,CA,VAL,268.0,-31.915,67.014,14.767,0.07,2.275,0.0
ATOM,3939.0,C,VAL,268.0,-31.977,65.838,15.738,0.51,2.0,0.0
ATOM,3940.0,O,VAL,268.0,-32.451,65.973,16.869,-0.51,1.7,0.0
ATOM,3941.0,CB,VAL,268.0,-30.719,67.892,15.137,-0.09,2.275,0.0
ATOM,3942.0,CG1,VAL,268.0,-29.443,67.056,15.161,-0.27,2.06,0.0
ATOM,3943.0,CG2,VAL,268.0,-30.606,69.046,14.148,-0.27,2.06,0.0
ATOM,3944.0,H,VAL,268.0,-33.413,68.341,15.692,0.31,0.2245,0.0
ATOM,3945.0,HA,VAL,268.0,-31.831,66.642,13.84,0.09,1.32,0.0
ATOM,3946.0,HB,VAL,268.0,-30.858,68.229,16.062,0.09,1.32,0.0
ATOM,3947.0,HG11,VAL,268.0,-29.681,66.089,15.245,0.09,1.32,0.0
ATOM,3948.0,HG12,VAL,268.0,-28.934,67.202,14.314,0.09,1.32,0.0
ATOM,3949.0,HG13,VAL,268.0,-28.881,67.331,15.94,0.09,1.32,0.0
ATOM,3950.0,HG21,VAL,268.0,-30.228,68.706,13.288,0.09,1.32,0.0
ATOM,3951.0,HG22,VAL,268.0,-31.514,69.432,13.988,0.09,1.32,0.0
ATOM,3952.0,HG23,VAL,268.0,-30.003,69.747,14.528,0.09,1.32,0.0
ATOM,3953.0,N,ARG,269.0,-31.506,64.683,15.291,-0.47,1.85,0.0
ATOM,3954.0,CA,ARG,269.0,-31.511,63.502,16.138,0.07,2.275,0.0
ATOM,3955.0,C,ARG,269.0,-30.105,63.204,16.633,0.51,2.0,0.0
ATOM,3956.0,O,ARG,269.0,-29.19,62.949,15.843,-0.51,1.7,0.0
ATOM,3957.0,CB,ARG,269.0,-32.052,62.279,15.385,-0.18,2.175,0.0
ATOM,3958.0,CG,ARG,269.0,-33.489,62.4,14.928,-0.18,2.175,0.04
ATOM,3959.0,CD,ARG,269.0,-34.01,61.083,14.379,0.2,2.175,0.0
ATOM,3960.0,NE,ARG,269.0,-33.104,60.515,13.389,-0.7,1.85,0.0
ATOM,3961.0,CZ,ARG,269.0,-32.17,59.615,13.666,0.64,2.0,0.0
ATOM,3962.0,NH1,ARG,269.0,-32.033,59.184,14.905,-0.8,1.85,0.31
ATOM,3963.0,NH2,ARG,269.0,-31.365,59.159,12.714,-0.8,1.85,0.05
ATOM,3964.0,H,ARG,269.0,-31.148,64.697,14.322,0.31,0.2245,0.0
ATOM,3965.0,HA,ARG,269.0,-32.103,63.672,16.933,0.09,1.32,0.0
ATOM,3966.0,HB2,ARG,269.0,-31.478,62.135,14.58,0.09,1.32,0.0
ATOM,3967.0,HB3,ARG,269.0,-31.982,61.489,15.992,0.09,1.32,0.0
ATOM,3968.0,HG2,ARG,269.0,-34.065,62.664,15.698,0.09,1.32,0.0
ATOM,3969.0,HG3,ARG,269.0,-33.554,63.084,14.205,0.09,1.32,0.0
ATOM,3970.0,HD2,ARG,269.0,-34.109,60.448,15.14,0.09,1.32,0.0
ATOM,3971.0,HD3,ARG,269.0,-34.896,61.254,13.957,0.09,1.32,0.0
ATOM,3972.0,HE,ARG,269.0,-33.193,60.825,12.435,0.44,0.2245,0.0
ATOM,3973.0,HH11,ARG,269.0,-32.623,59.497,15.643,0.46,0.2245,0.0
ATOM,3974.0,HH12,ARG,269.0,-31.305,58.51,15.119,0.46,0.2245,0.0
ATOM,3975.0,HH21,ARG,269.0,-31.485,59.491,11.773,0.46,0.2245,0.0
ATOM,3976.0,HH22,ARG,269.0,-30.654,58.498,12.926,0.46,0.2245,0.0
ATOM,3977.0,N,SER,270.0,-29.94,63.262,17.95,-0.47,1.85,0.0
ATOM,3978.0,CA,SER,270.0,-28.668,62.968,18.573,0.07,2.275,0.0
ATOM,3979.0,C,SER,270.0,-28.939,61.837,19.548,0.51,2.0,0.0
ATOM,3980.0,O,SER,270.0,-30.043,61.292,19.573,-0.51,1.7,0.0
ATOM,3981.0,CB,SER,270.0,-28.134,64.188,19.309,0.05,2.175,0.0
ATOM,3982.0,OG,SER,270.0,-26.814,63.941,19.758,-0.66,1.77,0.0
ATOM,3983.0,H,SER,270.0,-30.794,63.533,18.481,0.31,0.2245,0.0
ATOM,3984.0,HA,SER,270.0,-28.047,62.633,17.88,0.09,1.32,0.0
ATOM,3985.0,HB2,SER,270.0,-28.125,64.962,18.689,0.09,1.32,0.0
ATOM,3986.0,HB3,SER,270.0,-28.713,64.372,20.093,0.09,1.32,0.0
ATOM,3987.0,HG,SER,270.0,-26.361,64.809,19.956,0.43,0.2245,0.0
ATOM,3988.0,N,SER,271.0,-27.952,61.472,20.355,-0.47,1.85,0.0
ATOM,3989.0,CA,SER,271.0,-28.161,60.381,21.295,0.07,2.275,0.0
ATOM,3990.0,C,SER,271.0,-27.697,60.725,22.718,0.51,2.0,0.0
ATOM,3991.0,O,SER,271.0,-26.848,61.599,22.91,-0.51,1.7,1.09
ATOM,3992.0,CB,SER,271.0,-27.437,59.123,20.781,0.05,2.175,3.91
ATOM,3993.0,OG,SER,271.0,-27.498,58.049,21.716,-0.66,1.77,0.0
ATOM,3994.0,H,SER,271.0,-27.078,61.998,20.262,0.31,0.2245,1.17
ATOM,3995.0,HA,SER,271.0,-29.154,60.186,21.339,0.09,1.32,0.0
ATOM,3996.0,HB2,SER,271.0,-27.867,58.834,19.929,0.09,1.32,0.0
ATOM,3997.0,HB3,SER,271.0,-26.48,59.352,20.616,0.09,1.32,4.69
ATOM,3998.0,HG,SER,271.0,-27.79,57.219,21.245,0.43,0.2245,0.0
ATOM,3999.0,N,ARG,272.0,-28.288,60.059,23.71,-0.47,1.85,0.0
ATOM,4000.0,CA,ARG,272.0,-27.906,60.261,25.1,0.07,2.275,1.17
ATOM,4001.0,C,ARG,272.0,-26.654,59.416,25.324,0.51,2.0,0.04
ATOM,4002.0,O,ARG,272.0,-25.922,59.62,26.292,-0.51,1.7,19.22
ATOM,4003.0,CB,ARG,272.0,-29.018,59.808,26.068,-0.18,2.175,0.01
ATOM,4004.0,CG,ARG,272.0,-29.61,58.456,25.731,-0.18,2.175,0.0
ATOM,4005.0,CD,ARG,272.0,-29.739,57.548,26.921,0.2,2.175,7.23
ATOM,4006.0,NE,ARG,272.0,-31.1,57.466,27.43,-0.7,1.85,0.49
ATOM,4007.0,CZ,ARG,272.0,-31.656,56.323,27.819,0.64,2.0,1.84
ATOM,4008.0,NH1,ARG,272.0,-30.963,55.186,27.745,-0.8,1.85,17.86
ATOM,4009.0,NH2,ARG,272.0,-32.891,56.312,28.294,-0.8,1.85,6.86
ATOM,4010.0,H,ARG,272.0,-29.029,59.398,23.407,0.31,0.2245,0.0
ATOM,4011.0,HA,ARG,272.0,-27.677,61.212,25.242,0.09,1.32,2.18
ATOM,4012.0,HB2,ARG,272.0,-28.627,59.762,26.981,0.09,1.32,0.0
ATOM,4013.0,HB3,ARG,272.0,-29.744,60.486,26.036,0.09,1.32,0.0
ATOM,4014.0,HG2,ARG,272.0,-30.525,58.586,25.33,0.09,1.32,0.0
ATOM,4015.0,HG3,ARG,272.0,-29.027,58.001,25.048,0.09,1.32,0.0
ATOM,4016.0,HD2,ARG,272.0,-29.434,56.631,26.653,0.09,1.32,0.13
ATOM,4017.0,HD3,ARG,272.0,-29.138,57.893,27.647,0.09,1.32,4.06
ATOM,4018.0,HE,ARG,272.0,-31.64,58.303,27.49,0.44,0.2245,0.0
ATOM,4019.0,HH11,ARG,272.0,-30.023,55.178,27.421,0.46,0.2245,8.86
ATOM,4020.0,HH12,ARG,272.0,-31.4,54.323,28.024,0.46,0.2245,18.55
ATOM,4021.0,HH21,ARG,272.0,-33.398,57.175,28.377,0.46,0.2245,0.0
ATOM,4022.0,HH22,ARG,272.0,-33.319,55.454,28.57,0.46,0.2245,9.67
ATOM,4023.0,N,VAL,273.0,-26.423,58.467,24.418,-0.47,1.85,0.0
ATOM,4024.0,CA,VAL,273.0,-25.269,57.57,24.476,0.07,2.275,0.0
ATOM,4025.0,C,VAL,273.0,-23.981,58.372,24.274,0.51,2.0,0.0
ATOM,4026.0,O,VAL,273.0,-23.792,58.992,23.237,-0.51,1.7,7.29
ATOM,4027.0,CB,VAL,273.0,-25.402,56.476,23.404,-0.09,2.275,0.55
ATOM,4028.0,CG1,VAL,273.0,-24.184,55.593,23.427,-0.27,2.06,20.17
ATOM,4029.0,CG2,VAL,273.0,-26.674,55.656,23.662,-0.27,2.06,10.8
ATOM,4030.0,H,VAL,273.0,-27.141,58.418,23.657,0.31,0.2245,0.0
ATOM,4031.0,HA,VAL,273.0,-25.236,57.16,25.388,0.09,1.32,1.69
ATOM,4032.0,HB,VAL,273.0,-25.427,56.926,22.518,0.09,1.32,1.55
ATOM,4033.0,HG11,VAL,273.0,-23.894,55.434,24.374,0.09,1.32,2.19
ATOM,4034.0,HG12,VAL,273.0,-24.392,54.711,22.998,0.09,1.32,8.91
ATOM,4035.0,HG13,VAL,273.0,-23.434,56.031,22.925,0.09,1.32,0.0
ATOM,4036.0,HG21,VAL,273.0,-27.317,55.812,22.915,0.09,1.32,0.0
ATOM,4037.0,HG22,VAL,273.0,-26.432,54.689,23.708,0.09,1.32,6.9
ATOM,4038.0,HG23,VAL,273.0,-27.077,55.948,24.526,0.09,1.32,0.4
ATOM,4039.0,N,PRO,274.0,-23.07,58.342,25.265,-0.29,1.85,0.0
ATOM,4040.0,CA,PRO,274.0,-21.787,59.066,25.266,0.02,2.275,0.93
ATOM,4041.0,C,PRO,274.0,-20.813,58.928,24.114,0.51,2.0,0.13
ATOM,4042.0,O,PRO,274.0,-20.051,59.841,23.83,-0.51,1.7,8.52
ATOM,4043.0,CB,PRO,274.0,-21.148,58.634,26.585,-0.18,2.175,17.84
ATOM,4044.0,CG,PRO,274.0,-21.673,57.264,26.78,-0.18,2.175,21.29
ATOM,4045.0,CD,PRO,274.0,-23.128,57.398,26.399,0.0,2.175,11.48
ATOM,4046.0,HA,PRO,274.0,-21.975,60.087,25.453,0.09,1.32,10.03
ATOM,4047.0,HB2,PRO,274.0,-20.151,58.635,26.51,0.09,1.32,3.76
ATOM,4048.0,HB3,PRO,274.0,-21.428,59.241,27.327,0.09,1.32,11.27
ATOM,4049.0,HG2,PRO,274.0,-21.211,56.613,26.182,0.09,1.32,3.09
ATOM,4050.0,HG3,PRO,274.0,-21.583,56.977,27.73,0.09,1.32,11.26
ATOM,4051.0,HD2,PRO,274.0,-23.51,56.526,26.11,0.09,1.32,1.95
ATOM,4052.0,HD3,PRO,274.0,-23.666,57.779,27.145,0.09,1.32,6.78
ATOM,4053.0,N,THR,275.0,-20.842,57.795,23.435,-0.47,1.85,0.0
ATOM,4054.0,CA,THR,275.0,-19.892,57.556,22.366,0.07,2.275,0.58
ATOM,4055.0,C,THR,275.0,-20.553,57.057,21.097,0.51,2.0,0.0
ATOM,4056.0,O,THR,275.0,-21.579,56.383,21.149,-0.51,1.7,9.58
ATOM,4057.0,CB,THR,275.0,-18.863,56.539,22.884,0.14,2.275,4.3
ATOM,4058.0,OG1,THR,275.0,-17.95,57.212,23.758,-0.66,1.77,10.68
ATOM,4059.0,CG2,THR,275.0,-18.122,55.867,21.767,-0.27,2.06,25.81
ATOM,4060.0,H,THR,275.0,-21.571,57.123,23.722,0.31,0.2245,0.0
ATOM,4061.0,HA,THR,275.0,-19.418,58.43,22.156,0.09,1.32,0.0
ATOM,4062.0,HB,THR,275.0,-19.348,55.823,23.42,0.09,1.32,7.45
ATOM,4063.0,HG21,THR,275.0,-17.859,56.539,21.066,0.09,1.32,0.0
ATOM,4064.0,HG22,THR,275.0,-17.287,55.426,22.115,0.09,1.32,10.14
ATOM,4065.0,HG23,THR,275.0,-18.699,55.164,21.336,0.09,1.32,7.27
ATOM,4066.0,HG1,THR,275.0,-17.106,57.451,23.266,0.43,0.2245,1.28
ATOM,4067.0,N,GLY,276.0,-19.975,57.393,19.951,-0.47,1.85,0.0
ATOM,4068.0,CA,GLY,276.0,-20.543,56.925,18.703,-0.02,2.175,8.7
ATOM,4069.0,C,GLY,276.0,-21.366,57.952,17.951,0.51,2.0,1.28
ATOM,4070.0,O,GLY,276.0,-21.732,58.99,18.494,-0.51,1.7,10.21
ATOM,4071.0,H,GLY,276.0,-19.138,57.98,20.028,0.31,0.2245,0.0
ATOM,4072.0,HA2,GLY,276.0,-19.788,56.593,18.094,0.09,1.32,9.89
ATOM,4073.0,HA3,GLY,276.0,-21.126,56.102,18.887,0.09,1.32,8.01
ATOM,4074.0,N,ALA,277.0,-21.658,57.646,16.692,-0.47,1.85,0.25
ATOM,4075.0,CA,ALA,277.0,-22.416,58.541,15.843,0.07,2.275,0.0
ATOM,4076.0,C,ALA,277.0,-23.862,58.118,15.733,0.51,2.0,1.33
ATOM,4077.0,O,ALA,277.0,-24.208,56.95,15.87,-0.51,1.7,13.35
ATOM,4078.0,CB,ALA,277.0,-21.787,58.602,14.451,-0.27,2.06,19.47
ATOM,4079.0,H,ALA,277.0,-21.298,56.72,16.378,0.31,0.2245,11.14
ATOM,4080.0,HA,ALA,277.0,-22.38,59.474,16.238,0.09,1.32,0.0
ATOM,4081.0,HB1,ALA,277.0,-20.792,58.62,14.538,0.09,1.32,1.94
ATOM,4082.0,HB2,ALA,277.0,-22.063,57.798,13.928,0.09,1.32,0.99
ATOM,4083.0,HB3,ALA,277.0,-22.097,59.428,13.984,0.09,1.32,0.0
ATOM,4084.0,N,THR,278.0,-24.682,59.093,15.507,-0.47,1.85,0.0
ATOM,4085.0,CA,THR,278.0,-26.096,58.891,15.213,0.07,2.275,0.0
ATOM,4086.0,C,THR,278.0,-26.078,58.909,13.701,0.51,2.0,0.0
ATOM,4087.0,O,THR,278.0,-25.854,59.961,13.084,-0.51,1.7,0.59
ATOM,4088.0,CB,THR,278.0,-26.984,60.027,15.773,0.14,2.275,0.0
ATOM,4089.0,OG1,THR,278.0,-26.829,60.108,17.192,-0.66,1.77,1.98
ATOM,4090.0,CG2,THR,278.0,-28.442,59.77,15.414,-0.27,2.06,0.0
ATOM,4091.0,H,THR,278.0,-24.254,60.054,15.55,0.31,0.2245,0.0
ATOM,4092.0,HA,THR,278.0,-26.357,58.005,15.514,0.09,1.32,0.0
ATOM,4093.0,HB,THR,278.0,-26.677,60.911,15.365,0.09,1.32,0.0
ATOM,4094.0,HG21,THR,278.0,-28.496,59.305,14.528,0.09,1.32,0.0
ATOM,4095.0,HG22,THR,278.0,-28.867,59.193,16.115,0.09,1.32,0.0
ATOM,4096.0,HG23,THR,278.0,-28.936,60.64,15.36,0.09,1.32,0.0
ATOM,4097.0,HG1,THR,278.0,-27.688,60.406,17.623,0.43,0.2245,0.0
ATOM,4098.0,N,THR,279.0,-26.322,57.759,13.082,-0.47,1.85,0.0
ATOM,4099.0,CA,THR,279.0,-26.254,57.628,11.638,0.07,2.275,0.0
ATOM,4100.0,C,THR,279.0,-27.58,57.848,10.948,0.51,2.0,0.0
ATOM,4101.0,O,THR,279.0,-28.627,57.784,11.584,-0.51,1.7,0.0
ATOM,4102.0,CB,THR,279.0,-25.697,56.258,11.314,0.14,2.275,3.84
ATOM,4103.0,OG1,THR,279.0,-26.52,55.268,11.943,-0.66,1.77,1.71
ATOM,4104.0,CG2,THR,279.0,-24.309,56.149,11.859,-0.27,2.06,25.01
ATOM,4105.0,H,THR,279.0,-26.564,56.969,13.719,0.31,0.2245,0.0
ATOM,4106.0,HA,THR,279.0,-25.591,58.318,11.286,0.09,1.32,4.39
ATOM,4107.0,HB,THR,279.0,-25.737,56.104,10.307,0.09,1.32,3.75
ATOM,4108.0,HG21,THR,279.0,-24.065,56.98,12.372,0.09,1.32,0.0
ATOM,4109.0,HG22,THR,279.0,-24.234,55.359,12.479,0.09,1.32,6.94
ATOM,4110.0,HG23,THR,279.0,-23.644,56.03,11.112,0.09,1.32,11.93
ATOM,4111.0,HG1,THR,279.0,-27.009,54.728,11.25,0.43,0.2245,2.49
ATOM,4112.0,N,GLN,280.0,-27.514,58.097,9.642,-0.47,1.85,0.0
ATOM,4113.0,CA,GLN,280.0,-28.7,58.353,8.838,0.07,2.275,0.0
ATOM,4114.0,C,GLN,280.0,-29.376,57.079,8.355,0.51,2.0,0.0
ATOM,4115.0,O,GLN,280.0,-30.576,57.065,8.099,-0.51,1.7,8.94
ATOM,4116.0,CB,GLN,280.0,-28.336,59.222,7.634,-0.18,2.175,7.15
ATOM,4117.0,CG,GLN,280.0,-27.686,60.55,7.993,-0.18,2.175,0.32
ATOM,4118.0,CD,GLN,280.0,-27.342,61.388,6.772,0.55,2.0,0.86
ATOM,4119.0,H,GLN,280.0,-26.547,58.092,9.251,0.31,0.2245,5.98
ATOM,4120.0,HA,GLN,280.0,-29.366,58.855,9.417,0.09,1.32,0.0
ATOM,4121.0,HB2,GLN,280.0,-27.699,58.712,7.05,0.09,1.32,8.22
ATOM,4122.0,HB3,GLN,280.0,-29.172,59.416,7.113,0.09,1.32,5.22
ATOM,4123.0,HG2,GLN,280.0,-28.317,61.071,8.568,0.09,1.32,0.0
ATOM,4124.0,HG3,GLN,280.0,-26.844,60.369,8.501,0.09,1.32,1.46
ATOM,4125.0,OE1,GLN,280.0,-28.21,61.691,5.951,-0.55,1.7,24.75
ATOM,4126.0,NE2,GLN,280.0,-26.072,61.77,6.65,-0.62,1.85,11.32
ATOM,4127.0,HE21,GLN,280.0,-25.768,62.319,5.854,0.32,0.2245,9.55
ATOM,4128.0,HE22,GLN,280.0,-25.409,61.5,7.375,0.3,0.2245,10.8
ATOM,4129.0,N,ASP,281.0,-28.606,56.006,8.227,-0.47,1.85,0.0
ATOM,4130.0,CA,ASP,281.0,-29.169,54.74,7.774,0.07,2.275,1.89
ATOM,4131.0,C,ASP,281.0,-29.423,53.811,8.957,0.51,2.0,0.0
ATOM,4132.0,O,ASP,281.0,-28.629,52.908,9.227,-0.51,1.7,15.18
ATOM,4133.0,CB,ASP,281.0,-28.22,54.054,6.795,-0.28,2.175,15.6
ATOM,4134.0,CG,ASP,281.0,-28.916,52.997,5.961,0.62,2.0,4.27
ATOM,4135.0,OD1,ASP,281.0,-29.503,53.36,4.917,-0.76,1.7,43.17
ATOM,4136.0,OD2,ASP,281.0,-28.893,51.81,6.359,-0.76,1.7,39.86
ATOM,4137.0,H,ASP,281.0,-27.613,56.142,8.467,0.31,0.2245,1.78
ATOM,4138.0,HA,ASP,281.0,-30.063,54.941,7.361,0.09,1.32,4.22
ATOM,4139.0,HB2,ASP,281.0,-27.849,54.747,6.188,0.09,1.32,9.33
ATOM,4140.0,HB3,ASP,281.0,-27.496,53.623,7.318,0.09,1.32,6.34
ATOM,4141.0,N,ALA,282.0,-30.53,54.035,9.659,-0.47,1.85,0.06
ATOM,4142.0,CA,ALA,282.0,-30.884,53.215,10.811,0.07,2.275,4.64
ATOM,4143.0,C,ALA,282.0,-32.385,52.943,10.84,0.51,2.0,1.92
ATOM,4144.0,O,ALA,282.0,-33.022,52.807,9.792,-0.51,1.7,22.69
ATOM,4145.0,CB,ALA,282.0,-30.455,53.913,12.093,-0.27,2.06,4.74
ATOM,4146.0,H,ALA,282.0,-31.108,54.829,9.321,0.31,0.2245,0.46
ATOM,4147.0,HA,ALA,282.0,-30.401,52.335,10.745,0.09,1.32,7.8
ATOM,4148.0,HB1,ALA,282.0,-29.58,53.54,12.4,0.09,1.32,0.98
ATOM,4149.0,HB2,ALA,282.0,-30.356,54.893,11.923,0.09,1.32,0.0
ATOM,4150.0,HB3,ALA,282.0,-31.146,53.766,12.801,0.09,1.32,0.0
ATOM,4151.0,N,GLU,283.0,-32.943,52.857,12.044,-0.47,1.85,1.09
ATOM,4152.0,CA,GLU,283.0,-34.371,52.614,12.208,0.07,2.275,0.42
ATOM,4153.0,C,GLU,283.0,-35.166,53.727,11.534,0.51,2.0,0.66
ATOM,4154.0,O,GLU,283.0,-35.933,53.479,10.604,-0.51,1.7,25.73
ATOM,4155.0,CB,GLU,283.0,-34.746,52.568,13.694,-0.18,2.175,1.84
ATOM,4156.0,CG,GLU,283.0,-35.212,51.212,14.198,-0.28,2.175,20.33
ATOM,4157.0,CD,GLU,283.0,-34.064,50.273,14.505,0.62,2.0,3.42
ATOM,4158.0,OE1,GLU,283.0,-33.3,50.558,15.457,-0.76,1.7,23.39
ATOM,4159.0,OE2,GLU,283.0,-33.926,49.253,13.795,-0.76,1.7,43.61
ATOM,4160.0,H,GLU,283.0,-32.286,52.976,12.839,0.31,0.2245,0.51
ATOM,4161.0,HA,GLU,283.0,-34.615,51.733,11.797,0.09,1.32,6.1
ATOM,4162.0,HB2,GLU,283.0,-33.943,52.82,14.212,0.09,1.32,0.0
ATOM,4163.0,HB3,GLU,283.0,-35.483,53.21,13.836,0.09,1.32,2.62
ATOM,4164.0,HG2,GLU,283.0,-35.716,51.35,15.031,0.09,1.32,8.78
ATOM,4165.0,HG3,GLU,283.0,-35.76,50.793,13.497,0.09,1.32,7.96
ATOM,4166.0,N,VAL,284.0,-34.964,54.953,12.007,-0.47,1.85,0.0
ATOM,4167.0,CA,VAL,284.0,-35.668,56.12,11.487,0.07,2.275,0.16
ATOM,4168.0,C,VAL,284.0,-35.211,56.573,10.099,0.51,2.0,0.05
ATOM,4169.0,O,VAL,284.0,-34.02,56.543,9.778,-0.51,1.7,1.2
ATOM,4170.0,CB,VAL,284.0,-35.537,57.308,12.466,-0.09,2.275,0.0
ATOM,4171.0,CG1,VAL,284.0,-36.384,58.479,11.992,-0.27,2.06,0.0
ATOM,4172.0,CG2,VAL,284.0,-35.948,56.871,13.864,-0.27,2.06,4.22
ATOM,4173.0,H,VAL,284.0,-34.262,55.008,12.778,0.31,0.2245,0.42
ATOM,4174.0,HA,VAL,284.0,-36.66,55.886,11.424,0.09,1.32,4.97
ATOM,4175.0,HB,VAL,284.0,-34.589,57.607,12.45,0.09,1.32,0.0
ATOM,4176.0,HG11,VAL,284.0,-37.254,58.139,11.634,0.09,1.32,0.0
ATOM,4177.0,HG12,VAL,284.0,-36.559,59.097,12.758,0.09,1.32,0.0
ATOM,4178.0,HG13,VAL,284.0,-35.898,58.973,11.271,0.09,1.32,0.0
ATOM,4179.0,HG21,VAL,284.0,-36.669,57.476,14.201,0.09,1.32,0.0
ATOM,4180.0,HG22,VAL,284.0,-36.287,55.931,13.83,0.09,1.32,2.72
ATOM,4181.0,HG23,VAL,284.0,-35.156,56.921,14.472,0.09,1.32,0.01
ATOM,4182.0,N,ASP,285.0,-36.181,56.988,9.283,-0.47,1.85,0.08
ATOM,4183.0,CA,ASP,285.0,-35.93,57.478,7.927,0.07,2.275,1.46
ATOM,4184.0,C,ASP,285.0,-36.08,58.994,7.892,0.51,2.0,0.0
ATOM,4185.0,O,ASP,285.0,-37.13,59.523,7.52,-0.51,1.7,0.0
ATOM,4186.0,CB,ASP,285.0,-36.912,56.848,6.934,-0.28,2.175,15.98
ATOM,4187.0,CG,ASP,285.0,-36.989,57.615,5.618,0.62,2.0,3.39
ATOM,4188.0,OD1,ASP,285.0,-35.929,57.937,5.039,-0.76,1.7,17.45
ATOM,4189.0,OD2,ASP,285.0,-38.116,57.893,5.161,-0.76,1.7,14.46
ATOM,4190.0,H,ASP,285.0,-37.141,56.933,9.697,0.31,0.2245,1.34
ATOM,4191.0,HA,ASP,285.0,-34.974,57.271,7.709,0.09,1.32,3.45
ATOM,4192.0,HB2,ASP,285.0,-36.607,55.923,6.744,0.09,1.32,10.85
ATOM,4193.0,HB3,ASP,285.0,-37.812,56.843,7.351,0.09,1.32,1.84
ATOM,4194.0,N,ASP,286.0,-35.015,59.682,8.277,-0.47,1.85,0.26
ATOM,4195.0,CA,ASP,286.0,-35.005,61.134,8.327,0.07,2.275,0.0
ATOM,4196.0,C,ASP,286.0,-35.501,61.81,7.057,0.51,2.0,0.23
ATOM,4197.0,O,ASP,286.0,-36.113,62.878,7.12,-0.51,1.7,0.67
ATOM,4198.0,CB,ASP,286.0,-33.596,61.625,8.649,-0.28,2.175,3.98
ATOM,4199.0,CG,ASP,286.0,-33.055,61.024,9.925,0.62,2.0,0.0
ATOM,4200.0,OD1,ASP,286.0,-33.704,61.202,10.971,-0.76,1.7,0.0
ATOM,4201.0,OD2,ASP,286.0,-31.986,60.373,9.883,-0.76,1.7,0.0
ATOM,4202.0,H,ASP,286.0,-34.192,59.095,8.539,0.31,0.2245,0.41
ATOM,4203.0,HA,ASP,286.0,-35.639,61.413,9.077,0.09,1.32,0.0
ATOM,4204.0,HB2,ASP,286.0,-33.002,61.369,7.896,0.09,1.32,4.77
ATOM,4205.0,HB3,ASP,286.0,-33.629,62.612,8.747,0.09,1.32,0.0
ATOM,4206.0,N,ALA,287.0,-35.236,61.188,5.911,-0.47,1.85,1.24
ATOM,4207.0,CA,ALA,287.0,-35.639,61.732,4.615,0.07,2.275,2.59
ATOM,4208.0,C,ALA,287.0,-37.136,62.033,4.542,0.51,2.0,0.12
ATOM,4209.0,O,ALA,287.0,-37.542,63.107,4.088,-0.51,1.7,23.67
ATOM,4210.0,CB,ALA,287.0,-35.248,60.76,3.507,-0.27,2.06,29.51
ATOM,4211.0,H,ALA,287.0,-34.721,60.288,6.015,0.31,0.2245,3.08
ATOM,4212.0,HA,ALA,287.0,-35.131,62.594,4.454,0.09,1.32,5.04
ATOM,4213.0,HB1,ALA,287.0,-34.269,60.84,3.324,0.09,1.32,11.67
ATOM,4214.0,HB2,ALA,287.0,-35.458,59.826,3.794,0.09,1.32,0.0
ATOM,4215.0,HB3,ALA,287.0,-35.761,60.977,2.678,0.09,1.32,9.78
ATOM,4216.0,N,LYS,288.0,-37.948,61.083,4.997,-0.47,1.85,0.19
ATOM,4217.0,CA,LYS,288.0,-39.398,61.235,4.976,0.07,2.275,3.21
ATOM,4218.0,C,LYS,288.0,-39.91,62.247,5.983,0.51,2.0,0.0
ATOM,4219.0,O,LYS,288.0,-40.83,63.018,5.696,-0.51,1.7,13.27
ATOM,4220.0,CB,LYS,288.0,-40.086,59.892,5.255,-0.18,2.175,1.62
ATOM,4221.0,CG,LYS,288.0,-41.589,60.015,5.465,-0.18,2.175,3.54
ATOM,4222.0,CD,LYS,288.0,-42.267,58.678,5.654,-0.18,2.175,6.82
ATOM,4223.0,CE,LYS,288.0,-43.77,58.87,5.784,0.21,2.175,15.74
ATOM,4224.0,NZ,LYS,288.0,-44.493,57.575,5.89,-0.3,1.85,13.21
ATOM,4225.0,H,LYS,288.0,-37.466,60.237,5.363,0.31,0.2245,0.0
ATOM,4226.0,HA,LYS,288.0,-39.679,61.532,4.044,0.09,1.32,9.47
ATOM,4227.0,HB2,LYS,288.0,-39.925,59.294,4.477,0.09,1.32,5.22
ATOM,4228.0,HB3,LYS,288.0,-39.684,59.503,6.078,0.09,1.32,0.0
ATOM,4229.0,HG2,LYS,288.0,-41.756,60.585,6.278,0.09,1.32,0.29
ATOM,4230.0,HG3,LYS,288.0,-41.991,60.477,4.666,0.09,1.32,8.05
ATOM,4231.0,HD2,LYS,288.0,-42.09,58.108,4.864,0.09,1.32,9.33
ATOM,4232.0,HD3,LYS,288.0,-41.931,58.255,6.483,0.09,1.32,0.34
ATOM,4233.0,HE2,LYS,288.0,-43.957,59.421,6.604,0.05,1.32,3.31
ATOM,4234.0,HE3,LYS,288.0,-44.105,59.37,4.979,0.05,1.32,10.11
ATOM,4235.0,HZ1,LYS,288.0,-45.037,57.566,6.729,0.33,0.2245,16.78
ATOM,4236.0,HZ2,LYS,288.0,-45.095,57.465,5.099,0.33,0.2245,20.51
ATOM,4237.0,HZ3,LYS,288.0,-43.831,56.826,5.913,0.33,0.2245,13.42
ATOM,4238.0,N,TYR,289.0,-39.304,62.241,7.163,-0.47,1.85,0.0
ATOM,4239.0,CA,TYR,289.0,-39.728,63.114,8.242,0.07,2.275,0.0
ATOM,4240.0,C,TYR,289.0,-39.065,64.482,8.321,0.51,2.0,0.29
ATOM,4241.0,O,TYR,289.0,-39.618,65.406,8.922,-0.51,1.7,0.03
ATOM,4242.0,CB,TYR,289.0,-39.552,62.361,9.547,-0.18,2.175,0.0
ATOM,4243.0,CG,TYR,289.0,-40.268,61.038,9.529,0.0,1.9924,0.0
ATOM,4244.0,CD1,TYR,289.0,-41.658,60.987,9.538,-0.115,1.9924,1.4
ATOM,4245.0,CD2,TYR,289.0,-39.559,59.836,9.507,-0.115,1.9924,0.0
ATOM,4246.0,CE1,TYR,289.0,-42.331,59.77,9.533,-0.115,1.9924,2.5
ATOM,4247.0,CE2,TYR,289.0,-40.222,58.611,9.501,-0.115,1.9924,0.3
ATOM,4248.0,CZ,TYR,289.0,-41.611,58.587,9.517,0.11,1.9924,0.0
ATOM,4249.0,OH,TYR,289.0,-42.288,57.388,9.541,-0.54,1.77,18.32
ATOM,4250.0,H,TYR,289.0,-38.514,61.569,7.244,0.31,0.2245,0.0
ATOM,4251.0,HA,TYR,289.0,-40.745,63.266,8.146,0.09,1.32,0.04
ATOM,4252.0,HB2,TYR,289.0,-38.586,62.192,9.687,0.09,1.32,0.0
ATOM,4253.0,HB3,TYR,289.0,-39.928,62.909,10.281,0.09,1.32,0.0
ATOM,4254.0,HD1,TYR,289.0,-42.185,61.838,9.549,0.115,1.3582,4.36
ATOM,4255.0,HD2,TYR,289.0,-38.563,59.854,9.494,0.115,1.3582,0.0
ATOM,4256.0,HE1,TYR,289.0,-43.333,59.751,9.54,0.115,1.3582,12.65
ATOM,4257.0,HE2,TYR,289.0,-39.705,57.759,9.486,0.115,1.3582,1.96
ATOM,4258.0,HH,TYR,289.0,-41.657,56.661,9.807,0.43,0.2245,19.47
ATOM,4259.0,N,GLY,290.0,-37.889,64.612,7.716,-0.47,1.85,0.36
ATOM,4260.0,CA,GLY,290.0,-37.18,65.879,7.736,-0.02,2.175,7.81
ATOM,4261.0,C,GLY,290.0,-36.207,66.019,8.893,0.51,2.0,0.0
ATOM,4262.0,O,GLY,290.0,-35.745,67.118,9.174,-0.51,1.7,1.63
ATOM,4263.0,H,GLY,290.0,-37.539,63.76,7.248,0.31,0.2245,0.0
ATOM,4264.0,HA2,GLY,290.0,-36.672,65.994,6.858,0.09,1.32,4.61
ATOM,4265.0,HA3,GLY,290.0,-37.856,66.642,7.776,0.09,1.32,4.19
ATOM,4266.0,N,PHE,291.0,-35.897,64.916,9.573,-0.47,1.85,0.0
ATOM,4267.0,CA,PHE,291.0,-34.96,64.959,10.692,0.07,2.275,0.0
ATOM,4268.0,C,PHE,291.0,-33.532,64.993,10.175,0.51,2.0,0.0
ATOM,4269.0,O,PHE,291.0,-33.254,64.56,9.057,-0.51,1.7,6.02
ATOM,4270.0,CB,PHE,291.0,-35.095,63.728,11.598,-0.18,2.175,0.0
ATOM,4271.0,CG,PHE,291.0,-36.487,63.474,12.112,0.0,1.9924,0.0
ATOM,4272.0,CD1,PHE,291.0,-37.357,64.523,12.382,-0.115,1.9924,0.0
ATOM,4273.0,CD2,PHE,291.0,-36.908,62.175,12.374,-0.115,1.9924,0.0
ATOM,4274.0,CE1,PHE,291.0,-38.614,64.281,12.924,-0.115,1.9924,0.0
ATOM,4275.0,CE2,PHE,291.0,-38.163,61.918,12.916,-0.115,1.9924,0.0
ATOM,4276.0,CZ,PHE,291.0,-39.023,62.973,13.187,-0.115,1.9924,0.0
ATOM,4277.0,H,PHE,291.0,-36.365,64.054,9.248,0.31,0.2245,0.0
ATOM,4278.0,HA,PHE,291.0,-35.118,65.826,11.172,0.09,1.32,0.0
ATOM,4279.0,HB2,PHE,291.0,-34.813,62.935,11.073,0.09,1.32,0.0
ATOM,4280.0,HB3,PHE,291.0,-34.5,63.863,12.38,0.09,1.32,0.0
ATOM,4281.0,HD1,PHE,291.0,-37.083,65.459,12.186,0.115,1.3582,0.0
ATOM,4282.0,HD2,PHE,291.0,-36.295,61.408,12.168,0.115,1.3582,0.0
ATOM,4283.0,HE1,PHE,291.0,-39.226,65.054,13.127,0.115,1.3582,0.0
ATOM,4284.0,HE2,PHE,291.0,-38.44,60.966,13.11,0.115,1.3582,0.0
ATOM,4285.0,HZ,PHE,291.0,-39.929,62.805,13.567,0.115,1.3582,0.0
ATOM,4286.0,N,VAL,292.0,-32.629,65.5,11.003,-0.47,1.85,0.0
ATOM,4287.0,CA,VAL,292.0,-31.216,65.579,10.664,0.07,2.275,0.0
ATOM,4288.0,C,VAL,292.0,-30.465,64.702,11.669,0.51,2.0,0.0
ATOM,4289.0,O,VAL,292.0,-30.776,64.733,12.853,-0.51,1.7,0.0
ATOM,4290.0,CB,VAL,292.0,-30.723,67.014,10.787,-0.09,2.275,0.0
ATOM,4291.0,CG1,VAL,292.0,-29.249,67.087,10.481,-0.27,2.06,0.0
ATOM,4292.0,CG2,VAL,292.0,-31.523,67.901,9.856,-0.27,2.06,0.65
ATOM,4293.0,H,VAL,292.0,-33.017,65.836,11.913,0.31,0.2245,0.0
ATOM,4294.0,HA,VAL,292.0,-31.085,65.189,9.762,0.09,1.32,0.0
ATOM,4295.0,HB,VAL,292.0,-30.841,67.299,11.735,0.09,1.32,0.0
ATOM,4296.0,HG11,VAL,292.0,-28.891,66.167,10.307,0.09,1.32,0.0
ATOM,4297.0,HG12,VAL,292.0,-29.096,67.656,9.67,0.09,1.32,0.0
ATOM,4298.0,HG13,VAL,292.0,-28.758,67.487,11.258,0.09,1.32,0.0
ATOM,4299.0,HG21,VAL,292.0,-30.92,68.273,9.149,0.09,1.32,0.0
ATOM,4300.0,HG22,VAL,292.0,-32.25,67.364,9.425,0.09,1.32,0.0
ATOM,4301.0,HG23,VAL,292.0,-31.929,68.653,10.378,0.09,1.32,0.26
ATOM,4302.0,N,ALA,293.0,-29.504,63.904,11.209,-0.47,1.85,0.0
ATOM,4303.0,CA,ALA,293.0,-28.752,63.055,12.125,0.07,2.275,0.0
ATOM,4304.0,C,ALA,293.0,-27.534,63.851,12.585,0.51,2.0,0.0
ATOM,4305.0,O,ALA,293.0,-26.856,64.48,11.771,-0.51,1.7,1.2
ATOM,4306.0,CB,ALA,293.0,-28.33,61.772,11.433,-0.27,2.06,0.0
ATOM,4307.0,H,ALA,293.0,-29.347,63.94,10.193,0.31,0.2245,0.0
ATOM,4308.0,HA,ALA,293.0,-29.316,62.85,12.916,0.09,1.32,0.0
ATOM,4309.0,HB1,ALA,293.0,-28.238,61.04,12.109,0.09,1.32,0.0
ATOM,4310.0,HB2,ALA,293.0,-29.019,61.513,10.756,0.09,1.32,0.0
ATOM,4311.0,HB3,ALA,293.0,-27.452,61.91,10.974,0.09,1.32,1.8
ATOM,4312.0,N,SER,294.0,-27.258,63.82,13.888,-0.47,1.85,0.0
ATOM,4313.0,CA,SER,294.0,-26.152,64.58,14.466,0.07,2.275,0.0
ATOM,4314.0,C,SER,294.0,-24.746,64.044,14.221,0.51,2.0,0.0
ATOM,4315.0,O,SER,294.0,-23.77,64.792,14.295,-0.51,1.7,0.0
ATOM,4316.0,CB,SER,294.0,-26.372,64.733,15.972,0.05,2.175,0.0
ATOM,4317.0,OG,SER,294.0,-26.452,63.464,16.599,-0.66,1.77,0.0
ATOM,4318.0,H,SER,294.0,-27.891,63.215,14.451,0.31,0.2245,0.0
ATOM,4319.0,HA,SER,294.0,-26.193,65.532,14.074,0.09,1.32,0.0
ATOM,4320.0,HB2,SER,294.0,-25.608,65.238,16.358,0.09,1.32,0.0
ATOM,4321.0,HB3,SER,294.0,-27.224,65.223,16.123,0.09,1.32,0.0
ATOM,4322.0,HG,SER,294.0,-27.372,63.093,16.484,0.43,0.2245,0.0
ATOM,4323.0,N,GLY,295.0,-24.634,62.756,13.927,-0.47,1.85,0.0
ATOM,4324.0,CA,GLY,295.0,-23.321,62.189,13.703,-0.02,2.175,13.83
ATOM,4325.0,C,GLY,295.0,-22.711,61.901,15.052,0.51,2.0,0.0
ATOM,4326.0,O,GLY,295.0,-23.369,61.313,15.903,-0.51,1.7,0.76
ATOM,4327.0,H,GLY,295.0,-25.513,62.231,13.876,0.31,0.2245,0.0
ATOM,4328.0,HA2,GLY,295.0,-23.402,61.343,13.183,0.09,1.32,2.28
ATOM,4329.0,HA3,GLY,295.0,-22.752,62.84,13.208,0.09,1.32,3.02
ATOM,4330.0,N,THR,296.0,-21.467,62.315,15.267,-0.47,1.85,0.07
ATOM,4331.0,CA,THR,296.0,-20.818,62.072,16.552,0.07,2.275,0.0
ATOM,4332.0,C,THR,296.0,-21.085,63.188,17.555,0.51,2.0,0.07
ATOM,4333.0,O,THR,296.0,-20.702,63.082,18.715,-0.51,1.7,9.85
ATOM,4334.0,CB,THR,296.0,-19.276,61.876,16.411,0.14,2.275,0.0
ATOM,4335.0,OG1,THR,296.0,-18.702,62.987,15.71,-0.66,1.77,1.35
ATOM,4336.0,CG2,THR,296.0,-18.966,60.588,15.67,-0.27,2.06,10.71
ATOM,4337.0,H,THR,296.0,-21.019,62.803,14.479,0.31,0.2245,3.44
ATOM,4338.0,HA,THR,296.0,-21.181,61.208,16.935,0.09,1.32,0.0
ATOM,4339.0,HB,THR,296.0,-18.871,61.841,17.346,0.09,1.32,0.0
ATOM,4340.0,HG21,THR,296.0,-18.103,60.682,15.167,0.09,1.32,0.0
ATOM,4341.0,HG22,THR,296.0,-18.883,59.83,16.322,0.09,1.32,0.51
ATOM,4342.0,HG23,THR,296.0,-19.702,60.381,15.021,0.09,1.32,0.14
ATOM,4343.0,HG1,THR,296.0,-18.304,63.642,16.36,0.43,0.2245,1.09
ATOM,4344.0,N,LEU,297.0,-21.747,64.257,17.122,-0.47,1.85,0.0
ATOM,4345.0,CA,LEU,297.0,-22.048,65.355,18.036,0.07,2.275,0.0
ATOM,4346.0,C,LEU,297.0,-23.064,64.883,19.073,0.51,2.0,0.0
ATOM,4347.0,O,LEU,297.0,-24.063,64.263,18.727,-0.51,1.7,2.23
ATOM,4348.0,CB,LEU,297.0,-22.622,66.562,17.284,-0.18,2.175,0.0
ATOM,4349.0,CG,LEU,297.0,-21.778,67.196,16.183,-0.09,2.275,0.0
ATOM,4350.0,CD1,LEU,297.0,-22.593,68.288,15.507,-0.27,2.06,0.0
ATOM,4351.0,CD2,LEU,297.0,-20.503,67.766,16.747,-0.27,2.06,0.0
ATOM,4352.0,H,LEU,297.0,-22.016,64.242,16.13,0.31,0.2245,0.0
ATOM,4353.0,HA,LEU,297.0,-21.209,65.616,18.512,0.09,1.32,1.19
ATOM,4354.0,HB2,LEU,297.0,-23.49,66.272,16.866,0.09,1.32,0.0
ATOM,4355.0,HB3,LEU,297.0,-22.815,67.277,17.963,0.09,1.32,0.0
ATOM,4356.0,HG,LEU,297.0,-21.537,66.502,15.516,0.09,1.32,0.0
ATOM,4357.0,HD11,LEU,297.0,-22.846,68.982,16.181,0.09,1.32,0.0
ATOM,4358.0,HD12,LEU,297.0,-22.049,68.712,14.782,0.09,1.32,0.0
ATOM,4359.0,HD13,LEU,297.0,-23.422,67.891,15.112,0.09,1.32,0.0
ATOM,4360.0,HD21,LEU,297.0,-19.966,67.039,17.182,0.09,1.32,0.54
ATOM,4361.0,HD22,LEU,297.0,-19.958,68.179,16.013,0.09,1.32,0.0
ATOM,4362.0,HD23,LEU,297.0,-20.715,68.469,17.431,0.09,1.32,0.0
ATOM,4363.0,N,ASN,298.0,-22.788,65.159,20.345,-0.47,1.85,0.0
ATOM,4364.0,CA,ASN,298.0,-23.705,64.789,21.406,0.07,2.275,2.28
ATOM,4365.0,C,ASN,298.0,-24.796,65.85,21.371,0.51,2.0,0.0
ATOM,4366.0,O,ASN,298.0,-24.698,66.81,20.602,-0.51,1.7,0.0
ATOM,4367.0,CB,ASN,298.0,-22.991,64.756,22.773,-0.18,2.175,7.43
ATOM,4368.0,CG,ASN,298.0,-22.353,66.082,23.143,0.55,2.0,0.0
ATOM,4369.0,H,ASN,298.0,-21.888,65.646,20.501,0.31,0.2245,1.18
ATOM,4370.0,HA,ASN,298.0,-24.126,63.934,21.153,0.09,1.32,2.32
ATOM,4371.0,HB2,ASN,298.0,-23.665,64.519,23.468,0.09,1.32,1.16
ATOM,4372.0,HB3,ASN,298.0,-22.281,64.058,22.733,0.09,1.32,4.31
ATOM,4373.0,OD1,ASN,298.0,-22.932,67.146,22.914,-0.55,1.7,0.0
ATOM,4374.0,ND2,ASN,298.0,-21.165,66.024,23.74,-0.62,1.85,2.94
ATOM,4375.0,HD22,ASN,298.0,-20.741,65.134,23.915,0.3,0.2245,6.75
ATOM,4376.0,HD21,ASN,298.0,-20.699,66.863,24.012,0.32,0.2245,0.0
ATOM,4377.0,N,PRO,299.0,-25.847,65.698,22.198,-0.29,1.85,0.0
ATOM,4378.0,CA,PRO,299.0,-26.951,66.667,22.221,0.02,2.275,0.0
ATOM,4379.0,C,PRO,299.0,-26.559,68.145,22.376,0.51,2.0,0.0
ATOM,4380.0,O,PRO,299.0,-26.966,68.985,21.559,-0.51,1.7,0.0
ATOM,4381.0,CB,PRO,299.0,-27.829,66.157,23.366,-0.18,2.175,1.66
ATOM,4382.0,CG,PRO,299.0,-27.58,64.669,23.334,-0.18,2.175,1.95
ATOM,4383.0,CD,PRO,299.0,-26.09,64.61,23.163,0.0,2.175,3.77
ATOM,4384.0,HA,PRO,299.0,-27.543,66.548,21.387,0.09,1.32,0.0
ATOM,4385.0,HB2,PRO,299.0,-27.54,66.543,24.235,0.09,1.32,1.55
ATOM,4386.0,HB3,PRO,299.0,-28.787,66.357,23.197,0.09,1.32,0.0
ATOM,4387.0,HG2,PRO,299.0,-27.863,64.255,24.187,0.09,1.32,2.05
ATOM,4388.0,HG3,PRO,299.0,-28.049,64.259,22.565,0.09,1.32,0.0
ATOM,4389.0,HD2,PRO,299.0,-25.614,64.789,24.019,0.09,1.32,2.23
ATOM,4390.0,HD3,PRO,299.0,-25.797,63.735,22.785,0.09,1.32,0.0
ATOM,4391.0,N,GLN,300.0,-25.765,68.468,23.395,-0.47,1.85,0.0
ATOM,4392.0,CA,GLN,300.0,-25.371,69.863,23.61,0.07,2.275,0.0
ATOM,4393.0,C,GLN,300.0,-24.459,70.455,22.528,0.51,2.0,0.0
ATOM,4394.0,O,GLN,300.0,-24.306,71.669,22.451,-0.51,1.7,0.0
ATOM,4395.0,CB,GLN,300.0,-24.72,70.046,24.993,-0.18,2.175,2.06
ATOM,4396.0,CG,GLN,300.0,-23.503,69.179,25.238,-0.18,2.175,0.05
ATOM,4397.0,CD,GLN,300.0,-23.823,67.894,25.978,0.55,2.0,2.68
ATOM,4398.0,H,GLN,300.0,-25.466,67.688,23.991,0.31,0.2245,0.0
ATOM,4399.0,HA,GLN,300.0,-26.223,70.425,23.632,0.09,1.32,0.0
ATOM,4400.0,HB2,GLN,300.0,-24.448,71.008,25.088,0.09,1.32,0.0
ATOM,4401.0,HB3,GLN,300.0,-25.407,69.833,25.695,0.09,1.32,5.03
ATOM,4402.0,HG2,GLN,300.0,-23.092,68.942,24.355,0.09,1.32,0.0
ATOM,4403.0,HG3,GLN,300.0,-22.838,69.7,25.779,0.09,1.32,0.0
ATOM,4404.0,OE1,GLN,300.0,-24.978,67.459,26.045,-0.55,1.7,16.84
ATOM,4405.0,NE2,GLN,300.0,-22.792,67.269,26.53,-0.62,1.85,7.47
ATOM,4406.0,HE21,GLN,300.0,-22.928,66.405,27.057,0.32,0.2245,19.49
ATOM,4407.0,HE22,GLN,300.0,-21.86,67.661,26.422,0.3,0.2245,0.0
ATOM,4408.0,N,LYS,301.0,-23.834,69.621,21.705,-0.47,1.85,0.0
ATOM,4409.0,CA,LYS,301.0,-22.991,70.161,20.633,0.07,2.275,0.0
ATOM,4410.0,C,LYS,301.0,-23.82,70.2,19.364,0.51,2.0,0.0
ATOM,4411.0,O,LYS,301.0,-23.584,71.02,18.492,-0.51,1.7,0.0
ATOM,4412.0,CB,LYS,301.0,-21.744,69.308,20.399,-0.18,2.175,0.0
ATOM,4413.0,CG,LYS,301.0,-20.785,69.314,21.565,-0.18,2.175,0.0
ATOM,4414.0,CD,LYS,301.0,-19.368,69.002,21.141,-0.18,2.175,0.05
ATOM,4415.0,CE,LYS,301.0,-18.453,69.085,22.327,0.21,2.175,0.58
ATOM,4416.0,NZ,LYS,301.0,-17.044,69.295,21.918,-0.3,1.85,0.0
ATOM,4417.0,H,LYS,301.0,-23.983,68.624,21.873,0.31,0.2245,0.0
ATOM,4418.0,HA,LYS,301.0,-22.719,71.087,20.874,0.09,1.32,0.0
ATOM,4419.0,HB2,LYS,301.0,-22.037,68.37,20.233,0.09,1.32,0.0
ATOM,4420.0,HB3,LYS,301.0,-21.272,69.664,19.596,0.09,1.32,0.0
ATOM,4421.0,HG2,LYS,301.0,-20.801,70.221,22.0,0.09,1.32,0.0
ATOM,4422.0,HG3,LYS,301.0,-21.081,68.629,22.239,0.09,1.32,0.0
ATOM,4423.0,HD2,LYS,301.0,-19.338,68.083,20.772,0.09,1.32,1.65
ATOM,4424.0,HD3,LYS,301.0,-19.081,69.666,20.463,0.09,1.32,0.0
ATOM,4425.0,HE2,LYS,301.0,-18.74,69.848,22.916,0.05,1.32,0.0
ATOM,4426.0,HE3,LYS,301.0,-18.516,68.232,22.857,0.05,1.32,0.0
ATOM,4427.0,HZ1,LYS,301.0,-16.433,68.935,22.624,0.33,0.2245,0.0
ATOM,4428.0,HZ2,LYS,301.0,-16.871,68.818,21.055,0.33,0.2245,0.0
ATOM,4429.0,HZ3,LYS,301.0,-16.873,70.273,21.797,0.33,0.2245,0.0
ATOM,4430.0,N,ALA,302.0,-24.783,69.291,19.259,-0.47,1.85,0.0
ATOM,4431.0,CA,ALA,302.0,-25.668,69.263,18.107,0.07,2.275,0.0
ATOM,4432.0,C,ALA,302.0,-26.477,70.572,18.128,0.51,2.0,0.0
ATOM,4433.0,O,ALA,302.0,-26.87,71.082,17.084,-0.51,1.7,0.0
ATOM,4434.0,CB,ALA,302.0,-26.595,68.055,18.19,-0.27,2.06,0.0
ATOM,4435.0,H,ALA,302.0,-24.844,68.624,20.049,0.31,0.2245,0.0
ATOM,4436.0,HA,ALA,302.0,-25.129,69.244,17.276,0.09,1.32,0.0
ATOM,4437.0,HB1,ALA,302.0,-26.049,67.219,18.229,0.09,1.32,0.0
ATOM,4438.0,HB2,ALA,302.0,-27.159,68.124,19.012,0.09,1.32,0.0
ATOM,4439.0,HB3,ALA,302.0,-27.184,68.031,17.383,0.09,1.32,0.0
ATOM,4440.0,N,ARG,303.0,-26.718,71.112,19.323,-0.47,1.85,0.0
ATOM,4441.0,CA,ARG,303.0,-27.456,72.37,19.467,0.07,2.275,0.0
ATOM,4442.0,C,ARG,303.0,-26.644,73.529,18.894,0.51,2.0,0.0
ATOM,4443.0,O,ARG,303.0,-27.123,74.291,18.062,-0.51,1.7,0.0
ATOM,4444.0,CB,ARG,303.0,-27.768,72.65,20.944,-0.18,2.175,0.0
ATOM,4445.0,CG,ARG,303.0,-28.196,74.09,21.217,-0.18,2.175,0.0
ATOM,4446.0,CD,ARG,303.0,-28.865,74.267,22.592,0.2,2.175,5.68
ATOM,4447.0,NE,ARG,303.0,-29.178,75.668,22.887,-0.7,1.85,4.05
ATOM,4448.0,CZ,ARG,303.0,-28.265,76.616,23.106,0.64,2.0,1.81
ATOM,4449.0,NH1,ARG,303.0,-26.978,76.324,23.071,-0.8,1.85,4.15
ATOM,4450.0,NH2,ARG,303.0,-28.633,77.868,23.342,-0.8,1.85,12.77
ATOM,4451.0,H,ARG,303.0,-26.345,70.574,20.128,0.31,0.2245,0.0
ATOM,4452.0,HA,ARG,303.0,-28.318,72.299,18.958,0.09,1.32,0.0
ATOM,4453.0,HB2,ARG,303.0,-28.508,72.051,21.224,0.09,1.32,0.0
ATOM,4454.0,HB3,ARG,303.0,-26.95,72.467,21.475,0.09,1.32,0.0
ATOM,4455.0,HG2,ARG,303.0,-27.395,74.688,21.19,0.09,1.32,0.0
ATOM,4456.0,HG3,ARG,303.0,-28.853,74.381,20.521,0.09,1.32,0.0
ATOM,4457.0,HD2,ARG,303.0,-29.705,73.733,22.59,0.09,1.32,0.0
ATOM,4458.0,HD3,ARG,303.0,-28.236,73.915,23.28,0.09,1.32,2.41
ATOM,4459.0,HE,ARG,303.0,-30.149,75.933,22.927,0.44,0.2245,0.81
ATOM,4460.0,HH11,ARG,303.0,-26.662,75.401,22.862,0.46,0.2245,0.0
ATOM,4461.0,HH12,ARG,303.0,-26.296,77.044,23.257,0.46,0.2245,0.67
ATOM,4462.0,HH21,ARG,303.0,-29.612,78.099,23.334,0.46,0.2245,10.19
ATOM,4463.0,HH22,ARG,303.0,-27.953,78.57,23.523,0.46,0.2245,1.15
ATOM,4464.0,N,VAL,304.0,-25.408,73.656,19.356,-0.47,1.85,0.0
ATOM,4465.0,CA,VAL,304.0,-24.514,74.708,18.89,0.07,2.275,0.0
ATOM,4466.0,C,VAL,304.0,-24.544,74.81,17.374,0.51,2.0,0.0
ATOM,4467.0,O,VAL,304.0,-24.682,75.901,16.826,-0.51,1.7,0.0
ATOM,4468.0,CB,VAL,304.0,-23.075,74.417,19.322,-0.09,2.275,0.0
ATOM,4469.0,CG1,VAL,304.0,-22.127,75.428,18.715,-0.27,2.06,0.0
ATOM,4470.0,CG2,VAL,304.0,-22.987,74.432,20.837,-0.27,2.06,0.0
ATOM,4471.0,H,VAL,304.0,-25.135,72.949,20.07,0.31,0.2245,0.0
ATOM,4472.0,HA,VAL,304.0,-24.837,75.584,19.268,0.09,1.32,0.0
ATOM,4473.0,HB,VAL,304.0,-22.822,73.524,18.959,0.09,1.32,0.0
ATOM,4474.0,HG11,VAL,304.0,-21.204,75.042,18.671,0.09,1.32,0.0
ATOM,4475.0,HG12,VAL,304.0,-22.43,75.663,17.79,0.09,1.32,0.0
ATOM,4476.0,HG13,VAL,304.0,-22.111,76.257,19.277,0.09,1.32,0.0
ATOM,4477.0,HG21,VAL,304.0,-23.771,74.929,21.21,0.09,1.32,0.0
ATOM,4478.0,HG22,VAL,304.0,-22.993,73.492,21.179,0.09,1.32,0.0
ATOM,4479.0,HG23,VAL,304.0,-22.14,74.885,21.116,0.09,1.32,0.0
ATOM,4480.0,N,LEU,305.0,-24.419,73.663,16.704,-0.47,1.85,0.0
ATOM,4481.0,CA,LEU,305.0,-24.409,73.612,15.248,0.07,2.275,0.0
ATOM,4482.0,C,LEU,305.0,-25.765,73.907,14.626,0.51,2.0,0.0
ATOM,4483.0,O,LEU,305.0,-25.843,74.494,13.544,-0.51,1.7,0.0
ATOM,4484.0,CB,LEU,305.0,-23.923,72.246,14.762,-0.18,2.175,0.0
ATOM,4485.0,CG,LEU,305.0,-23.623,72.192,13.256,-0.09,2.275,0.0
ATOM,4486.0,CD1,LEU,305.0,-22.558,73.239,12.895,-0.27,2.06,0.0
ATOM,4487.0,CD2,LEU,305.0,-23.159,70.797,12.872,-0.27,2.06,0.0
ATOM,4488.0,H,LEU,305.0,-24.33,72.819,17.308,0.31,0.2245,0.0
ATOM,4489.0,HA,LEU,305.0,-23.745,74.303,14.908,0.09,1.32,0.0
ATOM,4490.0,HB2,LEU,305.0,-23.085,72.031,15.236,0.09,1.32,0.0
ATOM,4491.0,HB3,LEU,305.0,-24.629,71.585,14.946,0.09,1.32,0.0
ATOM,4492.0,HG,LEU,305.0,-24.458,72.387,12.751,0.09,1.32,0.0
ATOM,4493.0,HD11,LEU,305.0,-21.723,73.046,13.406,0.09,1.32,0.0
ATOM,4494.0,HD12,LEU,305.0,-22.373,73.193,11.915,0.09,1.32,0.0
ATOM,4495.0,HD13,LEU,305.0,-22.898,74.147,13.133,0.09,1.32,0.0
ATOM,4496.0,HD21,LEU,305.0,-23.876,70.133,13.089,0.09,1.32,0.0
ATOM,4497.0,HD22,LEU,305.0,-22.965,70.766,11.89,0.09,1.32,0.0
ATOM,4498.0,HD23,LEU,305.0,-22.329,70.567,13.382,0.09,1.32,0.0
ATOM,4499.0,N,LEU,306.0,-26.836,73.498,15.296,-0.47,1.85,0.0
ATOM,4500.0,CA,LEU,306.0,-28.161,73.751,14.757,0.07,2.275,0.0
ATOM,4501.0,C,LEU,306.0,-28.459,75.248,14.784,0.51,2.0,0.0
ATOM,4502.0,O,LEU,306.0,-29.018,75.792,13.833,-0.51,1.7,0.0
ATOM,4503.0,CB,LEU,306.0,-29.224,72.981,15.539,-0.18,2.175,0.0
ATOM,4504.0,CG,LEU,306.0,-30.618,73.028,14.911,-0.09,2.275,0.0
ATOM,4505.0,CD1,LEU,306.0,-30.525,72.812,13.416,-0.27,2.06,0.0
ATOM,4506.0,CD2,LEU,306.0,-31.492,71.969,15.558,-0.27,2.06,0.0
ATOM,4507.0,H,LEU,306.0,-26.651,73.014,16.181,0.31,0.2245,0.0
ATOM,4508.0,HA,LEU,306.0,-28.188,73.442,13.803,0.09,1.32,0.0
ATOM,4509.0,HB2,LEU,306.0,-28.948,72.033,15.579,0.09,1.32,0.0
ATOM,4510.0,HB3,LEU,306.0,-29.29,73.378,16.44,0.09,1.32,0.0
ATOM,4511.0,HG,LEU,306.0,-31.026,73.921,15.097,0.09,1.32,0.0
ATOM,4512.0,HD11,LEU,306.0,-30.113,71.918,13.228,0.09,1.32,0.0
ATOM,4513.0,HD12,LEU,306.0,-31.441,72.844,13.012,0.09,1.32,0.0
ATOM,4514.0,HD13,LEU,306.0,-29.958,73.529,13.005,0.09,1.32,0.0
ATOM,4515.0,HD21,LEU,306.0,-31.562,72.145,16.541,0.09,1.32,0.0
ATOM,4516.0,HD22,LEU,306.0,-32.407,71.994,15.152,0.09,1.32,0.0
ATOM,4517.0,HD23,LEU,306.0,-31.089,71.064,15.411,0.09,1.32,0.0
ATOM,4518.0,N,GLN,307.0,-28.065,75.917,15.862,-0.47,1.85,0.0
ATOM,4519.0,CA,GLN,307.0,-28.291,77.35,15.974,0.07,2.275,0.0
ATOM,4520.0,C,GLN,307.0,-27.601,78.072,14.828,0.51,2.0,0.0
ATOM,4521.0,O,GLN,307.0,-28.225,78.849,14.123,-0.51,1.7,0.0
ATOM,4522.0,CB,GLN,307.0,-27.748,77.896,17.294,-0.18,2.175,0.0
ATOM,4523.0,CG,GLN,307.0,-28.378,77.341,18.547,-0.18,2.175,0.0
ATOM,4524.0,CD,GLN,307.0,-27.892,78.068,19.78,0.55,2.0,0.0
ATOM,4525.0,H,GLN,307.0,-27.6,75.348,16.588,0.31,0.2245,0.0
ATOM,4526.0,HA,GLN,307.0,-29.277,77.517,15.894,0.09,1.32,0.0
ATOM,4527.0,HB2,GLN,307.0,-26.754,77.71,17.331,0.09,1.32,0.0
ATOM,4528.0,HB3,GLN,307.0,-27.871,78.901,17.297,0.09,1.32,0.0
ATOM,4529.0,HG2,GLN,307.0,-29.367,77.444,18.487,0.09,1.32,0.0
ATOM,4530.0,HG3,GLN,307.0,-28.14,76.377,18.631,0.09,1.32,0.0
ATOM,4531.0,OE1,GLN,307.0,-26.692,78.296,19.949,-0.55,1.7,0.0
ATOM,4532.0,NE2,GLN,307.0,-28.821,78.433,20.654,-0.62,1.85,0.01
ATOM,4533.0,HE21,GLN,307.0,-28.57,78.915,21.516,0.32,0.2245,0.0
ATOM,4534.0,HE22,GLN,307.0,-29.798,78.225,20.451,0.3,0.2245,0.0
ATOM,4535.0,N,LEU,308.0,-26.312,77.815,14.643,-0.47,1.85,0.0
ATOM,4536.0,CA,LEU,308.0,-25.566,78.472,13.583,0.07,2.275,0.0
ATOM,4537.0,C,LEU,308.0,-26.047,78.078,12.194,0.51,2.0,0.0
ATOM,4538.0,O,LEU,308.0,-25.985,78.879,11.255,-0.51,1.7,0.0
ATOM,4539.0,CB,LEU,308.0,-24.078,78.164,13.719,-0.18,2.175,0.0
ATOM,4540.0,CG,LEU,308.0,-23.414,78.767,14.953,-0.09,2.275,0.0
ATOM,4541.0,CD1,LEU,308.0,-21.972,78.301,15.027,-0.27,2.06,0.0
ATOM,4542.0,CD2,LEU,308.0,-23.48,80.282,14.88,-0.27,2.06,0.39
ATOM,4543.0,H,LEU,308.0,-25.901,77.129,15.298,0.31,0.2245,0.0
ATOM,4544.0,HA,LEU,308.0,-25.677,79.475,13.684,0.09,1.32,0.0
ATOM,4545.0,HB2,LEU,308.0,-23.972,77.18,13.775,0.09,1.32,0.0
ATOM,4546.0,HB3,LEU,308.0,-23.615,78.528,12.923,0.09,1.32,0.0
ATOM,4547.0,HG,LEU,308.0,-23.903,78.466,15.766,0.09,1.32,0.0
ATOM,4548.0,HD11,LEU,308.0,-21.48,78.596,14.206,0.09,1.32,0.0
ATOM,4549.0,HD12,LEU,308.0,-21.532,78.694,15.836,0.09,1.32,0.0
ATOM,4550.0,HD13,LEU,308.0,-21.944,77.302,15.088,0.09,1.32,0.0
ATOM,4551.0,HD21,LEU,308.0,-24.437,80.576,14.842,0.09,1.32,0.0
ATOM,4552.0,HD22,LEU,308.0,-23.044,80.677,15.69,0.09,1.32,0.0
ATOM,4553.0,HD23,LEU,308.0,-23.003,80.6,14.059,0.09,1.32,0.15
ATOM,4554.0,N,ALA,309.0,-26.515,76.843,12.053,-0.47,1.85,0.0
ATOM,4555.0,CA,ALA,309.0,-27.011,76.383,10.763,0.07,2.275,0.0
ATOM,4556.0,C,ALA,309.0,-28.272,77.175,10.449,0.51,2.0,0.0
ATOM,4557.0,O,ALA,309.0,-28.5,77.57,9.311,-0.51,1.7,0.0
ATOM,4558.0,CB,ALA,309.0,-27.325,74.89,10.814,-0.27,2.06,0.0
ATOM,4559.0,H,ALA,309.0,-26.496,76.263,12.905,0.31,0.2245,0.0
ATOM,4560.0,HA,ALA,309.0,-26.33,76.576,10.065,0.09,1.32,0.0
ATOM,4561.0,HB1,ALA,309.0,-26.504,74.387,11.081,0.09,1.32,0.0
ATOM,4562.0,HB2,ALA,309.0,-28.049,74.726,11.482,0.09,1.32,0.0
ATOM,4563.0,HB3,ALA,309.0,-27.627,74.583,9.912,0.09,1.32,0.0
ATOM,4564.0,N,LEU,310.0,-29.087,77.405,11.473,-0.47,1.85,0.0
ATOM,4565.0,CA,LEU,310.0,-30.325,78.152,11.32,0.07,2.275,0.0
ATOM,4566.0,C,LEU,310.0,-30.089,79.62,10.952,0.51,2.0,0.0
ATOM,4567.0,O,LEU,310.0,-30.934,80.246,10.312,-0.51,1.7,6.32
ATOM,4568.0,CB,LEU,310.0,-31.146,78.055,12.605,-0.18,2.175,0.0
ATOM,4569.0,CG,LEU,310.0,-31.714,76.656,12.86,-0.09,2.275,0.0
ATOM,4570.0,CD1,LEU,310.0,-32.267,76.549,14.265,-0.27,2.06,0.0
ATOM,4571.0,CD2,LEU,310.0,-32.8,76.361,11.836,-0.27,2.06,1.15
ATOM,4572.0,H,LEU,310.0,-28.765,77.009,12.381,0.31,0.2245,0.0
ATOM,4573.0,HA,LEU,310.0,-30.871,77.727,10.579,0.09,1.32,0.0
ATOM,4574.0,HB2,LEU,310.0,-30.557,78.278,13.363,0.09,1.32,0.0
ATOM,4575.0,HB3,LEU,310.0,-31.906,78.675,12.531,0.09,1.32,0.0
ATOM,4576.0,HG,LEU,310.0,-30.983,75.984,12.734,0.09,1.32,0.0
ATOM,4577.0,HD11,LEU,310.0,-32.999,77.221,14.393,0.09,1.32,0.0
ATOM,4578.0,HD12,LEU,310.0,-32.634,75.629,14.415,0.09,1.32,0.0
ATOM,4579.0,HD13,LEU,310.0,-31.539,76.726,14.93,0.09,1.32,0.0
ATOM,4580.0,HD21,LEU,310.0,-32.411,76.402,10.915,0.09,1.32,0.0
ATOM,4581.0,HD22,LEU,310.0,-33.174,75.447,11.999,0.09,1.32,0.0
ATOM,4582.0,HD23,LEU,310.0,-33.531,77.039,11.919,0.09,1.32,0.33
ATOM,4583.0,N,THR,311.0,-28.948,80.178,11.343,-0.47,1.85,0.0
ATOM,4584.0,CA,THR,311.0,-28.67,81.567,11.009,0.07,2.275,2.43
ATOM,4585.0,C,THR,311.0,-28.414,81.661,9.513,0.51,2.0,1.04
ATOM,4586.0,O,THR,311.0,-28.118,82.734,8.993,-0.51,1.7,23.0
ATOM,4587.0,CB,THR,311.0,-27.422,82.121,11.741,0.14,2.275,1.92
ATOM,4588.0,OG1,THR,311.0,-26.231,81.605,11.132,-0.66,1.77,4.35
ATOM,4589.0,CG2,THR,311.0,-27.45,81.74,13.214,-0.27,2.06,0.84
ATOM,4590.0,H,THR,311.0,-28.314,79.571,11.874,0.31,0.2245,0.0
ATOM,4591.0,HA,THR,311.0,-29.474,82.117,11.228,0.09,1.32,7.57
ATOM,4592.0,HB,THR,311.0,-27.415,83.137,11.648,0.09,1.32,4.29
ATOM,4593.0,HG21,THR,311.0,-26.915,82.4,13.746,0.09,1.32,0.0
ATOM,4594.0,HG22,THR,311.0,-28.396,81.739,13.547,0.09,1.32,0.0
ATOM,4595.0,HG23,THR,311.0,-27.058,80.825,13.336,0.09,1.32,0.0
ATOM,4596.0,HG1,THR,311.0,-26.214,80.602,11.194,0.43,0.2245,0.0
ATOM,4597.0,N,GLN,312.0,-28.528,80.539,8.816,-0.47,1.85,0.0
ATOM,4598.0,CA,GLN,312.0,-28.291,80.547,7.387,0.07,2.275,3.79
ATOM,4599.0,C,GLN,312.0,-29.232,79.679,6.579,0.51,2.0,1.98
ATOM,4600.0,O,GLN,312.0,-29.177,79.693,5.357,-0.51,1.7,23.93
ATOM,4601.0,CB,GLN,312.0,-26.85,80.143,7.088,-0.18,2.175,1.45
ATOM,4602.0,CG,GLN,312.0,-25.851,81.193,7.506,-0.18,2.175,6.63
ATOM,4603.0,CD,GLN,312.0,-24.47,80.965,6.918,0.55,2.0,1.85
ATOM,4604.0,H,GLN,312.0,-28.788,79.704,9.358,0.31,0.2245,0.0
ATOM,4605.0,HA,GLN,312.0,-28.4,81.511,7.058,0.09,1.32,6.38
ATOM,4606.0,HB2,GLN,312.0,-26.646,79.299,7.579,0.09,1.32,0.0
ATOM,4607.0,HB3,GLN,312.0,-26.757,79.992,6.105,0.09,1.32,3.1
ATOM,4608.0,HG2,GLN,312.0,-26.177,82.092,7.205,0.09,1.32,7.15
ATOM,4609.0,HG3,GLN,312.0,-25.773,81.19,8.505,0.09,1.32,0.0
ATOM,4610.0,OE1,GLN,312.0,-23.56,81.781,7.106,-0.55,1.7,15.69
ATOM,4611.0,NE2,GLN,312.0,-24.303,79.853,6.204,-0.62,1.85,13.95
ATOM,4612.0,HE21,GLN,312.0,-23.411,79.642,5.77,0.32,0.2245,2.25
ATOM,4613.0,HE22,GLN,312.0,-25.091,79.215,6.102,0.3,0.2245,4.56
ATOM,4614.0,N,THR,313.0,-30.102,78.93,7.236,-0.47,1.85,1.5
ATOM,4615.0,CA,THR,313.0,-31.016,78.08,6.486,0.07,2.275,1.74
ATOM,4616.0,C,THR,313.0,-32.0,77.363,7.38,0.51,2.0,0.0
ATOM,4617.0,O,THR,313.0,-31.862,77.363,8.604,-0.51,1.7,0.0
ATOM,4618.0,CB,THR,313.0,-30.252,77.017,5.663,0.14,2.275,1.75
ATOM,4619.0,OG1,THR,313.0,-31.186,76.179,4.969,-0.66,1.77,1.94
ATOM,4620.0,CG2,THR,313.0,-29.393,76.152,6.575,-0.27,2.06,1.79
ATOM,4621.0,H,THR,313.0,-30.077,78.997,8.256,0.31,0.2245,0.0
ATOM,4622.0,HA,THR,313.0,-31.535,78.665,5.839,0.09,1.32,9.32
ATOM,4623.0,HB,THR,313.0,-29.675,77.494,4.97,0.09,1.32,1.55
ATOM,4624.0,HG21,THR,313.0,-28.758,76.73,7.092,0.09,1.32,0.0
ATOM,4625.0,HG22,THR,313.0,-29.977,75.65,7.216,0.09,1.32,0.0
ATOM,4626.0,HG23,THR,313.0,-28.868,75.497,6.027,0.09,1.32,0.02
ATOM,4627.0,HG1,THR,313.0,-30.725,75.356,4.621,0.43,0.2245,0.0
ATOM,4628.0,N,LYS,314.0,-32.998,76.748,6.758,-0.47,1.85,0.26
ATOM,4629.0,CA,LYS,314.0,-34.011,76.022,7.495,0.07,2.275,0.03
ATOM,4630.0,C,LYS,314.0,-34.358,74.763,6.726,0.51,2.0,0.46
ATOM,4631.0,O,LYS,314.0,-35.259,74.014,7.097,-0.51,1.7,13.15
ATOM,4632.0,CB,LYS,314.0,-35.242,76.912,7.691,-0.18,2.175,7.75
ATOM,4633.0,CG,LYS,314.0,-34.899,78.274,8.298,-0.18,2.175,2.12
ATOM,4634.0,CD,LYS,314.0,-36.115,79.002,8.849,-0.18,2.175,14.34
ATOM,4635.0,CE,LYS,314.0,-35.699,80.299,9.536,0.21,2.175,21.29
ATOM,4636.0,NZ,LYS,314.0,-34.682,80.078,10.611,-0.3,1.85,3.15
ATOM,4637.0,H,LYS,314.0,-32.985,76.833,5.723,0.31,0.2245,5.42
ATOM,4638.0,HA,LYS,314.0,-33.646,75.764,8.39,0.09,1.32,0.0
ATOM,4639.0,HB2,LYS,314.0,-35.663,77.064,6.806,0.09,1.32,9.97
ATOM,4640.0,HB3,LYS,314.0,-35.869,76.448,8.304,0.09,1.32,3.14
ATOM,4641.0,HG2,LYS,314.0,-34.237,78.137,9.043,0.09,1.32,0.0
ATOM,4642.0,HG3,LYS,314.0,-34.471,78.845,7.59,0.09,1.32,5.25
ATOM,4643.0,HD2,LYS,314.0,-36.725,79.224,8.101,0.09,1.32,10.64
ATOM,4644.0,HD3,LYS,314.0,-36.565,78.423,9.515,0.09,1.32,5.02
ATOM,4645.0,HE2,LYS,314.0,-35.316,80.923,8.847,0.05,1.32,10.92
ATOM,4646.0,HE3,LYS,314.0,-36.513,80.728,9.94,0.05,1.32,11.79
ATOM,4647.0,HZ1,LYS,314.0,-34.607,79.1,10.795,0.33,0.2245,0.43
ATOM,4648.0,HZ2,LYS,314.0,-33.8,80.433,10.306,0.33,0.2245,3.91
ATOM,4649.0,HZ3,LYS,314.0,-34.971,80.556,11.438,0.33,0.2245,8.93
ATOM,4650.0,N,ASP,315.0,-33.62,74.527,5.652,-0.47,1.85,1.04
ATOM,4651.0,CA,ASP,315.0,-33.848,73.351,4.842,0.07,2.275,2.44
ATOM,4652.0,C,ASP,315.0,-33.137,72.144,5.45,0.51,2.0,0.0
ATOM,4653.0,O,ASP,315.0,-31.909,72.112,5.526,-0.51,1.7,0.0
ATOM,4654.0,CB,ASP,315.0,-33.341,73.582,3.428,-0.28,2.175,2.77
ATOM,4655.0,CG,ASP,315.0,-33.614,72.404,2.525,0.62,2.0,2.71
ATOM,4656.0,OD1,ASP,315.0,-34.798,72.026,2.394,-0.76,1.7,28.51
ATOM,4657.0,OD2,ASP,315.0,-32.652,71.851,1.948,-0.76,1.7,8.65
ATOM,4658.0,H,ASP,315.0,-32.892,75.236,5.454,0.31,0.2245,0.0
ATOM,4659.0,HA,ASP,315.0,-34.833,73.15,4.866,0.09,1.32,1.84
ATOM,4660.0,HB2,ASP,315.0,-33.802,74.381,3.06,0.09,1.32,10.12
ATOM,4661.0,HB3,ASP,315.0,-32.361,73.733,3.471,0.09,1.32,0.0
ATOM,4662.0,N,PRO,316.0,-33.902,71.13,5.886,-0.29,1.85,0.0
ATOM,4663.0,CA,PRO,316.0,-33.344,69.916,6.489,0.02,2.275,0.0
ATOM,4664.0,C,PRO,316.0,-32.181,69.342,5.688,0.51,2.0,0.26
ATOM,4665.0,O,PRO,316.0,-31.154,68.955,6.249,-0.51,1.7,0.5
ATOM,4666.0,CB,PRO,316.0,-34.538,68.971,6.518,-0.18,2.175,3.49
ATOM,4667.0,CG,PRO,316.0,-35.669,69.894,6.746,-0.18,2.175,12.33
ATOM,4668.0,CD,PRO,316.0,-35.369,71.04,5.809,0.0,2.175,10.99
ATOM,4669.0,HA,PRO,316.0,-33.064,70.092,7.448,0.09,1.32,0.06
ATOM,4670.0,HB2,PRO,316.0,-34.629,68.491,5.648,0.09,1.32,5.82
ATOM,4671.0,HB3,PRO,316.0,-34.449,68.312,7.261,0.09,1.32,0.0
ATOM,4672.0,HG2,PRO,316.0,-36.538,69.466,6.51,0.09,1.32,6.8
ATOM,4673.0,HG3,PRO,316.0,-35.692,70.21,7.691,0.09,1.32,2.39
ATOM,4674.0,HD2,PRO,316.0,-35.661,70.835,4.88,0.09,1.32,3.99
ATOM,4675.0,HD3,PRO,316.0,-35.792,71.886,6.123,0.09,1.32,1.32
ATOM,4676.0,N,GLN,317.0,-32.346,69.308,4.37,-0.47,1.85,0.0
ATOM,4677.0,CA,GLN,317.0,-31.332,68.77,3.479,0.07,2.275,0.0
ATOM,4678.0,C,GLN,317.0,-30.022,69.541,3.569,0.51,2.0,0.0
ATOM,4679.0,O,GLN,317.0,-28.943,68.956,3.464,-0.51,1.7,0.15
ATOM,4680.0,CB,GLN,317.0,-31.846,68.778,2.04,-0.18,2.175,5.17
ATOM,4681.0,CG,GLN,317.0,-31.509,67.511,1.261,-0.18,2.175,18.16
ATOM,4682.0,CD,GLN,317.0,-32.236,66.278,1.791,0.55,2.0,2.79
ATOM,4683.0,H,GLN,317.0,-33.254,69.696,4.037,0.31,0.2245,0.58
ATOM,4684.0,HA,GLN,317.0,-31.146,67.815,3.757,0.09,1.32,0.0
ATOM,4685.0,HB2,GLN,317.0,-32.841,68.877,2.053,0.09,1.32,4.8
ATOM,4686.0,HB3,GLN,317.0,-31.441,69.555,1.556,0.09,1.32,3.34
ATOM,4687.0,HG2,GLN,317.0,-31.768,67.643,0.305,0.09,1.32,7.96
ATOM,4688.0,HG3,GLN,317.0,-30.525,67.348,1.322,0.09,1.32,0.74
ATOM,4689.0,OE1,GLN,317.0,-32.083,65.902,2.955,-0.55,1.7,20.23
ATOM,4690.0,NE2,GLN,317.0,-33.03,65.643,0.932,-0.62,1.85,28.72
ATOM,4691.0,HE21,GLN,317.0,-33.533,64.809,1.211,0.32,0.2245,13.27
ATOM,4692.0,HE22,GLN,317.0,-33.123,66.012,-0.013,0.3,0.2245,17.25
ATOM,4693.0,N,GLN,318.0,-30.113,70.854,3.752,-0.47,1.85,0.0
ATOM,4694.0,CA,GLN,318.0,-28.917,71.675,3.868,0.07,2.275,0.23
ATOM,4695.0,C,GLN,318.0,-28.362,71.557,5.283,0.51,2.0,0.0
ATOM,4696.0,O,GLN,318.0,-27.157,71.399,5.473,-0.51,1.7,0.14
ATOM,4697.0,CB,GLN,318.0,-29.221,73.144,3.538,-0.18,2.175,1.62
ATOM,4698.0,CG,GLN,318.0,-29.462,73.415,2.048,-0.18,2.175,12.06
ATOM,4699.0,CD,GLN,318.0,-29.619,74.898,1.718,0.55,2.0,2.32
ATOM,4700.0,H,GLN,318.0,-31.075,71.226,3.803,0.31,0.2245,0.0
ATOM,4701.0,HA,GLN,318.0,-28.228,71.315,3.238,0.09,1.32,0.01
ATOM,4702.0,HB2,GLN,318.0,-30.041,73.423,4.038,0.09,1.32,0.0
ATOM,4703.0,HB3,GLN,318.0,-28.446,73.707,3.831,0.09,1.32,2.3
ATOM,4704.0,HG2,GLN,318.0,-28.685,73.056,1.53,0.09,1.32,9.42
ATOM,4705.0,HG3,GLN,318.0,-30.296,72.938,1.769,0.09,1.32,0.0
ATOM,4706.0,OE1,GLN,318.0,-28.679,75.68,1.863,-0.55,1.7,31.94
ATOM,4707.0,NE2,GLN,318.0,-30.814,75.287,1.271,-0.62,1.85,16.81
ATOM,4708.0,HE21,GLN,318.0,-30.992,76.256,1.047,0.32,0.2245,21.2
ATOM,4709.0,HE22,GLN,318.0,-31.544,74.586,1.16,0.3,0.2245,5.25
ATOM,4710.0,N,ILE,319.0,-29.241,71.62,6.278,-0.47,1.85,0.0
ATOM,4711.0,CA,ILE,319.0,-28.794,71.51,7.658,0.07,2.275,0.0
ATOM,4712.0,C,ILE,319.0,-28.017,70.216,7.799,0.51,2.0,0.0
ATOM,4713.0,O,ILE,319.0,-26.99,70.179,8.474,-0.51,1.7,0.0
ATOM,4714.0,CB,ILE,319.0,-29.987,71.515,8.65,-0.09,2.275,0.0
ATOM,4715.0,CG1,ILE,319.0,-30.631,72.91,8.683,-0.18,2.175,0.0
ATOM,4716.0,CG2,ILE,319.0,-29.513,71.101,10.038,-0.27,2.06,0.0
ATOM,4717.0,CD1,ILE,319.0,-31.876,73.017,9.564,-0.27,2.06,0.04
ATOM,4718.0,H,ILE,319.0,-30.222,71.748,5.995,0.31,0.2245,0.0
ATOM,4719.0,HA,ILE,319.0,-28.146,72.252,7.804,0.09,1.32,0.0
ATOM,4720.0,HB,ILE,319.0,-30.662,70.872,8.316,0.09,1.32,0.0
ATOM,4721.0,HG12,ILE,319.0,-29.95,73.565,9.011,0.09,1.32,0.0
ATOM,4722.0,HG13,ILE,319.0,-30.885,73.16,7.747,0.09,1.32,0.0
ATOM,4723.0,HG21,ILE,319.0,-30.291,71.08,10.663,0.09,1.32,0.0
ATOM,4724.0,HG22,ILE,319.0,-29.099,70.194,9.991,0.09,1.32,0.0
ATOM,4725.0,HG23,ILE,319.0,-28.838,71.758,10.369,0.09,1.32,0.0
ATOM,4726.0,HD11,ILE,319.0,-31.63,72.785,10.501,0.09,1.32,0.0
ATOM,4727.0,HD12,ILE,319.0,-32.222,73.951,9.523,0.09,1.32,0.0
ATOM,4728.0,HD13,ILE,319.0,-32.567,72.383,9.226,0.09,1.32,0.29
ATOM,4729.0,N,GLN,320.0,-28.503,69.167,7.137,-0.47,1.85,0.0
ATOM,4730.0,CA,GLN,320.0,-27.856,67.856,7.176,0.07,2.275,0.0
ATOM,4731.0,C,GLN,320.0,-26.49,67.871,6.497,0.51,2.0,0.0
ATOM,4732.0,O,GLN,320.0,-25.576,67.165,6.91,-0.51,1.7,0.0
ATOM,4733.0,CB,GLN,320.0,-28.742,66.805,6.517,-0.18,2.175,1.57
ATOM,4734.0,CG,GLN,320.0,-28.122,65.426,6.484,-0.18,2.175,5.12
ATOM,4735.0,CD,GLN,320.0,-27.787,64.895,7.87,0.55,2.0,0.0
ATOM,4736.0,H,GLN,320.0,-29.371,69.359,6.597,0.31,0.2245,0.0
ATOM,4737.0,HA,GLN,320.0,-27.715,67.609,8.146,0.09,1.32,0.0
ATOM,4738.0,HB2,GLN,320.0,-29.605,66.749,7.022,0.09,1.32,0.37
ATOM,4739.0,HB3,GLN,320.0,-28.929,67.088,5.574,0.09,1.32,0.0
ATOM,4740.0,HG2,GLN,320.0,-28.763,64.791,6.051,0.09,1.32,4.62
ATOM,4741.0,HG3,GLN,320.0,-27.278,65.461,5.948,0.09,1.32,0.23
ATOM,4742.0,OE1,GLN,320.0,-28.586,64.2,8.506,-0.55,1.7,0.99
ATOM,4743.0,NE2,GLN,320.0,-26.599,65.228,8.348,-0.62,1.85,0.0
ATOM,4744.0,HE21,GLN,320.0,-26.306,64.922,9.277,0.32,0.2245,1.82
ATOM,4745.0,HE22,GLN,320.0,-25.976,65.795,7.777,0.3,0.2245,0.0
ATOM,4746.0,N,GLN,321.0,-26.351,68.669,5.448,-0.47,1.85,0.0
ATOM,4747.0,CA,GLN,321.0,-25.075,68.764,4.769,0.07,2.275,0.0
ATOM,4748.0,C,GLN,321.0,-24.115,69.487,5.711,0.51,2.0,0.21
ATOM,4749.0,O,GLN,321.0,-22.897,69.295,5.662,-0.51,1.7,0.01
ATOM,4750.0,CB,GLN,321.0,-25.219,69.546,3.461,-0.18,2.175,9.98
ATOM,4751.0,CG,GLN,321.0,-26.057,68.854,2.391,-0.18,2.175,7.78
ATOM,4752.0,CD,GLN,321.0,-25.476,67.517,1.948,0.55,2.0,1.74
ATOM,4753.0,H,GLN,321.0,-27.196,69.191,5.173,0.31,0.2245,0.0
ATOM,4754.0,HA,GLN,321.0,-24.724,67.846,4.627,0.09,1.32,0.0
ATOM,4755.0,HB2,GLN,321.0,-25.645,70.433,3.662,0.09,1.32,1.02
ATOM,4756.0,HB3,GLN,321.0,-24.303,69.707,3.08,0.09,1.32,0.82
ATOM,4757.0,HG2,GLN,321.0,-26.975,68.695,2.756,0.09,1.32,0.0
ATOM,4758.0,HG3,GLN,321.0,-26.116,69.454,1.593,0.09,1.32,10.56
ATOM,4759.0,OE1,GLN,321.0,-24.281,67.408,1.655,-0.55,1.7,28.4
ATOM,4760.0,NE2,GLN,321.0,-26.328,66.494,1.885,-0.62,1.85,19.21
ATOM,4761.0,HE21,GLN,321.0,-26.015,65.578,1.585,0.32,0.2245,22.2
ATOM,4762.0,HE22,GLN,321.0,-27.299,66.65,2.145,0.3,0.2245,2.43
ATOM,4763.0,N,ILE,322.0,-24.669,70.322,6.58,-0.47,1.85,0.0
ATOM,4764.0,CA,ILE,322.0,-23.834,71.049,7.518,0.07,2.275,0.05
ATOM,4765.0,C,ILE,322.0,-23.311,70.106,8.599,0.51,2.0,0.0
ATOM,4766.0,O,ILE,322.0,-22.14,70.166,8.971,-0.51,1.7,0.0
ATOM,4767.0,CB,ILE,322.0,-24.613,72.224,8.135,-0.09,2.275,0.0
ATOM,4768.0,CG1,ILE,322.0,-24.95,73.223,7.019,-0.18,2.175,6.61
ATOM,4769.0,CG2,ILE,322.0,-23.784,72.896,9.23,-0.27,2.06,0.0
ATOM,4770.0,CD1,ILE,322.0,-25.636,74.487,7.465,-0.27,2.06,2.18
ATOM,4771.0,H,ILE,322.0,-25.692,70.402,6.53,0.31,0.2245,0.0
ATOM,4772.0,HA,ILE,322.0,-23.033,71.363,7.004,0.09,1.32,0.56
ATOM,4773.0,HB,ILE,322.0,-25.461,71.874,8.498,0.09,1.32,0.0
ATOM,4774.0,HG12,ILE,322.0,-24.094,73.462,6.547,0.09,1.32,4.11
ATOM,4775.0,HG13,ILE,322.0,-25.54,72.751,6.352,0.09,1.32,0.0
ATOM,4776.0,HG21,ILE,322.0,-24.304,73.653,9.62,0.09,1.32,0.0
ATOM,4777.0,HG22,ILE,322.0,-23.577,72.23,9.943,0.09,1.32,0.0
ATOM,4778.0,HG23,ILE,322.0,-22.935,73.24,8.837,0.09,1.32,0.0
ATOM,4779.0,HD11,ILE,322.0,-25.05,74.976,8.112,0.09,1.32,0.0
ATOM,4780.0,HD12,ILE,322.0,-25.813,75.07,6.672,0.09,1.32,5.05
ATOM,4781.0,HD13,ILE,322.0,-26.503,74.259,7.909,0.09,1.32,0.0
ATOM,4782.0,N,PHE,323.0,-24.175,69.218,9.074,-0.47,1.85,0.0
ATOM,4783.0,CA,PHE,323.0,-23.78,68.267,10.094,0.07,2.275,0.0
ATOM,4784.0,C,PHE,323.0,-22.772,67.253,9.563,0.51,2.0,0.0
ATOM,4785.0,O,PHE,323.0,-22.146,66.519,10.336,-0.51,1.7,3.41
ATOM,4786.0,CB,PHE,323.0,-25.011,67.555,10.666,-0.18,2.175,0.0
ATOM,4787.0,CG,PHE,323.0,-25.677,68.317,11.779,0.0,1.9924,0.0
ATOM,4788.0,CD1,PHE,323.0,-26.285,69.548,11.543,-0.115,1.9924,0.0
ATOM,4789.0,CD2,PHE,323.0,-25.638,67.834,13.081,-0.115,1.9924,0.0
ATOM,4790.0,CE1,PHE,323.0,-26.839,70.287,12.589,-0.115,1.9924,0.0
ATOM,4791.0,CE2,PHE,323.0,-26.19,68.566,14.138,-0.115,1.9924,0.0
ATOM,4792.0,CZ,PHE,323.0,-26.791,69.798,13.889,-0.115,1.9924,0.0
ATOM,4793.0,H,PHE,323.0,-25.124,69.266,8.663,0.31,0.2245,0.0
ATOM,4794.0,HA,PHE,323.0,-23.31,68.787,10.821,0.09,1.32,0.0
ATOM,4795.0,HB2,PHE,323.0,-25.664,67.447,9.935,0.09,1.32,0.0
ATOM,4796.0,HB3,PHE,323.0,-24.716,66.685,11.024,0.09,1.32,0.32
ATOM,4797.0,HD1,PHE,323.0,-26.329,69.91,10.617,0.115,1.3582,0.0
ATOM,4798.0,HD2,PHE,323.0,-25.211,66.95,13.27,0.115,1.3582,0.0
ATOM,4799.0,HE1,PHE,323.0,-27.27,71.175,12.392,0.115,1.3582,0.0
ATOM,4800.0,HE2,PHE,323.0,-26.147,68.196,15.076,0.115,1.3582,0.0
ATOM,4801.0,HZ,PHE,323.0,-27.185,70.326,14.636,0.115,1.3582,0.0
ATOM,4802.0,N,ASN,324.0,-22.602,67.225,8.246,-0.47,1.85,0.0
ATOM,4803.0,CA,ASN,324.0,-21.667,66.294,7.633,0.07,2.275,0.0
ATOM,4804.0,C,ASN,324.0,-20.35,66.938,7.289,0.51,2.0,0.0
ATOM,4805.0,O,ASN,324.0,-19.461,66.268,6.776,-0.51,1.7,13.69
ATOM,4806.0,CB,ASN,324.0,-22.25,65.685,6.356,-0.18,2.175,8.1
ATOM,4807.0,CG,ASN,324.0,-23.288,64.631,6.639,0.55,2.0,2.37
ATOM,4808.0,OD1,ASN,324.0,-23.039,63.445,6.482,-0.55,1.7,27.37
ATOM,4809.0,ND2,ASN,324.0,-24.469,65.062,7.044,-0.62,1.85,2.01
ATOM,4810.0,H,ASN,324.0,-23.175,67.902,7.714,0.31,0.2245,0.0
ATOM,4811.0,HA,ASN,324.0,-21.479,65.57,8.318,0.09,1.32,0.89
ATOM,4812.0,HB2,ASN,324.0,-22.67,66.417,5.825,0.09,1.32,0.0
ATOM,4813.0,HB3,ASN,324.0,-21.504,65.273,5.839,0.09,1.32,6.85
ATOM,4814.0,HD22,ASN,324.0,-24.641,66.045,7.144,0.3,0.2245,0.0
ATOM,4815.0,HD21,ASN,324.0,-25.2,64.409,7.254,0.32,0.2245,0.0
ATOM,4816.0,N,GLN,325.0,-20.21,68.229,7.566,-0.47,1.85,0.0
ATOM,4817.0,CA,GLN,325.0,-18.962,68.903,7.242,0.07,2.275,0.54
ATOM,4818.0,C,GLN,325.0,-18.302,69.679,8.378,0.51,2.0,0.0
ATOM,4819.0,O,GLN,325.0,-17.142,70.094,8.264,-0.51,1.7,0.94
ATOM,4820.0,CB,GLN,325.0,-19.186,69.843,6.063,-0.18,2.175,0.32
ATOM,4821.0,CG,GLN,325.0,-19.546,69.14,4.78,-0.18,2.175,8.07
ATOM,4822.0,CD,GLN,325.0,-19.527,70.077,3.594,0.55,2.0,2.4
ATOM,4823.0,H,GLN,325.0,-21.018,68.682,8.005,0.31,0.2245,0.0
ATOM,4824.0,HA,GLN,325.0,-18.293,68.187,6.932,0.09,1.32,3.66
ATOM,4825.0,HB2,GLN,325.0,-19.928,70.477,6.295,0.09,1.32,0.0
ATOM,4826.0,HB3,GLN,325.0,-18.345,70.37,5.91,0.09,1.32,0.0
ATOM,4827.0,HG2,GLN,325.0,-18.888,68.406,4.615,0.09,1.32,7.86
ATOM,4828.0,HG3,GLN,325.0,-20.464,68.754,4.866,0.09,1.32,0.0
ATOM,4829.0,OE1,GLN,325.0,-18.519,70.74,3.331,-0.55,1.7,18.35
ATOM,4830.0,NE2,GLN,325.0,-20.644,70.141,2.868,-0.62,1.85,19.89
ATOM,4831.0,HE21,GLN,325.0,-20.71,70.759,2.065,0.32,0.2245,22.01
ATOM,4832.0,HE22,GLN,325.0,-21.434,69.556,3.134,0.3,0.2245,0.6
ATOM,4833.0,N,TYR,326.0,-19.038,69.882,9.463,-0.47,1.85,0.0
ATOM,4834.0,CA,TYR,326.0,-18.518,70.628,10.596,0.07,2.275,0.0
ATOM,4835.0,C,TYR,326.0,-18.685,69.842,11.873,0.34,2.0,0.0
ATOM,4836.0,O,TYR,326.0,-19.136,68.688,11.782,-0.67,1.7,0.0
ATOM,4837.0,CB,TYR,326.0,-19.254,71.956,10.72,-0.18,2.175,0.0
ATOM,4838.0,CG,TYR,326.0,-19.164,72.795,9.475,0.0,1.9924,0.0
ATOM,4839.0,CD1,TYR,326.0,-17.99,73.477,9.155,-0.115,1.9924,0.0
ATOM,4840.0,CD2,TYR,326.0,-20.236,72.878,8.596,-0.115,1.9924,0.0
ATOM,4841.0,CE1,TYR,326.0,-17.885,74.219,7.989,-0.115,1.9924,0.0
ATOM,4842.0,CE2,TYR,326.0,-20.139,73.617,7.426,-0.115,1.9924,0.24
ATOM,4843.0,CZ,TYR,326.0,-18.961,74.283,7.131,0.11,1.9924,0.0
ATOM,4844.0,OH,TYR,326.0,-18.854,75.008,5.972,-0.54,1.77,13.95
ATOM,4845.0,OXT,TYR,326.0,-18.365,70.392,12.946,-0.67,1.7,0.69
ATOM,4846.0,H,TYR,326.0,-19.99,69.472,9.43,0.31,0.2245,0.0
ATOM,4847.0,HA,TYR,326.0,-17.534,70.785,10.445,0.09,1.32,0.0
ATOM,4848.0,HB2,TYR,326.0,-20.213,71.767,10.903,0.09,1.32,0.0
ATOM,4849.0,HB3,TYR,326.0,-18.852,72.468,11.472,0.09,1.32,0.0
ATOM,4850.0,HD1,TYR,326.0,-17.208,73.43,9.781,0.115,1.3582,0.0
ATOM,4851.0,HD2,TYR,326.0,-21.085,72.4,8.807,0.115,1.3582,0.0
ATOM,4852.0,HE1,TYR,326.0,-17.035,74.701,7.774,0.115,1.3582,0.0
ATOM,4853.0,HE2,TYR,326.0,-20.916,73.669,6.798,0.115,1.3582,4.46
ATOM,4854.0,HH,TYR,326.0,-17.968,75.47,5.952,0.43,0.2245,4.11
,,,,,,,,,,4.1
ATOM,4855.0,N,ASP,399.0,-19.605,74.827,38.772,-0.3,1.85,0.6
ATOM,4856.0,CA,ASP,399.0,-18.25,75.277,38.316,0.21,2.275,0.0
ATOM,4857.0,C,ASP,399.0,-18.218,75.642,36.837,0.51,2.0,0.0
ATOM,4858.0,O,ASP,399.0,-18.669,74.814,36.018,-0.51,1.7,10.49
ATOM,4859.0,CB,ASP,399.0,-17.251,74.169,38.619,-0.28,2.175,0.0
ATOM,4860.0,CG,ASP,399.0,-16.004,74.227,37.749,0.62,2.0,0.0
ATOM,4861.0,OD1,ASP,399.0,-15.682,75.314,37.228,-0.76,1.7,3.63
ATOM,4862.0,OD2,ASP,399.0,-15.332,73.176,37.603,-0.76,1.7,0.0
ATOM,4863.0,H,ASP,399.0,-20.234,75.597,38.725,0.33,0.2245,0.27
ATOM,4864.0,HA,ASP,399.0,-18.041,76.113,38.842,0.1,1.32,3.68
ATOM,4865.0,HB2,ASP,399.0,-16.974,74.251,39.573,0.09,1.32,3.99
ATOM,4866.0,HB3,ASP,399.0,-17.701,73.293,38.468,0.09,1.32,0.65
ATOM,4867.0,H2,ASP,399.0,-19.919,74.094,38.176,0.33,0.2245,14.15
ATOM,4868.0,H3,ASP,399.0,-19.538,74.499,39.709,0.33,0.2245,
