atom,serial,name,resname,resid,x,y,z,charges,radius,sasa
ATOM,1.0,N,MET,1.0,-11.586,2.272,20.354,-0.3,1.85,12.91
ATOM,2.0,CA,MET,1.0,-10.26,2.812,19.865,0.21,2.275,0.0
ATOM,3.0,C,MET,1.0,-10.434,3.98,18.876,0.51,2.0,0.0
ATOM,4.0,O,MET,1.0,-11.38,4.016,18.08,-0.51,1.7,11.57
ATOM,5.0,CB,MET,1.0,-9.484,1.671,19.196,-0.18,2.175,0.84
ATOM,6.0,CG,MET,1.0,-8.054,2.08,18.74,-0.14,2.175,0.0
ATOM,7.0,SD,MET,1.0,-7.018,2.799,20.065,-0.09,2.0,0.0
ATOM,8.0,CE,MET,1.0,-7.121,1.481,21.36,-0.22,2.06,0.86
ATOM,9.0,H,MET,1.0,-11.505,1.288,20.465,0.33,0.2245,9.38
ATOM,10.0,HA,MET,1.0,-9.766,3.151,20.671,0.1,1.32,0.0
ATOM,11.0,HB2,MET,1.0,-9.391,0.908,19.839,0.09,1.32,0.0
ATOM,12.0,HB3,MET,1.0,-9.983,1.358,18.385,0.09,1.32,1.13
ATOM,13.0,HG2,MET,1.0,-7.604,1.249,18.339,0.09,1.32,0.0
ATOM,14.0,HG3,MET,1.0,-8.15,2.739,17.958,0.09,1.32,0.0
ATOM,15.0,HE1,MET,1.0,-7.888,0.893,21.138,0.09,1.32,0.0
ATOM,16.0,HE2,MET,1.0,-6.27,0.972,21.347,0.09,1.32,0.0
ATOM,17.0,HE3,MET,1.0,-7.256,1.923,22.237,0.09,1.32,0.0
ATOM,18.0,H2,MET,1.0,-11.801,2.702,21.223,0.33,0.2245,8.42
ATOM,19.0,H3,MET,1.0,-12.283,2.488,19.68,0.33,0.2245,12.69
ATOM,20.0,N,GLN,2.0,-9.523,4.942,18.965,-0.47,1.85,0.0
ATOM,21.0,CA,GLN,2.0,-9.473,6.022,17.992,0.07,2.275,0.0
ATOM,22.0,C,GLN,2.0,-8.312,5.732,17.038,0.51,2.0,0.0
ATOM,23.0,O,GLN,2.0,-7.357,4.997,17.383,-0.51,1.7,0.0
ATOM,24.0,CB,GLN,2.0,-9.29,7.4,18.655,-0.18,2.175,4.62
ATOM,25.0,CG,GLN,2.0,-10.402,7.791,19.638,-0.18,2.175,7.74
ATOM,26.0,CD,GLN,2.0,-11.79,7.806,19.028,0.55,2.0,2.01
ATOM,27.0,H,GLN,2.0,-8.871,4.857,19.765,0.31,0.2245,0.0
ATOM,28.0,HA,GLN,2.0,-10.312,6.005,17.46,0.09,1.32,0.17
ATOM,29.0,HB2,GLN,2.0,-8.422,7.402,19.156,0.09,1.32,0.0
ATOM,30.0,HB3,GLN,2.0,-9.255,8.099,17.937,0.09,1.32,4.78
ATOM,31.0,HG2,GLN,2.0,-10.392,7.136,20.4,0.09,1.32,0.0
ATOM,32.0,HG3,GLN,2.0,-10.197,8.707,19.996,0.09,1.32,11.82
ATOM,33.0,OE1,GLN,2.0,-11.946,7.959,17.814,-0.55,1.7,29.0
ATOM,34.0,NE2,GLN,2.0,-12.81,7.668,19.875,-0.62,1.85,23.07
ATOM,35.0,HE21,GLN,2.0,-13.769,7.682,19.541,0.32,0.2245,21.78
ATOM,36.0,HE22,GLN,2.0,-12.61,7.547,20.866,0.3,0.2245,12.83
ATOM,37.0,N,TYR,3.0,-8.404,6.311,15.841,-0.47,1.85,0.0
ATOM,38.0,CA,TYR,3.0,-7.415,6.081,14.797,0.07,2.275,0.0
ATOM,39.0,C,TYR,3.0,-6.935,7.392,14.199,0.51,2.0,0.06
ATOM,40.0,O,TYR,3.0,-7.581,8.451,14.37,-0.51,1.7,24.5
ATOM,41.0,CB,TYR,3.0,-8.008,5.172,13.713,-0.18,2.175,0.0
ATOM,42.0,CG,TYR,3.0,-8.347,3.829,14.253,0.0,1.9924,0.01
ATOM,43.0,CD1,TYR,3.0,-9.592,3.603,14.899,-0.115,1.9924,9.06
ATOM,44.0,CD2,TYR,3.0,-7.425,2.762,14.175,-0.115,1.9924,2.62
ATOM,45.0,CE1,TYR,3.0,-9.908,2.373,15.425,-0.115,1.9924,10.88
ATOM,46.0,CE2,TYR,3.0,-7.731,1.514,14.692,-0.115,1.9924,7.56
ATOM,47.0,CZ,TYR,3.0,-8.973,1.328,15.34,0.11,1.9924,1.8
ATOM,48.0,OH,TYR,3.0,-9.298,0.098,15.936,-0.54,1.77,16.66
ATOM,49.0,H,TYR,3.0,-9.231,6.93,15.722,0.31,0.2245,4.82
ATOM,50.0,HA,TYR,3.0,-6.622,5.614,15.21,0.09,1.32,0.0
ATOM,51.0,HB2,TYR,3.0,-8.831,5.603,13.372,0.09,1.32,3.86
ATOM,52.0,HB3,TYR,3.0,-7.332,5.072,12.997,0.09,1.32,0.0
ATOM,53.0,HD1,TYR,3.0,-10.239,4.363,14.964,0.115,1.3582,7.04
ATOM,54.0,HD2,TYR,3.0,-6.544,2.92,13.739,0.115,1.3582,0.0
ATOM,55.0,HE1,TYR,3.0,-10.789,2.209,15.865,0.115,1.3582,8.18
ATOM,56.0,HE2,TYR,3.0,-7.099,0.755,14.617,0.115,1.3582,0.37
ATOM,57.0,HH,TYR,3.0,-8.475,-0.278,16.348,0.43,0.2245,0.0
ATOM,58.0,N,HIS,4.0,-5.799,7.321,13.521,-0.47,1.85,0.0
ATOM,59.0,CA,HIS,4.0,-5.153,8.523,12.995,0.07,2.275,0.42
ATOM,60.0,C,HIS,4.0,-4.543,8.204,11.642,0.51,2.0,0.0
ATOM,61.0,O,HIS,4.0,-3.768,7.265,11.481,-0.51,1.7,0.0
ATOM,62.0,CB,HIS,4.0,-4.033,8.96,13.927,-0.08,2.175,0.05
ATOM,63.0,CG,HIS,4.0,-3.399,10.256,13.549,0.22,1.8,0.0
ATOM,64.0,ND1,HIS,4.0,-2.519,10.366,12.492,-0.7,1.85,0.0
ATOM,65.0,CD2,HIS,4.0,-3.56,11.501,14.039,-0.05,1.8,11.96
ATOM,66.0,CE1,HIS,4.0,-2.133,11.632,12.382,0.25,1.8,3.76
ATOM,67.0,NE2,HIS,4.0,-2.724,12.326,13.332,-0.36,1.85,6.03
ATOM,68.0,H,HIS,4.0,-5.416,6.367,13.398,0.31,0.2245,0.0
ATOM,69.0,HA,HIS,4.0,-5.85,9.228,12.871,0.09,1.32,3.02
ATOM,70.0,HB2,HIS,4.0,-4.399,9.048,14.863,0.09,1.32,1.4
ATOM,71.0,HB3,HIS,4.0,-3.317,8.249,13.937,0.09,1.32,0.0
ATOM,72.0,HD2,HIS,4.0,-4.173,11.775,14.778,0.09,1.468,16.19
ATOM,73.0,HE1,HIS,4.0,-1.505,11.989,11.699,0.13,0.9,0.01
ATOM,74.0,HE2,HIS,4.0,-2.586,13.305,13.511,0.32,0.2245,7.76
ATOM,75.0,N,ARG,5.0,-4.921,8.984,10.635,-0.47,1.85,0.0
ATOM,76.0,CA,ARG,5.0,-4.363,8.758,9.298,0.07,2.275,0.0
ATOM,77.0,C,ARG,5.0,-2.982,9.41,9.128,0.51,2.0,0.0
ATOM,78.0,O,ARG,5.0,-2.898,10.633,9.263,-0.51,1.7,7.47
ATOM,79.0,CB,ARG,5.0,-5.322,9.318,8.233,-0.18,2.175,8.5
ATOM,80.0,CG,ARG,5.0,-6.692,8.591,8.249,-0.18,2.175,1.5
ATOM,81.0,CD,ARG,5.0,-7.695,9.067,7.151,0.2,2.175,20.42
ATOM,82.0,NE,ARG,5.0,-8.99,8.479,7.438,-0.7,1.85,5.08
ATOM,83.0,CZ,ARG,5.0,-9.307,7.217,7.156,0.64,2.0,1.95
ATOM,84.0,NH1,ARG,5.0,-8.435,6.421,6.537,-0.8,1.85,14.73
ATOM,85.0,NH2,ARG,5.0,-10.503,6.76,7.498,-0.8,1.85,18.0
ATOM,86.0,H,ARG,5.0,-5.598,9.716,10.861,0.31,0.2245,7.76
ATOM,87.0,HA,ARG,5.0,-4.265,7.763,9.151,0.09,1.32,0.0
ATOM,88.0,HB2,ARG,5.0,-5.487,10.267,8.425,0.09,1.32,7.55
ATOM,89.0,HB3,ARG,5.0,-4.923,9.18,7.346,0.09,1.32,6.89
ATOM,90.0,HG2,ARG,5.0,-6.545,7.608,8.115,0.09,1.32,0.0
ATOM,91.0,HG3,ARG,5.0,-7.131,8.737,9.138,0.09,1.32,3.45
ATOM,92.0,HD2,ARG,5.0,-7.741,10.042,7.206,0.09,1.32,9.23
ATOM,93.0,HD3,ARG,5.0,-7.354,8.745,6.292,0.09,1.32,6.11
ATOM,94.0,HE,ARG,5.0,-9.689,9.053,7.874,0.44,0.2245,16.07
ATOM,95.0,HH11,ARG,5.0,-7.528,6.754,6.295,0.46,0.2245,7.7
ATOM,96.0,HH12,ARG,5.0,-8.696,5.478,6.315,0.46,0.2245,13.65
ATOM,97.0,HH21,ARG,5.0,-11.151,7.351,7.98,0.46,0.2245,17.56
ATOM,98.0,HH22,ARG,5.0,-10.762,5.818,7.275,0.46,0.2245,14.97
ATOM,99.0,N,ILE,6.0,-1.961,8.615,8.819,-0.47,1.85,0.0
ATOM,100.0,CA,ILE,6.0,-0.581,9.166,8.59,0.07,2.275,0.0
ATOM,101.0,C,ILE,6.0,-0.504,9.739,7.177,0.51,2.0,0.05
ATOM,102.0,O,ILE,6.0,-0.798,9.053,6.222,-0.51,1.7,3.03
ATOM,103.0,CB,ILE,6.0,0.431,8.07,8.822,-0.09,2.275,0.0
ATOM,104.0,CG1,ILE,6.0,0.408,7.718,10.327,-0.18,2.175,0.0
ATOM,105.0,CG2,ILE,6.0,1.893,8.536,8.503,-0.27,2.06,0.0
ATOM,106.0,CD1,ILE,6.0,1.257,6.533,10.673,-0.27,2.06,0.3
ATOM,107.0,H,ILE,6.0,-2.175,7.612,8.748,0.31,0.2245,0.0
ATOM,108.0,HA,ILE,6.0,-0.495,9.928,9.222,0.09,1.32,0.0
ATOM,109.0,HB,ILE,6.0,0.153,7.264,8.328,0.09,1.32,0.0
ATOM,110.0,HG12,ILE,6.0,0.725,8.517,10.832,0.09,1.32,0.0
ATOM,111.0,HG13,ILE,6.0,-0.539,7.532,10.578,0.09,1.32,0.0
ATOM,112.0,HG21,ILE,6.0,2.51,7.789,8.712,0.09,1.32,0.0
ATOM,113.0,HG22,ILE,6.0,1.942,8.77,7.541,0.09,1.32,0.0
ATOM,114.0,HG23,ILE,6.0,2.097,9.326,9.066,0.09,1.32,0.0
ATOM,115.0,HD11,ILE,6.0,2.21,6.715,10.424,0.09,1.32,0.0
ATOM,116.0,HD12,ILE,6.0,1.203,6.353,11.657,0.09,1.32,0.0
ATOM,117.0,HD13,ILE,6.0,0.934,5.727,10.173,0.09,1.32,0.0
ATOM,118.0,N,PRO,7.0,-0.125,11.003,7.049,-0.29,1.85,0.0
ATOM,119.0,CA,PRO,7.0,0.002,11.605,5.696,0.02,2.275,1.23
ATOM,120.0,C,PRO,7.0,0.966,10.859,4.754,0.51,2.0,0.0
ATOM,121.0,O,PRO,7.0,1.919,10.203,5.176,-0.51,1.7,0.0
ATOM,122.0,CB,PRO,7.0,0.504,13.025,6.008,-0.18,2.175,3.65
ATOM,123.0,CG,PRO,7.0,0.026,13.296,7.404,-0.18,2.175,11.61
ATOM,124.0,CD,PRO,7.0,0.176,11.978,8.1,0.0,2.175,0.0
ATOM,125.0,HA,PRO,7.0,-0.917,11.692,5.266,0.09,1.32,9.53
ATOM,126.0,HB2,PRO,7.0,1.504,13.063,5.959,0.09,1.32,0.0
ATOM,127.0,HB3,PRO,7.0,0.117,13.685,5.363,0.09,1.32,9.12
ATOM,128.0,HG2,PRO,7.0,0.59,13.999,7.835,0.09,1.32,0.02
ATOM,129.0,HG3,PRO,7.0,-0.928,13.593,7.393,0.09,1.32,10.81
ATOM,130.0,HD2,PRO,7.0,1.108,11.849,8.446,0.09,1.32,0.0
ATOM,131.0,HD3,PRO,7.0,-0.471,11.888,8.862,0.09,1.32,0.0
ATOM,132.0,N,HIS,8.0,0.698,10.95,3.44,-0.47,1.85,0.02
ATOM,133.0,CA,HIS,8.0,1.546,10.323,2.429,0.07,2.275,5.13
ATOM,134.0,C,HIS,8.0,1.638,8.833,2.553,0.51,2.0,2.2
ATOM,135.0,O,HIS,8.0,2.66,8.243,2.211,-0.51,1.7,13.04
ATOM,136.0,CB,HIS,8.0,2.981,10.918,2.467,-0.09,2.175,0.37
ATOM,137.0,CG,HIS,8.0,3.027,12.416,2.514,-0.05,1.8,0.0
ATOM,138.0,H,HIS,8.0,-0.155,11.499,3.215,0.31,0.2245,13.45
ATOM,139.0,HA,HIS,8.0,1.158,10.552,1.513,0.09,1.32,11.24
ATOM,140.0,HB2,HIS,8.0,3.453,10.557,3.279,0.09,1.32,0.0
ATOM,141.0,HB3,HIS,8.0,3.474,10.608,1.647,0.09,1.32,6.29
ATOM,142.0,ND1,HIS,8.0,2.976,13.126,3.696,-0.36,1.85,0.77
ATOM,143.0,CD2,HIS,8.0,3.135,13.34,1.53,0.22,1.8,11.49
ATOM,144.0,CE1,HIS,8.0,3.043,14.419,3.441,0.25,1.8,7.55
ATOM,145.0,NE2,HIS,8.0,3.135,14.577,2.132,-0.7,1.85,22.55
ATOM,146.0,HD1,HIS,8.0,2.9,12.718,4.608,0.32,0.2245,0.27
ATOM,147.0,HD2,HIS,8.0,3.201,13.161,0.553,0.1,1.468,15.44
ATOM,148.0,HE1,HIS,8.0,3.026,15.15,4.115,0.13,0.9,3.64
ATOM,149.0,N,SER,9.0,0.569,8.191,3.056,-0.47,1.85,3.12
ATOM,150.0,CA,SER,9.0,0.59,6.742,3.273,0.07,2.275,2.75
ATOM,151.0,C,SER,9.0,-0.821,6.163,3.288,0.51,2.0,2.04
ATOM,152.0,O,SER,9.0,-1.777,6.898,3.285,-0.51,1.7,22.87
ATOM,153.0,CB,SER,9.0,1.206,6.397,4.632,0.05,2.175,0.0
ATOM,154.0,OG,SER,9.0,0.244,6.641,5.674,-0.66,1.77,0.0
ATOM,155.0,H,SER,9.0,-0.24,8.794,3.268,0.31,0.2245,2.52
ATOM,156.0,HA,SER,9.0,1.09,6.321,2.507,0.09,1.32,0.73
ATOM,157.0,HB2,SER,9.0,1.449,5.441,4.645,0.09,1.32,0.0
ATOM,158.0,HB3,SER,9.0,1.992,6.974,4.788,0.09,1.32,0.0
ATOM,159.0,HG,SER,9.0,0.032,7.614,5.696,0.43,0.2245,0.0
ATOM,160.0,N,SER,10.0,-0.88,4.836,3.358,-0.47,1.85,0.04
ATOM,161.0,CA,SER,10.0,-2.149,4.118,3.482,0.07,2.275,5.02
ATOM,162.0,C,SER,10.0,-2.259,3.609,4.899,0.51,2.0,1.26
ATOM,163.0,O,SER,10.0,-3.029,2.703,5.167,-0.51,1.7,15.87
ATOM,164.0,CB,SER,10.0,-2.248,2.93,2.519,0.05,2.175,22.81
ATOM,165.0,OG,SER,10.0,-1.113,2.101,2.573,-0.66,1.77,4.32
ATOM,166.0,H,SER,10.0,0.043,4.357,3.318,0.31,0.2245,0.0
ATOM,167.0,HA,SER,10.0,-2.887,4.768,3.322,0.09,1.32,7.08
ATOM,168.0,HB2,SER,10.0,-3.059,2.394,2.759,0.09,1.32,7.35
ATOM,169.0,HB3,SER,10.0,-2.352,3.285,1.588,0.09,1.32,11.8
ATOM,170.0,HG,SER,10.0,-0.295,2.632,2.348,0.43,0.2245,0.0
ATOM,171.0,N,LEU,11.0,-1.477,4.179,5.806,-0.47,1.85,0.04
ATOM,172.0,CA,LEU,11.0,-1.581,3.739,7.196,0.07,2.275,0.0
ATOM,173.0,C,LEU,11.0,-2.559,4.559,8.005,0.51,2.0,0.57
ATOM,174.0,O,LEU,11.0,-2.46,5.774,8.105,-0.51,1.7,2.16
ATOM,175.0,CB,LEU,11.0,-0.216,3.824,7.886,-0.18,2.175,0.0
ATOM,176.0,CG,LEU,11.0,0.898,2.972,7.294,-0.09,2.275,0.0
ATOM,177.0,CD1,LEU,11.0,2.134,3.094,8.144,-0.27,2.06,0.0
ATOM,178.0,CD2,LEU,11.0,0.476,1.508,7.171,-0.27,2.06,0.42
ATOM,179.0,H,LEU,11.0,-0.842,4.9,5.472,0.31,0.2245,0.0
ATOM,180.0,HA,LEU,11.0,-1.89,2.771,7.199,0.09,1.32,0.47
ATOM,181.0,HB2,LEU,11.0,0.082,4.776,7.85,0.09,1.32,0.0
ATOM,182.0,HB3,LEU,11.0,-0.338,3.543,8.835,0.09,1.32,0.0
ATOM,183.0,HG,LEU,11.0,1.092,3.29,6.368,0.09,1.32,0.0
ATOM,184.0,HD11,LEU,11.0,1.941,2.78,9.077,0.09,1.32,0.2
ATOM,185.0,HD12,LEU,11.0,2.872,2.534,7.758,0.09,1.32,0.0
ATOM,186.0,HD13,LEU,11.0,2.434,4.051,8.177,0.09,1.32,0.0
ATOM,187.0,HD21,LEU,11.0,-0.325,1.443,6.576,0.09,1.32,0.0
ATOM,188.0,HD22,LEU,11.0,1.228,0.978,6.78,0.09,1.32,0.0
ATOM,189.0,HD23,LEU,11.0,0.25,1.151,8.077,0.09,1.32,0.0
ATOM,190.0,N,GLU,12.0,-3.527,3.88,8.595,-0.47,1.85,0.2
ATOM,191.0,CA,GLU,12.0,-4.404,4.521,9.564,0.07,2.275,0.0
ATOM,192.0,C,GLU,12.0,-4.093,3.752,10.857,0.51,2.0,0.0
ATOM,193.0,O,GLU,12.0,-4.544,2.641,11.062,-0.51,1.7,2.04
ATOM,194.0,CB,GLU,12.0,-5.877,4.364,9.186,-0.18,2.175,6.17
ATOM,195.0,CG,GLU,12.0,-6.809,5.122,10.164,-0.28,2.175,0.02
ATOM,196.0,CD,GLU,12.0,-8.277,4.885,9.938,0.62,2.0,0.06
ATOM,197.0,OE1,GLU,12.0,-8.644,3.856,9.312,-0.76,1.7,27.63
ATOM,198.0,OE2,GLU,12.0,-9.088,5.701,10.426,-0.76,1.7,16.37
ATOM,199.0,H,GLU,12.0,-3.605,2.887,8.318,0.31,0.2245,4.82
ATOM,200.0,HA,GLU,12.0,-4.164,5.457,9.677,0.09,1.32,0.0
ATOM,201.0,HB2,GLU,12.0,-6.011,4.754,8.305,0.09,1.32,2.12
ATOM,202.0,HB3,GLU,12.0,-6.11,3.422,9.243,0.09,1.32,4.52
ATOM,203.0,HG2,GLU,12.0,-6.583,4.819,11.077,0.09,1.32,0.0
ATOM,204.0,HG3,GLU,12.0,-6.63,6.088,10.051,0.09,1.32,0.0
ATOM,205.0,N,VAL,13.0,-3.342,4.417,11.74,-0.47,1.85,0.0
ATOM,206.0,CA,VAL,13.0,-2.85,3.762,12.965,0.07,2.275,0.0
ATOM,207.0,C,VAL,13.0,-3.79,3.957,14.13,0.51,2.0,0.0
ATOM,208.0,O,VAL,13.0,-4.416,4.99,14.266,-0.51,1.7,0.0
ATOM,209.0,CB,VAL,13.0,-1.44,4.25,13.387,-0.09,2.275,0.0
ATOM,210.0,CG1,VAL,13.0,-0.397,3.803,12.373,-0.27,2.06,0.59
ATOM,211.0,CG2,VAL,13.0,-1.415,5.793,13.686,-0.27,2.06,0.0
ATOM,212.0,H,VAL,13.0,-3.142,5.398,11.499,0.31,0.2245,0.0
ATOM,213.0,HA,VAL,13.0,-2.78,2.772,12.772,0.09,1.32,0.0
ATOM,214.0,HB,VAL,13.0,-1.218,3.81,14.25,0.09,1.32,0.0
ATOM,215.0,HG11,VAL,13.0,0.517,3.908,12.765,0.09,1.32,0.69
ATOM,216.0,HG12,VAL,13.0,-0.55,2.843,12.138,0.09,1.32,0.0
ATOM,217.0,HG13,VAL,13.0,-0.471,4.364,11.548,0.09,1.32,0.0
ATOM,218.0,HG21,VAL,13.0,-2.137,6.218,13.156,0.09,1.32,0.0
ATOM,219.0,HG22,VAL,13.0,-1.567,5.918,14.658,0.09,1.32,0.0
ATOM,220.0,HG23,VAL,13.0,-0.526,6.141,13.418,0.09,1.32,0.0
ATOM,221.0,N,SER,14.0,-3.922,2.934,14.965,-0.47,1.85,0.0
ATOM,222.0,CA,SER,14.0,-4.61,3.155,16.226,0.07,2.275,0.0
ATOM,223.0,C,SER,14.0,-3.845,4.211,17.056,0.51,2.0,0.0
ATOM,224.0,O,SER,14.0,-2.585,4.287,16.998,-0.51,1.7,0.0
ATOM,225.0,CB,SER,14.0,-4.729,1.832,16.99,0.05,2.175,0.0
ATOM,226.0,OG,SER,14.0,-3.456,1.155,17.088,-0.66,1.77,0.0
ATOM,227.0,H,SER,14.0,-3.526,2.048,14.662,0.31,0.2245,0.0
ATOM,228.0,HA,SER,14.0,-5.518,3.528,16.034,0.09,1.32,0.0
ATOM,229.0,HB2,SER,14.0,-5.057,2.015,17.911,0.09,1.32,0.0
ATOM,230.0,HB3,SER,14.0,-5.364,1.234,16.51,0.09,1.32,0.0
ATOM,231.0,HG,SER,14.0,-3.056,1.355,17.976,0.43,0.2245,0.0
ATOM,232.0,N,THR,15.0,-4.599,5.019,17.804,-0.47,1.85,0.0
ATOM,233.0,CA,THR,15.0,-4.024,6.1,18.583,0.07,2.275,0.0
ATOM,234.0,C,THR,15.0,-3.129,5.571,19.686,0.51,2.0,0.0
ATOM,235.0,O,THR,15.0,-2.215,6.275,20.154,-0.51,1.7,0.0
ATOM,236.0,CB,THR,15.0,-5.148,6.994,19.118,0.14,2.275,0.0
ATOM,237.0,OG1,THR,15.0,-5.725,7.675,17.984,-0.66,1.77,4.31
ATOM,238.0,CG2,THR,15.0,-4.588,8.159,19.905,-0.27,2.06,5.55
ATOM,239.0,H,THR,15.0,-5.617,4.805,17.777,0.31,0.2245,0.0
ATOM,240.0,HA,THR,15.0,-3.466,6.677,17.969,0.09,1.32,0.0
ATOM,241.0,HB,THR,15.0,-5.865,6.415,19.533,0.09,1.32,0.0
ATOM,242.0,HG21,THR,15.0,-5.275,8.498,20.554,0.09,1.32,0.51
ATOM,243.0,HG22,THR,15.0,-3.774,7.869,20.416,0.09,1.32,0.0
ATOM,244.0,HG23,THR,15.0,-4.333,8.904,19.282,0.09,1.32,5.7
ATOM,245.0,HG1,THR,15.0,-5.664,7.096,17.167,0.43,0.2245,0.0
ATOM,246.0,N,LEU,16.0,-3.383,4.346,20.105,-0.47,1.85,0.0
ATOM,247.0,CA,LEU,16.0,-2.453,3.649,20.983,0.07,2.275,0.0
ATOM,248.0,C,LEU,16.0,-1.889,2.47,20.235,0.51,2.0,0.0
ATOM,249.0,O,LEU,16.0,-2.617,1.759,19.528,-0.51,1.7,0.0
ATOM,250.0,CB,LEU,16.0,-3.127,3.136,22.287,-0.18,2.175,0.0
ATOM,251.0,CG,LEU,16.0,-3.962,4.167,23.032,-0.09,2.275,0.0
ATOM,252.0,CD1,LEU,16.0,-4.555,3.512,24.268,-0.27,2.06,0.0
ATOM,253.0,CD2,LEU,16.0,-3.07,5.326,23.434,-0.27,2.06,0.49
ATOM,254.0,H,LEU,16.0,-4.271,3.935,19.768,0.31,0.2245,0.0
ATOM,255.0,HA,LEU,16.0,-1.708,4.272,21.216,0.09,1.32,0.0
ATOM,256.0,HB2,LEU,16.0,-3.721,2.385,22.033,0.09,1.32,0.0
ATOM,257.0,HB3,LEU,16.0,-2.404,2.832,22.89,0.09,1.32,0.0
ATOM,258.0,HG,LEU,16.0,-4.695,4.484,22.442,0.09,1.32,0.0
ATOM,259.0,HD11,LEU,16.0,-3.818,3.181,24.859,0.09,1.32,0.0
ATOM,260.0,HD12,LEU,16.0,-5.108,4.179,24.769,0.09,1.32,0.0
ATOM,261.0,HD13,LEU,16.0,-5.132,2.741,23.995,0.09,1.32,0.0
ATOM,262.0,HD21,LEU,16.0,-2.671,5.744,22.616,0.09,1.32,0.0
ATOM,263.0,HD22,LEU,16.0,-3.609,6.012,23.926,0.09,1.32,0.12
ATOM,264.0,HD23,LEU,16.0,-2.335,4.995,24.028,0.09,1.32,0.0
ATOM,265.0,N,GLY,17.0,-0.584,2.259,20.398,-0.47,1.85,0.0
ATOM,266.0,CA,GLY,17.0,0.11,1.134,19.754,-0.02,2.175,0.0
ATOM,267.0,C,GLY,17.0,0.684,0.248,20.841,0.51,2.0,0.0
ATOM,268.0,O,GLY,17.0,0.755,0.636,22.006,-0.51,1.7,0.0
ATOM,269.0,H,GLY,17.0,-0.103,2.946,21.01,0.31,0.2245,0.0
ATOM,270.0,HA2,GLY,17.0,-0.539,0.618,19.204,0.09,1.32,0.0
ATOM,271.0,HA3,GLY,17.0,0.843,1.485,19.18,0.09,1.32,0.0
ATOM,272.0,N,LEU,18.0,1.073,-0.979,20.489,-0.47,1.85,0.0
ATOM,273.0,CA,LEU,18.0,1.667,-1.875,21.495,0.07,2.275,0.0
ATOM,274.0,C,LEU,18.0,3.157,-2.005,21.257,0.51,2.0,0.0
ATOM,275.0,O,LEU,18.0,3.593,-2.56,20.235,-0.51,1.7,0.0
ATOM,276.0,CB,LEU,18.0,1.013,-3.263,21.431,-0.18,2.175,0.0
ATOM,277.0,CG,LEU,18.0,1.567,-4.284,22.422,-0.09,2.275,0.0
ATOM,278.0,CD1,LEU,18.0,1.092,-3.873,23.798,-0.27,2.06,0.0
ATOM,279.0,CD2,LEU,18.0,1.048,-5.693,22.049,-0.27,2.06,0.0
ATOM,280.0,H,LEU,18.0,0.93,-1.231,19.509,0.31,0.2245,0.0
ATOM,281.0,HA,LEU,18.0,1.517,-1.472,22.4,0.09,1.32,0.0
ATOM,282.0,HB2,LEU,18.0,0.047,-3.151,21.624,0.09,1.32,0.0
ATOM,283.0,HB3,LEU,18.0,1.154,-3.622,20.519,0.09,1.32,0.0
ATOM,284.0,HG,LEU,18.0,2.553,-4.265,22.388,0.09,1.32,0.0
ATOM,285.0,HD11,LEU,18.0,0.09,-3.868,23.823,0.09,1.32,0.0
ATOM,286.0,HD12,LEU,18.0,1.435,-4.52,24.482,0.09,1.32,0.0
ATOM,287.0,HD13,LEU,18.0,1.431,-2.955,24.014,0.09,1.32,0.0
ATOM,288.0,HD21,LEU,18.0,1.354,-5.915,21.127,0.09,1.32,0.0
ATOM,289.0,HD22,LEU,18.0,1.413,-6.353,22.7,0.09,1.32,0.0
ATOM,290.0,HD23,LEU,18.0,0.052,-5.69,22.087,0.09,1.32,0.0
ATOM,291.0,N,GLY,19.0,3.944,-1.511,22.195,-0.47,1.85,0.0
ATOM,292.0,CA,GLY,19.0,5.382,-1.747,22.176,-0.02,2.175,3.44
ATOM,293.0,C,GLY,19.0,5.616,-3.158,22.744,0.51,2.0,0.9
ATOM,294.0,O,GLY,19.0,4.727,-3.738,23.392,-0.51,1.7,0.59
ATOM,295.0,H,GLY,19.0,3.465,-0.955,22.928,0.31,0.2245,0.0
ATOM,296.0,HA2,GLY,19.0,5.721,-1.711,21.247,0.09,1.32,0.0
ATOM,297.0,HA3,GLY,19.0,5.843,-1.086,22.75,0.09,1.32,6.01
ATOM,298.0,N,THR,20.0,6.813,-3.698,22.504,-0.47,1.85,0.0
ATOM,299.0,CA,THR,20.0,7.092,-5.125,22.77,0.07,2.275,1.28
ATOM,300.0,C,THR,20.0,8.458,-5.388,23.33,0.51,2.0,0.0
ATOM,301.0,O,THR,20.0,8.833,-6.539,23.426,-0.51,1.7,0.0
ATOM,302.0,CB,THR,20.0,7.023,-5.938,21.449,0.14,2.275,0.0
ATOM,303.0,OG1,THR,20.0,8.038,-5.448,20.545,-0.66,1.77,0.0
ATOM,304.0,CG2,THR,20.0,5.68,-5.754,20.717,-0.27,2.06,0.0
ATOM,305.0,H,THR,20.0,7.52,-3.046,22.122,0.31,0.2245,1.52
ATOM,306.0,HA,THR,20.0,6.391,-5.453,23.436,0.09,1.32,0.0
ATOM,307.0,HB,THR,20.0,7.226,-6.911,21.655,0.09,1.32,0.0
ATOM,308.0,HG21,THR,20.0,5.85,-5.392,19.801,0.09,1.32,0.0
ATOM,309.0,HG22,THR,20.0,5.217,-6.637,20.648,0.09,1.32,0.0
ATOM,310.0,HG23,THR,20.0,5.109,-5.115,21.23,0.09,1.32,0.0
ATOM,311.0,HG1,THR,20.0,7.707,-4.63,20.067,0.43,0.2245,0.0
ATOM,312.0,N,MET,21.0,9.202,-4.36,23.733,-0.47,1.85,0.3
ATOM,313.0,CA,MET,21.0,10.614,-4.596,24.047,0.07,2.275,0.0
ATOM,314.0,C,MET,21.0,10.934,-5.464,25.268,0.51,2.0,0.0
ATOM,315.0,O,MET,21.0,12.08,-5.89,25.417,-0.51,1.7,0.0
ATOM,316.0,CB,MET,21.0,11.41,-3.285,24.067,-0.18,2.175,0.16
ATOM,317.0,CG,MET,21.0,11.188,-2.409,25.283,-0.14,2.175,1.82
ATOM,318.0,SD,MET,21.0,12.192,-0.947,24.949,-0.09,2.0,15.01
ATOM,319.0,CE,MET,21.0,11.941,-0.165,26.492,-0.22,2.06,7.46
ATOM,320.0,H,MET,21.0,8.736,-3.46,23.799,0.31,0.2245,2.86
ATOM,321.0,HA,MET,21.0,11.043,-5.05,23.225,0.09,1.32,0.0
ATOM,322.0,HB2,MET,21.0,12.399,-3.506,24.006,0.09,1.32,0.0
ATOM,323.0,HB3,MET,21.0,11.172,-2.75,23.238,0.09,1.32,0.61
ATOM,324.0,HG2,MET,21.0,10.234,-2.169,25.351,0.09,1.32,5.77
ATOM,325.0,HG3,MET,21.0,11.507,-2.873,26.093,0.09,1.32,0.0
ATOM,326.0,HE1,MET,21.0,11.906,-0.845,27.236,0.09,1.32,0.0
ATOM,327.0,HE2,MET,21.0,12.69,0.481,26.691,0.09,1.32,3.07
ATOM,328.0,HE3,MET,21.0,11.073,0.349,26.495,0.09,1.32,6.64
ATOM,329.0,N,THR,22.0,9.929,-5.753,26.083,-0.47,1.85,0.0
ATOM,330.0,CA,THR,22.0,10.182,-6.667,27.177,0.07,2.275,0.0
ATOM,331.0,C,THR,22.0,9.868,-8.088,26.808,0.51,2.0,0.0
ATOM,332.0,O,THR,22.0,10.084,-8.967,27.644,-0.51,1.7,0.0
ATOM,333.0,CB,THR,22.0,9.321,-6.352,28.409,0.14,2.275,0.0
ATOM,334.0,OG1,THR,22.0,7.923,-6.489,28.092,-0.66,1.77,0.98
ATOM,335.0,CG2,THR,22.0,9.504,-4.874,28.846,-0.27,2.06,3.52
ATOM,336.0,H,THR,22.0,9.039,-5.308,25.882,0.31,0.2245,1.6
ATOM,337.0,HA,THR,22.0,11.165,-6.606,27.423,0.09,1.32,0.0
ATOM,338.0,HB,THR,22.0,9.542,-7.022,29.15,0.09,1.32,0.0
ATOM,339.0,HG21,THR,22.0,9.863,-4.35,28.077,0.09,1.32,0.0
ATOM,340.0,HG22,THR,22.0,8.62,-4.506,29.125,0.09,1.32,0.49
ATOM,341.0,HG23,THR,22.0,10.144,-4.838,29.61,0.09,1.32,0.1
ATOM,342.0,HG1,THR,22.0,7.481,-7.116,28.74,0.43,0.2245,0.0
ATOM,343.0,N,PHE,23.0,9.394,-8.331,25.584,-0.47,1.85,0.0
ATOM,344.0,CA,PHE,23.0,8.945,-9.693,25.233,0.07,2.275,0.0
ATOM,345.0,C,PHE,23.0,10.174,-10.573,24.957,0.51,2.0,0.0
ATOM,346.0,O,PHE,23.0,10.884,-10.393,23.962,-0.51,1.7,0.0
ATOM,347.0,CB,PHE,23.0,8.092,-9.643,23.974,-0.18,2.175,0.0
ATOM,348.0,CG,PHE,23.0,6.764,-8.973,24.132,0.0,1.9924,0.0
ATOM,349.0,CD1,PHE,23.0,6.344,-8.388,25.329,-0.115,1.9924,0.0
ATOM,350.0,CD2,PHE,23.0,5.905,-8.958,23.047,-0.115,1.9924,0.0
ATOM,351.0,CE1,PHE,23.0,5.069,-7.76,25.429,-0.115,1.9924,0.73
ATOM,352.0,CE2,PHE,23.0,4.642,-8.318,23.126,-0.115,1.9924,0.0
ATOM,353.0,CZ,PHE,23.0,4.24,-7.719,24.305,-0.115,1.9924,0.0
ATOM,354.0,H,PHE,23.0,9.369,-7.537,24.945,0.31,0.2245,0.0
ATOM,355.0,HA,PHE,23.0,8.499,-10.067,26.042,0.09,1.32,0.0
ATOM,356.0,HB2,PHE,23.0,8.605,-9.148,23.278,0.09,1.32,0.0
ATOM,357.0,HB3,PHE,23.0,7.93,-10.58,23.679,0.09,1.32,0.0
ATOM,358.0,HD1,PHE,23.0,6.929,-8.4,26.128,0.115,1.3582,0.0
ATOM,359.0,HD2,PHE,23.0,6.164,-9.399,22.19,0.115,1.3582,0.0
ATOM,360.0,HE1,PHE,23.0,4.79,-7.363,26.296,0.115,1.3582,0.0
ATOM,361.0,HE2,PHE,23.0,4.05,-8.313,22.308,0.115,1.3582,0.0
ATOM,362.0,HZ,PHE,23.0,3.357,-7.253,24.364,0.115,1.3582,0.0
ATOM,363.0,N,GLY,24.0,10.432,-11.516,25.86,-0.47,1.85,0.0
ATOM,364.0,CA,GLY,24.0,11.649,-12.31,25.748,-0.02,2.175,0.05
ATOM,365.0,C,GLY,24.0,12.603,-12.084,26.895,0.51,2.0,0.73
ATOM,366.0,O,GLY,24.0,13.581,-12.811,27.027,-0.51,1.7,10.29
ATOM,367.0,H,GLY,24.0,9.733,-11.626,26.602,0.31,0.2245,0.0
ATOM,368.0,HA2,GLY,24.0,11.4,-13.294,25.704,0.09,1.32,0.0
ATOM,369.0,HA3,GLY,24.0,12.113,-12.084,24.872,0.09,1.32,0.0
ATOM,370.0,N,GLU,25.0,12.352,-11.057,27.698,-0.47,1.85,0.0
ATOM,371.0,CA,GLU,25.0,13.167,-10.824,28.881,0.07,2.275,0.04
ATOM,372.0,C,GLU,25.0,12.25,-10.881,30.099,0.51,2.0,0.0
ATOM,373.0,O,GLU,25.0,12.014,-11.969,30.658,-0.51,1.7,21.68
ATOM,374.0,CB,GLU,25.0,13.945,-9.501,28.734,-0.18,2.175,0.0
ATOM,375.0,CG,GLU,25.0,14.989,-9.257,29.827,-0.28,2.175,0.0
ATOM,376.0,CD,GLU,25.0,15.802,-10.506,30.171,0.62,2.0,0.83
ATOM,377.0,OE1,GLU,25.0,16.617,-10.991,29.328,-0.76,1.7,0.87
ATOM,378.0,OE2,GLU,25.0,15.628,-11.021,31.313,-0.76,1.7,25.16
ATOM,379.0,H,GLU,25.0,11.557,-10.461,27.418,0.31,0.2245,0.0
ATOM,380.0,HA,GLU,25.0,13.867,-11.527,28.958,0.09,1.32,1.19
ATOM,381.0,HB2,GLU,25.0,14.419,-9.53,27.873,0.09,1.32,0.0
ATOM,382.0,HB3,GLU,25.0,13.293,-8.767,28.777,0.09,1.32,0.0
ATOM,383.0,HG2,GLU,25.0,15.618,-8.576,29.504,0.09,1.32,0.0
ATOM,384.0,HG3,GLU,25.0,14.521,-8.977,30.644,0.09,1.32,0.0
ATOM,385.0,N,GLN,26.0,11.684,-9.748,30.513,-0.47,1.85,0.0
ATOM,386.0,CA,GLN,26.0,10.735,-9.798,31.628,0.07,2.275,1.05
ATOM,387.0,C,GLN,26.0,9.502,-10.609,31.299,0.51,2.0,0.0
ATOM,388.0,O,GLN,26.0,8.912,-11.25,32.185,-0.51,1.7,25.39
ATOM,389.0,CB,GLN,26.0,10.286,-8.401,32.026,-0.18,2.175,1.28
ATOM,390.0,CG,GLN,26.0,11.361,-7.635,32.829,-0.18,2.175,0.85
ATOM,391.0,CD,GLN,26.0,10.96,-6.194,33.019,0.55,2.0,0.0
ATOM,392.0,H,GLN,26.0,11.953,-8.901,30.018,0.31,0.2245,0.0
ATOM,393.0,HA,GLN,26.0,11.204,-10.242,32.408,0.09,1.32,7.89
ATOM,394.0,HB2,GLN,26.0,10.09,-7.87,31.208,0.09,1.32,0.0
ATOM,395.0,HB3,GLN,26.0,9.474,-8.464,32.599,0.09,1.32,2.68
ATOM,396.0,HG2,GLN,26.0,11.452,-8.07,33.714,0.09,1.32,1.61
ATOM,397.0,HG3,GLN,26.0,12.211,-7.676,32.322,0.09,1.32,0.0
ATOM,398.0,OE1,GLN,26.0,11.117,-5.392,32.093,-0.55,1.7,1.88
ATOM,399.0,NE2,GLN,26.0,10.497,-5.843,34.214,-0.62,1.85,0.23
ATOM,400.0,HE21,GLN,26.0,10.223,-4.89,34.416,0.32,0.2245,0.27
ATOM,401.0,HE22,GLN,26.0,10.42,-6.562,34.938,0.3,0.2245,2.18
ATOM,402.0,N,ASN,27.0,9.092,-10.583,30.043,-0.47,1.85,0.0
ATOM,403.0,CA,ASN,27.0,7.877,-11.28,29.636,0.07,2.275,0.0
ATOM,404.0,C,ASN,27.0,8.139,-12.542,28.872,0.51,2.0,0.37
ATOM,405.0,O,ASN,27.0,9.044,-12.595,28.017,-0.51,1.7,0.86
ATOM,406.0,CB,ASN,27.0,6.97,-10.313,28.88,-0.18,2.175,0.0
ATOM,407.0,CG,ASN,27.0,6.36,-9.29,29.818,0.55,2.0,0.0
ATOM,408.0,H,ASN,27.0,9.688,-10.043,29.392,0.31,0.2245,0.0
ATOM,409.0,HA,ASN,27.0,7.387,-11.536,30.492,0.09,1.32,0.0
ATOM,410.0,HB2,ASN,27.0,7.511,-9.838,28.201,0.09,1.32,0.0
ATOM,411.0,HB3,ASN,27.0,6.24,-10.831,28.456,0.09,1.32,0.0
ATOM,412.0,OD1,ASN,27.0,6.612,-8.082,29.71,-0.55,1.7,0.0
ATOM,413.0,ND2,ASN,27.0,5.598,-9.782,30.813,-0.62,1.85,2.86
ATOM,414.0,HD22,ASN,27.0,5.474,-10.767,30.895,0.3,0.2245,0.0
ATOM,415.0,HD21,ASN,27.0,5.166,-9.159,31.458,0.32,0.2245,0.0
ATOM,416.0,N,SER,28.0,7.339,-13.567,29.161,-0.47,1.85,1.92
ATOM,417.0,CA,SER,28.0,7.48,-14.815,28.421,0.07,2.275,3.49
ATOM,418.0,C,SER,28.0,6.731,-14.737,27.114,0.51,2.0,0.0
ATOM,419.0,O,SER,28.0,6.022,-13.769,26.838,-0.51,1.7,0.0
ATOM,420.0,CB,SER,28.0,6.842,-15.934,29.248,0.05,2.175,22.31
ATOM,421.0,OG,SER,28.0,5.429,-15.689,29.397,-0.66,1.77,1.26
ATOM,422.0,H,SER,28.0,6.658,-13.406,29.906,0.31,0.2245,0.0
ATOM,423.0,HA,SER,28.0,8.456,-14.946,28.218,0.09,1.32,3.37
ATOM,424.0,HB2,SER,28.0,6.963,-16.795,28.78,0.09,1.32,5.5
ATOM,425.0,HB3,SER,28.0,7.254,-15.95,30.146,0.09,1.32,10.9
ATOM,426.0,HG,SER,28.0,4.972,-16.552,29.591,0.43,0.2245,9.44
ATOM,427.0,N,GLU,29.0,6.854,-15.797,26.322,-0.47,1.85,0.0
ATOM,428.0,CA,GLU,29.0,6.113,-15.854,25.08,0.07,2.275,0.0
ATOM,429.0,C,GLU,29.0,4.61,-15.894,25.342,0.51,2.0,0.0
ATOM,430.0,O,GLU,29.0,3.835,-15.284,24.608,-0.51,1.7,0.0
ATOM,431.0,CB,GLU,29.0,6.569,-17.022,24.167,-0.18,2.175,4.1
ATOM,432.0,CG,GLU,29.0,5.874,-17.046,22.809,-0.28,2.175,3.08
ATOM,433.0,CD,GLU,29.0,6.469,-18.05,21.85,0.62,2.0,2.95
ATOM,434.0,OE1,GLU,29.0,7.306,-18.866,22.278,-0.76,1.7,27.64
ATOM,435.0,OE2,GLU,29.0,6.078,-18.037,20.666,-0.76,1.7,3.58
ATOM,436.0,H,GLU,29.0,7.49,-16.53,26.657,0.31,0.2245,4.69
ATOM,437.0,HA,GLU,29.0,6.329,-15.049,24.513,0.09,1.32,0.0
ATOM,438.0,HB2,GLU,29.0,7.53,-16.912,24.012,0.09,1.32,0.0
ATOM,439.0,HB3,GLU,29.0,6.352,-17.857,24.631,0.09,1.32,7.68
ATOM,440.0,HG2,GLU,29.0,4.931,-17.29,22.954,0.09,1.32,1.93
ATOM,441.0,HG3,GLU,29.0,5.964,-16.153,22.404,0.09,1.32,0.0
ATOM,442.0,N,ALA,30.0,4.155,-16.599,26.375,-0.47,1.85,1.1
ATOM,443.0,CA,ALA,30.0,2.744,-16.604,26.635,0.07,2.275,2.48
ATOM,444.0,C,ALA,30.0,2.246,-15.223,27.089,0.51,2.0,0.34
ATOM,445.0,O,ALA,30.0,1.142,-14.81,26.729,-0.51,1.7,4.06
ATOM,446.0,CB,ALA,30.0,2.408,-17.687,27.681,-0.27,2.06,39.1
ATOM,447.0,H,ALA,30.0,4.862,-17.096,26.919,0.31,0.2245,2.81
ATOM,448.0,HA,ALA,30.0,2.245,-16.851,25.79,0.09,1.32,3.4
ATOM,449.0,HB1,ALA,30.0,1.564,-17.437,28.147,0.09,1.32,9.44
ATOM,450.0,HB2,ALA,30.0,2.294,-18.561,27.217,0.09,1.32,11.59
ATOM,451.0,HB3,ALA,30.0,3.155,-17.745,28.338,0.09,1.32,2.1
ATOM,452.0,N,ASP,31.0,3.07,-14.487,27.843,-0.47,1.85,0.11
ATOM,453.0,CA,ASP,31.0,2.714,-13.119,28.23,0.07,2.275,1.65
ATOM,454.0,C,ASP,31.0,2.591,-12.26,26.95,0.51,2.0,0.0
ATOM,455.0,O,ASP,31.0,1.642,-11.453,26.817,-0.51,1.7,0.0
ATOM,456.0,CB,ASP,31.0,3.863,-12.473,28.986,-0.28,2.175,2.05
ATOM,457.0,CG,ASP,31.0,4.026,-12.986,30.42,0.62,2.0,0.9
ATOM,458.0,OD1,ASP,31.0,3.06,-13.537,31.017,-0.76,1.7,34.62
ATOM,459.0,OD2,ASP,31.0,5.128,-12.796,31.03,-0.76,1.7,14.33
ATOM,460.0,H,ASP,31.0,3.947,-14.952,28.118,0.31,0.2245,0.0
ATOM,461.0,HA,ASP,31.0,1.808,-13.15,28.641,0.09,1.32,2.69
ATOM,462.0,HB2,ASP,31.0,4.71,-12.659,28.492,0.09,1.32,0.0
ATOM,463.0,HB3,ASP,31.0,3.703,-11.49,29.024,0.09,1.32,0.0
ATOM,464.0,N,ALA,32.0,3.551,-12.437,26.045,-0.47,1.85,0.0
ATOM,465.0,CA,ALA,32.0,3.574,-11.669,24.794,0.07,2.275,0.0
ATOM,466.0,C,ALA,32.0,2.296,-11.919,24.028,0.51,2.0,0.0
ATOM,467.0,O,ALA,32.0,1.659,-10.99,23.556,-0.51,1.7,0.0
ATOM,468.0,CB,ALA,32.0,4.765,-12.078,23.928,-0.27,2.06,0.0
ATOM,469.0,H,ALA,32.0,4.263,-13.145,26.292,0.31,0.2245,0.0
ATOM,470.0,HA,ALA,32.0,3.637,-10.695,25.02,0.09,1.32,0.0
ATOM,471.0,HB1,ALA,32.0,4.694,-13.049,23.705,0.09,1.32,0.0
ATOM,472.0,HB2,ALA,32.0,4.762,-11.541,23.086,0.09,1.32,0.0
ATOM,473.0,HB3,ALA,32.0,5.612,-11.91,24.43,0.09,1.32,0.0
ATOM,474.0,N,HIS,33.0,1.971,-13.192,23.827,-0.47,1.85,0.0
ATOM,475.0,CA,HIS,33.0,0.754,-13.505,23.08,0.07,2.275,0.0
ATOM,476.0,C,HIS,33.0,-0.541,-13.012,23.742,0.51,2.0,0.04
ATOM,477.0,O,HIS,33.0,-1.466,-12.624,23.061,-0.51,1.7,0.0
ATOM,478.0,CB,HIS,33.0,0.682,-15.007,22.822,-0.09,2.175,8.22
ATOM,479.0,CG,HIS,33.0,1.751,-15.511,21.909,-0.05,1.8,0.0
ATOM,480.0,H,HIS,33.0,2.607,-13.887,24.216,0.31,0.2245,0.0
ATOM,481.0,HA,HIS,33.0,0.821,-13.066,22.162,0.09,1.32,0.0
ATOM,482.0,HB2,HIS,33.0,0.759,-15.495,23.699,0.09,1.32,0.94
ATOM,483.0,HB3,HIS,33.0,-0.212,-15.227,22.414,0.09,1.32,1.1
ATOM,484.0,ND1,HIS,33.0,1.589,-16.668,21.174,-0.36,1.85,3.79
ATOM,485.0,CD2,HIS,33.0,2.954,-15.002,21.554,0.22,1.8,0.0
ATOM,486.0,CE1,HIS,33.0,2.673,-16.879,20.443,0.25,1.8,1.28
ATOM,487.0,NE2,HIS,33.0,3.517,-15.883,20.647,-0.7,1.85,0.0
ATOM,488.0,HD1,HIS,33.0,0.779,-17.253,21.192,0.32,0.2245,5.7
ATOM,489.0,HD2,HIS,33.0,3.363,-14.157,21.879,0.1,1.468,0.0
ATOM,490.0,HE1,HIS,33.0,2.826,-17.658,19.842,0.13,0.9,0.0
ATOM,491.0,N,ALA,34.0,-0.591,-13.045,25.068,-0.47,1.85,0.85
ATOM,492.0,CA,ALA,34.0,-1.74,-12.534,25.81,0.07,2.275,3.67
ATOM,493.0,C,ALA,34.0,-1.863,-11.033,25.613,0.51,2.0,0.0
ATOM,494.0,O,ALA,34.0,-3.003,-10.497,25.408,-0.51,1.7,1.65
ATOM,495.0,CB,ALA,34.0,-1.557,-12.853,27.272,-0.27,2.06,18.86
ATOM,496.0,H,ALA,34.0,0.246,-13.46,25.526,0.31,0.2245,0.0
ATOM,497.0,HA,ALA,34.0,-2.572,-12.975,25.461,0.09,1.32,3.41
ATOM,498.0,HB1,ALA,34.0,-0.72,-13.388,27.403,0.09,1.32,0.0
ATOM,499.0,HB2,ALA,34.0,-1.488,-12.004,27.801,0.09,1.32,0.0
ATOM,500.0,HB3,ALA,34.0,-2.339,-13.384,27.606,0.09,1.32,11.78
ATOM,501.0,N,GLN,35.0,-0.712,-10.332,25.581,-0.47,1.85,0.0
ATOM,502.0,CA,GLN,35.0,-0.779,-8.878,25.364,0.07,2.275,0.0
ATOM,503.0,C,GLN,35.0,-1.178,-8.551,23.931,0.51,2.0,0.0
ATOM,504.0,O,GLN,35.0,-1.982,-7.628,23.726,-0.51,1.7,0.0
ATOM,505.0,CB,GLN,35.0,0.568,-8.184,25.63,-0.18,2.175,0.0
ATOM,506.0,CG,GLN,35.0,0.955,-8.134,27.137,-0.18,2.175,0.19
ATOM,507.0,CD,GLN,35.0,2.094,-7.142,27.413,0.55,2.0,0.0
ATOM,508.0,H,GLN,35.0,0.139,-10.863,25.711,0.31,0.2245,0.0
ATOM,509.0,HA,GLN,35.0,-1.489,-8.511,25.976,0.09,1.32,0.0
ATOM,510.0,HB2,GLN,35.0,1.289,-8.678,25.154,0.09,1.32,0.0
ATOM,511.0,HB3,GLN,35.0,0.521,-7.244,25.304,0.09,1.32,0.0
ATOM,512.0,HG2,GLN,35.0,0.155,-7.852,27.652,0.09,1.32,0.0
ATOM,513.0,HG3,GLN,35.0,1.248,-9.042,27.411,0.09,1.32,0.11
ATOM,514.0,OE1,GLN,35.0,2.256,-6.171,26.679,-0.55,1.7,0.0
ATOM,515.0,NE2,GLN,35.0,2.869,-7.383,28.476,-0.62,1.85,0.0
ATOM,516.0,HE21,GLN,35.0,3.638,-6.78,28.701,0.32,0.2245,0.0
ATOM,517.0,HE22,GLN,35.0,2.656,-8.198,29.053,0.3,0.2245,1.46
ATOM,518.0,N,LEU,36.0,-0.636,-9.286,22.951,-0.47,1.85,0.0
ATOM,519.0,CA,LEU,36.0,-0.98,-9.025,21.548,0.07,2.275,0.02
ATOM,520.0,C,LEU,36.0,-2.469,-9.35,21.321,0.51,2.0,0.0
ATOM,521.0,O,LEU,36.0,-3.201,-8.572,20.718,-0.51,1.7,0.0
ATOM,522.0,CB,LEU,36.0,-0.1,-9.963,20.692,-0.18,2.175,0.0
ATOM,523.0,CG,LEU,36.0,1.374,-9.519,20.683,-0.09,2.275,0.0
ATOM,524.0,CD1,LEU,36.0,2.192,-10.715,20.227,-0.27,2.06,0.0
ATOM,525.0,CD2,LEU,36.0,1.535,-8.389,19.656,-0.27,2.06,0.0
ATOM,526.0,H,LEU,36.0,0.015,-10.018,23.257,0.31,0.2245,0.0
ATOM,527.0,HA,LEU,36.0,-0.84,-8.056,21.358,0.09,1.32,0.02
ATOM,528.0,HB2,LEU,36.0,-0.138,-10.855,21.087,0.09,1.32,0.0
ATOM,529.0,HB3,LEU,36.0,-0.427,-9.928,19.774,0.09,1.32,0.0
ATOM,530.0,HG,LEU,36.0,1.636,-9.263,21.596,0.09,1.32,0.0
ATOM,531.0,HD11,LEU,36.0,1.9,-10.991,19.31,0.09,1.32,0.0
ATOM,532.0,HD12,LEU,36.0,3.162,-10.47,20.206,0.09,1.32,0.0
ATOM,533.0,HD13,LEU,36.0,2.056,-11.477,20.862,0.09,1.32,0.0
ATOM,534.0,HD21,LEU,36.0,0.947,-7.624,19.915,0.09,1.32,0.09
ATOM,535.0,HD22,LEU,36.0,2.488,-8.093,19.641,0.09,1.32,0.0
ATOM,536.0,HD23,LEU,36.0,1.272,-8.726,18.754,0.09,1.32,0.0
ATOM,537.0,N,ASP,37.0,-2.939,-10.469,21.869,-0.47,1.85,0.0
ATOM,538.0,CA,ASP,37.0,-4.363,-10.761,21.723,0.07,2.275,0.96
ATOM,539.0,C,ASP,37.0,-5.23,-9.647,22.337,0.51,2.0,0.06
ATOM,540.0,O,ASP,37.0,-6.233,-9.231,21.734,-0.51,1.7,4.18
ATOM,541.0,CB,ASP,37.0,-4.744,-12.069,22.473,-0.28,2.175,12.6
ATOM,542.0,CG,ASP,37.0,-4.358,-13.323,21.736,0.62,2.0,2.07
ATOM,543.0,OD1,ASP,37.0,-4.097,-13.274,20.505,-0.76,1.7,4.4
ATOM,544.0,OD2,ASP,37.0,-4.352,-14.434,22.359,-0.76,1.7,24.8
ATOM,545.0,H,ASP,37.0,-2.271,-11.052,22.357,0.31,0.2245,0.0
ATOM,546.0,HA,ASP,37.0,-4.568,-10.776,20.737,0.09,1.32,1.66
ATOM,547.0,HB2,ASP,37.0,-4.28,-12.047,23.354,0.09,1.32,0.0
ATOM,548.0,HB3,ASP,37.0,-5.731,-12.053,22.607,0.09,1.32,9.2
ATOM,549.0,N,TYR,38.0,-4.879,-9.186,23.55,-0.47,1.85,0.21
ATOM,550.0,CA,TYR,38.0,-5.682,-8.167,24.235,0.07,2.275,1.99
ATOM,551.0,C,TYR,38.0,-5.661,-6.843,23.468,0.51,2.0,0.0
ATOM,552.0,O,TYR,38.0,-6.699,-6.195,23.262,-0.51,1.7,0.0
ATOM,553.0,CB,TYR,38.0,-5.206,-7.983,25.675,-0.18,2.175,0.28
ATOM,554.0,CG,TYR,38.0,-6.065,-7.037,26.471,0.0,1.9924,0.0
ATOM,555.0,CD1,TYR,38.0,-7.233,-7.479,27.084,-0.115,1.9924,4.55
ATOM,556.0,CD2,TYR,38.0,-5.675,-5.715,26.654,-0.115,1.9924,0.0
ATOM,557.0,CE1,TYR,38.0,-8.01,-6.612,27.828,-0.115,1.9924,9.89
ATOM,558.0,CE2,TYR,38.0,-6.451,-4.842,27.407,-0.115,1.9924,0.0
ATOM,559.0,CZ,TYR,38.0,-7.605,-5.29,27.972,0.11,1.9924,0.0
ATOM,560.0,OH,TYR,38.0,-8.37,-4.453,28.741,-0.54,1.77,8.09
ATOM,561.0,H,TYR,38.0,-4.021,-9.602,23.942,0.31,0.2245,0.0
ATOM,562.0,HA,TYR,38.0,-6.634,-8.49,24.274,0.09,1.32,1.75
ATOM,563.0,HB2,TYR,38.0,-5.217,-8.872,26.123,0.09,1.32,2.21
ATOM,564.0,HB3,TYR,38.0,-4.279,-7.621,25.653,0.09,1.32,0.0
ATOM,565.0,HD1,TYR,38.0,-7.513,-8.434,26.984,0.115,1.3582,13.64
ATOM,566.0,HD2,TYR,38.0,-4.829,-5.389,26.242,0.115,1.3582,0.0
ATOM,567.0,HE1,TYR,38.0,-8.854,-6.927,28.261,0.115,1.3582,16.24
ATOM,568.0,HE2,TYR,38.0,-6.154,-3.892,27.526,0.115,1.3582,0.0
ATOM,569.0,HH,TYR,38.0,-8.271,-3.516,28.409,0.43,0.2245,2.56
ATOM,570.0,N,ALA,39.0,-4.475,-6.438,23.052,-0.47,1.85,0.0
ATOM,571.0,CA,ALA,39.0,-4.352,-5.202,22.327,0.07,2.275,0.0
ATOM,572.0,C,ALA,39.0,-5.206,-5.231,21.083,0.51,2.0,0.0
ATOM,573.0,O,ALA,39.0,-5.944,-4.294,20.824,-0.51,1.7,0.0
ATOM,574.0,CB,ALA,39.0,-2.871,-4.98,21.932,-0.27,2.06,0.52
ATOM,575.0,H,ALA,39.0,-3.687,-7.061,23.285,0.31,0.2245,0.0
ATOM,576.0,HA,ALA,39.0,-4.663,-4.442,22.914,0.09,1.32,0.0
ATOM,577.0,HB1,ALA,39.0,-2.437,-5.866,21.805,0.09,1.32,0.0
ATOM,578.0,HB2,ALA,39.0,-2.84,-4.459,21.085,0.09,1.32,0.0
ATOM,579.0,HB3,ALA,39.0,-2.417,-4.477,22.661,0.09,1.32,0.0
ATOM,580.0,N,VAL,40.0,-5.129,-6.306,20.311,-0.47,1.85,0.0
ATOM,581.0,CA,VAL,40.0,-5.938,-6.369,19.08,0.07,2.275,0.0
ATOM,582.0,C,VAL,40.0,-7.434,-6.397,19.403,0.51,2.0,0.0
ATOM,583.0,O,VAL,40.0,-8.237,-5.756,18.689,-0.51,1.7,6.28
ATOM,584.0,CB,VAL,40.0,-5.502,-7.517,18.177,-0.09,2.275,0.07
ATOM,585.0,CG1,VAL,40.0,-6.48,-7.706,17.005,-0.27,2.06,7.75
ATOM,586.0,CG2,VAL,40.0,-4.064,-7.265,17.691,-0.27,2.06,0.23
ATOM,587.0,H,VAL,40.0,-4.5,-7.046,20.62,0.31,0.2245,0.0
ATOM,588.0,HA,VAL,40.0,-5.751,-5.539,18.545,0.09,1.32,0.0
ATOM,589.0,HB,VAL,40.0,-5.532,-8.362,18.707,0.09,1.32,0.86
ATOM,590.0,HG11,VAL,40.0,-5.964,-7.741,16.152,0.09,1.32,0.23
ATOM,591.0,HG12,VAL,40.0,-6.982,-8.558,17.133,0.09,1.32,10.74
ATOM,592.0,HG13,VAL,40.0,-7.116,-6.938,16.984,0.09,1.32,0.87
ATOM,593.0,HG21,VAL,40.0,-3.915,-6.281,17.622,0.09,1.32,0.0
ATOM,594.0,HG22,VAL,40.0,-3.428,-7.663,18.348,0.09,1.32,0.0
ATOM,595.0,HG23,VAL,40.0,-3.947,-7.693,16.798,0.09,1.32,0.05
ATOM,596.0,N,ALA,41.0,-7.803,-7.086,20.475,-0.47,1.85,0.37
ATOM,597.0,CA,ALA,41.0,-9.229,-7.122,20.839,0.07,2.275,3.12
ATOM,598.0,C,ALA,41.0,-9.746,-5.716,21.196,0.51,2.0,0.0
ATOM,599.0,O,ALA,41.0,-10.966,-5.448,21.088,-0.51,1.7,28.68
ATOM,600.0,CB,ALA,41.0,-9.454,-8.081,22.026,-0.27,2.06,27.37
ATOM,601.0,H,ALA,41.0,-7.066,-7.557,20.992,0.31,0.2245,0.0
ATOM,602.0,HA,ALA,41.0,-9.754,-7.463,20.053,0.09,1.32,10.28
ATOM,603.0,HB1,ALA,41.0,-9.878,-8.918,21.69,0.09,1.32,11.57
ATOM,604.0,HB2,ALA,41.0,-8.575,-8.289,22.445,0.09,1.32,0.0
ATOM,605.0,HB3,ALA,41.0,-10.052,-7.64,22.69,0.09,1.32,2.73
ATOM,606.0,N,GLN,42.0,-8.842,-4.832,21.641,-0.47,1.85,0.0
ATOM,607.0,CA,GLN,42.0,-9.21,-3.451,21.985,0.07,2.275,1.23
ATOM,608.0,C,GLN,42.0,-9.071,-2.481,20.806,0.51,2.0,1.66
ATOM,609.0,O,GLN,42.0,-9.235,-1.264,20.992,-0.51,1.7,4.22
ATOM,610.0,CB,GLN,42.0,-8.341,-2.909,23.12,-0.18,2.175,0.0
ATOM,611.0,CG,GLN,42.0,-8.43,-3.715,24.42,-0.18,2.175,0.0
ATOM,612.0,CD,GLN,42.0,-9.876,-3.764,24.949,0.55,2.0,0.0
ATOM,613.0,H,GLN,42.0,-7.877,-5.201,21.72,0.31,0.2245,0.0
ATOM,614.0,HA,GLN,42.0,-10.183,-3.453,22.267,0.09,1.32,3.27
ATOM,615.0,HB2,GLN,42.0,-7.384,-2.909,22.825,0.09,1.32,0.0
ATOM,616.0,HB3,GLN,42.0,-8.622,-1.968,23.323,0.09,1.32,0.66
ATOM,617.0,HG2,GLN,42.0,-8.132,-4.643,24.244,0.09,1.32,0.0
ATOM,618.0,HG3,GLN,42.0,-7.862,-3.282,25.106,0.09,1.32,0.0
ATOM,619.0,OE1,GLN,42.0,-10.536,-2.739,25.029,-0.55,1.7,29.41
ATOM,620.0,NE2,GLN,42.0,-10.343,-4.947,25.295,-0.62,1.85,8.11
ATOM,621.0,HE21,GLN,42.0,-11.28,-5.051,25.664,0.32,0.2245,22.05
ATOM,622.0,HE22,GLN,42.0,-9.743,-5.767,25.185,0.3,0.2245,1.19
ATOM,623.0,N,GLY,43.0,-8.744,-3.017,19.628,-0.47,1.85,0.47
ATOM,624.0,CA,GLY,43.0,-8.687,-2.233,18.41,-0.02,2.175,9.88
ATOM,625.0,C,GLY,43.0,-7.32,-1.747,18.029,0.51,2.0,0.1
ATOM,626.0,O,GLY,43.0,-7.21,-1.04,17.035,-0.51,1.7,2.22
ATOM,627.0,H,GLY,43.0,-8.536,-4.039,19.666,0.31,0.2245,0.0
ATOM,628.0,HA2,GLY,43.0,-9.077,-2.79,17.639,0.09,1.32,9.92
ATOM,629.0,HA3,GLY,43.0,-9.32,-1.428,18.504,0.09,1.32,1.06
ATOM,630.0,N,ILE,44.0,-6.285,-2.065,18.804,-0.47,1.85,0.0
ATOM,631.0,CA,ILE,44.0,-4.922,-1.621,18.42,0.07,2.275,0.0
ATOM,632.0,C,ILE,44.0,-4.486,-2.383,17.188,0.51,2.0,0.0
ATOM,633.0,O,ILE,44.0,-4.728,-3.613,17.091,-0.51,1.7,2.62
ATOM,634.0,CB,ILE,44.0,-3.928,-1.91,19.595,-0.09,2.275,0.0
ATOM,635.0,CG1,ILE,44.0,-4.264,-0.936,20.744,-0.18,2.175,0.0
ATOM,636.0,CG2,ILE,44.0,-2.433,-1.765,19.096,-0.27,2.06,0.04
ATOM,637.0,CD1,ILE,44.0,-3.37,-1.14,21.961,-0.27,2.06,0.0
ATOM,638.0,H,ILE,44.0,-6.492,-2.609,19.639,0.31,0.2245,0.0
ATOM,639.0,HA,ILE,44.0,-5.016,-0.664,18.159,0.09,1.32,0.0
ATOM,640.0,HB,ILE,44.0,-4.096,-2.823,19.908,0.09,1.32,0.0
ATOM,641.0,HG12,ILE,44.0,-4.152,-0.01,20.412,0.09,1.32,0.0
ATOM,642.0,HG13,ILE,44.0,-5.207,-1.087,21.011,0.09,1.32,0.0
ATOM,643.0,HG21,ILE,44.0,-1.838,-1.958,19.862,0.09,1.32,0.0
ATOM,644.0,HG22,ILE,44.0,-2.293,-2.416,18.365,0.09,1.32,0.0
ATOM,645.0,HG23,ILE,44.0,-2.309,-0.838,18.775,0.09,1.32,0.0
ATOM,646.0,HD11,ILE,44.0,-2.42,-0.992,21.696,0.09,1.32,0.0
ATOM,647.0,HD12,ILE,44.0,-3.63,-0.488,22.669,0.09,1.32,0.0
ATOM,648.0,HD13,ILE,44.0,-3.487,-2.071,22.299,0.09,1.32,0.0
ATOM,649.0,N,ASN,45.0,-3.915,-1.658,16.215,-0.47,1.85,0.0
ATOM,650.0,CA,ASN,45.0,-3.337,-2.318,15.046,0.07,2.275,0.0
ATOM,651.0,C,ASN,45.0,-1.841,-2.113,14.89,0.51,2.0,0.0
ATOM,652.0,O,ASN,45.0,-1.216,-2.76,14.084,-0.51,1.7,0.0
ATOM,653.0,CB,ASN,45.0,-4.061,-1.857,13.731,-0.18,2.175,0.73
ATOM,654.0,CG,ASN,45.0,-3.941,-0.386,13.457,0.55,2.0,0.0
ATOM,655.0,H,ASN,45.0,-3.922,-0.642,16.363,0.31,0.2245,0.0
ATOM,656.0,HA,ASN,45.0,-3.49,-3.318,15.166,0.09,1.32,0.0
ATOM,657.0,HB2,ASN,45.0,-3.655,-2.372,12.978,0.09,1.32,0.0
ATOM,658.0,HB3,ASN,45.0,-5.025,-2.103,13.827,0.09,1.32,5.89
ATOM,659.0,OD1,ASN,45.0,-3.19,0.342,14.093,-0.55,1.7,0.0
ATOM,660.0,ND2,ASN,45.0,-4.708,0.06,12.461,-0.62,1.85,2.23
ATOM,661.0,HD22,ASN,45.0,-5.309,-0.55,11.958,0.3,0.2245,12.98
ATOM,662.0,HD21,ASN,45.0,-4.677,1.037,12.215,0.32,0.2245,0.0
ATOM,663.0,N,LEU,46.0,-1.234,-1.261,15.681,-0.47,1.85,0.0
ATOM,664.0,CA,LEU,46.0,0.177,-0.954,15.503,0.07,2.275,0.0
ATOM,665.0,C,LEU,46.0,0.993,-1.712,16.533,0.51,2.0,0.0
ATOM,666.0,O,LEU,46.0,0.769,-1.554,17.753,-0.51,1.7,0.0
ATOM,667.0,CB,LEU,46.0,0.417,0.535,15.656,-0.18,2.175,0.0
ATOM,668.0,CG,LEU,46.0,1.864,1.026,15.722,-0.09,2.275,0.0
ATOM,669.0,CD1,LEU,46.0,2.588,0.719,14.402,-0.27,2.06,0.35
ATOM,670.0,CD2,LEU,46.0,1.797,2.538,15.904,-0.27,2.06,0.0
ATOM,671.0,H,LEU,46.0,-1.822,-0.837,16.42,0.31,0.2245,0.0
ATOM,672.0,HA,LEU,46.0,0.458,-1.253,14.589,0.09,1.32,0.0
ATOM,673.0,HB2,LEU,46.0,-0.015,1.001,14.876,0.09,1.32,0.0
ATOM,674.0,HB3,LEU,46.0,-0.034,0.838,16.501,0.09,1.32,0.0
ATOM,675.0,HG,LEU,46.0,2.335,0.561,16.467,0.09,1.32,0.0
ATOM,676.0,HD11,LEU,46.0,2.116,1.182,13.655,0.09,1.32,0.0
ATOM,677.0,HD12,LEU,46.0,3.529,1.045,14.462,0.09,1.32,0.1
ATOM,678.0,HD13,LEU,46.0,2.581,-0.267,14.247,0.09,1.32,0.0
ATOM,679.0,HD21,LEU,46.0,1.307,2.751,16.75,0.09,1.32,0.0
ATOM,680.0,HD22,LEU,46.0,2.725,2.909,15.953,0.09,1.32,0.0
ATOM,681.0,HD23,LEU,46.0,1.315,2.946,15.128,0.09,1.32,0.0
ATOM,682.0,N,ILE,47.0,1.925,-2.546,16.042,-0.47,1.85,0.0
ATOM,683.0,CA,ILE,47.0,2.808,-3.335,16.901,0.07,2.275,0.0
ATOM,684.0,C,ILE,47.0,4.247,-2.941,16.56,0.51,2.0,0.0
ATOM,685.0,O,ILE,47.0,4.661,-3.038,15.399,-0.51,1.7,0.0
ATOM,686.0,CB,ILE,47.0,2.551,-4.813,16.654,-0.09,2.275,0.0
ATOM,687.0,CG1,ILE,47.0,1.101,-5.136,17.082,-0.18,2.175,0.33
ATOM,688.0,CG2,ILE,47.0,3.524,-5.653,17.443,-0.27,2.06,0.0
ATOM,689.0,CD1,ILE,47.0,0.675,-6.467,16.54,-0.27,2.06,0.0
ATOM,690.0,H,ILE,47.0,1.961,-2.579,15.001,0.31,0.2245,0.0
ATOM,691.0,HA,ILE,47.0,2.644,-3.028,17.829,0.09,1.32,0.0
ATOM,692.0,HB,ILE,47.0,2.62,-4.991,15.686,0.09,1.32,0.0
ATOM,693.0,HG12,ILE,47.0,1.069,-5.149,18.066,0.09,1.32,0.0
ATOM,694.0,HG13,ILE,47.0,0.516,-4.429,16.721,0.09,1.32,0.0
ATOM,695.0,HG21,ILE,47.0,3.346,-6.624,17.28,0.09,1.32,0.0
ATOM,696.0,HG22,ILE,47.0,4.461,-5.441,17.163,0.09,1.32,0.0
ATOM,697.0,HG23,ILE,47.0,3.424,-5.462,18.42,0.09,1.32,0.0
ATOM,698.0,HD11,ILE,47.0,1.281,-7.184,16.889,0.09,1.32,0.0
ATOM,699.0,HD12,ILE,47.0,-0.265,-6.663,16.825,0.09,1.32,0.0
ATOM,700.0,HD13,ILE,47.0,0.72,-6.455,15.54,0.09,1.32,0.0
ATOM,701.0,N,ASP,48.0,4.993,-2.505,17.566,-0.47,1.85,0.0
ATOM,702.0,CA,ASP,48.0,6.344,-1.999,17.329,0.07,2.275,0.0
ATOM,703.0,C,ASP,48.0,7.381,-2.972,17.906,0.51,2.0,0.0
ATOM,704.0,O,ASP,48.0,7.317,-3.318,19.107,-0.51,1.7,0.0
ATOM,705.0,CB,ASP,48.0,6.508,-0.627,17.957,-0.28,2.175,0.01
ATOM,706.0,CG,ASP,48.0,7.899,-0.069,17.741,0.62,2.0,0.0
ATOM,707.0,OD1,ASP,48.0,8.197,0.339,16.585,-0.76,1.7,0.21
ATOM,708.0,OD2,ASP,48.0,8.719,-0.038,18.66,-0.76,1.7,3.43
ATOM,709.0,H,ASP,48.0,4.554,-2.552,18.498,0.31,0.2245,0.0
ATOM,710.0,HA,ASP,48.0,6.486,-1.978,16.337,0.09,1.32,0.0
ATOM,711.0,HB2,ASP,48.0,5.851,-0.012,17.54,0.09,1.32,0.36
ATOM,712.0,HB3,ASP,48.0,6.345,-0.708,18.931,0.09,1.32,0.0
ATOM,713.0,N,VAL,49.0,8.291,-3.428,17.035,-0.47,1.85,0.0
ATOM,714.0,CA,VAL,49.0,9.333,-4.368,17.453,0.07,2.275,0.0
ATOM,715.0,C,VAL,49.0,10.677,-3.858,16.923,0.51,2.0,0.0
ATOM,716.0,O,VAL,49.0,10.76,-2.768,16.363,-0.51,1.7,0.0
ATOM,717.0,CB,VAL,49.0,9.092,-5.782,16.874,-0.09,2.275,0.0
ATOM,718.0,CG1,VAL,49.0,7.713,-6.414,17.359,-0.27,2.06,0.0
ATOM,719.0,CG2,VAL,49.0,9.094,-5.783,15.36,-0.27,2.06,0.0
ATOM,720.0,H,VAL,49.0,8.193,-3.068,16.073,0.31,0.2245,0.0
ATOM,721.0,HA,VAL,49.0,9.375,-4.367,18.447,0.09,1.32,0.0
ATOM,722.0,HB,VAL,49.0,9.797,-6.393,17.223,0.09,1.32,0.0
ATOM,723.0,HG11,VAL,49.0,6.987,-5.812,17.062,0.09,1.32,0.0
ATOM,724.0,HG12,VAL,49.0,7.631,-7.307,16.943,0.09,1.32,0.0
ATOM,725.0,HG13,VAL,49.0,7.745,-6.479,18.345,0.09,1.32,0.0
ATOM,726.0,HG21,VAL,49.0,8.481,-6.501,15.026,0.09,1.32,0.0
ATOM,727.0,HG22,VAL,49.0,8.779,-4.894,15.025,0.09,1.32,0.0
ATOM,728.0,HG23,VAL,49.0,10.022,-5.955,15.027,0.09,1.32,0.0
ATOM,729.0,N,ALA,50.0,11.747,-4.631,17.12,-0.47,1.85,0.0
ATOM,730.0,CA,ALA,50.0,13.048,-4.234,16.584,0.07,2.275,0.0
ATOM,731.0,C,ALA,50.0,13.916,-5.472,16.528,0.51,2.0,0.0
ATOM,732.0,O,ALA,50.0,13.711,-6.387,17.304,-0.51,1.7,0.0
ATOM,733.0,CB,ALA,50.0,13.744,-3.185,17.465,-0.27,2.06,0.0
ATOM,734.0,H,ALA,50.0,11.581,-5.49,17.657,0.31,0.2245,0.0
ATOM,735.0,HA,ALA,50.0,12.921,-3.883,15.662,0.09,1.32,0.0
ATOM,736.0,HB1,ALA,50.0,13.304,-2.3,17.329,0.09,1.32,0.0
ATOM,737.0,HB2,ALA,50.0,13.667,-3.458,18.421,0.09,1.32,0.0
ATOM,738.0,HB3,ALA,50.0,14.706,-3.127,17.207,0.09,1.32,0.0
ATOM,739.0,N,GLU,51.0,14.924,-5.47,15.651,-0.47,1.85,0.0
ATOM,740.0,CA,GLU,51.0,15.805,-6.64,15.618,0.07,2.275,0.0
ATOM,741.0,C,GLU,51.0,16.57,-6.764,16.938,0.51,2.0,0.0
ATOM,742.0,O,GLU,51.0,16.951,-7.876,17.341,-0.51,1.7,0.0
ATOM,743.0,CB,GLU,51.0,16.809,-6.574,14.436,-0.18,2.175,0.0
ATOM,744.0,CG,GLU,51.0,17.714,-5.339,14.466,-0.28,2.175,0.0
ATOM,745.0,CD,GLU,51.0,18.875,-5.427,13.459,0.62,2.0,0.0
ATOM,746.0,OE1,GLU,51.0,19.081,-6.493,12.825,-0.76,1.7,0.59
ATOM,747.0,OE2,GLU,51.0,19.619,-4.427,13.303,-0.76,1.7,0.0
ATOM,748.0,H,GLU,51.0,15.014,-4.655,15.063,0.31,0.2245,0.0
ATOM,749.0,HA,GLU,51.0,15.261,-7.469,15.469,0.09,1.32,0.0
ATOM,750.0,HB2,GLU,51.0,17.382,-7.366,14.495,0.09,1.32,0.0
ATOM,751.0,HB3,GLU,51.0,16.286,-6.542,13.609,0.09,1.32,0.0
ATOM,752.0,HG2,GLU,51.0,17.177,-4.557,14.222,0.09,1.32,0.0
ATOM,753.0,HG3,GLU,51.0,18.11,-5.266,15.359,0.09,1.32,0.0
ATOM,754.0,N,MET,52.0,16.812,-5.651,17.654,-0.47,1.85,0.0
ATOM,755.0,CA,MET,52.0,17.588,-5.742,18.881,0.07,2.275,0.02
ATOM,756.0,C,MET,52.0,16.834,-6.136,20.143,0.51,2.0,0.0
ATOM,757.0,O,MET,52.0,17.455,-6.292,21.212,-0.51,1.7,0.41
ATOM,758.0,CB,MET,52.0,18.388,-4.46,19.147,-0.18,2.175,4.3
ATOM,759.0,CG,MET,52.0,17.496,-3.311,19.538,-0.14,2.175,0.0
ATOM,760.0,SD,MET,52.0,18.511,-1.894,20.161,-0.09,2.0,3.82
ATOM,761.0,CE,MET,52.0,18.864,-2.523,21.851,-0.22,2.06,10.41
ATOM,762.0,H,MET,52.0,16.419,-4.789,17.271,0.31,0.2245,0.0
ATOM,763.0,HA,MET,52.0,18.33,-6.442,18.731,0.09,1.32,0.0
ATOM,764.0,HB2,MET,52.0,19.039,-4.635,19.887,0.09,1.32,2.13
ATOM,765.0,HB3,MET,52.0,18.889,-4.216,18.316,0.09,1.32,0.0
ATOM,766.0,HG2,MET,52.0,16.952,-3.01,18.741,0.09,1.32,0.0
ATOM,767.0,HG3,MET,52.0,16.85,-3.604,20.258,0.09,1.32,0.0
ATOM,768.0,HE1,MET,52.0,18.059,-3.003,22.18,0.09,1.32,0.0
ATOM,769.0,HE2,MET,52.0,19.642,-3.139,21.799,0.09,1.32,2.36
ATOM,770.0,HE3,MET,52.0,19.072,-1.747,22.436,0.09,1.32,9.37
ATOM,771.0,N,TYR,53.0,15.515,-6.319,20.04,-0.47,1.85,0.0
ATOM,772.0,CA,TYR,53.0,14.743,-6.603,21.244,0.07,2.275,0.0
ATOM,773.0,C,TYR,53.0,14.834,-8.081,21.563,0.51,2.0,0.0
ATOM,774.0,O,TYR,53.0,14.984,-8.899,20.667,-0.51,1.7,0.0
ATOM,775.0,CB,TYR,53.0,13.281,-6.172,21.061,-0.18,2.175,0.0
ATOM,776.0,CG,TYR,53.0,13.053,-4.67,20.891,0.0,1.9924,0.0
ATOM,777.0,CD1,TYR,53.0,14.058,-3.747,21.198,-0.115,1.9924,0.0
ATOM,778.0,CD2,TYR,53.0,11.824,-4.189,20.477,-0.115,1.9924,0.0
ATOM,779.0,CE1,TYR,53.0,13.835,-2.38,21.042,-0.115,1.9924,0.05
ATOM,780.0,CE2,TYR,53.0,11.584,-2.833,20.348,-0.115,1.9924,0.74
ATOM,781.0,CZ,TYR,53.0,12.6,-1.944,20.615,0.11,1.9924,0.0
ATOM,782.0,OH,TYR,53.0,12.4,-0.59,20.474,-0.54,1.77,10.58
ATOM,783.0,H,TYR,53.0,15.125,-6.246,19.101,0.31,0.2245,0.0
ATOM,784.0,HA,TYR,53.0,15.146,-6.09,22.005,0.09,1.32,0.0
ATOM,785.0,HB2,TYR,53.0,12.918,-6.631,20.248,0.09,1.32,0.0
ATOM,786.0,HB3,TYR,53.0,12.763,-6.47,21.865,0.09,1.32,0.0
ATOM,787.0,HD1,TYR,53.0,14.94,-4.067,21.531,0.115,1.3582,0.0
ATOM,788.0,HD2,TYR,53.0,11.089,-4.838,20.264,0.115,1.3582,0.0
ATOM,789.0,HE1,TYR,53.0,14.567,-1.729,21.238,0.115,1.3582,3.65
ATOM,790.0,HE2,TYR,53.0,10.684,-2.505,20.065,0.115,1.3582,0.11
ATOM,791.0,HH,TYR,53.0,11.524,-0.433,20.022,0.43,0.2245,2.16
ATOM,792.0,N,PRO,54.0,14.652,-8.469,22.814,-0.29,1.85,0.0
ATOM,793.0,CA,PRO,54.0,14.247,-7.586,23.915,0.02,2.275,0.0
ATOM,794.0,C,PRO,54.0,15.38,-6.847,24.633,0.51,2.0,0.0
ATOM,795.0,O,PRO,54.0,16.564,-7.101,24.398,-0.51,1.7,0.0
ATOM,796.0,CB,PRO,54.0,13.679,-8.598,24.932,-0.18,2.175,0.0
ATOM,797.0,CG,PRO,54.0,14.561,-9.862,24.705,-0.18,2.175,0.0
ATOM,798.0,CD,PRO,54.0,14.771,-9.893,23.21,0.0,2.175,0.0
ATOM,799.0,HA,PRO,54.0,13.541,-6.914,23.586,0.09,1.32,0.0
ATOM,800.0,HB2,PRO,54.0,13.792,-8.278,25.861,0.09,1.32,0.0
ATOM,801.0,HB3,PRO,54.0,12.734,-8.814,24.738,0.09,1.32,0.0
ATOM,802.0,HG2,PRO,54.0,15.416,-9.753,25.195,0.09,1.32,0.0
ATOM,803.0,HG3,PRO,54.0,14.069,-10.661,25.025,0.09,1.32,0.0
ATOM,804.0,HD2,PRO,54.0,15.676,-10.245,22.975,0.09,1.32,0.0
ATOM,805.0,HD3,PRO,54.0,14.07,-10.441,22.753,0.09,1.32,0.0
ATOM,806.0,N,VAL,55.0,14.981,-5.92,25.511,-0.47,1.85,0.0
ATOM,807.0,CA,VAL,55.0,15.913,-5.17,26.357,0.07,2.275,0.0
ATOM,808.0,C,VAL,55.0,15.784,-5.609,27.796,0.51,2.0,0.0
ATOM,809.0,O,VAL,55.0,14.719,-6.07,28.202,-0.51,1.7,0.84
ATOM,810.0,CB,VAL,55.0,15.628,-3.664,26.268,-0.09,2.275,0.0
ATOM,811.0,CG1,VAL,55.0,15.61,-3.255,24.798,-0.27,2.06,4.98
ATOM,812.0,CG2,VAL,55.0,14.322,-3.348,26.931,-0.27,2.06,0.88
ATOM,813.0,H,VAL,55.0,13.946,-5.777,25.541,0.31,0.2245,0.0
ATOM,814.0,HA,VAL,55.0,16.846,-5.376,26.044,0.09,1.32,0.0
ATOM,815.0,HB,VAL,55.0,16.383,-3.186,26.69,0.09,1.32,0.28
ATOM,816.0,HG11,VAL,55.0,15.345,-2.294,24.724,0.09,1.32,4.25
ATOM,817.0,HG12,VAL,55.0,16.521,-3.381,24.407,0.09,1.32,0.0
ATOM,818.0,HG13,VAL,55.0,14.953,-3.822,24.304,0.09,1.32,0.0
ATOM,819.0,HG21,VAL,55.0,13.976,-2.465,26.601,0.09,1.32,0.0
ATOM,820.0,HG22,VAL,55.0,13.65,-4.063,26.72,0.09,1.32,0.0
ATOM,821.0,HG23,VAL,55.0,14.447,-3.3,27.926,0.09,1.32,0.62
ATOM,822.0,N,PRO,56.0,16.854,-5.511,28.568,-0.29,1.85,0.0
ATOM,823.0,CA,PRO,56.0,18.18,-5.074,28.138,0.02,2.275,0.06
ATOM,824.0,C,PRO,56.0,18.742,-6.089,27.175,0.51,2.0,0.0
ATOM,825.0,O,PRO,56.0,18.596,-7.322,27.356,-0.51,1.7,0.29
ATOM,826.0,CB,PRO,56.0,19.024,-5.15,29.435,-0.18,2.175,12.91
ATOM,827.0,CG,PRO,56.0,18.086,-5.346,30.496,-0.18,2.175,3.56
ATOM,828.0,CD,PRO,56.0,16.831,-5.908,29.998,0.0,2.175,0.27
ATOM,829.0,HA,PRO,56.0,18.138,-4.164,27.725,0.09,1.32,0.02
ATOM,830.0,HB2,PRO,56.0,19.689,-5.911,29.353,0.09,1.32,6.88
ATOM,831.0,HB3,PRO,56.0,19.557,-4.294,29.534,0.09,1.32,3.74
ATOM,832.0,HG2,PRO,56.0,18.487,-5.96,31.237,0.09,1.32,3.69
ATOM,833.0,HG3,PRO,56.0,17.906,-4.452,31.001,0.09,1.32,0.2
ATOM,834.0,HD2,PRO,56.0,16.797,-6.905,30.07,0.09,1.32,0.27
ATOM,835.0,HD3,PRO,56.0,16.026,-5.515,30.444,0.09,1.32,0.29
ATOM,836.0,N,PRO,57.0,19.355,-5.584,26.128,-0.29,1.85,0.0
ATOM,837.0,CA,PRO,57.0,19.783,-6.447,25.033,0.02,2.275,0.0
ATOM,838.0,C,PRO,57.0,21.054,-7.256,25.306,0.51,2.0,0.05
ATOM,839.0,O,PRO,57.0,21.972,-6.751,25.951,-0.51,1.7,14.82
ATOM,840.0,CB,PRO,57.0,20.028,-5.447,23.896,-0.18,2.175,2.45
ATOM,841.0,CG,PRO,57.0,20.543,-4.217,24.645,-0.18,2.175,0.64
ATOM,842.0,CD,PRO,57.0,19.536,-4.155,25.828,0.0,2.175,8.99
ATOM,843.0,HA,PRO,57.0,19.022,-7.074,24.753,0.09,1.32,0.0
ATOM,844.0,HB2,PRO,57.0,20.718,-5.779,23.268,0.09,1.32,8.53
ATOM,845.0,HB3,PRO,57.0,19.188,-5.231,23.42,0.09,1.32,0.0
ATOM,846.0,HG2,PRO,57.0,21.449,-4.37,24.978,0.09,1.32,0.16
ATOM,847.0,HG3,PRO,57.0,20.464,-3.418,24.089,0.09,1.32,0.0
ATOM,848.0,HD2,PRO,57.0,19.935,-3.673,26.591,0.09,1.32,3.26
ATOM,849.0,HD3,PRO,57.0,18.691,-3.736,25.535,0.09,1.32,0.0
ATOM,850.0,N,ARG,58.0,21.092,-8.486,24.807,-0.47,1.85,0.32
ATOM,851.0,CA,ARG,58.0,22.325,-9.276,24.809,0.07,2.275,2.01
ATOM,852.0,C,ARG,58.0,22.208,-10.342,23.743,0.51,2.0,0.62
ATOM,853.0,O,ARG,58.0,21.106,-10.672,23.325,-0.51,1.7,0.0
ATOM,854.0,CB,ARG,58.0,22.57,-9.909,26.189,-0.18,2.175,8.28
ATOM,855.0,CG,ARG,58.0,21.604,-11.026,26.647,-0.18,2.175,0.0
ATOM,856.0,CD,ARG,58.0,21.982,-11.545,28.053,0.2,2.175,14.94
ATOM,857.0,NE,ARG,58.0,21.222,-12.736,28.44,-0.7,1.85,5.17
ATOM,858.0,CZ,ARG,58.0,20.004,-12.708,28.983,0.64,2.0,1.83
ATOM,859.0,NH1,ARG,58.0,19.402,-11.556,29.21,-0.8,1.85,12.14
ATOM,860.0,NH2,ARG,58.0,19.381,-13.844,29.317,-0.8,1.85,17.91
ATOM,861.0,H,ARG,58.0,20.193,-8.833,24.424,0.31,0.2245,0.15
ATOM,862.0,HA,ARG,58.0,23.09,-8.675,24.589,0.09,1.32,1.92
ATOM,863.0,HB2,ARG,58.0,23.5,-10.297,26.195,0.09,1.32,3.11
ATOM,864.0,HB3,ARG,58.0,22.53,-9.178,26.881,0.09,1.32,4.61
ATOM,865.0,HG2,ARG,58.0,20.684,-10.665,26.691,0.09,1.32,0.0
ATOM,866.0,HG3,ARG,58.0,21.661,-11.786,26.016,0.09,1.32,0.0
ATOM,867.0,HD2,ARG,58.0,22.955,-11.76,28.041,0.09,1.32,9.62
ATOM,868.0,HD3,ARG,58.0,21.802,-10.809,28.701,0.09,1.32,6.08
ATOM,869.0,HE,ARG,58.0,21.647,-13.635,28.286,0.44,0.2245,0.96
ATOM,870.0,HH11,ARG,58.0,19.831,-10.689,28.965,0.46,0.2245,3.41
ATOM,871.0,HH12,ARG,58.0,18.488,-11.545,29.639,0.46,0.2245,0.48
ATOM,872.0,HH21,ARG,58.0,19.841,-14.716,29.132,0.46,0.2245,3.42
ATOM,873.0,HH22,ARG,58.0,18.485,-13.819,29.736,0.46,0.2245,12.18
ATOM,874.0,N,PRO,59.0,23.33,-10.828,23.24,-0.29,1.85,0.31
ATOM,875.0,CA,PRO,59.0,23.314,-11.809,22.148,0.02,2.275,1.07
ATOM,876.0,C,PRO,59.0,22.456,-13.01,22.402,0.51,2.0,0.2
ATOM,877.0,O,PRO,59.0,21.838,-13.526,21.459,-0.51,1.7,16.48
ATOM,878.0,CB,PRO,59.0,24.813,-12.178,21.974,-0.18,2.175,20.32
ATOM,879.0,CG,PRO,59.0,25.488,-10.907,22.377,-0.18,2.175,8.76
ATOM,880.0,CD,PRO,59.0,24.687,-10.319,23.522,0.0,2.175,5.65
ATOM,881.0,HA,PRO,59.0,23.05,-11.346,21.271,0.09,1.32,3.75
ATOM,882.0,HB2,PRO,59.0,25.054,-12.924,22.578,0.09,1.32,8.05
ATOM,883.0,HB3,PRO,59.0,25.002,-12.406,21.031,0.09,1.32,11.0
ATOM,884.0,HG2,PRO,59.0,26.439,-11.087,22.668,0.09,1.32,7.86
ATOM,885.0,HG3,PRO,59.0,25.52,-10.261,21.6,0.09,1.32,1.63
ATOM,886.0,HD2,PRO,59.0,25.012,-10.653,24.399,0.09,1.32,6.57
ATOM,887.0,HD3,PRO,59.0,24.702,-9.325,23.5,0.09,1.32,0.54
ATOM,888.0,N,GLU,60.0,22.398,-13.486,23.641,-0.47,1.85,0.44
ATOM,889.0,CA,GLU,60.0,21.637,-14.688,23.915,0.07,2.275,2.27
ATOM,890.0,C,GLU,60.0,20.154,-14.594,23.588,0.51,2.0,0.0
ATOM,891.0,O,GLU,60.0,19.512,-15.587,23.203,-0.51,1.7,23.79
ATOM,892.0,CB,GLU,60.0,21.825,-15.082,25.393,-0.18,2.175,3.47
ATOM,893.0,CG,GLU,60.0,21.041,-16.305,25.809,-0.28,2.175,10.69
ATOM,894.0,CD,GLU,60.0,21.25,-16.666,27.272,0.62,2.0,3.34
ATOM,895.0,OE1,GLU,60.0,21.699,-15.79,28.065,-0.76,1.7,17.49
ATOM,896.0,OE2,GLU,60.0,20.959,-17.833,27.626,-0.76,1.7,46.85
ATOM,897.0,H,GLU,60.0,22.916,-12.95,24.347,0.31,0.2245,1.68
ATOM,898.0,HA,GLU,60.0,22.043,-15.473,23.396,0.09,1.32,9.98
ATOM,899.0,HB2,GLU,60.0,22.781,-15.273,25.525,0.09,1.32,10.45
ATOM,900.0,HB3,GLU,60.0,21.52,-14.323,25.939,0.09,1.32,0.0
ATOM,901.0,HG2,GLU,60.0,20.083,-16.12,25.687,0.09,1.32,1.32
ATOM,902.0,HG3,GLU,60.0,21.344,-17.071,25.273,0.09,1.32,9.74
ATOM,903.0,N,THR,61.0,19.599,-13.394,23.76,-0.47,1.85,0.0
ATOM,904.0,CA,THR,61.0,18.17,-13.181,23.523,0.07,2.275,0.4
ATOM,905.0,C,THR,61.0,17.874,-12.342,22.298,0.51,2.0,0.01
ATOM,906.0,O,THR,61.0,16.721,-12.201,21.953,-0.51,1.7,0.01
ATOM,907.0,CB,THR,61.0,17.518,-12.471,24.711,0.14,2.275,0.0
ATOM,908.0,OG1,THR,61.0,18.217,-11.242,24.956,-0.66,1.77,0.0
ATOM,909.0,CG2,THR,61.0,17.664,-13.277,26.03,-0.27,2.06,5.94
ATOM,910.0,H,THR,61.0,20.247,-12.65,24.066,0.31,0.2245,0.0
ATOM,911.0,HA,THR,61.0,17.732,-14.093,23.403,0.09,1.32,0.0
ATOM,912.0,HB,THR,61.0,16.554,-12.244,24.475,0.09,1.32,0.0
ATOM,913.0,HG21,THR,61.0,17.664,-14.251,25.817,0.09,1.32,2.76
ATOM,914.0,HG22,THR,61.0,18.522,-13.025,26.471,0.09,1.32,0.0
ATOM,915.0,HG23,THR,61.0,16.897,-13.06,26.629,0.09,1.32,0.32
ATOM,916.0,HG1,THR,61.0,19.041,-11.189,24.383,0.43,0.2245,0.0
ATOM,917.0,N,GLN,62.0,18.878,-11.816,21.609,-0.47,1.85,0.04
ATOM,918.0,CA,GLN,62.0,18.608,-10.934,20.469,0.07,2.275,0.06
ATOM,919.0,C,GLN,62.0,17.686,-11.573,19.445,0.51,2.0,0.0
ATOM,920.0,O,GLN,62.0,17.96,-12.696,18.977,-0.51,1.7,20.37
ATOM,921.0,CB,GLN,62.0,19.932,-10.603,19.754,-0.18,2.175,2.7
ATOM,922.0,CG,GLN,62.0,19.739,-9.583,18.588,-0.18,2.175,2.57
ATOM,923.0,CD,GLN,62.0,19.712,-10.267,17.233,0.55,2.0,0.0
ATOM,924.0,H,GLN,62.0,19.821,-12.068,21.928,0.31,0.2245,0.0
ATOM,925.0,HA,GLN,62.0,18.151,-10.104,20.826,0.09,1.32,0.0
ATOM,926.0,HB2,GLN,62.0,20.56,-10.197,20.402,0.09,1.32,2.21
ATOM,927.0,HB3,GLN,62.0,20.308,-11.432,19.363,0.09,1.32,0.95
ATOM,928.0,HG2,GLN,62.0,18.877,-9.114,18.736,0.09,1.32,0.0
ATOM,929.0,HG3,GLN,62.0,20.497,-8.942,18.618,0.09,1.32,1.64
ATOM,930.0,OE1,GLN,62.0,20.61,-11.12,16.928,-0.55,1.7,23.69
ATOM,931.0,NE2,GLN,62.0,18.716,-9.899,16.393,-0.62,1.85,0.0
ATOM,932.0,HE21,GLN,62.0,18.649,-10.304,15.475,0.32,0.2245,0.23
ATOM,933.0,HE22,GLN,62.0,18.048,-9.209,16.719,0.3,0.2245,0.0
ATOM,934.0,N,GLY,63.0,16.606,-10.861,19.086,-0.47,1.85,0.0
ATOM,935.0,CA,GLY,63.0,15.663,-11.343,18.081,-0.02,2.175,0.26
ATOM,936.0,C,GLY,63.0,14.484,-12.11,18.678,0.51,2.0,1.22
ATOM,937.0,O,GLY,63.0,13.548,-12.446,17.95,-0.51,1.7,0.0
ATOM,938.0,H,GLY,63.0,16.506,-9.954,19.58,0.31,0.2245,0.0
ATOM,939.0,HA2,GLY,63.0,15.308,-10.554,17.548,0.09,1.32,0.0
ATOM,940.0,HA3,GLY,63.0,16.151,-11.946,17.425,0.09,1.32,0.08
ATOM,941.0,N,LEU,64.0,14.505,-12.394,19.981,-0.47,1.85,0.33
ATOM,942.0,CA,LEU,64.0,13.4,-13.184,20.571,0.07,2.275,0.25
ATOM,943.0,C,LEU,64.0,12.062,-12.436,20.455,0.51,2.0,0.0
ATOM,944.0,O,LEU,64.0,11.018,-13.059,20.229,-0.51,1.7,0.0
ATOM,945.0,CB,LEU,64.0,13.687,-13.531,22.006,-0.18,2.175,0.0
ATOM,946.0,CG,LEU,64.0,13.554,-14.932,22.592,-0.09,2.275,0.0
ATOM,947.0,CD1,LEU,64.0,13.956,-16.109,21.656,-0.27,2.06,26.61
ATOM,948.0,CD2,LEU,64.0,14.367,-14.919,23.88,-0.27,2.06,8.69
ATOM,949.0,H,LEU,64.0,15.301,-12.042,20.509,0.31,0.2245,0.0
ATOM,950.0,HA,LEU,64.0,13.326,-14.047,20.065,0.09,1.32,0.04
ATOM,951.0,HB2,LEU,64.0,14.656,-13.226,22.21,0.09,1.32,0.0
ATOM,952.0,HB3,LEU,64.0,13.1,-12.916,22.597,0.09,1.32,0.0
ATOM,953.0,HG,LEU,64.0,12.588,-15.081,22.886,0.09,1.32,0.0
ATOM,954.0,HD11,LEU,64.0,14.911,-15.999,21.4,0.09,1.32,6.73
ATOM,955.0,HD12,LEU,64.0,13.826,-16.964,22.148,0.09,1.32,9.42
ATOM,956.0,HD13,LEU,64.0,13.376,-16.084,20.848,0.09,1.32,0.0
ATOM,957.0,HD21,LEU,64.0,13.997,-14.228,24.502,0.09,1.32,0.0
ATOM,958.0,HD22,LEU,64.0,14.318,-15.819,24.315,0.09,1.32,8.44
ATOM,959.0,HD23,LEU,64.0,15.321,-14.702,23.671,0.09,1.32,0.0
ATOM,960.0,N,THR,65.0,12.085,-11.11,20.56,-0.47,1.85,0.0
ATOM,961.0,CA,THR,65.0,10.823,-10.362,20.455,0.07,2.275,0.0
ATOM,962.0,C,THR,65.0,10.161,-10.579,19.128,0.51,2.0,0.0
ATOM,963.0,O,THR,65.0,8.961,-10.898,19.051,-0.51,1.7,0.0
ATOM,964.0,CB,THR,65.0,11.111,-8.882,20.658,0.14,2.275,0.0
ATOM,965.0,OG1,THR,65.0,11.692,-8.767,21.967,-0.66,1.77,0.0
ATOM,966.0,CG2,THR,65.0,9.819,-8.035,20.643,-0.27,2.06,0.0
ATOM,967.0,H,THR,65.0,12.997,-10.683,20.71,0.31,0.2245,0.0
ATOM,968.0,HA,THR,65.0,10.209,-10.689,21.189,0.09,1.32,0.0
ATOM,969.0,HB,THR,65.0,11.796,-8.578,19.984,0.09,1.32,0.0
ATOM,970.0,HG21,THR,65.0,10.057,-7.071,20.754,0.09,1.32,0.0
ATOM,971.0,HG22,THR,65.0,9.349,-8.168,19.772,0.09,1.32,0.0
ATOM,972.0,HG23,THR,65.0,9.227,-8.325,21.393,0.09,1.32,0.0
ATOM,973.0,HG1,THR,65.0,11.29,-9.448,22.587,0.43,0.2245,0.0
ATOM,974.0,N,GLU,66.0,10.921,-10.352,18.079,-0.47,1.85,0.0
ATOM,975.0,CA,GLU,66.0,10.356,-10.566,16.742,0.07,2.275,0.0
ATOM,976.0,C,GLU,66.0,9.903,-12.024,16.594,0.51,2.0,0.0
ATOM,977.0,O,GLU,66.0,8.873,-12.293,15.971,-0.51,1.7,0.0
ATOM,978.0,CB,GLU,66.0,11.37,-10.238,15.673,-0.18,2.175,0.0
ATOM,979.0,CG,GLU,66.0,11.512,-8.724,15.432,-0.28,2.175,0.0
ATOM,980.0,CD,GLU,66.0,12.637,-8.422,14.442,0.62,2.0,0.0
ATOM,981.0,OE1,GLU,66.0,13.569,-9.25,14.31,-0.76,1.7,0.0
ATOM,982.0,OE2,GLU,66.0,12.579,-7.381,13.753,-0.76,1.7,0.0
ATOM,983.0,H,GLU,66.0,11.872,-10.036,18.256,0.31,0.2245,0.0
ATOM,984.0,HA,GLU,66.0,9.572,-9.959,16.605,0.09,1.32,0.0
ATOM,985.0,HB2,GLU,66.0,12.247,-10.563,15.963,0.09,1.32,0.0
ATOM,986.0,HB3,GLU,66.0,11.075,-10.634,14.828,0.09,1.32,0.0
ATOM,987.0,HG2,GLU,66.0,10.68,-8.401,15.043,0.09,1.32,0.0
ATOM,988.0,HG3,GLU,66.0,11.742,-8.302,16.279,0.09,1.32,0.0
ATOM,989.0,N,THR,67.0,10.685,-12.957,17.12,-0.47,1.85,0.0
ATOM,990.0,CA,THR,67.0,10.278,-14.349,16.994,0.07,2.275,0.0
ATOM,991.0,C,THR,67.0,8.952,-14.628,17.707,0.51,2.0,0.0
ATOM,992.0,O,THR,67.0,8.091,-15.319,17.148,-0.51,1.7,0.0
ATOM,993.0,CB,THR,67.0,11.398,-15.226,17.574,0.14,2.275,0.02
ATOM,994.0,OG1,THR,67.0,12.501,-15.259,16.638,-0.66,1.77,9.98
ATOM,995.0,CG2,THR,67.0,10.929,-16.662,17.739,-0.27,2.06,17.25
ATOM,996.0,H,THR,67.0,11.529,-12.635,17.583,0.31,0.2245,0.0
ATOM,997.0,HA,THR,67.0,10.156,-14.562,16.013,0.09,1.32,0.0
ATOM,998.0,HB,THR,67.0,11.735,-14.808,18.438,0.09,1.32,0.0
ATOM,999.0,HG21,THR,67.0,11.69,-17.292,17.564,0.09,1.32,10.57
ATOM,1000.0,HG22,THR,67.0,10.594,-16.806,18.673,0.09,1.32,0.51
ATOM,1001.0,HG23,THR,67.0,10.188,-16.855,17.091,0.09,1.32,0.97
ATOM,1002.0,HG1,THR,67.0,12.268,-14.735,15.815,0.43,0.2245,0.0
ATOM,1003.0,N,TYR,68.0,8.771,-14.101,18.924,-0.47,1.85,0.0
ATOM,1004.0,CA,TYR,68.0,7.512,-14.286,19.654,0.07,2.275,0.0
ATOM,1005.0,C,TYR,68.0,6.352,-13.678,18.878,0.51,2.0,0.0
ATOM,1006.0,O,TYR,68.0,5.247,-14.289,18.775,-0.51,1.7,0.0
ATOM,1007.0,CB,TYR,68.0,7.546,-13.632,21.04,-0.18,2.175,0.0
ATOM,1008.0,CG,TYR,68.0,8.39,-14.358,22.066,0.0,1.9924,0.0
ATOM,1009.0,CD1,TYR,68.0,9.114,-15.495,21.74,-0.115,1.9924,0.0
ATOM,1010.0,CD2,TYR,68.0,8.495,-13.828,23.356,-0.115,1.9924,0.0
ATOM,1011.0,CE1,TYR,68.0,9.908,-16.115,22.746,-0.115,1.9924,0.81
ATOM,1012.0,CE2,TYR,68.0,9.25,-14.436,24.333,-0.115,1.9924,0.0
ATOM,1013.0,CZ,TYR,68.0,9.968,-15.554,24.027,0.11,1.9924,0.0
ATOM,1014.0,OH,TYR,68.0,10.738,-16.158,25.04,-0.54,1.77,17.94
ATOM,1015.0,H,TYR,68.0,9.574,-13.567,19.293,0.31,0.2245,0.0
ATOM,1016.0,HA,TYR,68.0,7.347,-15.272,19.747,0.09,1.32,0.0
ATOM,1017.0,HB2,TYR,68.0,7.908,-12.705,20.938,0.09,1.32,0.0
ATOM,1018.0,HB3,TYR,68.0,6.608,-13.586,21.386,0.09,1.32,0.0
ATOM,1019.0,HD1,TYR,68.0,9.092,-15.881,20.839,0.115,1.3582,0.0
ATOM,1020.0,HD2,TYR,68.0,8.003,-12.978,23.567,0.115,1.3582,0.0
ATOM,1021.0,HE1,TYR,68.0,10.415,-16.942,22.53,0.115,1.3582,8.44
ATOM,1022.0,HE2,TYR,68.0,9.269,-14.056,25.262,0.115,1.3582,0.0
ATOM,1023.0,HH,TYR,68.0,10.851,-15.503,25.778,0.43,0.2245,5.47
ATOM,1024.0,N,VAL,69.0,6.593,-12.501,18.29,-0.47,1.85,0.0
ATOM,1025.0,CA,VAL,69.0,5.524,-11.842,17.557,0.07,2.275,0.0
ATOM,1026.0,C,VAL,69.0,5.207,-12.645,16.308,0.51,2.0,0.0
ATOM,1027.0,O,VAL,69.0,4.048,-12.842,15.952,-0.51,1.7,0.0
ATOM,1028.0,CB,VAL,69.0,5.872,-10.355,17.282,-0.09,2.275,0.0
ATOM,1029.0,CG1,VAL,69.0,4.81,-9.757,16.372,-0.27,2.06,0.0
ATOM,1030.0,CG2,VAL,69.0,5.918,-9.552,18.565,-0.27,2.06,0.0
ATOM,1031.0,H,VAL,69.0,7.54,-12.135,18.4,0.31,0.2245,0.0
ATOM,1032.0,HA,VAL,69.0,4.707,-11.83,18.135,0.09,1.32,0.0
ATOM,1033.0,HB,VAL,69.0,6.727,-10.337,16.787,0.09,1.32,0.0
ATOM,1034.0,HG11,VAL,69.0,3.909,-10.099,16.64,0.09,1.32,0.0
ATOM,1035.0,HG12,VAL,69.0,4.824,-8.76,16.452,0.09,1.32,0.0
ATOM,1036.0,HG13,VAL,69.0,4.996,-10.017,15.425,0.09,1.32,0.0
ATOM,1037.0,HG21,VAL,69.0,5.014,-9.557,18.995,0.09,1.32,0.0
ATOM,1038.0,HG22,VAL,69.0,6.586,-9.959,19.19,0.09,1.32,0.0
ATOM,1039.0,HG23,VAL,69.0,6.184,-8.609,18.359,0.09,1.32,0.0
ATOM,1040.0,N,GLY,70.0,6.241,-13.132,15.642,-0.47,1.85,0.0
ATOM,1041.0,CA,GLY,70.0,6.005,-13.955,14.481,-0.02,2.175,0.0
ATOM,1042.0,C,GLY,70.0,5.25,-15.232,14.804,0.51,2.0,0.0
ATOM,1043.0,O,GLY,70.0,4.439,-15.691,13.986,-0.51,1.7,0.0
ATOM,1044.0,H,GLY,70.0,7.166,-12.884,16.007,0.31,0.2245,0.0
ATOM,1045.0,HA2,GLY,70.0,5.479,-13.426,13.789,0.09,1.32,0.0
ATOM,1046.0,HA3,GLY,70.0,6.894,-14.197,14.048,0.09,1.32,0.0
ATOM,1047.0,N,ASN,71.0,5.569,-15.839,15.938,-0.47,1.85,0.0
ATOM,1048.0,CA,ASN,71.0,4.869,-17.051,16.299,0.07,2.275,0.79
ATOM,1049.0,C,ASN,71.0,3.406,-16.775,16.532,0.51,2.0,0.0
ATOM,1050.0,O,ASN,71.0,2.566,-17.654,16.267,-0.51,1.7,0.84
ATOM,1051.0,CB,ASN,71.0,5.453,-17.662,17.535,-0.18,2.175,3.36
ATOM,1052.0,CG,ASN,71.0,6.853,-18.235,17.3,0.55,2.0,2.09
ATOM,1053.0,H,ASN,71.0,6.305,-15.399,16.493,0.31,0.2245,0.0
ATOM,1054.0,HA,ASN,71.0,4.933,-17.68,15.513,0.09,1.32,0.64
ATOM,1055.0,HB2,ASN,71.0,5.525,-16.968,18.248,0.09,1.32,0.0
ATOM,1056.0,HB3,ASN,71.0,4.868,-18.408,17.846,0.09,1.32,2.31
ATOM,1057.0,OD1,ASN,71.0,7.288,-18.472,16.15,-0.55,1.7,14.89
ATOM,1058.0,ND2,ASN,71.0,7.556,-18.476,18.39,-0.62,1.85,9.9
ATOM,1059.0,HD22,ASN,71.0,7.179,-18.296,19.298,0.3,0.2245,0.0
ATOM,1060.0,HD21,ASN,71.0,8.489,-18.849,18.314,0.32,0.2245,11.44
ATOM,1061.0,N,TRP,72.0,3.103,-15.595,17.04,-0.47,1.85,0.0
ATOM,1062.0,CA,TRP,72.0,1.713,-15.198,17.253,0.07,2.275,0.0
ATOM,1063.0,C,TRP,72.0,1.034,-14.908,15.938,0.51,2.0,0.0
ATOM,1064.0,O,TRP,72.0,-0.109,-15.361,15.697,-0.51,1.7,0.0
ATOM,1065.0,CB,TRP,72.0,1.666,-13.997,18.232,-0.18,2.175,0.0
ATOM,1066.0,CG,TRP,72.0,0.321,-13.363,18.417,-0.03,1.9924,0.0
ATOM,1067.0,CD1,TRP,72.0,-0.664,-13.767,19.257,0.035,1.9924,0.0
ATOM,1068.0,CD2,TRP,72.0,-0.174,-12.229,17.726,-0.02,1.8,0.0
ATOM,1069.0,NE1,TRP,72.0,-1.758,-12.95,19.133,-0.61,1.85,0.0
ATOM,1070.0,CE2,TRP,72.0,-1.473,-11.982,18.208,0.13,1.8,0.0
ATOM,1071.0,CE3,TRP,72.0,0.378,-11.349,16.791,-0.115,1.9924,0.0
ATOM,1072.0,CZ2,TRP,72.0,-2.25,-10.918,17.744,-0.115,1.9924,1.73
ATOM,1073.0,CZ3,TRP,72.0,-0.384,-10.299,16.348,-0.115,1.9924,0.17
ATOM,1074.0,CH2,TRP,72.0,-1.677,-10.089,16.835,-0.115,1.9924,2.15
ATOM,1075.0,H,TRP,72.0,3.911,-14.989,17.269,0.31,0.2245,0.0
ATOM,1076.0,HA,TRP,72.0,1.239,-15.975,17.683,0.09,1.32,0.0
ATOM,1077.0,HB2,TRP,72.0,1.975,-14.312,19.129,0.09,1.32,0.0
ATOM,1078.0,HB3,TRP,72.0,2.287,-13.291,17.892,0.09,1.32,0.0
ATOM,1079.0,HD1,TRP,72.0,-0.607,-14.549,19.88,0.115,1.3582,0.0
ATOM,1080.0,HE1,TRP,72.0,-2.616,-13.043,19.631,0.38,0.2245,0.0
ATOM,1081.0,HE3,TRP,72.0,1.309,-11.482,16.454,0.115,1.3582,0.0
ATOM,1082.0,HZ2,TRP,72.0,-3.186,-10.793,18.081,0.115,1.3582,2.52
ATOM,1083.0,HZ3,TRP,72.0,-0.009,-9.674,15.665,0.115,1.3582,0.0
ATOM,1084.0,HH2,TRP,72.0,-2.19,-9.291,16.492,0.115,1.3582,0.0
ATOM,1085.0,N,LEU,73.0,1.725,-14.186,15.066,-0.47,1.85,0.0
ATOM,1086.0,CA,LEU,73.0,1.164,-13.852,13.778,0.07,2.275,0.0
ATOM,1087.0,C,LEU,73.0,0.808,-15.127,13.023,0.51,2.0,0.17
ATOM,1088.0,O,LEU,73.0,-0.206,-15.178,12.328,-0.51,1.7,3.92
ATOM,1089.0,CB,LEU,73.0,2.137,-13.022,12.924,-0.18,2.175,0.21
ATOM,1090.0,CG,LEU,73.0,2.321,-11.532,13.228,-0.09,2.275,0.0
ATOM,1091.0,CD1,LEU,73.0,3.428,-10.911,12.355,-0.27,2.06,0.0
ATOM,1092.0,CD2,LEU,73.0,1.008,-10.778,13.033,-0.27,2.06,0.0
ATOM,1093.0,H,LEU,73.0,2.666,-13.897,15.384,0.31,0.2245,0.0
ATOM,1094.0,HA,LEU,73.0,0.322,-13.322,13.914,0.09,1.32,0.1
ATOM,1095.0,HB2,LEU,73.0,3.047,-13.454,12.998,0.09,1.32,0.0
ATOM,1096.0,HB3,LEU,73.0,1.834,-13.095,11.965,0.09,1.32,3.04
ATOM,1097.0,HG,LEU,73.0,2.568,-11.422,14.192,0.09,1.32,0.0
ATOM,1098.0,HD11,LEU,73.0,3.18,-11.013,11.394,0.09,1.32,0.0
ATOM,1099.0,HD12,LEU,73.0,3.517,-9.944,12.582,0.09,1.32,0.0
ATOM,1100.0,HD13,LEU,73.0,4.288,-11.383,12.536,0.09,1.32,0.0
ATOM,1101.0,HD21,LEU,73.0,0.315,-11.152,13.65,0.09,1.32,0.01
ATOM,1102.0,HD22,LEU,73.0,1.148,-9.809,13.236,0.09,1.32,0.0
ATOM,1103.0,HD23,LEU,73.0,0.703,-10.881,12.086,0.09,1.32,0.0
ATOM,1104.0,N,ALA,74.0,1.653,-16.152,13.141,-0.47,1.85,0.0
ATOM,1105.0,CA,ALA,74.0,1.443,-17.377,12.393,0.07,2.275,1.15
ATOM,1106.0,C,ALA,74.0,0.115,-18.032,12.822,0.51,2.0,0.16
ATOM,1107.0,O,ALA,74.0,-0.54,-18.679,12.016,-0.51,1.7,28.3
ATOM,1108.0,CB,ALA,74.0,2.641,-18.347,12.599,-0.27,2.06,12.7
ATOM,1109.0,H,ALA,74.0,2.441,-15.996,13.791,0.31,0.2245,0.0
ATOM,1110.0,HA,ALA,74.0,1.383,-17.164,11.416,0.09,1.32,10.7
ATOM,1111.0,HB1,ALA,74.0,2.803,-18.45,13.575,0.09,1.32,0.43
ATOM,1112.0,HB2,ALA,74.0,2.412,-19.225,12.193,0.09,1.32,9.07
ATOM,1113.0,HB3,ALA,74.0,3.443,-17.961,12.155,0.09,1.32,0.0
ATOM,1114.0,N,LYS,75.0,-0.265,-17.858,14.081,-0.47,1.85,0.0
ATOM,1115.0,CA,LYS,75.0,-1.445,-18.521,14.659,0.07,2.275,0.98
ATOM,1116.0,C,LYS,75.0,-2.676,-17.678,14.511,0.51,2.0,0.0
ATOM,1117.0,O,LYS,75.0,-3.746,-18.15,14.155,-0.51,1.7,27.13
ATOM,1118.0,CB,LYS,75.0,-1.244,-18.742,16.164,-0.18,2.175,1.28
ATOM,1119.0,CG,LYS,75.0,-0.518,-20.01,16.549,-0.18,2.175,9.35
ATOM,1120.0,CD,LYS,75.0,-0.283,-20.073,18.063,-0.18,2.175,3.51
ATOM,1121.0,CE,LYS,75.0,0.804,-21.097,18.404,0.21,2.175,16.46
ATOM,1122.0,NZ,LYS,75.0,1.197,-21.071,19.842,-0.3,1.85,12.26
ATOM,1123.0,H,LYS,75.0,0.342,-17.21,14.633,0.31,0.2245,0.0
ATOM,1124.0,HA,LYS,75.0,-1.579,-19.4,14.178,0.09,1.32,6.64
ATOM,1125.0,HB2,LYS,75.0,-0.727,-17.957,16.523,0.09,1.32,0.0
ATOM,1126.0,HB3,LYS,75.0,-2.153,-18.75,16.597,0.09,1.32,2.89
ATOM,1127.0,HG2,LYS,75.0,-1.064,-20.802,16.282,0.09,1.32,10.97
ATOM,1128.0,HG3,LYS,75.0,0.368,-20.041,16.091,0.09,1.32,2.15
ATOM,1129.0,HD2,LYS,75.0,0.013,-19.182,18.377,0.09,1.32,0.0
ATOM,1130.0,HD3,LYS,75.0,-1.124,-20.347,18.506,0.09,1.32,10.62
ATOM,1131.0,HE2,LYS,75.0,0.464,-22.015,18.171,0.05,1.32,11.24
ATOM,1132.0,HE3,LYS,75.0,1.614,-20.906,17.837,0.05,1.32,5.24
ATOM,1133.0,HZ1,LYS,75.0,1.209,-22.005,20.198,0.33,0.2245,20.59
ATOM,1134.0,HZ2,LYS,75.0,2.107,-20.667,19.929,0.33,0.2245,8.52
ATOM,1135.0,HZ3,LYS,75.0,0.536,-20.524,20.355,0.33,0.2245,9.57
ATOM,1136.0,N,HIS,76.0,-2.557,-16.41,14.83,-0.47,1.85,0.0
ATOM,1137.0,CA,HIS,76.0,-3.786,-15.64,14.853,0.07,2.275,0.03
ATOM,1138.0,C,HIS,76.0,-4.236,-15.133,13.483,0.51,2.0,0.07
ATOM,1139.0,O,HIS,76.0,-5.408,-14.8,13.281,-0.51,1.7,21.94
ATOM,1140.0,CB,HIS,76.0,-3.818,-14.66,16.041,-0.09,2.175,2.61
ATOM,1141.0,CG,HIS,76.0,-3.817,-15.371,17.369,-0.05,1.8,0.0
ATOM,1142.0,H,HIS,76.0,-1.639,-16.059,15.034,0.31,0.2245,0.0
ATOM,1143.0,HA,HIS,76.0,-4.53,-16.231,15.226,0.09,1.32,1.94
ATOM,1144.0,HB2,HIS,76.0,-3.013,-14.071,15.998,0.09,1.32,0.07
ATOM,1145.0,HB3,HIS,76.0,-4.646,-14.106,15.981,0.09,1.32,8.44
ATOM,1146.0,ND1,HIS,76.0,-4.944,-15.971,17.897,-0.36,1.85,5.76
ATOM,1147.0,CD2,HIS,76.0,-2.81,-15.641,18.238,0.22,1.8,0.0
ATOM,1148.0,CE1,HIS,76.0,-4.638,-16.549,19.047,0.25,1.8,17.31
ATOM,1149.0,NE2,HIS,76.0,-3.35,-16.363,19.277,-0.7,1.85,7.59
ATOM,1150.0,HD1,HIS,76.0,-5.849,-15.968,17.472,0.32,0.2245,17.92
ATOM,1151.0,HD2,HIS,76.0,-1.857,-15.367,18.143,0.1,1.468,0.0
ATOM,1152.0,HE1,HIS,76.0,-5.27,-17.039,19.639,0.13,0.9,16.85
ATOM,1153.0,N,GLY,77.0,-3.342,-15.173,12.509,-0.47,1.85,0.0
ATOM,1154.0,CA,GLY,77.0,-3.752,-14.802,11.157,-0.02,2.175,14.04
ATOM,1155.0,C,GLY,77.0,-4.227,-13.325,11.145,0.51,2.0,0.0
ATOM,1156.0,O,GLY,77.0,-3.882,-12.538,12.056,-0.51,1.7,3.17
ATOM,1157.0,H,GLY,77.0,-2.4,-15.467,12.768,0.31,0.2245,0.0
ATOM,1158.0,HA2,GLY,77.0,-2.983,-14.896,10.528,0.09,1.32,6.76
ATOM,1159.0,HA3,GLY,77.0,-4.505,-15.383,10.857,0.09,1.32,8.77
ATOM,1160.0,N,SER,78.0,-5.075,-12.966,10.169,-0.47,1.85,0.95
ATOM,1161.0,CA,SER,78.0,-5.56,-11.575,9.944,0.07,2.275,0.27
ATOM,1162.0,C,SER,78.0,-4.406,-10.578,9.925,0.51,2.0,0.0
ATOM,1163.0,O,SER,78.0,-4.59,-9.402,10.307,-0.51,1.7,0.0
ATOM,1164.0,CB,SER,78.0,-6.604,-11.117,10.944,0.05,2.175,4.96
ATOM,1165.0,OG,SER,78.0,-7.864,-11.641,10.605,-0.66,1.77,26.43
ATOM,1166.0,H,SER,78.0,-5.38,-13.763,9.557,0.31,0.2245,13.54
ATOM,1167.0,HA,SER,78.0,-6.008,-11.557,9.044,0.09,1.32,0.86
ATOM,1168.0,HB2,SER,78.0,-6.349,-11.439,11.85,0.09,1.32,4.64
ATOM,1169.0,HB3,SER,78.0,-6.65,-10.123,10.932,0.09,1.32,0.0
ATOM,1170.0,HG,SER,78.0,-7.752,-12.412,9.977,0.43,0.2245,14.95
ATOM,1171.0,N,ARG,79.0,-3.256,-11.083,9.508,-0.47,1.85,0.0
ATOM,1172.0,CA,ARG,79.0,-2.026,-10.285,9.324,0.07,2.275,0.0
ATOM,1173.0,C,ARG,79.0,-2.266,-8.922,8.654,0.51,2.0,0.0
ATOM,1174.0,O,ARG,79.0,-1.693,-7.896,9.065,-0.51,1.7,0.0
ATOM,1175.0,CB,ARG,79.0,-1.047,-11.064,8.428,-0.18,2.175,9.89
ATOM,1176.0,CG,ARG,79.0,-0.003,-10.204,7.654,-0.18,2.175,5.78
ATOM,1177.0,CD,ARG,79.0,1.033,-9.767,8.558,0.2,2.175,0.13
ATOM,1178.0,NE,ARG,79.0,2.134,-8.92,8.084,-0.7,1.85,0.0
ATOM,1179.0,CZ,ARG,79.0,2.171,-7.61,8.237,0.64,2.0,0.0
ATOM,1180.0,NH1,ARG,79.0,1.084,-6.943,8.673,-0.8,1.85,0.0
ATOM,1181.0,NH2,ARG,79.0,3.283,-6.971,7.94,-0.8,1.85,0.0
ATOM,1182.0,H,ARG,79.0,-3.282,-12.115,9.313,0.31,0.2245,1.66
ATOM,1183.0,HA,ARG,79.0,-1.611,-10.125,10.236,0.09,1.32,0.0
ATOM,1184.0,HB2,ARG,79.0,-0.535,-11.704,8.999,0.09,1.32,2.59
ATOM,1185.0,HB3,ARG,79.0,-1.574,-11.569,7.747,0.09,1.32,7.15
ATOM,1186.0,HG2,ARG,79.0,0.372,-10.774,6.931,0.09,1.32,6.64
ATOM,1187.0,HG3,ARG,79.0,-0.488,-9.427,7.268,0.09,1.32,0.0
ATOM,1188.0,HD2,ARG,79.0,0.596,-9.268,9.361,0.09,1.32,0.0
ATOM,1189.0,HD3,ARG,79.0,1.469,-10.602,9.005,0.09,1.32,1.08
ATOM,1190.0,HE,ARG,79.0,2.9,-9.371,7.617,0.44,0.2245,0.0
ATOM,1191.0,HH11,ARG,79.0,0.254,-7.437,8.901,0.46,0.2245,0.0
ATOM,1192.0,HH12,ARG,79.0,1.126,-5.948,8.764,0.46,0.2245,0.0
ATOM,1193.0,HH21,ARG,79.0,4.095,-7.462,7.623,0.46,0.2245,0.0
ATOM,1194.0,HH22,ARG,79.0,3.326,-5.967,8.032,0.46,0.2245,0.0
ATOM,1195.0,N,GLU,80.0,-3.11,-8.922,7.633,-0.47,1.85,0.0
ATOM,1196.0,CA,GLU,80.0,-3.296,-7.708,6.843,0.07,2.275,0.25
ATOM,1197.0,C,GLU,80.0,-3.872,-6.555,7.637,0.51,2.0,0.0
ATOM,1198.0,O,GLU,80.0,-3.664,-5.38,7.267,-0.51,1.7,17.04
ATOM,1199.0,CB,GLU,80.0,-4.172,-7.989,5.606,-0.18,2.175,14.15
ATOM,1200.0,CG,GLU,80.0,-5.645,-8.215,5.901,-0.28,2.175,17.59
ATOM,1201.0,CD,GLU,80.0,-5.997,-9.642,6.387,0.62,2.0,3.65
ATOM,1202.0,OE1,GLU,80.0,-5.124,-10.556,6.483,-0.76,1.7,17.62
ATOM,1203.0,OE2,GLU,80.0,-7.208,-9.832,6.685,-0.76,1.7,32.41
ATOM,1204.0,H,GLU,80.0,-3.598,-9.807,7.454,0.31,0.2245,0.0
ATOM,1205.0,HA,GLU,80.0,-2.402,-7.431,6.441,0.09,1.32,0.0
ATOM,1206.0,HB2,GLU,80.0,-4.1,-7.205,5.011,0.09,1.32,9.71
ATOM,1207.0,HB3,GLU,80.0,-3.821,-8.805,5.176,0.09,1.32,6.94
ATOM,1208.0,HG2,GLU,80.0,-5.923,-7.595,6.618,0.09,1.32,0.47
ATOM,1209.0,HG3,GLU,80.0,-6.163,-8.063,5.073,0.09,1.32,11.0
ATOM,1210.0,N,LYS,81.0,-4.546,-6.855,8.741,-0.47,1.85,0.0
ATOM,1211.0,CA,LYS,81.0,-5.1,-5.742,9.469,0.07,2.275,0.88
ATOM,1212.0,C,LYS,81.0,-4.084,-5.089,10.388,0.51,2.0,0.0
ATOM,1213.0,O,LYS,81.0,-4.288,-3.987,10.872,-0.51,1.7,7.05
ATOM,1214.0,CB,LYS,81.0,-6.367,-6.158,10.223,-0.18,2.175,9.02
ATOM,1215.0,CG,LYS,81.0,-6.17,-6.647,11.591,-0.18,2.175,0.07
ATOM,1216.0,CD,LYS,81.0,-7.558,-6.686,12.309,-0.18,2.175,8.11
ATOM,1217.0,CE,LYS,81.0,-7.525,-7.589,13.522,0.21,2.175,5.45
ATOM,1218.0,NZ,LYS,81.0,-8.917,-7.677,14.103,-0.3,1.85,13.62
ATOM,1219.0,H,LYS,81.0,-4.62,-7.826,8.986,0.31,0.2245,0.0
ATOM,1220.0,HA,LYS,81.0,-5.431,-5.044,8.809,0.09,1.32,8.21
ATOM,1221.0,HB2,LYS,81.0,-6.981,-5.353,10.237,0.09,1.32,9.47
ATOM,1222.0,HB3,LYS,81.0,-6.819,-6.875,9.668,0.09,1.32,2.68
ATOM,1223.0,HG2,LYS,81.0,-5.814,-7.571,11.597,0.09,1.32,0.0
ATOM,1224.0,HG3,LYS,81.0,-5.59,-6.038,12.113,0.09,1.32,0.03
ATOM,1225.0,HD2,LYS,81.0,-7.777,-5.762,12.59,0.09,1.32,9.92
ATOM,1226.0,HD3,LYS,81.0,-8.224,-7.028,11.66,0.09,1.32,7.8
ATOM,1227.0,HE2,LYS,81.0,-7.235,-8.497,13.255,0.05,1.32,0.56
ATOM,1228.0,HE3,LYS,81.0,-6.919,-7.208,14.206,0.05,1.32,0.19
ATOM,1229.0,HZ1,LYS,81.0,-8.846,-7.789,15.09,0.33,0.2245,6.31
ATOM,1230.0,HZ2,LYS,81.0,-9.408,-6.838,13.887,0.33,0.2245,15.3
ATOM,1231.0,HZ3,LYS,81.0,-9.383,-8.46,13.701,0.33,0.2245,17.81
ATOM,1232.0,N,LEU,82.0,-2.964,-5.753,10.578,-0.47,1.85,0.0
ATOM,1233.0,CA,LEU,82.0,-1.982,-5.202,11.51,0.07,2.275,0.0
ATOM,1234.0,C,LEU,82.0,-0.955,-4.32,10.821,0.51,2.0,0.0
ATOM,1235.0,O,LEU,82.0,-0.733,-4.457,9.616,-0.51,1.7,0.48
ATOM,1236.0,CB,LEU,82.0,-1.261,-6.334,12.218,-0.18,2.175,0.0
ATOM,1237.0,CG,LEU,82.0,-2.218,-7.223,13.002,-0.09,2.275,0.25
ATOM,1238.0,CD1,LEU,82.0,-1.458,-8.412,13.522,-0.27,2.06,0.43
ATOM,1239.0,CD2,LEU,82.0,-2.908,-6.448,14.132,-0.27,2.06,0.22
ATOM,1240.0,H,LEU,82.0,-2.846,-6.619,10.06,0.31,0.2245,0.0
ATOM,1241.0,HA,LEU,82.0,-2.474,-4.644,12.198,0.09,1.32,0.0
ATOM,1242.0,HB2,LEU,82.0,-0.824,-6.894,11.541,0.09,1.32,0.0
ATOM,1243.0,HB3,LEU,82.0,-0.626,-5.946,12.856,0.09,1.32,0.0
ATOM,1244.0,HG,LEU,82.0,-2.947,-7.525,12.397,0.09,1.32,0.0
ATOM,1245.0,HD11,LEU,82.0,-0.714,-8.108,14.122,0.09,1.32,0.0
ATOM,1246.0,HD12,LEU,82.0,-2.072,-9.011,14.042,0.09,1.32,1.76
ATOM,1247.0,HD13,LEU,82.0,-1.068,-8.931,12.757,0.09,1.32,0.0
ATOM,1248.0,HD21,LEU,82.0,-3.427,-5.689,13.741,0.09,1.32,0.0
ATOM,1249.0,HD22,LEU,82.0,-3.525,-7.062,14.622,0.09,1.32,0.22
ATOM,1250.0,HD23,LEU,82.0,-2.215,-6.095,14.759,0.09,1.32,0.0
ATOM,1251.0,N,ILE,83.0,-0.347,-3.412,11.585,-0.47,1.85,0.0
ATOM,1252.0,CA,ILE,83.0,0.745,-2.56,11.084,0.07,2.275,0.0
ATOM,1253.0,C,ILE,83.0,1.915,-2.97,11.926,0.51,2.0,0.0
ATOM,1254.0,O,ILE,83.0,2.021,-2.572,13.098,-0.51,1.7,0.0
ATOM,1255.0,CB,ILE,83.0,0.411,-1.09,11.304,-0.09,2.275,0.0
ATOM,1256.0,CG1,ILE,83.0,-0.818,-0.723,10.466,-0.18,2.175,4.63
ATOM,1257.0,CG2,ILE,83.0,1.605,-0.207,10.887,-0.27,2.06,0.11
ATOM,1258.0,CD1,ILE,83.0,-1.369,0.72,10.664,-0.27,2.06,0.38
ATOM,1259.0,H,ILE,83.0,-0.706,-3.355,12.561,0.31,0.2245,0.0
ATOM,1260.0,HA,ILE,83.0,0.921,-2.864,10.169,0.09,1.32,0.0
ATOM,1261.0,HB,ILE,83.0,0.177,-0.96,12.258,0.09,1.32,0.0
ATOM,1262.0,HG12,ILE,83.0,-0.594,-0.834,9.495,0.09,1.32,0.0
ATOM,1263.0,HG13,ILE,83.0,-1.56,-1.362,10.687,0.09,1.32,0.0
ATOM,1264.0,HG21,ILE,83.0,1.369,0.748,11.039,0.09,1.32,0.0
ATOM,1265.0,HG22,ILE,83.0,2.397,-0.453,11.437,0.09,1.32,0.0
ATOM,1266.0,HG23,ILE,83.0,1.799,-0.36,9.923,0.09,1.32,0.0
ATOM,1267.0,HD11,ILE,83.0,-0.652,1.361,10.421,0.09,1.32,0.0
ATOM,1268.0,HD12,ILE,83.0,-2.157,0.834,10.072,0.09,1.32,2.74
ATOM,1269.0,HD13,ILE,83.0,-1.626,0.825,11.616,0.09,1.32,0.0
ATOM,1270.0,N,ILE,84.0,2.758,-3.805,11.333,-0.47,1.85,0.0
ATOM,1271.0,CA,ILE,84.0,3.927,-4.368,12.004,0.07,2.275,0.0
ATOM,1272.0,C,ILE,84.0,5.089,-3.444,11.655,0.51,2.0,0.0
ATOM,1273.0,O,ILE,84.0,5.393,-3.226,10.48,-0.51,1.7,0.0
ATOM,1274.0,CB,ILE,84.0,4.175,-5.806,11.549,-0.09,2.275,0.0
ATOM,1275.0,CG1,ILE,84.0,2.948,-6.716,11.824,-0.18,2.175,0.0
ATOM,1276.0,CG2,ILE,84.0,5.483,-6.342,12.249,-0.27,2.06,0.0
ATOM,1277.0,CD1,ILE,84.0,2.549,-6.783,13.29,-0.27,2.06,0.0
ATOM,1278.0,H,ILE,84.0,2.514,-4.028,10.338,0.31,0.2245,0.0
ATOM,1279.0,HA,ILE,84.0,3.768,-4.268,12.973,0.09,1.32,0.0
ATOM,1280.0,HB,ILE,84.0,4.327,-5.805,10.562,0.09,1.32,0.0
ATOM,1281.0,HG12,ILE,84.0,2.182,-6.368,11.292,0.09,1.32,0.0
ATOM,1282.0,HG13,ILE,84.0,3.174,-7.634,11.509,0.09,1.32,0.0
ATOM,1283.0,HG21,ILE,84.0,5.67,-7.247,11.896,0.09,1.32,0.0
ATOM,1284.0,HG22,ILE,84.0,6.222,-5.72,12.034,0.09,1.32,0.0
ATOM,1285.0,HG23,ILE,84.0,5.318,-6.371,13.224,0.09,1.32,0.0
ATOM,1286.0,HD11,ILE,84.0,2.318,-5.866,13.609,0.09,1.32,0.0
ATOM,1287.0,HD12,ILE,84.0,1.758,-7.383,13.387,0.09,1.32,0.0
ATOM,1288.0,HD13,ILE,84.0,3.313,-7.143,13.821,0.09,1.32,0.0
ATOM,1289.0,N,ALA,85.0,5.666,-2.834,12.688,-0.47,1.85,0.0
ATOM,1290.0,CA,ALA,85.0,6.724,-1.861,12.484,0.07,2.275,0.0
ATOM,1291.0,C,ALA,85.0,7.956,-2.465,13.118,0.51,2.0,0.0
ATOM,1292.0,O,ALA,85.0,7.897,-2.916,14.256,-0.51,1.7,0.0
ATOM,1293.0,CB,ALA,85.0,6.327,-0.559,13.215,-0.27,2.06,0.0
ATOM,1294.0,H,ALA,85.0,5.303,-3.108,13.617,0.31,0.2245,0.0
ATOM,1295.0,HA,ALA,85.0,6.881,-1.75,11.514,0.09,1.32,0.0
ATOM,1296.0,HB1,ALA,85.0,5.525,-0.171,12.77,0.09,1.32,0.0
ATOM,1297.0,HB2,ALA,85.0,6.12,-0.773,14.165,0.09,1.32,0.0
ATOM,1298.0,HB3,ALA,85.0,7.087,0.082,13.168,0.09,1.32,0.0
ATOM,1299.0,N,SER,86.0,9.058,-2.541,12.378,-0.47,1.85,0.0
ATOM,1300.0,CA,SER,86.0,10.303,-3.019,12.997,0.07,2.275,0.0
ATOM,1301.0,C,SER,86.0,11.396,-1.996,12.725,0.51,2.0,0.0
ATOM,1302.0,O,SER,86.0,11.112,-0.887,12.235,-0.51,1.7,0.0
ATOM,1303.0,CB,SER,86.0,10.724,-4.427,12.554,0.05,2.175,0.0
ATOM,1304.0,OG,SER,86.0,11.799,-4.878,13.427,-0.66,1.77,0.0
ATOM,1305.0,H,SER,86.0,8.971,-2.257,11.404,0.31,0.2245,0.0
ATOM,1306.0,HA,SER,86.0,10.158,-3.066,13.981,0.09,1.32,0.0
ATOM,1307.0,HB2,SER,86.0,9.968,-5.041,12.654,0.09,1.32,0.0
ATOM,1308.0,HB3,SER,86.0,11.067,-4.391,11.637,0.09,1.32,0.0
ATOM,1309.0,HG,SER,86.0,11.893,-5.861,13.326,0.43,0.2245,0.0
ATOM,1310.0,N,LYS,87.0,12.622,-2.355,13.084,-0.47,1.85,0.0
ATOM,1311.0,CA,LYS,87.0,13.748,-1.406,13.0,0.07,2.275,0.0
ATOM,1312.0,C,LYS,87.0,15.034,-2.137,12.668,0.51,2.0,0.0
ATOM,1313.0,O,LYS,87.0,15.234,-3.3,13.063,-0.51,1.7,0.0
ATOM,1314.0,CB,LYS,87.0,13.973,-0.759,14.37,-0.18,2.175,0.0
ATOM,1315.0,CG,LYS,87.0,12.686,-0.28,15.029,-0.18,2.175,0.0
ATOM,1316.0,CD,LYS,87.0,13.051,0.576,16.287,-0.18,2.175,0.0
ATOM,1317.0,CE,LYS,87.0,11.863,0.983,17.147,0.21,2.175,0.0
ATOM,1318.0,NZ,LYS,87.0,11.245,-0.183,17.877,-0.3,1.85,0.0
ATOM,1319.0,H,LYS,87.0,12.723,-3.326,13.418,0.31,0.2245,0.0
ATOM,1320.0,HA,LYS,87.0,13.549,-0.741,12.273,0.09,1.32,0.0
ATOM,1321.0,HB2,LYS,87.0,14.399,-1.432,14.966,0.09,1.32,0.0
ATOM,1322.0,HB3,LYS,87.0,14.574,0.025,14.249,0.09,1.32,0.0
ATOM,1323.0,HG2,LYS,87.0,12.184,0.295,14.407,0.09,1.32,0.0
ATOM,1324.0,HG3,LYS,87.0,12.155,-1.052,15.33,0.09,1.32,0.0
ATOM,1325.0,HD2,LYS,87.0,13.689,0.037,16.844,0.09,1.32,0.0
ATOM,1326.0,HD3,LYS,87.0,13.52,1.403,15.965,0.09,1.32,0.0
ATOM,1327.0,HE2,LYS,87.0,12.164,1.662,17.824,0.05,1.32,1.45
ATOM,1328.0,HE3,LYS,87.0,11.161,1.403,16.562,0.05,1.32,0.0
ATOM,1329.0,HZ1,LYS,87.0,10.476,0.147,18.418,0.33,0.2245,0.0
ATOM,1330.0,HZ2,LYS,87.0,10.931,-0.852,17.208,0.33,0.2245,0.0
ATOM,1331.0,HZ3,LYS,87.0,11.932,-0.591,18.472,0.33,0.2245,0.0
ATOM,1332.0,N,VAL,88.0,15.892,-1.425,11.955,-0.47,1.85,0.0
ATOM,1333.0,CA,VAL,88.0,17.277,-1.838,11.74,0.07,2.275,0.0
ATOM,1334.0,C,VAL,88.0,18.149,-1.01,12.678,0.51,2.0,0.0
ATOM,1335.0,O,VAL,88.0,18.027,0.215,12.752,-0.51,1.7,0.0
ATOM,1336.0,CB,VAL,88.0,17.712,-1.64,10.272,-0.09,2.275,0.0
ATOM,1337.0,CG1,VAL,88.0,17.439,-0.213,9.734,-0.27,2.06,0.0
ATOM,1338.0,CG2,VAL,88.0,19.2,-1.988,10.104,-0.27,2.06,0.0
ATOM,1339.0,H,VAL,88.0,15.497,-0.541,11.557,0.31,0.2245,0.0
ATOM,1340.0,HA,VAL,88.0,17.363,-2.792,12.001,0.09,1.32,0.0
ATOM,1341.0,HB,VAL,88.0,17.169,-2.263,9.702,0.09,1.32,0.0
ATOM,1342.0,HG11,VAL,88.0,17.579,-0.21,8.748,0.09,1.32,0.0
ATOM,1343.0,HG12,VAL,88.0,16.499,0.036,9.948,0.09,1.32,0.0
ATOM,1344.0,HG13,VAL,88.0,18.07,0.421,10.172,0.09,1.32,0.0
ATOM,1345.0,HG21,VAL,88.0,19.618,-2.059,11.007,0.09,1.32,0.0
ATOM,1346.0,HG22,VAL,88.0,19.275,-2.858,9.622,0.09,1.32,0.0
ATOM,1347.0,HG23,VAL,88.0,19.643,-1.266,9.578,0.09,1.32,0.0
ATOM,1348.0,N,SER,89.0,19.058,-1.69,13.385,-0.47,1.85,0.0
ATOM,1349.0,CA,SER,89.0,19.944,-0.991,14.337,0.07,2.275,0.0
ATOM,1350.0,C,SER,89.0,20.866,-0.004,13.646,0.51,2.0,0.0
ATOM,1351.0,O,SER,89.0,21.33,-0.257,12.515,-0.51,1.7,0.0
ATOM,1352.0,CB,SER,89.0,20.839,-1.998,15.051,0.05,2.175,0.0
ATOM,1353.0,OG,SER,89.0,20.065,-2.957,15.786,-0.66,1.77,0.0
ATOM,1354.0,H,SER,89.0,19.087,-2.702,13.216,0.31,0.2245,0.0
ATOM,1355.0,HA,SER,89.0,19.355,-0.478,14.979,0.09,1.32,0.0
ATOM,1356.0,HB2,SER,89.0,21.387,-2.485,14.378,0.09,1.32,0.0
ATOM,1357.0,HB3,SER,89.0,21.43,-1.515,15.69,0.09,1.32,0.0
ATOM,1358.0,HG,SER,89.0,20.624,-3.33,16.522,0.43,0.2245,1.32
ATOM,1359.0,N,GLY,90.0,21.142,1.104,14.337,-0.47,1.85,0.0
ATOM,1360.0,CA,GLY,90.0,22.221,2.022,13.943,-0.02,2.175,0.0
ATOM,1361.0,C,GLY,90.0,23.555,1.374,14.356,0.51,2.0,0.0
ATOM,1362.0,O,GLY,90.0,23.611,0.225,14.817,-0.51,1.7,0.0
ATOM,1363.0,H,GLY,90.0,20.538,1.261,15.167,0.31,0.2245,0.0
ATOM,1364.0,HA2,GLY,90.0,22.21,2.151,12.962,0.09,1.32,0.0
ATOM,1365.0,HA3,GLY,90.0,22.116,2.885,14.416,0.09,1.32,0.0
ATOM,1366.0,N,PRO,91.0,24.638,2.109,14.167,-0.29,1.85,0.0
ATOM,1367.0,CA,PRO,91.0,25.964,1.616,14.569,0.02,2.275,0.0
ATOM,1368.0,C,PRO,91.0,25.958,1.241,16.028,0.51,2.0,0.0
ATOM,1369.0,O,PRO,91.0,25.285,1.858,16.852,-0.51,1.7,0.13
ATOM,1370.0,CB,PRO,91.0,26.872,2.848,14.401,-0.18,2.175,13.18
ATOM,1371.0,CG,PRO,91.0,26.114,3.78,13.515,-0.18,2.175,2.38
ATOM,1372.0,CD,PRO,91.0,24.637,3.473,13.621,0.0,2.175,0.0
ATOM,1373.0,HA,PRO,91.0,26.24,0.841,13.992,0.09,1.32,0.0
ATOM,1374.0,HB2,PRO,91.0,27.058,3.27,15.295,0.09,1.32,5.76
ATOM,1375.0,HB3,PRO,91.0,27.747,2.584,13.984,0.09,1.32,6.16
ATOM,1376.0,HG2,PRO,91.0,26.295,4.748,13.781,0.09,1.32,1.4
ATOM,1377.0,HG3,PRO,91.0,26.427,3.684,12.549,0.09,1.32,0.0
ATOM,1378.0,HD2,PRO,91.0,24.181,4.103,14.242,0.09,1.32,0.0
ATOM,1379.0,HD3,PRO,91.0,24.197,3.497,12.727,0.09,1.32,0.0
ATOM,1380.0,N,SER,92.0,26.737,0.221,16.38,-0.47,1.85,0.8
ATOM,1381.0,CA,SER,92.0,26.711,-0.227,17.771,0.07,2.275,0.14
ATOM,1382.0,C,SER,92.0,27.035,0.906,18.711,0.51,2.0,0.31
ATOM,1383.0,O,SER,92.0,27.922,1.741,18.468,-0.51,1.7,22.33
ATOM,1384.0,CB,SER,92.0,27.702,-1.384,17.957,0.05,2.175,15.9
ATOM,1385.0,OG,SER,92.0,27.314,-2.414,17.072,-0.66,1.77,2.67
ATOM,1386.0,H,SER,92.0,27.309,-0.187,15.648,0.31,0.2245,2.9
ATOM,1387.0,HA,SER,92.0,25.777,-0.549,17.973,0.09,1.32,1.5
ATOM,1388.0,HB2,SER,92.0,28.601,-1.071,17.723,0.09,1.32,9.23
ATOM,1389.0,HB3,SER,92.0,27.642,-1.705,18.882,0.09,1.32,0.0
ATOM,1390.0,HG,SER,92.0,26.591,-2.082,16.467,0.43,0.2245,0.0
ATOM,1391.0,N,ARG,93.0,26.318,0.92,19.824,-0.47,1.85,0.23
ATOM,1392.0,CA,ARG,93.0,26.447,2.026,20.76,0.07,2.275,1.9
ATOM,1393.0,C,ARG,93.0,26.307,1.578,22.219,0.51,2.0,0.0
ATOM,1394.0,O,ARG,93.0,25.95,0.434,22.506,-0.51,1.7,0.0
ATOM,1395.0,CB,ARG,93.0,25.343,3.051,20.45,-0.18,2.175,9.54
ATOM,1396.0,CG,ARG,93.0,23.926,2.513,20.531,-0.18,2.175,1.99
ATOM,1397.0,CD,ARG,93.0,22.89,3.63,20.478,0.2,2.175,0.81
ATOM,1398.0,NE,ARG,93.0,23.032,4.52,21.649,-0.7,1.85,0.0
ATOM,1399.0,CZ,ARG,93.0,22.412,4.305,22.825,0.64,2.0,0.0
ATOM,1400.0,NH1,ARG,93.0,21.588,3.274,22.987,-0.8,1.85,3.93
ATOM,1401.0,NH2,ARG,93.0,22.592,5.152,23.846,-0.8,1.85,2.02
ATOM,1402.0,H,ARG,93.0,25.691,0.116,19.961,0.31,0.2245,2.26
ATOM,1403.0,HA,ARG,93.0,27.36,2.449,20.645,0.09,1.32,6.21
ATOM,1404.0,HB2,ARG,93.0,25.43,3.802,21.103,0.09,1.32,1.6
ATOM,1405.0,HB3,ARG,93.0,25.494,3.394,19.524,0.09,1.32,3.38
ATOM,1406.0,HG2,ARG,93.0,23.757,1.898,19.763,0.09,1.32,0.0
ATOM,1407.0,HG3,ARG,93.0,23.804,2.021,21.391,0.09,1.32,0.0
ATOM,1408.0,HD2,ARG,93.0,23.038,4.154,19.654,0.09,1.32,0.83
ATOM,1409.0,HD3,ARG,93.0,21.991,3.221,20.491,0.09,1.32,0.0
ATOM,1410.0,HE,ARG,93.0,23.617,5.321,21.564,0.44,0.2245,10.14
ATOM,1411.0,HH11,ARG,93.0,21.434,2.631,22.239,0.46,0.2245,4.94
ATOM,1412.0,HH12,ARG,93.0,21.121,3.141,23.863,0.46,0.2245,11.46
ATOM,1413.0,HH21,ARG,93.0,23.209,5.932,23.723,0.46,0.2245,11.74
ATOM,1414.0,HH22,ARG,93.0,22.122,5.005,24.706,0.46,0.2245,9.33
ATOM,1415.0,N,ASN,94.0,26.629,2.496,23.131,-0.47,1.85,0.15
ATOM,1416.0,CA,ASN,94.0,26.397,2.315,24.567,0.07,2.275,2.73
ATOM,1417.0,C,ASN,94.0,27.088,1.085,25.137,0.51,2.0,0.0
ATOM,1418.0,O,ASN,94.0,26.602,0.489,26.094,-0.51,1.7,0.0
ATOM,1419.0,CB,ASN,94.0,24.884,2.229,24.839,-0.18,2.175,0.0
ATOM,1420.0,CG,ASN,94.0,24.538,2.395,26.304,0.55,2.0,0.05
ATOM,1421.0,H,ASN,94.0,27.064,3.361,22.733,0.31,0.2245,13.1
ATOM,1422.0,HA,ASN,94.0,26.795,3.123,25.033,0.09,1.32,4.89
ATOM,1423.0,HB2,ASN,94.0,24.434,2.95,24.319,0.09,1.32,0.0
ATOM,1424.0,HB3,ASN,94.0,24.565,1.336,24.532,0.09,1.32,0.0
ATOM,1425.0,OD1,ASN,94.0,23.688,1.692,26.841,-0.55,1.7,15.5
ATOM,1426.0,ND2,ASN,94.0,25.197,3.32,26.955,-0.62,1.85,14.86
ATOM,1427.0,HD22,ASN,94.0,25.886,3.884,26.491,0.3,0.2245,10.93
ATOM,1428.0,HD21,ASN,94.0,25.02,3.479,27.933,0.32,0.2245,18.97
ATOM,1429.0,N,ASN,95.0,28.21,0.71,24.525,-0.47,1.85,0.33
ATOM,1430.0,CA,ASN,95.0,28.946,-0.49,24.919,0.07,2.275,3.23
ATOM,1431.0,C,ASN,95.0,28.154,-1.774,24.707,0.51,2.0,0.18
ATOM,1432.0,O,ASN,95.0,28.518,-2.873,25.2,-0.51,1.7,18.99
ATOM,1433.0,CB,ASN,95.0,29.427,-0.355,26.361,-0.18,2.175,8.71
ATOM,1434.0,CG,ASN,95.0,30.455,0.771,26.52,0.55,2.0,2.05
ATOM,1435.0,H,ASN,95.0,28.513,1.337,23.752,0.31,0.2245,7.65
ATOM,1436.0,HA,ASN,95.0,29.764,-0.545,24.322,0.09,1.32,6.11
ATOM,1437.0,HB2,ASN,95.0,28.649,-0.148,26.94,0.09,1.32,0.0
ATOM,1438.0,HB3,ASN,95.0,29.855,-1.207,26.637,0.09,1.32,7.94
ATOM,1439.0,OD1,ASN,95.0,30.272,1.702,27.308,-0.55,1.7,35.49
ATOM,1440.0,ND2,ASN,95.0,31.535,0.674,25.775,-0.62,1.85,24.04
ATOM,1441.0,HD22,ASN,95.0,31.654,-0.095,25.144,0.3,0.2245,13.16
ATOM,1442.0,HD21,ASN,95.0,32.254,1.375,25.832,0.32,0.2245,21.64
ATOM,1443.0,N,ASP,96.0,27.069,-1.674,23.958,-0.47,1.85,0.0
ATOM,1444.0,CA,ASP,96.0,26.314,-2.89,23.702,0.07,2.275,0.08
ATOM,1445.0,C,ASP,96.0,26.984,-3.657,22.544,0.51,2.0,0.04
ATOM,1446.0,O,ASP,96.0,27.685,-3.082,21.695,-0.51,1.7,9.71
ATOM,1447.0,CB,ASP,96.0,24.826,-2.615,23.432,-0.28,2.175,6.08
ATOM,1448.0,CG,ASP,96.0,24.135,-1.882,24.589,0.62,2.0,0.0
ATOM,1449.0,OD1,ASP,96.0,24.425,-2.162,25.797,-0.76,1.7,6.26
ATOM,1450.0,OD2,ASP,96.0,23.249,-1.028,24.369,-0.76,1.7,8.22
ATOM,1451.0,H,ASP,96.0,26.833,-0.754,23.61,0.31,0.2245,0.0
ATOM,1452.0,HA,ASP,96.0,26.39,-3.471,24.51,0.09,1.32,3.45
ATOM,1453.0,HB2,ASP,96.0,24.759,-2.051,22.619,0.09,1.32,1.98
ATOM,1454.0,HB3,ASP,96.0,24.371,-3.485,23.295,0.09,1.32,1.7
ATOM,1455.0,N,LYS,97.0,26.785,-4.967,22.548,-0.47,1.85,0.0
ATOM,1456.0,CA,LYS,97.0,27.339,-5.847,21.536,0.07,2.275,0.12
ATOM,1457.0,C,LYS,97.0,26.597,-5.659,20.223,0.51,2.0,0.0
ATOM,1458.0,O,LYS,97.0,25.368,-5.53,20.206,-0.51,1.7,16.41
ATOM,1459.0,CB,LYS,97.0,27.249,-7.312,22.007,-0.18,2.175,0.81
ATOM,1460.0,CG,LYS,97.0,28.585,-7.888,22.515,-0.18,2.175,9.7
ATOM,1461.0,CD,LYS,97.0,28.898,-7.593,23.978,-0.18,2.175,9.08
ATOM,1462.0,CE,LYS,97.0,30.384,-7.84,24.259,0.21,2.175,16.34
ATOM,1463.0,NZ,LYS,97.0,30.689,-8.114,25.682,-0.3,1.85,13.57
ATOM,1464.0,H,LYS,97.0,26.195,-5.31,23.343,0.31,0.2245,5.04
ATOM,1465.0,HA,LYS,97.0,28.307,-5.618,21.395,0.09,1.32,3.97
ATOM,1466.0,HB2,LYS,97.0,26.591,-7.361,22.75,0.09,1.32,0.53
ATOM,1467.0,HB3,LYS,97.0,26.946,-7.868,21.24,0.09,1.32,0.4
ATOM,1468.0,HG2,LYS,97.0,28.569,-8.892,22.381,0.09,1.32,5.24
ATOM,1469.0,HG3,LYS,97.0,29.331,-7.516,21.941,0.09,1.32,6.24
ATOM,1470.0,HD2,LYS,97.0,28.698,-6.645,24.166,0.09,1.32,0.0
ATOM,1471.0,HD3,LYS,97.0,28.367,-8.197,24.551,0.09,1.32,4.39
ATOM,1472.0,HE2,LYS,97.0,30.688,-8.623,23.694,0.05,1.32,9.23
ATOM,1473.0,HE3,LYS,97.0,30.904,-7.026,23.956,0.05,1.32,12.14
ATOM,1474.0,HZ1,LYS,97.0,30.968,-7.266,26.135,0.33,0.2245,19.95
ATOM,1475.0,HZ2,LYS,97.0,29.875,-8.48,26.135,0.33,0.2245,15.59
ATOM,1476.0,HZ3,LYS,97.0,31.432,-8.782,25.743,0.33,0.2245,20.44
ATOM,1477.0,N,GLY,98.0,27.311,-5.667,19.107,-0.47,1.85,0.75
ATOM,1478.0,CA,GLY,98.0,26.612,-5.515,17.839,-0.02,2.175,3.51
ATOM,1479.0,C,GLY,98.0,25.889,-6.802,17.442,0.51,2.0,0.56
ATOM,1480.0,O,GLY,98.0,26.064,-7.876,18.026,-0.51,1.7,17.76
ATOM,1481.0,H,GLY,98.0,28.316,-5.78,19.209,0.31,0.2245,13.96
ATOM,1482.0,HA2,GLY,98.0,25.939,-4.768,17.912,0.09,1.32,0.54
ATOM,1483.0,HA3,GLY,98.0,27.272,-5.271,17.116,0.09,1.32,2.11
ATOM,1484.0,N,ILE,99.0,25.035,-6.68,16.448,-0.47,1.85,0.0
ATOM,1485.0,CA,ILE,99.0,24.398,-7.84,15.845,0.07,2.275,0.09
ATOM,1486.0,C,ILE,99.0,25.245,-8.313,14.661,0.51,2.0,0.78
ATOM,1487.0,O,ILE,99.0,25.377,-9.536,14.392,-0.51,1.7,26.3
ATOM,1488.0,CB,ILE,99.0,22.992,-7.448,15.395,-0.09,2.275,0.0
ATOM,1489.0,CG1,ILE,99.0,22.165,-7.123,16.636,-0.18,2.175,4.47
ATOM,1490.0,CG2,ILE,99.0,22.338,-8.58,14.561,-0.27,2.06,12.35
ATOM,1491.0,CD1,ILE,99.0,20.695,-6.659,16.323,-0.27,2.06,0.0
ATOM,1492.0,H,ILE,99.0,24.857,-5.704,16.135,0.31,0.2245,0.0
ATOM,1493.0,HA,ILE,99.0,24.432,-8.569,16.525,0.09,1.32,4.87
ATOM,1494.0,HB,ILE,99.0,23.058,-6.629,14.848,0.09,1.32,0.0
ATOM,1495.0,HG12,ILE,99.0,22.105,-7.928,17.216,0.09,1.32,1.03
ATOM,1496.0,HG13,ILE,99.0,22.604,-6.386,17.14,0.09,1.32,1.84
ATOM,1497.0,HG21,ILE,99.0,21.433,-8.285,14.276,0.09,1.32,0.02
ATOM,1498.0,HG22,ILE,99.0,22.906,-8.76,13.766,0.09,1.32,0.05
ATOM,1499.0,HG23,ILE,99.0,22.271,-9.395,15.126,0.09,1.32,1.26
ATOM,1500.0,HD11,ILE,99.0,20.244,-7.393,15.837,0.09,1.32,0.0
ATOM,1501.0,HD12,ILE,99.0,20.247,-6.474,17.186,0.09,1.32,0.0
ATOM,1502.0,HD13,ILE,99.0,20.749,-5.842,15.767,0.09,1.32,0.0
ATOM,1503.0,N,ARG,100.0,25.794,-7.358,13.919,-0.47,1.85,0.0
ATOM,1504.0,CA,ARG,100.0,26.649,-7.663,12.763,0.07,2.275,0.72
ATOM,1505.0,C,ARG,100.0,28.009,-6.971,12.933,0.51,2.0,1.85
ATOM,1506.0,O,ARG,100.0,28.148,-5.964,13.626,-0.51,1.7,3.96
ATOM,1507.0,CB,ARG,100.0,25.983,-7.197,11.456,-0.18,2.175,0.0
ATOM,1508.0,CG,ARG,100.0,24.65,-7.914,11.099,-0.18,2.175,1.45
ATOM,1509.0,CD,ARG,100.0,23.914,-7.189,9.97,0.2,2.175,0.0
ATOM,1510.0,NE,ARG,100.0,23.422,-5.876,10.44,-0.7,1.85,0.0
ATOM,1511.0,CZ,ARG,100.0,22.316,-5.762,11.187,0.64,2.0,0.0
ATOM,1512.0,NH1,ARG,100.0,21.633,-6.853,11.509,-0.8,1.85,0.75
ATOM,1513.0,NH2,ARG,100.0,21.901,-4.564,11.611,-0.8,1.85,0.0
ATOM,1514.0,H,ARG,100.0,25.572,-6.388,14.219,0.31,0.2245,0.0
ATOM,1515.0,HA,ARG,100.0,26.797,-8.65,12.722,0.09,1.32,0.43
ATOM,1516.0,HB2,ARG,100.0,25.784,-6.224,11.532,0.09,1.32,0.0
ATOM,1517.0,HB3,ARG,100.0,26.616,-7.358,10.704,0.09,1.32,2.29
ATOM,1518.0,HG2,ARG,100.0,24.854,-8.837,10.801,0.09,1.32,1.04
ATOM,1519.0,HG3,ARG,100.0,24.067,-7.921,11.9,0.09,1.32,0.0
ATOM,1520.0,HD2,ARG,100.0,24.547,-7.05,9.227,0.09,1.32,1.32
ATOM,1521.0,HD3,ARG,100.0,23.145,-7.744,9.697,0.09,1.32,0.0
ATOM,1522.0,HE,ARG,100.0,23.925,-5.066,10.194,0.44,0.2245,0.0
ATOM,1523.0,HH11,ARG,100.0,21.93,-7.759,11.228,0.46,0.2245,0.75
ATOM,1524.0,HH12,ARG,100.0,20.787,-6.762,12.057,0.46,0.2245,0.0
ATOM,1525.0,HH21,ARG,100.0,22.446,-3.755,11.374,0.46,0.2245,0.0
ATOM,1526.0,HH22,ARG,100.0,21.074,-4.481,12.148,0.46,0.2245,0.0
ATOM,1527.0,N,PRO,101.0,29.046,-7.53,12.313,-0.29,1.85,0.93
ATOM,1528.0,CA,PRO,101.0,30.382,-6.916,12.333,0.02,2.275,4.39
ATOM,1529.0,C,PRO,101.0,30.351,-5.55,11.682,0.51,2.0,0.0
ATOM,1530.0,O,PRO,101.0,29.71,-5.436,10.631,-0.51,1.7,8.17
ATOM,1531.0,CB,PRO,101.0,31.224,-7.832,11.41,-0.18,2.175,13.93
ATOM,1532.0,CG,PRO,101.0,30.399,-9.029,11.081,-0.18,2.175,20.2
ATOM,1533.0,CD,PRO,101.0,28.975,-8.788,11.548,0.0,2.175,13.3
ATOM,1534.0,HA,PRO,101.0,30.731,-6.862,13.275,0.09,1.32,8.4
ATOM,1535.0,HB2,PRO,101.0,31.486,-7.327,10.569,0.09,1.32,6.55
ATOM,1536.0,HB3,PRO,101.0,32.083,-8.098,11.878,0.09,1.32,12.39
ATOM,1537.0,HG2,PRO,101.0,30.414,-9.209,10.079,0.09,1.32,12.4
ATOM,1538.0,HG3,PRO,101.0,30.78,-9.859,11.531,0.09,1.32,12.52
ATOM,1539.0,HD2,PRO,101.0,28.351,-8.693,10.769,0.09,1.32,3.41
ATOM,1540.0,HD3,PRO,101.0,28.654,-9.539,12.132,0.09,1.32,8.34
ATOM,1541.0,N,ASP,102.0,30.982,-4.562,12.323,-0.47,1.85,0.0
ATOM,1542.0,CA,ASP,102.0,31.097,-3.191,11.812,0.07,2.275,2.52
ATOM,1543.0,C,ASP,102.0,29.762,-2.702,11.24,0.51,2.0,0.48
ATOM,1544.0,O,ASP,102.0,29.601,-2.291,10.098,-0.51,1.7,8.65
ATOM,1545.0,CB,ASP,102.0,32.265,-3.075,10.837,-0.28,2.175,14.83
ATOM,1546.0,CG,ASP,102.0,33.613,-3.299,11.53,0.62,2.0,5.25
ATOM,1547.0,OD1,ASP,102.0,33.645,-4.025,12.556,-0.76,1.7,28.54
ATOM,1548.0,OD2,ASP,102.0,34.682,-2.782,11.14,-0.76,1.7,48.23
ATOM,1549.0,H,ASP,102.0,31.399,-4.855,13.245,0.31,0.2245,8.74
ATOM,1550.0,HA,ASP,102.0,31.314,-2.6,12.596,0.09,1.32,9.94
ATOM,1551.0,HB2,ASP,102.0,32.157,-3.764,10.136,0.09,1.32,6.0
ATOM,1552.0,HB3,ASP,102.0,32.261,-2.166,10.45,0.09,1.32,9.15
ATOM,1553.0,N,GLN,103.0,28.805,-2.841,12.11,-0.47,1.85,0.65
ATOM,1554.0,CA,GLN,103.0,27.428,-2.534,11.825,0.07,2.275,0.0
ATOM,1555.0,C,GLN,103.0,27.273,-1.053,11.468,0.51,2.0,0.0
ATOM,1556.0,O,GLN,103.0,27.8,-0.159,12.142,-0.51,1.7,7.13
ATOM,1557.0,CB,GLN,103.0,26.738,-2.909,13.125,-0.18,2.175,0.0
ATOM,1558.0,CG,GLN,103.0,25.337,-2.607,13.309,-0.18,2.175,0.0
ATOM,1559.0,CD,GLN,103.0,24.812,-3.337,14.513,0.55,2.0,0.0
ATOM,1560.0,H,GLN,103.0,29.122,-3.201,13.052,0.31,0.2245,3.54
ATOM,1561.0,HA,GLN,103.0,27.139,-3.067,11.022,0.09,1.32,0.0
ATOM,1562.0,HB2,GLN,103.0,26.886,-3.926,13.264,0.09,1.32,0.0
ATOM,1563.0,HB3,GLN,103.0,27.282,-2.472,13.894,0.09,1.32,0.06
ATOM,1564.0,HG2,GLN,103.0,25.204,-1.63,13.462,0.09,1.32,0.0
ATOM,1565.0,HG3,GLN,103.0,24.806,-2.9,12.516,0.09,1.32,0.0
ATOM,1566.0,OE1,GLN,103.0,24.982,-4.563,14.634,-0.55,1.7,0.0
ATOM,1567.0,NE2,GLN,103.0,24.187,-2.6,15.433,-0.62,1.85,0.0
ATOM,1568.0,HE21,GLN,103.0,23.793,-3.026,16.268,0.32,0.2245,3.71
ATOM,1569.0,HE22,GLN,103.0,24.111,-1.595,15.284,0.3,0.2245,0.0
ATOM,1570.0,N,ALA,104.0,26.575,-0.826,10.346,-0.47,1.85,0.0
ATOM,1571.0,CA,ALA,104.0,26.321,0.512,9.821,0.07,2.275,0.0
ATOM,1572.0,C,ALA,104.0,24.976,0.511,9.089,0.51,2.0,0.0
ATOM,1573.0,O,ALA,104.0,24.4,-0.555,8.838,-0.51,1.7,0.0
ATOM,1574.0,CB,ALA,104.0,27.458,0.919,8.871,-0.27,2.06,6.92
ATOM,1575.0,H,ALA,104.0,26.228,-1.697,9.88,0.31,0.2245,0.0
ATOM,1576.0,HA,ALA,104.0,26.268,1.156,10.582,0.09,1.32,0.0
ATOM,1577.0,HB1,ALA,104.0,27.588,0.202,8.191,0.09,1.32,0.0
ATOM,1578.0,HB2,ALA,104.0,27.216,1.774,8.418,0.09,1.32,0.0
ATOM,1579.0,HB3,ALA,104.0,28.296,1.041,9.398,0.09,1.32,5.01
ATOM,1580.0,N,LEU,105.0,24.511,1.697,8.716,-0.47,1.85,0.0
ATOM,1581.0,CA,LEU,105.0,23.229,1.826,8.011,0.07,2.275,0.0
ATOM,1582.0,C,LEU,105.0,23.432,1.902,6.495,0.51,2.0,0.0
ATOM,1583.0,O,LEU,105.0,22.872,2.767,5.818,-0.51,1.7,0.0
ATOM,1584.0,CB,LEU,105.0,22.493,3.046,8.541,-0.18,2.175,0.0
ATOM,1585.0,CG,LEU,105.0,21.984,2.776,9.958,-0.09,2.275,0.0
ATOM,1586.0,CD1,LEU,105.0,21.689,4.083,10.677,-0.27,2.06,1.0
ATOM,1587.0,CD2,LEU,105.0,20.716,1.897,9.923,-0.27,2.06,0.0
ATOM,1588.0,H,LEU,105.0,25.111,2.504,8.957,0.31,0.2245,0.0
ATOM,1589.0,HA,LEU,105.0,22.67,1.015,8.215,0.09,1.32,0.0
ATOM,1590.0,HB2,LEU,105.0,23.12,3.788,8.59,0.09,1.32,0.0
ATOM,1591.0,HB3,LEU,105.0,21.72,3.211,7.976,0.09,1.32,0.0
ATOM,1592.0,HG,LEU,105.0,22.682,2.269,10.463,0.09,1.32,0.0
ATOM,1593.0,HD11,LEU,105.0,20.99,4.592,10.173,0.09,1.32,0.4
ATOM,1594.0,HD12,LEU,105.0,21.358,3.89,11.601,0.09,1.32,0.0
ATOM,1595.0,HD13,LEU,105.0,22.524,4.631,10.732,0.09,1.32,0.0
ATOM,1596.0,HD21,LEU,105.0,20.936,1.029,9.484,0.09,1.32,0.0
ATOM,1597.0,HD22,LEU,105.0,20.407,1.737,10.857,0.09,1.32,0.0
ATOM,1598.0,HD23,LEU,105.0,20.007,2.371,9.406,0.09,1.32,0.0
ATOM,1599.0,N,ASP,106.0,24.223,0.945,5.987,-0.47,1.85,0.0
ATOM,1600.0,CA,ASP,106.0,24.471,0.831,4.557,0.07,2.275,0.0
ATOM,1601.0,C,ASP,106.0,23.69,-0.338,3.97,0.51,2.0,0.0
ATOM,1602.0,O,ASP,106.0,22.97,-1.062,4.668,-0.51,1.7,0.0
ATOM,1603.0,CB,ASP,106.0,25.975,0.675,4.291,-0.28,2.175,9.85
ATOM,1604.0,CG,ASP,106.0,26.567,-0.511,5.017,0.62,2.0,0.0
ATOM,1605.0,OD1,ASP,106.0,25.893,-1.401,5.537,-0.76,1.7,0.0
ATOM,1606.0,OD2,ASP,106.0,27.811,-0.628,5.108,-0.76,1.7,24.4
ATOM,1607.0,H,ASP,106.0,24.633,0.307,6.697,0.31,0.2245,0.0
ATOM,1608.0,HA,ASP,106.0,24.118,1.667,4.124,0.09,1.32,0.0
ATOM,1609.0,HB2,ASP,106.0,26.099,0.551,3.315,0.09,1.32,5.26
ATOM,1610.0,HB3,ASP,106.0,26.426,1.502,4.601,0.09,1.32,0.0
ATOM,1611.0,N,ARG,107.0,23.799,-0.488,2.66,-0.47,1.85,0.0
ATOM,1612.0,CA,ARG,107.0,22.984,-1.479,1.965,0.07,2.275,0.0
ATOM,1613.0,C,ARG,107.0,23.212,-2.902,2.483,0.51,2.0,0.0
ATOM,1614.0,O,ARG,107.0,22.247,-3.658,2.685,-0.51,1.7,0.0
ATOM,1615.0,CB,ARG,107.0,23.318,-1.433,0.487,-0.18,2.175,4.56
ATOM,1616.0,CG,ARG,107.0,22.286,-2.147,-0.347,-0.18,2.175,1.12
ATOM,1617.0,CD,ARG,107.0,22.516,-1.98,-1.885,0.2,2.175,16.4
ATOM,1618.0,NE,ARG,107.0,22.867,-0.602,-2.287,-0.7,1.85,4.94
ATOM,1619.0,CZ,ARG,107.0,21.992,0.391,-2.503,0.64,2.0,2.32
ATOM,1620.0,NH1,ARG,107.0,20.689,0.192,-2.359,-0.8,1.85,3.36
ATOM,1621.0,NH2,ARG,107.0,22.417,1.594,-2.855,-0.8,1.85,19.67
ATOM,1622.0,H,ARG,107.0,24.478,0.128,2.194,0.31,0.2245,5.77
ATOM,1623.0,HA,ARG,107.0,22.006,-1.246,2.095,0.09,1.32,0.0
ATOM,1624.0,HB2,ARG,107.0,23.349,-0.486,0.201,0.09,1.32,1.93
ATOM,1625.0,HB3,ARG,107.0,24.192,-1.876,0.348,0.09,1.32,3.32
ATOM,1626.0,HG2,ARG,107.0,22.303,-3.13,-0.159,0.09,1.32,1.01
ATOM,1627.0,HG3,ARG,107.0,21.372,-1.789,-0.153,0.09,1.32,0.0
ATOM,1628.0,HD2,ARG,107.0,23.255,-2.599,-2.141,0.09,1.32,11.5
ATOM,1629.0,HD3,ARG,107.0,21.671,-2.254,-2.339,0.09,1.32,0.0
ATOM,1630.0,HE,ARG,107.0,23.848,-0.392,-2.409,0.44,0.2245,13.63
ATOM,1631.0,HH11,ARG,107.0,20.34,-0.697,-2.067,0.46,0.2245,0.0
ATOM,1632.0,HH12,ARG,107.0,20.046,0.941,-2.543,0.46,0.2245,2.01
ATOM,1633.0,HH21,ARG,107.0,23.405,1.762,-2.94,0.46,0.2245,18.08
ATOM,1634.0,HH22,ARG,107.0,21.769,2.329,-3.034,0.46,0.2245,2.98
ATOM,1635.0,N,LYS,108.0,24.469,-3.298,2.68,-0.47,1.85,0.0
ATOM,1636.0,CA,LYS,108.0,24.75,-4.654,3.146,0.07,2.275,0.0
ATOM,1637.0,C,LYS,108.0,24.112,-4.981,4.487,0.51,2.0,0.31
ATOM,1638.0,O,LYS,108.0,23.485,-6.031,4.646,-0.51,1.7,1.24
ATOM,1639.0,CB,LYS,108.0,26.254,-4.924,3.218,-0.18,2.175,5.65
ATOM,1640.0,CG,LYS,108.0,26.87,-5.0,1.831,-0.18,2.175,5.93
ATOM,1641.0,CD,LYS,108.0,28.367,-4.685,1.852,-0.18,2.175,11.58
ATOM,1642.0,CE,LYS,108.0,28.934,-4.548,0.438,0.21,2.175,18.5
ATOM,1643.0,NZ,LYS,108.0,30.307,-3.95,0.406,-0.3,1.85,14.32
ATOM,1644.0,H,LYS,108.0,25.191,-2.594,2.483,0.31,0.2245,1.15
ATOM,1645.0,HA,LYS,108.0,24.402,-5.313,2.452,0.09,1.32,0.02
ATOM,1646.0,HB2,LYS,108.0,26.68,-4.183,3.711,0.09,1.32,0.37
ATOM,1647.0,HB3,LYS,108.0,26.393,-5.79,3.673,0.09,1.32,8.54
ATOM,1648.0,HG2,LYS,108.0,26.744,-5.924,1.465,0.09,1.32,1.04
ATOM,1649.0,HG3,LYS,108.0,26.414,-4.342,1.231,0.09,1.32,1.3
ATOM,1650.0,HD2,LYS,108.0,28.507,-3.827,2.332,0.09,1.32,2.27
ATOM,1651.0,HD3,LYS,108.0,28.844,-5.424,2.313,0.09,1.32,10.89
ATOM,1652.0,HE2,LYS,108.0,28.965,-5.461,0.012,0.05,1.32,11.29
ATOM,1653.0,HE3,LYS,108.0,28.313,-3.969,-0.105,0.05,1.32,9.77
ATOM,1654.0,HZ1,LYS,108.0,30.972,-4.644,0.674,0.33,0.2245,19.69
ATOM,1655.0,HZ2,LYS,108.0,30.503,-3.632,-0.519,0.33,0.2245,20.42
ATOM,1656.0,HZ3,LYS,108.0,30.344,-3.182,1.043,0.33,0.2245,16.89
ATOM,1657.0,N,ASN,109.0,24.239,-4.058,5.434,-0.47,1.85,0.0
ATOM,1658.0,CA,ASN,109.0,23.614,-4.275,6.747,0.07,2.275,0.66
ATOM,1659.0,C,ASN,109.0,22.11,-4.238,6.669,0.51,2.0,0.0
ATOM,1660.0,O,ASN,109.0,21.447,-5.059,7.297,-0.51,1.7,0.0
ATOM,1661.0,CB,ASN,109.0,24.061,-3.2,7.742,-0.18,2.175,0.0
ATOM,1662.0,CG,ASN,109.0,25.417,-3.506,8.36,0.55,2.0,0.39
ATOM,1663.0,H,ASN,109.0,24.78,-3.227,5.186,0.31,0.2245,0.0
ATOM,1664.0,HA,ASN,109.0,23.882,-5.203,7.044,0.09,1.32,0.36
ATOM,1665.0,HB2,ASN,109.0,24.121,-2.331,7.261,0.09,1.32,0.0
ATOM,1666.0,HB3,ASN,109.0,23.386,-3.146,8.471,0.09,1.32,0.0
ATOM,1667.0,OD1,ASN,109.0,25.492,-4.182,9.385,-0.55,1.7,0.82
ATOM,1668.0,ND2,ASN,109.0,26.512,-3.024,7.723,-0.62,1.85,6.25
ATOM,1669.0,HD22,ASN,109.0,26.372,-2.49,6.888,0.3,0.2245,0.0
ATOM,1670.0,HD21,ASN,109.0,27.411,-3.201,8.083,0.32,0.2245,5.03
ATOM,1671.0,N,ILE,110.0,21.567,-3.297,5.92,-0.47,1.85,0.0
ATOM,1672.0,CA,ILE,110.0,20.085,-3.214,5.864,0.07,2.275,0.0
ATOM,1673.0,C,ILE,110.0,19.483,-4.44,5.198,0.51,2.0,0.0
ATOM,1674.0,O,ILE,110.0,18.443,-4.979,5.637,-0.51,1.7,0.0
ATOM,1675.0,CB,ILE,110.0,19.661,-1.904,5.15,-0.09,2.275,0.0
ATOM,1676.0,CG1,ILE,110.0,19.98,-0.709,6.054,-0.18,2.175,0.0
ATOM,1677.0,CG2,ILE,110.0,18.178,-1.924,4.801,-0.27,2.06,0.0
ATOM,1678.0,CD1,ILE,110.0,19.901,0.667,5.338,-0.27,2.06,0.0
ATOM,1679.0,H,ILE,110.0,22.19,-2.678,5.42,0.31,0.2245,0.0
ATOM,1680.0,HA,ILE,110.0,19.779,-3.217,6.821,0.09,1.32,0.0
ATOM,1681.0,HB,ILE,110.0,20.2,-1.821,4.326,0.09,1.32,0.0
ATOM,1682.0,HG12,ILE,110.0,19.338,-0.697,6.815,0.09,1.32,0.0
ATOM,1683.0,HG13,ILE,110.0,20.905,-0.813,6.409,0.09,1.32,0.0
ATOM,1684.0,HG21,ILE,110.0,17.937,-1.081,4.323,0.09,1.32,0.0
ATOM,1685.0,HG22,ILE,110.0,17.985,-2.707,4.212,0.09,1.32,0.0
ATOM,1686.0,HG23,ILE,110.0,17.64,-1.997,5.639,0.09,1.32,0.0
ATOM,1687.0,HD11,ILE,110.0,18.978,0.786,4.993,0.09,1.32,0.0
ATOM,1688.0,HD12,ILE,110.0,20.122,1.374,5.998,0.09,1.32,0.0
ATOM,1689.0,HD13,ILE,110.0,20.556,0.668,4.592,0.09,1.32,0.0
ATOM,1690.0,N,ARG,111.0,20.138,-4.926,4.135,-0.47,1.85,0.0
ATOM,1691.0,CA,ARG,111.0,19.638,-6.12,3.448,0.07,2.275,0.0
ATOM,1692.0,C,ARG,111.0,19.575,-7.301,4.426,0.51,2.0,0.0
ATOM,1693.0,O,ARG,111.0,18.543,-8.014,4.496,-0.51,1.7,0.0
ATOM,1694.0,CB,ARG,111.0,20.585,-6.447,2.278,-0.18,2.175,0.0
ATOM,1695.0,CG,ARG,111.0,20.113,-7.496,1.256,-0.18,2.175,0.59
ATOM,1696.0,CD,ARG,111.0,21.159,-7.78,0.137,0.2,2.175,9.59
ATOM,1697.0,NE,ARG,111.0,22.485,-8.01,0.687,-0.7,1.85,4.3
ATOM,1698.0,CZ,ARG,111.0,23.54,-8.368,-0.038,0.64,2.0,3.16
ATOM,1699.0,NH1,ARG,111.0,23.416,-8.549,-1.35,-0.8,1.85,26.4
ATOM,1700.0,NH2,ARG,111.0,24.72,-8.553,0.546,-0.8,1.85,16.99
ATOM,1701.0,H,ARG,111.0,20.979,-4.411,3.86,0.31,0.2245,0.0
ATOM,1702.0,HA,ARG,111.0,18.713,-5.937,3.11,0.09,1.32,0.0
ATOM,1703.0,HB2,ARG,111.0,20.763,-5.593,1.775,0.09,1.32,0.0
ATOM,1704.0,HB3,ARG,111.0,21.456,-6.773,2.665,0.09,1.32,0.0
ATOM,1705.0,HG2,ARG,111.0,19.934,-8.36,1.723,0.09,1.32,2.83
ATOM,1706.0,HG3,ARG,111.0,19.28,-7.175,0.81,0.09,1.32,0.0
ATOM,1707.0,HD2,ARG,111.0,20.849,-8.584,-0.354,0.09,1.32,9.07
ATOM,1708.0,HD3,ARG,111.0,21.169,-6.986,-0.459,0.09,1.32,2.91
ATOM,1709.0,HE,ARG,111.0,22.615,-7.892,1.678,0.44,0.2245,1.09
ATOM,1710.0,HH11,ARG,111.0,22.546,-8.402,-1.81,0.46,0.2245,11.27
ATOM,1711.0,HH12,ARG,111.0,24.217,-8.839,-1.887,0.46,0.2245,18.24
ATOM,1712.0,HH21,ARG,111.0,24.809,-8.401,1.534,0.46,0.2245,8.6
ATOM,1713.0,HH22,ARG,111.0,25.508,-8.839,0.009,0.46,0.2245,17.52
ATOM,1714.0,N,GLU,112.0,20.655,-7.5,5.172,-0.47,1.85,0.0
ATOM,1715.0,CA,GLU,112.0,20.743,-8.622,6.097,0.07,2.275,1.4
ATOM,1716.0,C,GLU,112.0,19.745,-8.494,7.235,0.51,2.0,0.0
ATOM,1717.0,O,GLU,112.0,19.098,-9.461,7.616,-0.51,1.7,0.27
ATOM,1718.0,CB,GLU,112.0,22.153,-8.724,6.66,-0.18,2.175,1.99
ATOM,1719.0,CG,GLU,112.0,22.347,-9.935,7.557,-0.28,2.175,4.76
ATOM,1720.0,CD,GLU,112.0,23.795,-10.096,8.027,0.62,2.0,3.61
ATOM,1721.0,OE1,GLU,112.0,24.713,-9.446,7.448,-0.76,1.7,26.2
ATOM,1722.0,OE2,GLU,112.0,24.001,-10.845,9.003,-0.76,1.7,30.05
ATOM,1723.0,H,GLU,112.0,21.412,-6.803,5.041,0.31,0.2245,0.0
ATOM,1724.0,HA,GLU,112.0,20.576,-9.486,5.598,0.09,1.32,5.71
ATOM,1725.0,HB2,GLU,112.0,22.774,-8.811,5.906,0.09,1.32,3.99
ATOM,1726.0,HB3,GLU,112.0,22.322,-7.924,7.201,0.09,1.32,0.0
ATOM,1727.0,HG2,GLU,112.0,21.792,-9.822,8.358,0.09,1.32,0.0
ATOM,1728.0,HG3,GLU,112.0,22.115,-10.742,7.049,0.09,1.32,9.29
ATOM,1729.0,N,ALA,113.0,19.682,-7.29,7.81,-0.47,1.85,0.0
ATOM,1730.0,CA,ALA,113.0,18.773,-7.04,8.918,0.07,2.275,0.0
ATOM,1731.0,C,ALA,113.0,17.313,-7.285,8.554,0.51,2.0,0.0
ATOM,1732.0,O,ALA,113.0,16.543,-7.926,9.316,-0.51,1.7,0.0
ATOM,1733.0,CB,ALA,113.0,18.941,-5.58,9.429,-0.27,2.06,0.0
ATOM,1734.0,H,ALA,113.0,20.315,-6.581,7.409,0.31,0.2245,0.0
ATOM,1735.0,HA,ALA,113.0,19.019,-7.657,9.687,0.09,1.32,0.07
ATOM,1736.0,HB1,ALA,113.0,18.214,-5.023,9.042,0.09,1.32,0.0
ATOM,1737.0,HB2,ALA,113.0,18.883,-5.583,10.421,0.09,1.32,0.0
ATOM,1738.0,HB3,ALA,113.0,19.829,-5.241,9.136,0.09,1.32,0.0
ATOM,1739.0,N,LEU,114.0,16.936,-6.742,7.413,-0.47,1.85,0.0
ATOM,1740.0,CA,LEU,114.0,15.549,-6.829,6.976,0.07,2.275,0.0
ATOM,1741.0,C,LEU,114.0,15.19,-8.27,6.723,0.51,2.0,0.0
ATOM,1742.0,O,LEU,114.0,14.128,-8.732,7.14,-0.51,1.7,0.0
ATOM,1743.0,CB,LEU,114.0,15.339,-6.0,5.72,-0.18,2.175,0.0
ATOM,1744.0,CG,LEU,114.0,13.934,-6.129,5.128,-0.09,2.275,0.0
ATOM,1745.0,CD1,LEU,114.0,12.819,-5.652,6.156,-0.27,2.06,0.0
ATOM,1746.0,CD2,LEU,114.0,13.843,-5.321,3.817,-0.27,2.06,0.0
ATOM,1747.0,H,LEU,114.0,17.679,-6.268,6.876,0.31,0.2245,0.0
ATOM,1748.0,HA,LEU,114.0,14.962,-6.472,7.707,0.09,1.32,0.0
ATOM,1749.0,HB2,LEU,114.0,15.476,-5.05,5.949,0.09,1.32,0.0
ATOM,1750.0,HB3,LEU,114.0,15.977,-6.307,5.035,0.09,1.32,0.0
ATOM,1751.0,HG,LEU,114.0,13.746,-7.081,4.9,0.09,1.32,0.0
ATOM,1752.0,HD11,LEU,114.0,12.997,-4.703,6.373,0.09,1.32,0.0
ATOM,1753.0,HD12,LEU,114.0,11.939,-5.76,5.716,0.09,1.32,0.0
ATOM,1754.0,HD13,LEU,114.0,12.889,-6.223,6.961,0.09,1.32,0.0
ATOM,1755.0,HD21,LEU,114.0,14.512,-5.678,3.169,0.09,1.32,0.0
ATOM,1756.0,HD22,LEU,114.0,12.923,-5.414,3.442,0.09,1.32,0.0
ATOM,1757.0,HD23,LEU,114.0,14.036,-4.362,4.013,0.09,1.32,0.0
ATOM,1758.0,N,HIS,115.0,16.088,-9.016,6.093,-0.47,1.85,0.0
ATOM,1759.0,CA,HIS,115.0,15.705,-10.411,5.79,0.07,2.275,0.0
ATOM,1760.0,C,HIS,115.0,15.582,-11.255,7.037,0.51,2.0,0.16
ATOM,1761.0,O,HIS,115.0,14.702,-12.109,7.121,-0.51,1.7,3.86
ATOM,1762.0,CB,HIS,115.0,16.662,-11.019,4.78,-0.09,2.175,11.65
ATOM,1763.0,CG,HIS,115.0,16.253,-10.718,3.372,-0.05,1.8,0.85
ATOM,1764.0,H,HIS,115.0,16.967,-8.595,5.86,0.31,0.2245,0.0
ATOM,1765.0,HA,HIS,115.0,14.809,-10.388,5.322,0.09,1.32,0.0
ATOM,1766.0,HB2,HIS,115.0,17.579,-10.649,4.927,0.09,1.32,0.0
ATOM,1767.0,HB3,HIS,115.0,16.68,-12.012,4.896,0.09,1.32,9.1
ATOM,1768.0,ND1,HIS,115.0,16.997,-9.929,2.52,-0.36,1.85,5.29
ATOM,1769.0,CD2,HIS,115.0,15.135,-11.06,2.689,0.22,1.8,12.13
ATOM,1770.0,CE1,HIS,115.0,16.363,-9.819,1.365,0.25,1.8,11.24
ATOM,1771.0,NE2,HIS,115.0,15.231,-10.497,1.441,-0.7,1.85,6.39
ATOM,1772.0,HD1,HIS,115.0,17.875,-9.509,2.742,0.32,0.2245,0.87
ATOM,1773.0,HD2,HIS,115.0,14.381,-11.617,3.029,0.1,1.468,9.51
ATOM,1774.0,HE1,HIS,115.0,16.683,-9.31,0.571,0.13,0.9,4.15
ATOM,1775.0,N,ASP,116.0,16.427,-10.981,8.024,-0.47,1.85,0.0
ATOM,1776.0,CA,ASP,116.0,16.406,-11.74,9.249,0.07,2.275,0.71
ATOM,1777.0,C,ASP,116.0,15.146,-11.362,10.044,0.51,2.0,0.0
ATOM,1778.0,O,ASP,116.0,14.526,-12.243,10.666,-0.51,1.7,0.31
ATOM,1779.0,CB,ASP,116.0,17.67,-11.489,10.089,-0.28,2.175,2.13
ATOM,1780.0,CG,ASP,116.0,18.875,-12.3,9.613,0.62,2.0,2.36
ATOM,1781.0,OD1,ASP,116.0,18.687,-13.327,8.91,-0.76,1.7,29.92
ATOM,1782.0,OD2,ASP,116.0,20.044,-11.991,9.914,-0.76,1.7,21.62
ATOM,1783.0,H,ASP,116.0,17.079,-10.197,7.835,0.31,0.2245,0.0
ATOM,1784.0,HA,ASP,116.0,16.313,-12.707,9.012,0.09,1.32,0.16
ATOM,1785.0,HB2,ASP,116.0,17.893,-10.524,10.025,0.09,1.32,0.0
ATOM,1786.0,HB3,ASP,116.0,17.469,-11.741,11.027,0.09,1.32,0.0
ATOM,1787.0,N,SER,117.0,14.788,-10.075,10.056,-0.47,1.85,0.0
ATOM,1788.0,CA,SER,117.0,13.531,-9.661,10.687,0.07,2.275,0.0
ATOM,1789.0,C,SER,117.0,12.308,-10.307,10.042,0.51,2.0,0.0
ATOM,1790.0,O,SER,117.0,11.401,-10.738,10.764,-0.51,1.7,0.0
ATOM,1791.0,CB,SER,117.0,13.344,-8.124,10.697,0.05,2.175,0.0
ATOM,1792.0,OG,SER,117.0,14.207,-7.514,11.665,-0.66,1.77,0.0
ATOM,1793.0,H,SER,117.0,15.445,-9.429,9.603,0.31,0.2245,0.0
ATOM,1794.0,HA,SER,117.0,13.561,-9.952,11.656,0.09,1.32,0.0
ATOM,1795.0,HB2,SER,117.0,13.568,-7.772,9.799,0.09,1.32,0.0
ATOM,1796.0,HB3,SER,117.0,12.403,-7.922,10.933,0.09,1.32,0.0
ATOM,1797.0,HG,SER,117.0,13.715,-7.42,12.526,0.43,0.2245,0.0
ATOM,1798.0,N,LEU,118.0,12.258,-10.353,8.708,-0.47,1.85,0.0
ATOM,1799.0,CA,LEU,118.0,11.093,-10.919,8.02,0.07,2.275,0.0
ATOM,1800.0,C,LEU,118.0,11.004,-12.393,8.347,0.51,2.0,0.38
ATOM,1801.0,O,LEU,118.0,9.901,-12.924,8.55,-0.51,1.7,1.24
ATOM,1802.0,CB,LEU,118.0,11.216,-10.737,6.513,-0.18,2.175,6.21
ATOM,1803.0,CG,LEU,118.0,11.005,-9.285,6.061,-0.09,2.275,0.0
ATOM,1804.0,CD1,LEU,118.0,11.395,-9.216,4.593,-0.27,2.06,1.09
ATOM,1805.0,CD2,LEU,118.0,9.549,-8.855,6.255,-0.27,2.06,0.0
ATOM,1806.0,H,LEU,118.0,13.081,-9.969,8.223,0.31,0.2245,0.0
ATOM,1807.0,HA,LEU,118.0,10.273,-10.462,8.36,0.09,1.32,0.0
ATOM,1808.0,HB2,LEU,118.0,12.125,-10.999,6.242,0.09,1.32,0.01
ATOM,1809.0,HB3,LEU,118.0,10.525,-11.284,6.077,0.09,1.32,1.17
ATOM,1810.0,HG,LEU,118.0,11.59,-8.696,6.589,0.09,1.32,0.0
ATOM,1811.0,HD11,LEU,118.0,10.817,-9.838,4.063,0.09,1.32,2.23
ATOM,1812.0,HD12,LEU,118.0,11.272,-8.282,4.257,0.09,1.32,0.0
ATOM,1813.0,HD13,LEU,118.0,12.354,-9.483,4.488,0.09,1.32,0.0
ATOM,1814.0,HD21,LEU,118.0,9.309,-8.929,7.222,0.09,1.32,0.0
ATOM,1815.0,HD22,LEU,118.0,9.441,-7.908,5.953,0.09,1.32,0.0
ATOM,1816.0,HD23,LEU,118.0,8.954,-9.449,5.715,0.09,1.32,0.0
ATOM,1817.0,N,LYS,119.0,12.16,-13.057,8.44,-0.47,1.85,0.78
ATOM,1818.0,CA,LYS,119.0,12.143,-14.477,8.775,0.07,2.275,1.5
ATOM,1819.0,C,LYS,119.0,11.621,-14.718,10.187,0.51,2.0,0.0
ATOM,1820.0,O,LYS,119.0,10.765,-15.573,10.384,-0.51,1.7,5.87
ATOM,1821.0,CB,LYS,119.0,13.532,-15.098,8.585,-0.18,2.175,2.02
ATOM,1822.0,CG,LYS,119.0,13.687,-16.508,9.147,-0.18,2.175,4.06
ATOM,1823.0,CD,LYS,119.0,14.918,-17.228,8.578,-0.18,2.175,14.03
ATOM,1824.0,CE,LYS,119.0,14.902,-18.739,8.902,0.21,2.175,20.96
ATOM,1825.0,NZ,LYS,119.0,15.079,-19.07,10.363,-0.3,1.85,14.32
ATOM,1826.0,H,LYS,119.0,13.004,-12.51,8.265,0.31,0.2245,0.0
ATOM,1827.0,HA,LYS,119.0,11.541,-14.959,8.122,0.09,1.32,8.79
ATOM,1828.0,HB2,LYS,119.0,13.727,-15.13,7.604,0.09,1.32,7.16
ATOM,1829.0,HB3,LYS,119.0,14.202,-14.506,9.036,0.09,1.32,0.08
ATOM,1830.0,HG2,LYS,119.0,13.782,-16.455,10.143,0.09,1.32,0.5
ATOM,1831.0,HG3,LYS,119.0,12.872,-17.043,8.92,0.09,1.32,6.07
ATOM,1832.0,HD2,LYS,119.0,14.924,-17.123,7.591,0.09,1.32,9.14
ATOM,1833.0,HD3,LYS,119.0,15.736,-16.834,8.979,0.09,1.32,6.14
ATOM,1834.0,HE2,LYS,119.0,14.022,-19.123,8.585,0.05,1.32,10.47
ATOM,1835.0,HE3,LYS,119.0,15.64,-19.186,8.375,0.05,1.32,12.37
ATOM,1836.0,HZ1,LYS,119.0,14.893,-20.039,10.498,0.33,0.2245,20.52
ATOM,1837.0,HZ2,LYS,119.0,16.016,-18.861,10.629,0.33,0.2245,19.04
ATOM,1838.0,HZ3,LYS,119.0,14.441,-18.521,10.897,0.33,0.2245,11.16
ATOM,1839.0,N,ARG,120.0,12.09,-13.951,11.174,-0.47,1.85,0.0
ATOM,1840.0,CA,ARG,120.0,11.58,-14.154,12.521,0.07,2.275,0.0
ATOM,1841.0,C,ARG,120.0,10.088,-13.779,12.654,0.51,2.0,0.0
ATOM,1842.0,O,ARG,120.0,9.352,-14.393,13.448,-0.51,1.7,1.57
ATOM,1843.0,CB,ARG,120.0,12.356,-13.283,13.51,-0.18,2.175,0.0
ATOM,1844.0,CG,ARG,120.0,13.757,-13.798,13.763,-0.18,2.175,5.74
ATOM,1845.0,CD,ARG,120.0,14.557,-13.074,14.869,0.2,2.175,3.25
ATOM,1846.0,NE,ARG,120.0,14.85,-11.701,14.472,-0.7,1.85,0.0
ATOM,1847.0,CZ,ARG,120.0,15.995,-11.274,13.936,0.64,2.0,0.0
ATOM,1848.0,NH1,ARG,120.0,17.009,-12.118,13.714,-0.8,1.85,6.88
ATOM,1849.0,NH2,ARG,120.0,16.12,-10.0,13.593,-0.8,1.85,0.0
ATOM,1850.0,H,ARG,120.0,12.789,-13.26,10.91,0.31,0.2245,0.0
ATOM,1851.0,HA,ARG,120.0,11.679,-15.13,12.769,0.09,1.32,6.6
ATOM,1852.0,HB2,ARG,120.0,12.422,-12.37,13.133,0.09,1.32,0.0
ATOM,1853.0,HB3,ARG,120.0,11.866,-13.278,14.37,0.09,1.32,0.0
ATOM,1854.0,HG2,ARG,120.0,13.719,-14.779,14.018,0.09,1.32,5.83
ATOM,1855.0,HG3,ARG,120.0,14.304,-13.731,12.911,0.09,1.32,0.99
ATOM,1856.0,HD2,ARG,120.0,14.003,-13.077,15.687,0.09,1.32,0.0
ATOM,1857.0,HD3,ARG,120.0,15.4,-13.573,15.001,0.09,1.32,4.73
ATOM,1858.0,HE,ARG,120.0,14.121,-11.007,14.615,0.44,0.2245,0.0
ATOM,1859.0,HH11,ARG,120.0,16.909,-13.086,13.931,0.46,0.2245,10.31
ATOM,1860.0,HH12,ARG,120.0,17.864,-11.773,13.329,0.46,0.2245,5.3
ATOM,1861.0,HH21,ARG,120.0,15.352,-9.369,13.718,0.46,0.2245,0.0
ATOM,1862.0,HH22,ARG,120.0,16.98,-9.665,13.207,0.46,0.2245,0.65
ATOM,1863.0,N,LEU,121.0,9.668,-12.733,11.95,-0.47,1.85,0.0
ATOM,1864.0,CA,LEU,121.0,8.291,-12.254,12.05,0.07,2.275,0.0
ATOM,1865.0,C,LEU,121.0,7.33,-13.102,11.226,0.51,2.0,0.0
ATOM,1866.0,O,LEU,121.0,6.115,-12.901,11.285,-0.51,1.7,0.0
ATOM,1867.0,CB,LEU,121.0,8.194,-10.79,11.609,-0.18,2.175,0.0
ATOM,1868.0,CG,LEU,121.0,8.727,-9.82,12.688,-0.09,2.275,0.0
ATOM,1869.0,CD1,LEU,121.0,9.011,-8.44,12.027,-0.27,2.06,0.0
ATOM,1870.0,CD2,LEU,121.0,7.709,-9.701,13.823,-0.27,2.06,0.0
ATOM,1871.0,H,LEU,121.0,10.383,-12.298,11.34,0.31,0.2245,0.0
ATOM,1872.0,HA,LEU,121.0,8.006,-12.3,13.019,0.09,1.32,0.0
ATOM,1873.0,HB2,LEU,121.0,8.748,-10.671,10.812,0.09,1.32,0.0
ATOM,1874.0,HB3,LEU,121.0,7.253,-10.574,11.462,0.09,1.32,0.0
ATOM,1875.0,HG,LEU,121.0,9.569,-10.177,13.058,0.09,1.32,0.0
ATOM,1876.0,HD11,LEU,121.0,8.163,-8.092,11.641,0.09,1.32,0.0
ATOM,1877.0,HD12,LEU,121.0,9.354,-7.819,12.724,0.09,1.32,0.0
ATOM,1878.0,HD13,LEU,121.0,9.69,-8.565,11.311,0.09,1.32,0.0
ATOM,1879.0,HD21,LEU,121.0,7.56,-10.602,14.23,0.09,1.32,0.0
ATOM,1880.0,HD22,LEU,121.0,8.059,-9.073,14.517,0.09,1.32,0.0
ATOM,1881.0,HD23,LEU,121.0,6.847,-9.351,13.459,0.09,1.32,0.0
ATOM,1882.0,N,GLN,122.0,7.888,-14.014,10.439,-0.47,1.85,0.0
ATOM,1883.0,CA,GLN,122.0,7.074,-14.956,9.648,0.07,2.275,3.62
ATOM,1884.0,C,GLN,122.0,6.079,-14.251,8.717,0.51,2.0,2.13
ATOM,1885.0,O,GLN,122.0,4.913,-14.635,8.598,-0.51,1.7,21.43
ATOM,1886.0,CB,GLN,122.0,6.342,-15.943,10.593,-0.18,2.175,0.73
ATOM,1887.0,CG,GLN,122.0,7.318,-16.864,11.366,-0.18,2.175,6.87
ATOM,1888.0,CD,GLN,122.0,6.589,-18.069,11.968,0.55,2.0,2.14
ATOM,1889.0,H,GLN,122.0,8.923,-14.012,10.424,0.31,0.2245,0.0
ATOM,1890.0,HA,GLN,122.0,7.706,-15.496,9.071,0.09,1.32,6.67
ATOM,1891.0,HB2,GLN,122.0,5.824,-15.423,11.258,0.09,1.32,0.0
ATOM,1892.0,HB3,GLN,122.0,5.744,-16.52,10.051,0.09,1.32,0.96
ATOM,1893.0,HG2,GLN,122.0,8.005,-17.191,10.733,0.09,1.32,5.79
ATOM,1894.0,HG3,GLN,122.0,7.727,-16.339,12.099,0.09,1.32,0.0
ATOM,1895.0,OE1,GLN,122.0,6.796,-18.4,13.123,-0.55,1.7,13.37
ATOM,1896.0,NE2,GLN,122.0,5.72,-18.717,11.157,-0.62,1.85,15.98
ATOM,1897.0,HE21,GLN,122.0,5.223,-19.521,11.488,0.32,0.2245,12.21
ATOM,1898.0,HE22,GLN,122.0,5.593,-18.361,10.215,0.3,0.2245,11.4
ATOM,1899.0,N,THR,123.0,6.545,-13.181,8.077,-0.47,1.85,1.51
ATOM,1900.0,CA,THR,123.0,5.725,-12.48,7.129,0.07,2.275,2.12
ATOM,1901.0,C,THR,123.0,6.583,-12.035,5.959,0.51,2.0,0.33
ATOM,1902.0,O,THR,123.0,7.802,-11.949,6.093,-0.51,1.7,3.89
ATOM,1903.0,CB,THR,123.0,5.032,-11.27,7.808,0.14,2.275,0.98
ATOM,1904.0,OG1,THR,123.0,4.272,-10.522,6.834,-0.66,1.77,0.0
ATOM,1905.0,CG2,THR,123.0,6.073,-10.267,8.326,-0.27,2.06,0.0
ATOM,1906.0,H,THR,123.0,7.516,-12.918,8.322,0.31,0.2245,0.0
ATOM,1907.0,HA,THR,123.0,5.019,-13.102,6.781,0.09,1.32,5.68
ATOM,1908.0,HB,THR,123.0,4.384,-11.619,8.514,0.09,1.32,0.41
ATOM,1909.0,HG21,THR,123.0,5.709,-9.339,8.248,0.09,1.32,0.0
ATOM,1910.0,HG22,THR,123.0,6.278,-10.465,9.285,0.09,1.32,0.0
ATOM,1911.0,HG23,THR,123.0,6.909,-10.344,7.783,0.09,1.32,0.0
ATOM,1912.0,HG1,THR,123.0,3.815,-11.15,6.199,0.43,0.2245,4.04
ATOM,1913.0,N,ASP,124.0,5.95,-11.733,4.824,-0.47,1.85,0.05
ATOM,1914.0,CA,ASP,124.0,6.714,-11.389,3.642,0.07,2.275,0.9
ATOM,1915.0,C,ASP,124.0,6.988,-9.901,3.51,0.51,2.0,0.0
ATOM,1916.0,O,ASP,124.0,7.789,-9.495,2.641,-0.51,1.7,4.72
ATOM,1917.0,CB,ASP,124.0,5.957,-11.823,2.38,-0.28,2.175,14.56
ATOM,1918.0,CG,ASP,124.0,5.779,-13.321,2.281,0.62,2.0,3.53
ATOM,1919.0,OD1,ASP,124.0,6.673,-14.073,2.692,-0.76,1.7,35.27
ATOM,1920.0,OD2,ASP,124.0,4.752,-13.843,1.797,-0.76,1.7,47.47
ATOM,1921.0,H,ASP,124.0,4.925,-11.767,4.869,0.31,0.2245,2.72
ATOM,1922.0,HA,ASP,124.0,7.618,-11.85,3.722,0.09,1.32,3.87
ATOM,1923.0,HB2,ASP,124.0,5.06,-11.392,2.4,0.09,1.32,3.01
ATOM,1924.0,HB3,ASP,124.0,6.473,-11.506,1.591,0.09,1.32,7.7
ATOM,1925.0,N,TYR,125.0,6.367,-9.088,4.372,-0.47,1.85,0.0
ATOM,1926.0,CA,TYR,125.0,6.605,-7.661,4.302,0.07,2.275,0.0
ATOM,1927.0,C,TYR,125.0,6.454,-7.055,5.697,0.51,2.0,0.0
ATOM,1928.0,O,TYR,125.0,5.767,-7.615,6.555,-0.51,1.7,0.0
ATOM,1929.0,CB,TYR,125.0,5.588,-7.013,3.342,-0.18,2.175,1.7
ATOM,1930.0,CG,TYR,125.0,4.159,-7.117,3.802,0.0,1.9924,0.39
ATOM,1931.0,CD1,TYR,125.0,3.4,-8.256,3.538,-0.115,1.9924,9.15
ATOM,1932.0,CD2,TYR,125.0,3.56,-6.063,4.51,-0.115,1.9924,2.08
ATOM,1933.0,CE1,TYR,125.0,2.071,-8.352,3.967,-0.115,1.9924,11.33
ATOM,1934.0,CE2,TYR,125.0,2.254,-6.146,4.943,-0.115,1.9924,2.46
ATOM,1935.0,CZ,TYR,125.0,1.524,-7.303,4.675,0.11,1.9924,1.6
ATOM,1936.0,OH,TYR,125.0,0.226,-7.391,5.111,-0.54,1.77,11.12
ATOM,1937.0,H,TYR,125.0,5.746,-9.548,5.043,0.31,0.2245,0.0
ATOM,1938.0,HA,TYR,125.0,7.547,-7.506,3.999,0.09,1.32,0.0
ATOM,1939.0,HB2,TYR,125.0,5.824,-6.049,3.252,0.09,1.32,0.0
ATOM,1940.0,HB3,TYR,125.0,5.671,-7.467,2.458,0.09,1.32,2.43
ATOM,1941.0,HD1,TYR,125.0,3.805,-9.018,3.035,0.115,1.3582,2.17
ATOM,1942.0,HD2,TYR,125.0,4.098,-5.243,4.699,0.115,1.3582,0.0
ATOM,1943.0,HE1,TYR,125.0,1.538,-9.167,3.762,0.115,1.3582,13.94
ATOM,1944.0,HE2,TYR,125.0,1.83,-5.395,5.44,0.115,1.3582,0.0
ATOM,1945.0,HH,TYR,125.0,0.151,-6.965,6.011,0.43,0.2245,0.19
ATOM,1946.0,N,LEU,126.0,7.054,-5.886,5.87,-0.47,1.85,0.0
ATOM,1947.0,CA,LEU,126.0,6.791,-5.03,7.065,0.07,2.275,0.0
ATOM,1948.0,C,LEU,126.0,5.965,-3.844,6.636,0.51,2.0,0.0
ATOM,1949.0,O,LEU,126.0,6.107,-3.356,5.535,-0.51,1.7,0.0
ATOM,1950.0,CB,LEU,126.0,8.112,-4.472,7.603,-0.18,2.175,0.0
ATOM,1951.0,CG,LEU,126.0,9.06,-5.543,8.062,-0.09,2.275,0.0
ATOM,1952.0,CD1,LEU,126.0,10.282,-4.811,8.626,-0.27,2.06,0.0
ATOM,1953.0,CD2,LEU,126.0,8.455,-6.461,9.11,-0.27,2.06,0.0
ATOM,1954.0,H,LEU,126.0,7.715,-5.607,5.123,0.31,0.2245,0.0
ATOM,1955.0,HA,LEU,126.0,6.275,-5.575,7.719,0.09,1.32,0.0
ATOM,1956.0,HB2,LEU,126.0,8.543,-3.969,6.872,0.09,1.32,0.0
ATOM,1957.0,HB3,LEU,126.0,7.9,-3.894,8.372,0.09,1.32,0.0
ATOM,1958.0,HG,LEU,126.0,9.342,-6.096,7.3,0.09,1.32,0.0
ATOM,1959.0,HD11,LEU,126.0,9.996,-4.23,9.386,0.09,1.32,0.0
ATOM,1960.0,HD12,LEU,126.0,10.948,-5.482,8.948,0.09,1.32,0.0
ATOM,1961.0,HD13,LEU,126.0,10.69,-4.249,7.908,0.09,1.32,0.0
ATOM,1962.0,HD21,LEU,126.0,7.646,-6.914,8.733,0.09,1.32,0.0
ATOM,1963.0,HD22,LEU,126.0,9.127,-7.153,9.379,0.09,1.32,0.0
ATOM,1964.0,HD23,LEU,126.0,8.191,-5.925,9.914,0.09,1.32,0.0
ATOM,1965.0,N,ASP,127.0,5.081,-3.37,7.508,-0.47,1.85,0.0
ATOM,1966.0,CA,ASP,127.0,4.301,-2.209,7.17,0.07,2.275,0.0
ATOM,1967.0,C,ASP,127.0,5.134,-0.959,7.357,0.51,2.0,0.0
ATOM,1968.0,O,ASP,127.0,4.985,-0.008,6.615,-0.51,1.7,0.0
ATOM,1969.0,CB,ASP,127.0,3.013,-2.16,8.006,-0.28,2.175,0.0
ATOM,1970.0,CG,ASP,127.0,2.222,-3.451,7.876,0.62,2.0,0.0
ATOM,1971.0,OD1,ASP,127.0,1.431,-3.537,6.904,-0.76,1.7,0.01
ATOM,1972.0,OD2,ASP,127.0,2.384,-4.412,8.606,-0.76,1.7,0.0
ATOM,1973.0,H,ASP,127.0,5.015,-3.886,8.395,0.31,0.2245,0.0
ATOM,1974.0,HA,ASP,127.0,4.074,-2.268,6.192,0.09,1.32,0.0
ATOM,1975.0,HB2,ASP,127.0,3.268,-2.035,8.951,0.09,1.32,0.0
ATOM,1976.0,HB3,ASP,127.0,2.462,-1.412,7.675,0.09,1.32,0.0
ATOM,1977.0,N,LEU,128.0,6.017,-0.968,8.341,-0.47,1.85,0.0
ATOM,1978.0,CA,LEU,128.0,6.845,0.212,8.56,0.07,2.275,0.0
ATOM,1979.0,C,LEU,128.0,8.221,-0.271,8.956,0.51,2.0,0.0
ATOM,1980.0,O,LEU,128.0,8.321,-1.15,9.795,-0.51,1.7,0.0
ATOM,1981.0,CB,LEU,128.0,6.224,1.037,9.698,-0.18,2.175,0.0
ATOM,1982.0,CG,LEU,128.0,6.943,2.337,10.046,-0.09,2.275,0.0
ATOM,1983.0,CD1,LEU,128.0,6.965,3.385,8.894,-0.27,2.06,0.0
ATOM,1984.0,CD2,LEU,128.0,6.291,2.967,11.29,-0.27,2.06,0.0
ATOM,1985.0,H,LEU,128.0,6.065,-1.821,8.9,0.31,0.2245,0.0
ATOM,1986.0,HA,LEU,128.0,6.914,0.716,7.706,0.09,1.32,0.0
ATOM,1987.0,HB2,LEU,128.0,5.295,1.27,9.429,0.09,1.32,0.0
ATOM,1988.0,HB3,LEU,128.0,6.217,0.469,10.513,0.09,1.32,0.0
ATOM,1989.0,HG,LEU,128.0,7.9,2.132,10.303,0.09,1.32,0.0
ATOM,1990.0,HD11,LEU,128.0,6.027,3.616,8.658,0.09,1.32,0.0
ATOM,1991.0,HD12,LEU,128.0,7.451,4.193,9.21,0.09,1.32,0.0
ATOM,1992.0,HD13,LEU,128.0,7.431,2.985,8.111,0.09,1.32,0.0
ATOM,1993.0,HD21,LEU,128.0,6.362,2.329,12.054,0.09,1.32,0.0
ATOM,1994.0,HD22,LEU,128.0,6.766,3.816,11.512,0.09,1.32,0.0
ATOM,1995.0,HD23,LEU,128.0,5.331,3.156,11.094,0.09,1.32,1.3
ATOM,1996.0,N,TYR,129.0,9.274,0.23,8.314,-0.47,1.85,0.0
ATOM,1997.0,CA,TYR,129.0,10.62,-0.187,8.73,0.07,2.275,0.0
ATOM,1998.0,C,TYR,129.0,11.334,1.088,9.061,0.51,2.0,0.02
ATOM,1999.0,O,TYR,129.0,11.295,2.041,8.286,-0.51,1.7,0.11
ATOM,2000.0,CB,TYR,129.0,11.341,-0.874,7.579,-0.18,2.175,0.0
ATOM,2001.0,CG,TYR,129.0,12.563,-1.675,7.945,0.0,1.9924,0.0
ATOM,2002.0,CD1,TYR,129.0,12.587,-2.489,9.063,-0.115,1.9924,0.0
ATOM,2003.0,CD2,TYR,129.0,13.678,-1.66,7.106,-0.115,1.9924,0.1
ATOM,2004.0,CE1,TYR,129.0,13.667,-3.294,9.37,-0.115,1.9924,0.0
ATOM,2005.0,CE2,TYR,129.0,14.788,-2.444,7.407,-0.115,1.9924,0.0
ATOM,2006.0,CZ,TYR,129.0,14.8,-3.255,8.53,0.11,1.9924,0.0
ATOM,2007.0,OH,TYR,129.0,15.862,-4.069,8.827,-0.54,1.77,0.0
ATOM,2008.0,H,TYR,129.0,9.079,0.883,7.561,0.31,0.2245,0.0
ATOM,2009.0,HA,TYR,129.0,10.532,-0.731,9.548,0.09,1.32,0.0
ATOM,2010.0,HB2,TYR,129.0,10.688,-1.492,7.123,0.09,1.32,0.0
ATOM,2011.0,HB3,TYR,129.0,11.62,-0.167,6.916,0.09,1.32,0.0
ATOM,2012.0,HD1,TYR,129.0,11.784,-2.497,9.682,0.115,1.3582,0.0
ATOM,2013.0,HD2,TYR,129.0,13.679,-1.092,6.295,0.115,1.3582,0.0
ATOM,2014.0,HE1,TYR,129.0,13.66,-3.893,10.16,0.115,1.3582,0.0
ATOM,2015.0,HE2,TYR,129.0,15.592,-2.42,6.801,0.115,1.3582,0.0
ATOM,2016.0,HH,TYR,129.0,16.41,-4.21,8.004,0.43,0.2245,0.0
ATOM,2017.0,N,GLN,130.0,11.987,1.076,10.219,-0.47,1.85,0.0
ATOM,2018.0,CA,GLN,130.0,12.524,2.291,10.794,0.07,2.275,0.29
ATOM,2019.0,C,GLN,130.0,14.022,2.205,11.071,0.51,2.0,0.46
ATOM,2020.0,O,GLN,130.0,14.534,1.168,11.54,-0.51,1.7,0.0
ATOM,2021.0,CB,GLN,130.0,11.832,2.506,12.142,-0.18,2.175,0.0
ATOM,2022.0,CG,GLN,130.0,10.287,2.502,12.032,-0.18,2.175,0.0
ATOM,2023.0,CD,GLN,130.0,9.597,2.398,13.36,0.55,2.0,0.0
ATOM,2024.0,H,GLN,130.0,12.073,0.14,10.66,0.31,0.2245,0.0
ATOM,2025.0,HA,GLN,130.0,12.38,3.045,10.13,0.09,1.32,0.0
ATOM,2026.0,HB2,GLN,130.0,12.089,1.774,12.763,0.09,1.32,0.0
ATOM,2027.0,HB3,GLN,130.0,12.103,3.388,12.513,0.09,1.32,0.0
ATOM,2028.0,HG2,GLN,130.0,10.012,3.353,11.58,0.09,1.32,0.0
ATOM,2029.0,HG3,GLN,130.0,10.025,1.724,11.458,0.09,1.32,0.0
ATOM,2030.0,OE1,GLN,130.0,9.177,3.435,13.947,-0.55,1.7,0.0
ATOM,2031.0,NE2,GLN,130.0,9.51,1.155,13.912,-0.62,1.85,0.0
ATOM,2032.0,HE21,GLN,130.0,9.073,1.02,14.805,0.32,0.2245,0.0
ATOM,2033.0,HE22,GLN,130.0,9.901,0.379,13.387,0.3,0.2245,0.0
ATOM,2034.0,N,VAL,131.0,14.709,3.316,10.812,-0.47,1.85,0.0
ATOM,2035.0,CA,VAL,131.0,16.142,3.432,11.137,0.07,2.275,0.0
ATOM,2036.0,C,VAL,131.0,16.212,3.661,12.655,0.51,2.0,0.0
ATOM,2037.0,O,VAL,131.0,15.789,4.71,13.135,-0.51,1.7,0.0
ATOM,2038.0,CB,VAL,131.0,16.753,4.627,10.376,-0.09,2.275,0.0
ATOM,2039.0,CG1,VAL,131.0,18.215,4.769,10.717,-0.27,2.06,1.26
ATOM,2040.0,CG2,VAL,131.0,16.604,4.404,8.873,-0.27,2.06,0.0
ATOM,2041.0,H,VAL,131.0,14.164,4.078,10.372,0.31,0.2245,0.0
ATOM,2042.0,HA,VAL,131.0,16.574,2.57,10.938,0.09,1.32,0.0
ATOM,2043.0,HB,VAL,131.0,16.292,5.45,10.693,0.09,1.32,0.0
ATOM,2044.0,HG11,VAL,131.0,18.332,4.797,11.712,0.09,1.32,0.0
ATOM,2045.0,HG12,VAL,131.0,18.728,3.991,10.349,0.09,1.32,0.0
ATOM,2046.0,HG13,VAL,131.0,18.577,5.616,10.322,0.09,1.32,0.44
ATOM,2047.0,HG21,VAL,131.0,16.1,3.556,8.716,0.09,1.32,0.12
ATOM,2048.0,HG22,VAL,131.0,16.105,5.173,8.476,0.09,1.32,0.35
ATOM,2049.0,HG23,VAL,131.0,17.511,4.34,8.46,0.09,1.32,0.0
ATOM,2050.0,N,HIS,132.0,16.738,2.689,13.417,-0.47,1.85,0.0
ATOM,2051.0,CA,HIS,132.0,16.575,2.71,14.871,0.07,2.275,0.0
ATOM,2052.0,C,HIS,132.0,17.271,3.902,15.517,0.51,2.0,0.0
ATOM,2053.0,O,HIS,132.0,16.74,4.509,16.433,-0.51,1.7,0.0
ATOM,2054.0,CB,HIS,132.0,17.049,1.379,15.494,-0.09,2.175,0.0
ATOM,2055.0,CG,HIS,132.0,16.443,1.072,16.829,-0.05,1.8,0.0
ATOM,2056.0,H,HIS,132.0,17.246,1.957,12.903,0.31,0.2245,0.0
ATOM,2057.0,HA,HIS,132.0,15.586,2.771,15.078,0.09,1.32,0.0
ATOM,2058.0,HB2,HIS,132.0,16.822,0.629,14.861,0.09,1.32,0.0
ATOM,2059.0,HB3,HIS,132.0,18.05,1.413,15.599,0.09,1.32,0.0
ATOM,2060.0,ND1,HIS,132.0,16.37,-0.214,17.32,-0.36,1.85,0.0
ATOM,2061.0,CD2,HIS,132.0,15.991,1.881,17.815,0.22,1.8,0.12
ATOM,2062.0,CE1,HIS,132.0,15.801,-0.198,18.509,0.25,1.8,0.0
ATOM,2063.0,NE2,HIS,132.0,15.59,1.07,18.853,-0.7,1.85,10.76
ATOM,2064.0,HD1,HIS,132.0,16.7,-1.031,16.844,0.32,0.2245,0.0
ATOM,2065.0,HD2,HIS,132.0,15.953,2.876,17.797,0.1,1.468,0.0
ATOM,2066.0,HE1,HIS,132.0,15.566,-0.991,19.059,0.13,0.9,0.0
ATOM,2067.0,N,TRP,133.0,18.485,4.231,15.075,-0.47,1.85,0.0
ATOM,2068.0,CA,TRP,133.0,19.096,5.512,15.525,0.07,2.275,0.0
ATOM,2069.0,C,TRP,133.0,20.072,5.944,14.465,0.51,2.0,0.0
ATOM,2070.0,O,TRP,133.0,20.458,5.133,13.614,-0.51,1.7,0.0
ATOM,2071.0,CB,TRP,133.0,19.791,5.469,16.928,-0.18,2.175,0.0
ATOM,2072.0,CG,TRP,133.0,20.854,4.38,17.028,-0.03,1.9924,0.0
ATOM,2073.0,CD1,TRP,133.0,22.207,4.503,16.752,0.035,1.9924,4.72
ATOM,2074.0,CD2,TRP,133.0,20.648,3.028,17.407,-0.02,1.8,0.0
ATOM,2075.0,NE1,TRP,133.0,22.836,3.297,16.941,-0.61,1.85,0.03
ATOM,2076.0,CE2,TRP,133.0,21.907,2.37,17.354,0.13,1.8,0.0
ATOM,2077.0,CE3,TRP,133.0,19.523,2.293,17.801,-0.115,1.9924,0.0
ATOM,2078.0,CZ2,TRP,133.0,22.08,1.004,17.675,-0.115,1.9924,0.63
ATOM,2079.0,CZ3,TRP,133.0,19.68,0.93,18.123,-0.115,1.9924,1.36
ATOM,2080.0,CH2,TRP,133.0,20.97,0.284,18.033,-0.115,1.9924,3.55
ATOM,2081.0,H,TRP,133.0,18.935,3.578,14.444,0.31,0.2245,0.0
ATOM,2082.0,HA,TRP,133.0,18.363,6.179,15.573,0.09,1.32,0.0
ATOM,2083.0,HB2,TRP,133.0,20.239,6.33,17.081,0.09,1.32,0.01
ATOM,2084.0,HB3,TRP,133.0,19.109,5.276,17.609,0.09,1.32,0.0
ATOM,2085.0,HD1,TRP,133.0,22.648,5.344,16.46,0.115,1.3582,3.39
ATOM,2086.0,HE1,TRP,133.0,23.808,3.117,16.803,0.38,0.2245,0.56
ATOM,2087.0,HE3,TRP,133.0,18.624,2.711,17.858,0.115,1.3582,0.0
ATOM,2088.0,HZ2,TRP,133.0,22.996,0.597,17.634,0.115,1.3582,0.04
ATOM,2089.0,HZ3,TRP,133.0,18.9,0.405,18.414,0.115,1.3582,0.0
ATOM,2090.0,HH2,TRP,133.0,21.021,-0.679,18.236,0.115,1.3582,3.57
ATOM,2091.0,N,PRO,134.0,20.442,7.218,14.44,-0.29,1.85,0.1
ATOM,2092.0,CA,PRO,134.0,21.276,7.708,13.331,0.02,2.275,0.11
ATOM,2093.0,C,PRO,134.0,22.714,7.141,13.299,0.51,2.0,0.0
ATOM,2094.0,O,PRO,134.0,23.335,6.821,14.313,-0.51,1.7,4.2
ATOM,2095.0,CB,PRO,134.0,21.278,9.245,13.504,-0.18,2.175,0.0
ATOM,2096.0,CG,PRO,134.0,20.06,9.511,14.351,-0.18,2.175,0.03
ATOM,2097.0,CD,PRO,134.0,20.01,8.307,15.35,0.0,2.175,0.0
ATOM,2098.0,HA,PRO,134.0,20.815,7.536,12.436,0.09,1.32,0.63
ATOM,2099.0,HB2,PRO,134.0,22.107,9.542,13.97,0.09,1.32,0.0
ATOM,2100.0,HB3,PRO,134.0,21.202,9.696,12.62,0.09,1.32,0.0
ATOM,2101.0,HG2,PRO,134.0,20.153,10.36,14.858,0.09,1.32,0.0
ATOM,2102.0,HG3,PRO,134.0,19.235,9.52,13.8,0.09,1.32,0.0
ATOM,2103.0,HD2,PRO,134.0,20.651,8.443,16.074,0.09,1.32,1.06
ATOM,2104.0,HD3,PRO,134.0,19.095,8.168,15.665,0.09,1.32,0.0
ATOM,2105.0,N,GLN,135.0,23.213,7.086,12.075,-0.47,1.85,0.0
ATOM,2106.0,CA,GLN,135.0,24.615,6.755,11.82,0.07,2.275,0.0
ATOM,2107.0,C,GLN,135.0,25.561,7.804,12.436,0.51,2.0,0.0
ATOM,2108.0,O,GLN,135.0,26.563,7.454,13.074,-0.51,1.7,12.11
ATOM,2109.0,CB,GLN,135.0,24.83,6.701,10.325,-0.18,2.175,1.77
ATOM,2110.0,CG,GLN,135.0,26.289,6.353,9.957,-0.18,2.175,0.0
ATOM,2111.0,CD,GLN,135.0,26.595,4.853,10.145,0.55,2.0,0.0
ATOM,2112.0,H,GLN,135.0,22.532,7.296,11.314,0.31,0.2245,1.28
ATOM,2113.0,HA,GLN,135.0,24.814,5.874,12.263,0.09,1.32,0.0
ATOM,2114.0,HB2,GLN,135.0,24.249,6.0,9.928,0.09,1.32,0.0
ATOM,2115.0,HB3,GLN,135.0,24.627,7.589,9.924,0.09,1.32,1.79
ATOM,2116.0,HG2,GLN,135.0,26.439,6.586,9.004,0.09,1.32,0.0
ATOM,2117.0,HG3,GLN,135.0,26.896,6.873,10.545,0.09,1.32,0.08
ATOM,2118.0,OE1,GLN,135.0,25.717,4.022,10.026,-0.55,1.7,0.0
ATOM,2119.0,NE2,GLN,135.0,27.85,4.527,10.45,-0.62,1.85,4.69
ATOM,2120.0,HE21,GLN,135.0,28.111,3.568,10.599,0.32,0.2245,3.67
ATOM,2121.0,HE22,GLN,135.0,28.54,5.274,10.528,0.3,0.2245,5.33
ATOM,2122.0,N,ARG,136.0,25.22,9.079,12.276,-0.47,1.85,0.0
ATOM,2123.0,CA,ARG,136.0,26.041,10.183,12.782,0.07,2.275,0.0
ATOM,2124.0,C,ARG,136.0,25.768,10.393,14.277,0.51,2.0,0.15
ATOM,2125.0,O,ARG,136.0,24.677,10.075,14.784,-0.51,1.7,2.66
ATOM,2126.0,CB,ARG,136.0,25.735,11.454,11.974,-0.18,2.175,0.11
ATOM,2127.0,CG,ARG,136.0,24.385,12.132,12.347,-0.18,2.175,0.47
ATOM,2128.0,CD,ARG,136.0,23.866,13.173,11.315,0.2,2.175,7.12
ATOM,2129.0,NE,ARG,136.0,22.705,13.867,11.856,-0.7,1.85,0.0
ATOM,2130.0,CZ,ARG,136.0,21.451,13.35,11.83,0.64,2.0,0.0
ATOM,2131.0,NH1,ARG,136.0,21.222,12.191,11.218,-0.8,1.85,0.0
ATOM,2132.0,NH2,ARG,136.0,20.45,13.988,12.428,-0.8,1.85,0.0
ATOM,2133.0,H,ARG,136.0,24.324,9.228,11.763,0.31,0.2245,0.13
ATOM,2134.0,HA,ARG,136.0,27.007,9.949,12.665,0.09,1.32,0.04
ATOM,2135.0,HB2,ARG,136.0,26.453,12.116,12.14,0.09,1.32,2.58
ATOM,2136.0,HB3,ARG,136.0,25.689,11.216,11.013,0.09,1.32,1.65
ATOM,2137.0,HG2,ARG,136.0,23.681,11.423,12.443,0.09,1.32,0.0
ATOM,2138.0,HG3,ARG,136.0,24.491,12.605,13.226,0.09,1.32,0.0
ATOM,2139.0,HD2,ARG,136.0,24.597,13.811,11.15,0.09,1.32,9.24
ATOM,2140.0,HD3,ARG,136.0,23.617,12.678,10.501,0.09,1.32,1.91
ATOM,2141.0,HE,ARG,136.0,22.825,14.766,12.267,0.44,0.2245,3.83
ATOM,2142.0,HH11,ARG,136.0,21.963,11.681,10.792,0.46,0.2245,0.06
ATOM,2143.0,HH12,ARG,136.0,20.285,11.824,11.187,0.46,0.2245,0.0
ATOM,2144.0,HH21,ARG,136.0,20.64,14.846,12.915,0.46,0.2245,0.9
ATOM,2145.0,HH22,ARG,136.0,19.527,13.622,12.396,0.46,0.2245,0.0
ATOM,2146.0,N,PRO,137.0,26.754,10.889,15.007,-0.29,1.85,0.17
ATOM,2147.0,CA,PRO,137.0,26.535,11.213,16.429,0.02,2.275,4.34
ATOM,2148.0,C,PRO,137.0,25.619,12.439,16.544,0.51,2.0,0.08
ATOM,2149.0,O,PRO,137.0,25.906,13.474,15.912,-0.51,1.7,0.36
ATOM,2150.0,CB,PRO,137.0,27.946,11.596,16.945,-0.18,2.175,11.24
ATOM,2151.0,CG,PRO,137.0,28.888,11.427,15.785,-0.18,2.175,9.03
ATOM,2152.0,CD,PRO,137.0,28.131,11.127,14.525,0.0,2.175,3.58
ATOM,2153.0,HA,PRO,137.0,26.147,10.432,16.916,0.09,1.32,7.91
ATOM,2154.0,HB2,PRO,137.0,27.949,12.549,17.273,0.09,1.32,0.82
ATOM,2155.0,HB3,PRO,137.0,28.21,10.999,17.712,0.09,1.32,11.77
ATOM,2156.0,HG2,PRO,137.0,29.455,12.276,15.673,0.09,1.32,0.0
ATOM,2157.0,HG3,PRO,137.0,29.559,10.678,15.991,0.09,1.32,12.66
ATOM,2158.0,HD2,PRO,137.0,28.149,11.899,13.891,0.09,1.32,0.33
ATOM,2159.0,HD3,PRO,137.0,28.485,10.311,14.066,0.09,1.32,4.97
ATOM,2160.0,N,THR,138.0,24.521,12.353,17.302,-0.47,1.85,0.0
ATOM,2161.0,CA,THR,138.0,23.676,13.536,17.42,0.07,2.275,0.42
ATOM,2162.0,C,THR,138.0,22.978,13.521,18.772,0.51,2.0,0.0
ATOM,2163.0,O,THR,138.0,23.277,12.663,19.624,-0.51,1.7,1.41
ATOM,2164.0,CB,THR,138.0,22.742,13.569,16.196,0.14,2.275,0.0
ATOM,2165.0,OG1,THR,138.0,22.039,14.836,16.141,-0.66,1.77,1.64
ATOM,2166.0,CG2,THR,138.0,21.695,12.464,16.299,-0.27,2.06,0.0
ATOM,2167.0,H,THR,138.0,24.348,11.462,17.748,0.31,0.2245,4.6
ATOM,2168.0,HA,THR,138.0,24.256,14.35,17.372,0.09,1.32,0.28
ATOM,2169.0,HB,THR,138.0,23.302,13.488,15.347,0.09,1.32,0.0
ATOM,2170.0,HG21,THR,138.0,22.142,11.569,16.245,0.09,1.32,0.08
ATOM,2171.0,HG22,THR,138.0,21.21,12.539,17.172,0.09,1.32,0.0
ATOM,2172.0,HG23,THR,138.0,21.038,12.55,15.548,0.09,1.32,0.0
ATOM,2173.0,HG1,THR,138.0,21.049,14.677,16.137,0.43,0.2245,0.0
ATOM,2174.0,N,ASN,139.0,22.085,14.479,18.972,-0.47,1.85,0.0
ATOM,2175.0,CA,ASN,139.0,21.485,14.642,20.273,0.07,2.275,0.0
ATOM,2176.0,C,ASN,139.0,20.24,13.782,20.417,0.51,2.0,0.0
ATOM,2177.0,O,ASN,139.0,19.103,14.245,20.212,-0.51,1.7,11.95
ATOM,2178.0,CB,ASN,139.0,21.209,16.121,20.618,-0.18,2.175,0.0
ATOM,2179.0,CG,ASN,139.0,20.45,16.871,19.538,0.55,2.0,0.0
ATOM,2180.0,H,ASN,139.0,21.872,15.065,18.152,0.31,0.2245,0.0
ATOM,2181.0,HA,ASN,139.0,22.149,14.312,20.958,0.09,1.32,0.0
ATOM,2182.0,HB2,ASN,139.0,20.674,16.147,21.462,0.09,1.32,0.0
ATOM,2183.0,HB3,ASN,139.0,22.089,16.573,20.765,0.09,1.32,0.0
ATOM,2184.0,OD1,ASN,139.0,20.655,16.666,18.355,-0.55,1.7,2.21
ATOM,2185.0,ND2,ASN,139.0,19.573,17.811,19.97,-0.62,1.85,10.9
ATOM,2186.0,HD22,ASN,139.0,19.474,17.966,20.948,0.3,0.2245,0.0
ATOM,2187.0,HD21,ASN,139.0,19.046,18.328,19.309,0.32,0.2245,18.03
ATOM,2188.0,N,CYS,140.0,20.512,12.548,20.827,-0.47,1.85,0.0
ATOM,2189.0,CA,CYS,140.0,19.501,11.543,21.149,0.07,2.275,0.69
ATOM,2190.0,C,CYS,140.0,20.044,10.766,22.346,0.51,2.0,0.0
ATOM,2191.0,O,CYS,140.0,21.165,10.99,22.795,-0.51,1.7,1.78
ATOM,2192.0,CB,CYS,140.0,19.234,10.577,19.983,-0.11,2.175,2.96
ATOM,2193.0,SG,CYS,140.0,20.693,9.653,19.419,-0.23,2.0,9.17
ATOM,2194.0,H,CYS,140.0,21.547,12.347,20.903,0.31,0.2245,0.0
ATOM,2195.0,HA,CYS,140.0,18.675,12.006,21.429,0.09,1.32,5.88
ATOM,2196.0,HB2,CYS,140.0,18.543,9.921,20.278,0.09,1.32,0.0
ATOM,2197.0,HB3,CYS,140.0,18.886,11.111,19.215,0.09,1.32,0.05
ATOM,2198.0,HG,CYS,140.0,21.479,10.268,19.388,0.16,0.45,0.43
ATOM,2199.0,N,PHE,141.0,19.213,9.896,22.893,-0.47,1.85,0.0
ATOM,2200.0,CA,PHE,141.0,19.648,8.96,23.954,0.07,2.275,0.64
ATOM,2201.0,C,PHE,141.0,20.369,9.662,25.11,0.51,2.0,0.99
ATOM,2202.0,O,PHE,141.0,21.522,9.329,25.444,-0.51,1.7,17.42
ATOM,2203.0,CB,PHE,141.0,20.536,7.853,23.353,-0.18,2.175,1.86
ATOM,2204.0,CG,PHE,141.0,19.766,6.81,22.59,0.0,1.9924,0.0
ATOM,2205.0,CD1,PHE,141.0,18.676,6.191,23.157,-0.115,1.9924,2.81
ATOM,2206.0,CD2,PHE,141.0,20.142,6.452,21.32,-0.115,1.9924,0.0
ATOM,2207.0,CE1,PHE,141.0,17.957,5.199,22.434,-0.115,1.9924,6.71
ATOM,2208.0,CE2,PHE,141.0,19.479,5.493,20.621,-0.115,1.9924,0.0
ATOM,2209.0,CZ,PHE,141.0,18.374,4.868,21.153,-0.115,1.9924,3.14
ATOM,2210.0,H,PHE,141.0,18.242,9.916,22.528,0.31,0.2245,0.31
ATOM,2211.0,HA,PHE,141.0,18.807,8.552,24.338,0.09,1.32,0.0
ATOM,2212.0,HB2,PHE,141.0,21.17,8.284,22.732,0.09,1.32,2.22
ATOM,2213.0,HB3,PHE,141.0,21.002,7.407,24.1,0.09,1.32,0.89
ATOM,2214.0,HD1,PHE,141.0,18.37,6.42,24.07,0.115,1.3582,2.36
ATOM,2215.0,HD2,PHE,141.0,20.937,6.919,20.895,0.115,1.3582,1.44
ATOM,2216.0,HE1,PHE,141.0,17.172,4.762,22.86,0.115,1.3582,10.86
ATOM,2217.0,HE2,PHE,141.0,19.806,5.229,19.685,0.115,1.3582,0.0
ATOM,2218.0,HZ,PHE,141.0,17.872,4.183,20.629,0.115,1.3582,0.94
ATOM,2219.0,N,GLY,142.0,19.718,10.66,25.697,-0.47,1.85,0.0
ATOM,2220.0,CA,GLY,142.0,20.231,11.249,26.914,-0.02,2.175,8.2
ATOM,2221.0,C,GLY,142.0,20.967,12.556,26.72,0.51,2.0,0.28
ATOM,2222.0,O,GLY,142.0,21.361,13.176,27.723,-0.51,1.7,22.7
ATOM,2223.0,H,GLY,142.0,18.853,10.96,25.224,0.31,0.2245,0.0
ATOM,2224.0,HA2,GLY,142.0,19.456,11.396,27.569,0.09,1.32,0.5
ATOM,2225.0,HA3,GLY,142.0,20.856,10.58,27.375,0.09,1.32,8.63
ATOM,2226.0,N,LYS,143.0,21.104,13.005,25.47,-0.47,1.85,0.0
ATOM,2227.0,CA,LYS,143.0,21.802,14.258,25.186,0.07,2.275,0.86
ATOM,2228.0,C,LYS,143.0,20.772,15.258,24.675,0.51,2.0,0.0
ATOM,2229.0,O,LYS,143.0,20.16,15.054,23.633,-0.51,1.7,2.36
ATOM,2230.0,CB,LYS,143.0,22.883,14.074,24.121,-0.18,2.175,1.25
ATOM,2231.0,CG,LYS,143.0,23.868,12.965,24.416,-0.18,2.175,7.31
ATOM,2232.0,CD,LYS,143.0,25.273,13.241,23.861,-0.18,2.175,13.93
ATOM,2233.0,CE,LYS,143.0,25.4,13.05,22.349,0.21,2.175,3.66
ATOM,2234.0,NZ,LYS,143.0,26.782,13.415,21.904,-0.3,1.85,7.84
ATOM,2235.0,H,LYS,143.0,20.684,12.404,24.741,0.31,0.2245,0.0
ATOM,2236.0,HA,LYS,143.0,22.2,14.606,26.028,0.09,1.32,4.2
ATOM,2237.0,HB2,LYS,143.0,22.431,13.874,23.251,0.09,1.32,0.0
ATOM,2238.0,HB3,LYS,143.0,23.388,14.935,24.04,0.09,1.32,1.48
ATOM,2239.0,HG2,LYS,143.0,23.943,12.841,25.413,0.09,1.32,6.63
ATOM,2240.0,HG3,LYS,143.0,23.534,12.105,24.013,0.09,1.32,1.08
ATOM,2241.0,HD2,LYS,143.0,25.521,14.189,24.082,0.09,1.32,4.84
ATOM,2242.0,HD3,LYS,143.0,25.921,12.622,24.314,0.09,1.32,11.0
ATOM,2243.0,HE2,LYS,143.0,25.225,12.097,22.128,0.05,1.32,8.49
ATOM,2244.0,HE3,LYS,143.0,24.743,13.639,21.892,0.05,1.32,0.0
ATOM,2245.0,HZ1,LYS,143.0,27.072,14.241,22.383,0.33,0.2245,4.68
ATOM,2246.0,HZ2,LYS,143.0,27.404,12.664,22.118,0.33,0.2245,19.21
ATOM,2247.0,HZ3,LYS,143.0,26.776,13.579,20.919,0.33,0.2245,2.91
ATOM,2248.0,N,LEU,144.0,20.533,16.31,25.446,-0.47,1.85,0.01
ATOM,2249.0,CA,LEU,144.0,19.516,17.281,25.048,0.07,2.275,0.0
ATOM,2250.0,C,LEU,144.0,19.947,18.163,23.892,0.51,2.0,0.0
ATOM,2251.0,O,LEU,144.0,19.19,18.28,22.899,-0.51,1.7,7.66
ATOM,2252.0,CB,LEU,144.0,19.159,18.169,26.233,-0.18,2.175,3.34
ATOM,2253.0,CG,LEU,144.0,18.138,19.269,25.94,-0.09,2.275,2.43
ATOM,2254.0,CD1,LEU,144.0,16.807,18.702,25.458,-0.27,2.06,4.13
ATOM,2255.0,CD2,LEU,144.0,17.888,20.066,27.243,-0.27,2.06,28.59
ATOM,2256.0,H,LEU,144.0,21.094,16.379,26.3,0.31,0.2245,7.3
ATOM,2257.0,HA,LEU,144.0,18.682,16.771,24.77,0.09,1.32,1.45
ATOM,2258.0,HB2,LEU,144.0,18.776,17.593,26.946,0.09,1.32,0.0
ATOM,2259.0,HB3,LEU,144.0,19.989,18.612,26.548,0.09,1.32,5.36
ATOM,2260.0,HG,LEU,144.0,18.512,19.881,25.234,0.09,1.32,4.39
ATOM,2261.0,HD11,LEU,144.0,16.426,18.103,26.162,0.09,1.32,0.0
ATOM,2262.0,HD12,LEU,144.0,16.171,19.452,25.279,0.09,1.32,0.97
ATOM,2263.0,HD13,LEU,144.0,16.952,18.18,24.618,0.09,1.32,0.59
ATOM,2264.0,HD21,LEU,144.0,18.749,20.466,27.546,0.09,1.32,10.36
ATOM,2265.0,HD22,LEU,144.0,17.223,20.785,27.058,0.09,1.32,2.7
ATOM,2266.0,HD23,LEU,144.0,17.536,19.444,27.938,0.09,1.32,0.18
ATOM,2267.0,N,GLY,145.0,21.11,18.804,24.014,-0.47,1.85,1.0
ATOM,2268.0,CA,GLY,145.0,21.561,19.685,22.949,-0.02,2.175,17.41
ATOM,2269.0,C,GLY,145.0,22.64,19.014,22.105,0.51,2.0,0.61
ATOM,2270.0,O,GLY,145.0,23.386,18.124,22.549,-0.51,1.7,6.1
ATOM,2271.0,H,GLY,145.0,21.626,18.626,24.881,0.31,0.2245,8.59
ATOM,2272.0,HA2,GLY,145.0,20.782,19.928,22.358,0.09,1.32,3.91
ATOM,2273.0,HA3,GLY,145.0,21.932,20.533,23.346,0.09,1.32,11.92
ATOM,2274.0,N,TYR,146.0,22.731,19.465,20.874,-0.47,1.85,0.47
ATOM,2275.0,CA,TYR,146.0,23.702,18.887,19.936,0.07,2.275,0.0
ATOM,2276.0,C,TYR,146.0,25.125,19.405,20.172,0.51,2.0,0.0
ATOM,2277.0,O,TYR,146.0,25.334,20.61,20.387,-0.51,1.7,23.95
ATOM,2278.0,CB,TYR,146.0,23.314,19.363,18.527,-0.18,2.175,11.65
ATOM,2279.0,CG,TYR,146.0,24.237,18.841,17.422,0.0,1.9924,0.57
ATOM,2280.0,CD1,TYR,146.0,24.097,17.529,16.962,-0.115,1.9924,4.4
ATOM,2281.0,CD2,TYR,146.0,25.203,19.683,16.827,-0.115,1.9924,7.29
ATOM,2282.0,CE1,TYR,146.0,24.974,17.017,15.962,-0.115,1.9924,4.58
ATOM,2283.0,CE2,TYR,146.0,26.052,19.192,15.853,-0.115,1.9924,8.66
ATOM,2284.0,CZ,TYR,146.0,25.908,17.883,15.419,0.11,1.9924,2.12
ATOM,2285.0,OH,TYR,146.0,26.773,17.432,14.443,-0.54,1.77,19.78
ATOM,2286.0,H,TYR,146.0,22.089,20.232,20.624,0.31,0.2245,8.91
ATOM,2287.0,HA,TYR,146.0,23.709,17.885,20.069,0.09,1.32,0.0
ATOM,2288.0,HB2,TYR,146.0,22.393,19.046,18.331,0.09,1.32,1.19
ATOM,2289.0,HB3,TYR,146.0,23.351,20.356,18.51,0.09,1.32,6.46
ATOM,2290.0,HD1,TYR,146.0,23.389,16.939,17.324,0.115,1.3582,0.0
ATOM,2291.0,HD2,TYR,146.0,25.262,20.628,17.117,0.115,1.3582,3.43
ATOM,2292.0,HE1,TYR,146.0,24.903,16.079,15.679,0.115,1.3582,0.0
ATOM,2293.0,HE2,TYR,146.0,26.765,19.773,15.463,0.115,1.3582,1.73
ATOM,2294.0,HH,TYR,146.0,27.693,17.762,14.645,0.43,0.2245,2.26
ATOM,2295.0,N,SER,147.0,26.07,18.476,20.146,-0.47,1.85,0.0
ATOM,2296.0,CA,SER,147.0,27.487,18.802,20.207,0.07,2.275,0.8
ATOM,2297.0,C,SER,147.0,28.124,18.638,18.835,0.51,2.0,0.0
ATOM,2298.0,O,SER,147.0,27.95,17.645,18.177,-0.51,1.7,2.07
ATOM,2299.0,CB,SER,147.0,28.185,17.833,21.17,0.05,2.175,17.47
ATOM,2300.0,OG,SER,147.0,27.823,18.148,22.526,-0.66,1.77,28.13
ATOM,2301.0,H,SER,147.0,25.712,17.496,20.078,0.31,0.2245,0.18
ATOM,2302.0,HA,SER,147.0,27.576,19.766,20.476,0.09,1.32,4.16
ATOM,2303.0,HB2,SER,147.0,27.892,16.911,20.971,0.09,1.32,0.39
ATOM,2304.0,HB3,SER,147.0,29.163,17.931,21.074,0.09,1.32,6.13
ATOM,2305.0,HG,SER,147.0,26.934,17.747,22.724,0.43,0.2245,5.85
ATOM,2306.0,N,TRP,148.0,28.891,19.619,18.412,-0.47,1.85,0.28
ATOM,2307.0,CA,TRP,148.0,29.588,19.519,17.165,0.07,2.275,0.0
ATOM,2308.0,C,TRP,148.0,30.495,18.346,17.095,0.51,2.0,0.0
ATOM,2309.0,O,TRP,148.0,31.204,18.082,18.063,-0.51,1.7,18.34
ATOM,2310.0,CB,TRP,148.0,30.622,20.546,17.257,-0.18,2.175,11.05
ATOM,2311.0,CG,TRP,148.0,30.687,21.316,16.229,-0.03,1.9924,0.27
ATOM,2312.0,CD1,TRP,148.0,31.829,21.62,15.479,0.035,1.9924,15.18
ATOM,2313.0,CD2,TRP,148.0,29.657,22.145,15.757,-0.02,1.8,2.49
ATOM,2314.0,NE1,TRP,148.0,31.512,22.573,14.537,-0.61,1.85,13.29
ATOM,2315.0,CE2,TRP,148.0,30.193,22.907,14.701,0.13,1.8,3.12
ATOM,2316.0,CE3,TRP,148.0,28.303,22.307,16.103,-0.115,1.9924,9.22
ATOM,2317.0,CZ2,TRP,148.0,29.436,23.809,13.988,-0.115,1.9924,21.19
ATOM,2318.0,CZ3,TRP,148.0,27.575,23.206,15.406,-0.115,1.9924,14.13
ATOM,2319.0,CH2,TRP,148.0,28.16,23.958,14.368,-0.115,1.9924,19.52
ATOM,2320.0,H,TRP,148.0,28.941,20.442,19.044,0.31,0.2245,6.88
ATOM,2321.0,HA,TRP,148.0,28.889,19.421,16.427,0.09,1.32,0.0
ATOM,2322.0,HB2,TRP,148.0,30.438,21.078,18.114,0.09,1.32,6.56
ATOM,2323.0,HB3,TRP,148.0,31.51,20.06,17.42,0.09,1.32,2.25
ATOM,2324.0,HD1,TRP,148.0,32.714,21.209,15.615,0.115,1.3582,5.51
ATOM,2325.0,HE1,TRP,148.0,32.129,22.951,13.859,0.38,0.2245,21.18
ATOM,2326.0,HE3,TRP,148.0,27.907,21.768,16.841,0.115,1.3582,0.29
ATOM,2327.0,HZ2,TRP,148.0,29.843,24.322,13.222,0.115,1.3582,16.19
ATOM,2328.0,HZ3,TRP,148.0,26.611,23.35,15.618,0.115,1.3582,13.55
ATOM,2329.0,HH2,TRP,148.0,27.566,24.638,13.902,0.115,1.3582,18.43
ATOM,2330.0,N,THR,149.0,30.562,17.74,15.917,-0.47,1.85,0.0
ATOM,2331.0,CA,THR,149.0,31.395,16.543,15.749,0.07,2.275,0.59
ATOM,2332.0,C,THR,149.0,32.547,16.913,14.865,0.51,2.0,0.0
ATOM,2333.0,O,THR,149.0,32.516,17.923,14.199,-0.51,1.7,11.47
ATOM,2334.0,CB,THR,149.0,30.614,15.4,15.076,0.14,2.275,1.81
ATOM,2335.0,OG1,THR,149.0,30.28,15.755,13.71,-0.66,1.77,12.55
ATOM,2336.0,CG2,THR,149.0,29.291,15.182,15.739,-0.27,2.06,0.58
ATOM,2337.0,H,THR,149.0,30.006,18.16,15.163,0.31,0.2245,2.8
ATOM,2338.0,HA,THR,149.0,31.74,16.277,16.645,0.09,1.32,5.6
ATOM,2339.0,HB,THR,149.0,31.204,14.567,15.044,0.09,1.32,0.68
ATOM,2340.0,HG21,THR,149.0,29.415,14.757,16.644,0.09,1.32,6.0
ATOM,2341.0,HG22,THR,149.0,28.81,16.058,15.862,0.09,1.32,0.0
ATOM,2342.0,HG23,THR,149.0,28.712,14.577,15.18,0.09,1.32,0.7
ATOM,2343.0,HG1,THR,149.0,30.674,15.084,13.077,0.43,0.2245,2.94
ATOM,2344.0,N,ASP,150.0,33.607,16.108,14.863,-0.47,1.85,0.0
ATOM,2345.0,CA,ASP,150.0,34.661,16.436,13.913,0.07,2.275,0.93
ATOM,2346.0,C,ASP,150.0,34.614,15.49,12.711,0.51,2.0,0.54
ATOM,2347.0,O,ASP,150.0,34.755,15.913,11.561,-0.51,1.7,29.02
ATOM,2348.0,CB,ASP,150.0,36.028,16.493,14.592,-0.28,2.175,17.66
ATOM,2349.0,CG,ASP,150.0,36.056,17.492,15.745,0.62,2.0,3.76
ATOM,2350.0,OD1,ASP,150.0,35.264,18.465,15.73,-0.76,1.7,18.92
ATOM,2351.0,OD2,ASP,150.0,36.824,17.377,16.718,-0.76,1.7,48.45
ATOM,2352.0,H,ASP,150.0,33.608,15.342,15.506,0.31,0.2245,7.92
ATOM,2353.0,HA,ASP,150.0,34.475,17.36,13.564,0.09,1.32,3.77
ATOM,2354.0,HB2,ASP,150.0,36.234,15.593,14.95,0.09,1.32,8.32
ATOM,2355.0,HB3,ASP,150.0,36.698,16.77,13.919,0.09,1.32,10.36
ATOM,2356.0,N,SER,151.0,34.347,14.221,12.997,-0.47,1.85,0.5
ATOM,2357.0,CA,SER,151.0,34.26,13.159,11.988,0.07,2.275,2.13
ATOM,2358.0,C,SER,151.0,32.965,13.155,11.143,0.51,2.0,0.17
ATOM,2359.0,O,SER,151.0,31.853,13.087,11.673,-0.51,1.7,0.63
ATOM,2360.0,CB,SER,151.0,34.427,11.794,12.68,0.05,2.175,26.77
ATOM,2361.0,OG,SER,151.0,33.713,11.742,13.917,-0.66,1.77,24.24
ATOM,2362.0,H,SER,151.0,34.2,14.035,14.022,0.31,0.2245,0.79
ATOM,2363.0,HA,SER,151.0,35.042,13.276,11.342,0.09,1.32,7.05
ATOM,2364.0,HB2,SER,151.0,34.076,11.085,12.077,0.09,1.32,3.8
ATOM,2365.0,HB3,SER,151.0,35.394,11.645,12.861,0.09,1.32,11.5
ATOM,2366.0,HG,SER,151.0,32.957,12.392,13.886,0.43,0.2245,0.25
ATOM,2367.0,N,ALA,152.0,33.108,13.243,9.824,-0.47,1.85,0.77
ATOM,2368.0,CA,ALA,152.0,31.947,13.098,8.959,0.07,2.275,3.98
ATOM,2369.0,C,ALA,152.0,31.538,11.651,9.135,0.51,2.0,0.0
ATOM,2370.0,O,ALA,152.0,32.391,10.791,9.321,-0.51,1.7,14.97
ATOM,2371.0,CB,ALA,152.0,32.318,13.351,7.525,-0.27,2.06,38.08
ATOM,2372.0,H,ALA,152.0,34.063,13.414,9.49,0.31,0.2245,8.64
ATOM,2373.0,HA,ALA,152.0,31.225,13.678,9.286,0.09,1.32,2.85
ATOM,2374.0,HB1,ALA,152.0,33.284,13.613,7.461,0.09,1.32,8.1
ATOM,2375.0,HB2,ALA,152.0,32.169,12.522,6.98,0.09,1.32,4.61
ATOM,2376.0,HB3,ALA,152.0,31.755,14.092,7.15,0.09,1.32,11.43
ATOM,2377.0,N,PRO,153.0,30.248,11.351,9.113,-0.29,1.85,0.0
ATOM,2378.0,CA,PRO,153.0,29.834,9.95,9.21,0.02,2.275,0.6
ATOM,2379.0,C,PRO,153.0,30.186,9.148,7.942,0.51,2.0,0.07
ATOM,2380.0,O,PRO,153.0,30.148,9.701,6.838,-0.51,1.7,16.37
ATOM,2381.0,CB,PRO,153.0,28.302,10.057,9.36,-0.18,2.175,0.96
ATOM,2382.0,CG,PRO,153.0,28.12,11.465,9.809,-0.18,2.175,2.98
ATOM,2383.0,CD,PRO,153.0,29.109,12.277,9.04,0.0,2.175,13.83
ATOM,2384.0,HA,PRO,153.0,30.239,9.51,10.025,0.09,1.32,7.44
ATOM,2385.0,HB2,PRO,153.0,27.857,9.894,8.486,0.09,1.32,0.02
ATOM,2386.0,HB3,PRO,153.0,27.975,9.413,10.042,0.09,1.32,0.03
ATOM,2387.0,HG2,PRO,153.0,27.176,11.774,9.625,0.09,1.32,3.23
ATOM,2388.0,HG3,PRO,153.0,28.283,11.541,10.803,0.09,1.32,0.0
ATOM,2389.0,HD2,PRO,153.0,28.828,12.412,8.108,0.09,1.32,8.6
ATOM,2390.0,HD3,PRO,153.0,29.319,13.126,9.492,0.09,1.32,3.95
ATOM,2391.0,N,ALA,154.0,30.403,7.845,8.148,-0.47,1.85,1.0
ATOM,2392.0,CA,ALA,154.0,30.811,6.836,7.151,0.07,2.275,3.34
ATOM,2393.0,C,ALA,154.0,29.773,6.47,6.089,0.51,2.0,1.36
ATOM,2394.0,O,ALA,154.0,30.057,5.826,5.08,-0.51,1.7,24.27
ATOM,2395.0,CB,ALA,154.0,31.192,5.55,7.907,-0.27,2.06,33.35
ATOM,2396.0,H,ALA,154.0,30.246,7.566,9.174,0.31,0.2245,3.44
ATOM,2397.0,HA,ALA,154.0,31.651,7.186,6.673,0.09,1.32,12.02
ATOM,2398.0,HB1,ALA,154.0,30.881,5.623,8.851,0.09,1.32,2.19
ATOM,2399.0,HB2,ALA,154.0,30.754,4.771,7.465,0.09,1.32,2.18
ATOM,2400.0,HB3,ALA,154.0,32.182,5.44,7.884,0.09,1.32,11.56
ATOM,2401.0,N,VAL,155.0,28.547,6.82,6.359,-0.47,1.85,0.02
ATOM,2402.0,CA,VAL,155.0,27.441,6.418,5.549,0.07,2.275,0.67
ATOM,2403.0,C,VAL,155.0,26.528,7.614,5.711,0.51,2.0,0.0
ATOM,2404.0,O,VAL,155.0,26.29,8.055,6.843,-0.51,1.7,1.69
ATOM,2405.0,CB,VAL,155.0,26.825,5.143,6.186,-0.09,2.275,0.0
ATOM,2406.0,CG1,VAL,155.0,25.525,4.813,5.6,-0.27,2.06,0.26
ATOM,2407.0,CG2,VAL,155.0,27.795,3.952,5.99,-0.27,2.06,8.37
ATOM,2408.0,H,VAL,155.0,28.444,7.419,7.218,0.31,0.2245,0.0
ATOM,2409.0,HA,VAL,155.0,27.722,6.378,4.617,0.09,1.32,0.0
ATOM,2410.0,HB,VAL,155.0,26.695,5.348,7.162,0.09,1.32,0.0
ATOM,2411.0,HG11,VAL,155.0,24.775,5.007,6.248,0.09,1.32,0.0
ATOM,2412.0,HG12,VAL,155.0,25.357,5.352,4.762,0.09,1.32,0.0
ATOM,2413.0,HG13,VAL,155.0,25.476,3.835,5.353,0.09,1.32,0.0
ATOM,2414.0,HG21,VAL,155.0,28.336,3.845,6.819,0.09,1.32,0.0
ATOM,2415.0,HG22,VAL,155.0,27.258,3.131,5.818,0.09,1.32,0.0
ATOM,2416.0,HG23,VAL,155.0,28.386,4.149,5.213,0.09,1.32,2.56
ATOM,2417.0,N,SER,156.0,26.089,8.176,4.601,-0.47,1.85,0.95
ATOM,2418.0,CA,SER,156.0,25.28,9.405,4.638,0.07,2.275,1.73
ATOM,2419.0,C,SER,156.0,23.797,9.074,4.719,0.51,2.0,0.35
ATOM,2420.0,O,SER,156.0,23.393,7.933,4.493,-0.51,1.7,0.0
ATOM,2421.0,CB,SER,156.0,25.501,10.223,3.358,0.05,2.175,22.18
ATOM,2422.0,OG,SER,156.0,25.047,9.508,2.236,-0.66,1.77,3.46
ATOM,2423.0,H,SER,156.0,26.351,7.698,3.722,0.31,0.2245,0.0
ATOM,2424.0,HA,SER,156.0,25.533,9.913,5.467,0.09,1.32,4.66
ATOM,2425.0,HB2,SER,156.0,24.995,11.074,3.436,0.09,1.32,4.86
ATOM,2426.0,HB3,SER,156.0,26.473,10.404,3.264,0.09,1.32,10.8
ATOM,2427.0,HG,SER,156.0,25.732,8.829,1.967,0.43,0.2245,2.16
ATOM,2428.0,N,LEU,157.0,22.983,10.092,4.999,-0.47,1.85,0.75
ATOM,2429.0,CA,LEU,157.0,21.525,9.844,4.937,0.07,2.275,0.0
ATOM,2430.0,C,LEU,157.0,21.085,9.386,3.533,0.51,2.0,0.0
ATOM,2431.0,O,LEU,157.0,20.158,8.587,3.431,-0.51,1.7,0.0
ATOM,2432.0,CB,LEU,157.0,20.709,11.07,5.392,-0.18,2.175,0.15
ATOM,2433.0,CG,LEU,157.0,21.002,11.459,6.833,-0.09,2.275,0.94
ATOM,2434.0,CD1,LEU,157.0,20.243,12.762,7.231,-0.27,2.06,2.52
ATOM,2435.0,CD2,LEU,157.0,20.635,10.345,7.817,-0.27,2.06,3.08
ATOM,2436.0,H,LEU,157.0,23.408,10.972,5.237,0.31,0.2245,6.16
ATOM,2437.0,HA,LEU,157.0,21.301,9.114,5.591,0.09,1.32,0.0
ATOM,2438.0,HB2,LEU,157.0,20.958,11.824,4.817,0.09,1.32,0.27
ATOM,2439.0,HB3,LEU,157.0,19.76,10.838,5.326,0.09,1.32,0.0
ATOM,2440.0,HG,LEU,157.0,21.981,11.62,6.947,0.09,1.32,4.04
ATOM,2441.0,HD11,LEU,157.0,19.267,12.602,7.129,0.09,1.32,0.0
ATOM,2442.0,HD12,LEU,157.0,20.462,12.979,8.176,0.09,1.32,0.0
ATOM,2443.0,HD13,LEU,157.0,20.539,13.496,6.629,0.09,1.32,0.07
ATOM,2444.0,HD21,LEU,157.0,21.165,9.526,7.601,0.09,1.32,1.62
ATOM,2445.0,HD22,LEU,157.0,20.844,10.644,8.747,0.09,1.32,0.0
ATOM,2446.0,HD23,LEU,157.0,19.659,10.145,7.74,0.09,1.32,0.0
ATOM,2447.0,N,LEU,158.0,21.687,9.922,2.466,-0.47,1.85,0.0
ATOM,2448.0,CA,LEU,158.0,21.318,9.499,1.123,0.07,2.275,0.0
ATOM,2449.0,C,LEU,158.0,21.667,8.02,0.93,0.51,2.0,0.0
ATOM,2450.0,O,LEU,158.0,20.846,7.285,0.351,-0.51,1.7,0.0
ATOM,2451.0,CB,LEU,158.0,22.093,10.323,0.104,-0.18,2.175,3.49
ATOM,2452.0,CG,LEU,158.0,21.747,10.082,-1.365,-0.09,2.275,0.5
ATOM,2453.0,CD1,LEU,158.0,20.252,10.04,-1.623,-0.27,2.06,0.0
ATOM,2454.0,CD2,LEU,158.0,22.417,11.157,-2.253,-0.27,2.06,27.49
ATOM,2455.0,H,LEU,158.0,22.403,10.63,2.676,0.31,0.2245,0.29
ATOM,2456.0,HA,LEU,158.0,20.328,9.604,1.01,0.09,1.32,0.0
ATOM,2457.0,HB2,LEU,158.0,21.922,11.288,0.293,0.09,1.32,0.31
ATOM,2458.0,HB3,LEU,158.0,23.063,10.121,0.217,0.09,1.32,1.01
ATOM,2459.0,HG,LEU,158.0,22.16,9.207,-1.656,0.09,1.32,3.57
ATOM,2460.0,HD11,LEU,158.0,19.84,10.912,-1.354,0.09,1.32,0.0
ATOM,2461.0,HD12,LEU,158.0,20.083,9.88,-2.597,0.09,1.32,0.37
ATOM,2462.0,HD13,LEU,158.0,19.839,9.3,-1.09,0.09,1.32,0.0
ATOM,2463.0,HD21,LEU,158.0,23.405,11.105,-2.132,0.09,1.32,10.48
ATOM,2464.0,HD22,LEU,158.0,22.179,10.982,-3.205,0.09,1.32,4.44
ATOM,2465.0,HD23,LEU,158.0,22.085,12.055,-1.977,0.09,1.32,0.58
ATOM,2466.0,N,ASP,159.0,22.833,7.584,1.414,-0.47,1.85,0.0
ATOM,2467.0,CA,ASP,159.0,23.208,6.17,1.351,0.07,2.275,1.57
ATOM,2468.0,C,ASP,159.0,22.1,5.31,1.962,0.51,2.0,0.0
ATOM,2469.0,O,ASP,159.0,21.68,4.304,1.396,-0.51,1.7,2.24
ATOM,2470.0,CB,ASP,159.0,24.499,5.911,2.146,-0.28,2.175,3.97
ATOM,2471.0,CG,ASP,159.0,25.761,6.546,1.485,0.62,2.0,3.11
ATOM,2472.0,OD1,ASP,159.0,25.774,6.774,0.25,-0.76,1.7,32.26
ATOM,2473.0,OD2,ASP,159.0,26.794,6.853,2.127,-0.76,1.7,18.03
ATOM,2474.0,H,ASP,159.0,23.435,8.318,1.828,0.31,0.2245,0.0
ATOM,2475.0,HA,ASP,159.0,23.271,5.922,0.382,0.09,1.32,4.37
ATOM,2476.0,HB2,ASP,159.0,24.398,6.308,3.047,0.09,1.32,0.0
ATOM,2477.0,HB3,ASP,159.0,24.645,4.934,2.2,0.09,1.32,3.07
ATOM,2478.0,N,THR,160.0,21.675,5.729,3.146,-0.47,1.85,0.0
ATOM,2479.0,CA,THR,160.0,20.694,4.916,3.878,0.07,2.275,0.0
ATOM,2480.0,C,THR,160.0,19.338,4.926,3.154,0.51,2.0,0.0
ATOM,2481.0,O,THR,160.0,18.664,3.903,3.008,-0.51,1.7,0.0
ATOM,2482.0,CB,THR,160.0,20.564,5.509,5.246,0.14,2.275,0.0
ATOM,2483.0,OG1,THR,160.0,21.804,5.308,5.93,-0.66,1.77,1.41
ATOM,2484.0,CG2,THR,160.0,19.514,4.705,6.065,-0.27,2.06,0.03
ATOM,2485.0,H,THR,160.0,22.062,6.607,3.485,0.31,0.2245,0.0
ATOM,2486.0,HA,THR,160.0,21.025,3.97,3.91,0.09,1.32,0.0
ATOM,2487.0,HB,THR,160.0,20.408,6.513,5.175,0.09,1.32,0.0
ATOM,2488.0,HG21,THR,160.0,19.982,3.985,6.571,0.09,1.32,0.0
ATOM,2489.0,HG22,THR,160.0,19.055,5.324,6.697,0.09,1.32,0.0
ATOM,2490.0,HG23,THR,160.0,18.851,4.305,5.437,0.09,1.32,0.0
ATOM,2491.0,HG1,THR,160.0,22.118,4.359,5.816,0.43,0.2245,0.0
ATOM,2492.0,N,LEU,161.0,18.922,6.104,2.71,-0.47,1.85,0.0
ATOM,2493.0,CA,LEU,161.0,17.631,6.215,2.039,0.07,2.275,0.0
ATOM,2494.0,C,LEU,161.0,17.624,5.464,0.71,0.51,2.0,0.0
ATOM,2495.0,O,LEU,161.0,16.618,4.851,0.353,-0.51,1.7,0.0
ATOM,2496.0,CB,LEU,161.0,17.312,7.687,1.817,-0.18,2.175,0.0
ATOM,2497.0,CG,LEU,161.0,15.916,7.975,1.263,-0.09,2.275,0.0
ATOM,2498.0,CD1,LEU,161.0,14.751,7.433,2.159,-0.27,2.06,0.0
ATOM,2499.0,CD2,LEU,161.0,15.747,9.464,1.013,-0.27,2.06,0.04
ATOM,2500.0,H,LEU,161.0,19.558,6.894,2.872,0.31,0.2245,0.0
ATOM,2501.0,HA,LEU,161.0,16.924,5.812,2.634,0.09,1.32,0.0
ATOM,2502.0,HB2,LEU,161.0,17.385,8.154,2.691,0.09,1.32,0.0
ATOM,2503.0,HB3,LEU,161.0,17.969,8.051,1.169,0.09,1.32,0.0
ATOM,2504.0,HG,LEU,161.0,15.825,7.558,0.348,0.09,1.32,0.0
ATOM,2505.0,HD11,LEU,161.0,14.818,7.863,3.052,0.09,1.32,0.0
ATOM,2506.0,HD12,LEU,161.0,13.889,7.665,1.724,0.09,1.32,0.0
ATOM,2507.0,HD13,LEU,161.0,14.85,6.448,2.237,0.09,1.32,0.0
ATOM,2508.0,HD21,LEU,161.0,16.431,9.773,0.351,0.09,1.32,0.0
ATOM,2509.0,HD22,LEU,161.0,14.831,9.642,0.651,0.09,1.32,0.0
ATOM,2510.0,HD23,LEU,161.0,15.867,9.965,1.872,0.09,1.32,0.0
ATOM,2511.0,N,ASP,162.0,18.771,5.471,0.0,-0.47,1.85,0.0
ATOM,2512.0,CA,ASP,162.0,18.802,4.758,-1.269,0.07,2.275,0.0
ATOM,2513.0,C,ASP,162.0,18.671,3.257,-1.06,0.51,2.0,0.0
ATOM,2514.0,O,ASP,162.0,18.003,2.551,-1.837,-0.51,1.7,2.31
ATOM,2515.0,CB,ASP,162.0,20.128,5.084,-1.985,-0.28,2.175,3.64
ATOM,2516.0,CG,ASP,162.0,19.914,5.786,-3.312,0.62,2.0,2.5
ATOM,2517.0,OD1,ASP,162.0,19.205,5.229,-4.187,-0.76,1.7,24.11
ATOM,2518.0,OD2,ASP,162.0,20.425,6.898,-3.574,-0.76,1.7,21.16
ATOM,2519.0,H,ASP,162.0,19.543,5.982,0.41,0.31,0.2245,0.0
ATOM,2520.0,HA,ASP,162.0,17.997,5.054,-1.798,0.09,1.32,0.0
ATOM,2521.0,HB2,ASP,162.0,20.655,5.675,-1.389,0.09,1.32,0.0
ATOM,2522.0,HB3,ASP,162.0,20.603,4.229,-2.145,0.09,1.32,0.0
ATOM,2523.0,N,ALA,163.0,19.268,2.774,0.015,-0.47,1.85,0.0
ATOM,2524.0,CA,ALA,163.0,19.236,1.356,0.326,0.07,2.275,0.0
ATOM,2525.0,C,ALA,163.0,17.834,0.951,0.694,0.51,2.0,0.0
ATOM,2526.0,O,ALA,163.0,17.31,-0.029,0.192,-0.51,1.7,0.0
ATOM,2527.0,CB,ALA,163.0,20.203,1.037,1.457,-0.27,2.06,0.02
ATOM,2528.0,H,ALA,163.0,19.751,3.48,0.605,0.31,0.2245,0.0
ATOM,2529.0,HA,ALA,163.0,19.523,0.84,-0.487,0.09,1.32,0.0
ATOM,2530.0,HB1,ALA,163.0,19.709,1.027,2.326,0.09,1.32,0.0
ATOM,2531.0,HB2,ALA,163.0,20.618,0.141,1.3,0.09,1.32,0.0
ATOM,2532.0,HB3,ALA,163.0,20.92,1.733,1.491,0.09,1.32,0.09
ATOM,2533.0,N,LEU,164.0,17.184,1.723,1.552,-0.47,1.85,0.0
ATOM,2534.0,CA,LEU,164.0,15.788,1.416,1.912,0.07,2.275,0.0
ATOM,2535.0,C,LEU,164.0,14.841,1.415,0.709,0.51,2.0,0.0
ATOM,2536.0,O,LEU,164.0,13.938,0.584,0.62,-0.51,1.7,0.0
ATOM,2537.0,CB,LEU,164.0,15.284,2.401,2.992,-0.18,2.175,0.0
ATOM,2538.0,CG,LEU,164.0,15.974,2.19,4.337,-0.09,2.275,0.0
ATOM,2539.0,CD1,LEU,164.0,15.794,3.447,5.196,-0.27,2.06,0.86
ATOM,2540.0,CD2,LEU,164.0,15.442,0.979,5.06,-0.27,2.06,0.57
ATOM,2541.0,H,LEU,164.0,17.708,2.519,1.931,0.31,0.2245,0.0
ATOM,2542.0,HA,LEU,164.0,15.767,0.495,2.335,0.09,1.32,0.0
ATOM,2543.0,HB2,LEU,164.0,15.489,3.308,2.686,0.09,1.32,0.0
ATOM,2544.0,HB3,LEU,164.0,14.327,2.244,3.114,0.09,1.32,0.0
ATOM,2545.0,HG,LEU,164.0,16.943,2.033,4.189,0.09,1.32,0.0
ATOM,2546.0,HD11,LEU,164.0,14.819,3.611,5.338,0.09,1.32,0.0
ATOM,2547.0,HD12,LEU,164.0,16.245,3.311,6.076,0.09,1.32,0.0
ATOM,2548.0,HD13,LEU,164.0,16.202,4.228,4.726,0.09,1.32,0.0
ATOM,2549.0,HD21,LEU,164.0,15.589,0.157,4.504,0.09,1.32,0.0
ATOM,2550.0,HD22,LEU,164.0,15.915,0.87,5.938,0.09,1.32,0.0
ATOM,2551.0,HD23,LEU,164.0,14.459,1.087,5.23,0.09,1.32,0.0
ATOM,2552.0,N,ALA,165.0,15.05,2.356,-0.204,-0.47,1.85,0.0
ATOM,2553.0,CA,ALA,165.0,14.245,2.499,-1.387,0.07,2.275,0.0
ATOM,2554.0,C,ALA,165.0,14.214,1.189,-2.187,0.51,2.0,0.31
ATOM,2555.0,O,ALA,165.0,13.187,0.819,-2.739,-0.51,1.7,1.46
ATOM,2556.0,CB,ALA,165.0,14.783,3.682,-2.245,-0.27,2.06,6.39
ATOM,2557.0,H,ALA,165.0,15.862,2.988,0.02,0.31,0.2245,0.0
ATOM,2558.0,HA,ALA,165.0,13.298,2.726,-1.125,0.09,1.32,0.0
ATOM,2559.0,HB1,ALA,165.0,14.023,4.081,-2.746,0.09,1.32,2.51
ATOM,2560.0,HB2,ALA,165.0,15.188,4.356,-1.637,0.09,1.32,0.0
ATOM,2561.0,HB3,ALA,165.0,15.466,3.331,-2.876,0.09,1.32,3.62
ATOM,2562.0,N,GLU,166.0,15.335,0.495,-2.245,-0.47,1.85,0.32
ATOM,2563.0,CA,GLU,166.0,15.352,-0.757,-2.981,0.07,2.275,2.44
ATOM,2564.0,C,GLU,166.0,14.356,-1.771,-2.417,0.51,2.0,0.0
ATOM,2565.0,O,GLU,166.0,13.64,-2.479,-3.17,-0.51,1.7,0.92
ATOM,2566.0,CB,GLU,166.0,16.765,-1.356,-2.997,-0.18,2.175,1.89
ATOM,2567.0,CG,GLU,166.0,16.842,-2.712,-3.674,-0.28,2.175,10.48
ATOM,2568.0,CD,GLU,166.0,18.26,-3.246,-3.749,0.62,2.0,2.99
ATOM,2569.0,OE1,GLU,166.0,19.201,-2.466,-3.466,-0.76,1.7,8.99
ATOM,2570.0,OE2,GLU,166.0,18.421,-4.441,-4.094,-0.76,1.7,37.34
ATOM,2571.0,H,GLU,166.0,16.14,0.893,-1.756,0.31,0.2245,0.0
ATOM,2572.0,HA,GLU,166.0,15.134,-0.585,-3.955,0.09,1.32,5.18
ATOM,2573.0,HB2,GLU,166.0,17.343,-0.738,-3.495,0.09,1.32,4.65
ATOM,2574.0,HB3,GLU,166.0,17.051,-1.468,-2.065,0.09,1.32,0.0
ATOM,2575.0,HG2,GLU,166.0,16.312,-3.351,-3.149,0.09,1.32,0.21
ATOM,2576.0,HG3,GLU,166.0,16.512,-2.619,-4.594,0.09,1.32,9.59
ATOM,2577.0,N,TYR,167.0,14.3,-1.832,-1.091,-0.47,1.85,0.0
ATOM,2578.0,CA,TYR,167.0,13.429,-2.845,-0.453,0.07,2.275,0.0
ATOM,2579.0,C,TYR,167.0,11.959,-2.426,-0.402,0.51,2.0,0.0
ATOM,2580.0,O,TYR,167.0,11.039,-3.261,-0.313,-0.51,1.7,0.0
ATOM,2581.0,CB,TYR,167.0,14.021,-3.305,0.869,-0.18,2.175,0.0
ATOM,2582.0,CG,TYR,167.0,15.4,-3.818,0.612,0.0,1.9924,0.0
ATOM,2583.0,CD1,TYR,167.0,15.599,-4.982,-0.112,-0.115,1.9924,0.61
ATOM,2584.0,CD2,TYR,167.0,16.523,-3.097,1.024,-0.115,1.9924,0.0
ATOM,2585.0,CE1,TYR,167.0,16.907,-5.44,-0.386,-0.115,1.9924,1.22
ATOM,2586.0,CE2,TYR,167.0,17.849,-3.556,0.748,-0.115,1.9924,0.0
ATOM,2587.0,CZ,TYR,167.0,18.001,-4.725,0.04,0.11,1.9924,0.0
ATOM,2588.0,OH,TYR,167.0,19.259,-5.198,-0.249,-0.54,1.77,1.25
ATOM,2589.0,H,TYR,167.0,14.87,-1.166,-0.578,0.31,0.2245,0.0
ATOM,2590.0,HA,TYR,167.0,13.497,-3.696,-0.998,0.09,1.32,0.0
ATOM,2591.0,HB2,TYR,167.0,14.074,-2.537,1.471,0.09,1.32,0.0
ATOM,2592.0,HB3,TYR,167.0,13.472,-4.034,1.219,0.09,1.32,0.0
ATOM,2593.0,HD1,TYR,167.0,14.826,-5.51,-0.447,0.115,1.3582,0.04
ATOM,2594.0,HD2,TYR,167.0,16.415,-2.243,1.521,0.115,1.3582,0.0
ATOM,2595.0,HE1,TYR,167.0,17.022,-6.297,-0.899,0.115,1.3582,7.91
ATOM,2596.0,HE2,TYR,167.0,18.619,-3.031,1.068,0.115,1.3582,0.0
ATOM,2597.0,HH,TYR,167.0,19.803,-5.216,0.588,0.43,0.2245,0.0
ATOM,2598.0,N,GLN,168.0,11.722,-1.128,-0.518,-0.47,1.85,0.0
ATOM,2599.0,CA,GLN,168.0,10.373,-0.622,-0.656,0.07,2.275,0.0
ATOM,2600.0,C,GLN,168.0,9.87,-0.964,-2.052,0.51,2.0,0.0
ATOM,2601.0,O,GLN,168.0,8.715,-1.368,-2.226,-0.51,1.7,6.35
ATOM,2602.0,CB,GLN,168.0,10.317,0.899,-0.435,-0.18,2.175,0.0
ATOM,2603.0,CG,GLN,168.0,8.952,1.533,-0.712,-0.18,2.175,0.39
ATOM,2604.0,CD,GLN,168.0,8.865,2.192,-2.095,0.55,2.0,0.0
ATOM,2605.0,H,GLN,168.0,12.567,-0.525,-0.501,0.31,0.2245,0.0
ATOM,2606.0,HA,GLN,168.0,9.789,-1.095,0.002,0.09,1.32,0.0
ATOM,2607.0,HB2,GLN,168.0,10.56,1.093,0.518,0.09,1.32,0.0
ATOM,2608.0,HB3,GLN,168.0,10.989,1.335,-1.039,0.09,1.32,0.0
ATOM,2609.0,HG2,GLN,168.0,8.252,0.823,-0.659,0.09,1.32,0.6
ATOM,2610.0,HG3,GLN,168.0,8.776,2.231,-0.02,0.09,1.32,1.52
ATOM,2611.0,OE1,GLN,168.0,9.9,2.531,-2.725,-0.55,1.7,8.88
ATOM,2612.0,NE2,GLN,168.0,7.634,2.411,-2.561,-0.62,1.85,20.57
ATOM,2613.0,HE21,GLN,168.0,7.5,2.856,-3.462,0.32,0.2245,21.79
ATOM,2614.0,HE22,GLN,168.0,6.84,2.124,-1.998,0.3,0.2245,13.8
ATOM,2615.0,N,ARG,169.0,10.735,-0.801,-3.054,-0.47,1.85,0.0
ATOM,2616.0,CA,ARG,169.0,10.343,-1.128,-4.426,0.07,2.275,0.05
ATOM,2617.0,C,ARG,169.0,10.021,-2.601,-4.517,0.51,2.0,0.0
ATOM,2618.0,O,ARG,169.0,9.071,-3.022,-5.222,-0.51,1.7,22.18
ATOM,2619.0,CB,ARG,169.0,11.499,-0.798,-5.386,-0.18,2.175,2.36
ATOM,2620.0,CG,ARG,169.0,11.396,-1.433,-6.798,-0.18,2.175,10.64
ATOM,2621.0,CD,ARG,169.0,10.653,-0.623,-7.884,0.2,2.175,17.21
ATOM,2622.0,NE,ARG,169.0,11.134,0.759,-8.114,-0.7,1.85,4.57
ATOM,2623.0,CZ,ARG,169.0,12.086,1.14,-8.978,0.64,2.0,3.13
ATOM,2624.0,NH1,ARG,169.0,12.762,0.255,-9.699,-0.8,1.85,24.95
ATOM,2625.0,NH2,ARG,169.0,12.38,2.435,-9.098,-0.8,1.85,28.98
ATOM,2626.0,H,ARG,169.0,11.659,-0.442,-2.789,0.31,0.2245,0.0
ATOM,2627.0,HA,ARG,169.0,9.526,-0.598,-4.66,0.09,1.32,4.5
ATOM,2628.0,HB2,ARG,169.0,11.536,0.192,-5.507,0.09,1.32,2.12
ATOM,2629.0,HB3,ARG,169.0,12.35,-1.12,-4.977,0.09,1.32,0.0
ATOM,2630.0,HG2,ARG,169.0,12.334,-1.615,-7.141,0.09,1.32,7.8
ATOM,2631.0,HG3,ARG,169.0,10.93,-2.332,-6.716,0.09,1.32,2.4
ATOM,2632.0,HD2,ARG,169.0,10.724,-1.139,-8.749,0.09,1.32,7.34
ATOM,2633.0,HD3,ARG,169.0,9.678,-0.588,-7.621,0.09,1.32,8.33
ATOM,2634.0,HE,ARG,169.0,10.696,1.492,-7.559,0.44,0.2245,11.56
ATOM,2635.0,HH11,ARG,169.0,12.552,-0.72,-9.62,0.46,0.2245,9.81
ATOM,2636.0,HH12,ARG,169.0,13.481,0.561,-10.324,0.46,0.2245,18.29
ATOM,2637.0,HH21,ARG,169.0,11.876,3.11,-8.559,0.46,0.2245,17.95
ATOM,2638.0,HH22,ARG,169.0,13.099,2.728,-9.724,0.46,0.2245,17.77
ATOM,2639.0,N,ALA,170.0,10.785,-3.389,-3.766,-0.47,1.85,0.0
ATOM,2640.0,CA,ALA,170.0,10.598,-4.838,-3.775,0.07,2.275,1.81
ATOM,2641.0,C,ALA,170.0,9.347,-5.284,-3.005,0.51,2.0,0.51
ATOM,2642.0,O,ALA,170.0,8.941,-6.441,-3.064,-0.51,1.7,25.41
ATOM,2643.0,CB,ALA,170.0,11.843,-5.533,-3.244,-0.27,2.06,14.28
ATOM,2644.0,H,ALA,170.0,11.495,-2.904,-3.197,0.31,0.2245,0.0
ATOM,2645.0,HA,ALA,170.0,10.506,-5.148,-4.736,0.09,1.32,9.05
ATOM,2646.0,HB1,ALA,170.0,11.679,-6.518,-3.189,0.09,1.32,3.01
ATOM,2647.0,HB2,ALA,170.0,12.611,-5.359,-3.859,0.09,1.32,7.57
ATOM,2648.0,HB3,ALA,170.0,12.06,-5.181,-2.334,0.09,1.32,0.0
ATOM,2649.0,N,GLY,171.0,8.754,-4.368,-2.262,-0.47,1.85,0.0
ATOM,2650.0,CA,GLY,171.0,7.515,-4.668,-1.558,-0.02,2.175,15.71
ATOM,2651.0,C,GLY,171.0,7.753,-5.325,-0.209,0.51,2.0,1.02
ATOM,2652.0,O,GLY,171.0,6.771,-5.714,0.483,-0.51,1.7,11.93
ATOM,2653.0,H,GLY,171.0,9.228,-3.45,-2.224,0.31,0.2245,0.0
ATOM,2654.0,HA2,GLY,171.0,6.99,-3.81,-1.423,0.09,1.32,6.06
ATOM,2655.0,HA3,GLY,171.0,6.944,-5.28,-2.131,0.09,1.32,9.54
ATOM,2656.0,N,LYS,172.0,9.039,-5.371,0.188,-0.47,1.85,0.0
ATOM,2657.0,CA,LYS,172.0,9.39,-5.947,1.482,0.07,2.275,0.02
ATOM,2658.0,C,LYS,172.0,9.105,-4.991,2.644,0.51,2.0,0.0
ATOM,2659.0,O,LYS,172.0,8.945,-5.433,3.78,-0.51,1.7,0.0
ATOM,2660.0,CB,LYS,172.0,10.853,-6.443,1.487,-0.18,2.175,0.0
ATOM,2661.0,CG,LYS,172.0,11.067,-7.562,0.481,-0.18,2.175,0.09
ATOM,2662.0,CD,LYS,172.0,12.135,-8.576,0.909,-0.18,2.175,0.0
ATOM,2663.0,CE,LYS,172.0,12.266,-9.709,-0.129,0.21,2.175,16.32
ATOM,2664.0,NZ,LYS,172.0,13.411,-9.515,-1.063,-0.3,1.85,9.19
ATOM,2665.0,H,LYS,172.0,9.715,-4.98,-0.478,0.31,0.2245,0.0
ATOM,2666.0,HA,LYS,172.0,8.848,-6.791,1.622,0.09,1.32,0.0
ATOM,2667.0,HB2,LYS,172.0,11.433,-5.683,1.246,0.09,1.32,0.0
ATOM,2668.0,HB3,LYS,172.0,11.056,-6.784,2.391,0.09,1.32,0.0
ATOM,2669.0,HG2,LYS,172.0,10.198,-8.055,0.346,0.09,1.32,3.04
ATOM,2670.0,HG3,LYS,172.0,11.343,-7.164,-0.402,0.09,1.32,0.0
ATOM,2671.0,HD2,LYS,172.0,13.007,-8.115,0.977,0.09,1.32,0.0
ATOM,2672.0,HD3,LYS,172.0,11.871,-8.976,1.774,0.09,1.32,0.0
ATOM,2673.0,HE2,LYS,172.0,12.382,-10.578,0.365,0.05,1.32,6.2
ATOM,2674.0,HE3,LYS,172.0,11.41,-9.755,-0.656,0.05,1.32,8.36
ATOM,2675.0,HZ1,LYS,172.0,13.201,-8.769,-1.693,0.33,0.2245,4.55
ATOM,2676.0,HZ2,LYS,172.0,14.231,-9.29,-0.538,0.33,0.2245,0.27
ATOM,2677.0,HZ3,LYS,172.0,13.563,-10.357,-1.579,0.33,0.2245,19.03
ATOM,2678.0,N,ILE,173.0,9.061,-3.709,2.331,-0.47,1.85,0.0
ATOM,2679.0,CA,ILE,173.0,8.649,-2.678,3.307,0.07,2.275,0.0
ATOM,2680.0,C,ILE,173.0,7.609,-1.764,2.655,0.51,2.0,0.0
ATOM,2681.0,O,ILE,173.0,7.788,-1.353,1.512,-0.51,1.7,0.12
ATOM,2682.0,CB,ILE,173.0,9.832,-1.924,3.887,-0.09,2.275,0.0
ATOM,2683.0,CG1,ILE,173.0,10.625,-1.159,2.871,-0.18,2.175,0.0
ATOM,2684.0,CG2,ILE,173.0,10.799,-2.904,4.64,-0.27,2.06,0.0
ATOM,2685.0,CD1,ILE,173.0,11.941,-0.668,3.534,-0.27,2.06,0.0
ATOM,2686.0,H,ILE,173.0,9.335,-3.479,1.356,0.31,0.2245,0.0
ATOM,2687.0,HA,ILE,173.0,8.184,-3.165,4.04,0.09,1.32,0.0
ATOM,2688.0,HB,ILE,173.0,9.474,-1.266,4.571,0.09,1.32,0.0
ATOM,2689.0,HG12,ILE,173.0,10.865,-1.738,2.122,0.09,1.32,0.0
ATOM,2690.0,HG13,ILE,173.0,10.127,-0.368,2.583,0.09,1.32,0.0
ATOM,2691.0,HG21,ILE,173.0,11.503,-2.365,5.082,0.09,1.32,0.0
ATOM,2692.0,HG22,ILE,173.0,10.27,-3.407,5.31,0.09,1.32,0.0
ATOM,2693.0,HG23,ILE,173.0,11.196,-3.52,3.973,0.09,1.32,0.0
ATOM,2694.0,HD11,ILE,173.0,12.449,-1.463,3.844,0.09,1.32,0.0
ATOM,2695.0,HD12,ILE,173.0,12.461,-0.163,2.856,0.09,1.32,0.0
ATOM,2696.0,HD13,ILE,173.0,11.704,-0.084,4.301,0.09,1.32,0.0
ATOM,2697.0,N,ARG,174.0,6.501,-1.451,3.333,-0.47,1.85,0.0
ATOM,2698.0,CA,ARG,174.0,5.534,-0.535,2.745,0.07,2.275,1.1
ATOM,2699.0,C,ARG,174.0,5.978,0.915,2.902,0.51,2.0,0.0
ATOM,2700.0,O,ARG,174.0,6.084,1.666,1.936,-0.51,1.7,7.7
ATOM,2701.0,CB,ARG,174.0,4.13,-0.735,3.368,-0.18,2.175,1.72
ATOM,2702.0,CG,ARG,174.0,3.517,-2.109,3.09,-0.18,2.175,4.3
ATOM,2703.0,CD,ARG,174.0,2.19,-2.341,3.795,0.2,2.175,3.84
ATOM,2704.0,NE,ARG,174.0,1.154,-1.328,3.517,-0.7,1.85,5.04
ATOM,2705.0,CZ,ARG,174.0,0.063,-1.172,4.262,0.64,2.0,1.69
ATOM,2706.0,NH1,ARG,174.0,-0.143,-1.953,5.31,-0.8,1.85,7.86
ATOM,2707.0,NH2,ARG,174.0,-0.86,-0.266,3.926,-0.8,1.85,11.59
ATOM,2708.0,H,ARG,174.0,6.403,-1.891,4.251,0.31,0.2245,0.0
ATOM,2709.0,HA,ARG,174.0,5.448,-0.739,1.761,0.09,1.32,5.82
ATOM,2710.0,HB2,ARG,174.0,4.214,-0.626,4.351,0.09,1.32,0.0
ATOM,2711.0,HB3,ARG,174.0,3.526,-0.045,2.989,0.09,1.32,0.65
ATOM,2712.0,HG2,ARG,174.0,3.368,-2.208,2.101,0.09,1.32,10.62
ATOM,2713.0,HG3,ARG,174.0,4.159,-2.821,3.391,0.09,1.32,0.0
ATOM,2714.0,HD2,ARG,174.0,1.841,-3.243,3.516,0.09,1.32,4.16
ATOM,2715.0,HD3,ARG,174.0,2.363,-2.361,4.787,0.09,1.32,0.0
ATOM,2716.0,HE,ARG,174.0,1.284,-0.732,2.727,0.44,0.2245,6.33
ATOM,2717.0,HH11,ARG,174.0,0.516,-2.653,5.573,0.46,0.2245,0.0
ATOM,2718.0,HH12,ARG,174.0,-0.983,-1.84,5.858,0.46,0.2245,7.28
ATOM,2719.0,HH21,ARG,174.0,-0.706,0.305,3.116,0.46,0.2245,1.65
ATOM,2720.0,HH22,ARG,174.0,-1.682,-0.162,4.472,0.46,0.2245,7.19
ATOM,2721.0,N,TYR,175.0,6.281,1.292,4.144,-0.47,1.85,0.0
ATOM,2722.0,CA,TYR,175.0,6.662,2.675,4.487,0.07,2.275,0.0
ATOM,2723.0,C,TYR,175.0,7.966,2.672,5.285,0.51,2.0,0.0
ATOM,2724.0,O,TYR,175.0,8.287,1.711,5.954,-0.51,1.7,0.0
ATOM,2725.0,CB,TYR,175.0,5.549,3.309,5.339,-0.18,2.175,0.0
ATOM,2726.0,CG,TYR,175.0,4.293,3.38,4.52,0.0,1.9924,0.0
ATOM,2727.0,CD1,TYR,175.0,4.15,4.343,3.575,-0.115,1.9924,1.97
ATOM,2728.0,CD2,TYR,175.0,3.329,2.374,4.624,-0.115,1.9924,0.0
ATOM,2729.0,CE1,TYR,175.0,3.032,4.387,2.776,-0.115,1.9924,5.8
ATOM,2730.0,CE2,TYR,175.0,2.211,2.408,3.824,-0.115,1.9924,0.0
ATOM,2731.0,CZ,TYR,175.0,2.091,3.416,2.893,0.11,1.9924,0.59
ATOM,2732.0,OH,TYR,175.0,0.999,3.492,2.084,-0.54,1.77,1.33
ATOM,2733.0,H,TYR,175.0,6.227,0.531,4.854,0.31,0.2245,0.0
ATOM,2734.0,HA,TYR,175.0,6.816,3.175,3.634,0.09,1.32,2.19
ATOM,2735.0,HB2,TYR,175.0,5.393,2.735,6.113,0.09,1.32,0.0
ATOM,2736.0,HB3,TYR,175.0,5.825,4.215,5.576,0.09,1.32,0.0
ATOM,2737.0,HD1,TYR,175.0,4.866,5.041,3.449,0.115,1.3582,4.13
ATOM,2738.0,HD2,TYR,175.0,3.459,1.638,5.277,0.115,1.3582,0.0
ATOM,2739.0,HE1,TYR,175.0,2.919,5.135,2.111,0.115,1.3582,5.1
ATOM,2740.0,HE2,TYR,175.0,1.498,1.716,3.914,0.115,1.3582,0.0
ATOM,2741.0,HH,TYR,175.0,1.256,3.244,1.149,0.43,0.2245,22.21
ATOM,2742.0,N,ILE,176.0,8.675,3.806,5.217,-0.47,1.85,0.0
ATOM,2743.0,CA,ILE,176.0,9.897,3.943,5.955,0.07,2.275,0.0
ATOM,2744.0,C,ILE,176.0,9.767,5.075,6.968,0.51,2.0,0.0
ATOM,2745.0,O,ILE,176.0,9.091,6.074,6.753,-0.51,1.7,0.0
ATOM,2746.0,CB,ILE,176.0,11.075,4.193,5.009,-0.09,2.275,0.0
ATOM,2747.0,CG1,ILE,176.0,10.809,5.408,4.15,-0.18,2.175,0.0
ATOM,2748.0,CG2,ILE,176.0,11.329,2.914,4.143,-0.27,2.06,0.0
ATOM,2749.0,CD1,ILE,176.0,12.076,5.877,3.402,-0.27,2.06,0.0
ATOM,2750.0,H,ILE,176.0,8.267,4.533,4.607,0.31,0.2245,0.75
ATOM,2751.0,HA,ILE,176.0,10.014,3.101,6.488,0.09,1.32,0.0
ATOM,2752.0,HB,ILE,176.0,11.882,4.372,5.565,0.09,1.32,0.09
ATOM,2753.0,HG12,ILE,176.0,10.117,5.193,3.476,0.09,1.32,0.97
ATOM,2754.0,HG13,ILE,176.0,10.503,6.155,4.724,0.09,1.32,0.0
ATOM,2755.0,HG21,ILE,176.0,12.119,3.079,3.567,0.09,1.32,0.0
ATOM,2756.0,HG22,ILE,176.0,11.497,2.152,4.754,0.09,1.32,0.0
ATOM,2757.0,HG23,ILE,176.0,10.523,2.747,3.59,0.09,1.32,0.0
ATOM,2758.0,HD11,ILE,176.0,12.39,5.137,2.818,0.09,1.32,0.0
ATOM,2759.0,HD12,ILE,176.0,11.843,6.674,2.856,0.09,1.32,0.0
ATOM,2760.0,HD13,ILE,176.0,12.772,6.108,4.073,0.09,1.32,0.01
ATOM,2761.0,N,GLY,177.0,10.398,4.868,8.102,-0.47,1.85,0.0
ATOM,2762.0,CA,GLY,177.0,10.381,5.851,9.178,-0.02,2.175,0.0
ATOM,2763.0,C,GLY,177.0,11.766,5.959,9.807,0.51,2.0,0.0
ATOM,2764.0,O,GLY,177.0,12.697,5.199,9.503,-0.51,1.7,0.21
ATOM,2765.0,H,GLY,177.0,10.903,3.96,8.169,0.31,0.2245,0.0
ATOM,2766.0,HA2,GLY,177.0,10.112,6.745,8.813,0.09,1.32,0.0
ATOM,2767.0,HA3,GLY,177.0,9.72,5.573,9.878,0.09,1.32,0.0
ATOM,2768.0,N,VAL,178.0,11.922,6.969,10.659,-0.47,1.85,0.0
ATOM,2769.0,CA,VAL,178.0,13.189,7.112,11.372,0.07,2.275,0.0
ATOM,2770.0,C,VAL,178.0,12.909,7.06,12.873,0.51,2.0,0.0
ATOM,2771.0,O,VAL,178.0,11.746,7.125,13.328,-0.51,1.7,0.0
ATOM,2772.0,CB,VAL,178.0,13.975,8.399,10.968,-0.09,2.275,0.0
ATOM,2773.0,CG1,VAL,178.0,14.355,8.308,9.504,-0.27,2.06,0.11
ATOM,2774.0,CG2,VAL,178.0,13.11,9.671,11.243,-0.27,2.06,0.0
ATOM,2775.0,H,VAL,178.0,11.124,7.597,10.763,0.31,0.2245,0.0
ATOM,2776.0,HA,VAL,178.0,13.769,6.335,11.14,0.09,1.32,0.0
ATOM,2777.0,HB,VAL,178.0,14.812,8.406,11.494,0.09,1.32,0.0
ATOM,2778.0,HG11,VAL,178.0,14.921,7.496,9.352,0.09,1.32,0.0
ATOM,2779.0,HG12,VAL,178.0,13.528,8.243,8.944,0.09,1.32,0.0
ATOM,2780.0,HG13,VAL,178.0,14.87,9.124,9.238,0.09,1.32,0.0
ATOM,2781.0,HG21,VAL,178.0,12.187,9.494,10.921,0.09,1.32,0.0
ATOM,2782.0,HG22,VAL,178.0,13.114,9.843,12.221,0.09,1.32,0.0
ATOM,2783.0,HG23,VAL,178.0,13.514,10.433,10.751,0.09,1.32,0.0
ATOM,2784.0,N,SER,179.0,13.974,6.963,13.652,-0.47,1.85,0.0
ATOM,2785.0,CA,SER,179.0,13.832,6.911,15.109,0.07,2.275,0.0
ATOM,2786.0,C,SER,179.0,15.039,7.61,15.77,0.51,2.0,0.0
ATOM,2787.0,O,SER,179.0,16.193,7.577,15.248,-0.51,1.7,0.16
ATOM,2788.0,CB,SER,179.0,13.668,5.46,15.543,0.05,2.175,0.0
ATOM,2789.0,OG,SER,179.0,13.439,5.354,16.958,-0.66,1.77,0.52
ATOM,2790.0,H,SER,179.0,14.882,6.928,13.165,0.31,0.2245,0.02
ATOM,2791.0,HA,SER,179.0,13.012,7.421,15.363,0.09,1.32,0.0
ATOM,2792.0,HB2,SER,179.0,12.889,5.061,15.069,0.09,1.32,0.0
ATOM,2793.0,HB3,SER,179.0,14.498,4.955,15.322,0.09,1.32,0.0
ATOM,2794.0,HG,SER,179.0,12.914,6.144,17.26,0.43,0.2245,0.0
ATOM,2795.0,N,ASN,180.0,14.795,8.247,16.926,-0.47,1.85,0.0
ATOM,2796.0,CA,ASN,180.0,15.885,8.98,17.598,0.07,2.275,0.33
ATOM,2797.0,C,ASN,180.0,16.572,9.961,16.669,0.51,2.0,0.04
ATOM,2798.0,O,ASN,180.0,17.788,10.137,16.704,-0.51,1.7,0.0
ATOM,2799.0,CB,ASN,180.0,16.898,7.984,18.219,-0.18,2.175,0.0
ATOM,2800.0,CG,ASN,180.0,16.211,7.11,19.252,0.55,2.0,0.0
ATOM,2801.0,H,ASN,180.0,13.842,8.183,17.279,0.31,0.2245,0.0
ATOM,2802.0,HA,ASN,180.0,15.458,9.515,18.341,0.09,1.32,1.01
ATOM,2803.0,HB2,ASN,180.0,17.248,7.415,17.497,0.09,1.32,0.0
ATOM,2804.0,HB3,ASN,180.0,17.608,8.505,18.658,0.09,1.32,0.0
ATOM,2805.0,OD1,ASN,180.0,15.745,7.627,20.264,-0.55,1.7,0.09
ATOM,2806.0,ND2,ASN,180.0,16.044,5.83,18.948,-0.62,1.85,0.0
ATOM,2807.0,HD22,ASN,180.0,16.377,5.487,18.064,0.3,0.2245,0.0
ATOM,2808.0,HD21,ASN,180.0,15.595,5.212,19.587,0.32,0.2245,2.61
ATOM,2809.0,N,GLU,181.0,15.76,10.654,15.868,-0.47,1.85,0.0
ATOM,2810.0,CA,GLU,181.0,16.277,11.617,14.936,0.07,2.275,0.0
ATOM,2811.0,C,GLU,181.0,16.035,13.042,15.415,0.51,2.0,0.0
ATOM,2812.0,O,GLU,181.0,15.495,13.307,16.522,-0.51,1.7,5.22
ATOM,2813.0,CB,GLU,181.0,15.656,11.394,13.533,-0.18,2.175,0.0
ATOM,2814.0,CG,GLU,181.0,16.628,10.635,12.61,-0.28,2.175,0.68
ATOM,2815.0,CD,GLU,181.0,17.83,11.482,12.163,0.62,2.0,0.0
ATOM,2816.0,OE1,GLU,181.0,17.938,12.665,12.581,-0.76,1.7,0.0
ATOM,2817.0,OE2,GLU,181.0,18.668,10.944,11.387,-0.76,1.7,0.54
ATOM,2818.0,H,GLU,181.0,14.752,10.433,15.984,0.31,0.2245,0.0
ATOM,2819.0,HA,GLU,181.0,17.271,11.477,14.805,0.09,1.32,0.0
ATOM,2820.0,HB2,GLU,181.0,14.867,10.844,13.645,0.09,1.32,0.0
ATOM,2821.0,HB3,GLU,181.0,15.496,12.264,13.14,0.09,1.32,0.0
ATOM,2822.0,HG2,GLU,181.0,16.98,9.865,13.106,0.09,1.32,0.13
ATOM,2823.0,HG3,GLU,181.0,16.139,10.371,11.801,0.09,1.32,0.0
ATOM,2824.0,N,THR,182.0,16.477,13.982,14.585,-0.47,1.85,0.0
ATOM,2825.0,CA,THR,182.0,16.38,15.399,14.956,0.07,2.275,0.48
ATOM,2826.0,C,THR,182.0,15.695,16.191,13.824,0.51,2.0,0.0
ATOM,2827.0,O,THR,182.0,15.436,15.653,12.727,-0.51,1.7,0.0
ATOM,2828.0,CB,THR,182.0,17.781,15.964,15.122,0.14,2.275,4.17
ATOM,2829.0,OG1,THR,182.0,18.477,15.926,13.837,-0.66,1.77,0.9
ATOM,2830.0,CG2,THR,182.0,18.617,15.142,16.109,-0.27,2.06,0.57
ATOM,2831.0,H,THR,182.0,16.875,13.647,13.701,0.31,0.2245,0.0
ATOM,2832.0,HA,THR,182.0,15.813,15.477,15.776,0.09,1.32,1.05
ATOM,2833.0,HB,THR,182.0,17.727,16.941,15.406,0.09,1.32,5.22
ATOM,2834.0,HG21,THR,182.0,18.807,14.241,15.717,0.09,1.32,0.0
ATOM,2835.0,HG22,THR,182.0,19.481,15.614,16.29,0.09,1.32,0.4
ATOM,2836.0,HG23,THR,182.0,18.111,15.033,16.966,0.09,1.32,1.78
ATOM,2837.0,HG1,THR,182.0,18.896,15.026,13.709,0.43,0.2245,0.0
ATOM,2838.0,N,ALA,183.0,15.454,17.471,14.067,-0.47,1.85,0.0
ATOM,2839.0,CA,ALA,183.0,14.804,18.279,13.028,0.07,2.275,0.0
ATOM,2840.0,C,ALA,183.0,15.666,18.344,11.783,0.51,2.0,0.28
ATOM,2841.0,O,ALA,183.0,15.156,18.214,10.664,-0.51,1.7,0.0
ATOM,2842.0,CB,ALA,183.0,14.484,19.692,13.526,-0.27,2.06,16.23
ATOM,2843.0,H,ALA,183.0,15.739,17.825,14.977,0.31,0.2245,5.79
ATOM,2844.0,HA,ALA,183.0,13.924,17.85,12.795,0.09,1.32,0.0
ATOM,2845.0,HB1,ALA,183.0,13.634,20.004,13.107,0.09,1.32,0.0
ATOM,2846.0,HB2,ALA,183.0,14.384,19.676,14.519,0.09,1.32,1.0
ATOM,2847.0,HB3,ALA,183.0,15.229,20.307,13.273,0.09,1.32,7.54
ATOM,2848.0,N,PHE,184.0,16.972,18.527,11.967,-0.47,1.85,1.1
ATOM,2849.0,CA,PHE,184.0,17.862,18.515,10.826,0.07,2.275,2.9
ATOM,2850.0,C,PHE,184.0,17.754,17.214,10.041,0.51,2.0,0.0
ATOM,2851.0,O,PHE,184.0,17.623,17.206,8.799,-0.51,1.7,0.0
ATOM,2852.0,CB,PHE,184.0,19.331,18.734,11.273,-0.18,2.175,14.66
ATOM,2853.0,CG,PHE,184.0,20.308,18.39,10.194,0.0,1.9924,0.52
ATOM,2854.0,CD1,PHE,184.0,20.531,19.288,9.142,-0.115,1.9924,11.05
ATOM,2855.0,CD2,PHE,184.0,20.975,17.18,10.207,-0.115,1.9924,5.67
ATOM,2856.0,CE1,PHE,184.0,21.394,19.014,8.164,-0.115,1.9924,11.06
ATOM,2857.0,CE2,PHE,184.0,21.866,16.866,9.212,-0.115,1.9924,7.44
ATOM,2858.0,CZ,PHE,184.0,22.092,17.793,8.168,-0.115,1.9924,11.32
ATOM,2859.0,H,PHE,184.0,17.267,18.669,12.939,0.31,0.2245,3.57
ATOM,2860.0,HA,PHE,184.0,17.562,19.252,10.205,0.09,1.32,4.01
ATOM,2861.0,HB2,PHE,184.0,19.429,19.684,11.495,0.09,1.32,9.6
ATOM,2862.0,HB3,PHE,184.0,19.492,18.147,12.042,0.09,1.32,1.15
ATOM,2863.0,HD1,PHE,184.0,20.016,20.155,9.148,0.115,1.3582,12.87
ATOM,2864.0,HD2,PHE,184.0,20.805,16.53,10.951,0.115,1.3582,0.0
ATOM,2865.0,HE1,PHE,184.0,21.564,19.665,7.408,0.115,1.3582,13.58
ATOM,2866.0,HE2,PHE,184.0,22.359,15.989,9.212,0.115,1.3582,3.2
ATOM,2867.0,HZ,PHE,184.0,22.736,17.585,7.447,0.115,1.3582,12.56
ATOM,2868.0,N,GLY,185.0,17.819,16.089,10.774,-0.47,1.85,0.0
ATOM,2869.0,CA,GLY,185.0,17.823,14.826,10.058,-0.02,2.175,0.0
ATOM,2870.0,C,GLY,185.0,16.537,14.613,9.27,0.51,2.0,0.0
ATOM,2871.0,O,GLY,185.0,16.587,14.199,8.11,-0.51,1.7,0.0
ATOM,2872.0,H,GLY,185.0,17.86,16.205,11.774,0.31,0.2245,0.0
ATOM,2873.0,HA2,GLY,185.0,18.609,14.8,9.421,0.09,1.32,0.0
ATOM,2874.0,HA3,GLY,185.0,17.938,14.065,10.715,0.09,1.32,0.0
ATOM,2875.0,N,VAL,186.0,15.391,14.861,9.917,-0.47,1.85,0.0
ATOM,2876.0,CA,VAL,186.0,14.115,14.692,9.209,0.07,2.275,0.0
ATOM,2877.0,C,VAL,186.0,14.069,15.562,7.966,0.51,2.0,0.0
ATOM,2878.0,O,VAL,186.0,13.671,15.083,6.905,-0.51,1.7,0.0
ATOM,2879.0,CB,VAL,186.0,12.939,14.963,10.107,-0.09,2.275,0.0
ATOM,2880.0,CG1,VAL,186.0,11.622,14.917,9.342,-0.27,2.06,0.08
ATOM,2881.0,CG2,VAL,186.0,12.855,13.869,11.189,-0.27,2.06,0.0
ATOM,2882.0,H,VAL,186.0,15.48,15.16,10.886,0.31,0.2245,0.0
ATOM,2883.0,HA,VAL,186.0,14.047,13.73,8.923,0.09,1.32,0.0
ATOM,2884.0,HB,VAL,186.0,13.022,15.895,10.47,0.09,1.32,0.0
ATOM,2885.0,HG11,VAL,186.0,11.803,14.997,8.362,0.09,1.32,0.0
ATOM,2886.0,HG12,VAL,186.0,11.16,14.05,9.526,0.09,1.32,0.0
ATOM,2887.0,HG13,VAL,186.0,11.039,15.674,9.636,0.09,1.32,0.0
ATOM,2888.0,HG21,VAL,186.0,12.43,14.256,12.003,0.09,1.32,0.0
ATOM,2889.0,HG22,VAL,186.0,12.306,13.114,10.84,0.09,1.32,0.0
ATOM,2890.0,HG23,VAL,186.0,13.777,13.555,11.399,0.09,1.32,0.0
ATOM,2891.0,N,MET,187.0,14.442,16.834,8.113,-0.47,1.85,0.0
ATOM,2892.0,CA,MET,187.0,14.371,17.715,6.942,0.07,2.275,0.0
ATOM,2893.0,C,MET,187.0,15.305,17.298,5.815,0.51,2.0,0.35
ATOM,2894.0,O,MET,187.0,14.975,17.465,4.627,-0.51,1.7,2.33
ATOM,2895.0,CB,MET,187.0,14.6,19.18,7.342,-0.18,2.175,11.25
ATOM,2896.0,CG,MET,187.0,13.481,19.717,8.19,-0.14,2.175,0.75
ATOM,2897.0,SD,MET,187.0,11.88,19.857,7.337,-0.09,2.0,0.19
ATOM,2898.0,CE,MET,187.0,12.174,21.35,6.375,-0.22,2.06,39.02
ATOM,2899.0,H,MET,187.0,14.754,17.114,9.033,0.31,0.2245,0.0
ATOM,2900.0,HA,MET,187.0,13.419,17.684,6.589,0.09,1.32,0.0
ATOM,2901.0,HB2,MET,187.0,15.459,19.241,7.854,0.09,1.32,0.69
ATOM,2902.0,HB3,MET,187.0,14.674,19.731,6.509,0.09,1.32,3.85
ATOM,2903.0,HG2,MET,187.0,13.383,19.12,9.03,0.09,1.32,0.0
ATOM,2904.0,HG3,MET,187.0,13.761,20.639,8.569,0.09,1.32,10.36
ATOM,2905.0,HE1,MET,187.0,12.151,22.144,6.981,0.09,1.32,11.39
ATOM,2906.0,HE2,MET,187.0,13.07,21.29,5.935,0.09,1.32,5.15
ATOM,2907.0,HE3,MET,187.0,11.464,21.44,5.678,0.09,1.32,2.04
ATOM,2908.0,N,ARG,188.0,16.458,16.755,6.188,-0.47,1.85,0.21
ATOM,2909.0,CA,ARG,188.0,17.41,16.25,5.18,0.07,2.275,0.33
ATOM,2910.0,C,ARG,188.0,16.804,15.062,4.454,0.51,2.0,0.0
ATOM,2911.0,O,ARG,188.0,16.855,14.974,3.264,-0.51,1.7,0.0
ATOM,2912.0,CB,ARG,188.0,18.677,15.772,5.821,-0.18,2.175,0.0
ATOM,2913.0,CG,ARG,188.0,19.652,16.867,6.052,-0.18,2.175,0.08
ATOM,2914.0,CD,ARG,188.0,20.115,17.523,4.706,0.2,2.175,8.12
ATOM,2915.0,NE,ARG,188.0,20.984,16.642,3.931,-0.7,1.85,2.7
ATOM,2916.0,CZ,ARG,188.0,21.409,16.881,2.692,0.64,2.0,1.57
ATOM,2917.0,NH1,ARG,188.0,21.024,17.984,2.063,-0.8,1.85,13.25
ATOM,2918.0,NH2,ARG,188.0,22.227,16.024,2.086,-0.8,1.85,16.33
ATOM,2919.0,H,ARG,188.0,16.629,16.716,7.201,0.31,0.2245,0.0
ATOM,2920.0,HA,ARG,188.0,17.589,16.981,4.52,0.09,1.32,0.16
ATOM,2921.0,HB2,ARG,188.0,18.451,15.357,6.699,0.09,1.32,0.0
ATOM,2922.0,HB3,ARG,188.0,19.098,15.093,5.224,0.09,1.32,0.0
ATOM,2923.0,HG2,ARG,188.0,19.25,17.599,6.597,0.09,1.32,1.01
ATOM,2924.0,HG3,ARG,188.0,20.477,16.526,6.496,0.09,1.32,0.0
ATOM,2925.0,HD2,ARG,188.0,19.293,17.732,4.189,0.09,1.32,0.2
ATOM,2926.0,HD3,ARG,188.0,20.6,18.357,4.944,0.09,1.32,4.4
ATOM,2927.0,HE,ARG,188.0,21.288,15.781,4.369,0.44,0.2245,3.25
ATOM,2928.0,HH11,ARG,188.0,20.436,18.655,2.504,0.46,0.2245,7.83
ATOM,2929.0,HH12,ARG,188.0,21.335,18.149,1.117,0.46,0.2245,9.38
ATOM,2930.0,HH21,ARG,188.0,22.534,15.207,2.581,0.46,0.2245,10.53
ATOM,2931.0,HH22,ARG,188.0,22.531,16.192,1.154,0.46,0.2245,13.33
ATOM,2932.0,N,TYR,189.0,16.21,14.129,5.186,-0.47,1.85,0.0
ATOM,2933.0,CA,TYR,189.0,15.618,12.979,4.499,0.07,2.275,0.0
ATOM,2934.0,C,TYR,189.0,14.534,13.49,3.543,0.51,2.0,0.0
ATOM,2935.0,O,TYR,189.0,14.372,12.952,2.454,-0.51,1.7,0.02
ATOM,2936.0,CB,TYR,189.0,14.926,12.017,5.48,-0.18,2.175,0.0
ATOM,2937.0,CG,TYR,189.0,15.776,10.953,6.133,0.0,1.9924,0.0
ATOM,2938.0,CD1,TYR,189.0,16.074,9.767,5.472,-0.115,1.9924,0.0
ATOM,2939.0,CD2,TYR,189.0,16.258,11.098,7.434,-0.115,1.9924,0.0
ATOM,2940.0,CE1,TYR,189.0,16.83,8.766,6.089,-0.115,1.9924,0.19
ATOM,2941.0,CE2,TYR,189.0,16.97,10.111,8.04,-0.115,1.9924,0.0
ATOM,2942.0,CZ,TYR,189.0,17.271,8.954,7.384,0.11,1.9924,0.0
ATOM,2943.0,OH,TYR,189.0,18.017,7.962,8.003,-0.54,1.77,0.37
ATOM,2944.0,H,TYR,189.0,16.202,14.271,6.19,0.31,0.2245,0.0
ATOM,2945.0,HA,TYR,189.0,16.326,12.537,3.956,0.09,1.32,0.0
ATOM,2946.0,HB2,TYR,189.0,14.505,12.575,6.212,0.09,1.32,0.0
ATOM,2947.0,HB3,TYR,189.0,14.176,11.555,4.98,0.09,1.32,0.0
ATOM,2948.0,HD1,TYR,189.0,15.744,9.62,4.539,0.115,1.3582,0.0
ATOM,2949.0,HD2,TYR,189.0,16.068,11.956,7.922,0.115,1.3582,0.0
ATOM,2950.0,HE1,TYR,189.0,17.046,7.927,5.593,0.115,1.3582,0.0
ATOM,2951.0,HE2,TYR,189.0,17.285,10.234,9.0,0.115,1.3582,0.0
ATOM,2952.0,HH,TYR,189.0,18.934,7.957,7.612,0.43,0.2245,1.0
ATOM,2953.0,N,LEU,190.0,13.779,14.495,3.95,-0.47,1.85,0.0
ATOM,2954.0,CA,LEU,190.0,12.686,14.979,3.106,0.07,2.275,0.0
ATOM,2955.0,C,LEU,190.0,13.226,15.704,1.878,0.51,2.0,0.36
ATOM,2956.0,O,LEU,190.0,12.672,15.576,0.784,-0.51,1.7,1.74
ATOM,2957.0,CB,LEU,190.0,11.721,15.861,3.891,-0.18,2.175,4.9
ATOM,2958.0,CG,LEU,190.0,10.947,15.145,4.983,-0.09,2.275,0.0
ATOM,2959.0,CD1,LEU,190.0,10.11,16.187,5.693,-0.27,2.06,0.0
ATOM,2960.0,CD2,LEU,190.0,10.059,14.073,4.358,-0.27,2.06,0.0
ATOM,2961.0,H,LEU,190.0,14.013,14.891,4.868,0.31,0.2245,0.0
ATOM,2962.0,HA,LEU,190.0,12.147,14.188,2.797,0.09,1.32,0.0
ATOM,2963.0,HB2,LEU,190.0,12.249,16.584,4.32,0.09,1.32,0.05
ATOM,2964.0,HB3,LEU,190.0,11.063,16.238,3.252,0.09,1.32,1.03
ATOM,2965.0,HG,LEU,190.0,11.581,14.737,5.621,0.09,1.32,0.0
ATOM,2966.0,HD11,LEU,190.0,9.482,16.617,5.042,0.09,1.32,0.0
ATOM,2967.0,HD12,LEU,190.0,9.581,15.755,6.425,0.09,1.32,0.0
ATOM,2968.0,HD13,LEU,190.0,10.706,16.888,6.088,0.09,1.32,0.0
ATOM,2969.0,HD21,LEU,190.0,10.629,13.414,3.866,0.09,1.32,0.0
ATOM,2970.0,HD22,LEU,190.0,9.549,13.602,5.078,0.09,1.32,0.0
ATOM,2971.0,HD23,LEU,190.0,9.418,14.502,3.721,0.09,1.32,0.0
ATOM,2972.0,N,HIS,191.0,14.294,16.475,2.071,-0.47,1.85,0.83
ATOM,2973.0,CA,HIS,191.0,14.955,17.156,0.951,0.07,2.275,2.66
ATOM,2974.0,C,HIS,191.0,15.44,16.142,-0.087,0.51,2.0,0.0
ATOM,2975.0,O,HIS,191.0,15.254,16.332,-1.302,-0.51,1.7,0.1
ATOM,2976.0,CB,HIS,191.0,16.104,18.047,1.449,-0.09,2.175,5.26
ATOM,2977.0,CG,HIS,191.0,17.122,18.396,0.395,-0.05,1.8,0.63
ATOM,2978.0,H,HIS,191.0,14.611,16.552,3.052,0.31,0.2245,0.0
ATOM,2979.0,HA,HIS,191.0,14.287,17.762,0.511,0.09,1.32,5.35
ATOM,2980.0,HB2,HIS,191.0,15.719,18.905,1.809,0.09,1.32,10.16
ATOM,2981.0,HB3,HIS,191.0,16.58,17.574,2.2,0.09,1.32,0.0
ATOM,2982.0,ND1,HIS,191.0,16.904,19.381,-0.548,-0.36,1.85,7.11
ATOM,2983.0,CD2,HIS,191.0,18.369,17.913,0.16,0.22,1.8,0.44
ATOM,2984.0,CE1,HIS,191.0,17.967,19.451,-1.345,0.25,1.8,15.98
ATOM,2985.0,NE2,HIS,191.0,18.865,18.582,-0.925,-0.7,1.85,6.9
ATOM,2986.0,HD1,HIS,191.0,16.089,19.945,-0.619,0.32,0.2245,17.81
ATOM,2987.0,HD2,HIS,191.0,18.833,17.202,0.683,0.1,1.468,0.0
ATOM,2988.0,HE1,HIS,191.0,18.062,20.059,-2.128,0.13,0.9,11.01
ATOM,2989.0,N,LEU,192.0,16.069,15.081,0.404,-0.47,1.85,0.0
ATOM,2990.0,CA,LEU,192.0,16.641,14.052,-0.456,0.07,2.275,0.0
ATOM,2991.0,C,LEU,192.0,15.538,13.317,-1.207,0.51,2.0,0.0
ATOM,2992.0,O,LEU,192.0,15.699,12.997,-2.373,-0.51,1.7,0.0
ATOM,2993.0,CB,LEU,192.0,17.487,13.09,0.367,-0.18,2.175,0.0
ATOM,2994.0,CG,LEU,192.0,18.76,13.678,0.98,-0.09,2.275,0.0
ATOM,2995.0,CD1,LEU,192.0,19.301,12.702,1.992,-0.27,2.06,0.0
ATOM,2996.0,CD2,LEU,192.0,19.901,14.048,-0.032,-0.27,2.06,4.18
ATOM,2997.0,H,LEU,192.0,16.118,15.048,1.444,0.31,0.2245,0.0
ATOM,2998.0,HA,LEU,192.0,17.243,14.493,-1.128,0.09,1.32,0.0
ATOM,2999.0,HB2,LEU,192.0,16.927,12.751,1.118,0.09,1.32,0.0
ATOM,3000.0,HB3,LEU,192.0,17.763,12.338,-0.223,0.09,1.32,0.0
ATOM,3001.0,HG,LEU,192.0,18.535,14.537,1.424,0.09,1.32,0.0
ATOM,3002.0,HD11,LEU,192.0,19.513,11.829,1.546,0.09,1.32,0.0
ATOM,3003.0,HD12,LEU,192.0,20.137,13.068,2.407,0.09,1.32,0.0
ATOM,3004.0,HD13,LEU,192.0,18.621,12.544,2.712,0.09,1.32,0.0
ATOM,3005.0,HD21,LEU,192.0,19.547,14.725,-0.666,0.09,1.32,0.0
ATOM,3006.0,HD22,LEU,192.0,20.666,14.416,0.483,0.09,1.32,0.0
ATOM,3007.0,HD23,LEU,192.0,20.168,13.222,-0.515,0.09,1.32,0.0
ATOM,3008.0,N,ALA,193.0,14.388,13.057,-0.559,-0.47,1.85,0.0
ATOM,3009.0,CA,ALA,193.0,13.315,12.335,-1.231,0.07,2.275,0.0
ATOM,3010.0,C,ALA,193.0,12.872,13.145,-2.447,0.51,2.0,0.22
ATOM,3011.0,O,ALA,193.0,12.653,12.589,-3.52,-0.51,1.7,2.42
ATOM,3012.0,CB,ALA,193.0,12.115,12.138,-0.301,-0.27,2.06,2.49
ATOM,3013.0,H,ALA,193.0,14.344,13.401,0.407,0.31,0.2245,0.0
ATOM,3014.0,HA,ALA,193.0,13.661,11.453,-1.544,0.09,1.32,0.0
ATOM,3015.0,HB1,ALA,193.0,12.402,11.619,0.502,0.09,1.32,0.0
ATOM,3016.0,HB2,ALA,193.0,11.767,13.03,-0.018,0.09,1.32,0.03
ATOM,3017.0,HB3,ALA,193.0,11.4,11.638,-0.786,0.09,1.32,0.73
ATOM,3018.0,N,ASP,194.0,12.788,14.453,-2.282,-0.47,1.85,0.03
ATOM,3019.0,CA,ASP,194.0,12.296,15.331,-3.344,0.07,2.275,2.4
ATOM,3020.0,C,ASP,194.0,13.334,15.491,-4.449,0.51,2.0,0.0
ATOM,3021.0,O,ASP,194.0,13.034,15.375,-5.652,-0.51,1.7,16.92
ATOM,3022.0,CB,ASP,194.0,11.928,16.692,-2.754,-0.28,2.175,8.89
ATOM,3023.0,CG,ASP,194.0,11.486,17.691,-3.817,0.62,2.0,3.28
ATOM,3024.0,OD1,ASP,194.0,10.385,17.489,-4.405,-0.76,1.7,39.7
ATOM,3025.0,OD2,ASP,194.0,12.186,18.68,-4.12,-0.76,1.7,39.71
ATOM,3026.0,H,ASP,194.0,13.094,14.802,-1.353,0.31,0.2245,0.0
ATOM,3027.0,HA,ASP,194.0,11.494,14.88,-3.754,0.09,1.32,7.58
ATOM,3028.0,HB2,ASP,194.0,11.181,16.56,-2.114,0.09,1.32,4.67
ATOM,3029.0,HB3,ASP,194.0,12.726,17.055,-2.291,0.09,1.32,0.3
ATOM,3030.0,N,LYS,195.0,14.566,15.719,-4.032,-0.47,1.85,0.0
ATOM,3031.0,CA,LYS,195.0,15.656,15.958,-4.965,0.07,2.275,0.74
ATOM,3032.0,C,LYS,195.0,15.94,14.73,-5.837,0.51,2.0,0.0
ATOM,3033.0,O,LYS,195.0,16.178,14.869,-7.074,-0.51,1.7,25.71
ATOM,3034.0,CB,LYS,195.0,16.924,16.329,-4.185,-0.18,2.175,1.43
ATOM,3035.0,CG,LYS,195.0,18.065,16.685,-5.154,-0.18,2.175,3.23
ATOM,3036.0,CD,LYS,195.0,19.123,17.593,-4.541,-0.18,2.175,2.22
ATOM,3037.0,CE,LYS,195.0,20.024,18.189,-5.63,0.21,2.175,18.49
ATOM,3038.0,NZ,LYS,195.0,20.778,19.363,-5.12,-0.3,1.85,14.36
ATOM,3039.0,H,LYS,195.0,14.688,15.713,-2.999,0.31,0.2245,0.0
ATOM,3040.0,HA,LYS,195.0,15.409,16.728,-5.571,0.09,1.32,7.68
ATOM,3041.0,HB2,LYS,195.0,16.734,17.117,-3.633,0.09,1.32,0.86
ATOM,3042.0,HB3,LYS,195.0,17.203,15.553,-3.653,0.09,1.32,0.0
ATOM,3043.0,HG2,LYS,195.0,18.504,15.831,-5.457,0.09,1.32,0.0
ATOM,3044.0,HG3,LYS,195.0,17.669,17.141,-5.959,0.09,1.32,4.87
ATOM,3045.0,HD2,LYS,195.0,18.675,18.337,-4.065,0.09,1.32,0.49
ATOM,3046.0,HD3,LYS,195.0,19.688,17.063,-3.925,0.09,1.32,2.64
ATOM,3047.0,HE2,LYS,195.0,20.666,17.485,-5.932,0.05,1.32,7.08
ATOM,3048.0,HE3,LYS,195.0,19.451,18.469,-6.4,0.05,1.32,8.88
ATOM,3049.0,HZ1,LYS,195.0,20.633,20.142,-5.73,0.33,0.2245,20.56
ATOM,3050.0,HZ2,LYS,195.0,20.455,19.593,-4.202,0.33,0.2245,6.46
ATOM,3051.0,HZ3,LYS,195.0,21.753,19.143,-5.085,0.33,0.2245,20.46
ATOM,3052.0,N,HIS,196.0,15.896,13.542,-5.224,-0.47,1.85,0.0
ATOM,3053.0,CA,HIS,196.0,16.308,12.302,-5.894,0.07,2.275,1.33
ATOM,3054.0,C,HIS,196.0,15.184,11.35,-6.27,0.51,2.0,1.19
ATOM,3055.0,O,HIS,196.0,15.475,10.233,-6.69,-0.51,1.7,14.66
ATOM,3056.0,CB,HIS,196.0,17.355,11.556,-5.06,-0.09,2.175,0.4
ATOM,3057.0,CG,HIS,196.0,18.569,12.367,-4.776,-0.05,1.8,0.0
ATOM,3058.0,H,HIS,196.0,15.55,13.572,-4.245,0.31,0.2245,0.0
ATOM,3059.0,HA,HIS,196.0,16.806,12.562,-6.752,0.09,1.32,3.54
ATOM,3060.0,HB2,HIS,196.0,16.939,11.284,-4.187,0.09,1.32,0.0
ATOM,3061.0,HB3,HIS,196.0,17.632,10.727,-5.556,0.09,1.32,5.82
ATOM,3062.0,ND1,HIS,196.0,19.552,12.582,-5.723,-0.36,1.85,6.1
ATOM,3063.0,CD2,HIS,196.0,18.952,13.051,-3.671,0.22,1.8,0.0
ATOM,3064.0,CE1,HIS,196.0,20.499,13.347,-5.204,0.25,1.8,11.48
ATOM,3065.0,NE2,HIS,196.0,20.168,13.636,-3.956,-0.7,1.85,4.28
ATOM,3066.0,HD1,HIS,196.0,19.545,12.217,-6.652,0.32,0.2245,17.66
ATOM,3067.0,HD2,HIS,196.0,18.453,13.12,-2.813,0.1,1.468,0.0
ATOM,3068.0,HE1,HIS,196.0,21.323,13.653,-5.672,0.13,0.9,16.61
ATOM,3069.0,N,ASP,197.0,13.933,11.781,-6.106,-0.47,1.85,0.04
ATOM,3070.0,CA,ASP,197.0,12.767,10.928,-6.372,0.07,2.275,0.78
ATOM,3071.0,C,ASP,197.0,12.873,9.621,-5.593,0.51,2.0,0.36
ATOM,3072.0,O,ASP,197.0,12.83,8.52,-6.139,-0.51,1.7,17.61
ATOM,3073.0,CB,ASP,197.0,12.652,10.675,-7.888,-0.28,2.175,14.46
ATOM,3074.0,CG,ASP,197.0,11.334,10.063,-8.288,0.62,2.0,3.38
ATOM,3075.0,OD1,ASP,197.0,10.357,10.09,-7.51,-0.76,1.7,35.55
ATOM,3076.0,OD2,ASP,197.0,11.196,9.528,-9.399,-0.76,1.7,47.2
ATOM,3077.0,H,ASP,197.0,13.852,12.765,-5.776,0.31,0.2245,0.0
ATOM,3078.0,HA,ASP,197.0,11.961,11.415,-6.025,0.09,1.32,4.42
ATOM,3079.0,HB2,ASP,197.0,12.758,11.552,-8.347,0.09,1.32,10.2
ATOM,3080.0,HB3,ASP,197.0,13.39,10.06,-8.146,0.09,1.32,5.05
ATOM,3081.0,N,LEU,198.0,13.044,9.753,-4.285,-0.47,1.85,0.0
ATOM,3082.0,CA,LEU,198.0,13.163,8.612,-3.378,0.07,2.275,1.09
ATOM,3083.0,C,LEU,198.0,11.98,8.681,-2.414,0.51,2.0,1.7
ATOM,3084.0,O,LEU,198.0,11.322,9.681,-2.339,-0.51,1.7,9.9
ATOM,3085.0,CB,LEU,198.0,14.444,8.702,-2.546,-0.18,2.175,0.0
ATOM,3086.0,CG,LEU,198.0,15.713,8.432,-3.354,-0.09,2.275,0.0
ATOM,3087.0,CD1,LEU,198.0,17.012,8.779,-2.645,-0.27,2.06,0.0
ATOM,3088.0,CD2,LEU,198.0,15.735,6.968,-3.782,-0.27,2.06,10.24
ATOM,3089.0,H,LEU,198.0,13.087,10.746,-3.953,0.31,0.2245,0.0
ATOM,3090.0,HA,LEU,198.0,13.092,7.776,-3.904,0.09,1.32,0.76
ATOM,3091.0,HB2,LEU,198.0,14.51,9.616,-2.185,0.09,1.32,0.0
ATOM,3092.0,HB3,LEU,198.0,14.394,8.025,-1.834,0.09,1.32,0.0
ATOM,3093.0,HG,LEU,198.0,15.66,8.958,-4.225,0.09,1.32,0.0
ATOM,3094.0,HD11,LEU,198.0,17.089,8.242,-1.804,0.09,1.32,0.0
ATOM,3095.0,HD12,LEU,198.0,17.786,8.571,-3.244,0.09,1.32,0.39
ATOM,3096.0,HD13,LEU,198.0,17.02,9.753,-2.418,0.09,1.32,0.0
ATOM,3097.0,HD21,LEU,198.0,14.931,6.774,-4.345,0.09,1.32,2.77
ATOM,3098.0,HD22,LEU,198.0,16.564,6.788,-4.311,0.09,1.32,3.11
ATOM,3099.0,HD23,LEU,198.0,15.724,6.384,-2.97,0.09,1.32,0.0
ATOM,3100.0,N,PRO,199.0,11.717,7.586,-1.703,-0.29,1.85,1.02
ATOM,3101.0,CA,PRO,199.0,10.567,7.542,-0.81,0.02,2.275,2.74
ATOM,3102.0,C,PRO,199.0,10.694,8.609,0.268,0.51,2.0,0.0
ATOM,3103.0,O,PRO,199.0,11.762,9.058,0.632,-0.51,1.7,0.0
ATOM,3104.0,CB,PRO,199.0,10.658,6.157,-0.186,-0.18,2.175,1.28
ATOM,3105.0,CG,PRO,199.0,11.477,5.366,-1.11,-0.18,2.175,1.05
ATOM,3106.0,CD,PRO,199.0,12.491,6.35,-1.672,0.0,2.175,1.9
ATOM,3107.0,HA,PRO,199.0,9.709,7.652,-1.321,0.09,1.32,9.72
ATOM,3108.0,HB2,PRO,199.0,11.082,6.211,0.731,0.09,1.32,0.0
ATOM,3109.0,HB3,PRO,199.0,9.736,5.759,-0.075,0.09,1.32,6.77
ATOM,3110.0,HG2,PRO,199.0,11.95,4.617,-0.636,0.09,1.32,0.0
ATOM,3111.0,HG3,PRO,199.0,10.924,4.979,-1.854,0.09,1.32,2.16
ATOM,3112.0,HD2,PRO,199.0,13.277,6.432,-1.07,0.09,1.32,0.0
ATOM,3113.0,HD3,PRO,199.0,12.779,6.081,-2.585,0.09,1.32,1.73
ATOM,3114.0,N,ARG,200.0,9.557,9.016,0.784,-0.47,1.85,0.1
ATOM,3115.0,CA,ARG,200.0,9.495,10.074,1.759,0.07,2.275,0.0
ATOM,3116.0,C,ARG,200.0,9.25,9.359,3.064,0.51,2.0,0.0
ATOM,3117.0,O,ARG,200.0,8.302,8.55,3.136,-0.51,1.7,4.19
ATOM,3118.0,CB,ARG,200.0,8.296,10.913,1.387,-0.18,2.175,3.9
ATOM,3119.0,CG,ARG,200.0,8.354,12.372,1.666,-0.18,2.175,0.61
ATOM,3120.0,CD,ARG,200.0,7.015,13.042,1.345,0.2,2.175,9.09
ATOM,3121.0,NE,ARG,200.0,6.68,13.961,2.405,-0.7,1.85,0.0
ATOM,3122.0,CZ,ARG,200.0,7.131,15.173,2.527,0.64,2.0,0.56
ATOM,3123.0,NH1,ARG,200.0,7.995,15.663,1.648,-0.8,1.85,12.75
ATOM,3124.0,NH2,ARG,200.0,6.737,15.907,3.552,-0.8,1.85,4.12
ATOM,3125.0,H,ARG,200.0,8.711,8.511,0.429,0.31,0.2245,8.06
ATOM,3126.0,HA,ARG,200.0,10.365,10.534,1.803,0.09,1.32,0.0
ATOM,3127.0,HB2,ARG,200.0,8.126,10.787,0.391,0.09,1.32,7.64
ATOM,3128.0,HB3,ARG,200.0,7.487,10.53,1.871,0.09,1.32,0.42
ATOM,3129.0,HG2,ARG,200.0,8.546,12.537,2.63,0.09,1.32,0.0
ATOM,3130.0,HG3,ARG,200.0,9.048,12.809,1.1,0.09,1.32,0.14
ATOM,3131.0,HD2,ARG,200.0,7.119,13.528,0.493,0.09,1.32,6.6
ATOM,3132.0,HD3,ARG,200.0,6.333,12.332,1.281,0.09,1.32,0.3
ATOM,3133.0,HE,ARG,200.0,6.03,13.625,3.122,0.44,0.2245,0.8
ATOM,3134.0,HH11,ARG,200.0,8.299,15.121,0.868,0.46,0.2245,4.14
ATOM,3135.0,HH12,ARG,200.0,8.35,16.598,1.768,0.46,0.2245,8.98
ATOM,3136.0,HH21,ARG,200.0,6.083,15.546,4.219,0.46,0.2245,0.0
ATOM,3137.0,HH22,ARG,200.0,7.093,16.84,3.669,0.46,0.2245,0.0
ATOM,3138.0,N,ILE,201.0,10.079,9.592,4.093,-0.47,1.85,0.0
ATOM,3139.0,CA,ILE,201.0,9.773,9.021,5.405,0.07,2.275,0.0
ATOM,3140.0,C,ILE,201.0,8.447,9.579,5.923,0.51,2.0,0.0
ATOM,3141.0,O,ILE,201.0,8.1,10.745,5.682,-0.51,1.7,0.26
ATOM,3142.0,CB,ILE,201.0,10.867,9.38,6.415,-0.09,2.275,0.0
ATOM,3143.0,CG1,ILE,201.0,11.16,10.879,6.445,-0.18,2.175,0.0
ATOM,3144.0,CG2,ILE,201.0,12.163,8.634,6.062,-0.27,2.06,0.9
ATOM,3145.0,CD1,ILE,201.0,11.973,11.274,7.659,-0.27,2.06,0.0
ATOM,3146.0,H,ILE,201.0,10.893,10.17,3.885,0.31,0.2245,0.06
ATOM,3147.0,HA,ILE,201.0,9.633,8.041,5.26,0.09,1.32,0.0
ATOM,3148.0,HB,ILE,201.0,10.548,9.11,7.327,0.09,1.32,0.0
ATOM,3149.0,HG12,ILE,201.0,11.662,11.12,5.625,0.09,1.32,0.0
ATOM,3150.0,HG13,ILE,201.0,10.296,11.367,6.466,0.09,1.32,0.0
ATOM,3151.0,HG21,ILE,201.0,12.853,8.834,6.752,0.09,1.32,0.0
ATOM,3152.0,HG22,ILE,201.0,11.98,7.655,6.04,0.09,1.32,0.0
ATOM,3153.0,HG23,ILE,201.0,12.481,8.938,5.168,0.09,1.32,0.0
ATOM,3154.0,HD11,ILE,201.0,12.844,10.785,7.647,0.09,1.32,0.0
ATOM,3155.0,HD12,ILE,201.0,12.141,12.258,7.639,0.09,1.32,0.0
ATOM,3156.0,HD13,ILE,201.0,11.467,11.037,8.487,0.09,1.32,0.0
ATOM,3157.0,N,VAL,202.0,7.702,8.754,6.685,-0.47,1.85,0.0
ATOM,3158.0,CA,VAL,202.0,6.393,9.204,7.101,0.07,2.275,0.0
ATOM,3159.0,C,VAL,202.0,6.251,9.373,8.583,0.51,2.0,0.0
ATOM,3160.0,O,VAL,202.0,5.317,10.04,9.037,-0.51,1.7,0.0
ATOM,3161.0,CB,VAL,202.0,5.272,8.288,6.587,-0.09,2.275,0.0
ATOM,3162.0,CG1,VAL,202.0,5.168,8.425,5.058,-0.27,2.06,0.74
ATOM,3163.0,CG2,VAL,202.0,5.48,6.856,7.007,-0.27,2.06,0.0
ATOM,3164.0,H,VAL,202.0,8.126,7.861,6.913,0.31,0.2245,0.0
ATOM,3165.0,HA,VAL,202.0,6.219,10.11,6.659,0.09,1.32,0.93
ATOM,3166.0,HB,VAL,202.0,4.415,8.613,6.958,0.09,1.32,0.0
ATOM,3167.0,HG11,VAL,202.0,4.73,9.293,4.838,0.09,1.32,0.01
ATOM,3168.0,HG12,VAL,202.0,6.084,8.398,4.666,0.09,1.32,0.0
ATOM,3169.0,HG13,VAL,202.0,4.624,7.67,4.7,0.09,1.32,0.0
ATOM,3170.0,HG21,VAL,202.0,4.592,6.418,7.165,0.09,1.32,0.0
ATOM,3171.0,HG22,VAL,202.0,5.969,6.36,6.286,0.09,1.32,0.0
ATOM,3172.0,HG23,VAL,202.0,6.018,6.827,7.852,0.09,1.32,0.0
ATOM,3173.0,N,THR,203.0,7.155,8.742,9.343,-0.47,1.85,0.0
ATOM,3174.0,CA,THR,203.0,7.072,8.838,10.801,0.07,2.275,0.0
ATOM,3175.0,C,THR,203.0,8.445,8.997,11.412,0.51,2.0,0.0
ATOM,3176.0,O,THR,203.0,9.447,8.597,10.821,-0.51,1.7,0.0
ATOM,3177.0,CB,THR,203.0,6.467,7.548,11.438,0.14,2.275,0.0
ATOM,3178.0,OG1,THR,203.0,7.173,6.392,10.966,-0.66,1.77,0.0
ATOM,3179.0,CG2,THR,203.0,4.946,7.374,11.049,-0.27,2.06,0.0
ATOM,3180.0,H,THR,203.0,7.87,8.215,8.836,0.31,0.2245,0.0
ATOM,3181.0,HA,THR,203.0,6.519,9.649,11.032,0.09,1.32,0.0
ATOM,3182.0,HB,THR,203.0,6.583,7.606,12.449,0.09,1.32,0.0
ATOM,3183.0,HG21,THR,203.0,4.395,7.58,11.849,0.09,1.32,0.0
ATOM,3184.0,HG22,THR,203.0,4.74,8.004,10.31,0.09,1.32,0.0
ATOM,3185.0,HG23,THR,203.0,4.805,6.435,10.759,0.09,1.32,0.0
ATOM,3186.0,HG1,THR,203.0,7.475,5.827,11.741,0.43,0.2245,0.0
ATOM,3187.0,N,ILE,204.0,8.441,9.561,12.617,-0.47,1.85,0.0
ATOM,3188.0,CA,ILE,204.0,9.617,9.578,13.476,0.07,2.275,0.0
ATOM,3189.0,C,ILE,204.0,9.191,9.011,14.818,0.51,2.0,0.0
ATOM,3190.0,O,ILE,204.0,8.15,9.417,15.374,-0.51,1.7,0.0
ATOM,3191.0,CB,ILE,204.0,10.184,11.0,13.597,-0.09,2.275,0.0
ATOM,3192.0,CG1,ILE,204.0,11.336,10.958,14.629,-0.18,2.175,0.0
ATOM,3193.0,CG2,ILE,204.0,9.07,12.033,14.047,-0.27,2.06,0.52
ATOM,3194.0,CD1,ILE,204.0,12.157,12.336,14.615,-0.27,2.06,0.0
ATOM,3195.0,H,ILE,204.0,7.528,9.987,12.89,0.31,0.2245,0.0
ATOM,3196.0,HA,ILE,204.0,10.26,8.933,13.084,0.09,1.32,0.0
ATOM,3197.0,HB,ILE,204.0,10.569,11.256,12.731,0.09,1.32,0.0
ATOM,3198.0,HG12,ILE,204.0,10.972,10.849,15.525,0.09,1.32,0.0
ATOM,3199.0,HG13,ILE,204.0,11.964,10.252,14.388,0.09,1.32,0.0
ATOM,3200.0,HG21,ILE,204.0,9.493,12.924,14.112,0.09,1.32,0.0
ATOM,3201.0,HG22,ILE,204.0,8.357,12.027,13.362,0.09,1.32,0.0
ATOM,3202.0,HG23,ILE,204.0,8.722,11.739,14.924,0.09,1.32,0.0
ATOM,3203.0,HD11,ILE,204.0,11.52,13.051,14.845,0.09,1.32,0.0
ATOM,3204.0,HD12,ILE,204.0,12.872,12.25,15.287,0.09,1.32,0.0
ATOM,3205.0,HD13,ILE,204.0,12.519,12.444,13.705,0.09,1.32,0.0
ATOM,3206.0,N,GLN,205.0,9.988,8.055,15.305,-0.47,1.85,0.0
ATOM,3207.0,CA,GLN,205.0,9.721,7.417,16.603,0.07,2.275,0.0
ATOM,3208.0,C,GLN,205.0,10.749,7.954,17.602,0.51,2.0,0.0
ATOM,3209.0,O,GLN,205.0,11.92,7.556,17.611,-0.51,1.7,0.0
ATOM,3210.0,CB,GLN,205.0,9.791,5.897,16.468,-0.18,2.175,0.0
ATOM,3211.0,CG,GLN,205.0,9.509,5.235,17.807,-0.18,2.175,0.0
ATOM,3212.0,CD,GLN,205.0,9.497,3.744,17.817,0.55,2.0,0.0
ATOM,3213.0,H,GLN,205.0,10.792,7.807,14.703,0.31,0.2245,0.0
ATOM,3214.0,HA,GLN,205.0,8.821,7.704,16.906,0.09,1.32,0.0
ATOM,3215.0,HB2,GLN,205.0,9.107,5.599,15.823,0.09,1.32,0.0
ATOM,3216.0,HB3,GLN,205.0,10.7,5.641,16.179,0.09,1.32,0.0
ATOM,3217.0,HG2,GLN,205.0,10.208,5.562,18.472,0.09,1.32,0.0
ATOM,3218.0,HG3,GLN,205.0,8.608,5.574,18.14,0.09,1.32,0.0
ATOM,3219.0,OE1,GLN,205.0,10.009,3.166,18.782,-0.55,1.7,4.63
ATOM,3220.0,NE2,GLN,205.0,8.908,3.087,16.81,-0.62,1.85,0.0
ATOM,3221.0,HE21,GLN,205.0,8.883,2.092,16.759,0.32,0.2245,0.0
ATOM,3222.0,HE22,GLN,205.0,8.468,3.653,16.068,0.3,0.2245,0.0
ATOM,3223.0,N,ASN,206.0,10.306,8.909,18.4,-0.47,1.85,0.0
ATOM,3224.0,CA,ASN,206.0,11.175,9.603,19.35,0.07,2.275,0.0
ATOM,3225.0,C,ASN,206.0,10.569,9.49,20.768,0.51,2.0,0.0
ATOM,3226.0,O,ASN,206.0,9.367,9.313,20.932,-0.51,1.7,0.0
ATOM,3227.0,CB,ASN,206.0,11.322,11.095,18.974,-0.18,2.175,0.0
ATOM,3228.0,CG,ASN,206.0,12.561,11.367,18.121,0.55,2.0,0.0
ATOM,3229.0,OD1,ASN,206.0,13.113,12.46,18.138,-0.55,1.7,9.21
ATOM,3230.0,ND2,ASN,206.0,12.955,10.37,17.342,-0.62,1.85,0.0
ATOM,3231.0,H,ASN,206.0,9.29,9.128,18.299,0.31,0.2245,0.0
ATOM,3232.0,HA,ASN,206.0,12.045,9.116,19.373,0.09,1.32,0.0
ATOM,3233.0,HB2,ASN,206.0,10.517,11.366,18.459,0.09,1.32,0.0
ATOM,3234.0,HB3,ASN,206.0,11.394,11.621,19.814,0.09,1.32,0.84
ATOM,3235.0,HD22,ASN,206.0,12.45,9.507,17.328,0.3,0.2245,0.0
ATOM,3236.0,HD21,ASN,206.0,13.764,10.479,16.759,0.32,0.2245,0.0
ATOM,3237.0,N,PRO,207.0,11.389,9.694,21.796,-0.29,1.85,0.0
ATOM,3238.0,CA,PRO,207.0,10.866,9.679,23.163,0.02,2.275,0.0
ATOM,3239.0,C,PRO,207.0,9.977,10.935,23.292,0.51,2.0,0.0
ATOM,3240.0,O,PRO,207.0,10.305,12.008,22.732,-0.51,1.7,1.49
ATOM,3241.0,CB,PRO,207.0,12.113,9.844,24.021,-0.18,2.175,0.0
ATOM,3242.0,CG,PRO,207.0,13.074,10.684,23.079,-0.18,2.175,5.91
ATOM,3243.0,CD,PRO,207.0,12.821,10.039,21.715,0.0,2.175,3.41
ATOM,3244.0,HA,PRO,207.0,10.346,8.865,23.345,0.09,1.32,0.0
ATOM,3245.0,HB2,PRO,207.0,11.94,10.368,24.839,0.09,1.32,0.0
ATOM,3246.0,HB3,PRO,207.0,12.547,8.983,24.224,0.09,1.32,0.0
ATOM,3247.0,HG2,PRO,207.0,12.791,11.62,23.097,0.09,1.32,1.26
ATOM,3248.0,HG3,PRO,207.0,13.996,10.554,23.377,0.09,1.32,0.0
ATOM,3249.0,HD2,PRO,207.0,12.99,10.685,20.981,0.09,1.32,0.05
ATOM,3250.0,HD3,PRO,207.0,13.377,9.224,21.599,0.09,1.32,0.0
ATOM,3251.0,N,TYR,208.0,8.847,10.796,23.963,-0.47,1.85,0.0
ATOM,3252.0,CA,TYR,208.0,8.044,11.967,24.256,0.07,2.275,0.0
ATOM,3253.0,C,TYR,208.0,7.224,11.673,25.509,0.51,2.0,0.0
ATOM,3254.0,O,TYR,208.0,6.463,10.692,25.556,-0.51,1.7,0.0
ATOM,3255.0,CB,TYR,208.0,7.137,12.356,23.062,-0.18,2.175,0.0
ATOM,3256.0,CG,TYR,208.0,6.416,13.637,23.354,0.0,1.9924,0.0
ATOM,3257.0,CD1,TYR,208.0,7.011,14.868,23.134,-0.115,1.9924,0.0
ATOM,3258.0,CD2,TYR,208.0,5.134,13.61,23.841,-0.115,1.9924,0.0
ATOM,3259.0,CE1,TYR,208.0,6.325,16.068,23.381,-0.115,1.9924,0.0
ATOM,3260.0,CE2,TYR,208.0,4.445,14.8,24.097,-0.115,1.9924,0.0
ATOM,3261.0,CZ,TYR,208.0,5.05,16.012,23.877,0.11,1.9924,0.0
ATOM,3262.0,OH,TYR,208.0,4.409,17.199,24.155,-0.54,1.77,0.0
ATOM,3263.0,H,TYR,208.0,8.604,9.839,24.241,0.31,0.2245,0.0
ATOM,3264.0,HA,TYR,208.0,8.651,12.731,24.456,0.09,1.32,0.0
ATOM,3265.0,HB2,TYR,208.0,7.712,12.48,22.277,0.09,1.32,0.0
ATOM,3266.0,HB3,TYR,208.0,6.48,11.638,22.938,0.09,1.32,0.0
ATOM,3267.0,HD1,TYR,208.0,7.952,14.916,22.791,0.115,1.3582,0.0
ATOM,3268.0,HD2,TYR,208.0,4.678,12.742,24.017,0.115,1.3582,0.0
ATOM,3269.0,HE1,TYR,208.0,6.771,16.939,23.192,0.115,1.3582,0.0
ATOM,3270.0,HE2,TYR,208.0,3.503,14.757,24.444,0.115,1.3582,0.0
ATOM,3271.0,HH,TYR,208.0,5.072,17.944,24.121,0.43,0.2245,0.0
ATOM,3272.0,N,SER,209.0,7.385,12.523,26.523,-0.47,1.85,0.0
ATOM,3273.0,CA,SER,209.0,6.63,12.355,27.742,0.07,2.275,0.0
ATOM,3274.0,C,SER,209.0,6.691,13.657,28.495,0.51,2.0,0.0
ATOM,3275.0,O,SER,209.0,7.412,14.588,28.105,-0.51,1.7,0.0
ATOM,3276.0,CB,SER,209.0,7.264,11.273,28.662,0.05,2.175,0.26
ATOM,3277.0,OG,SER,209.0,8.556,11.695,29.154,-0.66,1.77,0.0
ATOM,3278.0,H,SER,209.0,8.07,13.276,26.358,0.31,0.2245,0.0
ATOM,3279.0,HA,SER,209.0,5.679,12.177,27.502,0.09,1.32,0.0
ATOM,3280.0,HB2,SER,209.0,6.663,11.123,29.435,0.09,1.32,0.0
ATOM,3281.0,HB3,SER,209.0,7.381,10.441,28.137,0.09,1.32,0.0
ATOM,3282.0,HG,SER,209.0,8.977,12.289,28.477,0.43,0.2245,0.08
ATOM,3283.0,N,LEU,210.0,5.991,13.693,29.635,-0.47,1.85,0.0
ATOM,3284.0,CA,LEU,210.0,6.105,14.863,30.508,0.07,2.275,0.0
ATOM,3285.0,C,LEU,210.0,7.573,15.206,30.819,0.51,2.0,0.0
ATOM,3286.0,O,LEU,210.0,7.893,16.387,31.021,-0.51,1.7,0.0
ATOM,3287.0,CB,LEU,210.0,5.38,14.583,31.811,-0.18,2.175,0.0
ATOM,3288.0,CG,LEU,210.0,3.853,14.497,31.68,-0.09,2.275,0.0
ATOM,3289.0,CD1,LEU,210.0,3.215,13.978,32.968,-0.27,2.06,0.39
ATOM,3290.0,CD2,LEU,210.0,3.258,15.894,31.264,-0.27,2.06,0.0
ATOM,3291.0,H,LEU,210.0,5.407,12.88,29.827,0.31,0.2245,0.0
ATOM,3292.0,HA,LEU,210.0,5.692,15.655,30.041,0.09,1.32,0.0
ATOM,3293.0,HB2,LEU,210.0,5.692,13.712,32.161,0.09,1.32,0.0
ATOM,3294.0,HB3,LEU,210.0,5.578,15.316,32.443,0.09,1.32,0.0
ATOM,3295.0,HG,LEU,210.0,3.627,13.878,30.926,0.09,1.32,0.0
ATOM,3296.0,HD11,LEU,210.0,3.437,14.597,33.72,0.09,1.32,0.0
ATOM,3297.0,HD12,LEU,210.0,2.224,13.933,32.852,0.09,1.32,0.0
ATOM,3298.0,HD13,LEU,210.0,3.57,13.066,33.169,0.09,1.32,0.0
ATOM,3299.0,HD21,LEU,210.0,3.655,16.151,30.391,0.09,1.32,0.0
ATOM,3300.0,HD22,LEU,210.0,2.273,15.8,31.189,0.09,1.32,0.0
ATOM,3301.0,HD23,LEU,210.0,3.497,16.552,31.967,0.09,1.32,0.0
ATOM,3302.0,N,LEU,211.0,8.44,14.185,30.865,-0.47,1.85,0.0
ATOM,3303.0,CA,LEU,211.0,9.873,14.343,31.261,0.07,2.275,0.0
ATOM,3304.0,C,LEU,211.0,10.796,14.673,30.077,0.51,2.0,0.0
ATOM,3305.0,O,LEU,211.0,11.96,15.022,30.284,-0.51,1.7,0.0
ATOM,3306.0,CB,LEU,211.0,10.37,13.078,31.993,-0.18,2.175,0.0
ATOM,3307.0,CG,LEU,211.0,9.503,12.625,33.177,-0.09,2.275,0.0
ATOM,3308.0,CD1,LEU,211.0,9.931,11.276,33.693,-0.27,2.06,0.0
ATOM,3309.0,CD2,LEU,211.0,9.559,13.681,34.329,-0.27,2.06,0.0
ATOM,3310.0,H,LEU,211.0,8.037,13.261,30.601,0.31,0.2245,0.0
ATOM,3311.0,HA,LEU,211.0,9.926,15.099,31.929,0.09,1.32,0.0
ATOM,3312.0,HB2,LEU,211.0,10.387,12.337,31.336,0.09,1.32,0.0
ATOM,3313.0,HB3,LEU,211.0,11.276,13.268,32.342,0.09,1.32,0.0
ATOM,3314.0,HG,LEU,211.0,8.546,12.586,32.874,0.09,1.32,0.0
ATOM,3315.0,HD11,LEU,211.0,10.885,11.314,34.001,0.09,1.32,0.0
ATOM,3316.0,HD12,LEU,211.0,9.35,11.005,34.464,0.09,1.32,0.0
ATOM,3317.0,HD13,LEU,211.0,9.85,10.59,32.966,0.09,1.32,0.0
ATOM,3318.0,HD21,LEU,211.0,9.218,14.546,33.978,0.09,1.32,0.0
ATOM,3319.0,HD22,LEU,211.0,8.99,13.359,35.077,0.09,1.32,0.0
ATOM,3320.0,HD23,LEU,211.0,10.504,13.773,34.624,0.09,1.32,0.0
ATOM,3321.0,N,ASN,212.0,10.292,14.506,28.861,-0.47,1.85,0.0
ATOM,3322.0,CA,ASN,212.0,11.077,14.869,27.679,0.07,2.275,0.0
ATOM,3323.0,C,ASN,212.0,10.156,15.363,26.572,0.51,2.0,0.0
ATOM,3324.0,O,ASN,212.0,9.728,14.574,25.735,-0.51,1.7,0.0
ATOM,3325.0,CB,ASN,212.0,11.952,13.712,27.17,-0.18,2.175,0.0
ATOM,3326.0,CG,ASN,212.0,12.819,14.145,25.994,0.55,2.0,0.0
ATOM,3327.0,H,ASN,212.0,9.342,14.116,28.821,0.31,0.2245,0.0
ATOM,3328.0,HA,ASN,212.0,11.665,15.638,27.94,0.09,1.32,0.0
ATOM,3329.0,HB2,ASN,212.0,12.543,13.418,27.908,0.09,1.32,0.0
ATOM,3330.0,HB3,ASN,212.0,11.358,12.978,26.873,0.09,1.32,0.03
ATOM,3331.0,OD1,ASN,212.0,12.781,15.324,25.612,-0.55,1.7,0.0
ATOM,3332.0,ND2,ASN,212.0,13.564,13.225,25.401,-0.62,1.85,0.15
ATOM,3333.0,HD22,ASN,212.0,13.525,12.277,25.744,0.3,0.2245,0.0
ATOM,3334.0,HD21,ASN,212.0,14.149,13.458,24.635,0.32,0.2245,4.69
ATOM,3335.0,N,ARG,213.0,9.879,16.671,26.588,-0.47,1.85,0.0
ATOM,3336.0,CA,ARG,213.0,9.045,17.314,25.578,0.07,2.275,0.0
ATOM,3337.0,C,ARG,213.0,9.912,18.04,24.542,0.51,2.0,0.0
ATOM,3338.0,O,ARG,213.0,9.413,18.923,23.805,-0.51,1.7,0.0
ATOM,3339.0,CB,ARG,213.0,8.122,18.318,26.228,-0.18,2.175,0.0
ATOM,3340.0,CG,ARG,213.0,7.015,17.61,27.009,-0.18,2.175,0.0
ATOM,3341.0,CD,ARG,213.0,6.239,18.525,27.926,0.2,2.175,0.0
ATOM,3342.0,NE,ARG,213.0,5.642,19.599,27.145,-0.7,1.85,0.0
ATOM,3343.0,CZ,ARG,213.0,4.925,20.569,27.683,0.64,2.0,0.0
ATOM,3344.0,NH1,ARG,213.0,4.754,20.618,29.004,-0.8,1.85,0.0
ATOM,3345.0,NH2,ARG,213.0,4.452,21.543,26.904,-0.8,1.85,13.64
ATOM,3346.0,H,ARG,213.0,10.312,17.189,27.386,0.31,0.2245,0.0
ATOM,3347.0,HA,ARG,213.0,8.505,16.611,25.104,0.09,1.32,0.0
ATOM,3348.0,HB2,ARG,213.0,8.636,18.864,26.864,0.09,1.32,0.0
ATOM,3349.0,HB3,ARG,213.0,7.696,18.863,25.53,0.09,1.32,0.0
ATOM,3350.0,HG2,ARG,213.0,6.371,17.193,26.358,0.09,1.32,0.0
ATOM,3351.0,HG3,ARG,213.0,7.425,16.879,27.565,0.09,1.32,0.0
ATOM,3352.0,HD2,ARG,213.0,5.526,17.999,28.362,0.09,1.32,0.0
ATOM,3353.0,HD3,ARG,213.0,6.865,18.907,28.588,0.09,1.32,0.0
ATOM,3354.0,HE,ARG,213.0,5.783,19.6,26.154,0.44,0.2245,0.0
ATOM,3355.0,HH11,ARG,213.0,5.175,19.945,29.602,0.46,0.2245,0.0
ATOM,3356.0,HH12,ARG,213.0,4.189,21.351,29.401,0.46,0.2245,0.0
ATOM,3357.0,HH21,ARG,213.0,4.659,21.543,25.926,0.46,0.2245,2.15
ATOM,3358.0,HH22,ARG,213.0,3.894,22.27,27.299,0.46,0.2245,2.06
ATOM,3359.0,N,SER,214.0,11.186,17.68,24.468,-0.47,1.85,0.0
ATOM,3360.0,CA,SER,214.0,12.085,18.442,23.603,0.07,2.275,0.0
ATOM,3361.0,C,SER,214.0,11.743,18.335,22.112,0.51,2.0,0.18
ATOM,3362.0,O,SER,214.0,12.206,19.168,21.316,-0.51,1.7,6.15
ATOM,3363.0,CB,SER,214.0,13.55,18.066,23.864,0.05,2.175,1.94
ATOM,3364.0,OG,SER,214.0,13.88,16.745,23.424,-0.66,1.77,16.99
ATOM,3365.0,H,SER,214.0,11.465,16.878,25.03,0.31,0.2245,0.0
ATOM,3366.0,HA,SER,214.0,12.014,19.422,23.864,0.09,1.32,0.0
ATOM,3367.0,HB2,SER,214.0,14.141,18.718,23.384,0.09,1.32,3.87
ATOM,3368.0,HB3,SER,214.0,13.727,18.126,24.849,0.09,1.32,0.0
ATOM,3369.0,HG,SER,214.0,13.529,16.084,24.083,0.43,0.2245,0.25
ATOM,3370.0,N,PHE,215.0,10.947,17.334,21.754,-0.47,1.85,1.29
ATOM,3371.0,CA,PHE,215.0,10.429,17.26,20.372,0.07,2.275,2.65
ATOM,3372.0,C,PHE,215.0,9.786,18.6,19.999,0.51,2.0,0.0
ATOM,3373.0,O,PHE,215.0,9.721,18.965,18.807,-0.51,1.7,0.0
ATOM,3374.0,CB,PHE,215.0,9.33,16.186,20.361,-0.18,2.175,0.2
ATOM,3375.0,CG,PHE,215.0,8.906,15.751,18.97,0.0,1.9924,0.0
ATOM,3376.0,CD1,PHE,215.0,9.619,14.739,18.326,-0.115,1.9924,0.0
ATOM,3377.0,CD2,PHE,215.0,7.795,16.318,18.337,-0.115,1.9924,0.0
ATOM,3378.0,CE1,PHE,215.0,9.238,14.281,17.045,-0.115,1.9924,0.0
ATOM,3379.0,CE2,PHE,215.0,7.402,15.884,17.046,-0.115,1.9924,0.0
ATOM,3380.0,CZ,PHE,215.0,8.101,14.87,16.405,-0.115,1.9924,0.0
ATOM,3381.0,H,PHE,215.0,10.73,16.647,22.48,0.31,0.2245,0.38
ATOM,3382.0,HA,PHE,215.0,11.22,17.142,19.775,0.09,1.32,1.03
ATOM,3383.0,HB2,PHE,215.0,9.678,15.391,20.832,0.09,1.32,0.42
ATOM,3384.0,HB3,PHE,215.0,8.537,16.559,20.815,0.09,1.32,0.0
ATOM,3385.0,HD1,PHE,215.0,10.408,14.326,18.765,0.115,1.3582,0.61
ATOM,3386.0,HD2,PHE,215.0,7.272,17.03,18.789,0.115,1.3582,0.0
ATOM,3387.0,HE1,PHE,215.0,9.75,13.564,16.595,0.115,1.3582,0.0
ATOM,3388.0,HE2,PHE,215.0,6.608,16.327,16.605,0.115,1.3582,0.0
ATOM,3389.0,HZ,PHE,215.0,7.833,14.54,15.511,0.115,1.3582,0.0
ATOM,3390.0,N,GLU,216.0,9.261,19.336,20.981,-0.47,1.85,0.0
ATOM,3391.0,CA,GLU,216.0,8.564,20.584,20.652,0.07,2.275,0.0
ATOM,3392.0,C,GLU,216.0,9.48,21.703,20.127,0.51,2.0,0.03
ATOM,3393.0,O,GLU,216.0,8.978,22.621,19.478,-0.51,1.7,17.82
ATOM,3394.0,CB,GLU,216.0,7.745,21.129,21.855,-0.18,2.175,5.46
ATOM,3395.0,CG,GLU,216.0,6.681,20.124,22.296,-0.28,2.175,2.7
ATOM,3396.0,CD,GLU,216.0,6.054,20.451,23.661,0.62,2.0,2.49
ATOM,3397.0,OE1,GLU,216.0,6.15,21.608,24.155,-0.76,1.7,17.95
ATOM,3398.0,OE2,GLU,216.0,5.396,19.541,24.211,-0.76,1.7,1.25
ATOM,3399.0,H,GLU,216.0,9.381,18.973,21.927,0.31,0.2245,0.0
ATOM,3400.0,HA,GLU,216.0,7.843,20.394,19.956,0.09,1.32,0.0
ATOM,3401.0,HB2,GLU,216.0,8.362,21.256,22.591,0.09,1.32,0.0
ATOM,3402.0,HB3,GLU,216.0,7.294,21.933,21.559,0.09,1.32,7.62
ATOM,3403.0,HG2,GLU,216.0,5.954,20.132,21.634,0.09,1.32,0.39
ATOM,3404.0,HG3,GLU,216.0,7.103,19.239,22.375,0.09,1.32,0.0
ATOM,3405.0,N,VAL,217.0,10.777,21.67,20.402,-0.47,1.85,0.0
ATOM,3406.0,CA,VAL,217.0,11.644,22.773,20.006,0.07,2.275,0.15
ATOM,3407.0,C,VAL,217.0,11.891,22.828,18.511,0.51,2.0,0.0
ATOM,3408.0,O,VAL,217.0,11.901,23.937,17.906,-0.51,1.7,25.0
ATOM,3409.0,CB,VAL,217.0,12.991,22.7,20.716,-0.09,2.275,2.03
ATOM,3410.0,CG1,VAL,217.0,13.871,23.874,20.243,-0.27,2.06,37.14
ATOM,3411.0,CG2,VAL,217.0,12.807,22.779,22.189,-0.27,2.06,5.02
ATOM,3412.0,H,VAL,217.0,11.105,20.83,20.9,0.31,0.2245,0.0
ATOM,3413.0,HA,VAL,217.0,11.191,23.64,20.281,0.09,1.32,7.4
ATOM,3414.0,HB,VAL,217.0,13.452,21.874,20.429,0.09,1.32,4.55
ATOM,3415.0,HG11,VAL,217.0,14.808,23.552,20.13,0.09,1.32,11.63
ATOM,3416.0,HG12,VAL,217.0,13.52,24.212,19.373,0.09,1.32,0.78
ATOM,3417.0,HG13,VAL,217.0,13.84,24.598,20.927,0.09,1.32,8.02
ATOM,3418.0,HG21,VAL,217.0,13.661,22.534,22.66,0.09,1.32,5.9
ATOM,3419.0,HG22,VAL,217.0,12.547,23.713,22.457,0.09,1.32,8.48
ATOM,3420.0,HG23,VAL,217.0,12.083,22.146,22.483,0.09,1.32,0.0
ATOM,3421.0,N,GLY,218.0,12.123,21.67,17.917,-0.47,1.85,1.28
ATOM,3422.0,CA,GLY,218.0,12.411,21.68,16.47,-0.02,2.175,11.21
ATOM,3423.0,C,GLY,218.0,11.53,20.777,15.624,0.51,2.0,0.0
ATOM,3424.0,O,GLY,218.0,11.224,21.111,14.469,-0.51,1.7,4.33
ATOM,3425.0,H,GLY,218.0,12.09,20.838,18.49,0.31,0.2245,1.49
ATOM,3426.0,HA2,GLY,218.0,12.332,22.643,16.13,0.09,1.32,6.3
ATOM,3427.0,HA3,GLY,218.0,13.392,21.419,16.333,0.09,1.32,5.58
ATOM,3428.0,N,LEU,219.0,11.081,19.677,16.209,-0.47,1.85,0.07
ATOM,3429.0,CA,LEU,219.0,10.377,18.636,15.43,0.07,2.275,0.0
ATOM,3430.0,C,LEU,219.0,8.862,18.811,15.296,0.51,2.0,0.0
ATOM,3431.0,O,LEU,219.0,8.299,18.387,14.306,-0.51,1.7,0.02
ATOM,3432.0,CB,LEU,219.0,10.705,17.213,16.012,-0.18,2.175,0.0
ATOM,3433.0,CG,LEU,219.0,12.066,16.711,15.452,-0.09,2.275,0.37
ATOM,3434.0,CD1,LEU,219.0,12.67,15.67,16.426,-0.27,2.06,5.68
ATOM,3435.0,CD2,LEU,219.0,11.915,16.168,14.002,-0.27,2.06,1.25
ATOM,3436.0,H,LEU,219.0,11.255,19.603,17.222,0.31,0.2245,0.33
ATOM,3437.0,HA,LEU,219.0,10.781,18.624,14.489,0.09,1.32,0.0
ATOM,3438.0,HB2,LEU,219.0,10.794,17.303,16.968,0.09,1.32,0.0
ATOM,3439.0,HB3,LEU,219.0,10.019,16.609,15.709,0.09,1.32,0.0
ATOM,3440.0,HG,LEU,219.0,12.683,17.48,15.374,0.09,1.32,0.0
ATOM,3441.0,HD11,LEU,219.0,12.037,14.906,16.512,0.09,1.32,0.0
ATOM,3442.0,HD12,LEU,219.0,13.541,15.354,16.059,0.09,1.32,0.0
ATOM,3443.0,HD13,LEU,219.0,12.808,16.102,17.313,0.09,1.32,4.89
ATOM,3444.0,HD21,LEU,219.0,11.577,16.902,13.421,0.09,1.32,0.0
ATOM,3445.0,HD22,LEU,219.0,12.806,15.859,13.684,0.09,1.32,0.0
ATOM,3446.0,HD23,LEU,219.0,11.27,15.41,14.012,0.09,1.32,0.0
ATOM,3447.0,N,ALA,220.0,8.213,19.396,16.29,-0.47,1.85,0.0
ATOM,3448.0,CA,ALA,220.0,6.761,19.559,16.169,0.07,2.275,0.0
ATOM,3449.0,C,ALA,220.0,6.361,20.387,14.971,0.51,2.0,0.15
ATOM,3450.0,O,ALA,220.0,5.309,20.094,14.369,-0.51,1.7,2.73
ATOM,3451.0,CB,ALA,220.0,6.174,20.176,17.44,-0.27,2.06,10.55
ATOM,3452.0,H,ALA,220.0,8.765,19.7,17.084,0.31,0.2245,0.0
ATOM,3453.0,HA,ALA,220.0,6.344,18.636,16.085,0.09,1.32,0.0
ATOM,3454.0,HB1,ALA,220.0,5.294,20.596,17.227,0.09,1.32,6.28
ATOM,3455.0,HB2,ALA,220.0,6.048,19.462,18.126,0.09,1.32,0.0
ATOM,3456.0,HB3,ALA,220.0,6.801,20.87,17.79,0.09,1.32,0.07
ATOM,3457.0,N,GLU,221.0,7.161,21.414,14.66,-0.47,1.85,0.99
ATOM,3458.0,CA,GLU,221.0,6.866,22.246,13.491,0.07,2.275,1.98
ATOM,3459.0,C,GLU,221.0,7.072,21.476,12.182,0.51,2.0,0.0
ATOM,3460.0,O,GLU,221.0,6.299,21.629,11.236,-0.51,1.7,0.0
ATOM,3461.0,CB,GLU,221.0,7.705,23.519,13.546,-0.18,2.175,4.77
ATOM,3462.0,CG,GLU,221.0,7.339,24.504,12.464,-0.28,2.175,5.15
ATOM,3463.0,CD,GLU,221.0,8.105,25.823,12.614,0.62,2.0,6.03
ATOM,3464.0,OE1,GLU,221.0,9.277,25.787,13.038,-0.76,1.7,39.35
ATOM,3465.0,OE2,GLU,221.0,7.476,26.854,12.329,-0.76,1.7,38.16
ATOM,3466.0,H,GLU,221.0,7.96,21.558,15.285,0.31,0.2245,0.52
ATOM,3467.0,HA,GLU,221.0,5.912,22.571,13.54,0.09,1.32,2.86
ATOM,3468.0,HB2,GLU,221.0,7.541,23.947,14.413,0.09,1.32,9.74
ATOM,3469.0,HB3,GLU,221.0,8.643,23.264,13.419,0.09,1.32,0.62
ATOM,3470.0,HG2,GLU,221.0,7.584,24.127,11.595,0.09,1.32,4.17
ATOM,3471.0,HG3,GLU,221.0,6.386,24.716,12.535,0.09,1.32,2.45
ATOM,3472.0,N,VAL,222.0,8.135,20.673,12.119,-0.47,1.85,0.07
ATOM,3473.0,CA,VAL,222.0,8.317,19.774,10.985,0.07,2.275,0.55
ATOM,3474.0,C,VAL,222.0,7.105,18.867,10.846,0.51,2.0,0.0
ATOM,3475.0,O,VAL,222.0,6.602,18.638,9.736,-0.51,1.7,0.0
ATOM,3476.0,CB,VAL,222.0,9.587,18.887,11.159,-0.09,2.275,0.0
ATOM,3477.0,CG1,VAL,222.0,9.716,17.895,9.968,-0.27,2.06,0.74
ATOM,3478.0,CG2,VAL,222.0,10.851,19.801,11.304,-0.27,2.06,7.43
ATOM,3479.0,H,VAL,222.0,8.788,20.743,12.912,0.31,0.2245,0.0
ATOM,3480.0,HA,VAL,222.0,8.387,20.33,10.153,0.09,1.32,2.53
ATOM,3481.0,HB,VAL,222.0,9.462,18.336,11.97,0.09,1.32,0.09
ATOM,3482.0,HG11,VAL,222.0,10.634,17.512,9.972,0.09,1.32,0.0
ATOM,3483.0,HG12,VAL,222.0,9.04,17.174,10.081,0.09,1.32,0.0
ATOM,3484.0,HG13,VAL,222.0,9.553,18.392,9.122,0.09,1.32,0.0
ATOM,3485.0,HG21,VAL,222.0,11.351,19.772,10.447,0.09,1.32,0.0
ATOM,3486.0,HG22,VAL,222.0,10.543,20.723,11.502,0.09,1.32,2.76
ATOM,3487.0,HG23,VAL,222.0,11.404,19.446,12.048,0.09,1.32,0.0
ATOM,3488.0,N,SER,223.0,6.599,18.343,11.968,-0.47,1.85,0.0
ATOM,3489.0,CA,SER,223.0,5.405,17.473,11.85,0.07,2.275,0.0
ATOM,3490.0,C,SER,223.0,4.205,18.213,11.235,0.51,2.0,0.18
ATOM,3491.0,O,SER,223.0,3.485,17.668,10.378,-0.51,1.7,1.6
ATOM,3492.0,CB,SER,223.0,4.974,16.912,13.227,0.05,2.175,0.67
ATOM,3493.0,OG,SER,223.0,6.023,16.125,13.789,-0.66,1.77,0.38
ATOM,3494.0,H,SER,223.0,7.062,18.572,12.832,0.31,0.2245,0.0
ATOM,3495.0,HA,SER,223.0,5.643,16.709,11.238,0.09,1.32,0.0
ATOM,3496.0,HB2,SER,223.0,4.779,17.672,13.829,0.09,1.32,0.0
ATOM,3497.0,HB3,SER,223.0,4.175,16.343,13.098,0.09,1.32,0.02
ATOM,3498.0,HG,SER,223.0,6.201,15.343,13.196,0.43,0.2245,0.52
ATOM,3499.0,N,GLN,224.0,3.999,19.455,11.647,-0.47,1.85,0.01
ATOM,3500.0,CA,GLN,224.0,2.836,20.177,11.123,0.07,2.275,2.36
ATOM,3501.0,C,GLN,224.0,2.952,20.465,9.631,0.51,2.0,0.0
ATOM,3502.0,O,GLN,224.0,2.012,20.187,8.878,-0.51,1.7,20.84
ATOM,3503.0,CB,GLN,224.0,2.637,21.485,11.838,-0.18,2.175,2.82
ATOM,3504.0,CG,GLN,224.0,1.419,22.229,11.222,-0.18,2.175,6.41
ATOM,3505.0,CD,GLN,224.0,0.729,23.221,12.108,0.55,2.0,2.98
ATOM,3506.0,H,GLN,224.0,4.667,19.836,12.308,0.31,0.2245,0.0
ATOM,3507.0,HA,GLN,224.0,2.022,19.592,11.263,0.09,1.32,8.49
ATOM,3508.0,HB2,GLN,224.0,2.432,21.328,12.785,0.09,1.32,7.01
ATOM,3509.0,HB3,GLN,224.0,3.422,22.063,11.715,0.09,1.32,0.0
ATOM,3510.0,HG2,GLN,224.0,1.747,22.7,10.386,0.09,1.32,0.82
ATOM,3511.0,HG3,GLN,224.0,0.753,21.522,10.928,0.09,1.32,3.93
ATOM,3512.0,OE1,GLN,224.0,1.354,23.987,12.848,-0.55,1.7,30.84
ATOM,3513.0,NE2,GLN,224.0,-0.611,23.225,12.03,-0.62,1.85,28.32
ATOM,3514.0,HE21,GLN,224.0,-1.16,23.863,12.613,0.32,0.2245,21.76
ATOM,3515.0,HE22,GLN,224.0,-1.066,22.589,11.388,0.3,0.2245,16.94
ATOM,3516.0,N,TYR,225.0,4.097,20.97,9.199,-0.47,1.85,0.0
ATOM,3517.0,CA,TYR,225.0,4.218,21.384,7.788,0.07,2.275,0.0
ATOM,3518.0,C,TYR,225.0,4.543,20.226,6.843,0.51,2.0,0.0
ATOM,3519.0,O,TYR,225.0,4.129,20.248,5.665,-0.51,1.7,28.72
ATOM,3520.0,CB,TYR,225.0,5.267,22.515,7.645,-0.18,2.175,8.64
ATOM,3521.0,CG,TYR,225.0,4.724,23.846,8.126,0.0,1.9924,0.63
ATOM,3522.0,CD1,TYR,225.0,3.888,24.606,7.289,-0.115,1.9924,12.45
ATOM,3523.0,CD2,TYR,225.0,4.993,24.329,9.41,-0.115,1.9924,4.72
ATOM,3524.0,CE1,TYR,225.0,3.345,25.81,7.72,-0.115,1.9924,19.2
ATOM,3525.0,CE2,TYR,225.0,4.477,25.551,9.857,-0.115,1.9924,4.52
ATOM,3526.0,CZ,TYR,225.0,3.629,26.279,8.989,0.11,1.9924,2.19
ATOM,3527.0,OH,TYR,225.0,3.115,27.47,9.385,-0.54,1.77,31.89
ATOM,3528.0,H,TYR,225.0,4.85,21.046,9.883,0.31,0.2245,0.0
ATOM,3529.0,HA,TYR,225.0,3.329,21.782,7.505,0.09,1.32,3.59
ATOM,3530.0,HB2,TYR,225.0,6.049,22.276,8.194,0.09,1.32,1.36
ATOM,3531.0,HB3,TYR,225.0,5.499,22.596,6.691,0.09,1.32,5.07
ATOM,3532.0,HD1,TYR,225.0,3.684,24.272,6.37,0.115,1.3582,12.92
ATOM,3533.0,HD2,TYR,225.0,5.566,23.79,10.026,0.115,1.3582,0.0
ATOM,3534.0,HE1,TYR,225.0,2.747,26.336,7.11,0.115,1.3582,16.67
ATOM,3535.0,HE2,TYR,225.0,4.693,25.902,10.75,0.115,1.3582,3.12
ATOM,3536.0,HH,TYR,225.0,3.612,27.801,10.189,0.43,0.2245,19.56
ATOM,3537.0,N,GLU,226.0,5.238,19.211,7.335,-0.47,1.85,0.0
ATOM,3538.0,CA,GLU,226.0,5.679,18.139,6.436,0.07,2.275,0.55
ATOM,3539.0,C,GLU,226.0,4.893,16.843,6.593,0.51,2.0,1.02
ATOM,3540.0,O,GLU,226.0,4.962,15.938,5.733,-0.51,1.7,0.36
ATOM,3541.0,CB,GLU,226.0,7.181,17.834,6.675,-0.18,2.175,0.0
ATOM,3542.0,CG,GLU,226.0,8.066,19.059,6.474,-0.28,2.175,0.76
ATOM,3543.0,CD,GLU,226.0,8.143,19.498,5.025,0.62,2.0,0.58
ATOM,3544.0,OE1,GLU,226.0,7.757,18.703,4.136,-0.76,1.7,11.6
ATOM,3545.0,OE2,GLU,226.0,8.631,20.63,4.794,-0.76,1.7,27.05
ATOM,3546.0,H,GLU,226.0,5.43,19.236,8.338,0.31,0.2245,0.0
ATOM,3547.0,HA,GLU,226.0,5.608,18.461,5.473,0.09,1.32,1.32
ATOM,3548.0,HB2,GLU,226.0,7.274,17.543,7.602,0.09,1.32,0.0
ATOM,3549.0,HB3,GLU,226.0,7.448,17.159,6.024,0.09,1.32,0.0
ATOM,3550.0,HG2,GLU,226.0,7.683,19.802,6.991,0.09,1.32,0.01
ATOM,3551.0,HG3,GLU,226.0,8.977,18.832,6.766,0.09,1.32,0.0
ATOM,3552.0,N,GLY,227.0,4.227,16.696,7.732,-0.47,1.85,0.46
ATOM,3553.0,CA,GLY,227.0,3.388,15.521,7.873,-0.02,2.175,5.75
ATOM,3554.0,C,GLY,227.0,4.122,14.317,8.42,0.51,2.0,0.27
ATOM,3555.0,O,GLY,227.0,3.547,13.208,8.466,-0.51,1.7,0.03
ATOM,3556.0,H,GLY,227.0,4.351,17.418,8.429,0.31,0.2245,0.0
ATOM,3557.0,HA2,GLY,227.0,2.603,15.741,8.485,0.09,1.32,1.97
ATOM,3558.0,HA3,GLY,227.0,2.986,15.285,6.966,0.09,1.32,0.03
ATOM,3559.0,N,VAL,228.0,5.372,14.516,8.841,-0.47,1.85,0.0
ATOM,3560.0,CA,VAL,228.0,6.11,13.398,9.43,0.07,2.275,0.0
ATOM,3561.0,C,VAL,228.0,5.667,13.361,10.883,0.51,2.0,0.0
ATOM,3562.0,O,VAL,228.0,6.073,14.201,11.685,-0.51,1.7,0.36
ATOM,3563.0,CB,VAL,228.0,7.618,13.618,9.345,-0.09,2.275,0.0
ATOM,3564.0,CG1,VAL,228.0,8.395,12.451,10.081,-0.27,2.06,0.46
ATOM,3565.0,CG2,VAL,228.0,8.073,13.695,7.894,-0.27,2.06,0.34
ATOM,3566.0,H,VAL,228.0,5.742,15.457,8.722,0.31,0.2245,0.0
ATOM,3567.0,HA,VAL,228.0,5.813,12.567,8.994,0.09,1.32,0.0
ATOM,3568.0,HB,VAL,228.0,7.853,14.442,9.844,0.09,1.32,0.36
ATOM,3569.0,HG11,VAL,228.0,7.888,11.612,9.939,0.09,1.32,0.0
ATOM,3570.0,HG12,VAL,228.0,9.3,12.392,9.684,0.09,1.32,0.0
ATOM,3571.0,HG13,VAL,228.0,8.443,12.679,11.043,0.09,1.32,0.0
ATOM,3572.0,HG21,VAL,228.0,7.777,14.565,7.501,0.09,1.32,0.0
ATOM,3573.0,HG22,VAL,228.0,9.07,13.631,7.857,0.09,1.32,0.0
ATOM,3574.0,HG23,VAL,228.0,7.668,12.939,7.381,0.09,1.32,0.23
ATOM,3575.0,N,GLU,229.0,4.904,12.34,11.22,-0.47,1.85,0.0
ATOM,3576.0,CA,GLU,229.0,4.273,12.317,12.521,0.07,2.275,0.0
ATOM,3577.0,C,GLU,229.0,4.989,11.463,13.568,0.51,2.0,0.0
ATOM,3578.0,O,GLU,229.0,5.761,10.562,13.247,-0.51,1.7,0.0
ATOM,3579.0,CB,GLU,229.0,2.754,12.127,12.405,-0.18,2.175,0.0
ATOM,3580.0,CG,GLU,229.0,2.099,13.48,12.091,-0.28,2.175,0.23
ATOM,3581.0,CD,GLU,229.0,0.663,13.432,11.631,0.62,2.0,0.0
ATOM,3582.0,OE1,GLU,229.0,0.15,12.331,11.505,-0.76,1.7,0.0
ATOM,3583.0,OE2,GLU,229.0,0.047,14.512,11.383,-0.76,1.7,19.77
ATOM,3584.0,H,GLU,229.0,4.804,11.601,10.512,0.31,0.2245,0.0
ATOM,3585.0,HA,GLU,229.0,4.189,13.274,12.879,0.09,1.32,0.0
ATOM,3586.0,HB2,GLU,229.0,2.582,11.541,11.661,0.09,1.32,0.0
ATOM,3587.0,HB3,GLU,229.0,2.423,11.834,13.259,0.09,1.32,0.0
ATOM,3588.0,HG2,GLU,229.0,2.135,14.029,12.921,0.09,1.32,0.0
ATOM,3589.0,HG3,GLU,229.0,2.634,13.913,11.371,0.09,1.32,0.0
ATOM,3590.0,N,LEU,230.0,4.78,11.853,14.807,-0.47,1.85,0.0
ATOM,3591.0,CA,LEU,230.0,5.455,11.184,15.932,0.07,2.275,0.0
ATOM,3592.0,C,LEU,230.0,4.785,9.905,16.416,0.51,2.0,0.0
ATOM,3593.0,O,LEU,230.0,3.563,9.846,16.653,-0.51,1.7,0.0
ATOM,3594.0,CB,LEU,230.0,5.525,12.191,17.111,-0.18,2.175,0.0
ATOM,3595.0,CG,LEU,230.0,6.172,11.642,18.373,-0.09,2.275,0.0
ATOM,3596.0,CD1,LEU,230.0,7.604,11.149,18.188,-0.27,2.06,0.0
ATOM,3597.0,CD2,LEU,230.0,6.182,12.769,19.392,-0.27,2.06,0.0
ATOM,3598.0,H,LEU,230.0,4.126,12.641,14.929,0.31,0.2245,0.0
ATOM,3599.0,HA,LEU,230.0,6.406,10.956,15.636,0.09,1.32,0.0
ATOM,3600.0,HB2,LEU,230.0,6.058,12.965,16.805,0.09,1.32,0.0
ATOM,3601.0,HB3,LEU,230.0,4.599,12.453,17.329,0.09,1.32,0.0
ATOM,3602.0,HG,LEU,230.0,5.605,10.875,18.727,0.09,1.32,0.0
ATOM,3603.0,HD11,LEU,230.0,8.177,11.905,17.872,0.09,1.32,0.0
ATOM,3604.0,HD12,LEU,230.0,7.953,10.807,19.06,0.09,1.32,0.0
ATOM,3605.0,HD13,LEU,230.0,7.618,10.414,17.511,0.09,1.32,0.0
ATOM,3606.0,HD21,LEU,230.0,5.243,13.064,19.576,0.09,1.32,0.0
ATOM,3607.0,HD22,LEU,230.0,6.602,12.449,20.243,0.09,1.32,0.0
ATOM,3608.0,HD23,LEU,230.0,6.708,13.542,19.033,0.09,1.32,0.0
ATOM,3609.0,N,LEU,231.0,5.557,8.844,16.491,-0.47,1.85,0.0
ATOM,3610.0,CA,LEU,231.0,5.179,7.595,17.198,0.07,2.275,0.0
ATOM,3611.0,C,LEU,231.0,5.927,7.785,18.504,0.51,2.0,0.0
ATOM,3612.0,O,LEU,231.0,7.148,7.642,18.575,-0.51,1.7,0.0
ATOM,3613.0,CB,LEU,231.0,5.638,6.359,16.402,-0.18,2.175,0.0
ATOM,3614.0,CG,LEU,231.0,5.102,6.251,14.971,-0.09,2.275,0.0
ATOM,3615.0,CD1,LEU,231.0,5.582,4.954,14.299,-0.27,2.06,0.26
ATOM,3616.0,CD2,LEU,231.0,3.57,6.251,14.964,-0.27,2.06,0.0
ATOM,3617.0,H,LEU,231.0,6.484,8.94,16.005,0.31,0.2245,0.0
ATOM,3618.0,HA,LEU,231.0,4.229,7.618,17.368,0.09,1.32,0.0
ATOM,3619.0,HB2,LEU,231.0,6.63,6.386,16.348,0.09,1.32,0.0
ATOM,3620.0,HB3,LEU,231.0,5.337,5.553,16.896,0.09,1.32,0.0
ATOM,3621.0,HG,LEU,231.0,5.427,7.032,14.44,0.09,1.32,0.0
ATOM,3622.0,HD11,LEU,231.0,5.255,4.173,14.826,0.09,1.32,0.59
ATOM,3623.0,HD12,LEU,231.0,5.218,4.913,13.371,0.09,1.32,0.14
ATOM,3624.0,HD13,LEU,231.0,6.579,4.95,14.272,0.09,1.32,0.0
ATOM,3625.0,HD21,LEU,231.0,3.239,7.101,15.371,0.09,1.32,0.0
ATOM,3626.0,HD22,LEU,231.0,3.245,6.18,14.022,0.09,1.32,0.0
ATOM,3627.0,HD23,LEU,231.0,3.238,5.472,15.494,0.09,1.32,0.0
ATOM,3628.0,N,ALA,232.0,5.223,8.157,19.563,-0.47,1.85,0.0
ATOM,3629.0,CA,ALA,232.0,5.928,8.498,20.814,0.07,2.275,0.0
ATOM,3630.0,C,ALA,232.0,6.254,7.264,21.606,0.51,2.0,0.0
ATOM,3631.0,O,ALA,232.0,5.425,6.318,21.701,-0.51,1.7,0.0
ATOM,3632.0,CB,ALA,232.0,5.009,9.396,21.662,-0.27,2.06,0.0
ATOM,3633.0,H,ALA,232.0,4.211,8.187,19.451,0.31,0.2245,0.0
ATOM,3634.0,HA,ALA,232.0,6.783,8.975,20.57,0.09,1.32,0.0
ATOM,3635.0,HB1,ALA,232.0,4.068,9.08,21.568,0.09,1.32,0.0
ATOM,3636.0,HB2,ALA,232.0,5.291,9.342,22.616,0.09,1.32,0.0
ATOM,3637.0,HB3,ALA,232.0,5.084,10.336,21.339,0.09,1.32,0.0
ATOM,3638.0,N,TYR,233.0,7.477,7.255,22.152,-0.47,1.85,0.0
ATOM,3639.0,CA,TYR,233.0,7.929,6.158,23.02,0.07,2.275,0.0
ATOM,3640.0,C,TYR,233.0,8.314,6.577,24.414,0.51,2.0,0.0
ATOM,3641.0,O,TYR,233.0,8.566,7.754,24.671,-0.51,1.7,0.0
ATOM,3642.0,CB,TYR,233.0,9.043,5.357,22.329,-0.18,2.175,2.31
ATOM,3643.0,CG,TYR,233.0,10.466,5.891,22.35,0.0,1.9924,0.22
ATOM,3644.0,CD1,TYR,233.0,11.172,5.894,23.527,-0.115,1.9924,4.86
ATOM,3645.0,CD2,TYR,233.0,11.144,6.243,21.151,-0.115,1.9924,1.49
ATOM,3646.0,CE1,TYR,233.0,12.531,6.291,23.575,-0.115,1.9924,7.31
ATOM,3647.0,CE2,TYR,233.0,12.5,6.604,21.157,-0.115,1.9924,3.25
ATOM,3648.0,CZ,TYR,233.0,13.185,6.635,22.393,0.11,1.9924,1.39
ATOM,3649.0,OH,TYR,233.0,14.534,6.965,22.457,-0.54,1.77,0.01
ATOM,3650.0,H,TYR,233.0,8.065,8.073,21.914,0.31,0.2245,0.0
ATOM,3651.0,HA,TYR,233.0,7.163,5.483,23.084,0.09,1.32,0.0
ATOM,3652.0,HB2,TYR,233.0,9.057,4.426,22.743,0.09,1.32,7.49
ATOM,3653.0,HB3,TYR,233.0,8.776,5.234,21.353,0.09,1.32,0.0
ATOM,3654.0,HD1,TYR,233.0,10.735,5.613,24.386,0.115,1.3582,0.0
ATOM,3655.0,HD2,TYR,233.0,10.642,6.23,20.294,0.115,1.3582,0.0
ATOM,3656.0,HE1,TYR,233.0,13.006,6.32,24.447,0.115,1.3582,0.16
ATOM,3657.0,HE2,TYR,233.0,12.97,6.832,20.322,0.115,1.3582,0.0
ATOM,3658.0,HH,TYR,233.0,14.672,7.84,22.002,0.43,0.2245,0.0
ATOM,3659.0,N,SER,234.0,8.277,5.583,25.312,-0.47,1.85,0.0
ATOM,3660.0,CA,SER,234.0,8.572,5.794,26.748,0.07,2.275,1.12
ATOM,3661.0,C,SER,234.0,7.744,6.94,27.32,0.51,2.0,0.0
ATOM,3662.0,O,SER,234.0,8.275,7.849,27.978,-0.51,1.7,0.01
ATOM,3663.0,CB,SER,234.0,10.07,5.99,27.016,0.05,2.175,0.0
ATOM,3664.0,OG,SER,234.0,10.816,4.818,26.629,-0.66,1.77,2.74
ATOM,3665.0,H,SER,234.0,8.025,4.654,24.92,0.31,0.2245,6.47
ATOM,3666.0,HA,SER,234.0,8.321,4.951,27.236,0.09,1.32,8.1
ATOM,3667.0,HB2,SER,234.0,10.397,6.76,26.485,0.09,1.32,0.0
ATOM,3668.0,HB3,SER,234.0,10.209,6.144,27.985,0.09,1.32,0.0
ATOM,3669.0,HG,SER,234.0,11.466,5.071,25.919,0.43,0.2245,1.13
ATOM,3670.0,N,CYS,235.0,6.422,6.846,27.118,-0.47,1.85,0.0
ATOM,3671.0,CA,CYS,235.0,5.526,7.917,27.505,0.07,2.275,0.0
ATOM,3672.0,C,CYS,235.0,5.316,7.905,29.007,0.51,2.0,0.0
ATOM,3673.0,O,CYS,235.0,4.796,8.875,29.536,-0.51,1.7,0.0
ATOM,3674.0,CB,CYS,235.0,4.221,7.774,26.734,-0.11,2.175,0.0
ATOM,3675.0,SG,CYS,235.0,4.555,7.907,24.939,-0.23,2.0,0.0
ATOM,3676.0,H,CYS,235.0,6.116,5.963,26.673,0.31,0.2245,2.79
ATOM,3677.0,HA,CYS,235.0,5.95,8.793,27.255,0.09,1.32,0.0
ATOM,3678.0,HB2,CYS,235.0,3.845,6.89,26.901,0.09,1.32,0.76
ATOM,3679.0,HB3,CYS,235.0,3.623,8.505,26.979,0.09,1.32,0.0
ATOM,3680.0,HG,CYS,235.0,5.114,8.715,24.775,0.16,0.45,0.0
ATOM,3681.0,N,LEU,236.0,5.732,6.839,29.688,-0.47,1.85,0.0
ATOM,3682.0,CA,LEU,236.0,5.693,6.84,31.173,0.07,2.275,0.0
ATOM,3683.0,C,LEU,236.0,7.105,7.013,31.733,0.51,2.0,0.0
ATOM,3684.0,O,LEU,236.0,7.319,6.76,32.927,-0.51,1.7,0.0
ATOM,3685.0,CB,LEU,236.0,5.138,5.497,31.702,-0.18,2.175,0.13
ATOM,3686.0,CG,LEU,236.0,3.671,5.248,31.299,-0.09,2.275,1.04
ATOM,3687.0,CD1,LEU,236.0,3.161,3.895,31.884,-0.27,2.06,6.35
ATOM,3688.0,CD2,LEU,236.0,2.718,6.421,31.736,-0.27,2.06,0.0
ATOM,3689.0,H,LEU,236.0,6.068,6.05,29.131,0.31,0.2245,2.71
ATOM,3690.0,HA,LEU,236.0,5.133,7.613,31.468,0.09,1.32,0.0
ATOM,3691.0,HB2,LEU,236.0,5.678,4.775,31.315,0.09,1.32,3.98
ATOM,3692.0,HB3,LEU,236.0,5.177,5.519,32.68,0.09,1.32,0.0
ATOM,3693.0,HG,LEU,236.0,3.605,5.21,30.307,0.09,1.32,1.59
ATOM,3694.0,HD11,LEU,236.0,3.228,3.935,32.875,0.09,1.32,0.0
ATOM,3695.0,HD12,LEU,236.0,2.215,3.767,31.605,0.09,1.32,0.0
ATOM,3696.0,HD13,LEU,236.0,3.73,3.162,31.526,0.09,1.32,5.34
ATOM,3697.0,HD21,LEU,236.0,3.031,7.254,31.296,0.09,1.32,0.0
ATOM,3698.0,HD22,LEU,236.0,1.796,6.194,31.446,0.09,1.32,0.0
ATOM,3699.0,HD23,LEU,236.0,2.765,6.506,32.724,0.09,1.32,0.0
ATOM,3700.0,N,GLY,237.0,8.111,7.412,30.919,-0.47,1.85,0.0
ATOM,3701.0,CA,GLY,237.0,9.463,7.51,31.467,-0.02,2.175,0.0
ATOM,3702.0,C,GLY,237.0,9.961,6.198,32.07,0.51,2.0,0.0
ATOM,3703.0,O,GLY,237.0,10.471,6.172,33.195,-0.51,1.7,0.0
ATOM,3704.0,H,GLY,237.0,7.848,7.62,29.962,0.31,0.2245,0.0
ATOM,3705.0,HA2,GLY,237.0,10.101,7.801,30.733,0.09,1.32,0.0
ATOM,3706.0,HA3,GLY,237.0,9.483,8.231,32.181,0.09,1.32,0.0
ATOM,3707.0,N,PHE,238.0,9.761,5.105,31.352,-0.47,1.85,0.0
ATOM,3708.0,CA,PHE,238.0,10.167,3.762,31.793,0.07,2.275,2.58
ATOM,3709.0,C,PHE,238.0,9.283,3.248,32.962,0.51,2.0,1.98
ATOM,3710.0,O,PHE,238.0,9.612,2.231,33.568,-0.51,1.7,5.07
ATOM,3711.0,CB,PHE,238.0,11.616,3.667,32.252,-0.18,2.175,0.0
ATOM,3712.0,CG,PHE,238.0,12.689,3.651,31.164,0.0,1.9924,0.0
ATOM,3713.0,CD1,PHE,238.0,12.406,3.639,29.803,-0.115,1.9924,0.0
ATOM,3714.0,CD2,PHE,238.0,14.007,3.631,31.57,-0.115,1.9924,0.0
ATOM,3715.0,CE1,PHE,238.0,13.389,3.603,28.856,-0.115,1.9924,0.41
ATOM,3716.0,CE2,PHE,238.0,15.041,3.64,30.622,-0.115,1.9924,0.0
ATOM,3717.0,CZ,PHE,238.0,14.724,3.617,29.256,-0.115,1.9924,1.11
ATOM,3718.0,H,PHE,238.0,9.285,5.271,30.432,0.31,0.2245,0.37
ATOM,3719.0,HA,PHE,238.0,10.005,3.137,31.023,0.09,1.32,1.66
ATOM,3720.0,HB2,PHE,238.0,11.809,4.452,32.841,0.09,1.32,0.0
ATOM,3721.0,HB3,PHE,238.0,11.721,2.823,32.779,0.09,1.32,0.0
ATOM,3722.0,HD1,PHE,238.0,11.44,3.659,29.511,0.115,1.3582,0.02
ATOM,3723.0,HD2,PHE,238.0,14.237,3.611,32.54,0.115,1.3582,0.0
ATOM,3724.0,HE1,PHE,238.0,13.158,3.565,27.878,0.115,1.3582,3.81
ATOM,3725.0,HE2,PHE,238.0,15.998,3.661,30.925,0.115,1.3582,0.34
ATOM,3726.0,HZ,PHE,238.0,15.45,3.611,28.575,0.115,1.3582,9.93
ATOM,3727.0,N,GLY,239.0,8.197,3.954,33.286,-0.47,1.85,1.1
ATOM,3728.0,CA,GLY,239.0,7.343,3.591,34.411,-0.02,2.175,7.68
ATOM,3729.0,C,GLY,239.0,7.52,4.56,35.577,0.51,2.0,0.0
ATOM,3730.0,O,GLY,239.0,6.756,4.521,36.538,-0.51,1.7,0.0
ATOM,3731.0,H,GLY,239.0,8.018,4.775,32.672,0.31,0.2245,0.0
ATOM,3732.0,HA2,GLY,239.0,6.379,3.599,34.118,0.09,1.32,0.0
ATOM,3733.0,HA3,GLY,239.0,7.57,2.658,34.718,0.09,1.32,1.28
ATOM,3734.0,N,THR,240.0,8.475,5.497,35.489,-0.47,1.85,0.0
ATOM,3735.0,CA,THR,240.0,8.671,6.423,36.608,0.07,2.275,0.0
ATOM,3736.0,C,THR,240.0,7.485,7.322,36.778,0.51,2.0,0.0
ATOM,3737.0,O,THR,240.0,7.158,7.666,37.893,-0.51,1.7,0.18
ATOM,3738.0,CB,THR,240.0,9.945,7.233,36.534,0.14,2.275,0.38
ATOM,3739.0,OG1,THR,240.0,9.931,8.041,35.349,-0.66,1.77,0.0
ATOM,3740.0,CG2,THR,240.0,11.176,6.394,36.368,-0.27,2.06,4.89
ATOM,3741.0,H,THR,240.0,9.016,5.504,34.627,0.31,0.2245,0.0
ATOM,3742.0,HA,THR,240.0,8.792,5.875,37.447,0.09,1.32,0.0
ATOM,3743.0,HB,THR,240.0,9.997,7.862,37.339,0.09,1.32,2.11
ATOM,3744.0,HG21,THR,240.0,11.985,6.979,36.238,0.09,1.32,0.0
ATOM,3745.0,HG22,THR,240.0,11.324,5.822,37.183,0.09,1.32,0.11
ATOM,3746.0,HG23,THR,240.0,11.085,5.792,35.567,0.09,1.32,0.0
ATOM,3747.0,HG1,THR,240.0,10.136,7.479,34.541,0.43,0.2245,0.0
ATOM,3748.0,N,LEU,241.0,6.805,7.678,35.693,-0.47,1.85,0.0
ATOM,3749.0,CA,LEU,241.0,5.667,8.594,35.823,0.07,2.275,0.0
ATOM,3750.0,C,LEU,241.0,4.455,7.956,36.519,0.51,2.0,0.0
ATOM,3751.0,O,LEU,241.0,3.431,8.631,36.755,-0.51,1.7,1.6
ATOM,3752.0,CB,LEU,241.0,5.292,9.257,34.48,-0.18,2.175,0.0
ATOM,3753.0,CG,LEU,241.0,6.371,10.233,33.943,-0.09,2.275,0.0
ATOM,3754.0,CD1,LEU,241.0,6.07,10.638,32.474,-0.27,2.06,0.0
ATOM,3755.0,CD2,LEU,241.0,6.486,11.515,34.81,-0.27,2.06,0.06
ATOM,3756.0,H,LEU,241.0,7.126,7.28,34.809,0.31,0.2245,0.0
ATOM,3757.0,HA,LEU,241.0,5.961,9.393,36.373,0.09,1.32,0.0
ATOM,3758.0,HB2,LEU,241.0,5.182,8.547,33.81,0.09,1.32,0.0
ATOM,3759.0,HB3,LEU,241.0,4.47,9.776,34.615,0.09,1.32,0.71
ATOM,3760.0,HG,LEU,241.0,7.259,9.784,33.979,0.09,1.32,0.0
ATOM,3761.0,HD11,LEU,241.0,5.181,11.084,32.442,0.09,1.32,0.0
ATOM,3762.0,HD12,LEU,241.0,6.78,11.262,32.164,0.09,1.32,0.0
ATOM,3763.0,HD13,LEU,241.0,6.064,9.817,31.912,0.09,1.32,0.0
ATOM,3764.0,HD21,LEU,241.0,6.732,11.252,35.738,0.09,1.32,0.0
ATOM,3765.0,HD22,LEU,241.0,7.19,12.102,34.421,0.09,1.32,0.0
ATOM,3766.0,HD23,LEU,241.0,5.607,11.983,34.807,0.09,1.32,0.04
ATOM,3767.0,N,THR,242.0,4.556,6.666,36.847,-0.47,1.85,0.0
ATOM,3768.0,CA,THR,242.0,3.437,6.024,37.548,0.07,2.275,0.05
ATOM,3769.0,C,THR,242.0,3.577,6.368,39.026,0.51,2.0,0.0
ATOM,3770.0,O,THR,242.0,2.643,6.14,39.812,-0.51,1.7,10.02
ATOM,3771.0,CB,THR,242.0,3.484,4.484,37.454,0.14,2.275,2.64
ATOM,3772.0,OG1,THR,242.0,4.686,4.04,38.092,-0.66,1.77,0.0
ATOM,3773.0,CG2,THR,242.0,3.599,3.996,36.018,-0.27,2.06,7.19
ATOM,3774.0,H,THR,242.0,5.42,6.199,36.585,0.31,0.2245,0.0
ATOM,3775.0,HA,THR,242.0,2.589,6.412,37.211,0.09,1.32,0.0
ATOM,3776.0,HB,THR,242.0,2.693,4.102,37.96,0.09,1.32,9.37
ATOM,3777.0,HG21,THR,242.0,3.569,4.777,35.39,0.09,1.32,0.0
ATOM,3778.0,HG22,THR,242.0,4.466,3.507,35.893,0.09,1.32,0.06
ATOM,3779.0,HG23,THR,242.0,2.84,3.376,35.807,0.09,1.32,6.98
ATOM,3780.0,HG1,THR,242.0,5.478,4.188,37.49,0.43,0.2245,0.0
ATOM,3781.0,N,GLY,243.0,4.745,6.868,39.41,-0.47,1.85,0.0
ATOM,3782.0,CA,GLY,243.0,5.064,7.16,40.818,-0.02,2.175,0.0
ATOM,3783.0,C,GLY,243.0,5.572,5.956,41.6,0.51,2.0,0.49
ATOM,3784.0,O,GLY,243.0,5.814,6.054,42.827,-0.51,1.7,7.37
ATOM,3785.0,H,GLY,243.0,5.422,7.039,38.634,0.31,0.2245,0.0
ATOM,3786.0,HA2,GLY,243.0,5.763,7.9,40.849,0.09,1.32,0.0
ATOM,3787.0,HA3,GLY,243.0,4.231,7.529,41.273,0.09,1.32,0.0
ATOM,3788.0,N,LYS,244.0,5.771,4.818,40.924,-0.47,1.85,0.0
ATOM,3789.0,CA,LYS,244.0,6.115,3.586,41.676,0.07,2.275,2.35
ATOM,3790.0,C,LYS,244.0,7.503,3.615,42.348,0.51,2.0,0.01
ATOM,3791.0,O,LYS,244.0,7.775,2.76,43.19,-0.51,1.7,4.02
ATOM,3792.0,CB,LYS,244.0,5.995,2.324,40.77,-0.18,2.175,8.6
ATOM,3793.0,CG,LYS,244.0,7.161,2.169,39.784,-0.18,2.175,0.0
ATOM,3794.0,CD,LYS,244.0,6.813,1.244,38.529,-0.18,2.175,0.0
ATOM,3795.0,CE,LYS,244.0,5.838,0.16,38.762,0.21,2.175,9.61
ATOM,3796.0,NZ,LYS,244.0,5.827,-0.883,37.665,-0.3,1.85,3.6
ATOM,3797.0,H,LYS,244.0,5.673,4.865,39.916,0.31,0.2245,0.0
ATOM,3798.0,HA,LYS,244.0,5.412,3.448,42.398,0.09,1.32,10.55
ATOM,3799.0,HB2,LYS,244.0,5.974,1.529,41.36,0.09,1.32,2.5
ATOM,3800.0,HB3,LYS,244.0,5.153,2.402,40.253,0.09,1.32,1.64
ATOM,3801.0,HG2,LYS,244.0,7.421,3.064,39.424,0.09,1.32,0.0
ATOM,3802.0,HG3,LYS,244.0,7.943,1.753,40.246,0.09,1.32,0.0
ATOM,3803.0,HD2,LYS,244.0,6.479,1.873,37.807,0.09,1.32,0.0
ATOM,3804.0,HD3,LYS,244.0,7.698,0.864,38.212,0.09,1.32,0.0
ATOM,3805.0,HE2,LYS,244.0,6.041,-0.314,39.633,0.05,1.32,1.2
ATOM,3806.0,HE3,LYS,244.0,4.902,0.539,38.834,0.05,1.32,5.99
ATOM,3807.0,HZ1,LYS,244.0,6.334,-1.68,37.978,0.33,0.2245,5.8
ATOM,3808.0,HZ2,LYS,244.0,4.883,-1.13,37.47,0.33,0.2245,4.6
ATOM,3809.0,HZ3,LYS,244.0,6.257,-0.498,36.854,0.33,0.2245,9.15
ATOM,3810.0,N,TYR,245.0,8.38,4.559,42.004,-0.47,1.85,0.0
ATOM,3811.0,CA,TYR,245.0,9.708,4.603,42.601,0.07,2.275,0.0
ATOM,3812.0,C,TYR,245.0,9.838,5.79,43.575,0.51,2.0,0.16
ATOM,3813.0,O,TYR,245.0,10.926,6.103,44.055,-0.51,1.7,9.25
ATOM,3814.0,CB,TYR,245.0,10.793,4.727,41.522,-0.18,2.175,11.16
ATOM,3815.0,CG,TYR,245.0,10.789,3.6,40.496,0.0,1.9924,0.0
ATOM,3816.0,CD1,TYR,245.0,11.301,2.356,40.81,-0.115,1.9924,4.82
ATOM,3817.0,CD2,TYR,245.0,10.272,3.81,39.203,-0.115,1.9924,0.0
ATOM,3818.0,CE1,TYR,245.0,11.336,1.314,39.851,-0.115,1.9924,0.3
ATOM,3819.0,CE2,TYR,245.0,10.271,2.793,38.248,-0.115,1.9924,0.0
ATOM,3820.0,CZ,TYR,245.0,10.822,1.553,38.576,0.11,1.9924,0.0
ATOM,3821.0,OH,TYR,245.0,10.844,0.508,37.658,-0.54,1.77,0.0
ATOM,3822.0,H,TYR,245.0,8.042,5.234,41.298,0.31,0.2245,0.39
ATOM,3823.0,HA,TYR,245.0,9.852,3.759,43.129,0.09,1.32,0.0
ATOM,3824.0,HB2,TYR,245.0,10.655,5.587,41.036,0.09,1.32,5.78
ATOM,3825.0,HB3,TYR,245.0,11.683,4.729,41.972,0.09,1.32,6.06
ATOM,3826.0,HD1,TYR,245.0,11.658,2.169,41.725,0.115,1.3582,0.08
ATOM,3827.0,HD2,TYR,245.0,9.899,4.704,38.97,0.115,1.3582,0.0
ATOM,3828.0,HE1,TYR,245.0,11.719,0.433,40.09,0.115,1.3582,0.0
ATOM,3829.0,HE2,TYR,245.0,9.885,2.947,37.346,0.115,1.3582,0.0
ATOM,3830.0,HH,TYR,245.0,10.43,0.82,36.808,0.43,0.2245,0.5
ATOM,3831.0,N,LEU,246.0,8.733,6.46,43.851,-0.47,1.85,0.25
ATOM,3832.0,CA,LEU,246.0,8.843,7.653,44.699,0.07,2.275,0.0
ATOM,3833.0,C,LEU,246.0,9.265,7.281,46.106,0.51,2.0,0.0
ATOM,3834.0,O,LEU,246.0,8.959,6.179,46.572,-0.51,1.7,5.15
ATOM,3835.0,CB,LEU,246.0,7.545,8.455,44.717,-0.18,2.175,3.92
ATOM,3836.0,CG,LEU,246.0,7.353,9.306,43.432,-0.09,2.275,0.0
ATOM,3837.0,CD1,LEU,246.0,6.026,10.037,43.486,-0.27,2.06,6.78
ATOM,3838.0,CD2,LEU,246.0,8.471,10.293,43.177,-0.27,2.06,5.63
ATOM,3839.0,H,LEU,246.0,7.868,6.109,43.458,0.31,0.2245,0.0
ATOM,3840.0,HA,LEU,246.0,9.541,8.259,44.301,0.09,1.32,0.89
ATOM,3841.0,HB2,LEU,246.0,6.792,7.83,44.761,0.09,1.32,3.44
ATOM,3842.0,HB3,LEU,246.0,7.572,9.077,45.471,0.09,1.32,0.51
ATOM,3843.0,HG,LEU,246.0,7.373,8.695,42.646,0.09,1.32,0.18
ATOM,3844.0,HD11,LEU,246.0,6.006,10.641,44.284,0.09,1.32,7.86
ATOM,3845.0,HD12,LEU,246.0,5.908,10.584,42.655,0.09,1.32,0.0
ATOM,3846.0,HD13,LEU,246.0,5.278,9.374,43.554,0.09,1.32,0.0
ATOM,3847.0,HD21,LEU,246.0,9.34,9.803,43.078,0.09,1.32,5.18
ATOM,3848.0,HD22,LEU,246.0,8.285,10.807,42.337,0.09,1.32,0.0
ATOM,3849.0,HD23,LEU,246.0,8.54,10.933,43.945,0.09,1.32,3.15
ATOM,3850.0,N,ASN,247.0,9.99,8.2,46.748,-0.47,1.85,0.0
ATOM,3851.0,CA,ASN,247.0,10.405,8.02,48.146,0.07,2.275,4.15
ATOM,3852.0,C,ASN,247.0,11.238,6.762,48.343,0.51,2.0,2.0
ATOM,3853.0,O,ASN,247.0,11.003,5.971,49.261,-0.51,1.7,21.64
ATOM,3854.0,CB,ASN,247.0,9.183,7.994,49.069,-0.18,2.175,12.36
ATOM,3855.0,CG,ASN,247.0,8.429,9.325,49.087,0.55,2.0,1.8
ATOM,3856.0,H,ASN,247.0,10.231,9.037,46.186,0.31,0.2245,8.58
ATOM,3857.0,HA,ASN,247.0,10.993,8.807,48.38,0.09,1.32,9.13
ATOM,3858.0,HB2,ASN,247.0,8.56,7.286,48.751,0.09,1.32,2.51
ATOM,3859.0,HB3,ASN,247.0,9.489,7.795,49.995,0.09,1.32,8.68
ATOM,3860.0,OD1,ASN,247.0,9.029,10.405,48.987,-0.55,1.7,34.39
ATOM,3861.0,ND2,ASN,247.0,7.109,9.25,49.204,-0.62,1.85,21.36
ATOM,3862.0,HD22,ASN,247.0,6.663,8.357,49.281,0.3,0.2245,16.39
ATOM,3863.0,HD21,ASN,247.0,6.558,10.084,49.217,0.32,0.2245,21.46
ATOM,3864.0,N,GLY,248.0,12.198,6.569,47.452,-0.47,1.85,3.96
ATOM,3865.0,CA,GLY,248.0,13.102,5.438,47.554,-0.02,2.175,16.09
ATOM,3866.0,C,GLY,248.0,12.564,4.034,47.278,0.51,2.0,1.44
ATOM,3867.0,O,GLY,248.0,13.305,3.057,47.441,-0.51,1.7,10.84
ATOM,3868.0,H,GLY,248.0,12.245,7.278,46.696,0.31,0.2245,8.27
ATOM,3869.0,HA2,GLY,248.0,13.916,5.604,46.925,0.09,1.32,11.93
ATOM,3870.0,HA3,GLY,248.0,13.533,5.44,48.503,0.09,1.32,11.77
ATOM,3871.0,N,ALA,249.0,11.313,3.915,46.838,-0.47,1.85,0.0
ATOM,3872.0,CA,ALA,249.0,10.735,2.587,46.598,0.07,2.275,1.43
ATOM,3873.0,C,ALA,249.0,11.371,1.852,45.426,0.51,2.0,0.0
ATOM,3874.0,O,ALA,249.0,11.682,2.463,44.402,-0.51,1.7,1.91
ATOM,3875.0,CB,ALA,249.0,9.232,2.667,46.415,-0.27,2.06,21.18
ATOM,3876.0,H,ALA,249.0,10.808,4.796,46.687,0.31,0.2245,0.0
ATOM,3877.0,HA,ALA,249.0,10.861,2.028,47.438,0.09,1.32,7.04
ATOM,3878.0,HB1,ALA,249.0,9.02,3.22,45.609,0.09,1.32,0.0
ATOM,3879.0,HB2,ALA,249.0,8.858,1.747,46.292,0.09,1.32,5.35
ATOM,3880.0,HB3,ALA,249.0,8.816,3.087,47.222,0.09,1.32,7.9
ATOM,3881.0,N,LYS,250.0,11.588,0.545,45.61,-0.47,1.85,0.0
ATOM,3882.0,CA,LYS,250.0,12.099,-0.325,44.568,0.07,2.275,0.0
ATOM,3883.0,C,LYS,250.0,11.216,-1.565,44.539,0.51,2.0,0.22
ATOM,3884.0,O,LYS,250.0,11.515,-2.629,45.093,-0.51,1.7,16.52
ATOM,3885.0,CB,LYS,250.0,13.566,-0.693,44.819,-0.18,2.175,3.23
ATOM,3886.0,CG,LYS,250.0,14.491,0.521,44.775,-0.18,2.175,4.46
ATOM,3887.0,CD,LYS,250.0,15.655,0.332,45.751,-0.18,2.175,8.16
ATOM,3888.0,CE,LYS,250.0,16.469,1.609,45.96,0.21,2.175,16.5
ATOM,3889.0,NZ,LYS,250.0,17.505,1.439,47.03,-0.3,1.85,14.8
ATOM,3890.0,H,LYS,250.0,11.355,0.21,46.575,0.31,0.2245,10.97
ATOM,3891.0,HA,LYS,250.0,12.032,0.137,43.69,0.09,1.32,0.0
ATOM,3892.0,HB2,LYS,250.0,13.635,-1.105,45.717,0.09,1.32,5.27
ATOM,3893.0,HB3,LYS,250.0,13.852,-1.33,44.115,0.09,1.32,0.0
ATOM,3894.0,HG2,LYS,250.0,14.856,0.62,43.857,0.09,1.32,7.23
ATOM,3895.0,HG3,LYS,250.0,13.981,1.33,45.038,0.09,1.32,0.02
ATOM,3896.0,HD2,LYS,250.0,15.288,0.043,46.634,0.09,1.32,7.6
ATOM,3897.0,HD3,LYS,250.0,16.263,-0.374,45.392,0.09,1.32,10.75
ATOM,3898.0,HE2,LYS,250.0,16.923,1.848,45.1,0.05,1.32,11.07
ATOM,3899.0,HE3,LYS,250.0,15.848,2.35,46.221,0.05,1.32,0.0
ATOM,3900.0,HZ1,LYS,250.0,17.68,0.466,47.163,0.33,0.2245,15.55
ATOM,3901.0,HZ2,LYS,250.0,18.344,1.899,46.747,0.33,0.2245,20.5
ATOM,3902.0,HZ3,LYS,250.0,17.167,1.842,47.878,0.33,0.2245,18.48
ATOM,3903.0,N,PRO,251.0,10.08,-1.418,43.904,-0.29,1.85,0.11
ATOM,3904.0,CA,PRO,251.0,9.129,-2.518,43.807,0.02,2.275,2.83
ATOM,3905.0,C,PRO,251.0,9.741,-3.732,43.106,0.51,2.0,0.0
ATOM,3906.0,O,PRO,251.0,10.41,-3.638,42.07,-0.51,1.7,0.0
ATOM,3907.0,CB,PRO,251.0,7.982,-1.957,42.952,-0.18,2.175,13.37
ATOM,3908.0,CG,PRO,251.0,8.401,-0.555,42.583,-0.18,2.175,1.05
ATOM,3909.0,CD,PRO,251.0,9.626,-0.16,43.281,0.0,2.175,0.03
ATOM,3910.0,HA,PRO,251.0,8.78,-2.776,44.719,0.09,1.32,8.5
ATOM,3911.0,HB2,PRO,251.0,7.849,-2.515,42.127,0.09,1.32,1.6
ATOM,3912.0,HB3,PRO,251.0,7.124,-1.944,43.473,0.09,1.32,12.02
ATOM,3913.0,HG2,PRO,251.0,8.514,-0.499,41.557,0.09,1.32,0.0
ATOM,3914.0,HG3,PRO,251.0,7.621,0.092,42.79,0.09,1.32,2.03
ATOM,3915.0,HD2,PRO,251.0,10.332,0.185,42.656,0.09,1.32,0.0
ATOM,3916.0,HD3,PRO,251.0,9.46,0.532,43.991,0.09,1.32,0.0
ATOM,3917.0,N,ALA,252.0,9.467,-4.89,43.685,-0.47,1.85,1.21
ATOM,3918.0,CA,ALA,252.0,9.95,-6.115,43.128,0.07,2.275,1.0
ATOM,3919.0,C,ALA,252.0,9.338,-6.336,41.758,0.51,2.0,0.06
ATOM,3920.0,O,ALA,252.0,8.127,-6.151,41.506,-0.51,1.7,23.8
ATOM,3921.0,CB,ALA,252.0,9.66,-7.291,44.05,-0.27,2.06,41.29
ATOM,3922.0,H,ALA,252.0,8.892,-4.822,44.546,0.31,0.2245,10.36
ATOM,3923.0,HA,ALA,252.0,10.951,-6.066,43.024,0.09,1.32,1.31
ATOM,3924.0,HB1,ALA,252.0,8.965,-7.028,44.719,0.09,1.32,8.3
ATOM,3925.0,HB2,ALA,252.0,9.326,-8.064,43.511,0.09,1.32,8.97
ATOM,3926.0,HB3,ALA,252.0,10.497,-7.556,44.527,0.09,1.32,11.83
ATOM,3927.0,N,GLY,253.0,10.227,-6.719,40.872,-0.47,1.85,1.67
ATOM,3928.0,CA,GLY,253.0,9.866,-7.065,39.532,-0.02,2.175,16.37
ATOM,3929.0,C,GLY,253.0,9.812,-5.849,38.631,0.51,2.0,1.69
ATOM,3930.0,O,GLY,253.0,9.654,-6.05,37.448,-0.51,1.7,8.54
ATOM,3931.0,H,GLY,253.0,11.212,-6.748,41.232,0.31,0.2245,2.88
ATOM,3932.0,HA2,GLY,253.0,10.536,-7.727,39.153,0.09,1.32,1.53
ATOM,3933.0,HA3,GLY,253.0,8.96,-7.521,39.524,0.09,1.32,9.47
ATOM,3934.0,N,ALA,254.0,10.012,-4.638,39.151,-0.47,1.85,0.21
ATOM,3935.0,CA,ALA,254.0,9.917,-3.472,38.228,0.07,2.275,1.31
ATOM,3936.0,C,ALA,254.0,11.222,-3.232,37.468,0.51,2.0,0.0
ATOM,3937.0,O,ALA,254.0,12.317,-3.517,37.953,-0.51,1.7,0.0
ATOM,3938.0,CB,ALA,254.0,9.576,-2.218,39.023,-0.27,2.06,0.59
ATOM,3939.0,H,ALA,254.0,10.215,-4.578,40.13,0.31,0.2245,0.0
ATOM,3940.0,HA,ALA,254.0,9.182,-3.66,37.564,0.09,1.32,4.04
ATOM,3941.0,HB1,ALA,254.0,8.995,-2.463,39.799,0.09,1.32,0.06
ATOM,3942.0,HB2,ALA,254.0,10.418,-1.796,39.358,0.09,1.32,0.0
ATOM,3943.0,HB3,ALA,254.0,9.091,-1.572,38.435,0.09,1.32,0.0
ATOM,3944.0,N,ARG,255.0,11.08,-2.661,36.273,-0.47,1.85,0.0
ATOM,3945.0,CA,ARG,255.0,12.221,-2.443,35.398,0.07,2.275,0.0
ATOM,3946.0,C,ARG,255.0,13.454,-1.908,36.103,0.51,2.0,0.0
ATOM,3947.0,O,ARG,255.0,14.544,-2.418,35.951,-0.51,1.7,0.0
ATOM,3948.0,CB,ARG,255.0,11.865,-1.418,34.313,-0.18,2.175,0.95
ATOM,3949.0,CG,ARG,255.0,12.923,-1.318,33.223,-0.18,2.175,0.0
ATOM,3950.0,CD,ARG,255.0,12.538,-0.333,32.115,0.2,2.175,0.0
ATOM,3951.0,NE,ARG,255.0,11.446,-0.941,31.359,-0.7,1.85,1.87
ATOM,3952.0,CZ,ARG,255.0,10.887,-0.367,30.309,0.64,2.0,0.03
ATOM,3953.0,NH1,ARG,255.0,11.388,0.805,29.908,-0.8,1.85,0.0
ATOM,3954.0,NH2,ARG,255.0,9.906,-1.002,29.655,-0.8,1.85,11.75
ATOM,3955.0,H,ARG,255.0,10.108,-2.394,36.031,0.31,0.2245,4.58
ATOM,3956.0,HA,ARG,255.0,12.463,-3.331,34.953,0.09,1.32,0.0
ATOM,3957.0,HB2,ARG,255.0,11.013,-1.695,33.893,0.09,1.32,3.26
ATOM,3958.0,HB3,ARG,255.0,11.778,-0.53,34.742,0.09,1.32,0.0
ATOM,3959.0,HG2,ARG,255.0,13.786,-1.008,33.622,0.09,1.32,0.0
ATOM,3960.0,HG3,ARG,255.0,13.054,-2.215,32.801,0.09,1.32,0.34
ATOM,3961.0,HD2,ARG,255.0,12.231,0.492,32.536,0.09,1.32,0.0
ATOM,3962.0,HD3,ARG,255.0,13.315,-0.211,31.536,0.09,1.32,0.0
ATOM,3963.0,HE,ARG,255.0,11.108,-1.835,31.654,0.44,0.2245,0.42
ATOM,3964.0,HH11,ARG,255.0,12.157,1.24,30.344,0.46,0.2245,0.0
ATOM,3965.0,HH12,ARG,255.0,10.952,1.269,29.111,0.46,0.2245,2.41
ATOM,3966.0,HH21,ARG,255.0,9.621,-1.911,29.956,0.46,0.2245,1.29
ATOM,3967.0,HH22,ARG,255.0,9.468,-0.567,28.874,0.46,0.2245,5.21
ATOM,3968.0,N,ASN,256.0,13.298,-0.789,36.816,-0.47,1.85,0.0
ATOM,3969.0,CA,ASN,256.0,14.467,-0.13,37.382,0.07,2.275,0.0
ATOM,3970.0,C,ASN,256.0,15.029,-0.81,38.626,0.51,2.0,0.29
ATOM,3971.0,O,ASN,256.0,16.163,-0.505,39.03,-0.51,1.7,11.09
ATOM,3972.0,CB,ASN,256.0,14.204,1.352,37.645,-0.18,2.175,3.73
ATOM,3973.0,CG,ASN,256.0,14.038,2.168,36.351,0.55,2.0,0.0
ATOM,3974.0,H,ASN,256.0,12.336,-0.459,36.92,0.31,0.2245,0.0
ATOM,3975.0,HA,ASN,256.0,15.199,-0.16,36.674,0.09,1.32,0.0
ATOM,3976.0,HB2,ASN,256.0,13.366,1.44,38.174,0.09,1.32,0.0
ATOM,3977.0,HB3,ASN,256.0,14.974,1.729,38.15,0.09,1.32,7.22
ATOM,3978.0,OD1,ASN,256.0,14.309,1.667,35.26,-0.55,1.7,0.0
ATOM,3979.0,ND2,ASN,256.0,13.555,3.394,36.474,-0.62,1.85,0.03
ATOM,3980.0,HD22,ASN,256.0,13.324,3.745,37.387,0.3,0.2245,4.02
ATOM,3981.0,HD21,ASN,256.0,13.42,3.969,35.671,0.32,0.2245,0.0
ATOM,3982.0,N,THR,257.0,14.23,-1.696,39.215,-0.47,1.85,0.0
ATOM,3983.0,CA,THR,257.0,14.62,-2.492,40.376,0.07,2.275,0.21
ATOM,3984.0,C,THR,257.0,15.456,-3.664,39.866,0.51,2.0,0.0
ATOM,3985.0,O,THR,257.0,16.535,-3.951,40.391,-0.51,1.7,21.34
ATOM,3986.0,CB,THR,257.0,13.357,-3.026,41.028,0.14,2.275,0.0
ATOM,3987.0,OG1,THR,257.0,12.618,-1.905,41.543,-0.66,1.77,0.02
ATOM,3988.0,CG2,THR,257.0,13.67,-3.89,42.279,-0.27,2.06,16.09
ATOM,3989.0,H,THR,257.0,13.281,-1.776,38.768,0.31,0.2245,0.0
ATOM,3990.0,HA,THR,257.0,15.189,-1.935,40.969,0.09,1.32,3.44
ATOM,3991.0,HB,THR,257.0,12.781,-3.483,40.327,0.09,1.32,0.0
ATOM,3992.0,HG21,THR,257.0,12.971,-3.724,42.971,0.09,1.32,0.0
ATOM,3993.0,HG22,THR,257.0,13.668,-4.853,42.018,0.09,1.32,2.86
ATOM,3994.0,HG23,THR,257.0,14.567,-3.635,42.633,0.09,1.32,5.22
ATOM,3995.0,HG1,THR,257.0,12.309,-2.094,42.48,0.43,0.2245,0.0
ATOM,3996.0,N,LEU,258.0,14.952,-4.329,38.831,-0.47,1.85,0.0
ATOM,3997.0,CA,LEU,258.0,15.69,-5.436,38.206,0.07,2.275,0.07
ATOM,3998.0,C,LEU,258.0,16.936,-4.978,37.429,0.51,2.0,0.0
ATOM,3999.0,O,LEU,258.0,17.996,-5.609,37.486,-0.51,1.7,23.4
ATOM,4000.0,CB,LEU,258.0,14.784,-6.169,37.194,-0.18,2.175,0.03
ATOM,4001.0,CG,LEU,258.0,13.607,-6.891,37.856,-0.09,2.275,0.0
ATOM,4002.0,CD1,LEU,258.0,12.678,-7.328,36.748,-0.27,2.06,6.89
ATOM,4003.0,CD2,LEU,258.0,14.114,-8.086,38.646,-0.27,2.06,29.44
ATOM,4004.0,H,LEU,258.0,14.023,-4.012,38.511,0.31,0.2245,0.0
ATOM,4005.0,HA,LEU,258.0,15.991,-6.071,38.937,0.09,1.32,3.83
ATOM,4006.0,HB2,LEU,258.0,14.416,-5.497,36.579,0.09,1.32,0.0
ATOM,4007.0,HB3,LEU,258.0,15.33,-6.842,36.735,0.09,1.32,0.7
ATOM,4008.0,HG,LEU,258.0,13.142,-6.263,38.457,0.09,1.32,0.0
ATOM,4009.0,HD11,LEU,258.0,13.161,-7.944,36.122,0.09,1.32,3.27
ATOM,4010.0,HD12,LEU,258.0,11.888,-7.808,37.136,0.09,1.32,2.72
ATOM,4011.0,HD13,LEU,258.0,12.357,-6.527,36.238,0.09,1.32,0.0
ATOM,4012.0,HD21,LEU,258.0,14.75,-7.775,39.354,0.09,1.32,4.95
ATOM,4013.0,HD22,LEU,258.0,13.342,-8.555,39.077,0.09,1.32,5.38
ATOM,4014.0,HD23,LEU,258.0,14.586,-8.719,38.031,0.09,1.32,9.25
ATOM,4015.0,N,PHE,259.0,16.817,-3.898,36.676,-0.47,1.85,0.0
ATOM,4016.0,CA,PHE,259.0,17.891,-3.507,35.77,0.07,2.275,0.95
ATOM,4017.0,C,PHE,259.0,18.354,-2.099,36.053,0.51,2.0,0.0
ATOM,4018.0,O,PHE,259.0,17.893,-1.13,35.428,-0.51,1.7,0.0
ATOM,4019.0,CB,PHE,259.0,17.434,-3.572,34.324,-0.18,2.175,0.31
ATOM,4020.0,CG,PHE,259.0,16.808,-4.884,33.953,0.0,1.9924,0.0
ATOM,4021.0,CD1,PHE,259.0,17.536,-6.08,34.006,-0.115,1.9924,1.52
ATOM,4022.0,CD2,PHE,259.0,15.477,-4.92,33.551,-0.115,1.9924,0.0
ATOM,4023.0,CE1,PHE,259.0,16.951,-7.285,33.655,-0.115,1.9924,8.03
ATOM,4024.0,CE2,PHE,259.0,14.897,-6.109,33.21,-0.115,1.9924,0.23
ATOM,4025.0,CZ,PHE,259.0,15.617,-7.292,33.266,-0.115,1.9924,1.75
ATOM,4026.0,H,PHE,259.0,15.934,-3.376,36.78,0.31,0.2245,0.0
ATOM,4027.0,HA,PHE,259.0,18.669,-4.119,35.96,0.09,1.32,2.63
ATOM,4028.0,HB2,PHE,259.0,16.76,-2.862,34.182,0.09,1.32,0.0
ATOM,4029.0,HB3,PHE,259.0,18.225,-3.438,33.746,0.09,1.32,1.15
ATOM,4030.0,HD1,PHE,259.0,18.487,-6.061,34.302,0.115,1.3582,10.8
ATOM,4031.0,HD2,PHE,259.0,14.954,-4.07,33.516,0.115,1.3582,0.0
ATOM,4032.0,HE1,PHE,259.0,17.482,-8.13,33.681,0.115,1.3582,14.79
ATOM,4033.0,HE2,PHE,259.0,13.92,-6.13,32.908,0.115,1.3582,0.0
ATOM,4034.0,HZ,PHE,259.0,15.177,-8.161,33.026,0.115,1.3582,2.1
ATOM,4035.0,N,SER,260.0,19.305,-1.991,36.962,-0.47,1.85,0.15
ATOM,4036.0,CA,SER,260.0,19.796,-0.699,37.397,0.07,2.275,0.85
ATOM,4037.0,C,SER,260.0,20.595,0.013,36.34,0.51,2.0,0.15
ATOM,4038.0,O,SER,260.0,21.049,1.109,36.576,-0.51,1.7,11.72
ATOM,4039.0,CB,SER,260.0,20.598,-0.841,38.706,0.05,2.175,25.25
ATOM,4040.0,OG,SER,260.0,21.62,-1.821,38.547,-0.66,1.77,30.03
ATOM,4041.0,H,SER,260.0,19.664,-2.896,37.331,0.31,0.2245,2.86
ATOM,4042.0,HA,SER,260.0,18.991,-0.121,37.627,0.09,1.32,2.39
ATOM,4043.0,HB2,SER,260.0,21.015,0.03,38.919,0.09,1.32,7.83
ATOM,4044.0,HB3,SER,260.0,19.982,-1.129,39.425,0.09,1.32,6.09
ATOM,4045.0,HG,SER,260.0,21.569,-2.204,37.627,0.43,0.2245,9.62
ATOM,4046.0,N,ARG,261.0,20.758,-0.569,35.161,-0.47,1.85,0.02
ATOM,4047.0,CA,ARG,261.0,21.509,0.11,34.102,0.07,2.275,2.33
ATOM,4048.0,C,ARG,261.0,20.627,1.16,33.415,0.51,2.0,0.28
ATOM,4049.0,O,ARG,261.0,21.1,2.066,32.764,-0.51,1.7,8.49
ATOM,4050.0,CB,ARG,261.0,22.065,-0.89,33.075,-0.18,2.175,6.75
ATOM,4051.0,CG,ARG,261.0,23.188,-0.341,32.244,-0.18,2.175,8.8
ATOM,4052.0,CD,ARG,261.0,23.829,-1.368,31.281,0.2,2.175,14.79
ATOM,4053.0,NE,ARG,261.0,24.992,-0.83,30.58,-0.7,1.85,6.65
ATOM,4054.0,CZ,ARG,261.0,25.081,-0.728,29.254,0.64,2.0,2.2
ATOM,4055.0,NH1,ARG,261.0,24.072,-1.115,28.499,-0.8,1.85,8.49
ATOM,4056.0,NH2,ARG,261.0,26.175,-0.236,28.683,-0.8,1.85,6.53
ATOM,4057.0,H,ARG,261.0,20.331,-1.498,35.056,0.31,0.2245,0.87
ATOM,4058.0,HA,ARG,261.0,22.298,0.575,34.51,0.09,1.32,5.35
ATOM,4059.0,HB2,ARG,261.0,22.396,-1.685,33.575,0.09,1.32,8.46
ATOM,4060.0,HB3,ARG,261.0,21.318,-1.151,32.471,0.09,1.32,3.54
ATOM,4061.0,HG2,ARG,261.0,22.859,0.426,31.678,0.09,1.32,4.44
ATOM,4062.0,HG3,ARG,261.0,23.926,0.001,32.84,0.09,1.32,9.14
ATOM,4063.0,HD2,ARG,261.0,24.1,-2.157,31.825,0.09,1.32,10.1
ATOM,4064.0,HD3,ARG,261.0,23.131,-1.631,30.62,0.09,1.32,0.92
ATOM,4065.0,HE,ARG,261.0,25.773,-0.518,31.129,0.44,0.2245,14.55
ATOM,4066.0,HH11,ARG,261.0,23.226,-1.467,28.891,0.46,0.2245,6.73
ATOM,4067.0,HH12,ARG,261.0,24.152,-1.054,27.491,0.46,0.2245,0.0
ATOM,4068.0,HH21,ARG,261.0,26.93,0.078,29.269,0.46,0.2245,12.57
ATOM,4069.0,HH22,ARG,261.0,26.247,-0.177,27.695,0.46,0.2245,0.0
ATOM,4070.0,N,PHE,262.0,19.33,1.008,33.575,-0.47,1.85,0.0
ATOM,4071.0,CA,PHE,262.0,18.361,1.907,32.93,0.07,2.275,0.15
ATOM,4072.0,C,PHE,262.0,18.324,3.176,33.79,0.51,2.0,0.0
ATOM,4073.0,O,PHE,262.0,17.673,3.193,34.834,-0.51,1.7,1.68
ATOM,4074.0,CB,PHE,262.0,16.978,1.299,32.98,-0.18,2.175,0.0
ATOM,4075.0,CG,PHE,262.0,16.693,0.275,31.901,0.0,1.9924,0.0
ATOM,4076.0,CD1,PHE,262.0,16.836,0.58,30.553,-0.115,1.9924,5.1
ATOM,4077.0,CD2,PHE,262.0,16.265,-0.981,32.25,-0.115,1.9924,0.11
ATOM,4078.0,CE1,PHE,262.0,16.545,-0.39,29.582,-0.115,1.9924,8.27
ATOM,4079.0,CE2,PHE,262.0,15.997,-1.961,31.291,-0.115,1.9924,0.85
ATOM,4080.0,CZ,PHE,262.0,16.125,-1.672,29.974,-0.115,1.9924,0.23
ATOM,4081.0,H,PHE,262.0,19.044,0.216,34.183,0.31,0.2245,0.0
ATOM,4082.0,HA,PHE,262.0,18.743,2.165,32.058,0.09,1.32,2.61
ATOM,4083.0,HB2,PHE,262.0,16.867,0.844,33.856,0.09,1.32,0.0
ATOM,4084.0,HB3,PHE,262.0,16.311,2.029,32.879,0.09,1.32,0.0
ATOM,4085.0,HD1,PHE,262.0,17.142,1.474,30.268,0.115,1.3582,4.39
ATOM,4086.0,HD2,PHE,262.0,16.138,-1.214,33.224,0.115,1.3582,0.0
ATOM,4087.0,HE1,PHE,262.0,16.637,-0.162,28.611,0.115,1.3582,11.46
ATOM,4088.0,HE2,PHE,262.0,15.706,-2.883,31.607,0.115,1.3582,0.22
ATOM,4089.0,HZ,PHE,262.0,15.928,-2.35,29.264,0.115,1.3582,0.0
ATOM,4090.0,N,THR,263.0,19.021,4.221,33.379,-0.47,1.85,0.0
ATOM,4091.0,CA,THR,263.0,19.056,5.449,34.191,0.07,2.275,0.0
ATOM,4092.0,C,THR,263.0,18.456,6.679,33.504,0.51,2.0,0.0
ATOM,4093.0,O,THR,263.0,18.523,7.773,34.059,-0.51,1.7,7.4
ATOM,4094.0,CB,THR,263.0,20.491,5.785,34.58,0.14,2.275,6.14
ATOM,4095.0,OG1,THR,263.0,21.261,5.916,33.385,-0.66,1.77,22.75
ATOM,4096.0,CG2,THR,263.0,21.135,4.583,35.27,-0.27,2.06,19.96
ATOM,4097.0,H,THR,263.0,19.515,4.114,32.487,0.31,0.2245,3.6
ATOM,4098.0,HA,THR,263.0,18.53,5.276,35.046,0.09,1.32,0.0
ATOM,4099.0,HB,THR,263.0,20.505,6.679,35.066,0.09,1.32,6.2
ATOM,4100.0,HG21,THR,263.0,21.603,4.884,36.103,0.09,1.32,11.52
ATOM,4101.0,HG22,THR,263.0,20.429,3.914,35.51,0.09,1.32,0.27
ATOM,4102.0,HG23,THR,263.0,21.799,4.156,34.653,0.09,1.32,3.55
ATOM,4103.0,HG1,THR,263.0,21.402,5.016,32.956,0.43,0.2245,7.39
ATOM,4104.0,N,ARG,264.0,17.91,6.51,32.302,-0.47,1.85,0.81
ATOM,4105.0,CA,ARG,264.0,17.47,7.663,31.539,0.07,2.275,1.95
ATOM,4106.0,C,ARG,264.0,16.49,8.536,32.287,0.51,2.0,0.0
ATOM,4107.0,O,ARG,264.0,16.508,9.771,32.061,-0.51,1.7,7.19
ATOM,4108.0,CB,ARG,264.0,16.87,7.191,30.22,-0.18,2.175,1.8
ATOM,4109.0,CG,ARG,264.0,16.656,8.278,29.182,-0.18,2.175,1.6
ATOM,4110.0,CD,ARG,264.0,16.257,7.689,27.828,0.2,2.175,1.23
ATOM,4111.0,NE,ARG,264.0,16.317,8.759,26.827,-0.7,1.85,0.0
ATOM,4112.0,CZ,ARG,264.0,16.108,8.562,25.497,0.64,2.0,0.0
ATOM,4113.0,NH1,ARG,264.0,15.847,7.345,25.027,-0.8,1.85,0.02
ATOM,4114.0,NH2,ARG,264.0,16.153,9.604,24.674,-0.8,1.85,0.47
ATOM,4115.0,H,ARG,264.0,17.834,5.537,31.983,0.31,0.2245,0.17
ATOM,4116.0,HA,ARG,264.0,18.286,8.223,31.297,0.09,1.32,9.34
ATOM,4117.0,HB2,ARG,264.0,17.482,6.504,29.825,0.09,1.32,6.77
ATOM,4118.0,HB3,ARG,264.0,15.982,6.77,30.412,0.09,1.32,0.0
ATOM,4119.0,HG2,ARG,264.0,15.926,8.887,29.479,0.09,1.32,0.0
ATOM,4120.0,HG3,ARG,264.0,17.5,8.791,29.055,0.09,1.32,1.16
ATOM,4121.0,HD2,ARG,264.0,16.9,6.987,27.598,0.09,1.32,5.66
ATOM,4122.0,HD3,ARG,264.0,15.338,7.356,27.899,0.09,1.32,0.0
ATOM,4123.0,HE,ARG,264.0,16.522,9.687,27.128,0.44,0.2245,0.0
ATOM,4124.0,HH11,ARG,264.0,15.782,6.567,25.646,0.46,0.2245,4.47
ATOM,4125.0,HH12,ARG,264.0,15.714,7.211,24.042,0.46,0.2245,0.0
ATOM,4126.0,HH21,ARG,264.0,16.319,10.522,25.037,0.46,0.2245,0.0
ATOM,4127.0,HH22,ARG,264.0,16.02,9.473,23.692,0.46,0.2245,0.2
ATOM,4128.0,N,TYR,265.0,15.685,7.916,33.168,-0.47,1.85,0.0
ATOM,4129.0,CA,TYR,265.0,14.649,8.672,33.904,0.07,2.275,0.0
ATOM,4130.0,C,TYR,265.0,14.887,8.715,35.401,0.51,2.0,0.0
ATOM,4131.0,O,TYR,265.0,13.951,8.867,36.189,-0.51,1.7,0.52
ATOM,4132.0,CB,TYR,265.0,13.202,8.202,33.551,-0.18,2.175,0.0
ATOM,4133.0,CG,TYR,265.0,12.954,8.286,32.062,0.0,1.9924,0.0
ATOM,4134.0,CD1,TYR,265.0,12.635,9.505,31.464,-0.115,1.9924,0.0
ATOM,4135.0,CD2,TYR,265.0,13.183,7.174,31.252,-0.115,1.9924,0.0
ATOM,4136.0,CE1,TYR,265.0,12.479,9.612,30.096,-0.115,1.9924,0.0
ATOM,4137.0,CE2,TYR,265.0,13.019,7.274,29.866,-0.115,1.9924,0.0
ATOM,4138.0,CZ,TYR,265.0,12.681,8.5,29.308,0.11,1.9924,0.0
ATOM,4139.0,OH,TYR,265.0,12.53,8.577,27.932,-0.54,1.77,0.0
ATOM,4140.0,H,TYR,265.0,15.847,6.91,33.281,0.31,0.2245,0.0
ATOM,4141.0,HA,TYR,265.0,14.656,9.623,33.55,0.09,1.32,0.0
ATOM,4142.0,HB2,TYR,265.0,13.114,7.268,33.838,0.09,1.32,0.0
ATOM,4143.0,HB3,TYR,265.0,12.574,8.799,34.013,0.09,1.32,0.0
ATOM,4144.0,HD1,TYR,265.0,12.517,10.317,32.04,0.115,1.3582,0.0
ATOM,4145.0,HD2,TYR,265.0,13.462,6.315,31.653,0.115,1.3582,0.0
ATOM,4146.0,HE1,TYR,265.0,12.224,10.487,29.682,0.115,1.3582,0.0
ATOM,4147.0,HE2,TYR,265.0,13.143,6.473,29.289,0.115,1.3582,0.0
ATOM,4148.0,HH,TYR,265.0,12.035,9.412,27.708,0.43,0.2245,0.25
ATOM,4149.0,N,SER,266.0,16.162,8.654,35.769,-0.47,1.85,0.0
ATOM,4150.0,CA,SER,266.0,16.566,8.585,37.167,0.07,2.275,0.01
ATOM,4151.0,C,SER,266.0,17.379,9.777,37.635,0.51,2.0,0.47
ATOM,4152.0,O,SER,266.0,17.844,9.785,38.785,-0.51,1.7,10.4
ATOM,4153.0,CB,SER,266.0,17.395,7.311,37.4,0.05,2.175,13.12
ATOM,4154.0,OG,SER,266.0,16.665,6.144,37.036,-0.66,1.77,5.15
ATOM,4155.0,H,SER,266.0,16.842,8.66,34.978,0.31,0.2245,0.0
ATOM,4156.0,HA,SER,266.0,15.719,8.543,37.734,0.09,1.32,1.68
ATOM,4157.0,HB2,SER,266.0,18.22,7.362,36.847,0.09,1.32,0.43
ATOM,4158.0,HB3,SER,266.0,17.63,7.256,38.365,0.09,1.32,4.61
ATOM,4159.0,HG,SER,266.0,17.298,5.381,36.922,0.43,0.2245,5.4
ATOM,4160.0,N,GLY,267.0,17.542,10.816,36.813,-0.47,1.85,0.7
ATOM,4161.0,CA,GLY,267.0,18.338,11.945,37.246,-0.02,2.175,14.55
ATOM,4162.0,C,GLY,267.0,17.675,12.728,38.349,0.51,2.0,0.0
ATOM,4163.0,O,GLY,267.0,16.492,12.549,38.585,-0.51,1.7,0.0
ATOM,4164.0,H,GLY,267.0,17.077,10.739,35.904,0.31,0.2245,0.97
ATOM,4165.0,HA2,GLY,267.0,19.245,11.614,37.565,0.09,1.32,9.24
ATOM,4166.0,HA3,GLY,267.0,18.511,12.558,36.454,0.09,1.32,9.49
ATOM,4167.0,N,GLU,268.0,18.48,13.515,39.06,-0.47,1.85,2.59
ATOM,4168.0,CA,GLU,268.0,17.966,14.28,40.199,0.07,2.275,1.63
ATOM,4169.0,C,GLU,268.0,16.787,15.189,39.86,0.51,2.0,0.0
ATOM,4170.0,O,GLU,268.0,15.759,15.196,40.534,-0.51,1.7,0.39
ATOM,4171.0,CB,GLU,268.0,19.106,15.082,40.823,-0.18,2.175,7.08
ATOM,4172.0,CG,GLU,268.0,18.645,15.805,42.08,-0.28,2.175,3.43
ATOM,4173.0,CD,GLU,268.0,19.791,16.404,42.879,0.62,2.0,4.37
ATOM,4174.0,OE1,GLU,268.0,20.964,16.283,42.449,-0.76,1.7,37.46
ATOM,4175.0,OE2,GLU,268.0,19.507,17.002,43.942,-0.76,1.7,33.86
ATOM,4176.0,H,GLU,268.0,19.463,13.538,38.75,0.31,0.2245,11.15
ATOM,4177.0,HA,GLU,268.0,17.689,13.634,40.938,0.09,1.32,3.72
ATOM,4178.0,HB2,GLU,268.0,19.807,14.458,41.08,0.09,1.32,8.02
ATOM,4179.0,HB3,GLU,268.0,19.388,15.755,40.18,0.09,1.32,3.5
ATOM,4180.0,HG2,GLU,268.0,18.053,16.544,41.812,0.09,1.32,0.0
ATOM,4181.0,HG3,GLU,268.0,18.187,15.156,42.661,0.09,1.32,9.06
ATOM,4182.0,N,GLN,269.0,16.917,15.945,38.789,-0.47,1.85,0.0
ATOM,4183.0,CA,GLN,269.0,15.828,16.83,38.41,0.07,2.275,0.0
ATOM,4184.0,C,GLN,269.0,14.609,16.042,37.917,0.51,2.0,0.0
ATOM,4185.0,O,GLN,269.0,13.442,16.414,38.16,-0.51,1.7,0.0
ATOM,4186.0,CB,GLN,269.0,16.312,17.826,37.336,-0.18,2.175,3.78
ATOM,4187.0,CG,GLN,269.0,17.402,18.777,37.874,-0.18,2.175,19.36
ATOM,4188.0,CD,GLN,269.0,16.973,19.566,39.097,0.55,2.0,2.27
ATOM,4189.0,H,GLN,269.0,17.799,15.86,38.277,0.31,0.2245,3.96
ATOM,4190.0,HA,GLN,269.0,15.543,17.347,39.227,0.09,1.32,0.0
ATOM,4191.0,HB2,GLN,269.0,16.697,17.319,36.578,0.09,1.32,3.55
ATOM,4192.0,HB3,GLN,269.0,15.544,18.379,37.041,0.09,1.32,0.34
ATOM,4193.0,HG2,GLN,269.0,18.205,18.227,38.109,0.09,1.32,3.66
ATOM,4194.0,HG3,GLN,269.0,17.644,19.418,37.143,0.09,1.32,11.72
ATOM,4195.0,OE1,GLN,269.0,16.054,20.411,39.048,-0.55,1.7,18.69
ATOM,4196.0,NE2,GLN,269.0,17.621,19.281,40.212,-0.62,1.85,12.75
ATOM,4197.0,HE21,GLN,269.0,17.402,19.779,41.084,0.32,0.2245,4.62
ATOM,4198.0,HE22,GLN,269.0,18.339,18.563,40.204,0.3,0.2245,3.29
ATOM,4199.0,N,THR,270.0,14.882,14.971,37.191,-0.47,1.85,0.0
ATOM,4200.0,CA,THR,270.0,13.793,14.124,36.744,0.07,2.275,0.0
ATOM,4201.0,C,THR,270.0,12.956,13.588,37.917,0.51,2.0,0.0
ATOM,4202.0,O,THR,270.0,11.736,13.571,37.851,-0.51,1.7,0.0
ATOM,4203.0,CB,THR,270.0,14.344,12.985,35.908,0.14,2.275,0.0
ATOM,4204.0,OG1,THR,270.0,14.856,13.524,34.682,-0.66,1.77,0.47
ATOM,4205.0,CG2,THR,270.0,13.22,12.062,35.446,-0.27,2.06,0.0
ATOM,4206.0,H,THR,270.0,15.871,14.805,36.986,0.31,0.2245,0.47
ATOM,4207.0,HA,THR,270.0,13.18,14.666,36.15,0.09,1.32,0.0
ATOM,4208.0,HB,THR,270.0,15.118,12.544,36.403,0.09,1.32,0.0
ATOM,4209.0,HG21,THR,270.0,13.604,11.295,34.928,0.09,1.32,0.0
ATOM,4210.0,HG22,THR,270.0,12.725,11.708,36.242,0.09,1.32,0.0
ATOM,4211.0,HG23,THR,270.0,12.585,12.57,34.861,0.09,1.32,0.0
ATOM,4212.0,HG1,THR,270.0,14.101,13.755,34.06,0.43,0.2245,0.0
ATOM,4213.0,N,GLN,271.0,13.63,13.135,38.969,-0.47,1.85,0.0
ATOM,4214.0,CA,GLN,271.0,12.926,12.573,40.114,0.07,2.275,0.34
ATOM,4215.0,C,GLN,271.0,12.069,13.633,40.796,0.51,2.0,0.0
ATOM,4216.0,O,GLN,271.0,10.97,13.359,41.276,-0.51,1.7,2.14
ATOM,4217.0,CB,GLN,271.0,13.943,11.958,41.09,-0.18,2.175,7.14
ATOM,4218.0,CG,GLN,271.0,14.564,10.663,40.507,-0.18,2.175,3.99
ATOM,4219.0,CD,GLN,271.0,15.328,9.862,41.549,0.55,2.0,2.65
ATOM,4220.0,H,GLN,271.0,14.656,13.214,38.904,0.31,0.2245,0.0
ATOM,4221.0,HA,GLN,271.0,12.311,11.851,39.778,0.09,1.32,0.45
ATOM,4222.0,HB2,GLN,271.0,14.675,12.6,41.243,0.09,1.32,0.5
ATOM,4223.0,HB3,GLN,271.0,13.484,11.719,41.93,0.09,1.32,5.17
ATOM,4224.0,HG2,GLN,271.0,13.825,10.102,40.145,0.09,1.32,6.7
ATOM,4225.0,HG3,GLN,271.0,15.188,10.923,39.775,0.09,1.32,0.0
ATOM,4226.0,OE1,GLN,271.0,15.05,9.964,42.739,-0.55,1.7,36.66
ATOM,4227.0,NE2,GLN,271.0,16.274,9.046,41.103,-0.62,1.85,14.66
ATOM,4228.0,HE21,GLN,271.0,16.832,8.492,41.742,0.32,0.2245,21.87
ATOM,4229.0,HE22,GLN,271.0,16.433,8.983,40.096,0.3,0.2245,0.0
ATOM,4230.0,N,LYS,272.0,12.58,14.852,40.864,-0.47,1.85,0.4
ATOM,4231.0,CA,LYS,272.0,11.744,15.948,41.385,0.07,2.275,1.22
ATOM,4232.0,C,LYS,272.0,10.529,16.239,40.514,0.51,2.0,0.0
ATOM,4233.0,O,LYS,272.0,9.443,16.534,40.995,-0.51,1.7,3.16
ATOM,4234.0,CB,LYS,272.0,12.568,17.232,41.549,-0.18,2.175,1.3
ATOM,4235.0,CG,LYS,272.0,13.631,17.133,42.63,-0.18,2.175,8.42
ATOM,4236.0,CD,LYS,272.0,14.443,18.43,42.696,-0.18,2.175,1.68
ATOM,4237.0,CE,LYS,272.0,15.672,18.261,43.571,0.21,2.175,7.4
ATOM,4238.0,NZ,LYS,272.0,16.34,19.554,43.878,-0.3,1.85,10.94
ATOM,4239.0,H,LYS,272.0,13.54,14.965,40.546,0.31,0.2245,0.0
ATOM,4240.0,HA,LYS,272.0,11.426,15.692,42.314,0.09,1.32,3.67
ATOM,4241.0,HB2,LYS,272.0,13.016,17.425,40.682,0.09,1.32,0.0
ATOM,4242.0,HB3,LYS,272.0,11.944,17.971,41.785,0.09,1.32,0.26
ATOM,4243.0,HG2,LYS,272.0,13.193,16.987,43.511,0.09,1.32,9.81
ATOM,4244.0,HG3,LYS,272.0,14.247,16.382,42.42,0.09,1.32,0.58
ATOM,4245.0,HD2,LYS,272.0,14.733,18.669,41.778,0.09,1.32,0.0
ATOM,4246.0,HD3,LYS,272.0,13.871,19.143,43.081,0.09,1.32,3.4
ATOM,4247.0,HE2,LYS,272.0,15.399,17.819,44.434,0.05,1.32,9.93
ATOM,4248.0,HE3,LYS,272.0,16.327,17.656,43.101,0.05,1.32,0.0
ATOM,4249.0,HZ1,LYS,272.0,16.504,19.618,44.862,0.33,0.2245,19.91
ATOM,4250.0,HZ2,LYS,272.0,17.211,19.602,43.39,0.33,0.2245,5.93
ATOM,4251.0,HZ3,LYS,272.0,15.752,20.309,43.587,0.33,0.2245,13.71
ATOM,4252.0,N,ALA,273.0,10.722,16.175,39.198,-0.47,1.85,0.0
ATOM,4253.0,CA,ALA,273.0,9.608,16.44,38.294,0.07,2.275,0.0
ATOM,4254.0,C,ALA,273.0,8.563,15.334,38.421,0.51,2.0,0.0
ATOM,4255.0,O,ALA,273.0,7.359,15.599,38.421,-0.51,1.7,0.0
ATOM,4256.0,CB,ALA,273.0,10.15,16.513,36.842,-0.27,2.06,0.0
ATOM,4257.0,H,ALA,273.0,11.67,15.936,38.896,0.31,0.2245,0.0
ATOM,4258.0,HA,ALA,273.0,9.183,17.312,38.548,0.09,1.32,0.0
ATOM,4259.0,HB1,ALA,273.0,11.131,16.678,36.875,0.09,1.32,0.0
ATOM,4260.0,HB2,ALA,273.0,9.962,15.649,36.387,0.09,1.32,0.0
ATOM,4261.0,HB3,ALA,273.0,9.692,17.258,36.367,0.09,1.32,0.0
ATOM,4262.0,N,VAL,274.0,9.038,14.091,38.545,-0.47,1.85,0.0
ATOM,4263.0,CA,VAL,274.0,8.087,12.981,38.68,0.07,2.275,0.0
ATOM,4264.0,C,VAL,274.0,7.206,13.235,39.922,0.51,2.0,0.0
ATOM,4265.0,O,VAL,274.0,5.984,13.105,39.869,-0.51,1.7,0.0
ATOM,4266.0,CB,VAL,274.0,8.821,11.636,38.81,-0.09,2.275,0.62
ATOM,4267.0,CG1,VAL,274.0,7.839,10.507,39.296,-0.27,2.06,3.59
ATOM,4268.0,CG2,VAL,274.0,9.433,11.248,37.466,-0.27,2.06,0.07
ATOM,4269.0,H,VAL,274.0,10.048,13.991,38.538,0.31,0.2245,0.0
ATOM,4270.0,HA,VAL,274.0,7.492,12.978,37.883,0.09,1.32,0.0
ATOM,4271.0,HB,VAL,274.0,9.507,11.718,39.521,0.09,1.32,0.01
ATOM,4272.0,HG11,VAL,274.0,6.923,10.885,39.321,0.09,1.32,0.0
ATOM,4273.0,HG12,VAL,274.0,7.892,9.754,38.653,0.09,1.32,0.0
ATOM,4274.0,HG13,VAL,274.0,8.125,10.218,40.2,0.09,1.32,0.0
ATOM,4275.0,HG21,VAL,274.0,10.072,10.492,37.603,0.09,1.32,0.85
ATOM,4276.0,HG22,VAL,274.0,8.704,10.966,36.843,0.09,1.32,0.0
ATOM,4277.0,HG23,VAL,274.0,9.917,12.036,37.087,0.09,1.32,0.0
ATOM,4278.0,N,ALA,275.0,7.83,13.552,41.046,-0.47,1.85,0.0
ATOM,4279.0,CA,ALA,275.0,7.045,13.795,42.257,0.07,2.275,0.11
ATOM,4280.0,C,ALA,275.0,6.035,14.903,42.008,0.51,2.0,0.13
ATOM,4281.0,O,ALA,275.0,4.877,14.832,42.474,-0.51,1.7,3.79
ATOM,4282.0,CB,ALA,275.0,7.988,14.191,43.392,-0.27,2.06,26.8
ATOM,4283.0,H,ALA,275.0,8.849,13.609,40.998,0.31,0.2245,0.0
ATOM,4284.0,HA,ALA,275.0,6.551,12.954,42.494,0.09,1.32,0.0
ATOM,4285.0,HB1,ALA,275.0,7.571,14.922,43.93,0.09,1.32,9.28
ATOM,4286.0,HB2,ALA,275.0,8.154,13.398,43.977,0.09,1.32,2.69
ATOM,4287.0,HB3,ALA,275.0,8.853,14.51,43.008,0.09,1.32,0.0
ATOM,4288.0,N,ALA,276.0,6.451,15.951,41.303,-0.47,1.85,0.53
ATOM,4289.0,CA,ALA,276.0,5.497,17.038,41.002,0.07,2.275,2.44
ATOM,4290.0,C,ALA,276.0,4.331,16.613,40.121,0.51,2.0,0.0
ATOM,4291.0,O,ALA,276.0,3.168,17.02,40.331,-0.51,1.7,0.86
ATOM,4292.0,CB,ALA,276.0,6.218,18.241,40.379,-0.27,2.06,6.81
ATOM,4293.0,H,ALA,276.0,7.423,15.944,41.005,0.31,0.2245,0.0
ATOM,4294.0,HA,ALA,276.0,5.129,17.387,41.885,0.09,1.32,4.97
ATOM,4295.0,HB1,ALA,276.0,7.19,18.034,40.296,0.09,1.32,0.0
ATOM,4296.0,HB2,ALA,276.0,5.834,18.422,39.476,0.09,1.32,0.0
ATOM,4297.0,HB3,ALA,276.0,6.092,19.038,40.965,0.09,1.32,10.3
ATOM,4298.0,N,TYR,277.0,4.606,15.813,39.088,-0.47,1.85,0.0
ATOM,4299.0,CA,TYR,277.0,3.502,15.349,38.247,0.07,2.275,0.0
ATOM,4300.0,C,TYR,277.0,2.554,14.378,38.949,0.51,2.0,0.0
ATOM,4301.0,O,TYR,277.0,1.339,14.432,38.795,-0.51,1.7,0.0
ATOM,4302.0,CB,TYR,277.0,4.056,14.698,36.949,-0.18,2.175,2.06
ATOM,4303.0,CG,TYR,277.0,4.768,15.709,36.078,0.0,1.9924,0.0
ATOM,4304.0,CD1,TYR,277.0,4.1,16.814,35.624,-0.115,1.9924,0.0
ATOM,4305.0,CD2,TYR,277.0,6.107,15.554,35.724,-0.115,1.9924,0.0
ATOM,4306.0,CE1,TYR,277.0,4.722,17.755,34.838,-0.115,1.9924,0.0
ATOM,4307.0,CE2,TYR,277.0,6.751,16.481,34.927,-0.115,1.9924,0.0
ATOM,4308.0,CZ,TYR,277.0,6.048,17.612,34.488,0.11,1.9924,0.0
ATOM,4309.0,OH,TYR,277.0,6.619,18.608,33.69,-0.54,1.77,0.0
ATOM,4310.0,H,TYR,277.0,5.583,15.574,38.95,0.31,0.2245,0.0
ATOM,4311.0,HA,TYR,277.0,2.961,16.163,37.961,0.09,1.32,0.0
ATOM,4312.0,HB2,TYR,277.0,4.696,13.998,37.213,0.09,1.32,0.0
ATOM,4313.0,HB3,TYR,277.0,3.293,14.329,36.447,0.09,1.32,0.0
ATOM,4314.0,HD1,TYR,277.0,3.129,16.946,35.868,0.115,1.3582,0.0
ATOM,4315.0,HD2,TYR,277.0,6.609,14.755,36.056,0.115,1.3582,0.0
ATOM,4316.0,HE1,TYR,277.0,4.205,18.561,34.513,0.115,1.3582,0.0
ATOM,4317.0,HE2,TYR,277.0,7.702,16.357,34.661,0.115,1.3582,0.11
ATOM,4318.0,HH,TYR,277.0,7.013,18.18,32.883,0.43,0.2245,0.06
ATOM,4319.0,N,VAL,278.0,3.135,13.48,39.717,-0.47,1.85,0.0
ATOM,4320.0,CA,VAL,278.0,2.307,12.553,40.451,0.07,2.275,0.0
ATOM,4321.0,C,VAL,278.0,1.397,13.321,41.417,0.51,2.0,0.0
ATOM,4322.0,O,VAL,278.0,0.237,12.96,41.617,-0.51,1.7,0.0
ATOM,4323.0,CB,VAL,278.0,3.206,11.546,41.177,-0.09,2.275,0.0
ATOM,4324.0,CG1,VAL,278.0,2.375,10.691,42.146,-0.27,2.06,3.07
ATOM,4325.0,CG2,VAL,278.0,3.916,10.642,40.095,-0.27,2.06,0.1
ATOM,4326.0,H,VAL,278.0,4.157,13.499,39.743,0.31,0.2245,0.0
ATOM,4327.0,HA,VAL,278.0,1.716,12.065,39.804,0.09,1.32,0.0
ATOM,4328.0,HB,VAL,278.0,3.854,12.054,41.733,0.09,1.32,0.0
ATOM,4329.0,HG11,VAL,278.0,2.969,10.015,42.577,0.09,1.32,0.0
ATOM,4330.0,HG12,VAL,278.0,1.974,11.282,42.842,0.09,1.32,1.41
ATOM,4331.0,HG13,VAL,278.0,1.652,10.23,41.637,0.09,1.32,0.0
ATOM,4332.0,HG21,VAL,278.0,4.539,10.036,40.57,0.09,1.32,0.0
ATOM,4333.0,HG22,VAL,278.0,3.212,10.131,39.62,0.09,1.32,0.0
ATOM,4334.0,HG23,VAL,278.0,4.403,11.241,39.474,0.09,1.32,0.0
ATOM,4335.0,N,ASP,279.0,1.939,14.384,42.0,-0.47,1.85,0.1
ATOM,4336.0,CA,ASP,279.0,1.144,15.238,42.893,0.07,2.275,1.83
ATOM,4337.0,C,ASP,279.0,-0.027,15.894,42.17,0.51,2.0,0.0
ATOM,4338.0,O,ASP,279.0,-1.14,15.98,42.708,-0.51,1.7,0.0
ATOM,4339.0,CB,ASP,279.0,2.062,16.296,43.542,-0.28,2.175,6.93
ATOM,4340.0,CG,ASP,279.0,1.278,17.345,44.329,0.62,2.0,3.2
ATOM,4341.0,OD1,ASP,279.0,0.728,16.98,45.373,-0.76,1.7,25.92
ATOM,4342.0,OD2,ASP,279.0,1.162,18.534,43.975,-0.76,1.7,18.08
ATOM,4343.0,H,ASP,279.0,2.931,14.555,41.781,0.31,0.2245,0.0
ATOM,4344.0,HA,ASP,279.0,0.755,14.636,43.605,0.09,1.32,2.65
ATOM,4345.0,HB2,ASP,279.0,2.675,15.827,44.161,0.09,1.32,8.24
ATOM,4346.0,HB3,ASP,279.0,2.562,16.749,42.819,0.09,1.32,0.0
ATOM,4347.0,N,ILE,280.0,0.188,16.37,40.947,-0.47,1.85,0.0
ATOM,4348.0,CA,ILE,280.0,-0.927,16.931,40.184,0.07,2.275,0.0
ATOM,4349.0,C,ILE,280.0,-1.986,15.851,39.993,0.51,2.0,0.0
ATOM,4350.0,O,ILE,280.0,-3.197,16.075,40.189,-0.51,1.7,0.0
ATOM,4351.0,CB,ILE,280.0,-0.472,17.429,38.797,-0.09,2.275,0.0
ATOM,4352.0,CG1,ILE,280.0,0.561,18.597,38.95,-0.18,2.175,1.32
ATOM,4353.0,CG2,ILE,280.0,-1.669,17.788,37.945,-0.27,2.06,0.0
ATOM,4354.0,CD1,ILE,280.0,1.172,19.145,37.613,-0.27,2.06,0.0
ATOM,4355.0,H,ILE,280.0,1.15,16.312,40.606,0.31,0.2245,0.0
ATOM,4356.0,HA,ILE,280.0,-1.336,17.634,40.761,0.09,1.32,0.0
ATOM,4357.0,HB,ILE,280.0,-0.008,16.688,38.333,0.09,1.32,0.0
ATOM,4358.0,HG12,ILE,280.0,0.11,19.354,39.417,0.09,1.32,0.0
ATOM,4359.0,HG13,ILE,280.0,1.314,18.271,39.518,0.09,1.32,0.0
ATOM,4360.0,HG21,ILE,280.0,-1.367,18.038,37.025,0.09,1.32,0.0
ATOM,4361.0,HG22,ILE,280.0,-2.289,17.005,37.885,0.09,1.32,0.0
ATOM,4362.0,HG23,ILE,280.0,-2.155,18.561,38.353,0.09,1.32,0.0
ATOM,4363.0,HD11,ILE,280.0,0.427,19.484,37.056,0.09,1.32,0.0
ATOM,4364.0,HD12,ILE,280.0,1.803,19.872,37.844,0.09,1.32,0.0
ATOM,4365.0,HD13,ILE,280.0,1.64,18.397,37.164,0.09,1.32,0.0
ATOM,4366.0,N,ALA,281.0,-1.532,14.675,39.567,-0.47,1.85,0.0
ATOM,4367.0,CA,ALA,281.0,-2.495,13.604,39.339,0.07,2.275,0.0
ATOM,4368.0,C,ALA,281.0,-3.307,13.291,40.598,0.51,2.0,0.0
ATOM,4369.0,O,ALA,281.0,-4.553,13.23,40.537,-0.51,1.7,0.0
ATOM,4370.0,CB,ALA,281.0,-1.769,12.319,38.812,-0.27,2.06,0.0
ATOM,4371.0,H,ALA,281.0,-0.53,14.599,39.427,0.31,0.2245,0.0
ATOM,4372.0,HA,ALA,281.0,-3.135,13.89,38.611,0.09,1.32,0.0
ATOM,4373.0,HB1,ALA,281.0,-1.515,11.762,39.593,0.09,1.32,0.0
ATOM,4374.0,HB2,ALA,281.0,-2.396,11.827,38.221,0.09,1.32,0.0
ATOM,4375.0,HB3,ALA,281.0,-0.962,12.601,38.308,0.09,1.32,0.0
ATOM,4376.0,N,ARG,282.0,-2.617,13.1,41.725,-0.47,1.85,0.0
ATOM,4377.0,CA,ARG,282.0,-3.3,12.701,42.943,0.07,2.275,0.72
ATOM,4378.0,C,ARG,282.0,-4.289,13.778,43.373,0.51,2.0,0.04
ATOM,4379.0,O,ARG,282.0,-5.441,13.475,43.743,-0.51,1.7,17.18
ATOM,4380.0,CB,ARG,282.0,-2.305,12.361,44.029,-0.18,2.175,10.9
ATOM,4381.0,CG,ARG,282.0,-1.345,11.272,43.616,-0.18,2.175,1.33
ATOM,4382.0,CD,ARG,282.0,-1.394,9.994,44.397,0.2,2.175,13.74
ATOM,4383.0,NE,ARG,282.0,-0.083,9.35,44.352,-0.7,1.85,4.83
ATOM,4384.0,CZ,ARG,282.0,0.106,8.054,44.205,0.64,2.0,1.06
ATOM,4385.0,NH1,ARG,282.0,-0.939,7.239,44.099,-0.8,1.85,18.09
ATOM,4386.0,NH2,ARG,282.0,1.341,7.573,44.169,-0.8,1.85,13.2
ATOM,4387.0,H,ARG,282.0,-1.603,13.255,41.651,0.31,0.2245,0.0
ATOM,4388.0,HA,ARG,282.0,-3.808,11.851,42.771,0.09,1.32,3.78
ATOM,4389.0,HB2,ARG,282.0,-1.778,13.175,44.242,0.09,1.32,0.82
ATOM,4390.0,HB3,ARG,282.0,-2.803,12.048,44.828,0.09,1.32,6.78
ATOM,4391.0,HG2,ARG,282.0,-1.505,11.046,42.631,0.09,1.32,0.0
ATOM,4392.0,HG3,ARG,282.0,-0.39,11.636,43.668,0.09,1.32,0.54
ATOM,4393.0,HD2,ARG,282.0,-1.621,10.202,45.336,0.09,1.32,8.71
ATOM,4394.0,HD3,ARG,282.0,-2.064,9.395,43.986,0.09,1.32,3.42
ATOM,4395.0,HE,ARG,282.0,0.73,9.942,44.44,0.44,0.2245,5.5
ATOM,4396.0,HH11,ARG,282.0,-1.871,7.588,44.108,0.46,0.2245,10.68
ATOM,4397.0,HH12,ARG,282.0,-0.784,6.246,44.006,0.46,0.2245,18.59
ATOM,4398.0,HH21,ARG,282.0,2.124,8.194,44.233,0.46,0.2245,4.02
ATOM,4399.0,HH22,ARG,282.0,1.494,6.589,44.076,0.46,0.2245,14.01
ATOM,4400.0,N,ARG,283.0,-3.895,15.046,43.253,-0.47,1.85,0.0
ATOM,4401.0,CA,ARG,283.0,-4.83,16.092,43.659,0.07,2.275,0.6
ATOM,4402.0,C,ARG,283.0,-6.074,16.183,42.79,0.51,2.0,0.0
ATOM,4403.0,O,ARG,283.0,-7.145,16.604,43.283,-0.51,1.7,30.29
ATOM,4404.0,CB,ARG,283.0,-4.128,17.451,43.721,-0.18,2.175,0.97
ATOM,4405.0,CG,ARG,283.0,-3.361,17.613,44.996,-0.18,2.175,10.61
ATOM,4406.0,CD,ARG,283.0,-2.769,19.006,45.179,0.2,2.175,21.39
ATOM,4407.0,NE,ARG,283.0,-1.698,19.246,44.218,-0.7,1.85,4.07
ATOM,4408.0,CZ,ARG,283.0,-1.837,19.891,43.065,0.64,2.0,1.86
ATOM,4409.0,NH1,ARG,283.0,-3.013,20.383,42.662,-0.8,1.85,11.58
ATOM,4410.0,NH2,ARG,283.0,-0.772,20.037,42.28,-0.8,1.85,9.37
ATOM,4411.0,H,ARG,283.0,-2.966,15.202,42.886,0.31,0.2245,0.0
ATOM,4412.0,HA,ARG,283.0,-5.119,15.91,44.62,0.09,1.32,7.08
ATOM,4413.0,HB2,ARG,283.0,-3.501,17.505,42.961,0.09,1.32,0.0
ATOM,4414.0,HB3,ARG,283.0,-4.819,18.154,43.672,0.09,1.32,3.55
ATOM,4415.0,HG2,ARG,283.0,-3.962,17.433,45.785,0.09,1.32,9.91
ATOM,4416.0,HG3,ARG,283.0,-2.598,16.955,45.025,0.09,1.32,0.71
ATOM,4417.0,HD2,ARG,283.0,-3.494,19.668,45.04,0.09,1.32,4.85
ATOM,4418.0,HD3,ARG,283.0,-2.407,19.066,46.101,0.09,1.32,11.05
ATOM,4419.0,HE,ARG,283.0,-0.776,18.893,44.447,0.44,0.2245,0.28
ATOM,4420.0,HH11,ARG,283.0,-3.813,20.281,43.255,0.46,0.2245,6.93
ATOM,4421.0,HH12,ARG,283.0,-3.087,20.845,41.785,0.46,0.2245,0.0
ATOM,4422.0,HH21,ARG,283.0,0.118,19.685,42.564,0.46,0.2245,2.14
ATOM,4423.0,HH22,ARG,283.0,-0.864,20.505,41.398,0.46,0.2245,0.0
ATOM,4424.0,N,HIS,284.0,-5.948,15.861,41.502,-0.47,1.85,0.0
ATOM,4425.0,CA,HIS,284.0,-7.071,15.877,40.551,0.07,2.275,1.74
ATOM,4426.0,C,HIS,284.0,-7.802,14.55,40.34,0.51,2.0,1.65
ATOM,4427.0,O,HIS,284.0,-8.644,14.453,39.459,-0.51,1.7,18.03
ATOM,4428.0,CB,HIS,284.0,-6.643,16.475,39.196,-0.08,2.175,0.49
ATOM,4429.0,CG,HIS,284.0,-6.249,17.92,39.286,0.22,1.8,0.0
ATOM,4430.0,H,HIS,284.0,-4.976,15.593,41.22,0.31,0.2245,0.0
ATOM,4431.0,HA,HIS,284.0,-7.756,16.565,40.888,0.09,1.32,5.4
ATOM,4432.0,HB2,HIS,284.0,-5.862,15.954,38.845,0.09,1.32,0.0
ATOM,4433.0,HB3,HIS,284.0,-7.407,16.394,38.553,0.09,1.32,3.7
ATOM,4434.0,ND1,HIS,284.0,-7.108,18.952,38.954,-0.7,1.85,13.91
ATOM,4435.0,CD2,HIS,284.0,-5.088,18.501,39.668,-0.05,1.8,0.0
ATOM,4436.0,CE1,HIS,284.0,-6.486,20.11,39.131,0.25,1.8,14.49
ATOM,4437.0,NE2,HIS,284.0,-5.269,19.867,39.576,-0.36,1.85,1.14
ATOM,4438.0,HD2,HIS,284.0,-4.258,18.038,39.96,0.09,1.468,0.0
ATOM,4439.0,HE1,HIS,284.0,-6.875,21.01,38.955,0.13,0.9,3.43
ATOM,4440.0,HE2,HIS,284.0,-4.583,20.557,39.812,0.32,0.2245,0.0
ATOM,4441.0,N,GLY,285.0,-7.489,13.587,41.207,-0.47,1.85,1.62
ATOM,4442.0,CA,GLY,285.0,-8.136,12.278,41.175,-0.02,2.175,18.7
ATOM,4443.0,C,GLY,285.0,-7.774,11.45,39.98,0.51,2.0,1.14
ATOM,4444.0,O,GLY,285.0,-8.546,10.605,39.577,-0.51,1.7,30.25
ATOM,4445.0,H,GLY,285.0,-6.756,13.846,41.897,0.31,0.2245,0.0
ATOM,4446.0,HA2,GLY,285.0,-7.894,11.773,42.03,0.09,1.32,8.99
ATOM,4447.0,HA3,GLY,285.0,-9.149,12.413,41.206,0.09,1.32,11.0
ATOM,4448.0,N,LEU,286.0,-6.61,11.71,39.383,-0.47,1.85,0.0
ATOM,4449.0,CA,LEU,286.0,-6.238,10.963,38.182,0.07,2.275,0.0
ATOM,4450.0,C,LEU,286.0,-5.208,9.921,38.537,0.51,2.0,1.27
ATOM,4451.0,O,LEU,286.0,-4.418,10.046,39.477,-0.51,1.7,6.46
ATOM,4452.0,CB,LEU,286.0,-5.558,11.907,37.182,-0.18,2.175,0.0
ATOM,4453.0,CG,LEU,286.0,-6.455,13.095,36.785,-0.09,2.275,0.0
ATOM,4454.0,CD1,LEU,286.0,-5.691,13.95,35.782,-0.27,2.06,0.0
ATOM,4455.0,CD2,LEU,286.0,-7.796,12.7,36.232,-0.27,2.06,12.73
ATOM,4456.0,H,LEU,286.0,-6.037,12.435,39.816,0.31,0.2245,0.0
ATOM,4457.0,HA,LEU,286.0,-7.056,10.505,37.829,0.09,1.32,1.91
ATOM,4458.0,HB2,LEU,286.0,-4.755,12.275,37.606,0.09,1.32,0.0
ATOM,4459.0,HB3,LEU,286.0,-5.362,11.401,36.367,0.09,1.32,0.0
ATOM,4460.0,HG,LEU,286.0,-6.656,13.628,37.592,0.09,1.32,0.0
ATOM,4461.0,HD11,LEU,286.0,-5.47,13.401,34.976,0.09,1.32,0.0
ATOM,4462.0,HD12,LEU,286.0,-6.256,14.729,35.51,0.09,1.32,0.87
ATOM,4463.0,HD13,LEU,286.0,-4.846,14.281,36.202,0.09,1.32,0.0
ATOM,4464.0,HD21,LEU,286.0,-8.306,12.169,36.914,0.09,1.32,1.47
ATOM,4465.0,HD22,LEU,286.0,-8.325,13.519,35.996,0.09,1.32,8.92
ATOM,4466.0,HD23,LEU,286.0,-7.677,12.141,35.407,0.09,1.32,0.0
ATOM,4467.0,N,ASP,287.0,-5.175,8.869,37.72,-0.47,1.85,2.72
ATOM,4468.0,CA,ASP,287.0,-4.124,7.867,37.851,0.07,2.275,3.68
ATOM,4469.0,C,ASP,287.0,-2.891,8.475,37.156,0.51,2.0,0.0
ATOM,4470.0,O,ASP,287.0,-3.003,8.948,36.022,-0.51,1.7,0.0
ATOM,4471.0,CB,ASP,287.0,-4.591,6.623,37.083,-0.28,2.175,3.36
ATOM,4472.0,CG,ASP,287.0,-3.529,5.493,37.045,0.62,2.0,0.0
ATOM,4473.0,OD1,ASP,287.0,-2.661,5.478,36.143,-0.76,1.7,0.1
ATOM,4474.0,OD2,ASP,287.0,-3.501,4.561,37.855,-0.76,1.7,33.12
ATOM,4475.0,H,ASP,287.0,-5.927,8.83,37.019,0.31,0.2245,3.53
ATOM,4476.0,HA,ASP,287.0,-3.9,7.79,38.808,0.09,1.32,2.24
ATOM,4477.0,HB2,ASP,287.0,-5.401,6.265,37.529,0.09,1.32,10.48
ATOM,4478.0,HB3,ASP,287.0,-4.79,6.887,36.149,0.09,1.32,0.0
ATOM,4479.0,N,PRO,288.0,-1.74,8.531,37.819,-0.29,1.85,0.0
ATOM,4480.0,CA,PRO,288.0,-0.583,9.228,37.225,0.02,2.275,0.0
ATOM,4481.0,C,PRO,288.0,-0.187,8.67,35.876,0.51,2.0,0.0
ATOM,4482.0,O,PRO,288.0,0.211,9.446,35.004,-0.51,1.7,0.72
ATOM,4483.0,CB,PRO,288.0,0.558,9.009,38.216,-0.18,2.175,0.54
ATOM,4484.0,CG,PRO,288.0,-0.141,8.675,39.544,-0.18,2.175,0.08
ATOM,4485.0,CD,PRO,288.0,-1.443,7.958,39.141,0.0,2.175,5.42
ATOM,4486.0,HA,PRO,288.0,-0.77,10.225,37.167,0.09,1.32,0.0
ATOM,4487.0,HB2,PRO,288.0,1.14,8.246,37.939,0.09,1.32,0.0
ATOM,4488.0,HB3,PRO,288.0,1.112,9.832,38.323,0.09,1.32,0.53
ATOM,4489.0,HG2,PRO,288.0,0.435,8.076,40.09,0.09,1.32,0.12
ATOM,4490.0,HG3,PRO,288.0,-0.341,9.512,40.042,0.09,1.32,0.0
ATOM,4491.0,HD2,PRO,288.0,-1.297,6.976,39.082,0.09,1.32,4.03
ATOM,4492.0,HD3,PRO,288.0,-2.169,8.16,39.792,0.09,1.32,1.96
ATOM,4493.0,N,ALA,289.0,-0.283,7.366,35.711,-0.47,1.85,0.0
ATOM,4494.0,CA,ALA,289.0,0.049,6.761,34.435,0.07,2.275,0.0
ATOM,4495.0,C,ALA,289.0,-0.926,7.227,33.39,0.51,2.0,0.0
ATOM,4496.0,O,ALA,289.0,-0.547,7.617,32.271,-0.51,1.7,0.0
ATOM,4497.0,CB,ALA,289.0,0.032,5.2,34.549,-0.27,2.06,5.51
ATOM,4498.0,H,ALA,289.0,-0.602,6.834,36.536,0.31,0.2245,0.13
ATOM,4499.0,HA,ALA,289.0,0.975,7.049,34.172,0.09,1.32,0.0
ATOM,4500.0,HB1,ALA,289.0,0.849,4.846,34.11,0.09,1.32,0.0
ATOM,4501.0,HB2,ALA,289.0,0.02,4.957,35.511,0.09,1.32,2.82
ATOM,4502.0,HB3,ALA,289.0,-0.783,4.862,34.094,0.09,1.32,0.0
ATOM,4503.0,N,GLN,290.0,-2.223,7.228,33.711,-0.47,1.85,0.0
ATOM,4504.0,CA,GLN,290.0,-3.153,7.647,32.709,0.07,2.275,0.0
ATOM,4505.0,C,GLN,290.0,-3.007,9.145,32.352,0.51,2.0,0.0
ATOM,4506.0,O,GLN,290.0,-3.225,9.533,31.204,-0.51,1.7,0.0
ATOM,4507.0,CB,GLN,290.0,-4.609,7.303,33.124,-0.18,2.175,0.0
ATOM,4508.0,CG,GLN,290.0,-4.824,5.787,33.28,-0.18,2.175,0.0
ATOM,4509.0,CD,GLN,290.0,-6.296,5.463,33.564,0.55,2.0,0.34
ATOM,4510.0,H,GLN,290.0,-2.449,6.927,34.653,0.31,0.2245,0.0
ATOM,4511.0,HA,GLN,290.0,-2.976,7.127,31.857,0.09,1.32,0.0
ATOM,4512.0,HB2,GLN,290.0,-4.799,7.733,33.994,0.09,1.32,0.0
ATOM,4513.0,HB3,GLN,290.0,-5.224,7.631,32.421,0.09,1.32,0.0
ATOM,4514.0,HG2,GLN,290.0,-4.56,5.342,32.437,0.09,1.32,0.0
ATOM,4515.0,HG3,GLN,290.0,-4.277,5.466,34.04,0.09,1.32,0.0
ATOM,4516.0,OE1,GLN,290.0,-6.958,6.229,34.28,-0.55,1.7,19.7
ATOM,4517.0,NE2,GLN,290.0,-6.802,4.33,33.06,-0.62,1.85,2.69
ATOM,4518.0,HE21,GLN,290.0,-7.746,4.064,33.225,0.32,0.2245,8.78
ATOM,4519.0,HE22,GLN,290.0,-6.182,3.742,32.495,0.3,0.2245,0.0
ATOM,4520.0,N,MET,291.0,-2.744,9.988,33.372,-0.47,1.85,0.0
ATOM,4521.0,CA,MET,291.0,-2.545,11.402,33.065,0.07,2.275,0.0
ATOM,4522.0,C,MET,291.0,-1.352,11.574,32.105,0.51,2.0,0.0
ATOM,4523.0,O,MET,291.0,-1.437,12.319,31.126,-0.51,1.7,0.0
ATOM,4524.0,CB,MET,291.0,-2.234,12.172,34.364,-0.18,2.175,0.0
ATOM,4525.0,CG,MET,291.0,-2.08,13.682,34.128,-0.14,2.175,0.0
ATOM,4526.0,SD,MET,291.0,-1.621,14.587,35.635,-0.09,2.0,0.0
ATOM,4527.0,CE,MET,291.0,0.152,14.308,35.657,-0.22,2.06,1.31
ATOM,4528.0,H,MET,291.0,-2.703,9.574,34.293,0.31,0.2245,0.0
ATOM,4529.0,HA,MET,291.0,-3.362,11.744,32.597,0.09,1.32,0.0
ATOM,4530.0,HB2,MET,291.0,-2.98,12.029,35.013,0.09,1.32,0.0
ATOM,4531.0,HB3,MET,291.0,-1.381,11.825,34.751,0.09,1.32,0.0
ATOM,4532.0,HG2,MET,291.0,-1.38,13.822,33.395,0.09,1.32,0.0
ATOM,4533.0,HG3,MET,291.0,-2.96,14.039,33.746,0.09,1.32,0.0
ATOM,4534.0,HE1,MET,291.0,0.386,13.593,34.998,0.09,1.32,0.0
ATOM,4535.0,HE2,MET,291.0,0.626,15.154,35.413,0.09,1.32,0.0
ATOM,4536.0,HE3,MET,291.0,0.434,14.021,36.573,0.09,1.32,0.0
ATOM,4537.0,N,ALA,292.0,-0.259,10.858,32.384,-0.47,1.85,0.0
ATOM,4538.0,CA,ALA,292.0,0.957,10.97,31.537,0.07,2.275,0.0
ATOM,4539.0,C,ALA,292.0,0.633,10.563,30.094,0.51,2.0,0.0
ATOM,4540.0,O,ALA,292.0,1.068,11.223,29.105,-0.51,1.7,0.0
ATOM,4541.0,CB,ALA,292.0,2.085,10.115,32.088,-0.27,2.06,0.0
ATOM,4542.0,H,ALA,292.0,-0.323,10.244,33.203,0.31,0.2245,0.0
ATOM,4543.0,HA,ALA,292.0,1.258,11.923,31.544,0.09,1.32,0.0
ATOM,4544.0,HB1,ALA,292.0,1.802,9.156,32.104,0.09,1.32,0.0
ATOM,4545.0,HB2,ALA,292.0,2.894,10.212,31.508,0.09,1.32,0.0
ATOM,4546.0,HB3,ALA,292.0,2.307,10.41,33.017,0.09,1.32,0.19
ATOM,4547.0,N,LEU,293.0,-0.139,9.489,29.95,-0.47,1.85,0.0
ATOM,4548.0,CA,LEU,293.0,-0.498,9.023,28.619,0.07,2.275,0.0
ATOM,4549.0,C,LEU,293.0,-1.44,9.958,27.917,0.51,2.0,0.0
ATOM,4550.0,O,LEU,293.0,-1.313,10.201,26.697,-0.51,1.7,0.24
ATOM,4551.0,CB,LEU,293.0,-1.119,7.587,28.662,-0.18,2.175,0.09
ATOM,4552.0,CG,LEU,293.0,-0.083,6.576,29.188,-0.09,2.275,0.0
ATOM,4553.0,CD1,LEU,293.0,-0.774,5.223,29.445,-0.27,2.06,0.0
ATOM,4554.0,CD2,LEU,293.0,1.047,6.343,28.17,-0.27,2.06,0.14
ATOM,4555.0,H,LEU,293.0,-0.443,9.041,30.823,0.31,0.2245,0.0
ATOM,4556.0,HA,LEU,293.0,0.353,8.944,28.071,0.09,1.32,0.0
ATOM,4557.0,HB2,LEU,293.0,-1.86,7.609,29.284,0.09,1.32,0.0
ATOM,4558.0,HB3,LEU,293.0,-1.347,7.341,27.756,0.09,1.32,0.33
ATOM,4559.0,HG,LEU,293.0,0.297,6.914,30.039,0.09,1.32,0.0
ATOM,4560.0,HD11,LEU,293.0,-1.165,4.891,28.59,0.09,1.32,0.0
ATOM,4561.0,HD12,LEU,293.0,-0.099,4.573,29.785,0.09,1.32,0.0
ATOM,4562.0,HD13,LEU,293.0,-1.495,5.35,30.122,0.09,1.32,0.0
ATOM,4563.0,HD21,LEU,293.0,1.509,7.209,27.992,0.09,1.32,0.0
ATOM,4564.0,HD22,LEU,293.0,1.695,5.684,28.547,0.09,1.32,1.31
ATOM,4565.0,HD23,LEU,293.0,0.656,5.987,27.324,0.09,1.32,0.0
ATOM,4566.0,N,ALA,294.0,-2.459,10.45,28.639,-0.47,1.85,0.0
ATOM,4567.0,CA,ALA,294.0,-3.41,11.366,28.016,0.07,2.275,0.0
ATOM,4568.0,C,ALA,294.0,-2.728,12.672,27.576,0.51,2.0,0.0
ATOM,4569.0,O,ALA,294.0,-3.127,13.278,26.571,-0.51,1.7,0.35
ATOM,4570.0,CB,ALA,294.0,-4.577,11.673,29.015,-0.27,2.06,0.0
ATOM,4571.0,H,ALA,294.0,-2.502,10.139,29.612,0.31,0.2245,0.0
ATOM,4572.0,HA,ALA,294.0,-3.802,10.925,27.199,0.09,1.32,0.0
ATOM,4573.0,HB1,ALA,294.0,-5.123,10.851,29.119,0.09,1.32,0.0
ATOM,4574.0,HB2,ALA,294.0,-4.181,11.941,29.885,0.09,1.32,0.0
ATOM,4575.0,HB3,ALA,294.0,-5.124,12.41,28.638,0.09,1.32,0.41
ATOM,4576.0,N,PHE,295.0,-1.724,13.122,28.324,-0.47,1.85,0.0
ATOM,4577.0,CA,PHE,295.0,-0.981,14.312,27.91,0.07,2.275,0.0
ATOM,4578.0,C,PHE,295.0,-0.337,14.088,26.555,0.51,2.0,0.0
ATOM,4579.0,O,PHE,295.0,-0.38,14.962,25.691,-0.51,1.7,0.0
ATOM,4580.0,CB,PHE,295.0,0.132,14.64,28.897,-0.18,2.175,0.0
ATOM,4581.0,CG,PHE,295.0,0.94,15.817,28.472,0.0,1.9924,0.0
ATOM,4582.0,CD1,PHE,295.0,0.4,17.089,28.613,-0.115,1.9924,0.0
ATOM,4583.0,CD2,PHE,295.0,2.156,15.647,27.852,-0.115,1.9924,0.0
ATOM,4584.0,CE1,PHE,295.0,1.106,18.221,28.163,-0.115,1.9924,0.62
ATOM,4585.0,CE2,PHE,295.0,2.882,16.782,27.408,-0.115,1.9924,0.0
ATOM,4586.0,CZ,PHE,295.0,2.326,18.054,27.566,-0.115,1.9924,0.66
ATOM,4587.0,H,PHE,295.0,-1.527,12.586,29.176,0.31,0.2245,0.0
ATOM,4588.0,HA,PHE,295.0,-1.653,15.05,27.798,0.09,1.32,0.0
ATOM,4589.0,HB2,PHE,295.0,-0.285,14.847,29.765,0.09,1.32,0.0
ATOM,4590.0,HB3,PHE,295.0,0.728,13.857,28.951,0.09,1.32,0.0
ATOM,4591.0,HD1,PHE,295.0,-0.489,17.215,29.034,0.115,1.3582,0.0
ATOM,4592.0,HD2,PHE,295.0,2.54,14.746,27.708,0.115,1.3582,0.0
ATOM,4593.0,HE1,PHE,295.0,0.698,19.128,28.289,0.115,1.3582,3.73
ATOM,4594.0,HE2,PHE,295.0,3.782,16.657,26.986,0.115,1.3582,0.0
ATOM,4595.0,HZ,PHE,295.0,2.839,18.856,27.232,0.115,1.3582,0.16
ATOM,4596.0,N,VAL,296.0,0.276,12.914,26.342,-0.47,1.85,0.0
ATOM,4597.0,CA,VAL,296.0,0.894,12.665,25.029,0.07,2.275,0.0
ATOM,4598.0,C,VAL,296.0,-0.16,12.531,23.926,0.51,2.0,0.0
ATOM,4599.0,O,VAL,296.0,-0.012,13.091,22.865,-0.51,1.7,0.0
ATOM,4600.0,CB,VAL,296.0,1.7,11.363,25.101,-0.09,2.275,0.0
ATOM,4601.0,CG1,VAL,296.0,2.196,10.87,23.718,-0.27,2.06,0.0
ATOM,4602.0,CG2,VAL,296.0,2.838,11.537,26.089,-0.27,2.06,0.0
ATOM,4603.0,H,VAL,296.0,0.275,12.259,27.115,0.31,0.2245,0.0
ATOM,4604.0,HA,VAL,296.0,1.477,13.456,24.807,0.09,1.32,0.0
ATOM,4605.0,HB,VAL,296.0,1.098,10.64,25.454,0.09,1.32,0.0
ATOM,4606.0,HG11,VAL,296.0,2.471,11.659,23.177,0.09,1.32,0.0
ATOM,4607.0,HG12,VAL,296.0,2.971,10.261,23.855,0.09,1.32,0.0
ATOM,4608.0,HG13,VAL,296.0,1.454,10.385,23.266,0.09,1.32,0.0
ATOM,4609.0,HG21,VAL,296.0,2.805,10.802,26.767,0.09,1.32,0.0
ATOM,4610.0,HG22,VAL,296.0,3.711,11.503,25.6,0.09,1.32,0.0
ATOM,4611.0,HG23,VAL,296.0,2.747,12.421,26.549,0.09,1.32,0.0
ATOM,4612.0,N,ARG,297.0,-1.267,11.864,24.219,-0.47,1.85,0.0
ATOM,4613.0,CA,ARG,297.0,-2.265,11.591,23.182,0.07,2.275,0.0
ATOM,4614.0,C,ARG,297.0,-2.873,12.863,22.579,0.51,2.0,0.0
ATOM,4615.0,O,ARG,297.0,-3.171,12.919,21.382,-0.51,1.7,11.05
ATOM,4616.0,CB,ARG,297.0,-3.38,10.721,23.78,-0.18,2.175,0.0
ATOM,4617.0,CG,ARG,297.0,-4.393,10.212,22.77,-0.18,2.175,0.73
ATOM,4618.0,CD,ARG,297.0,-5.494,9.432,23.44,0.2,2.175,0.52
ATOM,4619.0,NE,ARG,297.0,-6.52,10.4,23.892,-0.7,1.85,0.5
ATOM,4620.0,CZ,ARG,297.0,-6.864,10.656,25.154,0.64,2.0,0.0
ATOM,4621.0,NH1,ARG,297.0,-6.333,10.02,26.177,-0.8,1.85,0.0
ATOM,4622.0,NH2,ARG,297.0,-7.787,11.569,25.394,-0.8,1.85,6.02
ATOM,4623.0,H,ARG,297.0,-1.363,11.565,25.199,0.31,0.2245,0.0
ATOM,4624.0,HA,ARG,297.0,-1.821,11.065,22.436,0.09,1.32,0.0
ATOM,4625.0,HB2,ARG,297.0,-2.954,9.933,24.219,0.09,1.32,0.48
ATOM,4626.0,HB3,ARG,297.0,-3.865,11.266,24.46,0.09,1.32,0.0
ATOM,4627.0,HG2,ARG,297.0,-4.8,10.987,22.291,0.09,1.32,2.53
ATOM,4628.0,HG3,ARG,297.0,-3.935,9.613,22.116,0.09,1.32,0.0
ATOM,4629.0,HD2,ARG,297.0,-5.898,8.824,22.788,0.09,1.32,0.0
ATOM,4630.0,HD3,ARG,297.0,-5.128,8.97,24.222,0.09,1.32,0.13
ATOM,4631.0,HE,ARG,297.0,-7.008,10.918,23.163,0.44,0.2245,12.92
ATOM,4632.0,HH11,ARG,297.0,-5.624,9.324,26.016,0.46,0.2245,0.18
ATOM,4633.0,HH12,ARG,297.0,-6.625,10.222,27.11,0.46,0.2245,0.0
ATOM,4634.0,HH21,ARG,297.0,-8.21,12.077,24.642,0.46,0.2245,17.28
ATOM,4635.0,HH22,ARG,297.0,-8.071,11.761,26.338,0.46,0.2245,0.0
ATOM,4636.0,N,ARG,298.0,-3.025,13.864,23.429,-0.47,1.85,0.0
ATOM,4637.0,CA,ARG,298.0,-3.704,15.073,22.981,0.07,2.275,1.52
ATOM,4638.0,C,ARG,298.0,-2.826,15.94,22.083,0.51,2.0,0.06
ATOM,4639.0,O,ARG,298.0,-3.354,16.87,21.469,-0.51,1.7,17.86
ATOM,4640.0,CB,ARG,298.0,-4.158,15.882,24.181,-0.18,2.175,6.66
ATOM,4641.0,CG,ARG,298.0,-3.06,16.591,24.908,-0.18,2.175,0.0
ATOM,4642.0,CD,ARG,298.0,-3.511,17.222,26.212,0.2,2.175,0.0
ATOM,4643.0,NE,ARG,298.0,-4.839,17.791,26.039,-0.7,1.85,0.0
ATOM,4644.0,CZ,ARG,298.0,-5.071,19.03,25.641,0.64,2.0,0.0
ATOM,4645.0,NH1,ARG,298.0,-4.054,19.856,25.401,-0.8,1.85,12.54
ATOM,4646.0,NH2,ARG,298.0,-6.33,19.45,25.502,-0.8,1.85,17.63
ATOM,4647.0,H,ARG,298.0,-2.649,13.724,24.367,0.31,0.2245,0.0
ATOM,4648.0,HA,ARG,298.0,-4.532,14.807,22.46,0.09,1.32,9.48
ATOM,4649.0,HB2,ARG,298.0,-4.82,16.564,23.864,0.09,1.32,3.58
ATOM,4650.0,HB3,ARG,298.0,-4.612,15.26,24.822,0.09,1.32,1.58
ATOM,4651.0,HG2,ARG,298.0,-2.317,15.945,25.122,0.09,1.32,0.0
ATOM,4652.0,HG3,ARG,298.0,-2.683,17.324,24.329,0.09,1.32,0.26
ATOM,4653.0,HD2,ARG,298.0,-3.54,16.518,26.903,0.09,1.32,0.0
ATOM,4654.0,HD3,ARG,298.0,-2.872,17.937,26.446,0.09,1.32,0.0
ATOM,4655.0,HE,ARG,298.0,-5.633,17.201,26.236,0.44,0.2245,2.56
ATOM,4656.0,HH11,ARG,298.0,-3.112,19.552,25.496,0.46,0.2245,2.67
ATOM,4657.0,HH12,ARG,298.0,-4.243,20.803,25.117,0.46,0.2245,16.48
ATOM,4658.0,HH21,ARG,298.0,-7.086,18.82,25.68,0.46,0.2245,14.09
ATOM,4659.0,HH22,ARG,298.0,-6.514,20.389,25.22,0.46,0.2245,16.76
ATOM,4660.0,N,GLN,299.0,-1.524,15.643,21.961,-0.47,1.85,0.0
ATOM,4661.0,CA,GLN,299.0,-0.674,16.502,21.12,0.07,2.275,0.0
ATOM,4662.0,C,GLN,299.0,-0.99,16.252,19.659,0.51,2.0,0.0
ATOM,4663.0,O,GLN,299.0,-1.102,15.108,19.224,-0.51,1.7,2.66
ATOM,4664.0,CB,GLN,299.0,0.83,16.206,21.368,-0.18,2.175,0.0
ATOM,4665.0,CG,GLN,299.0,1.274,16.376,22.844,-0.18,2.175,0.0
ATOM,4666.0,CD,GLN,299.0,0.799,17.69,23.43,0.55,2.0,0.0
ATOM,4667.0,H,GLN,299.0,-1.2,14.826,22.468,0.31,0.2245,0.0
ATOM,4668.0,HA,GLN,299.0,-0.901,17.453,21.332,0.09,1.32,0.23
ATOM,4669.0,HB2,GLN,299.0,1.018,15.264,21.101,0.09,1.32,0.0
ATOM,4670.0,HB3,GLN,299.0,1.374,16.832,20.813,0.09,1.32,0.0
ATOM,4671.0,HG2,GLN,299.0,0.888,15.626,23.369,0.09,1.32,0.0
ATOM,4672.0,HG3,GLN,299.0,2.267,16.345,22.871,0.09,1.32,0.0
ATOM,4673.0,OE1,GLN,299.0,0.901,18.731,22.769,-0.55,1.7,17.52
ATOM,4674.0,NE2,GLN,299.0,0.278,17.657,24.666,-0.62,1.85,0.17
ATOM,4675.0,HE21,GLN,299.0,-0.043,18.496,25.117,0.32,0.2245,5.28
ATOM,4676.0,HE22,GLN,299.0,0.215,16.754,25.137,0.3,0.2245,0.0
ATOM,4677.0,N,PRO,300.0,-1.106,17.31,18.845,-0.29,1.85,0.0
ATOM,4678.0,CA,PRO,300.0,-1.532,17.168,17.452,0.02,2.275,1.79
ATOM,4679.0,C,PRO,300.0,-0.5,16.514,16.557,0.51,2.0,0.27
ATOM,4680.0,O,PRO,300.0,-0.866,15.967,15.486,-0.51,1.7,11.59
ATOM,4681.0,CB,PRO,300.0,-1.802,18.618,17.013,-0.18,2.175,18.88
ATOM,4682.0,CG,PRO,300.0,-1.066,19.457,17.953,-0.18,2.175,19.67
ATOM,4683.0,CD,PRO,300.0,-1.018,18.707,19.268,0.0,2.175,8.5
ATOM,4684.0,HA,PRO,300.0,-2.42,16.666,17.405,0.09,1.32,11.17
ATOM,4685.0,HB2,PRO,300.0,-1.487,18.752,16.062,0.09,1.32,9.3
ATOM,4686.0,HB3,PRO,300.0,-2.795,18.805,17.038,0.09,1.32,12.1
ATOM,4687.0,HG2,PRO,300.0,-0.124,19.642,17.626,0.09,1.32,4.17
ATOM,4688.0,HG3,PRO,300.0,-1.52,20.354,18.083,0.09,1.32,12.26
ATOM,4689.0,HD2,PRO,300.0,-0.162,18.882,19.75,0.09,1.32,0.25
ATOM,4690.0,HD3,PRO,300.0,-1.79,18.955,19.851,0.09,1.32,6.21
ATOM,4691.0,N,PHE,301.0,0.746,16.492,17.038,-0.47,1.85,0.11
ATOM,4692.0,CA,PHE,301.0,1.816,15.857,16.246,0.07,2.275,1.45
ATOM,4693.0,C,PHE,301.0,2.015,14.393,16.561,0.51,2.0,0.04
ATOM,4694.0,O,PHE,301.0,2.797,13.711,15.888,-0.51,1.7,0.0
ATOM,4695.0,CB,PHE,301.0,3.158,16.62,16.41,-0.18,2.175,0.09
ATOM,4696.0,CG,PHE,301.0,3.534,16.894,17.834,0.0,1.9924,0.0
ATOM,4697.0,CD1,PHE,301.0,4.144,15.925,18.616,-0.115,1.9924,0.0
ATOM,4698.0,CD2,PHE,301.0,3.215,18.113,18.427,-0.115,1.9924,0.16
ATOM,4699.0,CE1,PHE,301.0,4.492,16.195,19.944,-0.115,1.9924,0.0
ATOM,4700.0,CE2,PHE,301.0,3.568,18.387,19.77,-0.115,1.9924,0.23
ATOM,4701.0,CZ,PHE,301.0,4.199,17.428,20.524,-0.115,1.9924,0.0
ATOM,4702.0,H,PHE,301.0,0.886,16.927,17.948,0.31,0.2245,0.0
ATOM,4703.0,HA,PHE,301.0,1.525,15.919,15.275,0.09,1.32,1.81
ATOM,4704.0,HB2,PHE,301.0,3.863,16.061,16.001,0.09,1.32,0.0
ATOM,4705.0,HB3,PHE,301.0,3.062,17.483,15.939,0.09,1.32,3.15
ATOM,4706.0,HD1,PHE,301.0,4.341,15.027,18.238,0.115,1.3582,0.0
ATOM,4707.0,HD2,PHE,301.0,2.73,18.812,17.905,0.115,1.3582,4.33
ATOM,4708.0,HE1,PHE,301.0,4.961,15.48,20.483,0.115,1.3582,0.0
ATOM,4709.0,HE2,PHE,301.0,3.344,19.296,20.153,0.115,1.3582,9.3
ATOM,4710.0,HZ,PHE,301.0,4.449,17.599,21.472,0.115,1.3582,0.0
ATOM,4711.0,N,VAL,302.0,1.271,13.883,17.531,-0.47,1.85,0.0
ATOM,4712.0,CA,VAL,302.0,1.419,12.468,17.9,0.07,2.275,0.0
ATOM,4713.0,C,VAL,302.0,0.392,11.646,17.129,0.51,2.0,0.03
ATOM,4714.0,O,VAL,302.0,-0.827,11.855,17.282,-0.51,1.7,6.47
ATOM,4715.0,CB,VAL,302.0,1.196,12.244,19.402,-0.09,2.275,0.0
ATOM,4716.0,CG1,VAL,302.0,1.174,10.749,19.731,-0.27,2.06,0.0
ATOM,4717.0,CG2,VAL,302.0,2.303,12.935,20.231,-0.27,2.06,0.0
ATOM,4718.0,H,VAL,302.0,0.614,14.526,17.983,0.31,0.2245,0.0
ATOM,4719.0,HA,VAL,302.0,2.33,12.17,17.621,0.09,1.32,0.0
ATOM,4720.0,HB,VAL,302.0,0.297,12.602,19.636,0.09,1.32,0.0
ATOM,4721.0,HG11,VAL,302.0,1.574,10.239,18.972,0.09,1.32,0.0
ATOM,4722.0,HG12,VAL,302.0,1.704,10.586,20.561,0.09,1.32,0.0
ATOM,4723.0,HG13,VAL,302.0,0.23,10.457,19.873,0.09,1.32,0.24
ATOM,4724.0,HG21,VAL,302.0,2.829,13.528,19.628,0.09,1.32,0.0
ATOM,4725.0,HG22,VAL,302.0,1.873,13.47,20.952,0.09,1.32,0.0
ATOM,4726.0,HG23,VAL,302.0,2.89,12.234,20.625,0.09,1.32,0.0
ATOM,4727.0,N,ALA,303.0,0.871,10.737,16.289,-0.47,1.85,0.0
ATOM,4728.0,CA,ALA,303.0,-0.002,9.83,15.568,0.07,2.275,0.0
ATOM,4729.0,C,ALA,303.0,-0.371,8.656,16.463,0.51,2.0,0.0
ATOM,4730.0,O,ALA,303.0,-1.517,8.21,16.458,-0.51,1.7,0.18
ATOM,4731.0,CB,ALA,303.0,0.641,9.387,14.282,-0.27,2.06,0.0
ATOM,4732.0,H,ALA,303.0,1.907,10.734,16.196,0.31,0.2245,0.0
ATOM,4733.0,HA,ALA,303.0,-0.843,10.316,15.315,0.09,1.32,0.0
ATOM,4734.0,HB1,ALA,303.0,1.613,9.632,14.283,0.09,1.32,0.0
ATOM,4735.0,HB2,ALA,303.0,0.556,8.393,14.18,0.09,1.32,0.0
ATOM,4736.0,HB3,ALA,303.0,0.194,9.833,13.503,0.09,1.32,0.0
ATOM,4737.0,N,SER,304.0,0.598,8.119,17.205,-0.47,1.85,0.0
ATOM,4738.0,CA,SER,304.0,0.285,7.04,18.097,0.07,2.275,0.0
ATOM,4739.0,C,SER,304.0,1.258,7.08,19.257,0.51,2.0,0.0
ATOM,4740.0,O,SER,304.0,2.383,7.586,19.146,-0.51,1.7,0.0
ATOM,4741.0,CB,SER,304.0,0.48,5.696,17.365,0.05,2.175,0.0
ATOM,4742.0,OG,SER,304.0,-0.067,4.598,18.112,-0.66,1.77,0.0
ATOM,4743.0,H,SER,304.0,1.529,8.532,17.078,0.31,0.2245,0.0
ATOM,4744.0,HA,SER,304.0,-0.635,7.182,18.463,0.09,1.32,0.0
ATOM,4745.0,HB2,SER,304.0,0.021,5.742,16.484,0.09,1.32,0.0
ATOM,4746.0,HB3,SER,304.0,1.455,5.54,17.238,0.09,1.32,0.0
ATOM,4747.0,HG,SER,304.0,-0.982,4.4,17.772,0.43,0.2245,0.0
ATOM,4748.0,N,THR,305.0,0.782,6.55,20.378,-0.47,1.85,0.0
ATOM,4749.0,CA,THR,305.0,1.549,6.361,21.614,0.07,2.275,0.0
ATOM,4750.0,C,THR,305.0,1.916,4.892,21.735,0.51,2.0,0.0
ATOM,4751.0,O,THR,305.0,1.009,4.074,21.758,-0.51,1.7,0.0
ATOM,4752.0,CB,THR,305.0,0.624,6.67,22.808,0.14,2.275,0.0
ATOM,4753.0,OG1,THR,305.0,0.249,8.053,22.778,-0.66,1.77,0.0
ATOM,4754.0,CG2,THR,305.0,1.4,6.474,24.129,-0.27,2.06,0.03
ATOM,4755.0,H,THR,305.0,-0.237,6.263,20.307,0.31,0.2245,0.0
ATOM,4756.0,HA,THR,305.0,2.388,6.896,21.549,0.09,1.32,0.0
ATOM,4757.0,HB,THR,305.0,-0.223,6.108,22.721,0.09,1.32,0.0
ATOM,4758.0,HG21,THR,305.0,1.156,7.205,24.765,0.09,1.32,0.0
ATOM,4759.0,HG22,THR,305.0,1.158,5.589,24.524,0.09,1.32,0.0
ATOM,4760.0,HG23,THR,305.0,2.381,6.503,23.941,0.09,1.32,0.0
ATOM,4761.0,HG1,THR,305.0,0.372,8.468,23.685,0.43,0.2245,0.05
ATOM,4762.0,N,LEU,306.0,3.215,4.557,21.845,-0.47,1.85,0.0
ATOM,4763.0,CA,LEU,306.0,3.627,3.133,21.921,0.07,2.275,0.0
ATOM,4764.0,C,LEU,306.0,3.635,2.727,23.394,0.51,2.0,0.0
ATOM,4765.0,O,LEU,306.0,4.513,3.11,24.157,-0.51,1.7,5.31
ATOM,4766.0,CB,LEU,306.0,5.013,2.934,21.328,-0.18,2.175,2.97
ATOM,4767.0,CG,LEU,306.0,5.098,3.297,19.863,-0.09,2.275,0.0
ATOM,4768.0,CD1,LEU,306.0,6.531,3.064,19.427,-0.27,2.06,1.86
ATOM,4769.0,CD2,LEU,306.0,4.181,2.322,19.106,-0.27,2.06,0.03
ATOM,4770.0,H,LEU,306.0,3.873,5.342,21.871,0.31,0.2245,0.0
ATOM,4771.0,HA,LEU,306.0,2.951,2.589,21.442,0.09,1.32,0.0
ATOM,4772.0,HB2,LEU,306.0,5.642,3.515,21.821,0.09,1.32,0.0
ATOM,4773.0,HB3,LEU,306.0,5.25,1.981,21.419,0.09,1.32,0.0
ATOM,4774.0,HG,LEU,306.0,4.868,4.251,19.744,0.09,1.32,0.0
ATOM,4775.0,HD11,LEU,306.0,6.773,2.102,19.565,0.09,1.32,0.13
ATOM,4776.0,HD12,LEU,306.0,6.63,3.294,18.457,0.09,1.32,0.0
ATOM,4777.0,HD13,LEU,306.0,7.146,3.64,19.968,0.09,1.32,0.0
ATOM,4778.0,HD21,LEU,306.0,3.247,2.423,19.444,0.09,1.32,0.0
ATOM,4779.0,HD22,LEU,306.0,4.213,2.534,18.131,0.09,1.32,0.07
ATOM,4780.0,HD23,LEU,306.0,4.498,1.388,19.26,0.09,1.32,0.0
ATOM,4781.0,N,LEU,307.0,2.648,1.946,23.792,-0.47,1.85,0.0
ATOM,4782.0,CA,LEU,307.0,2.542,1.536,25.189,0.07,2.275,0.0
ATOM,4783.0,C,LEU,307.0,3.556,0.465,25.537,0.51,2.0,0.15
ATOM,4784.0,O,LEU,307.0,3.913,-0.353,24.69,-0.51,1.7,0.39
ATOM,4785.0,CB,LEU,307.0,1.142,0.93,25.411,-0.18,2.175,0.0
ATOM,4786.0,CG,LEU,307.0,-0.041,1.836,25.086,-0.09,2.275,0.0
ATOM,4787.0,CD1,LEU,307.0,-1.425,1.089,25.325,-0.27,2.06,0.0
ATOM,4788.0,CD2,LEU,307.0,0.036,3.074,25.957,-0.27,2.06,0.12
ATOM,4789.0,H,LEU,307.0,1.981,1.659,23.059,0.31,0.2245,0.0
ATOM,4790.0,HA,LEU,307.0,2.714,2.343,25.772,0.09,1.32,1.25
ATOM,4791.0,HB2,LEU,307.0,1.071,0.122,24.834,0.09,1.32,0.0
ATOM,4792.0,HB3,LEU,307.0,1.074,0.676,26.37,0.09,1.32,0.0
ATOM,4793.0,HG,LEU,307.0,-0.01,2.111,24.129,0.09,1.32,0.0
ATOM,4794.0,HD11,LEU,307.0,-1.463,0.826,26.278,0.09,1.32,0.0
ATOM,4795.0,HD12,LEU,307.0,-2.151,1.722,25.099,0.09,1.32,0.0
ATOM,4796.0,HD13,LEU,307.0,-1.444,0.296,24.733,0.09,1.32,0.0
ATOM,4797.0,HD21,LEU,307.0,0.893,3.561,25.777,0.09,1.32,0.0
ATOM,4798.0,HD22,LEU,307.0,-0.736,3.679,25.753,0.09,1.32,0.0
ATOM,4799.0,HD23,LEU,307.0,0.003,2.81,26.923,0.09,1.32,0.0
ATOM,4800.0,N,GLY,308.0,3.941,0.42,26.814,-0.47,1.85,2.78
ATOM,4801.0,CA,GLY,308.0,4.767,-0.664,27.332,-0.02,2.175,17.22
ATOM,4802.0,C,GLY,308.0,4.043,-1.227,28.56,0.51,2.0,1.89
ATOM,4803.0,O,GLY,308.0,3.505,-0.469,29.357,-0.51,1.7,6.66
ATOM,4804.0,H,GLY,308.0,3.605,1.213,27.395,0.31,0.2245,5.41
ATOM,4805.0,HA2,GLY,308.0,4.858,-1.376,26.651,0.09,1.32,0.48
ATOM,4806.0,HA3,GLY,308.0,5.652,-0.315,27.605,0.09,1.32,5.52
ATOM,4807.0,N,ALA,309.0,4.046,-2.556,28.713,-0.47,1.85,1.45
ATOM,4808.0,CA,ALA,309.0,3.419,-3.187,29.892,0.07,2.275,2.02
ATOM,4809.0,C,ALA,309.0,4.134,-4.474,30.176,0.51,2.0,0.0
ATOM,4810.0,O,ALA,309.0,4.571,-5.13,29.219,-0.51,1.7,0.02
ATOM,4811.0,CB,ALA,309.0,1.904,-3.467,29.647,-0.27,2.06,0.0
ATOM,4812.0,H,ALA,309.0,4.508,-3.086,27.962,0.31,0.2245,2.74
ATOM,4813.0,HA,ALA,309.0,3.522,-2.567,30.668,0.09,1.32,0.74
ATOM,4814.0,HB1,ALA,309.0,1.448,-3.524,30.528,0.09,1.32,0.0
ATOM,4815.0,HB2,ALA,309.0,1.528,-2.72,29.11,0.09,1.32,0.0
ATOM,4816.0,HB3,ALA,309.0,1.818,-4.326,29.155,0.09,1.32,0.0
ATOM,4817.0,N,THR,310.0,4.258,-4.863,31.463,-0.47,1.85,0.06
ATOM,4818.0,CA,THR,310.0,4.755,-6.212,31.763,0.07,2.275,0.0
ATOM,4819.0,C,THR,310.0,3.66,-7.069,32.357,0.51,2.0,0.0
ATOM,4820.0,O,THR,310.0,3.878,-8.271,32.592,-0.51,1.7,7.64
ATOM,4821.0,CB,THR,310.0,5.985,-6.26,32.708,0.14,2.275,2.66
ATOM,4822.0,OG1,THR,310.0,5.658,-5.732,33.999,-0.66,1.77,8.55
ATOM,4823.0,CG2,THR,310.0,7.159,-5.42,32.157,-0.27,2.06,6.88
ATOM,4824.0,H,THR,310.0,3.99,-4.173,32.161,0.31,0.2245,0.0
ATOM,4825.0,HA,THR,310.0,5.063,-6.631,30.901,0.09,1.32,0.0
ATOM,4826.0,HB,THR,310.0,6.267,-7.238,32.823,0.09,1.32,2.47
ATOM,4827.0,HG21,THR,310.0,7.649,-5.001,32.92,0.09,1.32,2.43
ATOM,4828.0,HG22,THR,310.0,7.777,-6.015,31.645,0.09,1.32,0.0
ATOM,4829.0,HG23,THR,310.0,6.8,-4.709,31.555,0.09,1.32,1.49
ATOM,4830.0,HG1,THR,310.0,5.033,-4.95,33.909,0.43,0.2245,0.0
ATOM,4831.0,N,THR,311.0,2.511,-6.474,32.616,-0.47,1.85,0.0
ATOM,4832.0,CA,THR,311.0,1.389,-7.275,33.086,0.07,2.275,0.11
ATOM,4833.0,C,THR,311.0,0.106,-6.891,32.42,0.51,2.0,0.0
ATOM,4834.0,O,THR,311.0,-0.032,-5.793,31.835,-0.51,1.7,0.0
ATOM,4835.0,CB,THR,311.0,1.218,-7.119,34.615,0.14,2.275,5.72
ATOM,4836.0,OG1,THR,311.0,0.748,-5.813,34.923,-0.66,1.77,3.18
ATOM,4837.0,CG2,THR,311.0,2.556,-7.221,35.334,-0.27,2.06,26.88
ATOM,4838.0,H,THR,311.0,2.479,-5.463,32.467,0.31,0.2245,0.0
ATOM,4839.0,HA,THR,311.0,1.589,-8.248,32.878,0.09,1.32,5.18
ATOM,4840.0,HB,THR,311.0,0.523,-7.798,34.934,0.09,1.32,7.01
ATOM,4841.0,HG21,THR,311.0,2.405,-7.339,36.318,0.09,1.32,11.72
ATOM,4842.0,HG22,THR,311.0,3.071,-8.007,34.984,0.09,1.32,4.24
ATOM,4843.0,HG23,THR,311.0,3.088,-6.385,35.182,0.09,1.32,0.0
ATOM,4844.0,HG1,THR,311.0,1.469,-5.129,34.761,0.43,0.2245,0.0
ATOM,4845.0,N,MET,312.0,-0.847,-7.814,32.456,-0.47,1.85,0.12
ATOM,4846.0,CA,MET,312.0,-2.125,-7.515,31.807,0.07,2.275,0.0
ATOM,4847.0,C,MET,312.0,-2.88,-6.365,32.469,0.51,2.0,0.19
ATOM,4848.0,O,MET,312.0,-3.565,-5.615,31.788,-0.51,1.7,0.89
ATOM,4849.0,CB,MET,312.0,-3.01,-8.768,31.75,-0.18,2.175,11.33
ATOM,4850.0,CG,MET,312.0,-2.411,-9.902,30.937,-0.14,2.175,12.56
ATOM,4851.0,SD,MET,312.0,-2.059,-9.451,29.233,-0.09,2.0,1.12
ATOM,4852.0,CE,MET,312.0,-3.57,-9.133,28.71,-0.22,2.06,4.26
ATOM,4853.0,H,MET,312.0,-0.628,-8.679,32.936,0.31,0.2245,5.66
ATOM,4854.0,HA,MET,312.0,-1.933,-7.249,30.847,0.09,1.32,0.0
ATOM,4855.0,HB2,MET,312.0,-3.169,-9.095,32.689,0.09,1.32,9.12
ATOM,4856.0,HB3,MET,312.0,-3.899,-8.519,31.347,0.09,1.32,4.47
ATOM,4857.0,HG2,MET,312.0,-1.557,-10.225,31.413,0.09,1.32,7.31
ATOM,4858.0,HG3,MET,312.0,-3.055,-10.705,30.977,0.09,1.32,10.76
ATOM,4859.0,HE1,MET,312.0,-3.692,-9.251,27.693,0.09,1.32,0.0
ATOM,4860.0,HE2,MET,312.0,-4.292,-9.734,29.134,0.09,1.32,9.03
ATOM,4861.0,HE3,MET,312.0,-3.883,-8.17,28.902,0.09,1.32,0.21
ATOM,4862.0,N,ASP,313.0,-2.783,-6.247,33.805,-0.47,1.85,1.05
ATOM,4863.0,CA,ASP,313.0,-3.477,-5.168,34.468,0.07,2.275,2.49
ATOM,4864.0,C,ASP,313.0,-2.904,-3.786,34.05,0.51,2.0,0.0
ATOM,4865.0,O,ASP,313.0,-3.65,-2.824,33.876,-0.51,1.7,0.0
ATOM,4866.0,CB,ASP,313.0,-3.467,-5.317,35.979,-0.28,2.175,15.21
ATOM,4867.0,CG,ASP,313.0,-4.504,-4.441,36.629,0.62,2.0,2.9
ATOM,4868.0,OD1,ASP,313.0,-5.718,-4.624,36.355,-0.76,1.7,24.61
ATOM,4869.0,OD2,ASP,313.0,-4.201,-3.508,37.398,-0.76,1.7,37.47
ATOM,4870.0,H,ASP,313.0,-2.207,-6.953,34.266,0.31,0.2245,2.65
ATOM,4871.0,HA,ASP,313.0,-4.435,-5.177,34.159,0.09,1.32,0.73
ATOM,4872.0,HB2,ASP,313.0,-3.662,-6.264,36.198,0.09,1.32,9.98
ATOM,4873.0,HB3,ASP,313.0,-2.571,-5.056,36.31,0.09,1.32,4.57
ATOM,4874.0,N,GLN,314.0,-1.582,-3.753,33.861,-0.47,1.85,0.37
ATOM,4875.0,CA,GLN,314.0,-0.921,-2.516,33.392,0.07,2.275,1.65
ATOM,4876.0,C,GLN,314.0,-1.447,-2.199,32.01,0.51,2.0,0.0
ATOM,4877.0,O,GLN,314.0,-1.836,-1.053,31.72,-0.51,1.7,0.0
ATOM,4878.0,CB,GLN,314.0,0.599,-2.653,33.268,-0.18,2.175,0.84
ATOM,4879.0,CG,GLN,314.0,1.327,-2.72,34.595,-0.18,2.175,10.5
ATOM,4880.0,CD,GLN,314.0,2.81,-2.915,34.406,0.55,2.0,2.36
ATOM,4881.0,H,GLN,314.0,-1.081,-4.625,34.061,0.31,0.2245,0.0
ATOM,4882.0,HA,GLN,314.0,-1.189,-1.782,34.008,0.09,1.32,3.59
ATOM,4883.0,HB2,GLN,314.0,0.803,-3.49,32.755,0.09,1.32,0.0
ATOM,4884.0,HB3,GLN,314.0,0.95,-1.864,32.757,0.09,1.32,0.22
ATOM,4885.0,HG2,GLN,314.0,1.176,-1.867,35.088,0.09,1.32,10.82
ATOM,4886.0,HG3,GLN,314.0,0.966,-3.486,35.121,0.09,1.32,1.2
ATOM,4887.0,OE1,GLN,314.0,3.279,-3.031,33.273,-0.55,1.7,6.14
ATOM,4888.0,NE2,GLN,314.0,3.548,-3.001,35.507,-0.62,1.85,6.12
ATOM,4889.0,HE21,GLN,314.0,4.553,-3.146,35.458,0.32,0.2245,5.67
ATOM,4890.0,HE22,GLN,314.0,3.087,-2.917,36.414,0.3,0.2245,11.95
ATOM,4891.0,N,LEU,315.0,-1.457,-3.197,31.128,-0.47,1.85,0.0
ATOM,4892.0,CA,LEU,315.0,-1.915,-2.923,29.773,0.07,2.275,0.0
ATOM,4893.0,C,LEU,315.0,-3.374,-2.449,29.742,0.51,2.0,0.0
ATOM,4894.0,O,LEU,315.0,-3.725,-1.545,29.002,-0.51,1.7,0.0
ATOM,4895.0,CB,LEU,315.0,-1.692,-4.165,28.902,-0.18,2.175,0.0
ATOM,4896.0,CG,LEU,315.0,-2.081,-4.061,27.432,-0.09,2.275,0.0
ATOM,4897.0,CD1,LEU,315.0,-1.262,-2.921,26.805,-0.27,2.06,0.0
ATOM,4898.0,CD2,LEU,315.0,-1.84,-5.409,26.735,-0.27,2.06,0.0
ATOM,4899.0,H,LEU,315.0,-1.138,-4.101,31.466,0.31,0.2245,0.0
ATOM,4900.0,HA,LEU,315.0,-1.34,-2.192,29.378,0.09,1.32,0.0
ATOM,4901.0,HB2,LEU,315.0,-0.717,-4.389,28.939,0.09,1.32,0.0
ATOM,4902.0,HB3,LEU,315.0,-2.221,-4.913,29.301,0.09,1.32,0.0
ATOM,4903.0,HG,LEU,315.0,-3.042,-3.847,27.359,0.09,1.32,0.0
ATOM,4904.0,HD11,LEU,315.0,-0.29,-3.13,26.894,0.09,1.32,0.0
ATOM,4905.0,HD12,LEU,315.0,-1.504,-2.838,25.841,0.09,1.32,0.0
ATOM,4906.0,HD13,LEU,315.0,-1.47,-2.069,27.281,0.09,1.32,0.0
ATOM,4907.0,HD21,LEU,315.0,-2.395,-6.11,27.178,0.09,1.32,0.0
ATOM,4908.0,HD22,LEU,315.0,-2.097,-5.331,25.774,0.09,1.32,0.0
ATOM,4909.0,HD23,LEU,315.0,-0.873,-5.647,26.808,0.09,1.32,0.0
ATOM,4910.0,N,LYS,316.0,-4.235,-3.083,30.547,-0.47,1.85,0.0
ATOM,4911.0,CA,LYS,316.0,-5.654,-2.648,30.664,0.07,2.275,0.0
ATOM,4912.0,C,LYS,316.0,-5.783,-1.178,31.128,0.51,2.0,0.0
ATOM,4913.0,O,LYS,316.0,-6.459,-0.375,30.478,-0.51,1.7,0.0
ATOM,4914.0,CB,LYS,316.0,-6.355,-3.566,31.692,-0.18,2.175,0.27
ATOM,4915.0,CG,LYS,316.0,-7.79,-3.133,31.983,-0.18,2.175,0.0
ATOM,4916.0,CD,LYS,316.0,-8.337,-4.052,33.1,-0.18,2.175,7.15
ATOM,4917.0,CE,LYS,316.0,-9.819,-3.751,33.43,0.21,2.175,21.95
ATOM,4918.0,NZ,LYS,316.0,-9.98,-2.421,34.085,-0.3,1.85,6.64
ATOM,4919.0,H,LYS,316.0,-3.847,-3.881,31.07,0.31,0.2245,0.0
ATOM,4920.0,HA,LYS,316.0,-6.089,-2.737,29.76,0.09,1.32,0.0
ATOM,4921.0,HB2,LYS,316.0,-6.372,-4.483,31.322,0.09,1.32,2.12
ATOM,4922.0,HB3,LYS,316.0,-5.837,-3.531,32.535,0.09,1.32,0.0
ATOM,4923.0,HG2,LYS,316.0,-7.795,-2.208,32.31,0.09,1.32,0.0
ATOM,4924.0,HG3,LYS,316.0,-8.34,-3.255,31.181,0.09,1.32,0.02
ATOM,4925.0,HD2,LYS,316.0,-8.271,-4.994,32.796,0.09,1.32,9.19
ATOM,4926.0,HD3,LYS,316.0,-7.8,-3.908,33.921,0.09,1.32,0.14
ATOM,4927.0,HE2,LYS,316.0,-10.34,-3.769,32.577,0.05,1.32,7.16
ATOM,4928.0,HE3,LYS,316.0,-10.156,-4.468,34.041,0.05,1.32,11.81
ATOM,4929.0,HZ1,LYS,316.0,-9.844,-1.7,33.407,0.33,0.2245,0.0
ATOM,4930.0,HZ2,LYS,316.0,-10.9,-2.351,34.469,0.33,0.2245,19.84
ATOM,4931.0,HZ3,LYS,316.0,-9.303,-2.328,34.814,0.33,0.2245,14.34
ATOM,4932.0,N,THR,317.0,-5.043,-0.807,32.172,-0.47,1.85,0.0
ATOM,4933.0,CA,THR,317.0,-5.061,0.577,32.681,0.07,2.275,0.4
ATOM,4934.0,C,THR,317.0,-4.582,1.537,31.623,0.51,2.0,0.0
ATOM,4935.0,O,THR,317.0,-5.196,2.571,31.419,-0.51,1.7,0.0
ATOM,4936.0,CB,THR,317.0,-4.103,0.768,33.863,0.14,2.275,2.27
ATOM,4937.0,OG1,THR,317.0,-4.433,-0.152,34.908,-0.66,1.77,15.37
ATOM,4938.0,CG2,THR,317.0,-4.306,2.153,34.506,-0.27,2.06,7.09
ATOM,4939.0,H,THR,317.0,-4.464,-1.556,32.59,0.31,0.2245,0.0
ATOM,4940.0,HA,THR,317.0,-6.01,0.804,32.924,0.09,1.32,0.11
ATOM,4941.0,HB,THR,317.0,-3.15,0.568,33.553,0.09,1.32,0.25
ATOM,4942.0,HG21,THR,317.0,-3.416,2.543,34.739,0.09,1.32,1.67
ATOM,4943.0,HG22,THR,317.0,-4.776,2.752,33.859,0.09,1.32,0.0
ATOM,4944.0,HG23,THR,317.0,-4.857,2.056,35.334,0.09,1.32,8.11
ATOM,4945.0,HG1,THR,317.0,-4.225,-1.094,34.624,0.43,0.2245,0.0
ATOM,4946.0,N,ASN,318.0,-3.54,1.122,30.902,-0.47,1.85,0.0
ATOM,4947.0,CA,ASN,318.0,-2.931,2.053,29.94,0.07,2.275,0.0
ATOM,4948.0,C,ASN,318.0,-3.87,2.249,28.745,0.51,2.0,0.0
ATOM,4949.0,O,ASN,318.0,-4.036,3.387,28.256,-0.51,1.7,0.0
ATOM,4950.0,CB,ASN,318.0,-1.556,1.554,29.473,-0.18,2.175,0.0
ATOM,4951.0,CG,ASN,318.0,-0.528,1.555,30.606,0.55,2.0,0.0
ATOM,4952.0,H,ASN,318.0,-3.225,0.171,31.064,0.31,0.2245,0.0
ATOM,4953.0,HA,ASN,318.0,-2.851,2.938,30.398,0.09,1.32,0.0
ATOM,4954.0,HB2,ASN,318.0,-1.654,0.625,29.14,0.09,1.32,0.0
ATOM,4955.0,HB3,ASN,318.0,-1.231,2.155,28.754,0.09,1.32,0.0
ATOM,4956.0,OD1,ASN,318.0,-0.777,2.129,31.669,-0.55,1.7,3.14
ATOM,4957.0,ND2,ASN,318.0,0.627,0.977,30.366,-0.62,1.85,0.19
ATOM,4958.0,HD22,ASN,318.0,0.803,0.565,29.464,0.3,0.2245,0.0
ATOM,4959.0,HD21,ASN,318.0,1.337,0.941,31.069,0.32,0.2245,2.51
ATOM,4960.0,N,ILE,319.0,-4.509,1.179,28.262,-0.47,1.85,0.0
ATOM,4961.0,CA,ILE,319.0,-5.459,1.38,27.167,0.07,2.275,0.0
ATOM,4962.0,C,ILE,319.0,-6.668,2.2,27.591,0.51,2.0,0.0
ATOM,4963.0,O,ILE,319.0,-7.242,2.951,26.798,-0.51,1.7,0.15
ATOM,4964.0,CB,ILE,319.0,-5.874,0.0,26.578,-0.09,2.275,0.0
ATOM,4965.0,CG1,ILE,319.0,-4.672,-0.585,25.843,-0.18,2.175,0.0
ATOM,4966.0,CG2,ILE,319.0,-7.064,0.133,25.614,-0.27,2.06,5.13
ATOM,4967.0,CD1,ILE,319.0,-4.869,-2.037,25.37,-0.27,2.06,0.0
ATOM,4968.0,H,ILE,319.0,-4.291,0.289,28.69,0.31,0.2245,0.0
ATOM,4969.0,HA,ILE,319.0,-4.971,1.922,26.469,0.09,1.32,0.0
ATOM,4970.0,HB,ILE,319.0,-6.097,-0.59,27.333,0.09,1.32,0.0
ATOM,4971.0,HG12,ILE,319.0,-4.474,-0.021,25.044,0.09,1.32,0.0
ATOM,4972.0,HG13,ILE,319.0,-3.882,-0.565,26.454,0.09,1.32,0.0
ATOM,4973.0,HG21,ILE,319.0,-7.299,-0.768,25.26,0.09,1.32,0.0
ATOM,4974.0,HG22,ILE,319.0,-7.841,0.516,26.106,0.09,1.32,3.53
ATOM,4975.0,HG23,ILE,319.0,-6.809,0.736,24.863,0.09,1.32,0.0
ATOM,4976.0,HD11,ILE,319.0,-5.645,-2.066,24.748,0.09,1.32,0.0
ATOM,4977.0,HD12,ILE,319.0,-4.042,-2.335,24.904,0.09,1.32,0.0
ATOM,4978.0,HD13,ILE,319.0,-5.043,-2.609,26.165,0.09,1.32,0.0
ATOM,4979.0,N,GLU,320.0,-7.089,2.065,28.858,-0.47,1.85,0.0
ATOM,4980.0,CA,GLU,320.0,-8.197,2.841,29.374,0.07,2.275,0.0
ATOM,4981.0,C,GLU,320.0,-7.89,4.327,29.461,0.51,2.0,0.0
ATOM,4982.0,O,GLU,320.0,-8.789,5.133,29.68,-0.51,1.7,3.6
ATOM,4983.0,CB,GLU,320.0,-8.67,2.268,30.73,-0.18,2.175,0.11
ATOM,4984.0,CG,GLU,320.0,-9.491,1.005,30.554,-0.28,2.175,11.72
ATOM,4985.0,CD,GLU,320.0,-9.746,0.237,31.86,0.62,2.0,2.98
ATOM,4986.0,OE1,GLU,320.0,-9.378,0.726,32.948,-0.76,1.7,18.4
ATOM,4987.0,OE2,GLU,320.0,-10.357,-0.861,31.787,-0.76,1.7,17.56
ATOM,4988.0,H,GLU,320.0,-6.556,1.369,29.414,0.31,0.2245,0.0
ATOM,4989.0,HA,GLU,320.0,-9.015,2.703,28.785,0.09,1.32,0.19
ATOM,4990.0,HB2,GLU,320.0,-7.874,2.044,31.244,0.09,1.32,0.0
ATOM,4991.0,HB3,GLU,320.0,-9.234,2.941,31.15,0.09,1.32,4.68
ATOM,4992.0,HG2,GLU,320.0,-10.373,1.251,30.188,0.09,1.32,4.92
ATOM,4993.0,HG3,GLU,320.0,-9.005,0.393,29.951,0.09,1.32,0.29
ATOM,4994.0,N,SER,321.0,-6.614,4.7,29.372,-0.47,1.85,0.0
ATOM,4995.0,CA,SER,321.0,-6.281,6.103,29.333,0.07,2.275,0.0
ATOM,4996.0,C,SER,321.0,-6.953,6.84,28.188,0.51,2.0,0.0
ATOM,4997.0,O,SER,321.0,-7.01,8.059,28.214,-0.51,1.7,0.0
ATOM,4998.0,CB,SER,321.0,-4.763,6.33,29.282,0.05,2.175,0.0
ATOM,4999.0,OG,SER,321.0,-4.23,5.984,27.986,-0.66,1.77,0.35
ATOM,5000.0,H,SER,321.0,-5.932,3.933,29.336,0.31,0.2245,0.0
ATOM,5001.0,HA,SER,321.0,-6.596,6.529,30.201,0.09,1.32,0.0
ATOM,5002.0,HB2,SER,321.0,-4.572,7.288,29.454,0.09,1.32,0.0
ATOM,5003.0,HB3,SER,321.0,-4.326,5.756,29.964,0.09,1.32,0.0
ATOM,5004.0,HG,SER,321.0,-4.096,4.999,27.947,0.43,0.2245,0.0
ATOM,5005.0,N,LEU,322.0,-7.394,6.098,27.168,-0.47,1.85,0.0
ATOM,5006.0,CA,LEU,322.0,-8.02,6.674,25.996,0.07,2.275,0.0
ATOM,5007.0,C,LEU,322.0,-9.171,7.552,26.383,0.51,2.0,0.0
ATOM,5008.0,O,LEU,322.0,-9.445,8.554,25.711,-0.51,1.7,8.45
ATOM,5009.0,CB,LEU,322.0,-8.537,5.511,25.123,-0.18,2.175,0.0
ATOM,5010.0,CG,LEU,322.0,-9.126,5.864,23.78,-0.09,2.275,0.03
ATOM,5011.0,CD1,LEU,322.0,-8.039,6.559,23.006,-0.27,2.06,0.99
ATOM,5012.0,CD2,LEU,322.0,-9.62,4.607,23.046,-0.27,2.06,4.17
ATOM,5013.0,H,LEU,322.0,-7.245,5.07,27.296,0.31,0.2245,0.0
ATOM,5014.0,HA,LEU,322.0,-7.334,7.232,25.508,0.09,1.32,0.0
ATOM,5015.0,HB2,LEU,322.0,-7.763,4.893,24.969,0.09,1.32,0.0
ATOM,5016.0,HB3,LEU,322.0,-9.239,5.034,25.654,0.09,1.32,0.0
ATOM,5017.0,HG,LEU,322.0,-9.891,6.476,23.906,0.09,1.32,1.89
ATOM,5018.0,HD11,LEU,322.0,-7.251,5.948,22.898,0.09,1.32,0.0
ATOM,5019.0,HD12,LEU,322.0,-8.377,6.819,22.098,0.09,1.32,0.0
ATOM,5020.0,HD13,LEU,322.0,-7.746,7.386,23.493,0.09,1.32,0.0
ATOM,5021.0,HD21,LEU,322.0,-10.321,4.16,23.598,0.09,1.32,0.94
ATOM,5022.0,HD22,LEU,322.0,-10.003,4.873,22.163,0.09,1.32,0.0
ATOM,5023.0,HD23,LEU,322.0,-8.851,3.986,22.908,0.09,1.32,0.0
ATOM,5024.0,N,HIS,323.0,-9.831,7.197,27.483,-0.47,1.85,0.0
ATOM,5025.0,CA,HIS,323.0,-11.068,7.866,27.851,0.07,2.275,1.05
ATOM,5026.0,C,HIS,323.0,-10.857,9.07,28.754,0.51,2.0,1.32
ATOM,5027.0,O,HIS,323.0,-11.799,9.825,29.025,-0.51,1.7,23.51
ATOM,5028.0,CB,HIS,323.0,-11.983,6.849,28.519,-0.09,2.175,13.62
ATOM,5029.0,CG,HIS,323.0,-12.192,5.613,27.702,-0.05,1.8,0.67
ATOM,5030.0,H,HIS,323.0,-9.401,6.434,28.028,0.31,0.2245,0.0
ATOM,5031.0,HA,HIS,323.0,-11.524,8.186,26.999,0.09,1.32,4.67
ATOM,5032.0,HB2,HIS,323.0,-11.587,6.579,29.403,0.09,1.32,5.53
ATOM,5033.0,HB3,HIS,323.0,-12.88,7.272,28.685,0.09,1.32,9.75
ATOM,5034.0,ND1,HIS,323.0,-12.715,5.647,26.431,-0.36,1.85,5.91
ATOM,5035.0,CD2,HIS,323.0,-11.93,4.312,27.972,0.22,1.8,11.57
ATOM,5036.0,CE1,HIS,323.0,-12.782,4.415,25.955,0.25,1.8,17.0
ATOM,5037.0,NE2,HIS,323.0,-12.317,3.586,26.872,-0.7,1.85,23.64
ATOM,5038.0,HD1,HIS,323.0,-12.999,6.472,25.944,0.32,0.2245,14.57
ATOM,5039.0,HD2,HIS,323.0,-11.533,3.949,28.809,0.1,1.468,2.91
ATOM,5040.0,HE1,HIS,323.0,-13.126,4.156,25.057,0.13,0.9,12.67
ATOM,5041.0,N,LEU,324.0,-9.617,9.294,29.168,-0.47,1.85,0.36
ATOM,5042.0,CA,LEU,324.0,-9.313,10.438,30.014,0.07,2.275,1.94
ATOM,5043.0,C,LEU,324.0,-9.046,11.677,29.185,0.51,2.0,0.14
ATOM,5044.0,O,LEU,324.0,-8.228,11.641,28.275,-0.51,1.7,0.0
ATOM,5045.0,CB,LEU,324.0,-8.073,10.119,30.848,-0.18,2.175,0.31
ATOM,5046.0,CG,LEU,324.0,-7.617,11.267,31.752,-0.09,2.275,0.0
ATOM,5047.0,CD1,LEU,324.0,-8.721,11.81,32.68,-0.27,2.06,13.76
ATOM,5048.0,CD2,LEU,324.0,-6.394,10.859,32.532,-0.27,2.06,0.0
ATOM,5049.0,H,LEU,324.0,-8.913,8.61,28.848,0.31,0.2245,0.0
ATOM,5050.0,HA,LEU,324.0,-10.107,10.616,30.61,0.09,1.32,2.52
ATOM,5051.0,HB2,LEU,324.0,-8.285,9.35,31.43,0.09,1.32,4.13
ATOM,5052.0,HB3,LEU,324.0,-7.332,9.915,30.23,0.09,1.32,0.0
ATOM,5053.0,HG,LEU,324.0,-7.279,12.026,31.174,0.09,1.32,0.0
ATOM,5054.0,HD11,LEU,324.0,-9.04,11.073,33.271,0.09,1.32,8.56
ATOM,5055.0,HD12,LEU,324.0,-8.346,12.551,33.232,0.09,1.32,0.33
ATOM,5056.0,HD13,LEU,324.0,-9.475,12.15,32.123,0.09,1.32,0.5
ATOM,5057.0,HD21,LEU,324.0,-5.649,10.626,31.902,0.09,1.32,0.0
ATOM,5058.0,HD22,LEU,324.0,-6.098,11.613,33.123,0.09,1.32,0.0
ATOM,5059.0,HD23,LEU,324.0,-6.602,10.06,33.102,0.09,1.32,0.82
ATOM,5060.0,N,GLU,325.0,-9.74,12.781,29.497,-0.47,1.85,0.0
ATOM,5061.0,CA,GLU,325.0,-9.457,14.031,28.798,0.07,2.275,0.07
ATOM,5062.0,C,GLU,325.0,-9.024,15.03,29.881,0.51,2.0,0.0
ATOM,5063.0,O,GLU,325.0,-9.681,15.177,30.915,-0.51,1.7,10.88
ATOM,5064.0,CB,GLU,325.0,-10.637,14.519,27.929,-0.18,2.175,6.22
ATOM,5065.0,CG,GLU,325.0,-11.952,14.758,28.66,-0.28,2.175,12.35
ATOM,5066.0,CD,GLU,325.0,-13.131,14.951,27.706,0.62,2.0,6.01
ATOM,5067.0,OE1,GLU,325.0,-12.897,15.345,26.542,-0.76,1.7,38.58
ATOM,5068.0,OE2,GLU,325.0,-14.292,14.705,28.114,-0.76,1.7,48.19
ATOM,5069.0,H,GLU,325.0,-10.445,12.669,30.228,0.31,0.2245,2.74
ATOM,5070.0,HA,GLU,325.0,-8.722,13.904,28.155,0.09,1.32,0.82
ATOM,5071.0,HB2,GLU,325.0,-10.362,15.377,27.516,0.09,1.32,7.91
ATOM,5072.0,HB3,GLU,325.0,-10.798,13.828,27.238,0.09,1.32,5.45
ATOM,5073.0,HG2,GLU,325.0,-12.148,13.971,29.211,0.09,1.32,3.53
ATOM,5074.0,HG3,GLU,325.0,-11.868,15.579,29.191,0.09,1.32,6.77
ATOM,5075.0,N,LEU,326.0,-7.85,15.609,29.687,-0.47,1.85,0.16
ATOM,5076.0,CA,LEU,326.0,-7.273,16.453,30.723,0.07,2.275,0.0
ATOM,5077.0,C,LEU,326.0,-7.94,17.816,30.75,0.51,2.0,0.07
ATOM,5078.0,O,LEU,326.0,-8.169,18.44,29.708,-0.51,1.7,10.18
ATOM,5079.0,CB,LEU,326.0,-5.767,16.633,30.502,-0.18,2.175,0.0
ATOM,5080.0,CG,LEU,326.0,-4.954,15.328,30.58,-0.09,2.275,0.0
ATOM,5081.0,CD1,LEU,326.0,-3.434,15.609,30.533,-0.27,2.06,0.0
ATOM,5082.0,CD2,LEU,326.0,-5.256,14.558,31.86,-0.27,2.06,0.0
ATOM,5083.0,H,LEU,326.0,-7.402,15.419,28.781,0.31,0.2245,1.81
ATOM,5084.0,HA,LEU,326.0,-7.417,16.009,31.616,0.09,1.32,0.27
ATOM,5085.0,HB2,LEU,326.0,-5.632,17.009,29.599,0.09,1.32,0.0
ATOM,5086.0,HB3,LEU,326.0,-5.424,17.236,31.203,0.09,1.32,0.0
ATOM,5087.0,HG,LEU,326.0,-5.199,14.744,29.807,0.09,1.32,0.0
ATOM,5088.0,HD11,LEU,326.0,-3.189,16.188,31.306,0.09,1.32,0.0
ATOM,5089.0,HD12,LEU,326.0,-2.945,14.743,30.586,0.09,1.32,0.0
ATOM,5090.0,HD13,LEU,326.0,-3.218,16.072,29.678,0.09,1.32,0.0
ATOM,5091.0,HD21,LEU,326.0,-6.229,14.327,31.889,0.09,1.32,0.0
ATOM,5092.0,HD22,LEU,326.0,-4.713,13.718,31.88,0.09,1.32,0.0
ATOM,5093.0,HD23,LEU,326.0,-5.024,15.123,32.652,0.09,1.32,0.0
ATOM,5094.0,N,SER,327.0,-8.194,18.264,31.959,-0.47,1.85,0.0
ATOM,5095.0,CA,SER,327.0,-8.826,19.552,32.184,0.07,2.275,2.2
ATOM,5096.0,C,SER,327.0,-7.878,20.719,31.939,0.51,2.0,0.0
ATOM,5097.0,O,SER,327.0,-6.678,20.59,32.042,-0.51,1.7,0.0
ATOM,5098.0,CB,SER,327.0,-9.301,19.62,33.641,0.05,2.175,20.24
ATOM,5099.0,OG,SER,327.0,-8.219,19.759,34.54,-0.66,1.77,0.28
ATOM,5100.0,H,SER,327.0,-7.908,17.626,32.734,0.31,0.2245,2.2
ATOM,5101.0,HA,SER,327.0,-9.599,19.641,31.535,0.09,1.32,7.36
ATOM,5102.0,HB2,SER,327.0,-9.911,20.404,33.741,0.09,1.32,7.4
ATOM,5103.0,HB3,SER,327.0,-9.796,18.779,33.853,0.09,1.32,10.03
ATOM,5104.0,HG,SER,327.0,-8.562,20.035,35.437,0.43,0.2245,4.9
ATOM,5105.0,N,GLU,328.0,-8.445,21.871,31.602,-0.47,1.85,1.9
ATOM,5106.0,CA,GLU,328.0,-7.698,23.125,31.543,0.07,2.275,1.2
ATOM,5107.0,C,GLU,328.0,-6.825,23.328,32.802,0.51,2.0,0.0
ATOM,5108.0,O,GLU,328.0,-5.649,23.764,32.712,-0.51,1.7,1.81
ATOM,5109.0,CB,GLU,328.0,-8.776,24.232,31.483,-0.18,2.175,7.54
ATOM,5110.0,CG,GLU,328.0,-8.468,25.595,30.906,-0.28,2.175,17.75
ATOM,5111.0,CD,GLU,328.0,-9.722,26.479,30.947,0.62,2.0,4.31
ATOM,5112.0,OE1,GLU,328.0,-10.049,27.035,32.032,-0.76,1.7,38.71
ATOM,5113.0,OE2,GLU,328.0,-10.403,26.593,29.9,-0.76,1.7,46.44
ATOM,5114.0,H,GLU,328.0,-9.464,21.805,31.384,0.31,0.2245,8.94
ATOM,5115.0,HA,GLU,328.0,-7.103,23.132,30.73,0.09,1.32,1.55
ATOM,5116.0,HB2,GLU,328.0,-9.553,23.848,30.956,0.09,1.32,6.8
ATOM,5117.0,HB3,GLU,328.0,-9.1,24.371,32.434,0.09,1.32,2.28
ATOM,5118.0,HG2,GLU,328.0,-7.795,26.026,31.457,0.09,1.32,6.52
ATOM,5119.0,HG3,GLU,328.0,-8.219,25.495,29.973,0.09,1.32,9.63
ATOM,5120.0,N,ASP,329.0,-7.36,23.053,33.982,-0.47,1.85,0.0
ATOM,5121.0,CA,ASP,329.0,-6.581,23.254,35.221,0.07,2.275,0.73
ATOM,5122.0,C,ASP,329.0,-5.389,22.323,35.376,0.51,2.0,0.0
ATOM,5123.0,O,ASP,329.0,-4.342,22.704,35.914,-0.51,1.7,0.94
ATOM,5124.0,CB,ASP,329.0,-7.451,23.074,36.448,-0.28,2.175,4.99
ATOM,5125.0,CG,ASP,329.0,-8.297,24.299,36.754,0.62,2.0,5.41
ATOM,5126.0,OD1,ASP,329.0,-8.216,25.336,36.033,-0.76,1.7,27.62
ATOM,5127.0,OD2,ASP,329.0,-9.075,24.284,37.733,-0.76,1.7,46.83
ATOM,5128.0,H,ASP,329.0,-8.325,22.701,33.97,0.31,0.2245,1.43
ATOM,5129.0,HA,ASP,329.0,-6.218,24.206,35.183,0.09,1.32,1.52
ATOM,5130.0,HB2,ASP,329.0,-8.06,22.303,36.292,0.09,1.32,1.15
ATOM,5131.0,HB3,ASP,329.0,-6.862,22.895,37.229,0.09,1.32,1.98
ATOM,5132.0,N,VAL,330.0,-5.576,21.071,34.968,-0.47,1.85,0.0
ATOM,5133.0,CA,VAL,330.0,-4.484,20.112,35.008,0.07,2.275,0.0
ATOM,5134.0,C,VAL,330.0,-3.45,20.507,33.979,0.51,2.0,0.0
ATOM,5135.0,O,VAL,330.0,-2.241,20.443,34.294,-0.51,1.7,0.0
ATOM,5136.0,CB,VAL,330.0,-4.934,18.646,34.78,-0.09,2.275,0.0
ATOM,5137.0,CG1,VAL,330.0,-3.761,17.749,34.294,-0.27,2.06,0.0
ATOM,5138.0,CG2,VAL,330.0,-5.508,18.077,36.049,-0.27,2.06,0.82
ATOM,5139.0,H,VAL,330.0,-6.527,20.853,34.635,0.31,0.2245,0.0
ATOM,5140.0,HA,VAL,330.0,-4.06,20.158,35.913,0.09,1.32,0.0
ATOM,5141.0,HB,VAL,330.0,-5.61,18.643,34.048,0.09,1.32,0.0
ATOM,5142.0,HG11,VAL,330.0,-4.03,16.796,34.388,0.09,1.32,0.0
ATOM,5143.0,HG12,VAL,330.0,-3.572,17.962,33.341,0.09,1.32,0.0
ATOM,5144.0,HG13,VAL,330.0,-2.962,17.939,34.855,0.09,1.32,0.0
ATOM,5145.0,HG21,VAL,330.0,-6.043,17.255,35.84,0.09,1.32,0.82
ATOM,5146.0,HG22,VAL,330.0,-4.766,17.837,36.679,0.09,1.32,0.0
ATOM,5147.0,HG23,VAL,330.0,-6.104,18.755,36.485,0.09,1.32,0.0
ATOM,5148.0,N,LEU,331.0,-3.891,20.909,32.785,-0.47,1.85,0.0
ATOM,5149.0,CA,LEU,331.0,-2.92,21.314,31.749,0.07,2.275,0.0
ATOM,5150.0,C,LEU,331.0,-2.1,22.489,32.194,0.51,2.0,0.16
ATOM,5151.0,O,LEU,331.0,-0.872,22.563,31.932,-0.51,1.7,0.21
ATOM,5152.0,CB,LEU,331.0,-3.582,21.576,30.427,-0.18,2.175,7.23
ATOM,5153.0,CG,LEU,331.0,-4.291,20.362,29.828,-0.09,2.275,0.0
ATOM,5154.0,CD1,LEU,331.0,-5.227,20.828,28.736,-0.27,2.06,11.92
ATOM,5155.0,CD2,LEU,331.0,-3.18,19.456,29.221,-0.27,2.06,0.23
ATOM,5156.0,H,LEU,331.0,-4.902,20.913,32.655,0.31,0.2245,0.0
ATOM,5157.0,HA,LEU,331.0,-2.31,20.529,31.576,0.09,1.32,0.0
ATOM,5158.0,HB2,LEU,331.0,-4.268,22.282,30.549,0.09,1.32,0.72
ATOM,5159.0,HB3,LEU,331.0,-2.892,21.861,29.776,0.09,1.32,5.33
ATOM,5160.0,HG,LEU,331.0,-4.81,19.905,30.543,0.09,1.32,0.0
ATOM,5161.0,HD11,LEU,331.0,-4.706,21.299,28.021,0.09,1.32,3.71
ATOM,5162.0,HD12,LEU,331.0,-5.699,20.04,28.334,0.09,1.32,0.0
ATOM,5163.0,HD13,LEU,331.0,-5.906,21.458,29.117,0.09,1.32,0.35
ATOM,5164.0,HD21,LEU,331.0,-2.556,19.188,29.949,0.09,1.32,0.0
ATOM,5165.0,HD22,LEU,331.0,-3.609,18.653,28.821,0.09,1.32,0.0
ATOM,5166.0,HD23,LEU,331.0,-2.695,19.973,28.523,0.09,1.32,3.04
ATOM,5167.0,N,ALA,332.0,-2.717,23.406,32.938,-0.47,1.85,0.32
ATOM,5168.0,CA,ALA,332.0,-1.953,24.577,33.358,0.07,2.275,2.55
ATOM,5169.0,C,ALA,332.0,-0.95,24.228,34.457,0.51,2.0,0.23
ATOM,5170.0,O,ALA,332.0,0.138,24.798,34.516,-0.51,1.7,5.15
ATOM,5171.0,CB,ALA,332.0,-2.906,25.699,33.821,-0.27,2.06,34.09
ATOM,5172.0,H,ALA,332.0,-3.687,23.229,33.166,0.31,0.2245,0.0
ATOM,5173.0,HA,ALA,332.0,-1.444,24.935,32.563,0.09,1.32,2.65
ATOM,5174.0,HB1,ALA,332.0,-2.951,25.695,34.816,0.09,1.32,6.16
ATOM,5175.0,HB2,ALA,332.0,-2.555,26.574,33.5,0.09,1.32,11.52
ATOM,5176.0,HB3,ALA,332.0,-3.811,25.534,33.438,0.09,1.32,0.62
ATOM,5177.0,N,GLU,333.0,-1.315,23.294,35.328,-0.47,1.85,0.0
ATOM,5178.0,CA,GLU,333.0,-0.405,22.873,36.386,0.07,2.275,1.03
ATOM,5179.0,C,GLU,333.0,0.794,22.155,35.785,0.51,2.0,0.0
ATOM,5180.0,O,GLU,333.0,1.913,22.321,36.249,-0.51,1.7,0.46
ATOM,5181.0,CB,GLU,333.0,-1.105,21.956,37.371,-0.18,2.175,0.46
ATOM,5182.0,CG,GLU,333.0,-2.061,22.682,38.315,-0.28,2.175,13.14
ATOM,5183.0,CD,GLU,333.0,-2.092,21.968,39.641,0.62,2.0,2.99
ATOM,5184.0,OE1,GLU,333.0,-1.011,21.736,40.225,-0.76,1.7,13.47
ATOM,5185.0,OE2,GLU,333.0,-3.182,21.647,40.109,-0.76,1.7,8.98
ATOM,5186.0,H,GLU,333.0,-2.261,22.909,35.194,0.31,0.2245,0.0
ATOM,5187.0,HA,GLU,333.0,-0.092,23.674,36.903,0.09,1.32,2.16
ATOM,5188.0,HB2,GLU,333.0,-1.637,21.306,36.86,0.09,1.32,0.0
ATOM,5189.0,HB3,GLU,333.0,-0.42,21.521,37.926,0.09,1.32,0.0
ATOM,5190.0,HG2,GLU,333.0,-1.719,23.577,38.461,0.09,1.32,7.81
ATOM,5191.0,HG3,GLU,333.0,-2.951,22.646,37.931,0.09,1.32,0.0
ATOM,5192.0,N,ILE,334.0,0.548,21.341,34.764,-0.47,1.85,0.0
ATOM,5193.0,CA,ILE,334.0,1.621,20.65,34.06,0.07,2.275,0.0
ATOM,5194.0,C,ILE,334.0,2.566,21.668,33.448,0.51,2.0,0.0
ATOM,5195.0,O,ILE,334.0,3.783,21.496,33.54,-0.51,1.7,0.0
ATOM,5196.0,CB,ILE,334.0,1.016,19.708,32.975,-0.09,2.275,0.0
ATOM,5197.0,CG1,ILE,334.0,0.481,18.446,33.641,-0.18,2.175,0.0
ATOM,5198.0,CG2,ILE,334.0,2.045,19.309,31.908,-0.27,2.06,0.0
ATOM,5199.0,CD1,ILE,334.0,-0.355,17.534,32.652,-0.27,2.06,0.0
ATOM,5200.0,H,ILE,334.0,-0.456,21.242,34.517,0.31,0.2245,0.0
ATOM,5201.0,HA,ILE,334.0,2.142,20.155,34.757,0.09,1.32,0.0
ATOM,5202.0,HB,ILE,334.0,0.26,20.187,32.555,0.09,1.32,0.0
ATOM,5203.0,HG12,ILE,334.0,1.232,17.899,33.977,0.09,1.32,0.0
ATOM,5204.0,HG13,ILE,334.0,-0.123,18.693,34.384,0.09,1.32,0.0
ATOM,5205.0,HG21,ILE,334.0,1.604,18.728,31.229,0.09,1.32,0.0
ATOM,5206.0,HG22,ILE,334.0,2.397,20.132,31.47,0.09,1.32,0.0
ATOM,5207.0,HG23,ILE,334.0,2.791,18.812,32.343,0.09,1.32,0.0
ATOM,5208.0,HD11,ILE,334.0,0.245,17.274,31.911,0.09,1.32,0.0
ATOM,5209.0,HD12,ILE,334.0,-0.66,16.746,33.163,0.09,1.32,0.0
ATOM,5210.0,HD13,ILE,334.0,-1.118,18.071,32.328,0.09,1.32,0.0
ATOM,5211.0,N,GLU,335.0,2.006,22.685,32.791,-0.47,1.85,0.0
ATOM,5212.0,CA,GLU,335.0,2.87,23.725,32.227,0.07,2.275,0.0
ATOM,5213.0,C,GLU,335.0,3.726,24.374,33.318,0.51,2.0,0.0
ATOM,5214.0,O,GLU,335.0,4.927,24.658,33.088,-0.51,1.7,0.07
ATOM,5215.0,CB,GLU,335.0,2.033,24.785,31.5,-0.18,2.175,11.75
ATOM,5216.0,CG,GLU,335.0,1.481,24.253,30.185,-0.28,2.175,15.01
ATOM,5217.0,CD,GLU,335.0,2.588,23.635,29.333,0.62,2.0,2.79
ATOM,5218.0,OE1,GLU,335.0,3.477,24.365,28.863,-0.76,1.7,25.05
ATOM,5219.0,OE2,GLU,335.0,2.571,22.422,29.184,-0.76,1.7,3.58
ATOM,5220.0,H,GLU,335.0,0.991,22.673,32.722,0.31,0.2245,0.0
ATOM,5221.0,HA,GLU,335.0,3.47,23.323,31.528,0.09,1.32,0.0
ATOM,5222.0,HB2,GLU,335.0,1.278,25.011,32.071,0.09,1.32,0.0
ATOM,5223.0,HB3,GLU,335.0,2.615,25.537,31.297,0.09,1.32,5.38
ATOM,5224.0,HG2,GLU,335.0,0.836,23.549,30.382,0.09,1.32,0.1
ATOM,5225.0,HG3,GLU,335.0,1.106,24.998,29.681,0.09,1.32,10.73
ATOM,5226.0,N,ALA,336.0,3.147,24.687,34.482,-0.47,1.85,0.74
ATOM,5227.0,CA,ALA,336.0,3.912,25.262,35.591,0.07,2.275,0.95
ATOM,5228.0,C,ALA,336.0,5.06,24.389,36.086,0.51,2.0,0.0
ATOM,5229.0,O,ALA,336.0,6.146,24.912,36.383,-0.51,1.7,2.43
ATOM,5230.0,CB,ALA,336.0,3.001,25.681,36.758,-0.27,2.06,29.55
ATOM,5231.0,H,ALA,336.0,2.131,24.491,34.529,0.31,0.2245,0.0
ATOM,5232.0,HA,ALA,336.0,4.297,26.157,35.285,0.09,1.32,0.0
ATOM,5233.0,HB1,ALA,336.0,2.429,24.907,37.019,0.09,1.32,0.64
ATOM,5234.0,HB2,ALA,336.0,3.567,25.959,37.53,0.09,1.32,9.54
ATOM,5235.0,HB3,ALA,336.0,2.428,26.443,36.467,0.09,1.32,10.04
ATOM,5236.0,N,VAL,337.0,4.841,23.055,36.179,-0.47,1.85,0.01
ATOM,5237.0,CA,VAL,337.0,5.901,22.177,36.608,0.07,2.275,0.31
ATOM,5238.0,C,VAL,337.0,6.941,22.135,35.498,0.51,2.0,0.0
ATOM,5239.0,O,VAL,337.0,8.141,22.096,35.794,-0.51,1.7,0.0
ATOM,5240.0,CB,VAL,337.0,5.361,20.767,36.909,-0.09,2.275,0.0
ATOM,5241.0,CG1,VAL,337.0,6.482,19.771,37.108,-0.27,2.06,0.0
ATOM,5242.0,CG2,VAL,337.0,4.46,20.82,38.135,-0.27,2.06,15.28
ATOM,5243.0,H,VAL,337.0,3.891,22.759,35.924,0.31,0.2245,0.0
ATOM,5244.0,HA,VAL,337.0,6.333,22.566,37.417,0.09,1.32,1.58
ATOM,5245.0,HB,VAL,337.0,4.838,20.468,36.11,0.09,1.32,0.0
ATOM,5246.0,HG11,VAL,337.0,6.115,18.84,37.089,0.09,1.32,0.0
ATOM,5247.0,HG12,VAL,337.0,7.159,19.872,36.377,0.09,1.32,0.0
ATOM,5248.0,HG13,VAL,337.0,6.925,19.932,37.991,0.09,1.32,0.0
ATOM,5249.0,HG21,VAL,337.0,3.729,20.145,38.036,0.09,1.32,0.0
ATOM,5250.0,HG22,VAL,337.0,5.0,20.614,38.951,0.09,1.32,1.09
ATOM,5251.0,HG23,VAL,337.0,4.065,21.735,38.215,0.09,1.32,2.66
ATOM,5252.0,N,HIS,338.0,6.51,22.179,34.229,-0.47,1.85,0.0
ATOM,5253.0,CA,HIS,338.0,7.495,22.038,33.185,0.07,2.275,0.0
ATOM,5254.0,C,HIS,338.0,8.419,23.254,33.123,0.51,2.0,0.0
ATOM,5255.0,O,HIS,338.0,9.608,23.125,32.77,-0.51,1.7,0.0
ATOM,5256.0,CB,HIS,338.0,6.829,21.814,31.834,-0.09,2.175,0.0
ATOM,5257.0,CG,HIS,338.0,7.8,21.383,30.788,-0.05,1.8,0.0
ATOM,5258.0,H,HIS,338.0,5.516,22.309,34.098,0.31,0.2245,0.0
ATOM,5259.0,HA,HIS,338.0,8.064,21.227,33.379,0.09,1.32,0.0
ATOM,5260.0,HB2,HIS,338.0,6.127,21.106,31.927,0.09,1.32,0.0
ATOM,5261.0,HB3,HIS,338.0,6.398,22.668,31.535,0.09,1.32,0.23
ATOM,5262.0,ND1,HIS,338.0,7.917,22.032,29.577,-0.36,1.85,2.25
ATOM,5263.0,CD2,HIS,338.0,8.721,20.386,30.784,0.22,1.8,0.0
ATOM,5264.0,CE1,HIS,338.0,8.862,21.431,28.863,0.25,1.8,3.07
ATOM,5265.0,NE2,HIS,338.0,9.348,20.421,29.567,-0.7,1.85,0.0
ATOM,5266.0,HD1,HIS,338.0,7.384,22.819,29.287,0.32,0.2245,10.48
ATOM,5267.0,HD2,HIS,338.0,8.904,19.749,31.528,0.1,1.468,0.0
ATOM,5268.0,HE1,HIS,338.0,9.155,21.697,27.949,0.13,0.9,1.93
ATOM,5269.0,N,GLN,339.0,7.883,24.423,33.472,-0.47,1.85,0.0
ATOM,5270.0,CA,GLN,339.0,8.753,25.613,33.582,0.07,2.275,1.21
ATOM,5271.0,C,GLN,339.0,9.87,25.438,34.621,0.51,2.0,0.08
ATOM,5272.0,O,GLN,339.0,10.97,25.965,34.458,-0.51,1.7,21.58
ATOM,5273.0,CB,GLN,339.0,7.868,26.855,33.933,-0.18,2.175,5.93
ATOM,5274.0,CG,GLN,339.0,6.929,27.303,32.821,-0.18,2.175,9.49
ATOM,5275.0,CD,GLN,339.0,6.3,28.68,33.092,0.55,2.0,2.54
ATOM,5276.0,H,GLN,339.0,6.881,24.429,33.647,0.31,0.2245,0.0
ATOM,5277.0,HA,GLN,339.0,9.19,25.755,32.682,0.09,1.32,4.7
ATOM,5278.0,HB2,GLN,339.0,7.321,26.623,34.739,0.09,1.32,0.25
ATOM,5279.0,HB3,GLN,339.0,8.482,27.614,34.158,0.09,1.32,7.96
ATOM,5280.0,HG2,GLN,339.0,7.441,27.36,31.967,0.09,1.32,6.36
ATOM,5281.0,HG3,GLN,339.0,6.191,26.637,32.731,0.09,1.32,0.0
ATOM,5282.0,OE1,GLN,339.0,5.456,28.816,33.98,-0.55,1.7,28.92
ATOM,5283.0,NE2,GLN,339.0,6.717,29.698,32.329,-0.62,1.85,27.79
ATOM,5284.0,HE21,GLN,339.0,6.335,30.618,32.447,0.32,0.2245,21.72
ATOM,5285.0,HE22,GLN,339.0,7.432,29.513,31.627,0.3,0.2245,17.47
ATOM,5286.0,N,VAL,340.0,9.577,24.737,35.707,-0.47,1.85,0.0
ATOM,5287.0,CA,VAL,340.0,10.568,24.516,36.757,0.07,2.275,0.13
ATOM,5288.0,C,VAL,340.0,11.518,23.427,36.359,0.51,2.0,0.0
ATOM,5289.0,O,VAL,340.0,12.721,23.535,36.565,-0.51,1.7,20.46
ATOM,5290.0,CB,VAL,340.0,9.871,24.143,38.061,-0.09,2.275,0.22
ATOM,5291.0,CG1,VAL,340.0,10.889,23.757,39.104,-0.27,2.06,14.32
ATOM,5292.0,CG2,VAL,340.0,9.025,25.327,38.55,-0.27,2.06,30.24
ATOM,5293.0,H,VAL,340.0,8.61,24.369,35.747,0.31,0.2245,0.0
ATOM,5294.0,HA,VAL,340.0,11.088,25.371,36.873,0.09,1.32,6.65
ATOM,5295.0,HB,VAL,340.0,9.308,23.339,37.888,0.09,1.32,0.0
ATOM,5296.0,HG11,VAL,340.0,11.157,22.799,38.981,0.09,1.32,0.0
ATOM,5297.0,HG12,VAL,340.0,11.702,24.338,39.019,0.09,1.32,7.48
ATOM,5298.0,HG13,VAL,340.0,10.499,23.872,40.02,0.09,1.32,7.82
ATOM,5299.0,HG21,VAL,340.0,8.901,25.969,37.796,0.09,1.32,2.24
ATOM,5300.0,HG22,VAL,340.0,8.139,24.986,38.858,0.09,1.32,6.39
ATOM,5301.0,HG23,VAL,340.0,9.5,25.774,39.305,0.09,1.32,8.07
ATOM,5302.0,N,TYR,341.0,10.961,22.338,35.816,-0.47,1.85,0.0
ATOM,5303.0,CA,TYR,341.0,11.759,21.209,35.323,0.07,2.275,0.31
ATOM,5304.0,C,TYR,341.0,11.628,21.019,33.804,0.51,2.0,0.0
ATOM,5305.0,O,TYR,341.0,10.826,20.229,33.291,-0.51,1.7,0.05
ATOM,5306.0,CB,TYR,341.0,11.406,19.867,36.047,-0.18,2.175,0.0
ATOM,5307.0,CG,TYR,341.0,11.328,20.036,37.545,0.0,1.9924,0.0
ATOM,5308.0,CD1,TYR,341.0,12.484,20.125,38.301,-0.115,1.9924,0.03
ATOM,5309.0,CD2,TYR,341.0,10.085,20.138,38.189,-0.115,1.9924,0.0
ATOM,5310.0,CE1,TYR,341.0,12.421,20.264,39.691,-0.115,1.9924,2.7
ATOM,5311.0,CE2,TYR,341.0,10.025,20.316,39.578,-0.115,1.9924,0.61
ATOM,5312.0,CZ,TYR,341.0,11.202,20.377,40.294,0.11,1.9924,0.0
ATOM,5313.0,OH,TYR,341.0,11.175,20.564,41.671,-0.54,1.77,24.06
ATOM,5314.0,H,TYR,341.0,9.921,22.361,35.774,0.31,0.2245,0.0
ATOM,5315.0,HA,TYR,341.0,12.73,21.396,35.529,0.09,1.32,3.22
ATOM,5316.0,HB2,TYR,341.0,10.528,19.571,35.71,0.09,1.32,0.0
ATOM,5317.0,HB3,TYR,341.0,12.118,19.22,35.834,0.09,1.32,0.0
ATOM,5318.0,HD1,TYR,341.0,13.379,20.09,37.858,0.115,1.3582,0.18
ATOM,5319.0,HD2,TYR,341.0,9.251,20.085,37.663,0.115,1.3582,0.0
ATOM,5320.0,HE1,TYR,341.0,13.267,20.28,40.224,0.115,1.3582,1.39
ATOM,5321.0,HE2,TYR,341.0,9.145,20.396,40.031,0.115,1.3582,5.34
ATOM,5322.0,HH,TYR,341.0,12.005,20.178,42.063,0.43,0.2245,3.7
ATOM,5323.0,N,THR,342.0,12.419,21.787,33.053,-0.47,1.85,0.52
ATOM,5324.0,CA,THR,342.0,12.31,21.773,31.599,0.07,2.275,0.0
ATOM,5325.0,C,THR,342.0,13.215,20.698,31.014,0.51,2.0,0.0
ATOM,5326.0,O,THR,342.0,14.399,20.669,31.305,-0.51,1.7,14.64
ATOM,5327.0,CB,THR,342.0,12.776,23.109,31.102,0.14,2.275,5.85
ATOM,5328.0,OG1,THR,342.0,11.877,24.137,31.62,-0.66,1.77,10.36
ATOM,5329.0,CG2,THR,342.0,12.636,23.172,29.573,-0.27,2.06,15.0
ATOM,5330.0,H,THR,342.0,13.09,22.37,33.576,0.31,0.2245,6.03
ATOM,5331.0,HA,THR,342.0,11.361,21.557,31.351,0.09,1.32,0.0
ATOM,5332.0,HB,THR,342.0,13.704,23.316,31.465,0.09,1.32,8.87
ATOM,5333.0,HG21,THR,342.0,12.9,22.292,29.178,0.09,1.32,0.0
ATOM,5334.0,HG22,THR,342.0,11.686,23.374,29.334,0.09,1.32,3.1
ATOM,5335.0,HG23,THR,342.0,13.231,23.891,29.214,0.09,1.32,11.61
ATOM,5336.0,HG1,THR,342.0,11.084,23.704,32.049,0.43,0.2245,0.0
ATOM,5337.0,N,TYR,343.0,12.625,19.836,30.196,-0.47,1.85,0.0
ATOM,5338.0,CA,TYR,343.0,13.349,18.723,29.601,0.07,2.275,0.0
ATOM,5339.0,C,TYR,343.0,14.364,18.05,30.502,0.51,2.0,0.0
ATOM,5340.0,O,TYR,343.0,15.527,17.912,30.138,-0.51,1.7,4.4
ATOM,5341.0,CB,TYR,343.0,14.074,19.168,28.305,-0.18,2.175,0.0
ATOM,5342.0,CG,TYR,343.0,13.224,20.01,27.337,0.0,1.9924,0.0
ATOM,5343.0,CD1,TYR,343.0,11.855,19.794,27.176,-0.115,1.9924,0.0
ATOM,5344.0,CD2,TYR,343.0,13.8,21.066,26.639,-0.115,1.9924,1.29
ATOM,5345.0,CE1,TYR,343.0,11.096,20.584,26.311,-0.115,1.9924,0.0
ATOM,5346.0,CE2,TYR,343.0,13.065,21.868,25.798,-0.115,1.9924,4.67
ATOM,5347.0,CZ,TYR,343.0,11.698,21.61,25.636,0.11,1.9924,0.0
ATOM,5348.0,OH,TYR,343.0,10.951,22.424,24.806,-0.54,1.77,16.53
ATOM,5349.0,H,TYR,343.0,11.616,20.023,30.02,0.31,0.2245,0.0
ATOM,5350.0,HA,TYR,343.0,12.661,18.016,29.317,0.09,1.32,0.0
ATOM,5351.0,HB2,TYR,343.0,14.869,19.711,28.565,0.09,1.32,0.09
ATOM,5352.0,HB3,TYR,343.0,14.368,18.349,27.817,0.09,1.32,0.0
ATOM,5353.0,HD1,TYR,343.0,11.406,19.061,27.687,0.115,1.3582,0.0
ATOM,5354.0,HD2,TYR,343.0,14.783,21.245,26.757,0.115,1.3582,2.94
ATOM,5355.0,HE1,TYR,343.0,10.12,20.393,26.195,0.115,1.3582,0.0
ATOM,5356.0,HE2,TYR,343.0,13.486,22.623,25.306,0.115,1.3582,8.5
ATOM,5357.0,HH,TYR,343.0,10.765,21.937,23.956,0.43,0.2245,0.02
ATOM,5358.0,N,PRO,344.0,13.922,17.539,31.65,-0.29,1.85,0.0
ATOM,5359.0,CA,PRO,344.0,14.877,16.956,32.587,0.02,2.275,0.26
ATOM,5360.0,C,PRO,344.0,15.471,15.612,32.18,0.51,2.0,0.0
ATOM,5361.0,O,PRO,344.0,16.562,15.277,32.693,-0.51,1.7,15.93
ATOM,5362.0,CB,PRO,344.0,14.071,16.874,33.894,-0.18,2.175,0.25
ATOM,5363.0,CG,PRO,344.0,12.663,16.539,33.406,-0.18,2.175,0.0
ATOM,5364.0,CD,PRO,344.0,12.545,17.558,32.194,0.0,2.175,0.08
ATOM,5365.0,HA,PRO,344.0,15.63,17.628,32.79,0.09,1.32,8.12
ATOM,5366.0,HB2,PRO,344.0,14.414,16.15,34.48,0.09,1.32,0.0
ATOM,5367.0,HB3,PRO,344.0,14.073,17.743,34.37,0.09,1.32,0.85
ATOM,5368.0,HG2,PRO,344.0,12.614,15.63,33.07,0.09,1.32,0.0
ATOM,5369.0,HG3,PRO,344.0,11.998,16.757,34.077,0.09,1.32,0.0
ATOM,5370.0,HD2,PRO,344.0,11.891,17.219,31.543,0.09,1.32,0.0
ATOM,5371.0,HD3,PRO,344.0,12.3,18.448,32.536,0.09,1.32,0.0
ATOM,5372.0,N,ALA,345.0,14.793,14.857,31.315,-0.47,1.85,0.0
ATOM,5373.0,CA,ALA,345.0,15.266,13.52,30.981,0.07,2.275,0.08
ATOM,5374.0,C,ALA,345.0,15.373,13.332,29.488,0.51,2.0,0.0
ATOM,5375.0,O,ALA,345.0,14.559,12.653,28.887,-0.51,1.7,0.0
ATOM,5376.0,CB,ALA,345.0,14.25,12.513,31.552,-0.27,2.06,0.0
ATOM,5377.0,H,ALA,345.0,13.945,15.286,30.924,0.31,0.2245,0.0
ATOM,5378.0,HA,ALA,345.0,16.18,13.39,31.394,0.09,1.32,2.21
ATOM,5379.0,HB1,ALA,345.0,14.738,11.82,32.076,0.09,1.32,0.0
ATOM,5380.0,HB2,ALA,345.0,13.61,12.997,32.143,0.09,1.32,0.0
ATOM,5381.0,HB3,ALA,345.0,13.758,12.085,30.798,0.09,1.32,0.0
ATOM,5382.0,N,PRO,346.0,16.369,13.935,28.867,-0.29,1.85,0.0
ATOM,5383.0,CA,PRO,346.0,16.516,13.774,27.401,0.02,2.275,0.0
ATOM,5384.0,C,PRO,346.0,16.986,12.383,26.959,0.34,2.0,0.0
ATOM,5385.0,O,PRO,346.0,17.185,12.157,25.737,-0.67,1.7,2.66
ATOM,5386.0,CB,PRO,346.0,17.608,14.796,27.044,-0.18,2.175,1.25
ATOM,5387.0,CG,PRO,346.0,18.394,14.909,28.295,-0.18,2.175,6.42
ATOM,5388.0,CD,PRO,346.0,17.358,14.858,29.457,0.0,2.175,7.26
ATOM,5389.0,OXT,PRO,346.0,17.219,11.44,27.761,-0.67,1.7,1.0
ATOM,5390.0,HA,PRO,346.0,15.643,14.02,26.934,0.09,1.32,0.0
ATOM,5391.0,HB2,PRO,346.0,18.168,14.456,26.289,0.09,1.32,0.0
ATOM,5392.0,HB3,PRO,346.0,17.197,15.67,26.789,0.09,1.32,0.0
ATOM,5393.0,HG2,PRO,346.0,19.041,14.15,28.395,0.09,1.32,0.44
ATOM,5394.0,HG3,PRO,346.0,18.897,15.775,28.338,0.09,1.32,2.59
ATOM,5395.0,HD2,PRO,346.0,17.768,14.479,30.261,0.09,1.32,4.72
ATOM,5396.0,HD3,PRO,346.0,16.974,15.747,29.609,0.09,1.32,0.0
