atom,serial,name,resname,resid,x,y,z,charges,radius,sasa
ATOM,1.0,N,MET,1.0,-13.425,6.784,19.423,-0.3,1.85,5.78
ATOM,2.0,CA,MET,1.0,-12.655,6.784,18.191,0.21,2.275,2.13
ATOM,3.0,C,MET,1.0,-11.165,6.688,18.526,0.51,2.0,0.21
ATOM,4.0,O,MET,1.0,-10.623,7.652,19.086,-0.51,1.7,22.41
ATOM,5.0,CB,MET,1.0,-12.919,8.066,17.398,-0.18,2.175,12.67
ATOM,6.0,CG,MET,1.0,-12.906,7.792,15.893,-0.14,2.175,10.51
ATOM,7.0,SD,MET,1.0,-11.316,7.057,15.408,-0.09,2.0,2.97
ATOM,8.0,CE,MET,1.0,-11.027,7.934,13.844,-0.22,2.06,0.7
ATOM,9.0,H,MET,1.0,-12.915,6.784,20.306,0.33,0.2245,15.68
ATOM,10.0,HA,MET,1.0,-12.941,5.918,17.595,0.1,1.32,6.88
ATOM,11.0,HB2,MET,1.0,-13.895,8.46,17.678,0.09,1.32,10.79
ATOM,12.0,HB3,MET,1.0,-12.154,8.8,17.649,0.09,1.32,8.34
ATOM,13.0,HG2,MET,1.0,-13.708,7.097,15.643,0.09,1.32,13.54
ATOM,14.0,HG3,MET,1.0,-13.064,8.725,15.353,0.09,1.32,8.6
ATOM,15.0,HE1,MET,1.0,-10.989,9.009,14.021,0.09,1.32,7.82
ATOM,16.0,HE2,MET,1.0,-10.084,7.595,13.416,0.09,1.32,0.0
ATOM,17.0,HE3,MET,1.0,-11.833,7.719,13.142,0.09,1.32,0.16
ATOM,18.0,H2,MET,1.0,-14.06,7.564,19.59,0.33,0.2245,16.58
ATOM,19.0,H3,MET,1.0,-14.06,6.004,19.59,0.33,0.2245,22.59
ATOM,20.0,N,ASP,2.0,-10.543,5.546,18.182,-0.47,1.85,0.0
ATOM,21.0,CA,ASP,2.0,-9.13,5.33,18.444,0.07,2.275,0.08
ATOM,22.0,C,ASP,2.0,-8.301,6.1,17.414,0.51,2.0,0.02
ATOM,23.0,O,ASP,2.0,-8.725,6.174,16.252,-0.51,1.7,0.0
ATOM,24.0,CB,ASP,2.0,-8.77,3.847,18.328,-0.28,2.175,3.34
ATOM,25.0,CG,ASP,2.0,-9.537,2.919,19.272,0.62,2.0,4.17
ATOM,26.0,OD1,ASP,2.0,-10.067,3.355,20.305,-0.76,1.7,34.13
ATOM,27.0,OD2,ASP,2.0,-9.58,1.683,18.905,-0.76,1.7,45.37
ATOM,28.0,H,ASP,2.0,-11.065,4.8,17.722,0.31,0.2245,5.63
ATOM,29.0,HA,ASP,2.0,-8.894,5.702,19.441,0.09,1.32,6.8
ATOM,30.0,HB2,ASP,2.0,-8.97,3.552,17.298,0.09,1.32,0.0
ATOM,31.0,HB3,ASP,2.0,-7.699,3.768,18.518,0.09,1.32,4.22
ATOM,32.0,N,SER,3.0,-7.155,6.649,17.854,-0.47,1.85,0.59
ATOM,33.0,CA,SER,3.0,-6.277,7.405,16.977,0.07,2.275,1.63
ATOM,34.0,C,SER,3.0,-5.609,6.451,15.985,0.51,2.0,0.05
ATOM,35.0,O,SER,3.0,-5.397,6.853,14.831,-0.51,1.7,0.0
ATOM,36.0,CB,SER,3.0,-5.219,8.174,17.77,0.05,2.175,19.88
ATOM,37.0,OG,SER,3.0,-4.389,8.966,16.925,-0.66,1.77,30.34
ATOM,38.0,H,SER,3.0,-6.879,6.541,18.83,0.31,0.2245,8.97
ATOM,39.0,HA,SER,3.0,-6.898,8.112,16.426,0.09,1.32,1.75
ATOM,40.0,HB2,SER,3.0,-5.726,8.825,18.481,0.09,1.32,14.14
ATOM,41.0,HB3,SER,3.0,-4.611,7.454,18.319,0.09,1.32,8.09
ATOM,42.0,HG,SER,3.0,-4.613,8.776,15.971,0.43,0.2245,3.37
ATOM,43.0,N,ASN,4.0,-5.295,5.227,16.445,-0.47,1.85,0.06
ATOM,44.0,CA,ASN,4.0,-4.657,4.228,15.605,0.07,2.275,0.27
ATOM,45.0,C,ASN,4.0,-5.448,4.083,14.303,0.51,2.0,0.03
ATOM,46.0,O,ASN,4.0,-4.827,3.828,13.261,-0.51,1.7,0.01
ATOM,47.0,CB,ASN,4.0,-4.629,2.863,16.295,-0.18,2.175,7.89
ATOM,48.0,CG,ASN,4.0,-3.453,2.766,17.27,0.55,2.0,3.65
ATOM,49.0,H,ASN,4.0,-5.504,4.977,17.412,0.31,0.2245,0.84
ATOM,50.0,HA,ASN,4.0,-3.645,4.557,15.37,0.09,1.32,1.44
ATOM,51.0,HB2,ASN,4.0,-5.559,2.727,16.847,0.09,1.32,2.17
ATOM,52.0,HB3,ASN,4.0,-4.548,2.085,15.537,0.09,1.32,5.13
ATOM,53.0,OD1,ASN,4.0,-3.053,3.732,17.898,-0.55,1.7,30.15
ATOM,54.0,ND2,ASN,4.0,-2.925,1.549,17.36,-0.62,1.85,28.2
ATOM,55.0,HD21,ASN,4.0,-3.308,0.784,16.805,0.32,0.2245,17.27
ATOM,56.0,HD22,ASN,4.0,-2.135,1.381,17.983,0.3,0.2245,22.05
ATOM,57.0,N,THR,5.0,-6.78,4.246,14.387,-0.47,1.85,0.0
ATOM,58.0,CA,THR,5.0,-7.645,4.134,13.224,0.07,2.275,0.23
ATOM,59.0,C,THR,5.0,-7.334,5.274,12.252,0.51,2.0,0.0
ATOM,60.0,O,THR,5.0,-7.341,5.03,11.036,-0.51,1.7,0.0
ATOM,61.0,CB,THR,5.0,-9.1,4.118,13.696,0.14,2.275,0.15
ATOM,62.0,OG1,THR,5.0,-9.213,2.901,14.43,-0.66,1.77,16.69
ATOM,63.0,CG2,THR,5.0,-10.089,3.949,12.541,-0.27,2.06,7.15
ATOM,64.0,H,THR,5.0,-7.213,4.455,15.287,0.31,0.2245,0.0
ATOM,65.0,HA,THR,5.0,-7.445,3.183,12.731,0.09,1.32,3.48
ATOM,66.0,HB,THR,5.0,-9.363,4.951,14.348,0.09,1.32,0.0
ATOM,67.0,HG21,THR,5.0,-9.573,3.494,11.696,0.09,1.32,0.25
ATOM,68.0,HG22,THR,5.0,-10.91,3.301,12.846,0.09,1.32,10.85
ATOM,69.0,HG23,THR,5.0,-10.491,4.92,12.251,0.09,1.32,0.0
ATOM,70.0,HG1,THR,5.0,-8.398,2.757,15.003,0.43,0.2245,4.42
ATOM,71.0,N,VAL,6.0,-7.073,6.476,12.796,-0.47,1.85,0.0
ATOM,72.0,CA,VAL,6.0,-6.763,7.639,11.983,0.07,2.275,0.0
ATOM,73.0,C,VAL,6.0,-5.423,7.421,11.278,0.51,2.0,0.0
ATOM,74.0,O,VAL,6.0,-5.338,7.698,10.072,-0.51,1.7,0.0
ATOM,75.0,CB,VAL,6.0,-6.787,8.902,12.846,-0.09,2.275,0.15
ATOM,76.0,CG1,VAL,6.0,-6.474,10.144,12.008,-0.27,2.06,6.48
ATOM,77.0,CG2,VAL,6.0,-8.129,9.05,13.565,-0.27,2.06,4.7
ATOM,78.0,H,VAL,6.0,-7.088,6.591,13.81,0.31,0.2245,0.0
ATOM,79.0,HA,VAL,6.0,-7.548,7.731,11.232,0.09,1.32,0.0
ATOM,80.0,HB,VAL,6.0,-6.0,8.767,13.588,0.09,1.32,0.11
ATOM,81.0,HG11,VAL,6.0,-7.208,10.248,11.209,0.09,1.32,0.0
ATOM,82.0,HG12,VAL,6.0,-6.499,11.022,12.653,0.09,1.32,12.07
ATOM,83.0,HG13,VAL,6.0,-5.48,10.055,11.568,0.09,1.32,0.2
ATOM,84.0,HG21,VAL,6.0,-8.306,8.184,14.202,0.09,1.32,0.0
ATOM,85.0,HG22,VAL,6.0,-8.11,9.957,14.169,0.09,1.32,12.41
ATOM,86.0,HG23,VAL,6.0,-8.935,9.125,12.836,0.09,1.32,0.08
ATOM,87.0,N,SER,7.0,-4.418,6.938,12.03,-0.47,1.85,0.37
ATOM,88.0,CA,SER,7.0,-3.097,6.686,11.481,0.07,2.275,1.11
ATOM,89.0,C,SER,7.0,-3.2,5.632,10.378,0.51,2.0,0.0
ATOM,90.0,O,SER,7.0,-2.677,5.874,9.28,-0.51,1.7,0.01
ATOM,91.0,CB,SER,7.0,-2.118,6.227,12.564,0.05,2.175,16.94
ATOM,92.0,OG,SER,7.0,-2.679,5.215,13.396,-0.66,1.77,9.55
ATOM,93.0,H,SER,7.0,-4.573,6.736,13.018,0.31,0.2245,0.0
ATOM,94.0,HA,SER,7.0,-2.741,7.621,11.047,0.09,1.32,0.26
ATOM,95.0,HB2,SER,7.0,-1.226,5.833,12.078,0.09,1.32,7.87
ATOM,96.0,HB3,SER,7.0,-1.841,7.092,13.167,0.09,1.32,13.01
ATOM,97.0,HG,SER,7.0,-3.468,5.587,13.881,0.43,0.2245,0.08
ATOM,98.0,N,SER,8.0,-3.861,4.501,10.685,-0.47,1.85,0.22
ATOM,99.0,CA,SER,8.0,-4.029,3.423,9.725,0.07,2.275,1.62
ATOM,100.0,C,SER,8.0,-4.688,3.971,8.458,0.51,2.0,0.15
ATOM,101.0,O,SER,8.0,-4.333,3.513,7.363,-0.51,1.7,0.93
ATOM,102.0,CB,SER,8.0,-4.865,2.281,10.307,0.05,2.175,16.84
ATOM,103.0,OG,SER,8.0,-4.374,1.852,11.574,-0.66,1.77,24.16
ATOM,104.0,H,SER,8.0,-4.262,4.382,11.615,0.31,0.2245,0.0
ATOM,105.0,HA,SER,8.0,-3.035,3.051,9.476,0.09,1.32,5.06
ATOM,106.0,HB2,SER,8.0,-5.891,2.629,10.423,0.09,1.32,0.18
ATOM,107.0,HB3,SER,8.0,-4.85,1.45,9.602,0.09,1.32,13.25
ATOM,108.0,HG,SER,8.0,-4.492,2.587,12.239,0.43,0.2245,0.02
ATOM,109.0,N,PHE,9.0,-5.621,4.926,8.629,-0.47,1.85,0.0
ATOM,110.0,CA,PHE,9.0,-6.32,5.528,7.508,0.07,2.275,0.14
ATOM,111.0,C,PHE,9.0,-5.33,6.341,6.671,0.51,2.0,0.0
ATOM,112.0,O,PHE,9.0,-5.282,6.135,5.45,-0.51,1.7,0.0
ATOM,113.0,CB,PHE,9.0,-7.453,6.427,8.04,-0.18,2.175,0.0
ATOM,114.0,CG,PHE,9.0,-8.469,6.858,6.99,0.0,1.9924,0.0
ATOM,115.0,CD1,PHE,9.0,-8.977,5.921,6.061,-0.115,1.9924,0.04
ATOM,116.0,CD2,PHE,9.0,-8.904,8.202,6.934,-0.115,1.9924,0.0
ATOM,117.0,CE1,PHE,9.0,-9.915,6.325,5.086,-0.115,1.9924,0.03
ATOM,118.0,CE2,PHE,9.0,-9.841,8.605,5.96,-0.115,1.9924,0.03
ATOM,119.0,CZ,PHE,9.0,-10.347,7.667,5.036,-0.115,1.9924,0.0
ATOM,120.0,H,PHE,9.0,-5.855,5.247,9.568,0.31,0.2245,0.0
ATOM,121.0,HA,PHE,9.0,-6.788,4.776,6.872,0.09,1.32,0.01
ATOM,122.0,HB2,PHE,9.0,-7.971,5.909,8.851,0.09,1.32,0.0
ATOM,123.0,HB3,PHE,9.0,-7.015,7.331,8.469,0.09,1.32,0.0
ATOM,124.0,HD1,PHE,9.0,-8.65,4.891,6.091,0.115,1.3582,0.18
ATOM,125.0,HD2,PHE,9.0,-8.52,8.927,7.638,0.115,1.3582,0.0
ATOM,126.0,HE1,PHE,9.0,-10.301,5.606,4.378,0.115,1.3582,0.13
ATOM,127.0,HE2,PHE,9.0,-10.172,9.633,5.921,0.115,1.3582,0.03
ATOM,128.0,HZ,PHE,9.0,-11.066,7.975,4.29,0.115,1.3582,0.0
ATOM,129.0,N,GLN,10.0,-4.572,7.233,7.334,-0.47,1.85,0.0
ATOM,130.0,CA,GLN,10.0,-3.594,8.066,6.656,0.07,2.275,0.0
ATOM,131.0,C,GLN,10.0,-2.676,7.182,5.809,0.51,2.0,0.0
ATOM,132.0,O,GLN,10.0,-2.345,7.583,4.683,-0.51,1.7,0.0
ATOM,133.0,CB,GLN,10.0,-2.785,8.904,7.648,-0.18,2.175,0.0
ATOM,134.0,CG,GLN,10.0,-3.284,10.35,7.679,-0.18,2.175,0.0
ATOM,135.0,CD,GLN,10.0,-3.343,10.879,9.113,0.55,2.0,0.0
ATOM,136.0,H,GLN,10.0,-4.675,7.34,8.343,0.31,0.2245,0.0
ATOM,137.0,HA,GLN,10.0,-4.148,8.735,5.997,0.09,1.32,0.0
ATOM,138.0,HB2,GLN,10.0,-2.889,8.472,8.643,0.09,1.32,0.0
ATOM,139.0,HB3,GLN,10.0,-1.735,8.879,7.358,0.09,1.32,0.0
ATOM,140.0,HG2,GLN,10.0,-2.602,10.972,7.099,0.09,1.32,0.0
ATOM,141.0,HG3,GLN,10.0,-4.274,10.392,7.226,0.09,1.32,0.0
ATOM,142.0,OE1,GLN,10.0,-2.424,10.72,9.9,-0.55,1.7,11.45
ATOM,143.0,NE2,GLN,10.0,-4.473,11.515,9.409,-0.62,1.85,4.81
ATOM,144.0,HE21,GLN,10.0,-5.203,11.613,8.704,0.32,0.2245,0.43
ATOM,145.0,HE22,GLN,10.0,-4.609,11.906,10.342,0.3,0.2245,10.51
ATOM,146.0,N,VAL,11.0,-2.29,6.016,6.357,-0.47,1.85,0.0
ATOM,147.0,CA,VAL,11.0,-1.419,5.087,5.657,0.07,2.275,0.0
ATOM,148.0,C,VAL,11.0,-2.129,4.578,4.401,0.51,2.0,0.0
ATOM,149.0,O,VAL,11.0,-1.554,4.7,3.309,-0.51,1.7,0.0
ATOM,150.0,CB,VAL,11.0,-0.991,3.96,6.6,-0.09,2.275,0.0
ATOM,151.0,CG1,VAL,11.0,-0.518,2.737,5.812,-0.27,2.06,14.42
ATOM,152.0,CG2,VAL,11.0,0.091,4.439,7.57,-0.27,2.06,7.77
ATOM,153.0,H,VAL,11.0,-2.608,5.762,7.292,0.31,0.2245,0.0
ATOM,154.0,HA,VAL,11.0,-0.525,5.636,5.362,0.09,1.32,0.45
ATOM,155.0,HB,VAL,11.0,-1.883,3.694,7.167,0.09,1.32,0.0
ATOM,156.0,HG11,VAL,11.0,0.326,3.006,5.177,0.09,1.32,3.14
ATOM,157.0,HG12,VAL,11.0,-0.222,1.956,6.513,0.09,1.32,13.07
ATOM,158.0,HG13,VAL,11.0,-1.328,2.362,5.186,0.09,1.32,0.0
ATOM,159.0,HG21,VAL,11.0,-0.285,5.272,8.164,0.09,1.32,0.15
ATOM,160.0,HG22,VAL,11.0,0.371,3.613,8.224,0.09,1.32,12.18
ATOM,161.0,HG23,VAL,11.0,0.97,4.766,7.015,0.09,1.32,1.26
ATOM,162.0,N,ASP,12.0,-3.343,4.028,4.576,-0.47,1.85,0.0
ATOM,163.0,CA,ASP,12.0,-4.12,3.507,3.465,0.07,2.275,0.0
ATOM,164.0,C,ASP,12.0,-4.273,4.595,2.4,0.51,2.0,0.0
ATOM,165.0,O,ASP,12.0,-4.259,4.26,1.207,-0.51,1.7,0.6
ATOM,166.0,CB,ASP,12.0,-5.521,3.09,3.919,-0.28,2.175,1.41
ATOM,167.0,CG,ASP,12.0,-5.649,1.632,4.365,0.62,2.0,3.07
ATOM,168.0,OD1,ASP,12.0,-4.68,0.86,4.31,-0.76,1.7,21.11
ATOM,169.0,OD2,ASP,12.0,-6.819,1.292,4.788,-0.76,1.7,36.49
ATOM,170.0,H,ASP,12.0,-3.745,3.966,5.512,0.31,0.2245,0.0
ATOM,171.0,HA,ASP,12.0,-3.593,2.658,3.03,0.09,1.32,0.0
ATOM,172.0,HB2,ASP,12.0,-5.791,3.741,4.751,0.09,1.32,0.0
ATOM,173.0,HB3,ASP,12.0,-6.194,3.284,3.084,0.09,1.32,0.0
ATOM,174.0,N,CYS,13.0,-4.413,5.857,2.845,-0.47,1.85,0.0
ATOM,175.0,CA,CYS,13.0,-4.567,6.981,1.937,0.07,2.275,0.0
ATOM,176.0,C,CYS,13.0,-3.317,7.099,1.063,0.51,2.0,0.0
ATOM,177.0,O,CYS,13.0,-3.451,7.045,-0.168,-0.51,1.7,0.0
ATOM,178.0,CB,CYS,13.0,-4.851,8.274,2.704,-0.11,2.175,0.0
ATOM,179.0,SG,CYS,13.0,-6.575,8.478,3.242,-0.23,2.0,0.0
ATOM,180.0,H,CYS,13.0,-4.414,6.047,3.847,0.31,0.2245,0.0
ATOM,181.0,HA,CYS,13.0,-5.424,6.759,1.302,0.09,1.32,0.0
ATOM,182.0,HB2,CYS,13.0,-4.203,8.275,3.58,0.09,1.32,0.0
ATOM,183.0,HB3,CYS,13.0,-4.566,9.099,2.051,0.09,1.32,0.0
ATOM,184.0,HG,CYS,13.0,-7.156,7.853,2.725,0.16,0.45,0.0
ATOM,185.0,N,PHE,14.0,-2.145,7.255,1.705,-0.47,1.85,0.0
ATOM,186.0,CA,PHE,14.0,-0.886,7.379,0.99,0.07,2.275,0.0
ATOM,187.0,C,PHE,14.0,-0.708,6.173,0.066,0.51,2.0,0.0
ATOM,188.0,O,PHE,14.0,-0.275,6.366,-1.079,-0.51,1.7,0.0
ATOM,189.0,CB,PHE,14.0,0.269,7.464,2.008,-0.18,2.175,0.0
ATOM,190.0,CG,PHE,14.0,1.649,7.64,1.388,0.0,1.9924,0.0
ATOM,191.0,CD1,PHE,14.0,2.025,8.888,0.839,-0.115,1.9924,0.0
ATOM,192.0,CD2,PHE,14.0,2.564,6.562,1.364,-0.115,1.9924,0.0
ATOM,193.0,CE1,PHE,14.0,3.304,9.055,0.268,-0.115,1.9924,2.43
ATOM,194.0,CE2,PHE,14.0,3.844,6.731,0.794,-0.115,1.9924,0.22
ATOM,195.0,CZ,PHE,14.0,4.214,7.976,0.245,-0.115,1.9924,2.55
ATOM,196.0,H,PHE,14.0,-2.123,7.29,2.724,0.31,0.2245,0.0
ATOM,197.0,HA,PHE,14.0,-0.848,8.291,0.395,0.09,1.32,0.0
ATOM,198.0,HB2,PHE,14.0,0.076,8.287,2.7,0.09,1.32,0.0
ATOM,199.0,HB3,PHE,14.0,0.285,6.548,2.601,0.09,1.32,0.08
ATOM,200.0,HD1,PHE,14.0,1.334,9.718,0.854,0.115,1.3582,0.0
ATOM,201.0,HD2,PHE,14.0,2.29,5.605,1.784,0.115,1.3582,0.32
ATOM,202.0,HE1,PHE,14.0,3.588,10.009,-0.152,0.115,1.3582,7.33
ATOM,203.0,HE2,PHE,14.0,4.541,5.905,0.777,0.115,1.3582,7.88
ATOM,204.0,HZ,PHE,14.0,5.194,8.105,-0.193,0.115,1.3582,12.89
ATOM,205.0,N,LEU,15.0,-1.041,4.972,0.573,-0.47,1.85,0.0
ATOM,206.0,CA,LEU,15.0,-0.919,3.749,-0.202,0.07,2.275,0.18
ATOM,207.0,C,LEU,15.0,-1.772,3.864,-1.466,0.51,2.0,0.0
ATOM,208.0,O,LEU,15.0,-1.249,3.593,-2.557,-0.51,1.7,0.05
ATOM,209.0,CB,LEU,15.0,-1.258,2.532,0.661,-0.18,2.175,0.2
ATOM,210.0,CG,LEU,15.0,-0.258,2.194,1.768,-0.09,2.275,0.0
ATOM,211.0,CD1,LEU,15.0,-0.307,0.705,2.115,-0.27,2.06,20.49
ATOM,212.0,CD2,LEU,15.0,1.153,2.648,1.389,-0.27,2.06,10.73
ATOM,213.0,H,LEU,15.0,-1.391,4.901,1.528,0.31,0.2245,0.0
ATOM,214.0,HA,LEU,15.0,0.13,3.667,-0.488,0.09,1.32,0.0
ATOM,215.0,HB2,LEU,15.0,-2.23,2.736,1.111,0.09,1.32,0.0
ATOM,216.0,HB3,LEU,15.0,-1.355,1.689,-0.023,0.09,1.32,0.42
ATOM,217.0,HG,LEU,15.0,-0.592,2.762,2.636,0.09,1.32,0.0
ATOM,218.0,HD11,LEU,15.0,-0.072,0.109,1.233,0.09,1.32,10.07
ATOM,219.0,HD12,LEU,15.0,0.417,0.5,2.905,0.09,1.32,8.72
ATOM,220.0,HD13,LEU,15.0,-1.303,0.438,2.469,0.09,1.32,1.87
ATOM,221.0,HD21,LEU,15.0,1.165,3.725,1.219,0.09,1.32,0.0
ATOM,222.0,HD22,LEU,15.0,1.838,2.392,2.198,0.09,1.32,8.41
ATOM,223.0,HD23,LEU,15.0,1.474,2.142,0.479,0.09,1.32,9.54
ATOM,224.0,N,TRP,16.0,-3.047,4.257,-1.298,-0.47,1.85,0.0
ATOM,225.0,CA,TRP,16.0,-3.961,4.405,-2.418,0.07,2.275,0.0
ATOM,226.0,C,TRP,16.0,-3.327,5.316,-3.471,0.51,2.0,0.0
ATOM,227.0,O,TRP,16.0,-3.475,5.026,-4.668,-0.51,1.7,0.0
ATOM,228.0,CB,TRP,16.0,-5.32,4.911,-1.93,-0.18,2.175,0.0
ATOM,229.0,CG,TRP,16.0,-6.388,4.978,-3.023,-0.03,1.9924,0.0
ATOM,230.0,CD1,TRP,16.0,-7.357,4.09,-3.286,0.035,1.9924,0.0
ATOM,231.0,CD2,TRP,16.0,-6.558,6.03,-3.997,-0.02,1.8,0.0
ATOM,232.0,NE1,TRP,16.0,-8.135,4.492,-4.353,-0.61,1.85,0.0
ATOM,233.0,CE2,TRP,16.0,-7.634,5.709,-4.799,0.13,1.8,0.0
ATOM,234.0,CE3,TRP,16.0,-5.826,7.215,-4.193,-0.115,1.9924,0.31
ATOM,235.0,CZ2,TRP,16.0,-8.075,6.52,-5.851,-0.115,1.9924,0.11
ATOM,236.0,CZ3,TRP,16.0,-6.279,8.014,-5.249,-0.115,1.9924,3.31
ATOM,237.0,CH2,TRP,16.0,-7.36,7.705,-6.065,-0.115,1.9924,2.94
ATOM,238.0,H,TRP,16.0,-3.399,4.461,-0.363,0.31,0.2245,0.0
ATOM,239.0,HA,TRP,16.0,-4.107,3.414,-2.848,0.09,1.32,0.0
ATOM,240.0,HB2,TRP,16.0,-5.658,4.234,-1.145,0.09,1.32,0.25
ATOM,241.0,HB3,TRP,16.0,-5.163,5.901,-1.502,0.09,1.32,0.0
ATOM,242.0,HD1,TRP,16.0,-7.572,3.16,-2.781,0.115,1.3582,0.0
ATOM,243.0,HE1,TRP,16.0,-8.913,3.91,-4.664,0.38,0.2245,0.0
ATOM,244.0,HE3,TRP,16.0,-4.973,7.529,-3.602,0.115,1.3582,0.47
ATOM,245.0,HZ2,TRP,16.0,-8.919,6.274,-6.485,0.115,1.3582,5.98
ATOM,246.0,HZ3,TRP,16.0,-5.777,8.947,-5.477,0.115,1.3582,12.35
ATOM,247.0,HH2,TRP,16.0,-7.647,8.379,-6.864,0.115,1.3582,11.36
ATOM,248.0,N,HIS,17.0,-2.645,6.381,-3.014,-0.47,1.85,0.0
ATOM,249.0,CA,HIS,17.0,-1.996,7.323,-3.91,0.07,2.275,0.0
ATOM,250.0,C,HIS,17.0,-0.933,6.589,-4.731,0.51,2.0,0.0
ATOM,251.0,O,HIS,17.0,-1.054,6.566,-5.965,-0.51,1.7,0.0
ATOM,252.0,CB,HIS,17.0,-1.429,8.514,-3.136,-0.09,2.175,0.99
ATOM,253.0,CG,HIS,17.0,-0.926,9.634,-4.015,-0.05,1.8,0.36
ATOM,254.0,H,HIS,17.0,-2.571,6.547,-2.01,0.31,0.2245,0.0
ATOM,255.0,HA,HIS,17.0,-2.77,7.694,-4.582,0.09,1.32,0.0
ATOM,256.0,HB2,HIS,17.0,-2.225,8.895,-2.496,0.09,1.32,0.92
ATOM,257.0,HB3,HIS,17.0,-0.619,8.14,-2.511,0.09,1.32,0.0
ATOM,258.0,ND1,HIS,17.0,0.035,10.54,-3.599,-0.36,1.85,1.83
ATOM,259.0,CD2,HIS,17.0,-1.259,9.985,-5.29,0.22,1.8,8.63
ATOM,260.0,CE1,HIS,17.0,0.261,11.393,-4.587,0.25,1.8,16.03
ATOM,261.0,NE2,HIS,17.0,-0.542,11.048,-5.634,-0.7,1.85,22.82
ATOM,262.0,HD1,HIS,17.0,0.544,10.631,-2.719,0.32,0.2245,2.52
ATOM,263.0,HD2,HIS,17.0,-1.959,9.556,-5.991,0.1,1.468,3.06
ATOM,264.0,HE1,HIS,17.0,0.984,12.185,-4.461,0.13,0.9,20.4
ATOM,265.0,N,VAL,18.0,0.069,6.015,-4.043,-0.47,1.85,0.0
ATOM,266.0,CA,VAL,18.0,1.141,5.289,-4.704,0.07,2.275,0.0
ATOM,267.0,C,VAL,18.0,0.539,4.286,-5.69,0.51,2.0,0.0
ATOM,268.0,O,VAL,18.0,1.06,4.173,-6.808,-0.51,1.7,0.01
ATOM,269.0,CB,VAL,18.0,2.048,4.633,-3.662,-0.09,2.275,0.0
ATOM,270.0,CG1,VAL,18.0,3.101,3.748,-4.332,-0.27,2.06,23.34
ATOM,271.0,CG2,VAL,18.0,2.705,5.685,-2.766,-0.27,2.06,4.99
ATOM,272.0,H,VAL,18.0,0.093,6.082,-3.025,0.31,0.2245,0.0
ATOM,273.0,HA,VAL,18.0,1.735,6.017,-5.257,0.09,1.32,0.16
ATOM,274.0,HB,VAL,18.0,1.395,4.008,-3.053,0.09,1.32,0.5
ATOM,275.0,HG11,VAL,18.0,3.714,4.345,-5.008,0.09,1.32,10.38
ATOM,276.0,HG12,VAL,18.0,3.728,3.297,-3.563,0.09,1.32,12.85
ATOM,277.0,HG13,VAL,18.0,2.614,2.956,-4.901,0.09,1.32,1.47
ATOM,278.0,HG21,VAL,18.0,1.94,6.266,-2.252,0.09,1.32,0.0
ATOM,279.0,HG22,VAL,18.0,3.343,5.183,-2.038,0.09,1.32,3.67
ATOM,280.0,HG23,VAL,18.0,3.316,6.357,-3.369,0.09,1.32,9.81
ATOM,281.0,N,ARG,19.0,-0.53,3.59,-5.263,-0.47,1.85,0.0
ATOM,282.0,CA,ARG,19.0,-1.194,2.607,-6.102,0.07,2.275,0.0
ATOM,283.0,C,ARG,19.0,-1.672,3.281,-7.389,0.51,2.0,0.0
ATOM,284.0,O,ARG,19.0,-1.332,2.788,-8.475,-0.51,1.7,0.0
ATOM,285.0,CB,ARG,19.0,-2.392,1.975,-5.39,-0.18,2.175,0.0
ATOM,286.0,CG,ARG,19.0,-1.933,1.003,-4.301,-0.18,2.175,7.88
ATOM,287.0,CD,ARG,19.0,-3.131,0.36,-3.6,0.2,2.175,1.69
ATOM,288.0,NE,ARG,19.0,-2.98,0.475,-2.132,-0.7,1.85,1.96
ATOM,289.0,CZ,ARG,19.0,-3.482,-0.413,-1.248,0.64,2.0,1.92
ATOM,290.0,NH1,ARG,19.0,-4.163,-1.472,-1.706,-0.8,1.85,2.55
ATOM,291.0,NH2,ARG,19.0,-3.302,-0.237,0.068,-0.8,1.85,4.99
ATOM,292.0,H,ARG,19.0,-0.897,3.744,-4.324,0.31,0.2245,0.0
ATOM,293.0,HA,ARG,19.0,-0.465,1.836,-6.354,0.09,1.32,0.09
ATOM,294.0,HB2,ARG,19.0,-2.988,2.764,-4.932,0.09,1.32,0.0
ATOM,295.0,HB3,ARG,19.0,-3.003,1.449,-6.124,0.09,1.32,0.0
ATOM,296.0,HG2,ARG,19.0,-1.327,0.22,-4.758,0.09,1.32,5.72
ATOM,297.0,HG3,ARG,19.0,-1.325,1.545,-3.577,0.09,1.32,1.13
ATOM,298.0,HD2,ARG,19.0,-4.046,0.869,-3.904,0.09,1.32,0.0
ATOM,299.0,HD3,ARG,19.0,-3.198,-0.69,-3.886,0.09,1.32,0.36
ATOM,300.0,HE,ARG,19.0,-2.46,1.287,-1.8,0.44,0.2245,0.0
ATOM,301.0,HH11,ARG,19.0,-4.295,-1.598,-2.709,0.46,0.2245,0.0
ATOM,302.0,HH12,ARG,19.0,-4.548,-2.153,-1.051,0.46,0.2245,9.06
ATOM,303.0,HH21,ARG,19.0,-2.783,0.572,0.409,0.46,0.2245,0.0
ATOM,304.0,HH22,ARG,19.0,-3.685,-0.913,0.73,0.46,0.2245,13.23
ATOM,305.0,N,LYS,20.0,-2.438,4.377,-7.246,-0.47,1.85,0.0
ATOM,306.0,CA,LYS,20.0,-2.956,5.109,-8.389,0.07,2.275,0.0
ATOM,307.0,C,LYS,20.0,-1.807,5.43,-9.347,0.51,2.0,0.0
ATOM,308.0,O,LYS,20.0,-2.041,5.444,-10.565,-0.51,1.7,0.0
ATOM,309.0,CB,LYS,20.0,-3.735,6.343,-7.928,-0.18,2.175,0.0
ATOM,310.0,CG,LYS,20.0,-4.284,7.123,-9.123,-0.18,2.175,3.37
ATOM,311.0,CD,LYS,20.0,-5.636,6.564,-9.57,-0.18,2.175,2.64
ATOM,312.0,CE,LYS,20.0,-5.822,6.72,-11.081,0.21,2.175,7.04
ATOM,313.0,NZ,LYS,20.0,-6.526,7.976,-11.386,-0.3,1.85,11.14
ATOM,314.0,H,LYS,20.0,-2.672,4.718,-6.314,0.31,0.2245,0.0
ATOM,315.0,HA,LYS,20.0,-3.66,4.444,-8.89,0.09,1.32,0.0
ATOM,316.0,HB2,LYS,20.0,-4.567,6.022,-7.301,0.09,1.32,0.0
ATOM,317.0,HB3,LYS,20.0,-3.073,6.979,-7.341,0.09,1.32,0.0
ATOM,318.0,HG2,LYS,20.0,-4.41,8.167,-8.837,0.09,1.32,7.73
ATOM,319.0,HG3,LYS,20.0,-3.568,7.064,-9.943,0.09,1.32,0.0
ATOM,320.0,HD2,LYS,20.0,-5.683,5.505,-9.314,0.09,1.32,0.0
ATOM,321.0,HD3,LYS,20.0,-6.43,7.092,-9.041,0.09,1.32,0.29
ATOM,322.0,HE2,LYS,20.0,-4.845,6.734,-11.562,0.05,1.32,0.0
ATOM,323.0,HE3,LYS,20.0,-6.393,5.872,-11.461,0.05,1.32,8.35
ATOM,324.0,HZ1,LYS,20.0,-5.992,8.769,-11.031,0.33,0.2245,13.57
ATOM,325.0,HZ2,LYS,20.0,-6.638,8.057,-12.397,0.33,0.2245,18.56
ATOM,326.0,HZ3,LYS,20.0,-7.448,7.974,-10.949,0.33,0.2245,17.34
ATOM,327.0,N,GLN,21.0,-0.609,5.678,-8.789,-0.47,1.85,0.0
ATOM,328.0,CA,GLN,21.0,0.562,5.995,-9.588,0.07,2.275,0.02
ATOM,329.0,C,GLN,21.0,1.004,4.748,-10.355,0.51,2.0,0.0
ATOM,330.0,O,GLN,21.0,1.425,4.886,-11.513,-0.51,1.7,0.66
ATOM,331.0,CB,GLN,21.0,1.701,6.54,-8.723,-0.18,2.175,3.86
ATOM,332.0,CG,GLN,21.0,1.726,8.07,-8.75,-0.18,2.175,14.24
ATOM,333.0,CD,GLN,21.0,1.889,8.64,-7.339,0.55,2.0,0.96
ATOM,334.0,H,GLN,21.0,-0.503,5.646,-7.775,0.31,0.2245,0.0
ATOM,335.0,HA,GLN,21.0,0.261,6.763,-10.301,0.09,1.32,0.0
ATOM,336.0,HB2,GLN,21.0,1.557,6.205,-7.696,0.09,1.32,0.0
ATOM,337.0,HB3,GLN,21.0,2.647,6.146,-9.096,0.09,1.32,8.83
ATOM,338.0,HG2,GLN,21.0,2.564,8.399,-9.365,0.09,1.32,14.22
ATOM,339.0,HG3,GLN,21.0,0.798,8.431,-9.192,0.09,1.32,6.91
ATOM,340.0,OE1,GLN,21.0,2.75,9.461,-7.069,-0.55,1.7,34.49
ATOM,341.0,NE2,GLN,21.0,1.016,8.16,-6.458,-0.62,1.85,0.0
ATOM,342.0,HE21,GLN,21.0,0.32,7.474,-6.751,0.32,0.2245,0.0
ATOM,343.0,HE22,GLN,21.0,1.042,8.479,-5.489,0.3,0.2245,0.51
ATOM,344.0,N,VAL,22.0,0.903,3.574,-9.705,-0.47,1.85,0.0
ATOM,345.0,CA,VAL,22.0,1.29,2.317,-10.322,0.07,2.275,0.11
ATOM,346.0,C,VAL,22.0,0.374,2.036,-11.516,0.51,2.0,0.0
ATOM,347.0,O,VAL,22.0,0.874,1.551,-12.541,-0.51,1.7,0.0
ATOM,348.0,CB,VAL,22.0,1.274,1.196,-9.281,-0.09,2.275,0.0
ATOM,349.0,CG1,VAL,22.0,1.469,-0.17,-9.942,-0.27,2.06,10.3
ATOM,350.0,CG2,VAL,22.0,2.329,1.438,-8.199,-0.27,2.06,13.9
ATOM,351.0,H,VAL,22.0,0.546,3.549,-8.75,0.31,0.2245,0.0
ATOM,352.0,HA,VAL,22.0,2.313,2.429,-10.679,0.09,1.32,1.49
ATOM,353.0,HB,VAL,22.0,0.285,1.231,-8.824,0.09,1.32,0.0
ATOM,354.0,HG11,VAL,22.0,2.421,-0.194,-10.472,0.09,1.32,3.3
ATOM,355.0,HG12,VAL,22.0,1.452,-0.942,-9.173,0.09,1.32,9.25
ATOM,356.0,HG13,VAL,22.0,0.663,-0.358,-10.651,0.09,1.32,0.0
ATOM,357.0,HG21,VAL,22.0,2.138,2.387,-7.699,0.09,1.32,0.0
ATOM,358.0,HG22,VAL,22.0,2.289,0.623,-7.477,0.09,1.32,11.0
ATOM,359.0,HG23,VAL,22.0,3.322,1.466,-8.648,0.09,1.32,12.12
ATOM,360.0,N,VAL,23.0,-0.927,2.342,-11.362,-0.47,1.85,0.0
ATOM,361.0,CA,VAL,23.0,-1.899,2.125,-12.419,0.07,2.275,0.0
ATOM,362.0,C,VAL,23.0,-1.657,3.133,-13.545,0.51,2.0,0.0
ATOM,363.0,O,VAL,23.0,-1.774,2.747,-14.717,-0.51,1.7,4.94
ATOM,364.0,CB,VAL,23.0,-3.317,2.196,-11.849,-0.09,2.275,0.0
ATOM,365.0,CG1,VAL,23.0,-4.36,2.161,-12.967,-0.27,2.06,10.46
ATOM,366.0,CG2,VAL,23.0,-3.558,1.072,-10.839,-0.27,2.06,0.0
ATOM,367.0,H,VAL,23.0,-1.256,2.74,-10.482,0.31,0.2245,0.0
ATOM,368.0,HA,VAL,23.0,-1.743,1.118,-12.805,0.09,1.32,0.0
ATOM,369.0,HB,VAL,23.0,-3.38,3.154,-11.334,0.09,1.32,0.0
ATOM,370.0,HG11,VAL,23.0,-4.257,1.242,-13.544,0.09,1.32,2.34
ATOM,371.0,HG12,VAL,23.0,-5.356,2.213,-12.526,0.09,1.32,0.17
ATOM,372.0,HG13,VAL,23.0,-4.222,3.014,-13.631,0.09,1.32,5.6
ATOM,373.0,HG21,VAL,23.0,-2.844,1.149,-10.019,0.09,1.32,0.0
ATOM,374.0,HG22,VAL,23.0,-4.575,1.153,-10.454,0.09,1.32,0.0
ATOM,375.0,HG23,VAL,23.0,-3.439,0.104,-11.324,0.09,1.32,0.0
ATOM,376.0,N,ASP,24.0,-1.328,4.383,-13.173,-0.47,1.85,0.0
ATOM,377.0,CA,ASP,24.0,-1.072,5.433,-14.144,0.07,2.275,0.15
ATOM,378.0,C,ASP,24.0,0.183,5.084,-14.947,0.51,2.0,0.0
ATOM,379.0,O,ASP,24.0,0.371,5.662,-16.027,-0.51,1.7,19.72
ATOM,380.0,CB,ASP,24.0,-0.833,6.776,-13.452,-0.28,2.175,7.5
ATOM,381.0,CG,ASP,24.0,-2.099,7.57,-13.125,0.62,2.0,3.48
ATOM,382.0,OD1,ASP,24.0,-2.552,8.297,-14.089,-0.76,1.7,38.99
ATOM,383.0,OD2,ASP,24.0,-2.627,7.497,-12.005,-0.76,1.7,5.91
ATOM,384.0,H,ASP,24.0,-1.252,4.617,-12.183,0.31,0.2245,0.0
ATOM,385.0,HA,ASP,24.0,-1.921,5.501,-14.824,0.09,1.32,8.8
ATOM,386.0,HB2,ASP,24.0,-0.297,6.565,-12.527,0.09,1.32,0.0
ATOM,387.0,HB3,ASP,24.0,-0.189,7.359,-14.111,0.09,1.32,9.31
ATOM,388.0,N,GLN,25.0,1.002,4.161,-14.413,-0.47,1.85,0.0
ATOM,389.0,CA,GLN,25.0,2.226,3.742,-15.075,0.07,2.275,0.8
ATOM,390.0,C,GLN,25.0,1.899,2.65,-16.096,0.51,2.0,0.0
ATOM,391.0,O,GLN,25.0,2.834,2.135,-16.727,-0.51,1.7,12.97
ATOM,392.0,CB,GLN,25.0,3.272,3.257,-14.069,-0.18,2.175,0.32
ATOM,393.0,CG,GLN,25.0,4.015,4.437,-13.44,-0.18,2.175,5.32
ATOM,394.0,CD,GLN,25.0,5.53,4.254,-13.554,0.55,2.0,3.68
ATOM,395.0,H,GLN,25.0,0.772,3.733,-13.516,0.31,0.2245,0.0
ATOM,396.0,HA,GLN,25.0,2.617,4.613,-15.6,0.09,1.32,7.01
ATOM,397.0,HB2,GLN,25.0,2.771,2.693,-13.282,0.09,1.32,0.0
ATOM,398.0,HB3,GLN,25.0,3.978,2.603,-14.581,0.09,1.32,0.29
ATOM,399.0,HG2,GLN,25.0,3.729,5.353,-13.958,0.09,1.32,5.33
ATOM,400.0,HG3,GLN,25.0,3.728,4.518,-12.392,0.09,1.32,1.94
ATOM,401.0,OE1,GLN,25.0,6.052,3.152,-13.526,-0.55,1.7,24.07
ATOM,402.0,NE2,GLN,25.0,6.204,5.393,-13.683,-0.62,1.85,28.47
ATOM,403.0,HE21,GLN,25.0,5.705,6.282,-13.699,0.32,0.2245,16.81
ATOM,404.0,HE22,GLN,25.0,7.221,5.377,-13.766,0.3,0.2245,22.17
ATOM,405.0,N,GLU,26.0,0.602,2.323,-16.235,-0.47,1.85,0.0
ATOM,406.0,CA,GLU,26.0,0.161,1.302,-17.17,0.07,2.275,1.81
ATOM,407.0,C,GLU,26.0,0.773,-0.043,-16.776,0.51,2.0,1.04
ATOM,408.0,O,GLU,26.0,1.369,-0.697,-17.645,-0.51,1.7,18.33
ATOM,409.0,CB,GLU,26.0,0.52,1.668,-18.611,-0.18,2.175,3.49
ATOM,410.0,CG,GLU,26.0,0.052,3.084,-18.951,-0.28,2.175,7.09
ATOM,411.0,CD,GLU,26.0,-0.378,3.183,-20.416,0.62,2.0,5.51
ATOM,412.0,OE1,GLU,26.0,0.361,2.529,-21.247,-0.76,1.7,38.81
ATOM,413.0,OE2,GLU,26.0,-1.372,3.856,-20.726,-0.76,1.7,48.12
ATOM,414.0,H,GLU,26.0,-0.106,2.797,-15.674,0.31,0.2245,0.0
ATOM,415.0,HA,GLU,26.0,-0.924,1.238,-17.081,0.09,1.32,6.97
ATOM,416.0,HB2,GLU,26.0,1.602,1.613,-18.731,0.09,1.32,6.04
ATOM,417.0,HB3,GLU,26.0,0.052,0.95,-19.285,0.09,1.32,9.72
ATOM,418.0,HG2,GLU,26.0,-0.795,3.339,-18.314,0.09,1.32,5.2
ATOM,419.0,HG3,GLU,26.0,0.866,3.782,-18.755,0.09,1.32,7.52
ATOM,420.0,N,LEU,27.0,0.618,-0.424,-15.495,-0.47,1.85,0.0
ATOM,421.0,CA,LEU,27.0,1.152,-1.679,-14.995,0.07,2.275,2.88
ATOM,422.0,C,LEU,27.0,0.076,-2.396,-14.177,0.51,2.0,0.97
ATOM,423.0,O,LEU,27.0,0.434,-3.232,-13.334,-0.51,1.7,18.08
ATOM,424.0,CB,LEU,27.0,2.452,-1.439,-14.224,-0.18,2.175,1.72
ATOM,425.0,CG,LEU,27.0,3.578,-0.758,-15.004,-0.09,2.275,0.0
ATOM,426.0,CD1,LEU,27.0,4.453,0.088,-14.077,-0.27,2.06,10.08
ATOM,427.0,CD2,LEU,27.0,4.399,-1.784,-15.789,-0.27,2.06,28.23
ATOM,428.0,H,LEU,27.0,0.113,0.176,-14.843,0.31,0.2245,0.0
ATOM,429.0,HA,LEU,27.0,1.394,-2.283,-15.87,0.09,1.32,5.87
ATOM,430.0,HB2,LEU,27.0,2.19,-0.821,-13.366,0.09,1.32,0.0
ATOM,431.0,HB3,LEU,27.0,2.782,-2.416,-13.871,0.09,1.32,7.2
ATOM,432.0,HG,LEU,27.0,3.076,-0.094,-15.707,0.09,1.32,0.0
ATOM,433.0,HD11,LEU,27.0,4.89,-0.54,-13.302,0.09,1.32,11.63
ATOM,434.0,HD12,LEU,27.0,5.242,0.557,-14.665,0.09,1.32,6.17
ATOM,435.0,HD13,LEU,27.0,3.851,0.866,-13.607,0.09,1.32,0.0
ATOM,436.0,HD21,LEU,27.0,3.757,-2.317,-16.489,0.09,1.32,6.9
ATOM,437.0,HD22,LEU,27.0,5.19,-1.265,-16.331,0.09,1.32,12.86
ATOM,438.0,HD23,LEU,27.0,4.85,-2.501,-15.103,0.09,1.32,12.21
ATOM,439.0,N,GLY,28.0,-1.201,-2.063,-14.438,-0.47,1.85,0.02
ATOM,440.0,CA,GLY,28.0,-2.315,-2.671,-13.732,-0.02,2.175,1.69
ATOM,441.0,C,GLY,28.0,-2.69,-3.987,-14.416,0.51,2.0,1.18
ATOM,442.0,O,GLY,28.0,-2.812,-3.996,-15.649,-0.51,1.7,28.26
ATOM,443.0,H,GLY,28.0,-1.41,-1.363,-15.15,0.31,0.2245,4.28
ATOM,444.0,HA2,GLY,28.0,-2.031,-2.875,-12.7,0.09,1.32,0.0
ATOM,445.0,HA3,GLY,28.0,-3.169,-1.993,-13.736,0.09,1.32,0.62
ATOM,446.0,N,ASP,29.0,-2.862,-5.054,-13.615,-0.47,1.85,0.0
ATOM,447.0,CA,ASP,29.0,-3.219,-6.361,-14.14,0.07,2.275,2.99
ATOM,448.0,C,ASP,29.0,-4.738,-6.443,-14.302,0.51,2.0,0.32
ATOM,449.0,O,ASP,29.0,-5.202,-6.604,-15.44,-0.51,1.7,25.59
ATOM,450.0,CB,ASP,29.0,-2.784,-7.475,-13.186,-0.28,2.175,13.43
ATOM,451.0,CG,ASP,29.0,-2.435,-7.014,-11.769,0.62,2.0,0.22
ATOM,452.0,OD1,ASP,29.0,-3.04,-6.072,-11.237,-0.76,1.7,0.43
ATOM,453.0,OD2,ASP,29.0,-1.483,-7.674,-11.2,-0.76,1.7,39.88
ATOM,454.0,H,ASP,29.0,-2.741,-4.96,-12.606,0.31,0.2245,0.0
ATOM,455.0,HA,ASP,29.0,-2.75,-6.491,-15.115,0.09,1.32,9.52
ATOM,456.0,HB2,ASP,29.0,-3.607,-8.188,-13.134,0.09,1.32,2.95
ATOM,457.0,HB3,ASP,29.0,-1.922,-7.962,-13.642,0.09,1.32,13.76
ATOM,458.0,N,ALA,30.0,-5.47,-6.334,-13.179,-0.47,1.85,0.04
ATOM,459.0,CA,ALA,30.0,-6.922,-6.395,-13.197,0.07,2.275,0.87
ATOM,460.0,C,ALA,30.0,-7.445,-6.417,-11.759,0.51,2.0,0.24
ATOM,461.0,O,ALA,30.0,-8.411,-5.695,-11.473,-0.51,1.7,5.69
ATOM,462.0,CB,ALA,30.0,-7.373,-7.709,-13.838,-0.27,2.06,30.91
ATOM,463.0,H,ALA,30.0,-5.007,-6.203,-12.279,0.31,0.2245,0.0
ATOM,464.0,HA,ALA,30.0,-7.346,-5.536,-13.716,0.09,1.32,8.35
ATOM,465.0,HB1,ALA,30.0,-6.984,-7.76,-14.855,0.09,1.32,5.73
ATOM,466.0,HB2,ALA,30.0,-6.987,-8.553,-13.267,0.09,1.32,3.47
ATOM,467.0,HB3,ALA,30.0,-8.462,-7.76,-13.854,0.09,1.32,13.88
ATOM,468.0,N,PRO,31.0,-6.807,-7.23,-10.899,-0.29,1.85,0.0
ATOM,469.0,CA,PRO,31.0,-7.178,-7.368,-9.501,0.02,2.275,2.64
ATOM,470.0,C,PRO,31.0,-6.727,-6.15,-8.692,0.51,2.0,0.0
ATOM,471.0,O,PRO,31.0,-7.478,-5.721,-7.804,-0.51,1.7,0.0
ATOM,472.0,CB,PRO,31.0,-6.52,-8.66,-9.045,-0.18,2.175,14.31
ATOM,473.0,CG,PRO,31.0,-5.431,-8.956,-10.063,-0.18,2.175,13.73
ATOM,474.0,CD,PRO,31.0,-5.671,-8.067,-11.273,0.0,2.175,0.63
ATOM,475.0,HA,PRO,31.0,-8.264,-7.416,-9.424,0.09,1.32,4.38
ATOM,476.0,HB2,PRO,31.0,-6.065,-8.55,-8.061,0.09,1.32,5.73
ATOM,477.0,HB3,PRO,31.0,-7.235,-9.483,-9.015,0.09,1.32,15.07
ATOM,478.0,HG2,PRO,31.0,-4.452,-8.755,-9.629,0.09,1.32,6.51
ATOM,479.0,HG3,PRO,31.0,-5.485,-10.007,-10.345,0.09,1.32,14.77
ATOM,480.0,HD2,PRO,31.0,-4.779,-7.477,-11.483,0.09,1.32,0.0
ATOM,481.0,HD3,PRO,31.0,-5.893,-8.695,-12.136,0.09,1.32,2.66
ATOM,482.0,N,PHE,32.0,-5.529,-5.626,-9.009,-0.47,1.85,0.32
ATOM,483.0,CA,PHE,32.0,-4.987,-4.47,-8.317,0.07,2.275,0.92
ATOM,484.0,C,PHE,32.0,-5.879,-3.255,-8.585,0.51,2.0,0.0
ATOM,485.0,O,PHE,32.0,-6.164,-2.512,-7.636,-0.51,1.7,0.0
ATOM,486.0,CB,PHE,32.0,-3.549,-4.212,-8.808,-0.18,2.175,2.83
ATOM,487.0,CG,PHE,32.0,-2.993,-2.839,-8.452,0.0,1.9924,0.57
ATOM,488.0,CD1,PHE,32.0,-3.192,-2.301,-7.16,-0.115,1.9924,6.26
ATOM,489.0,CD2,PHE,32.0,-2.28,-2.092,-9.418,-0.115,1.9924,5.34
ATOM,490.0,CE1,PHE,32.0,-2.679,-1.027,-6.835,-0.115,1.9924,3.57
ATOM,491.0,CE2,PHE,32.0,-1.767,-0.819,-9.093,-0.115,1.9924,0.27
ATOM,492.0,CZ,PHE,32.0,-1.966,-0.286,-7.802,-0.115,1.9924,1.52
ATOM,493.0,H,PHE,32.0,-4.972,-6.042,-9.756,0.31,0.2245,0.0
ATOM,494.0,HA,PHE,32.0,-4.927,-4.634,-7.241,0.09,1.32,0.0
ATOM,495.0,HB2,PHE,32.0,-2.89,-4.984,-8.404,0.09,1.32,11.99
ATOM,496.0,HB3,PHE,32.0,-3.525,-4.309,-9.895,0.09,1.32,0.0
ATOM,497.0,HD1,PHE,32.0,-3.738,-2.861,-6.414,0.115,1.3582,0.01
ATOM,498.0,HD2,PHE,32.0,-2.124,-2.494,-10.409,0.115,1.3582,0.15
ATOM,499.0,HE1,PHE,32.0,-2.832,-0.618,-5.847,0.115,1.3582,0.0
ATOM,500.0,HE2,PHE,32.0,-1.221,-0.251,-9.833,0.115,1.3582,0.0
ATOM,501.0,HZ,PHE,32.0,-1.573,0.69,-7.553,0.115,1.3582,0.0
ATOM,502.0,N,LEU,33.0,-6.293,-3.082,-9.853,-0.47,1.85,0.0
ATOM,503.0,CA,LEU,33.0,-7.143,-1.969,-10.24,0.07,2.275,0.0
ATOM,504.0,C,LEU,33.0,-8.505,-2.111,-9.557,0.51,2.0,0.0
ATOM,505.0,O,LEU,33.0,-8.975,-1.128,-8.966,-0.51,1.7,0.0
ATOM,506.0,CB,LEU,33.0,-7.227,-1.863,-11.764,-0.18,2.175,0.12
ATOM,507.0,CG,LEU,33.0,-7.893,-0.599,-12.313,-0.09,2.275,0.62
ATOM,508.0,CD1,LEU,33.0,-7.498,0.63,-11.49,-0.27,2.06,1.23
ATOM,509.0,CD2,LEU,33.0,-7.582,-0.417,-13.8,-0.27,2.06,28.0
ATOM,510.0,H,LEU,33.0,-6.011,-3.743,-10.577,0.31,0.2245,0.0
ATOM,511.0,HA,LEU,33.0,-6.656,-1.065,-9.873,0.09,1.32,0.0
ATOM,512.0,HB2,LEU,33.0,-6.203,-1.913,-12.132,0.09,1.32,0.0
ATOM,513.0,HB3,LEU,33.0,-7.77,-2.745,-12.102,0.09,1.32,1.31
ATOM,514.0,HG,LEU,33.0,-8.963,-0.766,-12.192,0.09,1.32,0.35
ATOM,515.0,HD11,LEU,33.0,-6.417,0.761,-11.514,0.09,1.32,0.0
ATOM,516.0,HD12,LEU,33.0,-7.989,1.509,-11.908,0.09,1.32,10.37
ATOM,517.0,HD13,LEU,33.0,-7.818,0.503,-10.456,0.09,1.32,0.0
ATOM,518.0,HD21,LEU,33.0,-7.941,-1.279,-14.362,0.09,1.32,12.29
ATOM,519.0,HD22,LEU,33.0,-8.07,0.49,-14.156,0.09,1.32,12.4
ATOM,520.0,HD23,LEU,33.0,-6.506,-0.322,-13.945,0.09,1.32,1.74
ATOM,521.0,N,ASP,34.0,-9.102,-3.313,-9.651,-0.47,1.85,0.0
ATOM,522.0,CA,ASP,34.0,-10.396,-3.579,-9.046,0.07,2.275,0.0
ATOM,523.0,C,ASP,34.0,-10.339,-3.237,-7.556,0.51,2.0,0.0
ATOM,524.0,O,ASP,34.0,-11.282,-2.604,-7.06,-0.51,1.7,0.0
ATOM,525.0,CB,ASP,34.0,-10.773,-5.056,-9.178,-0.28,2.175,1.95
ATOM,526.0,CG,ASP,34.0,-12.134,-5.432,-8.588,0.62,2.0,1.85
ATOM,527.0,OD1,ASP,34.0,-12.887,-4.432,-8.274,-0.76,1.7,6.25
ATOM,528.0,OD2,ASP,34.0,-12.458,-6.619,-8.437,-0.76,1.7,41.24
ATOM,529.0,H,ASP,34.0,-8.645,-4.072,-10.157,0.31,0.2245,0.0
ATOM,530.0,HA,ASP,34.0,-11.147,-2.951,-9.526,0.09,1.32,0.0
ATOM,531.0,HB2,ASP,34.0,-10.771,-5.29,-10.243,0.09,1.32,4.01
ATOM,532.0,HB3,ASP,34.0,-9.985,-5.627,-8.688,0.09,1.32,0.24
ATOM,533.0,N,ARG,35.0,-9.251,-3.654,-6.884,-0.47,1.85,0.0
ATOM,534.0,CA,ARG,35.0,-9.076,-3.394,-5.465,0.07,2.275,0.24
ATOM,535.0,C,ARG,35.0,-8.966,-1.885,-5.238,0.51,2.0,0.0
ATOM,536.0,O,ARG,35.0,-9.527,-1.396,-4.247,-0.51,1.7,0.0
ATOM,537.0,CB,ARG,35.0,-7.821,-4.077,-4.918,-0.18,2.175,0.43
ATOM,538.0,CG,ARG,35.0,-8.019,-5.592,-4.823,-0.18,2.175,10.26
ATOM,539.0,CD,ARG,35.0,-6.676,-6.323,-4.861,0.2,2.175,9.61
ATOM,540.0,NE,ARG,35.0,-5.596,-5.423,-4.399,-0.7,1.85,2.0
ATOM,541.0,CZ,ARG,35.0,-4.883,-5.613,-3.268,0.64,2.0,2.57
ATOM,542.0,NH1,ARG,35.0,-5.154,-6.678,-2.501,-0.8,1.85,26.12
ATOM,543.0,NH2,ARG,35.0,-3.919,-4.751,-2.919,-0.8,1.85,14.52
ATOM,544.0,H,ARG,35.0,-8.519,-4.171,-7.37,0.31,0.2245,0.0
ATOM,545.0,HA,ARG,35.0,-9.958,-3.768,-4.946,0.09,1.32,2.26
ATOM,546.0,HB2,ARG,35.0,-6.985,-3.87,-5.585,0.09,1.32,0.0
ATOM,547.0,HB3,ARG,35.0,-7.598,-3.669,-3.932,0.09,1.32,1.91
ATOM,548.0,HG2,ARG,35.0,-8.524,-5.825,-3.886,0.09,1.32,13.5
ATOM,549.0,HG3,ARG,35.0,-8.644,-5.919,-5.654,0.09,1.32,2.76
ATOM,550.0,HD2,ARG,35.0,-6.718,-7.193,-4.205,0.09,1.32,5.45
ATOM,551.0,HD3,ARG,35.0,-6.473,-6.656,-5.879,0.09,1.32,0.0
ATOM,552.0,HE,ARG,35.0,-5.402,-4.618,-4.995,0.44,0.2245,0.0
ATOM,553.0,HH11,ARG,35.0,-5.89,-7.33,-2.775,0.46,0.2245,10.2
ATOM,554.0,HH12,ARG,35.0,-4.625,-6.837,-1.644,0.46,0.2245,18.96
ATOM,555.0,HH21,ARG,35.0,-3.719,-3.943,-3.508,0.46,0.2245,1.86
ATOM,556.0,HH22,ARG,35.0,-3.386,-4.902,-2.063,0.46,0.2245,15.97
ATOM,557.0,N,LEU,36.0,-8.258,-1.189,-6.146,-0.47,1.85,0.01
ATOM,558.0,CA,LEU,36.0,-8.079,0.249,-6.045,0.07,2.275,0.0
ATOM,559.0,C,LEU,36.0,-9.446,0.934,-6.093,0.51,2.0,0.0
ATOM,560.0,O,LEU,36.0,-9.664,1.874,-5.314,-0.51,1.7,0.0
ATOM,561.0,CB,LEU,36.0,-7.105,0.745,-7.115,-0.18,2.175,0.0
ATOM,562.0,CG,LEU,36.0,-6.757,2.234,-7.068,-0.09,2.275,0.15
ATOM,563.0,CD1,LEU,36.0,-6.055,2.592,-5.757,-0.27,2.06,0.0
ATOM,564.0,CD2,LEU,36.0,-5.932,2.643,-8.29,-0.27,2.06,2.36
ATOM,565.0,H,LEU,36.0,-7.828,-1.671,-6.935,0.31,0.2245,0.0
ATOM,566.0,HA,LEU,36.0,-7.623,0.437,-5.072,0.09,1.32,0.0
ATOM,567.0,HB2,LEU,36.0,-6.191,0.163,-6.993,0.09,1.32,0.0
ATOM,568.0,HB3,LEU,36.0,-7.556,0.498,-8.076,0.09,1.32,0.0
ATOM,569.0,HG,LEU,36.0,-7.716,2.751,-7.098,0.09,1.32,2.06
ATOM,570.0,HD11,LEU,36.0,-5.138,2.012,-5.656,0.09,1.32,0.0
ATOM,571.0,HD12,LEU,36.0,-5.823,3.657,-5.758,0.09,1.32,0.0
ATOM,572.0,HD13,LEU,36.0,-6.709,2.372,-4.913,0.09,1.32,0.0
ATOM,573.0,HD21,LEU,36.0,-6.493,2.44,-9.202,0.09,1.32,0.43
ATOM,574.0,HD22,LEU,36.0,-5.703,3.707,-8.224,0.09,1.32,0.0
ATOM,575.0,HD23,LEU,36.0,-4.999,2.08,-8.314,0.09,1.32,0.0
ATOM,576.0,N,ARG,37.0,-10.326,0.458,-6.992,-0.47,1.85,0.0
ATOM,577.0,CA,ARG,37.0,-11.658,1.021,-7.139,0.07,2.275,0.71
ATOM,578.0,C,ARG,37.0,-12.439,0.817,-5.839,0.51,2.0,0.0
ATOM,579.0,O,ARG,37.0,-12.908,1.813,-5.27,-0.51,1.7,0.65
ATOM,580.0,CB,ARG,37.0,-12.422,0.368,-8.292,-0.18,2.175,2.17
ATOM,581.0,CG,ARG,37.0,-11.888,0.846,-9.644,-0.18,2.175,9.0
ATOM,582.0,CD,ARG,37.0,-11.988,-0.261,-10.696,0.2,2.175,2.69
ATOM,583.0,NE,ARG,37.0,-13.408,-0.573,-10.969,-0.7,1.85,5.15
ATOM,584.0,CZ,ARG,37.0,-13.843,-1.753,-11.46,0.64,2.0,2.46
ATOM,585.0,NH1,ARG,37.0,-12.95,-2.716,-11.723,-0.8,1.85,13.66
ATOM,586.0,NH2,ARG,37.0,-15.149,-1.958,-11.68,-0.8,1.85,27.38
ATOM,587.0,H,ARG,37.0,-10.066,-0.321,-7.598,0.31,0.2245,0.0
ATOM,588.0,HA,ARG,37.0,-11.551,2.089,-7.324,0.09,1.32,3.55
ATOM,589.0,HB2,ARG,37.0,-12.305,-0.714,-8.227,0.09,1.32,0.0
ATOM,590.0,HB3,ARG,37.0,-13.48,0.616,-8.202,0.09,1.32,8.76
ATOM,591.0,HG2,ARG,37.0,-12.476,1.703,-9.974,0.09,1.32,12.75
ATOM,592.0,HG3,ARG,37.0,-10.849,1.153,-9.525,0.09,1.32,1.51
ATOM,593.0,HD2,ARG,37.0,-11.514,0.072,-11.619,0.09,1.32,7.68
ATOM,594.0,HD3,ARG,37.0,-11.474,-1.152,-10.334,0.09,1.32,0.0
ATOM,595.0,HE,ARG,37.0,-14.075,0.171,-10.763,0.44,0.2245,9.48
ATOM,596.0,HH11,ARG,37.0,-11.958,-2.552,-11.552,0.46,0.2245,0.93
ATOM,597.0,HH12,ARG,37.0,-13.261,-3.614,-12.094,0.46,0.2245,15.47
ATOM,598.0,HH21,ARG,37.0,-15.823,-1.22,-11.477,0.46,0.2245,19.12
ATOM,599.0,HH22,ARG,37.0,-15.469,-2.853,-12.051,0.46,0.2245,18.91
ATOM,600.0,N,ARG,38.0,-12.561,-0.45,-5.402,-0.47,1.85,0.0
ATOM,601.0,CA,ARG,38.0,-13.278,-0.778,-4.182,0.07,2.275,0.7
ATOM,602.0,C,ARG,38.0,-12.652,-0.021,-3.008,0.51,2.0,0.25
ATOM,603.0,O,ARG,38.0,-13.382,0.307,-2.061,-0.51,1.7,4.78
ATOM,604.0,CB,ARG,38.0,-13.238,-2.279,-3.891,-0.18,2.175,7.2
ATOM,605.0,CG,ARG,38.0,-13.702,-3.086,-5.106,-0.18,2.175,0.04
ATOM,606.0,CD,ARG,38.0,-14.597,-4.251,-4.681,0.2,2.175,7.9
ATOM,607.0,NE,ARG,38.0,-15.988,-4.009,-5.125,-0.7,1.85,6.83
ATOM,608.0,CZ,ARG,38.0,-16.895,-4.986,-5.339,0.64,2.0,3.97
ATOM,609.0,NH1,ARG,38.0,-16.535,-6.262,-5.143,-0.8,1.85,24.08
ATOM,610.0,NH2,ARG,38.0,-18.137,-4.685,-5.741,-0.8,1.85,29.74
ATOM,611.0,H,ARG,38.0,-12.143,-1.215,-5.932,0.31,0.2245,0.0
ATOM,612.0,HA,ARG,38.0,-14.311,-0.452,-4.303,0.09,1.32,2.67
ATOM,613.0,HB2,ARG,38.0,-12.216,-2.565,-3.644,0.09,1.32,1.72
ATOM,614.0,HB3,ARG,38.0,-13.882,-2.491,-3.037,0.09,1.32,7.92
ATOM,615.0,HG2,ARG,38.0,-14.264,-2.431,-5.771,0.09,1.32,3.26
ATOM,616.0,HG3,ARG,38.0,-12.827,-3.463,-5.634,0.09,1.32,0.07
ATOM,617.0,HD2,ARG,38.0,-14.235,-5.172,-5.137,0.09,1.32,2.9
ATOM,618.0,HD3,ARG,38.0,-14.566,-4.356,-3.596,0.09,1.32,10.11
ATOM,619.0,HE,ARG,38.0,-16.246,-3.033,-5.269,0.44,0.2245,9.51
ATOM,620.0,HH11,ARG,38.0,-15.587,-6.483,-4.837,0.46,0.2245,10.28
ATOM,621.0,HH12,ARG,38.0,-17.208,-7.012,-5.3,0.46,0.2245,19.15
ATOM,622.0,HH21,ARG,38.0,-18.404,-3.711,-5.888,0.46,0.2245,19.2
ATOM,623.0,HH22,ARG,38.0,-18.816,-5.429,-5.901,0.46,0.2245,19.07
ATOM,624.0,N,ASP,39.0,-11.334,0.237,-3.092,-0.47,1.85,0.0
ATOM,625.0,CA,ASP,39.0,-10.62,0.947,-2.045,0.07,2.275,0.23
ATOM,626.0,C,ASP,39.0,-11.02,2.424,-2.073,0.51,2.0,0.0
ATOM,627.0,O,ASP,39.0,-11.118,3.029,-0.996,-0.51,1.7,0.0
ATOM,628.0,CB,ASP,39.0,-9.107,0.863,-2.256,-0.28,2.175,0.0
ATOM,629.0,CG,ASP,39.0,-8.433,-0.355,-1.622,0.62,2.0,2.03
ATOM,630.0,OD1,ASP,39.0,-9.048,-1.423,-1.479,-0.76,1.7,22.52
ATOM,631.0,OD2,ASP,39.0,-7.208,-0.175,-1.262,-0.76,1.7,9.81
ATOM,632.0,H,ASP,39.0,-10.806,-0.069,-3.91,0.31,0.2245,0.0
ATOM,633.0,HA,ASP,39.0,-10.894,0.524,-1.079,0.09,1.32,3.03
ATOM,634.0,HB2,ASP,39.0,-8.937,0.843,-3.332,0.09,1.32,0.0
ATOM,635.0,HB3,ASP,39.0,-8.681,1.779,-1.846,0.09,1.32,0.0
ATOM,636.0,N,GLN,40.0,-11.24,2.965,-3.285,-0.47,1.85,0.0
ATOM,637.0,CA,GLN,40.0,-11.625,4.357,-3.448,0.07,2.275,0.0
ATOM,638.0,C,GLN,40.0,-12.998,4.58,-2.81,0.51,2.0,0.0
ATOM,639.0,O,GLN,40.0,-13.146,5.551,-2.054,-0.51,1.7,0.0
ATOM,640.0,CB,GLN,40.0,-11.631,4.769,-4.921,-0.18,2.175,2.09
ATOM,641.0,CG,GLN,40.0,-12.059,6.23,-5.08,-0.18,2.175,2.04
ATOM,642.0,CD,GLN,40.0,-10.852,7.166,-5.002,0.55,2.0,0.72
ATOM,643.0,H,GLN,40.0,-11.137,2.395,-4.124,0.31,0.2245,0.0
ATOM,644.0,HA,GLN,40.0,-10.886,4.955,-2.916,0.09,1.32,0.0
ATOM,645.0,HB2,GLN,40.0,-10.627,4.648,-5.327,0.09,1.32,0.12
ATOM,646.0,HB3,GLN,40.0,-12.316,4.12,-5.467,0.09,1.32,1.93
ATOM,647.0,HG2,GLN,40.0,-12.543,6.353,-6.049,0.09,1.32,6.78
ATOM,648.0,HG3,GLN,40.0,-12.773,6.477,-4.294,0.09,1.32,0.0
ATOM,649.0,OE1,GLN,40.0,-10.484,7.828,-5.959,-0.55,1.7,22.02
ATOM,650.0,NE2,GLN,40.0,-10.258,7.185,-3.813,-0.62,1.85,3.95
ATOM,651.0,HE21,GLN,40.0,-10.617,6.606,-3.054,0.32,0.2245,0.0
ATOM,652.0,HE22,GLN,40.0,-9.443,7.779,-3.659,0.3,0.2245,1.67
ATOM,653.0,N,LYS,41.0,-13.959,3.692,-3.123,-0.47,1.85,0.0
ATOM,654.0,CA,LYS,41.0,-15.304,3.791,-2.584,0.07,2.275,0.0
ATOM,655.0,C,LYS,41.0,-15.241,3.763,-1.056,0.51,2.0,0.26
ATOM,656.0,O,LYS,41.0,-15.939,4.567,-0.421,-0.51,1.7,5.95
ATOM,657.0,CB,LYS,41.0,-16.203,2.707,-3.183,-0.18,2.175,6.59
ATOM,658.0,CG,LYS,41.0,-16.711,3.119,-4.566,-0.18,2.175,8.21
ATOM,659.0,CD,LYS,41.0,-18.237,3.036,-4.636,-0.18,2.175,11.84
ATOM,660.0,CE,LYS,41.0,-18.885,4.175,-3.847,0.21,2.175,7.45
ATOM,661.0,NZ,LYS,41.0,-20.022,4.739,-4.594,-0.3,1.85,10.46
ATOM,662.0,H,LYS,41.0,-13.752,2.919,-3.755,0.31,0.2245,0.0
ATOM,663.0,HA,LYS,41.0,-15.695,4.757,-2.905,0.09,1.32,0.0
ATOM,664.0,HB2,LYS,41.0,-15.63,1.785,-3.275,0.09,1.32,0.11
ATOM,665.0,HB3,LYS,41.0,-17.045,2.537,-2.513,0.09,1.32,6.11
ATOM,666.0,HG2,LYS,41.0,-16.402,4.144,-4.766,0.09,1.32,0.28
ATOM,667.0,HG3,LYS,41.0,-16.268,2.462,-5.315,0.09,1.32,6.44
ATOM,668.0,HD2,LYS,41.0,-18.548,3.105,-5.679,0.09,1.32,11.49
ATOM,669.0,HD3,LYS,41.0,-18.558,2.075,-4.234,0.09,1.32,12.37
ATOM,670.0,HE2,LYS,41.0,-19.244,3.791,-2.892,0.05,1.32,12.12
ATOM,671.0,HE3,LYS,41.0,-18.142,4.95,-3.661,0.05,1.32,0.0
ATOM,672.0,HZ1,LYS,41.0,-20.717,4.014,-4.768,0.33,0.2245,18.78
ATOM,673.0,HZ2,LYS,41.0,-20.436,5.494,-4.049,0.33,0.2245,19.45
ATOM,674.0,HZ3,LYS,41.0,-19.7,5.111,-5.488,0.33,0.2245,10.25
ATOM,675.0,N,SER,42.0,-14.419,2.852,-0.504,-0.47,1.85,0.6
ATOM,676.0,CA,SER,42.0,-14.269,2.723,0.935,0.07,2.275,2.04
ATOM,677.0,C,SER,42.0,-13.564,3.965,1.484,0.51,2.0,0.0
ATOM,678.0,O,SER,42.0,-13.926,4.411,2.582,-0.51,1.7,0.92
ATOM,679.0,CB,SER,42.0,-13.485,1.461,1.305,0.05,2.175,11.19
ATOM,680.0,OG,SER,42.0,-13.49,1.223,2.71,-0.66,1.77,22.27
ATOM,681.0,H,SER,42.0,-13.878,2.226,-1.1,0.31,0.2245,0.0
ATOM,682.0,HA,SER,42.0,-15.269,2.664,1.364,0.09,1.32,9.08
ATOM,683.0,HB2,SER,42.0,-13.942,0.611,0.8,0.09,1.32,8.42
ATOM,684.0,HB3,SER,42.0,-12.461,1.576,0.951,0.09,1.32,0.59
ATOM,685.0,HG,SER,42.0,-12.562,1.319,3.064,0.43,0.2245,13.17
ATOM,686.0,N,LEU,43.0,-12.588,4.49,0.721,-0.47,1.85,0.0
ATOM,687.0,CA,LEU,43.0,-11.842,5.669,1.129,0.07,2.275,0.0
ATOM,688.0,C,LEU,43.0,-12.791,6.867,1.201,0.51,2.0,0.0
ATOM,689.0,O,LEU,43.0,-12.61,7.709,2.092,-0.51,1.7,0.0
ATOM,690.0,CB,LEU,43.0,-10.642,5.889,0.205,-0.18,2.175,0.0
ATOM,691.0,CG,LEU,43.0,-9.269,5.575,0.803,-0.09,2.275,0.0
ATOM,692.0,CD1,LEU,43.0,-8.939,4.088,0.666,-0.27,2.06,4.87
ATOM,693.0,CD2,LEU,43.0,-8.187,6.463,0.186,-0.27,2.06,0.0
ATOM,694.0,H,LEU,43.0,-12.352,4.059,-0.172,0.31,0.2245,0.0
ATOM,695.0,HA,LEU,43.0,-11.456,5.461,2.127,0.09,1.32,0.0
ATOM,696.0,HB2,LEU,43.0,-10.804,5.254,-0.665,0.09,1.32,0.0
ATOM,697.0,HB3,LEU,43.0,-10.683,6.933,-0.104,0.09,1.32,0.03
ATOM,698.0,HG,LEU,43.0,-9.36,5.812,1.864,0.09,1.32,0.0
ATOM,699.0,HD11,LEU,43.0,-8.939,3.802,-0.386,0.09,1.32,0.0
ATOM,700.0,HD12,LEU,43.0,-7.957,3.901,1.101,0.09,1.32,0.24
ATOM,701.0,HD13,LEU,43.0,-9.681,3.492,1.197,0.09,1.32,2.58
ATOM,702.0,HD21,LEU,43.0,-8.419,7.512,0.366,0.09,1.32,0.0
ATOM,703.0,HD22,LEU,43.0,-7.225,6.213,0.634,0.09,1.32,0.0
ATOM,704.0,HD23,LEU,43.0,-8.133,6.29,-0.889,0.09,1.32,0.0
ATOM,705.0,N,ARG,44.0,-13.767,6.919,0.277,-0.47,1.85,0.0
ATOM,706.0,CA,ARG,44.0,-14.733,8.004,0.237,0.07,2.275,0.42
ATOM,707.0,C,ARG,44.0,-15.648,7.912,1.459,0.51,2.0,0.04
ATOM,708.0,O,ARG,44.0,-15.996,8.964,2.016,-0.51,1.7,3.79
ATOM,709.0,CB,ARG,44.0,-15.583,7.955,-1.034,-0.18,2.175,2.98
ATOM,710.0,CG,ARG,44.0,-14.921,8.739,-2.168,-0.18,2.175,12.11
ATOM,711.0,CD,ARG,44.0,-14.818,7.889,-3.436,0.2,2.175,0.72
ATOM,712.0,NE,ARG,44.0,-16.067,8.0,-4.222,-0.7,1.85,1.7
ATOM,713.0,CZ,ARG,44.0,-16.106,8.13,-5.566,0.64,2.0,2.02
ATOM,714.0,NH1,ARG,44.0,-14.954,8.163,-6.249,-0.8,1.85,16.66
ATOM,715.0,NH2,ARG,44.0,-17.28,8.225,-6.206,-0.8,1.85,21.34
ATOM,716.0,H,ARG,44.0,-13.846,6.182,-0.424,0.31,0.2245,0.0
ATOM,717.0,HA,ARG,44.0,-14.181,8.943,0.277,0.09,1.32,2.46
ATOM,718.0,HB2,ARG,44.0,-15.7,6.916,-1.342,0.09,1.32,0.0
ATOM,719.0,HB3,ARG,44.0,-16.566,8.373,-0.817,0.09,1.32,10.9
ATOM,720.0,HG2,ARG,44.0,-15.519,9.625,-2.382,0.09,1.32,12.53
ATOM,721.0,HG3,ARG,44.0,-13.927,9.052,-1.848,0.09,1.32,4.84
ATOM,722.0,HD2,ARG,44.0,-13.984,8.242,-4.043,0.09,1.32,1.87
ATOM,723.0,HD3,ARG,44.0,-14.643,6.849,-3.161,0.09,1.32,0.0
ATOM,724.0,HE,ARG,44.0,-16.935,7.973,-3.687,0.44,0.2245,5.55
ATOM,725.0,HH11,ARG,44.0,-14.065,8.09,-5.754,0.46,0.2245,0.63
ATOM,726.0,HH12,ARG,44.0,-14.966,8.261,-7.264,0.46,0.2245,18.52
ATOM,727.0,HH21,ARG,44.0,-18.152,8.199,-5.678,0.46,0.2245,12.04
ATOM,728.0,HH22,ARG,44.0,-17.301,8.323,-7.221,0.46,0.2245,18.74
ATOM,729.0,N,GLY,45.0,-16.013,6.677,1.847,-0.47,1.85,0.27
ATOM,730.0,CA,GLY,45.0,-16.879,6.453,2.992,-0.02,2.175,16.22
ATOM,731.0,C,GLY,45.0,-16.17,6.926,4.262,0.51,2.0,1.79
ATOM,732.0,O,GLY,45.0,-16.811,7.605,5.078,-0.51,1.7,0.0
ATOM,733.0,H,GLY,45.0,-15.68,5.861,1.331,0.31,0.2245,0.0
ATOM,734.0,HA2,GLY,45.0,-17.804,7.017,2.871,0.09,1.32,8.73
ATOM,735.0,HA3,GLY,45.0,-17.118,5.393,3.072,0.09,1.32,10.7
ATOM,736.0,N,ARG,46.0,-14.882,6.565,4.403,-0.47,1.85,0.49
ATOM,737.0,CA,ARG,46.0,-14.096,6.95,5.563,0.07,2.275,0.21
ATOM,738.0,C,ARG,46.0,-13.799,8.45,5.497,0.51,2.0,0.0
ATOM,739.0,O,ARG,46.0,-13.792,9.096,6.555,-0.51,1.7,0.0
ATOM,740.0,CB,ARG,46.0,-12.777,6.178,5.632,-0.18,2.175,0.0
ATOM,741.0,CG,ARG,46.0,-13.014,4.722,6.035,-0.18,2.175,5.23
ATOM,742.0,CD,ARG,46.0,-11.727,4.081,6.559,0.2,2.175,0.85
ATOM,743.0,NE,ARG,46.0,-12.048,3.072,7.592,-0.7,1.85,6.62
ATOM,744.0,CZ,ARG,46.0,-11.245,2.774,8.635,0.64,2.0,2.8
ATOM,745.0,NH1,ARG,46.0,-10.078,3.421,8.762,-0.8,1.85,5.4
ATOM,746.0,NH2,ARG,46.0,-11.608,1.845,9.53,-0.8,1.85,22.96
ATOM,747.0,H,ARG,46.0,-14.428,6.004,3.682,0.31,0.2245,0.0
ATOM,748.0,HA,ARG,46.0,-14.692,6.745,6.452,0.09,1.32,0.52
ATOM,749.0,HB2,ARG,46.0,-12.301,6.202,4.651,0.09,1.32,0.0
ATOM,750.0,HB3,ARG,46.0,-12.121,6.662,6.356,0.09,1.32,0.0
ATOM,751.0,HG2,ARG,46.0,-13.771,4.69,6.819,0.09,1.32,8.19
ATOM,752.0,HG3,ARG,46.0,-13.378,4.17,5.169,0.09,1.32,0.69
ATOM,753.0,HD2,ARG,46.0,-11.204,3.593,5.737,0.09,1.32,3.89
ATOM,754.0,HD3,ARG,46.0,-11.084,4.853,6.981,0.09,1.32,0.0
ATOM,755.0,HE,ARG,46.0,-12.94,2.588,7.481,0.44,0.2245,12.08
ATOM,756.0,HH11,ARG,46.0,-9.809,4.126,8.076,0.46,0.2245,0.0
ATOM,757.0,HH12,ARG,46.0,-9.459,3.208,9.544,0.46,0.2245,1.39
ATOM,758.0,HH21,ARG,46.0,-12.497,1.357,9.427,0.46,0.2245,19.04
ATOM,759.0,HH22,ARG,46.0,-10.995,1.626,10.316,0.46,0.2245,10.18
ATOM,760.0,N,GLY,47.0,-13.563,8.964,4.277,-0.47,1.85,0.0
ATOM,761.0,CA,GLY,47.0,-13.268,10.373,4.079,-0.02,2.175,1.47
ATOM,762.0,C,GLY,47.0,-14.474,11.208,4.516,0.51,2.0,1.94
ATOM,763.0,O,GLY,47.0,-14.267,12.285,5.094,-0.51,1.7,4.48
ATOM,764.0,H,GLY,47.0,-13.587,8.36,3.455,0.31,0.2245,0.0
ATOM,765.0,HA2,GLY,47.0,-12.403,10.657,4.679,0.09,1.32,0.0
ATOM,766.0,HA3,GLY,47.0,-13.048,10.56,3.028,0.09,1.32,1.51
ATOM,767.0,N,SER,48.0,-15.689,10.703,4.237,-0.47,1.85,0.72
ATOM,768.0,CA,SER,48.0,-16.913,11.397,4.599,0.07,2.275,1.74
ATOM,769.0,C,SER,48.0,-17.173,11.216,6.096,0.51,2.0,0.35
ATOM,770.0,O,SER,48.0,-17.406,12.224,6.78,-0.51,1.7,16.32
ATOM,771.0,CB,SER,48.0,-18.106,10.889,3.787,0.05,2.175,14.45
ATOM,772.0,OG,SER,48.0,-18.897,11.958,3.275,-0.66,1.77,31.74
ATOM,773.0,H,SER,48.0,-15.771,9.807,3.757,0.31,0.2245,0.0
ATOM,774.0,HA,SER,48.0,-16.76,12.457,4.391,0.09,1.32,5.04
ATOM,775.0,HB2,SER,48.0,-17.729,10.296,2.954,0.09,1.32,1.19
ATOM,776.0,HB3,SER,48.0,-18.713,10.252,4.43,0.09,1.32,6.77
ATOM,777.0,HG,SER,48.0,-18.579,12.819,3.666,0.43,0.2245,16.43
ATOM,778.0,N,THR,49.0,-17.13,9.957,6.567,-0.47,1.85,0.0
ATOM,779.0,CA,THR,49.0,-17.359,9.651,7.969,0.07,2.275,0.55
ATOM,780.0,C,THR,49.0,-16.362,10.432,8.827,0.51,2.0,0.0
ATOM,781.0,O,THR,49.0,-16.804,11.231,9.665,-0.51,1.7,24.37
ATOM,782.0,CB,THR,49.0,-17.269,8.136,8.159,0.14,2.275,1.68
ATOM,783.0,OG1,THR,49.0,-18.299,7.619,7.321,-0.66,1.77,21.14
ATOM,784.0,CG2,THR,49.0,-17.678,7.697,9.566,-0.27,2.06,33.57
ATOM,785.0,H,THR,49.0,-16.93,9.183,5.934,0.31,0.2245,0.0
ATOM,786.0,HA,THR,49.0,-18.371,9.959,8.232,0.09,1.32,10.04
ATOM,787.0,HB,THR,49.0,-16.314,7.708,7.853,0.09,1.32,0.15
ATOM,788.0,HG21,THR,49.0,-18.306,8.469,10.01,0.09,1.32,9.39
ATOM,789.0,HG22,THR,49.0,-18.242,6.766,9.516,0.09,1.32,13.32
ATOM,790.0,HG23,THR,49.0,-16.79,7.541,10.18,0.09,1.32,5.55
ATOM,791.0,HG1,THR,49.0,-17.976,7.543,6.37,0.43,0.2245,2.33
ATOM,792.0,N,LEU,50.0,-15.057,10.19,8.604,-0.47,1.85,0.0
ATOM,793.0,CA,LEU,50.0,-14.01,10.866,9.352,0.07,2.275,0.29
ATOM,794.0,C,LEU,50.0,-14.002,12.35,8.982,0.51,2.0,0.0
ATOM,795.0,O,LEU,50.0,-13.622,13.168,9.832,-0.51,1.7,23.31
ATOM,796.0,CB,LEU,50.0,-12.664,10.171,9.136,-0.18,2.175,0.0
ATOM,797.0,CG,LEU,50.0,-12.621,8.676,9.46,-0.09,2.275,0.91
ATOM,798.0,CD1,LEU,50.0,-11.375,8.021,8.861,-0.27,2.06,0.02
ATOM,799.0,CD2,LEU,50.0,-12.725,8.439,10.968,-0.27,2.06,7.09
ATOM,800.0,H,LEU,50.0,-14.778,9.514,7.893,0.31,0.2245,0.0
ATOM,801.0,HA,LEU,50.0,-14.268,10.764,10.406,0.09,1.32,5.04
ATOM,802.0,HB2,LEU,50.0,-12.409,10.314,8.086,0.09,1.32,0.0
ATOM,803.0,HB3,LEU,50.0,-11.942,10.706,9.753,0.09,1.32,1.1
ATOM,804.0,HG,LEU,50.0,-13.501,8.254,8.973,0.09,1.32,0.27
ATOM,805.0,HD11,LEU,50.0,-10.478,8.495,9.259,0.09,1.32,0.0
ATOM,806.0,HD12,LEU,50.0,-11.377,6.96,9.11,0.09,1.32,0.31
ATOM,807.0,HD13,LEU,50.0,-11.383,8.131,7.776,0.09,1.32,0.0
ATOM,808.0,HD21,LEU,50.0,-13.658,8.855,11.346,0.09,1.32,5.44
ATOM,809.0,HD22,LEU,50.0,-12.691,7.366,11.161,0.09,1.32,5.8
ATOM,810.0,HD23,LEU,50.0,-11.889,8.918,11.478,0.09,1.32,0.69
ATOM,811.0,N,GLY,51.0,-14.416,12.664,7.741,-0.47,1.85,0.0
ATOM,812.0,CA,GLY,51.0,-14.456,14.036,7.266,-0.02,2.175,9.8
ATOM,813.0,C,GLY,51.0,-13.027,14.566,7.129,0.51,2.0,1.24
ATOM,814.0,O,GLY,51.0,-12.831,15.78,7.286,-0.51,1.7,31.82
ATOM,815.0,H,GLY,51.0,-14.713,11.927,7.101,0.31,0.2245,0.0
ATOM,816.0,HA2,GLY,51.0,-14.944,14.076,6.292,0.09,1.32,4.94
ATOM,817.0,HA3,GLY,51.0,-15.015,14.654,7.969,0.09,1.32,12.72
ATOM,818.0,N,LEU,52.0,-12.074,13.661,6.845,-0.47,1.85,0.0
ATOM,819.0,CA,LEU,52.0,-10.678,14.035,6.689,0.07,2.275,0.0
ATOM,820.0,C,LEU,52.0,-10.343,14.13,5.199,0.51,2.0,0.96
ATOM,821.0,O,LEU,52.0,-10.854,13.306,4.426,-0.51,1.7,3.11
ATOM,822.0,CB,LEU,52.0,-9.776,13.071,7.462,-0.18,2.175,0.0
ATOM,823.0,CG,LEU,52.0,-9.547,13.405,8.938,-0.09,2.275,1.21
ATOM,824.0,CD1,LEU,52.0,-8.854,12.248,9.66,-0.27,2.06,3.57
ATOM,825.0,CD2,LEU,52.0,-8.778,14.718,9.091,-0.27,2.06,27.57
ATOM,826.0,H,LEU,52.0,-12.321,12.678,6.731,0.31,0.2245,0.0
ATOM,827.0,HA,LEU,52.0,-10.57,15.021,7.14,0.09,1.32,0.34
ATOM,828.0,HB2,LEU,52.0,-10.241,12.088,7.388,0.09,1.32,0.0
ATOM,829.0,HB3,LEU,52.0,-8.823,13.054,6.933,0.09,1.32,0.21
ATOM,830.0,HG,LEU,52.0,-10.545,13.527,9.36,0.09,1.32,1.7
ATOM,831.0,HD11,LEU,52.0,-7.892,12.039,9.192,0.09,1.32,0.0
ATOM,832.0,HD12,LEU,52.0,-8.708,12.519,10.706,0.09,1.32,6.83
ATOM,833.0,HD13,LEU,52.0,-9.475,11.353,9.609,0.09,1.32,0.0
ATOM,834.0,HD21,LEU,52.0,-9.336,15.532,8.627,0.09,1.32,5.92
ATOM,835.0,HD22,LEU,52.0,-8.633,14.924,10.151,0.09,1.32,12.86
ATOM,836.0,HD23,LEU,52.0,-7.804,14.636,8.609,0.09,1.32,6.01
ATOM,837.0,N,ASN,53.0,-9.506,15.116,4.832,-0.47,1.85,1.96
ATOM,838.0,CA,ASN,53.0,-9.108,15.314,3.448,0.07,2.275,2.26
ATOM,839.0,C,ASN,53.0,-8.149,14.197,3.033,0.51,2.0,0.0
ATOM,840.0,O,ASN,53.0,-7.18,13.949,3.766,-0.51,1.7,0.1
ATOM,841.0,CB,ASN,53.0,-8.385,16.65,3.269,-0.18,2.175,2.55
ATOM,842.0,CG,ASN,53.0,-8.464,17.125,1.816,0.55,2.0,0.7
ATOM,843.0,OD1,ASN,53.0,-8.087,16.428,0.888,-0.55,1.7,5.27
ATOM,844.0,ND2,ASN,53.0,-8.974,18.345,1.672,-0.62,1.85,26.71
ATOM,845.0,H,ASN,53.0,-9.129,15.753,5.534,0.31,0.2245,4.08
ATOM,846.0,HA,ASN,53.0,-9.995,15.273,2.816,0.09,1.32,7.15
ATOM,847.0,HB2,ASN,53.0,-8.853,17.395,3.912,0.09,1.32,8.2
ATOM,848.0,HB3,ASN,53.0,-7.343,16.53,3.564,0.09,1.32,0.0
ATOM,849.0,HD21,ASN,53.0,-9.27,18.873,2.493,0.32,0.2245,16.46
ATOM,850.0,HD22,ASN,53.0,-9.068,18.751,0.742,0.3,0.2245,21.23
ATOM,851.0,N,ILE,54.0,-8.431,13.555,1.885,-0.47,1.85,0.0
ATOM,852.0,CA,ILE,54.0,-7.599,12.477,1.381,0.07,2.275,0.0
ATOM,853.0,C,ILE,54.0,-6.222,13.031,1.01,0.51,2.0,0.0
ATOM,854.0,O,ILE,54.0,-5.22,12.359,1.293,-0.51,1.7,0.0
ATOM,855.0,CB,ILE,54.0,-8.301,11.752,0.23,-0.09,2.275,1.23
ATOM,856.0,CG1,ILE,54.0,-9.241,10.667,0.758,-0.18,2.175,1.25
ATOM,857.0,CG2,ILE,54.0,-7.284,11.194,-0.767,-0.27,2.06,11.54
ATOM,858.0,CD1,ILE,54.0,-10.294,11.262,1.695,-0.27,2.06,2.53
ATOM,859.0,H,ILE,54.0,-9.251,13.823,1.341,0.31,0.2245,2.99
ATOM,860.0,HA,ILE,54.0,-7.486,11.765,2.198,0.09,1.32,0.0
ATOM,861.0,HB,ILE,54.0,-8.89,12.519,-0.271,0.09,1.32,7.57
ATOM,862.0,HG12,ILE,54.0,-9.744,10.193,-0.085,0.09,1.32,3.44
ATOM,863.0,HG13,ILE,54.0,-8.654,9.917,1.288,0.09,1.32,0.0
ATOM,864.0,HG21,ILE,54.0,-6.615,10.495,-0.265,0.09,1.32,0.0
ATOM,865.0,HG22,ILE,54.0,-7.817,10.686,-1.571,0.09,1.32,4.1
ATOM,866.0,HG23,ILE,54.0,-6.694,12.006,-1.191,0.09,1.32,2.05
ATOM,867.0,HD11,ILE,54.0,-10.882,12.012,1.166,0.09,1.32,10.99
ATOM,868.0,HD12,ILE,54.0,-10.945,10.463,2.051,0.09,1.32,0.0
ATOM,869.0,HD13,ILE,54.0,-9.808,11.731,2.55,0.09,1.32,0.03
ATOM,870.0,N,GLU,55.0,-6.201,14.226,0.393,-0.47,1.85,0.0
ATOM,871.0,CA,GLU,55.0,-4.958,14.862,-0.011,0.07,2.275,0.15
ATOM,872.0,C,GLU,55.0,-4.106,15.142,1.229,0.51,2.0,0.17
ATOM,873.0,O,GLU,55.0,-2.894,14.885,1.182,-0.51,1.7,0.0
ATOM,874.0,CB,GLU,55.0,-5.215,16.147,-0.801,-0.18,2.175,5.39
ATOM,875.0,CG,GLU,55.0,-5.804,15.835,-2.178,-0.28,2.175,9.31
ATOM,876.0,CD,GLU,55.0,-5.91,17.102,-3.029,0.62,2.0,5.04
ATOM,877.0,OE1,GLU,55.0,-5.009,17.994,-2.792,-0.76,1.7,37.81
ATOM,878.0,OE2,GLU,55.0,-6.817,17.212,-3.868,-0.76,1.7,48.43
ATOM,879.0,H,GLU,55.0,-7.074,14.715,0.197,0.31,0.2245,0.0
ATOM,880.0,HA,GLU,55.0,-4.432,14.153,-0.65,0.09,1.32,2.29
ATOM,881.0,HB2,GLU,55.0,-5.918,16.768,-0.247,0.09,1.32,1.67
ATOM,882.0,HB3,GLU,55.0,-4.275,16.687,-0.912,0.09,1.32,2.18
ATOM,883.0,HG2,GLU,55.0,-5.157,15.12,-2.686,0.09,1.32,12.49
ATOM,884.0,HG3,GLU,55.0,-6.791,15.391,-2.048,0.09,1.32,5.52
ATOM,885.0,N,ALA,56.0,-4.746,15.654,2.296,-0.47,1.85,0.67
ATOM,886.0,CA,ALA,56.0,-4.051,15.964,3.534,0.07,2.275,3.23
ATOM,887.0,C,ALA,56.0,-3.574,14.665,4.185,0.51,2.0,0.01
ATOM,888.0,O,ALA,56.0,-2.462,14.654,4.735,-0.51,1.7,0.21
ATOM,889.0,CB,ALA,56.0,-5.025,16.607,4.523,-0.27,2.06,22.2
ATOM,890.0,H,ALA,56.0,-5.748,15.836,2.25,0.31,0.2245,0.0
ATOM,891.0,HA,ALA,56.0,-3.19,16.608,3.352,0.09,1.32,5.41
ATOM,892.0,HB1,ALA,56.0,-5.429,17.518,4.082,0.09,1.32,8.68
ATOM,893.0,HB2,ALA,56.0,-5.846,15.922,4.736,0.09,1.32,0.12
ATOM,894.0,HB3,ALA,56.0,-4.509,16.842,5.454,0.09,1.32,11.51
ATOM,895.0,N,ALA,57.0,-4.408,13.613,4.112,-0.47,1.85,0.09
ATOM,896.0,CA,ALA,57.0,-4.073,12.322,4.69,0.07,2.275,1.77
ATOM,897.0,C,ALA,57.0,-2.859,11.742,3.961,0.51,2.0,0.0
ATOM,898.0,O,ALA,57.0,-1.962,11.215,4.636,-0.51,1.7,0.0
ATOM,899.0,CB,ALA,57.0,-5.223,11.34,4.459,-0.27,2.06,0.0
ATOM,900.0,H,ALA,57.0,-5.307,13.707,3.64,0.31,0.2245,0.0
ATOM,901.0,HA,ALA,57.0,-3.839,12.414,5.751,0.09,1.32,0.39
ATOM,902.0,HB1,ALA,57.0,-6.126,11.735,4.924,0.09,1.32,0.07
ATOM,903.0,HB2,ALA,57.0,-5.398,11.218,3.39,0.09,1.32,0.0
ATOM,904.0,HB3,ALA,57.0,-4.976,10.37,4.891,0.09,1.32,0.0
ATOM,905.0,N,THR,58.0,-2.855,11.847,2.62,-0.47,1.85,0.0
ATOM,906.0,CA,THR,58.0,-1.762,11.336,1.811,0.07,2.275,0.0
ATOM,907.0,C,THR,58.0,-0.468,12.056,2.196,0.51,2.0,0.0
ATOM,908.0,O,THR,58.0,0.583,11.4,2.238,-0.51,1.7,0.0
ATOM,909.0,CB,THR,58.0,-2.13,11.496,0.335,0.14,2.275,1.39
ATOM,910.0,OG1,THR,58.0,-3.228,10.605,0.152,-0.66,1.77,1.34
ATOM,911.0,CG2,THR,58.0,-1.049,10.951,-0.601,-0.27,2.06,3.49
ATOM,912.0,H,THR,58.0,-3.636,12.296,2.142,0.31,0.2245,0.0
ATOM,913.0,HA,THR,58.0,-1.648,10.27,2.011,0.09,1.32,0.0
ATOM,914.0,HB,THR,58.0,-2.442,12.504,0.063,0.09,1.32,0.21
ATOM,915.0,HG21,THR,58.0,-0.44,10.228,-0.057,0.09,1.32,0.0
ATOM,916.0,HG22,THR,58.0,-1.511,10.454,-1.454,0.09,1.32,0.08
ATOM,917.0,HG23,THR,58.0,-0.423,11.767,-0.962,0.09,1.32,4.44
ATOM,918.0,HG1,THR,58.0,-4.081,11.023,0.485,0.43,0.2245,0.0
ATOM,919.0,N,HIS,59.0,-0.568,13.37,2.466,-0.47,1.85,0.0
ATOM,920.0,CA,HIS,59.0,0.586,14.169,2.843,0.07,2.275,0.21
ATOM,921.0,C,HIS,59.0,1.168,13.63,4.151,0.51,2.0,0.0
ATOM,922.0,O,HIS,59.0,2.344,13.239,4.157,-0.51,1.7,0.0
ATOM,923.0,CB,HIS,59.0,0.222,15.653,2.923,-0.09,2.175,5.47
ATOM,924.0,CG,HIS,59.0,0.184,16.348,1.583,-0.05,1.8,0.22
ATOM,925.0,H,HIS,59.0,-1.474,13.835,2.409,0.31,0.2245,0.0
ATOM,926.0,HA,HIS,59.0,1.322,14.044,2.049,0.09,1.32,3.49
ATOM,927.0,HB2,HIS,59.0,-0.761,15.723,3.388,0.09,1.32,0.0
ATOM,928.0,HB3,HIS,59.0,0.956,16.133,3.57,0.09,1.32,5.35
ATOM,929.0,ND1,HIS,59.0,0.726,17.604,1.375,-0.36,1.85,10.75
ATOM,930.0,CD2,HIS,59.0,-0.336,15.95,0.387,0.22,1.8,6.43
ATOM,931.0,CE1,HIS,59.0,0.535,17.938,0.107,0.25,1.8,28.27
ATOM,932.0,NE2,HIS,59.0,-0.124,16.911,-0.504,-0.7,1.85,24.87
ATOM,933.0,HD1,HIS,59.0,1.207,18.247,2.004,0.32,0.2245,20.41
ATOM,934.0,HD2,HIS,59.0,-0.847,15.046,0.093,0.1,1.468,1.64
ATOM,935.0,HE1,HIS,59.0,0.888,18.89,-0.26,0.13,0.9,20.73
ATOM,936.0,N,VAL,60.0,0.347,13.619,5.217,-0.47,1.85,0.0
ATOM,937.0,CA,VAL,60.0,0.778,13.132,6.516,0.07,2.275,0.05
ATOM,938.0,C,VAL,60.0,1.407,11.747,6.354,0.51,2.0,0.0
ATOM,939.0,O,VAL,60.0,2.394,11.463,7.048,-0.51,1.7,0.0
ATOM,940.0,CB,VAL,60.0,-0.398,13.145,7.496,-0.09,2.275,0.0
ATOM,941.0,CG1,VAL,60.0,-0.074,12.333,8.751,-0.27,2.06,8.43
ATOM,942.0,CG2,VAL,60.0,-0.796,14.577,7.856,-0.27,2.06,24.23
ATOM,943.0,H,VAL,60.0,-0.61,13.96,5.126,0.31,0.2245,0.0
ATOM,944.0,HA,VAL,60.0,1.533,13.824,6.89,0.09,1.32,1.3
ATOM,945.0,HB,VAL,60.0,-1.225,12.669,6.969,0.09,1.32,0.0
ATOM,946.0,HG11,VAL,60.0,0.803,12.749,9.247,0.09,1.32,9.47
ATOM,947.0,HG12,VAL,60.0,-0.93,12.363,9.425,0.09,1.32,2.36
ATOM,948.0,HG13,VAL,60.0,0.129,11.297,8.482,0.09,1.32,0.0
ATOM,949.0,HG21,VAL,60.0,-1.081,15.122,6.956,0.09,1.32,2.07
ATOM,950.0,HG22,VAL,60.0,-1.634,14.548,8.553,0.09,1.32,8.84
ATOM,951.0,HG23,VAL,60.0,0.042,15.088,8.33,0.09,1.32,12.15
ATOM,952.0,N,GLY,61.0,0.832,10.926,5.457,-0.47,1.85,0.0
ATOM,953.0,CA,GLY,61.0,1.333,9.585,5.209,-0.02,2.175,0.0
ATOM,954.0,C,GLY,61.0,2.774,9.669,4.703,0.51,2.0,0.0
ATOM,955.0,O,GLY,61.0,3.63,8.947,5.237,-0.51,1.7,0.0
ATOM,956.0,H,GLY,61.0,0.019,11.239,4.927,0.31,0.2245,0.0
ATOM,957.0,HA2,GLY,61.0,1.314,9.007,6.133,0.09,1.32,0.0
ATOM,958.0,HA3,GLY,61.0,0.707,9.089,4.468,0.09,1.32,0.0
ATOM,959.0,N,LYS,62.0,3.011,10.534,3.701,-0.47,1.85,0.0
ATOM,960.0,CA,LYS,62.0,4.337,10.708,3.131,0.07,2.275,0.0
ATOM,961.0,C,LYS,62.0,5.353,10.892,4.261,0.51,2.0,0.0
ATOM,962.0,O,LYS,62.0,6.429,10.282,4.19,-0.51,1.7,0.0
ATOM,963.0,CB,LYS,62.0,4.336,11.85,2.113,-0.18,2.175,4.13
ATOM,964.0,CG,LYS,62.0,5.747,12.406,1.911,-0.18,2.175,3.65
ATOM,965.0,CD,LYS,62.0,6.668,11.354,1.289,-0.18,2.175,4.3
ATOM,966.0,CE,LYS,62.0,7.948,11.191,2.11,0.21,2.175,1.62
ATOM,967.0,NZ,LYS,62.0,9.122,11.603,1.322,-0.3,1.85,8.95
ATOM,968.0,H,LYS,62.0,2.249,11.092,3.318,0.31,0.2245,0.0
ATOM,969.0,HA,LYS,62.0,4.566,9.788,2.594,0.09,1.32,0.0
ATOM,970.0,HB2,LYS,62.0,3.964,11.474,1.16,0.09,1.32,1.48
ATOM,971.0,HB3,LYS,62.0,3.673,12.639,2.466,0.09,1.32,0.03
ATOM,972.0,HG2,LYS,62.0,5.696,13.27,1.249,0.09,1.32,14.51
ATOM,973.0,HG3,LYS,62.0,6.143,12.722,2.876,0.09,1.32,0.0
ATOM,974.0,HD2,LYS,62.0,6.143,10.399,1.256,0.09,1.32,0.0
ATOM,975.0,HD3,LYS,62.0,6.914,11.658,0.271,0.09,1.32,11.3
ATOM,976.0,HE2,LYS,62.0,7.884,11.814,3.002,0.05,1.32,0.0
ATOM,977.0,HE3,LYS,62.0,8.05,10.149,2.411,0.05,1.32,0.36
ATOM,978.0,HZ1,LYS,62.0,9.026,12.579,1.04,0.33,0.2245,13.92
ATOM,979.0,HZ2,LYS,62.0,9.961,11.486,1.889,0.33,0.2245,1.26
ATOM,980.0,HZ3,LYS,62.0,9.201,11.022,0.487,0.33,0.2245,18.6
ATOM,981.0,N,GLN,63.0,4.997,11.716,5.262,-0.47,1.85,0.0
ATOM,982.0,CA,GLN,63.0,5.871,11.976,6.393,0.07,2.275,0.03
ATOM,983.0,C,GLN,63.0,5.964,10.718,7.259,0.51,2.0,0.0
ATOM,984.0,O,GLN,63.0,7.051,10.447,7.791,-0.51,1.7,0.13
ATOM,985.0,CB,GLN,63.0,5.388,13.172,7.215,-0.18,2.175,6.0
ATOM,986.0,CG,GLN,63.0,6.039,14.469,6.731,-0.18,2.175,12.12
ATOM,987.0,CD,GLN,63.0,5.435,14.923,5.401,0.55,2.0,2.24
ATOM,988.0,H,GLN,63.0,4.089,12.181,5.242,0.31,0.2245,0.0
ATOM,989.0,HA,GLN,63.0,6.857,12.201,5.987,0.09,1.32,0.0
ATOM,990.0,HB2,GLN,63.0,4.306,13.259,7.111,0.09,1.32,0.0
ATOM,991.0,HB3,GLN,63.0,5.631,13.003,8.264,0.09,1.32,0.07
ATOM,992.0,HG2,GLN,63.0,5.878,15.246,7.478,0.09,1.32,14.51
ATOM,993.0,HG3,GLN,63.0,7.111,14.305,6.616,0.09,1.32,7.1
ATOM,994.0,OE1,GLN,63.0,6.123,15.373,4.498,-0.55,1.7,27.13
ATOM,995.0,NE2,GLN,63.0,4.115,14.781,5.33,-0.62,1.85,9.84
ATOM,996.0,HE21,GLN,63.0,3.6,14.398,6.122,0.32,0.2245,0.77
ATOM,997.0,HE22,GLN,63.0,3.617,15.056,4.483,0.3,0.2245,3.64
ATOM,998.0,N,ILE,64.0,4.842,9.987,7.382,-0.47,1.85,0.0
ATOM,999.0,CA,ILE,64.0,4.799,8.77,8.176,0.07,2.275,0.0
ATOM,1000.0,C,ILE,64.0,5.77,7.746,7.586,0.51,2.0,0.0
ATOM,1001.0,O,ILE,64.0,6.384,7.0,8.363,-0.51,1.7,0.0
ATOM,1002.0,CB,ILE,64.0,3.362,8.258,8.293,-0.09,2.275,0.0
ATOM,1003.0,CG1,ILE,64.0,2.574,9.065,9.327,-0.18,2.175,0.08
ATOM,1004.0,CG2,ILE,64.0,3.337,6.759,8.596,-0.27,2.06,3.76
ATOM,1005.0,CD1,ILE,64.0,3.016,8.713,10.749,-0.27,2.06,24.06
ATOM,1006.0,H,ILE,64.0,3.988,10.281,6.91,0.31,0.2245,0.0
ATOM,1007.0,HA,ILE,64.0,5.134,9.042,9.177,0.09,1.32,0.0
ATOM,1008.0,HB,ILE,64.0,2.922,8.418,7.309,0.09,1.32,0.0
ATOM,1009.0,HG12,ILE,64.0,2.749,10.127,9.155,0.09,1.32,1.19
ATOM,1010.0,HG13,ILE,64.0,1.512,8.855,9.205,0.09,1.32,0.41
ATOM,1011.0,HG21,ILE,64.0,3.86,6.56,9.532,0.09,1.32,0.51
ATOM,1012.0,HG22,ILE,64.0,2.301,6.429,8.673,0.09,1.32,0.22
ATOM,1013.0,HG23,ILE,64.0,3.826,6.209,7.792,0.09,1.32,0.95
ATOM,1014.0,HD11,ILE,64.0,4.078,8.923,10.872,0.09,1.32,0.39
ATOM,1015.0,HD12,ILE,64.0,2.436,9.305,11.458,0.09,1.32,13.95
ATOM,1016.0,HD13,ILE,64.0,2.839,7.655,10.942,0.09,1.32,6.45
ATOM,1017.0,N,VAL,65.0,5.89,7.731,6.247,-0.47,1.85,0.0
ATOM,1018.0,CA,VAL,65.0,6.779,6.807,5.563,0.07,2.275,0.0
ATOM,1019.0,C,VAL,65.0,8.227,7.259,5.76,0.51,2.0,0.0
ATOM,1020.0,O,VAL,65.0,9.075,6.407,6.062,-0.51,1.7,0.0
ATOM,1021.0,CB,VAL,65.0,6.383,6.693,4.09,-0.09,2.275,0.0
ATOM,1022.0,CG1,VAL,65.0,7.484,6.009,3.277,-0.27,2.06,9.04
ATOM,1023.0,CG2,VAL,65.0,5.05,5.958,3.935,-0.27,2.06,6.24
ATOM,1024.0,H,VAL,65.0,5.346,8.381,5.679,0.31,0.2245,0.0
ATOM,1025.0,HA,VAL,65.0,6.647,5.827,6.022,0.09,1.32,0.26
ATOM,1026.0,HB,VAL,65.0,6.265,7.718,3.736,0.09,1.32,0.0
ATOM,1027.0,HG11,VAL,65.0,7.67,5.01,3.671,0.09,1.32,6.57
ATOM,1028.0,HG12,VAL,65.0,7.169,5.945,2.236,0.09,1.32,5.71
ATOM,1029.0,HG13,VAL,65.0,8.404,6.59,3.335,0.09,1.32,0.0
ATOM,1030.0,HG21,VAL,65.0,4.266,6.493,4.471,0.09,1.32,0.0
ATOM,1031.0,HG22,VAL,65.0,4.8,5.896,2.876,0.09,1.32,0.0
ATOM,1032.0,HG23,VAL,65.0,5.132,4.95,4.34,0.09,1.32,11.6
ATOM,1033.0,N,GLU,66.0,8.477,8.57,5.587,-0.47,1.85,0.0
ATOM,1034.0,CA,GLU,66.0,9.81,9.126,5.745,0.07,2.275,0.0
ATOM,1035.0,C,GLU,66.0,10.28,8.912,7.185,0.51,2.0,0.14
ATOM,1036.0,O,GLU,66.0,11.494,8.774,7.394,-0.51,1.7,0.22
ATOM,1037.0,CB,GLU,66.0,9.847,10.61,5.371,-0.18,2.175,1.35
ATOM,1038.0,CG,GLU,66.0,10.494,10.813,4.0,-0.28,2.175,4.24
ATOM,1039.0,CD,GLU,66.0,10.727,12.299,3.718,0.62,2.0,1.33
ATOM,1040.0,OE1,GLU,66.0,9.663,13.029,3.726,-0.76,1.7,13.25
ATOM,1041.0,OE2,GLU,66.0,11.875,12.717,3.505,-0.76,1.7,42.25
ATOM,1042.0,H,GLU,66.0,7.719,9.205,5.338,0.31,0.2245,0.0
ATOM,1043.0,HA,GLU,66.0,10.466,8.575,5.072,0.09,1.32,0.0
ATOM,1044.0,HB2,GLU,66.0,8.827,10.993,5.343,0.09,1.32,0.0
ATOM,1045.0,HB3,GLU,66.0,10.41,11.152,6.131,0.09,1.32,8.11
ATOM,1046.0,HG2,GLU,66.0,11.452,10.293,3.979,0.09,1.32,6.33
ATOM,1047.0,HG3,GLU,66.0,9.843,10.388,3.235,0.09,1.32,0.19
ATOM,1048.0,N,LYS,67.0,9.327,8.889,8.133,-0.47,1.85,0.0
ATOM,1049.0,CA,LYS,67.0,9.642,8.694,9.538,0.07,2.275,0.58
ATOM,1050.0,C,LYS,67.0,10.072,7.242,9.763,0.51,2.0,0.0
ATOM,1051.0,O,LYS,67.0,10.999,7.018,10.554,-0.51,1.7,1.92
ATOM,1052.0,CB,LYS,67.0,8.468,9.13,10.417,-0.18,2.175,3.03
ATOM,1053.0,CG,LYS,67.0,8.484,10.644,10.64,-0.18,2.175,2.55
ATOM,1054.0,CD,LYS,67.0,7.798,11.01,11.959,-0.18,2.175,10.03
ATOM,1055.0,CE,LYS,67.0,7.118,12.377,11.861,0.21,2.175,13.9
ATOM,1056.0,NZ,LYS,67.0,8.121,13.443,11.711,-0.3,1.85,10.99
ATOM,1057.0,H,LYS,67.0,8.348,9.011,7.875,0.31,0.2245,0.0
ATOM,1058.0,HA,LYS,67.0,10.482,9.351,9.761,0.09,1.32,1.55
ATOM,1059.0,HB2,LYS,67.0,7.536,8.854,9.924,0.09,1.32,0.0
ATOM,1060.0,HB3,LYS,67.0,8.531,8.612,11.374,0.09,1.32,4.42
ATOM,1061.0,HG2,LYS,67.0,9.518,10.986,10.671,0.09,1.32,8.37
ATOM,1062.0,HG3,LYS,67.0,7.974,11.129,9.809,0.09,1.32,0.14
ATOM,1063.0,HD2,LYS,67.0,7.047,10.255,12.189,0.09,1.32,6.05
ATOM,1064.0,HD3,LYS,67.0,8.544,11.023,12.753,0.09,1.32,12.54
ATOM,1065.0,HE2,LYS,67.0,6.457,12.387,10.993,0.05,1.32,1.64
ATOM,1066.0,HE3,LYS,67.0,6.525,12.547,12.759,0.05,1.32,15.16
ATOM,1067.0,HZ1,LYS,67.0,8.676,13.284,10.87,0.33,0.2245,9.98
ATOM,1068.0,HZ2,LYS,67.0,7.644,14.342,11.648,0.33,0.2245,19.55
ATOM,1069.0,HZ3,LYS,67.0,8.742,13.453,12.521,0.33,0.2245,18.18
ATOM,1070.0,N,ILE,68.0,9.401,6.302,9.074,-0.47,1.85,0.0
ATOM,1071.0,CA,ILE,68.0,9.712,4.888,9.198,0.07,2.275,0.0
ATOM,1072.0,C,ILE,68.0,10.99,4.581,8.416,0.51,2.0,0.0
ATOM,1073.0,O,ILE,68.0,11.724,3.668,8.821,-0.51,1.7,0.0
ATOM,1074.0,CB,ILE,68.0,8.513,4.037,8.775,-0.09,2.275,0.0
ATOM,1075.0,CG1,ILE,68.0,7.609,3.73,9.971,-0.18,2.175,5.75
ATOM,1076.0,CG2,ILE,68.0,8.969,2.764,8.06,-0.27,2.06,17.22
ATOM,1077.0,CD1,ILE,68.0,6.137,3.953,9.618,-0.27,2.06,17.62
ATOM,1078.0,H,ILE,68.0,8.648,6.573,8.441,0.31,0.2245,0.0
ATOM,1079.0,HA,ILE,68.0,9.89,4.702,10.257,0.09,1.32,0.0
ATOM,1080.0,HB,ILE,68.0,7.963,4.654,8.064,0.09,1.32,0.0
ATOM,1081.0,HG12,ILE,68.0,7.75,2.689,10.264,0.09,1.32,10.13
ATOM,1082.0,HG13,ILE,68.0,7.893,4.374,10.803,0.09,1.32,2.81
ATOM,1083.0,HG21,ILE,68.0,9.605,2.174,8.719,0.09,1.32,3.9
ATOM,1084.0,HG22,ILE,68.0,8.091,2.184,7.774,0.09,1.32,10.47
ATOM,1085.0,HG23,ILE,68.0,9.531,3.023,7.162,0.09,1.32,0.51
ATOM,1086.0,HD11,ILE,68.0,5.853,3.309,8.786,0.09,1.32,9.87
ATOM,1087.0,HD12,ILE,68.0,5.525,3.726,10.491,0.09,1.32,14.82
ATOM,1088.0,HD13,ILE,68.0,5.977,4.993,9.333,0.09,1.32,0.0
ATOM,1089.0,N,LEU,69.0,11.227,5.336,7.328,-0.47,1.85,0.0
ATOM,1090.0,CA,LEU,69.0,12.406,5.146,6.5,0.07,2.275,0.0
ATOM,1091.0,C,LEU,69.0,13.628,5.72,7.219,0.51,2.0,0.09
ATOM,1092.0,O,LEU,69.0,14.727,5.174,7.043,-0.51,1.7,1.21
ATOM,1093.0,CB,LEU,69.0,12.181,5.732,5.105,-0.18,2.175,1.92
ATOM,1094.0,CG,LEU,69.0,11.414,4.847,4.12,-0.09,2.275,0.43
ATOM,1095.0,CD1,LEU,69.0,11.032,5.63,2.863,-0.27,2.06,17.53
ATOM,1096.0,CD2,LEU,69.0,12.206,3.582,3.789,-0.27,2.06,15.18
ATOM,1097.0,H,LEU,69.0,10.569,6.069,7.063,0.31,0.2245,0.0
ATOM,1098.0,HA,LEU,69.0,12.534,4.069,6.387,0.09,1.32,0.0
ATOM,1099.0,HB2,LEU,69.0,11.632,6.663,5.248,0.09,1.32,0.0
ATOM,1100.0,HB3,LEU,69.0,13.169,5.961,4.707,0.09,1.32,6.0
ATOM,1101.0,HG,LEU,69.0,10.499,4.567,4.643,0.09,1.32,0.44
ATOM,1102.0,HD11,LEU,69.0,11.929,6.008,2.373,0.09,1.32,12.7
ATOM,1103.0,HD12,LEU,69.0,10.488,4.971,2.186,0.09,1.32,9.21
ATOM,1104.0,HD13,LEU,69.0,10.391,6.471,3.128,0.09,1.32,0.0
ATOM,1105.0,HD21,LEU,69.0,12.398,3.014,4.699,0.09,1.32,0.14
ATOM,1106.0,HD22,LEU,69.0,11.632,2.977,3.087,0.09,1.32,12.7
ATOM,1107.0,HD23,LEU,69.0,13.158,3.848,3.33,0.09,1.32,3.68
ATOM,1108.0,N,LYS,70.0,13.416,6.793,8.003,-0.47,1.85,0.0
ATOM,1109.0,CA,LYS,70.0,14.492,7.432,8.74,0.07,2.275,0.0
ATOM,1110.0,C,LYS,70.0,15.031,6.462,9.793,0.51,2.0,0.0
ATOM,1111.0,O,LYS,70.0,16.218,6.564,10.136,-0.51,1.7,22.26
ATOM,1112.0,CB,LYS,70.0,14.025,8.77,9.318,-0.18,2.175,2.53
ATOM,1113.0,CG,LYS,70.0,15.212,9.699,9.578,-0.18,2.175,12.8
ATOM,1114.0,CD,LYS,70.0,15.323,10.766,8.486,-0.18,2.175,14.23
ATOM,1115.0,CE,LYS,70.0,15.514,10.124,7.111,0.21,2.175,7.85
ATOM,1116.0,NZ,LYS,70.0,16.888,9.615,6.965,-0.3,1.85,11.09
ATOM,1117.0,H,LYS,70.0,12.477,7.181,8.093,0.31,0.2245,0.0
ATOM,1118.0,HA,LYS,70.0,15.28,7.644,8.016,0.09,1.32,0.09
ATOM,1119.0,HB2,LYS,70.0,13.351,9.246,8.606,0.09,1.32,0.03
ATOM,1120.0,HB3,LYS,70.0,13.487,8.584,10.247,0.09,1.32,4.62
ATOM,1121.0,HG2,LYS,70.0,15.072,10.191,10.541,0.09,1.32,14.72
ATOM,1122.0,HG3,LYS,70.0,16.125,9.105,9.612,0.09,1.32,2.75
ATOM,1123.0,HD2,LYS,70.0,14.41,11.359,8.477,0.09,1.32,11.82
ATOM,1124.0,HD3,LYS,70.0,16.168,11.417,8.713,0.09,1.32,12.38
ATOM,1125.0,HE2,LYS,70.0,14.816,9.294,7.002,0.05,1.32,0.02
ATOM,1126.0,HE3,LYS,70.0,15.309,10.865,6.338,0.05,1.32,11.28
ATOM,1127.0,HZ1,LYS,70.0,17.081,8.922,7.688,0.33,0.2245,7.1
ATOM,1128.0,HZ2,LYS,70.0,16.99,9.193,6.042,0.33,0.2245,18.34
ATOM,1129.0,HZ3,LYS,70.0,17.554,10.382,7.055,0.33,0.2245,18.16
ATOM,1130.0,N,GLU,71.0,14.163,5.555,10.276,-0.47,1.85,0.0
ATOM,1131.0,CA,GLU,71.0,14.55,4.578,11.279,0.07,2.275,1.48
ATOM,1132.0,C,GLU,71.0,15.31,3.434,10.605,0.51,2.0,0.3
ATOM,1133.0,O,GLU,71.0,16.025,2.706,11.308,-0.51,1.7,27.46
ATOM,1134.0,CB,GLU,71.0,13.336,4.052,12.048,-0.18,2.175,5.91
ATOM,1135.0,CG,GLU,71.0,12.126,4.967,11.855,-0.28,2.175,1.94
ATOM,1136.0,CD,GLU,71.0,10.976,4.557,12.777,0.62,2.0,2.22
ATOM,1137.0,OE1,GLU,71.0,10.798,3.361,13.052,-0.76,1.7,31.09
ATOM,1138.0,OE2,GLU,71.0,10.253,5.532,13.214,-0.76,1.7,30.85
ATOM,1139.0,H,GLU,71.0,13.201,5.54,9.938,0.31,0.2245,0.0
ATOM,1140.0,HA,GLU,71.0,15.217,5.085,11.976,0.09,1.32,10.84
ATOM,1141.0,HB2,GLU,71.0,13.09,3.055,11.681,0.09,1.32,0.83
ATOM,1142.0,HB3,GLU,71.0,13.589,3.988,13.106,0.09,1.32,13.6
ATOM,1143.0,HG2,GLU,71.0,12.417,5.992,12.085,0.09,1.32,5.32
ATOM,1144.0,HG3,GLU,71.0,11.805,4.915,10.815,0.09,1.32,0.0
ATOM,1145.0,N,GLU,72.0,15.143,3.3,9.277,-0.47,1.85,0.0
ATOM,1146.0,CA,GLU,72.0,15.808,2.255,8.518,0.07,2.275,1.38
ATOM,1147.0,C,GLU,72.0,15.613,2.513,7.023,0.51,2.0,0.0
ATOM,1148.0,O,GLU,72.0,14.559,2.133,6.491,-0.51,1.7,0.99
ATOM,1149.0,CB,GLU,72.0,15.296,0.866,8.906,-0.18,2.175,9.76
ATOM,1150.0,CG,GLU,72.0,13.775,0.868,9.066,-0.28,2.175,2.01
ATOM,1151.0,CD,GLU,72.0,13.184,-0.496,8.703,0.62,2.0,4.17
ATOM,1152.0,OE1,GLU,72.0,13.53,-1.508,9.329,-0.76,1.7,42.2
ATOM,1153.0,OE2,GLU,72.0,12.335,-0.481,7.732,-0.76,1.7,32.69
ATOM,1154.0,H,GLU,72.0,14.534,3.945,8.772,0.31,0.2245,0.0
ATOM,1155.0,HA,GLU,72.0,16.87,2.319,8.753,0.09,1.32,9.25
ATOM,1156.0,HB2,GLU,72.0,15.57,0.157,8.125,0.09,1.32,8.29
ATOM,1157.0,HB3,GLU,72.0,15.768,0.565,9.841,0.09,1.32,9.09
ATOM,1158.0,HG2,GLU,72.0,13.528,1.097,10.103,0.09,1.32,4.59
ATOM,1159.0,HG3,GLU,72.0,13.352,1.639,8.422,0.09,1.32,0.0
ATOM,1160.0,N,SER,73.0,16.615,3.143,6.384,-0.47,1.85,0.58
ATOM,1161.0,CA,SER,73.0,16.553,3.447,4.965,0.07,2.275,0.9
ATOM,1162.0,C,SER,73.0,16.029,2.224,4.208,0.34,2.0,1.4
ATOM,1163.0,O,SER,73.0,14.978,2.287,3.574,-0.67,1.7,17.19
ATOM,1164.0,CB,SER,73.0,17.922,3.861,4.42,0.05,2.175,21.04
ATOM,1165.0,OG,SER,73.0,18.847,2.777,4.419,-0.66,1.77,22.33
ATOM,1166.0,H,SER,73.0,17.451,3.423,6.898,0.31,0.2245,6.9
ATOM,1167.0,HA,SER,73.0,15.851,4.27,4.838,0.09,1.32,1.99
ATOM,1168.0,HB2,SER,73.0,17.793,4.219,3.399,0.09,1.32,14.91
ATOM,1169.0,HB3,SER,73.0,18.304,4.676,5.036,0.09,1.32,11.93
ATOM,1170.0,OXT,SER,73.0,16.505,1.095,4.109,-0.67,1.7,33.64
ATOM,1171.0,HG,SER,73.0,19.206,2.65,5.341,0.43,0.2245,19.26
