atom,serial,name,resname,resid,x,y,z,charges,radius,sasa
ATOM,1.0,N,MET,1.0,5.502,-30.217,22.666,-0.3,1.85,13.49
ATOM,2.0,CA,MET,1.0,5.534,-30.071,24.183,0.21,2.275,3.57
ATOM,3.0,C,MET,1.0,6.974,-30.273,24.646,0.51,2.0,0.19
ATOM,4.0,O,MET,1.0,7.774,-30.856,23.919,-0.51,1.7,23.04
ATOM,5.0,CB,MET,1.0,4.647,-31.176,24.765,-0.18,2.175,7.11
ATOM,6.0,CG,MET,1.0,4.375,-31.1,26.219,-0.14,2.175,8.3
ATOM,7.0,SD,MET,1.0,3.197,-32.29,26.749,-0.09,2.0,37.46
ATOM,8.0,CE,MET,1.0,4.161,-33.701,27.168,-0.22,2.06,33.2
ATOM,9.0,H,MET,1.0,5.628,-31.175,22.444,0.33,0.2245,13.57
ATOM,10.0,HA,MET,1.0,5.256,-29.144,24.385,0.1,1.32,6.87
ATOM,11.0,HB2,MET,1.0,3.76,-31.168,24.257,0.09,1.32,9.19
ATOM,12.0,HB3,MET,1.0,5.085,-32.076,24.552,0.09,1.32,5.46
ATOM,13.0,HG2,MET,1.0,5.269,-31.206,26.73,0.09,1.32,0.0
ATOM,14.0,HG3,MET,1.0,4.065,-30.14,26.45,0.09,1.32,10.55
ATOM,15.0,HE1,MET,1.0,4.439,-34.197,26.337,0.09,1.32,9.94
ATOM,16.0,HE2,MET,1.0,4.991,-33.425,27.667,0.09,1.32,0.0
ATOM,17.0,HE3,MET,1.0,3.632,-34.328,27.752,0.09,1.32,12.26
ATOM,18.0,H2,MET,1.0,4.622,-29.895,22.342,0.33,0.2245,18.35
ATOM,19.0,H3,MET,1.0,6.237,-29.67,22.286,0.33,0.2245,11.16
ATOM,20.0,N,PHE,2.0,7.304,-29.779,25.842,-0.47,1.85,0.0
ATOM,21.0,CA,PHE,2.0,8.645,-29.942,26.395,0.07,2.275,0.51
ATOM,22.0,C,PHE,2.0,8.608,-30.673,27.722,0.51,2.0,0.09
ATOM,23.0,O,PHE,2.0,7.608,-30.682,28.42,-0.51,1.7,13.24
ATOM,24.0,CB,PHE,2.0,9.277,-28.577,26.638,-0.18,2.175,7.54
ATOM,25.0,CG,PHE,2.0,9.419,-27.745,25.368,0.0,1.9924,0.0
ATOM,26.0,CD1,PHE,2.0,8.356,-27.031,24.861,-0.115,1.9924,7.21
ATOM,27.0,CD2,PHE,2.0,10.618,-27.713,24.679,-0.115,1.9924,2.84
ATOM,28.0,CE1,PHE,2.0,8.503,-26.274,23.701,-0.115,1.9924,8.6
ATOM,29.0,CE2,PHE,2.0,10.766,-26.948,23.54,-0.115,1.9924,4.03
ATOM,30.0,CZ,PHE,2.0,9.729,-26.221,23.054,-0.115,1.9924,4.47
ATOM,31.0,H,PHE,2.0,6.538,-29.28,26.332,0.31,0.2245,4.37
ATOM,32.0,HA,PHE,2.0,9.157,-30.525,25.752,0.09,1.32,3.49
ATOM,33.0,HB2,PHE,2.0,8.701,-28.073,27.257,0.09,1.32,8.04
ATOM,34.0,HB3,PHE,2.0,10.181,-28.714,27.003,0.09,1.32,1.4
ATOM,35.0,HD1,PHE,2.0,7.473,-27.048,25.319,0.115,1.3582,7.65
ATOM,36.0,HD2,PHE,2.0,11.394,-28.256,25.015,0.115,1.3582,2.88
ATOM,37.0,HE1,PHE,2.0,7.711,-25.768,23.338,0.115,1.3582,8.82
ATOM,38.0,HE2,PHE,2.0,11.675,-26.941,23.067,0.115,1.3582,0.0
ATOM,39.0,HZ,PHE,2.0,9.829,-25.648,22.24,0.115,1.3582,0.0
ATOM,40.0,N,LYS,3.0,9.751,-31.241,28.062,-0.47,1.85,0.61
ATOM,41.0,CA,LYS,3.0,10.006,-31.82,29.368,0.07,2.275,1.63
ATOM,42.0,C,LYS,3.0,11.366,-31.329,29.834,0.51,2.0,0.69
ATOM,43.0,O,LYS,3.0,12.233,-30.992,29.016,-0.51,1.7,25.4
ATOM,44.0,CB,LYS,3.0,9.953,-33.35,29.349,-0.18,2.175,10.83
ATOM,45.0,CG,LYS,3.0,8.576,-33.922,29.084,-0.18,2.175,10.55
ATOM,46.0,CD,LYS,3.0,7.659,-33.759,30.258,-0.18,2.175,8.88
ATOM,47.0,CE,LYS,3.0,8.042,-34.647,31.449,0.21,2.175,17.68
ATOM,48.0,NZ,LYS,3.0,7.81,-36.118,31.201,-0.3,1.85,13.87
ATOM,49.0,H,LYS,3.0,10.474,-31.238,27.293,0.31,0.2245,7.09
ATOM,50.0,HA,LYS,3.0,9.312,-31.504,30.009,0.09,1.32,2.5
ATOM,51.0,HB2,LYS,3.0,10.573,-33.672,28.634,0.09,1.32,10.04
ATOM,52.0,HB3,LYS,3.0,10.269,-33.681,30.238,0.09,1.32,1.77
ATOM,53.0,HG2,LYS,3.0,8.179,-33.454,28.286,0.09,1.32,1.03
ATOM,54.0,HG3,LYS,3.0,8.667,-34.9,28.867,0.09,1.32,6.62
ATOM,55.0,HD2,LYS,3.0,7.679,-32.806,30.569,0.09,1.32,4.1
ATOM,56.0,HD3,LYS,3.0,6.723,-33.996,29.989,0.09,1.32,2.09
ATOM,57.0,HE2,LYS,3.0,9.016,-34.505,31.659,0.05,1.32,2.65
ATOM,58.0,HE3,LYS,3.0,7.501,-34.366,32.25,0.05,1.32,11.77
ATOM,59.0,HZ1,LYS,3.0,7.415,-36.523,32.021,0.33,0.2245,20.23
ATOM,60.0,HZ2,LYS,3.0,7.184,-36.219,30.433,0.33,0.2245,13.02
ATOM,61.0,HZ3,LYS,3.0,8.683,-36.55,30.991,0.33,0.2245,17.18
ATOM,62.0,N,HIS,4.0,11.542,-31.306,31.148,-0.47,1.85,0.37
ATOM,63.0,CA,HIS,4.0,12.73,-30.761,31.771,0.07,2.275,0.75
ATOM,64.0,C,HIS,4.0,13.372,-31.756,32.723,0.51,2.0,1.56
ATOM,65.0,O,HIS,4.0,12.69,-32.467,33.467,-0.51,1.7,24.35
ATOM,66.0,CB,HIS,4.0,12.34,-29.534,32.557,-0.08,2.175,13.86
ATOM,67.0,CG,HIS,4.0,13.475,-28.895,33.271,0.22,1.8,0.73
ATOM,68.0,H,HIS,4.0,10.746,-31.717,31.694,0.31,0.2245,4.25
ATOM,69.0,HA,HIS,4.0,13.401,-30.54,31.047,0.09,1.32,2.01
ATOM,70.0,HB2,HIS,4.0,11.935,-28.852,31.932,0.09,1.32,10.85
ATOM,71.0,HB3,HIS,4.0,11.639,-29.784,33.239,0.09,1.32,8.05
ATOM,72.0,ND1,HIS,4.0,13.612,-28.975,34.635,-0.7,1.85,14.96
ATOM,73.0,CD2,HIS,4.0,14.538,-28.18,32.816,-0.05,1.8,12.43
ATOM,74.0,CE1,HIS,4.0,14.706,-28.324,34.995,0.25,1.8,11.67
ATOM,75.0,NE2,HIS,4.0,15.283,-27.824,33.913,-0.36,1.85,3.4
ATOM,76.0,HD2,HIS,4.0,14.737,-27.957,31.867,0.09,1.468,14.74
ATOM,77.0,HE1,HIS,4.0,15.042,-28.224,35.929,0.13,0.9,0.84
ATOM,78.0,HE2,HIS,4.0,16.121,-27.28,33.899,0.32,0.2245,0.0
ATOM,79.0,N,THR,5.0,14.7,-31.798,32.674,-0.47,1.85,1.62
ATOM,80.0,CA,THR,5.0,15.482,-32.481,33.697,0.07,2.275,0.31
ATOM,81.0,C,THR,5.0,16.296,-31.457,34.466,0.51,2.0,0.0
ATOM,82.0,O,THR,5.0,16.797,-30.474,33.89,-0.51,1.7,0.95
ATOM,83.0,CB,THR,5.0,16.405,-33.559,33.126,0.14,2.275,3.72
ATOM,84.0,OG1,THR,5.0,17.186,-34.095,34.193,-0.66,1.77,0.0
ATOM,85.0,CG2,THR,5.0,17.389,-33.066,32.138,-0.27,2.06,19.59
ATOM,86.0,H,THR,5.0,15.122,-31.311,31.859,0.31,0.2245,4.34
ATOM,87.0,HA,THR,5.0,14.853,-32.93,34.332,0.09,1.32,3.65
ATOM,88.0,HB,THR,5.0,15.838,-34.309,32.738,0.09,1.32,11.73
ATOM,89.0,HG21,THR,5.0,17.172,-32.122,31.851,0.09,1.32,3.24
ATOM,90.0,HG22,THR,5.0,18.322,-33.066,32.526,0.09,1.32,0.0
ATOM,91.0,HG23,THR,5.0,17.395,-33.648,31.313,0.09,1.32,11.59
ATOM,92.0,HG1,THR,5.0,16.595,-34.553,34.867,0.43,0.2245,12.5
ATOM,93.0,N,ARG,6.0,16.453,-31.681,35.759,-0.47,1.85,0.02
ATOM,94.0,CA,ARG,6.0,17.221,-30.752,36.58,0.07,2.275,0.0
ATOM,95.0,C,ARG,6.0,18.71,-30.76,36.204,0.51,2.0,0.27
ATOM,96.0,O,ARG,6.0,19.438,-29.809,36.501,-0.51,1.7,13.65
ATOM,97.0,CB,ARG,6.0,17.01,-31.082,38.058,-0.18,2.175,12.48
ATOM,98.0,CG,ARG,6.0,15.684,-30.621,38.566,-0.18,2.175,12.67
ATOM,99.0,CD,ARG,6.0,15.69,-29.122,38.86,0.2,2.175,10.82
ATOM,100.0,NE,ARG,6.0,16.411,-28.867,40.1,-0.7,1.85,4.69
ATOM,101.0,CZ,ARG,6.0,15.907,-29.031,41.312,0.64,2.0,2.5
ATOM,102.0,NH1,ARG,6.0,14.642,-29.377,41.48,-0.8,1.85,23.66
ATOM,103.0,NH2,ARG,6.0,16.647,-28.786,42.377,-0.8,1.85,29.0
ATOM,104.0,H,ARG,6.0,16.004,-32.534,36.123,0.31,0.2245,5.08
ATOM,105.0,HA,ARG,6.0,16.864,-29.819,36.44,0.09,1.32,0.0
ATOM,106.0,HB2,ARG,6.0,17.069,-32.067,38.162,0.09,1.32,7.99
ATOM,107.0,HB3,ARG,6.0,17.727,-30.632,38.576,0.09,1.32,3.23
ATOM,108.0,HG2,ARG,6.0,14.973,-30.791,37.885,0.09,1.32,3.73
ATOM,109.0,HG3,ARG,6.0,15.456,-31.093,39.416,0.09,1.32,5.68
ATOM,110.0,HD2,ARG,6.0,16.143,-28.666,38.111,0.09,1.32,2.22
ATOM,111.0,HD3,ARG,6.0,14.753,-28.826,38.953,0.09,1.32,6.53
ATOM,112.0,HE,ARG,6.0,17.366,-28.541,40.028,0.44,0.2245,12.45
ATOM,113.0,HH11,ARG,6.0,14.047,-29.541,40.694,0.46,0.2245,9.41
ATOM,114.0,HH12,ARG,6.0,14.27,-29.479,42.409,0.46,0.2245,18.3
ATOM,115.0,HH21,ARG,6.0,17.602,-28.493,42.265,0.46,0.2245,18.05
ATOM,116.0,HH22,ARG,6.0,16.266,-28.891,43.295,0.46,0.2245,18.45
ATOM,117.0,N,LYS,7.0,19.166,-31.829,35.573,-0.47,1.85,0.0
ATOM,118.0,CA,LYS,7.0,20.566,-31.912,35.191,0.07,2.275,0.2
ATOM,119.0,C,LYS,7.0,20.875,-30.912,34.074,0.51,2.0,0.0
ATOM,120.0,O,LYS,7.0,20.19,-30.858,33.046,-0.51,1.7,5.62
ATOM,121.0,CB,LYS,7.0,20.917,-33.331,34.733,-0.18,2.175,2.45
ATOM,122.0,CG,LYS,7.0,20.77,-34.404,35.797,-0.18,2.175,13.49
ATOM,123.0,CD,LYS,7.0,20.886,-35.838,35.209,-0.18,2.175,19.58
ATOM,124.0,CE,LYS,7.0,20.33,-35.973,33.769,0.21,2.175,18.7
ATOM,125.0,NZ,LYS,7.0,18.841,-35.994,33.609,-0.3,1.85,5.8
ATOM,126.0,H,LYS,7.0,18.471,-32.566,35.384,0.31,0.2245,0.0
ATOM,127.0,HA,LYS,7.0,21.139,-31.688,35.986,0.09,1.32,5.53
ATOM,128.0,HB2,LYS,7.0,20.319,-33.566,33.964,0.09,1.32,0.0
ATOM,129.0,HB3,LYS,7.0,21.869,-33.328,34.417,0.09,1.32,6.28
ATOM,130.0,HG2,LYS,7.0,21.488,-34.295,36.485,0.09,1.32,11.31
ATOM,131.0,HG3,LYS,7.0,19.875,-34.323,36.236,0.09,1.32,2.89
ATOM,132.0,HD2,LYS,7.0,21.851,-36.095,35.197,0.09,1.32,11.66
ATOM,133.0,HD3,LYS,7.0,20.378,-36.462,35.799,0.09,1.32,10.71
ATOM,134.0,HE2,LYS,7.0,20.711,-35.203,33.213,0.05,1.32,4.49
ATOM,135.0,HE3,LYS,7.0,20.717,-36.829,33.363,0.05,1.32,12.29
ATOM,136.0,HZ1,LYS,7.0,18.565,-35.238,33.018,0.33,0.2245,0.22
ATOM,137.0,HZ2,LYS,7.0,18.569,-36.862,33.198,0.33,0.2245,20.47
ATOM,138.0,HZ3,LYS,7.0,18.414,-35.896,34.506,0.33,0.2245,5.15
ATOM,139.0,N,LEU,8.0,21.922,-30.149,34.262,-0.47,1.85,0.56
ATOM,140.0,CA,LEU,8.0,22.362,-29.223,33.217,0.07,2.275,0.0
ATOM,141.0,C,LEU,8.0,22.949,-29.94,31.987,0.51,2.0,0.0
ATOM,142.0,O,LEU,8.0,23.51,-31.035,32.1,-0.51,1.7,15.51
ATOM,143.0,CB,LEU,8.0,23.453,-28.308,33.775,-0.18,2.175,0.0
ATOM,144.0,CG,LEU,8.0,23.045,-27.435,34.954,-0.09,2.275,2.17
ATOM,145.0,CD1,LEU,8.0,24.285,-26.926,35.685,-0.27,2.06,12.97
ATOM,146.0,CD2,LEU,8.0,22.17,-26.295,34.495,-0.27,2.06,3.11
ATOM,147.0,H,LEU,8.0,22.398,-30.246,35.172,0.31,0.2245,7.01
ATOM,148.0,HA,LEU,8.0,21.564,-28.681,32.91,0.09,1.32,0.0
ATOM,149.0,HB2,LEU,8.0,24.208,-28.883,34.075,0.09,1.32,4.26
ATOM,150.0,HB3,LEU,8.0,23.748,-27.705,33.042,0.09,1.32,0.0
ATOM,151.0,HG,LEU,8.0,22.49,-27.973,35.585,0.09,1.32,2.2
ATOM,152.0,HD11,LEU,8.0,24.844,-26.387,35.055,0.09,1.32,0.0
ATOM,153.0,HD12,LEU,8.0,24.005,-26.355,36.456,0.09,1.32,0.89
ATOM,154.0,HD13,LEU,8.0,24.815,-27.704,36.021,0.09,1.32,8.73
ATOM,155.0,HD21,LEU,8.0,21.341,-26.655,34.06,0.09,1.32,0.0
ATOM,156.0,HD22,LEU,8.0,21.908,-25.728,35.28,0.09,1.32,1.45
ATOM,157.0,HD23,LEU,8.0,22.667,-25.728,33.833,0.09,1.32,0.0
ATOM,158.0,N,GLN,9.0,22.86,-29.327,30.814,-0.47,1.85,1.79
ATOM,159.0,CA,GLN,9.0,23.484,-29.937,29.653,0.07,2.275,2.95
ATOM,160.0,C,GLN,9.0,24.969,-30.128,29.887,0.51,2.0,0.0
ATOM,161.0,O,GLN,9.0,25.534,-31.173,29.536,-0.51,1.7,21.54
ATOM,162.0,CB,GLN,9.0,23.311,-29.094,28.394,-0.18,2.175,1.69
ATOM,163.0,CG,GLN,9.0,23.788,-29.836,27.169,-0.18,2.175,7.16
ATOM,164.0,CD,GLN,9.0,23.822,-28.987,25.907,0.55,2.0,0.19
ATOM,165.0,H,GLN,9.0,22.346,-28.445,30.804,0.31,0.2245,0.07
ATOM,166.0,HA,GLN,9.0,23.072,-30.846,29.519,0.09,1.32,8.84
ATOM,167.0,HB2,GLN,9.0,22.349,-28.882,28.28,0.09,1.32,0.37
ATOM,168.0,HB3,GLN,9.0,23.846,-28.263,28.488,0.09,1.32,0.0
ATOM,169.0,HG2,GLN,9.0,24.717,-30.183,27.338,0.09,1.32,0.85
ATOM,170.0,HG3,GLN,9.0,23.179,-30.62,27.004,0.09,1.32,9.77
ATOM,171.0,OE1,GLN,9.0,23.707,-27.76,25.964,-0.55,1.7,0.0
ATOM,172.0,NE2,GLN,9.0,23.939,-29.66,24.75,-0.62,1.85,9.52
ATOM,173.0,HE21,GLN,9.0,23.954,-29.161,23.868,0.32,0.2245,0.0
ATOM,174.0,HE22,GLN,9.0,24.012,-30.671,24.782,0.3,0.2245,17.26
ATOM,175.0,N,TYR,10.0,25.61,-29.1,30.444,-0.47,1.85,0.0
ATOM,176.0,CA,TYR,10.0,27.041,-29.14,30.717,0.07,2.275,1.56
ATOM,177.0,C,TYR,10.0,27.318,-28.288,31.947,0.51,2.0,0.3
ATOM,178.0,O,TYR,10.0,26.51,-27.466,32.342,-0.51,1.7,0.0
ATOM,179.0,CB,TYR,10.0,27.866,-28.654,29.512,-0.18,2.175,0.0
ATOM,180.0,CG,TYR,10.0,29.337,-28.925,29.588,0.0,1.9924,0.0
ATOM,181.0,CD1,TYR,10.0,29.856,-30.146,29.259,-0.115,1.9924,4.49
ATOM,182.0,CD2,TYR,10.0,30.19,-27.973,30.033,-0.115,1.9924,0.0
ATOM,183.0,CE1,TYR,10.0,31.221,-30.385,29.339,-0.115,1.9924,11.22
ATOM,184.0,CE2,TYR,10.0,31.538,-28.185,30.137,-0.115,1.9924,0.0
ATOM,185.0,CZ,TYR,10.0,32.065,-29.397,29.815,0.11,1.9924,0.06
ATOM,186.0,OH,TYR,10.0,33.421,-29.629,29.92,-0.54,1.77,26.11
ATOM,187.0,H,TYR,10.0,25.007,-28.281,30.662,0.31,0.2245,0.0
ATOM,188.0,HA,TYR,10.0,27.298,-30.081,30.924,0.09,1.32,4.45
ATOM,189.0,HB2,TYR,10.0,27.499,-29.102,28.692,0.09,1.32,0.0
ATOM,190.0,HB3,TYR,10.0,27.728,-27.663,29.428,0.09,1.32,0.0
ATOM,191.0,HD1,TYR,10.0,29.252,-30.889,28.955,0.115,1.3582,9.05
ATOM,192.0,HD2,TYR,10.0,29.823,-27.063,30.301,0.115,1.3582,0.0
ATOM,193.0,HE1,TYR,10.0,31.594,-31.27,29.051,0.115,1.3582,16.83
ATOM,194.0,HE2,TYR,10.0,32.141,-27.439,30.454,0.115,1.3582,0.0
ATOM,195.0,HH,TYR,10.0,33.856,-28.836,30.342,0.43,0.2245,0.0
ATOM,196.0,N,ASN,11.0,28.465,-28.527,32.587,-0.47,1.85,1.81
ATOM,197.0,CA,ASN,11.0,28.906,-27.773,33.754,0.07,2.275,0.46
ATOM,198.0,C,ASN,11.0,28.664,-26.27,33.621,0.51,2.0,0.0
ATOM,199.0,O,ASN,11.0,29.002,-25.663,32.585,-0.51,1.7,0.0
ATOM,200.0,CB,ASN,11.0,30.411,-28.005,34.024,-0.18,2.175,4.32
ATOM,201.0,CG,ASN,11.0,30.762,-29.473,34.288,0.55,2.0,2.26
ATOM,202.0,H,ASN,11.0,29.026,-29.312,32.172,0.31,0.2245,1.18
ATOM,203.0,HA,ASN,11.0,28.353,-28.09,34.542,0.09,1.32,3.55
ATOM,204.0,HB2,ASN,11.0,30.921,-27.698,33.226,0.09,1.32,0.0
ATOM,205.0,HB3,ASN,11.0,30.669,-27.47,34.824,0.09,1.32,2.97
ATOM,206.0,OD1,ASN,11.0,29.977,-30.226,34.878,-0.55,1.7,36.11
ATOM,207.0,ND2,ASN,11.0,31.959,-29.877,33.845,-0.62,1.85,14.82
ATOM,208.0,HD22,ASN,11.0,32.561,-29.23,33.381,0.3,0.2245,0.0
ATOM,209.0,HD21,ASN,11.0,32.245,-30.823,33.981,0.32,0.2245,21.55
ATOM,210.0,N,ALA,12.0,28.09,-25.674,34.66,-0.47,1.85,0.0
ATOM,211.0,CA,ALA,12.0,27.859,-24.233,34.692,0.07,2.275,0.0
ATOM,212.0,C,ALA,12.0,28.159,-23.704,36.077,0.51,2.0,0.0
ATOM,213.0,O,ALA,12.0,27.391,-22.945,36.662,-0.51,1.7,0.0
ATOM,214.0,CB,ALA,12.0,26.441,-23.889,34.286,-0.27,2.06,0.0
ATOM,215.0,H,ALA,12.0,27.824,-26.312,35.436,0.31,0.2245,2.1
ATOM,216.0,HA,ALA,12.0,28.476,-23.794,34.035,0.09,1.32,0.0
ATOM,217.0,HB1,ALA,12.0,26.384,-23.813,33.29,0.09,1.32,0.0
ATOM,218.0,HB2,ALA,12.0,25.817,-24.607,34.598,0.09,1.32,0.0
ATOM,219.0,HB3,ALA,12.0,26.173,-23.017,34.699,0.09,1.32,0.0
ATOM,220.0,N,LYS,13.0,29.293,-24.117,36.629,-0.47,1.85,0.0
ATOM,221.0,CA,LYS,13.0,29.654,-23.728,37.982,0.07,2.275,0.0
ATOM,222.0,C,LYS,13.0,31.056,-23.147,37.99,0.51,2.0,0.0
ATOM,223.0,O,LYS,13.0,31.977,-23.761,37.492,-0.51,1.7,6.16
ATOM,224.0,CB,LYS,13.0,29.612,-24.97,38.881,-0.18,2.175,4.75
ATOM,225.0,CG,LYS,13.0,29.893,-24.669,40.346,-0.18,2.175,1.29
ATOM,226.0,CD,LYS,13.0,29.742,-25.901,41.223,-0.18,2.175,13.29
ATOM,227.0,CE,LYS,13.0,30.083,-25.657,42.681,0.21,2.175,16.55
ATOM,228.0,NZ,LYS,13.0,29.476,-24.481,43.384,-0.3,1.85,3.18
ATOM,229.0,H,LYS,13.0,29.879,-24.723,36.027,0.31,0.2245,0.02
ATOM,230.0,HA,LYS,13.0,29.011,-23.028,38.304,0.09,1.32,0.0
ATOM,231.0,HB2,LYS,13.0,28.705,-25.373,38.811,0.09,1.32,2.68
ATOM,232.0,HB3,LYS,13.0,30.299,-25.613,38.554,0.09,1.32,5.89
ATOM,233.0,HG2,LYS,13.0,30.83,-24.322,40.433,0.09,1.32,0.33
ATOM,234.0,HG3,LYS,13.0,29.254,-23.965,40.663,0.09,1.32,0.0
ATOM,235.0,HD2,LYS,13.0,28.791,-26.22,41.168,0.09,1.32,1.89
ATOM,236.0,HD3,LYS,13.0,30.346,-26.623,40.872,0.09,1.32,10.52
ATOM,237.0,HE2,LYS,13.0,29.844,-26.509,43.218,0.05,1.32,13.26
ATOM,238.0,HE3,LYS,13.0,31.112,-25.584,42.768,0.05,1.32,11.04
ATOM,239.0,HZ1,LYS,13.0,29.365,-24.7,44.351,0.33,0.2245,19.41
ATOM,240.0,HZ2,LYS,13.0,30.079,-23.693,43.282,0.33,0.2245,8.9
ATOM,241.0,HZ3,LYS,13.0,28.587,-24.281,42.978,0.33,0.2245,0.0
ATOM,242.0,N,PRO,14.0,31.227,-21.969,38.567,-0.29,1.85,0.0
ATOM,243.0,CA,PRO,14.0,32.549,-21.34,38.633,0.02,2.275,0.0
ATOM,244.0,C,PRO,14.0,33.329,-21.867,39.811,0.51,2.0,0.04
ATOM,245.0,O,PRO,14.0,32.767,-22.386,40.709,-0.51,1.7,3.85
ATOM,246.0,CB,PRO,14.0,32.217,-19.881,38.902,-0.18,2.175,0.0
ATOM,247.0,CG,PRO,14.0,30.984,-19.946,39.719,-0.18,2.175,0.0
ATOM,248.0,CD,PRO,14.0,30.218,-21.169,39.26,0.0,2.175,0.0
ATOM,249.0,HA,PRO,14.0,33.05,-21.48,37.771,0.09,1.32,0.0
ATOM,250.0,HB2,PRO,14.0,32.961,-19.434,39.404,0.09,1.32,0.0
ATOM,251.0,HB3,PRO,14.0,32.059,-19.388,38.044,0.09,1.32,0.0
ATOM,252.0,HG2,PRO,14.0,31.206,-20.02,40.703,0.09,1.32,3.16
ATOM,253.0,HG3,PRO,14.0,30.424,-19.114,39.593,0.09,1.32,0.0
ATOM,254.0,HD2,PRO,14.0,29.838,-21.669,40.04,0.09,1.32,0.0
ATOM,255.0,HD3,PRO,14.0,29.473,-20.915,38.639,0.09,1.32,0.0
ATOM,256.0,N,ASP,15.0,34.635,-21.723,39.768,-0.47,1.85,0.0
ATOM,257.0,CA,ASP,15.0,35.442,-22.076,40.932,0.07,2.275,0.86
ATOM,258.0,C,ASP,15.0,35.208,-21.103,42.085,0.51,2.0,0.0
ATOM,259.0,O,ASP,15.0,35.295,-21.478,43.263,-0.51,1.7,29.74
ATOM,260.0,CB,ASP,15.0,36.913,-22.081,40.562,-0.28,2.175,5.37
ATOM,261.0,CG,ASP,15.0,37.278,-23.199,39.603,0.62,2.0,2.9
ATOM,262.0,OD1,ASP,15.0,36.463,-24.108,39.316,-0.76,1.7,22.68
ATOM,263.0,OD2,ASP,15.0,38.392,-23.25,39.083,-0.76,1.7,20.02
ATOM,264.0,H,ASP,15.0,35.023,-21.359,38.89,0.31,0.2245,0.0
ATOM,265.0,HA,ASP,15.0,35.134,-22.983,41.245,0.09,1.32,6.85
ATOM,266.0,HB2,ASP,15.0,37.13,-21.211,40.13,0.09,1.32,0.0
ATOM,267.0,HB3,ASP,15.0,37.446,-22.192,41.395,0.09,1.32,9.28
ATOM,268.0,N,ARG,16.0,34.957,-19.842,41.771,-0.47,1.85,0.0
ATOM,269.0,CA,ARG,16.0,34.726,-18.846,42.792,0.07,2.275,2.01
ATOM,270.0,C,ARG,16.0,33.74,-17.804,42.323,0.51,2.0,0.04
ATOM,271.0,O,ARG,16.0,33.458,-17.695,41.141,-0.51,1.7,0.0
ATOM,272.0,CB,ARG,16.0,36.024,-18.15,43.187,-0.18,2.175,8.98
ATOM,273.0,CG,ARG,16.0,36.78,-17.538,42.106,-0.18,2.175,0.92
ATOM,274.0,CD,ARG,16.0,38.297,-17.287,42.46,0.2,2.175,19.88
ATOM,275.0,NE,ARG,16.0,38.929,-16.733,41.276,-0.7,1.85,5.9
ATOM,276.0,CZ,ARG,16.0,39.331,-17.454,40.223,0.64,2.0,1.78
ATOM,277.0,NH1,ARG,16.0,39.261,-18.801,40.241,-0.8,1.85,12.32
ATOM,278.0,NH2,ARG,16.0,39.832,-16.823,39.168,-0.8,1.85,12.25
ATOM,279.0,H,ARG,16.0,34.942,-19.64,40.752,0.31,0.2245,0.0
ATOM,280.0,HA,ARG,16.0,34.352,-19.3,43.614,0.09,1.32,6.22
ATOM,281.0,HB2,ARG,16.0,35.784,-17.444,43.873,0.09,1.32,5.53
ATOM,282.0,HB3,ARG,16.0,36.6,-18.84,43.652,0.09,1.32,5.83
ATOM,283.0,HG2,ARG,16.0,36.79,-18.115,41.279,0.09,1.32,0.0
ATOM,284.0,HG3,ARG,16.0,36.412,-16.634,41.854,0.09,1.32,0.49
ATOM,285.0,HD2,ARG,16.0,38.311,-16.646,43.192,0.09,1.32,9.93
ATOM,286.0,HD3,ARG,16.0,38.679,-18.154,42.683,0.09,1.32,4.92
ATOM,287.0,HE,ARG,16.0,39.079,-15.736,41.238,0.44,0.2245,15.99
ATOM,288.0,HH11,ARG,16.0,38.888,-19.264,41.038,0.46,0.2245,2.17
ATOM,289.0,HH12,ARG,16.0,39.583,-19.319,39.453,0.46,0.2245,4.52
ATOM,290.0,HH21,ARG,16.0,39.889,-15.825,39.154,0.46,0.2245,14.43
ATOM,291.0,HH22,ARG,16.0,40.155,-17.349,38.378,0.46,0.2245,1.29
ATOM,292.0,N,SER,17.0,33.24,-17.032,43.276,-0.47,1.85,2.84
ATOM,293.0,CA,SER,17.0,32.311,-15.982,42.948,0.07,2.275,0.1
ATOM,294.0,C,SER,17.0,33.026,-14.813,42.229,0.51,2.0,0.0
ATOM,295.0,O,SER,17.0,34.228,-14.615,42.327,-0.51,1.7,12.53
ATOM,296.0,CB,SER,17.0,31.619,-15.481,44.211,0.05,2.175,1.22
ATOM,297.0,OG,SER,17.0,32.518,-14.852,45.059,-0.66,1.77,16.84
ATOM,298.0,H,SER,17.0,33.566,-17.246,44.233,0.31,0.2245,6.79
ATOM,299.0,HA,SER,17.0,31.622,-16.343,42.309,0.09,1.32,0.0
ATOM,300.0,HB2,SER,17.0,30.901,-14.839,43.944,0.09,1.32,0.0
ATOM,301.0,HB3,SER,17.0,31.208,-16.265,44.677,0.09,1.32,2.25
ATOM,302.0,HG,SER,17.0,32.077,-14.077,45.521,0.43,0.2245,8.8
ATOM,303.0,N,ASP,18.0,32.249,-14.058,41.465,-0.47,1.85,0.0
ATOM,304.0,CA,ASP,18.0,32.762,-12.882,40.75,0.07,2.275,0.56
ATOM,305.0,C,ASP,18.0,31.553,-12.126,40.206,0.51,2.0,0.0
ATOM,306.0,O,ASP,18.0,31.045,-12.458,39.125,-0.51,1.7,0.0
ATOM,307.0,CB,ASP,18.0,33.668,-13.324,39.613,-0.28,2.175,5.94
ATOM,308.0,CG,ASP,18.0,34.234,-12.174,38.809,0.62,2.0,2.91
ATOM,309.0,OD1,ASP,18.0,33.781,-11.002,38.982,-0.76,1.7,5.9
ATOM,310.0,OD2,ASP,18.0,35.145,-12.373,37.957,-0.76,1.7,21.69
ATOM,311.0,H,ASP,18.0,31.256,-14.362,41.413,0.31,0.2245,0.0
ATOM,312.0,HA,ASP,18.0,33.196,-12.297,41.422,0.09,1.32,2.66
ATOM,313.0,HB2,ASP,18.0,34.426,-13.843,40.004,0.09,1.32,3.07
ATOM,314.0,HB3,ASP,18.0,33.138,-13.91,39.003,0.09,1.32,0.0
ATOM,315.0,N,PRO,19.0,31.057,-11.144,40.951,-0.29,1.85,0.0
ATOM,316.0,CA,PRO,19.0,29.825,-10.46,40.554,0.02,2.275,0.0
ATOM,317.0,C,PRO,19.0,29.993,-9.547,39.355,0.51,2.0,0.0
ATOM,318.0,O,PRO,19.0,29.003,-9.191,38.711,-0.51,1.7,0.0
ATOM,319.0,CB,PRO,19.0,29.42,-9.694,41.794,-0.18,2.175,0.0
ATOM,320.0,CG,PRO,19.0,30.597,-9.474,42.485,-0.18,2.175,0.0
ATOM,321.0,CD,PRO,19.0,31.548,-10.651,42.246,0.0,2.175,7.35
ATOM,322.0,HA,PRO,19.0,29.082,-11.139,40.387,0.09,1.32,0.0
ATOM,323.0,HB2,PRO,19.0,28.943,-8.833,41.517,0.09,1.32,0.0
ATOM,324.0,HB3,PRO,19.0,28.734,-10.24,42.319,0.09,1.32,0.0
ATOM,325.0,HG2,PRO,19.0,31.083,-8.609,42.202,0.09,1.32,0.0
ATOM,326.0,HG3,PRO,19.0,30.462,-9.375,43.503,0.09,1.32,0.0
ATOM,327.0,HD2,PRO,19.0,32.482,-10.339,42.179,0.09,1.32,4.21
ATOM,328.0,HD3,PRO,19.0,31.445,-11.335,42.952,0.09,1.32,0.01
ATOM,329.0,N,ILE,20.0,31.232,-9.195,39.035,-0.47,1.85,0.0
ATOM,330.0,CA,ILE,20.0,31.498,-8.437,37.83,0.07,2.275,0.0
ATOM,331.0,C,ILE,20.0,31.343,-9.321,36.596,0.51,2.0,0.0
ATOM,332.0,O,ILE,20.0,30.751,-8.938,35.592,-0.51,1.7,0.21
ATOM,333.0,CB,ILE,20.0,32.903,-7.805,37.902,-0.09,2.275,1.61
ATOM,334.0,CG1,ILE,20.0,33.027,-6.932,39.155,-0.18,2.175,5.44
ATOM,335.0,CG2,ILE,20.0,33.192,-7.035,36.644,-0.27,2.06,13.36
ATOM,336.0,CD1,ILE,20.0,32.035,-5.9,39.282,-0.27,2.06,1.99
ATOM,337.0,H,ILE,20.0,31.962,-9.501,39.701,0.31,0.2245,0.0
ATOM,338.0,HA,ILE,20.0,30.782,-7.735,37.768,0.09,1.32,0.0
ATOM,339.0,HB,ILE,20.0,33.566,-8.54,37.972,0.09,1.32,1.25
ATOM,340.0,HG12,ILE,20.0,33.0,-7.556,39.953,0.09,1.32,0.34
ATOM,341.0,HG13,ILE,20.0,33.958,-6.53,39.138,0.09,1.32,10.28
ATOM,342.0,HG21,ILE,20.0,34.124,-6.67,36.672,0.09,1.32,6.48
ATOM,343.0,HG22,ILE,20.0,33.102,-7.635,35.846,0.09,1.32,0.0
ATOM,344.0,HG23,ILE,20.0,32.547,-6.274,36.552,0.09,1.32,2.83
ATOM,345.0,HD11,ILE,20.0,31.101,-6.288,39.316,0.09,1.32,0.0
ATOM,346.0,HD12,ILE,20.0,32.17,-5.36,40.127,0.09,1.32,0.0
ATOM,347.0,HD13,ILE,20.0,32.069,-5.257,38.501,0.09,1.32,0.09
ATOM,348.0,N,MET,21.0,31.878,-10.528,36.661,-0.47,1.85,0.0
ATOM,349.0,CA,MET,21.0,31.672,-11.482,35.602,0.07,2.275,0.0
ATOM,350.0,C,MET,21.0,30.192,-11.843,35.494,0.51,2.0,0.0
ATOM,351.0,O,MET,21.0,29.705,-12.073,34.385,-0.51,1.7,0.0
ATOM,352.0,CB,MET,21.0,32.534,-12.724,35.822,-0.18,2.175,0.19
ATOM,353.0,CG,MET,21.0,32.516,-13.681,34.63,-0.14,2.175,0.06
ATOM,354.0,SD,MET,21.0,33.469,-12.957,33.278,-0.09,2.0,0.0
ATOM,355.0,CE,MET,21.0,33.159,-14.155,32.039,-0.22,2.06,0.0
ATOM,356.0,H,MET,21.0,32.438,-10.715,37.513,0.31,0.2245,0.0
ATOM,357.0,HA,MET,21.0,31.948,-11.063,34.73,0.09,1.32,0.0
ATOM,358.0,HB2,MET,21.0,33.483,-12.442,35.985,0.09,1.32,0.0
ATOM,359.0,HB3,MET,21.0,32.199,-13.219,36.628,0.09,1.32,0.0
ATOM,360.0,HG2,MET,21.0,32.91,-14.563,34.916,0.09,1.32,0.1
ATOM,361.0,HG3,MET,21.0,31.56,-13.838,34.352,0.09,1.32,0.0
ATOM,362.0,HE1,MET,21.0,33.089,-15.076,32.444,0.09,1.32,0.0
ATOM,363.0,HE2,MET,21.0,32.296,-13.955,31.559,0.09,1.32,0.0
ATOM,364.0,HE3,MET,21.0,33.903,-14.165,31.359,0.09,1.32,0.0
ATOM,365.0,N,ALA,22.0,29.483,-11.937,36.624,-0.47,1.85,0.0
ATOM,366.0,CA,ALA,22.0,28.042,-12.184,36.572,0.07,2.275,0.0
ATOM,367.0,C,ALA,22.0,27.354,-11.139,35.699,0.51,2.0,0.0
ATOM,368.0,O,ALA,22.0,26.519,-11.473,34.848,-0.51,1.7,0.0
ATOM,369.0,CB,ALA,22.0,27.443,-12.178,37.923,-0.27,2.06,0.0
ATOM,370.0,H,ALA,22.0,30.019,-11.825,37.492,0.31,0.2245,0.0
ATOM,371.0,HA,ALA,22.0,27.884,-13.092,36.171,0.09,1.32,0.0
ATOM,372.0,HB1,ALA,22.0,28.119,-12.463,38.614,0.09,1.32,0.0
ATOM,373.0,HB2,ALA,22.0,27.117,-11.256,38.164,0.09,1.32,0.0
ATOM,374.0,HB3,ALA,22.0,26.66,-12.811,37.969,0.09,1.32,0.0
ATOM,375.0,N,ARG,23.0,27.736,-9.877,35.914,-0.47,1.85,0.0
ATOM,376.0,CA,ARG,23.0,27.178,-8.793,35.128,0.07,2.275,0.0
ATOM,377.0,C,ARG,23.0,27.525,-8.95,33.645,0.51,2.0,0.0
ATOM,378.0,O,ARG,23.0,26.679,-8.739,32.767,-0.51,1.7,0.0
ATOM,379.0,CB,ARG,23.0,27.614,-7.46,35.703,-0.18,2.175,0.03
ATOM,380.0,CG,ARG,23.0,27.098,-6.287,34.907,-0.18,2.175,0.9
ATOM,381.0,CD,ARG,23.0,27.495,-4.961,35.503,0.2,2.175,2.52
ATOM,382.0,NE,ARG,23.0,26.957,-3.882,34.698,-0.7,1.85,1.08
ATOM,383.0,CZ,ARG,23.0,27.391,-2.625,34.703,0.64,2.0,2.07
ATOM,384.0,NH1,ARG,23.0,28.366,-2.261,35.501,-0.8,1.85,12.46
ATOM,385.0,NH2,ARG,23.0,26.85,-1.727,33.872,-0.8,1.85,17.54
ATOM,386.0,H,ARG,23.0,28.436,-9.754,36.661,0.31,0.2245,0.0
ATOM,387.0,HA,ARG,23.0,26.174,-8.8,35.221,0.09,1.32,0.0
ATOM,388.0,HB2,ARG,23.0,27.263,-7.386,36.629,0.09,1.32,0.0
ATOM,389.0,HB3,ARG,23.0,28.606,-7.425,35.701,0.09,1.32,0.14
ATOM,390.0,HG2,ARG,23.0,27.46,-6.332,33.972,0.09,1.32,0.95
ATOM,391.0,HG3,ARG,23.0,26.095,-6.325,34.868,0.09,1.32,0.0
ATOM,392.0,HD2,ARG,23.0,27.125,-4.907,36.42,0.09,1.32,0.0
ATOM,393.0,HD3,ARG,23.0,28.484,-4.907,35.512,0.09,1.32,2.85
ATOM,394.0,HE,ARG,23.0,26.182,-4.1,34.076,0.44,0.2245,0.0
ATOM,395.0,HH11,ARG,23.0,28.819,-2.915,36.107,0.46,0.2245,0.03
ATOM,396.0,HH12,ARG,23.0,28.676,-1.298,35.511,0.46,0.2245,13.95
ATOM,397.0,HH21,ARG,23.0,26.133,-2.02,33.238,0.46,0.2245,0.0
ATOM,398.0,HH22,ARG,23.0,27.16,-0.783,33.886,0.46,0.2245,15.72
ATOM,399.0,N,ARG,24.0,28.775,-9.291,33.338,-0.47,1.85,0.0
ATOM,400.0,CA,ARG,24.0,29.121,-9.505,31.941,0.07,2.275,0.59
ATOM,401.0,C,ARG,24.0,28.285,-10.596,31.282,0.51,2.0,0.0
ATOM,402.0,O,ARG,24.0,27.847,-10.461,30.142,-0.51,1.7,0.94
ATOM,403.0,CB,ARG,24.0,30.599,-9.852,31.739,-0.18,2.175,1.28
ATOM,404.0,CG,ARG,24.0,31.586,-8.82,32.173,-0.18,2.175,6.34
ATOM,405.0,CD,ARG,24.0,32.986,-9.205,31.669,0.2,2.175,1.41
ATOM,406.0,NE,ARG,24.0,33.994,-8.302,32.21,-0.7,1.85,1.18
ATOM,407.0,CZ,ARG,24.0,34.646,-8.482,33.35,0.64,2.0,0.0
ATOM,408.0,NH1,ARG,24.0,34.469,-9.6,34.056,-0.8,1.85,0.0
ATOM,409.0,NH2,ARG,24.0,35.469,-7.541,33.784,-0.8,1.85,14.83
ATOM,410.0,H,ARG,24.0,29.421,-9.382,34.12,0.31,0.2245,0.0
ATOM,411.0,HA,ARG,24.0,28.975,-8.638,31.432,0.09,1.32,1.82
ATOM,412.0,HB2,ARG,24.0,30.782,-10.705,32.245,0.09,1.32,0.0
ATOM,413.0,HB3,ARG,24.0,30.736,-10.035,30.757,0.09,1.32,0.91
ATOM,414.0,HG2,ARG,24.0,31.363,-7.938,31.784,0.09,1.32,9.72
ATOM,415.0,HG3,ARG,24.0,31.63,-8.773,33.161,0.09,1.32,0.0
ATOM,416.0,HD2,ARG,24.0,33.17,-10.13,31.968,0.09,1.32,0.0
ATOM,417.0,HD3,ARG,24.0,32.977,-9.144,30.681,0.09,1.32,0.43
ATOM,418.0,HE,ARG,24.0,34.214,-7.471,31.672,0.44,0.2245,10.98
ATOM,419.0,HH11,ARG,24.0,33.864,-10.319,33.729,0.46,0.2245,0.0
ATOM,420.0,HH12,ARG,24.0,34.955,-9.715,34.928,0.46,0.2245,3.18
ATOM,421.0,HH21,ARG,24.0,35.613,-6.709,33.245,0.46,0.2245,18.0
ATOM,422.0,HH22,ARG,24.0,35.953,-7.658,34.653,0.46,0.2245,13.34
ATOM,423.0,N,LEU,25.0,28.087,-11.697,32.004,-0.47,1.85,0.0
ATOM,424.0,CA,LEU,25.0,27.364,-12.839,31.443,0.07,2.275,0.0
ATOM,425.0,C,LEU,25.0,25.886,-12.539,31.239,0.51,2.0,0.0
ATOM,426.0,O,LEU,25.0,25.22,-13.285,30.519,-0.51,1.7,0.0
ATOM,427.0,CB,LEU,25.0,27.546,-14.062,32.322,-0.18,2.175,0.0
ATOM,428.0,CG,LEU,25.0,28.874,-14.769,32.116,-0.09,2.275,0.0
ATOM,429.0,CD1,LEU,25.0,29.168,-15.691,33.303,-0.27,2.06,0.0
ATOM,430.0,CD2,LEU,25.0,28.798,-15.565,30.838,-0.27,2.06,0.13
ATOM,431.0,H,LEU,25.0,28.474,-11.675,32.959,0.31,0.2245,0.0
ATOM,432.0,HA,LEU,25.0,27.772,-13.064,30.545,0.09,1.32,0.0
ATOM,433.0,HB2,LEU,25.0,27.505,-13.772,33.266,0.09,1.32,0.0
ATOM,434.0,HB3,LEU,25.0,26.828,-14.705,32.109,0.09,1.32,0.0
ATOM,435.0,HG,LEU,25.0,29.603,-14.092,32.042,0.09,1.32,0.0
ATOM,436.0,HD11,LEU,25.0,28.441,-16.371,33.38,0.09,1.32,0.0
ATOM,437.0,HD12,LEU,25.0,30.043,-16.149,33.155,0.09,1.32,0.0
ATOM,438.0,HD13,LEU,25.0,29.21,-15.148,34.14,0.09,1.32,0.0
ATOM,439.0,HD21,LEU,25.0,28.616,-14.953,30.064,0.09,1.32,0.0
ATOM,440.0,HD22,LEU,25.0,29.666,-16.042,30.68,0.09,1.32,0.0
ATOM,441.0,HD23,LEU,25.0,28.06,-16.241,30.9,0.09,1.32,0.0
ATOM,442.0,N,GLN,26.0,25.388,-11.444,31.806,-0.47,1.85,0.0
ATOM,443.0,CA,GLN,26.0,24.024,-11.027,31.494,0.07,2.275,0.0
ATOM,444.0,C,GLN,26.0,23.888,-10.786,29.984,0.51,2.0,0.0
ATOM,445.0,O,GLN,26.0,22.813,-10.885,29.436,-0.51,1.7,0.0
ATOM,446.0,CB,GLN,26.0,23.625,-9.784,32.276,-0.18,2.175,0.0
ATOM,447.0,CG,GLN,26.0,23.358,-10.076,33.734,-0.18,2.175,0.0
ATOM,448.0,CD,GLN,26.0,22.087,-10.876,34.059,0.55,2.0,0.0
ATOM,449.0,H,GLN,26.0,26.013,-10.947,32.446,0.31,0.2245,0.0
ATOM,450.0,HA,GLN,26.0,23.405,-11.774,31.738,0.09,1.32,0.0
ATOM,451.0,HB2,GLN,26.0,24.364,-9.116,32.22,0.09,1.32,0.0
ATOM,452.0,HB3,GLN,26.0,22.794,-9.403,31.875,0.09,1.32,0.0
ATOM,453.0,HG2,GLN,26.0,24.148,-10.589,34.117,0.09,1.32,0.0
ATOM,454.0,HG3,GLN,26.0,23.304,-9.196,34.241,0.09,1.32,0.0
ATOM,455.0,OE1,GLN,26.0,21.941,-11.334,35.207,-0.55,1.7,0.0
ATOM,456.0,NE2,GLN,26.0,21.218,-11.133,33.044,-0.62,1.85,0.0
ATOM,457.0,HE21,GLN,26.0,20.396,-11.654,33.2,0.32,0.2245,0.0
ATOM,458.0,HE22,GLN,26.0,21.456,-10.763,32.123,0.3,0.2245,0.0
ATOM,459.0,N,GLU,27.0,24.981,-10.452,29.311,-0.47,1.85,0.0
ATOM,460.0,CA,GLU,27.0,24.936,-10.294,27.849,0.07,2.275,0.0
ATOM,461.0,C,GLU,27.0,24.498,-11.604,27.191,0.51,2.0,0.0
ATOM,462.0,O,GLU,27.0,23.691,-11.61,26.274,-0.51,1.7,0.0
ATOM,463.0,CB,GLU,27.0,26.272,-9.866,27.308,-0.18,2.175,5.12
ATOM,464.0,CG,GLU,27.0,26.189,-9.391,25.874,-0.28,2.175,2.47
ATOM,465.0,CD,GLU,27.0,25.493,-8.075,25.726,0.62,2.0,2.57
ATOM,466.0,OE1,GLU,27.0,25.888,-7.144,26.459,-0.76,1.7,18.04
ATOM,467.0,OE2,GLU,27.0,24.583,-7.979,24.887,-0.76,1.7,8.33
ATOM,468.0,H,GLU,27.0,25.831,-10.317,29.873,0.31,0.2245,0.0
ATOM,469.0,HA,GLU,27.0,24.29,-9.567,27.611,0.09,1.32,0.0
ATOM,470.0,HB2,GLU,27.0,26.599,-9.115,27.849,0.09,1.32,0.0
ATOM,471.0,HB3,GLU,27.0,26.876,-10.638,27.329,0.09,1.32,0.01
ATOM,472.0,HG2,GLU,27.0,27.11,-9.289,25.531,0.09,1.32,5.54
ATOM,473.0,HG3,GLU,27.0,25.683,-10.063,25.356,0.09,1.32,0.0
ATOM,474.0,N,SER,28.0,25.038,-12.718,27.672,-0.47,1.85,0.0
ATOM,475.0,CA,SER,28.0,24.713,-14.021,27.124,0.07,2.275,0.06
ATOM,476.0,C,SER,28.0,23.336,-14.516,27.492,0.51,2.0,0.0
ATOM,477.0,O,SER,28.0,22.796,-15.38,26.822,-0.51,1.7,0.0
ATOM,478.0,CB,SER,28.0,25.74,-15.048,27.596,0.05,2.175,2.96
ATOM,479.0,OG,SER,28.0,27.028,-14.704,27.159,-0.66,1.77,0.43
ATOM,480.0,H,SER,28.0,25.701,-12.574,28.461,0.31,0.2245,0.0
ATOM,481.0,HA,SER,28.0,24.76,-13.952,26.106,0.09,1.32,0.64
ATOM,482.0,HB2,SER,28.0,25.726,-15.078,28.592,0.09,1.32,0.0
ATOM,483.0,HB3,SER,28.0,25.492,-15.939,27.224,0.09,1.32,0.93
ATOM,484.0,HG,SER,28.0,26.968,-14.045,26.408,0.43,0.2245,2.05
ATOM,485.0,N,LEU,29.0,22.753,-13.971,28.517,-0.47,1.85,0.0
ATOM,486.0,CA,LEU,29.0,21.419,-14.348,28.946,0.07,2.275,0.0
ATOM,487.0,C,LEU,29.0,20.367,-13.432,28.322,0.51,2.0,0.0
ATOM,488.0,O,LEU,29.0,19.49,-13.891,27.592,-0.51,1.7,0.0
ATOM,489.0,CB,LEU,29.0,21.329,-14.338,30.476,-0.18,2.175,0.0
ATOM,490.0,CG,LEU,29.0,19.987,-14.746,31.104,-0.09,2.275,0.0
ATOM,491.0,CD1,LEU,29.0,19.409,-16.019,30.516,-0.27,2.06,0.0
ATOM,492.0,CD2,LEU,29.0,20.149,-14.897,32.603,-0.27,2.06,0.0
ATOM,493.0,H,LEU,29.0,23.318,-13.238,29.012,0.31,0.2245,0.0
ATOM,494.0,HA,LEU,29.0,21.234,-15.29,28.644,0.09,1.32,0.0
ATOM,495.0,HB2,LEU,29.0,22.022,-14.968,30.827,0.09,1.32,0.0
ATOM,496.0,HB3,LEU,29.0,21.531,-13.411,30.788,0.09,1.32,0.0
ATOM,497.0,HG,LEU,29.0,19.33,-13.988,30.975,0.09,1.32,0.0
ATOM,498.0,HD11,LEU,29.0,20.048,-16.776,30.658,0.09,1.32,0.0
ATOM,499.0,HD12,LEU,29.0,18.539,-16.232,30.963,0.09,1.32,0.0
ATOM,500.0,HD13,LEU,29.0,19.255,-15.897,29.534,0.09,1.32,0.0
ATOM,501.0,HD21,LEU,29.0,20.448,-14.027,33.0,0.09,1.32,0.0
ATOM,502.0,HD22,LEU,29.0,19.274,-15.163,33.012,0.09,1.32,0.64
ATOM,503.0,HD23,LEU,29.0,20.833,-15.602,32.8,0.09,1.32,0.0
ATOM,504.0,N,GLY,30.0,20.467,-12.142,28.599,-0.47,1.85,0.0
ATOM,505.0,CA,GLY,30.0,19.439,-11.208,28.179,-0.02,2.175,0.0
ATOM,506.0,C,GLY,30.0,19.824,-10.254,27.064,0.51,2.0,0.0
ATOM,507.0,O,GLY,30.0,19.07,-9.349,26.74,-0.51,1.7,0.0
ATOM,508.0,H,GLY,30.0,21.316,-11.868,29.124,0.31,0.2245,0.0
ATOM,509.0,HA2,GLY,30.0,18.604,-11.737,27.89,0.09,1.32,0.18
ATOM,510.0,HA3,GLY,30.0,19.133,-10.659,28.995,0.09,1.32,0.0
ATOM,511.0,N,GLY,31.0,21.005,-10.424,26.471,-0.47,1.85,0.0
ATOM,512.0,CA,GLY,31.0,21.487,-9.526,25.435,-0.02,2.175,0.0
ATOM,513.0,C,GLY,31.0,20.96,-9.825,24.045,0.51,2.0,0.0
ATOM,514.0,O,GLY,31.0,20.391,-10.877,23.761,-0.51,1.7,0.0
ATOM,515.0,H,GLY,31.0,21.544,-11.248,26.813,0.31,0.2245,0.0
ATOM,516.0,HA2,GLY,31.0,21.241,-8.564,25.685,0.09,1.32,0.0
ATOM,517.0,HA3,GLY,31.0,22.51,-9.555,25.417,0.09,1.32,0.0
ATOM,518.0,N,GLN,32.0,21.208,-8.855,23.182,-0.47,1.85,0.0
ATOM,519.0,CA,GLN,32.0,20.829,-8.872,21.791,0.07,2.275,0.0
ATOM,520.0,C,GLN,32.0,21.098,-10.201,21.107,0.51,2.0,0.0
ATOM,521.0,O,GLN,32.0,20.247,-10.727,20.408,-0.51,1.7,0.75
ATOM,522.0,CB,GLN,32.0,21.598,-7.749,21.098,-0.18,2.175,2.06
ATOM,523.0,CG,GLN,32.0,21.409,-7.527,19.648,-0.18,2.175,3.03
ATOM,524.0,CD,GLN,32.0,22.395,-6.457,19.139,0.55,2.0,1.64
ATOM,525.0,H,GLN,32.0,21.729,-8.034,23.617,0.31,0.2245,0.28
ATOM,526.0,HA,GLN,32.0,19.827,-8.695,21.733,0.09,1.32,0.0
ATOM,527.0,HB2,GLN,32.0,21.378,-6.873,21.593,0.09,1.32,4.2
ATOM,528.0,HB3,GLN,32.0,22.602,-7.907,21.275,0.09,1.32,0.14
ATOM,529.0,HG2,GLN,32.0,21.591,-8.362,19.144,0.09,1.32,0.0
ATOM,530.0,HG3,GLN,32.0,20.491,-7.197,19.465,0.09,1.32,0.03
ATOM,531.0,OE1,GLN,32.0,23.586,-6.369,19.579,-0.55,1.7,24.13
ATOM,532.0,NE2,GLN,32.0,21.949,-5.699,18.19,-0.62,1.85,18.37
ATOM,533.0,HE21,GLN,32.0,22.538,-4.945,17.798,0.32,0.2245,21.98
ATOM,534.0,HE22,GLN,32.0,21.01,-5.838,17.818,0.3,0.2245,15.29
ATOM,535.0,N,TRP,33.0,22.32,-10.715,21.235,-0.47,1.85,0.0
ATOM,536.0,CA,TRP,33.0,22.712,-11.925,20.568,0.07,2.275,0.0
ATOM,537.0,C,TRP,33.0,22.854,-13.127,21.492,0.51,2.0,0.0
ATOM,538.0,O,TRP,33.0,23.479,-14.11,21.113,-0.51,1.7,0.0
ATOM,539.0,CB,TRP,33.0,24.038,-11.665,19.804,-0.18,2.175,0.0
ATOM,540.0,CG,TRP,33.0,23.874,-10.705,18.672,-0.03,1.9924,0.0
ATOM,541.0,CD1,TRP,33.0,24.423,-9.462,18.55,0.035,1.9924,1.28
ATOM,542.0,CD2,TRP,33.0,23.088,-10.901,17.491,-0.02,1.8,0.0
ATOM,543.0,NE1,TRP,33.0,24.053,-8.901,17.352,-0.61,1.85,0.06
ATOM,544.0,CE2,TRP,33.0,23.215,-9.764,16.694,0.13,1.8,0.0
ATOM,545.0,CE3,TRP,33.0,22.308,-11.952,17.015,-0.115,1.9924,0.0
ATOM,546.0,CZ2,TRP,33.0,22.596,-9.643,15.461,-0.115,1.9924,6.72
ATOM,547.0,CZ3,TRP,33.0,21.687,-11.815,15.795,-0.115,1.9924,0.53
ATOM,548.0,CH2,TRP,33.0,21.843,-10.667,15.026,-0.115,1.9924,5.22
ATOM,549.0,H,TRP,33.0,22.952,-10.161,21.856,0.31,0.2245,0.0
ATOM,550.0,HA,TRP,33.0,21.99,-12.157,19.884,0.09,1.32,0.0
ATOM,551.0,HB2,TRP,33.0,24.69,-11.28,20.437,0.09,1.32,0.0
ATOM,552.0,HB3,TRP,33.0,24.355,-12.523,19.432,0.09,1.32,0.0
ATOM,553.0,HD1,TRP,33.0,25.007,-9.022,19.229,0.115,1.3582,1.43
ATOM,554.0,HE1,TRP,33.0,24.346,-8.008,17.012,0.38,0.2245,11.37
ATOM,555.0,HE3,TRP,33.0,22.2,-12.792,17.546,0.115,1.3582,0.0
ATOM,556.0,HZ2,TRP,33.0,22.722,-8.794,14.919,0.115,1.3582,15.75
ATOM,557.0,HZ3,TRP,33.0,21.11,-12.561,15.458,0.115,1.3582,0.0
ATOM,558.0,HH2,TRP,33.0,21.381,-10.619,14.137,0.115,1.3582,4.83
ATOM,559.0,N,GLY,34.0,22.27,-13.048,22.684,-0.47,1.85,0.0
ATOM,560.0,CA,GLY,34.0,22.409,-14.071,23.696,-0.02,2.175,0.0
ATOM,561.0,C,GLY,34.0,21.497,-15.259,23.484,0.51,2.0,0.0
ATOM,562.0,O,GLY,34.0,20.83,-15.438,22.474,-0.51,1.7,0.0
ATOM,563.0,H,GLY,34.0,21.701,-12.177,22.822,0.31,0.2245,0.0
ATOM,564.0,HA2,GLY,34.0,23.377,-14.393,23.72,0.09,1.32,1.77
ATOM,565.0,HA3,GLY,34.0,22.222,-13.666,24.614,0.09,1.32,0.0
ATOM,566.0,N,GLU,35.0,21.544,-16.143,24.467,-0.47,1.85,0.0
ATOM,567.0,CA,GLU,35.0,20.909,-17.448,24.372,0.07,2.275,0.0
ATOM,568.0,C,GLU,35.0,19.402,-17.348,24.272,0.51,2.0,0.0
ATOM,569.0,O,GLU,35.0,18.785,-18.169,23.625,-0.51,1.7,0.0
ATOM,570.0,CB,GLU,35.0,21.33,-18.349,25.516,-0.18,2.175,0.0
ATOM,571.0,CG,GLU,35.0,22.844,-18.549,25.629,-0.28,2.175,0.27
ATOM,572.0,CD,GLU,35.0,23.532,-19.023,24.367,0.62,2.0,0.99
ATOM,573.0,OE1,GLU,35.0,23.841,-18.183,23.48,-0.76,1.7,2.52
ATOM,574.0,OE2,GLU,35.0,23.812,-20.239,24.283,-0.76,1.7,0.06
ATOM,575.0,H,GLU,35.0,22.072,-15.826,25.311,0.31,0.2245,0.0
ATOM,576.0,HA,GLU,35.0,21.27,-17.941,23.562,0.09,1.32,0.0
ATOM,577.0,HB2,GLU,35.0,21.028,-17.939,26.359,0.09,1.32,0.0
ATOM,578.0,HB3,GLU,35.0,20.93,-19.237,25.374,0.09,1.32,0.0
ATOM,579.0,HG2,GLU,35.0,23.246,-17.677,25.882,0.09,1.32,0.0
ATOM,580.0,HG3,GLU,35.0,23.009,-19.228,26.335,0.09,1.32,0.0
ATOM,581.0,N,THR,36.0,18.808,-16.333,24.879,-0.47,1.85,0.0
ATOM,582.0,CA,THR,36.0,17.362,-16.167,24.803,0.07,2.275,0.0
ATOM,583.0,C,THR,36.0,16.987,-15.784,23.388,0.51,2.0,0.0
ATOM,584.0,O,THR,36.0,15.991,-16.287,22.857,-0.51,1.7,0.0
ATOM,585.0,CB,THR,36.0,16.882,-15.132,25.809,0.14,2.275,0.09
ATOM,586.0,OG1,THR,36.0,17.29,-15.565,27.131,-0.66,1.77,0.33
ATOM,587.0,CG2,THR,36.0,15.374,-15.001,25.806,-0.27,2.06,8.63
ATOM,588.0,H,THR,36.0,19.434,-15.693,25.392,0.31,0.2245,0.0
ATOM,589.0,HA,THR,36.0,16.929,-17.041,25.024,0.09,1.32,0.0
ATOM,590.0,HB,THR,36.0,17.335,-14.242,25.624,0.09,1.32,0.0
ATOM,591.0,HG21,THR,36.0,15.112,-14.038,25.911,0.09,1.32,0.0
ATOM,592.0,HG22,THR,36.0,15.0,-15.347,24.941,0.09,1.32,0.0
ATOM,593.0,HG23,THR,36.0,14.981,-15.529,26.564,0.09,1.32,4.7
ATOM,594.0,HG1,THR,36.0,18.08,-15.028,27.437,0.43,0.2245,0.0
ATOM,595.0,N,THR,37.0,17.798,-14.974,22.715,-0.47,1.85,0.0
ATOM,596.0,CA,THR,37.0,17.556,-14.668,21.316,0.07,2.275,0.0
ATOM,597.0,C,THR,37.0,17.63,-15.917,20.472,0.51,2.0,0.0
ATOM,598.0,O,THR,37.0,16.826,-16.126,19.582,-0.51,1.7,0.0
ATOM,599.0,CB,THR,37.0,18.588,-13.644,20.835,0.14,2.275,0.0
ATOM,600.0,OG1,THR,37.0,18.356,-12.453,21.565,-0.66,1.77,0.0
ATOM,601.0,CG2,THR,37.0,18.416,-13.324,19.372,-0.27,2.06,0.0
ATOM,602.0,H,THR,37.0,18.591,-14.594,23.261,0.31,0.2245,0.0
ATOM,603.0,HA,THR,37.0,16.63,-14.276,21.23,0.09,1.32,0.0
ATOM,604.0,HB,THR,37.0,19.515,-13.985,21.056,0.09,1.32,0.0
ATOM,605.0,HG21,THR,37.0,18.702,-14.106,18.81,0.09,1.32,0.0
ATOM,606.0,HG22,THR,37.0,17.453,-13.118,19.173,0.09,1.32,0.0
ATOM,607.0,HG23,THR,37.0,18.975,-12.527,19.123,0.09,1.32,0.0
ATOM,608.0,HG1,THR,37.0,18.955,-11.711,21.239,0.43,0.2245,0.0
ATOM,609.0,N,GLY,38.0,18.615,-16.775,20.736,-0.47,1.85,0.0
ATOM,610.0,CA,GLY,38.0,18.706,-18.002,19.96,-0.02,2.175,0.0
ATOM,611.0,C,GLY,38.0,17.495,-18.883,20.16,0.51,2.0,0.0
ATOM,612.0,O,GLY,38.0,16.91,-19.429,19.234,-0.51,1.7,0.0
ATOM,613.0,H,GLY,38.0,19.255,-16.507,21.483,0.31,0.2245,0.0
ATOM,614.0,HA2,GLY,38.0,18.797,-17.771,18.979,0.09,1.32,0.0
ATOM,615.0,HA3,GLY,38.0,19.54,-18.508,20.231,0.09,1.32,0.0
ATOM,616.0,N,MET,39.0,17.174,-19.083,21.413,-0.47,1.85,0.0
ATOM,617.0,CA,MET,39.0,16.057,-19.938,21.819,0.07,2.275,0.0
ATOM,618.0,C,MET,39.0,14.782,-19.479,21.125,0.51,2.0,0.0
ATOM,619.0,O,MET,39.0,14.093,-20.279,20.485,-0.51,1.7,0.0
ATOM,620.0,CB,MET,39.0,15.873,-19.907,23.333,-0.18,2.175,0.0
ATOM,621.0,CG,MET,39.0,14.579,-20.542,23.841,-0.14,2.175,0.07
ATOM,622.0,SD,MET,39.0,14.416,-20.461,25.638,-0.09,2.0,7.96
ATOM,623.0,CE,MET,39.0,14.126,-18.772,25.874,-0.22,2.06,10.07
ATOM,624.0,H,MET,39.0,17.778,-18.584,22.109,0.31,0.2245,0.0
ATOM,625.0,HA,MET,39.0,16.256,-20.873,21.521,0.09,1.32,0.0
ATOM,626.0,HB2,MET,39.0,16.65,-20.387,23.77,0.09,1.32,0.0
ATOM,627.0,HB3,MET,39.0,15.895,-18.944,23.649,0.09,1.32,0.0
ATOM,628.0,HG2,MET,39.0,13.79,-20.074,23.383,0.09,1.32,0.0
ATOM,629.0,HG3,MET,39.0,14.548,-21.514,23.517,0.09,1.32,0.0
ATOM,630.0,HE1,MET,39.0,13.293,-18.617,26.426,0.09,1.32,11.41
ATOM,631.0,HE2,MET,39.0,14.899,-18.331,26.355,0.09,1.32,0.0
ATOM,632.0,HE3,MET,39.0,14.002,-18.295,24.991,0.09,1.32,0.0
ATOM,633.0,N,MET,40.0,14.457,-18.2,21.259,-0.47,1.85,0.0
ATOM,634.0,CA,MET,40.0,13.188,-17.723,20.728,0.07,2.275,0.0
ATOM,635.0,C,MET,40.0,13.18,-17.637,19.218,0.51,2.0,0.0
ATOM,636.0,O,MET,40.0,12.152,-17.88,18.591,-0.51,1.7,0.01
ATOM,637.0,CB,MET,40.0,12.818,-16.396,21.345,-0.18,2.175,0.0
ATOM,638.0,CG,MET,40.0,12.561,-16.523,22.847,-0.14,2.175,1.8
ATOM,639.0,SD,MET,40.0,11.278,-17.747,23.344,-0.09,2.0,12.86
ATOM,640.0,CE,MET,40.0,9.782,-17.178,22.636,-0.22,2.06,35.39
ATOM,641.0,H,MET,40.0,15.141,-17.611,21.743,0.31,0.2245,0.0
ATOM,642.0,HA,MET,40.0,12.465,-18.378,21.011,0.09,1.32,0.0
ATOM,643.0,HB2,MET,40.0,13.563,-15.742,21.212,0.09,1.32,0.0
ATOM,644.0,HB3,MET,40.0,11.985,-16.044,20.917,0.09,1.32,1.88
ATOM,645.0,HG2,MET,40.0,13.459,-16.747,23.313,0.09,1.32,0.0
ATOM,646.0,HG3,MET,40.0,12.315,-15.586,23.217,0.09,1.32,0.53
ATOM,647.0,HE1,MET,40.0,9.113,-16.948,23.354,0.09,1.32,12.0
ATOM,648.0,HE2,MET,40.0,9.943,-16.353,22.079,0.09,1.32,5.34
ATOM,649.0,HE3,MET,40.0,9.377,-17.885,22.043,0.09,1.32,0.04
ATOM,650.0,N,SER,41.0,14.335,-17.33,18.617,-0.47,1.85,0.0
ATOM,651.0,CA,SER,41.0,14.412,-17.27,17.162,0.07,2.275,0.0
ATOM,652.0,C,SER,41.0,14.263,-18.676,16.548,0.51,2.0,0.0
ATOM,653.0,O,SER,41.0,13.493,-18.865,15.591,-0.51,1.7,0.0
ATOM,654.0,CB,SER,41.0,15.746,-16.675,16.696,0.05,2.175,0.0
ATOM,655.0,OG,SER,41.0,15.891,-15.31,17.083,-0.66,1.77,0.0
ATOM,656.0,H,SER,41.0,15.125,-17.149,19.248,0.31,0.2245,0.0
ATOM,657.0,HA,SER,41.0,13.647,-16.712,16.827,0.09,1.32,0.0
ATOM,658.0,HB2,SER,41.0,16.492,-17.203,17.098,0.09,1.32,0.0
ATOM,659.0,HB3,SER,41.0,15.793,-16.732,15.7,0.09,1.32,0.0
ATOM,660.0,HG,SER,41.0,16.245,-15.268,18.015,0.43,0.2245,0.0
ATOM,661.0,N,PHE,42.0,15.021,-19.64,17.067,-0.47,1.85,0.0
ATOM,662.0,CA,PHE,42.0,15.008,-20.946,16.452,0.07,2.275,0.0
ATOM,663.0,C,PHE,42.0,13.671,-21.651,16.685,0.51,2.0,0.0
ATOM,664.0,O,PHE,42.0,13.172,-22.318,15.769,-0.51,1.7,0.0
ATOM,665.0,CB,PHE,42.0,16.202,-21.799,16.919,-0.18,2.175,0.0
ATOM,666.0,CG,PHE,42.0,17.56,-21.164,16.742,0.0,1.9924,0.0
ATOM,667.0,CD1,PHE,42.0,17.787,-20.143,15.839,-0.115,1.9924,0.0
ATOM,668.0,CD2,PHE,42.0,18.601,-21.555,17.557,-0.115,1.9924,0.0
ATOM,669.0,CE1,PHE,42.0,19.029,-19.532,15.76,-0.115,1.9924,0.0
ATOM,670.0,CE2,PHE,42.0,19.84,-20.962,17.442,-0.115,1.9924,0.0
ATOM,671.0,CZ,PHE,42.0,20.039,-19.948,16.543,-0.115,1.9924,0.0
ATOM,672.0,H,PHE,42.0,15.573,-19.38,17.886,0.31,0.2245,0.0
ATOM,673.0,HA,PHE,42.0,15.089,-20.812,15.457,0.09,1.32,0.0
ATOM,674.0,HB2,PHE,42.0,16.076,-21.986,17.887,0.09,1.32,0.0
ATOM,675.0,HB3,PHE,42.0,16.189,-22.644,16.396,0.09,1.32,0.0
ATOM,676.0,HD1,PHE,42.0,17.054,-19.837,15.236,0.115,1.3582,0.0
ATOM,677.0,HD2,PHE,42.0,18.456,-22.275,18.238,0.115,1.3582,0.0
ATOM,678.0,HE1,PHE,42.0,19.151,-18.77,15.098,0.115,1.3582,0.0
ATOM,679.0,HE2,PHE,42.0,20.606,-21.287,18.032,0.115,1.3582,0.0
ATOM,680.0,HZ,PHE,42.0,20.951,-19.516,16.475,0.115,1.3582,0.0
ATOM,681.0,N,LEU,43.0,13.124,-21.545,17.88,-0.47,1.85,0.0
ATOM,682.0,CA,LEU,43.0,11.803,-22.109,18.165,0.07,2.275,0.0
ATOM,683.0,C,LEU,43.0,10.728,-21.467,17.31,0.51,2.0,0.0
ATOM,684.0,O,LEU,43.0,9.914,-22.157,16.702,-0.51,1.7,0.0
ATOM,685.0,CB,LEU,43.0,11.417,-22.048,19.634,-0.18,2.175,0.0
ATOM,686.0,CG,LEU,43.0,12.214,-22.933,20.584,-0.09,2.275,0.0
ATOM,687.0,CD1,LEU,43.0,11.766,-22.718,22.008,-0.27,2.06,6.69
ATOM,688.0,CD2,LEU,43.0,12.163,-24.411,20.18,-0.27,2.06,0.23
ATOM,689.0,H,LEU,43.0,13.691,-21.042,18.587,0.31,0.2245,0.0
ATOM,690.0,HA,LEU,43.0,11.83,-23.097,17.961,0.09,1.32,0.0
ATOM,691.0,HB2,LEU,43.0,11.529,-21.104,19.943,0.09,1.32,0.0
ATOM,692.0,HB3,LEU,43.0,10.458,-22.315,19.712,0.09,1.32,0.0
ATOM,693.0,HG,LEU,43.0,13.186,-22.707,20.499,0.09,1.32,0.0
ATOM,694.0,HD11,LEU,43.0,10.793,-22.944,22.097,0.09,1.32,0.08
ATOM,695.0,HD12,LEU,43.0,12.296,-23.304,22.625,0.09,1.32,0.0
ATOM,696.0,HD13,LEU,43.0,11.905,-21.76,22.268,0.09,1.32,0.0
ATOM,697.0,HD21,LEU,43.0,12.545,-24.515,19.263,0.09,1.32,0.0
ATOM,698.0,HD22,LEU,43.0,12.698,-24.948,20.83,0.09,1.32,0.0
ATOM,699.0,HD23,LEU,43.0,11.214,-24.721,20.187,0.09,1.32,0.0
ATOM,700.0,N,SER,44.0,10.694,-20.148,17.26,-0.47,1.85,0.0
ATOM,701.0,CA,SER,44.0,9.658,-19.493,16.468,0.07,2.275,0.6
ATOM,702.0,C,SER,44.0,9.768,-19.837,14.97,0.51,2.0,0.0
ATOM,703.0,O,SER,44.0,8.765,-20.143,14.318,-0.51,1.7,2.58
ATOM,704.0,CB,SER,44.0,9.624,-17.988,16.735,0.05,2.175,15.97
ATOM,705.0,OG,SER,44.0,10.757,-17.311,16.269,-0.66,1.77,0.09
ATOM,706.0,H,SER,44.0,11.413,-19.654,17.792,0.31,0.2245,0.0
ATOM,707.0,HA,SER,44.0,8.759,-19.823,16.788,0.09,1.32,0.07
ATOM,708.0,HB2,SER,44.0,8.804,-17.606,16.291,0.09,1.32,9.15
ATOM,709.0,HB3,SER,44.0,9.539,-17.845,17.729,0.09,1.32,1.95
ATOM,710.0,HG,SER,44.0,11.492,-17.366,16.948,0.43,0.2245,0.0
ATOM,711.0,N,GLN,45.0,10.992,-19.833,14.432,-0.47,1.85,0.0
ATOM,712.0,CA,GLN,45.0,11.202,-20.243,13.044,0.07,2.275,1.29
ATOM,713.0,C,GLN,45.0,10.77,-21.694,12.864,0.51,2.0,0.0
ATOM,714.0,O,GLN,45.0,10.141,-22.066,11.857,-0.51,1.7,0.82
ATOM,715.0,CB,GLN,45.0,12.662,-20.114,12.65,-0.18,2.175,0.25
ATOM,716.0,CG,GLN,45.0,13.162,-18.692,12.541,-0.18,2.175,0.0
ATOM,717.0,CD,GLN,45.0,14.669,-18.702,12.348,0.55,2.0,0.0
ATOM,718.0,H,GLN,45.0,11.747,-19.525,15.063,0.31,0.2245,0.0
ATOM,719.0,HA,GLN,45.0,10.619,-19.674,12.462,0.09,1.32,0.75
ATOM,720.0,HB2,GLN,45.0,13.226,-20.592,13.334,0.09,1.32,0.0
ATOM,721.0,HB3,GLN,45.0,12.798,-20.562,11.758,0.09,1.32,0.0
ATOM,722.0,HG2,GLN,45.0,12.747,-18.26,11.757,0.09,1.32,0.15
ATOM,723.0,HG3,GLN,45.0,12.954,-18.209,13.376,0.09,1.32,0.0
ATOM,724.0,OE1,GLN,45.0,15.2,-19.708,11.886,-0.55,1.7,0.0
ATOM,725.0,NE2,GLN,45.0,15.352,-17.593,12.696,-0.62,1.85,0.0
ATOM,726.0,HE21,GLN,45.0,16.345,-17.547,12.605,0.32,0.2245,0.0
ATOM,727.0,HE22,GLN,45.0,14.818,-16.801,13.056,0.3,0.2245,0.0
ATOM,728.0,N,GLY,46.0,11.151,-22.535,13.814,-0.47,1.85,0.0
ATOM,729.0,CA,GLY,46.0,10.802,-23.943,13.697,-0.02,2.175,0.0
ATOM,730.0,C,GLY,46.0,9.315,-24.19,13.698,0.51,2.0,0.0
ATOM,731.0,O,GLY,46.0,8.819,-24.979,12.892,-0.51,1.7,0.0
ATOM,732.0,H,GLY,46.0,11.68,-22.13,14.589,0.31,0.2245,0.0
ATOM,733.0,HA2,GLY,46.0,11.207,-24.315,12.839,0.09,1.32,0.0
ATOM,734.0,HA3,GLY,46.0,11.231,-24.456,14.465,0.09,1.32,0.0
ATOM,735.0,N,TRP,47.0,8.594,-23.524,14.581,-0.47,1.85,0.0
ATOM,736.0,CA,TRP,47.0,7.142,-23.655,14.677,0.07,2.275,0.72
ATOM,737.0,C,TRP,47.0,6.489,-23.112,13.421,0.51,2.0,0.15
ATOM,738.0,O,TRP,47.0,5.408,-23.583,13.046,-0.51,1.7,21.51
ATOM,739.0,CB,TRP,47.0,6.618,-22.918,15.884,-0.18,2.175,10.59
ATOM,740.0,CG,TRP,47.0,6.982,-23.569,17.178,-0.03,1.9924,0.74
ATOM,741.0,CD1,TRP,47.0,7.114,-24.894,17.425,0.035,1.9924,11.68
ATOM,742.0,CD2,TRP,47.0,7.222,-22.903,18.413,-0.02,1.8,1.99
ATOM,743.0,NE1,TRP,47.0,7.447,-25.105,18.74,-0.61,1.85,6.67
ATOM,744.0,CE2,TRP,47.0,7.518,-23.894,19.381,0.13,1.8,1.74
ATOM,745.0,CE3,TRP,47.0,7.266,-21.565,18.79,-0.115,1.9924,9.22
ATOM,746.0,CZ2,TRP,47.0,7.823,-23.572,20.705,-0.115,1.9924,6.98
ATOM,747.0,CZ3,TRP,47.0,7.535,-21.247,20.09,-0.115,1.9924,10.4
ATOM,748.0,CH2,TRP,47.0,7.82,-22.249,21.039,-0.115,1.9924,9.34
ATOM,749.0,H,TRP,47.0,9.147,-22.893,15.208,0.31,0.2245,0.0
ATOM,750.0,HA,TRP,47.0,6.928,-24.633,14.736,0.09,1.32,0.3
ATOM,751.0,HB2,TRP,47.0,6.999,-22.0,15.901,0.09,1.32,0.23
ATOM,752.0,HB3,TRP,47.0,5.625,-22.881,15.844,0.09,1.32,9.33
ATOM,753.0,HD1,TRP,47.0,6.988,-25.624,16.749,0.115,1.3582,5.64
ATOM,754.0,HE1,TRP,47.0,7.612,-25.994,19.164,0.38,0.2245,11.8
ATOM,755.0,HE3,TRP,47.0,7.103,-20.84,18.113,0.115,1.3582,5.24
ATOM,756.0,HZ2,TRP,47.0,8.031,-24.295,21.366,0.115,1.3582,0.0
ATOM,757.0,HZ3,TRP,47.0,7.531,-20.293,20.381,0.115,1.3582,7.61
ATOM,758.0,HH2,TRP,47.0,8.024,-21.967,21.979,0.115,1.3582,11.28
ATOM,759.0,N,ALA,48.0,7.084,-22.096,12.798,-0.47,1.85,0.21
ATOM,760.0,CA,ALA,48.0,6.524,-21.464,11.607,0.07,2.275,2.99
ATOM,761.0,C,ALA,48.0,6.812,-22.237,10.335,0.51,2.0,0.16
ATOM,762.0,O,ALA,48.0,6.192,-21.982,9.317,-0.51,1.7,14.15
ATOM,763.0,CB,ALA,48.0,7.075,-20.09,11.454,-0.27,2.06,17.1
ATOM,764.0,H,ALA,48.0,7.984,-21.792,13.235,0.31,0.2245,0.0
ATOM,765.0,HA,ALA,48.0,5.517,-21.394,11.724,0.09,1.32,9.44
ATOM,766.0,HB1,ALA,48.0,7.987,-20.029,11.874,0.09,1.32,0.0
ATOM,767.0,HB2,ALA,48.0,7.155,-19.85,10.481,0.09,1.32,1.69
ATOM,768.0,HB3,ALA,48.0,6.473,-19.419,11.899,0.09,1.32,11.79
ATOM,769.0,N,SER,49.0,7.773,-23.155,10.322,-0.47,1.85,0.0
ATOM,770.0,CA,SER,49.0,8.086,-23.789,9.066,0.07,2.275,1.79
ATOM,771.0,C,SER,49.0,7.063,-24.813,8.618,0.51,2.0,0.0
ATOM,772.0,O,SER,49.0,6.607,-25.596,9.409,-0.51,1.7,2.9
ATOM,773.0,CB,SER,49.0,9.434,-24.506,9.106,0.05,2.175,0.1
ATOM,774.0,OG,SER,49.0,9.605,-25.128,7.846,-0.66,1.77,1.55
ATOM,775.0,H,SER,49.0,8.225,-23.347,11.212,0.31,0.2245,0.0
ATOM,776.0,HA,SER,49.0,8.133,-23.064,8.347,0.09,1.32,6.3
ATOM,777.0,HB2,SER,49.0,10.144,-23.845,9.242,0.09,1.32,0.0
ATOM,778.0,HB3,SER,49.0,9.411,-25.191,9.806,0.09,1.32,0.0
ATOM,779.0,HG,SER,49.0,10.115,-25.98,7.96,0.43,0.2245,0.06
ATOM,780.0,N,THR,50.0,6.711,-24.751,7.336,-0.47,1.85,0.0
ATOM,781.0,CA,THR,50.0,5.828,-25.722,6.679,0.07,2.275,3.02
ATOM,782.0,C,THR,50.0,6.59,-26.534,5.637,0.51,2.0,0.88
ATOM,783.0,O,THR,50.0,5.993,-27.223,4.82,-0.51,1.7,26.81
ATOM,784.0,CB,THR,50.0,4.669,-24.997,5.982,0.14,2.275,5.95
ATOM,785.0,OG1,THR,50.0,5.148,-24.235,4.853,-0.66,1.77,22.71
ATOM,786.0,CG2,THR,50.0,3.953,-24.04,6.938,-0.27,2.06,31.47
ATOM,787.0,H,THR,50.0,7.126,-23.932,6.82,0.31,0.2245,3.95
ATOM,788.0,HA,THR,50.0,5.476,-26.353,7.379,0.09,1.32,6.93
ATOM,789.0,HB,THR,50.0,4.004,-25.692,5.63,0.09,1.32,10.19
ATOM,790.0,HG21,THR,50.0,4.623,-23.605,7.541,0.09,1.32,0.0
ATOM,791.0,HG22,THR,50.0,3.474,-23.336,6.412,0.09,1.32,10.62
ATOM,792.0,HG23,THR,50.0,3.292,-24.55,7.49,0.09,1.32,11.98
ATOM,793.0,HG1,THR,50.0,5.876,-23.609,5.144,0.43,0.2245,13.07
ATOM,794.0,N,GLY,51.0,7.9,-26.387,5.62,-0.47,1.85,0.65
ATOM,795.0,CA,GLY,51.0,8.72,-26.981,4.6,-0.02,2.175,14.46
ATOM,796.0,C,GLY,51.0,9.491,-28.196,5.016,0.51,2.0,1.62
ATOM,797.0,O,GLY,51.0,9.032,-28.979,5.807,-0.51,1.7,9.79
ATOM,798.0,H,GLY,51.0,8.281,-25.808,6.404,0.31,0.2245,0.0
ATOM,799.0,HA2,GLY,51.0,8.128,-27.219,3.789,0.09,1.32,8.09
ATOM,800.0,HA3,GLY,51.0,9.377,-26.271,4.241,0.09,1.32,8.78
ATOM,801.0,N,ALA,52.0,10.681,-28.324,4.461,-0.47,1.85,3.63
ATOM,802.0,CA,ALA,52.0,11.467,-29.524,4.635,0.07,2.275,3.74
ATOM,803.0,C,ALA,52.0,11.685,-29.85,6.122,0.51,2.0,0.0
ATOM,804.0,O,ALA,52.0,12.114,-28.998,6.912,-0.51,1.7,0.01
ATOM,805.0,CB,ALA,52.0,12.775,-29.377,3.939,-0.27,2.06,16.28
ATOM,806.0,H,ALA,52.0,10.995,-27.505,3.902,0.31,0.2245,8.38
ATOM,807.0,HA,ALA,52.0,10.983,-30.304,4.213,0.09,1.32,8.0
ATOM,808.0,HB1,ALA,52.0,13.418,-28.853,4.507,0.09,1.32,0.0
ATOM,809.0,HB2,ALA,52.0,13.177,-30.28,3.753,0.09,1.32,7.7
ATOM,810.0,HB3,ALA,52.0,12.655,-28.895,3.065,0.09,1.32,9.31
ATOM,811.0,N,GLU,53.0,11.42,-31.096,6.5,-0.47,1.85,0.0
ATOM,812.0,CA,GLU,53.0,11.624,-31.529,7.859,0.07,2.275,0.0
ATOM,813.0,C,GLU,53.0,13.081,-31.452,8.267,0.51,2.0,0.24
ATOM,814.0,O,GLU,53.0,13.367,-31.242,9.439,-0.51,1.7,0.3
ATOM,815.0,CB,GLU,53.0,11.104,-32.937,8.013,-0.18,2.175,13.71
ATOM,816.0,CG,GLU,53.0,9.606,-32.978,8.222,-0.28,2.175,20.41
ATOM,817.0,CD,GLU,53.0,9.152,-32.265,9.482,0.62,2.0,2.73
ATOM,818.0,OE1,GLU,53.0,9.882,-32.288,10.483,-0.76,1.7,17.3
ATOM,819.0,OE2,GLU,53.0,8.031,-31.729,9.501,-0.76,1.7,26.71
ATOM,820.0,H,GLU,53.0,11.061,-31.711,5.741,0.31,0.2245,8.08
ATOM,821.0,HA,GLU,53.0,11.069,-30.959,8.489,0.09,1.32,0.0
ATOM,822.0,HB2,GLU,53.0,11.302,-33.429,7.188,0.09,1.32,8.27
ATOM,823.0,HB3,GLU,53.0,11.525,-33.335,8.803,0.09,1.32,5.02
ATOM,824.0,HG2,GLU,53.0,9.172,-32.531,7.457,0.09,1.32,4.73
ATOM,825.0,HG3,GLU,53.0,9.326,-33.921,8.3,0.09,1.32,11.0
ATOM,826.0,N,LYS,54.0,14.017,-31.605,7.331,-0.47,1.85,2.12
ATOM,827.0,CA,LYS,54.0,15.411,-31.464,7.691,0.07,2.275,2.64
ATOM,828.0,C,LYS,54.0,15.683,-30.163,8.425,0.51,2.0,0.0
ATOM,829.0,O,LYS,54.0,16.42,-30.152,9.42,-0.51,1.7,3.61
ATOM,830.0,CB,LYS,54.0,16.3,-31.588,6.462,-0.18,2.175,5.45
ATOM,831.0,CG,LYS,54.0,17.817,-31.53,6.736,-0.18,2.175,5.61
ATOM,832.0,CD,LYS,54.0,18.679,-31.744,5.484,-0.18,2.175,9.38
ATOM,833.0,CE,LYS,54.0,20.173,-31.748,5.806,0.21,2.175,13.18
ATOM,834.0,NZ,LYS,54.0,21.056,-31.879,4.634,-0.3,1.85,4.97
ATOM,835.0,H,LYS,54.0,13.673,-31.819,6.39,0.31,0.2245,3.5
ATOM,836.0,HA,LYS,54.0,15.676,-32.235,8.294,0.09,1.32,8.49
ATOM,837.0,HB2,LYS,54.0,16.108,-32.464,6.014,0.09,1.32,9.5
ATOM,838.0,HB3,LYS,54.0,16.078,-30.842,5.83,0.09,1.32,0.0
ATOM,839.0,HG2,LYS,54.0,18.037,-30.63,7.128,0.09,1.32,0.56
ATOM,840.0,HG3,LYS,54.0,18.048,-32.238,7.411,0.09,1.32,9.18
ATOM,841.0,HD2,LYS,54.0,18.439,-32.622,5.08,0.09,1.32,9.53
ATOM,842.0,HD3,LYS,54.0,18.495,-31.007,4.841,0.09,1.32,0.0
ATOM,843.0,HE2,LYS,54.0,20.393,-30.886,6.299,0.05,1.32,6.11
ATOM,844.0,HE3,LYS,54.0,20.356,-32.511,6.453,0.05,1.32,11.09
ATOM,845.0,HZ1,LYS,54.0,20.986,-32.806,4.259,0.33,0.2245,19.0
ATOM,846.0,HZ2,LYS,54.0,20.786,-31.218,3.931,0.33,0.2245,0.71
ATOM,847.0,HZ3,LYS,54.0,22.005,-31.704,4.903,0.33,0.2245,7.64
ATOM,848.0,N,TYR,55.0,15.127,-29.078,7.919,-0.47,1.85,0.0
ATOM,849.0,CA,TYR,55.0,15.365,-27.776,8.515,0.07,2.275,0.0
ATOM,850.0,C,TYR,55.0,14.414,-27.474,9.664,0.51,2.0,0.0
ATOM,851.0,O,TYR,55.0,14.836,-26.861,10.633,-0.51,1.7,0.0
ATOM,852.0,CB,TYR,55.0,15.335,-26.675,7.437,-0.18,2.175,0.0
ATOM,853.0,CG,TYR,55.0,16.144,-27.067,6.215,0.0,1.9924,0.0
ATOM,854.0,CD1,TYR,55.0,17.462,-27.493,6.324,-0.115,1.9924,0.01
ATOM,855.0,CD2,TYR,55.0,15.583,-27.044,4.961,-0.115,1.9924,0.05
ATOM,856.0,CE1,TYR,55.0,18.178,-27.865,5.246,-0.115,1.9924,0.12
ATOM,857.0,CE2,TYR,55.0,16.328,-27.409,3.85,-0.115,1.9924,1.74
ATOM,858.0,CZ,TYR,55.0,17.608,-27.841,4.005,0.11,1.9924,0.05
ATOM,859.0,OH,TYR,55.0,18.316,-28.253,2.901,-0.54,1.77,11.73
ATOM,860.0,H,TYR,55.0,14.528,-29.231,7.09,0.31,0.2245,0.0
ATOM,861.0,HA,TYR,55.0,16.312,-27.761,8.881,0.09,1.32,0.0
ATOM,862.0,HB2,TYR,55.0,14.398,-26.538,7.162,0.09,1.32,0.09
ATOM,863.0,HB3,TYR,55.0,15.728,-25.856,7.821,0.09,1.32,0.0
ATOM,864.0,HD1,TYR,55.0,17.882,-27.519,7.246,0.115,1.3582,0.19
ATOM,865.0,HD2,TYR,55.0,14.633,-26.765,4.842,0.115,1.3582,1.32
ATOM,866.0,HE1,TYR,55.0,19.142,-28.166,5.346,0.115,1.3582,0.08
ATOM,867.0,HE2,TYR,55.0,15.913,-27.35,2.936,0.115,1.3582,6.26
ATOM,868.0,HH,TYR,55.0,19.154,-28.707,3.199,0.43,0.2245,0.0
ATOM,869.0,N,LYS,56.0,13.145,-27.876,9.589,-0.47,1.85,0.0
ATOM,870.0,CA,LYS,56.0,12.191,-27.634,10.66,0.07,2.275,0.0
ATOM,871.0,C,LYS,56.0,12.696,-28.339,11.92,0.51,2.0,0.0
ATOM,872.0,O,LYS,56.0,12.758,-27.754,12.994,-0.51,1.7,0.0
ATOM,873.0,CB,LYS,56.0,10.808,-28.139,10.282,-0.18,2.175,0.0
ATOM,874.0,CG,LYS,56.0,9.748,-27.841,11.277,-0.18,2.175,0.06
ATOM,875.0,CD,LYS,56.0,8.408,-28.255,10.781,-0.18,2.175,2.48
ATOM,876.0,CE,LYS,56.0,7.31,-28.045,11.797,0.21,2.175,16.82
ATOM,877.0,NZ,LYS,56.0,6.876,-26.631,11.955,-0.3,1.85,2.0
ATOM,878.0,H,LYS,56.0,12.902,-28.373,8.705,0.31,0.2245,0.0
ATOM,879.0,HA,LYS,56.0,12.14,-26.655,10.841,0.09,1.32,0.0
ATOM,880.0,HB2,LYS,56.0,10.559,-27.721,9.402,0.09,1.32,0.0
ATOM,881.0,HB3,LYS,56.0,10.87,-29.135,10.156,0.09,1.32,0.0
ATOM,882.0,HG2,LYS,56.0,9.947,-28.33,12.135,0.09,1.32,0.37
ATOM,883.0,HG3,LYS,56.0,9.737,-26.853,11.471,0.09,1.32,0.0
ATOM,884.0,HD2,LYS,56.0,8.178,-27.725,9.957,0.09,1.32,0.0
ATOM,885.0,HD3,LYS,56.0,8.427,-29.231,10.538,0.09,1.32,0.0
ATOM,886.0,HE2,LYS,56.0,6.505,-28.606,11.531,0.05,1.32,11.25
ATOM,887.0,HE3,LYS,56.0,7.626,-28.392,12.699,0.05,1.32,1.97
ATOM,888.0,HZ1,LYS,56.0,7.676,-26.055,12.12,0.33,0.2245,0.0
ATOM,889.0,HZ2,LYS,56.0,6.414,-26.33,11.121,0.33,0.2245,2.25
ATOM,890.0,HZ3,LYS,56.0,6.248,-26.561,12.729,0.33,0.2245,8.89
ATOM,891.0,N,ASP,57.0,13.134,-29.59,11.764,-0.47,1.85,0.0
ATOM,892.0,CA,ASP,57.0,13.621,-30.342,12.901,0.07,2.275,0.94
ATOM,893.0,C,ASP,57.0,14.956,-29.763,13.391,0.51,2.0,0.0
ATOM,894.0,O,ASP,57.0,15.185,-29.659,14.596,-0.51,1.7,0.0
ATOM,895.0,CB,ASP,57.0,13.749,-31.824,12.553,-0.28,2.175,9.14
ATOM,896.0,CG,ASP,57.0,14.285,-32.628,13.686,0.62,2.0,3.06
ATOM,897.0,OD1,ASP,57.0,13.713,-32.597,14.787,-0.76,1.7,24.62
ATOM,898.0,OD2,ASP,57.0,15.309,-33.324,13.564,-0.76,1.7,32.29
ATOM,899.0,H,ASP,57.0,13.093,-29.951,10.799,0.31,0.2245,0.0
ATOM,900.0,HA,ASP,57.0,12.964,-30.222,13.651,0.09,1.32,0.21
ATOM,901.0,HB2,ASP,57.0,12.842,-32.156,12.311,0.09,1.32,1.97
ATOM,902.0,HB3,ASP,57.0,14.362,-31.899,11.773,0.09,1.32,0.8
ATOM,903.0,N,LEU,58.0,15.828,-29.337,12.498,-0.47,1.85,0.25
ATOM,904.0,CA,LEU,58.0,17.066,-28.711,12.947,0.07,2.275,1.18
ATOM,905.0,C,LEU,58.0,16.762,-27.515,13.841,0.51,2.0,0.0
ATOM,906.0,O,LEU,58.0,17.413,-27.293,14.873,-0.51,1.7,0.0
ATOM,907.0,CB,LEU,58.0,17.923,-28.267,11.764,-0.18,2.175,0.08
ATOM,908.0,CG,LEU,58.0,19.289,-27.63,12.104,-0.09,2.275,0.0
ATOM,909.0,CD1,LEU,58.0,20.229,-28.747,12.578,-0.27,2.06,16.68
ATOM,910.0,CD2,LEU,58.0,19.887,-26.867,10.933,-0.27,2.06,0.15
ATOM,911.0,H,LEU,58.0,15.575,-29.476,11.515,0.31,0.2245,0.0
ATOM,912.0,HA,LEU,58.0,17.59,-29.381,13.481,0.09,1.32,0.0
ATOM,913.0,HB2,LEU,58.0,18.109,-29.066,11.198,0.09,1.32,1.7
ATOM,914.0,HB3,LEU,58.0,17.409,-27.591,11.244,0.09,1.32,0.0
ATOM,915.0,HG,LEU,58.0,19.165,-26.974,12.83,0.09,1.32,0.0
ATOM,916.0,HD11,LEU,58.0,20.332,-29.42,11.848,0.09,1.32,9.81
ATOM,917.0,HD12,LEU,58.0,21.118,-28.354,12.803,0.09,1.32,0.0
ATOM,918.0,HD13,LEU,58.0,19.839,-29.183,13.387,0.09,1.32,1.0
ATOM,919.0,HD21,LEU,58.0,19.266,-26.131,10.66,0.09,1.32,0.0
ATOM,920.0,HD22,LEU,58.0,20.768,-26.475,11.203,0.09,1.32,0.0
ATOM,921.0,HD23,LEU,58.0,20.023,-27.49,10.161,0.09,1.32,4.98
ATOM,922.0,N,LEU,59.0,15.806,-26.702,13.416,-0.47,1.85,0.0
ATOM,923.0,CA,LEU,59.0,15.458,-25.513,14.201,0.07,2.275,0.0
ATOM,924.0,C,LEU,59.0,14.908,-25.837,15.576,0.51,2.0,0.0
ATOM,925.0,O,LEU,59.0,15.258,-25.201,16.55,-0.51,1.7,0.0
ATOM,926.0,CB,LEU,59.0,14.459,-24.643,13.416,-0.18,2.175,0.0
ATOM,927.0,CG,LEU,59.0,15.078,-24.013,12.185,-0.09,2.275,0.0
ATOM,928.0,CD1,LEU,59.0,14.013,-23.52,11.234,-0.27,2.06,0.0
ATOM,929.0,CD2,LEU,59.0,16.028,-22.886,12.566,-0.27,2.06,0.0
ATOM,930.0,H,LEU,59.0,15.352,-26.961,12.535,0.31,0.2245,0.0
ATOM,931.0,HA,LEU,59.0,16.299,-24.953,14.313,0.09,1.32,0.0
ATOM,932.0,HB2,LEU,59.0,13.723,-25.224,13.125,0.09,1.32,0.0
ATOM,933.0,HB3,LEU,59.0,14.159,-23.924,14.011,0.09,1.32,0.0
ATOM,934.0,HG,LEU,59.0,15.651,-24.694,11.72,0.09,1.32,0.0
ATOM,935.0,HD11,LEU,59.0,13.442,-22.834,11.689,0.09,1.32,0.0
ATOM,936.0,HD12,LEU,59.0,14.442,-23.107,10.428,0.09,1.32,0.0
ATOM,937.0,HD13,LEU,59.0,13.436,-24.286,10.943,0.09,1.32,0.0
ATOM,938.0,HD21,LEU,59.0,16.761,-23.247,13.143,0.09,1.32,0.0
ATOM,939.0,HD22,LEU,59.0,16.423,-22.487,11.738,0.09,1.32,0.0
ATOM,940.0,HD23,LEU,59.0,15.526,-22.181,13.068,0.09,1.32,0.0
ATOM,941.0,N,LEU,60.0,14.017,-26.815,15.67,-0.47,1.85,0.0
ATOM,942.0,CA,LEU,60.0,13.439,-27.192,16.928,0.07,2.275,0.0
ATOM,943.0,C,LEU,60.0,14.477,-27.9,17.801,0.51,2.0,0.51
ATOM,944.0,O,LEU,60.0,14.511,-27.684,18.997,-0.51,1.7,0.68
ATOM,945.0,CB,LEU,60.0,12.208,-28.054,16.69,-0.18,2.175,6.62
ATOM,946.0,CG,LEU,60.0,11.065,-27.276,16.023,-0.09,2.275,0.0
ATOM,947.0,CD1,LEU,60.0,9.939,-28.217,15.628,-0.27,2.06,18.68
ATOM,948.0,CD2,LEU,60.0,10.522,-26.166,16.899,-0.27,2.06,0.0
ATOM,949.0,H,LEU,60.0,13.783,-27.272,14.761,0.31,0.2245,0.0
ATOM,950.0,HA,LEU,60.0,13.136,-26.366,17.417,0.09,1.32,0.0
ATOM,951.0,HB2,LEU,60.0,12.454,-28.787,16.086,0.09,1.32,0.0
ATOM,952.0,HB3,LEU,60.0,11.879,-28.373,17.557,0.09,1.32,6.64
ATOM,953.0,HG,LEU,60.0,11.419,-26.818,15.209,0.09,1.32,0.0
ATOM,954.0,HD11,LEU,60.0,9.585,-28.677,16.443,0.09,1.32,9.59
ATOM,955.0,HD12,LEU,60.0,9.203,-27.696,15.195,0.09,1.32,0.15
ATOM,956.0,HD13,LEU,60.0,10.284,-28.901,14.984,0.09,1.32,2.45
ATOM,957.0,HD21,LEU,60.0,11.252,-25.513,17.109,0.09,1.32,0.0
ATOM,958.0,HD22,LEU,60.0,9.781,-25.69,16.421,0.09,1.32,0.0
ATOM,959.0,HD23,LEU,60.0,10.169,-26.552,17.754,0.09,1.32,2.59
ATOM,960.0,N,ASP,61.0,15.36,-28.674,17.184,-0.47,1.85,0.19
ATOM,961.0,CA,ASP,61.0,16.448,-29.304,17.935,0.07,2.275,2.17
ATOM,962.0,C,ASP,61.0,17.255,-28.178,18.592,0.51,2.0,0.01
ATOM,963.0,O,ASP,61.0,17.592,-28.227,19.777,-0.51,1.7,5.44
ATOM,964.0,CB,ASP,61.0,17.42,-30.062,17.014,-0.28,2.175,8.15
ATOM,965.0,CG,ASP,61.0,16.925,-31.383,16.521,0.62,2.0,2.86
ATOM,966.0,OD1,ASP,61.0,16.001,-31.976,17.089,-0.76,1.7,24.49
ATOM,967.0,OD2,ASP,61.0,17.492,-31.903,15.537,-0.76,1.7,22.6
ATOM,968.0,H,ASP,61.0,15.221,-28.79,16.171,0.31,0.2245,0.0
ATOM,969.0,HA,ASP,61.0,16.037,-29.831,18.668,0.09,1.32,5.32
ATOM,970.0,HB2,ASP,61.0,17.611,-29.465,16.228,0.09,1.32,0.0
ATOM,971.0,HB3,ASP,61.0,18.272,-30.198,17.528,0.09,1.32,9.64
ATOM,972.0,N,THR,62.0,17.641,-27.19,17.791,-0.47,1.85,0.0
ATOM,973.0,CA,THR,62.0,18.564,-26.169,18.27,0.07,2.275,0.6
ATOM,974.0,C,THR,62.0,17.937,-25.189,19.212,0.51,2.0,0.0
ATOM,975.0,O,THR,62.0,18.56,-24.801,20.182,-0.51,1.7,0.0
ATOM,976.0,CB,THR,62.0,19.219,-25.418,17.101,0.14,2.275,0.0
ATOM,977.0,OG1,THR,62.0,19.681,-26.344,16.114,-0.66,1.77,1.52
ATOM,978.0,CG2,THR,62.0,20.448,-24.68,17.564,-0.27,2.06,0.0
ATOM,979.0,H,THR,62.0,17.245,-27.21,16.84,0.31,0.2245,0.0
ATOM,980.0,HA,THR,62.0,19.331,-26.641,18.75,0.09,1.32,0.68
ATOM,981.0,HB,THR,62.0,18.52,-24.811,16.665,0.09,1.32,0.0
ATOM,982.0,HG21,THR,62.0,20.216,-23.73,17.796,0.09,1.32,0.0
ATOM,983.0,HG22,THR,62.0,20.835,-25.125,18.378,0.09,1.32,0.0
ATOM,984.0,HG23,THR,62.0,21.144,-24.674,16.839,0.09,1.32,0.0
ATOM,985.0,HG1,THR,62.0,18.905,-26.729,15.603,0.43,0.2245,0.0
ATOM,986.0,N,GLY,63.0,16.703,-24.797,18.936,-0.47,1.85,0.0
ATOM,987.0,CA,GLY,63.0,16.004,-23.927,19.866,-0.02,2.175,0.0
ATOM,988.0,C,GLY,63.0,15.83,-24.575,21.245,0.51,2.0,0.0
ATOM,989.0,O,GLY,63.0,15.938,-23.915,22.282,-0.51,1.7,0.0
ATOM,990.0,H,GLY,63.0,16.308,-25.144,18.056,0.31,0.2245,0.0
ATOM,991.0,HA2,GLY,63.0,16.517,-23.062,19.974,0.09,1.32,0.0
ATOM,992.0,HA3,GLY,63.0,15.091,-23.696,19.496,0.09,1.32,0.0
ATOM,993.0,N,THR,64.0,15.58,-25.883,21.254,-0.47,1.85,0.0
ATOM,994.0,CA,THR,64.0,15.457,-26.618,22.511,0.07,2.275,0.0
ATOM,995.0,C,THR,64.0,16.806,-26.679,23.212,0.51,2.0,0.0
ATOM,996.0,O,THR,64.0,16.895,-26.451,24.421,-0.51,1.7,1.96
ATOM,997.0,CB,THR,64.0,14.885,-27.985,22.244,0.14,2.275,2.35
ATOM,998.0,OG1,THR,64.0,13.578,-27.844,21.649,-0.66,1.77,7.32
ATOM,999.0,CG2,THR,64.0,14.68,-28.796,23.525,-0.27,2.06,32.0
ATOM,1000.0,H,THR,64.0,15.484,-26.319,20.322,0.31,0.2245,0.0
ATOM,1001.0,HA,THR,64.0,14.812,-26.129,23.104,0.09,1.32,0.0
ATOM,1002.0,HB,THR,64.0,15.474,-28.482,21.574,0.09,1.32,0.7
ATOM,1003.0,HG21,THR,64.0,13.811,-28.539,23.95,0.09,1.32,0.0
ATOM,1004.0,HG22,THR,64.0,14.665,-29.773,23.305,0.09,1.32,11.57
ATOM,1005.0,HG23,THR,64.0,15.429,-28.611,24.163,0.09,1.32,3.81
ATOM,1006.0,HG1,THR,64.0,13.66,-27.76,20.652,0.43,0.2245,0.36
ATOM,1007.0,N,GLU,65.0,17.881,-26.9,22.458,-0.47,1.85,0.72
ATOM,1008.0,CA,GLU,65.0,19.195,-26.819,23.06,0.07,2.275,2.19
ATOM,1009.0,C,GLU,65.0,19.477,-25.456,23.665,0.51,2.0,0.0
ATOM,1010.0,O,GLU,65.0,20.087,-25.345,24.724,-0.51,1.7,0.0
ATOM,1011.0,CB,GLU,65.0,20.279,-27.144,22.061,-0.18,2.175,1.66
ATOM,1012.0,CG,GLU,65.0,21.625,-27.312,22.741,-0.28,2.175,2.41
ATOM,1013.0,CD,GLU,65.0,22.802,-27.688,21.845,0.62,2.0,0.88
ATOM,1014.0,OE1,GLU,65.0,22.597,-28.039,20.669,-0.76,1.7,8.99
ATOM,1015.0,OE2,GLU,65.0,23.944,-27.63,22.367,-0.76,1.7,0.0
ATOM,1016.0,H,GLU,65.0,17.698,-27.118,21.475,0.31,0.2245,0.0
ATOM,1017.0,HA,GLU,65.0,19.285,-27.53,23.78,0.09,1.32,4.4
ATOM,1018.0,HB2,GLU,65.0,20.058,-27.992,21.633,0.09,1.32,4.57
ATOM,1019.0,HB3,GLU,65.0,20.356,-26.399,21.436,0.09,1.32,0.0
ATOM,1020.0,HG2,GLU,65.0,21.86,-26.449,23.185,0.09,1.32,0.0
ATOM,1021.0,HG3,GLU,65.0,21.541,-28.031,23.429,0.09,1.32,2.2
ATOM,1022.0,N,GLU,66.0,19.08,-24.397,22.966,-0.47,1.85,0.0
ATOM,1023.0,CA,GLU,66.0,19.377,-23.068,23.494,0.07,2.275,0.0
ATOM,1024.0,C,GLU,66.0,18.692,-22.854,24.832,0.51,2.0,0.0
ATOM,1025.0,O,GLU,66.0,19.19,-22.104,25.682,-0.51,1.7,0.0
ATOM,1026.0,CB,GLU,66.0,19.013,-21.958,22.517,-0.18,2.175,0.0
ATOM,1027.0,CG,GLU,66.0,19.735,-21.966,21.182,-0.28,2.175,0.0
ATOM,1028.0,CD,GLU,66.0,21.248,-21.847,21.219,0.62,2.0,0.0
ATOM,1029.0,OE1,GLU,66.0,21.793,-21.508,22.28,-0.76,1.7,0.1
ATOM,1030.0,OE2,GLU,66.0,21.895,-22.043,20.153,-0.76,1.7,0.39
ATOM,1031.0,H,GLU,66.0,18.589,-24.583,22.098,0.31,0.2245,0.0
ATOM,1032.0,HA,GLU,66.0,20.373,-22.964,23.603,0.09,1.32,0.0
ATOM,1033.0,HB2,GLU,66.0,18.038,-22.03,22.328,0.09,1.32,0.0
ATOM,1034.0,HB3,GLU,66.0,19.214,-21.089,22.959,0.09,1.32,0.0
ATOM,1035.0,HG2,GLU,66.0,19.518,-22.825,20.718,0.09,1.32,0.0
ATOM,1036.0,HG3,GLU,66.0,19.392,-21.199,20.638,0.09,1.32,0.0
ATOM,1037.0,N,MET,67.0,17.542,-23.49,25.067,-0.47,1.85,0.0
ATOM,1038.0,CA,MET,67.0,16.897,-23.377,26.366,0.07,2.275,0.27
ATOM,1039.0,C,MET,67.0,17.815,-23.945,27.458,0.51,2.0,0.27
ATOM,1040.0,O,MET,67.0,17.856,-23.428,28.567,-0.51,1.7,4.54
ATOM,1041.0,CB,MET,67.0,15.61,-24.239,26.425,-0.18,2.175,4.86
ATOM,1042.0,CG,MET,67.0,14.497,-23.922,25.429,-0.14,2.175,0.0
ATOM,1043.0,SD,MET,67.0,13.081,-25.095,25.445,-0.09,2.0,1.05
ATOM,1044.0,CE,MET,67.0,12.348,-24.741,27.049,-0.22,2.06,37.03
ATOM,1045.0,H,MET,67.0,17.174,-24.04,24.281,0.31,0.2245,0.0
ATOM,1046.0,HA,MET,67.0,16.751,-22.406,26.566,0.09,1.32,0.0
ATOM,1047.0,HB2,MET,67.0,15.877,-25.218,26.303,0.09,1.32,1.87
ATOM,1048.0,HB3,MET,67.0,15.223,-24.168,27.369,0.09,1.32,4.63
ATOM,1049.0,HG2,MET,67.0,14.16,-22.962,25.609,0.09,1.32,0.0
ATOM,1050.0,HG3,MET,67.0,14.906,-23.879,24.482,0.09,1.32,0.0
ATOM,1051.0,HE1,MET,67.0,11.542,-25.317,27.18,0.09,1.32,1.79
ATOM,1052.0,HE2,MET,67.0,13.016,-24.931,27.768,0.09,1.32,6.33
ATOM,1053.0,HE3,MET,67.0,12.081,-23.778,27.087,0.09,1.32,7.83
ATOM,1054.0,N,ALA,68.0,18.543,-25.006,27.135,-0.47,1.85,0.64
ATOM,1055.0,CA,ALA,68.0,19.521,-25.548,28.087,0.07,2.275,2.58
ATOM,1056.0,C,ALA,68.0,20.606,-24.533,28.367,0.51,2.0,0.0
ATOM,1057.0,O,ALA,68.0,21.137,-24.47,29.472,-0.51,1.7,0.0
ATOM,1058.0,CB,ALA,68.0,20.132,-26.795,27.567,-0.27,2.06,10.39
ATOM,1059.0,H,ALA,68.0,18.373,-25.4,26.203,0.31,0.2245,0.0
ATOM,1060.0,HA,ALA,68.0,19.043,-25.763,28.945,0.09,1.32,1.45
ATOM,1061.0,HB1,ALA,68.0,20.698,-26.601,26.758,0.09,1.32,0.0
ATOM,1062.0,HB2,ALA,68.0,20.716,-27.221,28.267,0.09,1.32,0.0
ATOM,1063.0,HB3,ALA,68.0,19.419,-27.455,27.304,0.09,1.32,8.74
ATOM,1064.0,N,HIS,69.0,20.98,-23.761,27.355,-0.47,1.85,0.0
ATOM,1065.0,CA,HIS,69.0,22.013,-22.759,27.541,0.07,2.275,0.0
ATOM,1066.0,C,HIS,69.0,21.501,-21.578,28.348,0.51,2.0,0.0
ATOM,1067.0,O,HIS,69.0,22.23,-21.052,29.169,-0.51,1.7,0.0
ATOM,1068.0,CB,HIS,69.0,22.621,-22.318,26.222,-0.08,2.175,0.0
ATOM,1069.0,CG,HIS,69.0,23.225,-23.439,25.433,0.22,1.8,0.0
ATOM,1070.0,ND1,HIS,69.0,23.396,-24.699,25.96,-0.7,1.85,0.0
ATOM,1071.0,CD2,HIS,69.0,23.771,-23.467,24.188,-0.05,1.8,0.29
ATOM,1072.0,CE1,HIS,69.0,23.988,-25.463,25.049,0.25,1.8,0.0
ATOM,1073.0,NE2,HIS,69.0,24.22,-24.737,23.964,-0.36,1.85,0.0
ATOM,1074.0,H,HIS,69.0,20.491,-23.931,26.464,0.31,0.2245,0.0
ATOM,1075.0,HA,HIS,69.0,22.78,-23.178,28.047,0.09,1.32,0.0
ATOM,1076.0,HB2,HIS,69.0,21.91,-21.885,25.656,0.09,1.32,0.0
ATOM,1077.0,HB3,HIS,69.0,23.342,-21.637,26.4,0.09,1.32,0.0
ATOM,1078.0,HD2,HIS,69.0,23.831,-22.695,23.557,0.09,1.468,0.89
ATOM,1079.0,HE1,HIS,69.0,24.221,-26.426,25.163,0.13,0.9,0.0
ATOM,1080.0,HE2,HIS,69.0,24.65,-25.07,23.126,0.32,0.2245,0.0
ATOM,1081.0,N,VAL,70.0,20.251,-21.182,28.142,-0.47,1.85,0.0
ATOM,1082.0,CA,VAL,70.0,19.652,-20.161,28.982,0.07,2.275,0.0
ATOM,1083.0,C,VAL,70.0,19.733,-20.603,30.444,0.51,2.0,0.0
ATOM,1084.0,O,VAL,70.0,20.079,-19.816,31.332,-0.51,1.7,0.0
ATOM,1085.0,CB,VAL,70.0,18.188,-19.908,28.533,-0.09,2.275,0.06
ATOM,1086.0,CG1,VAL,70.0,17.417,-19.048,29.48,-0.27,2.06,16.73
ATOM,1087.0,CG2,VAL,70.0,18.127,-19.24,27.161,-0.27,2.06,0.0
ATOM,1088.0,H,VAL,70.0,19.764,-21.648,27.361,0.31,0.2245,0.0
ATOM,1089.0,HA,VAL,70.0,20.183,-19.319,28.888,0.09,1.32,0.0
ATOM,1090.0,HB,VAL,70.0,17.735,-20.808,28.496,0.09,1.32,0.15
ATOM,1091.0,HG11,VAL,70.0,16.438,-19.072,29.254,0.09,1.32,4.98
ATOM,1092.0,HG12,VAL,70.0,17.537,-19.374,30.423,0.09,1.32,1.38
ATOM,1093.0,HG13,VAL,70.0,17.736,-18.097,29.425,0.09,1.32,0.0
ATOM,1094.0,HG21,VAL,70.0,18.92,-18.643,27.052,0.09,1.32,0.0
ATOM,1095.0,HG22,VAL,70.0,18.134,-19.945,26.453,0.09,1.32,0.0
ATOM,1096.0,HG23,VAL,70.0,17.287,-18.703,27.096,0.09,1.32,0.0
ATOM,1097.0,N,GLU,71.0,19.369,-21.851,30.704,-0.47,1.85,0.19
ATOM,1098.0,CA,GLU,71.0,19.446,-22.434,32.055,0.07,2.275,1.81
ATOM,1099.0,C,GLU,71.0,20.876,-22.394,32.593,0.51,2.0,0.0
ATOM,1100.0,O,GLU,71.0,21.089,-22.03,33.741,-0.51,1.7,0.01
ATOM,1101.0,CB,GLU,71.0,18.941,-23.87,32.004,-0.18,2.175,2.3
ATOM,1102.0,CG,GLU,71.0,19.077,-24.619,33.31,-0.28,2.175,2.49
ATOM,1103.0,CD,GLU,71.0,18.41,-25.96,33.237,0.62,2.0,0.49
ATOM,1104.0,OE1,GLU,71.0,18.763,-26.764,32.338,-0.76,1.7,6.57
ATOM,1105.0,OE2,GLU,71.0,17.491,-26.213,34.029,-0.76,1.7,13.76
ATOM,1106.0,H,GLU,71.0,19.024,-22.388,29.879,0.31,0.2245,0.0
ATOM,1107.0,HA,GLU,71.0,18.839,-21.923,32.673,0.09,1.32,4.84
ATOM,1108.0,HB2,GLU,71.0,17.983,-23.843,31.771,0.09,1.32,7.85
ATOM,1109.0,HB3,GLU,71.0,19.469,-24.351,31.325,0.09,1.32,0.0
ATOM,1110.0,HG2,GLU,71.0,20.029,-24.763,33.484,0.09,1.32,0.0
ATOM,1111.0,HG3,GLU,71.0,18.635,-24.099,34.012,0.09,1.32,7.53
ATOM,1112.0,N,MET,72.0,21.83,-22.789,31.754,-0.47,1.85,0.0
ATOM,1113.0,CA,MET,72.0,23.236,-22.737,32.153,0.07,2.275,0.0
ATOM,1114.0,C,MET,72.0,23.723,-21.346,32.516,0.51,2.0,0.0
ATOM,1115.0,O,MET,72.0,24.363,-21.164,33.552,-0.51,1.7,0.0
ATOM,1116.0,CB,MET,72.0,24.151,-23.313,31.088,-0.18,2.175,0.0
ATOM,1117.0,CG,MET,72.0,24.085,-24.823,31.029,-0.14,2.175,0.0
ATOM,1118.0,SD,MET,72.0,24.725,-25.568,29.548,-0.09,2.0,0.0
ATOM,1119.0,CE,MET,72.0,26.445,-25.045,29.651,-0.22,2.06,0.0
ATOM,1120.0,H,MET,72.0,21.504,-23.121,30.836,0.31,0.2245,0.0
ATOM,1121.0,HA,MET,72.0,23.349,-23.333,32.971,0.09,1.32,0.0
ATOM,1122.0,HB2,MET,72.0,23.887,-22.946,30.192,0.09,1.32,0.0
ATOM,1123.0,HB3,MET,72.0,25.097,-23.042,31.284,0.09,1.32,0.0
ATOM,1124.0,HG2,MET,72.0,24.571,-25.195,31.876,0.09,1.32,0.0
ATOM,1125.0,HG3,MET,72.0,23.092,-25.105,31.191,0.09,1.32,0.0
ATOM,1126.0,HE1,MET,72.0,26.968,-25.481,28.919,0.09,1.32,0.0
ATOM,1127.0,HE2,MET,72.0,26.495,-24.052,29.553,0.09,1.32,0.0
ATOM,1128.0,HE3,MET,72.0,26.82,-25.314,30.537,0.09,1.32,0.0
ATOM,1129.0,N,ILE,73.0,23.434,-20.36,31.672,-0.47,1.85,0.0
ATOM,1130.0,CA,ILE,73.0,23.907,-19.015,31.986,0.07,2.275,0.0
ATOM,1131.0,C,ILE,73.0,23.212,-18.479,33.23,0.51,2.0,0.0
ATOM,1132.0,O,ILE,73.0,23.855,-17.886,34.095,-0.51,1.7,0.0
ATOM,1133.0,CB,ILE,73.0,23.726,-18.085,30.8,-0.09,2.275,0.0
ATOM,1134.0,CG1,ILE,73.0,24.397,-18.606,29.513,-0.18,2.175,0.0
ATOM,1135.0,CG2,ILE,73.0,24.269,-16.736,31.118,-0.27,2.06,0.0
ATOM,1136.0,CD1,ILE,73.0,25.867,-18.749,29.545,-0.27,2.06,0.6
ATOM,1137.0,H,ILE,73.0,22.894,-20.61,30.849,0.31,0.2245,0.0
ATOM,1138.0,HA,ILE,73.0,24.88,-19.105,32.216,0.09,1.32,0.0
ATOM,1139.0,HB,ILE,73.0,22.742,-17.998,30.609,0.09,1.32,0.0
ATOM,1140.0,HG12,ILE,73.0,23.97,-19.499,29.293,0.09,1.32,0.0
ATOM,1141.0,HG13,ILE,73.0,24.134,-17.973,28.765,0.09,1.32,0.0
ATOM,1142.0,HG21,ILE,73.0,24.083,-16.097,30.366,0.09,1.32,0.0
ATOM,1143.0,HG22,ILE,73.0,23.845,-16.376,31.954,0.09,1.32,0.0
ATOM,1144.0,HG23,ILE,73.0,25.262,-16.782,31.258,0.09,1.32,0.0
ATOM,1145.0,HD11,ILE,73.0,26.139,-19.394,30.266,0.09,1.32,0.0
ATOM,1146.0,HD12,ILE,73.0,26.204,-19.093,28.663,0.09,1.32,0.0
ATOM,1147.0,HD13,ILE,73.0,26.3,-17.861,29.729,0.09,1.32,0.0
ATOM,1148.0,N,SER,74.0,21.913,-18.739,33.368,-0.47,1.85,0.0
ATOM,1149.0,CA,SER,74.0,21.199,-18.288,34.561,0.07,2.275,0.0
ATOM,1150.0,C,SER,74.0,21.803,-18.875,35.83,0.51,2.0,0.27
ATOM,1151.0,O,SER,74.0,21.941,-18.194,36.83,-0.51,1.7,4.78
ATOM,1152.0,CB,SER,74.0,19.733,-18.691,34.49,0.05,2.175,15.65
ATOM,1153.0,OG,SER,74.0,19.075,-18.112,33.393,-0.66,1.77,7.27
ATOM,1154.0,H,SER,74.0,21.479,-19.26,32.598,0.31,0.2245,0.0
ATOM,1155.0,HA,SER,74.0,21.283,-17.284,34.613,0.09,1.32,0.0
ATOM,1156.0,HB2,SER,74.0,19.677,-19.689,34.416,0.09,1.32,0.5
ATOM,1157.0,HB3,SER,74.0,19.279,-18.4,35.335,0.09,1.32,7.47
ATOM,1158.0,HG,SER,74.0,19.301,-18.615,32.557,0.43,0.2245,0.0
ATOM,1159.0,N,THR,75.0,22.178,-20.142,35.743,-0.47,1.85,0.0
ATOM,1160.0,CA,THR,75.0,22.773,-20.842,36.849,0.07,2.275,0.98
ATOM,1161.0,C,THR,75.0,24.167,-20.307,37.191,0.51,2.0,0.0
ATOM,1162.0,O,THR,75.0,24.509,-20.038,38.359,-0.51,1.7,1.21
ATOM,1163.0,CB,THR,75.0,22.844,-22.335,36.466,0.14,2.275,0.0
ATOM,1164.0,OG1,THR,75.0,21.508,-22.84,36.423,-0.66,1.77,15.07
ATOM,1165.0,CG2,THR,75.0,23.554,-23.112,37.538,-0.27,2.06,9.74
ATOM,1166.0,H,THR,75.0,22.003,-20.578,34.808,0.31,0.2245,0.0
ATOM,1167.0,HA,THR,75.0,22.188,-20.724,37.669,0.09,1.32,7.66
ATOM,1168.0,HB,THR,75.0,23.248,-22.415,35.54,0.09,1.32,0.0
ATOM,1169.0,HG21,THR,75.0,23.126,-24.015,37.657,0.09,1.32,4.78
ATOM,1170.0,HG22,THR,75.0,24.52,-23.245,37.292,0.09,1.32,0.0
ATOM,1171.0,HG23,THR,75.0,23.511,-22.619,38.414,0.09,1.32,3.67
ATOM,1172.0,HG1,THR,75.0,21.095,-22.664,35.523,0.43,0.2245,0.74
ATOM,1173.0,N,MET,76.0,24.978,-20.12,36.16,-0.47,1.85,0.0
ATOM,1174.0,CA,MET,76.0,26.334,-19.591,36.353,0.07,2.275,0.0
ATOM,1175.0,C,MET,76.0,26.279,-18.231,37.01,0.51,2.0,0.0
ATOM,1176.0,O,MET,76.0,27.061,-17.953,37.901,-0.51,1.7,0.0
ATOM,1177.0,CB,MET,76.0,27.08,-19.526,35.025,-0.18,2.175,0.0
ATOM,1178.0,CG,MET,76.0,28.454,-18.863,35.071,-0.14,2.175,0.0
ATOM,1179.0,SD,MET,76.0,29.661,-19.752,36.029,-0.09,2.0,0.0
ATOM,1180.0,CE,MET,76.0,30.067,-21.049,34.933,-0.22,2.06,0.0
ATOM,1181.0,H,MET,76.0,24.59,-20.369,35.237,0.31,0.2245,0.0
ATOM,1182.0,HA,MET,76.0,26.825,-20.22,36.963,0.09,1.32,0.0
ATOM,1183.0,HB2,MET,76.0,27.198,-20.469,34.666,0.09,1.32,0.0
ATOM,1184.0,HB3,MET,76.0,26.511,-19.022,34.351,0.09,1.32,0.0
ATOM,1185.0,HG2,MET,76.0,28.772,-18.731,34.095,0.09,1.32,0.0
ATOM,1186.0,HG3,MET,76.0,28.327,-17.899,35.427,0.09,1.32,0.0
ATOM,1187.0,HE1,MET,76.0,31.062,-21.08,34.768,0.09,1.32,0.0
ATOM,1188.0,HE2,MET,76.0,29.784,-21.94,35.312,0.09,1.32,0.0
ATOM,1189.0,HE3,MET,76.0,29.605,-20.925,34.044,0.09,1.32,0.0
ATOM,1190.0,N,ILE,77.0,25.395,-17.371,36.542,-0.47,1.85,0.0
ATOM,1191.0,CA,ILE,77.0,25.224,-16.061,37.144,0.07,2.275,0.0
ATOM,1192.0,C,ILE,77.0,24.87,-16.182,38.621,0.51,2.0,0.0
ATOM,1193.0,O,ILE,77.0,25.42,-15.47,39.467,-0.51,1.7,0.0
ATOM,1194.0,CB,ILE,77.0,24.203,-15.237,36.352,-0.09,2.275,0.0
ATOM,1195.0,CG1,ILE,77.0,24.787,-14.808,35.012,-0.18,2.175,0.0
ATOM,1196.0,CG2,ILE,77.0,23.784,-13.988,37.145,-0.27,2.06,0.0
ATOM,1197.0,CD1,ILE,77.0,23.801,-14.231,34.041,-0.27,2.06,0.0
ATOM,1198.0,H,ILE,77.0,24.845,-17.704,35.726,0.31,0.2245,0.0
ATOM,1199.0,HA,ILE,77.0,26.121,-15.608,37.101,0.09,1.32,0.0
ATOM,1200.0,HB,ILE,77.0,23.412,-15.815,36.174,0.09,1.32,0.0
ATOM,1201.0,HG12,ILE,77.0,25.511,-14.131,35.187,0.09,1.32,0.0
ATOM,1202.0,HG13,ILE,77.0,25.224,-15.613,34.591,0.09,1.32,0.0
ATOM,1203.0,HG21,ILE,77.0,23.099,-13.486,36.624,0.09,1.32,0.0
ATOM,1204.0,HG22,ILE,77.0,23.403,-14.271,38.021,0.09,1.32,0.0
ATOM,1205.0,HG23,ILE,77.0,24.584,-13.413,37.294,0.09,1.32,0.0
ATOM,1206.0,HD11,ILE,77.0,23.374,-13.416,34.437,0.09,1.32,0.0
ATOM,1207.0,HD12,ILE,77.0,24.27,-13.978,33.193,0.09,1.32,0.0
ATOM,1208.0,HD13,ILE,77.0,23.092,-14.908,33.836,0.09,1.32,0.0
ATOM,1209.0,N,GLY,78.0,23.943,-17.072,38.962,-0.47,1.85,0.0
ATOM,1210.0,CA,GLY,78.0,23.604,-17.273,40.355,-0.02,2.175,4.26
ATOM,1211.0,C,GLY,78.0,24.787,-17.694,41.202,0.51,2.0,2.4
ATOM,1212.0,O,GLY,78.0,25.038,-17.137,42.256,-0.51,1.7,5.38
ATOM,1213.0,H,GLY,78.0,23.51,-17.58,38.178,0.31,0.2245,0.0
ATOM,1214.0,HA2,GLY,78.0,23.211,-16.413,40.734,0.09,1.32,0.0
ATOM,1215.0,HA3,GLY,78.0,22.874,-17.98,40.426,0.09,1.32,8.56
ATOM,1216.0,N,TYR,79.0,25.579,-18.631,40.704,-0.47,1.85,2.02
ATOM,1217.0,CA,TYR,79.0,26.77,-19.01,41.438,0.07,2.275,0.73
ATOM,1218.0,C,TYR,79.0,27.729,-17.829,41.576,0.51,2.0,0.0
ATOM,1219.0,O,TYR,79.0,28.334,-17.619,42.621,-0.51,1.7,1.32
ATOM,1220.0,CB,TYR,79.0,27.522,-20.147,40.753,-0.18,2.175,0.0
ATOM,1221.0,CG,TYR,79.0,27.002,-21.554,40.951,0.0,1.9924,0.02
ATOM,1222.0,CD1,TYR,79.0,27.061,-22.158,42.19,-0.115,1.9924,2.47
ATOM,1223.0,CD2,TYR,79.0,26.587,-22.333,39.877,-0.115,1.9924,0.7
ATOM,1224.0,CE1,TYR,79.0,26.634,-23.457,42.349,-0.115,1.9924,8.71
ATOM,1225.0,CE2,TYR,79.0,26.217,-23.634,40.04,-0.115,1.9924,1.4
ATOM,1226.0,CZ,TYR,79.0,26.219,-24.189,41.281,0.11,1.9924,1.97
ATOM,1227.0,OH,TYR,79.0,25.862,-25.519,41.484,-0.54,1.77,28.03
ATOM,1228.0,H,TYR,79.0,25.29,-19.036,39.81,0.31,0.2245,0.0
ATOM,1229.0,HA,TYR,79.0,26.498,-19.298,42.365,0.09,1.32,0.17
ATOM,1230.0,HB2,TYR,79.0,27.534,-19.959,39.757,0.09,1.32,0.0
ATOM,1231.0,HB3,TYR,79.0,28.483,-20.126,41.075,0.09,1.32,0.72
ATOM,1232.0,HD1,TYR,79.0,27.415,-21.653,42.976,0.115,1.3582,0.31
ATOM,1233.0,HD2,TYR,79.0,26.562,-21.916,38.961,0.115,1.3582,0.0
ATOM,1234.0,HE1,TYR,79.0,26.63,-23.867,43.278,0.115,1.3582,7.72
ATOM,1235.0,HE2,TYR,79.0,25.942,-24.186,39.24,0.115,1.3582,0.7
ATOM,1236.0,HH,TYR,79.0,26.331,-25.856,42.296,0.43,0.2245,12.84
ATOM,1237.0,N,LEU,80.0,27.898,-17.082,40.503,-0.47,1.85,0.0
ATOM,1238.0,CA,LEU,80.0,28.862,-15.984,40.497,0.07,2.275,0.0
ATOM,1239.0,C,LEU,80.0,28.467,-14.846,41.427,0.51,2.0,0.0
ATOM,1240.0,O,LEU,80.0,29.329,-14.077,41.853,-0.51,1.7,0.0
ATOM,1241.0,CB,LEU,80.0,29.073,-15.455,39.074,-0.18,2.175,0.0
ATOM,1242.0,CG,LEU,80.0,29.898,-16.334,38.139,-0.09,2.275,0.0
ATOM,1243.0,CD1,LEU,80.0,29.784,-15.791,36.725,-0.27,2.06,0.0
ATOM,1244.0,CD2,LEU,80.0,31.35,-16.41,38.553,-0.27,2.06,0.4
ATOM,1245.0,H,LEU,80.0,27.31,-17.329,39.689,0.31,0.2245,0.0
ATOM,1246.0,HA,LEU,80.0,29.76,-16.346,40.799,0.09,1.32,0.0
ATOM,1247.0,HB2,LEU,80.0,28.174,-15.337,38.658,0.09,1.32,0.0
ATOM,1248.0,HB3,LEU,80.0,29.534,-14.574,39.143,0.09,1.32,0.0
ATOM,1249.0,HG,LEU,80.0,29.545,-17.262,38.168,0.09,1.32,0.0
ATOM,1250.0,HD11,LEU,80.0,30.129,-14.852,36.697,0.09,1.32,0.0
ATOM,1251.0,HD12,LEU,80.0,30.322,-16.361,36.102,0.09,1.32,0.0
ATOM,1252.0,HD13,LEU,80.0,28.825,-15.8,36.438,0.09,1.32,0.0
ATOM,1253.0,HD21,LEU,80.0,31.42,-16.794,39.476,0.09,1.32,0.0
ATOM,1254.0,HD22,LEU,80.0,31.855,-16.995,37.915,0.09,1.32,0.0
ATOM,1255.0,HD23,LEU,80.0,31.753,-15.492,38.547,0.09,1.32,0.0
ATOM,1256.0,N,LEU,81.0,27.184,-14.749,41.749,-0.47,1.85,0.0
ATOM,1257.0,CA,LEU,81.0,26.682,-13.722,42.659,0.07,2.275,0.0
ATOM,1258.0,C,LEU,81.0,26.731,-14.127,44.12,0.51,2.0,0.22
ATOM,1259.0,O,LEU,81.0,26.322,-13.361,44.964,-0.51,1.7,0.17
ATOM,1260.0,CB,LEU,81.0,25.253,-13.278,42.285,-0.18,2.175,0.0
ATOM,1261.0,CG,LEU,81.0,25.183,-12.476,40.992,-0.09,2.275,0.0
ATOM,1262.0,CD1,LEU,81.0,23.753,-12.328,40.551,-0.27,2.06,0.0
ATOM,1263.0,CD2,LEU,81.0,25.83,-11.105,41.151,-0.27,2.06,0.0
ATOM,1264.0,H,LEU,81.0,26.568,-15.462,41.301,0.31,0.2245,0.0
ATOM,1265.0,HA,LEU,81.0,27.25,-12.886,42.538,0.09,1.32,0.0
ATOM,1266.0,HB2,LEU,81.0,24.709,-14.091,42.167,0.09,1.32,0.0
ATOM,1267.0,HB3,LEU,81.0,24.917,-12.71,43.014,0.09,1.32,0.0
ATOM,1268.0,HG,LEU,81.0,25.707,-12.954,40.286,0.09,1.32,0.0
ATOM,1269.0,HD11,LEU,81.0,23.223,-11.851,41.257,0.09,1.32,0.0
ATOM,1270.0,HD12,LEU,81.0,23.709,-11.799,39.699,0.09,1.32,0.0
ATOM,1271.0,HD13,LEU,81.0,23.347,-13.232,40.394,0.09,1.32,0.0
ATOM,1272.0,HD21,LEU,81.0,26.792,-11.217,41.403,0.09,1.32,0.0
ATOM,1273.0,HD22,LEU,81.0,25.768,-10.605,40.287,0.09,1.32,0.0
ATOM,1274.0,HD23,LEU,81.0,25.355,-10.593,41.868,0.09,1.32,0.0
ATOM,1275.0,N,GLU,82.0,27.181,-15.34,44.407,-0.47,1.85,0.04
ATOM,1276.0,CA,GLU,82.0,27.273,-15.767,45.79,0.07,2.275,0.85
ATOM,1277.0,C,GLU,82.0,28.147,-14.788,46.572,0.51,2.0,0.0
ATOM,1278.0,O,GLU,82.0,29.212,-14.418,46.104,-0.51,1.7,0.0
ATOM,1279.0,CB,GLU,82.0,27.838,-17.178,45.889,-0.18,2.175,1.61
ATOM,1280.0,CG,GLU,82.0,26.863,-18.228,45.408,-0.28,2.175,9.17
ATOM,1281.0,CD,GLU,82.0,27.425,-19.637,45.547,0.62,2.0,3.11
ATOM,1282.0,OE1,GLU,82.0,28.598,-19.806,45.95,-0.76,1.7,30.95
ATOM,1283.0,OE2,GLU,82.0,26.724,-20.59,45.224,-0.76,1.7,23.57
ATOM,1284.0,H,GLU,82.0,27.445,-15.92,43.601,0.31,0.2245,0.0
ATOM,1285.0,HA,GLU,82.0,26.36,-15.798,46.202,0.09,1.32,5.92
ATOM,1286.0,HB2,GLU,82.0,28.634,-17.223,45.319,0.09,1.32,0.0
ATOM,1287.0,HB3,GLU,82.0,28.033,-17.358,46.831,0.09,1.32,1.7
ATOM,1288.0,HG2,GLU,82.0,26.054,-18.181,45.959,0.09,1.32,9.98
ATOM,1289.0,HG3,GLU,82.0,26.683,-18.079,44.456,0.09,1.32,0.0
ATOM,1290.0,N,ASP,83.0,27.675,-14.402,47.747,-0.47,1.85,0.0
ATOM,1291.0,CA,ASP,83.0,28.428,-13.525,48.654,0.07,2.275,2.91
ATOM,1292.0,C,ASP,83.0,28.778,-12.158,48.093,0.51,2.0,0.04
ATOM,1293.0,O,ASP,83.0,29.637,-11.478,48.655,-0.51,1.7,6.55
ATOM,1294.0,CB,ASP,83.0,29.724,-14.196,49.088,-0.28,2.175,13.76
ATOM,1295.0,CG,ASP,83.0,29.519,-15.577,49.639,0.62,2.0,3.07
ATOM,1296.0,OD1,ASP,83.0,28.614,-15.746,50.493,-0.76,1.7,36.76
ATOM,1297.0,OD2,ASP,83.0,30.195,-16.56,49.232,-0.76,1.7,33.51
ATOM,1298.0,H,ASP,83.0,26.726,-14.769,47.979,0.31,0.2245,10.68
ATOM,1299.0,HA,ASP,83.0,27.833,-13.371,49.472,0.09,1.32,10.34
ATOM,1300.0,HB2,ASP,83.0,30.323,-14.25,48.291,0.09,1.32,0.21
ATOM,1301.0,HB3,ASP,83.0,30.145,-13.625,49.789,0.09,1.32,6.35
ATOM,1302.0,N,ALA,84.0,28.111,-11.711,47.03,-0.47,1.85,0.0
ATOM,1303.0,CA,ALA,84.0,28.462,-10.417,46.451,0.07,2.275,0.0
ATOM,1304.0,C,ALA,84.0,28.183,-9.29,47.438,0.51,2.0,0.0
ATOM,1305.0,O,ALA,84.0,27.201,-9.329,48.163,-0.51,1.7,1.77
ATOM,1306.0,CB,ALA,84.0,27.696,-10.185,45.192,-0.27,2.06,0.0
ATOM,1307.0,H,ALA,84.0,27.372,-12.323,46.676,0.31,0.2245,0.0
ATOM,1308.0,HA,ALA,84.0,29.444,-10.416,46.232,0.09,1.32,1.16
ATOM,1309.0,HB1,ALA,84.0,28.321,-9.947,44.442,0.09,1.32,0.0
ATOM,1310.0,HB2,ALA,84.0,27.188,-11.013,44.935,0.09,1.32,0.0
ATOM,1311.0,HB3,ALA,84.0,27.042,-9.432,45.315,0.09,1.32,0.0
ATOM,1312.0,N,PRO,85.0,28.982,-8.24,47.407,-0.29,1.85,0.0
ATOM,1313.0,CA,PRO,85.0,28.768,-7.129,48.343,0.02,2.275,0.0
ATOM,1314.0,C,PRO,85.0,27.612,-6.242,47.89,0.51,2.0,0.0
ATOM,1315.0,O,PRO,85.0,27.41,-5.995,46.681,-0.51,1.7,0.67
ATOM,1316.0,CB,PRO,85.0,30.096,-6.386,48.285,-0.18,2.175,0.0
ATOM,1317.0,CG,PRO,85.0,30.55,-6.595,46.858,-0.18,2.175,0.0
ATOM,1318.0,CD,PRO,85.0,30.179,-8.074,46.574,0.0,2.175,0.67
ATOM,1319.0,HA,PRO,85.0,28.609,-7.475,49.275,0.09,1.32,0.0
ATOM,1320.0,HB2,PRO,85.0,29.974,-5.414,48.473,0.09,1.32,0.0
ATOM,1321.0,HB3,PRO,85.0,30.756,-6.776,48.922,0.09,1.32,0.0
ATOM,1322.0,HG2,PRO,85.0,30.06,-5.997,46.24,0.09,1.32,0.0
ATOM,1323.0,HG3,PRO,85.0,31.528,-6.469,46.776,0.09,1.32,0.0
ATOM,1324.0,HD2,PRO,85.0,29.974,-8.197,45.615,0.09,1.32,0.0
ATOM,1325.0,HD3,PRO,85.0,30.91,-8.673,46.866,0.09,1.32,4.01
ATOM,1326.0,N,PHE,86.0,26.826,-5.762,48.854,-0.47,1.85,0.0
ATOM,1327.0,CA,PHE,86.0,25.736,-4.862,48.55,0.07,2.275,0.48
ATOM,1328.0,C,PHE,86.0,25.399,-3.833,49.59,0.51,2.0,0.0
ATOM,1329.0,O,PHE,86.0,24.523,-3.025,49.348,-0.51,1.7,20.77
ATOM,1330.0,CB,PHE,86.0,24.469,-5.641,48.177,-0.18,2.175,0.31
ATOM,1331.0,CG,PHE,86.0,23.967,-6.543,49.264,0.0,1.9924,0.0
ATOM,1332.0,CD1,PHE,86.0,24.385,-7.852,49.354,-0.115,1.9924,0.16
ATOM,1333.0,CD2,PHE,86.0,23.058,-6.092,50.185,-0.115,1.9924,5.2
ATOM,1334.0,CE1,PHE,86.0,23.938,-8.675,50.357,-0.115,1.9924,7.38
ATOM,1335.0,CE2,PHE,86.0,22.598,-6.92,51.211,-0.115,1.9924,16.68
ATOM,1336.0,CZ,PHE,86.0,23.027,-8.205,51.283,-0.115,1.9924,18.49
ATOM,1337.0,H,PHE,86.0,27.064,-6.086,49.809,0.31,0.2245,0.0
ATOM,1338.0,HA,PHE,86.0,26.01,-4.347,47.699,0.09,1.32,3.31
ATOM,1339.0,HB2,PHE,86.0,23.761,-4.982,47.971,0.09,1.32,1.76
ATOM,1340.0,HB3,PHE,86.0,24.681,-6.198,47.387,0.09,1.32,0.0
ATOM,1341.0,HD1,PHE,86.0,25.03,-8.213,48.675,0.115,1.3582,0.0
ATOM,1342.0,HD2,PHE,86.0,22.71,-5.151,50.131,0.115,1.3582,8.91
ATOM,1343.0,HE1,PHE,86.0,24.276,-9.626,50.415,0.115,1.3582,11.83
ATOM,1344.0,HE2,PHE,86.0,21.944,-6.54,51.889,0.115,1.3582,18.16
ATOM,1345.0,HZ,PHE,86.0,22.693,-8.823,52.001,0.115,1.3582,17.74
ATOM,1346.0,N,GLY,87.0,26.076,-3.798,50.735,-0.47,1.85,0.0
ATOM,1347.0,CA,GLY,87.0,25.771,-2.778,51.702,-0.02,2.175,3.31
ATOM,1348.0,C,GLY,87.0,26.876,-2.539,52.723,0.51,2.0,0.0
ATOM,1349.0,O,GLY,87.0,27.954,-3.1,52.612,-0.51,1.7,0.0
ATOM,1350.0,H,GLY,87.0,26.79,-4.525,50.849,0.31,0.2245,0.0
ATOM,1351.0,HA2,GLY,87.0,25.574,-1.897,51.221,0.09,1.32,3.48
ATOM,1352.0,HA3,GLY,87.0,24.913,-3.023,52.201,0.09,1.32,5.75
ATOM,1353.0,N,PRO,88.0,26.621,-1.648,53.657,-0.29,1.85,0.0
ATOM,1354.0,CA,PRO,88.0,27.608,-1.3,54.671,0.02,2.275,0.51
ATOM,1355.0,C,PRO,88.0,28.255,-2.467,55.401,0.51,2.0,0.0
ATOM,1356.0,O,PRO,88.0,29.45,-2.391,55.706,-0.51,1.7,0.06
ATOM,1357.0,CB,PRO,88.0,26.811,-0.44,55.633,-0.18,2.175,9.24
ATOM,1358.0,CG,PRO,88.0,25.766,0.193,54.79,-0.18,2.175,21.47
ATOM,1359.0,CD,PRO,88.0,25.39,-0.865,53.811,0.0,2.175,13.09
ATOM,1360.0,HA,PRO,88.0,28.334,-0.69,54.265,0.09,1.32,1.09
ATOM,1361.0,HB2,PRO,88.0,26.398,-1.002,56.358,0.09,1.32,5.76
ATOM,1362.0,HB3,PRO,88.0,27.397,0.254,56.063,0.09,1.32,8.55
ATOM,1363.0,HG2,PRO,88.0,24.978,0.466,55.349,0.09,1.32,12.12
ATOM,1364.0,HG3,PRO,88.0,26.131,1.004,54.325,0.09,1.32,11.19
ATOM,1365.0,HD2,PRO,88.0,24.647,-1.445,54.157,0.09,1.32,9.76
ATOM,1366.0,HD3,PRO,88.0,25.11,-0.473,52.929,0.09,1.32,7.14
ATOM,1367.0,N,GLU,89.0,27.51,-3.524,55.726,-0.47,1.85,0.55
ATOM,1368.0,CA,GLU,89.0,28.132,-4.656,56.43,0.07,2.275,0.01
ATOM,1369.0,C,GLU,89.0,29.292,-5.229,55.624,0.51,2.0,0.0
ATOM,1370.0,O,GLU,89.0,30.32,-5.633,56.17,-0.51,1.7,1.29
ATOM,1371.0,CB,GLU,89.0,27.109,-5.759,56.713,-0.18,2.175,6.74
ATOM,1372.0,CG,GLU,89.0,27.63,-6.967,57.499,-0.28,2.175,12.85
ATOM,1373.0,CD,GLU,89.0,26.572,-8.024,57.748,0.62,2.0,4.73
ATOM,1374.0,OE1,GLU,89.0,25.434,-7.645,58.117,-0.76,1.7,40.47
ATOM,1375.0,OE2,GLU,89.0,26.905,-9.226,57.575,-0.76,1.7,47.43
ATOM,1376.0,H,GLU,89.0,26.527,-3.482,55.459,0.31,0.2245,4.2
ATOM,1377.0,HA,GLU,89.0,28.464,-4.348,57.328,0.09,1.32,0.03
ATOM,1378.0,HB2,GLU,89.0,26.373,-5.36,57.243,0.09,1.32,8.19
ATOM,1379.0,HB3,GLU,89.0,26.779,-6.096,55.843,0.09,1.32,4.37
ATOM,1380.0,HG2,GLU,89.0,28.351,-7.382,56.974,0.09,1.32,1.7
ATOM,1381.0,HG3,GLU,89.0,27.946,-6.647,58.374,0.09,1.32,9.38
ATOM,1382.0,N,ASP,90.0,29.134,-5.259,54.306,-0.47,1.85,0.0
ATOM,1383.0,CA,ASP,90.0,30.183,-5.789,53.456,0.07,2.275,0.0
ATOM,1384.0,C,ASP,90.0,31.38,-4.856,53.447,0.51,2.0,0.0
ATOM,1385.0,O,ASP,90.0,32.518,-5.315,53.472,-0.51,1.7,0.0
ATOM,1386.0,CB,ASP,90.0,29.654,-6.039,52.05,-0.28,2.175,0.0
ATOM,1387.0,CG,ASP,90.0,28.392,-6.831,52.054,0.62,2.0,0.0
ATOM,1388.0,OD1,ASP,90.0,28.458,-8.026,52.453,-0.76,1.7,16.13
ATOM,1389.0,OD2,ASP,90.0,27.316,-6.331,51.651,-0.76,1.7,1.87
ATOM,1390.0,H,ASP,90.0,28.238,-4.888,53.959,0.31,0.2245,0.0
ATOM,1391.0,HA,ASP,90.0,30.489,-6.658,53.862,0.09,1.32,0.0
ATOM,1392.0,HB2,ASP,90.0,29.487,-5.154,51.627,0.09,1.32,0.0
ATOM,1393.0,HB3,ASP,90.0,30.354,-6.535,51.546,0.09,1.32,0.0
ATOM,1394.0,N,LEU,91.0,31.124,-3.552,53.366,-0.47,1.85,0.0
ATOM,1395.0,CA,LEU,91.0,32.188,-2.563,53.352,0.07,2.275,0.0
ATOM,1396.0,C,LEU,91.0,32.976,-2.538,54.654,0.51,2.0,0.3
ATOM,1397.0,O,LEU,91.0,34.179,-2.301,54.636,-0.51,1.7,1.25
ATOM,1398.0,CB,LEU,91.0,31.636,-1.192,53.032,-0.18,2.175,7.75
ATOM,1399.0,CG,LEU,91.0,31.071,-1.088,51.615,-0.09,2.275,0.0
ATOM,1400.0,CD1,LEU,91.0,30.338,0.216,51.396,-0.27,2.06,25.62
ATOM,1401.0,CD2,LEU,91.0,32.204,-1.249,50.637,-0.27,2.06,0.0
ATOM,1402.0,H,LEU,91.0,30.114,-3.311,53.315,0.31,0.2245,0.0
ATOM,1403.0,HA,LEU,91.0,32.828,-2.787,52.598,0.09,1.32,0.0
ATOM,1404.0,HB2,LEU,91.0,30.899,-0.998,53.656,0.09,1.32,0.32
ATOM,1405.0,HB3,LEU,91.0,32.365,-0.535,53.106,0.09,1.32,4.85
ATOM,1406.0,HG,LEU,91.0,30.441,-1.858,51.461,0.09,1.32,0.0
ATOM,1407.0,HD11,LEU,91.0,30.964,0.985,51.539,0.09,1.32,9.69
ATOM,1408.0,HD12,LEU,91.0,29.981,0.252,50.46,0.09,1.32,2.25
ATOM,1409.0,HD13,LEU,91.0,29.575,0.289,52.041,0.09,1.32,0.84
ATOM,1410.0,HD21,LEU,91.0,32.641,-2.144,50.763,0.09,1.32,0.0
ATOM,1411.0,HD22,LEU,91.0,31.858,-1.184,49.697,0.09,1.32,0.0
ATOM,1412.0,HD23,LEU,91.0,32.888,-0.529,50.783,0.09,1.32,1.71
ATOM,1413.0,N,LYS,92.0,32.303,-2.78,55.759,-0.47,1.85,0.12
ATOM,1414.0,CA,LYS,92.0,32.975,-2.82,57.05,0.07,2.275,1.63
ATOM,1415.0,C,LYS,92.0,33.939,-3.991,57.107,0.51,2.0,0.28
ATOM,1416.0,O,LYS,92.0,35.033,-3.892,57.689,-0.51,1.7,23.65
ATOM,1417.0,CB,LYS,92.0,31.94,-2.974,58.143,-0.18,2.175,6.07
ATOM,1418.0,CG,LYS,92.0,31.271,-1.721,58.495,-0.18,2.175,8.86
ATOM,1419.0,CD,LYS,92.0,30.289,-1.94,59.66,-0.18,2.175,9.59
ATOM,1420.0,CE,LYS,92.0,29.271,-0.821,59.761,0.21,2.175,16.67
ATOM,1421.0,NZ,LYS,92.0,28.111,-1.289,60.576,-0.3,1.85,12.94
ATOM,1422.0,H,LYS,92.0,31.287,-2.935,55.638,0.31,0.2245,0.0
ATOM,1423.0,HA,LYS,92.0,33.493,-1.967,57.175,0.09,1.32,6.78
ATOM,1424.0,HB2,LYS,92.0,31.259,-3.641,57.827,0.09,1.32,0.0
ATOM,1425.0,HB3,LYS,92.0,32.405,-3.346,58.952,0.09,1.32,8.23
ATOM,1426.0,HG2,LYS,92.0,31.935,-1.031,58.788,0.09,1.32,10.58
ATOM,1427.0,HG3,LYS,92.0,30.745,-1.366,57.721,0.09,1.32,1.17
ATOM,1428.0,HD2,LYS,92.0,29.811,-2.8,59.508,0.09,1.32,2.45
ATOM,1429.0,HD3,LYS,92.0,30.811,-1.98,60.506,0.09,1.32,10.94
ATOM,1430.0,HE2,LYS,92.0,29.688,-0.038,60.205,0.05,1.32,11.1
ATOM,1431.0,HE3,LYS,92.0,28.955,-0.581,58.851,0.05,1.32,0.11
ATOM,1432.0,HZ1,LYS,92.0,28.44,-1.61,61.463,0.33,0.2245,17.36
ATOM,1433.0,HZ2,LYS,92.0,27.474,-0.531,60.707,0.33,0.2245,20.53
ATOM,1434.0,HZ3,LYS,92.0,27.652,-2.036,60.097,0.33,0.2245,11.04
ATOM,1435.0,N,ARG,93.0,33.533,-5.11,56.536,-0.47,1.85,0.35
ATOM,1436.0,CA,ARG,93.0,34.352,-6.299,56.482,0.07,2.275,3.24
ATOM,1437.0,C,ARG,93.0,35.568,-6.048,55.589,0.51,2.0,0.0
ATOM,1438.0,O,ARG,93.0,36.691,-6.41,55.925,-0.51,1.7,24.37
ATOM,1439.0,CB,ARG,93.0,33.507,-7.469,55.999,-0.18,2.175,1.67
ATOM,1440.0,CG,ARG,93.0,34.245,-8.749,55.715,-0.18,2.175,8.01
ATOM,1441.0,CD,ARG,93.0,33.303,-9.938,55.421,0.2,2.175,20.56
ATOM,1442.0,NE,ARG,93.0,32.403,-9.679,54.29,-0.7,1.85,4.68
ATOM,1443.0,CZ,ARG,93.0,32.711,-9.859,53.005,0.64,2.0,2.01
ATOM,1444.0,NH1,ARG,93.0,33.915,-10.309,52.635,-0.8,1.85,16.75
ATOM,1445.0,NH2,ARG,93.0,31.802,-9.565,52.08,-0.8,1.85,6.26
ATOM,1446.0,H,ARG,93.0,32.568,-5.06,56.127,0.31,0.2245,0.0
ATOM,1447.0,HA,ARG,93.0,34.678,-6.521,57.404,0.09,1.32,9.63
ATOM,1448.0,HB2,ARG,93.0,32.809,-7.658,56.7,0.09,1.32,6.58
ATOM,1449.0,HB3,ARG,93.0,33.037,-7.185,55.155,0.09,1.32,0.0
ATOM,1450.0,HG2,ARG,93.0,34.838,-8.636,54.914,0.09,1.32,0.14
ATOM,1451.0,HG3,ARG,93.0,34.807,-9.006,56.504,0.09,1.32,9.91
ATOM,1452.0,HD2,ARG,93.0,33.872,-10.729,55.218,0.09,1.32,6.59
ATOM,1453.0,HD3,ARG,93.0,32.765,-10.104,56.242,0.09,1.32,10.28
ATOM,1454.0,HE,ARG,93.0,31.475,-9.336,54.504,0.44,0.2245,5.36
ATOM,1455.0,HH11,ARG,93.0,34.594,-10.535,53.33,0.46,0.2245,9.13
ATOM,1456.0,HH12,ARG,93.0,34.128,-10.418,51.666,0.46,0.2245,12.43
ATOM,1457.0,HH21,ARG,93.0,30.898,-9.234,52.347,0.46,0.2245,0.91
ATOM,1458.0,HH22,ARG,93.0,32.024,-9.677,51.109,0.46,0.2245,2.78
ATOM,1459.0,N,ASP,94.0,35.36,-5.391,54.451,-0.47,1.85,0.0
ATOM,1460.0,CA,ASP,94.0,36.443,-5.124,53.518,0.07,2.275,0.17
ATOM,1461.0,C,ASP,94.0,36.132,-3.913,52.679,0.51,2.0,0.0
ATOM,1462.0,O,ASP,94.0,35.348,-4.004,51.725,-0.51,1.7,0.0
ATOM,1463.0,CB,ASP,94.0,36.635,-6.326,52.638,-0.28,2.175,2.76
ATOM,1464.0,CG,ASP,94.0,37.804,-6.173,51.679,0.62,2.0,3.23
ATOM,1465.0,OD1,ASP,94.0,38.393,-5.064,51.561,-0.76,1.7,8.89
ATOM,1466.0,OD2,ASP,94.0,38.161,-7.124,50.983,-0.76,1.7,31.24
ATOM,1467.0,H,ASP,94.0,34.378,-5.093,54.293,0.31,0.2245,0.0
ATOM,1468.0,HA,ASP,94.0,37.26,-4.909,54.067,0.09,1.32,1.56
ATOM,1469.0,HB2,ASP,94.0,36.807,-7.121,53.214,0.09,1.32,4.1
ATOM,1470.0,HB3,ASP,94.0,35.808,-6.466,52.101,0.09,1.32,0.0
ATOM,1471.0,N,PRO,95.0,36.671,-2.755,53.056,-0.29,1.85,0.0
ATOM,1472.0,CA,PRO,95.0,36.362,-1.517,52.346,0.02,2.275,0.16
ATOM,1473.0,C,PRO,95.0,36.7,-1.502,50.865,0.51,2.0,0.38
ATOM,1474.0,O,PRO,95.0,36.097,-0.723,50.114,-0.51,1.7,6.59
ATOM,1475.0,CB,PRO,95.0,37.156,-0.454,53.112,-0.18,2.175,16.01
ATOM,1476.0,CG,PRO,95.0,37.371,-1.045,54.449,-0.18,2.175,19.05
ATOM,1477.0,CD,PRO,95.0,37.528,-2.52,54.247,0.0,2.175,11.59
ATOM,1478.0,HA,PRO,95.0,35.373,-1.266,52.488,0.09,1.32,0.0
ATOM,1479.0,HB2,PRO,95.0,38.028,-0.268,52.649,0.09,1.32,9.41
ATOM,1480.0,HB3,PRO,95.0,36.632,0.401,53.168,0.09,1.32,11.82
ATOM,1481.0,HG2,PRO,95.0,38.197,-0.654,54.886,0.09,1.32,12.17
ATOM,1482.0,HG3,PRO,95.0,36.585,-0.849,55.058,0.09,1.32,5.09
ATOM,1483.0,HD2,PRO,95.0,38.468,-2.77,54.047,0.09,1.32,8.55
ATOM,1484.0,HD3,PRO,95.0,37.188,-3.04,55.023,0.09,1.32,0.34
ATOM,1485.0,N,SER,96.0,37.58,-2.382,50.434,-0.47,1.85,0.92
ATOM,1486.0,CA,SER,96.0,37.971,-2.413,49.034,0.07,2.275,3.07
ATOM,1487.0,C,SER,96.0,36.832,-2.955,48.187,0.51,2.0,0.0
ATOM,1488.0,O,SER,96.0,36.855,-2.821,46.97,-0.51,1.7,4.44
ATOM,1489.0,CB,SER,96.0,39.218,-3.264,48.845,0.05,2.175,24.4
ATOM,1490.0,OG,SER,96.0,38.975,-4.622,49.104,-0.66,1.77,15.41
ATOM,1491.0,H,SER,96.0,37.956,-3.026,51.15,0.31,0.2245,0.21
ATOM,1492.0,HA,SER,96.0,38.156,-1.471,48.739,0.09,1.32,8.22
ATOM,1493.0,HB2,SER,96.0,39.537,-3.162,47.901,0.09,1.32,9.71
ATOM,1494.0,HB3,SER,96.0,39.93,-2.934,49.469,0.09,1.32,11.24
ATOM,1495.0,HG,SER,96.0,38.719,-4.744,50.064,0.43,0.2245,0.0
ATOM,1496.0,N,LEU,97.0,35.836,-3.57,48.827,-0.47,1.85,0.0
ATOM,1497.0,CA,LEU,97.0,34.68,-4.093,48.089,0.07,2.275,0.0
ATOM,1498.0,C,LEU,97.0,33.879,-2.972,47.457,0.51,2.0,0.0
ATOM,1499.0,O,LEU,97.0,33.061,-3.262,46.598,-0.51,1.7,0.0
ATOM,1500.0,CB,LEU,97.0,33.783,-4.968,48.985,-0.18,2.175,0.0
ATOM,1501.0,CG,LEU,97.0,34.417,-6.308,49.354,-0.09,2.275,0.0
ATOM,1502.0,CD1,LEU,97.0,33.592,-6.94,50.458,-0.27,2.06,0.0
ATOM,1503.0,CD2,LEU,97.0,34.614,-7.259,48.166,-0.27,2.06,20.05
ATOM,1504.0,H,LEU,97.0,35.945,-3.643,49.848,0.31,0.2245,0.0
ATOM,1505.0,HA,LEU,97.0,35.02,-4.699,47.359,0.09,1.32,0.14
ATOM,1506.0,HB2,LEU,97.0,33.618,-4.473,49.819,0.09,1.32,0.0
ATOM,1507.0,HB3,LEU,97.0,32.954,-5.153,48.491,0.09,1.32,0.0
ATOM,1508.0,HG,LEU,97.0,35.342,-6.151,49.676,0.09,1.32,0.0
ATOM,1509.0,HD11,LEU,97.0,32.654,-7.083,50.138,0.09,1.32,0.0
ATOM,1510.0,HD12,LEU,97.0,33.992,-7.821,50.715,0.09,1.32,0.04
ATOM,1511.0,HD13,LEU,97.0,33.58,-6.337,51.257,0.09,1.32,0.0
ATOM,1512.0,HD21,LEU,97.0,35.211,-6.825,47.493,0.09,1.32,2.79
ATOM,1513.0,HD22,LEU,97.0,35.031,-8.107,48.49,0.09,1.32,7.6
ATOM,1514.0,HD23,LEU,97.0,33.727,-7.456,47.752,0.09,1.32,0.0
ATOM,1515.0,N,ALA,98.0,34.135,-1.702,47.802,-0.47,1.85,0.0
ATOM,1516.0,CA,ALA,98.0,33.473,-0.592,47.15,0.07,2.275,0.49
ATOM,1517.0,C,ALA,98.0,33.704,-0.623,45.652,0.51,2.0,0.12
ATOM,1518.0,O,ALA,98.0,32.827,-0.223,44.889,-0.51,1.7,3.33
ATOM,1519.0,CB,ALA,98.0,33.901,0.768,47.755,-0.27,2.06,30.0
ATOM,1520.0,H,ALA,98.0,34.835,-1.597,48.561,0.31,0.2245,0.0
ATOM,1521.0,HA,ALA,98.0,32.48,-0.655,47.324,0.09,1.32,0.48
ATOM,1522.0,HB1,ALA,98.0,33.582,0.815,48.697,0.09,1.32,1.3
ATOM,1523.0,HB2,ALA,98.0,34.894,0.834,47.726,0.09,1.32,4.14
ATOM,1524.0,HB3,ALA,98.0,33.494,1.5,47.218,0.09,1.32,9.57
ATOM,1525.0,N,THR,99.0,34.9,-1.049,45.233,-0.47,1.85,0.0
ATOM,1526.0,CA,THR,99.0,35.192,-1.098,43.812,0.07,2.275,0.68
ATOM,1527.0,C,THR,99.0,34.303,-2.135,43.132,0.51,2.0,0.0
ATOM,1528.0,O,THR,99.0,33.737,-1.889,42.058,-0.51,1.7,3.53
ATOM,1529.0,CB,THR,99.0,36.671,-1.413,43.575,0.14,2.275,4.1
ATOM,1530.0,OG1,THR,99.0,37.477,-0.429,44.261,-0.66,1.77,22.62
ATOM,1531.0,CG2,THR,99.0,36.99,-1.298,42.111,-0.27,2.06,38.72
ATOM,1532.0,H,THR,99.0,35.554,-1.323,45.974,0.31,0.2245,0.0
ATOM,1533.0,HA,THR,99.0,34.992,-0.201,43.409,0.09,1.32,3.86
ATOM,1534.0,HB,THR,99.0,36.888,-2.324,43.973,0.09,1.32,3.85
ATOM,1535.0,HG21,THR,99.0,37.424,-2.143,41.781,0.09,1.32,11.91
ATOM,1536.0,HG22,THR,99.0,36.149,-1.141,41.581,0.09,1.32,3.45
ATOM,1537.0,HG23,THR,99.0,37.619,-0.53,41.95,0.09,1.32,10.16
ATOM,1538.0,HG1,THR,99.0,36.917,0.07,44.927,0.43,0.2245,9.39
ATOM,1539.0,N,THR,100.0,34.193,-3.292,43.765,-0.47,1.85,0.01
ATOM,1540.0,CA,THR,100.0,33.36,-4.353,43.234,0.07,2.275,0.79
ATOM,1541.0,C,THR,100.0,31.915,-3.847,43.155,0.51,2.0,0.0
ATOM,1542.0,O,THR,100.0,31.25,-3.982,42.122,-0.51,1.7,0.0
ATOM,1543.0,CB,THR,100.0,33.476,-5.583,44.122,0.14,2.275,0.0
ATOM,1544.0,OG1,THR,100.0,34.798,-6.121,43.978,-0.66,1.77,14.95
ATOM,1545.0,CG2,THR,100.0,32.498,-6.69,43.652,-0.27,2.06,0.11
ATOM,1546.0,H,THR,100.0,34.736,-3.368,44.643,0.31,0.2245,0.0
ATOM,1547.0,HA,THR,100.0,33.662,-4.573,42.309,0.09,1.32,2.03
ATOM,1548.0,HB,THR,100.0,33.353,-5.309,45.094,0.09,1.32,0.0
ATOM,1549.0,HG21,THR,100.0,31.565,-6.419,43.881,0.09,1.32,0.0
ATOM,1550.0,HG22,THR,100.0,32.585,-6.804,42.665,0.09,1.32,0.0
ATOM,1551.0,HG23,THR,100.0,32.727,-7.544,44.114,0.09,1.32,3.0
ATOM,1552.0,HG1,THR,100.0,34.826,-6.78,43.219,0.43,0.2245,14.29
ATOM,1553.0,N,MET,101.0,31.438,-3.25,44.247,-0.47,1.85,0.0
ATOM,1554.0,CA,MET,101.0,30.074,-2.741,44.289,0.07,2.275,0.64
ATOM,1555.0,C,MET,101.0,29.819,-1.761,43.151,0.51,2.0,0.3
ATOM,1556.0,O,MET,101.0,28.788,-1.817,42.484,-0.51,1.7,10.9
ATOM,1557.0,CB,MET,101.0,29.771,-2.082,45.627,-0.18,2.175,6.49
ATOM,1558.0,CG,MET,101.0,29.641,-3.125,46.731,-0.14,2.175,0.06
ATOM,1559.0,SD,MET,101.0,29.584,-2.455,48.41,-0.09,2.0,0.02
ATOM,1560.0,CE,MET,101.0,28.036,-1.7,48.424,-0.22,2.06,14.92
ATOM,1561.0,H,MET,101.0,32.103,-3.184,45.035,0.31,0.2245,0.0
ATOM,1562.0,HA,MET,101.0,29.444,-3.519,44.176,0.09,1.32,0.0
ATOM,1563.0,HB2,MET,101.0,30.512,-1.461,45.866,0.09,1.32,0.0
ATOM,1564.0,HB3,MET,101.0,28.912,-1.582,45.563,0.09,1.32,5.09
ATOM,1565.0,HG2,MET,101.0,28.797,-3.694,46.538,0.09,1.32,0.36
ATOM,1566.0,HG3,MET,101.0,30.424,-3.796,46.634,0.09,1.32,0.0
ATOM,1567.0,HE1,MET,101.0,27.395,-2.181,49.045,0.09,1.32,0.0
ATOM,1568.0,HE2,MET,101.0,28.096,-0.738,48.735,0.09,1.32,6.14
ATOM,1569.0,HE3,MET,101.0,27.618,-1.695,47.501,0.09,1.32,4.83
ATOM,1570.0,N,ALA,102.0,30.774,-0.87,42.914,-0.47,1.85,0.41
ATOM,1571.0,CA,ALA,102.0,30.607,0.116,41.866,0.07,2.275,3.12
ATOM,1572.0,C,ALA,102.0,30.455,-0.485,40.488,0.51,2.0,0.18
ATOM,1573.0,O,ALA,102.0,29.751,0.065,39.639,-0.51,1.7,23.72
ATOM,1574.0,CB,ALA,102.0,31.8,1.085,41.828,-0.27,2.06,32.11
ATOM,1575.0,H,ALA,102.0,31.606,-0.942,43.517,0.31,0.2245,0.0
ATOM,1576.0,HA,ALA,102.0,29.775,0.671,42.071,0.09,1.32,11.02
ATOM,1577.0,HB1,ALA,102.0,32.63,0.573,41.623,0.09,1.32,1.06
ATOM,1578.0,HB2,ALA,102.0,31.642,1.77,41.121,0.09,1.32,9.84
ATOM,1579.0,HB3,ALA,102.0,31.888,1.53,42.716,0.09,1.32,6.64
ATOM,1580.0,N,GLY,103.0,31.139,-1.599,40.247,-0.47,1.85,0.33
ATOM,1581.0,CA,GLY,103.0,31.06,-2.264,38.963,-0.02,2.175,13.92
ATOM,1582.0,C,GLY,103.0,29.9,-3.229,38.818,0.51,2.0,0.0
ATOM,1583.0,O,GLY,103.0,29.639,-3.716,37.711,-0.51,1.7,1.45
ATOM,1584.0,H,GLY,103.0,31.716,-1.936,41.04,0.31,0.2245,0.0
ATOM,1585.0,HA2,GLY,103.0,31.0,-1.558,38.222,0.09,1.32,5.88
ATOM,1586.0,HA3,GLY,103.0,31.936,-2.768,38.791,0.09,1.32,4.56
ATOM,1587.0,N,MET,104.0,29.177,-3.499,39.889,-0.47,1.85,0.0
ATOM,1588.0,CA,MET,104.0,28.054,-4.453,39.809,0.07,2.275,0.0
ATOM,1589.0,C,MET,104.0,26.812,-3.811,39.194,0.51,2.0,0.0
ATOM,1590.0,O,MET,104.0,26.731,-2.599,39.047,-0.51,1.7,3.45
ATOM,1591.0,CB,MET,104.0,27.703,-4.933,41.218,-0.18,2.175,1.91
ATOM,1592.0,CG,MET,104.0,28.666,-5.986,41.759,-0.14,2.175,0.0
ATOM,1593.0,SD,MET,104.0,28.47,-6.372,43.511,-0.09,2.0,0.22
ATOM,1594.0,CE,MET,104.0,26.87,-7.092,43.609,-0.22,2.06,2.26
ATOM,1595.0,H,MET,104.0,29.446,-3.012,40.753,0.31,0.2245,0.0
ATOM,1596.0,HA,MET,104.0,28.34,-5.215,39.215,0.09,1.32,0.0
ATOM,1597.0,HB2,MET,104.0,27.711,-4.146,41.844,0.09,1.32,0.84
ATOM,1598.0,HB3,MET,104.0,26.777,-5.326,41.21,0.09,1.32,0.0
ATOM,1599.0,HG2,MET,104.0,28.561,-6.841,41.182,0.09,1.32,0.0
ATOM,1600.0,HG3,MET,104.0,29.633,-5.668,41.561,0.09,1.32,0.0
ATOM,1601.0,HE1,MET,104.0,26.259,-6.689,42.918,0.09,1.32,0.0
ATOM,1602.0,HE2,MET,104.0,26.92,-8.085,43.45,0.09,1.32,0.0
ATOM,1603.0,HE3,MET,104.0,26.468,-6.936,44.519,0.09,1.32,0.0
ATOM,1604.0,N,ASP,105.0,25.865,-4.668,38.848,-0.47,1.85,0.0
ATOM,1605.0,CA,ASP,105.0,24.511,-4.241,38.513,0.07,2.275,0.38
ATOM,1606.0,C,ASP,105.0,23.765,-4.023,39.803,0.51,2.0,0.0
ATOM,1607.0,O,ASP,105.0,23.569,-4.971,40.559,-0.51,1.7,0.08
ATOM,1608.0,CB,ASP,105.0,23.845,-5.333,37.691,-0.28,2.175,0.18
ATOM,1609.0,CG,ASP,105.0,22.449,-4.972,37.249,0.62,2.0,1.84
ATOM,1610.0,OD1,ASP,105.0,21.849,-4.04,37.82,-0.76,1.7,4.46
ATOM,1611.0,OD2,ASP,105.0,21.891,-5.627,36.336,-0.76,1.7,0.12
ATOM,1612.0,H,ASP,105.0,26.165,-5.668,38.835,0.31,0.2245,0.0
ATOM,1613.0,HA,ASP,105.0,24.586,-3.358,38.056,0.09,1.32,0.61
ATOM,1614.0,HB2,ASP,105.0,24.405,-5.497,36.883,0.09,1.32,0.0
ATOM,1615.0,HB3,ASP,105.0,23.803,-6.158,38.248,0.09,1.32,0.0
ATOM,1616.0,N,PRO,106.0,23.382,-2.785,40.109,-0.29,1.85,0.0
ATOM,1617.0,CA,PRO,106.0,22.651,-2.499,41.347,0.02,2.275,2.13
ATOM,1618.0,C,PRO,106.0,21.405,-3.349,41.516,0.51,2.0,0.0
ATOM,1619.0,O,PRO,106.0,21.008,-3.634,42.626,-0.51,1.7,1.48
ATOM,1620.0,CB,PRO,106.0,22.256,-1.039,41.202,-0.18,2.175,12.73
ATOM,1621.0,CG,PRO,106.0,23.279,-0.489,40.376,-0.18,2.175,19.95
ATOM,1622.0,CD,PRO,106.0,23.602,-1.565,39.314,0.0,2.175,12.34
ATOM,1623.0,HA,PRO,106.0,23.266,-2.599,42.151,0.09,1.32,7.8
ATOM,1624.0,HB2,PRO,106.0,21.339,-0.971,40.783,0.09,1.32,3.57
ATOM,1625.0,HB3,PRO,106.0,22.213,-0.602,42.111,0.09,1.32,12.37
ATOM,1626.0,HG2,PRO,106.0,22.99,0.357,39.901,0.09,1.32,12.28
ATOM,1627.0,HG3,PRO,106.0,24.126,-0.276,40.888,0.09,1.32,10.65
ATOM,1628.0,HD2,PRO,106.0,22.971,-1.508,38.563,0.09,1.32,5.51
ATOM,1629.0,HD3,PRO,106.0,24.538,-1.491,39.021,0.09,1.32,0.95
ATOM,1630.0,N,GLU,107.0,20.816,-3.779,40.419,-0.47,1.85,0.0
ATOM,1631.0,CA,GLU,107.0,19.577,-4.529,40.511,0.07,2.275,0.0
ATOM,1632.0,C,GLU,107.0,19.796,-6.016,40.834,0.51,2.0,0.0
ATOM,1633.0,O,GLU,107.0,18.89,-6.665,41.253,-0.51,1.7,0.0
ATOM,1634.0,CB,GLU,107.0,18.768,-4.365,39.23,-0.18,2.175,0.04
ATOM,1635.0,CG,GLU,107.0,18.233,-2.97,39.039,-0.28,2.175,9.46
ATOM,1636.0,CD,GLU,107.0,17.134,-2.913,38.026,0.62,2.0,2.76
ATOM,1637.0,OE1,GLU,107.0,17.249,-3.637,37.02,-0.76,1.7,10.79
ATOM,1638.0,OE2,GLU,107.0,16.186,-2.106,38.216,-0.76,1.7,38.98
ATOM,1639.0,H,GLU,107.0,21.288,-3.548,39.535,0.31,0.2245,0.0
ATOM,1640.0,HA,GLU,107.0,18.981,-4.123,41.226,0.09,1.32,0.0
ATOM,1641.0,HB2,GLU,107.0,19.362,-4.568,38.474,0.09,1.32,0.0
ATOM,1642.0,HB3,GLU,107.0,18.003,-4.979,39.279,0.09,1.32,0.0
ATOM,1643.0,HG2,GLU,107.0,17.869,-2.658,39.899,0.09,1.32,0.71
ATOM,1644.0,HG3,GLU,107.0,18.968,-2.396,38.721,0.09,1.32,4.56
ATOM,1645.0,N,HIS,108.0,21.004,-6.524,40.634,-0.47,1.85,0.0
ATOM,1646.0,CA,HIS,108.0,21.254,-7.904,40.987,0.07,2.275,0.0
ATOM,1647.0,C,HIS,108.0,20.888,-8.141,42.425,0.51,2.0,0.0
ATOM,1648.0,O,HIS,108.0,20.174,-9.089,42.725,-0.51,1.7,0.0
ATOM,1649.0,CB,HIS,108.0,22.702,-8.292,40.723,-0.08,2.175,0.0
ATOM,1650.0,CG,HIS,108.0,22.943,-8.872,39.372,0.22,1.8,0.0
ATOM,1651.0,H,HIS,108.0,21.697,-5.887,40.232,0.31,0.2245,0.0
ATOM,1652.0,HA,HIS,108.0,20.678,-8.492,40.407,0.09,1.32,0.0
ATOM,1653.0,HB2,HIS,108.0,23.285,-7.474,40.826,0.09,1.32,0.0
ATOM,1654.0,HB3,HIS,108.0,22.991,-8.969,41.415,0.09,1.32,0.0
ATOM,1655.0,ND1,HIS,108.0,24.193,-8.84,38.775,-0.7,1.85,0.0
ATOM,1656.0,CD2,HIS,108.0,22.123,-9.528,38.514,-0.05,1.8,0.03
ATOM,1657.0,CE1,HIS,108.0,24.116,-9.457,37.61,0.25,1.8,0.0
ATOM,1658.0,NE2,HIS,108.0,22.874,-9.87,37.425,-0.36,1.85,0.0
ATOM,1659.0,HD2,HIS,108.0,21.156,-9.721,38.654,0.09,1.468,0.0
ATOM,1660.0,HE1,HIS,108.0,24.872,-9.59,36.97,0.13,0.9,0.0
ATOM,1661.0,HE2,HIS,108.0,22.541,-10.357,36.613,0.32,0.2245,0.0
ATOM,1662.0,N,SER,109.0,21.337,-7.275,43.316,-0.47,1.85,0.0
ATOM,1663.0,CA,SER,109.0,20.961,-7.382,44.717,0.07,2.275,0.29
ATOM,1664.0,C,SER,109.0,19.56,-6.869,45.027,0.51,2.0,0.18
ATOM,1665.0,O,SER,109.0,18.721,-7.577,45.553,-0.51,1.7,8.62
ATOM,1666.0,CB,SER,109.0,21.947,-6.604,45.6,0.05,2.175,1.99
ATOM,1667.0,OG,SER,109.0,22.028,-5.243,45.212,-0.66,1.77,6.17
ATOM,1668.0,H,SER,109.0,21.96,-6.537,42.943,0.31,0.2245,0.0
ATOM,1669.0,HA,SER,109.0,20.993,-8.368,44.976,0.09,1.32,0.0
ATOM,1670.0,HB2,SER,109.0,21.637,-6.655,46.545,0.09,1.32,3.78
ATOM,1671.0,HB3,SER,109.0,22.848,-7.021,45.514,0.09,1.32,0.0
ATOM,1672.0,HG,SER,109.0,22.979,-5.008,45.018,0.43,0.2245,5.89
ATOM,1673.0,N,LEU,110.0,19.283,-5.638,44.603,-0.47,1.85,0.0
ATOM,1674.0,CA,LEU,110.0,18.084,-4.957,45.043,0.07,2.275,1.68
ATOM,1675.0,C,LEU,110.0,16.813,-5.584,44.494,0.51,2.0,0.0
ATOM,1676.0,O,LEU,110.0,15.826,-5.739,45.216,-0.51,1.7,20.8
ATOM,1677.0,CB,LEU,110.0,18.184,-3.493,44.611,-0.18,2.175,0.4
ATOM,1678.0,CG,LEU,110.0,17.031,-2.59,44.983,-0.09,2.275,1.09
ATOM,1679.0,CD1,LEU,110.0,16.676,-2.622,46.466,-0.27,2.06,34.22
ATOM,1680.0,CD2,LEU,110.0,17.378,-1.181,44.526,-0.27,2.06,33.52
ATOM,1681.0,H,LEU,110.0,19.978,-5.232,43.955,0.31,0.2245,0.0
ATOM,1682.0,HA,LEU,110.0,18.043,-4.994,46.057,0.09,1.32,5.96
ATOM,1683.0,HB2,LEU,110.0,19.014,-3.114,45.024,0.09,1.32,4.92
ATOM,1684.0,HB3,LEU,110.0,18.274,-3.479,43.615,0.09,1.32,0.0
ATOM,1685.0,HG,LEU,110.0,16.211,-2.857,44.446,0.09,1.32,2.91
ATOM,1686.0,HD11,LEU,110.0,17.467,-2.33,47.004,0.09,1.32,10.37
ATOM,1687.0,HD12,LEU,110.0,15.909,-2.004,46.638,0.09,1.32,10.41
ATOM,1688.0,HD13,LEU,110.0,16.42,-3.553,46.727,0.09,1.32,3.24
ATOM,1689.0,HD21,LEU,110.0,17.517,-1.175,43.535,0.09,1.32,4.14
ATOM,1690.0,HD22,LEU,110.0,16.63,-0.559,44.76,0.09,1.32,10.17
ATOM,1691.0,HD23,LEU,110.0,18.216,-0.878,44.981,0.09,1.32,9.6
ATOM,1692.0,N,VAL,111.0,16.804,-5.862,43.195,-0.47,1.85,0.0
ATOM,1693.0,CA,VAL,111.0,15.624,-6.418,42.554,0.07,2.275,0.0
ATOM,1694.0,C,VAL,111.0,15.529,-7.946,42.666,0.51,2.0,0.0
ATOM,1695.0,O,VAL,111.0,14.487,-8.485,42.999,-0.51,1.7,26.12
ATOM,1696.0,CB,VAL,111.0,15.545,-5.979,41.08,-0.09,2.275,0.0
ATOM,1697.0,CG1,VAL,111.0,14.365,-6.621,40.367,-0.27,2.06,19.27
ATOM,1698.0,CG2,VAL,111.0,15.471,-4.48,41.001,-0.27,2.06,12.05
ATOM,1699.0,H,VAL,111.0,17.687,-5.653,42.696,0.31,0.2245,0.0
ATOM,1700.0,HA,VAL,111.0,14.802,-6.028,43.007,0.09,1.32,5.21
ATOM,1701.0,HB,VAL,111.0,16.373,-6.302,40.623,0.09,1.32,0.0
ATOM,1702.0,HG11,VAL,111.0,13.517,-6.378,40.838,0.09,1.32,9.86
ATOM,1703.0,HG12,VAL,111.0,14.326,-6.293,39.423,0.09,1.32,6.39
ATOM,1704.0,HG13,VAL,111.0,14.473,-7.615,40.369,0.09,1.32,0.02
ATOM,1705.0,HG21,VAL,111.0,14.936,-4.125,41.772,0.09,1.32,5.62
ATOM,1706.0,HG22,VAL,111.0,16.395,-4.092,41.036,0.09,1.32,0.0
ATOM,1707.0,HG23,VAL,111.0,15.032,-4.207,40.142,0.09,1.32,2.98
ATOM,1708.0,N,HIS,112.0,16.662,-8.597,42.425,-0.47,1.85,0.0
ATOM,1709.0,CA,HIS,112.0,16.671,-10.061,42.294,0.07,2.275,1.11
ATOM,1710.0,C,HIS,112.0,17.216,-10.886,43.461,0.51,2.0,1.64
ATOM,1711.0,O,HIS,112.0,17.203,-12.112,43.389,-0.51,1.7,8.31
ATOM,1712.0,CB,HIS,112.0,17.382,-10.464,40.998,-0.09,2.175,0.16
ATOM,1713.0,CG,HIS,112.0,16.805,-9.821,39.793,-0.05,1.8,0.0
ATOM,1714.0,H,HIS,112.0,17.504,-8.011,42.341,0.31,0.2245,0.0
ATOM,1715.0,HA,HIS,112.0,15.696,-10.364,42.122,0.09,1.32,3.87
ATOM,1716.0,HB2,HIS,112.0,18.351,-10.208,41.069,0.09,1.32,0.0
ATOM,1717.0,HB3,HIS,112.0,17.319,-11.461,40.893,0.09,1.32,0.53
ATOM,1718.0,ND1,HIS,112.0,15.589,-10.197,39.262,-0.36,1.85,1.4
ATOM,1719.0,CD2,HIS,112.0,17.261,-8.816,39.021,0.22,1.8,0.0
ATOM,1720.0,CE1,HIS,112.0,15.326,-9.446,38.206,0.25,1.8,9.33
ATOM,1721.0,NE2,HIS,112.0,16.32,-8.591,38.044,-0.7,1.85,1.22
ATOM,1722.0,HD1,HIS,112.0,15.002,-10.921,39.62,0.32,0.2245,17.05
ATOM,1723.0,HD2,HIS,112.0,18.122,-8.323,39.132,0.1,1.468,0.09
ATOM,1724.0,HE1,HIS,112.0,14.517,-9.514,37.63,0.13,0.9,17.11
ATOM,1725.0,N,GLY,113.0,17.677,-10.23,44.529,-0.47,1.85,2.29
ATOM,1726.0,CA,GLY,113.0,18.188,-10.978,45.672,-0.02,2.175,18.17
ATOM,1727.0,C,GLY,113.0,19.445,-11.762,45.35,0.51,2.0,0.4
ATOM,1728.0,O,GLY,113.0,19.659,-12.858,45.85,-0.51,1.7,17.42
ATOM,1729.0,H,GLY,113.0,17.64,-9.208,44.473,0.31,0.2245,0.0
ATOM,1730.0,HA2,GLY,113.0,18.38,-10.333,46.433,0.09,1.32,7.17
ATOM,1731.0,HA3,GLY,113.0,17.469,-11.616,46.001,0.09,1.32,10.07
ATOM,1732.0,N,LEU,114.0,20.307,-11.14,44.582,-0.47,1.85,0.0
ATOM,1733.0,CA,LEU,114.0,21.557,-11.711,44.054,0.07,2.275,0.0
ATOM,1734.0,C,LEU,114.0,21.316,-12.942,43.211,0.51,2.0,0.0
ATOM,1735.0,O,LEU,114.0,21.868,-14.014,43.432,-0.51,1.7,7.56
ATOM,1736.0,CB,LEU,114.0,22.597,-11.929,45.158,-0.18,2.175,4.04
ATOM,1737.0,CG,LEU,114.0,23.202,-10.639,45.726,-0.09,2.275,0.9
ATOM,1738.0,CD1,LEU,114.0,24.187,-11.003,46.849,-0.27,2.06,4.84
ATOM,1739.0,CD2,LEU,114.0,23.886,-9.786,44.687,-0.27,2.06,0.0
ATOM,1740.0,H,LEU,114.0,20.026,-10.136,44.353,0.31,0.2245,0.0
ATOM,1741.0,HA,LEU,114.0,22.005,-11.006,43.482,0.09,1.32,0.0
ATOM,1742.0,HB2,LEU,114.0,22.155,-12.402,45.905,0.09,1.32,3.39
ATOM,1743.0,HB3,LEU,114.0,23.337,-12.462,44.78,0.09,1.32,0.0
ATOM,1744.0,HG,LEU,114.0,22.478,-10.075,46.098,0.09,1.32,1.68
ATOM,1745.0,HD11,LEU,114.0,24.909,-11.581,46.475,0.09,1.32,0.0
ATOM,1746.0,HD12,LEU,114.0,24.582,-10.166,47.221,0.09,1.32,0.0
ATOM,1747.0,HD13,LEU,114.0,23.697,-11.494,47.567,0.09,1.32,9.31
ATOM,1748.0,HD21,LEU,114.0,23.228,-9.518,43.979,0.09,1.32,0.0
ATOM,1749.0,HD22,LEU,114.0,24.26,-8.96,45.116,0.09,1.32,0.0
ATOM,1750.0,HD23,LEU,114.0,24.634,-10.301,44.261,0.09,1.32,0.0
ATOM,1751.0,N,ASN,115.0,20.475,-12.745,42.203,-0.47,1.85,0.0
ATOM,1752.0,CA,ASN,115.0,20.146,-13.746,41.209,0.07,2.275,0.0
ATOM,1753.0,C,ASN,115.0,20.145,-13.042,39.844,0.51,2.0,0.0
ATOM,1754.0,O,ASN,115.0,20.162,-11.833,39.741,-0.51,1.7,0.0
ATOM,1755.0,CB,ASN,115.0,18.792,-14.392,41.5,-0.18,2.175,9.95
ATOM,1756.0,CG,ASN,115.0,18.836,-15.311,42.674,0.55,2.0,1.99
ATOM,1757.0,H,ASN,115.0,20.057,-11.772,42.189,0.31,0.2245,0.0
ATOM,1758.0,HA,ASN,115.0,20.885,-14.407,41.187,0.09,1.32,0.0
ATOM,1759.0,HB2,ASN,115.0,18.133,-13.663,41.678,0.09,1.32,0.02
ATOM,1760.0,HB3,ASN,115.0,18.515,-14.906,40.69,0.09,1.32,5.84
ATOM,1761.0,OD1,ASN,115.0,19.395,-16.412,42.611,-0.55,1.7,29.62
ATOM,1762.0,ND2,ASN,115.0,18.224,-14.871,43.764,-0.62,1.85,14.13
ATOM,1763.0,HD22,ASN,115.0,17.766,-13.986,43.776,0.3,0.2245,0.35
ATOM,1764.0,HD21,ASN,115.0,18.219,-15.439,44.597,0.32,0.2245,18.32
ATOM,1765.0,N,ALA,116.0,20.148,-13.844,38.813,-0.47,1.85,0.0
ATOM,1766.0,CA,ALA,116.0,20.15,-13.362,37.456,0.07,2.275,0.0
ATOM,1767.0,C,ALA,116.0,18.916,-12.546,37.113,0.51,2.0,0.0
ATOM,1768.0,O,ALA,116.0,17.816,-12.782,37.66,-0.51,1.7,13.81
ATOM,1769.0,CB,ALA,116.0,20.221,-14.527,36.513,-0.27,2.06,2.1
ATOM,1770.0,H,ALA,116.0,20.149,-14.867,39.055,0.31,0.2245,2.75
ATOM,1771.0,HA,ALA,116.0,20.97,-12.775,37.315,0.09,1.32,0.0
ATOM,1772.0,HB1,ALA,116.0,19.452,-15.15,36.676,0.09,1.32,6.67
ATOM,1773.0,HB2,ALA,116.0,20.181,-14.205,35.564,0.09,1.32,0.0
ATOM,1774.0,HB3,ALA,116.0,21.079,-15.029,36.649,0.09,1.32,0.0
ATOM,1775.0,N,SER,117.0,19.134,-11.571,36.231,-0.47,1.85,0.0
ATOM,1776.0,CA,SER,117.0,18.059,-10.849,35.562,0.07,2.275,0.02
ATOM,1777.0,C,SER,117.0,17.88,-11.404,34.172,0.51,2.0,0.23
ATOM,1778.0,O,SER,117.0,18.656,-12.235,33.724,-0.51,1.7,0.17
ATOM,1779.0,CB,SER,117.0,18.383,-9.377,35.424,0.05,2.175,0.0
ATOM,1780.0,OG,SER,117.0,19.332,-9.166,34.421,-0.66,1.77,0.0
ATOM,1781.0,H,SER,117.0,20.148,-11.369,36.061,0.31,0.2245,0.0
ATOM,1782.0,HA,SER,117.0,17.214,-11.006,36.076,0.09,1.32,1.04
ATOM,1783.0,HB2,SER,117.0,17.546,-8.882,35.196,0.09,1.32,0.02
ATOM,1784.0,HB3,SER,117.0,18.743,-9.043,36.294,0.09,1.32,0.06
ATOM,1785.0,HG,SER,117.0,20.085,-9.821,34.517,0.43,0.2245,0.0
ATOM,1786.0,N,LEU,118.0,16.878,-10.883,33.464,-0.47,1.85,0.14
ATOM,1787.0,CA,LEU,118.0,16.685,-11.187,32.061,0.07,2.275,0.0
ATOM,1788.0,C,LEU,118.0,17.022,-9.953,31.239,0.51,2.0,0.0
ATOM,1789.0,O,LEU,118.0,16.481,-9.732,30.153,-0.51,1.7,0.96
ATOM,1790.0,CB,LEU,118.0,15.295,-11.731,31.773,-0.18,2.175,6.11
ATOM,1791.0,CG,LEU,118.0,15.053,-13.112,32.357,-0.09,2.275,2.28
ATOM,1792.0,CD1,LEU,118.0,13.584,-13.484,32.163,-0.27,2.06,38.59
ATOM,1793.0,CD2,LEU,118.0,15.901,-14.153,31.749,-0.27,2.06,7.97
ATOM,1794.0,H,LEU,118.0,16.256,-10.246,34.007,0.31,0.2245,4.98
ATOM,1795.0,HA,LEU,118.0,17.31,-11.922,31.798,0.09,1.32,0.0
ATOM,1796.0,HB2,LEU,118.0,14.635,-11.116,32.175,0.09,1.32,7.48
ATOM,1797.0,HB3,LEU,118.0,15.186,-11.795,30.795,0.09,1.32,1.08
ATOM,1798.0,HG,LEU,118.0,15.262,-13.102,33.328,0.09,1.32,5.78
ATOM,1799.0,HD11,LEU,118.0,13.369,-13.488,31.187,0.09,1.32,10.16
ATOM,1800.0,HD12,LEU,118.0,13.419,-14.392,32.546,0.09,1.32,10.1
ATOM,1801.0,HD13,LEU,118.0,13.008,-12.814,32.63,0.09,1.32,10.43
ATOM,1802.0,HD21,LEU,118.0,16.879,-13.944,31.885,0.09,1.32,0.0
ATOM,1803.0,HD22,LEU,118.0,15.713,-15.055,32.161,0.09,1.32,8.33
ATOM,1804.0,HD23,LEU,118.0,15.73,-14.22,30.757,0.09,1.32,1.78
ATOM,1805.0,N,ASN,119.0,17.95,-9.144,31.775,-0.47,1.85,0.0
ATOM,1806.0,CA,ASN,119.0,18.457,-7.964,31.088,0.07,2.275,0.0
ATOM,1807.0,C,ASN,119.0,19.897,-8.204,30.62,0.51,2.0,0.0
ATOM,1808.0,O,ASN,119.0,20.522,-9.195,30.958,-0.51,1.7,0.0
ATOM,1809.0,CB,ASN,119.0,18.47,-6.807,32.057,-0.18,2.175,0.0
ATOM,1810.0,CG,ASN,119.0,17.133,-6.597,32.721,0.55,2.0,0.0
ATOM,1811.0,H,ASN,119.0,18.271,-9.439,32.724,0.31,0.2245,0.0
ATOM,1812.0,HA,ASN,119.0,17.902,-7.835,30.263,0.09,1.32,0.0
ATOM,1813.0,HB2,ASN,119.0,19.151,-6.988,32.765,0.09,1.32,0.0
ATOM,1814.0,HB3,ASN,119.0,18.712,-5.975,31.561,0.09,1.32,0.0
ATOM,1815.0,OD1,ASN,119.0,16.094,-6.754,32.086,-0.55,1.7,9.08
ATOM,1816.0,ND2,ASN,119.0,17.15,-6.176,34.005,-0.62,1.85,1.43
ATOM,1817.0,HD22,ASN,119.0,18.032,-6.02,34.446,0.3,0.2245,0.0
ATOM,1818.0,HD21,ASN,119.0,16.299,-6.028,34.487,0.32,0.2245,12.99
ATOM,1819.0,N,ASN,120.0,20.419,-7.274,29.839,-0.47,1.85,0.0
ATOM,1820.0,CA,ASN,120.0,21.814,-7.296,29.459,0.07,2.275,0.0
ATOM,1821.0,C,ASN,120.0,22.614,-6.641,30.618,0.51,2.0,0.0
ATOM,1822.0,O,ASN,120.0,22.043,-6.317,31.652,-0.51,1.7,0.0
ATOM,1823.0,CB,ASN,120.0,21.982,-6.647,28.082,-0.18,2.175,0.0
ATOM,1824.0,CG,ASN,120.0,21.813,-5.16,28.055,0.55,2.0,0.0
ATOM,1825.0,H,ASN,120.0,19.749,-6.539,29.528,0.31,0.2245,0.0
ATOM,1826.0,HA,ASN,120.0,22.109,-8.241,29.42,0.09,1.32,0.0
ATOM,1827.0,HB2,ASN,120.0,22.904,-6.877,27.743,0.09,1.32,0.0
ATOM,1828.0,HB3,ASN,120.0,21.306,-7.064,27.46,0.09,1.32,0.0
ATOM,1829.0,OD1,ASN,120.0,21.78,-4.492,29.092,-0.55,1.7,0.0
ATOM,1830.0,ND2,ASN,120.0,21.742,-4.608,26.825,-0.62,1.85,10.52
ATOM,1831.0,HD22,ASN,120.0,21.796,-5.183,26.018,0.3,0.2245,3.63
ATOM,1832.0,HD21,ASN,120.0,21.635,-3.619,26.739,0.32,0.2245,8.49
ATOM,1833.0,N,PRO,121.0,23.923,-6.47,30.453,-0.29,1.85,0.0
ATOM,1834.0,CA,PRO,121.0,24.751,-5.912,31.536,0.02,2.275,0.0
ATOM,1835.0,C,PRO,121.0,24.382,-4.517,31.95,0.51,2.0,0.0
ATOM,1836.0,O,PRO,121.0,24.802,-4.075,32.995,-0.51,1.7,1.39
ATOM,1837.0,CB,PRO,121.0,26.164,-5.954,30.956,-0.18,2.175,9.64
ATOM,1838.0,CG,PRO,121.0,26.123,-7.045,29.959,-0.18,2.175,2.07
ATOM,1839.0,CD,PRO,121.0,24.779,-6.877,29.329,0.0,2.175,0.05
ATOM,1840.0,HA,PRO,121.0,24.742,-6.549,32.339,0.09,1.32,0.0
ATOM,1841.0,HB2,PRO,121.0,26.394,-5.075,30.526,0.09,1.32,3.31
ATOM,1842.0,HB3,PRO,121.0,26.836,-6.144,31.679,0.09,1.32,0.38
ATOM,1843.0,HG2,PRO,121.0,26.852,-6.94,29.284,0.09,1.32,6.09
ATOM,1844.0,HG3,PRO,121.0,26.203,-7.937,30.402,0.09,1.32,0.0
ATOM,1845.0,HD2,PRO,121.0,24.788,-6.168,28.621,0.09,1.32,1.08
ATOM,1846.0,HD3,PRO,121.0,24.447,-7.735,28.928,0.09,1.32,0.0
ATOM,1847.0,N,ASN,122.0,23.636,-3.823,31.11,-0.47,1.85,0.0
ATOM,1848.0,CA,ASN,122.0,23.25,-2.445,31.375,0.07,2.275,1.83
ATOM,1849.0,C,ASN,122.0,21.826,-2.357,31.811,0.51,2.0,2.35
ATOM,1850.0,O,ASN,122.0,21.263,-1.264,31.867,-0.51,1.7,25.0
ATOM,1851.0,CB,ASN,122.0,23.491,-1.577,30.153,-0.18,2.175,10.2
ATOM,1852.0,CG,ASN,122.0,24.916,-1.194,30.058,0.55,2.0,2.19
ATOM,1853.0,H,ASN,122.0,23.35,-4.34,30.25,0.31,0.2245,0.0
ATOM,1854.0,HA,ASN,122.0,23.827,-2.122,32.14,0.09,1.32,1.31
ATOM,1855.0,HB2,ASN,122.0,23.232,-2.096,29.347,0.09,1.32,0.0
ATOM,1856.0,HB3,ASN,122.0,22.932,-0.76,30.238,0.09,1.32,6.48
ATOM,1857.0,OD1,ASN,122.0,25.476,-0.745,31.065,-0.55,1.7,18.92
ATOM,1858.0,ND2,ASN,122.0,25.528,-1.375,28.925,-0.62,1.85,21.5
ATOM,1859.0,HD22,ASN,122.0,25.023,-1.764,28.139,0.3,0.2245,12.4
ATOM,1860.0,HD21,ASN,122.0,26.493,-1.137,28.811,0.32,0.2245,21.65
ATOM,1861.0,N,GLY,123.0,21.227,-3.488,32.118,-0.47,1.85,0.27
ATOM,1862.0,CA,GLY,123.0,19.876,-3.437,32.601,-0.02,2.175,2.06
ATOM,1863.0,C,GLY,123.0,18.821,-3.264,31.529,0.51,2.0,0.83
ATOM,1864.0,O,GLY,123.0,17.623,-3.075,31.86,-0.51,1.7,20.07
ATOM,1865.0,H,GLY,123.0,21.775,-4.341,31.989,0.31,0.2245,0.0
ATOM,1866.0,HA2,GLY,123.0,19.67,-4.293,33.131,0.09,1.32,0.0
ATOM,1867.0,HA3,GLY,123.0,19.785,-2.672,33.28,0.09,1.32,9.12
ATOM,1868.0,N,ALA,124.0,19.201,-3.327,30.263,-0.47,1.85,0.06
ATOM,1869.0,CA,ALA,124.0,18.217,-3.232,29.198,0.07,2.275,2.76
ATOM,1870.0,C,ALA,124.0,17.524,-4.574,29.041,0.51,2.0,0.0
ATOM,1871.0,O,ALA,124.0,18.178,-5.602,28.879,-0.51,1.7,0.0
ATOM,1872.0,CB,ALA,124.0,18.839,-2.828,27.895,-0.27,2.06,20.38
ATOM,1873.0,H,ALA,124.0,20.213,-3.444,30.107,0.31,0.2245,0.0
ATOM,1874.0,HA,ALA,124.0,17.533,-2.544,29.446,0.09,1.32,5.97
ATOM,1875.0,HB1,ALA,124.0,19.378,-3.586,27.52,0.09,1.32,0.0
ATOM,1876.0,HB2,ALA,124.0,18.126,-2.58,27.234,0.09,1.32,10.8
ATOM,1877.0,HB3,ALA,124.0,19.443,-2.038,28.031,0.09,1.32,7.01
ATOM,1878.0,N,ALA,125.0,16.202,-4.583,29.19,-0.47,1.85,1.09
ATOM,1879.0,CA,ALA,125.0,15.438,-5.823,29.108,0.07,2.275,0.0
ATOM,1880.0,C,ALA,125.0,15.595,-6.533,27.782,0.51,2.0,0.0
ATOM,1881.0,O,ALA,125.0,15.539,-5.91,26.727,-0.51,1.7,2.33
ATOM,1882.0,CB,ALA,125.0,13.96,-5.502,29.278,-0.27,2.06,35.18
ATOM,1883.0,H,ALA,125.0,15.775,-3.656,29.365,0.31,0.2245,8.43
ATOM,1884.0,HA,ALA,125.0,15.754,-6.444,29.85,0.09,1.32,0.0
ATOM,1885.0,HB1,ALA,125.0,13.706,-5.597,30.24,0.09,1.32,8.01
ATOM,1886.0,HB2,ALA,125.0,13.785,-4.564,28.98,0.09,1.32,8.85
ATOM,1887.0,HB3,ALA,125.0,13.415,-6.133,28.726,0.09,1.32,1.59
ATOM,1888.0,N,TRP,126.0,15.727,-7.856,27.824,-0.47,1.85,0.46
ATOM,1889.0,CA,TRP,126.0,15.65,-8.624,26.595,0.07,2.275,0.0
ATOM,1890.0,C,TRP,126.0,14.301,-8.301,25.961,0.51,2.0,0.0
ATOM,1891.0,O,TRP,126.0,13.283,-8.199,26.656,-0.51,1.7,13.04
ATOM,1892.0,CB,TRP,126.0,15.709,-10.119,26.881,-0.18,2.175,0.97
ATOM,1893.0,CG,TRP,126.0,15.774,-10.937,25.64,-0.03,1.9924,0.0
ATOM,1894.0,CD1,TRP,126.0,16.906,-11.273,24.99,0.035,1.9924,0.0
ATOM,1895.0,CD2,TRP,126.0,14.696,-11.424,24.865,-0.02,1.8,0.0
ATOM,1896.0,NE1,TRP,126.0,16.607,-11.972,23.85,-0.61,1.85,0.0
ATOM,1897.0,CE2,TRP,126.0,15.247,-12.11,23.776,0.13,1.8,0.0
ATOM,1898.0,CE3,TRP,126.0,13.295,-11.397,25.012,-0.115,1.9924,6.09
ATOM,1899.0,CZ2,TRP,126.0,14.471,-12.708,22.806,-0.115,1.9924,0.0
ATOM,1900.0,CZ3,TRP,126.0,12.544,-12.004,24.053,-0.115,1.9924,5.54
ATOM,1901.0,CH2,TRP,126.0,13.115,-12.657,22.988,-0.115,1.9924,0.05
ATOM,1902.0,H,TRP,126.0,15.88,-8.258,28.755,0.31,0.2245,0.05
ATOM,1903.0,HA,TRP,126.0,16.355,-8.297,25.98,0.09,1.32,0.0
ATOM,1904.0,HB2,TRP,126.0,16.523,-10.314,27.411,0.09,1.32,0.0
ATOM,1905.0,HB3,TRP,126.0,14.892,-10.386,27.373,0.09,1.32,3.54
ATOM,1906.0,HD1,TRP,126.0,17.837,-11.049,25.289,0.115,1.3582,0.0
ATOM,1907.0,HE1,TRP,126.0,17.263,-12.321,23.188,0.38,0.2245,0.0
ATOM,1908.0,HE3,TRP,126.0,12.879,-10.948,25.794,0.115,1.3582,6.85
ATOM,1909.0,HZ2,TRP,126.0,14.887,-13.154,22.012,0.115,1.3582,0.0
ATOM,1910.0,HZ3,TRP,126.0,11.538,-11.97,24.131,0.115,1.3582,13.15
ATOM,1911.0,HH2,TRP,126.0,12.516,-13.116,22.316,0.115,1.3582,1.22
ATOM,1912.0,N,ASN,127.0,14.251,-8.186,24.641,-0.47,1.85,0.0
ATOM,1913.0,CA,ASN,127.0,12.991,-7.966,23.99,0.07,2.275,0.0
ATOM,1914.0,C,ASN,127.0,12.922,-8.702,22.676,0.51,2.0,0.0
ATOM,1915.0,O,ASN,127.0,13.944,-9.001,22.043,-0.51,1.7,0.0
ATOM,1916.0,CB,ASN,127.0,12.669,-6.478,23.857,-0.18,2.175,17.05
ATOM,1917.0,CG,ASN,127.0,13.525,-5.782,22.864,0.55,2.0,2.08
ATOM,1918.0,H,ASN,127.0,15.157,-8.266,24.157,0.31,0.2245,0.0
ATOM,1919.0,HA,ASN,127.0,12.27,-8.352,24.584,0.09,1.32,3.7
ATOM,1920.0,HB2,ASN,127.0,11.709,-6.395,23.584,0.09,1.32,7.46
ATOM,1921.0,HB3,ASN,127.0,12.793,-6.056,24.757,0.09,1.32,2.85
ATOM,1922.0,OD1,ASN,127.0,13.232,-5.82,21.675,-0.55,1.7,11.33
ATOM,1923.0,ND2,ASN,127.0,14.6,-5.139,23.333,-0.62,1.85,14.48
ATOM,1924.0,HD22,ASN,127.0,14.788,-5.155,24.316,0.3,0.2245,2.38
ATOM,1925.0,HD21,ASN,127.0,15.203,-4.653,22.71,0.32,0.2245,11.63
ATOM,1926.0,N,ALA,128.0,11.699,-8.926,22.21,-0.47,1.85,0.04
ATOM,1927.0,CA,ALA,128.0,11.475,-9.703,20.993,0.07,2.275,0.0
ATOM,1928.0,C,ALA,128.0,11.961,-9.008,19.727,0.51,2.0,0.16
ATOM,1929.0,O,ALA,128.0,12.024,-9.618,18.684,-0.51,1.7,5.48
ATOM,1930.0,CB,ALA,128.0,10.013,-10.046,20.88,-0.27,2.06,34.83
ATOM,1931.0,H,ALA,128.0,10.932,-8.511,22.772,0.31,0.2245,7.56
ATOM,1932.0,HA,ALA,128.0,11.967,-10.59,21.082,0.09,1.32,0.0
ATOM,1933.0,HB1,ALA,128.0,9.49,-9.549,21.576,0.09,1.32,7.87
ATOM,1934.0,HB2,ALA,128.0,9.671,-9.793,19.972,0.09,1.32,8.62
ATOM,1935.0,HB3,ALA,128.0,9.881,-11.03,21.015,0.09,1.32,8.19
ATOM,1936.0,N,GLY,129.0,12.259,-7.721,19.796,-0.47,1.85,3.51
ATOM,1937.0,CA,GLY,129.0,12.853,-7.065,18.664,-0.02,2.175,18.52
ATOM,1938.0,C,GLY,129.0,14.204,-7.677,18.251,0.51,2.0,0.66
ATOM,1939.0,O,GLY,129.0,14.704,-7.423,17.159,-0.51,1.7,28.26
ATOM,1940.0,H,GLY,129.0,12.036,-7.262,20.69,0.31,0.2245,1.94
ATOM,1941.0,HA2,GLY,129.0,12.225,-7.11,17.866,0.09,1.32,10.74
ATOM,1942.0,HA3,GLY,129.0,12.998,-6.08,18.868,0.09,1.32,8.07
ATOM,1943.0,N,TYR,130.0,14.816,-8.444,19.148,-0.47,1.85,0.0
ATOM,1944.0,CA,TYR,130.0,16.046,-9.138,18.837,0.07,2.275,0.82
ATOM,1945.0,C,TYR,130.0,15.819,-10.388,17.984,0.51,2.0,0.15
ATOM,1946.0,O,TYR,130.0,16.765,-10.944,17.471,-0.51,1.7,4.78
ATOM,1947.0,CB,TYR,130.0,16.705,-9.576,20.149,-0.18,2.175,0.04
ATOM,1948.0,CG,TYR,130.0,17.175,-8.517,21.1,0.0,1.9924,0.0
ATOM,1949.0,CD1,TYR,130.0,17.605,-7.261,20.668,-0.115,1.9924,2.25
ATOM,1950.0,CD2,TYR,130.0,17.266,-8.81,22.449,-0.115,1.9924,0.0
ATOM,1951.0,CE1,TYR,130.0,18.112,-6.335,21.579,-0.115,1.9924,2.5
ATOM,1952.0,CE2,TYR,130.0,17.743,-7.914,23.367,-0.115,1.9924,0.0
ATOM,1953.0,CZ,TYR,130.0,18.176,-6.675,22.923,0.11,1.9924,0.0
ATOM,1954.0,OH,TYR,130.0,18.695,-5.756,23.804,-0.54,1.77,9.73
ATOM,1955.0,H,TYR,130.0,14.339,-8.496,20.071,0.31,0.2245,0.0
ATOM,1956.0,HA,TYR,130.0,16.647,-8.512,18.311,0.09,1.32,5.0
ATOM,1957.0,HB2,TYR,130.0,16.042,-10.172,20.641,0.09,1.32,0.0
ATOM,1958.0,HB3,TYR,130.0,17.503,-10.162,19.91,0.09,1.32,0.0
ATOM,1959.0,HD1,TYR,130.0,17.551,-7.022,19.703,0.115,1.3582,5.55
ATOM,1960.0,HD2,TYR,130.0,16.966,-9.725,22.765,0.115,1.3582,0.0
ATOM,1961.0,HE1,TYR,130.0,18.423,-5.441,21.267,0.115,1.3582,14.39
ATOM,1962.0,HE2,TYR,130.0,17.782,-8.139,24.336,0.115,1.3582,0.0
ATOM,1963.0,HH,TYR,130.0,19.652,-5.978,23.984,0.43,0.2245,1.82
ATOM,1964.0,N,VAL,131.0,14.577,-10.833,17.881,-0.47,1.85,0.0
ATOM,1965.0,CA,VAL,131.0,14.262,-12.076,17.196,0.07,2.275,0.0
ATOM,1966.0,C,VAL,131.0,13.849,-11.873,15.749,0.51,2.0,0.0
ATOM,1967.0,O,VAL,131.0,13.071,-10.978,15.457,-0.51,1.7,16.52
ATOM,1968.0,CB,VAL,131.0,13.138,-12.785,17.964,-0.09,2.275,0.71
ATOM,1969.0,CG1,VAL,131.0,12.638,-14.012,17.185,-0.27,2.06,4.38
ATOM,1970.0,CG2,VAL,131.0,13.628,-13.196,19.312,-0.27,2.06,0.08
ATOM,1971.0,H,VAL,131.0,13.857,-10.226,18.326,0.31,0.2245,0.0
ATOM,1972.0,HA,VAL,131.0,15.095,-12.659,17.204,0.09,1.32,0.0
ATOM,1973.0,HB,VAL,131.0,12.368,-12.159,18.032,0.09,1.32,1.55
ATOM,1974.0,HG11,VAL,131.0,11.643,-13.976,17.123,0.09,1.32,8.91
ATOM,1975.0,HG12,VAL,131.0,13.034,-14.001,16.27,0.09,1.32,0.0
ATOM,1976.0,HG13,VAL,131.0,12.918,-14.84,17.665,0.09,1.32,0.0
ATOM,1977.0,HG21,VAL,131.0,13.967,-12.395,19.815,0.09,1.32,0.0
ATOM,1978.0,HG22,VAL,131.0,12.882,-13.617,19.837,0.09,1.32,1.04
ATOM,1979.0,HG23,VAL,131.0,14.375,-13.862,19.219,0.09,1.32,0.0
ATOM,1980.0,N,THR,132.0,14.317,-12.769,14.887,-0.47,1.85,0.0
ATOM,1981.0,CA,THR,132.0,13.854,-12.831,13.517,0.07,2.275,0.0
ATOM,1982.0,C,THR,132.0,13.244,-14.186,13.184,0.51,2.0,0.0
ATOM,1983.0,O,THR,132.0,13.806,-15.236,13.474,-0.51,1.7,0.0
ATOM,1984.0,CB,THR,132.0,15.023,-12.531,12.57,0.14,2.275,0.0
ATOM,1985.0,OG1,THR,132.0,15.312,-11.126,12.616,-0.66,1.77,17.87
ATOM,1986.0,CG2,THR,132.0,14.671,-12.835,11.082,-0.27,2.06,10.88
ATOM,1987.0,H,THR,132.0,15.037,-13.413,15.282,0.31,0.2245,0.0
ATOM,1988.0,HA,THR,132.0,13.142,-12.124,13.383,0.09,1.32,2.92
ATOM,1989.0,HB,THR,132.0,15.848,-13.034,12.892,0.09,1.32,0.0
ATOM,1990.0,HG21,THR,132.0,13.701,-13.054,11.02,0.09,1.32,0.0
ATOM,1991.0,HG22,THR,132.0,14.877,-12.03,10.532,0.09,1.32,10.14
ATOM,1992.0,HG23,THR,132.0,15.218,-13.609,10.774,0.09,1.32,0.0
ATOM,1993.0,HG1,THR,132.0,15.02,-10.739,13.496,0.43,0.2245,7.16
ATOM,1994.0,N,SER,133.0,12.035,-14.119,12.621,-0.47,1.85,0.57
ATOM,1995.0,CA,SER,133.0,11.372,-15.29,12.002,0.07,2.275,0.0
ATOM,1996.0,C,SER,133.0,10.56,-14.71,10.859,0.51,2.0,0.03
ATOM,1997.0,O,SER,133.0,9.498,-14.158,11.083,-0.51,1.7,24.65
ATOM,1998.0,CB,SER,133.0,10.49,-16.063,12.975,0.05,2.175,3.63
ATOM,1999.0,OG,SER,133.0,9.883,-17.139,12.286,-0.66,1.77,2.99
ATOM,2000.0,H,SER,133.0,11.593,-13.176,12.651,0.31,0.2245,9.01
ATOM,2001.0,HA,SER,133.0,12.072,-15.867,11.628,0.09,1.32,0.0
ATOM,2002.0,HB2,SER,133.0,11.051,-16.42,13.705,0.09,1.32,0.0
ATOM,2003.0,HB3,SER,133.0,9.787,-15.461,13.32,0.09,1.32,8.52
ATOM,2004.0,HG,SER,133.0,9.627,-17.852,12.938,0.43,0.2245,0.56
ATOM,2005.0,N,SER,134.0,11.069,-14.82,9.647,-0.47,1.85,0.0
ATOM,2006.0,CA,SER,134.0,10.485,-14.128,8.509,0.07,2.275,2.32
ATOM,2007.0,C,SER,134.0,9.561,-14.959,7.643,0.51,2.0,1.62
ATOM,2008.0,O,SER,134.0,8.837,-14.412,6.84,-0.51,1.7,29.72
ATOM,2009.0,CB,SER,134.0,11.6,-13.598,7.608,0.05,2.175,20.72
ATOM,2010.0,OG,SER,134.0,12.21,-14.644,6.847,-0.66,1.77,0.06
ATOM,2011.0,H,SER,134.0,11.907,-15.432,9.575,0.31,0.2245,0.0
ATOM,2012.0,HA,SER,134.0,9.944,-13.335,8.872,0.09,1.32,8.29
ATOM,2013.0,HB2,SER,134.0,11.217,-12.928,6.977,0.09,1.32,10.06
ATOM,2014.0,HB3,SER,134.0,12.299,-13.169,8.175,0.09,1.32,1.06
ATOM,2015.0,HG,SER,134.0,13.022,-14.966,7.327,0.43,0.2245,0.0
ATOM,2016.0,N,GLY,135.0,9.614,-16.282,7.772,-0.47,1.85,1.77
ATOM,2017.0,CA,GLY,135.0,8.956,-17.184,6.85,-0.02,2.175,18.58
ATOM,2018.0,C,GLY,135.0,9.856,-17.698,5.717,0.51,2.0,1.57
ATOM,2019.0,O,GLY,135.0,9.474,-18.643,5.033,-0.51,1.7,30.81
ATOM,2020.0,H,GLY,135.0,10.172,-16.609,8.596,0.31,0.2245,1.27
ATOM,2021.0,HA2,GLY,135.0,8.589,-17.988,7.362,0.09,1.32,5.18
ATOM,2022.0,HA3,GLY,135.0,8.147,-16.719,6.435,0.09,1.32,8.41
ATOM,2023.0,N,ASN,136.0,10.99,-17.049,5.45,-0.47,1.85,0.29
ATOM,2024.0,CA,ASN,136.0,11.929,-17.443,4.389,0.07,2.275,0.93
ATOM,2025.0,C,ASN,136.0,13.19,-17.947,5.069,0.51,2.0,0.0
ATOM,2026.0,O,ASN,136.0,13.856,-17.199,5.793,-0.51,1.7,0.0
ATOM,2027.0,CB,ASN,136.0,12.222,-16.261,3.455,-0.18,2.175,9.77
ATOM,2028.0,CG,ASN,136.0,13.213,-16.572,2.376,0.55,2.0,0.32
ATOM,2029.0,H,ASN,136.0,11.161,-16.218,6.071,0.31,0.2245,0.0
ATOM,2030.0,HA,ASN,136.0,11.522,-18.212,3.912,0.09,1.32,3.58
ATOM,2031.0,HB2,ASN,136.0,11.356,-15.98,3.034,0.09,1.32,7.84
ATOM,2032.0,HB3,ASN,136.0,12.573,-15.507,4.015,0.09,1.32,0.81
ATOM,2033.0,OD1,ASN,136.0,14.318,-17.019,2.657,-0.55,1.7,0.0
ATOM,2034.0,ND2,ASN,136.0,12.805,-16.359,1.102,-0.62,1.85,12.29
ATOM,2035.0,HD22,ASN,136.0,11.886,-16.007,0.943,0.3,0.2245,11.7
ATOM,2036.0,HD21,ASN,136.0,13.42,-16.554,0.351,0.32,0.2245,2.34
ATOM,2037.0,N,LEU,137.0,13.455,-19.245,4.91,-0.47,1.85,0.0
ATOM,2038.0,CA,LEU,137.0,14.596,-19.838,5.604,0.07,2.275,0.0
ATOM,2039.0,C,LEU,137.0,15.935,-19.64,4.928,0.51,2.0,0.0
ATOM,2040.0,O,LEU,137.0,16.957,-19.897,5.548,-0.51,1.7,0.0
ATOM,2041.0,CB,LEU,137.0,14.377,-21.313,5.892,-0.18,2.175,0.12
ATOM,2042.0,CG,LEU,137.0,13.249,-21.649,6.85,-0.09,2.275,2.11
ATOM,2043.0,CD1,LEU,137.0,13.166,-23.137,7.053,-0.27,2.06,3.93
ATOM,2044.0,CD2,LEU,137.0,13.442,-20.965,8.199,-0.27,2.06,3.51
ATOM,2045.0,H,LEU,137.0,12.822,-19.757,4.292,0.31,0.2245,8.16
ATOM,2046.0,HA,LEU,137.0,14.644,-19.427,6.542,0.09,1.32,0.0
ATOM,2047.0,HB2,LEU,137.0,14.18,-21.769,5.025,0.09,1.32,2.08
ATOM,2048.0,HB3,LEU,137.0,15.22,-21.679,6.281,0.09,1.32,0.0
ATOM,2049.0,HG,LEU,137.0,12.386,-21.312,6.469,0.09,1.32,3.64
ATOM,2050.0,HD11,LEU,137.0,14.028,-23.48,7.435,0.09,1.32,0.0
ATOM,2051.0,HD12,LEU,137.0,12.42,-23.356,7.687,0.09,1.32,0.0
ATOM,2052.0,HD13,LEU,137.0,12.994,-23.594,6.177,0.09,1.32,5.34
ATOM,2053.0,HD21,LEU,137.0,13.464,-19.973,8.07,0.09,1.32,0.0
ATOM,2054.0,HD22,LEU,137.0,12.684,-21.206,8.806,0.09,1.32,0.73
ATOM,2055.0,HD23,LEU,137.0,14.304,-21.267,8.606,0.09,1.32,0.0
ATOM,2056.0,N,VAL,138.0,15.955,-19.197,3.669,-0.47,1.85,0.0
ATOM,2057.0,CA,VAL,138.0,17.236,-18.778,3.088,0.07,2.275,0.0
ATOM,2058.0,C,VAL,138.0,17.737,-17.57,3.893,0.51,2.0,0.0
ATOM,2059.0,O,VAL,138.0,18.885,-17.534,4.365,-0.51,1.7,0.0
ATOM,2060.0,CB,VAL,138.0,17.158,-18.421,1.622,-0.09,2.275,0.0
ATOM,2061.0,CG1,VAL,138.0,18.566,-18.273,1.081,-0.27,2.06,0.18
ATOM,2062.0,CG2,VAL,138.0,16.388,-19.474,0.815,-0.27,2.06,1.13
ATOM,2063.0,H,VAL,138.0,15.064,-19.177,3.182,0.31,0.2245,0.09
ATOM,2064.0,HA,VAL,138.0,17.888,-19.516,3.206,0.09,1.32,0.0
ATOM,2065.0,HB,VAL,138.0,16.724,-17.533,1.538,0.09,1.32,0.0
ATOM,2066.0,HG11,VAL,138.0,18.769,-17.305,0.929,0.09,1.32,0.0
ATOM,2067.0,HG12,VAL,138.0,19.221,-18.648,1.739,0.09,1.32,0.0
ATOM,2068.0,HG13,VAL,138.0,18.648,-18.768,0.215,0.09,1.32,0.0
ATOM,2069.0,HG21,VAL,138.0,16.953,-20.292,0.727,0.09,1.32,0.0
ATOM,2070.0,HG22,VAL,138.0,15.541,-19.694,1.295,0.09,1.32,2.15
ATOM,2071.0,HG23,VAL,138.0,16.182,-19.103,-0.088,0.09,1.32,1.28
ATOM,2072.0,N,ALA,139.0,16.849,-16.585,4.076,-0.47,1.85,0.0
ATOM,2073.0,CA,ALA,139.0,17.151,-15.444,4.895,0.07,2.275,0.83
ATOM,2074.0,C,ALA,139.0,17.385,-15.856,6.328,0.51,2.0,0.0
ATOM,2075.0,O,ALA,139.0,18.338,-15.393,6.958,-0.51,1.7,4.3
ATOM,2076.0,CB,ALA,139.0,16.021,-14.428,4.833,-0.27,2.06,18.03
ATOM,2077.0,H,ALA,139.0,15.947,-16.728,3.579,0.31,0.2245,0.0
ATOM,2078.0,HA,ALA,139.0,17.99,-14.999,4.547,0.09,1.32,1.31
ATOM,2079.0,HB1,ALA,139.0,15.776,-14.143,5.76,0.09,1.32,2.68
ATOM,2080.0,HB2,ALA,139.0,16.317,-13.63,4.308,0.09,1.32,4.84
ATOM,2081.0,HB3,ALA,139.0,15.224,-14.84,4.391,0.09,1.32,0.0
ATOM,2082.0,N,ASP,140.0,16.499,-16.666,6.886,-0.47,1.85,0.0
ATOM,2083.0,CA,ASP,140.0,16.612,-16.912,8.321,0.07,2.275,0.0
ATOM,2084.0,C,ASP,140.0,17.782,-17.817,8.687,0.51,2.0,0.0
ATOM,2085.0,O,ASP,140.0,18.334,-17.689,9.756,-0.51,1.7,0.0
ATOM,2086.0,CB,ASP,140.0,15.313,-17.383,8.91,-0.28,2.175,0.0
ATOM,2087.0,CG,ASP,140.0,14.207,-16.341,8.868,0.62,2.0,0.0
ATOM,2088.0,OD1,ASP,140.0,14.387,-15.186,8.387,-0.76,1.7,0.51
ATOM,2089.0,OD2,ASP,140.0,13.117,-16.648,9.367,-0.76,1.7,0.15
ATOM,2090.0,H,ASP,140.0,15.795,-17.066,6.28,0.31,0.2245,0.0
ATOM,2091.0,HA,ASP,140.0,16.782,-16.014,8.764,0.09,1.32,0.01
ATOM,2092.0,HB2,ASP,140.0,15.003,-18.186,8.4,0.09,1.32,0.0
ATOM,2093.0,HB3,ASP,140.0,15.467,-17.635,9.865,0.09,1.32,0.0
ATOM,2094.0,N,MET,141.0,18.172,-18.729,7.817,-0.47,1.85,0.0
ATOM,2095.0,CA,MET,141.0,19.38,-19.479,8.086,0.07,2.275,0.0
ATOM,2096.0,C,MET,141.0,20.61,-18.594,8.088,0.51,2.0,0.0
ATOM,2097.0,O,MET,141.0,21.506,-18.808,8.916,-0.51,1.7,0.0
ATOM,2098.0,CB,MET,141.0,19.556,-20.645,7.117,-0.18,2.175,0.0
ATOM,2099.0,CG,MET,141.0,18.586,-21.806,7.437,-0.14,2.175,0.0
ATOM,2100.0,SD,MET,141.0,18.823,-22.561,9.045,-0.09,2.0,0.0
ATOM,2101.0,CE,MET,141.0,17.52,-23.743,9.017,-0.22,2.06,0.0
ATOM,2102.0,H,MET,141.0,17.582,-18.849,6.991,0.31,0.2245,0.0
ATOM,2103.0,HA,MET,141.0,19.296,-19.898,9.004,0.09,1.32,0.0
ATOM,2104.0,HB2,MET,141.0,19.371,-20.339,6.187,0.09,1.32,0.0
ATOM,2105.0,HB3,MET,141.0,20.486,-20.996,7.182,0.09,1.32,0.0
ATOM,2106.0,HG2,MET,141.0,17.624,-21.441,7.331,0.09,1.32,0.0
ATOM,2107.0,HG3,MET,141.0,18.678,-22.503,6.678,0.09,1.32,0.0
ATOM,2108.0,HE1,MET,141.0,16.784,-23.44,8.401,0.09,1.32,0.0
ATOM,2109.0,HE2,MET,141.0,17.86,-24.634,8.695,0.09,1.32,0.0
ATOM,2110.0,HE3,MET,141.0,17.135,-23.864,9.939,0.09,1.32,0.0
ATOM,2111.0,N,ARG,142.0,20.623,-17.569,7.25,-0.47,1.85,0.0
ATOM,2112.0,CA,ARG,142.0,21.683,-16.577,7.284,0.07,2.275,0.74
ATOM,2113.0,C,ARG,142.0,21.656,-15.885,8.631,0.51,2.0,0.13
ATOM,2114.0,O,ARG,142.0,22.685,-15.7,9.267,-0.51,1.7,0.78
ATOM,2115.0,CB,ARG,142.0,21.563,-15.584,6.148,-0.18,2.175,8.64
ATOM,2116.0,CG,ARG,142.0,21.793,-16.202,4.765,-0.18,2.175,1.37
ATOM,2117.0,CD,ARG,142.0,21.547,-15.212,3.637,0.2,2.175,6.73
ATOM,2118.0,NE,ARG,142.0,21.877,-15.825,2.356,-0.7,1.85,1.32
ATOM,2119.0,CZ,ARG,142.0,21.781,-15.249,1.172,0.64,2.0,1.87
ATOM,2120.0,NH1,ARG,142.0,21.328,-14.016,1.061,-0.8,1.85,14.1
ATOM,2121.0,NH2,ARG,142.0,22.143,-15.923,0.089,-0.8,1.85,4.95
ATOM,2122.0,H,ARG,142.0,19.828,-17.538,6.583,0.31,0.2245,0.0
ATOM,2123.0,HA,ARG,142.0,22.564,-17.037,7.174,0.09,1.32,0.16
ATOM,2124.0,HB2,ARG,142.0,20.647,-15.196,6.155,0.09,1.32,0.3
ATOM,2125.0,HB3,ARG,142.0,22.242,-14.868,6.273,0.09,1.32,8.12
ATOM,2126.0,HG2,ARG,142.0,22.738,-16.521,4.702,0.09,1.32,0.05
ATOM,2127.0,HG3,ARG,142.0,21.17,-16.974,4.644,0.09,1.32,0.0
ATOM,2128.0,HD2,ARG,142.0,20.591,-14.963,3.648,0.09,1.32,0.16
ATOM,2129.0,HD3,ARG,142.0,22.127,-14.425,3.787,0.09,1.32,8.77
ATOM,2130.0,HE,ARG,142.0,22.213,-16.789,2.378,0.44,0.2245,0.0
ATOM,2131.0,HH11,ARG,142.0,21.067,-13.485,1.866,0.46,0.2245,9.67
ATOM,2132.0,HH12,ARG,142.0,21.241,-13.594,0.148,0.46,0.2245,5.43
ATOM,2133.0,HH21,ARG,142.0,22.504,-16.853,0.172,0.46,0.2245,0.0
ATOM,2134.0,HH22,ARG,142.0,22.057,-15.503,-0.816,0.46,0.2245,0.0
ATOM,2135.0,N,PHE,143.0,20.449,-15.532,9.092,-0.47,1.85,0.55
ATOM,2136.0,CA,PHE,143.0,20.323,-14.894,10.386,0.07,2.275,2.88
ATOM,2137.0,C,PHE,143.0,20.829,-15.814,11.492,0.51,2.0,0.0
ATOM,2138.0,O,PHE,143.0,21.495,-15.366,12.419,-0.51,1.7,0.0
ATOM,2139.0,CB,PHE,143.0,18.871,-14.497,10.664,-0.18,2.175,0.24
ATOM,2140.0,CG,PHE,143.0,18.628,-14.04,12.083,0.0,1.9924,0.0
ATOM,2141.0,CD1,PHE,143.0,18.859,-12.725,12.415,-0.115,1.9924,1.22
ATOM,2142.0,CD2,PHE,143.0,18.21,-14.914,13.082,-0.115,1.9924,0.0
ATOM,2143.0,CE1,PHE,143.0,18.704,-12.266,13.704,-0.115,1.9924,0.55
ATOM,2144.0,CE2,PHE,143.0,18.042,-14.461,14.37,-0.115,1.9924,0.0
ATOM,2145.0,CZ,PHE,143.0,18.281,-13.142,14.703,-0.115,1.9924,0.0
ATOM,2146.0,H,PHE,143.0,19.662,-15.749,8.467,0.31,0.2245,0.0
ATOM,2147.0,HA,PHE,143.0,20.927,-14.089,10.383,0.09,1.32,1.44
ATOM,2148.0,HB2,PHE,143.0,18.639,-13.75,10.061,0.09,1.32,6.54
ATOM,2149.0,HB3,PHE,143.0,18.303,-15.287,10.499,0.09,1.32,0.0
ATOM,2150.0,HD1,PHE,143.0,19.148,-12.077,11.701,0.115,1.3582,13.15
ATOM,2151.0,HD2,PHE,143.0,18.033,-15.87,12.857,0.115,1.3582,0.0
ATOM,2152.0,HE1,PHE,143.0,18.896,-11.304,13.925,0.115,1.3582,7.77
ATOM,2153.0,HE2,PHE,143.0,17.735,-15.118,15.095,0.115,1.3582,0.0
ATOM,2154.0,HZ,PHE,143.0,18.157,-12.815,15.63,0.115,1.3582,0.0
ATOM,2155.0,N,ASN,144.0,20.517,-17.098,11.384,-0.47,1.85,0.0
ATOM,2156.0,CA,ASN,144.0,20.924,-18.022,12.418,0.07,2.275,0.0
ATOM,2157.0,C,ASN,144.0,22.447,-18.147,12.477,0.51,2.0,0.0
ATOM,2158.0,O,ASN,144.0,23.004,-18.204,13.578,-0.51,1.7,0.0
ATOM,2159.0,CB,ASN,144.0,20.236,-19.354,12.211,-0.18,2.175,0.0
ATOM,2160.0,CG,ASN,144.0,18.727,-19.234,12.321,0.55,2.0,0.0
ATOM,2161.0,H,ASN,144.0,19.988,-17.358,10.543,0.31,0.2245,0.0
ATOM,2162.0,HA,ASN,144.0,20.631,-17.638,13.303,0.09,1.32,0.0
ATOM,2163.0,HB2,ASN,144.0,20.458,-19.694,11.303,0.09,1.32,0.0
ATOM,2164.0,HB3,ASN,144.0,20.552,-19.991,12.907,0.09,1.32,0.0
ATOM,2165.0,OD1,ASN,144.0,18.238,-18.262,12.895,-0.55,1.7,0.0
ATOM,2166.0,ND2,ASN,144.0,17.977,-20.217,11.79,-0.62,1.85,0.0
ATOM,2167.0,HD22,ASN,144.0,18.454,-20.986,11.352,0.3,0.2245,0.0
ATOM,2168.0,HD21,ASN,144.0,16.995,-20.177,11.834,0.32,0.2245,0.0
ATOM,2169.0,N,VAL,145.0,23.105,-18.172,11.322,-0.47,1.85,0.0
ATOM,2170.0,CA,VAL,145.0,24.548,-18.141,11.307,0.07,2.275,0.0
ATOM,2171.0,C,VAL,145.0,25.06,-16.897,12.021,0.51,2.0,0.0
ATOM,2172.0,O,VAL,145.0,26.018,-16.954,12.8,-0.51,1.7,0.0
ATOM,2173.0,CB,VAL,145.0,25.109,-18.245,9.889,-0.09,2.275,0.36
ATOM,2174.0,CG1,VAL,145.0,26.605,-18.058,9.898,-0.27,2.06,12.52
ATOM,2175.0,CG2,VAL,145.0,24.754,-19.593,9.235,-0.27,2.06,0.0
ATOM,2176.0,H,VAL,145.0,22.512,-18.214,10.479,0.31,0.2245,0.0
ATOM,2177.0,HA,VAL,145.0,24.891,-18.945,11.806,0.09,1.32,0.0
ATOM,2178.0,HB,VAL,145.0,24.722,-17.498,9.353,0.09,1.32,0.86
ATOM,2179.0,HG11,VAL,145.0,26.827,-17.083,9.835,0.09,1.32,4.87
ATOM,2180.0,HG12,VAL,145.0,26.99,-18.427,10.747,0.09,1.32,0.0
ATOM,2181.0,HG13,VAL,145.0,27.013,-18.537,9.118,0.09,1.32,0.71
ATOM,2182.0,HG21,VAL,145.0,25.181,-20.326,9.759,0.09,1.32,0.0
ATOM,2183.0,HG22,VAL,145.0,23.763,-19.7,9.238,0.09,1.32,0.0
ATOM,2184.0,HG23,VAL,145.0,25.096,-19.596,8.299,0.09,1.32,0.0
ATOM,2185.0,N,VAL,146.0,24.478,-15.744,11.711,-0.47,1.85,0.0
ATOM,2186.0,CA,VAL,146.0,24.863,-14.507,12.38,0.07,2.275,0.0
ATOM,2187.0,C,VAL,146.0,24.678,-14.576,13.888,0.51,2.0,0.0
ATOM,2188.0,O,VAL,146.0,25.553,-14.177,14.66,-0.51,1.7,0.0
ATOM,2189.0,CB,VAL,146.0,24.091,-13.325,11.813,-0.09,2.275,0.11
ATOM,2190.0,CG1,VAL,146.0,24.197,-12.085,12.67,-0.27,2.06,9.09
ATOM,2191.0,CG2,VAL,146.0,24.538,-13.057,10.408,-0.27,2.06,27.89
ATOM,2192.0,H,VAL,146.0,23.752,-15.8,10.978,0.31,0.2245,0.0
ATOM,2193.0,HA,VAL,146.0,25.846,-14.343,12.194,0.09,1.32,0.5
ATOM,2194.0,HB,VAL,146.0,23.116,-13.577,11.784,0.09,1.32,0.0
ATOM,2195.0,HG11,VAL,146.0,24.723,-11.382,12.187,0.09,1.32,6.25
ATOM,2196.0,HG12,VAL,146.0,23.281,-11.731,12.869,0.09,1.32,0.08
ATOM,2197.0,HG13,VAL,146.0,24.658,-12.306,13.531,0.09,1.32,0.0
ATOM,2198.0,HG21,VAL,146.0,24.248,-12.138,10.127,0.09,1.32,9.46
ATOM,2199.0,HG22,VAL,146.0,25.538,-13.117,10.35,0.09,1.32,8.94
ATOM,2200.0,HG23,VAL,146.0,24.133,-13.733,9.786,0.09,1.32,0.14
ATOM,2201.0,N,ARG,147.0,23.535,-15.091,14.336,-0.47,1.85,0.0
ATOM,2202.0,CA,ARG,147.0,23.299,-15.204,15.76,0.07,2.275,0.0
ATOM,2203.0,C,ARG,147.0,24.417,-16.001,16.419,0.51,2.0,0.0
ATOM,2204.0,O,ARG,147.0,24.993,-15.587,17.413,-0.51,1.7,0.0
ATOM,2205.0,CB,ARG,147.0,21.939,-15.855,16.01,-0.18,2.175,0.0
ATOM,2206.0,CG,ARG,147.0,21.214,-15.439,17.209,-0.18,2.175,0.0
ATOM,2207.0,CD,ARG,147.0,21.905,-15.657,18.489,0.2,2.175,0.0
ATOM,2208.0,NE,ARG,147.0,22.044,-17.074,18.788,-0.7,1.85,0.0
ATOM,2209.0,CZ,ARG,147.0,22.507,-17.609,19.926,0.64,2.0,0.0
ATOM,2210.0,NH1,ARG,147.0,22.942,-16.904,20.94,-0.8,1.85,0.0
ATOM,2211.0,NH2,ARG,147.0,22.509,-18.92,20.036,-0.8,1.85,0.0
ATOM,2212.0,H,ARG,147.0,22.869,-15.386,13.609,0.31,0.2245,0.0
ATOM,2213.0,HA,ARG,147.0,23.281,-14.284,16.166,0.09,1.32,0.0
ATOM,2214.0,HB2,ARG,147.0,21.367,-15.669,15.192,0.09,1.32,0.0
ATOM,2215.0,HB3,ARG,147.0,22.092,-16.858,16.044,0.09,1.32,0.0
ATOM,2216.0,HG2,ARG,147.0,20.98,-14.441,17.142,0.09,1.32,0.0
ATOM,2217.0,HG3,ARG,147.0,20.31,-15.926,17.252,0.09,1.32,0.0
ATOM,2218.0,HD2,ARG,147.0,22.817,-15.248,18.446,0.09,1.32,0.0
ATOM,2219.0,HD3,ARG,147.0,21.381,-15.224,19.224,0.09,1.32,0.0
ATOM,2220.0,HE,ARG,147.0,21.762,-17.735,18.06,0.44,0.2245,0.0
ATOM,2221.0,HH11,ARG,147.0,22.914,-15.895,20.879,0.46,0.2245,0.0
ATOM,2222.0,HH12,ARG,147.0,23.294,-17.341,21.761,0.46,0.2245,0.0
ATOM,2223.0,HH21,ARG,147.0,22.16,-19.508,19.308,0.46,0.2245,0.0
ATOM,2224.0,HH22,ARG,147.0,22.871,-19.352,20.876,0.46,0.2245,0.26
ATOM,2225.0,N,GLU,148.0,24.766,-17.129,15.826,-0.47,1.85,0.0
ATOM,2226.0,CA,GLU,148.0,25.783,-17.978,16.411,0.07,2.275,0.0
ATOM,2227.0,C,GLU,148.0,27.178,-17.39,16.27,0.51,2.0,0.0
ATOM,2228.0,O,GLU,148.0,28.057,-17.699,17.086,-0.51,1.7,0.0
ATOM,2229.0,CB,GLU,148.0,25.74,-19.363,15.748,-0.18,2.175,0.0
ATOM,2230.0,CG,GLU,148.0,24.453,-20.125,16.017,-0.28,2.175,0.0
ATOM,2231.0,CD,GLU,148.0,24.289,-20.625,17.442,0.62,2.0,0.0
ATOM,2232.0,OE1,GLU,148.0,25.284,-20.846,18.152,-0.76,1.7,0.14
ATOM,2233.0,OE2,GLU,148.0,23.12,-20.812,17.83,-0.76,1.7,0.0
ATOM,2234.0,H,GLU,148.0,24.27,-17.341,14.946,0.31,0.2245,0.0
ATOM,2235.0,HA,GLU,148.0,25.581,-18.126,17.394,0.09,1.32,0.0
ATOM,2236.0,HB2,GLU,148.0,25.813,-19.23,14.778,0.09,1.32,0.0
ATOM,2237.0,HB3,GLU,148.0,26.483,-19.89,16.113,0.09,1.32,0.0
ATOM,2238.0,HG2,GLU,148.0,23.69,-19.521,15.826,0.09,1.32,0.0
ATOM,2239.0,HG3,GLU,148.0,24.431,-20.918,15.421,0.09,1.32,0.0
ATOM,2240.0,N,SER,149.0,27.387,-16.555,15.267,-0.47,1.85,0.0
ATOM,2241.0,CA,SER,149.0,28.679,-15.901,15.063,0.07,2.275,0.43
ATOM,2242.0,C,SER,149.0,28.879,-14.773,16.065,0.51,2.0,0.29
ATOM,2243.0,O,SER,149.0,29.927,-14.664,16.669,-0.51,1.7,4.11
ATOM,2244.0,CB,SER,149.0,28.752,-15.346,13.652,0.05,2.175,16.68
ATOM,2245.0,OG,SER,149.0,28.663,-16.337,12.648,-0.66,1.77,8.67
ATOM,2246.0,H,SER,149.0,26.569,-16.403,14.643,0.31,0.2245,0.0
ATOM,2247.0,HA,SER,149.0,29.401,-16.585,15.216,0.09,1.32,0.0
ATOM,2248.0,HB2,SER,149.0,28.0,-14.688,13.522,0.09,1.32,0.21
ATOM,2249.0,HB3,SER,149.0,29.625,-14.854,13.541,0.09,1.32,10.77
ATOM,2250.0,HG,SER,149.0,27.718,-16.654,12.573,0.43,0.2245,0.0
ATOM,2251.0,N,GLU,150.0,27.863,-13.934,16.239,-0.47,1.85,0.0
ATOM,2252.0,CA,GLU,150.0,27.973,-12.844,17.188,0.07,2.275,0.31
ATOM,2253.0,C,GLU,150.0,28.037,-13.406,18.591,0.51,2.0,0.0
ATOM,2254.0,O,GLU,150.0,28.784,-12.91,19.438,-0.51,1.7,0.0
ATOM,2255.0,CB,GLU,150.0,26.791,-11.867,17.05,-0.18,2.175,0.0
ATOM,2256.0,CG,GLU,150.0,26.681,-11.152,15.712,-0.28,2.175,0.0
ATOM,2257.0,CD,GLU,150.0,27.732,-10.106,15.431,0.62,2.0,2.88
ATOM,2258.0,OE1,GLU,150.0,28.402,-9.691,16.375,-0.76,1.7,16.04
ATOM,2259.0,OE2,GLU,150.0,27.804,-9.662,14.243,-0.76,1.7,42.94
ATOM,2260.0,H,GLU,150.0,27.03,-14.123,15.663,0.31,0.2245,0.0
ATOM,2261.0,HA,GLU,150.0,28.801,-12.31,17.0,0.09,1.32,0.38
ATOM,2262.0,HB2,GLU,150.0,25.96,-12.389,17.181,0.09,1.32,0.0
ATOM,2263.0,HB3,GLU,150.0,26.894,-11.177,17.752,0.09,1.32,0.0
ATOM,2264.0,HG2,GLU,150.0,26.741,-11.839,14.992,0.09,1.32,0.13
ATOM,2265.0,HG3,GLU,150.0,25.792,-10.701,15.677,0.09,1.32,0.0
ATOM,2266.0,N,ALA,151.0,27.271,-14.466,18.851,-0.47,1.85,0.0
ATOM,2267.0,CA,ALA,151.0,27.335,-15.085,20.152,0.07,2.275,0.25
ATOM,2268.0,C,ALA,151.0,28.712,-15.669,20.434,0.51,2.0,0.0
ATOM,2269.0,O,ALA,151.0,29.273,-15.467,21.511,-0.51,1.7,0.0
ATOM,2270.0,CB,ALA,151.0,26.272,-16.168,20.315,-0.27,2.06,1.8
ATOM,2271.0,H,ALA,151.0,26.67,-14.776,18.08,0.31,0.2245,0.0
ATOM,2272.0,HA,ALA,151.0,27.134,-14.389,20.86,0.09,1.32,0.46
ATOM,2273.0,HB1,ALA,151.0,25.374,-15.788,20.097,0.09,1.32,0.0
ATOM,2274.0,HB2,ALA,151.0,26.473,-16.926,19.696,0.09,1.32,0.0
ATOM,2275.0,HB3,ALA,151.0,26.275,-16.497,21.258,0.09,1.32,1.04
ATOM,2276.0,N,ARG,152.0,29.28,-16.406,19.483,-0.47,1.85,0.0
ATOM,2277.0,CA,ARG,152.0,30.577,-17.032,19.713,0.07,2.275,0.0
ATOM,2278.0,C,ARG,152.0,31.66,-15.972,19.848,0.51,2.0,0.07
ATOM,2279.0,O,ARG,152.0,32.618,-16.184,20.596,-0.51,1.7,0.0
ATOM,2280.0,CB,ARG,152.0,30.922,-18.033,18.615,-0.18,2.175,0.02
ATOM,2281.0,CG,ARG,152.0,31.95,-19.05,19.079,-0.18,2.175,0.0
ATOM,2282.0,CD,ARG,152.0,32.148,-20.153,18.053,0.2,2.175,1.01
ATOM,2283.0,NE,ARG,152.0,33.282,-21.023,18.278,-0.7,1.85,0.0
ATOM,2284.0,CZ,ARG,152.0,34.534,-20.731,17.904,0.64,2.0,1.51
ATOM,2285.0,NH1,ARG,152.0,34.816,-19.558,17.363,-0.8,1.85,15.97
ATOM,2286.0,NH2,ARG,152.0,35.493,-21.632,18.071,-0.8,1.85,15.01
ATOM,2287.0,H,ARG,152.0,28.745,-16.491,18.609,0.31,0.2245,0.0
ATOM,2288.0,HA,ARG,152.0,30.535,-17.561,20.567,0.09,1.32,0.0
ATOM,2289.0,HB2,ARG,152.0,30.1,-18.518,18.364,0.09,1.32,0.0
ATOM,2290.0,HB3,ARG,152.0,31.301,-17.539,17.849,0.09,1.32,1.11
ATOM,2291.0,HG2,ARG,152.0,32.827,-18.597,19.221,0.09,1.32,0.0
ATOM,2292.0,HG3,ARG,152.0,31.643,-19.47,19.93,0.09,1.32,0.0
ATOM,2293.0,HD2,ARG,152.0,31.3,-20.708,18.033,0.09,1.32,0.0
ATOM,2294.0,HD3,ARG,152.0,32.241,-19.711,17.145,0.09,1.32,0.0
ATOM,2295.0,HE,ARG,152.0,33.13,-21.902,18.742,0.44,0.2245,0.0
ATOM,2296.0,HH11,ARG,152.0,34.11,-18.864,17.242,0.46,0.2245,5.21
ATOM,2297.0,HH12,ARG,152.0,35.758,-19.357,17.068,0.46,0.2245,18.73
ATOM,2298.0,HH21,ARG,152.0,35.281,-22.516,18.493,0.46,0.2245,7.51
ATOM,2299.0,HH22,ARG,152.0,36.428,-21.431,17.778,0.46,0.2245,18.53
ATOM,2300.0,N,LEU,153.0,31.511,-14.86,19.147,-0.47,1.85,0.82
ATOM,2301.0,CA,LEU,153.0,32.445,-13.743,19.33,0.07,2.275,2.72
ATOM,2302.0,C,LEU,153.0,32.383,-13.266,20.777,0.51,2.0,0.0
ATOM,2303.0,O,LEU,153.0,33.412,-13.016,21.439,-0.51,1.7,0.0
ATOM,2304.0,CB,LEU,153.0,32.088,-12.594,18.38,-0.18,2.175,0.48
ATOM,2305.0,CG,LEU,153.0,32.871,-11.309,18.602,-0.09,2.275,0.0
ATOM,2306.0,CD1,LEU,153.0,34.364,-11.537,18.315,-0.27,2.06,26.57
ATOM,2307.0,CD2,LEU,153.0,32.294,-10.242,17.698,-0.27,2.06,16.37
ATOM,2308.0,H,LEU,153.0,30.721,-14.843,18.491,0.31,0.2245,0.0
ATOM,2309.0,HA,LEU,153.0,33.37,-14.069,19.141,0.09,1.32,2.13
ATOM,2310.0,HB2,LEU,153.0,32.268,-12.901,17.454,0.09,1.32,5.44
ATOM,2311.0,HB3,LEU,153.0,31.127,-12.388,18.503,0.09,1.32,0.0
ATOM,2312.0,HG,LEU,153.0,32.766,-11.015,19.55,0.09,1.32,0.0
ATOM,2313.0,HD11,LEU,153.0,34.474,-11.829,17.367,0.09,1.32,9.34
ATOM,2314.0,HD12,LEU,153.0,34.86,-10.684,18.466,0.09,1.32,0.25
ATOM,2315.0,HD13,LEU,153.0,34.71,-12.243,18.929,0.09,1.32,0.34
ATOM,2316.0,HD21,LEU,153.0,31.327,-10.096,17.919,0.09,1.32,1.24
ATOM,2317.0,HD22,LEU,153.0,32.794,-9.383,17.826,0.09,1.32,0.0
ATOM,2318.0,HD23,LEU,153.0,32.373,-10.529,16.741,0.09,1.32,9.5
ATOM,2319.0,N,GLN,154.0,31.172,-13.095,21.311,-0.47,1.85,0.0
ATOM,2320.0,CA,GLN,154.0,31.03,-12.64,22.675,0.07,2.275,0.5
ATOM,2321.0,C,GLN,154.0,31.56,-13.643,23.687,0.51,2.0,0.0
ATOM,2322.0,O,GLN,154.0,32.216,-13.272,24.65,-0.51,1.7,0.18
ATOM,2323.0,CB,GLN,154.0,29.563,-12.272,22.962,-0.18,2.175,1.76
ATOM,2324.0,CG,GLN,154.0,29.116,-11.022,22.228,-0.18,2.175,1.14
ATOM,2325.0,CD,GLN,154.0,27.637,-10.68,22.415,0.55,2.0,0.0
ATOM,2326.0,H,GLN,154.0,30.383,-13.31,20.681,0.31,0.2245,0.0
ATOM,2327.0,HA,GLN,154.0,31.568,-11.785,22.781,0.09,1.32,0.13
ATOM,2328.0,HB2,GLN,154.0,28.985,-13.03,22.675,0.09,1.32,0.31
ATOM,2329.0,HB3,GLN,154.0,29.462,-12.116,23.941,0.09,1.32,1.34
ATOM,2330.0,HG2,GLN,154.0,29.66,-10.241,22.554,0.09,1.32,5.81
ATOM,2331.0,HG3,GLN,154.0,29.287,-11.144,21.245,0.09,1.32,0.06
ATOM,2332.0,OE1,GLN,154.0,26.918,-11.377,23.105,-0.55,1.7,0.9
ATOM,2333.0,NE2,GLN,154.0,27.196,-9.608,21.768,-0.62,1.85,8.1
ATOM,2334.0,HE21,GLN,154.0,26.222,-9.328,21.833,0.32,0.2245,0.8
ATOM,2335.0,HE22,GLN,154.0,27.851,-9.069,21.204,0.3,0.2245,13.25
ATOM,2336.0,N,VAL,155.0,31.29,-14.925,23.467,-0.47,1.85,0.0
ATOM,2337.0,CA,VAL,155.0,31.803,-15.956,24.351,0.07,2.275,0.0
ATOM,2338.0,C,VAL,155.0,33.322,-15.977,24.322,0.51,2.0,0.0
ATOM,2339.0,O,VAL,155.0,33.966,-16.139,25.376,-0.51,1.7,0.0
ATOM,2340.0,CB,VAL,155.0,31.2,-17.307,23.964,-0.09,2.275,0.0
ATOM,2341.0,CG1,VAL,155.0,31.883,-18.483,24.664,-0.27,2.06,0.0
ATOM,2342.0,CG2,VAL,155.0,29.701,-17.297,24.314,-0.27,2.06,4.06
ATOM,2343.0,H,VAL,155.0,30.702,-15.114,22.638,0.31,0.2245,0.0
ATOM,2344.0,HA,VAL,155.0,31.513,-15.74,25.29,0.09,1.32,0.0
ATOM,2345.0,HB,VAL,155.0,31.342,-17.44,22.979,0.09,1.32,0.0
ATOM,2346.0,HG11,VAL,155.0,31.426,-18.66,25.534,0.09,1.32,0.0
ATOM,2347.0,HG12,VAL,155.0,31.823,-19.293,24.083,0.09,1.32,0.0
ATOM,2348.0,HG13,VAL,155.0,32.842,-18.258,24.828,0.09,1.32,0.0
ATOM,2349.0,HG21,VAL,155.0,29.59,-17.595,25.259,0.09,1.32,0.42
ATOM,2350.0,HG22,VAL,155.0,29.351,-16.37,24.203,0.09,1.32,0.5
ATOM,2351.0,HG23,VAL,155.0,29.223,-17.92,23.699,0.09,1.32,0.0
ATOM,2352.0,N,SER,156.0,33.896,-15.785,23.148,-0.47,1.85,0.0
ATOM,2353.0,CA,SER,156.0,35.35,-15.717,23.017,0.07,2.275,0.85
ATOM,2354.0,C,SER,156.0,35.897,-14.526,23.805,0.51,2.0,0.4
ATOM,2355.0,O,SER,156.0,36.91,-14.673,24.49,-0.51,1.7,4.25
ATOM,2356.0,CB,SER,156.0,35.772,-15.611,21.549,0.05,2.175,17.52
ATOM,2357.0,OG,SER,156.0,35.358,-16.729,20.806,-0.66,1.77,9.34
ATOM,2358.0,H,SER,156.0,33.246,-15.689,22.347,0.31,0.2245,0.0
ATOM,2359.0,HA,SER,156.0,35.739,-16.552,23.413,0.09,1.32,0.52
ATOM,2360.0,HB2,SER,156.0,35.363,-14.786,21.16,0.09,1.32,0.0
ATOM,2361.0,HB3,SER,156.0,36.769,-15.54,21.51,0.09,1.32,10.34
ATOM,2362.0,HG,SER,156.0,34.375,-16.671,20.625,0.43,0.2245,0.0
ATOM,2363.0,N,ARG,157.0,35.227,-13.385,23.764,-0.47,1.85,0.06
ATOM,2364.0,CA,ARG,157.0,35.648,-12.281,24.569,0.07,2.275,0.93
ATOM,2365.0,C,ARG,157.0,35.528,-12.589,26.056,0.51,2.0,0.0
ATOM,2366.0,O,ARG,157.0,36.424,-12.267,26.842,-0.51,1.7,0.09
ATOM,2367.0,CB,ARG,157.0,34.837,-11.042,24.187,-0.18,2.175,2.47
ATOM,2368.0,CG,ARG,157.0,35.199,-10.508,22.837,-0.18,2.175,6.05
ATOM,2369.0,CD,ARG,157.0,34.291,-9.399,22.32,0.2,2.175,7.26
ATOM,2370.0,NE,ARG,157.0,34.772,-8.881,21.057,-0.7,1.85,4.07
ATOM,2371.0,CZ,ARG,157.0,34.092,-8.119,20.217,0.64,2.0,1.79
ATOM,2372.0,NH1,ARG,157.0,32.846,-7.769,20.476,-0.8,1.85,15.39
ATOM,2373.0,NH2,ARG,157.0,34.686,-7.718,19.12,-0.8,1.85,17.38
ATOM,2374.0,H,ARG,157.0,34.415,-13.375,23.127,0.31,0.2245,0.0
ATOM,2375.0,HA,ARG,157.0,36.619,-12.068,24.369,0.09,1.32,4.18
ATOM,2376.0,HB2,ARG,157.0,33.877,-11.294,24.185,0.09,1.32,0.13
ATOM,2377.0,HB3,ARG,157.0,35.013,-10.34,24.866,0.09,1.32,0.0
ATOM,2378.0,HG2,ARG,157.0,36.144,-10.142,22.854,0.09,1.32,9.88
ATOM,2379.0,HG3,ARG,157.0,35.178,-11.257,22.154,0.09,1.32,0.22
ATOM,2380.0,HD2,ARG,157.0,33.381,-9.78,22.203,0.09,1.32,0.0
ATOM,2381.0,HD3,ARG,157.0,34.28,-8.674,22.999,0.09,1.32,6.03
ATOM,2382.0,HE,ARG,157.0,35.728,-9.126,20.785,0.44,0.2245,8.35
ATOM,2383.0,HH11,ARG,157.0,32.397,-8.056,21.322,0.46,0.2245,6.29
ATOM,2384.0,HH12,ARG,157.0,32.336,-7.204,19.817,0.46,0.2245,15.74
ATOM,2385.0,HH21,ARG,157.0,35.637,-7.958,18.919,0.46,0.2245,15.89
ATOM,2386.0,HH22,ARG,157.0,34.181,-7.15,18.451,0.46,0.2245,16.33
ATOM,2387.0,N,LEU,158.0,34.399,-13.187,26.46,-0.47,1.85,0.0
ATOM,2388.0,CA,LEU,158.0,34.205,-13.527,27.85,0.07,2.275,0.0
ATOM,2389.0,C,LEU,158.0,35.319,-14.422,28.365,0.51,2.0,0.0
ATOM,2390.0,O,LEU,158.0,35.712,-14.331,29.524,-0.51,1.7,0.0
ATOM,2391.0,CB,LEU,158.0,32.84,-14.209,28.048,-0.18,2.175,0.0
ATOM,2392.0,CG,LEU,158.0,31.657,-13.242,27.879,-0.09,2.275,1.0
ATOM,2393.0,CD1,LEU,158.0,30.406,-14.016,27.667,-0.27,2.06,0.17
ATOM,2394.0,CD2,LEU,158.0,31.522,-12.316,29.088,-0.27,2.06,3.81
ATOM,2395.0,H,LEU,158.0,33.715,-13.371,25.71,0.31,0.2245,0.0
ATOM,2396.0,HA,LEU,158.0,34.204,-12.677,28.397,0.09,1.32,0.0
ATOM,2397.0,HB2,LEU,158.0,32.749,-14.909,27.367,0.09,1.32,0.0
ATOM,2398.0,HB3,LEU,158.0,32.807,-14.562,28.962,0.09,1.32,0.0
ATOM,2399.0,HG,LEU,158.0,31.843,-12.655,27.093,0.09,1.32,1.53
ATOM,2400.0,HD11,LEU,158.0,30.226,-14.617,28.454,0.09,1.32,0.0
ATOM,2401.0,HD12,LEU,158.0,29.622,-13.395,27.555,0.09,1.32,0.09
ATOM,2402.0,HD13,LEU,158.0,30.481,-14.587,26.841,0.09,1.32,0.0
ATOM,2403.0,HD21,LEU,158.0,32.36,-11.781,29.191,0.09,1.32,0.0
ATOM,2404.0,HD22,LEU,158.0,30.747,-11.701,28.949,0.09,1.32,1.53
ATOM,2405.0,HD23,LEU,158.0,31.372,-12.864,29.91,0.09,1.32,0.0
ATOM,2406.0,N,TYR,159.0,35.822,-15.305,27.503,-0.47,1.85,0.0
ATOM,2407.0,CA,TYR,159.0,36.906,-16.202,27.887,0.07,2.275,0.0
ATOM,2408.0,C,TYR,159.0,38.142,-15.427,28.357,0.51,2.0,0.0
ATOM,2409.0,O,TYR,159.0,38.846,-15.872,29.287,-0.51,1.7,0.0
ATOM,2410.0,CB,TYR,159.0,37.238,-17.133,26.718,-0.18,2.175,1.4
ATOM,2411.0,CG,TYR,159.0,38.334,-18.142,27.008,0.0,1.9924,0.11
ATOM,2412.0,CD1,TYR,159.0,39.664,-17.841,26.763,-0.115,1.9924,9.43
ATOM,2413.0,CD2,TYR,159.0,38.03,-19.38,27.539,-0.115,1.9924,0.32
ATOM,2414.0,CE1,TYR,159.0,40.644,-18.742,27.048,-0.115,1.9924,10.37
ATOM,2415.0,CE2,TYR,159.0,39.003,-20.297,27.797,-0.115,1.9924,1.73
ATOM,2416.0,CZ,TYR,159.0,40.308,-19.965,27.562,0.11,1.9924,2.04
ATOM,2417.0,OH,TYR,159.0,41.306,-20.892,27.833,-0.54,1.77,20.03
ATOM,2418.0,H,TYR,159.0,35.387,-15.297,26.564,0.31,0.2245,0.0
ATOM,2419.0,HA,TYR,159.0,36.589,-16.774,28.655,0.09,1.32,0.0
ATOM,2420.0,HB2,TYR,159.0,36.41,-17.636,26.473,0.09,1.32,0.0
ATOM,2421.0,HB3,TYR,159.0,37.531,-16.573,25.945,0.09,1.32,0.2
ATOM,2422.0,HD1,TYR,159.0,39.9,-16.947,26.37,0.115,1.3582,2.26
ATOM,2423.0,HD2,TYR,159.0,37.069,-19.602,27.738,0.115,1.3582,0.0
ATOM,2424.0,HE1,TYR,159.0,41.612,-18.513,26.884,0.115,1.3582,14.1
ATOM,2425.0,HE2,TYR,159.0,38.769,-21.205,28.154,0.115,1.3582,0.0
ATOM,2426.0,HH,TYR,159.0,41.317,-21.076,28.812,0.43,0.2245,3.85
ATOM,2427.0,N,SER,160.0,38.384,-14.283,27.71,-0.47,1.85,0.0
ATOM,2428.0,CA,SER,160.0,39.477,-13.383,28.067,0.07,2.275,1.67
ATOM,2429.0,C,SER,160.0,39.089,-12.354,29.116,0.51,2.0,0.33
ATOM,2430.0,O,SER,160.0,39.85,-11.414,29.359,-0.51,1.7,27.36
ATOM,2431.0,CB,SER,160.0,40.011,-12.699,26.808,0.05,2.175,21.46
ATOM,2432.0,OG,SER,160.0,40.739,-13.593,25.963,-0.66,1.77,25.69
ATOM,2433.0,H,SER,160.0,37.72,-14.089,26.924,0.31,0.2245,0.0
ATOM,2434.0,HA,SER,160.0,40.232,-13.947,28.448,0.09,1.32,1.34
ATOM,2435.0,HB2,SER,160.0,39.241,-12.327,26.289,0.09,1.32,0.99
ATOM,2436.0,HB3,SER,160.0,40.619,-11.952,27.079,0.09,1.32,7.48
ATOM,2437.0,HG,SER,160.0,40.096,-14.121,25.414,0.43,0.2245,8.63
ATOM,2438.0,N,MET,161.0,37.91,-12.502,29.729,-0.47,1.85,0.0
ATOM,2439.0,CA,MET,161.0,37.436,-11.607,30.784,0.07,2.275,2.04
ATOM,2440.0,C,MET,161.0,37.384,-12.27,32.147,0.51,2.0,1.59
ATOM,2441.0,O,MET,161.0,36.959,-11.669,33.128,-0.51,1.7,9.21
ATOM,2442.0,CB,MET,161.0,36.085,-10.97,30.404,-0.18,2.175,0.03
ATOM,2443.0,CG,MET,161.0,36.257,-10.072,29.231,-0.14,2.175,2.07
ATOM,2444.0,SD,MET,161.0,34.662,-9.57,28.491,-0.09,2.0,3.55
ATOM,2445.0,CE,MET,161.0,35.224,-8.421,27.332,-0.22,2.06,32.0
ATOM,2446.0,H,MET,161.0,37.352,-13.32,29.385,0.31,0.2245,0.0
ATOM,2447.0,HA,MET,161.0,38.08,-10.824,30.839,0.09,1.32,5.46
ATOM,2448.0,HB2,MET,161.0,35.447,-11.699,30.18,0.09,1.32,0.0
ATOM,2449.0,HB3,MET,161.0,35.755,-10.447,31.183,0.09,1.32,0.0
ATOM,2450.0,HG2,MET,161.0,36.785,-9.237,29.509,0.09,1.32,9.02
ATOM,2451.0,HG3,MET,161.0,36.835,-10.536,28.521,0.09,1.32,0.05
ATOM,2452.0,HE1,MET,161.0,34.636,-8.412,26.508,0.09,1.32,3.74
ATOM,2453.0,HE2,MET,161.0,35.228,-7.484,27.715,0.09,1.32,11.47
ATOM,2454.0,HE3,MET,161.0,36.168,-8.632,27.032,0.09,1.32,7.37
ATOM,2455.0,N,THR,162.0,37.89,-13.493,32.197,-0.47,1.85,1.58
ATOM,2456.0,CA,THR,162.0,37.99,-14.247,33.443,0.07,2.275,2.79
ATOM,2457.0,C,THR,162.0,39.16,-15.2,33.349,0.51,2.0,0.18
ATOM,2458.0,O,THR,162.0,39.562,-15.579,32.266,-0.51,1.7,0.94
ATOM,2459.0,CB,THR,162.0,36.692,-15.036,33.721,0.14,2.275,0.0
ATOM,2460.0,OG1,THR,162.0,36.799,-15.758,34.96,-0.66,1.77,2.35
ATOM,2461.0,CG2,THR,162.0,36.463,-16.089,32.681,-0.27,2.06,0.0
ATOM,2462.0,H,THR,162.0,38.209,-13.87,31.278,0.31,0.2245,0.0
ATOM,2463.0,HA,THR,162.0,38.159,-13.603,34.19,0.09,1.32,5.5
ATOM,2464.0,HB,THR,162.0,35.917,-14.374,33.806,0.09,1.32,0.0
ATOM,2465.0,HG21,THR,162.0,35.554,-15.979,32.263,0.09,1.32,0.0
ATOM,2466.0,HG22,THR,162.0,37.158,-16.024,31.955,0.09,1.32,0.0
ATOM,2467.0,HG23,THR,162.0,36.516,-17.007,33.092,0.09,1.32,0.0
ATOM,2468.0,HG1,THR,162.0,36.02,-16.384,35.065,0.43,0.2245,0.3
ATOM,2469.0,N,GLU,163.0,39.699,-15.544,34.502,-0.47,1.85,0.85
ATOM,2470.0,CA,GLU,163.0,40.679,-16.631,34.587,0.07,2.275,0.0
ATOM,2471.0,C,GLU,163.0,40.107,-17.838,35.359,0.51,2.0,0.0
ATOM,2472.0,O,GLU,163.0,40.818,-18.821,35.613,-0.51,1.7,6.17
ATOM,2473.0,CB,GLU,163.0,42.022,-16.149,35.138,-0.18,2.175,4.45
ATOM,2474.0,CG,GLU,163.0,42.866,-15.481,34.052,-0.28,2.175,8.85
ATOM,2475.0,CD,GLU,163.0,44.273,-15.106,34.47,0.62,2.0,6.32
ATOM,2476.0,OE1,GLU,163.0,44.619,-15.23,35.664,-0.76,1.7,39.09
ATOM,2477.0,OE2,GLU,163.0,45.042,-14.699,33.572,-0.76,1.7,47.29
ATOM,2478.0,H,GLU,163.0,39.383,-14.999,35.323,0.31,0.2245,6.56
ATOM,2479.0,HA,GLU,163.0,40.94,-16.926,33.662,0.09,1.32,0.0
ATOM,2480.0,HB2,GLU,163.0,41.844,-15.482,35.824,0.09,1.32,6.04
ATOM,2481.0,HB3,GLU,163.0,42.514,-16.925,35.457,0.09,1.32,5.59
ATOM,2482.0,HG2,GLU,163.0,42.937,-16.113,33.291,0.09,1.32,0.01
ATOM,2483.0,HG3,GLU,163.0,42.404,-14.648,33.775,0.09,1.32,7.3
ATOM,2484.0,N,ASP,164.0,38.816,-17.8,35.691,-0.47,1.85,0.0
ATOM,2485.0,CA,ASP,164.0,38.184,-18.843,36.482,0.07,2.275,0.0
ATOM,2486.0,C,ASP,164.0,38.038,-20.069,35.588,0.51,2.0,0.0
ATOM,2487.0,O,ASP,164.0,37.411,-19.999,34.537,-0.51,1.7,0.0
ATOM,2488.0,CB,ASP,164.0,36.863,-18.315,36.992,-0.28,2.175,1.47
ATOM,2489.0,CG,ASP,164.0,36.163,-19.274,37.914,0.62,2.0,0.0
ATOM,2490.0,OD1,ASP,164.0,35.898,-20.44,37.515,-0.76,1.7,0.0
ATOM,2491.0,OD2,ASP,164.0,35.859,-18.958,39.067,-0.76,1.7,0.35
ATOM,2492.0,H,ASP,164.0,38.306,-16.962,35.335,0.31,0.2245,0.0
ATOM,2493.0,HA,ASP,164.0,38.813,-19.088,37.212,0.09,1.32,0.0
ATOM,2494.0,HB2,ASP,164.0,37.036,-17.464,37.485,0.09,1.32,2.97
ATOM,2495.0,HB3,ASP,164.0,36.274,-18.136,36.207,0.09,1.32,0.0
ATOM,2496.0,N,GLU,165.0,38.647,-21.184,35.991,-0.47,1.85,0.0
ATOM,2497.0,CA,GLU,165.0,38.664,-22.363,35.14,0.07,2.275,0.0
ATOM,2498.0,C,GLU,165.0,37.309,-23.021,35.041,0.51,2.0,0.47
ATOM,2499.0,O,GLU,165.0,37.017,-23.65,34.023,-0.51,1.7,2.93
ATOM,2500.0,CB,GLU,165.0,39.772,-23.335,35.573,-0.18,2.175,13.74
ATOM,2501.0,CG,GLU,165.0,41.158,-22.803,35.162,-0.28,2.175,20.88
ATOM,2502.0,CD,GLU,165.0,41.287,-22.308,33.69,0.62,2.0,3.15
ATOM,2503.0,OE1,GLU,165.0,40.687,-22.914,32.755,-0.76,1.7,9.67
ATOM,2504.0,OE2,GLU,165.0,42.01,-21.282,33.428,-0.76,1.7,17.32
ATOM,2505.0,H,GLU,165.0,39.086,-21.134,36.922,0.31,0.2245,0.74
ATOM,2506.0,HA,GLU,165.0,38.985,-22.104,34.212,0.09,1.32,0.0
ATOM,2507.0,HB2,GLU,165.0,39.759,-23.394,36.54,0.09,1.32,0.62
ATOM,2508.0,HB3,GLU,165.0,39.634,-24.174,35.111,0.09,1.32,7.23
ATOM,2509.0,HG2,GLU,165.0,41.378,-22.031,35.741,0.09,1.32,3.87
ATOM,2510.0,HG3,GLU,165.0,41.817,-23.532,35.274,0.09,1.32,11.3
ATOM,2511.0,N,GLY,166.0,36.461,-22.846,36.053,-0.47,1.85,0.28
ATOM,2512.0,CA,GLY,166.0,35.1,-23.347,35.999,-0.02,2.175,5.28
ATOM,2513.0,C,GLY,166.0,34.269,-22.554,35.006,0.51,2.0,0.0
ATOM,2514.0,O,GLY,166.0,33.541,-23.108,34.196,-0.51,1.7,0.36
ATOM,2515.0,H,GLY,166.0,36.855,-22.33,36.864,0.31,0.2245,0.0
ATOM,2516.0,HA2,GLY,166.0,35.108,-24.318,35.727,0.09,1.32,5.05
ATOM,2517.0,HA3,GLY,166.0,34.679,-23.281,36.913,0.09,1.32,0.0
ATOM,2518.0,N,VAL,167.0,34.396,-21.239,35.053,-0.47,1.85,0.0
ATOM,2519.0,CA,VAL,167.0,33.706,-20.398,34.063,0.07,2.275,0.0
ATOM,2520.0,C,VAL,167.0,34.236,-20.759,32.684,0.51,2.0,0.0
ATOM,2521.0,O,VAL,167.0,33.47,-20.911,31.743,-0.51,1.7,0.0
ATOM,2522.0,CB,VAL,167.0,33.879,-18.891,34.339,-0.09,2.275,0.0
ATOM,2523.0,CG1,VAL,167.0,33.167,-18.067,33.289,-0.27,2.06,0.0
ATOM,2524.0,CG2,VAL,167.0,33.36,-18.528,35.708,-0.27,2.06,0.2
ATOM,2525.0,H,VAL,167.0,34.989,-20.867,35.803,0.31,0.2245,0.0
ATOM,2526.0,HA,VAL,167.0,32.736,-20.62,34.094,0.09,1.32,0.0
ATOM,2527.0,HB,VAL,167.0,34.851,-18.683,34.269,0.09,1.32,0.0
ATOM,2528.0,HG11,VAL,167.0,33.829,-17.498,32.799,0.09,1.32,0.0
ATOM,2529.0,HG12,VAL,167.0,32.708,-18.673,32.637,0.09,1.32,0.0
ATOM,2530.0,HG13,VAL,167.0,32.486,-17.477,33.726,0.09,1.32,0.0
ATOM,2531.0,HG21,VAL,167.0,32.479,-18.979,35.864,0.09,1.32,0.0
ATOM,2532.0,HG22,VAL,167.0,34.014,-18.827,36.406,0.09,1.32,0.0
ATOM,2533.0,HG23,VAL,167.0,33.24,-17.535,35.77,0.09,1.32,0.13
ATOM,2534.0,N,ARG,168.0,35.557,-20.881,32.544,-0.47,1.85,0.0
ATOM,2535.0,CA,ARG,168.0,36.117,-21.208,31.254,0.07,2.275,0.0
ATOM,2536.0,C,ARG,168.0,35.701,-22.543,30.71,0.51,2.0,0.0
ATOM,2537.0,O,ARG,168.0,35.505,-22.683,29.507,-0.51,1.7,0.0
ATOM,2538.0,CB,ARG,168.0,37.638,-21.069,31.266,-0.18,2.175,0.01
ATOM,2539.0,CG,ARG,168.0,38.103,-19.607,31.267,-0.18,2.175,0.0
ATOM,2540.0,CD,ARG,168.0,39.603,-19.472,31.311,0.2,2.175,0.0
ATOM,2541.0,NE,ARG,168.0,40.04,-18.215,30.746,-0.7,1.85,0.0
ATOM,2542.0,CZ,ARG,168.0,41.288,-17.905,30.508,0.64,2.0,0.0
ATOM,2543.0,NH1,ARG,168.0,42.253,-18.768,30.83,-0.8,1.85,6.98
ATOM,2544.0,NH2,ARG,168.0,41.57,-16.742,29.958,-0.8,1.85,2.96
ATOM,2545.0,H,ARG,168.0,36.105,-20.727,33.4,0.31,0.2245,0.0
ATOM,2546.0,HA,ARG,168.0,35.838,-20.48,30.586,0.09,1.32,0.0
ATOM,2547.0,HB2,ARG,168.0,37.988,-21.498,32.086,0.09,1.32,0.0
ATOM,2548.0,HB3,ARG,168.0,38.001,-21.501,30.454,0.09,1.32,0.0
ATOM,2549.0,HG2,ARG,168.0,37.765,-19.16,30.437,0.09,1.32,0.0
ATOM,2550.0,HG3,ARG,168.0,37.717,-19.146,32.069,0.09,1.32,0.0
ATOM,2551.0,HD2,ARG,168.0,39.894,-19.528,32.264,0.09,1.32,0.0
ATOM,2552.0,HD3,ARG,168.0,39.999,-20.226,30.791,0.09,1.32,0.0
ATOM,2553.0,HE,ARG,168.0,39.328,-17.529,30.52,0.44,0.2245,0.0
ATOM,2554.0,HH11,ARG,168.0,42.047,-19.653,31.229,0.46,0.2245,0.69
ATOM,2555.0,HH12,ARG,168.0,43.215,-18.513,30.661,0.46,0.2245,17.38
ATOM,2556.0,HH21,ARG,168.0,40.839,-16.105,29.704,0.46,0.2245,0.0
ATOM,2557.0,HH22,ARG,168.0,42.526,-16.483,29.787,0.46,0.2245,16.23
ATOM,2558.0,N,ASP,169.0,35.512,-23.523,31.584,-0.47,1.85,0.14
ATOM,2559.0,CA,ASP,169.0,35.083,-24.824,31.141,0.07,2.275,0.3
ATOM,2560.0,C,ASP,169.0,33.71,-24.667,30.452,0.51,2.0,0.0
ATOM,2561.0,O,ASP,169.0,33.475,-25.232,29.375,-0.51,1.7,0.43
ATOM,2562.0,CB,ASP,169.0,35.038,-25.776,32.336,-0.28,2.175,5.96
ATOM,2563.0,CG,ASP,169.0,34.514,-27.149,32.002,0.62,2.0,2.8
ATOM,2564.0,OD1,ASP,169.0,34.821,-27.674,30.935,-0.76,1.7,14.05
ATOM,2565.0,OD2,ASP,169.0,33.792,-27.785,32.796,-0.76,1.7,10.14
ATOM,2566.0,H,ASP,169.0,35.695,-23.272,32.57,0.31,0.2245,0.0
ATOM,2567.0,HA,ASP,169.0,35.715,-25.137,30.437,0.09,1.32,0.0
ATOM,2568.0,HB2,ASP,169.0,35.968,-25.862,32.692,0.09,1.32,6.17
ATOM,2569.0,HB3,ASP,169.0,34.45,-25.365,33.032,0.09,1.32,0.26
ATOM,2570.0,N,MET,170.0,32.793,-23.94,31.1,-0.47,1.85,0.0
ATOM,2571.0,CA,MET,170.0,31.475,-23.717,30.499,0.07,2.275,0.0
ATOM,2572.0,C,MET,170.0,31.63,-22.973,29.174,0.51,2.0,0.0
ATOM,2573.0,O,MET,170.0,31.018,-23.339,28.173,-0.51,1.7,0.0
ATOM,2574.0,CB,MET,170.0,30.563,-22.879,31.409,-0.18,2.175,0.0
ATOM,2575.0,CG,MET,170.0,29.164,-22.772,30.857,-0.14,2.175,0.0
ATOM,2576.0,SD,MET,170.0,28.093,-21.628,31.706,-0.09,2.0,0.0
ATOM,2577.0,CE,MET,170.0,28.836,-20.036,31.187,-0.22,2.06,0.0
ATOM,2578.0,H,MET,170.0,33.082,-23.571,32.011,0.31,0.2245,0.0
ATOM,2579.0,HA,MET,170.0,31.064,-24.61,30.308,0.09,1.32,0.0
ATOM,2580.0,HB2,MET,170.0,30.526,-23.31,32.311,0.09,1.32,0.0
ATOM,2581.0,HB3,MET,170.0,30.951,-21.961,31.494,0.09,1.32,0.0
ATOM,2582.0,HG2,MET,170.0,29.235,-22.532,29.845,0.09,1.32,0.0
ATOM,2583.0,HG3,MET,170.0,28.748,-23.728,30.843,0.09,1.32,0.0
ATOM,2584.0,HE1,MET,170.0,29.364,-20.19,30.359,0.09,1.32,0.0
ATOM,2585.0,HE2,MET,170.0,28.103,-19.387,31.016,0.09,1.32,0.0
ATOM,2586.0,HE3,MET,170.0,29.425,-19.709,31.919,0.09,1.32,0.0
ATOM,2587.0,N,LEU,171.0,32.449,-21.926,29.141,-0.47,1.85,0.0
ATOM,2588.0,CA,LEU,171.0,32.623,-21.183,27.901,0.07,2.275,0.0
ATOM,2589.0,C,LEU,171.0,33.188,-22.038,26.789,0.51,2.0,0.0
ATOM,2590.0,O,LEU,171.0,32.802,-21.884,25.642,-0.51,1.7,0.0
ATOM,2591.0,CB,LEU,171.0,33.478,-19.947,28.133,-0.18,2.175,0.0
ATOM,2592.0,CG,LEU,171.0,32.931,-18.924,29.129,-0.09,2.275,0.0
ATOM,2593.0,CD1,LEU,171.0,33.954,-17.857,29.361,-0.27,2.06,0.0
ATOM,2594.0,CD2,LEU,171.0,31.613,-18.306,28.683,-0.27,2.06,0.28
ATOM,2595.0,H,LEU,171.0,32.922,-21.702,30.023,0.31,0.2245,0.0
ATOM,2596.0,HA,LEU,171.0,31.717,-20.832,27.609,0.09,1.32,0.0
ATOM,2597.0,HB2,LEU,171.0,34.367,-20.245,28.475,0.09,1.32,0.0
ATOM,2598.0,HB3,LEU,171.0,33.589,-19.479,27.26,0.09,1.32,0.0
ATOM,2599.0,HG,LEU,171.0,32.723,-19.392,29.985,0.09,1.32,0.0
ATOM,2600.0,HD11,LEU,171.0,34.172,-17.391,28.498,0.09,1.32,0.0
ATOM,2601.0,HD12,LEU,171.0,33.606,-17.178,30.015,0.09,1.32,0.0
ATOM,2602.0,HD13,LEU,171.0,34.797,-18.259,29.732,0.09,1.32,0.0
ATOM,2603.0,HD21,LEU,171.0,30.925,-19.025,28.578,0.09,1.32,0.0
ATOM,2604.0,HD22,LEU,171.0,31.303,-17.647,29.37,0.09,1.32,0.0
ATOM,2605.0,HD23,LEU,171.0,31.742,-17.839,27.808,0.09,1.32,0.0
ATOM,2606.0,N,LYS,172.0,34.113,-22.935,27.116,-0.47,1.85,0.0
ATOM,2607.0,CA,LYS,172.0,34.74,-23.801,26.111,0.07,2.275,0.19
ATOM,2608.0,C,LYS,172.0,33.721,-24.742,25.508,0.51,2.0,0.28
ATOM,2609.0,O,LYS,172.0,33.821,-25.109,24.334,-0.51,1.7,7.63
ATOM,2610.0,CB,LYS,172.0,35.913,-24.582,26.705,-0.18,2.175,7.61
ATOM,2611.0,CG,LYS,172.0,37.14,-23.72,26.989,-0.18,2.175,1.45
ATOM,2612.0,CD,LYS,172.0,38.069,-24.589,27.843,-0.18,2.175,2.7
ATOM,2613.0,CE,LYS,172.0,39.461,-24.136,27.971,0.21,2.175,5.94
ATOM,2614.0,NZ,LYS,172.0,40.041,-25.109,28.949,-0.3,1.85,14.05
ATOM,2615.0,H,LYS,172.0,34.351,-22.971,28.125,0.31,0.2245,0.0
ATOM,2616.0,HA,LYS,172.0,35.124,-23.221,25.384,0.09,1.32,0.0
ATOM,2617.0,HB2,LYS,172.0,35.615,-24.991,27.562,0.09,1.32,0.0
ATOM,2618.0,HB3,LYS,172.0,36.175,-25.294,26.059,0.09,1.32,8.58
ATOM,2619.0,HG2,LYS,172.0,37.588,-23.506,26.15,0.09,1.32,5.94
ATOM,2620.0,HG3,LYS,172.0,36.875,-22.936,27.504,0.09,1.32,0.0
ATOM,2621.0,HD2,LYS,172.0,37.647,-24.662,28.77,0.09,1.32,0.0
ATOM,2622.0,HD3,LYS,172.0,38.052,-25.531,27.448,0.09,1.32,8.5
ATOM,2623.0,HE2,LYS,172.0,39.934,-24.223,27.125,0.05,1.32,10.24
ATOM,2624.0,HE3,LYS,172.0,39.502,-23.243,28.357,0.05,1.32,0.0
ATOM,2625.0,HZ1,LYS,172.0,40.327,-24.617,29.769,0.33,0.2245,4.95
ATOM,2626.0,HZ2,LYS,172.0,39.348,-25.787,29.186,0.33,0.2245,11.78
ATOM,2627.0,HZ3,LYS,172.0,40.828,-25.561,28.534,0.33,0.2245,20.46
ATOM,2628.0,N,PHE,173.0,32.737,-25.16,26.305,-0.47,1.85,0.81
ATOM,2629.0,CA,PHE,173.0,31.662,-25.984,25.782,0.07,2.275,2.45
ATOM,2630.0,C,PHE,173.0,30.776,-25.199,24.843,0.51,2.0,0.0
ATOM,2631.0,O,PHE,173.0,30.435,-25.649,23.754,-0.51,1.7,0.0
ATOM,2632.0,CB,PHE,173.0,30.83,-26.537,26.93,-0.18,2.175,0.14
ATOM,2633.0,CG,PHE,173.0,29.654,-27.317,26.497,0.0,1.9924,0.0
ATOM,2634.0,CD1,PHE,173.0,29.787,-28.612,26.033,-0.115,1.9924,1.98
ATOM,2635.0,CD2,PHE,173.0,28.401,-26.754,26.535,-0.115,1.9924,0.0
ATOM,2636.0,CE1,PHE,173.0,28.694,-29.322,25.615,-0.115,1.9924,4.77
ATOM,2637.0,CE2,PHE,173.0,27.293,-27.479,26.108,-0.115,1.9924,0.0
ATOM,2638.0,CZ,PHE,173.0,27.446,-28.74,25.662,-0.115,1.9924,0.57
ATOM,2639.0,H,PHE,173.0,32.809,-24.855,27.288,0.31,0.2245,0.0
ATOM,2640.0,HA,PHE,173.0,32.092,-26.717,25.238,0.09,1.32,2.84
ATOM,2641.0,HB2,PHE,173.0,31.419,-27.126,27.47,0.09,1.32,0.41
ATOM,2642.0,HB3,PHE,173.0,30.516,-25.766,27.471,0.09,1.32,0.0
ATOM,2643.0,HD1,PHE,173.0,30.693,-29.035,26.004,0.115,1.3582,9.02
ATOM,2644.0,HD2,PHE,173.0,28.277,-25.821,26.87,0.115,1.3582,0.0
ATOM,2645.0,HE1,PHE,173.0,28.805,-30.265,25.274,0.115,1.3582,17.28
ATOM,2646.0,HE2,PHE,173.0,26.377,-27.032,26.141,0.115,1.3582,0.0
ATOM,2647.0,HZ,PHE,173.0,26.646,-29.281,25.354,0.115,1.3582,1.23
ATOM,2648.0,N,LEU,174.0,30.441,-23.991,25.261,-0.47,1.85,0.0
ATOM,2649.0,CA,LEU,174.0,29.589,-23.136,24.429,0.07,2.275,0.0
ATOM,2650.0,C,LEU,174.0,30.286,-22.747,23.132,0.51,2.0,0.0
ATOM,2651.0,O,LEU,174.0,29.655,-22.718,22.077,-0.51,1.7,0.0
ATOM,2652.0,CB,LEU,174.0,29.115,-21.924,25.238,-0.18,2.175,0.0
ATOM,2653.0,CG,LEU,174.0,28.212,-22.293,26.413,-0.09,2.275,0.0
ATOM,2654.0,CD1,LEU,174.0,27.928,-21.029,27.182,-0.27,2.06,0.22
ATOM,2655.0,CD2,LEU,174.0,26.886,-22.961,26.012,-0.27,2.06,0.0
ATOM,2656.0,H,LEU,174.0,30.811,-23.712,26.177,0.31,0.2245,0.0
ATOM,2657.0,HA,LEU,174.0,28.751,-23.648,24.201,0.09,1.32,0.0
ATOM,2658.0,HB2,LEU,174.0,29.911,-21.472,25.603,0.09,1.32,0.0
ATOM,2659.0,HB3,LEU,174.0,28.601,-21.339,24.637,0.09,1.32,0.0
ATOM,2660.0,HG,LEU,174.0,28.685,-22.941,26.991,0.09,1.32,0.0
ATOM,2661.0,HD11,LEU,174.0,27.469,-20.363,26.588,0.09,1.32,1.26
ATOM,2662.0,HD12,LEU,174.0,27.335,-21.231,27.965,0.09,1.32,0.0
ATOM,2663.0,HD13,LEU,174.0,28.786,-20.632,27.516,0.09,1.32,0.0
ATOM,2664.0,HD21,LEU,174.0,27.082,-23.804,25.516,0.09,1.32,0.0
ATOM,2665.0,HD22,LEU,174.0,26.362,-23.167,26.836,0.09,1.32,0.0
ATOM,2666.0,HD23,LEU,174.0,26.369,-22.337,25.429,0.09,1.32,0.11
ATOM,2667.0,N,LEU,175.0,31.603,-22.515,23.176,-0.47,1.85,0.0
ATOM,2668.0,CA,LEU,175.0,32.317,-22.235,21.945,0.07,2.275,0.0
ATOM,2669.0,C,LEU,175.0,32.153,-23.376,20.962,0.51,2.0,0.0
ATOM,2670.0,O,LEU,175.0,31.963,-23.177,19.762,-0.51,1.7,0.0
ATOM,2671.0,CB,LEU,175.0,33.82,-22.056,22.174,-0.18,2.175,4.13
ATOM,2672.0,CG,LEU,175.0,34.269,-20.812,22.922,-0.09,2.275,0.0
ATOM,2673.0,CD1,LEU,175.0,35.717,-20.913,23.244,-0.27,2.06,19.61
ATOM,2674.0,CD2,LEU,175.0,33.99,-19.582,22.091,-0.27,2.06,0.08
ATOM,2675.0,H,LEU,175.0,32.028,-22.553,24.105,0.31,0.2245,0.0
ATOM,2676.0,HA,LEU,175.0,31.934,-21.4,21.532,0.09,1.32,0.0
ATOM,2677.0,HB2,LEU,175.0,34.144,-22.852,22.691,0.09,1.32,0.26
ATOM,2678.0,HB3,LEU,175.0,34.263,-22.045,21.276,0.09,1.32,0.0
ATOM,2679.0,HG,LEU,175.0,33.732,-20.732,23.764,0.09,1.32,0.0
ATOM,2680.0,HD11,LEU,175.0,36.26,-20.998,22.401,0.09,1.32,7.44
ATOM,2681.0,HD12,LEU,175.0,36.025,-20.093,23.74,0.09,1.32,0.34
ATOM,2682.0,HD13,LEU,175.0,35.894,-21.719,23.82,0.09,1.32,0.17
ATOM,2683.0,HD21,LEU,175.0,33.007,-19.514,21.903,0.09,1.32,0.0
ATOM,2684.0,HD22,LEU,175.0,34.287,-18.762,22.586,0.09,1.32,0.0
ATOM,2685.0,HD23,LEU,175.0,34.487,-19.638,21.222,0.09,1.32,0.3
ATOM,2686.0,N,ALA,176.0,32.219,-24.59,21.485,-0.47,1.85,0.07
ATOM,2687.0,CA,ALA,176.0,32.137,-25.774,20.617,0.07,2.275,2.69
ATOM,2688.0,C,ALA,176.0,30.73,-25.942,20.061,0.51,2.0,0.0
ATOM,2689.0,O,ALA,176.0,30.545,-26.265,18.884,-0.51,1.7,4.52
ATOM,2690.0,CB,ALA,176.0,32.545,-27.007,21.379,-0.27,2.06,30.23
ATOM,2691.0,H,ALA,176.0,32.328,-24.637,22.505,0.31,0.2245,0.0
ATOM,2692.0,HA,ALA,176.0,32.777,-25.652,19.85,0.09,1.32,3.17
ATOM,2693.0,HB1,ALA,176.0,33.329,-27.442,20.931,0.09,1.32,11.69
ATOM,2694.0,HB2,ALA,176.0,32.8,-26.761,22.317,0.09,1.32,0.0
ATOM,2695.0,HB3,ALA,176.0,31.784,-27.659,21.408,0.09,1.32,3.76
ATOM,2696.0,N,ARG,177.0,29.73,-25.756,20.909,-0.47,1.85,0.0
ATOM,2697.0,CA,ARG,177.0,28.345,-25.847,20.43,0.07,2.275,0.0
ATOM,2698.0,C,ARG,177.0,28.027,-24.757,19.414,0.51,2.0,0.0
ATOM,2699.0,O,ARG,177.0,27.334,-25.022,18.433,-0.51,1.7,0.0
ATOM,2700.0,CB,ARG,177.0,27.346,-25.811,21.573,-0.18,2.175,0.16
ATOM,2701.0,CG,ARG,177.0,27.487,-26.97,22.536,-0.18,2.175,0.0
ATOM,2702.0,CD,ARG,177.0,27.519,-28.311,21.869,0.2,2.175,6.0
ATOM,2703.0,NE,ARG,177.0,26.269,-28.515,21.138,-0.7,1.85,0.79
ATOM,2704.0,CZ,ARG,177.0,26.12,-29.254,20.038,0.64,2.0,1.87
ATOM,2705.0,NH1,ARG,177.0,27.149,-29.855,19.464,-0.8,1.85,14.44
ATOM,2706.0,NH2,ARG,177.0,24.92,-29.388,19.489,-0.8,1.85,13.3
ATOM,2707.0,H,ARG,177.0,29.989,-25.554,21.878,0.31,0.2245,0.0
ATOM,2708.0,HA,ARG,177.0,28.216,-26.747,19.991,0.09,1.32,0.0
ATOM,2709.0,HB2,ARG,177.0,27.481,-24.967,22.083,0.09,1.32,0.0
ATOM,2710.0,HB3,ARG,177.0,26.428,-25.837,21.19,0.09,1.32,0.0
ATOM,2711.0,HG2,ARG,177.0,28.339,-26.857,23.066,0.09,1.32,0.0
ATOM,2712.0,HG3,ARG,177.0,26.713,-26.956,23.184,0.09,1.32,0.0
ATOM,2713.0,HD2,ARG,177.0,28.273,-28.334,21.232,0.09,1.32,0.01
ATOM,2714.0,HD3,ARG,177.0,27.607,-29.01,22.562,0.09,1.32,1.73
ATOM,2715.0,HE,ARG,177.0,25.438,-28.053,21.499,0.44,0.2245,0.0
ATOM,2716.0,HH11,ARG,177.0,28.064,-29.779,19.864,0.46,0.2245,9.29
ATOM,2717.0,HH12,ARG,177.0,27.016,-30.39,18.627,0.46,0.2245,9.76
ATOM,2718.0,HH21,ARG,177.0,24.126,-28.948,19.916,0.46,0.2245,0.0
ATOM,2719.0,HH22,ARG,177.0,24.804,-29.924,18.656,0.46,0.2245,11.28
ATOM,2720.0,N,GLU,178.0,28.584,-23.557,19.599,-0.47,1.85,0.0
ATOM,2721.0,CA,GLU,178.0,28.397,-22.473,18.635,0.07,2.275,0.0
ATOM,2722.0,C,GLU,178.0,29.118,-22.749,17.304,0.51,2.0,0.0
ATOM,2723.0,O,GLU,178.0,28.667,-22.318,16.252,-0.51,1.7,0.0
ATOM,2724.0,CB,GLU,178.0,28.788,-21.131,19.253,-0.18,2.175,0.0
ATOM,2725.0,CG,GLU,178.0,27.843,-20.69,20.356,-0.28,2.175,1.29
ATOM,2726.0,CD,GLU,178.0,28.431,-19.7,21.349,0.62,2.0,0.0
ATOM,2727.0,OE1,GLU,178.0,29.656,-19.479,21.349,-0.76,1.7,0.0
ATOM,2728.0,OE2,GLU,178.0,27.646,-19.167,22.177,-0.76,1.7,0.11
ATOM,2729.0,H,GLU,178.0,29.145,-23.466,20.464,0.31,0.2245,0.0
ATOM,2730.0,HA,GLU,178.0,27.411,-22.344,18.455,0.09,1.32,0.0
ATOM,2731.0,HB2,GLU,178.0,29.68,-21.231,19.646,0.09,1.32,0.0
ATOM,2732.0,HB3,GLU,178.0,28.758,-20.455,18.545,0.09,1.32,0.0
ATOM,2733.0,HG2,GLU,178.0,27.057,-20.254,19.936,0.09,1.32,0.0
ATOM,2734.0,HG3,GLU,178.0,27.567,-21.493,20.869,0.09,1.32,0.27
ATOM,2735.0,N,THR,179.0,30.24,-23.462,17.347,-0.47,1.85,0.0
ATOM,2736.0,CA,THR,179.0,30.865,-23.949,16.117,0.07,2.275,0.0
ATOM,2737.0,C,THR,179.0,29.906,-24.894,15.378,0.51,2.0,0.0
ATOM,2738.0,O,THR,179.0,29.648,-24.737,14.194,-0.51,1.7,0.0
ATOM,2739.0,CB,THR,179.0,32.175,-24.683,16.418,0.14,2.275,1.44
ATOM,2740.0,OG1,THR,179.0,33.179,-23.72,16.802,-0.66,1.77,5.96
ATOM,2741.0,CG2,THR,179.0,32.736,-25.402,15.169,-0.27,2.06,24.4
ATOM,2742.0,H,THR,179.0,30.618,-23.636,18.29,0.31,0.2245,0.0
ATOM,2743.0,HA,THR,179.0,31.053,-23.166,15.521,0.09,1.32,2.16
ATOM,2744.0,HB,THR,179.0,32.032,-25.315,17.204,0.09,1.32,0.08
ATOM,2745.0,HG21,THR,179.0,32.667,-26.389,15.301,0.09,1.32,9.18
ATOM,2746.0,HG22,THR,179.0,32.205,-25.13,14.368,0.09,1.32,0.02
ATOM,2747.0,HG23,THR,179.0,33.692,-25.144,15.044,0.09,1.32,9.92
ATOM,2748.0,HG1,THR,179.0,32.996,-23.382,17.729,0.43,0.2245,0.0
ATOM,2749.0,N,GLN,180.0,29.338,-25.838,16.104,-0.47,1.85,0.08
ATOM,2750.0,CA,GLN,180.0,28.42,-26.798,15.493,0.07,2.275,1.31
ATOM,2751.0,C,GLN,180.0,27.247,-26.051,14.912,0.51,2.0,0.0
ATOM,2752.0,O,GLN,180.0,26.801,-26.328,13.803,-0.51,1.7,0.0
ATOM,2753.0,CB,GLN,180.0,27.907,-27.821,16.519,-0.18,2.175,0.16
ATOM,2754.0,CG,GLN,180.0,26.661,-28.617,16.046,-0.18,2.175,0.51
ATOM,2755.0,CD,GLN,180.0,26.866,-29.461,14.819,0.55,2.0,2.13
ATOM,2756.0,H,GLN,180.0,29.587,-25.843,17.106,0.31,0.2245,0.0
ATOM,2757.0,HA,GLN,180.0,28.906,-27.252,14.746,0.09,1.32,0.03
ATOM,2758.0,HB2,GLN,180.0,28.629,-28.482,16.71,0.09,1.32,6.89
ATOM,2759.0,HB3,GLN,180.0,27.655,-27.343,17.359,0.09,1.32,0.0
ATOM,2760.0,HG2,GLN,180.0,26.372,-29.208,16.811,0.09,1.32,0.0
ATOM,2761.0,HG3,GLN,180.0,25.924,-27.95,15.872,0.09,1.32,0.0
ATOM,2762.0,OE1,GLN,180.0,28.013,-29.861,14.493,-0.55,1.7,28.89
ATOM,2763.0,NE2,GLN,180.0,25.767,-29.732,14.118,-0.62,1.85,14.36
ATOM,2764.0,HE21,GLN,180.0,25.822,-30.29,13.259,0.32,0.2245,18.2
ATOM,2765.0,HE22,GLN,180.0,24.873,-29.38,14.444,0.3,0.2245,1.62
ATOM,2766.0,N,HIS,181.0,26.704,-25.117,15.683,-0.47,1.85,0.0
ATOM,2767.0,CA,HIS,181.0,25.516,-24.425,15.206,0.07,2.275,0.0
ATOM,2768.0,C,HIS,181.0,25.823,-23.527,14.009,0.51,2.0,0.0
ATOM,2769.0,O,HIS,181.0,25.069,-23.487,13.042,-0.51,1.7,0.0
ATOM,2770.0,CB,HIS,181.0,24.856,-23.641,16.338,-0.09,2.175,0.0
ATOM,2771.0,CG,HIS,181.0,24.33,-24.5,17.459,-0.05,1.8,0.0
ATOM,2772.0,H,HIS,181.0,27.163,-24.942,16.574,0.31,0.2245,0.0
ATOM,2773.0,HA,HIS,181.0,24.838,-25.115,14.914,0.09,1.32,0.0
ATOM,2774.0,HB2,HIS,181.0,25.525,-22.996,16.728,0.09,1.32,0.0
ATOM,2775.0,HB3,HIS,181.0,24.085,-23.11,15.966,0.09,1.32,0.0
ATOM,2776.0,ND1,HIS,181.0,23.927,-23.976,18.675,-0.36,1.85,0.19
ATOM,2777.0,CD2,HIS,181.0,24.161,-25.843,17.557,0.22,1.8,0.09
ATOM,2778.0,CE1,HIS,181.0,23.549,-24.965,19.467,0.25,1.8,0.09
ATOM,2779.0,NE2,HIS,181.0,23.655,-26.102,18.804,-0.7,1.85,0.86
ATOM,2780.0,HD1,HIS,181.0,23.924,-23.007,18.91,0.32,0.2245,0.39
ATOM,2781.0,HD2,HIS,181.0,24.368,-26.516,16.851,0.1,1.468,0.0
ATOM,2782.0,HE1,HIS,181.0,23.237,-24.868,20.41,0.13,0.9,0.0
ATOM,2783.0,N,GLN,182.0,26.942,-22.829,14.038,-0.47,1.85,0.0
ATOM,2784.0,CA,GLN,182.0,27.373,-22.067,12.863,0.07,2.275,0.0
ATOM,2785.0,C,GLN,182.0,27.42,-22.991,11.637,0.51,2.0,0.0
ATOM,2786.0,O,GLN,182.0,26.884,-22.682,10.563,-0.51,1.7,0.0
ATOM,2787.0,CB,GLN,182.0,28.742,-21.387,13.068,-0.18,2.175,1.56
ATOM,2788.0,CG,GLN,182.0,28.728,-20.103,13.918,-0.18,2.175,0.0
ATOM,2789.0,CD,GLN,182.0,30.059,-19.421,14.024,0.55,2.0,0.25
ATOM,2790.0,H,GLN,182.0,27.47,-22.861,14.922,0.31,0.2245,0.0
ATOM,2791.0,HA,GLN,182.0,26.69,-21.36,12.683,0.09,1.32,0.0
ATOM,2792.0,HB2,GLN,182.0,29.361,-22.042,13.514,0.09,1.32,0.02
ATOM,2793.0,HB3,GLN,182.0,29.121,-21.152,12.166,0.09,1.32,0.0
ATOM,2794.0,HG2,GLN,182.0,28.064,-19.469,13.506,0.09,1.32,0.0
ATOM,2795.0,HG3,GLN,182.0,28.406,-20.348,14.84,0.09,1.32,0.0
ATOM,2796.0,OE1,GLN,182.0,30.791,-19.303,13.031,-0.55,1.7,22.06
ATOM,2797.0,NE2,GLN,182.0,30.375,-18.924,15.218,-0.62,1.85,0.5
ATOM,2798.0,HE21,GLN,182.0,31.269,-18.458,15.373,0.32,0.2245,6.78
ATOM,2799.0,HE22,GLN,182.0,29.706,-19.016,15.981,0.3,0.2245,0.0
ATOM,2800.0,N,LEU,183.0,28.083,-24.128,11.798,-0.47,1.85,0.0
ATOM,2801.0,CA,LEU,183.0,28.256,-25.037,10.691,0.07,2.275,0.0
ATOM,2802.0,C,LEU,183.0,26.979,-25.641,10.193,0.51,2.0,0.14
ATOM,2803.0,O,LEU,183.0,26.777,-25.697,8.983,-0.51,1.7,3.06
ATOM,2804.0,CB,LEU,183.0,29.258,-26.141,11.05,-0.18,2.175,4.47
ATOM,2805.0,CG,LEU,183.0,30.694,-25.659,11.219,-0.09,2.275,0.56
ATOM,2806.0,CD1,LEU,183.0,31.497,-26.806,11.814,-0.27,2.06,23.28
ATOM,2807.0,CD2,LEU,183.0,31.209,-25.145,9.888,-0.27,2.06,25.12
ATOM,2808.0,H,LEU,183.0,28.448,-24.293,12.751,0.31,0.2245,0.0
ATOM,2809.0,HA,LEU,183.0,28.696,-24.525,9.921,0.09,1.32,0.0
ATOM,2810.0,HB2,LEU,183.0,28.972,-26.541,11.909,0.09,1.32,0.0
ATOM,2811.0,HB3,LEU,183.0,29.248,-26.808,10.321,0.09,1.32,7.04
ATOM,2812.0,HG,LEU,183.0,30.71,-24.889,11.838,0.09,1.32,0.8
ATOM,2813.0,HD11,LEU,183.0,31.464,-27.593,11.197,0.09,1.32,9.89
ATOM,2814.0,HD12,LEU,183.0,32.448,-26.52,11.938,0.09,1.32,6.58
ATOM,2815.0,HD13,LEU,183.0,31.109,-27.062,12.7,0.09,1.32,0.7
ATOM,2816.0,HD21,LEU,183.0,30.636,-24.385,9.576,0.09,1.32,0.0
ATOM,2817.0,HD22,LEU,183.0,32.153,-24.826,9.992,0.09,1.32,10.82
ATOM,2818.0,HD23,LEU,183.0,31.181,-25.881,9.209,0.09,1.32,9.9
ATOM,2819.0,N,GLN,184.0,26.096,-26.103,11.075,-0.47,1.85,0.17
ATOM,2820.0,CA,GLN,184.0,24.862,-26.734,10.616,0.07,2.275,2.97
ATOM,2821.0,C,GLN,184.0,23.978,-25.714,9.901,0.51,2.0,0.0
ATOM,2822.0,O,GLN,184.0,23.34,-26.022,8.892,-0.51,1.7,1.87
ATOM,2823.0,CB,GLN,184.0,24.115,-27.422,11.777,-0.18,2.175,6.01
ATOM,2824.0,CG,GLN,184.0,23.521,-26.407,12.765,-0.18,2.175,0.0
ATOM,2825.0,CD,GLN,184.0,22.966,-27.004,14.058,0.55,2.0,0.0
ATOM,2826.0,H,GLN,184.0,26.349,-25.981,12.063,0.31,0.2245,0.0
ATOM,2827.0,HA,GLN,184.0,25.105,-27.447,9.952,0.09,1.32,4.61
ATOM,2828.0,HB2,GLN,184.0,23.371,-27.96,11.404,0.09,1.32,2.53
ATOM,2829.0,HB3,GLN,184.0,24.754,-27.996,12.272,0.09,1.32,0.0
ATOM,2830.0,HG2,GLN,184.0,24.24,-25.743,13.006,0.09,1.32,0.0
ATOM,2831.0,HG3,GLN,184.0,22.777,-25.911,12.3,0.09,1.32,0.0
ATOM,2832.0,OE1,GLN,184.0,23.409,-28.069,14.52,-0.55,1.7,6.65
ATOM,2833.0,NE2,GLN,184.0,21.996,-26.274,14.675,-0.62,1.85,0.0
ATOM,2834.0,HE21,GLN,184.0,21.578,-26.616,15.523,0.32,0.2245,1.38
ATOM,2835.0,HE22,GLN,184.0,21.723,-25.397,14.256,0.3,0.2245,0.0
ATOM,2836.0,N,PHE,185.0,23.96,-24.478,10.384,-0.47,1.85,0.0
ATOM,2837.0,CA,PHE,185.0,23.144,-23.471,9.75,0.07,2.275,0.0
ATOM,2838.0,C,PHE,185.0,23.745,-23.061,8.434,0.51,2.0,0.0
ATOM,2839.0,O,PHE,185.0,23.011,-22.76,7.496,-0.51,1.7,0.0
ATOM,2840.0,CB,PHE,185.0,22.921,-22.292,10.7,-0.18,2.175,0.0
ATOM,2841.0,CG,PHE,185.0,22.05,-22.59,11.886,0.0,1.9924,0.0
ATOM,2842.0,CD1,PHE,185.0,20.913,-23.347,11.788,-0.115,1.9924,0.0
ATOM,2843.0,CD2,PHE,185.0,22.364,-22.058,13.127,-0.115,1.9924,0.0
ATOM,2844.0,CE1,PHE,185.0,20.1,-23.564,12.875,-0.115,1.9924,0.0
ATOM,2845.0,CE2,PHE,185.0,21.578,-22.299,14.197,-0.115,1.9924,0.0
ATOM,2846.0,CZ,PHE,185.0,20.43,-23.037,14.069,-0.115,1.9924,0.0
ATOM,2847.0,H,PHE,185.0,24.552,-24.317,11.21,0.31,0.2245,0.0
ATOM,2848.0,HA,PHE,185.0,22.253,-23.896,9.548,0.09,1.32,0.0
ATOM,2849.0,HB2,PHE,185.0,23.81,-22.003,11.037,0.09,1.32,0.0
ATOM,2850.0,HB3,PHE,185.0,22.492,-21.562,10.18,0.09,1.32,0.0
ATOM,2851.0,HD1,PHE,185.0,20.662,-23.757,10.904,0.115,1.3582,0.0
ATOM,2852.0,HD2,PHE,185.0,23.19,-21.489,13.214,0.115,1.3582,0.0
ATOM,2853.0,HE1,PHE,185.0,19.26,-24.12,12.758,0.115,1.3582,0.0
ATOM,2854.0,HE2,PHE,185.0,21.838,-21.926,15.118,0.115,1.3582,0.0
ATOM,2855.0,HZ,PHE,185.0,19.838,-23.181,14.874,0.115,1.3582,0.0
ATOM,2856.0,N,MET,186.0,25.08,-23.065,8.323,-0.47,1.85,0.0
ATOM,2857.0,CA,MET,186.0,25.712,-22.754,7.041,0.07,2.275,0.06
ATOM,2858.0,C,MET,186.0,25.364,-23.843,6.014,0.51,2.0,0.0
ATOM,2859.0,O,MET,186.0,25.137,-23.533,4.845,-0.51,1.7,0.0
ATOM,2860.0,CB,MET,186.0,27.228,-22.694,7.153,-0.18,2.175,5.34
ATOM,2861.0,CG,MET,186.0,27.738,-21.416,7.792,-0.14,2.175,3.6
ATOM,2862.0,SD,MET,186.0,29.554,-21.517,7.882,-0.09,2.0,24.47
ATOM,2863.0,CE,MET,186.0,29.891,-20.605,9.269,-0.22,2.06,15.86
ATOM,2864.0,H,MET,186.0,25.593,-23.296,9.181,0.31,0.2245,0.0
ATOM,2865.0,HA,MET,186.0,25.339,-21.889,6.707,0.09,1.32,0.0
ATOM,2866.0,HB2,MET,186.0,27.549,-23.475,7.703,0.09,1.32,0.04
ATOM,2867.0,HB3,MET,186.0,27.63,-22.771,6.232,0.09,1.32,0.84
ATOM,2868.0,HG2,MET,186.0,27.46,-20.63,7.236,0.09,1.32,4.22
ATOM,2869.0,HG3,MET,186.0,27.348,-21.321,8.711,0.09,1.32,0.0
ATOM,2870.0,HE1,MET,186.0,30.89,-20.544,9.455,0.09,1.32,11.46
ATOM,2871.0,HE2,MET,186.0,29.549,-19.649,9.193,0.09,1.32,3.51
ATOM,2872.0,HE3,MET,186.0,29.463,-21.002,10.103,0.09,1.32,0.0
ATOM,2873.0,N,LYS,187.0,25.349,-25.113,6.431,-0.47,1.85,0.47
ATOM,2874.0,CA,LYS,187.0,25.019,-26.191,5.511,0.07,2.275,1.41
ATOM,2875.0,C,LYS,187.0,23.577,-26.031,5.046,0.51,2.0,0.0
ATOM,2876.0,O,LYS,187.0,23.286,-26.138,3.847,-0.51,1.7,0.0
ATOM,2877.0,CB,LYS,187.0,25.245,-27.541,6.177,-0.18,2.175,4.28
ATOM,2878.0,CG,LYS,187.0,24.806,-28.735,5.344,-0.18,2.175,4.34
ATOM,2879.0,CD,LYS,187.0,25.591,-28.908,4.073,-0.18,2.175,2.4
ATOM,2880.0,CE,LYS,187.0,27.001,-29.331,4.31,0.21,2.175,16.95
ATOM,2881.0,NZ,LYS,187.0,27.705,-29.443,2.995,-0.3,1.85,13.48
ATOM,2882.0,H,LYS,187.0,25.584,-25.25,7.425,0.31,0.2245,0.0
ATOM,2883.0,HA,LYS,187.0,25.622,-26.138,4.714,0.09,1.32,0.0
ATOM,2884.0,HB2,LYS,187.0,26.222,-27.638,6.37,0.09,1.32,3.36
ATOM,2885.0,HB3,LYS,187.0,24.735,-27.556,7.038,0.09,1.32,0.74
ATOM,2886.0,HG2,LYS,187.0,24.899,-29.571,5.906,0.09,1.32,9.91
ATOM,2887.0,HG3,LYS,187.0,23.827,-28.627,5.116,0.09,1.32,0.0
ATOM,2888.0,HD2,LYS,187.0,25.134,-29.601,3.504,0.09,1.32,1.33
ATOM,2889.0,HD3,LYS,187.0,25.592,-28.035,3.573,0.09,1.32,0.12
ATOM,2890.0,HE2,LYS,187.0,27.47,-28.654,4.867,0.05,1.32,5.97
ATOM,2891.0,HE3,LYS,187.0,27.019,-30.219,4.758,0.05,1.32,10.29
ATOM,2892.0,HZ1,LYS,187.0,27.326,-30.213,2.485,0.33,0.2245,18.16
ATOM,2893.0,HZ2,LYS,187.0,27.573,-28.598,2.479,0.33,0.2245,7.7
ATOM,2894.0,HZ3,LYS,187.0,28.679,-29.591,3.156,0.33,0.2245,20.36
ATOM,2895.0,N,ALA,188.0,22.667,-25.754,5.982,-0.47,1.85,0.37
ATOM,2896.0,CA,ALA,188.0,21.28,-25.537,5.609,0.07,2.275,0.36
ATOM,2897.0,C,ALA,188.0,21.151,-24.362,4.652,0.51,2.0,0.0
ATOM,2898.0,O,ALA,188.0,20.432,-24.429,3.65,-0.51,1.7,0.0
ATOM,2899.0,CB,ALA,188.0,20.42,-25.321,6.849,-0.27,2.06,1.26
ATOM,2900.0,H,ALA,188.0,23.025,-25.711,6.945,0.31,0.2245,0.0
ATOM,2901.0,HA,ALA,188.0,20.932,-26.365,5.15,0.09,1.32,0.0
ATOM,2902.0,HB1,ALA,188.0,19.868,-26.137,7.017,0.09,1.32,0.06
ATOM,2903.0,HB2,ALA,188.0,21.01,-25.149,7.637,0.09,1.32,0.0
ATOM,2904.0,HB3,ALA,188.0,19.819,-24.536,6.705,0.09,1.32,0.0
ATOM,2905.0,N,GLN,189.0,21.821,-23.262,4.982,-0.47,1.85,0.0
ATOM,2906.0,CA,GLN,189.0,21.796,-22.078,4.154,0.07,2.275,0.0
ATOM,2907.0,C,GLN,189.0,22.245,-22.398,2.733,0.51,2.0,0.0
ATOM,2908.0,O,GLN,189.0,21.605,-22.005,1.755,-0.51,1.7,0.0
ATOM,2909.0,CB,GLN,189.0,22.734,-21.031,4.741,-0.18,2.175,0.0
ATOM,2910.0,CG,GLN,189.0,22.925,-19.789,3.904,-0.18,2.175,0.0
ATOM,2911.0,CD,GLN,189.0,24.058,-18.916,4.425,0.55,2.0,0.72
ATOM,2912.0,H,GLN,189.0,22.354,-23.333,5.874,0.31,0.2245,0.0
ATOM,2913.0,HA,GLN,189.0,20.846,-21.745,4.105,0.09,1.32,0.0
ATOM,2914.0,HB2,GLN,189.0,22.377,-20.75,5.643,0.09,1.32,0.0
ATOM,2915.0,HB3,GLN,189.0,23.64,-21.456,4.884,0.09,1.32,0.0
ATOM,2916.0,HG2,GLN,189.0,23.141,-20.056,2.967,0.09,1.32,0.0
ATOM,2917.0,HG3,GLN,189.0,22.083,-19.253,3.918,0.09,1.32,0.0
ATOM,2918.0,OE1,GLN,189.0,24.426,-18.997,5.611,-0.55,1.7,3.79
ATOM,2919.0,NE2,GLN,189.0,24.612,-18.069,3.55,-0.62,1.85,12.15
ATOM,2920.0,HE21,GLN,189.0,25.359,-17.45,3.832,0.32,0.2245,21.21
ATOM,2921.0,HE22,GLN,189.0,24.263,-18.063,2.594,0.3,0.2245,0.0
ATOM,2922.0,N,GLU,190.0,23.359,-23.113,2.62,-0.47,1.85,0.0
ATOM,2923.0,CA,GLU,190.0,23.891,-23.441,1.299,0.07,2.275,0.31
ATOM,2924.0,C,GLU,190.0,22.955,-24.334,0.502,0.51,2.0,0.0
ATOM,2925.0,O,GLU,190.0,22.777,-24.116,-0.688,-0.51,1.7,0.06
ATOM,2926.0,CB,GLU,190.0,25.27,-24.06,1.421,-0.18,2.175,3.39
ATOM,2927.0,CG,GLU,190.0,26.272,-23.006,1.852,-0.28,2.175,6.62
ATOM,2928.0,CD,GLU,190.0,27.672,-23.528,2.099,0.62,2.0,3.61
ATOM,2929.0,OE1,GLU,190.0,27.917,-24.748,1.96,-0.76,1.7,24.74
ATOM,2930.0,OE2,GLU,190.0,28.525,-22.679,2.481,-0.76,1.7,39.83
ATOM,2931.0,H,GLU,190.0,23.795,-23.402,3.505,0.31,0.2245,0.0
ATOM,2932.0,HA,GLU,190.0,24.061,-22.585,0.784,0.09,1.32,0.0
ATOM,2933.0,HB2,GLU,190.0,25.238,-24.738,2.113,0.09,1.32,0.0
ATOM,2934.0,HB3,GLU,190.0,25.537,-24.383,0.548,0.09,1.32,1.22
ATOM,2935.0,HG2,GLU,190.0,26.331,-22.324,1.135,0.09,1.32,3.53
ATOM,2936.0,HG3,GLU,190.0,25.953,-22.601,2.699,0.09,1.32,0.17
ATOM,2937.0,N,GLU,191.0,22.321,-25.311,1.145,-0.47,1.85,0.0
ATOM,2938.0,CA,GLU,191.0,21.359,-26.169,0.453,0.07,2.275,0.58
ATOM,2939.0,C,GLU,191.0,20.167,-25.352,-0.018,0.51,2.0,0.09
ATOM,2940.0,O,GLU,191.0,19.677,-25.542,-1.135,-0.51,1.7,4.55
ATOM,2941.0,CB,GLU,191.0,20.902,-27.308,1.35,-0.18,2.175,1.48
ATOM,2942.0,CG,GLU,191.0,22.031,-28.286,1.598,-0.28,2.175,6.84
ATOM,2943.0,CD,GLU,191.0,21.702,-29.463,2.495,0.62,2.0,2.69
ATOM,2944.0,OE1,GLU,191.0,20.689,-29.447,3.209,-0.76,1.7,1.52
ATOM,2945.0,OE2,GLU,191.0,22.484,-30.442,2.467,-0.76,1.7,20.6
ATOM,2946.0,H,GLU,191.0,22.56,-25.408,2.145,0.31,0.2245,0.0
ATOM,2947.0,HA,GLU,191.0,21.803,-26.604,-0.336,0.09,1.32,0.0
ATOM,2948.0,HB2,GLU,191.0,20.641,-26.93,2.208,0.09,1.32,0.0
ATOM,2949.0,HB3,GLU,191.0,20.189,-27.785,0.893,0.09,1.32,5.8
ATOM,2950.0,HG2,GLU,191.0,22.32,-28.656,0.719,0.09,1.32,5.14
ATOM,2951.0,HG3,GLU,191.0,22.784,-27.792,2.024,0.09,1.32,0.0
ATOM,2952.0,N,LEU,192.0,19.712,-24.429,0.827,-0.47,1.85,0.0
ATOM,2953.0,CA,LEU,192.0,18.577,-23.596,0.494,0.07,2.275,0.11
ATOM,2954.0,C,LEU,192.0,18.922,-22.621,-0.635,0.51,2.0,0.0
ATOM,2955.0,O,LEU,192.0,18.092,-22.381,-1.499,-0.51,1.7,0.0
ATOM,2956.0,CB,LEU,192.0,18.055,-22.884,1.756,-0.18,2.175,0.0
ATOM,2957.0,CG,LEU,192.0,17.319,-23.792,2.741,-0.09,2.275,0.0
ATOM,2958.0,CD1,LEU,192.0,17.272,-23.182,4.143,-0.27,2.06,0.0
ATOM,2959.0,CD2,LEU,192.0,15.925,-24.114,2.264,-0.27,2.06,7.39
ATOM,2960.0,H,LEU,192.0,20.235,-24.366,1.722,0.31,0.2245,0.0
ATOM,2961.0,HA,LEU,192.0,17.821,-24.182,0.179,0.09,1.32,0.21
ATOM,2962.0,HB2,LEU,192.0,18.834,-22.498,2.228,0.09,1.32,0.0
ATOM,2963.0,HB3,LEU,192.0,17.425,-22.181,1.466,0.09,1.32,0.0
ATOM,2964.0,HG,LEU,192.0,17.789,-24.677,2.784,0.09,1.32,0.0
ATOM,2965.0,HD11,LEU,192.0,16.796,-22.304,4.106,0.09,1.32,0.0
ATOM,2966.0,HD12,LEU,192.0,16.785,-23.802,4.757,0.09,1.32,0.0
ATOM,2967.0,HD13,LEU,192.0,18.204,-23.045,4.475,0.09,1.32,0.0
ATOM,2968.0,HD21,LEU,192.0,15.967,-24.583,1.378,0.09,1.32,0.47
ATOM,2969.0,HD22,LEU,192.0,15.466,-24.71,2.928,0.09,1.32,0.11
ATOM,2970.0,HD23,LEU,192.0,15.395,-23.268,2.162,0.09,1.32,1.12
ATOM,2971.0,N,GLU,193.0,20.135,-22.074,-0.637,-0.47,1.85,0.0
ATOM,2972.0,CA,GLU,193.0,20.605,-21.225,-1.732,0.07,2.275,0.0
ATOM,2973.0,C,GLU,193.0,20.68,-22.001,-3.044,0.51,2.0,0.2
ATOM,2974.0,O,GLU,193.0,20.357,-21.491,-4.121,-0.51,1.7,4.2
ATOM,2975.0,CB,GLU,193.0,21.986,-20.659,-1.407,-0.18,2.175,3.6
ATOM,2976.0,CG,GLU,193.0,21.936,-19.589,-0.346,-0.28,2.175,0.0
ATOM,2977.0,CD,GLU,193.0,23.261,-19.246,0.301,0.62,2.0,0.0
ATOM,2978.0,OE1,GLU,193.0,24.252,-19.983,0.114,-0.76,1.7,3.99
ATOM,2979.0,OE2,GLU,193.0,23.309,-18.232,1.031,-0.76,1.7,1.52
ATOM,2980.0,H,GLU,193.0,20.715,-22.299,0.198,0.31,0.2245,0.0
ATOM,2981.0,HA,GLU,193.0,19.981,-20.44,-1.842,0.09,1.32,0.0
ATOM,2982.0,HB2,GLU,193.0,22.537,-21.395,-1.07,0.09,1.32,0.0
ATOM,2983.0,HB3,GLU,193.0,22.344,-20.259,-2.225,0.09,1.32,0.99
ATOM,2984.0,HG2,GLU,193.0,21.585,-18.754,-0.76,0.09,1.32,0.0
ATOM,2985.0,HG3,GLU,193.0,21.324,-19.893,0.379,0.09,1.32,0.0
ATOM,2986.0,N,GLU,194.0,21.116,-23.255,-2.971,-0.47,1.85,0.02
ATOM,2987.0,CA,GLU,194.0,21.179,-24.071,-4.175,0.07,2.275,1.52
ATOM,2988.0,C,GLU,194.0,19.768,-24.311,-4.724,0.51,2.0,0.34
ATOM,2989.0,O,GLU,194.0,19.553,-24.32,-5.95,-0.51,1.7,28.57
ATOM,2990.0,CB,GLU,194.0,21.891,-25.398,-3.865,-0.18,2.175,7.24
ATOM,2991.0,CG,GLU,194.0,23.4,-25.259,-3.655,-0.28,2.175,15.47
ATOM,2992.0,CD,GLU,194.0,24.009,-26.408,-2.869,0.62,2.0,3.36
ATOM,2993.0,OE1,GLU,194.0,23.332,-27.449,-2.654,-0.76,1.7,25.06
ATOM,2994.0,OE2,GLU,194.0,25.183,-26.272,-2.455,-0.76,1.7,34.48
ATOM,2995.0,H,GLU,194.0,21.39,-23.578,-2.036,0.31,0.2245,0.0
ATOM,2996.0,HA,GLU,194.0,21.731,-23.609,-4.874,0.09,1.32,8.38
ATOM,2997.0,HB2,GLU,194.0,21.508,-25.755,-3.034,0.09,1.32,0.0
ATOM,2998.0,HB3,GLU,194.0,21.752,-25.997,-4.63,0.09,1.32,9.11
ATOM,2999.0,HG2,GLU,194.0,23.83,-25.241,-4.54,0.09,1.32,11.15
ATOM,3000.0,HG3,GLU,194.0,23.564,-24.431,-3.148,0.09,1.32,2.16
ATOM,3001.0,N,LYS,195.0,18.781,-24.416,-3.84,-0.47,1.85,0.18
ATOM,3002.0,CA,LYS,195.0,17.408,-24.666,-4.281,0.07,2.275,1.69
ATOM,3003.0,C,LYS,195.0,16.678,-23.435,-4.786,0.51,2.0,0.02
ATOM,3004.0,O,LYS,195.0,16.02,-23.485,-5.817,-0.51,1.7,25.94
ATOM,3005.0,CB,LYS,195.0,16.622,-25.298,-3.159,-0.18,2.175,1.95
ATOM,3006.0,CG,LYS,195.0,15.222,-25.638,-3.538,-0.18,2.175,3.95
ATOM,3007.0,CD,LYS,195.0,14.547,-26.413,-2.415,-0.18,2.175,9.91
ATOM,3008.0,CE,LYS,195.0,13.089,-26.685,-2.759,0.21,2.175,11.21
ATOM,3009.0,NZ,LYS,195.0,13.039,-27.959,-3.505,-0.3,1.85,13.16
ATOM,3010.0,H,LYS,195.0,19.056,-24.31,-2.853,0.31,0.2245,0.0
ATOM,3011.0,HA,LYS,195.0,17.433,-25.361,-5.03,0.09,1.32,7.73
ATOM,3012.0,HB2,LYS,195.0,17.093,-26.135,-2.879,0.09,1.32,6.15
ATOM,3013.0,HB3,LYS,195.0,16.602,-24.657,-2.39,0.09,1.32,0.0
ATOM,3014.0,HG2,LYS,195.0,14.701,-24.803,-3.702,0.09,1.32,0.04
ATOM,3015.0,HG3,LYS,195.0,15.218,-26.205,-4.359,0.09,1.32,6.29
ATOM,3016.0,HD2,LYS,195.0,15.012,-27.279,-2.298,0.09,1.32,7.34
ATOM,3017.0,HD3,LYS,195.0,14.581,-25.874,-1.585,0.09,1.32,0.01
ATOM,3018.0,HE2,LYS,195.0,12.572,-26.766,-1.922,0.05,1.32,6.05
ATOM,3019.0,HE3,LYS,195.0,12.75,-25.951,-3.326,0.05,1.32,3.57
ATOM,3020.0,HZ1,LYS,195.0,12.655,-27.801,-4.416,0.33,0.2245,19.83
ATOM,3021.0,HZ2,LYS,195.0,13.964,-28.333,-3.596,0.33,0.2245,12.07
ATOM,3022.0,HZ3,LYS,195.0,12.464,-28.615,-3.013,0.33,0.2245,20.85
ATOM,3023.0,N,TYR,196.0,16.823,-22.32,-4.077,-0.47,1.85,0.0
ATOM,3024.0,CA,TYR,196.0,16.057,-21.129,-4.368,0.07,2.275,0.49
ATOM,3025.0,C,TYR,196.0,16.829,-20.008,-5.03,0.51,2.0,1.69
ATOM,3026.0,O,TYR,196.0,16.226,-19.152,-5.674,-0.51,1.7,11.36
ATOM,3027.0,CB,TYR,196.0,15.402,-20.6,-3.094,-0.18,2.175,2.24
ATOM,3028.0,CG,TYR,196.0,14.426,-21.581,-2.49,0.0,1.9924,0.5
ATOM,3029.0,CD1,TYR,196.0,13.186,-21.801,-3.076,-0.115,1.9924,11.47
ATOM,3030.0,CD2,TYR,196.0,14.753,-22.292,-1.355,-0.115,1.9924,0.82
ATOM,3031.0,CE1,TYR,196.0,12.276,-22.682,-2.522,-0.115,1.9924,13.1
ATOM,3032.0,CE2,TYR,196.0,13.878,-23.184,-0.791,-0.115,1.9924,4.71
ATOM,3033.0,CZ,TYR,196.0,12.636,-23.395,-1.377,0.11,1.9924,0.33
ATOM,3034.0,OH,TYR,196.0,11.735,-24.262,-0.787,-0.54,1.77,16.59
ATOM,3035.0,H,TYR,196.0,17.524,-22.384,-3.31,0.31,0.2245,0.0
ATOM,3036.0,HA,TYR,196.0,15.286,-21.392,-4.994,0.09,1.32,3.34
ATOM,3037.0,HB2,TYR,196.0,16.115,-20.417,-2.428,0.09,1.32,0.0
ATOM,3038.0,HB3,TYR,196.0,14.909,-19.768,-3.318,0.09,1.32,1.73
ATOM,3039.0,HD1,TYR,196.0,12.945,-21.31,-3.919,0.115,1.3582,12.83
ATOM,3040.0,HD2,TYR,196.0,15.656,-22.152,-0.933,0.115,1.3582,0.0
ATOM,3041.0,HE1,TYR,196.0,11.376,-22.812,-2.929,0.115,1.3582,16.76
ATOM,3042.0,HE2,TYR,196.0,14.124,-23.687,0.041,0.115,1.3582,0.13
ATOM,3043.0,HH,TYR,196.0,11.169,-23.753,-0.143,0.43,0.2245,25.25
ATOM,3044.0,N,GLY,197.0,18.141,-19.98,-4.846,-0.47,1.85,0.89
ATOM,3045.0,CA,GLY,197.0,18.988,-18.94,-5.405,-0.02,2.175,10.52
ATOM,3046.0,C,GLY,197.0,19.852,-18.273,-4.354,0.51,2.0,0.0
ATOM,3047.0,O,GLY,197.0,19.537,-18.287,-3.148,-0.51,1.7,0.54
ATOM,3048.0,H,GLY,197.0,18.512,-20.768,-4.266,0.31,0.2245,0.0
ATOM,3049.0,HA2,GLY,197.0,19.583,-19.341,-6.122,0.09,1.32,9.24
ATOM,3050.0,HA3,GLY,197.0,18.408,-18.24,-5.855,0.09,1.32,1.86
ATOM,3051.0,N,ILE,198.0,20.93,-17.659,-4.815,-0.47,1.85,0.72
ATOM,3052.0,CA,ILE,198.0,21.87,-17.004,-3.941,0.07,2.275,0.0
ATOM,3053.0,C,ILE,198.0,21.373,-15.633,-3.495,0.51,2.0,0.0
ATOM,3054.0,O,ILE,198.0,21.812,-15.113,-2.469,-0.51,1.7,1.9
ATOM,3055.0,CB,ILE,198.0,23.266,-16.919,-4.64,-0.09,2.275,0.57
ATOM,3056.0,CG1,ILE,198.0,24.368,-16.568,-3.636,-0.18,2.175,2.19
ATOM,3057.0,CG2,ILE,198.0,23.262,-15.971,-5.813,-0.27,2.06,4.66
ATOM,3058.0,CD1,ILE,198.0,24.477,-17.581,-2.462,-0.27,2.06,1.36
ATOM,3059.0,H,ILE,198.0,21.034,-17.693,-5.854,0.31,0.2245,5.64
ATOM,3060.0,HA,ILE,198.0,21.932,-17.568,-3.106,0.09,1.32,0.0
ATOM,3061.0,HB,ILE,198.0,23.463,-17.817,-5.02,0.09,1.32,8.97
ATOM,3062.0,HG12,ILE,198.0,25.242,-16.548,-4.106,0.09,1.32,0.0
ATOM,3063.0,HG13,ILE,198.0,24.177,-15.674,-3.248,0.09,1.32,3.43
ATOM,3064.0,HG21,ILE,198.0,24.142,-16.013,-6.288,0.09,1.32,0.0
ATOM,3065.0,HG22,ILE,198.0,22.534,-16.223,-6.452,0.09,1.32,4.85
ATOM,3066.0,HG23,ILE,198.0,23.107,-15.035,-5.494,0.09,1.32,0.0
ATOM,3067.0,HD11,ILE,198.0,24.677,-18.476,-2.841,0.09,1.32,5.01
ATOM,3068.0,HD12,ILE,198.0,25.209,-17.283,-1.862,0.09,1.32,2.31
ATOM,3069.0,HD13,ILE,198.0,23.61,-17.591,-1.979,0.09,1.32,0.0
ATOM,3070.0,N,ILE,199.0,20.478,-15.032,-4.268,-0.47,1.85,0.0
ATOM,3071.0,CA,ILE,199.0,19.888,-13.779,-3.85,0.07,2.275,0.0
ATOM,3072.0,C,ILE,199.0,18.558,-14.075,-3.165,0.51,2.0,0.0
ATOM,3073.0,O,ILE,199.0,17.777,-14.931,-3.611,-0.51,1.7,0.38
ATOM,3074.0,CB,ILE,199.0,19.64,-12.85,-5.035,-0.09,2.275,1.99
ATOM,3075.0,CG1,ILE,199.0,20.922,-12.616,-5.823,-0.18,2.175,8.21
ATOM,3076.0,CG2,ILE,199.0,19.099,-11.541,-4.555,-0.27,2.06,23.23
ATOM,3077.0,CD1,ILE,199.0,22.071,-12.131,-5.02,-0.27,2.06,30.11
ATOM,3078.0,H,ILE,199.0,20.255,-15.517,-5.148,0.31,0.2245,1.85
ATOM,3079.0,HA,ILE,199.0,20.487,-13.399,-3.15,0.09,1.32,0.25
ATOM,3080.0,HB,ILE,199.0,18.98,-13.289,-5.643,0.09,1.32,5.44
ATOM,3081.0,HG12,ILE,199.0,21.17,-13.481,-6.277,0.09,1.32,1.63
ATOM,3082.0,HG13,ILE,199.0,20.718,-11.946,-6.549,0.09,1.32,9.78
ATOM,3083.0,HG21,ILE,199.0,18.899,-10.942,-5.334,0.09,1.32,4.1
ATOM,3084.0,HG22,ILE,199.0,18.254,-11.685,-4.034,0.09,1.32,0.0
ATOM,3085.0,HG23,ILE,199.0,19.768,-11.086,-3.963,0.09,1.32,5.52
ATOM,3086.0,HD11,ILE,199.0,22.299,-12.797,-4.304,0.09,1.32,0.37
ATOM,3087.0,HD12,ILE,199.0,22.874,-12.002,-5.608,0.09,1.32,5.25
ATOM,3088.0,HD13,ILE,199.0,21.844,-11.255,-4.585,0.09,1.32,6.17
ATOM,3089.0,N,VAL,200.0,18.312,-13.402,-2.049,-0.47,1.85,0.0
ATOM,3090.0,CA,VAL,200.0,17.057,-13.6,-1.336,0.07,2.275,0.0
ATOM,3091.0,C,VAL,200.0,16.078,-12.462,-1.593,0.51,2.0,0.0
ATOM,3092.0,O,VAL,200.0,16.464,-11.289,-1.458,-0.51,1.7,19.96
ATOM,3093.0,CB,VAL,200.0,17.308,-13.644,0.2,-0.09,2.275,1.3
ATOM,3094.0,CG1,VAL,200.0,15.982,-13.515,0.938,-0.27,2.06,6.65
ATOM,3095.0,CG2,VAL,200.0,17.996,-14.912,0.574,-0.27,2.06,0.3
ATOM,3096.0,H,VAL,200.0,19.053,-12.757,-1.745,0.31,0.2245,3.62
ATOM,3097.0,HA,VAL,200.0,16.636,-14.454,-1.673,0.09,1.32,0.39
ATOM,3098.0,HB,VAL,200.0,17.853,-12.851,0.433,0.09,1.32,5.77
ATOM,3099.0,HG11,VAL,200.0,15.233,-13.49,0.276,0.09,1.32,0.0
ATOM,3100.0,HG12,VAL,200.0,15.862,-14.299,1.547,0.09,1.32,0.0
ATOM,3101.0,HG13,VAL,200.0,15.98,-12.672,1.475,0.09,1.32,9.33
ATOM,3102.0,HG21,VAL,200.0,17.384,-15.487,1.127,0.09,1.32,0.0
ATOM,3103.0,HG22,VAL,200.0,18.259,-15.42,-0.253,0.09,1.32,0.0
ATOM,3104.0,HG23,VAL,200.0,18.823,-14.712,1.108,0.09,1.32,0.0
ATOM,3105.0,N,PRO,201.0,14.828,-12.735,-1.975,-0.29,1.85,0.0
ATOM,3106.0,CA,PRO,201.0,14.31,-14.056,-2.365,0.02,2.275,0.0
ATOM,3107.0,C,PRO,201.0,14.788,-14.336,-3.764,0.51,2.0,0.0
ATOM,3108.0,O,PRO,201.0,15.153,-13.418,-4.515,-0.51,1.7,2.31
ATOM,3109.0,CB,PRO,201.0,12.791,-13.893,-2.346,-0.18,2.175,6.5
ATOM,3110.0,CG,PRO,201.0,12.524,-12.461,-2.022,-0.18,2.175,15.71
ATOM,3111.0,CD,PRO,201.0,13.788,-11.695,-2.009,0.0,2.175,12.7
ATOM,3112.0,HA,PRO,201.0,14.612,-14.754,-1.726,0.09,1.32,0.16
ATOM,3113.0,HB2,PRO,201.0,12.396,-14.137,-3.245,0.09,1.32,0.0
ATOM,3114.0,HB3,PRO,201.0,12.377,-14.502,-1.653,0.09,1.32,1.36
ATOM,3115.0,HG2,PRO,201.0,11.862,-12.069,-2.705,0.09,1.32,2.55
ATOM,3116.0,HG3,PRO,201.0,12.043,-12.396,-1.115,0.09,1.32,12.21
ATOM,3117.0,HD2,PRO,201.0,13.894,-11.126,-2.831,0.09,1.32,4.6
ATOM,3118.0,HD3,PRO,201.0,13.864,-11.103,-1.199,0.09,1.32,8.98
ATOM,3119.0,N,GLY,202.0,14.788,-15.603,-4.123,-0.47,1.85,0.71
ATOM,3120.0,CA,GLY,202.0,15.416,-16.008,-5.364,-0.02,2.175,1.32
ATOM,3121.0,C,GLY,202.0,14.604,-15.849,-6.625,0.51,2.0,0.25
ATOM,3122.0,O,GLY,202.0,15.125,-16.114,-7.725,-0.51,1.7,23.01
ATOM,3123.0,H,GLY,202.0,14.322,-16.253,-3.471,0.31,0.2245,3.82
ATOM,3124.0,HA2,GLY,202.0,16.306,-15.489,-5.471,0.09,1.32,0.8
ATOM,3125.0,HA3,GLY,202.0,15.712,-16.997,-5.279,0.09,1.32,0.0
ATOM,3126.0,N,ASP,203.0,13.344,-15.466,-6.468,-0.47,1.85,0.09
ATOM,3127.0,CA,ASP,203.0,12.4,-15.438,-7.582,0.07,2.275,1.74
ATOM,3128.0,C,ASP,203.0,11.924,-14.027,-7.947,0.51,2.0,0.0
ATOM,3129.0,O,ASP,203.0,10.76,-13.838,-8.261,-0.51,1.7,7.68
ATOM,3130.0,CB,ASP,203.0,11.232,-16.402,-7.341,-0.28,2.175,17.71
ATOM,3131.0,CG,ASP,203.0,10.387,-16.092,-6.104,0.62,2.0,2.73
ATOM,3132.0,OD1,ASP,203.0,10.882,-15.521,-5.107,-0.76,1.7,11.97
ATOM,3133.0,OD2,ASP,203.0,9.185,-16.459,-6.048,-0.76,1.7,46.48
ATOM,3134.0,H,ASP,203.0,13.089,-15.191,-5.498,0.31,0.2245,0.0
ATOM,3135.0,HA,ASP,203.0,12.886,-15.802,-8.396,0.09,1.32,6.02
ATOM,3136.0,HB2,ASP,203.0,10.636,-16.371,-8.145,0.09,1.32,8.92
ATOM,3137.0,HB3,ASP,203.0,11.608,-17.324,-7.243,0.09,1.32,10.88
ATOM,3138.0,N,MET,204.0,12.85,-13.071,-7.967,-0.47,1.85,0.0
ATOM,3139.0,CA,MET,204.0,12.55,-11.677,-8.316,0.07,2.275,0.0
ATOM,3140.0,C,MET,204.0,13.556,-11.094,-9.344,0.51,2.0,0.37
ATOM,3141.0,O,MET,204.0,13.58,-9.888,-9.583,-0.51,1.7,0.0
ATOM,3142.0,CB,MET,204.0,12.57,-10.796,-7.053,-0.18,2.175,6.97
ATOM,3143.0,CG,MET,204.0,11.518,-11.176,-6.037,-0.14,2.175,0.76
ATOM,3144.0,SD,MET,204.0,9.862,-10.94,-6.539,-0.09,2.0,22.09
ATOM,3145.0,CE,MET,204.0,9.715,-9.162,-6.423,-0.22,2.06,30.5
ATOM,3146.0,H,MET,204.0,13.811,-13.395,-7.713,0.31,0.2245,1.09
ATOM,3147.0,HA,MET,204.0,11.635,-11.647,-8.74,0.09,1.32,0.0
ATOM,3148.0,HB2,MET,204.0,13.478,-10.871,-6.625,0.09,1.32,5.26
ATOM,3149.0,HB3,MET,204.0,12.425,-9.839,-7.329,0.09,1.32,1.12
ATOM,3150.0,HG2,MET,204.0,11.7,-12.17,-5.758,0.09,1.32,0.0
ATOM,3151.0,HG3,MET,204.0,11.733,-10.653,-5.155,0.09,1.32,3.25
ATOM,3152.0,HE1,MET,204.0,8.903,-8.925,-5.886,0.09,1.32,11.98
ATOM,3153.0,HE2,MET,204.0,10.528,-8.785,-5.976,0.09,1.32,6.66
ATOM,3154.0,HE3,MET,204.0,9.63,-8.77,-7.341,0.09,1.32,0.0
ATOM,3155.0,N,LYS,205.0,14.38,-11.922,-9.962,-0.47,1.85,1.86
ATOM,3156.0,CA,LYS,205.0,15.402,-11.369,-10.858,0.07,2.275,2.67
ATOM,3157.0,C,LYS,205.0,14.801,-10.618,-12.052,0.51,2.0,0.0
ATOM,3158.0,O,LYS,205.0,15.364,-9.625,-12.515,-0.51,1.7,2.21
ATOM,3159.0,CB,LYS,205.0,16.342,-12.475,-11.341,-0.18,2.175,8.08
ATOM,3160.0,CG,LYS,205.0,17.545,-11.933,-12.117,-0.18,2.175,3.12
ATOM,3161.0,CD,LYS,205.0,18.631,-13.016,-12.346,-0.18,2.175,14.62
ATOM,3162.0,CE,LYS,205.0,19.83,-12.48,-13.135,0.21,2.175,21.8
ATOM,3163.0,NZ,LYS,205.0,20.722,-11.604,-12.302,-0.3,1.85,2.71
ATOM,3164.0,H,LYS,205.0,14.255,-12.916,-9.776,0.31,0.2245,1.53
ATOM,3165.0,HA,LYS,205.0,15.98,-10.725,-10.332,0.09,1.32,0.55
ATOM,3166.0,HB2,LYS,205.0,16.681,-12.968,-10.55,0.09,1.32,5.86
ATOM,3167.0,HB3,LYS,205.0,15.833,-13.08,-11.941,0.09,1.32,8.13
ATOM,3168.0,HG2,LYS,205.0,17.24,-11.604,-13.01,0.09,1.32,4.94
ATOM,3169.0,HG3,LYS,205.0,17.957,-11.181,-11.605,0.09,1.32,0.0
ATOM,3170.0,HD2,LYS,205.0,18.948,-13.331,-11.458,0.09,1.32,8.06
ATOM,3171.0,HD3,LYS,205.0,18.222,-13.765,-12.856,0.09,1.32,10.6
ATOM,3172.0,HE2,LYS,205.0,20.365,-13.257,-13.478,0.05,1.32,11.81
ATOM,3173.0,HE3,LYS,205.0,19.491,-11.95,-13.917,0.05,1.32,8.39
ATOM,3174.0,HZ1,LYS,205.0,20.742,-11.955,-11.369,0.33,0.2245,6.28
ATOM,3175.0,HZ2,LYS,205.0,21.641,-11.615,-12.689,0.33,0.2245,5.25
ATOM,3176.0,HZ3,LYS,205.0,20.361,-10.674,-12.308,0.33,0.2245,1.69
ATOM,3177.0,N,GLU,206.0,13.655,-11.083,-12.538,-0.47,1.85,0.33
ATOM,3178.0,CA,GLU,206.0,12.984,-10.475,-13.679,0.07,2.275,2.86
ATOM,3179.0,C,GLU,206.0,12.222,-9.194,-13.338,0.51,2.0,0.0
ATOM,3180.0,O,GLU,206.0,11.808,-8.464,-14.235,-0.51,1.7,26.36
ATOM,3181.0,CB,GLU,206.0,12.003,-11.494,-14.284,-0.18,2.175,16.26
ATOM,3182.0,CG,GLU,206.0,10.582,-11.5,-13.707,-0.28,2.175,12.21
ATOM,3183.0,CD,GLU,206.0,10.36,-12.324,-12.424,0.62,2.0,3.34
ATOM,3184.0,OE1,GLU,206.0,11.333,-12.596,-11.647,-0.76,1.7,6.97
ATOM,3185.0,OE2,GLU,206.0,9.154,-12.662,-12.169,-0.76,1.7,32.11
ATOM,3186.0,H,GLU,206.0,13.28,-11.917,-12.034,0.31,0.2245,0.41
ATOM,3187.0,HA,GLU,206.0,13.669,-10.27,-14.406,0.09,1.32,10.02
ATOM,3188.0,HB2,GLU,206.0,11.926,-11.296,-15.253,0.09,1.32,11.09
ATOM,3189.0,HB3,GLU,206.0,12.383,-12.398,-14.139,0.09,1.32,7.58
ATOM,3190.0,HG2,GLU,206.0,10.332,-10.56,-13.494,0.09,1.32,0.0
ATOM,3191.0,HG3,GLU,206.0,9.968,-11.871,-14.398,0.09,1.32,11.09
ATOM,3192.0,N,ILE,207.0,12.028,-8.939,-12.048,-0.47,1.85,0.0
ATOM,3193.0,CA,ILE,207.0,11.27,-7.777,-11.572,0.07,2.275,0.06
ATOM,3194.0,C,ILE,207.0,12.186,-6.587,-11.267,0.51,2.0,0.0
ATOM,3195.0,O,ILE,207.0,11.857,-5.445,-11.6,-0.51,1.7,17.43
ATOM,3196.0,CB,ILE,207.0,10.51,-8.152,-10.272,-0.09,2.275,0.0
ATOM,3197.0,CG1,ILE,207.0,9.562,-9.342,-10.491,-0.18,2.175,1.27
ATOM,3198.0,CG2,ILE,207.0,9.746,-6.944,-9.709,-0.27,2.06,26.94
ATOM,3199.0,CD1,ILE,207.0,8.332,-9.02,-11.332,-0.27,2.06,32.75
ATOM,3200.0,H,ILE,207.0,12.461,-9.635,-11.4,0.31,0.2245,0.0
ATOM,3201.0,HA,ILE,207.0,10.679,-7.495,-12.336,0.09,1.32,3.27
ATOM,3202.0,HB,ILE,207.0,11.188,-8.419,-9.591,0.09,1.32,0.06
ATOM,3203.0,HG12,ILE,207.0,10.074,-10.075,-10.937,0.09,1.32,0.0
ATOM,3204.0,HG13,ILE,207.0,9.258,-9.667,-9.595,0.09,1.32,0.46
ATOM,3205.0,HG21,ILE,207.0,9.334,-7.195,-8.837,0.09,1.32,1.41
ATOM,3206.0,HG22,ILE,207.0,10.382,-6.188,-9.577,0.09,1.32,3.48
ATOM,3207.0,HG23,ILE,207.0,9.035,-6.678,-10.354,0.09,1.32,5.58
ATOM,3208.0,HD11,ILE,207.0,8.626,-8.707,-12.232,0.09,1.32,4.01
ATOM,3209.0,HD12,ILE,207.0,7.776,-9.842,-11.423,0.09,1.32,6.58
ATOM,3210.0,HD13,ILE,207.0,7.806,-8.304,-10.879,0.09,1.32,5.82
ATOM,3211.0,N,GLU,208.0,13.355,-6.857,-10.69,-0.47,1.85,0.28
ATOM,3212.0,CA,GLU,208.0,14.253,-5.785,-10.271,0.07,2.275,1.0
ATOM,3213.0,C,GLU,208.0,14.818,-5.048,-11.489,0.51,2.0,0.0
ATOM,3214.0,O,GLU,208.0,14.832,-5.589,-12.605,-0.51,1.7,6.67
ATOM,3215.0,CB,GLU,208.0,15.372,-6.347,-9.41,-0.18,2.175,9.97
ATOM,3216.0,CG,GLU,208.0,16.429,-7.098,-10.197,-0.28,2.175,0.42
ATOM,3217.0,CD,GLU,208.0,17.476,-7.764,-9.326,0.62,2.0,0.13
ATOM,3218.0,OE1,GLU,208.0,17.414,-7.647,-8.083,-0.76,1.7,28.15
ATOM,3219.0,OE2,GLU,208.0,18.376,-8.405,-9.914,-0.76,1.7,7.62
ATOM,3220.0,H,GLU,208.0,13.564,-7.862,-10.569,0.31,0.2245,0.0
ATOM,3221.0,HA,GLU,208.0,13.757,-5.133,-9.689,0.09,1.32,8.1
ATOM,3222.0,HB2,GLU,208.0,15.816,-5.593,-8.96,0.09,1.32,7.39
ATOM,3223.0,HB3,GLU,208.0,14.974,-6.978,-8.769,0.09,1.32,2.61
ATOM,3224.0,HG2,GLU,208.0,15.982,-7.807,-10.718,0.09,1.32,0.0
ATOM,3225.0,HG3,GLU,208.0,16.896,-6.456,-10.783,0.09,1.32,0.0
ATOM,3226.0,N,HIS,209.0,15.239,-3.795,-11.293,-0.47,1.85,0.41
ATOM,3227.0,CA,HIS,209.0,15.88,-3.025,-12.369,0.07,2.275,0.99
ATOM,3228.0,C,HIS,209.0,17.335,-3.491,-12.459,0.51,2.0,0.0
ATOM,3229.0,O,HIS,209.0,18.227,-2.958,-11.78,-0.51,1.7,3.49
ATOM,3230.0,CB,HIS,209.0,15.83,-1.525,-12.088,-0.09,2.175,2.45
ATOM,3231.0,CG,HIS,209.0,14.48,-0.892,-12.255,-0.05,1.8,0.48
ATOM,3232.0,H,HIS,209.0,15.079,-3.423,-10.342,0.31,0.2245,8.3
ATOM,3233.0,HA,HIS,209.0,15.428,-3.242,-13.224,0.09,1.32,0.88
ATOM,3234.0,HB2,HIS,209.0,16.14,-1.357,-11.139,0.09,1.32,4.8
ATOM,3235.0,HB3,HIS,209.0,16.476,-1.053,-12.708,0.09,1.32,0.42
ATOM,3236.0,ND1,HIS,209.0,13.625,-1.196,-13.291,-0.36,1.85,6.1
ATOM,3237.0,CD2,HIS,209.0,13.868,0.087,-11.535,0.22,1.8,20.0
ATOM,3238.0,CE1,HIS,209.0,12.536,-0.449,-13.187,0.25,1.8,26.99
ATOM,3239.0,NE2,HIS,209.0,12.659,0.334,-12.131,-0.7,1.85,30.78
ATOM,3240.0,HD1,HIS,209.0,13.798,-1.871,-14.005,0.32,0.2245,14.04
ATOM,3241.0,HD2,HIS,209.0,14.234,0.538,-10.726,0.1,1.468,15.87
ATOM,3242.0,HE1,HIS,209.0,11.754,-0.474,-13.805,0.13,0.9,17.52
ATOM,3243.0,N,SER,210.0,17.552,-4.494,-13.315,-0.47,1.85,0.53
ATOM,3244.0,CA,SER,210.0,18.826,-5.179,-13.454,0.07,2.275,0.0
ATOM,3245.0,C,SER,210.0,20.048,-4.335,-13.688,0.51,2.0,0.0
ATOM,3246.0,O,SER,210.0,21.139,-4.713,-13.292,-0.51,1.7,7.19
ATOM,3247.0,CB,SER,210.0,18.738,-6.158,-14.613,0.05,2.175,22.44
ATOM,3248.0,OG,SER,210.0,18.19,-7.346,-14.125,-0.66,1.77,10.29
ATOM,3249.0,H,SER,210.0,16.704,-4.747,-13.888,0.31,0.2245,4.98
ATOM,3250.0,HA,SER,210.0,18.979,-5.722,-12.585,0.09,1.32,0.0
ATOM,3251.0,HB2,SER,210.0,18.149,-5.78,-15.307,0.09,1.32,8.4
ATOM,3252.0,HB3,SER,210.0,19.646,-6.327,-14.957,0.09,1.32,7.99
ATOM,3253.0,HG,SER,210.0,17.314,-7.161,-13.674,0.43,0.2245,1.55
ATOM,3254.0,N,GLU,211.0,19.874,-3.206,-14.353,-0.47,1.85,1.32
ATOM,3255.0,CA,GLU,211.0,21.019,-2.373,-14.656,0.07,2.275,2.45
ATOM,3256.0,C,GLU,211.0,21.792,-1.931,-13.405,0.51,2.0,0.0
ATOM,3257.0,O,GLU,211.0,23.003,-1.653,-13.488,-0.51,1.7,12.95
ATOM,3258.0,CB,GLU,211.0,20.593,-1.173,-15.509,-0.18,2.175,11.13
ATOM,3259.0,CG,GLU,211.0,19.955,0.0,-14.805,-0.28,2.175,1.42
ATOM,3260.0,CD,GLU,211.0,19.782,1.228,-15.717,0.62,2.0,1.54
ATOM,3261.0,OE1,GLU,211.0,20.804,1.765,-16.22,-0.76,1.7,36.13
ATOM,3262.0,OE2,GLU,211.0,18.618,1.669,-15.919,-0.76,1.7,36.85
ATOM,3263.0,H,GLU,211.0,18.907,-2.987,-14.62,0.31,0.2245,3.8
ATOM,3264.0,HA,GLU,211.0,21.654,-2.871,-15.274,0.09,1.32,11.29
ATOM,3265.0,HB2,GLU,211.0,21.413,-0.837,-15.975,0.09,1.32,7.46
ATOM,3266.0,HB3,GLU,211.0,19.941,-1.51,-16.188,0.09,1.32,9.72
ATOM,3267.0,HG2,GLU,211.0,19.056,-0.259,-14.504,0.09,1.32,0.36
ATOM,3268.0,HG3,GLU,211.0,20.532,0.279,-14.06,0.09,1.32,0.0
ATOM,3269.0,N,PHE,212.0,21.111,-1.872,-12.261,-0.47,1.85,0.0
ATOM,3270.0,CA,PHE,212.0,21.738,-1.445,-11.011,0.07,2.275,0.0
ATOM,3271.0,C,PHE,212.0,22.105,-2.566,-10.051,0.51,2.0,0.2
ATOM,3272.0,O,PHE,212.0,22.531,-2.299,-8.943,-0.51,1.7,14.22
ATOM,3273.0,CB,PHE,212.0,20.782,-0.498,-10.266,-0.18,2.175,11.58
ATOM,3274.0,CG,PHE,212.0,20.376,0.705,-11.066,0.0,1.9924,0.71
ATOM,3275.0,CD1,PHE,212.0,21.297,1.672,-11.364,-0.115,1.9924,1.85
ATOM,3276.0,CD2,PHE,212.0,19.076,0.852,-11.524,-0.115,1.9924,8.03
ATOM,3277.0,CE1,PHE,212.0,20.93,2.78,-12.118,-0.115,1.9924,4.05
ATOM,3278.0,CE2,PHE,212.0,18.721,1.946,-12.287,-0.115,1.9924,7.81
ATOM,3279.0,CZ,PHE,212.0,19.646,2.903,-12.555,-0.115,1.9924,1.35
ATOM,3280.0,H,PHE,212.0,20.113,-2.151,-12.334,0.31,0.2245,0.0
ATOM,3281.0,HA,PHE,212.0,22.612,-0.98,-11.267,0.09,1.32,0.0
ATOM,3282.0,HB2,PHE,212.0,19.967,-1.011,-10.044,0.09,1.32,3.62
ATOM,3283.0,HB3,PHE,212.0,21.246,-0.186,-9.452,0.09,1.32,1.96
ATOM,3284.0,HD1,PHE,212.0,22.238,1.594,-11.047,0.115,1.3582,0.59
ATOM,3285.0,HD2,PHE,212.0,18.391,0.158,-11.299,0.115,1.3582,0.18
ATOM,3286.0,HE1,PHE,212.0,21.625,3.48,-12.329,0.115,1.3582,7.59
ATOM,3287.0,HE2,PHE,212.0,17.77,2.021,-12.637,0.115,1.3582,8.12
ATOM,3288.0,HZ,PHE,212.0,19.382,3.726,-13.09,0.115,1.3582,7.19
ATOM,3289.0,N,SER,213.0,21.94,-3.809,-10.462,-0.47,1.85,0.05
ATOM,3290.0,CA,SER,213.0,22.105,-4.938,-9.545,0.07,2.275,2.32
ATOM,3291.0,C,SER,213.0,23.521,-5.393,-9.254,0.51,2.0,0.46
ATOM,3292.0,O,SER,213.0,23.758,-6.123,-8.296,-0.51,1.7,25.35
ATOM,3293.0,CB,SER,213.0,21.323,-6.123,-10.093,0.05,2.175,3.19
ATOM,3294.0,OG,SER,213.0,21.869,-6.592,-11.332,-0.66,1.77,2.85
ATOM,3295.0,H,SER,213.0,21.691,-3.919,-11.461,0.31,0.2245,0.0
ATOM,3296.0,HA,SER,213.0,21.671,-4.669,-8.648,0.09,1.32,9.68
ATOM,3297.0,HB2,SER,213.0,21.353,-6.87,-9.433,0.09,1.32,4.92
ATOM,3298.0,HB3,SER,213.0,20.377,-5.847,-10.25,0.09,1.32,0.3
ATOM,3299.0,HG,SER,213.0,21.641,-5.944,-12.054,0.43,0.2245,0.24
ATOM,3300.0,N,HIS,214.0,24.467,-4.952,-10.074,-0.47,1.85,0.0
ATOM,3301.0,CA,HIS,214.0,25.859,-5.381,-9.933,0.07,2.275,1.92
ATOM,3302.0,C,HIS,214.0,26.829,-4.205,-9.943,0.51,2.0,0.0
ATOM,3303.0,O,HIS,214.0,28.036,-4.396,-10.148,-0.51,1.7,0.0
ATOM,3304.0,CB,HIS,214.0,26.224,-6.4,-11.029,-0.08,2.175,1.0
ATOM,3305.0,CG,HIS,214.0,25.656,-7.751,-10.776,0.22,1.8,0.0
ATOM,3306.0,H,HIS,214.0,24.144,-4.294,-10.806,0.31,0.2245,0.31
ATOM,3307.0,HA,HIS,214.0,25.954,-5.862,-9.048,0.09,1.32,0.71
ATOM,3308.0,HB2,HIS,214.0,25.878,-6.063,-11.908,0.09,1.32,4.68
ATOM,3309.0,HB3,HIS,214.0,27.223,-6.473,-11.077,0.09,1.32,0.0
ATOM,3310.0,ND1,HIS,214.0,24.311,-8.019,-10.896,-0.7,1.85,0.0
ATOM,3311.0,CD2,HIS,214.0,26.228,-8.893,-10.315,-0.05,1.8,1.61
ATOM,3312.0,CE1,HIS,214.0,24.087,-9.281,-10.569,0.25,1.8,4.35
ATOM,3313.0,NE2,HIS,214.0,25.231,-9.832,-10.214,-0.36,1.85,3.39
ATOM,3314.0,HD2,HIS,214.0,27.189,-9.024,-10.092,0.09,1.468,0.0
ATOM,3315.0,HE1,HIS,214.0,23.201,-9.738,-10.587,0.13,0.9,1.78
ATOM,3316.0,HE2,HIS,214.0,25.354,-10.782,-9.919,0.32,0.2245,0.0
ATOM,3317.0,N,VAL,215.0,26.338,-2.997,-9.68,-0.47,1.85,1.25
ATOM,3318.0,CA,VAL,215.0,27.163,-1.808,-9.679,0.07,2.275,0.0
ATOM,3319.0,C,VAL,215.0,27.519,-1.386,-8.263,0.51,2.0,0.85
ATOM,3320.0,O,VAL,215.0,26.636,-1.115,-7.449,-0.51,1.7,15.11
ATOM,3321.0,CB,VAL,215.0,26.414,-0.626,-10.321,-0.09,2.275,0.0
ATOM,3322.0,CG1,VAL,215.0,27.313,0.599,-10.39,-0.27,2.06,2.06
ATOM,3323.0,CG2,VAL,215.0,25.866,-0.979,-11.7,-0.27,2.06,12.26
ATOM,3324.0,H,VAL,215.0,25.313,-2.987,-9.476,0.31,0.2245,0.55
ATOM,3325.0,HA,VAL,215.0,28.023,-2.017,-10.165,0.09,1.32,0.0
ATOM,3326.0,HB,VAL,215.0,25.65,-0.394,-9.728,0.09,1.32,0.0
ATOM,3327.0,HG11,VAL,215.0,27.551,0.786,-11.343,0.09,1.32,4.94
ATOM,3328.0,HG12,VAL,215.0,26.833,1.388,-10.006,0.09,1.32,0.0
ATOM,3329.0,HG13,VAL,215.0,28.148,0.431,-9.866,0.09,1.32,0.0
ATOM,3330.0,HG21,VAL,215.0,25.115,-0.359,-11.923,0.09,1.32,2.0
ATOM,3331.0,HG22,VAL,215.0,26.595,-0.884,-12.377,0.09,1.32,2.2
ATOM,3332.0,HG23,VAL,215.0,25.535,-1.922,-11.69,0.09,1.32,0.23
ATOM,3333.0,N,LEU,216.0,28.802,-1.322,-7.965,-0.47,1.85,0.13
ATOM,3334.0,CA,LEU,216.0,29.246,-0.847,-6.674,0.07,2.275,2.24
ATOM,3335.0,C,LEU,216.0,29.271,0.665,-6.788,0.51,2.0,0.0
ATOM,3336.0,O,LEU,216.0,29.978,1.222,-7.663,-0.51,1.7,0.0
ATOM,3337.0,CB,LEU,216.0,30.632,-1.392,-6.353,-0.18,2.175,0.34
ATOM,3338.0,CG,LEU,216.0,30.951,-1.398,-4.852,-0.09,2.275,2.82
ATOM,3339.0,CD1,LEU,216.0,32.078,-2.338,-4.539,-0.27,2.06,7.44
ATOM,3340.0,CD2,LEU,216.0,31.263,0.005,-4.341,-0.27,2.06,7.09
ATOM,3341.0,H,LEU,216.0,29.445,-1.634,-8.718,0.31,0.2245,0.0
ATOM,3342.0,HA,LEU,216.0,28.582,-1.101,-5.988,0.09,1.32,3.53
ATOM,3343.0,HB2,LEU,216.0,30.678,-2.325,-6.666,0.09,1.32,0.0
ATOM,3344.0,HB3,LEU,216.0,31.3,-0.82,-6.793,0.09,1.32,0.0
ATOM,3345.0,HG,LEU,216.0,30.125,-1.675,-4.353,0.09,1.32,9.08
ATOM,3346.0,HD11,LEU,216.0,32.906,-2.061,-5.035,0.09,1.32,0.0
ATOM,3347.0,HD12,LEU,216.0,32.272,-2.328,-3.554,0.09,1.32,2.4
ATOM,3348.0,HD13,LEU,216.0,31.834,-3.273,-4.812,0.09,1.32,1.0
ATOM,3349.0,HD21,LEU,216.0,30.473,0.598,-4.494,0.09,1.32,0.0
ATOM,3350.0,HD22,LEU,216.0,31.466,-0.035,-3.362,0.09,1.32,4.9
ATOM,3351.0,HD23,LEU,216.0,32.055,0.369,-4.832,0.09,1.32,0.0
ATOM,3352.0,N,MET,217.0,28.484,1.352,-5.954,-0.47,1.85,0.0
ATOM,3353.0,CA,MET,217.0,28.362,2.809,-6.021,0.07,2.275,0.0
ATOM,3354.0,C,MET,217.0,29.186,3.464,-4.954,0.51,2.0,0.0
ATOM,3355.0,O,MET,217.0,28.965,3.243,-3.758,-0.51,1.7,10.1
ATOM,3356.0,CB,MET,217.0,26.905,3.223,-5.935,-0.18,2.175,0.09
ATOM,3357.0,CG,MET,217.0,26.142,2.888,-7.188,-0.14,2.175,1.07
ATOM,3358.0,SD,MET,217.0,24.436,3.423,-7.054,-0.09,2.0,16.88
ATOM,3359.0,CE,MET,217.0,23.692,2.799,-8.599,-0.22,2.06,7.59
ATOM,3360.0,H,MET,217.0,27.973,0.767,-5.263,0.31,0.2245,7.59
ATOM,3361.0,HA,MET,217.0,28.706,3.104,-6.922,0.09,1.32,0.0
ATOM,3362.0,HB2,MET,217.0,26.475,2.752,-5.159,0.09,1.32,6.12
ATOM,3363.0,HB3,MET,217.0,26.854,4.214,-5.781,0.09,1.32,0.0
ATOM,3364.0,HG2,MET,217.0,26.599,3.332,-7.983,0.09,1.32,0.0
ATOM,3365.0,HG3,MET,217.0,26.194,1.883,-7.351,0.09,1.32,0.0
ATOM,3366.0,HE1,MET,217.0,24.093,1.913,-8.811,0.09,1.32,0.0
ATOM,3367.0,HE2,MET,217.0,22.709,2.71,-8.467,0.09,1.32,4.99
ATOM,3368.0,HE3,MET,217.0,23.884,3.447,-9.33,0.09,1.32,0.48
ATOM,3369.0,N,ASN,218.0,30.152,4.269,-5.403,-0.47,1.85,0.0
ATOM,3370.0,CA,ASN,218.0,31.133,4.939,-4.566,0.07,2.275,0.0
ATOM,3371.0,C,ASN,218.0,30.624,6.209,-3.9,0.51,2.0,0.0
ATOM,3372.0,O,ASN,218.0,30.893,7.305,-4.371,-0.51,1.7,6.09
ATOM,3373.0,CB,ASN,218.0,32.331,5.322,-5.462,-0.18,2.175,0.0
ATOM,3374.0,CG,ASN,218.0,33.476,5.899,-4.705,0.55,2.0,0.0
ATOM,3375.0,H,ASN,218.0,30.14,4.38,-6.459,0.31,0.2245,0.0
ATOM,3376.0,HA,ASN,218.0,31.38,4.292,-3.818,0.09,1.32,2.09
ATOM,3377.0,HB2,ASN,218.0,32.629,4.493,-5.937,0.09,1.32,0.0
ATOM,3378.0,HB3,ASN,218.0,32.003,5.989,-6.133,0.09,1.32,0.0
ATOM,3379.0,OD1,ASN,218.0,33.88,5.345,-3.695,-0.55,1.7,1.1
ATOM,3380.0,ND2,ASN,218.0,34.099,6.968,-5.259,-0.62,1.85,3.61
ATOM,3381.0,HD22,ASN,218.0,33.763,7.317,-6.131,0.3,0.2245,0.0
ATOM,3382.0,HD21,ASN,218.0,34.868,7.383,-4.796,0.32,0.2245,2.92
ATOM,3383.0,N,PHE,219.0,29.882,6.052,-2.817,-0.47,1.85,0.0
ATOM,3384.0,CA,PHE,219.0,29.286,7.18,-2.111,0.07,2.275,0.03
ATOM,3385.0,C,PHE,219.0,30.189,7.87,-1.111,0.51,2.0,0.85
ATOM,3386.0,O,PHE,219.0,29.887,9.002,-0.735,-0.51,1.7,30.57
ATOM,3387.0,CB,PHE,219.0,27.979,6.798,-1.408,-0.18,2.175,14.12
ATOM,3388.0,CG,PHE,219.0,26.796,6.752,-2.305,0.0,1.9924,0.34
ATOM,3389.0,CD1,PHE,219.0,26.073,7.889,-2.545,-0.115,1.9924,12.47
ATOM,3390.0,CD2,PHE,219.0,26.392,5.587,-2.907,-0.115,1.9924,9.15
ATOM,3391.0,CE1,PHE,219.0,24.975,7.856,-3.369,-0.115,1.9924,12.81
ATOM,3392.0,CE2,PHE,219.0,25.299,5.562,-3.75,-0.115,1.9924,9.49
ATOM,3393.0,CZ,PHE,219.0,24.595,6.686,-3.968,-0.115,1.9924,10.15
ATOM,3394.0,H,PHE,219.0,29.759,5.061,-2.512,0.31,0.2245,3.32
ATOM,3395.0,HA,PHE,219.0,29.047,7.876,-2.823,0.09,1.32,2.63
ATOM,3396.0,HB2,PHE,219.0,28.108,5.899,-1.01,0.09,1.32,7.26
ATOM,3397.0,HB3,PHE,219.0,27.813,7.475,-0.702,0.09,1.32,5.73
ATOM,3398.0,HD1,PHE,219.0,26.342,8.754,-2.121,0.115,1.3582,12.55
ATOM,3399.0,HD2,PHE,219.0,26.899,4.735,-2.734,0.115,1.3582,3.64
ATOM,3400.0,HE1,PHE,219.0,24.447,8.709,-3.528,0.115,1.3582,18.28
ATOM,3401.0,HE2,PHE,219.0,25.043,4.68,-4.196,0.115,1.3582,2.72
ATOM,3402.0,HZ,PHE,219.0,23.785,6.682,-4.571,0.115,1.3582,12.18
ATOM,3403.0,N,SER,220.0,31.27,7.2,-0.709,-0.47,1.85,0.32
ATOM,3404.0,CA,SER,220.0,32.288,7.759,0.187,0.07,2.275,0.72
ATOM,3405.0,C,SER,220.0,33.596,7.881,-0.585,0.51,2.0,0.71
ATOM,3406.0,O,SER,220.0,33.934,7.01,-1.346,-0.51,1.7,1.06
ATOM,3407.0,CB,SER,220.0,32.534,6.863,1.413,0.05,2.175,24.42
ATOM,3408.0,OG,SER,220.0,33.507,7.462,2.236,-0.66,1.77,18.74
ATOM,3409.0,H,SER,220.0,31.333,6.224,-1.093,0.31,0.2245,3.47
ATOM,3410.0,HA,SER,220.0,31.997,8.675,0.451,0.09,1.32,4.15
ATOM,3411.0,HB2,SER,220.0,31.686,6.774,1.913,0.09,1.32,10.94
ATOM,3412.0,HB3,SER,220.0,32.861,5.985,1.099,0.09,1.32,8.62
ATOM,3413.0,HG,SER,220.0,33.233,8.399,2.456,0.43,0.2245,15.64
ATOM,3414.0,N,ASP,221.0,34.357,8.92,-0.305,-0.47,1.85,1.47
ATOM,3415.0,CA,ASP,221.0,35.495,9.244,-1.14,0.07,2.275,1.9
ATOM,3416.0,C,ASP,221.0,36.75,8.411,-0.987,0.51,2.0,0.0
ATOM,3417.0,O,ASP,221.0,37.705,8.585,-1.737,-0.51,1.7,20.88
ATOM,3418.0,CB,ASP,221.0,35.763,10.746,-1.095,-0.28,2.175,16.28
ATOM,3419.0,CG,ASP,221.0,36.335,11.222,0.189,0.62,2.0,4.32
ATOM,3420.0,OD1,ASP,221.0,36.456,10.421,1.148,-0.76,1.7,24.42
ATOM,3421.0,OD2,ASP,221.0,36.684,12.425,0.328,-0.76,1.7,48.3
ATOM,3422.0,H,ASP,221.0,34.081,9.462,0.531,0.31,0.2245,3.7
ATOM,3423.0,HA,ASP,221.0,35.184,9.136,-2.123,0.09,1.32,2.51
ATOM,3424.0,HB2,ASP,221.0,36.397,10.96,-1.842,0.09,1.32,9.07
ATOM,3425.0,HB3,ASP,221.0,34.891,11.212,-1.265,0.09,1.32,10.9
ATOM,3426.0,N,GLY,222.0,36.754,7.477,-0.054,-0.47,1.85,0.39
ATOM,3427.0,CA,GLY,222.0,37.825,6.511,-0.056,-0.02,2.175,19.59
ATOM,3428.0,C,GLY,222.0,37.747,5.688,-1.34,0.51,2.0,0.5
ATOM,3429.0,O,GLY,222.0,36.702,5.621,-2.002,-0.51,1.7,2.08
ATOM,3430.0,H,GLY,222.0,35.986,7.502,0.617,0.31,0.2245,1.75
ATOM,3431.0,HA2,GLY,222.0,38.709,6.976,-0.019,0.09,1.32,8.55
ATOM,3432.0,HA3,GLY,222.0,37.739,5.899,0.73,0.09,1.32,10.67
ATOM,3433.0,N,ASP,223.0,38.844,5.052,-1.735,-0.47,1.85,0.42
ATOM,3434.0,CA,ASP,223.0,38.779,4.226,-2.93,0.07,2.275,0.0
ATOM,3435.0,C,ASP,223.0,39.054,2.752,-2.667,0.51,2.0,0.0
ATOM,3436.0,O,ASP,223.0,39.254,1.985,-3.618,-0.51,1.7,5.3
ATOM,3437.0,CB,ASP,223.0,39.679,4.76,-4.042,-0.28,2.175,9.55
ATOM,3438.0,CG,ASP,223.0,41.103,4.865,-3.62,0.62,2.0,4.34
ATOM,3439.0,OD1,ASP,223.0,41.452,4.251,-2.588,-0.76,1.7,24.42
ATOM,3440.0,OD2,ASP,223.0,41.951,5.56,-4.248,-0.76,1.7,49.35
ATOM,3441.0,H,ASP,223.0,39.676,5.188,-1.163,0.31,0.2245,6.14
ATOM,3442.0,HA,ASP,223.0,37.829,4.29,-3.288,0.09,1.32,0.0
ATOM,3443.0,HB2,ASP,223.0,39.607,4.135,-4.814,0.09,1.32,0.1
ATOM,3444.0,HB3,ASP,223.0,39.341,5.661,-4.297,0.09,1.32,8.14
ATOM,3445.0,N,GLY,224.0,39.026,2.346,-1.394,-0.47,1.85,1.05
ATOM,3446.0,CA,GLY,224.0,39.231,0.959,-1.06,-0.02,2.175,21.64
ATOM,3447.0,C,GLY,224.0,38.295,0.042,-1.817,0.51,2.0,1.89
ATOM,3448.0,O,GLY,224.0,38.686,-1.028,-2.277,-0.51,1.7,7.66
ATOM,3449.0,H,GLY,224.0,38.85,3.096,-0.704,0.31,0.2245,5.64
ATOM,3450.0,HA2,GLY,224.0,40.191,0.698,-1.265,0.09,1.32,11.15
ATOM,3451.0,HA3,GLY,224.0,39.094,0.825,-0.063,0.09,1.32,12.4
ATOM,3452.0,N,SER,225.0,37.04,0.455,-1.97,-0.47,1.85,2.81
ATOM,3453.0,CA,SER,225.0,36.051,-0.409,-2.576,0.07,2.275,1.44
ATOM,3454.0,C,SER,225.0,36.218,-0.615,-4.079,0.51,2.0,0.0
ATOM,3455.0,O,SER,225.0,35.61,-1.522,-4.664,-0.51,1.7,0.0
ATOM,3456.0,CB,SER,225.0,34.643,0.067,-2.227,0.05,2.175,12.81
ATOM,3457.0,OG,SER,225.0,34.29,1.171,-2.995,-0.66,1.77,2.08
ATOM,3458.0,H,SER,225.0,36.848,1.411,-1.629,0.31,0.2245,3.26
ATOM,3459.0,HA,SER,225.0,36.118,-1.328,-2.133,0.09,1.32,0.68
ATOM,3460.0,HB2,SER,225.0,34.005,-0.681,-2.4,0.09,1.32,0.1
ATOM,3461.0,HB3,SER,225.0,34.624,0.311,-1.259,0.09,1.32,10.68
ATOM,3462.0,HG,SER,225.0,34.809,1.978,-2.7,0.43,0.2245,3.05
ATOM,3463.0,N,LYS,226.0,37.07,0.202,-4.709,-0.47,1.85,0.0
ATOM,3464.0,CA,LYS,226.0,37.337,-0.006,-6.131,0.07,2.275,0.0
ATOM,3465.0,C,LYS,226.0,37.978,-1.386,-6.363,0.51,2.0,0.38
ATOM,3466.0,O,LYS,226.0,37.902,-1.941,-7.474,-0.51,1.7,3.54
ATOM,3467.0,CB,LYS,226.0,38.206,1.109,-6.694,-0.18,2.175,0.27
ATOM,3468.0,CG,LYS,226.0,38.182,1.125,-8.206,-0.18,2.175,1.5
ATOM,3469.0,CD,LYS,226.0,38.827,2.375,-8.795,-0.18,2.175,9.93
ATOM,3470.0,CE,LYS,226.0,39.203,2.166,-10.285,0.21,2.175,20.34
ATOM,3471.0,NZ,LYS,226.0,38.074,2.377,-11.216,-0.3,1.85,6.24
ATOM,3472.0,H,LYS,226.0,37.488,0.936,-4.139,0.31,0.2245,0.0
ATOM,3473.0,HA,LYS,226.0,36.471,0.03,-6.637,0.09,1.32,0.0
ATOM,3474.0,HB2,LYS,226.0,37.858,1.975,-6.364,0.09,1.32,0.0
ATOM,3475.0,HB3,LYS,226.0,39.138,0.961,-6.394,0.09,1.32,5.91
ATOM,3476.0,HG2,LYS,226.0,38.674,0.318,-8.554,0.09,1.32,2.64
ATOM,3477.0,HG3,LYS,226.0,37.228,1.078,-8.523,0.09,1.32,0.0
ATOM,3478.0,HD2,LYS,226.0,38.186,3.128,-8.746,0.09,1.32,0.0
ATOM,3479.0,HD3,LYS,226.0,39.658,2.581,-8.298,0.09,1.32,7.76
ATOM,3480.0,HE2,LYS,226.0,39.952,2.805,-10.507,0.05,1.32,11.98
ATOM,3481.0,HE3,LYS,226.0,39.556,1.226,-10.386,0.05,1.32,6.55
ATOM,3482.0,HZ1,LYS,226.0,37.3,1.805,-10.941,0.33,0.2245,0.0
ATOM,3483.0,HZ2,LYS,226.0,37.798,3.339,-11.197,0.33,0.2245,11.15
ATOM,3484.0,HZ3,LYS,226.0,38.354,2.131,-12.145,0.33,0.2245,14.98
ATOM,3485.0,N,ALA,227.0,38.558,-1.97,-5.318,-0.47,1.85,1.59
ATOM,3486.0,CA,ALA,227.0,39.146,-3.306,-5.433,0.07,2.275,3.18
ATOM,3487.0,C,ALA,227.0,38.126,-4.388,-5.793,0.51,2.0,0.0
ATOM,3488.0,O,ALA,227.0,38.496,-5.468,-6.232,-0.51,1.7,10.71
ATOM,3489.0,CB,ALA,227.0,39.897,-3.662,-4.183,-0.27,2.06,32.4
ATOM,3490.0,H,ALA,227.0,38.558,-1.417,-4.446,0.31,0.2245,0.0
ATOM,3491.0,HA,ALA,227.0,39.858,-3.284,-6.158,0.09,1.32,10.97
ATOM,3492.0,HB1,ALA,227.0,40.661,-4.274,-4.403,0.09,1.32,11.39
ATOM,3493.0,HB2,ALA,227.0,40.26,-2.832,-3.751,0.09,1.32,4.99
ATOM,3494.0,HB3,ALA,227.0,39.287,-4.125,-3.535,0.09,1.32,7.21
ATOM,3495.0,N,PHE,228.0,36.829,-4.126,-5.548,-0.47,1.85,0.11
ATOM,3496.0,CA,PHE,228.0,35.813,-5.058,-5.956,0.07,2.275,0.04
ATOM,3497.0,C,PHE,228.0,35.553,-5.035,-7.465,0.51,2.0,0.0
ATOM,3498.0,O,PHE,228.0,34.952,-5.952,-7.994,-0.51,1.7,0.0
ATOM,3499.0,CB,PHE,228.0,34.491,-4.715,-5.264,-0.18,2.175,0.0
ATOM,3500.0,CG,PHE,228.0,34.417,-5.099,-3.787,0.0,1.9924,0.0
ATOM,3501.0,CD1,PHE,228.0,34.123,-6.385,-3.405,-0.115,1.9924,2.24
ATOM,3502.0,CD2,PHE,228.0,34.673,-4.172,-2.826,-0.115,1.9924,0.44
ATOM,3503.0,CE1,PHE,228.0,34.053,-6.752,-2.055,-0.115,1.9924,16.87
ATOM,3504.0,CE2,PHE,228.0,34.588,-4.507,-1.463,-0.115,1.9924,14.76
ATOM,3505.0,CZ,PHE,228.0,34.288,-5.806,-1.076,-0.115,1.9924,21.67
ATOM,3506.0,H,PHE,228.0,36.655,-3.234,-5.063,0.31,0.2245,0.0
ATOM,3507.0,HA,PHE,228.0,36.15,-5.991,-5.741,0.09,1.32,0.0
ATOM,3508.0,HB2,PHE,228.0,34.358,-3.735,-5.321,0.09,1.32,0.0
ATOM,3509.0,HB3,PHE,228.0,33.764,-5.199,-5.731,0.09,1.32,0.0
ATOM,3510.0,HD1,PHE,228.0,33.953,-7.09,-4.097,0.115,1.3582,0.44
ATOM,3511.0,HD2,PHE,228.0,34.928,-3.234,-3.071,0.115,1.3582,0.0
ATOM,3512.0,HE1,PHE,228.0,33.831,-7.701,-1.816,0.115,1.3582,17.52
ATOM,3513.0,HE2,PHE,228.0,34.747,-3.786,-0.769,0.115,1.3582,11.58
ATOM,3514.0,HZ,PHE,228.0,34.244,-6.051,-0.116,0.115,1.3582,17.84
ATOM,3515.0,N,GLU,229.0,35.909,-3.938,-8.128,-0.47,1.85,0.0
ATOM,3516.0,CA,GLU,229.0,35.627,-3.796,-9.548,0.07,2.275,0.0
ATOM,3517.0,C,GLU,229.0,36.247,-4.947,-10.325,0.51,2.0,0.0
ATOM,3518.0,O,GLU,229.0,37.425,-5.208,-10.194,-0.51,1.7,17.58
ATOM,3519.0,CB,GLU,229.0,36.158,-2.477,-10.083,-0.18,2.175,0.14
ATOM,3520.0,CG,GLU,229.0,35.811,-2.233,-11.55,-0.28,2.175,8.74
ATOM,3521.0,CD,GLU,229.0,36.316,-0.894,-12.037,0.62,2.0,3.29
ATOM,3522.0,OE1,GLU,229.0,37.293,-0.409,-11.462,-0.76,1.7,7.94
ATOM,3523.0,OE2,GLU,229.0,35.741,-0.33,-12.987,-0.76,1.7,29.03
ATOM,3524.0,H,GLU,229.0,36.389,-3.219,-7.56,0.31,0.2245,0.0
ATOM,3525.0,HA,GLU,229.0,34.633,-3.786,-9.698,0.09,1.32,0.0
ATOM,3526.0,HB2,GLU,229.0,35.753,-1.75,-9.562,0.09,1.32,0.0
ATOM,3527.0,HB3,GLU,229.0,37.137,-2.489,-10.012,0.09,1.32,2.62
ATOM,3528.0,HG2,GLU,229.0,36.243,-2.931,-12.084,0.09,1.32,4.54
ATOM,3529.0,HG3,GLU,229.0,34.835,-2.236,-11.638,0.09,1.32,0.0
ATOM,3530.0,N,GLY,230.0,35.448,-5.604,-11.16,-0.47,1.85,0.13
ATOM,3531.0,CA,GLY,230.0,35.918,-6.742,-11.953,-0.02,2.175,10.83
ATOM,3532.0,C,GLY,230.0,35.912,-8.09,-11.254,0.51,2.0,1.58
ATOM,3533.0,O,GLY,230.0,36.116,-9.128,-11.898,-0.51,1.7,11.13
ATOM,3534.0,H,GLY,230.0,34.472,-5.246,-11.202,0.31,0.2245,0.0
ATOM,3535.0,HA2,GLY,230.0,35.348,-6.805,-12.807,0.09,1.32,3.08
ATOM,3536.0,HA3,GLY,230.0,36.871,-6.541,-12.284,0.09,1.32,9.89
ATOM,3537.0,N,GLN,231.0,35.729,-8.108,-9.932,-0.47,1.85,0.2
ATOM,3538.0,CA,GLN,231.0,35.657,-9.381,-9.229,0.07,2.275,0.52
ATOM,3539.0,C,GLN,231.0,34.328,-10.043,-9.557,0.51,2.0,0.0
ATOM,3540.0,O,GLN,231.0,33.324,-9.375,-9.79,-0.51,1.7,0.0
ATOM,3541.0,CB,GLN,231.0,35.786,-9.211,-7.706,-0.18,2.175,1.82
ATOM,3542.0,CG,GLN,231.0,37.142,-8.759,-7.255,-0.18,2.175,7.53
ATOM,3543.0,CD,GLN,231.0,37.313,-8.844,-5.754,0.55,2.0,0.47
ATOM,3544.0,H,GLN,231.0,35.648,-7.19,-9.483,0.31,0.2245,0.0
ATOM,3545.0,HA,GLN,231.0,36.387,-9.969,-9.574,0.09,1.32,5.29
ATOM,3546.0,HB2,GLN,231.0,35.105,-8.537,-7.408,0.09,1.32,0.0
ATOM,3547.0,HB3,GLN,231.0,35.58,-10.094,-7.275,0.09,1.32,4.71
ATOM,3548.0,HG2,GLN,231.0,37.841,-9.334,-7.684,0.09,1.32,6.73
ATOM,3549.0,HG3,GLN,231.0,37.282,-7.807,-7.535,0.09,1.32,0.0
ATOM,3550.0,OE1,GLN,231.0,36.619,-8.153,-5.017,-0.55,1.7,8.92
ATOM,3551.0,NE2,GLN,231.0,38.199,-9.716,-5.3,-0.62,1.85,26.44
ATOM,3552.0,HE21,GLN,231.0,38.377,-9.818,-4.305,0.32,0.2245,22.15
ATOM,3553.0,HE22,GLN,231.0,38.709,-10.294,-5.971,0.3,0.2245,17.4
ATOM,3554.0,N,VAL,232.0,34.336,-11.364,-9.589,-0.47,1.85,0.0
ATOM,3555.0,CA,VAL,232.0,33.146,-12.151,-9.875,0.07,2.275,0.0
ATOM,3556.0,C,VAL,232.0,32.294,-12.345,-8.623,0.51,2.0,0.0
ATOM,3557.0,O,VAL,232.0,32.745,-12.936,-7.63,-0.51,1.7,22.08
ATOM,3558.0,CB,VAL,232.0,33.509,-13.523,-10.466,-0.09,2.275,2.26
ATOM,3559.0,CG1,VAL,232.0,32.259,-14.313,-10.763,-0.27,2.06,8.74
ATOM,3560.0,CG2,VAL,232.0,34.333,-13.329,-11.748,-0.27,2.06,18.96
ATOM,3561.0,H,VAL,232.0,35.269,-11.797,-9.392,0.31,0.2245,7.69
ATOM,3562.0,HA,VAL,232.0,32.591,-11.65,-10.551,0.09,1.32,0.0
ATOM,3563.0,HB,VAL,232.0,34.019,-14.024,-9.772,0.09,1.32,8.48
ATOM,3564.0,HG11,VAL,232.0,31.455,-13.818,-10.427,0.09,1.32,0.0
ATOM,3565.0,HG12,VAL,232.0,32.169,-14.45,-11.752,0.09,1.32,1.8
ATOM,3566.0,HG13,VAL,232.0,32.305,-15.207,-10.312,0.09,1.32,10.63
ATOM,3567.0,HG21,VAL,232.0,34.149,-12.42,-12.116,0.09,1.32,0.0
ATOM,3568.0,HG22,VAL,232.0,35.301,-13.419,-11.526,0.09,1.32,9.91
ATOM,3569.0,HG23,VAL,232.0,34.068,-14.026,-12.411,0.09,1.32,8.17
ATOM,3570.0,N,ALA,233.0,31.068,-11.844,-8.688,-0.47,1.85,0.0
ATOM,3571.0,CA,ALA,233.0,30.128,-11.979,-7.588,0.07,2.275,0.0
ATOM,3572.0,C,ALA,233.0,29.625,-13.41,-7.489,0.51,2.0,0.0
ATOM,3573.0,O,ALA,233.0,29.772,-14.225,-8.424,-0.51,1.7,2.33
ATOM,3574.0,CB,ALA,233.0,28.967,-11.022,-7.737,-0.27,2.06,3.35
ATOM,3575.0,H,ALA,233.0,30.843,-11.355,-9.578,0.31,0.2245,0.0
ATOM,3576.0,HA,ALA,233.0,30.596,-11.743,-6.728,0.09,1.32,3.05
ATOM,3577.0,HB1,ALA,233.0,28.643,-11.027,-8.684,0.09,1.32,0.0
ATOM,3578.0,HB2,ALA,233.0,28.219,-11.3,-7.132,0.09,1.32,4.8
ATOM,3579.0,HB3,ALA,233.0,29.258,-10.095,-7.495,0.09,1.32,0.0
ATOM,3580.0,N,LYS,234.0,28.99,-13.733,-6.376,-0.47,1.85,2.23
ATOM,3581.0,CA,LYS,234.0,28.618,-15.112,-6.107,0.07,2.275,2.14
ATOM,3582.0,C,LYS,234.0,27.62,-15.685,-7.117,0.51,2.0,0.0
ATOM,3583.0,O,LYS,234.0,27.494,-16.911,-7.258,-0.51,1.7,21.32
ATOM,3584.0,CB,LYS,234.0,28.103,-15.261,-4.683,-0.18,2.175,9.22
ATOM,3585.0,CG,LYS,234.0,28.099,-16.71,-4.2,-0.18,2.175,3.45
ATOM,3586.0,CD,LYS,234.0,28.234,-16.832,-2.687,-0.18,2.175,12.4
ATOM,3587.0,CE,LYS,234.0,28.236,-18.283,-2.215,0.21,2.175,8.66
ATOM,3588.0,NZ,LYS,234.0,29.498,-18.985,-2.552,-0.3,1.85,13.95
ATOM,3589.0,H,LYS,234.0,28.788,-12.947,-5.736,0.31,0.2245,7.3
ATOM,3590.0,HA,LYS,234.0,29.457,-15.689,-6.126,0.09,1.32,8.22
ATOM,3591.0,HB2,LYS,234.0,28.689,-14.735,-4.077,0.09,1.32,7.29
ATOM,3592.0,HB3,LYS,234.0,27.17,-14.92,-4.646,0.09,1.32,2.69
ATOM,3593.0,HG2,LYS,234.0,27.237,-17.144,-4.484,0.09,1.32,0.93
ATOM,3594.0,HG3,LYS,234.0,28.863,-17.199,-4.634,0.09,1.32,2.77
ATOM,3595.0,HD2,LYS,234.0,29.093,-16.407,-2.405,0.09,1.32,9.66
ATOM,3596.0,HD3,LYS,234.0,27.467,-16.361,-2.256,0.09,1.32,3.55
ATOM,3597.0,HE2,LYS,234.0,28.103,-18.297,-1.218,0.05,1.32,10.61
ATOM,3598.0,HE3,LYS,234.0,27.463,-18.762,-2.646,0.05,1.32,3.97
ATOM,3599.0,HZ1,LYS,234.0,29.311,-19.957,-2.698,0.33,0.2245,20.52
ATOM,3600.0,HZ2,LYS,234.0,29.886,-18.592,-3.386,0.33,0.2245,11.3
ATOM,3601.0,HZ3,LYS,234.0,30.15,-18.88,-1.8,0.33,0.2245,19.87
ATOM,3602.0,N,ASP,235.0,26.915,-14.813,-7.835,-0.47,1.85,0.19
ATOM,3603.0,CA,ASP,235.0,25.971,-15.264,-8.863,0.07,2.275,1.73
ATOM,3604.0,C,ASP,235.0,26.628,-15.427,-10.24,0.51,2.0,1.79
ATOM,3605.0,O,ASP,235.0,25.938,-15.684,-11.229,-0.51,1.7,26.37
ATOM,3606.0,CB,ASP,235.0,24.743,-14.371,-8.935,-0.28,2.175,4.78
ATOM,3607.0,CG,ASP,235.0,25.033,-12.961,-9.432,0.62,2.0,1.54
ATOM,3608.0,OD1,ASP,235.0,26.21,-12.563,-9.559,-0.76,1.7,0.0
ATOM,3609.0,OD2,ASP,235.0,24.096,-12.19,-9.734,-0.76,1.7,2.93
ATOM,3610.0,H,ASP,235.0,27.085,-13.819,-7.612,0.31,0.2245,1.17
ATOM,3611.0,HA,ASP,235.0,25.643,-16.18,-8.585,0.09,1.32,4.67
ATOM,3612.0,HB2,ASP,235.0,24.085,-14.794,-9.556,0.09,1.32,9.15
ATOM,3613.0,HB3,ASP,235.0,24.348,-14.307,-8.02,0.09,1.32,0.0
ATOM,3614.0,N,GLY,236.0,27.941,-15.24,-10.313,-0.47,1.85,0.45
ATOM,3615.0,CA,GLY,236.0,28.681,-15.452,-11.543,-0.02,2.175,15.86
ATOM,3616.0,C,GLY,236.0,28.886,-14.223,-12.418,0.51,2.0,1.62
ATOM,3617.0,O,GLY,236.0,29.559,-14.296,-13.444,-0.51,1.7,25.64
ATOM,3618.0,H,GLY,236.0,28.384,-14.932,-9.421,0.31,0.2245,0.0
ATOM,3619.0,HA2,GLY,236.0,29.602,-15.852,-11.316,0.09,1.32,3.84
ATOM,3620.0,HA3,GLY,236.0,28.207,-16.177,-12.099,0.09,1.32,9.61
ATOM,3621.0,N,GLU,237.0,28.298,-13.101,-12.039,-0.47,1.85,0.14
ATOM,3622.0,CA,GLU,237.0,28.423,-11.867,-12.793,0.07,2.275,1.26
ATOM,3623.0,C,GLU,237.0,29.432,-10.956,-12.102,0.51,2.0,0.0
ATOM,3624.0,O,GLU,237.0,29.521,-10.938,-10.895,-0.51,1.7,0.0
ATOM,3625.0,CB,GLU,237.0,27.07,-11.167,-12.9,-0.18,2.175,1.56
ATOM,3626.0,CG,GLU,237.0,27.14,-9.888,-13.702,-0.28,2.175,7.82
ATOM,3627.0,CD,GLU,237.0,25.789,-9.205,-13.888,0.62,2.0,2.41
ATOM,3628.0,OE1,GLU,237.0,24.72,-9.848,-13.706,-0.76,1.7,16.83
ATOM,3629.0,OE2,GLU,237.0,25.812,-8.012,-14.274,-0.76,1.7,30.75
ATOM,3630.0,H,GLU,237.0,27.741,-13.179,-11.158,0.31,0.2245,0.0
ATOM,3631.0,HA,GLU,237.0,28.735,-12.064,-13.723,0.09,1.32,4.0
ATOM,3632.0,HB2,GLU,237.0,26.455,-11.776,-13.357,0.09,1.32,7.79
ATOM,3633.0,HB3,GLU,237.0,26.779,-10.939,-11.994,0.09,1.32,0.0
ATOM,3634.0,HG2,GLU,237.0,27.726,-9.251,-13.228,0.09,1.32,0.0
ATOM,3635.0,HG3,GLU,237.0,27.486,-10.098,-14.602,0.09,1.32,9.2
ATOM,3636.0,N,LYS,238.0,30.218,-10.213,-12.868,-0.47,1.85,0.0
ATOM,3637.0,CA,LYS,238.0,31.209,-9.344,-12.278,0.07,2.275,0.0
ATOM,3638.0,C,LYS,238.0,30.602,-8.065,-11.739,0.51,2.0,0.0
ATOM,3639.0,O,LYS,238.0,29.588,-7.555,-12.248,-0.51,1.7,1.88
ATOM,3640.0,CB,LYS,238.0,32.252,-8.952,-13.321,-0.18,2.175,2.36
ATOM,3641.0,CG,LYS,238.0,33.107,-10.087,-13.742,-0.18,2.175,0.41
ATOM,3642.0,CD,LYS,238.0,34.066,-9.619,-14.828,-0.18,2.175,8.58
ATOM,3643.0,CE,LYS,238.0,35.042,-10.717,-15.229,0.21,2.175,12.48
ATOM,3644.0,NZ,LYS,238.0,36.011,-10.151,-16.237,-0.3,1.85,14.11
ATOM,3645.0,H,LYS,238.0,30.061,-10.311,-13.885,0.31,0.2245,5.32
ATOM,3646.0,HA,LYS,238.0,31.664,-9.833,-11.513,0.09,1.32,0.0
ATOM,3647.0,HB2,LYS,238.0,31.767,-8.591,-14.115,0.09,1.32,7.57
ATOM,3648.0,HB3,LYS,238.0,32.824,-8.236,-12.924,0.09,1.32,0.0
ATOM,3649.0,HG2,LYS,238.0,33.644,-10.418,-12.972,0.09,1.32,0.0
ATOM,3650.0,HG3,LYS,238.0,32.548,-10.822,-14.113,0.09,1.32,3.96
ATOM,3651.0,HD2,LYS,238.0,33.539,-9.355,-15.63,0.09,1.32,9.68
ATOM,3652.0,HD3,LYS,238.0,34.586,-8.843,-14.486,0.09,1.32,0.19
ATOM,3653.0,HE2,LYS,238.0,35.545,-11.016,-14.434,0.05,1.32,2.3
ATOM,3654.0,HE3,LYS,238.0,34.545,-11.462,-15.645,0.05,1.32,10.3
ATOM,3655.0,HZ1,LYS,238.0,36.806,-10.749,-16.289,0.33,0.2245,20.11
ATOM,3656.0,HZ2,LYS,238.0,35.56,-10.103,-17.124,0.33,0.2245,18.85
ATOM,3657.0,HZ3,LYS,238.0,36.286,-9.24,-15.942,0.33,0.2245,13.25
ATOM,3658.0,N,PHE,239.0,31.243,-7.541,-10.71,-0.47,1.85,0.0
ATOM,3659.0,CA,PHE,239.0,30.912,-6.201,-10.247,0.07,2.275,0.0
ATOM,3660.0,C,PHE,239.0,31.448,-5.138,-11.192,0.51,2.0,0.0
ATOM,3661.0,O,PHE,239.0,32.586,-5.252,-11.696,-0.51,1.7,2.05
ATOM,3662.0,CB,PHE,239.0,31.528,-5.906,-8.881,-0.18,2.175,0.0
ATOM,3663.0,CG,PHE,239.0,31.006,-6.765,-7.771,0.0,1.9924,0.0
ATOM,3664.0,CD1,PHE,239.0,29.686,-6.671,-7.356,-0.115,1.9924,2.54
ATOM,3665.0,CD2,PHE,239.0,31.851,-7.642,-7.122,-0.115,1.9924,0.0
ATOM,3666.0,CE1,PHE,239.0,29.246,-7.454,-6.304,-0.115,1.9924,10.34
ATOM,3667.0,CE2,PHE,239.0,31.399,-8.416,-6.104,-0.115,1.9924,0.88
ATOM,3668.0,CZ,PHE,239.0,30.095,-8.335,-5.711,-0.115,1.9924,8.2
ATOM,3669.0,H,PHE,239.0,31.966,-8.136,-10.282,0.31,0.2245,0.0
ATOM,3670.0,HA,PHE,239.0,29.906,-6.124,-10.262,0.09,1.32,0.0
ATOM,3671.0,HB2,PHE,239.0,32.506,-6.055,-8.952,0.09,1.32,0.0
ATOM,3672.0,HB3,PHE,239.0,31.33,-4.96,-8.658,0.09,1.32,0.0
ATOM,3673.0,HD1,PHE,239.0,29.062,-6.051,-7.807,0.115,1.3582,0.64
ATOM,3674.0,HD2,PHE,239.0,32.813,-7.701,-7.416,0.115,1.3582,0.0
ATOM,3675.0,HE1,PHE,239.0,28.289,-7.357,-5.987,0.115,1.3582,16.63
ATOM,3676.0,HE2,PHE,239.0,32.038,-9.059,-5.631,0.115,1.3582,8.3
ATOM,3677.0,HZ,PHE,239.0,29.754,-8.937,-4.97,0.115,1.3582,14.61
ATOM,3678.0,N,THR,240.0,30.634,-4.13,-11.471,-0.47,1.85,0.0
ATOM,3679.0,CA,THR,240.0,31.132,-2.92,-12.081,0.07,2.275,0.14
ATOM,3680.0,C,THR,240.0,31.231,-1.883,-10.97,0.51,2.0,0.0
ATOM,3681.0,O,THR,240.0,30.8,-2.103,-9.833,-0.51,1.7,0.0
ATOM,3682.0,CB,THR,240.0,30.274,-2.413,-13.24,0.14,2.275,5.43
ATOM,3683.0,OG1,THR,240.0,28.937,-2.175,-12.793,-0.66,1.77,4.54
ATOM,3684.0,CG2,THR,240.0,30.207,-3.433,-14.389,-0.27,2.06,35.35
ATOM,3685.0,H,THR,240.0,29.641,-4.287,-11.219,0.31,0.2245,0.0
ATOM,3686.0,HA,THR,240.0,32.043,-3.084,-12.436,0.09,1.32,1.05
ATOM,3687.0,HB,THR,240.0,30.659,-1.526,-13.576,0.09,1.32,6.09
ATOM,3688.0,HG21,THR,240.0,31.135,-3.679,-14.669,0.09,1.32,9.59
ATOM,3689.0,HG22,THR,240.0,29.723,-4.251,-14.079,0.09,1.32,2.16
ATOM,3690.0,HG23,THR,240.0,29.719,-3.029,-15.163,0.09,1.32,11.55
ATOM,3691.0,HG1,THR,240.0,28.693,-2.817,-12.058,0.43,0.2245,0.0
ATOM,3692.0,N,TYR,241.0,31.799,-0.741,-11.298,-0.47,1.85,0.0
ATOM,3693.0,CA,TYR,241.0,32.089,0.281,-10.31,0.07,2.275,0.0
ATOM,3694.0,C,TYR,241.0,31.753,1.645,-10.842,0.51,2.0,0.07
ATOM,3695.0,O,TYR,241.0,32.11,1.978,-11.979,-0.51,1.7,19.98
ATOM,3696.0,CB,TYR,241.0,33.57,0.218,-9.955,-0.18,2.175,0.0
ATOM,3697.0,CG,TYR,241.0,34.049,1.234,-8.96,0.0,1.9924,0.0
ATOM,3698.0,CD1,TYR,241.0,33.916,1.022,-7.584,-0.115,1.9924,0.0
ATOM,3699.0,CD2,TYR,241.0,34.69,2.381,-9.378,-0.115,1.9924,0.0
ATOM,3700.0,CE1,TYR,241.0,34.376,1.942,-6.672,-0.115,1.9924,0.0
ATOM,3701.0,CE2,TYR,241.0,35.132,3.317,-8.477,-0.115,1.9924,0.0
ATOM,3702.0,CZ,TYR,241.0,34.999,3.09,-7.128,0.11,1.9924,0.0
ATOM,3703.0,OH,TYR,241.0,35.459,4.017,-6.228,-0.54,1.77,0.0
ATOM,3704.0,H,TYR,241.0,32.019,-0.635,-12.312,0.31,0.2245,2.07
ATOM,3705.0,HA,TYR,241.0,31.518,0.104,-9.497,0.09,1.32,0.0
ATOM,3706.0,HB2,TYR,241.0,33.763,-0.7,-9.587,0.09,1.32,0.0
ATOM,3707.0,HB3,TYR,241.0,34.099,0.336,-10.804,0.09,1.32,0.0
ATOM,3708.0,HD1,TYR,241.0,33.474,0.179,-7.263,0.115,1.3582,0.0
ATOM,3709.0,HD2,TYR,241.0,34.836,2.532,-10.36,0.115,1.3582,2.41
ATOM,3710.0,HE1,TYR,241.0,34.265,1.787,-5.689,0.115,1.3582,0.0
ATOM,3711.0,HE2,TYR,241.0,35.554,4.172,-8.802,0.115,1.3582,0.0
ATOM,3712.0,HH,TYR,241.0,35.731,4.845,-6.717,0.43,0.2245,0.39
ATOM,3713.0,N,GLN,242.0,31.011,2.427,-10.047,-0.47,1.85,0.0
ATOM,3714.0,CA,GLN,242.0,30.626,3.789,-10.399,0.07,2.275,0.27
ATOM,3715.0,C,GLN,242.0,31.258,4.754,-9.428,0.51,2.0,0.0
ATOM,3716.0,O,GLN,242.0,30.867,4.859,-8.255,-0.51,1.7,0.0
ATOM,3717.0,CB,GLN,242.0,29.115,3.945,-10.398,-0.18,2.175,1.98
ATOM,3718.0,CG,GLN,242.0,28.625,5.291,-10.804,-0.18,2.175,1.56
ATOM,3719.0,CD,GLN,242.0,27.162,5.3,-11.057,0.55,2.0,0.61
ATOM,3720.0,H,GLN,242.0,30.731,1.97,-9.146,0.31,0.2245,0.0
ATOM,3721.0,HA,GLN,242.0,30.986,3.983,-11.314,0.09,1.32,3.26
ATOM,3722.0,HB2,GLN,242.0,28.724,3.257,-11.025,0.09,1.32,2.26
ATOM,3723.0,HB3,GLN,242.0,28.775,3.745,-9.467,0.09,1.32,0.0
ATOM,3724.0,HG2,GLN,242.0,28.833,5.949,-10.074,0.09,1.32,0.0
ATOM,3725.0,HG3,GLN,242.0,29.102,5.574,-11.641,0.09,1.32,6.11
ATOM,3726.0,OE1,GLN,242.0,26.417,4.701,-10.297,-0.55,1.7,1.81
ATOM,3727.0,NE2,GLN,242.0,26.729,5.991,-12.109,-0.62,1.85,11.06
ATOM,3728.0,HE21,GLN,242.0,25.742,6.032,-12.353,0.32,0.2245,3.29
ATOM,3729.0,HE22,GLN,242.0,27.415,6.491,-12.68,0.3,0.2245,11.83
ATOM,3730.0,N,GLU,243.0,32.253,5.47,-9.929,-0.47,1.85,0.0
ATOM,3731.0,CA,GLU,243.0,33.005,6.436,-9.172,0.07,2.275,0.0
ATOM,3732.0,C,GLU,243.0,32.152,7.567,-8.603,0.51,2.0,0.0
ATOM,3733.0,O,GLU,243.0,32.378,8.026,-7.47,-0.51,1.7,1.79
ATOM,3734.0,CB,GLU,243.0,34.026,7.046,-10.148,-0.18,2.175,11.47
ATOM,3735.0,CG,GLU,243.0,34.757,8.245,-9.616,-0.28,2.175,6.67
ATOM,3736.0,CD,GLU,243.0,35.661,7.866,-8.505,0.62,2.0,3.22
ATOM,3737.0,OE1,GLU,243.0,36.177,6.734,-8.566,-0.76,1.7,13.0
ATOM,3738.0,OE2,GLU,243.0,35.843,8.686,-7.578,-0.76,1.7,29.37
ATOM,3739.0,H,GLU,243.0,32.447,5.265,-10.948,0.31,0.2245,5.71
ATOM,3740.0,HA,GLU,243.0,33.491,5.972,-8.403,0.09,1.32,0.0
ATOM,3741.0,HB2,GLU,243.0,34.69,6.344,-10.35,0.09,1.32,2.07
ATOM,3742.0,HB3,GLU,243.0,33.529,7.32,-10.956,0.09,1.32,4.71
ATOM,3743.0,HG2,GLU,243.0,35.3,8.621,-10.341,0.09,1.32,9.67
ATOM,3744.0,HG3,GLU,243.0,34.095,8.883,-9.271,0.09,1.32,0.0
ATOM,3745.0,N,ASN,244.0,31.228,8.042,-9.419,-0.47,1.85,0.0
ATOM,3746.0,CA,ASN,244.0,30.342,9.135,-9.051,0.07,2.275,1.07
ATOM,3747.0,C,ASN,244.0,28.876,8.797,-9.24,0.51,2.0,0.0
ATOM,3748.0,O,ASN,244.0,28.295,9.018,-10.303,-0.51,1.7,8.53
ATOM,3749.0,CB,ASN,244.0,30.683,10.376,-9.875,-0.18,2.175,12.83
ATOM,3750.0,CG,ASN,244.0,32.086,10.885,-9.606,0.55,2.0,2.18
ATOM,3751.0,H,ASN,244.0,31.187,7.566,-10.351,0.31,0.2245,2.76
ATOM,3752.0,HA,ASN,244.0,30.481,9.311,-8.061,0.09,1.32,1.1
ATOM,3753.0,HB2,ASN,244.0,30.609,10.144,-10.841,0.09,1.32,5.66
ATOM,3754.0,HB3,ASN,244.0,30.034,11.096,-9.644,0.09,1.32,8.93
ATOM,3755.0,OD1,ASN,244.0,32.427,11.256,-8.476,-0.55,1.7,30.0
ATOM,3756.0,ND2,ASN,244.0,32.921,10.899,-10.649,-0.62,1.85,16.12
ATOM,3757.0,HD22,ASN,244.0,32.6,10.589,-11.544,0.3,0.2245,14.65
ATOM,3758.0,HD21,ASN,244.0,33.858,11.218,-10.533,0.32,0.2245,15.23
ATOM,3759.0,N,PRO,245.0,28.257,8.225,-8.202,-0.29,1.85,0.0
ATOM,3760.0,CA,PRO,245.0,26.849,7.863,-8.282,0.02,2.275,0.0
ATOM,3761.0,C,PRO,245.0,25.996,9.082,-8.602,0.51,2.0,0.24
ATOM,3762.0,O,PRO,245.0,26.317,10.18,-8.174,-0.51,1.7,22.32
ATOM,3763.0,CB,PRO,245.0,26.542,7.302,-6.898,-0.18,2.175,0.62
ATOM,3764.0,CG,PRO,245.0,27.839,6.904,-6.345,-0.18,2.175,0.0
ATOM,3765.0,CD,PRO,245.0,28.87,7.828,-6.932,0.0,2.175,0.67
ATOM,3766.0,HA,PRO,245.0,26.702,7.136,-8.963,0.09,1.32,0.0
ATOM,3767.0,HB2,PRO,245.0,26.095,8.005,-6.326,0.09,1.32,0.97
ATOM,3768.0,HB3,PRO,245.0,25.912,6.516,-6.97,0.09,1.32,0.0
ATOM,3769.0,HG2,PRO,245.0,27.841,6.972,-5.332,0.09,1.32,0.0
ATOM,3770.0,HG3,PRO,245.0,28.056,5.94,-6.579,0.09,1.32,0.0
ATOM,3771.0,HD2,PRO,245.0,29.022,8.623,-6.348,0.09,1.32,7.34
ATOM,3772.0,HD3,PRO,245.0,29.737,7.356,-7.088,0.09,1.32,0.0
ATOM,3773.0,N,GLU,246.0,24.922,8.859,-9.336,-0.47,1.85,0.0
ATOM,3774.0,CA,GLU,246.0,24.072,9.959,-9.752,0.07,2.275,0.46
ATOM,3775.0,C,GLU,246.0,22.748,9.967,-9.067,0.51,2.0,1.23
ATOM,3776.0,O,GLU,246.0,22.195,8.92,-8.78,-0.51,1.7,7.13
ATOM,3777.0,CB,GLU,246.0,23.836,9.911,-11.254,-0.18,2.175,9.36
ATOM,3778.0,CG,GLU,246.0,23.586,8.549,-11.845,-0.28,2.175,0.36
ATOM,3779.0,CD,GLU,246.0,23.867,8.475,-13.351,0.62,2.0,2.84
ATOM,3780.0,OE1,GLU,246.0,23.353,9.342,-14.101,-0.76,1.7,36.0
ATOM,3781.0,OE2,GLU,246.0,24.579,7.529,-13.789,-0.76,1.7,27.19
ATOM,3782.0,H,GLU,246.0,24.746,7.87,-9.579,0.31,0.2245,0.2
ATOM,3783.0,HA,GLU,246.0,24.559,10.84,-9.579,0.09,1.32,4.18
ATOM,3784.0,HB2,GLU,246.0,23.04,10.476,-11.45,0.09,1.32,2.6
ATOM,3785.0,HB3,GLU,246.0,24.643,10.289,-11.697,0.09,1.32,8.23
ATOM,3786.0,HG2,GLU,246.0,24.184,7.898,-11.41,0.09,1.32,0.0
ATOM,3787.0,HG3,GLU,246.0,22.637,8.314,-11.72,0.09,1.32,0.0
ATOM,3788.0,N,ALA,247.0,22.255,11.167,-8.81,-0.47,1.85,1.52
ATOM,3789.0,CA,ALA,247.0,20.92,11.338,-8.279,0.07,2.275,2.54
ATOM,3790.0,C,ALA,247.0,19.96,11.389,-9.46,0.51,2.0,0.0
ATOM,3791.0,O,ALA,247.0,19.932,12.363,-10.232,-0.51,1.7,23.18
ATOM,3792.0,CB,ALA,247.0,20.857,12.607,-7.474,-0.27,2.06,38.39
ATOM,3793.0,H,ALA,247.0,22.898,11.958,-9.019,0.31,0.2245,10.18
ATOM,3794.0,HA,ALA,247.0,20.687,10.553,-7.714,0.09,1.32,5.55
ATOM,3795.0,HB1,ALA,247.0,21.639,12.656,-6.848,0.09,1.32,11.15
ATOM,3796.0,HB2,ALA,247.0,20.879,13.402,-8.085,0.09,1.32,7.93
ATOM,3797.0,HB3,ALA,247.0,20.01,12.632,-6.938,0.09,1.32,10.45
ATOM,3798.0,N,MET,248.0,19.141,10.357,-9.575,-0.47,1.85,0.0
ATOM,3799.0,CA,MET,248.0,18.279,10.145,-10.744,0.07,2.275,1.32
ATOM,3800.0,C,MET,248.0,16.795,10.406,-10.516,0.51,2.0,0.35
ATOM,3801.0,O,MET,248.0,16.012,10.374,-11.481,-0.51,1.7,29.03
ATOM,3802.0,CB,MET,248.0,18.428,8.684,-11.219,-0.18,2.175,8.62
ATOM,3803.0,CG,MET,248.0,19.803,8.29,-11.661,-0.14,2.175,2.92
ATOM,3804.0,SD,MET,248.0,20.061,6.519,-11.858,-0.09,2.0,13.67
ATOM,3805.0,CE,MET,248.0,20.254,6.032,-10.093,-0.22,2.06,22.16
ATOM,3806.0,H,MET,248.0,19.155,9.698,-8.761,0.31,0.2245,5.96
ATOM,3807.0,HA,MET,248.0,18.599,10.778,-11.482,0.09,1.32,6.76
ATOM,3808.0,HB2,MET,248.0,18.136,8.075,-10.46,0.09,1.32,4.66
ATOM,3809.0,HB3,MET,248.0,17.778,8.535,-11.985,0.09,1.32,8.32
ATOM,3810.0,HG2,MET,248.0,20.021,8.787,-12.548,0.09,1.32,7.17
ATOM,3811.0,HG3,MET,248.0,20.493,8.682,-10.989,0.09,1.32,0.0
ATOM,3812.0,HE1,MET,248.0,21.18,6.251,-9.81,0.09,1.32,0.39
ATOM,3813.0,HE2,MET,248.0,19.593,6.542,-9.556,0.09,1.32,3.68
ATOM,3814.0,HE3,MET,248.0,20.087,5.056,-10.02,0.09,1.32,2.1
ATOM,3815.0,N,GLY,249.0,16.38,10.7,-9.283,-0.47,1.85,2.02
ATOM,3816.0,CA,GLY,249.0,14.962,10.754,-8.936,-0.02,2.175,18.49
ATOM,3817.0,C,GLY,249.0,14.252,12.091,-8.837,0.51,2.0,1.79
ATOM,3818.0,O,GLY,249.0,13.043,12.168,-8.505,-0.51,1.7,32.59
ATOM,3819.0,H,GLY,249.0,17.143,10.884,-8.602,0.31,0.2245,4.94
ATOM,3820.0,HA2,GLY,249.0,14.438,10.15,-9.614,0.09,1.32,9.71
ATOM,3821.0,HA3,GLY,249.0,14.829,10.24,-8.032,0.09,1.32,14.04
ATOM,3822.0,N,GLY,250.0,14.967,13.146,-9.151,-0.47,1.85,2.83
ATOM,3823.0,CA,GLY,250.0,14.39,14.478,-9.107,-0.02,2.175,17.65
ATOM,3824.0,C,GLY,250.0,14.206,15.024,-7.701,0.51,2.0,1.07
ATOM,3825.0,O,GLY,250.0,14.442,14.33,-6.701,-0.51,1.7,17.26
ATOM,3826.0,H,GLY,250.0,15.948,12.956,-9.425,0.31,0.2245,4.29
ATOM,3827.0,HA2,GLY,250.0,14.982,15.118,-9.637,0.09,1.32,11.13
ATOM,3828.0,HA3,GLY,250.0,13.486,14.468,-9.581,0.09,1.32,10.35
ATOM,3829.0,N,ILE,251.0,13.793,16.281,-7.62,-0.47,1.85,0.08
ATOM,3830.0,CA,ILE,251.0,13.523,16.934,-6.355,0.07,2.275,0.0
ATOM,3831.0,C,ILE,251.0,12.052,16.749,-6.021,0.51,2.0,0.26
ATOM,3832.0,O,ILE,251.0,11.196,17.077,-6.832,-0.51,1.7,7.75
ATOM,3833.0,CB,ILE,251.0,13.82,18.435,-6.469,-0.09,2.275,0.0
ATOM,3834.0,CG1,ILE,251.0,15.295,18.653,-6.733,-0.18,2.175,10.22
ATOM,3835.0,CG2,ILE,251.0,13.423,19.124,-5.22,-0.27,2.06,16.24
ATOM,3836.0,CD1,ILE,251.0,15.687,20.067,-7.059,-0.27,2.06,42.99
ATOM,3837.0,H,ILE,251.0,13.68,16.757,-8.546,0.31,0.2245,9.33
ATOM,3838.0,HA,ILE,251.0,14.038,16.435,-5.661,0.09,1.32,1.1
ATOM,3839.0,HB,ILE,251.0,13.306,18.79,-7.243,0.09,1.32,1.52
ATOM,3840.0,HG12,ILE,251.0,15.813,18.351,-5.923,0.09,1.32,9.94
ATOM,3841.0,HG13,ILE,251.0,15.57,18.059,-7.501,0.09,1.32,4.39
ATOM,3842.0,HG21,ILE,251.0,13.594,20.112,-5.291,0.09,1.32,5.5
ATOM,3843.0,HG22,ILE,251.0,12.444,18.986,-5.035,0.09,1.32,0.0
ATOM,3844.0,HG23,ILE,251.0,13.946,18.768,-4.438,0.09,1.32,5.68
ATOM,3845.0,HD11,ILE,251.0,15.445,20.667,-6.296,0.09,1.32,6.48
ATOM,3846.0,HD12,ILE,251.0,16.674,20.114,-7.217,0.09,1.32,11.79
ATOM,3847.0,HD13,ILE,251.0,15.205,20.368,-7.883,0.09,1.32,10.41
ATOM,3848.0,N,PRO,252.0,11.763,16.158,-4.868,-0.29,1.85,0.07
ATOM,3849.0,CA,PRO,252.0,10.362,15.892,-4.514,0.02,2.275,1.97
ATOM,3850.0,C,PRO,252.0,9.575,17.133,-4.186,0.51,2.0,0.0
ATOM,3851.0,O,PRO,252.0,10.122,18.119,-3.764,-0.51,1.7,12.64
ATOM,3852.0,CB,PRO,252.0,10.445,14.953,-3.329,-0.18,2.175,7.64
ATOM,3853.0,CG,PRO,252.0,11.839,14.911,-2.929,-0.18,2.175,17.33
ATOM,3854.0,CD,PRO,252.0,12.704,15.637,-3.863,0.0,2.175,12.47
ATOM,3855.0,HA,PRO,252.0,9.91,15.358,-5.258,0.09,1.32,8.66
ATOM,3856.0,HB2,PRO,252.0,9.848,15.286,-2.574,0.09,1.32,1.72
ATOM,3857.0,HB3,PRO,252.0,10.1,14.03,-3.586,0.09,1.32,12.44
ATOM,3858.0,HG2,PRO,252.0,11.949,15.288,-1.963,0.09,1.32,13.3
ATOM,3859.0,HG3,PRO,252.0,12.156,13.922,-2.832,0.09,1.32,13.44
ATOM,3860.0,HD2,PRO,252.0,13.192,16.398,-3.423,0.09,1.32,5.11
ATOM,3861.0,HD3,PRO,252.0,13.382,15.038,-4.305,0.09,1.32,1.89
ATOM,3862.0,N,HIS,253.0,8.279,17.045,-4.392,-0.47,1.85,0.0
ATOM,3863.0,CA,HIS,253.0,7.355,18.14,-4.185,0.07,2.275,1.65
ATOM,3864.0,C,HIS,253.0,6.069,17.528,-3.682,0.51,2.0,0.06
ATOM,3865.0,O,HIS,253.0,5.17,17.269,-4.442,-0.51,1.7,23.38
ATOM,3866.0,CB,HIS,253.0,7.115,18.907,-5.487,-0.09,2.175,11.86
ATOM,3867.0,CG,HIS,253.0,8.325,19.604,-6.017,-0.05,1.8,0.93
ATOM,3868.0,H,HIS,253.0,7.963,16.093,-4.727,0.31,0.2245,8.97
ATOM,3869.0,HA,HIS,253.0,7.718,18.738,-3.481,0.09,1.32,4.79
ATOM,3870.0,HB2,HIS,253.0,6.786,18.263,-6.189,0.09,1.32,7.67
ATOM,3871.0,HB3,HIS,253.0,6.395,19.595,-5.331,0.09,1.32,10.39
ATOM,3872.0,ND1,HIS,253.0,9.161,19.035,-6.955,-0.36,1.85,5.99
ATOM,3873.0,CD2,HIS,253.0,8.847,20.818,-5.732,0.22,1.8,18.21
ATOM,3874.0,CE1,HIS,253.0,10.155,19.865,-7.216,0.25,1.8,14.59
ATOM,3875.0,NE2,HIS,253.0,9.983,20.96,-6.492,-0.7,1.85,23.5
ATOM,3876.0,HD1,HIS,253.0,9.032,18.135,-7.371,0.32,0.2245,10.25
ATOM,3877.0,HD2,HIS,253.0,8.48,21.487,-5.091,0.1,1.468,16.4
ATOM,3878.0,HE1,HIS,253.0,10.906,19.698,-7.847,0.13,0.9,7.78
ATOM,3879.0,N,ILE,254.0,5.992,17.276,-2.394,-0.47,1.85,0.15
ATOM,3880.0,CA,ILE,254.0,4.793,16.71,-1.802,0.07,2.275,0.0
ATOM,3881.0,C,ILE,254.0,3.759,17.8,-1.593,0.51,2.0,0.0
ATOM,3882.0,O,ILE,254.0,4.087,18.968,-1.378,-0.51,1.7,17.86
ATOM,3883.0,CB,ILE,254.0,5.181,15.996,-0.51,-0.09,2.275,0.66
ATOM,3884.0,CG1,ILE,254.0,6.137,14.844,-0.854,-0.18,2.175,8.47
ATOM,3885.0,CG2,ILE,254.0,3.959,15.503,0.255,-0.27,2.06,28.17
ATOM,3886.0,CD1,ILE,254.0,6.961,14.368,0.286,-0.27,2.06,35.3
ATOM,3887.0,H,ILE,254.0,6.844,17.511,-1.845,0.31,0.2245,7.19
ATOM,3888.0,HA,ILE,254.0,4.413,16.079,-2.481,0.09,1.32,4.64
ATOM,3889.0,HB,ILE,254.0,5.67,16.633,0.065,0.09,1.32,7.59
ATOM,3890.0,HG12,ILE,254.0,5.585,14.086,-1.213,0.09,1.32,9.46
ATOM,3891.0,HG13,ILE,254.0,6.739,15.162,-1.593,0.09,1.32,0.0
ATOM,3892.0,HG21,ILE,254.0,4.251,15.072,1.107,0.09,1.32,6.44
ATOM,3893.0,HG22,ILE,254.0,3.362,16.276,0.461,0.09,1.32,0.01
ATOM,3894.0,HG23,ILE,254.0,3.464,14.839,-0.302,0.09,1.32,7.98
ATOM,3895.0,HD11,ILE,254.0,6.369,14.037,1.026,0.09,1.32,6.79
ATOM,3896.0,HD12,ILE,254.0,7.559,13.618,-0.01,0.09,1.32,10.29
ATOM,3897.0,HD13,ILE,254.0,7.53,15.117,0.637,0.09,1.32,10.51
ATOM,3898.0,N,LYS,255.0,2.509,17.438,-1.713,-0.47,1.85,0.33
ATOM,3899.0,CA,LYS,255.0,1.421,18.398,-1.568,0.07,2.275,2.54
ATOM,3900.0,C,LYS,255.0,1.152,18.82,-0.135,0.51,2.0,0.3
ATOM,3901.0,O,LYS,255.0,1.016,17.962,0.737,-0.51,1.7,12.13
ATOM,3902.0,CB,LYS,255.0,0.146,17.754,-2.125,-0.18,2.175,7.4
ATOM,3903.0,CG,LYS,255.0,-1.04,18.695,-2.308,-0.18,2.175,3.82
ATOM,3904.0,CD,LYS,255.0,-2.271,17.946,-2.857,-0.18,2.175,10.23
ATOM,3905.0,CE,LYS,255.0,-3.462,18.852,-3.076,0.21,2.175,18.7
ATOM,3906.0,NZ,LYS,255.0,-4.747,18.078,-3.321,-0.3,1.85,15.57
ATOM,3907.0,H,LYS,255.0,2.352,16.43,-1.916,0.31,0.2245,6.16
ATOM,3908.0,HA,LYS,255.0,1.649,19.23,-2.115,0.09,1.32,3.17
ATOM,3909.0,HB2,LYS,255.0,0.366,17.351,-3.018,0.09,1.32,9.21
ATOM,3910.0,HB3,LYS,255.0,-0.131,17.02,-1.498,0.09,1.32,6.8
ATOM,3911.0,HG2,LYS,255.0,-1.282,19.095,-1.427,0.09,1.32,0.0
ATOM,3912.0,HG3,LYS,255.0,-0.795,19.414,-2.953,0.09,1.32,7.75
ATOM,3913.0,HD2,LYS,255.0,-2.016,17.526,-3.728,0.09,1.32,10.05
ATOM,3914.0,HD3,LYS,255.0,-2.52,17.234,-2.202,0.09,1.32,8.83
ATOM,3915.0,HE2,LYS,255.0,-3.596,19.433,-2.268,0.05,1.32,7.45
ATOM,3916.0,HE3,LYS,255.0,-3.295,19.441,-3.872,0.05,1.32,11.35
ATOM,3917.0,HZ1,LYS,255.0,-4.609,17.137,-3.03,0.33,0.2245,15.1
ATOM,3918.0,HZ2,LYS,255.0,-5.476,18.501,-2.793,0.33,0.2245,20.09
ATOM,3919.0,HZ3,LYS,255.0,-4.957,18.113,-4.292,0.33,0.2245,20.38
ATOM,3920.0,N,PRO,256.0,1.039,20.109,0.13,-0.29,1.85,0.24
ATOM,3921.0,CA,PRO,256.0,0.58,20.595,1.431,0.02,2.275,2.02
ATOM,3922.0,C,PRO,256.0,-0.693,19.914,1.842,0.51,2.0,0.0
ATOM,3923.0,O,PRO,256.0,-1.583,19.697,1.003,-0.51,1.7,8.32
ATOM,3924.0,CB,PRO,256.0,0.329,22.084,1.182,-0.18,2.175,14.1
ATOM,3925.0,CG,PRO,256.0,1.311,22.422,0.154,-0.18,2.175,21.02
ATOM,3926.0,CD,PRO,256.0,1.342,21.218,-0.79,0.0,2.175,12.12
ATOM,3927.0,HA,PRO,256.0,1.302,20.475,2.127,0.09,1.32,4.53
ATOM,3928.0,HB2,PRO,256.0,-0.61,22.228,0.864,0.09,1.32,8.01
ATOM,3929.0,HB3,PRO,256.0,0.474,22.606,2.024,0.09,1.32,11.52
ATOM,3930.0,HG2,PRO,256.0,1.047,23.247,-0.358,0.09,1.32,12.22
ATOM,3931.0,HG3,PRO,256.0,2.226,22.569,0.546,0.09,1.32,11.48
ATOM,3932.0,HD2,PRO,256.0,0.646,21.3,-1.49,0.09,1.32,4.51
ATOM,3933.0,HD3,PRO,256.0,2.241,21.11,-1.196,0.09,1.32,3.31
ATOM,3934.0,N,GLY,257.0,-0.756,19.558,3.116,-0.47,1.85,1.77
ATOM,3935.0,CA,GLY,257.0,-1.907,18.885,3.659,-0.02,2.175,9.1
ATOM,3936.0,C,GLY,257.0,-3.11,19.75,3.941,0.51,2.0,0.62
ATOM,3937.0,O,GLY,257.0,-3.084,20.969,3.851,-0.51,1.7,12.7
ATOM,3938.0,H,GLY,257.0,0.088,19.806,3.676,0.31,0.2245,3.86
ATOM,3939.0,HA2,GLY,257.0,-2.186,18.125,3.018,0.09,1.32,9.34
ATOM,3940.0,HA3,GLY,257.0,-1.634,18.4,4.529,0.09,1.32,0.95
ATOM,3941.0,N,ASP,258.0,-4.175,19.089,4.329,-0.47,1.85,3.09
ATOM,3942.0,CA,ASP,258.0,-5.437,19.752,4.637,0.07,2.275,2.84
ATOM,3943.0,C,ASP,258.0,-5.264,20.759,5.768,0.51,2.0,0.0
ATOM,3944.0,O,ASP,258.0,-4.579,20.48,6.737,-0.51,1.7,0.13
ATOM,3945.0,CB,ASP,258.0,-6.389,18.64,5.082,-0.28,2.175,7.41
ATOM,3946.0,CG,ASP,258.0,-7.806,19.064,5.198,0.62,2.0,0.0
ATOM,3947.0,OD1,ASP,258.0,-8.125,19.945,6.025,-0.76,1.7,2.43
ATOM,3948.0,OD2,ASP,258.0,-8.702,18.518,4.51,-0.76,1.7,25.15
ATOM,3949.0,H,ASP,258.0,-4.049,18.053,4.4,0.31,0.2245,4.9
ATOM,3950.0,HA,ASP,258.0,-5.709,20.272,3.818,0.09,1.32,3.35
ATOM,3951.0,HB2,ASP,258.0,-6.316,17.898,4.411,0.09,1.32,9.28
ATOM,3952.0,HB3,ASP,258.0,-6.065,18.307,5.971,0.09,1.32,0.02
ATOM,3953.0,N,PRO,259.0,-5.869,21.946,5.645,-0.29,1.85,0.0
ATOM,3954.0,CA,PRO,259.0,-5.814,22.942,6.726,0.02,2.275,0.95
ATOM,3955.0,C,PRO,259.0,-6.184,22.447,8.123,0.51,2.0,0.17
ATOM,3956.0,O,PRO,259.0,-5.722,23.009,9.127,-0.51,1.7,5.9
ATOM,3957.0,CB,PRO,259.0,-6.801,24.013,6.264,-0.18,2.175,17.63
ATOM,3958.0,CG,PRO,259.0,-6.75,23.889,4.801,-0.18,2.175,18.7
ATOM,3959.0,CD,PRO,259.0,-6.554,22.457,4.44,0.0,2.175,12.74
ATOM,3960.0,HA,PRO,259.0,-4.886,23.389,6.743,0.09,1.32,9.19
ATOM,3961.0,HB2,PRO,259.0,-7.715,23.822,6.62,0.09,1.32,6.92
ATOM,3962.0,HB3,PRO,259.0,-6.505,24.916,6.569,0.09,1.32,11.74
ATOM,3963.0,HG2,PRO,259.0,-7.611,24.251,4.378,0.09,1.32,12.65
ATOM,3964.0,HG3,PRO,259.0,-5.992,24.463,4.418,0.09,1.32,12.55
ATOM,3965.0,HD2,PRO,259.0,-7.418,21.984,4.307,0.09,1.32,4.24
ATOM,3966.0,HD3,PRO,259.0,-5.973,22.35,3.64,0.09,1.32,5.43
ATOM,3967.0,N,ARG,260.0,-7.07,21.468,8.221,-0.47,1.85,0.14
ATOM,3968.0,CA,ARG,260.0,-7.464,20.896,9.506,0.07,2.275,1.3
ATOM,3969.0,C,ARG,260.0,-6.272,20.272,10.266,0.51,2.0,0.0
ATOM,3970.0,O,ARG,260.0,-6.378,19.992,11.45,-0.51,1.7,13.75
ATOM,3971.0,CB,ARG,260.0,-8.516,19.799,9.318,-0.18,2.175,5.6
ATOM,3972.0,CG,ARG,260.0,-9.907,20.226,8.878,-0.18,2.175,14.1
ATOM,3973.0,CD,ARG,260.0,-10.812,19.011,8.563,0.2,2.175,15.95
ATOM,3974.0,NE,ARG,260.0,-10.352,18.291,7.36,-0.7,1.85,4.46
ATOM,3975.0,CZ,ARG,260.0,-10.511,16.987,7.069,0.64,2.0,3.23
ATOM,3976.0,NH1,ARG,260.0,-11.114,16.146,7.871,-0.8,1.85,26.62
ATOM,3977.0,NH2,ARG,260.0,-10.014,16.524,5.935,-0.8,1.85,22.34
ATOM,3978.0,H,ARG,260.0,-7.461,21.141,7.31,0.31,0.2245,0.0
ATOM,3979.0,HA,ARG,260.0,-7.856,21.626,10.085,0.09,1.32,4.52
ATOM,3980.0,HB2,ARG,260.0,-8.163,19.145,8.633,0.09,1.32,0.66
ATOM,3981.0,HB3,ARG,260.0,-8.608,19.305,10.195,0.09,1.32,7.57
ATOM,3982.0,HG2,ARG,260.0,-10.348,20.747,9.603,0.09,1.32,11.13
ATOM,3983.0,HG3,ARG,260.0,-9.847,20.775,8.05,0.09,1.32,3.62
ATOM,3984.0,HD2,ARG,260.0,-10.781,18.402,9.343,0.09,1.32,5.22
ATOM,3985.0,HD3,ARG,260.0,-11.73,19.351,8.412,0.09,1.32,11.37
ATOM,3986.0,HE,ARG,260.0,-9.85,18.85,6.659,0.44,0.2245,0.88
ATOM,3987.0,HH11,ARG,260.0,-11.499,16.48,8.742,0.46,0.2245,11.92
ATOM,3988.0,HH12,ARG,260.0,-11.2,15.18,7.633,0.46,0.2245,18.11
ATOM,3989.0,HH21,ARG,260.0,-9.546,17.134,5.295,0.46,0.2245,0.0
ATOM,3990.0,HH22,ARG,260.0,-10.106,15.549,5.708,0.46,0.2245,18.42
ATOM,3991.0,N,LEU,261.0,-5.148,20.056,9.578,-0.47,1.85,0.0
ATOM,3992.0,CA,LEU,261.0,-3.95,19.533,10.217,0.07,2.275,0.15
ATOM,3993.0,C,LEU,261.0,-3.067,20.618,10.817,0.51,2.0,0.0
ATOM,3994.0,O,LEU,261.0,-2.186,20.329,11.623,-0.51,1.7,14.6
ATOM,3995.0,CB,LEU,261.0,-3.138,18.677,9.255,-0.18,2.175,0.06
ATOM,3996.0,CG,LEU,261.0,-3.854,17.452,8.725,-0.09,2.275,0.84
ATOM,3997.0,CD1,LEU,261.0,-3.077,16.888,7.56,-0.27,2.06,15.52
ATOM,3998.0,CD2,LEU,261.0,-4.046,16.436,9.797,-0.27,2.06,34.24
ATOM,3999.0,H,LEU,261.0,-5.207,20.29,8.568,0.31,0.2245,0.0
ATOM,4000.0,HA,LEU,261.0,-4.232,18.904,10.964,0.09,1.32,2.73
ATOM,4001.0,HB2,LEU,261.0,-2.892,19.243,8.476,0.09,1.32,0.0
ATOM,4002.0,HB3,LEU,261.0,-2.324,18.369,9.733,0.09,1.32,0.46
ATOM,4003.0,HG,LEU,261.0,-4.768,17.711,8.423,0.09,1.32,0.4
ATOM,4004.0,HD11,LEU,261.0,-2.155,16.632,7.858,0.09,1.32,5.73
ATOM,4005.0,HD12,LEU,261.0,-3.543,16.076,7.201,0.09,1.32,10.4
ATOM,4006.0,HD13,LEU,261.0,-3.008,17.574,6.833,0.09,1.32,0.0
ATOM,4007.0,HD21,LEU,261.0,-4.595,16.819,10.549,0.09,1.32,4.42
ATOM,4008.0,HD22,LEU,261.0,-4.522,15.628,9.433,0.09,1.32,10.65
ATOM,4009.0,HD23,LEU,261.0,-3.157,16.144,10.167,0.09,1.32,9.75
ATOM,4010.0,N,HIS,262.0,-3.326,21.868,10.443,-0.47,1.85,0.0
ATOM,4011.0,CA,HIS,262.0,-2.533,22.979,10.964,0.07,2.275,0.0
ATOM,4012.0,C,HIS,262.0,-1.027,22.825,10.683,0.51,2.0,0.0
ATOM,4013.0,O,HIS,262.0,-0.195,23.148,11.548,-0.51,1.7,13.29
ATOM,4014.0,CB,HIS,262.0,-2.82,23.215,12.449,-0.09,2.175,10.82
ATOM,4015.0,CG,HIS,262.0,-4.281,23.275,12.766,-0.05,1.8,0.81
ATOM,4016.0,H,HIS,262.0,-4.106,21.979,9.779,0.31,0.2245,0.0
ATOM,4017.0,HA,HIS,262.0,-2.845,23.833,10.518,0.09,1.32,0.33
ATOM,4018.0,HB2,HIS,262.0,-2.41,22.47,12.983,0.09,1.32,5.68
ATOM,4019.0,HB3,HIS,262.0,-2.4,24.083,12.728,0.09,1.32,2.22
ATOM,4020.0,ND1,HIS,262.0,-5.022,24.439,12.732,-0.36,1.85,7.42
ATOM,4021.0,CD2,HIS,262.0,-5.151,22.281,13.036,0.22,1.8,11.73
ATOM,4022.0,CE1,HIS,262.0,-6.292,24.151,12.983,0.25,1.8,23.32
ATOM,4023.0,NE2,HIS,262.0,-6.395,22.844,13.186,-0.7,1.85,19.9
ATOM,4024.0,HD1,HIS,262.0,-4.66,25.349,12.548,0.32,0.2245,7.38
ATOM,4025.0,HD2,HIS,262.0,-4.934,21.307,13.115,0.1,1.468,5.92
ATOM,4026.0,HE1,HIS,262.0,-7.041,24.804,13.015,0.13,0.9,17.45
ATOM,4027.0,N,ASN,263.0,-0.706,22.393,9.474,-0.47,1.85,0.56
ATOM,4028.0,CA,ASN,263.0,0.666,22.179,9.06,0.07,2.275,0.38
ATOM,4029.0,C,ASN,263.0,1.297,23.497,8.595,0.51,2.0,0.0
ATOM,4030.0,O,ASN,263.0,1.547,23.734,7.415,-0.51,1.7,13.81
ATOM,4031.0,CB,ASN,263.0,0.754,21.143,7.943,-0.18,2.175,2.26
ATOM,4032.0,CG,ASN,263.0,0.561,19.735,8.412,0.55,2.0,0.31
ATOM,4033.0,OD1,ASN,263.0,0.472,18.759,7.644,-0.55,1.7,15.88
ATOM,4034.0,ND2,ASN,263.0,0.474,19.625,9.738,-0.62,1.85,11.82
ATOM,4035.0,H,ASN,263.0,-1.527,22.22,8.846,0.31,0.2245,2.37
ATOM,4036.0,HA,ASN,263.0,1.185,21.881,9.867,0.09,1.32,3.58
ATOM,4037.0,HB2,ASN,263.0,0.05,21.359,7.262,0.09,1.32,3.12
ATOM,4038.0,HB3,ASN,263.0,1.658,21.223,7.515,0.09,1.32,0.0
ATOM,4039.0,HD22,ASN,263.0,0.527,20.405,10.342,0.3,0.2245,2.49
ATOM,4040.0,HD21,ASN,263.0,0.348,18.701,10.143,0.32,0.2245,15.06
ATOM,4041.0,N,HIS,264.0,1.585,24.362,9.561,-0.47,1.85,0.78
ATOM,4042.0,CA,HIS,264.0,2.095,25.67,9.264,0.07,2.275,0.76
ATOM,4043.0,C,HIS,264.0,3.591,25.584,9.062,0.51,2.0,0.16
ATOM,4044.0,O,HIS,264.0,4.323,25.445,10.046,-0.51,1.7,26.07
ATOM,4045.0,CB,HIS,264.0,1.711,26.606,10.408,-0.09,2.175,11.7
ATOM,4046.0,CG,HIS,264.0,0.226,26.729,10.574,-0.05,1.8,0.66
ATOM,4047.0,H,HIS,264.0,1.409,24.008,10.524,0.31,0.2245,3.09
ATOM,4048.0,HA,HIS,264.0,1.681,25.997,8.411,0.09,1.32,3.23
ATOM,4049.0,HB2,HIS,264.0,2.096,26.256,11.263,0.09,1.32,7.61
ATOM,4050.0,HB3,HIS,264.0,2.084,27.517,10.226,0.09,1.32,10.2
ATOM,4051.0,ND1,HIS,264.0,-0.383,27.19,11.722,-0.36,1.85,8.85
ATOM,4052.0,CD2,HIS,264.0,-0.775,26.465,9.698,0.22,1.8,12.93
ATOM,4053.0,CE1,HIS,264.0,-1.696,27.153,11.565,0.25,1.8,16.56
ATOM,4054.0,NE2,HIS,264.0,-1.962,26.721,10.343,-0.7,1.85,18.16
ATOM,4055.0,HD1,HIS,264.0,0.094,27.503,12.542,0.32,0.2245,19.63
ATOM,4056.0,HD2,HIS,264.0,-0.671,26.144,8.76,0.1,1.468,8.07
ATOM,4057.0,HE1,HIS,264.0,-2.372,27.406,12.251,0.13,0.9,12.55
ATOM,4058.0,N,GLN,265.0,4.024,25.631,7.808,-0.47,1.85,0.0
ATOM,4059.0,CA,GLN,265.0,5.403,25.354,7.457,0.07,2.275,3.02
ATOM,4060.0,C,GLN,265.0,6.111,26.527,6.756,0.51,2.0,2.05
ATOM,4061.0,O,GLN,265.0,7.184,26.385,6.183,-0.51,1.7,28.41
ATOM,4062.0,CB,GLN,265.0,5.449,24.126,6.583,-0.18,2.175,6.05
ATOM,4063.0,CG,GLN,265.0,4.895,22.87,7.262,-0.18,2.175,5.41
ATOM,4064.0,CD,GLN,265.0,4.632,21.707,6.301,0.55,2.0,2.47
ATOM,4065.0,H,GLN,265.0,3.292,25.882,7.108,0.31,0.2245,6.11
ATOM,4066.0,HA,GLN,265.0,5.917,25.163,8.314,0.09,1.32,6.53
ATOM,4067.0,HB2,GLN,265.0,4.908,24.284,5.756,0.09,1.32,5.15
ATOM,4068.0,HB3,GLN,265.0,6.398,23.935,6.325,0.09,1.32,8.6
ATOM,4069.0,HG2,GLN,265.0,5.554,22.564,7.953,0.09,1.32,10.95
ATOM,4070.0,HG3,GLN,265.0,4.032,23.106,7.715,0.09,1.32,0.0
ATOM,4071.0,OE1,GLN,265.0,4.785,21.846,5.086,-0.55,1.7,30.85
ATOM,4072.0,NE2,GLN,265.0,4.204,20.585,6.848,-0.62,1.85,14.42
ATOM,4073.0,HE21,GLN,265.0,3.994,19.772,6.272,0.32,0.2245,16.92
ATOM,4074.0,HE22,GLN,265.0,4.085,20.539,7.859,0.3,0.2245,9.54
ATOM,4075.0,N,GLY,266.0,5.477,27.693,6.806,-0.47,1.85,4.01
ATOM,4076.0,CA,GLY,266.0,5.966,28.892,6.145,-0.02,2.175,21.93
ATOM,4077.0,C,GLY,266.0,5.434,29.088,4.742,0.34,2.0,6.11
ATOM,4078.0,O,GLY,266.0,4.961,28.11,4.131,-0.67,1.7,34.4
ATOM,4079.0,OXT,GLY,266.0,5.567,30.2,4.245,-0.67,1.7,47.51
ATOM,4080.0,H,GLY,266.0,4.589,27.673,7.366,0.31,0.2245,5.58
ATOM,4081.0,HA2,GLY,266.0,5.725,29.708,6.712,0.09,1.32,12.81
ATOM,4082.0,HA3,GLY,266.0,6.987,28.864,6.115,0.09,1.32,9.06
