atom,serial,name,resname,resid,x,y,z,charges,radius,sasa
ATOM,1.0,N,LYS,31.0,38.479,33.732,50.53,-0.3,1.85,12.97
ATOM,2.0,CA,LYS,31.0,37.456,34.365,51.412,0.21,2.275,5.11
ATOM,3.0,C,LYS,31.0,36.243,33.429,51.537,0.51,2.0,0.59
ATOM,4.0,O,LYS,31.0,36.226,32.358,50.912,-0.51,1.7,24.7
ATOM,5.0,CB,LYS,31.0,37.048,35.738,50.848,-0.18,2.175,1.63
ATOM,6.0,CG,LYS,31.0,36.241,36.628,51.799,-0.18,2.175,0.8
ATOM,7.0,CD,LYS,31.0,36.997,36.964,53.068,-0.18,2.175,7.21
ATOM,8.0,CE,LYS,31.0,36.107,37.748,54.021,0.21,2.175,1.36
ATOM,9.0,NZ,LYS,31.0,36.791,38.122,55.298,-0.3,1.85,7.29
ATOM,10.0,H,LYS,31.0,39.388,33.97,50.861,0.33,0.2245,19.81
ATOM,11.0,HA,LYS,31.0,37.857,34.498,52.314,0.1,1.32,5.5
ATOM,12.0,HB2,LYS,31.0,37.883,36.23,50.596,0.09,1.32,9.16
ATOM,13.0,HB3,LYS,31.0,36.498,35.583,50.024,0.09,1.32,0.62
ATOM,14.0,HG2,LYS,31.0,36.009,37.48,51.32,0.09,1.32,0.86
ATOM,15.0,HG3,LYS,31.0,35.39,36.151,52.039,0.09,1.32,0.0
ATOM,16.0,HD2,LYS,31.0,37.273,36.124,53.514,0.09,1.32,3.75
ATOM,17.0,HD3,LYS,31.0,37.783,37.521,52.841,0.09,1.32,8.06
ATOM,18.0,HE2,LYS,31.0,35.796,38.59,53.559,0.05,1.32,0.79
ATOM,19.0,HE3,LYS,31.0,35.293,37.193,54.238,0.05,1.32,0.0
ATOM,20.0,HZ1,LYS,31.0,36.992,37.293,55.817,0.33,0.2245,13.4
ATOM,21.0,HZ2,LYS,31.0,37.64,38.603,55.086,0.33,0.2245,17.72
ATOM,22.0,HZ3,LYS,31.0,36.19,38.716,55.83,0.33,0.2245,0.0
ATOM,23.0,H2,LYS,31.0,38.36,32.743,50.551,0.33,0.2245,12.59
ATOM,24.0,H3,LYS,31.0,38.36,34.067,49.599,0.33,0.2245,10.88
ATOM,25.0,N,GLU,32.0,35.283,33.809,52.385,-0.47,1.85,0.4
ATOM,26.0,CA,GLU,32.0,34.082,33.027,52.619,0.07,2.275,0.46
ATOM,27.0,C,GLU,32.0,32.958,33.953,53.058,0.51,2.0,0.0
ATOM,28.0,O,GLU,32.0,33.12,34.825,53.926,-0.51,1.7,0.0
ATOM,29.0,CB,GLU,32.0,34.334,31.952,53.687,-0.18,2.175,5.75
ATOM,30.0,CG,GLU,32.0,33.085,31.184,54.139,-0.28,2.175,1.35
ATOM,31.0,CD,GLU,32.0,32.589,30.241,53.069,0.62,2.0,0.55
ATOM,32.0,OE1,GLU,32.0,33.256,29.203,52.873,-0.76,1.7,39.36
ATOM,33.0,OE2,GLU,32.0,31.552,30.538,52.423,-0.76,1.7,15.15
ATOM,34.0,H,GLU,32.0,35.476,34.72,52.864,0.31,0.2245,0.05
ATOM,35.0,HA,GLU,32.0,33.815,32.551,51.78,0.09,1.32,3.42
ATOM,36.0,HB2,GLU,32.0,34.962,31.294,53.308,0.09,1.32,4.35
ATOM,37.0,HB3,GLU,32.0,34.707,32.399,54.482,0.09,1.32,0.0
ATOM,38.0,HG2,GLU,32.0,33.327,30.653,54.924,0.09,1.32,4.52
ATOM,39.0,HG3,GLU,32.0,32.379,31.836,54.319,0.09,1.32,0.0
ATOM,40.0,N,LEU,33.0,31.805,33.739,52.448,-0.47,1.85,0.0
ATOM,41.0,CA,LEU,33.0,30.636,34.529,52.748,0.07,2.275,0.0
ATOM,42.0,C,LEU,33.0,30.083,34.16,54.111,0.51,2.0,0.0
ATOM,43.0,O,LEU,33.0,29.619,35.035,54.832,-0.51,1.7,0.0
ATOM,44.0,CB,LEU,33.0,29.603,34.342,51.643,-0.18,2.175,0.0
ATOM,45.0,CG,LEU,33.0,29.652,35.365,50.506,-0.09,2.275,0.0
ATOM,46.0,CD1,LEU,33.0,30.907,36.195,50.565,-0.27,2.06,0.0
ATOM,47.0,CD2,LEU,33.0,29.496,34.677,49.169,-0.27,2.06,4.74
ATOM,48.0,H,LEU,33.0,31.818,32.968,51.749,0.31,0.2245,1.87
ATOM,49.0,HA,LEU,33.0,30.894,35.502,52.764,0.09,1.32,0.0
ATOM,50.0,HB2,LEU,33.0,29.744,33.444,51.238,0.09,1.32,0.77
ATOM,51.0,HB3,LEU,33.0,28.699,34.398,52.053,0.09,1.32,0.0
ATOM,52.0,HG,LEU,33.0,28.846,35.962,50.577,0.09,1.32,0.0
ATOM,53.0,HD11,LEU,33.0,31.713,35.603,50.489,0.09,1.32,0.16
ATOM,54.0,HD12,LEU,33.0,30.916,36.857,49.811,0.09,1.32,0.0
ATOM,55.0,HD13,LEU,33.0,30.948,36.692,51.435,0.09,1.32,0.0
ATOM,56.0,HD21,LEU,33.0,28.616,34.197,49.134,0.09,1.32,0.0
ATOM,57.0,HD22,LEU,33.0,29.529,35.356,48.432,0.09,1.32,0.0
ATOM,58.0,HD23,LEU,33.0,30.237,34.014,49.039,0.09,1.32,8.4
ATOM,59.0,N,ASN,34.0,30.216,32.88,54.471,-0.47,1.85,0.0
ATOM,60.0,CA,ASN,34.0,29.76,32.346,55.763,0.07,2.275,0.0
ATOM,61.0,C,ASN,34.0,30.4,33.103,56.904,0.51,2.0,0.0
ATOM,62.0,O,ASN,34.0,29.714,33.615,57.776,-0.51,1.7,0.0
ATOM,63.0,CB,ASN,34.0,30.109,30.868,55.894,-0.18,2.175,4.34
ATOM,64.0,CG,ASN,34.0,28.901,29.982,55.747,0.55,2.0,1.36
ATOM,65.0,H,ASN,34.0,30.679,32.28,53.746,0.31,0.2245,0.0
ATOM,66.0,HA,ASN,34.0,28.77,32.508,55.81,0.09,1.32,0.0
ATOM,67.0,HB2,ASN,34.0,30.767,30.636,55.183,0.09,1.32,0.0
ATOM,68.0,HB3,ASN,34.0,30.51,30.719,56.794,0.09,1.32,0.0
ATOM,69.0,OD1,ASN,34.0,27.948,30.077,56.532,-0.55,1.7,17.53
ATOM,70.0,ND2,ASN,34.0,28.911,29.127,54.725,-0.62,1.85,17.05
ATOM,71.0,HD22,ASN,34.0,29.7,29.098,54.11,0.3,0.2245,4.56
ATOM,72.0,HD21,ASN,34.0,28.135,28.518,54.574,0.32,0.2245,15.62
ATOM,73.0,N,ASP,35.0,31.722,33.174,56.878,-0.47,1.85,0.0
ATOM,74.0,CA,ASP,35.0,32.485,33.912,57.88,0.07,2.275,0.0
ATOM,75.0,C,ASP,35.0,32.032,35.377,57.907,0.51,2.0,0.03
ATOM,76.0,O,ASP,35.0,32.062,36.008,58.965,-0.51,1.7,0.39
ATOM,77.0,CB,ASP,35.0,33.992,33.903,57.555,-0.28,2.175,6.79
ATOM,78.0,CG,ASP,35.0,34.606,32.519,57.589,0.62,2.0,3.1
ATOM,79.0,OD1,ASP,35.0,34.051,31.613,58.242,-0.76,1.7,21.55
ATOM,80.0,OD2,ASP,35.0,35.671,32.349,56.97,-0.76,1.7,32.77
ATOM,81.0,H,ASP,35.0,32.17,32.662,56.087,0.31,0.2245,0.0
ATOM,82.0,HA,ASP,35.0,32.26,33.522,58.775,0.09,1.32,0.0
ATOM,83.0,HB2,ASP,35.0,34.106,34.285,56.643,0.09,1.32,0.0
ATOM,84.0,HB3,ASP,35.0,34.449,34.477,58.227,0.09,1.32,8.53
ATOM,85.0,N,LEU,36.0,31.64,35.933,56.758,-0.47,1.85,0.0
ATOM,86.0,CA,LEU,36.0,31.206,37.322,56.742,0.07,2.275,0.05
ATOM,87.0,C,LEU,36.0,29.994,37.537,57.65,0.51,2.0,0.0
ATOM,88.0,O,LEU,36.0,29.877,38.593,58.304,-0.51,1.7,0.0
ATOM,89.0,CB,LEU,36.0,30.907,37.807,55.319,-0.18,2.175,0.0
ATOM,90.0,CG,LEU,36.0,32.089,38.294,54.471,-0.09,2.275,0.0
ATOM,91.0,CD1,LEU,36.0,31.569,38.819,53.188,-0.27,2.06,0.0
ATOM,92.0,CD2,LEU,36.0,32.867,39.381,55.161,-0.27,2.06,0.0
ATOM,93.0,H,LEU,36.0,31.672,35.323,55.936,0.31,0.2245,0.0
ATOM,94.0,HA,LEU,36.0,31.959,37.901,57.08,0.09,1.32,0.0
ATOM,95.0,HB2,LEU,36.0,30.48,37.049,54.822,0.09,1.32,0.0
ATOM,96.0,HB3,LEU,36.0,30.258,38.566,55.385,0.09,1.32,0.0
ATOM,97.0,HG,LEU,36.0,32.7,37.523,54.314,0.09,1.32,0.0
ATOM,98.0,HD11,LEU,36.0,30.937,39.586,53.349,0.09,1.32,0.0
ATOM,99.0,HD12,LEU,36.0,32.324,39.148,52.607,0.09,1.32,0.0
ATOM,100.0,HD13,LEU,36.0,31.073,38.101,52.685,0.09,1.32,0.0
ATOM,101.0,HD21,LEU,36.0,33.231,39.042,56.033,0.09,1.32,0.07
ATOM,102.0,HD22,LEU,36.0,33.631,39.677,54.582,0.09,1.32,0.0
ATOM,103.0,HD23,LEU,36.0,32.271,40.168,55.341,0.09,1.32,0.0
ATOM,104.0,N,GLU,37.0,29.136,36.519,57.739,-0.47,1.85,0.0
ATOM,105.0,CA,GLU,37.0,27.933,36.566,58.571,0.07,2.275,0.0
ATOM,106.0,C,GLU,37.0,28.245,36.488,60.06,0.51,2.0,0.2
ATOM,107.0,O,GLU,37.0,27.586,37.158,60.87,-0.51,1.7,2.32
ATOM,108.0,CB,GLU,37.0,26.968,35.44,58.203,-0.18,2.175,3.56
ATOM,109.0,CG,GLU,37.0,26.354,35.564,56.813,-0.28,2.175,0.0
ATOM,110.0,CD,GLU,37.0,25.303,34.517,56.573,0.62,2.0,0.66
ATOM,111.0,OE1,GLU,37.0,25.588,33.32,56.806,-0.76,1.7,14.17
ATOM,112.0,OE2,GLU,37.0,24.179,34.881,56.183,-0.76,1.7,1.85
ATOM,113.0,H,GLU,37.0,29.397,35.686,57.164,0.31,0.2245,0.0
ATOM,114.0,HA,GLU,37.0,27.425,37.422,58.378,0.09,1.32,0.0
ATOM,115.0,HB2,GLU,37.0,27.47,34.592,58.23,0.09,1.32,0.0
ATOM,116.0,HB3,GLU,37.0,26.229,35.45,58.855,0.09,1.32,3.52
ATOM,117.0,HG2,GLU,37.0,25.928,36.444,56.748,0.09,1.32,0.0
ATOM,118.0,HG3,GLU,37.0,27.067,35.436,56.153,0.09,1.32,0.0
ATOM,119.0,N,LYS,38.0,29.23,35.668,60.423,-0.47,1.85,0.0
ATOM,120.0,CA,LYS,38.0,29.633,35.525,61.827,0.07,2.275,2.32
ATOM,121.0,C,LYS,38.0,30.217,36.87,62.201,0.51,2.0,0.53
ATOM,122.0,O,LYS,38.0,29.806,37.51,63.169,-0.51,1.7,17.69
ATOM,123.0,CB,LYS,38.0,30.738,34.478,61.977,-0.18,2.175,14.92
ATOM,124.0,CG,LYS,38.0,30.669,33.32,60.997,-0.18,2.175,2.08
ATOM,125.0,CD,LYS,38.0,29.568,32.324,61.343,-0.18,2.175,12.4
ATOM,126.0,CE,LYS,38.0,29.373,31.284,60.233,0.21,2.175,10.47
ATOM,127.0,NZ,LYS,38.0,30.629,30.55,59.837,-0.3,1.85,6.39
ATOM,128.0,H,LYS,38.0,29.678,35.15,59.646,0.31,0.2245,0.0
ATOM,129.0,HA,LYS,38.0,28.833,35.353,62.373,0.09,1.32,8.25
ATOM,130.0,HB2,LYS,38.0,31.621,34.939,61.858,0.09,1.32,4.22
ATOM,131.0,HB3,LYS,38.0,30.689,34.106,62.908,0.09,1.32,9.8
ATOM,132.0,HG2,LYS,38.0,30.497,33.68,60.075,0.09,1.32,0.0
ATOM,133.0,HG3,LYS,38.0,31.55,32.837,60.995,0.09,1.32,4.84
ATOM,134.0,HD2,LYS,38.0,29.815,31.846,62.179,0.09,1.32,9.84
ATOM,135.0,HD3,LYS,38.0,28.712,32.815,61.464,0.09,1.32,5.07
ATOM,136.0,HE2,LYS,38.0,28.687,30.607,60.54,0.05,1.32,12.28
ATOM,137.0,HE3,LYS,38.0,28.999,31.749,59.416,0.05,1.32,0.0
ATOM,138.0,HZ1,LYS,38.0,31.052,30.17,60.656,0.33,0.2245,17.27
ATOM,139.0,HZ2,LYS,38.0,30.388,29.818,59.205,0.33,0.2245,10.49
ATOM,140.0,HZ3,LYS,38.0,31.251,31.192,59.397,0.33,0.2245,0.0
ATOM,141.0,N,LYS,39.0,31.125,37.32,61.344,-0.47,1.85,0.0
ATOM,142.0,CA,LYS,39.0,31.831,38.573,61.511,0.07,2.275,2.17
ATOM,143.0,C,LYS,39.0,30.907,39.783,61.654,0.51,2.0,0.0
ATOM,144.0,O,LYS,39.0,31.138,40.645,62.513,-0.51,1.7,25.25
ATOM,145.0,CB,LYS,39.0,32.795,38.765,60.34,-0.18,2.175,1.73
ATOM,146.0,CG,LYS,39.0,33.845,39.82,60.567,-0.18,2.175,7.49
ATOM,147.0,CD,LYS,39.0,34.652,40.07,59.309,-0.18,2.175,3.74
ATOM,148.0,CE,LYS,39.0,35.208,41.499,59.358,0.21,2.175,12.95
ATOM,149.0,NZ,LYS,39.0,35.911,41.991,58.126,-0.3,1.85,4.28
ATOM,150.0,H,LYS,39.0,31.288,36.678,60.524,0.31,0.2245,0.0
ATOM,151.0,HA,LYS,39.0,32.413,38.517,62.346,0.09,1.32,9.07
ATOM,152.0,HB2,LYS,39.0,33.251,37.89,60.17,0.09,1.32,3.23
ATOM,153.0,HB3,LYS,39.0,32.255,39.017,59.535,0.09,1.32,0.0
ATOM,154.0,HG2,LYS,39.0,33.402,40.676,60.841,0.09,1.32,1.38
ATOM,155.0,HG3,LYS,39.0,34.465,39.521,61.294,0.09,1.32,10.97
ATOM,156.0,HD2,LYS,39.0,35.409,39.445,59.276,0.09,1.32,9.15
ATOM,157.0,HD3,LYS,39.0,34.067,39.993,58.523,0.09,1.32,0.0
ATOM,158.0,HE2,LYS,39.0,34.437,42.136,59.568,0.05,1.32,1.26
ATOM,159.0,HE3,LYS,39.0,35.853,41.566,60.148,0.05,1.32,11.4
ATOM,160.0,HZ1,LYS,39.0,35.601,42.917,57.923,0.33,0.2245,2.96
ATOM,161.0,HZ2,LYS,39.0,36.895,41.99,58.291,0.33,0.2245,20.1
ATOM,162.0,HZ3,LYS,39.0,35.694,41.385,57.364,0.33,0.2245,0.15
ATOM,163.0,N,TYR,40.0,29.861,39.854,60.829,-0.47,1.85,0.0
ATOM,164.0,CA,TYR,40.0,28.949,40.994,60.883,0.07,2.275,1.02
ATOM,165.0,C,TYR,40.0,27.599,40.766,61.504,0.51,2.0,0.69
ATOM,166.0,O,TYR,40.0,26.794,41.707,61.569,-0.51,1.7,5.89
ATOM,167.0,CB,TYR,40.0,28.732,41.597,59.503,-0.18,2.175,0.0
ATOM,168.0,CG,TYR,40.0,29.947,42.266,58.955,0.0,1.9924,0.0
ATOM,169.0,CD1,TYR,40.0,30.202,43.595,59.226,-0.115,1.9924,3.66
ATOM,170.0,CD2,TYR,40.0,30.877,41.549,58.21,-0.115,1.9924,0.0
ATOM,171.0,CE1,TYR,40.0,31.356,44.194,58.781,-0.115,1.9924,7.81
ATOM,172.0,CE2,TYR,40.0,32.036,42.138,57.77,-0.115,1.9924,0.0
ATOM,173.0,CZ,TYR,40.0,32.269,43.457,58.065,0.11,1.9924,0.0
ATOM,174.0,OH,TYR,40.0,33.449,44.035,57.685,-0.54,1.77,4.86
ATOM,175.0,H,TYR,40.0,29.759,39.064,60.177,0.31,0.2245,0.0
ATOM,176.0,HA,TYR,40.0,29.425,41.744,61.414,0.09,1.32,3.68
ATOM,177.0,HB2,TYR,40.0,28.463,40.864,58.882,0.09,1.32,0.0
ATOM,178.0,HB3,TYR,40.0,28.0,42.271,59.57,0.09,1.32,0.96
ATOM,179.0,HD1,TYR,40.0,29.537,44.131,59.753,0.115,1.3582,3.8
ATOM,180.0,HD2,TYR,40.0,30.693,40.589,57.996,0.115,1.3582,0.0
ATOM,181.0,HE1,TYR,40.0,31.533,45.163,58.978,0.115,1.3582,1.67
ATOM,182.0,HE2,TYR,40.0,32.703,41.613,57.24,0.115,1.3582,0.0
ATOM,183.0,HH,TYR,40.0,33.823,43.54,56.901,0.43,0.2245,0.0
ATOM,184.0,N,ASN,41.0,27.348,39.539,61.95,-0.47,1.85,0.0
ATOM,185.0,CA,ASN,41.0,26.069,39.189,62.562,0.07,2.275,0.41
ATOM,186.0,C,ASN,41.0,24.901,39.696,61.722,0.51,2.0,0.0
ATOM,187.0,O,ASN,41.0,24.056,40.453,62.204,-0.51,1.7,0.01
ATOM,188.0,CB,ASN,41.0,25.965,39.716,64.002,-0.18,2.175,15.3
ATOM,189.0,CG,ASN,41.0,24.665,39.294,64.69,0.55,2.0,2.37
ATOM,190.0,H,ASN,41.0,28.127,38.862,61.828,0.31,0.2245,0.0
ATOM,191.0,HA,ASN,41.0,26.009,38.184,62.573,0.09,1.32,0.71
ATOM,192.0,HB2,ASN,41.0,26.728,39.355,64.525,0.09,1.32,7.68
ATOM,193.0,HB3,ASN,41.0,25.999,40.709,63.977,0.09,1.32,3.93
ATOM,194.0,OD1,ASN,41.0,24.188,39.97,65.591,-0.55,1.7,36.15
ATOM,195.0,ND2,ASN,41.0,24.1,38.166,64.274,-0.62,1.85,17.45
ATOM,196.0,HD22,ASN,41.0,24.541,37.638,63.542,0.3,0.2245,7.59
ATOM,197.0,HD21,ASN,41.0,23.251,37.846,64.682,0.32,0.2245,6.88
ATOM,198.0,N,ALA,42.0,24.928,39.346,60.438,-0.47,1.85,0.0
ATOM,199.0,CA,ALA,42.0,23.878,39.718,59.498,0.07,2.275,0.14
ATOM,200.0,C,ALA,42.0,23.566,38.442,58.738,0.51,2.0,0.0
ATOM,201.0,O,ALA,42.0,23.961,37.354,59.174,-0.51,1.7,3.57
ATOM,202.0,CB,ALA,42.0,24.367,40.787,58.546,-0.27,2.06,1.21
ATOM,203.0,H,ALA,42.0,25.765,38.783,60.164,0.31,0.2245,0.0
ATOM,204.0,HA,ALA,42.0,23.078,39.996,60.0,0.09,1.32,0.0
ATOM,205.0,HB1,ALA,42.0,24.652,40.367,57.683,0.09,1.32,0.0
ATOM,206.0,HB2,ALA,42.0,23.632,41.443,58.366,0.09,1.32,1.21
ATOM,207.0,HB3,ALA,42.0,25.146,41.269,58.949,0.09,1.32,0.03
ATOM,208.0,N,HIS,43.0,22.791,38.571,57.661,-0.47,1.85,0.0
ATOM,209.0,CA,HIS,43.0,22.421,37.459,56.797,0.07,2.275,0.0
ATOM,210.0,C,HIS,43.0,22.792,37.898,55.395,0.51,2.0,0.0
ATOM,211.0,O,HIS,43.0,22.755,39.08,55.075,-0.51,1.7,0.0
ATOM,212.0,CB,HIS,43.0,20.948,37.149,56.93,-0.09,2.175,0.08
ATOM,213.0,CG,HIS,43.0,20.534,36.966,58.351,-0.05,1.8,0.0
ATOM,214.0,ND1,HIS,43.0,19.603,37.779,58.961,-0.36,1.85,0.77
ATOM,215.0,CD2,HIS,43.0,20.818,35.987,59.241,0.22,1.8,10.62
ATOM,216.0,CE1,HIS,43.0,19.323,37.305,60.159,0.25,1.8,11.01
ATOM,217.0,NE2,HIS,43.0,20.044,36.216,60.355,-0.7,1.85,19.58
ATOM,218.0,H,HIS,43.0,22.467,39.557,57.489,0.31,0.2245,0.0
ATOM,219.0,HA,HIS,43.0,22.968,36.674,57.038,0.09,1.32,0.0
ATOM,220.0,HB2,HIS,43.0,20.412,37.901,56.54,0.09,1.32,0.0
ATOM,221.0,HB3,HIS,43.0,20.738,36.305,56.43,0.09,1.32,0.13
ATOM,222.0,HD1,HIS,43.0,19.204,38.602,58.554,0.32,0.2245,0.0
ATOM,223.0,HD2,HIS,43.0,21.465,35.241,59.116,0.1,1.468,10.75
ATOM,224.0,HE1,HIS,43.0,18.679,37.7,60.808,0.13,0.9,1.52
ATOM,225.0,N,ILE,44.0,23.195,36.942,54.572,-0.47,1.85,0.0
ATOM,226.0,CA,ILE,44.0,23.65,37.218,53.241,0.07,2.275,0.0
ATOM,227.0,C,ILE,44.0,22.86,36.449,52.213,0.51,2.0,0.0
ATOM,228.0,O,ILE,44.0,22.696,35.235,52.325,-0.51,1.7,0.0
ATOM,229.0,CB,ILE,44.0,25.17,36.833,53.13,-0.09,2.275,0.0
ATOM,230.0,CG1,ILE,44.0,26.041,37.858,53.87,-0.18,2.175,0.0
ATOM,231.0,CG2,ILE,44.0,25.612,36.652,51.667,-0.27,2.06,0.0
ATOM,232.0,CD1,ILE,44.0,27.507,37.546,53.806,-0.27,2.06,0.0
ATOM,233.0,H,ILE,44.0,23.15,35.978,54.982,0.31,0.2245,0.0
ATOM,234.0,HA,ILE,44.0,23.47,38.198,53.07,0.09,1.32,0.0
ATOM,235.0,HB,ILE,44.0,25.282,35.952,53.568,0.09,1.32,0.0
ATOM,236.0,HG12,ILE,44.0,25.874,38.755,53.467,0.09,1.32,0.0
ATOM,237.0,HG13,ILE,44.0,25.751,37.875,54.825,0.09,1.32,0.0
ATOM,238.0,HG21,ILE,44.0,26.556,36.335,51.649,0.09,1.32,0.0
ATOM,239.0,HG22,ILE,44.0,25.021,35.981,51.229,0.09,1.32,0.0
ATOM,240.0,HG23,ILE,44.0,25.54,37.526,51.195,0.09,1.32,0.0
ATOM,241.0,HD11,ILE,44.0,27.808,37.531,52.851,0.09,1.32,0.0
ATOM,242.0,HD12,ILE,44.0,28.023,38.245,54.303,0.09,1.32,0.0
ATOM,243.0,HD13,ILE,44.0,27.68,36.651,54.22,0.09,1.32,0.0
ATOM,244.0,N,GLY,45.0,22.412,37.175,51.2,-0.47,1.85,0.0
ATOM,245.0,CA,GLY,45.0,21.705,36.588,50.077,-0.02,2.175,0.0
ATOM,246.0,C,GLY,45.0,22.475,37.024,48.831,0.51,2.0,0.0
ATOM,247.0,O,GLY,45.0,22.536,38.216,48.524,-0.51,1.7,0.0
ATOM,248.0,H,GLY,45.0,22.611,38.198,51.28,0.31,0.2245,0.0
ATOM,249.0,HA2,GLY,45.0,21.718,35.604,50.142,0.09,1.32,0.0
ATOM,250.0,HA3,GLY,45.0,20.785,36.939,50.032,0.09,1.32,0.0
ATOM,251.0,N,VAL,46.0,23.131,36.078,48.166,-0.47,1.85,0.0
ATOM,252.0,CA,VAL,46.0,23.928,36.378,46.979,0.07,2.275,0.0
ATOM,253.0,C,VAL,46.0,23.526,35.533,45.753,0.51,2.0,0.0
ATOM,254.0,O,VAL,46.0,23.052,34.395,45.88,-0.51,1.7,0.0
ATOM,255.0,CB,VAL,46.0,25.459,36.149,47.256,-0.09,2.275,0.0
ATOM,256.0,CG1,VAL,46.0,26.303,36.531,46.072,-0.27,2.06,0.0
ATOM,257.0,CG2,VAL,46.0,25.909,36.911,48.456,-0.27,2.06,0.0
ATOM,258.0,H,VAL,46.0,23.029,35.12,48.558,0.31,0.2245,0.0
ATOM,259.0,HA,VAL,46.0,23.783,37.351,46.737,0.09,1.32,0.0
ATOM,260.0,HB,VAL,46.0,25.576,35.17,47.414,0.09,1.32,0.0
ATOM,261.0,HG11,VAL,46.0,25.901,36.162,45.23,0.09,1.32,0.0
ATOM,262.0,HG12,VAL,46.0,26.356,37.53,45.996,0.09,1.32,0.0
ATOM,263.0,HG13,VAL,46.0,27.23,36.163,46.178,0.09,1.32,0.0
ATOM,264.0,HG21,VAL,46.0,25.582,36.462,49.293,0.09,1.32,0.0
ATOM,265.0,HG22,VAL,46.0,26.913,36.953,48.482,0.09,1.32,0.0
ATOM,266.0,HG23,VAL,46.0,25.545,37.847,48.427,0.09,1.32,0.0
ATOM,267.0,N,TYR,47.0,23.7,36.139,44.581,-0.47,1.85,0.0
ATOM,268.0,CA,TYR,47.0,23.441,35.533,43.277,0.07,2.275,0.0
ATOM,269.0,C,TYR,47.0,24.177,36.324,42.207,0.51,2.0,0.0
ATOM,270.0,O,TYR,47.0,23.834,37.478,41.912,-0.51,1.7,0.0
ATOM,271.0,CB,TYR,47.0,21.965,35.499,42.935,-0.18,2.175,0.0
ATOM,272.0,CG,TYR,47.0,21.709,34.956,41.561,0.0,1.9924,0.0
ATOM,273.0,CD1,TYR,47.0,22.0,33.631,41.242,-0.115,1.9924,0.0
ATOM,274.0,CD2,TYR,47.0,21.224,35.788,40.558,-0.115,1.9924,0.0
ATOM,275.0,CE1,TYR,47.0,21.816,33.155,39.95,-0.115,1.9924,0.13
ATOM,276.0,CE2,TYR,47.0,21.043,35.323,39.274,-0.115,1.9924,0.0
ATOM,277.0,CZ,TYR,47.0,21.345,34.013,38.981,0.11,1.9924,0.0
ATOM,278.0,OH,TYR,47.0,21.198,33.6,37.69,-0.54,1.77,0.27
ATOM,279.0,H,TYR,47.0,24.055,37.135,44.675,0.31,0.2245,0.0
ATOM,280.0,HA,TYR,47.0,23.804,34.601,43.285,0.09,1.32,0.0
ATOM,281.0,HB2,TYR,47.0,21.501,34.918,43.594,0.09,1.32,0.0
ATOM,282.0,HB3,TYR,47.0,21.61,36.426,42.977,0.09,1.32,0.0
ATOM,283.0,HD1,TYR,47.0,22.345,33.016,41.949,0.115,1.3582,0.0
ATOM,284.0,HD2,TYR,47.0,21.003,36.739,40.777,0.115,1.3582,0.0
ATOM,285.0,HE1,TYR,47.0,22.022,32.203,39.731,0.115,1.3582,0.0
ATOM,286.0,HE2,TYR,47.0,20.695,35.932,38.559,0.115,1.3582,0.0
ATOM,287.0,HH,TYR,47.0,21.427,32.629,37.622,0.43,0.2245,0.08
ATOM,288.0,N,ALA,48.0,25.211,35.696,41.656,-0.47,1.85,0.0
ATOM,289.0,CA,ALA,48.0,26.025,36.294,40.622,0.07,2.275,0.0
ATOM,290.0,C,ALA,48.0,25.917,35.389,39.416,0.51,2.0,0.0
ATOM,291.0,O,ALA,48.0,26.111,34.188,39.519,-0.51,1.7,0.0
ATOM,292.0,CB,ALA,48.0,27.458,36.399,41.079,-0.27,2.06,0.0
ATOM,293.0,H,ALA,48.0,25.38,34.735,42.038,0.31,0.2245,0.0
ATOM,294.0,HA,ALA,48.0,25.657,37.186,40.389,0.09,1.32,0.0
ATOM,295.0,HB1,ALA,48.0,27.988,35.628,40.721,0.09,1.32,0.0
ATOM,296.0,HB2,ALA,48.0,27.86,37.254,40.747,0.09,1.32,0.0
ATOM,297.0,HB3,ALA,48.0,27.499,36.386,42.08,0.09,1.32,0.0
ATOM,298.0,N,LEU,49.0,25.528,35.947,38.284,-0.47,1.85,0.0
ATOM,299.0,CA,LEU,49.0,25.387,35.153,37.074,0.07,2.275,0.0
ATOM,300.0,C,LEU,49.0,26.232,35.812,36.013,0.51,2.0,0.0
ATOM,301.0,O,LEU,49.0,26.052,36.993,35.682,-0.51,1.7,0.0
ATOM,302.0,CB,LEU,49.0,23.922,35.064,36.613,-0.18,2.175,0.0
ATOM,303.0,CG,LEU,49.0,23.554,34.309,35.317,-0.09,2.275,1.23
ATOM,304.0,CD1,LEU,49.0,23.772,35.163,34.088,-0.27,2.06,2.16
ATOM,305.0,CD2,LEU,49.0,24.305,33.007,35.226,-0.27,2.06,5.2
ATOM,306.0,H,LEU,49.0,25.339,36.962,38.331,0.31,0.2245,0.0
ATOM,307.0,HA,LEU,49.0,25.74,34.241,37.247,0.09,1.32,0.0
ATOM,308.0,HB2,LEU,49.0,23.394,34.631,37.362,0.09,1.32,0.0
ATOM,309.0,HB3,LEU,49.0,23.579,36.01,36.506,0.09,1.32,0.0
ATOM,310.0,HG,LEU,49.0,22.589,34.035,35.374,0.09,1.32,4.1
ATOM,311.0,HD11,LEU,49.0,24.735,35.433,34.029,0.09,1.32,0.0
ATOM,312.0,HD12,LEU,49.0,23.525,34.645,33.267,0.09,1.32,8.05
ATOM,313.0,HD13,LEU,49.0,23.203,35.986,34.142,0.09,1.32,0.0
ATOM,314.0,HD21,LEU,49.0,24.077,32.425,36.011,0.09,1.32,0.0
ATOM,315.0,HD22,LEU,49.0,24.057,32.527,34.38,0.09,1.32,6.06
ATOM,316.0,HD23,LEU,49.0,25.293,33.181,35.225,0.09,1.32,0.0
ATOM,317.0,N,ASP,50.0,27.212,35.076,35.529,-0.47,1.85,0.0
ATOM,318.0,CA,ASP,50.0,28.065,35.615,34.511,0.07,2.275,0.0
ATOM,319.0,C,ASP,50.0,27.226,35.533,33.257,0.51,2.0,0.0
ATOM,320.0,O,ASP,50.0,26.657,34.477,32.988,-0.51,1.7,0.19
ATOM,321.0,CB,ASP,50.0,29.311,34.766,34.374,-0.28,2.175,0.0
ATOM,322.0,CG,ASP,50.0,30.214,35.268,33.302,0.62,2.0,0.0
ATOM,323.0,OD1,ASP,50.0,29.837,36.257,32.612,-0.76,1.7,0.0
ATOM,324.0,OD2,ASP,50.0,31.308,34.679,33.176,-0.76,1.7,9.49
ATOM,325.0,H,ASP,50.0,27.3,34.131,35.93,0.31,0.2245,0.0
ATOM,326.0,HA,ASP,50.0,28.204,36.571,34.705,0.09,1.32,0.0
ATOM,327.0,HB2,ASP,50.0,29.793,34.785,35.245,0.09,1.32,0.0
ATOM,328.0,HB3,ASP,50.0,29.028,33.837,34.158,0.09,1.32,0.0
ATOM,329.0,N,THR,51.0,27.136,36.635,32.512,-0.47,1.85,0.0
ATOM,330.0,CA,THR,51.0,26.34,36.67,31.279,0.07,2.275,0.13
ATOM,331.0,C,THR,51.0,27.126,36.024,30.132,0.51,2.0,0.0
ATOM,332.0,O,THR,51.0,26.543,35.574,29.138,-0.51,1.7,18.74
ATOM,333.0,CB,THR,51.0,25.952,38.119,30.91,0.14,2.275,0.0
ATOM,334.0,OG1,THR,51.0,25.191,38.694,31.969,-0.66,1.77,0.0
ATOM,335.0,CG2,THR,51.0,25.121,38.155,29.642,-0.27,2.06,14.96
ATOM,336.0,H,THR,51.0,27.666,37.45,32.871,0.31,0.2245,0.0
ATOM,337.0,HA,THR,51.0,25.504,36.139,31.425,0.09,1.32,1.38
ATOM,338.0,HB,THR,51.0,26.807,38.664,30.793,0.09,1.32,0.0
ATOM,339.0,HG21,THR,51.0,25.715,38.307,28.848,0.09,1.32,0.54
ATOM,340.0,HG22,THR,51.0,24.637,37.284,29.525,0.09,1.32,0.35
ATOM,341.0,HG23,THR,51.0,24.448,38.898,29.694,0.09,1.32,0.16
ATOM,342.0,HG1,THR,51.0,25.451,38.287,32.852,0.43,0.2245,0.0
ATOM,343.0,N,LYS,52.0,28.454,36.025,30.265,-0.47,1.85,0.0
ATOM,344.0,CA,LYS,52.0,29.332,35.414,29.274,0.07,2.275,0.05
ATOM,345.0,C,LYS,52.0,29.414,33.91,29.547,0.51,2.0,0.0
ATOM,346.0,O,LYS,52.0,28.769,33.131,28.875,-0.51,1.7,23.1
ATOM,347.0,CB,LYS,52.0,30.724,36.046,29.315,-0.18,2.175,0.0
ATOM,348.0,CG,LYS,52.0,31.514,35.825,28.036,-0.18,2.175,4.6
ATOM,349.0,CD,LYS,52.0,32.928,36.403,28.123,-0.18,2.175,1.67
ATOM,350.0,CE,LYS,52.0,33.644,36.399,26.767,0.21,2.175,14.6
ATOM,351.0,NZ,LYS,52.0,33.876,35.012,26.216,-0.3,1.85,14.34
ATOM,352.0,H,LYS,52.0,28.801,36.494,31.127,0.31,0.2245,0.0
ATOM,353.0,HA,LYS,52.0,28.946,35.552,28.364,0.09,1.32,2.89
ATOM,354.0,HB2,LYS,52.0,30.618,37.024,29.454,0.09,1.32,0.0
ATOM,355.0,HB3,LYS,52.0,31.228,35.641,30.071,0.09,1.32,0.14
ATOM,356.0,HG2,LYS,52.0,31.583,34.841,27.857,0.09,1.32,3.19
ATOM,357.0,HG3,LYS,52.0,31.036,36.265,27.273,0.09,1.32,2.11
ATOM,358.0,HD2,LYS,52.0,32.871,37.344,28.445,0.09,1.32,0.0
ATOM,359.0,HD3,LYS,52.0,33.461,35.854,28.761,0.09,1.32,8.88
ATOM,360.0,HE2,LYS,52.0,33.091,36.92,26.107,0.05,1.32,4.49
ATOM,361.0,HE3,LYS,52.0,34.534,36.858,26.868,0.05,1.32,10.55
ATOM,362.0,HZ1,LYS,52.0,34.298,34.453,26.924,0.33,0.2245,16.71
ATOM,363.0,HZ2,LYS,52.0,32.999,34.623,25.948,0.33,0.2245,13.73
ATOM,364.0,HZ3,LYS,52.0,34.478,35.078,25.425,0.33,0.2245,20.09
ATOM,365.0,N,SER,53.0,30.175,33.503,30.558,-0.47,1.85,0.01
ATOM,366.0,CA,SER,53.0,30.308,32.077,30.884,0.07,2.275,2.41
ATOM,367.0,C,SER,53.0,28.999,31.408,31.296,0.51,2.0,0.0
ATOM,368.0,O,SER,53.0,28.723,30.276,30.917,-0.51,1.7,30.67
ATOM,369.0,CB,SER,53.0,31.338,31.865,32.008,0.05,2.175,20.46
ATOM,370.0,OG,SER,53.0,30.834,32.23,33.297,-0.66,1.77,0.82
ATOM,371.0,H,SER,53.0,30.653,34.254,31.082,0.31,0.2245,0.0
ATOM,372.0,HA,SER,53.0,30.652,31.602,30.052,0.09,1.32,10.74
ATOM,373.0,HB2,SER,53.0,31.597,30.899,32.028,0.09,1.32,10.83
ATOM,374.0,HB3,SER,53.0,32.145,32.422,31.812,0.09,1.32,7.75
ATOM,375.0,HG,SER,53.0,30.949,33.212,33.426,0.43,0.2245,0.0
ATOM,376.0,N,GLY,54.0,28.207,32.113,32.089,-0.47,1.85,0.0
ATOM,377.0,CA,GLY,54.0,26.961,31.552,32.574,-0.02,2.175,13.02
ATOM,378.0,C,GLY,54.0,27.234,30.902,33.925,0.51,2.0,0.59
ATOM,379.0,O,GLY,54.0,26.489,30.025,34.376,-0.51,1.7,21.46
ATOM,380.0,H,GLY,54.0,28.544,33.061,32.321,0.31,0.2245,0.0
ATOM,381.0,HA2,GLY,54.0,26.284,32.273,32.686,0.09,1.32,0.15
ATOM,382.0,HA3,GLY,54.0,26.627,30.863,31.938,0.09,1.32,7.95
ATOM,383.0,N,LYS,55.0,28.361,31.277,34.532,-0.47,1.85,0.04
ATOM,384.0,CA,LYS,55.0,28.739,30.753,35.838,0.07,2.275,2.78
ATOM,385.0,C,LYS,55.0,27.892,31.478,36.887,0.51,2.0,0.0
ATOM,386.0,O,LYS,55.0,27.729,32.698,36.813,-0.51,1.7,0.0
ATOM,387.0,CB,LYS,55.0,30.232,30.978,36.108,-0.18,2.175,2.07
ATOM,388.0,CG,LYS,55.0,30.696,30.458,37.479,-0.18,2.175,3.15
ATOM,389.0,CD,LYS,55.0,32.136,30.842,37.811,-0.18,2.175,4.84
ATOM,390.0,CE,LYS,55.0,32.55,30.291,39.168,0.21,2.175,10.15
ATOM,391.0,NZ,LYS,55.0,34.031,30.324,39.345,-0.3,1.85,6.62
ATOM,392.0,H,LYS,55.0,28.932,31.962,34.0,0.31,0.2245,0.0
ATOM,393.0,HA,LYS,55.0,28.53,29.783,35.876,0.09,1.32,5.57
ATOM,394.0,HB2,LYS,55.0,30.753,30.503,35.407,0.09,1.32,5.08
ATOM,395.0,HB3,LYS,55.0,30.414,31.955,36.072,0.09,1.32,0.0
ATOM,396.0,HG2,LYS,55.0,30.089,30.834,38.186,0.09,1.32,0.0
ATOM,397.0,HG3,LYS,55.0,30.617,29.457,37.486,0.09,1.32,9.49
ATOM,398.0,HD2,LYS,55.0,32.736,30.463,37.117,0.09,1.32,8.49
ATOM,399.0,HD3,LYS,55.0,32.206,31.831,37.835,0.09,1.32,0.0
ATOM,400.0,HE2,LYS,55.0,32.121,30.841,39.887,0.05,1.32,0.0
ATOM,401.0,HE3,LYS,55.0,32.231,29.344,39.246,0.05,1.32,9.58
ATOM,402.0,HZ1,LYS,55.0,34.472,30.143,38.467,0.33,0.2245,14.95
ATOM,403.0,HZ2,LYS,55.0,34.303,31.226,39.678,0.33,0.2245,0.0
ATOM,404.0,HZ3,LYS,55.0,34.3,29.626,40.007,0.33,0.2245,10.06
ATOM,405.0,N,GLU,56.0,27.348,30.724,37.844,-0.47,1.85,0.0
ATOM,406.0,CA,GLU,56.0,26.509,31.285,38.896,0.07,2.275,0.0
ATOM,407.0,C,GLU,56.0,27.068,31.03,40.246,0.51,2.0,0.0
ATOM,408.0,O,GLU,56.0,27.119,29.884,40.673,-0.51,1.7,14.25
ATOM,409.0,CB,GLU,56.0,25.157,30.621,38.935,-0.18,2.175,0.21
ATOM,410.0,CG,GLU,56.0,24.32,30.795,37.745,-0.28,2.175,2.63
ATOM,411.0,CD,GLU,56.0,23.01,30.155,37.996,0.62,2.0,3.97
ATOM,412.0,OE1,GLU,56.0,23.0,28.932,38.249,-0.76,1.7,25.92
ATOM,413.0,OE2,GLU,56.0,21.999,30.872,38.009,-0.76,1.7,3.57
ATOM,414.0,H,GLU,56.0,27.574,29.709,37.773,0.31,0.2245,7.91
ATOM,415.0,HA,GLU,56.0,26.408,32.284,38.738,0.09,1.32,0.0
ATOM,416.0,HB2,GLU,56.0,25.313,29.642,39.072,0.09,1.32,2.29
ATOM,417.0,HB3,GLU,56.0,24.668,30.993,39.724,0.09,1.32,0.0
ATOM,418.0,HG2,GLU,56.0,24.166,31.746,37.594,0.09,1.32,0.0
ATOM,419.0,HG3,GLU,56.0,24.735,30.342,36.987,0.09,1.32,0.63
ATOM,420.0,N,VAL,57.0,27.456,32.088,40.936,-0.47,1.85,0.0
ATOM,421.0,CA,VAL,57.0,27.963,31.959,42.288,0.07,2.275,0.0
ATOM,422.0,C,VAL,57.0,26.764,32.307,43.145,0.51,2.0,0.0
ATOM,423.0,O,VAL,57.0,26.042,33.246,42.819,-0.51,1.7,0.0
ATOM,424.0,CB,VAL,57.0,29.095,32.959,42.586,-0.09,2.275,0.0
ATOM,425.0,CG1,VAL,57.0,29.399,32.943,44.069,-0.27,2.06,13.01
ATOM,426.0,CG2,VAL,57.0,30.356,32.594,41.785,-0.27,2.06,2.33
ATOM,427.0,H,VAL,57.0,27.368,32.995,40.438,0.31,0.2245,0.0
ATOM,428.0,HA,VAL,57.0,28.194,31.019,42.448,0.09,1.32,3.65
ATOM,429.0,HB,VAL,57.0,28.761,33.866,42.364,0.09,1.32,0.0
ATOM,430.0,HG11,VAL,57.0,28.979,33.739,44.509,0.09,1.32,0.0
ATOM,431.0,HG12,VAL,57.0,29.032,32.107,44.48,0.09,1.32,2.75
ATOM,432.0,HG13,VAL,57.0,30.39,32.972,44.211,0.09,1.32,0.97
ATOM,433.0,HG21,VAL,57.0,30.374,33.136,40.948,0.09,1.32,0.0
ATOM,434.0,HG22,VAL,57.0,31.16,32.795,42.34,0.09,1.32,0.0
ATOM,435.0,HG23,VAL,57.0,30.327,31.622,41.563,0.09,1.32,2.05
ATOM,436.0,N,LYS,59.0,26.494,31.518,44.18,-0.47,1.85,0.0
ATOM,437.0,CA,LYS,59.0,25.362,31.827,45.041,0.07,2.275,0.0
ATOM,438.0,C,LYS,59.0,25.398,31.302,46.462,0.51,2.0,0.23
ATOM,439.0,O,LYS,59.0,25.711,30.147,46.716,-0.51,1.7,24.66
ATOM,440.0,CB,LYS,59.0,24.039,31.484,44.369,-0.18,2.175,0.0
ATOM,441.0,CG,LYS,59.0,23.97,30.135,43.771,-0.18,2.175,3.25
ATOM,442.0,CD,LYS,59.0,22.755,30.055,42.892,-0.18,2.175,0.42
ATOM,443.0,CE,LYS,59.0,22.696,28.723,42.19,0.21,2.175,18.58
ATOM,444.0,NZ,LYS,59.0,23.899,28.495,41.315,-0.3,1.85,4.16
ATOM,445.0,H,LYS,59.0,27.12,30.718,44.308,0.31,0.2245,7.6
ATOM,446.0,HA,LYS,59.0,25.259,32.858,45.079,0.09,1.32,0.0
ATOM,447.0,HB2,LYS,59.0,23.313,31.576,45.063,0.09,1.32,0.0
ATOM,448.0,HB3,LYS,59.0,23.876,32.174,43.652,0.09,1.32,0.0
ATOM,449.0,HG2,LYS,59.0,24.78,29.965,43.216,0.09,1.32,0.02
ATOM,450.0,HG3,LYS,59.0,23.895,29.446,44.487,0.09,1.32,6.55
ATOM,451.0,HD2,LYS,59.0,21.939,30.157,43.452,0.09,1.32,0.0
ATOM,452.0,HD3,LYS,59.0,22.798,30.775,42.207,0.09,1.32,0.0
ATOM,453.0,HE2,LYS,59.0,22.653,27.987,42.871,0.05,1.32,10.87
ATOM,454.0,HE3,LYS,59.0,21.873,28.682,41.617,0.05,1.32,8.51
ATOM,455.0,HZ1,LYS,59.0,23.707,27.741,40.692,0.33,0.2245,12.41
ATOM,456.0,HZ2,LYS,59.0,24.085,29.327,40.797,0.33,0.2245,0.0
ATOM,457.0,HZ3,LYS,59.0,24.68,28.271,41.892,0.33,0.2245,9.18
ATOM,458.0,N,PHE,60.0,25.059,32.183,47.391,-0.47,1.85,0.0
ATOM,459.0,CA,PHE,60.0,25.021,31.874,48.805,0.07,2.275,0.0
ATOM,460.0,C,PHE,60.0,23.636,32.369,49.295,0.51,2.0,0.0
ATOM,461.0,O,PHE,60.0,23.327,33.567,49.205,-0.51,1.7,0.0
ATOM,462.0,CB,PHE,60.0,26.169,32.615,49.483,-0.18,2.175,0.11
ATOM,463.0,CG,PHE,60.0,26.223,32.423,50.966,0.0,1.9924,0.0
ATOM,464.0,CD1,PHE,60.0,26.455,31.172,51.512,-0.115,1.9924,5.03
ATOM,465.0,CD2,PHE,60.0,25.978,33.483,51.824,-0.115,1.9924,0.0
ATOM,466.0,CE1,PHE,60.0,26.433,30.985,52.888,-0.115,1.9924,5.39
ATOM,467.0,CE2,PHE,60.0,25.955,33.288,53.203,-0.115,1.9924,0.0
ATOM,468.0,CZ,PHE,60.0,26.181,32.04,53.727,-0.115,1.9924,1.91
ATOM,469.0,H,PHE,60.0,24.818,33.134,47.008,0.31,0.2245,0.0
ATOM,470.0,HA,PHE,60.0,25.008,30.894,48.9,0.09,1.32,1.41
ATOM,471.0,HB2,PHE,60.0,27.017,32.278,49.098,0.09,1.32,4.37
ATOM,472.0,HB3,PHE,60.0,26.054,33.582,49.302,0.09,1.32,0.0
ATOM,473.0,HD1,PHE,60.0,26.641,30.395,50.918,0.115,1.3582,12.08
ATOM,474.0,HD2,PHE,60.0,25.817,34.397,51.454,0.115,1.3582,0.0
ATOM,475.0,HE1,PHE,60.0,26.604,30.059,53.259,0.115,1.3582,5.24
ATOM,476.0,HE2,PHE,60.0,25.768,34.081,53.81,0.115,1.3582,0.0
ATOM,477.0,HZ,PHE,60.0,26.163,31.897,54.721,0.115,1.3582,0.8
ATOM,478.0,N,ASN,61.0,22.78,31.453,49.748,-0.47,1.85,0.27
ATOM,479.0,CA,ASN,61.0,21.438,31.828,50.202,0.07,2.275,1.78
ATOM,480.0,C,ASN,61.0,20.52,32.463,49.125,0.51,2.0,0.0
ATOM,481.0,O,ASN,61.0,19.51,33.105,49.442,-0.51,1.7,0.0
ATOM,482.0,CB,ASN,61.0,21.519,32.759,51.412,-0.18,2.175,0.0
ATOM,483.0,CG,ASN,61.0,21.814,32.022,52.689,0.55,2.0,0.0
ATOM,484.0,H,ASN,61.0,23.135,30.483,49.751,0.31,0.2245,12.16
ATOM,485.0,HA,ASN,61.0,20.972,30.971,50.505,0.09,1.32,5.54
ATOM,486.0,HB2,ASN,61.0,22.245,33.423,51.247,0.09,1.32,0.0
ATOM,487.0,HB3,ASN,61.0,20.643,33.228,51.503,0.09,1.32,0.0
ATOM,488.0,OD1,ASN,61.0,21.687,30.794,52.746,-0.55,1.7,24.84
ATOM,489.0,ND2,ASN,61.0,22.225,32.755,53.721,-0.62,1.85,0.21
ATOM,490.0,HD22,ASN,61.0,22.316,33.747,53.619,0.3,0.2245,0.0
ATOM,491.0,HD21,ASN,61.0,22.44,32.319,54.592,0.32,0.2245,11.77
ATOM,492.0,N,SER,62.0,20.823,32.207,47.855,-0.47,1.85,0.44
ATOM,493.0,CA,SER,62.0,20.048,32.747,46.746,0.07,2.275,0.0
ATOM,494.0,C,SER,62.0,18.576,32.339,46.697,0.51,2.0,0.0
ATOM,495.0,O,SER,62.0,17.84,32.865,45.879,-0.51,1.7,0.0
ATOM,496.0,CB,SER,62.0,20.705,32.362,45.431,0.05,2.175,0.0
ATOM,497.0,OG,SER,62.0,20.491,30.993,45.202,-0.66,1.77,7.48
ATOM,498.0,H,SER,62.0,21.655,31.592,47.725,0.31,0.2245,2.02
ATOM,499.0,HA,SER,62.0,20.081,33.771,46.811,0.09,1.32,0.0
ATOM,500.0,HB2,SER,62.0,20.294,32.886,44.7,0.09,1.32,0.0
ATOM,501.0,HB3,SER,62.0,21.677,32.536,45.494,0.09,1.32,0.0
ATOM,502.0,HG,SER,62.0,19.509,30.808,45.145,0.43,0.2245,1.27
ATOM,503.0,N,ASP,63.0,18.145,31.407,47.547,-0.47,1.85,0.02
ATOM,504.0,CA,ASP,63.0,16.737,30.972,47.573,0.07,2.275,0.0
ATOM,505.0,C,ASP,63.0,15.98,31.389,48.822,0.51,2.0,0.43
ATOM,506.0,O,ASP,63.0,14.933,30.814,49.162,-0.51,1.7,21.17
ATOM,507.0,CB,ASP,63.0,16.598,29.458,47.403,-0.28,2.175,16.53
ATOM,508.0,CG,ASP,63.0,16.558,29.033,45.938,0.62,2.0,3.35
ATOM,509.0,OD1,ASP,63.0,16.441,29.925,45.066,-0.76,1.7,14.56
ATOM,510.0,OD2,ASP,63.0,16.648,27.813,45.676,-0.76,1.7,47.69
ATOM,511.0,H,ASP,63.0,18.869,31.02,48.178,0.31,0.2245,2.43
ATOM,512.0,HA,ASP,63.0,16.281,31.419,46.78,0.09,1.32,0.0
ATOM,513.0,HB2,ASP,63.0,17.379,29.025,47.836,0.09,1.32,8.79
ATOM,514.0,HB3,ASP,63.0,15.753,29.174,47.837,0.09,1.32,5.45
ATOM,515.0,N,LYS,64.0,16.552,32.374,49.502,-0.47,1.85,0.0
ATOM,516.0,CA,LYS,64.0,15.994,32.942,50.72,0.07,2.275,0.39
ATOM,517.0,C,LYS,64.0,15.244,34.205,50.355,0.51,2.0,0.0
ATOM,518.0,O,LYS,64.0,15.661,34.955,49.487,-0.51,1.7,0.0
ATOM,519.0,CB,LYS,64.0,17.116,33.369,51.655,-0.18,2.175,0.0
ATOM,520.0,CG,LYS,64.0,17.849,32.297,52.404,-0.18,2.175,10.57
ATOM,521.0,CD,LYS,64.0,18.541,32.981,53.574,-0.18,2.175,2.07
ATOM,522.0,CE,LYS,64.0,17.511,33.804,54.374,0.21,2.175,7.63
ATOM,523.0,NZ,LYS,64.0,18.059,34.621,55.498,-0.3,1.85,4.28
ATOM,524.0,H,LYS,64.0,17.455,32.714,49.08,0.31,0.2245,0.0
ATOM,525.0,HA,LYS,64.0,15.355,32.288,51.122,0.09,1.32,4.26
ATOM,526.0,HB2,LYS,64.0,17.792,33.894,51.105,0.09,1.32,0.0
ATOM,527.0,HB3,LYS,64.0,16.722,34.02,52.331,0.09,1.32,0.0
ATOM,528.0,HG2,LYS,64.0,17.211,31.637,52.755,0.09,1.32,8.79
ATOM,529.0,HG3,LYS,64.0,18.531,31.889,51.827,0.09,1.32,0.01
ATOM,530.0,HD2,LYS,64.0,18.921,32.298,54.173,0.09,1.32,7.54
ATOM,531.0,HD3,LYS,64.0,19.228,33.598,53.233,0.09,1.32,0.0
ATOM,532.0,HE2,LYS,64.0,17.025,34.42,53.724,0.05,1.32,0.0
ATOM,533.0,HE3,LYS,64.0,16.811,33.162,54.743,0.05,1.32,11.15
ATOM,534.0,HZ1,LYS,64.0,19.057,34.589,55.472,0.33,0.2245,1.55
ATOM,535.0,HZ2,LYS,64.0,17.749,35.565,55.4,0.33,0.2245,1.35
ATOM,536.0,HZ3,LYS,64.0,17.733,34.248,56.365,0.33,0.2245,16.82
ATOM,537.0,N,ARG,65.0,14.146,34.451,51.034,-0.47,1.85,0.05
ATOM,538.0,CA,ARG,65.0,13.405,35.664,50.791,0.07,2.275,0.0
ATOM,539.0,C,ARG,65.0,13.95,36.804,51.69,0.51,2.0,0.0
ATOM,540.0,O,ARG,65.0,14.181,36.611,52.883,-0.51,1.7,7.26
ATOM,541.0,CB,ARG,65.0,11.893,35.448,51.044,-0.18,2.175,5.67
ATOM,542.0,CG,ARG,65.0,11.121,34.882,49.849,-0.18,2.175,1.78
ATOM,543.0,CD,ARG,65.0,9.621,34.974,50.034,0.2,2.175,2.78
ATOM,544.0,NE,ARG,65.0,8.87,34.356,48.94,-0.7,1.85,0.18
ATOM,545.0,CZ,ARG,65.0,8.35,35.012,47.901,0.64,2.0,0.0
ATOM,546.0,NH1,ARG,65.0,8.529,36.32,47.764,-0.8,1.85,0.0
ATOM,547.0,NH2,ARG,65.0,7.669,34.351,46.97,-0.8,1.85,2.77
ATOM,548.0,H,ARG,65.0,13.875,33.733,51.723,0.31,0.2245,9.1
ATOM,549.0,HA,ARG,65.0,13.52,35.947,49.837,0.09,1.32,0.0
ATOM,550.0,HB2,ARG,65.0,11.798,34.812,51.803,0.09,1.32,7.99
ATOM,551.0,HB3,ARG,65.0,11.493,36.328,51.281,0.09,1.32,0.0
ATOM,552.0,HG2,ARG,65.0,11.37,35.394,49.027,0.09,1.32,0.0
ATOM,553.0,HG3,ARG,65.0,11.366,33.92,49.729,0.09,1.32,5.02
ATOM,554.0,HD2,ARG,65.0,9.383,34.517,50.892,0.09,1.32,5.66
ATOM,555.0,HD3,ARG,65.0,9.373,35.942,50.094,0.09,1.32,0.0
ATOM,556.0,HE,ARG,65.0,8.734,33.354,48.973,0.44,0.2245,12.5
ATOM,557.0,HH11,ARG,65.0,9.073,36.831,48.427,0.46,0.2245,0.0
ATOM,558.0,HH12,ARG,65.0,8.115,36.801,46.986,0.46,0.2245,0.0
ATOM,559.0,HH21,ARG,65.0,7.568,33.356,47.047,0.46,0.2245,13.23
ATOM,560.0,HH22,ARG,65.0,7.263,34.839,46.202,0.46,0.2245,3.22
ATOM,561.0,N,PHE,66.0,14.145,37.977,51.087,-0.47,1.85,0.0
ATOM,562.0,CA,PHE,66.0,14.614,39.191,51.74,0.07,2.275,0.0
ATOM,563.0,C,PHE,66.0,13.805,40.355,51.14,0.51,2.0,0.0
ATOM,564.0,O,PHE,66.0,13.315,40.29,50.002,-0.51,1.7,0.0
ATOM,565.0,CB,PHE,66.0,16.075,39.493,51.37,-0.18,2.175,0.0
ATOM,566.0,CG,PHE,66.0,17.092,38.475,51.831,0.0,1.9924,0.0
ATOM,567.0,CD1,PHE,66.0,17.213,37.244,51.209,-0.115,1.9924,0.0
ATOM,568.0,CD2,PHE,66.0,18.022,38.81,52.8,-0.115,1.9924,0.0
ATOM,569.0,CE1,PHE,66.0,18.249,36.372,51.545,-0.115,1.9924,0.0
ATOM,570.0,CE2,PHE,66.0,19.058,37.949,53.147,-0.115,1.9924,0.0
ATOM,571.0,CZ,PHE,66.0,19.178,36.73,52.52,-0.115,1.9924,0.0
ATOM,572.0,H,PHE,66.0,13.92,37.949,50.047,0.31,0.2245,0.0
ATOM,573.0,HA,PHE,66.0,14.356,39.134,52.694,0.09,1.32,0.0
ATOM,574.0,HB2,PHE,66.0,16.129,39.549,50.378,0.09,1.32,0.0
ATOM,575.0,HB3,PHE,66.0,16.314,40.368,51.779,0.09,1.32,0.0
ATOM,576.0,HD1,PHE,66.0,16.558,36.969,50.511,0.115,1.3582,0.0
ATOM,577.0,HD2,PHE,66.0,17.95,39.699,53.267,0.115,1.3582,0.0
ATOM,578.0,HE1,PHE,66.0,18.318,35.483,51.078,0.115,1.3582,0.0
ATOM,579.0,HE2,PHE,66.0,19.718,38.23,53.865,0.115,1.3582,0.0
ATOM,580.0,HZ,PHE,66.0,19.916,36.103,52.752,0.115,1.3582,0.0
ATOM,581.0,N,ALA,67.0,13.735,41.46,51.868,-0.47,1.85,0.0
ATOM,582.0,CA,ALA,67.0,13.084,42.658,51.355,0.07,2.275,0.0
ATOM,583.0,C,ALA,67.0,14.022,43.265,50.326,0.51,2.0,0.0
ATOM,584.0,O,ALA,67.0,15.12,43.665,50.69,-0.51,1.7,0.0
ATOM,585.0,CB,ALA,67.0,12.891,43.65,52.466,-0.27,2.06,0.77
ATOM,586.0,H,ALA,67.0,14.17,41.399,52.805,0.31,0.2245,0.0
ATOM,587.0,HA,ALA,67.0,12.237,42.4,50.906,0.09,1.32,0.0
ATOM,588.0,HB1,ALA,67.0,13.658,43.599,53.11,0.09,1.32,0.0
ATOM,589.0,HB2,ALA,67.0,12.843,44.58,52.093,0.09,1.32,0.0
ATOM,590.0,HB3,ALA,67.0,12.04,43.454,52.959,0.09,1.32,0.2
ATOM,591.0,N,TYR,68.0,13.644,43.303,49.053,-0.47,1.85,0.0
ATOM,592.0,CA,TYR,68.0,14.52,43.93,48.045,0.07,2.275,0.0
ATOM,593.0,C,TYR,68.0,14.667,45.465,48.164,0.51,2.0,0.0
ATOM,594.0,O,TYR,68.0,15.692,46.027,47.739,-0.51,1.7,0.0
ATOM,595.0,CB,TYR,68.0,14.153,43.546,46.608,-0.18,2.175,0.0
ATOM,596.0,CG,TYR,68.0,12.697,43.555,46.268,0.0,1.9924,0.0
ATOM,597.0,CD1,TYR,68.0,11.96,44.737,46.253,-0.115,1.9924,0.0
ATOM,598.0,CD2,TYR,68.0,12.055,42.376,45.941,-0.115,1.9924,0.0
ATOM,599.0,CE1,TYR,68.0,10.61,44.73,45.916,-0.115,1.9924,0.02
ATOM,600.0,CE2,TYR,68.0,10.726,42.348,45.609,-0.115,1.9924,0.0
ATOM,601.0,CZ,TYR,68.0,10.003,43.521,45.591,0.11,1.9924,0.53
ATOM,602.0,OH,TYR,68.0,8.671,43.473,45.209,-0.54,1.77,2.54
ATOM,603.0,H,TYR,68.0,12.737,42.881,48.838,0.31,0.2245,0.0
ATOM,604.0,HA,TYR,68.0,15.451,43.524,48.142,0.09,1.32,0.0
ATOM,605.0,HB2,TYR,68.0,14.63,44.185,45.989,0.09,1.32,0.0
ATOM,606.0,HB3,TYR,68.0,14.514,42.619,46.437,0.09,1.32,0.0
ATOM,607.0,HD1,TYR,68.0,12.403,45.601,46.487,0.115,1.3582,0.0
ATOM,608.0,HD2,TYR,68.0,12.581,41.517,45.947,0.115,1.3582,0.0
ATOM,609.0,HE1,TYR,68.0,10.086,45.576,45.906,0.115,1.3582,1.0
ATOM,610.0,HE2,TYR,68.0,10.276,41.48,45.38,0.115,1.3582,0.0
ATOM,611.0,HH,TYR,68.0,8.421,42.525,45.031,0.43,0.2245,0.0
ATOM,612.0,N,ALA,69.0,13.669,46.133,48.754,-0.47,1.85,0.0
ATOM,613.0,CA,ALA,69.0,13.696,47.584,48.955,0.07,2.275,0.0
ATOM,614.0,C,ALA,69.0,13.673,48.36,47.652,0.51,2.0,0.0
ATOM,615.0,O,ALA,69.0,13.246,47.846,46.611,-0.51,1.7,0.0
ATOM,616.0,CB,ALA,69.0,14.912,47.979,49.771,-0.27,2.06,0.0
ATOM,617.0,H,ALA,69.0,12.872,45.532,49.058,0.31,0.2245,0.0
ATOM,618.0,HA,ALA,69.0,12.883,47.845,49.504,0.09,1.32,0.0
ATOM,619.0,HB1,ALA,69.0,15.714,47.478,49.445,0.09,1.32,0.0
ATOM,620.0,HB2,ALA,69.0,15.076,48.962,49.677,0.09,1.32,0.0
ATOM,621.0,HB3,ALA,69.0,14.756,47.761,50.735,0.09,1.32,0.0
ATOM,622.0,N,SER,70.0,14.217,49.571,47.688,-0.47,1.85,0.0
ATOM,623.0,CA,SER,70.0,14.256,50.437,46.512,0.07,2.275,0.0
ATOM,624.0,C,SER,70.0,14.988,49.933,45.264,0.51,2.0,0.0
ATOM,625.0,O,SER,70.0,15.015,50.633,44.267,-0.51,1.7,0.0
ATOM,626.0,CB,SER,70.0,14.808,51.8,46.889,0.05,2.175,0.72
ATOM,627.0,OG,SER,70.0,14.046,52.362,47.939,-0.66,1.77,11.86
ATOM,628.0,H,SER,70.0,14.607,49.846,48.612,0.31,0.2245,0.0
ATOM,629.0,HA,SER,70.0,13.277,50.629,46.235,0.09,1.32,0.0
ATOM,630.0,HB2,SER,70.0,15.749,51.698,47.191,0.09,1.32,0.01
ATOM,631.0,HB3,SER,70.0,14.76,52.4,46.098,0.09,1.32,0.0
ATOM,632.0,HG,SER,70.0,13.109,52.517,47.627,0.43,0.2245,0.07
ATOM,633.0,N,THR,71.0,15.547,48.726,45.309,-0.47,1.85,0.0
ATOM,634.0,CA,THR,71.0,16.26,48.152,44.173,0.07,2.275,0.0
ATOM,635.0,C,THR,71.0,15.209,47.775,43.125,0.51,2.0,0.0
ATOM,636.0,O,THR,71.0,15.5,47.632,41.907,-0.51,1.7,0.0
ATOM,637.0,CB,THR,71.0,17.069,46.9,44.592,0.14,2.275,0.0
ATOM,638.0,OG1,THR,71.0,16.197,45.952,45.209,-0.66,1.77,0.0
ATOM,639.0,CG2,THR,71.0,18.171,47.258,45.586,-0.27,2.06,0.0
ATOM,640.0,H,THR,71.0,15.432,48.231,46.22,0.31,0.2245,0.0
ATOM,641.0,HA,THR,71.0,16.854,48.844,43.784,0.09,1.32,0.0
ATOM,642.0,HB,THR,71.0,17.466,46.475,43.754,0.09,1.32,0.0
ATOM,643.0,HG21,THR,71.0,18.951,46.642,45.461,0.09,1.32,0.0
ATOM,644.0,HG22,THR,71.0,18.468,48.202,45.435,0.09,1.32,0.0
ATOM,645.0,HG23,THR,71.0,17.824,47.167,46.521,0.09,1.32,0.0
ATOM,646.0,HG1,THR,71.0,16.087,46.16,46.188,0.43,0.2245,0.0
ATOM,647.0,N,SER,72.0,13.971,47.672,43.61,-0.47,1.85,0.0
ATOM,648.0,CA,SER,72.0,12.81,47.343,42.79,0.07,2.275,0.0
ATOM,649.0,C,SER,72.0,12.69,48.293,41.597,0.51,2.0,0.0
ATOM,650.0,O,SER,72.0,12.295,47.871,40.523,-0.51,1.7,0.0
ATOM,651.0,CB,SER,72.0,11.555,47.437,43.656,0.05,2.175,5.85
ATOM,652.0,OG,SER,72.0,11.591,48.634,44.427,-0.66,1.77,0.09
ATOM,653.0,H,SER,72.0,13.904,47.85,44.643,0.31,0.2245,0.0
ATOM,654.0,HA,SER,72.0,12.935,46.412,42.429,0.09,1.32,0.0
ATOM,655.0,HB2,SER,72.0,10.758,47.456,43.069,0.09,1.32,0.27
ATOM,656.0,HB3,SER,72.0,11.528,46.661,44.27,0.09,1.32,0.0
ATOM,657.0,HG,SER,72.0,12.129,48.478,45.253,0.43,0.2245,0.0
ATOM,658.0,N,LYS,73.0,13.091,49.558,41.784,-0.47,1.85,0.0
ATOM,659.0,CA,LYS,73.0,13.017,50.58,40.749,0.07,2.275,0.0
ATOM,660.0,C,LYS,73.0,13.755,50.233,39.478,0.51,2.0,0.0
ATOM,661.0,O,LYS,73.0,13.648,50.972,38.506,-0.51,1.7,0.0
ATOM,662.0,CB,LYS,73.0,13.499,51.925,41.263,-0.18,2.175,0.0
ATOM,663.0,CG,LYS,73.0,12.962,52.261,42.608,-0.18,2.175,0.0
ATOM,664.0,CD,LYS,73.0,13.367,53.671,43.029,-0.18,2.175,0.0
ATOM,665.0,CE,LYS,73.0,13.146,53.869,44.524,0.21,2.175,0.0
ATOM,666.0,NZ,LYS,73.0,12.562,55.168,44.858,-0.3,1.85,0.0
ATOM,667.0,H,LYS,73.0,13.464,49.744,42.746,0.31,0.2245,0.0
ATOM,668.0,HA,LYS,73.0,12.032,50.739,40.523,0.09,1.32,0.0
ATOM,669.0,HB2,LYS,73.0,14.496,51.899,41.307,0.09,1.32,0.0
ATOM,670.0,HB3,LYS,73.0,13.21,52.625,40.611,0.09,1.32,0.0
ATOM,671.0,HG2,LYS,73.0,11.96,52.213,42.6,0.09,1.32,0.0
ATOM,672.0,HG3,LYS,73.0,13.315,51.617,43.29,0.09,1.32,0.0
ATOM,673.0,HD2,LYS,73.0,14.329,53.8,42.831,0.09,1.32,0.0
ATOM,674.0,HD3,LYS,73.0,12.81,54.325,42.537,0.09,1.32,0.0
ATOM,675.0,HE2,LYS,73.0,12.541,53.127,44.856,0.05,1.32,0.0
ATOM,676.0,HE3,LYS,73.0,14.038,53.765,44.993,0.05,1.32,0.0
ATOM,677.0,HZ1,LYS,73.0,12.498,55.739,44.035,0.33,0.2245,0.0
ATOM,678.0,HZ2,LYS,73.0,11.642,55.044,45.24,0.33,0.2245,0.0
ATOM,679.0,HZ3,LYS,73.0,13.134,55.639,45.536,0.33,0.2245,0.75
ATOM,680.0,N,ALA,74.0,14.572,49.182,39.487,-0.47,1.85,0.0
ATOM,681.0,CA,ALA,74.0,15.247,48.775,38.244,0.07,2.275,0.0
ATOM,682.0,C,ALA,74.0,14.164,48.026,37.45,0.51,2.0,0.0
ATOM,683.0,O,ALA,74.0,13.876,48.34,36.294,-0.51,1.7,0.0
ATOM,684.0,CB,ALA,74.0,16.456,47.856,38.533,-0.27,2.06,0.0
ATOM,685.0,H,ALA,74.0,14.685,48.706,40.384,0.31,0.2245,0.0
ATOM,686.0,HA,ALA,74.0,15.507,49.575,37.743,0.09,1.32,0.0
ATOM,687.0,HB1,ALA,74.0,17.285,48.302,38.208,0.09,1.32,0.0
ATOM,688.0,HB2,ALA,74.0,16.515,47.7,39.515,0.09,1.32,0.0
ATOM,689.0,HB3,ALA,74.0,16.325,46.991,38.057,0.09,1.32,0.05
ATOM,690.0,N,ILE,75.0,13.497,47.104,38.135,-0.47,1.85,0.0
ATOM,691.0,CA,ILE,75.0,12.427,46.304,37.567,0.07,2.275,0.29
ATOM,692.0,C,ILE,75.0,11.29,47.186,37.066,0.51,2.0,0.0
ATOM,693.0,O,ILE,75.0,10.901,47.073,35.911,-0.51,1.7,0.0
ATOM,694.0,CB,ILE,75.0,11.902,45.291,38.619,-0.09,2.275,0.11
ATOM,695.0,CG1,ILE,75.0,12.951,44.192,38.842,-0.18,2.175,0.13
ATOM,696.0,CG2,ILE,75.0,10.57,44.715,38.206,-0.27,2.06,2.09
ATOM,697.0,CD1,ILE,75.0,12.48,43.036,39.697,-0.27,2.06,0.41
ATOM,698.0,H,ILE,75.0,13.815,47.004,39.133,0.31,0.2245,0.0
ATOM,699.0,HA,ILE,75.0,12.811,45.846,36.758,0.09,1.32,0.17
ATOM,700.0,HB,ILE,75.0,11.779,45.777,39.471,0.09,1.32,0.0
ATOM,701.0,HG12,ILE,75.0,13.233,43.842,37.947,0.09,1.32,0.0
ATOM,702.0,HG13,ILE,75.0,13.75,44.611,39.279,0.09,1.32,0.0
ATOM,703.0,HG21,ILE,75.0,10.23,44.1,38.918,0.09,1.32,0.97
ATOM,704.0,HG22,ILE,75.0,9.908,45.453,38.068,0.09,1.32,0.0
ATOM,705.0,HG23,ILE,75.0,10.671,44.203,37.352,0.09,1.32,0.0
ATOM,706.0,HD11,ILE,75.0,11.692,42.602,39.262,0.09,1.32,0.0
ATOM,707.0,HD12,ILE,75.0,13.219,42.371,39.791,0.09,1.32,0.0
ATOM,708.0,HD13,ILE,75.0,12.219,43.376,40.599,0.09,1.32,0.66
ATOM,709.0,N,ASN,76.0,10.815,48.109,37.901,-0.47,1.85,0.0
ATOM,710.0,CA,ASN,76.0,9.701,49.004,37.538,0.07,2.275,0.0
ATOM,711.0,C,ASN,76.0,10.008,49.814,36.297,0.51,2.0,0.0
ATOM,712.0,O,ASN,76.0,9.164,49.874,35.377,-0.51,1.7,0.0
ATOM,713.0,CB,ASN,76.0,9.334,49.991,38.669,-0.18,2.175,0.0
ATOM,714.0,CG,ASN,76.0,9.087,49.311,40.012,0.55,2.0,0.0
ATOM,715.0,OD1,ASN,76.0,9.515,49.784,41.065,-0.55,1.7,0.86
ATOM,716.0,ND2,ASN,76.0,8.39,48.196,39.97,-0.62,1.85,0.0
ATOM,717.0,H,ASN,76.0,11.291,48.147,38.825,0.31,0.2245,0.0
ATOM,718.0,HA,ASN,76.0,8.912,48.411,37.326,0.09,1.32,0.0
ATOM,719.0,HB2,ASN,76.0,10.087,50.636,38.773,0.09,1.32,0.0
ATOM,720.0,HB3,ASN,76.0,8.505,50.475,38.4,0.09,1.32,0.0
ATOM,721.0,HD22,ASN,76.0,8.057,47.83,39.1,0.3,0.2245,0.0
ATOM,722.0,HD21,ASN,76.0,8.185,47.696,40.82,0.32,0.2245,5.98
ATOM,723.0,N,SER,77.0,11.18,50.465,36.263,-0.47,1.85,0.0
ATOM,724.0,CA,SER,77.0,11.518,51.264,35.08,0.07,2.275,0.0
ATOM,725.0,C,SER,77.0,12.02,50.449,33.886,0.51,2.0,0.0
ATOM,726.0,O,SER,77.0,11.944,50.924,32.761,-0.51,1.7,0.0
ATOM,727.0,CB,SER,77.0,12.38,52.511,35.386,0.05,2.175,0.0
ATOM,728.0,OG,SER,77.0,13.656,52.202,35.897,-0.66,1.77,0.0
ATOM,729.0,H,SER,77.0,11.774,50.359,37.082,0.31,0.2245,0.0
ATOM,730.0,HA,SER,77.0,10.674,51.754,34.786,0.09,1.32,0.0
ATOM,731.0,HB2,SER,77.0,12.482,53.036,34.535,0.09,1.32,0.0
ATOM,732.0,HB3,SER,77.0,11.884,53.076,36.054,0.09,1.32,0.0
ATOM,733.0,HG,SER,77.0,13.566,51.805,36.811,0.43,0.2245,0.0
ATOM,734.0,N,ALA,78.0,12.478,49.216,34.088,-0.47,1.85,0.0
ATOM,735.0,CA,ALA,78.0,12.875,48.419,32.917,0.07,2.275,0.0
ATOM,736.0,C,ALA,78.0,11.565,48.077,32.185,0.51,2.0,0.0
ATOM,737.0,O,ALA,78.0,11.46,48.287,30.975,-0.51,1.7,0.0
ATOM,738.0,CB,ALA,78.0,13.621,47.168,33.31,-0.27,2.06,0.0
ATOM,739.0,H,ALA,78.0,12.526,48.897,35.047,0.31,0.2245,0.0
ATOM,740.0,HA,ALA,78.0,13.431,48.973,32.324,0.09,1.32,0.0
ATOM,741.0,HB1,ALA,78.0,13.108,46.672,34.013,0.09,1.32,0.0
ATOM,742.0,HB2,ALA,78.0,13.737,46.575,32.511,0.09,1.32,0.0
ATOM,743.0,HB3,ALA,78.0,14.524,47.409,33.672,0.09,1.32,0.0
ATOM,744.0,N,ILE,79.0,10.546,47.656,32.948,-0.47,1.85,0.0
ATOM,745.0,CA,ILE,79.0,9.22,47.324,32.419,0.07,2.275,0.0
ATOM,746.0,C,ILE,79.0,8.637,48.492,31.626,0.51,2.0,0.0
ATOM,747.0,O,ILE,79.0,8.17,48.307,30.523,-0.51,1.7,0.0
ATOM,748.0,CB,ILE,79.0,8.212,46.981,33.56,-0.09,2.275,0.0
ATOM,749.0,CG1,ILE,79.0,8.557,45.646,34.234,-0.18,2.175,0.0
ATOM,750.0,CG2,ILE,79.0,6.798,46.935,33.014,-0.27,2.06,2.52
ATOM,751.0,CD1,ILE,79.0,7.513,45.174,35.245,-0.27,2.06,0.0
ATOM,752.0,H,ILE,79.0,10.783,47.584,33.967,0.31,0.2245,0.0
ATOM,753.0,HA,ILE,79.0,9.359,46.574,31.766,0.09,1.32,0.0
ATOM,754.0,HB,ILE,79.0,8.279,47.702,34.244,0.09,1.32,0.0
ATOM,755.0,HG12,ILE,79.0,8.655,44.95,33.527,0.09,1.32,0.0
ATOM,756.0,HG13,ILE,79.0,9.43,45.75,34.707,0.09,1.32,0.0
ATOM,757.0,HG21,ILE,79.0,6.154,46.769,33.761,0.09,1.32,0.0
ATOM,758.0,HG22,ILE,79.0,6.578,47.806,32.576,0.09,1.32,0.0
ATOM,759.0,HG23,ILE,79.0,6.721,46.199,32.342,0.09,1.32,0.74
ATOM,760.0,HD11,ILE,79.0,6.64,45.057,34.778,0.09,1.32,0.0
ATOM,761.0,HD12,ILE,79.0,7.809,44.306,35.635,0.09,1.32,0.0
ATOM,762.0,HD13,ILE,79.0,7.426,45.859,35.964,0.09,1.32,0.0
ATOM,763.0,N,LEU,80.0,8.635,49.699,32.178,-0.47,1.85,0.0
ATOM,764.0,CA,LEU,80.0,8.083,50.836,31.429,0.07,2.275,0.0
ATOM,765.0,C,LEU,80.0,8.833,51.037,30.117,0.51,2.0,0.0
ATOM,766.0,O,LEU,80.0,8.255,51.444,29.118,-0.51,1.7,0.0
ATOM,767.0,CB,LEU,80.0,8.147,52.125,32.261,-0.18,2.175,0.0
ATOM,768.0,CG,LEU,80.0,7.784,53.454,31.579,-0.09,2.275,0.0
ATOM,769.0,CD1,LEU,80.0,6.272,53.533,31.241,-0.27,2.06,1.4
ATOM,770.0,CD2,LEU,80.0,8.213,54.626,32.46,-0.27,2.06,0.44
ATOM,771.0,H,LEU,80.0,9.029,49.768,33.118,0.31,0.2245,0.0
ATOM,772.0,HA,LEU,80.0,7.12,50.64,31.22,0.09,1.32,0.0
ATOM,773.0,HB2,LEU,80.0,7.523,52.015,33.041,0.09,1.32,0.0
ATOM,774.0,HB3,LEU,80.0,9.085,52.218,32.607,0.09,1.32,0.0
ATOM,775.0,HG,LEU,80.0,8.307,53.541,30.73,0.09,1.32,0.0
ATOM,776.0,HD11,LEU,80.0,5.751,53.455,32.086,0.09,1.32,0.0
ATOM,777.0,HD12,LEU,80.0,6.088,54.408,30.803,0.09,1.32,0.82
ATOM,778.0,HD13,LEU,80.0,6.043,52.785,30.625,0.09,1.32,0.0
ATOM,779.0,HD21,LEU,80.0,9.202,54.588,32.604,0.09,1.32,0.0
ATOM,780.0,HD22,LEU,80.0,7.973,55.485,32.009,0.09,1.32,0.0
ATOM,781.0,HD23,LEU,80.0,7.744,54.568,33.341,0.09,1.32,0.0
ATOM,782.0,N,LEU,81.0,10.125,50.74,30.109,-0.47,1.85,0.0
ATOM,783.0,CA,LEU,81.0,10.9,50.917,28.89,0.07,2.275,0.0
ATOM,784.0,C,LEU,81.0,10.538,49.879,27.844,0.51,2.0,0.0
ATOM,785.0,O,LEU,81.0,10.904,50.034,26.682,-0.51,1.7,2.95
ATOM,786.0,CB,LEU,81.0,12.409,50.899,29.17,-0.18,2.175,0.0
ATOM,787.0,CG,LEU,81.0,12.989,52.152,29.826,-0.09,2.275,0.0
ATOM,788.0,CD1,LEU,81.0,14.431,52.323,29.413,-0.27,2.06,0.0
ATOM,789.0,CD2,LEU,81.0,12.21,53.366,29.378,-0.27,2.06,0.0
ATOM,790.0,H,LEU,81.0,10.51,50.392,30.995,0.31,0.2245,0.0
ATOM,791.0,HA,LEU,81.0,10.702,51.833,28.514,0.09,1.32,0.0
ATOM,792.0,HB2,LEU,81.0,12.595,50.131,29.777,0.09,1.32,0.0
ATOM,793.0,HB3,LEU,81.0,12.877,50.772,28.301,0.09,1.32,0.0
ATOM,794.0,HG,LEU,81.0,12.931,52.053,30.817,0.09,1.32,0.0
ATOM,795.0,HD11,LEU,81.0,14.491,52.416,28.417,0.09,1.32,0.0
ATOM,796.0,HD12,LEU,81.0,14.813,53.144,29.842,0.09,1.32,0.0
ATOM,797.0,HD13,LEU,81.0,14.964,51.525,29.701,0.09,1.32,0.0
ATOM,798.0,HD21,LEU,81.0,11.248,53.27,29.643,0.09,1.32,0.0
ATOM,799.0,HD22,LEU,81.0,12.588,54.19,29.806,0.09,1.32,0.0
ATOM,800.0,HD23,LEU,81.0,12.268,53.459,28.381,0.09,1.32,0.0
ATOM,801.0,N,GLU,82.0,9.867,48.808,28.269,-0.47,1.85,0.0
ATOM,802.0,CA,GLU,82.0,9.433,47.741,27.373,0.07,2.275,0.04
ATOM,803.0,C,GLU,82.0,8.321,48.241,26.471,0.51,2.0,0.05
ATOM,804.0,O,GLU,82.0,8.23,47.865,25.284,-0.51,1.7,29.23
ATOM,805.0,CB,GLU,82.0,8.862,46.556,28.142,-0.18,2.175,3.79
ATOM,806.0,CG,GLU,82.0,9.879,45.737,28.85,-0.28,2.175,0.0
ATOM,807.0,CD,GLU,82.0,9.347,44.363,29.186,0.62,2.0,0.82
ATOM,808.0,OE1,GLU,82.0,8.402,44.248,30.003,-0.76,1.7,3.54
ATOM,809.0,OE2,GLU,82.0,9.87,43.389,28.612,-0.76,1.7,1.89
ATOM,810.0,H,GLU,82.0,9.68,48.8,29.298,0.31,0.2245,0.0
ATOM,811.0,HA,GLU,82.0,10.209,47.433,26.815,0.09,1.32,0.63
ATOM,812.0,HB2,GLU,82.0,8.231,46.919,28.813,0.09,1.32,0.0
ATOM,813.0,HB3,GLU,82.0,8.395,45.979,27.488,0.09,1.32,7.31
ATOM,814.0,HG2,GLU,82.0,10.657,45.613,28.265,0.09,1.32,0.0
ATOM,815.0,HG3,GLU,82.0,10.113,46.173,29.698,0.09,1.32,0.0
ATOM,816.0,N,GLN,83.0,7.437,49.042,27.049,-0.47,1.85,0.0
ATOM,817.0,CA,GLN,83.0,6.323,49.546,26.296,0.07,2.275,1.44
ATOM,818.0,C,GLN,83.0,6.594,50.893,25.648,0.51,2.0,0.05
ATOM,819.0,O,GLN,83.0,6.368,51.057,24.433,-0.51,1.7,16.41
ATOM,820.0,CB,GLN,83.0,5.074,49.576,27.16,-0.18,2.175,12.28
ATOM,821.0,CG,GLN,83.0,5.34,49.968,28.589,-0.18,2.175,0.16
ATOM,822.0,CD,GLN,83.0,4.183,49.63,29.511,0.55,2.0,0.66
ATOM,823.0,H,GLN,83.0,7.62,49.256,28.042,0.31,0.2245,0.0
ATOM,824.0,HA,GLN,83.0,6.117,48.885,25.549,0.09,1.32,7.02
ATOM,825.0,HB2,GLN,83.0,4.426,50.233,26.768,0.09,1.32,8.46
ATOM,826.0,HB3,GLN,83.0,4.657,48.663,27.155,0.09,1.32,6.01
ATOM,827.0,HG2,GLN,83.0,6.153,49.485,28.916,0.09,1.32,0.0
ATOM,828.0,HG3,GLN,83.0,5.501,50.955,28.634,0.09,1.32,0.0
ATOM,829.0,OE1,GLN,83.0,3.54,50.513,30.061,-0.55,1.7,11.66
ATOM,830.0,NE2,GLN,83.0,3.913,48.346,29.676,-0.62,1.85,13.36
ATOM,831.0,HE21,GLN,83.0,3.16,48.042,30.29,0.32,0.2245,11.05
ATOM,832.0,HE22,GLN,83.0,4.473,47.655,29.175,0.3,0.2245,8.91
ATOM,833.0,N,VAL,84.0,7.137,51.835,26.414,-0.47,1.85,0.0
ATOM,834.0,CA,VAL,84.0,7.392,53.168,25.87,0.07,2.275,0.0
ATOM,835.0,C,VAL,84.0,8.679,53.303,25.052,0.51,2.0,0.23
ATOM,836.0,O,VAL,84.0,9.776,53.109,25.579,-0.51,1.7,0.0
ATOM,837.0,CB,VAL,84.0,7.33,54.226,26.986,-0.09,2.275,0.0
ATOM,838.0,CG1,VAL,84.0,7.751,55.594,26.466,-0.27,2.06,0.3
ATOM,839.0,CG2,VAL,84.0,5.918,54.286,27.527,-0.27,2.06,18.48
ATOM,840.0,H,VAL,84.0,7.352,51.556,27.379,0.31,0.2245,0.0
ATOM,841.0,HA,VAL,84.0,6.61,53.41,25.257,0.09,1.32,0.8
ATOM,842.0,HB,VAL,84.0,7.989,53.966,27.688,0.09,1.32,0.0
ATOM,843.0,HG11,VAL,84.0,8.736,55.597,26.294,0.09,1.32,0.0
ATOM,844.0,HG12,VAL,84.0,7.264,55.792,25.616,0.09,1.32,0.89
ATOM,845.0,HG13,VAL,84.0,7.53,56.292,27.147,0.09,1.32,0.0
ATOM,846.0,HG21,VAL,84.0,5.874,53.8,28.401,0.09,1.32,0.0
ATOM,847.0,HG22,VAL,84.0,5.652,55.242,27.663,0.09,1.32,0.27
ATOM,848.0,HG23,VAL,84.0,5.292,53.856,26.875,0.09,1.32,5.73
ATOM,849.0,N,PRO,87.0,8.549,53.53,23.721,-0.29,1.85,0.13
ATOM,850.0,CA,PRO,87.0,9.716,53.693,22.832,0.02,2.275,1.01
ATOM,851.0,C,PRO,87.0,10.566,54.884,23.253,0.51,2.0,0.0
ATOM,852.0,O,PRO,87.0,10.058,55.851,23.828,-0.51,1.7,0.0
ATOM,853.0,CB,PRO,87.0,9.072,53.932,21.464,-0.18,2.175,2.18
ATOM,854.0,CG,PRO,87.0,7.854,53.018,21.524,-0.18,2.175,15.12
ATOM,855.0,CD,PRO,87.0,7.315,53.31,22.931,0.0,2.175,6.16
ATOM,856.0,HA,PRO,87.0,10.263,52.848,22.812,0.09,1.32,4.96
ATOM,857.0,HB2,PRO,87.0,8.79,54.875,21.36,0.09,1.32,0.0
ATOM,858.0,HB3,PRO,87.0,9.674,53.656,20.73,0.09,1.32,6.19
ATOM,859.0,HG2,PRO,87.0,7.197,53.275,20.839,0.09,1.32,0.09
ATOM,860.0,HG3,PRO,87.0,8.127,52.077,21.444,0.09,1.32,9.96
ATOM,861.0,HD2,PRO,87.0,6.746,54.125,22.93,0.09,1.32,0.2
ATOM,862.0,HD3,PRO,87.0,6.804,52.532,23.283,0.09,1.32,0.0
ATOM,863.0,N,TYR,88.0,11.854,54.813,22.937,-0.47,1.85,0.0
ATOM,864.0,CA,TYR,88.0,12.798,55.864,23.284,0.07,2.275,0.0
ATOM,865.0,C,TYR,88.0,12.502,57.139,22.523,0.51,2.0,0.0
ATOM,866.0,O,TYR,88.0,12.799,58.253,22.983,-0.51,1.7,6.29
ATOM,867.0,CB,TYR,88.0,14.233,55.431,22.959,-0.18,2.175,0.95
ATOM,868.0,CG,TYR,88.0,15.277,56.388,23.489,0.0,1.9924,0.0
ATOM,869.0,CD1,TYR,88.0,15.527,56.485,24.851,-0.115,1.9924,0.0
ATOM,870.0,CD2,TYR,88.0,15.972,57.217,22.642,-0.115,1.9924,1.6
ATOM,871.0,CE1,TYR,88.0,16.434,57.379,25.346,-0.115,1.9924,0.15
ATOM,872.0,CE2,TYR,88.0,16.884,58.116,23.139,-0.115,1.9924,15.32
ATOM,873.0,CZ,TYR,88.0,17.107,58.187,24.494,0.11,1.9924,1.71
ATOM,874.0,OH,TYR,88.0,18.043,59.061,24.975,-0.54,1.77,15.77
ATOM,875.0,H,TYR,88.0,12.126,53.946,22.423,0.31,0.2245,4.8
ATOM,876.0,HA,TYR,88.0,12.708,56.056,24.271,0.09,1.32,0.0
ATOM,877.0,HB2,TYR,88.0,14.389,54.539,23.368,0.09,1.32,0.0
ATOM,878.0,HB3,TYR,88.0,14.327,55.383,21.971,0.09,1.32,4.13
ATOM,879.0,HD1,TYR,88.0,15.025,55.881,25.483,0.115,1.3582,0.0
ATOM,880.0,HD2,TYR,88.0,15.815,57.166,21.656,0.115,1.3582,8.6
ATOM,881.0,HE1,TYR,88.0,16.598,57.432,26.341,0.115,1.3582,0.0
ATOM,882.0,HE2,TYR,88.0,17.388,58.722,22.515,0.115,1.3582,16.72
ATOM,883.0,HH,TYR,88.0,18.706,58.563,25.533,0.43,0.2245,12.15
ATOM,884.0,N,ASN,89.0,11.965,56.98,21.319,-0.47,1.85,0.01
ATOM,885.0,CA,ASN,89.0,11.628,58.14,20.497,0.07,2.275,1.92
ATOM,886.0,C,ASN,89.0,10.387,58.836,21.071,0.51,2.0,0.0
ATOM,887.0,O,ASN,89.0,10.028,59.932,20.661,-0.51,1.7,12.36
ATOM,888.0,CB,ASN,89.0,11.464,57.731,19.006,-0.18,2.175,18.9
ATOM,889.0,CG,ASN,89.0,10.294,56.766,18.763,0.55,2.0,2.07
ATOM,890.0,H,ASN,89.0,11.812,56.004,21.026,0.31,0.2245,1.31
ATOM,891.0,HA,ASN,89.0,12.385,58.79,20.572,0.09,1.32,8.07
ATOM,892.0,HB2,ASN,89.0,11.307,58.557,18.475,0.09,1.32,6.71
ATOM,893.0,HB3,ASN,89.0,12.305,57.287,18.714,0.09,1.32,10.98
ATOM,894.0,OD1,ASN,89.0,10.19,55.702,19.386,-0.55,1.7,8.48
ATOM,895.0,ND2,ASN,89.0,9.411,57.143,17.85,-0.62,1.85,19.13
ATOM,896.0,HD22,ASN,89.0,9.529,58.008,17.36,0.3,0.2245,16.29
ATOM,897.0,HD21,ASN,89.0,8.62,56.562,17.646,0.32,0.2245,6.57
ATOM,898.0,N,LYS,90.0,9.809,58.231,22.104,-0.47,1.85,0.0
ATOM,899.0,CA,LYS,90.0,8.61,58.753,22.755,0.07,2.275,0.73
ATOM,900.0,C,LYS,90.0,8.816,59.146,24.228,0.51,2.0,0.0
ATOM,901.0,O,LYS,90.0,7.862,59.528,24.896,-0.51,1.7,0.0
ATOM,902.0,CB,LYS,90.0,7.473,57.72,22.67,-0.18,2.175,2.56
ATOM,903.0,CG,LYS,90.0,7.233,57.15,21.281,-0.18,2.175,1.77
ATOM,904.0,CD,LYS,90.0,6.151,56.092,21.324,-0.18,2.175,8.45
ATOM,905.0,CE,LYS,90.0,5.88,55.508,19.933,0.21,2.175,19.77
ATOM,906.0,NZ,LYS,90.0,7.127,55.045,19.258,-0.3,1.85,4.43
ATOM,907.0,H,LYS,90.0,10.285,57.352,22.41,0.31,0.2245,0.0
ATOM,908.0,HA,LYS,90.0,8.295,59.579,22.248,0.09,1.32,1.75
ATOM,909.0,HB2,LYS,90.0,7.696,56.965,23.287,0.09,1.32,0.0
ATOM,910.0,HB3,LYS,90.0,6.631,58.164,22.98,0.09,1.32,3.94
ATOM,911.0,HG2,LYS,90.0,6.946,57.886,20.673,0.09,1.32,8.21
ATOM,912.0,HG3,LYS,90.0,8.077,56.74,20.947,0.09,1.32,0.0
ATOM,913.0,HD2,LYS,90.0,6.441,55.351,21.92,0.09,1.32,0.0
ATOM,914.0,HD3,LYS,90.0,5.307,56.498,21.659,0.09,1.32,10.31
ATOM,915.0,HE2,LYS,90.0,5.248,54.733,20.029,0.05,1.32,10.04
ATOM,916.0,HE3,LYS,90.0,5.441,56.214,19.369,0.05,1.32,11.51
ATOM,917.0,HZ1,LYS,90.0,7.18,55.453,18.347,0.33,0.2245,7.8
ATOM,918.0,HZ2,LYS,90.0,7.919,55.326,19.799,0.33,0.2245,0.0
ATOM,919.0,HZ3,LYS,90.0,7.11,54.049,19.18,0.33,0.2245,9.36
ATOM,920.0,N,LEU,91.0,10.043,59.056,24.736,-0.47,1.85,0.0
ATOM,921.0,CA,LEU,91.0,10.3,59.416,26.13,0.07,2.275,0.0
ATOM,922.0,C,LEU,91.0,10.223,60.928,26.34,0.51,2.0,0.56
ATOM,923.0,O,LEU,91.0,10.527,61.413,27.441,-0.51,1.7,0.1
ATOM,924.0,CB,LEU,91.0,11.662,58.886,26.629,-0.18,2.175,0.06
ATOM,925.0,CG,LEU,91.0,11.996,57.383,26.787,-0.09,2.275,0.0
ATOM,926.0,CD1,LEU,91.0,13.37,57.216,27.405,-0.27,2.06,0.0
ATOM,927.0,CD2,LEU,91.0,10.982,56.641,27.637,-0.27,2.06,0.0
ATOM,928.0,H,LEU,91.0,10.768,58.723,24.085,0.31,0.2245,0.0
ATOM,929.0,HA,LEU,91.0,9.599,58.98,26.708,0.09,1.32,0.0
ATOM,930.0,HB2,LEU,91.0,12.382,59.277,26.007,0.09,1.32,2.65
ATOM,931.0,HB3,LEU,91.0,11.834,59.318,27.545,0.09,1.32,0.0
ATOM,932.0,HG,LEU,91.0,11.976,56.959,25.885,0.09,1.32,0.0
ATOM,933.0,HD11,LEU,91.0,13.39,57.651,28.307,0.09,1.32,0.0
ATOM,934.0,HD12,LEU,91.0,13.579,56.242,27.504,0.09,1.32,0.0
ATOM,935.0,HD13,LEU,91.0,14.059,57.643,26.817,0.09,1.32,0.0
ATOM,936.0,HD21,LEU,91.0,10.076,56.708,27.216,0.09,1.32,0.0
ATOM,937.0,HD22,LEU,91.0,11.243,55.677,27.708,0.09,1.32,0.0
ATOM,938.0,HD23,LEU,91.0,10.952,57.044,28.554,0.09,1.32,0.0
ATOM,939.0,N,ASN,92.0,9.823,61.668,25.299,-0.47,1.85,1.0
ATOM,940.0,CA,ASN,92.0,9.712,63.135,25.372,0.07,2.275,2.48
ATOM,941.0,C,ASN,92.0,8.298,63.533,25.803,0.51,2.0,0.0
ATOM,942.0,O,ASN,92.0,7.966,64.711,25.971,-0.51,1.7,8.71
ATOM,943.0,CB,ASN,92.0,10.04,63.758,24.011,-0.18,2.175,18.97
ATOM,944.0,CG,ASN,92.0,9.124,63.271,22.904,0.55,2.0,2.21
ATOM,945.0,H,ASN,92.0,9.599,61.125,24.442,0.31,0.2245,0.0
ATOM,946.0,HA,ASN,92.0,10.336,63.44,26.092,0.09,1.32,2.68
ATOM,947.0,HB2,ASN,92.0,9.948,64.747,24.088,0.09,1.32,8.34
ATOM,948.0,HB3,ASN,92.0,10.979,63.52,23.776,0.09,1.32,9.62
ATOM,949.0,OD1,ASN,92.0,8.128,63.919,22.576,-0.55,1.7,33.45
ATOM,950.0,ND2,ASN,92.0,9.463,62.123,22.316,-0.62,1.85,8.92
ATOM,951.0,HD22,ASN,92.0,10.281,61.634,22.619,0.3,0.2245,3.17
ATOM,952.0,HD21,ASN,92.0,8.902,61.755,21.578,0.32,0.2245,8.09
ATOM,953.0,N,LYS,93.0,7.468,62.504,25.923,-0.47,1.85,0.0
ATOM,954.0,CA,LYS,93.0,6.074,62.591,26.318,0.07,2.275,1.36
ATOM,955.0,C,LYS,93.0,5.994,63.199,27.706,0.51,2.0,0.0
ATOM,956.0,O,LYS,93.0,6.962,63.172,28.465,-0.51,1.7,0.0
ATOM,957.0,CB,LYS,93.0,5.492,61.176,26.329,-0.18,2.175,1.71
ATOM,958.0,CG,LYS,93.0,3.99,61.096,26.448,-0.18,2.175,2.39
ATOM,959.0,CD,LYS,93.0,3.485,59.668,26.7,-0.18,2.175,6.13
ATOM,960.0,CE,LYS,93.0,1.976,59.703,26.814,0.21,2.175,22.84
ATOM,961.0,NZ,LYS,93.0,1.499,60.889,27.64,-0.3,1.85,5.98
ATOM,962.0,H,LYS,93.0,7.93,61.571,25.696,0.31,0.2245,0.0
ATOM,963.0,HA,LYS,93.0,5.587,63.185,25.676,0.09,1.32,7.9
ATOM,964.0,HB2,LYS,93.0,5.769,60.722,25.476,0.09,1.32,1.2
ATOM,965.0,HB3,LYS,93.0,5.901,60.681,27.103,0.09,1.32,0.0
ATOM,966.0,HG2,LYS,93.0,3.683,61.676,27.211,0.09,1.32,0.0
ATOM,967.0,HG3,LYS,93.0,3.567,61.433,25.6,0.09,1.32,9.74
ATOM,968.0,HD2,LYS,93.0,3.739,59.107,25.935,0.09,1.32,6.27
ATOM,969.0,HD3,LYS,93.0,3.866,59.345,27.546,0.09,1.32,0.42
ATOM,970.0,HE2,LYS,93.0,1.571,59.775,25.902,0.05,1.32,11.67
ATOM,971.0,HE3,LYS,93.0,1.652,58.865,27.255,0.05,1.32,11.42
ATOM,972.0,HZ1,LYS,93.0,1.589,61.712,27.09,0.33,0.2245,9.82
ATOM,973.0,HZ2,LYS,93.0,0.548,60.738,27.887,0.33,0.2245,20.53
ATOM,974.0,HZ3,LYS,93.0,2.064,60.953,28.455,0.33,0.2245,0.0
ATOM,975.0,N,LYS,94.0,4.814,63.698,28.059,-0.47,1.85,0.03
ATOM,976.0,CA,LYS,94.0,4.612,64.324,29.36,0.07,2.275,0.0
ATOM,977.0,C,LYS,94.0,3.5,63.719,30.191,0.51,2.0,0.24
ATOM,978.0,O,LYS,94.0,2.551,63.13,29.664,-0.51,1.7,9.45
ATOM,979.0,CB,LYS,94.0,4.35,65.835,29.205,-0.18,2.175,2.65
ATOM,980.0,CG,LYS,94.0,5.521,66.604,28.618,-0.18,2.175,2.06
ATOM,981.0,CD,LYS,94.0,5.596,68.018,29.168,-0.18,2.175,2.47
ATOM,982.0,CE,LYS,94.0,6.974,68.622,28.896,0.21,2.175,7.51
ATOM,983.0,NZ,LYS,94.0,7.151,70.007,29.415,-0.3,1.85,12.86
ATOM,984.0,H,LYS,94.0,4.068,63.605,27.345,0.31,0.2245,4.95
ATOM,985.0,HA,LYS,94.0,5.487,64.258,29.889,0.09,1.32,0.0
ATOM,986.0,HB2,LYS,94.0,3.563,65.949,28.606,0.09,1.32,9.98
ATOM,987.0,HB3,LYS,94.0,4.147,66.204,30.108,0.09,1.32,0.0
ATOM,988.0,HG2,LYS,94.0,6.372,66.125,28.841,0.09,1.32,0.0
ATOM,989.0,HG3,LYS,94.0,5.418,66.648,27.623,0.09,1.32,7.93
ATOM,990.0,HD2,LYS,94.0,4.915,68.578,28.719,0.09,1.32,9.68
ATOM,991.0,HD3,LYS,94.0,5.452,67.995,30.146,0.09,1.32,0.0
ATOM,992.0,HE2,LYS,94.0,7.676,68.021,29.313,0.05,1.32,0.3
ATOM,993.0,HE3,LYS,94.0,7.133,68.622,27.895,0.05,1.32,9.53
ATOM,994.0,HZ1,LYS,94.0,7.09,70.655,28.657,0.33,0.2245,20.41
ATOM,995.0,HZ2,LYS,94.0,6.434,70.204,30.083,0.33,0.2245,7.25
ATOM,996.0,HZ3,LYS,94.0,8.047,70.085,29.851,0.33,0.2245,19.33
ATOM,997.0,N,VAL,95.0,3.676,63.829,31.505,-0.47,1.85,0.0
ATOM,998.0,CA,VAL,95.0,2.708,63.371,32.495,0.07,2.275,1.39
ATOM,999.0,C,VAL,95.0,2.558,64.507,33.517,0.51,2.0,0.0
ATOM,1000.0,O,VAL,95.0,3.538,65.149,33.881,-0.51,1.7,0.0
ATOM,1001.0,CB,VAL,95.0,3.154,62.031,33.195,-0.09,2.275,1.03
ATOM,1002.0,CG1,VAL,95.0,3.148,60.888,32.186,-0.27,2.06,7.25
ATOM,1003.0,CG2,VAL,95.0,4.538,62.16,33.815,-0.27,2.06,0.0
ATOM,1004.0,H,VAL,95.0,4.588,64.282,31.774,0.31,0.2245,0.0
ATOM,1005.0,HA,VAL,95.0,1.834,63.248,32.049,0.09,1.32,4.2
ATOM,1006.0,HB,VAL,95.0,2.473,61.826,33.882,0.09,1.32,0.42
ATOM,1007.0,HG11,VAL,95.0,2.496,60.189,32.479,0.09,1.32,0.22
ATOM,1008.0,HG12,VAL,95.0,2.882,61.238,31.288,0.09,1.32,0.0
ATOM,1009.0,HG13,VAL,95.0,4.062,60.488,32.13,0.09,1.32,0.06
ATOM,1010.0,HG21,VAL,95.0,5.016,62.933,33.398,0.09,1.32,0.0
ATOM,1011.0,HG22,VAL,95.0,4.446,62.312,34.799,0.09,1.32,0.0
ATOM,1012.0,HG23,VAL,95.0,5.053,61.319,33.651,0.09,1.32,0.0
ATOM,1013.0,N,HIS,96.0,1.333,64.818,33.918,-0.47,1.85,1.01
ATOM,1014.0,CA,HIS,96.0,1.152,65.889,34.89,0.07,2.275,0.0
ATOM,1015.0,C,HIS,96.0,1.26,65.398,36.328,0.51,2.0,0.0
ATOM,1016.0,O,HIS,96.0,0.406,64.647,36.81,-0.51,1.7,3.5
ATOM,1017.0,CB,HIS,96.0,-0.173,66.636,34.68,-0.09,2.175,13.65
ATOM,1018.0,CG,HIS,96.0,-0.345,67.824,35.581,-0.05,1.8,0.68
ATOM,1019.0,H,HIS,96.0,0.572,64.272,33.509,0.31,0.2245,11.61
ATOM,1020.0,HA,HIS,96.0,1.875,66.583,34.738,0.09,1.32,0.0
ATOM,1021.0,HB2,HIS,96.0,-0.221,66.952,33.727,0.09,1.32,5.41
ATOM,1022.0,HB3,HIS,96.0,-0.934,66.001,34.847,0.09,1.32,8.67
ATOM,1023.0,ND1,HIS,96.0,0.044,69.101,35.221,-0.36,1.85,5.94
ATOM,1024.0,CD2,HIS,96.0,-0.828,67.926,36.842,0.22,1.8,11.08
ATOM,1025.0,CE1,HIS,96.0,-0.184,69.93,36.221,0.25,1.8,13.55
ATOM,1026.0,NE2,HIS,96.0,-0.711,69.244,37.221,-0.7,1.85,12.09
ATOM,1027.0,HD1,HIS,96.0,0.437,69.352,34.335,0.32,0.2245,2.14
ATOM,1028.0,HD2,HIS,96.0,-1.199,67.185,37.396,0.1,1.468,1.3
ATOM,1029.0,HE1,HIS,96.0,0.008,70.908,36.226,0.13,0.9,5.75
ATOM,1030.0,N,ILE,97.0,2.325,65.826,36.999,-0.47,1.85,0.0
ATOM,1031.0,CA,ILE,97.0,2.568,65.478,38.4,0.07,2.275,0.0
ATOM,1032.0,C,ILE,97.0,1.64,66.305,39.296,0.51,2.0,0.0
ATOM,1033.0,O,ILE,97.0,1.525,67.527,39.149,-0.51,1.7,0.0
ATOM,1034.0,CB,ILE,97.0,4.048,65.743,38.803,-0.09,2.275,0.0
ATOM,1035.0,CG1,ILE,97.0,4.979,64.815,38.017,-0.18,2.175,0.0
ATOM,1036.0,CG2,ILE,97.0,4.246,65.564,40.295,-0.27,2.06,0.0
ATOM,1037.0,CD1,ILE,97.0,4.598,63.336,38.071,-0.27,2.06,0.0
ATOM,1038.0,H,ILE,97.0,2.972,66.43,36.444,0.31,0.2245,0.0
ATOM,1039.0,HA,ILE,97.0,2.29,64.526,38.506,0.09,1.32,0.0
ATOM,1040.0,HB,ILE,97.0,4.262,66.679,38.558,0.09,1.32,0.0
ATOM,1041.0,HG12,ILE,97.0,4.986,65.107,37.06,0.09,1.32,0.0
ATOM,1042.0,HG13,ILE,97.0,5.906,64.914,38.384,0.09,1.32,0.0
ATOM,1043.0,HG21,ILE,97.0,5.192,65.778,40.537,0.09,1.32,0.0
ATOM,1044.0,HG22,ILE,97.0,3.632,66.176,40.792,0.09,1.32,0.0
ATOM,1045.0,HG23,ILE,97.0,4.046,64.618,40.55,0.09,1.32,0.0
ATOM,1046.0,HD11,ILE,97.0,3.683,63.223,37.692,0.09,1.32,0.0
ATOM,1047.0,HD12,ILE,97.0,5.255,62.813,37.535,0.09,1.32,0.0
ATOM,1048.0,HD13,ILE,97.0,4.614,63.032,39.02,0.09,1.32,0.0
ATOM,1049.0,N,ASN,98.0,0.957,65.651,40.219,-0.47,1.85,0.0
ATOM,1050.0,CA,ASN,98.0,0.063,66.397,41.069,0.07,2.275,0.0
ATOM,1051.0,C,ASN,98.0,0.301,66.142,42.543,0.51,2.0,0.0
ATOM,1052.0,O,ASN,98.0,1.129,65.303,42.915,-0.51,1.7,0.0
ATOM,1053.0,CB,ASN,98.0,-1.391,66.114,40.687,-0.18,2.175,11.6
ATOM,1054.0,CG,ASN,98.0,-1.801,64.691,40.981,0.55,2.0,0.62
ATOM,1055.0,H,ASN,98.0,1.112,64.644,40.268,0.31,0.2245,0.0
ATOM,1056.0,HA,ASN,98.0,0.244,67.384,40.907,0.09,1.32,0.0
ATOM,1057.0,HB2,ASN,98.0,-1.977,66.731,41.206,0.09,1.32,5.45
ATOM,1058.0,HB3,ASN,98.0,-1.496,66.284,39.71,0.09,1.32,0.0
ATOM,1059.0,OD1,ASN,98.0,-1.776,64.255,42.133,-0.55,1.7,0.0
ATOM,1060.0,ND2,ASN,98.0,-2.191,63.956,39.948,-0.62,1.85,15.93
ATOM,1061.0,HD22,ASN,98.0,-2.196,64.355,39.028,0.3,0.2245,8.6
ATOM,1062.0,HD21,ASN,98.0,-2.479,63.01,40.082,0.32,0.2245,13.57
ATOM,1063.0,N,LYS,99.0,-0.498,66.827,43.366,-0.47,1.85,0.0
ATOM,1064.0,CA,LYS,99.0,-0.429,66.748,44.819,0.07,2.275,0.26
ATOM,1065.0,C,LYS,99.0,-0.525,65.363,45.404,0.51,2.0,0.14
ATOM,1066.0,O,LYS,99.0,0.249,65.025,46.296,-0.51,1.7,10.4
ATOM,1067.0,CB,LYS,99.0,-1.482,67.639,45.473,-0.18,2.175,5.52
ATOM,1068.0,CG,LYS,99.0,-1.152,69.113,45.426,-0.18,2.175,2.71
ATOM,1069.0,CD,LYS,99.0,-2.231,69.928,46.104,-0.18,2.175,10.08
ATOM,1070.0,CE,LYS,99.0,-2.3,71.326,45.507,0.21,2.175,16.54
ATOM,1071.0,NZ,LYS,99.0,-3.328,72.157,46.169,-0.3,1.85,14.24
ATOM,1072.0,H,LYS,99.0,-1.193,67.439,42.863,0.31,0.2245,2.66
ATOM,1073.0,HA,LYS,99.0,0.459,67.172,45.121,0.09,1.32,0.26
ATOM,1074.0,HB2,LYS,99.0,-2.35,67.493,45.001,0.09,1.32,3.84
ATOM,1075.0,HB3,LYS,99.0,-1.571,67.363,46.43,0.09,1.32,8.55
ATOM,1076.0,HG2,LYS,99.0,-0.283,69.271,45.895,0.09,1.32,4.59
ATOM,1077.0,HG3,LYS,99.0,-1.076,69.404,44.473,0.09,1.32,1.24
ATOM,1078.0,HD2,LYS,99.0,-3.108,69.484,45.969,0.09,1.32,8.2
ATOM,1079.0,HD3,LYS,99.0,-2.021,70.009,47.07,0.09,1.32,11.3
ATOM,1080.0,HE2,LYS,99.0,-1.401,71.764,45.607,0.05,1.32,8.89
ATOM,1081.0,HE3,LYS,99.0,-2.513,71.248,44.528,0.05,1.32,10.89
ATOM,1082.0,HZ1,LYS,99.0,-2.884,72.848,46.741,0.33,0.2245,20.29
ATOM,1083.0,HZ2,LYS,99.0,-3.89,72.612,45.477,0.33,0.2245,20.69
ATOM,1084.0,HZ3,LYS,99.0,-3.911,71.578,46.741,0.33,0.2245,15.08
ATOM,1085.0,N,ASP,100.0,-1.471,64.569,44.918,-0.47,1.85,0.0
ATOM,1086.0,CA,ASP,100.0,-1.658,63.203,45.419,0.07,2.275,2.54
ATOM,1087.0,C,ASP,100.0,-0.532,62.285,44.971,0.51,2.0,0.0
ATOM,1088.0,O,ASP,100.0,-0.422,61.134,45.431,-0.51,1.7,24.05
ATOM,1089.0,CB,ASP,100.0,-2.969,62.635,44.921,-0.28,2.175,14.79
ATOM,1090.0,CG,ASP,100.0,-4.11,63.575,45.143,0.62,2.0,3.51
ATOM,1091.0,OD1,ASP,100.0,-4.708,63.509,46.244,-0.76,1.7,42.89
ATOM,1092.0,OD2,ASP,100.0,-4.375,64.398,44.226,-0.76,1.7,28.61
ATOM,1093.0,H,ASP,100.0,-2.055,64.985,44.17,0.31,0.2245,0.0
ATOM,1094.0,HA,ASP,100.0,-1.621,63.252,46.426,0.09,1.32,9.19
ATOM,1095.0,HB2,ASP,100.0,-2.879,62.457,43.946,0.09,1.32,2.16
ATOM,1096.0,HB3,ASP,100.0,-3.145,61.787,45.411,0.09,1.32,9.54
ATOM,1097.0,N,ASP,101.0,0.274,62.784,44.038,-0.47,1.85,0.0
ATOM,1098.0,CA,ASP,101.0,1.386,62.032,43.517,0.07,2.275,1.9
ATOM,1099.0,C,ASP,101.0,2.614,62.282,44.362,0.51,2.0,0.0
ATOM,1100.0,O,ASP,101.0,3.666,61.681,44.111,-0.51,1.7,1.58
ATOM,1101.0,CB,ASP,101.0,1.668,62.439,42.079,-0.28,2.175,1.54
ATOM,1102.0,CG,ASP,101.0,0.613,61.951,41.115,0.62,2.0,0.0
ATOM,1103.0,OD1,ASP,101.0,-0.182,61.053,41.477,-0.76,1.7,20.56
ATOM,1104.0,OD2,ASP,101.0,0.589,62.458,39.978,-0.76,1.7,0.03
ATOM,1105.0,H,ASP,101.0,0.028,63.748,43.729,0.31,0.2245,0.0
ATOM,1106.0,HA,ASP,101.0,1.161,61.056,43.605,0.09,1.32,5.45
ATOM,1107.0,HB2,ASP,101.0,1.702,63.433,42.04,0.09,1.32,0.0
ATOM,1108.0,HB3,ASP,101.0,2.547,62.054,41.815,0.09,1.32,0.14
ATOM,1109.0,N,ILE,102.0,2.516,63.171,45.348,-0.47,1.85,0.0
ATOM,1110.0,CA,ILE,102.0,3.684,63.438,46.172,0.07,2.275,0.0
ATOM,1111.0,C,ILE,102.0,3.832,62.538,47.384,0.51,2.0,0.0
ATOM,1112.0,O,ILE,102.0,2.877,62.339,48.147,-0.51,1.7,19.67
ATOM,1113.0,CB,ILE,102.0,3.782,64.903,46.645,-0.09,2.275,3.11
ATOM,1114.0,CG1,ILE,102.0,3.672,65.858,45.457,-0.18,2.175,1.71
ATOM,1115.0,CG2,ILE,102.0,5.127,65.134,47.317,-0.27,2.06,17.91
ATOM,1116.0,CD1,ILE,102.0,4.67,65.589,44.321,-0.27,2.06,0.0
ATOM,1117.0,H,ILE,102.0,1.606,63.616,45.462,0.31,0.2245,0.0
ATOM,1118.0,HA,ILE,102.0,4.495,63.262,45.578,0.09,1.32,0.0
ATOM,1119.0,HB,ILE,102.0,3.017,65.078,47.255,0.09,1.32,4.62
ATOM,1120.0,HG12,ILE,102.0,2.746,65.8,45.082,0.09,1.32,0.0
ATOM,1121.0,HG13,ILE,102.0,3.82,66.793,45.785,0.09,1.32,0.97
ATOM,1122.0,HG21,ILE,102.0,5.185,66.08,47.631,0.09,1.32,8.89
ATOM,1123.0,HG22,ILE,102.0,5.22,64.519,48.098,0.09,1.32,1.5
ATOM,1124.0,HG23,ILE,102.0,5.862,64.955,46.664,0.09,1.32,0.0
ATOM,1125.0,HD11,ILE,102.0,4.519,64.669,43.973,0.09,1.32,0.0
ATOM,1126.0,HD12,ILE,102.0,4.521,66.258,43.599,0.09,1.32,0.0
ATOM,1127.0,HD13,ILE,102.0,5.594,65.673,44.681,0.09,1.32,0.0
ATOM,1128.0,N,VAL,103.0,5.035,61.979,47.515,-0.47,1.85,0.0
ATOM,1129.0,CA,VAL,103.0,5.423,61.132,48.626,0.07,2.275,1.11
ATOM,1130.0,C,VAL,103.0,6.759,61.61,49.232,0.51,2.0,0.54
ATOM,1131.0,O,VAL,103.0,7.522,62.323,48.6,-0.51,1.7,2.47
ATOM,1132.0,CB,VAL,103.0,5.543,59.656,48.212,-0.09,2.275,0.0
ATOM,1133.0,CG1,VAL,103.0,4.181,59.02,48.161,-0.27,2.06,22.09
ATOM,1134.0,CG2,VAL,103.0,6.214,59.537,46.881,-0.27,2.06,0.0
ATOM,1135.0,H,VAL,103.0,5.693,62.213,46.721,0.31,0.2245,0.0
ATOM,1136.0,HA,VAL,103.0,4.725,61.204,49.345,0.09,1.32,3.67
ATOM,1137.0,HB,VAL,103.0,6.065,59.188,48.919,0.09,1.32,0.0
ATOM,1138.0,HG11,VAL,103.0,4.266,58.045,47.943,0.09,1.32,0.44
ATOM,1139.0,HG12,VAL,103.0,3.724,59.117,49.048,0.09,1.32,9.61
ATOM,1140.0,HG13,VAL,103.0,3.622,59.463,47.456,0.09,1.32,1.44
ATOM,1141.0,HG21,VAL,103.0,6.83,58.744,46.877,0.09,1.32,0.0
ATOM,1142.0,HG22,VAL,103.0,5.526,59.419,46.159,0.09,1.32,0.0
ATOM,1143.0,HG23,VAL,103.0,6.748,60.366,46.69,0.09,1.32,0.0
ATOM,1144.0,N,ALA,104.0,6.987,61.279,50.496,-0.47,1.85,3.56
ATOM,1145.0,CA,ALA,104.0,8.202,61.63,51.205,0.07,2.275,4.12
ATOM,1146.0,C,ALA,104.0,9.403,61.174,50.391,0.51,2.0,0.0
ATOM,1147.0,O,ALA,104.0,9.337,60.162,49.681,-0.51,1.7,0.0
ATOM,1148.0,CB,ALA,104.0,8.211,60.922,52.543,-0.27,2.06,25.44
ATOM,1149.0,H,ALA,104.0,6.204,60.736,50.942,0.31,0.2245,6.97
ATOM,1150.0,HA,ALA,104.0,8.245,62.625,51.309,0.09,1.32,9.11
ATOM,1151.0,HB1,ALA,104.0,7.413,61.202,53.079,0.09,1.32,11.35
ATOM,1152.0,HB2,ALA,104.0,8.181,59.931,52.402,0.09,1.32,0.0
ATOM,1153.0,HB3,ALA,104.0,9.044,61.158,53.045,0.09,1.32,5.62
ATOM,1154.0,N,TYR,105.0,10.508,61.911,50.522,-0.47,1.85,0.27
ATOM,1155.0,CA,TYR,105.0,11.763,61.609,49.819,0.07,2.275,0.28
ATOM,1156.0,C,TYR,105.0,11.721,61.601,48.266,0.51,2.0,0.0
ATOM,1157.0,O,TYR,105.0,11.957,60.589,47.62,-0.51,1.7,0.7
ATOM,1158.0,CB,TYR,105.0,12.371,60.317,50.387,-0.18,2.175,3.23
ATOM,1159.0,CG,TYR,105.0,12.924,60.457,51.8,0.0,1.9924,0.28
ATOM,1160.0,CD1,TYR,105.0,13.409,61.672,52.263,-0.115,1.9924,10.88
ATOM,1161.0,CD2,TYR,105.0,13.058,59.35,52.639,-0.115,1.9924,8.67
ATOM,1162.0,CE1,TYR,105.0,14.038,61.783,53.519,-0.115,1.9924,19.36
ATOM,1163.0,CE2,TYR,105.0,13.683,59.455,53.899,-0.115,1.9924,19.97
ATOM,1164.0,CZ,TYR,105.0,14.178,60.678,54.32,0.11,1.9924,3.58
ATOM,1165.0,OH,TYR,105.0,14.87,60.771,55.503,-0.54,1.77,32.63
ATOM,1166.0,H,TYR,105.0,10.406,62.726,51.17,0.31,0.2245,10.59
ATOM,1167.0,HA,TYR,105.0,12.46,62.312,50.099,0.09,1.32,1.51
ATOM,1168.0,HB2,TYR,105.0,11.662,59.618,50.401,0.09,1.32,0.0
ATOM,1169.0,HB3,TYR,105.0,13.118,60.035,49.791,0.09,1.32,7.02
ATOM,1170.0,HD1,TYR,105.0,13.317,62.496,51.701,0.115,1.3582,7.91
ATOM,1171.0,HD2,TYR,105.0,12.707,58.464,52.35,0.115,1.3582,5.59
ATOM,1172.0,HE1,TYR,105.0,14.378,62.68,53.815,0.115,1.3582,15.1
ATOM,1173.0,HE2,TYR,105.0,13.764,58.647,54.477,0.115,1.3582,16.69
ATOM,1174.0,HH,TYR,105.0,15.567,61.481,55.421,0.43,0.2245,22.07
ATOM,1175.0,N,SER,106.0,11.486,62.772,47.689,-0.47,1.85,0.0
ATOM,1176.0,CA,SER,106.0,11.404,62.968,46.247,0.07,2.275,0.0
ATOM,1177.0,C,SER,106.0,12.141,64.249,45.828,0.51,2.0,0.0
ATOM,1178.0,O,SER,106.0,11.539,65.155,45.243,-0.51,1.7,0.0
ATOM,1179.0,CB,SER,106.0,9.939,63.069,45.837,0.05,2.175,0.0
ATOM,1180.0,OG,SER,106.0,9.382,61.785,45.64,-0.66,1.77,0.0
ATOM,1181.0,H,SER,106.0,11.361,63.565,48.374,0.31,0.2245,5.46
ATOM,1182.0,HA,SER,106.0,11.86,62.194,45.796,0.09,1.32,0.0
ATOM,1183.0,HB2,SER,106.0,9.434,63.535,46.557,0.09,1.32,0.93
ATOM,1184.0,HB3,SER,106.0,9.878,63.583,44.987,0.09,1.32,0.0
ATOM,1185.0,HG,SER,106.0,9.667,61.429,44.75,0.43,0.2245,0.0
ATOM,1186.0,N,PRO,107.0,13.472,64.295,46.045,-0.29,1.85,0.03
ATOM,1187.0,CA,PRO,107.0,14.387,65.4,45.742,0.02,2.275,0.92
ATOM,1188.0,C,PRO,107.0,14.108,66.266,44.521,0.51,2.0,0.0
ATOM,1189.0,O,PRO,107.0,14.327,67.477,44.562,-0.51,1.7,3.18
ATOM,1190.0,CB,PRO,107.0,15.75,64.698,45.624,-0.18,2.175,7.86
ATOM,1191.0,CG,PRO,107.0,15.436,63.247,45.563,-0.18,2.175,1.68
ATOM,1192.0,CD,PRO,107.0,14.249,63.118,46.449,0.0,2.175,5.19
ATOM,1193.0,HA,PRO,107.0,14.494,66.003,46.586,0.09,1.32,4.84
ATOM,1194.0,HB2,PRO,107.0,16.228,65.002,44.793,0.09,1.32,1.23
ATOM,1195.0,HB3,PRO,107.0,16.324,64.914,46.42,0.09,1.32,11.63
ATOM,1196.0,HG2,PRO,107.0,15.222,62.972,44.626,0.09,1.32,0.0
ATOM,1197.0,HG3,PRO,107.0,16.205,62.706,45.903,0.09,1.32,3.05
ATOM,1198.0,HD2,PRO,107.0,13.74,62.284,46.269,0.09,1.32,0.0
ATOM,1199.0,HD3,PRO,107.0,14.495,63.174,47.411,0.09,1.32,7.42
ATOM,1200.0,N,ILE,108.0,13.626,65.656,43.446,-0.47,1.85,0.0
ATOM,1201.0,CA,ILE,108.0,13.338,66.388,42.216,0.07,2.275,0.0
ATOM,1202.0,C,ILE,108.0,11.847,66.582,41.968,0.51,2.0,0.0
ATOM,1203.0,O,ILE,108.0,11.378,67.711,41.769,-0.51,1.7,0.0
ATOM,1204.0,CB,ILE,108.0,13.885,65.662,40.979,-0.09,2.275,0.0
ATOM,1205.0,CG1,ILE,108.0,15.388,65.476,41.083,-0.18,2.175,5.08
ATOM,1206.0,CG2,ILE,108.0,13.592,66.488,39.76,-0.27,2.06,5.95
ATOM,1207.0,CD1,ILE,108.0,15.897,64.462,40.138,-0.27,2.06,15.06
ATOM,1208.0,H,ILE,108.0,13.474,64.635,43.552,0.31,0.2245,0.0
ATOM,1209.0,HA,ILE,108.0,13.733,67.312,42.339,0.09,1.32,0.03
ATOM,1210.0,HB,ILE,108.0,13.46,64.76,40.94,0.09,1.32,0.0
ATOM,1211.0,HG12,ILE,108.0,15.825,66.356,40.904,0.09,1.32,8.94
ATOM,1212.0,HG13,ILE,108.0,15.6,65.198,42.019,0.09,1.32,0.0
ATOM,1213.0,HG21,ILE,108.0,13.932,66.023,38.94,0.09,1.32,3.79
ATOM,1214.0,HG22,ILE,108.0,12.604,66.626,39.668,0.09,1.32,0.0
ATOM,1215.0,HG23,ILE,108.0,14.039,67.382,39.835,0.09,1.32,6.26
ATOM,1216.0,HD11,ILE,108.0,15.691,64.731,39.192,0.09,1.32,5.77
ATOM,1217.0,HD12,ILE,108.0,16.893,64.364,40.233,0.09,1.32,0.11
ATOM,1218.0,HD13,ILE,108.0,15.469,63.57,40.318,0.09,1.32,0.0
ATOM,1219.0,N,LEU,109.0,11.106,65.476,41.929,-0.47,1.85,0.0
ATOM,1220.0,CA,LEU,109.0,9.679,65.547,41.657,0.07,2.275,0.0
ATOM,1221.0,C,LEU,109.0,8.974,66.489,42.6,0.51,2.0,0.0
ATOM,1222.0,O,LEU,109.0,7.921,67.015,42.241,-0.51,1.7,0.0
ATOM,1223.0,CB,LEU,109.0,9.035,64.16,41.642,-0.18,2.175,0.0
ATOM,1224.0,CG,LEU,109.0,9.209,63.325,40.36,-0.09,2.275,0.0
ATOM,1225.0,CD1,LEU,109.0,8.195,63.727,39.314,-0.27,2.06,0.0
ATOM,1226.0,CD2,LEU,109.0,10.614,63.468,39.815,-0.27,2.06,0.0
ATOM,1227.0,H,LEU,109.0,11.619,64.597,42.103,0.31,0.2245,0.0
ATOM,1228.0,HA,LEU,109.0,9.551,65.881,40.71,0.09,1.32,0.0
ATOM,1229.0,HB2,LEU,109.0,9.428,63.63,42.392,0.09,1.32,0.0
ATOM,1230.0,HB3,LEU,109.0,8.054,64.274,41.787,0.09,1.32,0.0
ATOM,1231.0,HG,LEU,109.0,9.092,62.358,40.592,0.09,1.32,0.0
ATOM,1232.0,HD11,LEU,109.0,8.311,64.695,39.083,0.09,1.32,0.0
ATOM,1233.0,HD12,LEU,109.0,8.322,63.175,38.488,0.09,1.32,0.0
ATOM,1234.0,HD13,LEU,109.0,7.268,63.582,39.666,0.09,1.32,0.0
ATOM,1235.0,HD21,LEU,109.0,11.276,63.151,40.497,0.09,1.32,0.0
ATOM,1236.0,HD22,LEU,109.0,10.712,62.92,38.982,0.09,1.32,0.0
ATOM,1237.0,HD23,LEU,109.0,10.798,64.429,39.6,0.09,1.32,0.0
ATOM,1238.0,N,GLU,110.0,9.588,66.763,43.762,-0.47,1.85,0.0
ATOM,1239.0,CA,GLU,110.0,9.034,67.715,44.741,0.07,2.275,0.0
ATOM,1240.0,C,GLU,110.0,8.885,69.105,44.118,0.51,2.0,0.04
ATOM,1241.0,O,GLU,110.0,7.939,69.825,44.433,-0.51,1.7,12.22
ATOM,1242.0,CB,GLU,110.0,9.923,67.813,45.998,-0.18,2.175,8.16
ATOM,1243.0,CG,GLU,110.0,11.327,68.389,45.783,-0.28,2.175,1.33
ATOM,1244.0,CD,GLU,110.0,12.145,68.476,47.083,0.62,2.0,1.65
ATOM,1245.0,OE1,GLU,110.0,12.311,67.438,47.76,-0.76,1.7,20.13
ATOM,1246.0,OE2,GLU,110.0,12.638,69.581,47.437,-0.76,1.7,27.83
ATOM,1247.0,H,GLU,110.0,10.479,66.251,43.91,0.31,0.2245,0.0
ATOM,1248.0,HA,GLU,110.0,8.138,67.389,45.053,0.09,1.32,0.0
ATOM,1249.0,HB2,GLU,110.0,9.458,68.4,46.645,0.09,1.32,9.79
ATOM,1250.0,HB3,GLU,110.0,10.03,66.898,46.358,0.09,1.32,0.39
ATOM,1251.0,HG2,GLU,110.0,11.813,67.796,45.173,0.09,1.32,0.0
ATOM,1252.0,HG3,GLU,110.0,11.238,69.301,45.435,0.09,1.32,0.36
ATOM,1253.0,N,LYS,111.0,9.807,69.46,43.215,-0.47,1.85,0.0
ATOM,1254.0,CA,LYS,111.0,9.775,70.758,42.537,0.07,2.275,1.56
ATOM,1255.0,C,LYS,111.0,8.762,70.802,41.387,0.51,2.0,0.17
ATOM,1256.0,O,LYS,111.0,8.571,71.858,40.773,-0.51,1.7,14.52
ATOM,1257.0,CB,LYS,111.0,11.149,71.164,41.952,-0.18,2.175,9.63
ATOM,1258.0,CG,LYS,111.0,12.398,70.449,42.436,-0.18,2.175,2.05
ATOM,1259.0,CD,LYS,111.0,12.975,71.044,43.695,-0.18,2.175,8.94
ATOM,1260.0,CE,LYS,111.0,14.175,70.221,44.154,0.21,2.175,6.12
ATOM,1261.0,NZ,LYS,111.0,14.655,70.527,45.545,-0.3,1.85,10.24
ATOM,1262.0,H,LYS,111.0,10.538,68.742,43.04,0.31,0.2245,0.0
ATOM,1263.0,HA,LYS,111.0,9.524,71.471,43.212,0.09,1.32,9.43
ATOM,1264.0,HB2,LYS,111.0,11.091,71.052,40.941,0.09,1.32,3.34
ATOM,1265.0,HB3,LYS,111.0,11.267,72.162,42.125,0.09,1.32,9.77
ATOM,1266.0,HG2,LYS,111.0,12.171,69.48,42.605,0.09,1.32,0.0
ATOM,1267.0,HG3,LYS,111.0,13.095,70.483,41.707,0.09,1.32,8.28
ATOM,1268.0,HD2,LYS,111.0,13.281,71.966,43.513,0.09,1.32,10.42
ATOM,1269.0,HD3,LYS,111.0,12.293,71.026,44.411,0.09,1.32,1.98
ATOM,1270.0,HE2,LYS,111.0,13.933,69.237,44.105,0.05,1.32,0.0
ATOM,1271.0,HE3,LYS,111.0,14.942,70.373,43.507,0.05,1.32,11.87
ATOM,1272.0,HZ1,LYS,111.0,15.65,70.465,45.566,0.33,0.2245,19.95
ATOM,1273.0,HZ2,LYS,111.0,14.366,71.449,45.792,0.33,0.2245,14.36
ATOM,1274.0,HZ3,LYS,111.0,14.259,69.865,46.177,0.33,0.2245,1.4
ATOM,1275.0,N,TYR,112.0,8.153,69.66,41.067,-0.47,1.85,0.0
ATOM,1276.0,CA,TYR,112.0,7.161,69.57,39.991,0.07,2.275,0.0
ATOM,1277.0,C,TYR,112.0,5.7,69.391,40.453,0.51,2.0,0.0
ATOM,1278.0,O,TYR,112.0,4.862,68.949,39.676,-0.51,1.7,0.0
ATOM,1279.0,CB,TYR,112.0,7.506,68.419,39.058,-0.18,2.175,0.0
ATOM,1280.0,CG,TYR,112.0,8.777,68.573,38.276,0.0,1.9924,0.0
ATOM,1281.0,CD1,TYR,112.0,10.0,68.132,38.793,-0.115,1.9924,0.0
ATOM,1282.0,CD2,TYR,112.0,8.752,69.066,36.973,-0.115,1.9924,0.54
ATOM,1283.0,CE1,TYR,112.0,11.178,68.168,38.013,-0.115,1.9924,3.58
ATOM,1284.0,CE2,TYR,112.0,9.915,69.113,36.187,-0.115,1.9924,8.47
ATOM,1285.0,CZ,TYR,112.0,11.124,68.66,36.707,0.11,1.9924,1.89
ATOM,1286.0,OH,TYR,112.0,12.255,68.695,35.914,-0.54,1.77,29.81
ATOM,1287.0,H,TYR,112.0,8.44,68.841,41.644,0.31,0.2245,0.0
ATOM,1288.0,HA,TYR,112.0,7.207,70.433,39.446,0.09,1.32,0.0
ATOM,1289.0,HB2,TYR,112.0,7.575,67.579,39.609,0.09,1.32,0.0
ATOM,1290.0,HB3,TYR,112.0,6.747,68.308,38.405,0.09,1.32,0.0
ATOM,1291.0,HD1,TYR,112.0,10.051,67.786,39.726,0.115,1.3582,0.0
ATOM,1292.0,HD2,TYR,112.0,7.894,69.393,36.584,0.115,1.3582,0.0
ATOM,1293.0,HE1,TYR,112.0,12.036,67.843,38.397,0.115,1.3582,0.0
ATOM,1294.0,HE2,TYR,112.0,9.871,69.472,35.257,0.115,1.3582,11.8
ATOM,1295.0,HH,TYR,112.0,12.525,67.761,35.691,0.43,0.2245,6.37
ATOM,1296.0,N,VAL,113.0,5.374,69.725,41.695,-0.47,1.85,0.58
ATOM,1297.0,CA,VAL,113.0,3.989,69.57,42.162,0.07,2.275,0.0
ATOM,1298.0,C,VAL,113.0,3.037,70.495,41.395,0.51,2.0,0.0
ATOM,1299.0,O,VAL,113.0,3.098,71.715,41.554,-0.51,1.7,16.04
ATOM,1300.0,CB,VAL,113.0,3.831,69.873,43.68,-0.09,2.275,2.28
ATOM,1301.0,CG1,VAL,113.0,2.374,69.666,44.108,-0.27,2.06,6.99
ATOM,1302.0,CG2,VAL,113.0,4.767,69.001,44.51,-0.27,2.06,7.29
ATOM,1303.0,H,VAL,113.0,6.137,70.086,42.279,0.31,0.2245,1.08
ATOM,1304.0,HA,VAL,113.0,3.706,68.621,41.986,0.09,1.32,0.0
ATOM,1305.0,HB,VAL,113.0,4.04,70.832,43.816,0.09,1.32,8.24
ATOM,1306.0,HG11,VAL,113.0,1.772,70.122,43.456,0.09,1.32,0.89
ATOM,1307.0,HG12,VAL,113.0,2.172,68.689,44.126,0.09,1.32,0.0
ATOM,1308.0,HG13,VAL,113.0,2.24,70.054,45.018,0.09,1.32,8.23
ATOM,1309.0,HG21,VAL,113.0,5.268,69.578,45.154,0.09,1.32,7.05
ATOM,1310.0,HG22,VAL,113.0,4.228,68.325,45.011,0.09,1.32,0.0
ATOM,1311.0,HG23,VAL,113.0,5.41,68.537,43.901,0.09,1.32,0.0
ATOM,1312.0,N,GLY,114.0,2.135,69.906,40.608,-0.47,1.85,0.0
ATOM,1313.0,CA,GLY,114.0,1.186,70.689,39.836,-0.02,2.175,11.55
ATOM,1314.0,C,GLY,114.0,1.737,71.075,38.48,0.51,2.0,0.0
ATOM,1315.0,O,GLY,114.0,1.166,71.917,37.807,-0.51,1.7,19.31
ATOM,1316.0,H,GLY,114.0,2.174,68.872,40.6,0.31,0.2245,0.0
ATOM,1317.0,HA2,GLY,114.0,0.333,70.156,39.712,0.09,1.32,1.67
ATOM,1318.0,HA3,GLY,114.0,0.945,71.528,40.351,0.09,1.32,8.83
ATOM,1319.0,N,LYS,115.0,2.747,70.345,38.027,-0.47,1.85,0.0
ATOM,1320.0,CA,LYS,115.0,3.432,70.592,36.761,0.07,2.275,0.0
ATOM,1321.0,C,LYS,115.0,3.58,69.3,35.967,0.51,2.0,0.0
ATOM,1322.0,O,LYS,115.0,3.162,68.228,36.4,-0.51,1.7,0.0
ATOM,1323.0,CB,LYS,115.0,4.828,71.084,37.097,-0.18,2.175,0.0
ATOM,1324.0,CG,LYS,115.0,5.417,72.129,36.196,-0.18,2.175,11.8
ATOM,1325.0,CD,LYS,115.0,6.596,72.762,36.916,-0.18,2.175,18.64
ATOM,1326.0,CE,LYS,115.0,6.236,73.023,38.385,0.21,2.175,4.86
ATOM,1327.0,NZ,LYS,115.0,4.856,73.609,38.585,-0.3,1.85,7.83
ATOM,1328.0,H,LYS,115.0,3.021,69.554,38.67,0.31,0.2245,0.0
ATOM,1329.0,HA,LYS,115.0,2.89,71.244,36.219,0.09,1.32,2.94
ATOM,1330.0,HB2,LYS,115.0,4.809,71.452,38.042,0.09,1.32,0.0
ATOM,1331.0,HB3,LYS,115.0,5.448,70.28,37.102,0.09,1.32,0.0
ATOM,1332.0,HG2,LYS,115.0,5.742,71.708,35.362,0.09,1.32,2.95
ATOM,1333.0,HG3,LYS,115.0,4.745,72.829,36.009,0.09,1.32,5.63
ATOM,1334.0,HD2,LYS,115.0,7.364,72.142,36.89,0.09,1.32,0.33
ATOM,1335.0,HD3,LYS,115.0,6.812,73.627,36.491,0.09,1.32,10.98
ATOM,1336.0,HE2,LYS,115.0,6.292,72.153,38.892,0.05,1.32,0.0
ATOM,1337.0,HE3,LYS,115.0,6.915,73.658,38.778,0.05,1.32,9.24
ATOM,1338.0,HZ1,LYS,115.0,4.554,74.016,37.728,0.33,0.2245,10.42
ATOM,1339.0,HZ2,LYS,115.0,4.235,72.879,38.857,0.33,0.2245,0.0
ATOM,1340.0,HZ3,LYS,115.0,4.904,74.303,39.297,0.33,0.2245,18.45
ATOM,1341.0,N,ASP,116.0,4.211,69.428,34.802,-0.47,1.85,0.0
ATOM,1342.0,CA,ASP,116.0,4.458,68.32,33.876,0.07,2.275,0.0
ATOM,1343.0,C,ASP,116.0,5.924,67.9,33.91,0.51,2.0,0.0
ATOM,1344.0,O,ASP,116.0,6.776,68.598,34.452,-0.51,1.7,3.86
ATOM,1345.0,CB,ASP,116.0,4.115,68.726,32.439,-0.28,2.175,2.17
ATOM,1346.0,CG,ASP,116.0,2.627,68.937,32.213,0.62,2.0,2.87
ATOM,1347.0,OD1,ASP,116.0,1.966,69.617,33.028,-0.76,1.7,14.11
ATOM,1348.0,OD2,ASP,116.0,2.124,68.453,31.177,-0.76,1.7,25.21
ATOM,1349.0,H,ASP,116.0,4.525,70.413,34.596,0.31,0.2245,1.37
ATOM,1350.0,HA,ASP,116.0,3.918,67.536,34.202,0.09,1.32,0.0
ATOM,1351.0,HB2,ASP,116.0,4.592,69.577,32.238,0.09,1.32,3.89
ATOM,1352.0,HB3,ASP,116.0,4.431,68.004,31.832,0.09,1.32,0.0
ATOM,1353.0,N,ILE,117.0,6.213,66.763,33.297,-0.47,1.85,0.0
ATOM,1354.0,CA,ILE,117.0,7.565,66.248,33.254,0.07,2.275,0.0
ATOM,1355.0,C,ILE,117.0,7.53,65.121,32.257,0.51,2.0,0.0
ATOM,1356.0,O,ILE,117.0,6.512,64.444,32.098,-0.51,1.7,0.0
ATOM,1357.0,CB,ILE,117.0,8.035,65.722,34.647,-0.09,2.275,0.0
ATOM,1358.0,CG1,ILE,117.0,9.528,65.397,34.6,-0.18,2.175,0.29
ATOM,1359.0,CG2,ILE,117.0,7.236,64.476,35.081,-0.27,2.06,0.0
ATOM,1360.0,CD1,ILE,117.0,10.073,64.67,35.832,-0.27,2.06,0.0
ATOM,1361.0,H,ILE,117.0,5.4,66.284,32.859,0.31,0.2245,0.0
ATOM,1362.0,HA,ILE,117.0,8.125,66.962,32.862,0.09,1.32,3.2
ATOM,1363.0,HB,ILE,117.0,7.893,66.45,35.302,0.09,1.32,0.0
ATOM,1364.0,HG12,ILE,117.0,9.707,64.83,33.793,0.09,1.32,0.0
ATOM,1365.0,HG13,ILE,117.0,10.036,66.256,34.494,0.09,1.32,1.4
ATOM,1366.0,HG21,ILE,117.0,7.542,64.194,35.985,0.09,1.32,0.0
ATOM,1367.0,HG22,ILE,117.0,6.268,64.705,35.106,0.09,1.32,0.0
ATOM,1368.0,HG23,ILE,117.0,7.395,63.745,34.425,0.09,1.32,0.0
ATOM,1369.0,HD11,ILE,117.0,9.591,63.805,35.935,0.09,1.32,0.0
ATOM,1370.0,HD12,ILE,117.0,11.047,64.505,35.704,0.09,1.32,0.26
ATOM,1371.0,HD13,ILE,117.0,9.925,65.241,36.635,0.09,1.32,0.0
ATOM,1372.0,N,THR,118.0,8.617,64.962,31.531,-0.47,1.85,0.0
ATOM,1373.0,CA,THR,118.0,8.674,63.912,30.535,0.07,2.275,0.0
ATOM,1374.0,C,THR,118.0,9.015,62.594,31.201,0.51,2.0,0.0
ATOM,1375.0,O,THR,118.0,9.463,62.586,32.334,-0.51,1.7,0.0
ATOM,1376.0,CB,THR,118.0,9.702,64.251,29.438,0.14,2.275,0.26
ATOM,1377.0,OG1,THR,118.0,10.945,64.64,30.034,-0.66,1.77,8.94
ATOM,1378.0,CG2,THR,118.0,9.187,65.394,28.577,-0.27,2.06,10.82
ATOM,1379.0,H,THR,118.0,9.386,65.619,31.725,0.31,0.2245,1.48
ATOM,1380.0,HA,THR,118.0,7.771,63.826,30.104,0.09,1.32,0.0
ATOM,1381.0,HB,THR,118.0,9.867,63.416,28.873,0.09,1.32,0.0
ATOM,1382.0,HG21,THR,118.0,9.681,65.412,27.705,0.09,1.32,2.82
ATOM,1383.0,HG22,THR,118.0,8.208,65.271,28.397,0.09,1.32,0.0
ATOM,1384.0,HG23,THR,118.0,9.326,66.267,29.051,0.09,1.32,2.7
ATOM,1385.0,HG1,THR,118.0,10.793,65.356,30.724,0.43,0.2245,5.35
ATOM,1386.0,N,LEU,119.0,8.816,61.484,30.504,-0.47,1.85,0.0
ATOM,1387.0,CA,LEU,119.0,9.12,60.186,31.085,0.07,2.275,0.0
ATOM,1388.0,C,LEU,119.0,10.628,60.047,31.304,0.51,2.0,0.0
ATOM,1389.0,O,LEU,119.0,11.056,59.572,32.355,-0.51,1.7,0.0
ATOM,1390.0,CB,LEU,119.0,8.6,59.044,30.203,-0.18,2.175,0.0
ATOM,1391.0,CG,LEU,119.0,7.096,58.788,30.116,-0.09,2.275,0.48
ATOM,1392.0,CD1,LEU,119.0,6.311,60.068,30.167,-0.27,2.06,0.08
ATOM,1393.0,CD2,LEU,119.0,6.795,58.063,28.815,-0.27,2.06,0.99
ATOM,1394.0,H,LEU,119.0,8.442,61.618,29.553,0.31,0.2245,0.0
ATOM,1395.0,HA,LEU,119.0,8.666,60.115,31.977,0.09,1.32,0.0
ATOM,1396.0,HB2,LEU,119.0,8.927,59.216,29.262,0.09,1.32,0.0
ATOM,1397.0,HB3,LEU,119.0,9.029,58.19,30.529,0.09,1.32,0.0
ATOM,1398.0,HG,LEU,119.0,6.827,58.193,30.882,0.09,1.32,0.82
ATOM,1399.0,HD11,LEU,119.0,6.57,60.661,29.4,0.09,1.32,0.0
ATOM,1400.0,HD12,LEU,119.0,5.329,59.872,30.108,0.09,1.32,0.43
ATOM,1401.0,HD13,LEU,119.0,6.495,60.55,31.028,0.09,1.32,0.0
ATOM,1402.0,HD21,LEU,119.0,7.287,57.192,28.794,0.09,1.32,0.0
ATOM,1403.0,HD22,LEU,119.0,5.811,57.89,28.747,0.09,1.32,2.91
ATOM,1404.0,HD23,LEU,119.0,7.087,58.627,28.041,0.09,1.32,0.0
ATOM,1405.0,N,LYS,120.0,11.435,60.517,30.352,-0.47,1.85,0.0
ATOM,1406.0,CA,LYS,120.0,12.894,60.408,30.468,0.07,2.275,0.0
ATOM,1407.0,C,LYS,120.0,13.371,60.955,31.808,0.51,2.0,0.0
ATOM,1408.0,O,LYS,120.0,13.986,60.236,32.605,-0.51,1.7,0.0
ATOM,1409.0,CB,LYS,120.0,13.578,61.148,29.32,-0.18,2.175,0.73
ATOM,1410.0,CG,LYS,120.0,15.093,61.034,29.308,-0.18,2.175,0.8
ATOM,1411.0,CD,LYS,120.0,15.632,61.777,28.102,-0.18,2.175,12.65
ATOM,1412.0,CE,LYS,120.0,17.145,61.695,27.961,0.21,2.175,19.12
ATOM,1413.0,NZ,LYS,120.0,17.663,60.347,27.577,-0.3,1.85,0.11
ATOM,1414.0,H,LYS,120.0,10.957,60.953,29.547,0.31,0.2245,0.0
ATOM,1415.0,HA,LYS,120.0,13.151,59.438,30.403,0.09,1.32,0.0
ATOM,1416.0,HB2,LYS,120.0,13.229,60.778,28.458,0.09,1.32,0.0
ATOM,1417.0,HB3,LYS,120.0,13.336,62.118,29.386,0.09,1.32,1.24
ATOM,1418.0,HG2,LYS,120.0,15.457,61.445,30.132,0.09,1.32,0.33
ATOM,1419.0,HG3,LYS,120.0,15.348,60.08,29.243,0.09,1.32,0.0
ATOM,1420.0,HD2,LYS,120.0,15.217,61.393,27.272,0.09,1.32,3.56
ATOM,1421.0,HD3,LYS,120.0,15.375,62.745,28.174,0.09,1.32,10.62
ATOM,1422.0,HE2,LYS,120.0,17.444,62.37,27.264,0.05,1.32,12.31
ATOM,1423.0,HE3,LYS,120.0,17.569,61.968,28.842,0.05,1.32,1.16
ATOM,1424.0,HZ1,LYS,120.0,17.267,60.08,26.7,0.33,0.2245,0.24
ATOM,1425.0,HZ2,LYS,120.0,18.658,60.387,27.5,0.33,0.2245,12.7
ATOM,1426.0,HZ3,LYS,120.0,17.406,59.684,28.278,0.33,0.2245,0.0
ATOM,1427.0,N,ALA,121.0,12.966,62.191,32.083,-0.47,1.85,0.07
ATOM,1428.0,CA,ALA,121.0,13.313,62.886,33.31,0.07,2.275,1.64
ATOM,1429.0,C,ALA,121.0,12.747,62.212,34.564,0.51,2.0,0.0
ATOM,1430.0,O,ALA,121.0,13.372,62.223,35.62,-0.51,1.7,2.95
ATOM,1431.0,CB,ALA,121.0,12.866,64.32,33.225,-0.27,2.06,16.69
ATOM,1432.0,H,ALA,121.0,12.371,62.621,31.332,0.31,0.2245,0.0
ATOM,1433.0,HA,ALA,121.0,14.325,62.915,33.396,0.09,1.32,2.11
ATOM,1434.0,HB1,ALA,121.0,12.179,64.508,33.931,0.09,1.32,0.0
ATOM,1435.0,HB2,ALA,121.0,13.648,64.932,33.362,0.09,1.32,10.97
ATOM,1436.0,HB3,ALA,121.0,12.465,64.501,32.324,0.09,1.32,0.0
ATOM,1437.0,N,LEU,122.0,11.573,61.618,34.414,-0.47,1.85,0.0
ATOM,1438.0,CA,LEU,122.0,10.865,60.892,35.467,0.07,2.275,0.0
ATOM,1439.0,C,LEU,122.0,11.681,59.636,35.826,0.51,2.0,0.0
ATOM,1440.0,O,LEU,122.0,11.859,59.318,37.009,-0.51,1.7,0.0
ATOM,1441.0,CB,LEU,122.0,9.52,60.445,34.909,-0.18,2.175,0.0
ATOM,1442.0,CG,LEU,122.0,8.207,60.515,35.661,-0.09,2.275,0.0
ATOM,1443.0,CD1,LEU,122.0,7.575,59.144,35.5,-0.27,2.06,0.32
ATOM,1444.0,CD2,LEU,122.0,8.388,60.921,37.139,-0.27,2.06,0.0
ATOM,1445.0,H,LEU,122.0,11.173,61.714,33.436,0.31,0.2245,0.0
ATOM,1446.0,HA,LEU,122.0,10.81,61.468,36.276,0.09,1.32,0.0
ATOM,1447.0,HB2,LEU,122.0,9.379,60.963,34.021,0.09,1.32,0.0
ATOM,1448.0,HB3,LEU,122.0,9.635,59.46,34.606,0.09,1.32,0.0
ATOM,1449.0,HG,LEU,122.0,7.629,61.194,35.252,0.09,1.32,0.0
ATOM,1450.0,HD11,LEU,122.0,8.18,58.447,35.887,0.09,1.32,0.0
ATOM,1451.0,HD12,LEU,122.0,6.696,59.121,35.978,0.09,1.32,0.0
ATOM,1452.0,HD13,LEU,122.0,7.429,58.953,34.528,0.09,1.32,0.42
ATOM,1453.0,HD21,LEU,122.0,8.816,61.821,37.178,0.09,1.32,0.0
ATOM,1454.0,HD22,LEU,122.0,7.494,60.95,37.579,0.09,1.32,0.0
ATOM,1455.0,HD23,LEU,122.0,8.969,60.248,37.591,0.09,1.32,0.0
ATOM,1456.0,N,ILE,123.0,12.176,58.938,34.794,-0.47,1.85,0.0
ATOM,1457.0,CA,ILE,123.0,12.993,57.721,34.943,0.07,2.275,0.0
ATOM,1458.0,C,ILE,123.0,14.415,58.042,35.425,0.51,2.0,0.0
ATOM,1459.0,O,ILE,123.0,15.08,57.213,36.046,-0.51,1.7,0.0
ATOM,1460.0,CB,ILE,123.0,13.03,56.901,33.63,-0.09,2.275,0.0
ATOM,1461.0,CG1,ILE,123.0,11.629,56.388,33.329,-0.18,2.175,0.0
ATOM,1462.0,CG2,ILE,123.0,13.932,55.692,33.761,-0.27,2.06,0.0
ATOM,1463.0,CD1,ILE,123.0,11.566,55.403,32.198,-0.27,2.06,0.0
ATOM,1464.0,H,ILE,123.0,11.929,59.337,33.855,0.31,0.2245,0.0
ATOM,1465.0,HA,ILE,123.0,12.559,57.181,35.672,0.09,1.32,0.0
ATOM,1466.0,HB,ILE,123.0,13.303,57.511,32.902,0.09,1.32,0.0
ATOM,1467.0,HG12,ILE,123.0,11.264,55.959,34.158,0.09,1.32,0.0
ATOM,1468.0,HG13,ILE,123.0,11.049,57.176,33.106,0.09,1.32,0.0
ATOM,1469.0,HG21,ILE,123.0,13.926,55.172,32.907,0.09,1.32,0.0
ATOM,1470.0,HG22,ILE,123.0,14.866,55.988,33.96,0.09,1.32,0.0
ATOM,1471.0,HG23,ILE,123.0,13.607,55.107,34.504,0.09,1.32,0.0
ATOM,1472.0,HD11,ILE,123.0,12.129,54.604,32.415,0.09,1.32,0.0
ATOM,1473.0,HD12,ILE,123.0,10.619,55.111,32.058,0.09,1.32,0.0
ATOM,1474.0,HD13,ILE,123.0,11.907,55.83,31.359,0.09,1.32,0.0
ATOM,1475.0,N,GLU,124.0,14.887,59.25,35.17,-0.47,1.85,0.0
ATOM,1476.0,CA,GLU,124.0,16.202,59.587,35.662,0.07,2.275,0.0
ATOM,1477.0,C,GLU,124.0,16.159,59.855,37.143,0.51,2.0,0.06
ATOM,1478.0,O,GLU,124.0,17.112,59.588,37.857,-0.51,1.7,0.0
ATOM,1479.0,CB,GLU,124.0,16.765,60.802,34.972,-0.18,2.175,6.45
ATOM,1480.0,CG,GLU,124.0,17.254,60.493,33.614,-0.28,2.175,0.0
ATOM,1481.0,CD,GLU,124.0,18.233,61.511,33.125,0.62,2.0,2.5
ATOM,1482.0,OE1,GLU,124.0,18.963,62.067,33.985,-0.76,1.7,32.17
ATOM,1483.0,OE2,GLU,124.0,18.284,61.75,31.891,-0.76,1.7,21.53
ATOM,1484.0,H,GLU,124.0,14.282,59.871,34.636,0.31,0.2245,0.0
ATOM,1485.0,HA,GLU,124.0,16.842,58.83,35.472,0.09,1.32,0.0
ATOM,1486.0,HB2,GLU,124.0,16.043,61.466,34.901,0.09,1.32,0.04
ATOM,1487.0,HB3,GLU,124.0,17.52,61.128,35.51,0.09,1.32,1.19
ATOM,1488.0,HG2,GLU,124.0,17.715,59.621,33.628,0.09,1.32,0.0
ATOM,1489.0,HG3,GLU,124.0,16.492,60.491,32.987,0.09,1.32,0.0
ATOM,1490.0,N,ALA,125.0,15.047,60.388,37.606,-0.47,1.85,0.0
ATOM,1491.0,CA,ALA,125.0,14.916,60.728,39.007,0.07,2.275,0.05
ATOM,1492.0,C,ALA,125.0,14.847,59.458,39.836,0.51,2.0,0.0
ATOM,1493.0,O,ALA,125.0,15.43,59.352,40.932,-0.51,1.7,0.0
ATOM,1494.0,CB,ALA,125.0,13.65,61.586,39.217,-0.27,2.06,0.0
ATOM,1495.0,H,ALA,125.0,14.3,60.537,36.904,0.31,0.2245,0.0
ATOM,1496.0,HA,ALA,125.0,15.721,61.255,39.294,0.09,1.32,0.0
ATOM,1497.0,HB1,ALA,125.0,13.067,61.505,38.413,0.09,1.32,0.0
ATOM,1498.0,HB2,ALA,125.0,13.166,61.256,40.023,0.09,1.32,0.0
ATOM,1499.0,HB3,ALA,125.0,13.921,62.536,39.347,0.09,1.32,0.0
ATOM,1500.0,N,SER,126.0,14.126,58.496,39.279,-0.47,1.85,0.0
ATOM,1501.0,CA,SER,126.0,13.916,57.223,39.915,0.07,2.275,0.0
ATOM,1502.0,C,SER,126.0,15.281,56.595,40.114,0.51,2.0,0.0
ATOM,1503.0,O,SER,126.0,15.686,56.304,41.233,-0.51,1.7,0.0
ATOM,1504.0,CB,SER,126.0,13.043,56.353,39.015,0.05,2.175,0.0
ATOM,1505.0,OG,SER,126.0,12.481,55.265,39.711,-0.66,1.77,0.0
ATOM,1506.0,H,SER,126.0,13.728,58.747,38.343,0.31,0.2245,0.0
ATOM,1507.0,HA,SER,126.0,13.515,57.376,40.813,0.09,1.32,0.0
ATOM,1508.0,HB2,SER,126.0,12.306,56.918,38.64,0.09,1.32,0.0
ATOM,1509.0,HB3,SER,126.0,13.606,56.004,38.264,0.09,1.32,0.0
ATOM,1510.0,HG,SER,126.0,11.649,55.56,40.183,0.43,0.2245,0.0
ATOM,1511.0,N,MET,127.0,16.042,56.495,39.037,-0.47,1.85,0.0
ATOM,1512.0,CA,MET,127.0,17.35,55.866,39.121,0.07,2.275,0.0
ATOM,1513.0,C,MET,127.0,18.501,56.676,39.741,0.51,2.0,0.0
ATOM,1514.0,O,MET,127.0,19.221,56.182,40.601,-0.51,1.7,0.3
ATOM,1515.0,CB,MET,127.0,17.721,55.329,37.752,-0.18,2.175,0.0
ATOM,1516.0,CG,MET,127.0,16.636,54.483,37.134,-0.14,2.175,0.0
ATOM,1517.0,SD,MET,127.0,16.232,53.08,38.117,-0.09,2.0,0.0
ATOM,1518.0,CE,MET,127.0,17.181,51.883,37.4,-0.22,2.06,0.0
ATOM,1519.0,H,MET,127.0,15.643,56.885,38.171,0.31,0.2245,0.0
ATOM,1520.0,HA,MET,127.0,17.251,55.003,39.682,0.09,1.32,0.0
ATOM,1521.0,HB2,MET,127.0,17.915,56.102,37.136,0.09,1.32,0.0
ATOM,1522.0,HB3,MET,127.0,18.556,54.771,37.832,0.09,1.32,0.51
ATOM,1523.0,HG2,MET,127.0,15.813,55.084,36.975,0.09,1.32,0.0
ATOM,1524.0,HG3,MET,127.0,16.943,54.207,36.189,0.09,1.32,0.0
ATOM,1525.0,HE1,MET,127.0,17.683,52.225,36.581,0.09,1.32,0.0
ATOM,1526.0,HE2,MET,127.0,17.886,51.514,38.037,0.09,1.32,0.0
ATOM,1527.0,HE3,MET,127.0,16.628,51.085,37.087,0.09,1.32,0.0
ATOM,1528.0,N,THR,128.0,18.648,57.928,39.348,-0.47,1.85,0.0
ATOM,1529.0,CA,THR,128.0,19.726,58.778,39.859,0.07,2.275,0.0
ATOM,1530.0,C,THR,128.0,19.52,59.187,41.318,0.51,2.0,0.0
ATOM,1531.0,O,THR,128.0,20.487,59.348,42.063,-0.51,1.7,5.75
ATOM,1532.0,CB,THR,128.0,19.839,60.075,39.0,0.14,2.275,1.19
ATOM,1533.0,OG1,THR,128.0,20.356,59.749,37.717,-0.66,1.77,5.81
ATOM,1534.0,CG2,THR,128.0,20.734,61.11,39.629,-0.27,2.06,17.01
ATOM,1535.0,H,THR,128.0,17.946,58.259,38.655,0.31,0.2245,0.0
ATOM,1536.0,HA,THR,128.0,20.596,58.261,39.796,0.09,1.32,0.0
ATOM,1537.0,HB,THR,128.0,18.904,60.464,38.888,0.09,1.32,0.3
ATOM,1538.0,HG21,THR,128.0,21.664,60.745,39.74,0.09,1.32,2.75
ATOM,1539.0,HG22,THR,128.0,20.777,61.931,39.05,0.09,1.32,9.91
ATOM,1540.0,HG23,THR,128.0,20.381,61.372,40.533,0.09,1.32,0.0
ATOM,1541.0,HG1,THR,128.0,21.083,59.055,37.792,0.43,0.2245,1.44
ATOM,1542.0,N,TYR,129.0,18.265,59.359,41.711,-0.47,1.85,0.0
ATOM,1543.0,CA,TYR,129.0,17.969,59.806,43.051,0.07,2.275,0.57
ATOM,1544.0,C,TYR,129.0,17.061,58.925,43.909,0.51,2.0,0.52
ATOM,1545.0,O,TYR,129.0,16.876,59.206,45.097,-0.51,1.7,13.17
ATOM,1546.0,CB,TYR,129.0,17.412,61.226,42.978,-0.18,2.175,0.0
ATOM,1547.0,CG,TYR,129.0,18.47,62.306,42.967,0.0,1.9924,0.0
ATOM,1548.0,CD1,TYR,129.0,18.959,62.828,44.163,-0.115,1.9924,5.04
ATOM,1549.0,CD2,TYR,129.0,18.958,62.828,41.768,-0.115,1.9924,0.06
ATOM,1550.0,CE1,TYR,129.0,19.907,63.845,44.178,-0.115,1.9924,13.36
ATOM,1551.0,CE2,TYR,129.0,19.909,63.853,41.759,-0.115,1.9924,6.45
ATOM,1552.0,CZ,TYR,129.0,20.389,64.364,42.972,0.11,1.9924,3.28
ATOM,1553.0,OH,TYR,129.0,21.349,65.376,43.0,-0.54,1.77,32.9
ATOM,1554.0,H,TYR,129.0,17.548,59.151,40.995,0.31,0.2245,0.0
ATOM,1555.0,HA,TYR,129.0,18.865,59.91,43.56,0.09,1.32,2.86
ATOM,1556.0,HB2,TYR,129.0,16.873,61.309,42.142,0.09,1.32,0.0
ATOM,1557.0,HB3,TYR,129.0,16.826,61.374,43.773,0.09,1.32,0.0
ATOM,1558.0,HD1,TYR,129.0,18.62,62.463,45.035,0.115,1.3582,6.1
ATOM,1559.0,HD2,TYR,129.0,18.625,62.465,40.902,0.115,1.3582,0.01
ATOM,1560.0,HE1,TYR,129.0,20.247,64.207,45.046,0.115,1.3582,15.09
ATOM,1561.0,HE2,TYR,129.0,20.245,64.22,40.897,0.115,1.3582,12.02
ATOM,1562.0,HH,TYR,129.0,21.122,66.009,43.733,0.43,0.2245,22.47
ATOM,1563.0,N,SER,130.0,16.51,57.865,43.321,-0.47,1.85,0.0
ATOM,1564.0,CA,SER,130.0,15.615,56.941,44.031,0.07,2.275,0.0
ATOM,1565.0,C,SER,130.0,14.377,57.734,44.428,0.51,2.0,0.0
ATOM,1566.0,O,SER,130.0,13.76,57.494,45.464,-0.51,1.7,3.26
ATOM,1567.0,CB,SER,130.0,16.318,56.356,45.26,0.05,2.175,11.18
ATOM,1568.0,OG,SER,130.0,15.714,55.163,45.694,-0.66,1.77,0.67
ATOM,1569.0,H,SER,130.0,16.765,57.745,42.317,0.31,0.2245,0.0
ATOM,1570.0,HA,SER,130.0,15.339,56.232,43.396,0.09,1.32,0.0
ATOM,1571.0,HB2,SER,130.0,17.273,56.175,45.023,0.09,1.32,2.94
ATOM,1572.0,HB3,SER,130.0,16.281,57.031,45.997,0.09,1.32,5.21
ATOM,1573.0,HG,SER,130.0,16.196,54.812,46.498,0.43,0.2245,11.64
ATOM,1574.0,N,ASP,131.0,14.023,58.685,43.574,-0.47,1.85,0.0
ATOM,1575.0,CA,ASP,131.0,12.88,59.55,43.777,0.07,2.275,0.0
ATOM,1576.0,C,ASP,131.0,11.697,58.636,43.896,0.51,2.0,0.0
ATOM,1577.0,O,ASP,131.0,11.506,57.787,43.017,-0.51,1.7,0.0
ATOM,1578.0,CB,ASP,131.0,12.7,60.425,42.545,-0.28,2.175,0.0
ATOM,1579.0,CG,ASP,131.0,11.702,61.512,42.756,0.62,2.0,0.0
ATOM,1580.0,OD1,ASP,131.0,10.525,61.242,43.122,-0.76,1.7,0.0
ATOM,1581.0,OD2,ASP,131.0,12.132,62.65,42.549,-0.76,1.7,0.0
ATOM,1582.0,H,ASP,131.0,14.65,58.755,42.732,0.31,0.2245,0.0
ATOM,1583.0,HA,ASP,131.0,13.001,60.0,44.652,0.09,1.32,0.0
ATOM,1584.0,HB2,ASP,131.0,13.585,60.828,42.326,0.09,1.32,0.0
ATOM,1585.0,HB3,ASP,131.0,12.398,59.84,41.798,0.09,1.32,0.0
ATOM,1586.0,N,ASN,132.0,10.866,58.837,44.916,-0.47,1.85,0.0
ATOM,1587.0,CA,ASN,132.0,9.711,57.964,45.112,0.07,2.275,0.0
ATOM,1588.0,C,ASN,132.0,8.492,58.398,44.308,0.51,2.0,0.0
ATOM,1589.0,O,ASN,132.0,7.67,57.552,43.885,-0.51,1.7,0.0
ATOM,1590.0,CB,ASN,132.0,9.381,57.851,46.585,-0.18,2.175,0.0
ATOM,1591.0,CG,ASN,132.0,10.472,57.16,47.348,0.55,2.0,0.0
ATOM,1592.0,H,ASN,132.0,11.1,59.629,45.529,0.31,0.2245,0.0
ATOM,1593.0,HA,ASN,132.0,9.974,57.044,44.777,0.09,1.32,0.0
ATOM,1594.0,HB2,ASN,132.0,9.261,58.768,46.955,0.09,1.32,0.0
ATOM,1595.0,HB3,ASN,132.0,8.539,57.328,46.682,0.09,1.32,0.0
ATOM,1596.0,OD1,ASN,132.0,10.767,56.003,47.089,-0.55,1.7,1.56
ATOM,1597.0,ND2,ASN,132.0,11.118,57.875,48.259,-0.62,1.85,0.06
ATOM,1598.0,HD22,ASN,132.0,10.859,58.833,48.411,0.3,0.2245,0.0
ATOM,1599.0,HD21,ASN,132.0,11.856,57.467,48.791,0.32,0.2245,10.42
ATOM,1600.0,N,THR,133.0,8.381,59.71,44.079,-0.47,1.85,0.0
ATOM,1601.0,CA,THR,133.0,7.285,60.225,43.292,0.07,2.275,0.0
ATOM,1602.0,C,THR,133.0,7.418,59.72,41.843,0.51,2.0,0.0
ATOM,1603.0,O,THR,133.0,6.438,59.235,41.262,-0.51,1.7,0.47
ATOM,1604.0,CB,THR,133.0,7.21,61.747,43.402,0.14,2.275,0.0
ATOM,1605.0,OG1,THR,133.0,6.891,62.084,44.762,-0.66,1.77,0.0
ATOM,1606.0,CG2,THR,133.0,6.128,62.313,42.486,-0.27,2.06,0.0
ATOM,1607.0,H,THR,133.0,9.122,60.29,44.501,0.31,0.2245,0.0
ATOM,1608.0,HA,THR,133.0,6.422,59.876,43.659,0.09,1.32,0.0
ATOM,1609.0,HB,THR,133.0,8.12,62.143,43.185,0.09,1.32,0.0
ATOM,1610.0,HG21,THR,133.0,6.548,62.896,41.787,0.09,1.32,0.0
ATOM,1611.0,HG22,THR,133.0,5.638,61.563,42.039,0.09,1.32,0.0
ATOM,1612.0,HG23,THR,133.0,5.481,62.856,43.024,0.09,1.32,0.0
ATOM,1613.0,HG1,THR,133.0,7.71,62.012,45.339,0.43,0.2245,0.0
ATOM,1614.0,N,ALA,134.0,8.656,59.671,41.339,-0.47,1.85,0.0
ATOM,1615.0,CA,ALA,134.0,8.933,59.195,39.985,0.07,2.275,0.0
ATOM,1616.0,C,ALA,134.0,8.663,57.706,39.835,0.51,2.0,0.0
ATOM,1617.0,O,ALA,134.0,8.168,57.288,38.783,-0.51,1.7,0.0
ATOM,1618.0,CB,ALA,134.0,10.353,59.518,39.576,-0.27,2.06,0.0
ATOM,1619.0,H,ALA,134.0,9.399,60.0,41.992,0.31,0.2245,0.0
ATOM,1620.0,HA,ALA,134.0,8.338,59.698,39.339,0.09,1.32,0.0
ATOM,1621.0,HB1,ALA,134.0,10.434,60.495,39.374,0.09,1.32,0.0
ATOM,1622.0,HB2,ALA,134.0,10.982,59.283,40.319,0.09,1.32,0.0
ATOM,1623.0,HB3,ALA,134.0,10.598,58.993,38.76,0.09,1.32,0.0
ATOM,1624.0,N,ASN,135.0,8.943,56.905,40.863,-0.47,1.85,0.0
ATOM,1625.0,CA,ASN,135.0,8.693,55.455,40.791,0.07,2.275,0.0
ATOM,1626.0,C,ASN,135.0,7.197,55.107,40.833,0.51,2.0,0.0
ATOM,1627.0,O,ASN,135.0,6.687,54.3,40.045,-0.51,1.7,0.0
ATOM,1628.0,CB,ASN,135.0,9.408,54.724,41.926,-0.18,2.175,0.0
ATOM,1629.0,CG,ASN,135.0,9.207,53.241,41.875,0.55,2.0,0.0
ATOM,1630.0,OD1,ASN,135.0,8.32,52.715,42.509,-0.55,1.7,0.02
ATOM,1631.0,ND2,ASN,135.0,10.028,52.562,41.133,-0.62,1.85,0.0
ATOM,1632.0,H,ASN,135.0,9.34,57.373,41.693,0.31,0.2245,0.0
ATOM,1633.0,HA,ASN,135.0,9.042,55.14,39.897,0.09,1.32,0.0
ATOM,1634.0,HB2,ASN,135.0,10.384,54.923,41.858,0.09,1.32,0.0
ATOM,1635.0,HB3,ASN,135.0,9.052,55.072,42.792,0.09,1.32,0.0
ATOM,1636.0,HD22,ASN,135.0,10.767,53.022,40.625,0.3,0.2245,0.0
ATOM,1637.0,HD21,ASN,135.0,9.943,51.56,41.052,0.32,0.2245,0.0
ATOM,1638.0,N,ASN,136.0,6.48,55.746,41.746,-0.47,1.85,0.0
ATOM,1639.0,CA,ASN,136.0,5.069,55.481,41.853,0.07,2.275,0.0
ATOM,1640.0,C,ASN,136.0,4.306,55.888,40.601,0.51,2.0,0.16
ATOM,1641.0,O,ASN,136.0,3.423,55.158,40.167,-0.51,1.7,0.0
ATOM,1642.0,CB,ASN,136.0,4.528,56.146,43.104,-0.18,2.175,9.8
ATOM,1643.0,CG,ASN,136.0,5.161,55.586,44.362,0.55,2.0,0.0
ATOM,1644.0,H,ASN,136.0,6.999,56.409,42.334,0.31,0.2245,0.0
ATOM,1645.0,HA,ASN,136.0,4.953,54.479,41.952,0.09,1.32,0.0
ATOM,1646.0,HB2,ASN,136.0,4.724,57.12,43.059,0.09,1.32,0.25
ATOM,1647.0,HB3,ASN,136.0,3.546,55.992,43.149,0.09,1.32,3.93
ATOM,1648.0,OD1,ASN,136.0,5.564,54.418,44.392,-0.55,1.7,0.0
ATOM,1649.0,ND2,ASN,136.0,5.301,56.426,45.389,-0.62,1.85,2.84
ATOM,1650.0,HD22,ASN,136.0,4.985,57.372,45.296,0.3,0.2245,0.87
ATOM,1651.0,HD21,ASN,136.0,5.715,56.114,46.239,0.32,0.2245,0.0
ATOM,1652.0,N,LYS,137.0,4.724,56.992,39.967,-0.47,1.85,0.53
ATOM,1653.0,CA,LYS,137.0,4.092,57.511,38.746,0.07,2.275,1.11
ATOM,1654.0,C,LYS,137.0,4.416,56.578,37.612,0.51,2.0,0.0
ATOM,1655.0,O,LYS,137.0,3.601,56.361,36.733,-0.51,1.7,0.0
ATOM,1656.0,CB,LYS,137.0,4.608,58.914,38.408,-0.18,2.175,0.0
ATOM,1657.0,CG,LYS,137.0,3.707,59.705,37.442,-0.18,2.175,0.0
ATOM,1658.0,CD,LYS,137.0,2.316,59.941,38.043,-0.18,2.175,2.18
ATOM,1659.0,CE,LYS,137.0,1.39,60.679,37.097,0.21,2.175,11.26
ATOM,1660.0,NZ,LYS,137.0,1.889,62.025,36.692,-0.3,1.85,0.0
ATOM,1661.0,H,LYS,137.0,5.546,57.457,40.419,0.31,0.2245,0.0
ATOM,1662.0,HA,LYS,137.0,3.104,57.535,38.886,0.09,1.32,0.12
ATOM,1663.0,HB2,LYS,137.0,4.681,59.435,39.254,0.09,1.32,0.1
ATOM,1664.0,HB3,LYS,137.0,5.507,58.825,37.985,0.09,1.32,0.0
ATOM,1665.0,HG2,LYS,137.0,4.132,60.587,37.257,0.09,1.32,0.0
ATOM,1666.0,HG3,LYS,137.0,3.609,59.188,36.597,0.09,1.32,0.0
ATOM,1667.0,HD2,LYS,137.0,1.913,59.054,38.262,0.09,1.32,0.0
ATOM,1668.0,HD3,LYS,137.0,2.42,60.479,38.878,0.09,1.32,0.0
ATOM,1669.0,HE2,LYS,137.0,1.256,60.117,36.265,0.05,1.32,0.08
ATOM,1670.0,HE3,LYS,137.0,0.486,60.786,37.54,0.05,1.32,6.0
ATOM,1671.0,HZ1,LYS,137.0,2.328,62.463,37.475,0.33,0.2245,0.0
ATOM,1672.0,HZ2,LYS,137.0,2.55,61.922,35.95,0.33,0.2245,0.0
ATOM,1673.0,HZ3,LYS,137.0,1.12,62.583,36.383,0.33,0.2245,1.64
ATOM,1674.0,N,ILE,138.0,5.624,56.037,37.625,-0.47,1.85,0.0
ATOM,1675.0,CA,ILE,138.0,6.023,55.09,36.608,0.07,2.275,0.0
ATOM,1676.0,C,ILE,138.0,5.193,53.823,36.733,0.51,2.0,0.0
ATOM,1677.0,O,ILE,138.0,4.801,53.236,35.71,-0.51,1.7,0.0
ATOM,1678.0,CB,ILE,138.0,7.522,54.783,36.696,-0.09,2.275,0.0
ATOM,1679.0,CG1,ILE,138.0,8.295,55.93,36.027,-0.18,2.175,0.0
ATOM,1680.0,CG2,ILE,138.0,7.84,53.409,36.062,-0.27,2.06,0.0
ATOM,1681.0,CD1,ILE,138.0,9.635,56.182,36.612,-0.27,2.06,0.02
ATOM,1682.0,H,ILE,138.0,6.235,56.344,38.403,0.31,0.2245,0.0
ATOM,1683.0,HA,ILE,138.0,5.786,55.5,35.725,0.09,1.32,0.09
ATOM,1684.0,HB,ILE,138.0,7.779,54.759,37.648,0.09,1.32,0.0
ATOM,1685.0,HG12,ILE,138.0,8.385,55.71,35.053,0.09,1.32,0.0
ATOM,1686.0,HG13,ILE,138.0,7.733,56.758,36.106,0.09,1.32,0.0
ATOM,1687.0,HG21,ILE,138.0,8.813,53.228,36.159,0.09,1.32,0.0
ATOM,1688.0,HG22,ILE,138.0,7.314,52.708,36.533,0.09,1.32,0.0
ATOM,1689.0,HG23,ILE,138.0,7.591,53.434,35.099,0.09,1.32,0.0
ATOM,1690.0,HD11,ILE,138.0,10.208,55.362,36.53,0.09,1.32,0.0
ATOM,1691.0,HD12,ILE,138.0,10.085,56.94,36.132,0.09,1.32,0.0
ATOM,1692.0,HD13,ILE,138.0,9.549,56.42,37.583,0.09,1.32,0.0
ATOM,1693.0,N,ILE,139.0,4.892,53.429,37.977,-0.47,1.85,0.0
ATOM,1694.0,CA,ILE,139.0,4.077,52.237,38.236,0.07,2.275,0.0
ATOM,1695.0,C,ILE,139.0,2.629,52.423,37.792,0.51,2.0,0.0
ATOM,1696.0,O,ILE,139.0,2.03,51.529,37.196,-0.51,1.7,0.0
ATOM,1697.0,CB,ILE,139.0,4.092,51.826,39.727,-0.09,2.275,0.0
ATOM,1698.0,CG1,ILE,139.0,5.437,51.2,40.101,-0.18,2.175,0.0
ATOM,1699.0,CG2,ILE,139.0,2.958,50.813,40.018,-0.27,2.06,0.0
ATOM,1700.0,CD1,ILE,139.0,5.448,50.573,41.479,-0.27,2.06,1.0
ATOM,1701.0,H,ILE,139.0,5.279,54.03,38.728,0.31,0.2245,0.0
ATOM,1702.0,HA,ILE,139.0,4.463,51.504,37.662,0.09,1.32,0.0
ATOM,1703.0,HB,ILE,139.0,3.972,52.65,40.27,0.09,1.32,0.0
ATOM,1704.0,HG12,ILE,139.0,5.659,50.502,39.425,0.09,1.32,0.0
ATOM,1705.0,HG13,ILE,139.0,6.134,51.914,40.068,0.09,1.32,0.0
ATOM,1706.0,HG21,ILE,139.0,2.969,50.589,40.987,0.09,1.32,0.0
ATOM,1707.0,HG22,ILE,139.0,2.088,51.227,39.773,0.09,1.32,0.0
ATOM,1708.0,HG23,ILE,139.0,3.113,49.994,39.476,0.09,1.32,0.0
ATOM,1709.0,HD11,ILE,139.0,4.759,49.851,41.519,0.09,1.32,0.0
ATOM,1710.0,HD12,ILE,139.0,6.351,50.185,41.659,0.09,1.32,0.84
ATOM,1711.0,HD13,ILE,139.0,5.242,51.272,42.162,0.09,1.32,0.0
ATOM,1712.0,N,LYS,140.0,2.07,53.587,38.066,-0.47,1.85,0.0
ATOM,1713.0,CA,LYS,140.0,0.705,53.86,37.669,0.07,2.275,0.0
ATOM,1714.0,C,LYS,140.0,0.576,53.844,36.153,0.51,2.0,0.0
ATOM,1715.0,O,LYS,140.0,-0.405,53.317,35.622,-0.51,1.7,13.36
ATOM,1716.0,CB,LYS,140.0,0.236,55.196,38.22,-0.18,2.175,3.66
ATOM,1717.0,CG,LYS,140.0,0.066,55.187,39.724,-0.18,2.175,4.08
ATOM,1718.0,CD,LYS,140.0,-0.821,54.025,40.181,-0.18,2.175,2.73
ATOM,1719.0,CE,LYS,140.0,-1.27,54.189,41.637,0.21,2.175,8.07
ATOM,1720.0,NZ,LYS,140.0,-2.279,55.294,41.805,-0.3,1.85,13.05
ATOM,1721.0,H,LYS,140.0,2.672,54.26,38.57,0.31,0.2245,0.0
ATOM,1722.0,HA,LYS,140.0,0.101,53.149,38.05,0.09,1.32,0.05
ATOM,1723.0,HB2,LYS,140.0,0.911,55.888,37.984,0.09,1.32,0.0
ATOM,1724.0,HB3,LYS,140.0,-0.642,55.417,37.805,0.09,1.32,8.36
ATOM,1725.0,HG2,LYS,140.0,0.961,55.092,40.159,0.09,1.32,0.0
ATOM,1726.0,HG3,LYS,140.0,-0.358,56.043,40.016,0.09,1.32,5.1
ATOM,1727.0,HD2,LYS,140.0,-1.63,53.994,39.604,0.09,1.32,7.84
ATOM,1728.0,HD3,LYS,140.0,-0.306,53.179,40.104,0.09,1.32,0.0
ATOM,1729.0,HE2,LYS,140.0,-1.677,53.328,41.949,0.05,1.32,1.41
ATOM,1730.0,HE3,LYS,140.0,-0.468,54.394,42.203,0.05,1.32,2.52
ATOM,1731.0,HZ1,LYS,140.0,-1.839,56.067,42.256,0.33,0.2245,18.09
ATOM,1732.0,HZ2,LYS,140.0,-2.612,55.567,40.906,0.33,0.2245,13.17
ATOM,1733.0,HZ3,LYS,140.0,-3.035,54.959,42.362,0.33,0.2245,20.13
ATOM,1734.0,N,GLU,141.0,1.576,54.394,35.462,-0.47,1.85,0.0
ATOM,1735.0,CA,GLU,141.0,1.569,54.42,33.999,0.07,2.275,0.18
ATOM,1736.0,C,GLU,141.0,1.65,53.019,33.421,0.51,2.0,0.0
ATOM,1737.0,O,GLU,141.0,1.222,52.775,32.294,-0.51,1.7,21.99
ATOM,1738.0,CB,GLU,141.0,2.723,55.264,33.461,-0.18,2.175,0.91
ATOM,1739.0,CG,GLU,141.0,2.569,56.716,33.782,-0.28,2.175,2.18
ATOM,1740.0,CD,GLU,141.0,1.146,57.18,33.57,0.62,2.0,0.02
ATOM,1741.0,OE1,GLU,141.0,0.683,57.17,32.394,-0.76,1.7,32.94
ATOM,1742.0,OE2,GLU,141.0,0.487,57.527,34.586,-0.76,1.7,17.34
ATOM,1743.0,H,GLU,141.0,2.339,54.791,36.038,0.31,0.2245,0.0
ATOM,1744.0,HA,GLU,141.0,0.727,54.872,33.676,0.09,1.32,2.86
ATOM,1745.0,HB2,GLU,141.0,3.546,54.939,33.884,0.09,1.32,0.0
ATOM,1746.0,HB3,GLU,141.0,2.733,55.162,32.486,0.09,1.32,5.12
ATOM,1747.0,HG2,GLU,141.0,2.786,56.858,34.728,0.09,1.32,0.0
ATOM,1748.0,HG3,GLU,141.0,3.14,57.239,33.18,0.09,1.32,1.18
ATOM,1749.0,N,ILE,142.0,2.22,52.106,34.193,-0.47,1.85,0.0
ATOM,1750.0,CA,ILE,142.0,2.351,50.731,33.766,0.07,2.275,0.0
ATOM,1751.0,C,ILE,142.0,1.003,50.063,33.941,0.51,2.0,0.04
ATOM,1752.0,O,ILE,142.0,0.685,49.105,33.25,-0.51,1.7,8.8
ATOM,1753.0,CB,ILE,142.0,3.446,49.992,34.579,-0.09,2.275,0.0
ATOM,1754.0,CG1,ILE,142.0,4.835,50.484,34.173,-0.18,2.175,0.0
ATOM,1755.0,CG2,ILE,142.0,3.367,48.523,34.339,-0.27,2.06,2.55
ATOM,1756.0,CD1,ILE,142.0,5.949,49.809,34.94,-0.27,2.06,0.0
ATOM,1757.0,H,ILE,142.0,2.556,52.46,35.111,0.31,0.2245,0.0
ATOM,1758.0,HA,ILE,142.0,2.535,50.753,32.788,0.09,1.32,0.0
ATOM,1759.0,HB,ILE,142.0,3.307,50.208,35.538,0.09,1.32,0.0
ATOM,1760.0,HG12,ILE,142.0,4.959,50.312,33.2,0.09,1.32,0.0
ATOM,1761.0,HG13,ILE,142.0,4.88,51.466,34.339,0.09,1.32,0.0
ATOM,1762.0,HG21,ILE,142.0,4.062,48.043,34.881,0.09,1.32,0.0
ATOM,1763.0,HG22,ILE,142.0,2.462,48.175,34.599,0.09,1.32,0.0
ATOM,1764.0,HG23,ILE,142.0,3.522,48.319,33.368,0.09,1.32,0.09
ATOM,1765.0,HD11,ILE,142.0,5.916,48.824,34.776,0.09,1.32,0.0
ATOM,1766.0,HD12,ILE,142.0,6.829,50.169,34.633,0.09,1.32,0.0
ATOM,1767.0,HD13,ILE,142.0,5.836,49.989,35.916,0.09,1.32,0.0
ATOM,1768.0,N,GLY,143.0,0.203,50.593,34.856,-0.47,1.85,0.0
ATOM,1769.0,CA,GLY,143.0,-1.114,50.027,35.109,-0.02,2.175,4.94
ATOM,1770.0,C,GLY,143.0,-1.302,49.654,36.572,0.51,2.0,1.48
ATOM,1771.0,O,GLY,143.0,-2.353,49.127,36.976,-0.51,1.7,14.83
ATOM,1772.0,H,GLY,143.0,0.583,51.413,35.355,0.31,0.2245,0.0
ATOM,1773.0,HA2,GLY,143.0,-1.824,50.696,34.842,0.09,1.32,9.13
ATOM,1774.0,HA3,GLY,143.0,-1.241,49.203,34.537,0.09,1.32,0.0
ATOM,1775.0,N,GLY,144.0,-0.265,49.89,37.368,-0.47,1.85,0.0
ATOM,1776.0,CA,GLY,144.0,-0.356,49.581,38.784,-0.02,2.175,1.28
ATOM,1777.0,C,GLY,144.0,0.457,48.381,39.194,0.51,2.0,0.0
ATOM,1778.0,O,GLY,144.0,0.908,47.595,38.359,-0.51,1.7,0.0
ATOM,1779.0,H,GLY,144.0,0.564,50.29,36.912,0.31,0.2245,0.0
ATOM,1780.0,HA2,GLY,144.0,-0.054,50.394,39.322,0.09,1.32,0.0
ATOM,1781.0,HA3,GLY,144.0,-1.335,49.426,39.029,0.09,1.32,0.41
ATOM,1782.0,N,ILE,145.0,0.601,48.225,40.5,-0.47,1.85,0.0
ATOM,1783.0,CA,ILE,145.0,1.377,47.128,41.076,0.07,2.275,0.0
ATOM,1784.0,C,ILE,145.0,0.867,45.82,40.492,0.51,2.0,0.0
ATOM,1785.0,O,ILE,145.0,1.624,44.874,40.241,-0.51,1.7,0.0
ATOM,1786.0,CB,ILE,145.0,1.254,47.109,42.627,-0.09,2.275,0.0
ATOM,1787.0,CG1,ILE,145.0,2.635,47.024,43.269,-0.18,2.175,0.0
ATOM,1788.0,CG2,ILE,145.0,0.487,45.888,43.106,-0.27,2.06,12.47
ATOM,1789.0,CD1,ILE,145.0,3.403,48.332,43.345,-0.27,2.06,0.43
ATOM,1790.0,H,ILE,145.0,0.118,48.944,41.082,0.31,0.2245,0.0
ATOM,1791.0,HA,ILE,145.0,2.31,47.244,40.749,0.09,1.32,0.0
ATOM,1792.0,HB,ILE,145.0,0.831,47.964,42.903,0.09,1.32,0.0
ATOM,1793.0,HG12,ILE,145.0,2.531,46.658,44.201,0.09,1.32,0.0
ATOM,1794.0,HG13,ILE,145.0,3.186,46.363,42.745,0.09,1.32,0.0
ATOM,1795.0,HG21,ILE,145.0,0.42,45.904,44.103,0.09,1.32,0.0
ATOM,1796.0,HG22,ILE,145.0,-0.431,45.894,42.713,0.09,1.32,0.0
ATOM,1797.0,HG23,ILE,145.0,0.965,45.059,42.819,0.09,1.32,0.0
ATOM,1798.0,HD11,ILE,145.0,2.88,48.989,43.884,0.09,1.32,0.0
ATOM,1799.0,HD12,ILE,145.0,4.287,48.169,43.779,0.09,1.32,2.04
ATOM,1800.0,HD13,ILE,145.0,3.54,48.686,42.422,0.09,1.32,0.0
ATOM,1801.0,N,LYS,146.0,-0.418,45.842,40.178,-0.47,1.85,0.0
ATOM,1802.0,CA,LYS,146.0,-1.132,44.706,39.621,0.07,2.275,1.25
ATOM,1803.0,C,LYS,146.0,-0.473,44.214,38.322,0.51,2.0,0.19
ATOM,1804.0,O,LYS,146.0,-0.222,43.023,38.148,-0.51,1.7,5.02
ATOM,1805.0,CB,LYS,146.0,-2.589,45.13,39.374,-0.18,2.175,11.52
ATOM,1806.0,CG,LYS,146.0,-3.28,45.874,40.573,-0.18,2.175,13.92
ATOM,1807.0,CD,LYS,146.0,-2.845,47.359,40.727,-0.18,2.175,1.76
ATOM,1808.0,CE,LYS,146.0,-3.334,47.973,42.04,0.21,2.175,15.03
ATOM,1809.0,NZ,LYS,146.0,-2.757,49.327,42.307,-0.3,1.85,3.15
ATOM,1810.0,H,LYS,146.0,-0.887,46.767,40.369,0.31,0.2245,0.0
ATOM,1811.0,HA,LYS,146.0,-1.122,43.948,40.286,0.09,1.32,4.03
ATOM,1812.0,HB2,LYS,146.0,-2.615,45.747,38.592,0.09,1.32,0.13
ATOM,1813.0,HB3,LYS,146.0,-3.132,44.315,39.182,0.09,1.32,11.28
ATOM,1814.0,HG2,LYS,146.0,-4.271,45.844,40.429,0.09,1.32,11.36
ATOM,1815.0,HG3,LYS,146.0,-3.054,45.385,41.417,0.09,1.32,5.8
ATOM,1816.0,HD2,LYS,146.0,-1.852,47.394,40.706,0.09,1.32,0.0
ATOM,1817.0,HD3,LYS,146.0,-3.228,47.874,39.969,0.09,1.32,3.86
ATOM,1818.0,HE2,LYS,146.0,-4.338,48.045,42.008,0.05,1.32,11.35
ATOM,1819.0,HE3,LYS,146.0,-3.086,47.356,42.797,0.05,1.32,5.84
ATOM,1820.0,HZ1,LYS,146.0,-2.594,49.427,43.287,0.33,0.2245,10.66
ATOM,1821.0,HZ2,LYS,146.0,-1.896,49.42,41.811,0.33,0.2245,0.0
ATOM,1822.0,HZ3,LYS,146.0,-3.401,50.025,41.999,0.33,0.2245,15.42
ATOM,1823.0,N,LYS,147.0,-0.16,45.156,37.44,-0.47,1.85,0.0
ATOM,1824.0,CA,LYS,147.0,0.467,44.865,36.166,0.07,2.275,0.0
ATOM,1825.0,C,LYS,147.0,1.896,44.401,36.354,0.51,2.0,0.13
ATOM,1826.0,O,LYS,147.0,2.304,43.384,35.795,-0.51,1.7,0.36
ATOM,1827.0,CB,LYS,147.0,0.474,46.114,35.296,-0.18,2.175,0.03
ATOM,1828.0,CG,LYS,147.0,-0.882,46.7,35.087,-0.18,2.175,0.0
ATOM,1829.0,CD,LYS,147.0,-1.783,45.786,34.277,-0.18,2.175,2.45
ATOM,1830.0,CE,LYS,147.0,-3.064,46.51,33.915,0.21,2.175,21.75
ATOM,1831.0,NZ,LYS,147.0,-2.766,47.837,33.265,-0.3,1.85,7.92
ATOM,1832.0,H,LYS,147.0,-0.407,46.128,37.747,0.31,0.2245,0.0
ATOM,1833.0,HA,LYS,147.0,-0.054,44.133,35.703,0.09,1.32,0.0
ATOM,1834.0,HB2,LYS,147.0,1.057,46.794,35.738,0.09,1.32,0.0
ATOM,1835.0,HB3,LYS,147.0,0.863,45.868,34.408,0.09,1.32,6.53
ATOM,1836.0,HG2,LYS,147.0,-1.319,46.868,35.978,0.09,1.32,0.0
ATOM,1837.0,HG3,LYS,147.0,-0.801,47.578,34.602,0.09,1.32,0.0
ATOM,1838.0,HD2,LYS,147.0,-1.315,45.529,33.444,0.09,1.32,7.4
ATOM,1839.0,HD3,LYS,147.0,-2.009,44.991,34.821,0.09,1.32,1.99
ATOM,1840.0,HE2,LYS,147.0,-3.591,45.953,33.277,0.05,1.32,11.77
ATOM,1841.0,HE3,LYS,147.0,-3.599,46.672,34.742,0.05,1.32,6.63
ATOM,1842.0,HZ1,LYS,147.0,-2.91,47.754,32.283,0.33,0.2245,20.64
ATOM,1843.0,HZ2,LYS,147.0,-3.378,48.526,33.644,0.33,0.2245,12.04
ATOM,1844.0,HZ3,LYS,147.0,-1.818,48.082,33.452,0.33,0.2245,0.0
ATOM,1845.0,N,VAL,148.0,2.678,45.186,37.086,-0.47,1.85,0.0
ATOM,1846.0,CA,VAL,148.0,4.065,44.842,37.353,0.07,2.275,0.0
ATOM,1847.0,C,VAL,148.0,4.098,43.387,37.801,0.51,2.0,0.0
ATOM,1848.0,O,VAL,148.0,4.834,42.587,37.261,-0.51,1.7,0.0
ATOM,1849.0,CB,VAL,148.0,4.663,45.764,38.448,-0.09,2.275,0.0
ATOM,1850.0,CG1,VAL,148.0,6.061,45.307,38.834,-0.27,2.06,0.66
ATOM,1851.0,CG2,VAL,148.0,4.691,47.213,37.934,-0.27,2.06,0.0
ATOM,1852.0,H,VAL,148.0,2.22,46.048,37.442,0.31,0.2245,0.0
ATOM,1853.0,HA,VAL,148.0,4.577,44.915,36.504,0.09,1.32,0.0
ATOM,1854.0,HB,VAL,148.0,4.09,45.675,39.257,0.09,1.32,0.0
ATOM,1855.0,HG11,VAL,148.0,6.706,46.061,38.71,0.09,1.32,0.0
ATOM,1856.0,HG12,VAL,148.0,6.066,45.019,39.792,0.09,1.32,0.0
ATOM,1857.0,HG13,VAL,148.0,6.334,44.539,38.255,0.09,1.32,0.0
ATOM,1858.0,HG21,VAL,148.0,5.369,47.284,37.206,0.09,1.32,0.0
ATOM,1859.0,HG22,VAL,148.0,3.787,47.448,37.584,0.09,1.32,0.0
ATOM,1860.0,HG23,VAL,148.0,4.935,47.818,38.689,0.09,1.32,0.0
ATOM,1861.0,N,LYS,149.0,3.18,43.034,38.686,-0.47,1.85,0.0
ATOM,1862.0,CA,LYS,149.0,3.089,41.686,39.211,0.07,2.275,0.0
ATOM,1863.0,C,LYS,149.0,2.868,40.571,38.167,0.51,2.0,0.0
ATOM,1864.0,O,LYS,149.0,3.581,39.558,38.152,-0.51,1.7,0.12
ATOM,1865.0,CB,LYS,149.0,2.0,41.645,40.283,-0.18,2.175,0.13
ATOM,1866.0,CG,LYS,149.0,2.157,40.501,41.252,-0.18,2.175,3.46
ATOM,1867.0,CD,LYS,149.0,1.236,40.639,42.447,-0.18,2.175,4.58
ATOM,1868.0,CE,LYS,149.0,1.417,39.446,43.391,0.21,2.175,10.06
ATOM,1869.0,NZ,LYS,149.0,0.567,39.564,44.621,-0.3,1.85,12.34
ATOM,1870.0,H,LYS,149.0,2.533,43.804,38.97,0.31,0.2245,0.0
ATOM,1871.0,HA,LYS,149.0,3.954,41.468,39.72,0.09,1.32,0.0
ATOM,1872.0,HB2,LYS,149.0,2.035,42.502,40.791,0.09,1.32,0.0
ATOM,1873.0,HB3,LYS,149.0,1.119,41.558,39.824,0.09,1.32,1.62
ATOM,1874.0,HG2,LYS,149.0,1.948,39.638,40.782,0.09,1.32,0.55
ATOM,1875.0,HG3,LYS,149.0,3.106,40.47,41.578,0.09,1.32,0.0
ATOM,1876.0,HD2,LYS,149.0,1.464,41.464,42.942,0.09,1.32,0.0
ATOM,1877.0,HD3,LYS,149.0,0.297,40.651,42.138,0.09,1.32,8.31
ATOM,1878.0,HE2,LYS,149.0,1.169,38.607,42.902,0.05,1.32,3.71
ATOM,1879.0,HE3,LYS,149.0,2.38,39.393,43.663,0.05,1.32,0.0
ATOM,1880.0,HZ1,LYS,149.0,0.409,38.653,44.996,0.33,0.2245,17.79
ATOM,1881.0,HZ2,LYS,149.0,1.042,40.13,45.292,0.33,0.2245,1.65
ATOM,1882.0,HZ3,LYS,149.0,-0.303,39.986,44.376,0.33,0.2245,16.41
ATOM,1883.0,N,GLN,150.0,1.897,40.738,37.286,-0.47,1.85,0.21
ATOM,1884.0,CA,GLN,150.0,1.665,39.697,36.297,0.07,2.275,1.25
ATOM,1885.0,C,GLN,150.0,2.817,39.622,35.278,0.51,2.0,0.0
ATOM,1886.0,O,GLN,150.0,3.175,38.542,34.823,-0.51,1.7,0.0
ATOM,1887.0,CB,GLN,150.0,0.303,39.877,35.611,-0.18,2.175,9.17
ATOM,1888.0,CG,GLN,150.0,0.291,40.929,34.513,-0.18,2.175,1.16
ATOM,1889.0,CD,GLN,150.0,-1.069,41.067,33.866,0.55,2.0,1.01
ATOM,1890.0,H,GLN,150.0,1.362,41.603,37.357,0.31,0.2245,0.0
ATOM,1891.0,HA,GLN,150.0,1.628,38.81,36.773,0.09,1.32,0.0
ATOM,1892.0,HB2,GLN,150.0,0.031,39.001,35.208,0.09,1.32,7.64
ATOM,1893.0,HB3,GLN,150.0,-0.371,40.142,36.305,0.09,1.32,4.84
ATOM,1894.0,HG2,GLN,150.0,0.548,41.809,34.91,0.09,1.32,0.0
ATOM,1895.0,HG3,GLN,150.0,0.955,40.669,33.814,0.09,1.32,0.0
ATOM,1896.0,OE1,GLN,150.0,-2.107,41.011,34.549,-0.55,1.7,30.41
ATOM,1897.0,NE2,GLN,150.0,-1.082,41.242,32.532,-0.62,1.85,13.39
ATOM,1898.0,HE21,GLN,150.0,-1.956,41.328,32.032,0.32,0.2245,21.78
ATOM,1899.0,HE22,GLN,150.0,-0.192,41.286,32.043,0.3,0.2245,7.53
ATOM,1900.0,N,ARG,151.0,3.413,40.76,34.942,-0.47,1.85,0.0
ATOM,1901.0,CA,ARG,151.0,4.534,40.786,33.994,0.07,2.275,0.09
ATOM,1902.0,C,ARG,151.0,5.641,39.873,34.518,0.51,2.0,0.0
ATOM,1903.0,O,ARG,151.0,6.324,39.191,33.756,-0.51,1.7,0.0
ATOM,1904.0,CB,ARG,151.0,5.083,42.215,33.827,-0.18,2.175,0.52
ATOM,1905.0,CG,ARG,151.0,6.362,42.322,32.994,-0.18,2.175,0.0
ATOM,1906.0,CD,ARG,151.0,6.101,41.933,31.563,0.2,2.175,3.06
ATOM,1907.0,NE,ARG,151.0,7.323,41.754,30.78,-0.7,1.85,0.23
ATOM,1908.0,CZ,ARG,151.0,7.45,40.88,29.783,0.64,2.0,1.38
ATOM,1909.0,NH1,ARG,151.0,6.436,40.087,29.449,-0.8,1.85,11.84
ATOM,1910.0,NH2,ARG,151.0,8.578,40.822,29.085,-0.8,1.85,4.51
ATOM,1911.0,H,ARG,151.0,3.031,41.609,35.394,0.31,0.2245,0.0
ATOM,1912.0,HA,ARG,151.0,4.22,40.438,33.114,0.09,1.32,0.0
ATOM,1913.0,HB2,ARG,151.0,4.38,42.766,33.383,0.09,1.32,6.98
ATOM,1914.0,HB3,ARG,151.0,5.277,42.58,34.735,0.09,1.32,0.0
ATOM,1915.0,HG2,ARG,151.0,6.686,43.261,33.017,0.09,1.32,0.0
ATOM,1916.0,HG3,ARG,151.0,7.047,41.709,33.372,0.09,1.32,0.0
ATOM,1917.0,HD2,ARG,151.0,5.583,41.074,31.558,0.09,1.32,0.0
ATOM,1918.0,HD3,ARG,151.0,5.545,42.651,31.137,0.09,1.32,9.46
ATOM,1919.0,HE,ARG,151.0,8.117,42.326,31.009,0.44,0.2245,0.0
ATOM,1920.0,HH11,ARG,151.0,5.562,40.148,29.924,0.46,0.2245,0.05
ATOM,1921.0,HH12,ARG,151.0,6.552,39.419,28.707,0.46,0.2245,17.02
ATOM,1922.0,HH21,ARG,151.0,9.325,41.456,29.303,0.46,0.2245,0.0
ATOM,1923.0,HH22,ARG,151.0,8.683,40.158,28.351,0.46,0.2245,6.96
ATOM,1924.0,N,LEU,152.0,5.814,39.88,35.832,-0.47,1.85,0.0
ATOM,1925.0,CA,LEU,152.0,6.82,39.053,36.456,0.07,2.275,0.0
ATOM,1926.0,C,LEU,152.0,6.415,37.628,36.145,0.51,2.0,0.0
ATOM,1927.0,O,LEU,152.0,7.193,36.899,35.52,-0.51,1.7,0.0
ATOM,1928.0,CB,LEU,152.0,6.884,39.337,37.957,-0.18,2.175,1.11
ATOM,1929.0,CG,LEU,152.0,7.514,40.717,38.193,-0.09,2.275,0.0
ATOM,1930.0,CD1,LEU,152.0,7.305,41.268,39.601,-0.27,2.06,0.05
ATOM,1931.0,CD2,LEU,152.0,8.999,40.635,37.843,-0.27,2.06,0.0
ATOM,1932.0,H,LEU,152.0,5.18,40.515,36.353,0.31,0.2245,0.0
ATOM,1933.0,HA,LEU,152.0,7.695,39.232,36.035,0.09,1.32,0.0
ATOM,1934.0,HB2,LEU,152.0,5.979,39.365,38.302,0.09,1.32,0.0
ATOM,1935.0,HB3,LEU,152.0,7.459,38.677,38.37,0.09,1.32,0.0
ATOM,1936.0,HG,LEU,152.0,7.124,41.369,37.521,0.09,1.32,0.0
ATOM,1937.0,HD11,LEU,152.0,7.711,40.642,40.266,0.09,1.32,0.0
ATOM,1938.0,HD12,LEU,152.0,7.742,42.164,39.675,0.09,1.32,0.68
ATOM,1939.0,HD13,LEU,152.0,6.326,41.358,39.781,0.09,1.32,0.0
ATOM,1940.0,HD21,LEU,152.0,9.1,40.372,36.884,0.09,1.32,0.0
ATOM,1941.0,HD22,LEU,152.0,9.424,41.527,37.992,0.09,1.32,0.0
ATOM,1942.0,HD23,LEU,152.0,9.44,39.953,38.426,0.09,1.32,0.0
ATOM,1943.0,N,LYS,153.0,5.151,37.302,36.434,-0.47,1.85,0.0
ATOM,1944.0,CA,LYS,153.0,4.591,35.974,36.177,0.07,2.275,0.0
ATOM,1945.0,C,LYS,153.0,4.859,35.549,34.729,0.51,2.0,0.35
ATOM,1946.0,O,LYS,153.0,5.357,34.451,34.495,-0.51,1.7,2.07
ATOM,1947.0,CB,LYS,153.0,3.075,35.965,36.387,-0.18,2.175,8.71
ATOM,1948.0,CG,LYS,153.0,2.585,36.472,37.711,-0.18,2.175,0.26
ATOM,1949.0,CD,LYS,153.0,2.969,35.532,38.847,-0.18,2.175,0.33
ATOM,1950.0,CE,LYS,153.0,1.85,35.425,39.896,0.21,2.175,10.61
ATOM,1951.0,NZ,LYS,153.0,0.782,34.486,39.438,-0.3,1.85,12.4
ATOM,1952.0,H,LYS,153.0,4.596,38.08,36.86,0.31,0.2245,0.0
ATOM,1953.0,HA,LYS,153.0,5.029,35.311,36.791,0.09,1.32,0.0
ATOM,1954.0,HB2,LYS,153.0,2.662,36.524,35.655,0.09,1.32,0.16
ATOM,1955.0,HB3,LYS,153.0,2.756,35.014,36.267,0.09,1.32,3.9
ATOM,1956.0,HG2,LYS,153.0,2.986,37.372,37.896,0.09,1.32,0.0
ATOM,1957.0,HG3,LYS,153.0,1.587,36.555,37.692,0.09,1.32,3.77
ATOM,1958.0,HD2,LYS,153.0,3.135,34.625,38.476,0.09,1.32,0.0
ATOM,1959.0,HD3,LYS,153.0,3.783,35.88,39.297,0.09,1.32,2.38
ATOM,1960.0,HE2,LYS,153.0,2.243,35.089,40.748,0.05,1.32,9.29
ATOM,1961.0,HE3,LYS,153.0,1.457,36.33,40.036,0.05,1.32,2.88
ATOM,1962.0,HZ1,LYS,153.0,0.992,34.175,38.513,0.33,0.2245,9.22
ATOM,1963.0,HZ2,LYS,153.0,0.745,33.703,40.057,0.33,0.2245,18.73
ATOM,1964.0,HZ3,LYS,153.0,-0.097,34.96,39.442,0.33,0.2245,19.58
ATOM,1965.0,N,GLU,154.0,4.523,36.421,33.768,-0.47,1.85,0.0
ATOM,1966.0,CA,GLU,154.0,4.71,36.157,32.334,0.07,2.275,2.14
ATOM,1967.0,C,GLU,154.0,6.179,35.967,32.061,0.51,2.0,0.0
ATOM,1968.0,O,GLU,154.0,6.569,35.109,31.284,-0.51,1.7,24.89
ATOM,1969.0,CB,GLU,154.0,4.157,37.308,31.494,-0.18,2.175,2.11
ATOM,1970.0,CG,GLU,154.0,2.658,37.482,31.662,-0.28,2.175,13.76
ATOM,1971.0,CD,GLU,154.0,2.136,38.854,31.22,0.62,2.0,3.5
ATOM,1972.0,OE1,GLU,154.0,2.853,39.608,30.5,-0.76,1.7,19.57
ATOM,1973.0,OE2,GLU,154.0,0.977,39.18,31.594,-0.76,1.7,14.57
ATOM,1974.0,H,GLU,154.0,4.112,37.314,34.129,0.31,0.2245,0.0
ATOM,1975.0,HA,GLU,154.0,4.202,35.335,32.081,0.09,1.32,9.62
ATOM,1976.0,HB2,GLU,154.0,4.589,38.132,31.795,0.09,1.32,0.0
ATOM,1977.0,HB3,GLU,154.0,4.331,37.104,30.554,0.09,1.32,7.68
ATOM,1978.0,HG2,GLU,154.0,2.2,36.806,31.108,0.09,1.32,11.34
ATOM,1979.0,HG3,GLU,154.0,2.435,37.382,32.618,0.09,1.32,0.27
ATOM,1980.0,N,LEU,155.0,6.997,36.748,32.749,-0.47,1.85,0.0
ATOM,1981.0,CA,LEU,155.0,8.436,36.657,32.615,0.07,2.275,0.0
ATOM,1982.0,C,LEU,155.0,8.85,35.293,33.12,0.51,2.0,0.0
ATOM,1983.0,O,LEU,155.0,9.93,34.793,32.816,-0.51,1.7,3.01
ATOM,1984.0,CB,LEU,155.0,9.082,37.737,33.455,-0.18,2.175,0.0
ATOM,1985.0,CG,LEU,155.0,9.742,38.824,32.626,-0.09,2.275,0.09
ATOM,1986.0,CD1,LEU,155.0,9.682,40.199,33.33,-0.27,2.06,0.0
ATOM,1987.0,CD2,LEU,155.0,11.149,38.373,32.379,-0.27,2.06,0.0
ATOM,1988.0,H,LEU,155.0,6.52,37.423,33.385,0.31,0.2245,0.0
ATOM,1989.0,HA,LEU,155.0,8.676,36.727,31.652,0.09,1.32,2.25
ATOM,1990.0,HB2,LEU,155.0,8.381,38.164,34.003,0.09,1.32,0.0
ATOM,1991.0,HB3,LEU,155.0,9.78,37.321,34.013,0.09,1.32,0.44
ATOM,1992.0,HG,LEU,155.0,9.277,38.9,31.74,0.09,1.32,0.0
ATOM,1993.0,HD11,LEU,155.0,10.155,40.134,34.204,0.09,1.32,0.0
ATOM,1994.0,HD12,LEU,155.0,10.126,40.877,32.751,0.09,1.32,0.0
ATOM,1995.0,HD13,LEU,155.0,8.728,40.445,33.475,0.09,1.32,0.0
ATOM,1996.0,HD21,LEU,155.0,11.151,37.499,31.883,0.09,1.32,0.0
ATOM,1997.0,HD22,LEU,155.0,11.641,39.056,31.831,0.09,1.32,0.0
ATOM,1998.0,HD23,LEU,155.0,11.632,38.251,33.252,0.09,1.32,0.4
ATOM,1999.0,N,GLY,156.0,7.946,34.664,33.852,-0.47,1.85,0.0
ATOM,2000.0,CA,GLY,156.0,8.223,33.359,34.396,-0.02,2.175,10.8
ATOM,2001.0,C,GLY,156.0,8.881,33.551,35.726,0.51,2.0,0.08
ATOM,2002.0,O,GLY,156.0,9.81,32.851,36.035,-0.51,1.7,30.32
ATOM,2003.0,H,GLY,156.0,7.058,35.177,33.991,0.31,0.2245,0.0
ATOM,2004.0,HA2,GLY,156.0,7.371,32.851,34.508,0.09,1.32,0.0
ATOM,2005.0,HA3,GLY,156.0,8.833,32.859,33.783,0.09,1.32,7.99
ATOM,2006.0,N,ASP,157.0,8.374,34.494,36.516,-0.47,1.85,0.0
ATOM,2007.0,CA,ASP,157.0,8.894,34.805,37.86,0.07,2.275,0.72
ATOM,2008.0,C,ASP,157.0,7.752,34.68,38.865,0.51,2.0,0.0
ATOM,2009.0,O,ASP,157.0,6.954,35.594,39.05,-0.51,1.7,0.48
ATOM,2010.0,CB,ASP,157.0,9.5,36.241,37.901,-0.28,2.175,1.87
ATOM,2011.0,CG,ASP,157.0,10.082,36.623,39.265,0.62,2.0,0.9
ATOM,2012.0,OD1,ASP,157.0,9.595,36.125,40.295,-0.76,1.7,0.01
ATOM,2013.0,OD2,ASP,157.0,11.013,37.441,39.318,-0.76,1.7,0.0
ATOM,2014.0,H,ASP,157.0,7.559,35.009,36.1,0.31,0.2245,0.0
ATOM,2015.0,HA,ASP,157.0,9.563,34.101,38.083,0.09,1.32,4.06
ATOM,2016.0,HB2,ASP,157.0,10.224,36.278,37.222,0.09,1.32,2.48
ATOM,2017.0,HB3,ASP,157.0,8.774,36.877,37.673,0.09,1.32,0.0
ATOM,2018.0,N,LYS,158.0,7.701,33.552,39.545,-0.47,1.85,0.0
ATOM,2019.0,CA,LYS,158.0,6.662,33.346,40.543,0.07,2.275,1.52
ATOM,2020.0,C,LYS,158.0,7.203,33.509,41.959,0.51,2.0,1.25
ATOM,2021.0,O,LYS,158.0,6.698,32.888,42.897,-0.51,1.7,20.57
ATOM,2022.0,CB,LYS,158.0,6.013,31.969,40.373,-0.18,2.175,12.51
ATOM,2023.0,CG,LYS,158.0,5.079,31.889,39.204,-0.18,2.175,8.0
ATOM,2024.0,CD,LYS,158.0,5.847,31.8,37.914,-0.18,2.175,3.7
ATOM,2025.0,CE,LYS,158.0,4.936,32.074,36.718,0.21,2.175,7.89
ATOM,2026.0,NZ,LYS,158.0,5.648,31.86,35.42,-0.3,1.85,4.7
ATOM,2027.0,H,LYS,158.0,8.428,32.858,39.319,0.31,0.2245,4.85
ATOM,2028.0,HA,LYS,158.0,5.929,34.026,40.398,0.09,1.32,0.33
ATOM,2029.0,HB2,LYS,158.0,6.743,31.3,40.251,0.09,1.32,7.33
ATOM,2030.0,HB3,LYS,158.0,5.506,31.766,41.209,0.09,1.32,7.04
ATOM,2031.0,HG2,LYS,158.0,4.501,31.076,39.295,0.09,1.32,11.48
ATOM,2032.0,HG3,LYS,158.0,4.5,32.706,39.183,0.09,1.32,0.0
ATOM,2033.0,HD2,LYS,158.0,6.572,32.479,37.913,0.09,1.32,0.0
ATOM,2034.0,HD3,LYS,158.0,6.223,30.886,37.814,0.09,1.32,9.85
ATOM,2035.0,HE2,LYS,158.0,4.147,31.459,36.765,0.05,1.32,10.43
ATOM,2036.0,HE3,LYS,158.0,4.617,33.022,36.764,0.05,1.32,0.0
ATOM,2037.0,HZ1,LYS,158.0,6.395,31.213,35.559,0.33,0.2245,9.42
ATOM,2038.0,HZ2,LYS,158.0,5.005,31.494,34.75,0.33,0.2245,19.43
ATOM,2039.0,HZ3,LYS,158.0,6.012,32.732,35.098,0.33,0.2245,0.0
ATOM,2040.0,N,VAL,159.0,8.248,34.318,42.109,-0.47,1.85,0.0
ATOM,2041.0,CA,VAL,159.0,8.841,34.558,43.423,0.07,2.275,0.12
ATOM,2042.0,C,VAL,159.0,8.745,36.004,43.912,0.51,2.0,0.0
ATOM,2043.0,O,VAL,159.0,8.267,36.265,45.016,-0.51,1.7,0.3
ATOM,2044.0,CB,VAL,159.0,10.301,34.119,43.448,-0.09,2.275,0.0
ATOM,2045.0,CG1,VAL,159.0,10.9,34.351,44.821,-0.27,2.06,1.42
ATOM,2046.0,CG2,VAL,159.0,10.392,32.661,43.041,-0.27,2.06,26.48
ATOM,2047.0,H,VAL,159.0,8.596,34.752,41.236,0.31,0.2245,0.0
ATOM,2048.0,HA,VAL,159.0,8.352,33.97,44.099,0.09,1.32,0.0
ATOM,2049.0,HB,VAL,159.0,10.807,34.694,42.81,0.09,1.32,0.0
ATOM,2050.0,HG11,VAL,159.0,10.26,34.039,45.525,0.09,1.32,0.31
ATOM,2051.0,HG12,VAL,159.0,11.758,33.842,44.905,0.09,1.32,0.0
ATOM,2052.0,HG13,VAL,159.0,11.082,35.327,44.949,0.09,1.32,0.0
ATOM,2053.0,HG21,VAL,159.0,11.296,32.304,43.28,0.09,1.32,5.27
ATOM,2054.0,HG22,VAL,159.0,9.688,32.137,43.521,0.09,1.32,6.24
ATOM,2055.0,HG23,VAL,159.0,10.252,32.582,42.053,0.09,1.32,3.24
ATOM,2056.0,N,THR,160.0,9.228,36.939,43.098,-0.47,1.85,0.0
ATOM,2057.0,CA,THR,160.0,9.196,38.35,43.451,0.07,2.275,0.0
ATOM,2058.0,C,THR,160.0,7.749,38.64,43.821,0.51,2.0,0.0
ATOM,2059.0,O,THR,160.0,6.85,38.076,43.241,-0.51,1.7,10.07
ATOM,2060.0,CB,THR,160.0,9.673,39.222,42.271,0.14,2.275,0.0
ATOM,2061.0,OG1,THR,160.0,10.921,38.717,41.766,-0.66,1.77,0.0
ATOM,2062.0,CG2,THR,160.0,9.871,40.663,42.735,-0.27,2.06,1.64
ATOM,2063.0,H,THR,160.0,9.622,36.578,42.207,0.31,0.2245,0.0
ATOM,2064.0,HA,THR,160.0,9.759,38.494,44.248,0.09,1.32,0.0
ATOM,2065.0,HB,THR,160.0,8.983,39.167,41.522,0.09,1.32,0.0
ATOM,2066.0,HG21,THR,160.0,8.985,41.129,42.775,0.09,1.32,0.0
ATOM,2067.0,HG22,THR,160.0,10.289,40.67,43.645,0.09,1.32,0.0
ATOM,2068.0,HG23,THR,160.0,10.47,41.145,42.093,0.09,1.32,0.0
ATOM,2069.0,HG1,THR,160.0,10.787,38.302,40.861,0.43,0.2245,0.0
ATOM,2070.0,N,ASN,161.0,7.532,39.415,44.868,-0.47,1.85,0.0
ATOM,2071.0,CA,ASN,161.0,6.182,39.704,45.3,0.07,2.275,0.0
ATOM,2072.0,C,ASN,161.0,5.838,41.185,45.517,0.51,2.0,0.0
ATOM,2073.0,O,ASN,161.0,5.622,41.634,46.634,-0.51,1.7,0.0
ATOM,2074.0,CB,ASN,161.0,5.897,38.899,46.551,-0.18,2.175,1.04
ATOM,2075.0,CG,ASN,161.0,4.483,39.036,46.997,0.55,2.0,0.0
ATOM,2076.0,H,ASN,161.0,8.38,39.781,45.332,0.31,0.2245,0.0
ATOM,2077.0,HA,ASN,161.0,5.548,39.366,44.566,0.09,1.32,0.02
ATOM,2078.0,HB2,ASN,161.0,6.087,37.938,46.357,0.09,1.32,0.68
ATOM,2079.0,HB3,ASN,161.0,6.502,39.222,47.277,0.09,1.32,0.0
ATOM,2080.0,OD1,ASN,161.0,3.564,38.777,46.23,-0.55,1.7,11.2
ATOM,2081.0,ND2,ASN,161.0,4.282,39.457,48.237,-0.62,1.85,0.59
ATOM,2082.0,HD22,ASN,161.0,5.067,39.672,48.823,0.3,0.2245,0.0
ATOM,2083.0,HD21,ASN,161.0,3.354,39.562,48.59,0.32,0.2245,7.66
ATOM,2084.0,N,PRO,162.0,5.733,41.956,44.426,-0.29,1.85,0.0
ATOM,2085.0,CA,PRO,162.0,5.402,43.365,44.596,0.02,2.275,0.32
ATOM,2086.0,C,PRO,162.0,3.968,43.459,45.108,0.51,2.0,0.0
ATOM,2087.0,O,PRO,162.0,3.044,42.942,44.486,-0.51,1.7,0.05
ATOM,2088.0,CB,PRO,162.0,5.549,43.918,43.181,-0.18,2.175,4.0
ATOM,2089.0,CG,PRO,162.0,5.09,42.787,42.348,-0.18,2.175,0.0
ATOM,2090.0,CD,PRO,162.0,5.748,41.586,42.998,0.0,2.175,0.0
ATOM,2091.0,HA,PRO,162.0,6.033,43.812,45.222,0.09,1.32,0.05
ATOM,2092.0,HB2,PRO,162.0,4.971,44.722,43.056,0.09,1.32,0.0
ATOM,2093.0,HB3,PRO,162.0,6.499,44.15,42.991,0.09,1.32,3.94
ATOM,2094.0,HG2,PRO,162.0,4.097,42.697,42.374,0.09,1.32,0.0
ATOM,2095.0,HG3,PRO,162.0,5.397,42.885,41.404,0.09,1.32,0.0
ATOM,2096.0,HD2,PRO,162.0,5.22,40.758,42.843,0.09,1.32,0.02
ATOM,2097.0,HD3,PRO,162.0,6.682,41.466,42.674,0.09,1.32,0.0
ATOM,2098.0,N,VAL,163.0,3.829,44.053,46.293,-0.47,1.85,0.0
ATOM,2099.0,CA,VAL,163.0,2.556,44.254,46.982,0.07,2.275,0.0
ATOM,2100.0,C,VAL,163.0,2.311,45.734,47.313,0.51,2.0,0.0
ATOM,2101.0,O,VAL,163.0,1.171,46.199,47.324,-0.51,1.7,14.36
ATOM,2102.0,CB,VAL,163.0,2.54,43.506,48.325,-0.09,2.275,0.0
ATOM,2103.0,CG1,VAL,163.0,1.242,43.736,49.023,-0.27,2.06,19.35
ATOM,2104.0,CG2,VAL,163.0,2.788,42.034,48.125,-0.27,2.06,3.43
ATOM,2105.0,H,VAL,163.0,4.749,44.378,46.707,0.31,0.2245,0.0
ATOM,2106.0,HA,VAL,163.0,1.814,43.951,46.369,0.09,1.32,2.32
ATOM,2107.0,HB,VAL,163.0,3.263,43.896,48.89,0.09,1.32,0.0
ATOM,2108.0,HG11,VAL,163.0,0.479,43.668,48.372,0.09,1.32,8.94
ATOM,2109.0,HG12,VAL,163.0,1.109,43.051,49.747,0.09,1.32,1.13
ATOM,2110.0,HG13,VAL,163.0,1.227,44.65,49.44,0.09,1.32,0.2
ATOM,2111.0,HG21,VAL,163.0,2.337,41.726,47.284,0.09,1.32,0.0
ATOM,2112.0,HG22,VAL,163.0,3.773,41.864,48.052,0.09,1.32,0.0
ATOM,2113.0,HG23,VAL,163.0,2.421,41.521,48.904,0.09,1.32,1.41
ATOM,2114.0,N,ARG,164.0,3.371,46.469,47.639,-0.47,1.85,0.0
ATOM,2115.0,CA,ARG,164.0,3.225,47.878,47.987,0.07,2.275,0.0
ATOM,2116.0,C,ARG,164.0,4.047,48.822,47.139,0.51,2.0,0.0
ATOM,2117.0,O,ARG,164.0,4.922,48.411,46.363,-0.51,1.7,1.65
ATOM,2118.0,CB,ARG,164.0,3.547,48.114,49.466,-0.18,2.175,0.0
ATOM,2119.0,CG,ARG,164.0,2.464,47.642,50.443,-0.18,2.175,7.66
ATOM,2120.0,CD,ARG,164.0,2.981,47.542,51.852,0.2,2.175,5.32
ATOM,2121.0,NE,ARG,164.0,3.973,46.463,51.95,-0.7,1.85,0.0
ATOM,2122.0,CZ,ARG,164.0,4.754,46.219,52.992,0.64,2.0,0.0
ATOM,2123.0,NH1,ARG,164.0,4.673,46.959,54.075,-0.8,1.85,4.69
ATOM,2124.0,NH2,ARG,164.0,5.674,45.282,52.898,-0.8,1.85,0.27
ATOM,2125.0,H,ARG,164.0,4.275,45.97,47.624,0.31,0.2245,0.0
ATOM,2126.0,HA,ARG,164.0,2.238,48.131,47.894,0.09,1.32,1.51
ATOM,2127.0,HB2,ARG,164.0,4.388,47.626,49.686,0.09,1.32,0.0
ATOM,2128.0,HB3,ARG,164.0,3.677,49.093,49.607,0.09,1.32,0.0
ATOM,2129.0,HG2,ARG,164.0,1.706,48.293,50.424,0.09,1.32,10.6
ATOM,2130.0,HG3,ARG,164.0,2.141,46.742,50.156,0.09,1.32,0.0
ATOM,2131.0,HD2,ARG,164.0,3.412,48.399,52.095,0.09,1.32,0.0
ATOM,2132.0,HD3,ARG,164.0,2.223,47.338,52.455,0.09,1.32,7.21
ATOM,2133.0,HE,ARG,164.0,4.066,45.85,51.143,0.44,0.2245,0.0
ATOM,2134.0,HH11,ARG,164.0,4.012,47.706,54.148,0.46,0.2245,5.1
ATOM,2135.0,HH12,ARG,164.0,5.287,46.776,54.857,0.46,0.2245,2.21
ATOM,2136.0,HH21,ARG,164.0,5.774,44.743,52.059,0.46,0.2245,0.0
ATOM,2137.0,HH22,ARG,164.0,6.288,45.097,53.673,0.46,0.2245,1.92
ATOM,2138.0,N,TYR,165.0,3.72,50.103,47.264,-0.47,1.85,0.0
ATOM,2139.0,CA,TYR,165.0,4.415,51.159,46.543,0.07,2.275,0.0
ATOM,2140.0,C,TYR,165.0,5.528,51.682,47.445,0.51,2.0,0.0
ATOM,2141.0,O,TYR,165.0,5.719,51.182,48.556,-0.51,1.7,0.0
ATOM,2142.0,CB,TYR,165.0,3.432,52.303,46.262,-0.18,2.175,6.17
ATOM,2143.0,CG,TYR,165.0,2.488,52.072,45.093,0.0,1.9924,0.55
ATOM,2144.0,CD1,TYR,165.0,1.438,51.158,45.184,-0.115,1.9924,9.27
ATOM,2145.0,CD2,TYR,165.0,2.658,52.759,43.883,-0.115,1.9924,3.8
ATOM,2146.0,CE1,TYR,165.0,0.59,50.926,44.104,-0.115,1.9924,7.58
ATOM,2147.0,CE2,TYR,165.0,1.816,52.535,42.802,-0.115,1.9924,0.06
ATOM,2148.0,CZ,TYR,165.0,0.791,51.611,42.92,0.11,1.9924,0.0
ATOM,2149.0,OH,TYR,165.0,-0.009,51.316,41.836,-0.54,1.77,0.0
ATOM,2150.0,H,TYR,165.0,2.927,50.285,47.919,0.31,0.2245,3.02
ATOM,2151.0,HA,TYR,165.0,4.833,50.767,45.73,0.09,1.32,0.0
ATOM,2152.0,HB2,TYR,165.0,2.878,52.448,47.083,0.09,1.32,4.02
ATOM,2153.0,HB3,TYR,165.0,3.962,53.131,46.071,0.09,1.32,0.0
ATOM,2154.0,HD1,TYR,165.0,1.29,50.659,46.039,0.115,1.3582,5.09
ATOM,2155.0,HD2,TYR,165.0,3.4,53.422,43.802,0.115,1.3582,0.0
ATOM,2156.0,HE1,TYR,165.0,-0.159,50.268,44.188,0.115,1.3582,3.6
ATOM,2157.0,HE2,TYR,165.0,1.948,53.034,41.948,0.115,1.3582,0.0
ATOM,2158.0,HH,TYR,165.0,0.48,51.547,40.997,0.43,0.2245,0.0
ATOM,2159.0,N,GLU,166.0,6.313,52.634,46.95,-0.47,1.85,0.0
ATOM,2160.0,CA,GLU,166.0,7.327,53.271,47.794,0.07,2.275,0.0
ATOM,2161.0,C,GLU,166.0,6.409,54.311,48.428,0.51,2.0,0.0
ATOM,2162.0,O,GLU,166.0,5.499,54.822,47.771,-0.51,1.7,1.68
ATOM,2163.0,CB,GLU,166.0,8.376,54.02,46.98,-0.18,2.175,0.0
ATOM,2164.0,CG,GLU,166.0,9.427,53.162,46.311,-0.28,2.175,0.0
ATOM,2165.0,CD,GLU,166.0,10.539,52.729,47.23,0.62,2.0,0.0
ATOM,2166.0,OE1,GLU,166.0,10.261,52.458,48.42,-0.76,1.7,0.31
ATOM,2167.0,OE2,GLU,166.0,11.691,52.66,46.735,-0.76,1.7,0.0
ATOM,2168.0,H,GLU,166.0,6.153,52.875,45.963,0.31,0.2245,0.0
ATOM,2169.0,HA,GLU,166.0,7.638,52.662,48.457,0.09,1.32,0.0
ATOM,2170.0,HB2,GLU,166.0,7.9,54.522,46.267,0.09,1.32,0.0
ATOM,2171.0,HB3,GLU,166.0,8.844,54.644,47.594,0.09,1.32,0.0
ATOM,2172.0,HG2,GLU,166.0,8.986,52.345,45.967,0.09,1.32,0.0
ATOM,2173.0,HG3,GLU,166.0,9.833,53.685,45.575,0.09,1.32,0.0
ATOM,2174.0,N,ILE,167.0,6.642,54.696,49.669,-0.47,1.85,0.0
ATOM,2175.0,CA,ILE,167.0,7.734,54.228,50.507,0.07,2.275,0.0
ATOM,2176.0,C,ILE,167.0,7.365,52.967,51.322,0.51,2.0,0.0
ATOM,2177.0,O,ILE,167.0,8.239,52.307,51.882,-0.51,1.7,0.0
ATOM,2178.0,CB,ILE,167.0,8.095,55.431,51.447,-0.09,2.275,0.0
ATOM,2179.0,CG1,ILE,167.0,9.091,55.055,52.544,-0.18,2.175,2.01
ATOM,2180.0,CG2,ILE,167.0,6.81,55.964,52.093,-0.27,2.06,8.56
ATOM,2181.0,CD1,ILE,167.0,9.044,56.024,53.76,-0.27,2.06,18.17
ATOM,2182.0,H,ILE,167.0,5.933,55.411,50.024,0.31,0.2245,0.12
ATOM,2183.0,HA,ILE,167.0,8.478,53.948,49.884,0.09,1.32,0.0
ATOM,2184.0,HB,ILE,167.0,8.51,56.139,50.872,0.09,1.32,0.0
ATOM,2185.0,HG12,ILE,167.0,8.888,54.143,52.872,0.09,1.32,0.0
ATOM,2186.0,HG13,ILE,167.0,10.009,55.084,52.171,0.09,1.32,4.92
ATOM,2187.0,HG21,ILE,167.0,7.028,56.768,52.64,0.09,1.32,1.4
ATOM,2188.0,HG22,ILE,167.0,6.161,56.209,51.378,0.09,1.32,0.58
ATOM,2189.0,HG23,ILE,167.0,6.418,55.256,52.675,0.09,1.32,0.0
ATOM,2190.0,HD11,ILE,167.0,8.129,55.996,54.143,0.09,1.32,0.53
ATOM,2191.0,HD12,ILE,167.0,9.713,55.718,54.426,0.09,1.32,8.26
ATOM,2192.0,HD13,ILE,167.0,9.262,56.937,53.438,0.09,1.32,0.05
ATOM,2193.0,N,GLU,168.0,6.084,52.596,51.316,-0.47,1.85,0.0
ATOM,2194.0,CA,GLU,168.0,5.628,51.463,52.119,0.07,2.275,0.0
ATOM,2195.0,C,GLU,168.0,6.303,50.117,51.927,0.51,2.0,0.0
ATOM,2196.0,O,GLU,168.0,6.269,49.281,52.825,-0.51,1.7,0.0
ATOM,2197.0,CB,GLU,168.0,4.118,51.27,52.021,-0.18,2.175,0.79
ATOM,2198.0,CG,GLU,168.0,3.316,52.241,52.829,-0.28,2.175,17.21
ATOM,2199.0,CD,GLU,168.0,3.354,53.625,52.242,0.62,2.0,2.97
ATOM,2200.0,OE1,GLU,168.0,3.07,53.746,51.028,-0.76,1.7,20.53
ATOM,2201.0,OE2,GLU,168.0,3.666,54.585,52.986,-0.76,1.7,23.83
ATOM,2202.0,H,GLU,168.0,5.465,53.161,50.714,0.31,0.2245,0.0
ATOM,2203.0,HA,GLU,168.0,5.687,51.727,53.125,0.09,1.32,0.0
ATOM,2204.0,HB2,GLU,168.0,3.868,51.379,51.071,0.09,1.32,0.0
ATOM,2205.0,HB3,GLU,168.0,3.915,50.358,52.344,0.09,1.32,0.0
ATOM,2206.0,HG2,GLU,168.0,2.378,51.947,52.836,0.09,1.32,10.62
ATOM,2207.0,HG3,GLU,168.0,3.697,52.292,53.734,0.09,1.32,0.0
ATOM,2208.0,N,LEU,169.0,6.894,49.892,50.76,-0.47,1.85,0.0
ATOM,2209.0,CA,LEU,169.0,7.547,48.62,50.467,0.07,2.275,0.0
ATOM,2210.0,C,LEU,169.0,8.763,48.364,51.326,0.51,2.0,0.0
ATOM,2211.0,O,LEU,169.0,9.317,47.263,51.326,-0.51,1.7,0.69
ATOM,2212.0,CB,LEU,169.0,7.892,48.527,48.977,-0.18,2.175,0.0
ATOM,2213.0,CG,LEU,169.0,8.781,49.584,48.333,-0.09,2.275,0.0
ATOM,2214.0,CD1,LEU,169.0,10.262,49.255,48.526,-0.27,2.06,0.0
ATOM,2215.0,CD2,LEU,169.0,8.459,49.614,46.878,-0.27,2.06,3.52
ATOM,2216.0,H,LEU,169.0,6.853,50.682,50.088,0.31,0.2245,0.0
ATOM,2217.0,HA,LEU,169.0,6.874,47.874,50.627,0.09,1.32,0.0
ATOM,2218.0,HB2,LEU,169.0,8.339,47.629,48.827,0.09,1.32,0.0
ATOM,2219.0,HB3,LEU,169.0,7.018,48.519,48.465,0.09,1.32,0.0
ATOM,2220.0,HG,LEU,169.0,8.587,50.475,48.749,0.09,1.32,0.0
ATOM,2221.0,HD11,LEU,169.0,10.462,48.371,48.106,0.09,1.32,0.0
ATOM,2222.0,HD12,LEU,169.0,10.817,49.964,48.094,0.09,1.32,0.0
ATOM,2223.0,HD13,LEU,169.0,10.468,49.217,49.503,0.09,1.32,0.0
ATOM,2224.0,HD21,LEU,169.0,7.49,49.847,46.738,0.09,1.32,0.0
ATOM,2225.0,HD22,LEU,169.0,9.024,50.301,46.408,0.09,1.32,0.03
ATOM,2226.0,HD23,LEU,169.0,8.635,48.715,46.462,0.09,1.32,1.56
ATOM,2227.0,N,ASN,170.0,9.155,49.376,52.081,-0.47,1.85,0.0
ATOM,2228.0,CA,ASN,170.0,10.303,49.279,52.971,0.07,2.275,0.0
ATOM,2229.0,C,ASN,170.0,10.038,48.764,54.391,0.51,2.0,0.0
ATOM,2230.0,O,ASN,170.0,10.991,48.511,55.149,-0.51,1.7,0.0
ATOM,2231.0,CB,ASN,170.0,10.978,50.621,53.046,-0.18,2.175,6.72
ATOM,2232.0,CG,ASN,170.0,11.579,50.994,51.778,0.55,2.0,1.37
ATOM,2233.0,H,ASN,170.0,8.579,50.24,51.986,0.31,0.2245,0.0
ATOM,2234.0,HA,ASN,170.0,10.962,48.617,52.54,0.09,1.32,0.0
ATOM,2235.0,HB2,ASN,170.0,10.29,51.3,53.31,0.09,1.32,0.0
ATOM,2236.0,HB3,ASN,170.0,11.683,50.574,53.758,0.09,1.32,2.07
ATOM,2237.0,OD1,ASN,170.0,12.546,50.4,51.372,-0.55,1.7,0.43
ATOM,2238.0,ND2,ASN,170.0,11.003,51.975,51.108,-0.62,1.85,5.95
ATOM,2239.0,HD22,ASN,170.0,10.192,52.432,51.48,0.3,0.2245,0.0
ATOM,2240.0,HD21,ASN,170.0,11.373,52.269,50.224,0.32,0.2245,1.61
ATOM,2241.0,N,TYR,171.0,8.767,48.693,54.786,-0.47,1.85,0.0
ATOM,2242.0,CA,TYR,171.0,8.421,48.181,56.108,0.07,2.275,0.11
ATOM,2243.0,C,TYR,171.0,8.432,46.653,55.992,0.51,2.0,0.81
ATOM,2244.0,O,TYR,171.0,7.415,46.012,55.671,-0.51,1.7,6.29
ATOM,2245.0,CB,TYR,171.0,7.082,48.753,56.568,-0.18,2.175,10.97
ATOM,2246.0,CG,TYR,171.0,7.079,50.26,56.437,0.0,1.9924,0.39
ATOM,2247.0,CD1,TYR,171.0,8.282,50.966,56.483,-0.115,1.9924,5.64
ATOM,2248.0,CD2,TYR,171.0,5.898,50.984,56.205,-0.115,1.9924,9.59
ATOM,2249.0,CE1,TYR,171.0,8.338,52.345,56.303,-0.115,1.9924,9.6
ATOM,2250.0,CE2,TYR,171.0,5.933,52.383,56.02,-0.115,1.9924,10.16
ATOM,2251.0,CZ,TYR,171.0,7.169,53.054,56.079,0.11,1.9924,1.47
ATOM,2252.0,OH,TYR,171.0,7.268,54.431,55.994,-0.54,1.77,19.62
ATOM,2253.0,H,TYR,171.0,8.073,49.022,54.096,0.31,0.2245,0.0
ATOM,2254.0,HA,TYR,171.0,9.128,48.446,56.746,0.09,1.32,0.0
ATOM,2255.0,HB2,TYR,171.0,6.372,48.389,55.994,0.09,1.32,0.0
ATOM,2256.0,HB3,TYR,171.0,6.952,48.524,57.515,0.09,1.32,10.41
ATOM,2257.0,HD1,TYR,171.0,9.138,50.463,56.652,0.115,1.3582,0.14
ATOM,2258.0,HD2,TYR,171.0,5.029,50.512,56.169,0.115,1.3582,8.3
ATOM,2259.0,HE1,TYR,171.0,9.218,52.82,56.334,0.115,1.3582,10.97
ATOM,2260.0,HE2,TYR,171.0,5.098,52.886,55.851,0.115,1.3582,6.6
ATOM,2261.0,HH,TYR,171.0,6.813,54.738,55.161,0.43,0.2245,2.65
ATOM,2262.0,N,TYR,172.0,9.637,46.105,56.151,-0.47,1.85,0.0
ATOM,2263.0,CA,TYR,172.0,9.896,44.671,56.083,0.07,2.275,0.32
ATOM,2264.0,C,TYR,172.0,9.661,43.979,57.405,0.51,2.0,0.08
ATOM,2265.0,O,TYR,172.0,9.992,44.517,58.469,-0.51,1.7,4.8
ATOM,2266.0,CB,TYR,172.0,11.343,44.403,55.67,-0.18,2.175,0.0
ATOM,2267.0,CG,TYR,172.0,11.732,42.938,55.735,0.0,1.9924,0.0
ATOM,2268.0,CD1,TYR,172.0,10.968,41.965,55.095,-0.115,1.9924,0.01
ATOM,2269.0,CD2,TYR,172.0,12.871,42.53,56.417,-0.115,1.9924,0.0
ATOM,2270.0,CE1,TYR,172.0,11.326,40.629,55.131,-0.115,1.9924,0.0
ATOM,2271.0,CE2,TYR,172.0,13.243,41.192,56.461,-0.115,1.9924,0.0
ATOM,2272.0,CZ,TYR,172.0,12.469,40.24,55.814,0.11,1.9924,0.0
ATOM,2273.0,OH,TYR,172.0,12.835,38.901,55.822,-0.54,1.77,4.09
ATOM,2274.0,H,TYR,172.0,10.4,46.81,56.333,0.31,0.2245,0.0
ATOM,2275.0,HA,TYR,172.0,9.265,44.271,55.397,0.09,1.32,0.05
ATOM,2276.0,HB2,TYR,172.0,11.465,44.715,54.733,0.09,1.32,0.0
ATOM,2277.0,HB3,TYR,172.0,11.943,44.909,56.282,0.09,1.32,0.0
ATOM,2278.0,HD1,TYR,172.0,10.14,42.239,54.598,0.115,1.3582,0.49
ATOM,2279.0,HD2,TYR,172.0,13.435,43.21,56.884,0.115,1.3582,0.0
ATOM,2280.0,HE1,TYR,172.0,10.763,39.942,54.665,0.115,1.3582,0.0
ATOM,2281.0,HE2,TYR,172.0,14.066,40.916,56.958,0.115,1.3582,0.41
ATOM,2282.0,HH,TYR,172.0,12.013,38.344,55.906,0.43,0.2245,6.73
ATOM,2283.0,N,SER,173.0,9.119,42.766,57.326,-0.47,1.85,0.12
ATOM,2284.0,CA,SER,173.0,8.876,41.952,58.517,0.07,2.275,0.0
ATOM,2285.0,C,SER,173.0,9.314,40.574,58.125,0.51,2.0,0.0
ATOM,2286.0,O,SER,173.0,8.877,40.058,57.108,-0.51,1.7,0.0
ATOM,2287.0,CB,SER,173.0,7.39,41.943,58.881,0.05,2.175,17.17
ATOM,2288.0,OG,SER,173.0,7.079,40.927,59.821,-0.66,1.77,9.81
ATOM,2289.0,H,SER,173.0,8.888,42.453,56.364,0.31,0.2245,0.91
ATOM,2290.0,HA,SER,173.0,9.465,42.281,59.235,0.09,1.32,0.0
ATOM,2291.0,HB2,SER,173.0,7.15,42.83,59.272,0.09,1.32,10.09
ATOM,2292.0,HB3,SER,173.0,6.857,41.788,58.05,0.09,1.32,0.28
ATOM,2293.0,HG,SER,173.0,7.905,40.674,60.322,0.43,0.2245,1.85
ATOM,2294.0,N,PRO,174.0,10.254,39.996,58.871,-0.29,1.85,0.0
ATOM,2295.0,CA,PRO,174.0,10.728,38.658,58.557,0.02,2.275,0.0
ATOM,2296.0,C,PRO,174.0,9.624,37.618,58.687,0.51,2.0,0.02
ATOM,2297.0,O,PRO,174.0,9.855,36.43,58.471,-0.51,1.7,27.89
ATOM,2298.0,CB,PRO,174.0,11.863,38.459,59.549,-0.18,2.175,16.26
ATOM,2299.0,CG,PRO,174.0,11.547,39.396,60.653,-0.18,2.175,11.26
ATOM,2300.0,CD,PRO,174.0,11.088,40.598,59.914,0.0,2.175,0.0
ATOM,2301.0,HA,PRO,174.0,11.137,38.628,57.631,0.09,1.32,0.0
ATOM,2302.0,HB2,PRO,174.0,11.888,37.51,59.876,0.09,1.32,8.48
ATOM,2303.0,HB3,PRO,174.0,12.747,38.679,59.128,0.09,1.32,3.8
ATOM,2304.0,HG2,PRO,174.0,10.827,39.028,61.233,0.09,1.32,3.58
ATOM,2305.0,HG3,PRO,174.0,12.359,39.59,61.195,0.09,1.32,1.96
ATOM,2306.0,HD2,PRO,174.0,10.546,41.205,60.489,0.09,1.32,0.0
ATOM,2307.0,HD3,PRO,174.0,11.848,41.101,59.509,0.09,1.32,0.0
ATOM,2308.0,N,LYS,175.0,8.431,38.065,59.06,-0.47,1.85,0.0
ATOM,2309.0,CA,LYS,175.0,7.274,37.182,59.166,0.07,2.275,0.6
ATOM,2310.0,C,LYS,175.0,6.484,37.16,57.858,0.51,2.0,0.13
ATOM,2311.0,O,LYS,175.0,5.943,36.126,57.467,-0.51,1.7,29.31
ATOM,2312.0,CB,LYS,175.0,6.339,37.664,60.276,-0.18,2.175,4.17
ATOM,2313.0,CG,LYS,175.0,6.607,37.091,61.644,-0.18,2.175,10.33
ATOM,2314.0,CD,LYS,175.0,5.402,37.391,62.518,-0.18,2.175,9.95
ATOM,2315.0,CE,LYS,175.0,5.596,36.987,63.978,0.21,2.175,20.14
ATOM,2316.0,NZ,LYS,175.0,4.533,37.619,64.848,-0.3,1.85,16.22
ATOM,2317.0,H,LYS,175.0,8.392,39.084,59.267,0.31,0.2245,0.0
ATOM,2318.0,HA,LYS,175.0,7.593,36.248,59.364,0.09,1.32,5.25
ATOM,2319.0,HB2,LYS,175.0,6.414,38.666,60.329,0.09,1.32,0.0
ATOM,2320.0,HB3,LYS,175.0,5.398,37.429,60.009,0.09,1.32,6.26
ATOM,2321.0,HG2,LYS,175.0,6.719,36.112,61.578,0.09,1.32,9.15
ATOM,2322.0,HG3,LYS,175.0,7.403,37.523,62.035,0.09,1.32,4.63
ATOM,2323.0,HD2,LYS,175.0,5.216,38.376,62.487,0.09,1.32,6.94
ATOM,2324.0,HD3,LYS,175.0,4.608,36.896,62.159,0.09,1.32,10.73
ATOM,2325.0,HE2,LYS,175.0,5.528,35.998,64.056,0.05,1.32,11.26
ATOM,2326.0,HE3,LYS,175.0,6.489,37.296,64.288,0.05,1.32,9.64
ATOM,2327.0,HZ1,LYS,175.0,4.979,38.134,65.574,0.33,0.2245,20.41
ATOM,2328.0,HZ2,LYS,175.0,3.979,38.226,64.286,0.33,0.2245,14.34
ATOM,2329.0,HZ3,LYS,175.0,3.967,36.898,65.236,0.33,0.2245,20.39
ATOM,2330.0,N,SER,176.0,6.421,38.317,57.194,-0.47,1.85,0.0
ATOM,2331.0,CA,SER,176.0,5.661,38.482,55.955,0.07,2.275,1.3
ATOM,2332.0,C,SER,176.0,6.433,38.192,54.689,0.51,2.0,0.27
ATOM,2333.0,O,SER,176.0,7.65,37.967,54.709,-0.51,1.7,7.14
ATOM,2334.0,CB,SER,176.0,5.068,39.898,55.89,0.05,2.175,7.01
ATOM,2335.0,OG,SER,176.0,4.226,40.093,54.761,-0.66,1.77,0.0
ATOM,2336.0,H,SER,176.0,6.962,39.094,57.637,0.31,0.2245,0.0
ATOM,2337.0,HA,SER,176.0,4.866,37.838,55.995,0.09,1.32,6.31
ATOM,2338.0,HB2,SER,176.0,4.535,40.06,56.722,0.09,1.32,9.19
ATOM,2339.0,HB3,SER,176.0,5.821,40.557,55.848,0.09,1.32,1.64
ATOM,2340.0,HG,SER,176.0,3.482,39.428,54.785,0.43,0.2245,11.7
ATOM,2341.0,N,LYS,177.0,5.691,38.161,53.585,-0.47,1.85,0.0
ATOM,2342.0,CA,LYS,177.0,6.258,37.913,52.26,0.07,2.275,0.0
ATOM,2343.0,C,LYS,177.0,6.071,39.161,51.41,0.51,2.0,0.0
ATOM,2344.0,O,LYS,177.0,6.645,39.264,50.337,-0.51,1.7,0.0
ATOM,2345.0,CB,LYS,177.0,5.586,36.709,51.603,-0.18,2.175,0.17
ATOM,2346.0,CG,LYS,177.0,5.891,35.395,52.296,-0.18,2.175,9.88
ATOM,2347.0,CD,LYS,177.0,4.99,34.245,51.85,-0.18,2.175,18.99
ATOM,2348.0,CE,LYS,177.0,5.141,33.886,50.367,0.21,2.175,12.4
ATOM,2349.0,NZ,LYS,177.0,4.355,34.76,49.445,-0.3,1.85,8.7
ATOM,2350.0,H,LYS,177.0,4.672,38.328,53.745,0.31,0.2245,2.84
ATOM,2351.0,HA,LYS,177.0,7.234,37.728,52.354,0.09,1.32,0.04
ATOM,2352.0,HB2,LYS,177.0,4.601,36.854,51.621,0.09,1.32,5.51
ATOM,2353.0,HB3,LYS,177.0,5.905,36.65,50.66,0.09,1.32,0.0
ATOM,2354.0,HG2,LYS,177.0,6.849,35.139,52.111,0.09,1.32,0.57
ATOM,2355.0,HG3,LYS,177.0,5.786,35.515,53.292,0.09,1.32,1.34
ATOM,2356.0,HD2,LYS,177.0,5.212,33.433,52.393,0.09,1.32,11.98
ATOM,2357.0,HD3,LYS,177.0,4.036,34.5,52.014,0.09,1.32,9.35
ATOM,2358.0,HE2,LYS,177.0,6.12,33.945,50.121,0.05,1.32,0.0
ATOM,2359.0,HE3,LYS,177.0,4.85,32.926,50.238,0.05,1.32,12.18
ATOM,2360.0,HZ1,LYS,177.0,3.519,34.286,49.176,0.33,0.2245,20.58
ATOM,2361.0,HZ2,LYS,177.0,4.124,35.61,49.915,0.33,0.2245,3.49
ATOM,2362.0,HZ3,LYS,177.0,4.904,34.961,48.635,0.33,0.2245,3.0
ATOM,2363.0,N,LYS,178.0,5.295,40.121,51.918,-0.47,1.85,0.39
ATOM,2364.0,CA,LYS,178.0,5.052,41.371,51.19,0.07,2.275,0.0
ATOM,2365.0,C,LYS,178.0,6.329,42.089,50.785,0.51,2.0,0.0
ATOM,2366.0,O,LYS,178.0,7.172,42.46,51.613,-0.51,1.7,1.29
ATOM,2367.0,CB,LYS,178.0,4.174,42.351,51.972,-0.18,2.175,0.0
ATOM,2368.0,CG,LYS,178.0,2.706,42.128,51.793,-0.18,2.175,4.93
ATOM,2369.0,CD,LYS,178.0,1.909,43.1,52.609,-0.18,2.175,3.65
ATOM,2370.0,CE,LYS,178.0,2.087,42.818,54.084,0.21,2.175,5.31
ATOM,2371.0,NZ,LYS,178.0,1.458,43.844,54.993,-0.3,1.85,13.71
ATOM,2372.0,H,LYS,178.0,4.89,39.912,52.846,0.31,0.2245,0.0
ATOM,2373.0,HA,LYS,178.0,4.519,41.155,50.352,0.09,1.32,0.0
ATOM,2374.0,HB2,LYS,178.0,4.401,42.257,52.942,0.09,1.32,0.06
ATOM,2375.0,HB3,LYS,178.0,4.403,43.276,51.666,0.09,1.32,0.0
ATOM,2376.0,HG2,LYS,178.0,2.468,42.242,50.824,0.09,1.32,0.0
ATOM,2377.0,HG3,LYS,178.0,2.474,41.194,52.077,0.09,1.32,5.57
ATOM,2378.0,HD2,LYS,178.0,2.225,44.023,52.424,0.09,1.32,0.0
ATOM,2379.0,HD3,LYS,178.0,0.946,43.009,52.384,0.09,1.32,8.33
ATOM,2380.0,HE2,LYS,178.0,1.686,41.913,54.301,0.05,1.32,7.48
ATOM,2381.0,HE3,LYS,178.0,3.076,42.769,54.297,0.05,1.32,1.06
ATOM,2382.0,HZ1,LYS,178.0,1.325,43.438,55.893,0.33,0.2245,20.36
ATOM,2383.0,HZ2,LYS,178.0,2.066,44.631,55.059,0.33,0.2245,6.68
ATOM,2384.0,HZ3,LYS,178.0,0.581,44.12,54.608,0.33,0.2245,16.58
ATOM,2385.0,N,ASP,179.0,6.482,42.221,49.481,-0.47,1.85,0.0
ATOM,2386.0,CA,ASP,179.0,7.579,42.926,48.905,0.07,2.275,0.0
ATOM,2387.0,C,ASP,179.0,8.917,42.219,49.121,0.51,2.0,0.0
ATOM,2388.0,O,ASP,179.0,9.924,42.864,49.395,-0.51,1.7,0.0
ATOM,2389.0,CB,ASP,179.0,7.574,44.357,49.462,-0.28,2.175,0.07
ATOM,2390.0,CG,ASP,179.0,6.291,45.129,49.124,0.62,2.0,0.0
ATOM,2391.0,OD1,ASP,179.0,6.243,45.785,48.083,-0.76,1.7,0.76
ATOM,2392.0,OD2,ASP,179.0,5.329,45.093,49.904,-0.76,1.7,0.0
ATOM,2393.0,H,ASP,179.0,5.724,41.761,48.915,0.31,0.2245,0.0
ATOM,2394.0,HA,ASP,179.0,7.435,42.964,47.899,0.09,1.32,0.0
ATOM,2395.0,HB2,ASP,179.0,7.656,44.305,50.45,0.09,1.32,0.47
ATOM,2396.0,HB3,ASP,179.0,8.345,44.844,49.071,0.09,1.32,0.0
ATOM,2397.0,N,THR,180.0,8.935,40.89,48.996,-0.47,1.85,0.0
ATOM,2398.0,CA,THR,180.0,10.175,40.13,49.141,0.07,2.275,0.0
ATOM,2399.0,C,THR,180.0,10.547,39.402,47.845,0.51,2.0,0.0
ATOM,2400.0,O,THR,180.0,9.797,39.422,46.864,-0.51,1.7,0.0
ATOM,2401.0,CB,THR,180.0,10.058,39.07,50.236,0.14,2.275,0.0
ATOM,2402.0,OG1,THR,180.0,8.829,38.366,50.062,-0.66,1.77,0.0
ATOM,2403.0,CG2,THR,180.0,10.109,39.7,51.628,-0.27,2.06,0.07
ATOM,2404.0,H,THR,180.0,8.017,40.458,48.793,0.31,0.2245,0.0
ATOM,2405.0,HA,THR,180.0,10.92,40.772,49.365,0.09,1.32,0.0
ATOM,2406.0,HB,THR,180.0,10.823,38.405,50.137,0.09,1.32,0.0
ATOM,2407.0,HG21,THR,180.0,9.469,40.469,51.673,0.09,1.32,0.0
ATOM,2408.0,HG22,THR,180.0,9.855,39.018,52.316,0.09,1.32,0.68
ATOM,2409.0,HG23,THR,180.0,11.036,40.029,51.815,0.09,1.32,0.0
ATOM,2410.0,HG1,THR,180.0,8.047,38.965,50.27,0.43,0.2245,0.0
ATOM,2411.0,N,SER,181.0,11.718,38.766,47.845,-0.47,1.85,0.0
ATOM,2412.0,CA,SER,181.0,12.203,37.997,46.714,0.07,2.275,0.0
ATOM,2413.0,C,SER,181.0,13.513,37.321,47.113,0.51,2.0,0.0
ATOM,2414.0,O,SER,181.0,14.243,37.815,47.951,-0.51,1.7,0.0
ATOM,2415.0,CB,SER,181.0,12.413,38.915,45.507,0.05,2.175,0.0
ATOM,2416.0,OG,SER,181.0,12.751,38.187,44.333,-0.66,1.77,0.0
ATOM,2417.0,H,SER,181.0,12.258,38.872,48.739,0.31,0.2245,0.0
ATOM,2418.0,HA,SER,181.0,11.54,37.28,46.511,0.09,1.32,0.0
ATOM,2419.0,HB2,SER,181.0,11.57,39.424,45.339,0.09,1.32,0.0
ATOM,2420.0,HB3,SER,181.0,13.154,39.553,45.714,0.09,1.32,0.0
ATOM,2421.0,HG,SER,181.0,13.628,37.729,44.469,0.43,0.2245,0.0
ATOM,2422.0,N,THR,182.0,13.823,36.193,46.494,-0.47,1.85,0.0
ATOM,2423.0,CA,THR,182.0,15.067,35.479,46.788,0.07,2.275,0.0
ATOM,2424.0,C,THR,182.0,16.194,36.075,45.915,0.51,2.0,0.0
ATOM,2425.0,O,THR,182.0,15.899,36.718,44.913,-0.51,1.7,0.0
ATOM,2426.0,CB,THR,182.0,14.869,33.954,46.514,0.14,2.275,0.0
ATOM,2427.0,OG1,THR,182.0,15.054,33.683,45.125,-0.66,1.77,0.0
ATOM,2428.0,CG2,THR,182.0,13.451,33.537,46.857,-0.27,2.06,8.72
ATOM,2429.0,H,THR,182.0,13.128,35.864,45.799,0.31,0.2245,0.0
ATOM,2430.0,HA,THR,182.0,15.306,35.627,47.742,0.09,1.32,0.0
ATOM,2431.0,HB,THR,182.0,15.575,33.442,47.043,0.09,1.32,0.0
ATOM,2432.0,HG21,THR,182.0,13.464,32.692,47.398,0.09,1.32,1.61
ATOM,2433.0,HG22,THR,182.0,13.001,34.259,47.389,0.09,1.32,0.0
ATOM,2434.0,HG23,THR,182.0,12.928,33.378,46.016,0.09,1.32,0.0
ATOM,2435.0,HG1,THR,182.0,15.391,32.744,44.991,0.43,0.2245,1.99
ATOM,2436.0,N,PRO,183.0,17.481,35.921,46.277,-0.29,1.85,0.0
ATOM,2437.0,CA,PRO,183.0,18.494,36.516,45.378,0.02,2.275,0.0
ATOM,2438.0,C,PRO,183.0,18.536,35.9,43.95,0.51,2.0,0.0
ATOM,2439.0,O,PRO,183.0,18.805,36.599,42.964,-0.51,1.7,0.0
ATOM,2440.0,CB,PRO,183.0,19.809,36.288,46.136,-0.18,2.175,0.0
ATOM,2441.0,CG,PRO,183.0,19.386,36.339,47.557,-0.18,2.175,0.0
ATOM,2442.0,CD,PRO,183.0,18.096,35.527,47.559,0.0,2.175,0.0
ATOM,2443.0,HA,PRO,183.0,18.365,37.524,45.316,0.09,1.32,0.0
ATOM,2444.0,HB2,PRO,183.0,20.196,35.399,45.903,0.09,1.32,0.0
ATOM,2445.0,HB3,PRO,183.0,20.464,37.009,45.924,0.09,1.32,0.0
ATOM,2446.0,HG2,PRO,183.0,20.062,35.916,48.151,0.09,1.32,0.0
ATOM,2447.0,HG3,PRO,183.0,19.207,37.273,47.847,0.09,1.32,0.0
ATOM,2448.0,HD2,PRO,183.0,18.287,34.553,47.575,0.09,1.32,0.0
ATOM,2449.0,HD3,PRO,183.0,17.515,35.782,48.324,0.09,1.32,0.0
ATOM,2450.0,N,ALA,184.0,18.277,34.602,43.825,-0.47,1.85,0.0
ATOM,2451.0,CA,ALA,184.0,18.287,33.967,42.51,0.07,2.275,0.0
ATOM,2452.0,C,ALA,184.0,17.058,34.331,41.696,0.51,2.0,0.0
ATOM,2453.0,O,ALA,184.0,17.127,34.389,40.481,-0.51,1.7,0.0
ATOM,2454.0,CB,ALA,184.0,18.404,32.46,42.643,-0.27,2.06,7.33
ATOM,2455.0,H,ALA,184.0,18.076,34.103,44.704,0.31,0.2245,0.0
ATOM,2456.0,HA,ALA,184.0,19.11,34.276,42.009,0.09,1.32,0.0
ATOM,2457.0,HB1,ALA,184.0,17.858,32.016,41.932,0.09,1.32,2.97
ATOM,2458.0,HB2,ALA,184.0,19.361,32.187,42.544,0.09,1.32,0.0
ATOM,2459.0,HB3,ALA,184.0,18.07,32.175,43.542,0.09,1.32,0.0
ATOM,2460.0,N,ALA,185.0,15.942,34.619,42.349,-0.47,1.85,0.31
ATOM,2461.0,CA,ALA,185.0,14.731,34.97,41.607,0.07,2.275,2.87
ATOM,2462.0,C,ALA,185.0,14.813,36.383,41.067,0.51,2.0,0.0
ATOM,2463.0,O,ALA,185.0,14.655,36.609,39.854,-0.51,1.7,0.85
ATOM,2464.0,CB,ALA,185.0,13.512,34.807,42.476,-0.27,2.06,3.55
ATOM,2465.0,H,ALA,185.0,15.997,34.577,43.373,0.31,0.2245,0.0
ATOM,2466.0,HA,ALA,185.0,14.632,34.33,40.833,0.09,1.32,4.15
ATOM,2467.0,HB1,ALA,185.0,13.707,34.168,43.224,0.09,1.32,0.0
ATOM,2468.0,HB2,ALA,185.0,13.248,35.692,42.864,0.09,1.32,0.0
ATOM,2469.0,HB3,ALA,185.0,12.75,34.449,41.933,0.09,1.32,1.89
ATOM,2470.0,N,PHE,186.0,15.095,37.332,41.96,-0.47,1.85,0.0
ATOM,2471.0,CA,PHE,186.0,15.19,38.73,41.579,0.07,2.275,0.0
ATOM,2472.0,C,PHE,186.0,16.378,38.875,40.675,0.51,2.0,0.0
ATOM,2473.0,O,PHE,186.0,16.358,39.696,39.784,-0.51,1.7,0.0
ATOM,2474.0,CB,PHE,186.0,15.396,39.602,42.813,-0.18,2.175,0.0
ATOM,2475.0,CG,PHE,186.0,15.011,41.061,42.613,0.0,1.9924,0.0
ATOM,2476.0,CD1,PHE,186.0,13.693,41.481,42.806,-0.115,1.9924,0.0
ATOM,2477.0,CD2,PHE,186.0,15.971,42.022,42.329,-0.115,1.9924,0.0
ATOM,2478.0,CE1,PHE,186.0,13.361,42.837,42.729,-0.115,1.9924,0.0
ATOM,2479.0,CE2,PHE,186.0,15.636,43.359,42.257,-0.115,1.9924,0.0
ATOM,2480.0,CZ,PHE,186.0,14.332,43.765,42.46,-0.115,1.9924,0.0
ATOM,2481.0,H,PHE,186.0,15.237,36.987,42.929,0.31,0.2245,0.0
ATOM,2482.0,HA,PHE,186.0,14.378,38.94,41.039,0.09,1.32,0.0
ATOM,2483.0,HB2,PHE,186.0,14.833,39.245,43.542,0.09,1.32,0.0
ATOM,2484.0,HB3,PHE,186.0,16.355,39.579,43.052,0.09,1.32,0.0
ATOM,2485.0,HD1,PHE,186.0,12.983,40.816,43.001,0.115,1.3582,0.0
ATOM,2486.0,HD2,PHE,186.0,16.921,41.738,42.175,0.115,1.3582,0.0
ATOM,2487.0,HE1,PHE,186.0,12.401,43.112,42.873,0.115,1.3582,0.51
ATOM,2488.0,HE2,PHE,186.0,16.359,44.046,42.051,0.115,1.3582,0.0
ATOM,2489.0,HZ,PHE,186.0,14.097,44.74,42.411,0.115,1.3582,0.0
ATOM,2490.0,N,GLY,187.0,17.397,38.049,40.908,-0.47,1.85,0.0
ATOM,2491.0,CA,GLY,187.0,18.608,38.092,40.108,-0.02,2.175,0.0
ATOM,2492.0,C,GLY,187.0,18.373,37.734,38.654,0.51,2.0,0.0
ATOM,2493.0,O,GLY,187.0,18.913,38.364,37.743,-0.51,1.7,0.0
ATOM,2494.0,H,GLY,187.0,17.248,37.388,41.695,0.31,0.2245,0.0
ATOM,2495.0,HA2,GLY,187.0,19.013,39.024,40.161,0.09,1.32,0.0
ATOM,2496.0,HA3,GLY,187.0,19.294,37.453,40.503,0.09,1.32,0.0
ATOM,2497.0,N,LYS,188.0,17.569,36.712,38.422,-0.47,1.85,0.0
ATOM,2498.0,CA,LYS,188.0,17.288,36.29,37.066,0.07,2.275,0.0
ATOM,2499.0,C,LYS,188.0,16.413,37.313,36.356,0.51,2.0,0.13
ATOM,2500.0,O,LYS,188.0,16.653,37.639,35.189,-0.51,1.7,0.0
ATOM,2501.0,CB,LYS,188.0,16.645,34.914,37.089,-0.18,2.175,8.8
ATOM,2502.0,CG,LYS,188.0,17.666,33.834,37.467,-0.18,2.175,0.73
ATOM,2503.0,CD,LYS,188.0,17.019,32.652,38.172,-0.18,2.175,8.35
ATOM,2504.0,CE,LYS,188.0,17.956,31.482,38.21,0.21,2.175,10.05
ATOM,2505.0,NZ,LYS,188.0,18.175,31.089,36.794,-0.3,1.85,11.11
ATOM,2506.0,H,LYS,188.0,17.174,36.259,39.263,0.31,0.2245,0.0
ATOM,2507.0,HA,LYS,188.0,18.155,36.203,36.56,0.09,1.32,0.21
ATOM,2508.0,HB2,LYS,188.0,15.929,34.907,37.766,0.09,1.32,0.78
ATOM,2509.0,HB3,LYS,188.0,16.3,34.707,36.189,0.09,1.32,5.78
ATOM,2510.0,HG2,LYS,188.0,18.114,33.51,36.631,0.09,1.32,3.58
ATOM,2511.0,HG3,LYS,188.0,18.353,34.239,38.073,0.09,1.32,0.0
ATOM,2512.0,HD2,LYS,188.0,16.795,32.922,39.102,0.09,1.32,0.0
ATOM,2513.0,HD3,LYS,188.0,16.198,32.397,37.675,0.09,1.32,7.8
ATOM,2514.0,HE2,LYS,188.0,18.812,31.754,38.609,0.05,1.32,0.0
ATOM,2515.0,HE3,LYS,188.0,17.538,30.736,38.694,0.05,1.32,10.45
ATOM,2516.0,HZ1,LYS,188.0,17.349,31.28,36.264,0.33,0.2245,13.34
ATOM,2517.0,HZ2,LYS,188.0,18.941,31.611,36.418,0.33,0.2245,6.93
ATOM,2518.0,HZ3,LYS,188.0,18.383,30.112,36.748,0.33,0.2245,18.6
ATOM,2519.0,N,THR,189.0,15.456,37.883,37.089,-0.47,1.85,0.16
ATOM,2520.0,CA,THR,189.0,14.571,38.87,36.524,0.07,2.275,0.79
ATOM,2521.0,C,THR,189.0,15.32,40.068,35.98,0.51,2.0,0.0
ATOM,2522.0,O,THR,189.0,15.005,40.525,34.885,-0.51,1.7,0.0
ATOM,2523.0,CB,THR,189.0,13.499,39.267,37.513,0.14,2.275,0.0
ATOM,2524.0,OG1,THR,189.0,12.609,38.156,37.665,-0.66,1.77,1.81
ATOM,2525.0,CG2,THR,189.0,12.695,40.445,37.014,-0.27,2.06,0.0
ATOM,2526.0,H,THR,189.0,15.414,37.556,38.073,0.31,0.2245,0.0
ATOM,2527.0,HA,THR,189.0,14.055,38.445,35.76,0.09,1.32,0.78
ATOM,2528.0,HB,THR,189.0,13.923,39.454,38.418,0.09,1.32,0.0
ATOM,2529.0,HG21,THR,189.0,13.302,41.223,36.828,0.09,1.32,0.0
ATOM,2530.0,HG22,THR,189.0,12.213,40.2,36.167,0.09,1.32,0.0
ATOM,2531.0,HG23,THR,189.0,12.019,40.719,37.704,0.09,1.32,0.0
ATOM,2532.0,HG1,THR,189.0,13.006,37.472,38.287,0.43,0.2245,1.34
ATOM,2533.0,N,LEU,190.0,16.333,40.551,36.704,-0.47,1.85,0.0
ATOM,2534.0,CA,LEU,190.0,17.147,41.686,36.242,0.07,2.275,0.0
ATOM,2535.0,C,LEU,190.0,17.812,41.284,34.95,0.51,2.0,0.0
ATOM,2536.0,O,LEU,190.0,18.075,42.135,34.093,-0.51,1.7,0.0
ATOM,2537.0,CB,LEU,190.0,18.288,42.026,37.209,-0.18,2.175,0.0
ATOM,2538.0,CG,LEU,190.0,18.211,42.589,38.632,-0.09,2.275,0.0
ATOM,2539.0,CD1,LEU,190.0,19.646,42.787,39.12,-0.27,2.06,0.0
ATOM,2540.0,CD2,LEU,190.0,17.448,43.901,38.678,-0.27,2.06,0.09
ATOM,2541.0,H,LEU,190.0,16.495,40.066,37.606,0.31,0.2245,0.0
ATOM,2542.0,HA,LEU,190.0,16.54,42.456,36.072,0.09,1.32,0.21
ATOM,2543.0,HB2,LEU,190.0,18.88,41.154,37.281,0.09,1.32,0.0
ATOM,2544.0,HB3,LEU,190.0,18.935,42.672,36.682,0.09,1.32,0.0
ATOM,2545.0,HG,LEU,190.0,17.752,41.94,39.214,0.09,1.32,0.0
ATOM,2546.0,HD11,LEU,190.0,20.117,43.427,38.513,0.09,1.32,0.0
ATOM,2547.0,HD12,LEU,190.0,19.632,43.155,40.049,0.09,1.32,0.0
ATOM,2548.0,HD13,LEU,190.0,20.122,41.908,39.114,0.09,1.32,0.0
ATOM,2549.0,HD21,LEU,190.0,16.514,43.759,38.347,0.09,1.32,0.0
ATOM,2550.0,HD22,LEU,190.0,17.417,44.239,39.62,0.09,1.32,0.0
ATOM,2551.0,HD23,LEU,190.0,17.906,44.577,38.098,0.09,1.32,0.0
ATOM,2552.0,N,ASN,191.0,18.162,40.0,34.858,-0.47,1.85,0.0
ATOM,2553.0,CA,ASN,191.0,18.833,39.459,33.678,0.07,2.275,0.0
ATOM,2554.0,C,ASN,191.0,17.876,39.386,32.498,0.51,2.0,0.0
ATOM,2555.0,O,ASN,191.0,18.022,40.147,31.531,-0.51,1.7,0.0
ATOM,2556.0,CB,ASN,191.0,19.483,38.106,34.02,-0.18,2.175,0.55
ATOM,2557.0,CG,ASN,191.0,19.658,37.194,32.816,0.55,2.0,0.55
ATOM,2558.0,OD1,ASN,191.0,18.813,36.343,32.508,-0.55,1.7,19.32
ATOM,2559.0,ND2,ASN,191.0,20.758,37.396,32.107,-0.62,1.85,0.35
ATOM,2560.0,H,ASN,191.0,17.918,39.425,35.69,0.31,0.2245,0.0
ATOM,2561.0,HA,ASN,191.0,19.562,40.106,33.429,0.09,1.32,0.0
ATOM,2562.0,HB2,ASN,191.0,20.381,38.284,34.418,0.09,1.32,0.0
ATOM,2563.0,HB3,ASN,191.0,18.904,37.643,34.689,0.09,1.32,0.0
ATOM,2564.0,HD22,ASN,191.0,21.416,38.099,32.367,0.3,0.2245,0.0
ATOM,2565.0,HD21,ASN,191.0,20.937,36.832,31.292,0.32,0.2245,1.16
ATOM,2566.0,N,LYS,192.0,16.846,38.56,32.632,-0.47,1.85,0.0
ATOM,2567.0,CA,LYS,192.0,15.823,38.365,31.605,0.07,2.275,0.0
ATOM,2568.0,C,LYS,192.0,15.162,39.669,31.096,0.51,2.0,0.0
ATOM,2569.0,O,LYS,192.0,14.753,39.728,29.936,-0.51,1.7,0.0
ATOM,2570.0,CB,LYS,192.0,14.765,37.39,32.131,-0.18,2.175,0.53
ATOM,2571.0,CG,LYS,192.0,14.053,36.615,31.077,-0.18,2.175,1.1
ATOM,2572.0,CD,LYS,192.0,13.448,35.346,31.65,-0.18,2.175,9.91
ATOM,2573.0,CE,LYS,192.0,12.727,34.472,30.568,0.21,2.175,17.19
ATOM,2574.0,NZ,LYS,192.0,11.355,34.949,30.089,-0.3,1.85,6.9
ATOM,2575.0,H,LYS,192.0,16.825,38.049,33.552,0.31,0.2245,0.0
ATOM,2576.0,HA,LYS,192.0,16.246,37.896,30.804,0.09,1.32,0.09
ATOM,2577.0,HB2,LYS,192.0,15.225,36.751,32.754,0.09,1.32,0.36
ATOM,2578.0,HB3,LYS,192.0,14.095,37.925,32.655,0.09,1.32,0.0
ATOM,2579.0,HG2,LYS,192.0,13.315,37.17,30.687,0.09,1.32,0.0
ATOM,2580.0,HG3,LYS,192.0,14.693,36.361,30.35,0.09,1.32,4.93
ATOM,2581.0,HD2,LYS,192.0,14.167,34.785,32.052,0.09,1.32,9.27
ATOM,2582.0,HD3,LYS,192.0,12.769,35.58,32.341,0.09,1.32,1.7
ATOM,2583.0,HE2,LYS,192.0,13.342,34.402,29.76,0.05,1.32,10.07
ATOM,2584.0,HE3,LYS,192.0,12.626,33.531,30.941,0.05,1.32,11.91
ATOM,2585.0,HZ1,LYS,192.0,11.469,35.385,29.204,0.33,0.2245,13.25
ATOM,2586.0,HZ2,LYS,192.0,10.759,34.158,30.016,0.33,0.2245,14.44
ATOM,2587.0,HZ3,LYS,192.0,11.001,35.595,30.755,0.33,0.2245,0.0
ATOM,2588.0,N,LEU,193.0,15.072,40.703,31.939,-0.47,1.85,0.0
ATOM,2589.0,CA,LEU,193.0,14.464,41.994,31.549,0.07,2.275,0.0
ATOM,2590.0,C,LEU,193.0,15.409,42.948,30.847,0.51,2.0,0.0
ATOM,2591.0,O,LEU,193.0,14.977,43.755,30.017,-0.51,1.7,0.0
ATOM,2592.0,CB,LEU,193.0,13.943,42.772,32.762,-0.18,2.175,0.0
ATOM,2593.0,CG,LEU,193.0,12.552,42.546,33.336,-0.09,2.275,0.0
ATOM,2594.0,CD1,LEU,193.0,12.339,43.433,34.555,-0.27,2.06,0.12
ATOM,2595.0,CD2,LEU,193.0,11.523,42.843,32.277,-0.27,2.06,0.0
ATOM,2596.0,H,LEU,193.0,15.462,40.527,32.886,0.31,0.2245,0.0
ATOM,2597.0,HA,LEU,193.0,13.682,41.791,30.926,0.09,1.32,0.0
ATOM,2598.0,HB2,LEU,193.0,14.608,42.616,33.525,0.09,1.32,0.0
ATOM,2599.0,HB3,LEU,193.0,14.012,43.767,32.531,0.09,1.32,0.0
ATOM,2600.0,HG,LEU,193.0,12.459,41.589,33.604,0.09,1.32,0.0
ATOM,2601.0,HD11,LEU,193.0,12.433,44.393,34.29,0.09,1.32,0.0
ATOM,2602.0,HD12,LEU,193.0,11.423,43.278,34.925,0.09,1.32,0.0
ATOM,2603.0,HD13,LEU,193.0,13.021,43.212,35.252,0.09,1.32,0.0
ATOM,2604.0,HD21,LEU,193.0,11.659,42.238,31.488,0.09,1.32,0.0
ATOM,2605.0,HD22,LEU,193.0,10.601,42.697,32.645,0.09,1.32,0.0
ATOM,2606.0,HD23,LEU,193.0,11.607,43.796,31.976,0.09,1.32,0.0
ATOM,2607.0,N,ILE,194.0,16.682,42.885,31.233,-0.47,1.85,0.0
ATOM,2608.0,CA,ILE,194.0,17.693,43.793,30.716,0.07,2.275,0.0
ATOM,2609.0,C,ILE,194.0,18.796,43.131,29.889,0.51,2.0,0.0
ATOM,2610.0,O,ILE,194.0,18.828,43.268,28.66,-0.51,1.7,0.11
ATOM,2611.0,CB,ILE,194.0,18.295,44.609,31.896,-0.09,2.275,0.0
ATOM,2612.0,CG1,ILE,194.0,17.227,45.573,32.443,-0.18,2.175,0.0
ATOM,2613.0,CG2,ILE,194.0,19.58,45.357,31.479,-0.27,2.06,0.79
ATOM,2614.0,CD1,ILE,194.0,17.465,46.079,33.887,-0.27,2.06,0.41
ATOM,2615.0,H,ILE,194.0,16.885,42.136,31.929,0.31,0.2245,0.0
ATOM,2616.0,HA,ILE,194.0,17.208,44.432,30.086,0.09,1.32,0.0
ATOM,2617.0,HB,ILE,194.0,18.531,43.973,32.613,0.09,1.32,0.0
ATOM,2618.0,HG12,ILE,194.0,17.175,46.37,31.839,0.09,1.32,0.0
ATOM,2619.0,HG13,ILE,194.0,16.34,45.107,32.423,0.09,1.32,0.0
ATOM,2620.0,HG21,ILE,194.0,19.952,45.826,32.273,0.09,1.32,0.0
ATOM,2621.0,HG22,ILE,194.0,20.239,44.697,31.133,0.09,1.32,0.42
ATOM,2622.0,HG23,ILE,194.0,19.353,46.016,30.769,0.09,1.32,0.0
ATOM,2623.0,HD11,ILE,194.0,18.333,46.562,33.911,0.09,1.32,0.0
ATOM,2624.0,HD12,ILE,194.0,16.72,46.689,34.132,0.09,1.32,0.0
ATOM,2625.0,HD13,ILE,194.0,17.487,45.294,34.495,0.09,1.32,0.0
ATOM,2626.0,N,ALA,195.0,19.691,42.404,30.546,-0.47,1.85,0.0
ATOM,2627.0,CA,ALA,195.0,20.778,41.76,29.822,0.07,2.275,0.87
ATOM,2628.0,C,ALA,195.0,20.243,41.072,28.553,0.51,2.0,1.12
ATOM,2629.0,O,ALA,195.0,20.454,41.559,27.447,-0.51,1.7,10.97
ATOM,2630.0,CB,ALA,195.0,21.509,40.779,30.73,-0.27,2.06,0.53
ATOM,2631.0,H,ALA,195.0,19.554,42.34,31.562,0.31,0.2245,0.0
ATOM,2632.0,HA,ALA,195.0,21.446,42.456,29.543,0.09,1.32,1.45
ATOM,2633.0,HB1,ALA,195.0,21.03,39.902,30.728,0.09,1.32,0.0
ATOM,2634.0,HB2,ALA,195.0,22.442,40.649,30.397,0.09,1.32,0.65
ATOM,2635.0,HB3,ALA,195.0,21.535,41.142,31.661,0.09,1.32,0.0
ATOM,2636.0,N,ASN,196.0,19.495,39.986,28.734,-0.47,1.85,0.0
ATOM,2637.0,CA,ASN,196.0,18.895,39.216,27.633,0.07,2.275,4.92
ATOM,2638.0,C,ASN,196.0,17.47,39.73,27.579,0.51,2.0,0.4
ATOM,2639.0,O,ASN,196.0,16.516,38.951,27.487,-0.51,1.7,10.44
ATOM,2640.0,CB,ASN,196.0,18.863,37.713,27.979,-0.18,2.175,9.5
ATOM,2641.0,CG,ASN,196.0,20.247,37.041,27.909,0.55,2.0,2.33
ATOM,2642.0,H,ASN,196.0,19.365,39.718,29.741,0.31,0.2245,0.0
ATOM,2643.0,HA,ASN,196.0,19.342,39.499,26.808,0.09,1.32,5.77
ATOM,2644.0,HB2,ASN,196.0,18.515,37.611,28.906,0.09,1.32,0.0
ATOM,2645.0,HB3,ASN,196.0,18.262,37.254,27.332,0.09,1.32,8.66
ATOM,2646.0,OD1,ASN,196.0,20.754,36.766,26.816,-0.55,1.7,40.08
ATOM,2647.0,ND2,ASN,196.0,20.844,36.741,29.075,-0.62,1.85,9.78
ATOM,2648.0,HD22,ASN,196.0,20.362,36.961,29.927,0.3,0.2245,0.0
ATOM,2649.0,HD21,ASN,196.0,21.734,36.314,29.085,0.32,0.2245,9.21
ATOM,2650.0,N,GLY,197.0,17.335,41.048,27.681,-0.47,1.85,1.51
ATOM,2651.0,CA,GLY,197.0,16.023,41.661,27.739,-0.02,2.175,1.08
ATOM,2652.0,C,GLY,197.0,15.185,41.75,26.486,0.51,2.0,0.31
ATOM,2653.0,O,GLY,197.0,15.552,41.253,25.426,-0.51,1.7,23.87
ATOM,2654.0,H,GLY,197.0,18.224,41.578,27.714,0.31,0.2245,0.19
ATOM,2655.0,HA2,GLY,197.0,15.464,41.172,28.478,0.09,1.32,0.0
ATOM,2656.0,HA3,GLY,197.0,16.127,42.624,28.138,0.09,1.32,0.0
ATOM,2657.0,N,LYS,198.0,14.004,42.338,26.648,-0.47,1.85,0.0
ATOM,2658.0,CA,LYS,198.0,13.09,42.546,25.534,0.07,2.275,2.41
ATOM,2659.0,C,LYS,198.0,13.046,44.057,25.259,0.51,2.0,0.27
ATOM,2660.0,O,LYS,198.0,12.182,44.565,24.535,-0.51,1.7,21.9
ATOM,2661.0,CB,LYS,198.0,11.699,42.001,25.885,-0.18,2.175,6.09
ATOM,2662.0,CG,LYS,198.0,11.644,40.475,26.135,-0.18,2.175,16.34
ATOM,2663.0,CD,LYS,198.0,12.249,40.046,27.484,-0.18,2.175,4.29
ATOM,2664.0,CE,LYS,198.0,11.441,40.584,28.654,0.21,2.175,0.91
ATOM,2665.0,NZ,LYS,198.0,12.043,40.319,29.977,-0.3,1.85,0.0
ATOM,2666.0,H,LYS,198.0,13.795,42.631,27.624,0.31,0.2245,0.0
ATOM,2667.0,HA,LYS,198.0,13.442,42.089,24.727,0.09,1.32,5.8
ATOM,2668.0,HB2,LYS,198.0,11.381,42.456,26.715,0.09,1.32,0.0
ATOM,2669.0,HB3,LYS,198.0,11.079,42.208,25.13,0.09,1.32,8.61
ATOM,2670.0,HG2,LYS,198.0,10.683,40.182,26.106,0.09,1.32,6.41
ATOM,2671.0,HG3,LYS,198.0,12.144,40.012,25.397,0.09,1.32,8.96
ATOM,2672.0,HD2,LYS,198.0,12.253,39.054,27.524,0.09,1.32,5.05
ATOM,2673.0,HD3,LYS,198.0,13.174,40.402,27.541,0.09,1.32,0.0
ATOM,2674.0,HE2,LYS,198.0,11.328,41.585,28.534,0.05,1.32,0.0
ATOM,2675.0,HE3,LYS,198.0,10.514,40.173,28.621,0.05,1.32,0.1
ATOM,2676.0,HZ1,LYS,198.0,12.53,41.134,30.295,0.33,0.2245,0.0
ATOM,2677.0,HZ2,LYS,198.0,11.324,40.087,30.634,0.33,0.2245,0.0
ATOM,2678.0,HZ3,LYS,198.0,12.687,39.555,29.907,0.33,0.2245,0.0
ATOM,2679.0,N,LEU,199.0,13.996,44.761,25.866,-0.47,1.85,0.0
ATOM,2680.0,CA,LEU,199.0,14.119,46.213,25.737,0.07,2.275,0.12
ATOM,2681.0,C,LEU,199.0,14.727,46.504,24.397,0.51,2.0,0.27
ATOM,2682.0,O,LEU,199.0,15.232,45.6,23.738,-0.51,1.7,20.77
ATOM,2683.0,CB,LEU,199.0,15.098,46.791,26.784,-0.18,2.175,0.0
ATOM,2684.0,CG,LEU,199.0,14.74,47.063,28.237,-0.09,2.275,0.0
ATOM,2685.0,CD1,LEU,199.0,15.582,48.239,28.65,-0.27,2.06,0.0
ATOM,2686.0,CD2,LEU,199.0,13.253,47.376,28.4,-0.27,2.06,0.0
ATOM,2687.0,H,LEU,199.0,14.652,44.187,26.447,0.31,0.2245,0.09
ATOM,2688.0,HA,LEU,199.0,13.206,46.61,25.777,0.09,1.32,0.64
ATOM,2689.0,HB2,LEU,199.0,15.92,46.164,26.791,0.09,1.32,0.42
ATOM,2690.0,HB3,LEU,199.0,15.453,47.678,26.392,0.09,1.32,0.0
ATOM,2691.0,HG,LEU,199.0,14.97,46.277,28.78,0.09,1.32,0.0
ATOM,2692.0,HD11,LEU,199.0,15.372,49.032,28.072,0.09,1.32,0.0
ATOM,2693.0,HD12,LEU,199.0,15.395,48.475,29.607,0.09,1.32,0.0
ATOM,2694.0,HD13,LEU,199.0,16.555,48.015,28.554,0.09,1.32,0.0
ATOM,2695.0,HD21,LEU,199.0,12.714,46.597,28.081,0.09,1.32,0.0
ATOM,2696.0,HD22,LEU,199.0,13.055,47.549,29.364,0.09,1.32,0.0
ATOM,2697.0,HD23,LEU,199.0,13.024,48.186,27.86,0.09,1.32,0.0
ATOM,2698.0,N,SER,200.0,14.747,47.781,24.037,-0.47,1.85,2.81
ATOM,2699.0,CA,SER,200.0,15.364,48.198,22.789,0.07,2.275,6.28
ATOM,2700.0,C,SER,200.0,16.83,48.259,23.13,0.51,2.0,0.71
ATOM,2701.0,O,SER,200.0,17.227,47.863,24.23,-0.51,1.7,0.95
ATOM,2702.0,CB,SER,200.0,14.882,49.606,22.365,0.05,2.175,15.09
ATOM,2703.0,OG,SER,200.0,15.78,50.639,22.788,-0.66,1.77,0.0
ATOM,2704.0,H,SER,200.0,14.298,48.433,24.704,0.31,0.2245,0.02
ATOM,2705.0,HA,SER,200.0,15.228,47.489,22.125,0.09,1.32,7.93
ATOM,2706.0,HB2,SER,200.0,14.81,49.63,21.371,0.09,1.32,7.8
ATOM,2707.0,HB3,SER,200.0,13.988,49.771,22.775,0.09,1.32,2.85
ATOM,2708.0,HG,SER,200.0,16.151,51.097,21.984,0.43,0.2245,0.01
ATOM,2709.0,N,LYS,201.0,17.601,48.851,22.222,-0.47,1.85,1.23
ATOM,2710.0,CA,LYS,201.0,19.032,49.03,22.403,0.07,2.275,0.0
ATOM,2711.0,C,LYS,201.0,19.28,50.434,22.94,0.51,2.0,0.18
ATOM,2712.0,O,LYS,201.0,20.277,50.669,23.628,-0.51,1.7,3.36
ATOM,2713.0,CB,LYS,201.0,19.755,48.864,21.081,-0.18,2.175,10.43
ATOM,2714.0,CG,LYS,201.0,21.081,48.174,21.215,-0.18,2.175,13.0
ATOM,2715.0,CD,LYS,201.0,20.894,46.671,21.41,-0.18,2.175,7.26
ATOM,2716.0,CE,LYS,201.0,22.236,45.954,21.294,0.21,2.175,17.06
ATOM,2717.0,NZ,LYS,201.0,22.103,44.465,21.31,-0.3,1.85,13.58
ATOM,2718.0,H,LYS,201.0,17.088,49.175,21.369,0.31,0.2245,2.84
ATOM,2719.0,HA,LYS,201.0,19.364,48.367,23.072,0.09,1.32,0.0
ATOM,2720.0,HB2,LYS,201.0,19.175,48.326,20.472,0.09,1.32,6.99
ATOM,2721.0,HB3,LYS,201.0,19.904,49.771,20.69,0.09,1.32,3.52
ATOM,2722.0,HG2,LYS,201.0,21.622,48.32,20.388,0.09,1.32,9.15
ATOM,2723.0,HG3,LYS,201.0,21.572,48.536,22.005,0.09,1.32,5.53
ATOM,2724.0,HD2,LYS,201.0,20.526,46.509,22.313,0.09,1.32,0.84
ATOM,2725.0,HD3,LYS,201.0,20.291,46.329,20.706,0.09,1.32,7.95
ATOM,2726.0,HE2,LYS,201.0,22.68,46.234,20.435,0.05,1.32,9.78
ATOM,2727.0,HE3,LYS,201.0,22.823,46.238,22.061,0.05,1.32,10.58
ATOM,2728.0,HZ1,LYS,201.0,22.04,44.151,22.256,0.33,0.2245,11.58
ATOM,2729.0,HZ2,LYS,201.0,21.278,44.204,20.812,0.33,0.2245,16.21
ATOM,2730.0,HZ3,LYS,201.0,22.904,44.059,20.873,0.33,0.2245,20.22
ATOM,2731.0,N,GLU,202.0,18.367,51.358,22.611,-0.47,1.85,0.0
ATOM,2732.0,CA,GLU,202.0,18.45,52.752,23.058,0.07,2.275,1.14
ATOM,2733.0,C,GLU,202.0,17.962,52.867,24.511,0.51,2.0,0.0
ATOM,2734.0,O,GLU,202.0,18.625,53.472,25.352,-0.51,1.7,3.08
ATOM,2735.0,CB,GLU,202.0,17.644,53.663,22.138,-0.18,2.175,1.02
ATOM,2736.0,CG,GLU,202.0,18.284,53.91,20.776,-0.28,2.175,16.32
ATOM,2737.0,CD,GLU,202.0,17.813,52.934,19.681,0.62,2.0,3.15
ATOM,2738.0,OE1,GLU,202.0,16.885,52.119,19.949,-0.76,1.7,17.11
ATOM,2739.0,OE2,GLU,202.0,18.365,52.992,18.544,-0.76,1.7,45.87
ATOM,2740.0,H,GLU,202.0,17.593,50.999,22.01,0.31,0.2245,0.0
ATOM,2741.0,HA,GLU,202.0,19.397,53.07,23.001,0.09,1.32,3.99
ATOM,2742.0,HB2,GLU,202.0,16.769,53.236,21.98,0.09,1.32,0.0
ATOM,2743.0,HB3,GLU,202.0,17.55,54.537,22.583,0.09,1.32,0.0
ATOM,2744.0,HG2,GLU,202.0,18.042,54.816,20.477,0.09,1.32,6.17
ATOM,2745.0,HG3,GLU,202.0,19.258,53.797,20.862,0.09,1.32,8.04
ATOM,2746.0,N,ASN,203.0,16.8,52.288,24.798,-0.47,1.85,0.0
ATOM,2747.0,CA,ASN,203.0,16.267,52.269,26.159,0.07,2.275,0.0
ATOM,2748.0,C,ASN,203.0,17.279,51.564,27.093,0.51,2.0,0.0
ATOM,2749.0,O,ASN,203.0,17.678,52.118,28.124,-0.51,1.7,0.0
ATOM,2750.0,CB,ASN,203.0,14.933,51.507,26.189,-0.18,2.175,0.0
ATOM,2751.0,CG,ASN,203.0,13.795,52.272,25.517,0.55,2.0,0.0
ATOM,2752.0,H,ASN,203.0,16.313,51.859,23.988,0.31,0.2245,0.0
ATOM,2753.0,HA,ASN,203.0,16.204,53.214,26.471,0.09,1.32,0.0
ATOM,2754.0,HB2,ASN,203.0,15.055,50.641,25.713,0.09,1.32,0.0
ATOM,2755.0,HB3,ASN,203.0,14.686,51.345,27.14,0.09,1.32,0.0
ATOM,2756.0,OD1,ASN,203.0,13.916,53.467,25.214,-0.55,1.7,0.0
ATOM,2757.0,ND2,ASN,203.0,12.67,51.586,25.302,-0.62,1.85,1.88
ATOM,2758.0,HD22,ASN,203.0,12.611,50.629,25.585,0.3,0.2245,0.31
ATOM,2759.0,HD21,ASN,203.0,11.892,52.029,24.862,0.32,0.2245,0.11
ATOM,2760.0,N,LYS,204.0,17.7,50.351,26.711,-0.47,1.85,0.0
ATOM,2761.0,CA,LYS,204.0,18.666,49.58,27.479,0.07,2.275,0.0
ATOM,2762.0,C,LYS,204.0,19.864,50.471,27.833,0.51,2.0,0.0
ATOM,2763.0,O,LYS,204.0,20.152,50.675,29.016,-0.51,1.7,0.0
ATOM,2764.0,CB,LYS,204.0,19.125,48.352,26.699,-0.18,2.175,0.0
ATOM,2765.0,CG,LYS,204.0,19.866,47.338,27.558,-0.18,2.175,0.16
ATOM,2766.0,CD,LYS,204.0,20.385,46.131,26.745,-0.18,2.175,3.1
ATOM,2767.0,CE,LYS,204.0,21.275,45.233,27.63,0.21,2.175,5.39
ATOM,2768.0,NZ,LYS,204.0,21.819,43.971,27.019,-0.3,1.85,7.71
ATOM,2769.0,H,LYS,204.0,17.274,50.014,25.82,0.31,0.2245,0.0
ATOM,2770.0,HA,LYS,204.0,18.24,49.269,28.329,0.09,1.32,0.0
ATOM,2771.0,HB2,LYS,204.0,18.323,47.908,26.313,0.09,1.32,0.0
ATOM,2772.0,HB3,LYS,204.0,19.735,48.652,25.972,0.09,1.32,0.46
ATOM,2773.0,HG2,LYS,204.0,20.653,47.783,27.993,0.09,1.32,0.0
ATOM,2774.0,HG3,LYS,204.0,19.251,46.993,28.271,0.09,1.32,0.0
ATOM,2775.0,HD2,LYS,204.0,19.613,45.601,26.438,0.09,1.32,4.13
ATOM,2776.0,HD3,LYS,204.0,20.927,46.464,25.994,0.09,1.32,3.89
ATOM,2777.0,HE2,LYS,204.0,22.062,45.798,27.964,0.05,1.32,2.77
ATOM,2778.0,HE3,LYS,204.0,20.74,44.984,28.468,0.05,1.32,0.0
ATOM,2779.0,HZ1,LYS,204.0,22.694,44.172,26.585,0.33,0.2245,17.86
ATOM,2780.0,HZ2,LYS,204.0,21.944,43.291,27.737,0.33,0.2245,3.06
ATOM,2781.0,HZ3,LYS,204.0,21.171,43.635,26.34,0.33,0.2245,5.09
ATOM,2782.0,N,LYS,205.0,20.514,51.063,26.83,-0.47,1.85,0.2
ATOM,2783.0,CA,LYS,205.0,21.654,51.952,27.096,0.07,2.275,0.0
ATOM,2784.0,C,LYS,205.0,21.322,53.221,27.914,0.51,2.0,0.3
ATOM,2785.0,O,LYS,205.0,22.213,53.829,28.49,-0.51,1.7,1.9
ATOM,2786.0,CB,LYS,205.0,22.421,52.306,25.799,-0.18,2.175,6.32
ATOM,2787.0,CG,LYS,205.0,23.959,52.452,26.024,-0.18,2.175,15.04
ATOM,2788.0,CD,LYS,205.0,24.518,51.254,26.886,-0.18,2.175,2.29
ATOM,2789.0,CE,LYS,205.0,25.993,51.378,27.308,0.21,2.175,18.79
ATOM,2790.0,NZ,LYS,205.0,26.306,52.519,28.238,-0.3,1.85,6.89
ATOM,2791.0,H,LYS,205.0,20.161,50.851,25.887,0.31,0.2245,0.0
ATOM,2792.0,HA,LYS,205.0,22.365,51.425,27.607,0.09,1.32,0.0
ATOM,2793.0,HB2,LYS,205.0,22.281,51.581,25.144,0.09,1.32,2.03
ATOM,2794.0,HB3,LYS,205.0,22.083,53.17,25.461,0.09,1.32,6.42
ATOM,2795.0,HG2,LYS,205.0,24.415,52.439,25.148,0.09,1.32,10.61
ATOM,2796.0,HG3,LYS,205.0,24.135,53.291,26.513,0.09,1.32,1.1
ATOM,2797.0,HD2,LYS,205.0,23.951,51.187,27.711,0.09,1.32,0.0
ATOM,2798.0,HD3,LYS,205.0,24.407,50.416,26.346,0.09,1.32,10.83
ATOM,2799.0,HE2,LYS,205.0,26.273,50.509,27.753,0.05,1.32,10.31
ATOM,2800.0,HE3,LYS,205.0,26.559,51.477,26.47,0.05,1.32,11.09
ATOM,2801.0,HZ1,LYS,205.0,27.295,52.627,28.296,0.33,0.2245,20.2
ATOM,2802.0,HZ2,LYS,205.0,25.892,53.352,27.879,0.33,0.2245,2.95
ATOM,2803.0,HZ3,LYS,205.0,25.932,52.314,29.139,0.33,0.2245,2.46
ATOM,2804.0,N,PHE,206.0,20.048,53.609,27.959,-0.47,1.85,0.29
ATOM,2805.0,CA,PHE,206.0,19.596,54.778,28.726,0.07,2.275,2.76
ATOM,2806.0,C,PHE,206.0,19.647,54.286,30.158,0.51,2.0,0.0
ATOM,2807.0,O,PHE,206.0,20.437,54.775,30.966,-0.51,1.7,0.0
ATOM,2808.0,CB,PHE,206.0,18.141,55.165,28.321,-0.18,2.175,0.01
ATOM,2809.0,CG,PHE,206.0,17.473,56.232,29.208,0.0,1.9924,0.0
ATOM,2810.0,CD1,PHE,206.0,18.117,57.436,29.528,-0.115,1.9924,1.06
ATOM,2811.0,CD2,PHE,206.0,16.184,56.025,29.709,-0.115,1.9924,0.0
ATOM,2812.0,CE1,PHE,206.0,17.482,58.4,30.334,-0.115,1.9924,0.55
ATOM,2813.0,CE2,PHE,206.0,15.559,56.991,30.515,-0.115,1.9924,0.0
ATOM,2814.0,CZ,PHE,206.0,16.208,58.168,30.819,-0.115,1.9924,0.0
ATOM,2815.0,H,PHE,206.0,19.395,53.012,27.403,0.31,0.2245,0.0
ATOM,2816.0,HA,PHE,206.0,20.288,55.464,28.63,0.09,1.32,2.94
ATOM,2817.0,HB2,PHE,206.0,18.172,55.522,27.4,0.09,1.32,0.15
ATOM,2818.0,HB3,PHE,206.0,17.589,54.347,28.374,0.09,1.32,0.0
ATOM,2819.0,HD1,PHE,206.0,19.029,57.617,29.185,0.115,1.3582,5.88
ATOM,2820.0,HD2,PHE,206.0,15.699,55.181,29.492,0.115,1.3582,0.0
ATOM,2821.0,HE1,PHE,206.0,17.971,59.252,30.548,0.115,1.3582,1.6
ATOM,2822.0,HE2,PHE,206.0,14.627,56.804,30.867,0.115,1.3582,0.0
ATOM,2823.0,HZ,PHE,206.0,15.761,58.86,31.391,0.115,1.3582,0.0
ATOM,2824.0,N,LEU,207.0,18.867,53.254,30.439,-0.47,1.85,0.0
ATOM,2825.0,CA,LEU,207.0,18.834,52.685,31.776,0.07,2.275,0.0
ATOM,2826.0,C,LEU,207.0,20.257,52.479,32.363,0.51,2.0,0.0
ATOM,2827.0,O,LEU,207.0,20.626,53.046,33.42,-0.51,1.7,0.0
ATOM,2828.0,CB,LEU,207.0,18.088,51.342,31.765,-0.18,2.175,0.0
ATOM,2829.0,CG,LEU,207.0,17.66,50.912,33.174,-0.09,2.275,0.0
ATOM,2830.0,CD1,LEU,207.0,16.808,52.025,33.776,-0.27,2.06,0.0
ATOM,2831.0,CD2,LEU,207.0,16.919,49.583,33.157,-0.27,2.06,0.0
ATOM,2832.0,H,LEU,207.0,18.301,52.9,29.648,0.31,0.2245,0.0
ATOM,2833.0,HA,LEU,207.0,18.34,53.315,32.391,0.09,1.32,0.0
ATOM,2834.0,HB2,LEU,207.0,17.277,51.45,31.229,0.09,1.32,0.0
ATOM,2835.0,HB3,LEU,207.0,18.695,50.66,31.418,0.09,1.32,0.0
ATOM,2836.0,HG,LEU,207.0,18.467,50.776,33.73,0.09,1.32,0.0
ATOM,2837.0,HD11,LEU,207.0,16.002,52.174,33.203,0.09,1.32,0.0
ATOM,2838.0,HD12,LEU,207.0,16.519,51.762,34.696,0.09,1.32,0.0
ATOM,2839.0,HD13,LEU,207.0,17.345,52.867,33.822,0.09,1.32,0.0
ATOM,2840.0,HD21,LEU,207.0,17.514,48.873,32.779,0.09,1.32,0.0
ATOM,2841.0,HD22,LEU,207.0,16.656,49.335,34.09,0.09,1.32,0.0
ATOM,2842.0,HD23,LEU,207.0,16.098,49.665,32.591,0.09,1.32,0.0
ATOM,2843.0,N,LEU,208.0,21.069,51.715,31.641,-0.47,1.85,0.0
ATOM,2844.0,CA,LEU,208.0,22.411,51.422,32.078,0.07,2.275,0.0
ATOM,2845.0,C,LEU,208.0,23.253,52.65,32.381,0.51,2.0,0.0
ATOM,2846.0,O,LEU,208.0,24.087,52.612,33.288,-0.51,1.7,0.07
ATOM,2847.0,CB,LEU,208.0,23.094,50.506,31.071,-0.18,2.175,0.27
ATOM,2848.0,CG,LEU,208.0,22.316,49.192,30.958,-0.09,2.275,0.0
ATOM,2849.0,CD1,LEU,208.0,22.507,48.607,29.537,-0.27,2.06,3.11
ATOM,2850.0,CD2,LEU,208.0,22.673,48.204,32.132,-0.27,2.06,1.19
ATOM,2851.0,H,LEU,208.0,20.655,51.359,30.756,0.31,0.2245,0.0
ATOM,2852.0,HA,LEU,208.0,22.361,50.856,32.928,0.09,1.32,0.0
ATOM,2853.0,HB2,LEU,208.0,23.074,50.935,30.201,0.09,1.32,0.0
ATOM,2854.0,HB3,LEU,208.0,23.982,50.296,31.398,0.09,1.32,1.84
ATOM,2855.0,HG,LEU,208.0,21.352,49.365,31.106,0.09,1.32,0.0
ATOM,2856.0,HD11,LEU,208.0,23.477,48.441,29.386,0.09,1.32,2.62
ATOM,2857.0,HD12,LEU,208.0,21.999,47.753,29.47,0.09,1.32,0.0
ATOM,2858.0,HD13,LEU,208.0,22.164,49.263,28.871,0.09,1.32,0.0
ATOM,2859.0,HD21,LEU,208.0,22.44,48.647,32.989,0.09,1.32,0.0
ATOM,2860.0,HD22,LEU,208.0,22.143,47.375,32.008,0.09,1.32,0.0
ATOM,2861.0,HD23,LEU,208.0,23.645,48.011,32.087,0.09,1.32,0.0
ATOM,2862.0,N,ASP,209.0,23.037,53.737,31.649,-0.47,1.85,0.0
ATOM,2863.0,CA,ASP,209.0,23.792,54.952,31.911,0.07,2.275,0.0
ATOM,2864.0,C,ASP,209.0,23.436,55.492,33.281,0.51,2.0,0.08
ATOM,2865.0,O,ASP,209.0,24.307,55.884,34.056,-0.51,1.7,0.32
ATOM,2866.0,CB,ASP,209.0,23.468,56.009,30.88,-0.28,2.175,5.96
ATOM,2867.0,CG,ASP,209.0,24.6,56.23,29.923,0.62,2.0,4.3
ATOM,2868.0,OD1,ASP,209.0,24.911,55.278,29.167,-0.76,1.7,10.47
ATOM,2869.0,OD2,ASP,209.0,25.185,57.339,29.952,-0.76,1.7,38.89
ATOM,2870.0,H,ASP,209.0,22.322,53.645,30.916,0.31,0.2245,0.0
ATOM,2871.0,HA,ASP,209.0,24.764,54.7,31.934,0.09,1.32,0.77
ATOM,2872.0,HB2,ASP,209.0,22.667,55.711,30.37,0.09,1.32,0.0
ATOM,2873.0,HB3,ASP,209.0,23.276,56.86,31.357,0.09,1.32,6.5
ATOM,2874.0,N,LEU,210.0,22.134,55.511,33.558,-0.47,1.85,0.0
ATOM,2875.0,CA,LEU,210.0,21.6,55.982,34.823,0.07,2.275,0.3
ATOM,2876.0,C,LEU,210.0,22.236,55.177,35.928,0.51,2.0,0.0
ATOM,2877.0,O,LEU,210.0,22.95,55.711,36.779,-0.51,1.7,0.0
ATOM,2878.0,CB,LEU,210.0,20.091,55.751,34.852,-0.18,2.175,0.0
ATOM,2879.0,CG,LEU,210.0,19.224,56.622,33.954,-0.09,2.275,0.03
ATOM,2880.0,CD1,LEU,210.0,17.779,56.177,34.015,-0.27,2.06,0.0
ATOM,2881.0,CD2,LEU,210.0,19.367,58.045,34.436,-0.27,2.06,4.0
ATOM,2882.0,H,LEU,210.0,21.528,55.155,32.779,0.31,0.2245,0.0
ATOM,2883.0,HA,LEU,210.0,21.849,56.941,34.939,0.09,1.32,1.37
ATOM,2884.0,HB2,LEU,210.0,19.924,54.795,34.592,0.09,1.32,0.0
ATOM,2885.0,HB3,LEU,210.0,19.78,55.89,35.795,0.09,1.32,0.0
ATOM,2886.0,HG,LEU,210.0,19.556,56.551,33.012,0.09,1.32,0.12
ATOM,2887.0,HD11,LEU,210.0,17.442,56.249,34.956,0.09,1.32,0.0
ATOM,2888.0,HD12,LEU,210.0,17.22,56.758,33.42,0.09,1.32,0.0
ATOM,2889.0,HD13,LEU,210.0,17.704,55.226,33.71,0.09,1.32,0.0
ATOM,2890.0,HD21,LEU,210.0,20.327,58.33,34.377,0.09,1.32,5.13
ATOM,2891.0,HD22,LEU,210.0,18.809,58.655,33.868,0.09,1.32,0.0
ATOM,2892.0,HD23,LEU,210.0,19.062,58.114,35.389,0.09,1.32,0.0
ATOM,2893.0,N,MET,211.0,22.042,53.87,35.832,-0.47,1.85,0.0
ATOM,2894.0,CA,MET,211.0,22.573,52.925,36.805,0.07,2.275,0.0
ATOM,2895.0,C,MET,211.0,24.081,53.004,36.924,0.51,2.0,0.0
ATOM,2896.0,O,MET,211.0,24.649,52.552,37.914,-0.51,1.7,0.03
ATOM,2897.0,CB,MET,211.0,22.178,51.489,36.43,-0.18,2.175,0.0
ATOM,2898.0,CG,MET,211.0,20.747,51.122,36.751,-0.14,2.175,0.0
ATOM,2899.0,SD,MET,211.0,20.326,49.476,36.231,-0.09,2.0,0.0
ATOM,2900.0,CE,MET,211.0,20.861,48.535,37.674,-0.22,2.06,0.0
ATOM,2901.0,H,MET,211.0,21.478,53.576,35.002,0.31,0.2245,0.0
ATOM,2902.0,HA,MET,211.0,22.174,53.149,37.709,0.09,1.32,0.13
ATOM,2903.0,HB2,MET,211.0,22.33,51.362,35.437,0.09,1.32,0.0
ATOM,2904.0,HB3,MET,211.0,22.793,50.849,36.917,0.09,1.32,0.0
ATOM,2905.0,HG2,MET,211.0,20.603,51.24,37.764,0.09,1.32,0.0
ATOM,2906.0,HG3,MET,211.0,20.128,51.82,36.314,0.09,1.32,0.0
ATOM,2907.0,HE1,MET,211.0,21.316,47.699,37.372,0.09,1.32,0.0
ATOM,2908.0,HE2,MET,211.0,21.496,49.088,38.211,0.09,1.32,0.0
ATOM,2909.0,HE3,MET,211.0,20.064,48.303,38.23,0.09,1.32,0.0
ATOM,2910.0,N,LEU,212.0,24.734,53.541,35.902,-0.47,1.85,0.0
ATOM,2911.0,CA,LEU,212.0,26.187,53.652,35.927,0.07,2.275,0.0
ATOM,2912.0,C,LEU,212.0,26.618,54.904,36.662,0.51,2.0,0.0
ATOM,2913.0,O,LEU,212.0,27.594,54.889,37.383,-0.51,1.7,12.18
ATOM,2914.0,CB,LEU,212.0,26.745,53.672,34.505,-0.18,2.175,0.43
ATOM,2915.0,CG,LEU,212.0,28.028,52.904,34.194,-0.09,2.275,2.12
ATOM,2916.0,CD1,LEU,212.0,29.239,53.578,34.816,-0.27,2.06,22.21
ATOM,2917.0,CD2,LEU,212.0,27.885,51.474,34.685,-0.27,2.06,3.38
ATOM,2918.0,H,LEU,212.0,24.145,53.861,35.118,0.31,0.2245,0.0
ATOM,2919.0,HA,LEU,212.0,26.56,52.851,36.41,0.09,1.32,0.0
ATOM,2920.0,HB2,LEU,212.0,26.028,53.311,33.891,0.09,1.32,0.0
ATOM,2921.0,HB3,LEU,212.0,26.909,54.637,34.255,0.09,1.32,0.0
ATOM,2922.0,HG,LEU,212.0,28.147,52.859,33.199,0.09,1.32,8.09
ATOM,2923.0,HD11,LEU,212.0,29.127,53.619,35.81,0.09,1.32,1.35
ATOM,2924.0,HD12,LEU,212.0,30.064,53.055,34.597,0.09,1.32,0.0
ATOM,2925.0,HD13,LEU,212.0,29.329,54.507,34.454,0.09,1.32,5.09
ATOM,2926.0,HD21,LEU,212.0,27.112,51.036,34.223,0.09,1.32,0.37
ATOM,2927.0,HD22,LEU,212.0,28.723,50.964,34.484,0.09,1.32,0.0
ATOM,2928.0,HD23,LEU,212.0,27.725,51.472,35.673,0.09,1.32,0.0
ATOM,2929.0,N,ASN,213.0,25.832,55.961,36.549,-0.47,1.85,0.0
ATOM,2930.0,CA,ASN,213.0,26.188,57.231,37.164,0.07,2.275,0.0
ATOM,2931.0,C,ASN,213.0,25.538,57.555,38.494,0.51,2.0,0.0
ATOM,2932.0,O,ASN,213.0,25.712,58.633,39.069,-0.51,1.7,5.51
ATOM,2933.0,CB,ASN,213.0,26.038,58.36,36.147,-0.18,2.175,14.21
ATOM,2934.0,CG,ASN,213.0,26.991,58.197,34.993,0.55,2.0,2.61
ATOM,2935.0,H,ASN,213.0,24.966,55.812,36.001,0.31,0.2245,0.0
ATOM,2936.0,HA,ASN,213.0,27.205,57.206,37.327,0.09,1.32,0.4
ATOM,2937.0,HB2,ASN,213.0,25.107,58.348,35.801,0.09,1.32,2.89
ATOM,2938.0,HB3,ASN,213.0,26.23,59.221,36.605,0.09,1.32,5.49
ATOM,2939.0,OD1,ASN,213.0,28.072,58.8,34.96,-0.55,1.7,35.1
ATOM,2940.0,ND2,ASN,213.0,26.647,57.303,34.082,-0.62,1.85,4.76
ATOM,2941.0,HD22,ASN,213.0,25.798,56.783,34.172,0.3,0.2245,0.0
ATOM,2942.0,HD21,ASN,213.0,27.242,57.14,33.288,0.32,0.2245,11.38
ATOM,2943.0,N,ASN,214.0,24.788,56.594,38.982,-0.47,1.85,0.0
ATOM,2944.0,CA,ASN,214.0,24.149,56.698,40.273,0.07,2.275,0.0
ATOM,2945.0,C,ASN,214.0,25.251,56.674,41.391,0.51,2.0,0.0
ATOM,2946.0,O,ASN,214.0,25.86,55.638,41.653,-0.51,1.7,4.0
ATOM,2947.0,CB,ASN,214.0,23.204,55.508,40.37,-0.18,2.175,0.02
ATOM,2948.0,CG,ASN,214.0,22.761,55.231,41.747,0.55,2.0,0.0
ATOM,2949.0,H,ASN,214.0,24.694,55.756,38.362,0.31,0.2245,0.0
ATOM,2950.0,HA,ASN,214.0,23.718,57.594,40.339,0.09,1.32,0.0
ATOM,2951.0,HB2,ASN,214.0,22.406,55.702,39.793,0.09,1.32,0.0
ATOM,2952.0,HB3,ASN,214.0,23.683,54.706,40.003,0.09,1.32,0.0
ATOM,2953.0,OD1,ASN,214.0,23.517,54.696,42.551,-0.55,1.7,0.0
ATOM,2954.0,ND2,ASN,214.0,21.512,55.553,42.037,-0.62,1.85,0.0
ATOM,2955.0,HD22,ASN,214.0,20.916,55.956,41.342,0.3,0.2245,0.0
ATOM,2956.0,HD21,ASN,214.0,21.153,55.393,42.961,0.32,0.2245,0.64
ATOM,2957.0,N,LYS,215.0,25.55,57.829,41.986,-0.47,1.85,0.14
ATOM,2958.0,CA,LYS,215.0,26.574,57.944,43.058,0.07,2.275,0.04
ATOM,2959.0,C,LYS,215.0,26.166,57.399,44.434,0.51,2.0,0.83
ATOM,2960.0,O,LYS,215.0,26.927,57.489,45.396,-0.51,1.7,11.92
ATOM,2961.0,CB,LYS,215.0,27.065,59.397,43.225,-0.18,2.175,14.72
ATOM,2962.0,CG,LYS,215.0,28.318,59.752,42.403,-0.18,2.175,9.85
ATOM,2963.0,CD,LYS,215.0,27.993,59.777,40.897,-0.18,2.175,2.12
ATOM,2964.0,CE,LYS,215.0,29.223,59.947,39.949,0.21,2.175,17.6
ATOM,2965.0,NZ,LYS,215.0,30.108,58.734,39.787,-0.3,1.85,11.39
ATOM,2966.0,H,LYS,215.0,25.01,58.65,41.642,0.31,0.2245,3.68
ATOM,2967.0,HA,LYS,215.0,27.412,57.445,42.747,0.09,1.32,0.0
ATOM,2968.0,HB2,LYS,215.0,26.328,60.008,42.944,0.09,1.32,7.24
ATOM,2969.0,HB3,LYS,215.0,27.276,59.544,44.189,0.09,1.32,6.23
ATOM,2970.0,HG2,LYS,215.0,28.638,60.652,42.675,0.09,1.32,11.04
ATOM,2971.0,HG3,LYS,215.0,29.017,59.067,42.567,0.09,1.32,0.0
ATOM,2972.0,HD2,LYS,215.0,27.537,58.915,40.651,0.09,1.32,0.0
ATOM,2973.0,HD3,LYS,215.0,27.363,60.538,40.714,0.09,1.32,9.65
ATOM,2974.0,HE2,LYS,215.0,28.876,60.225,39.036,0.05,1.32,5.76
ATOM,2975.0,HE3,LYS,215.0,29.783,60.717,40.301,0.05,1.32,10.68
ATOM,2976.0,HZ1,LYS,215.0,29.553,57.915,39.899,0.33,0.2245,5.24
ATOM,2977.0,HZ2,LYS,215.0,30.514,58.752,38.878,0.33,0.2245,17.16
ATOM,2978.0,HZ3,LYS,215.0,30.821,58.762,40.482,0.33,0.2245,15.11
ATOM,2979.0,N,SER,216.0,24.999,56.768,44.501,-0.47,1.85,0.56
ATOM,2980.0,CA,SER,216.0,24.472,56.198,45.743,0.07,2.275,2.43
ATOM,2981.0,C,SER,216.0,25.046,54.86,46.203,0.51,2.0,0.27
ATOM,2982.0,O,SER,216.0,24.814,54.445,47.337,-0.51,1.7,9.21
ATOM,2983.0,CB,SER,216.0,22.956,56.07,45.629,0.05,2.175,11.96
ATOM,2984.0,OG,SER,216.0,22.456,57.097,44.79,-0.66,1.77,13.49
ATOM,2985.0,H,SER,216.0,24.486,56.712,43.591,0.31,0.2245,0.0
ATOM,2986.0,HA,SER,216.0,24.646,56.884,46.495,0.09,1.32,9.95
ATOM,2987.0,HB2,SER,216.0,22.736,55.191,45.232,0.09,1.32,0.0
ATOM,2988.0,HB3,SER,216.0,22.557,56.165,46.53,0.09,1.32,10.17
ATOM,2989.0,HG,SER,216.0,22.68,56.889,43.839,0.43,0.2245,0.0
ATOM,2990.0,N,GLY,217.0,25.823,54.192,45.358,-0.47,1.85,0.0
ATOM,2991.0,CA,GLY,217.0,26.341,52.9,45.762,-0.02,2.175,0.11
ATOM,2992.0,C,GLY,217.0,27.828,52.788,45.969,0.51,2.0,0.0
ATOM,2993.0,O,GLY,217.0,28.338,51.684,46.177,-0.51,1.7,0.03
ATOM,2994.0,H,GLY,217.0,26.007,54.643,44.462,0.31,0.2245,0.0
ATOM,2995.0,HA2,GLY,217.0,25.858,52.607,46.632,0.09,1.32,0.0
ATOM,2996.0,HA3,GLY,217.0,26.045,52.192,45.064,0.09,1.32,0.0
ATOM,2997.0,N,ASP,218.0,28.504,53.931,46.007,-0.47,1.85,0.95
ATOM,2998.0,CA,ASP,218.0,29.965,53.999,46.159,0.07,2.275,0.0
ATOM,2999.0,C,ASP,218.0,30.578,53.411,47.436,0.51,2.0,0.0
ATOM,3000.0,O,ASP,218.0,31.799,53.374,47.584,-0.51,1.7,9.3
ATOM,3001.0,CB,ASP,218.0,30.458,55.44,45.961,-0.28,2.175,9.82
ATOM,3002.0,CG,ASP,218.0,29.883,56.104,44.705,0.62,2.0,1.21
ATOM,3003.0,OD1,ASP,218.0,29.204,55.444,43.865,-0.76,1.7,4.27
ATOM,3004.0,OD2,ASP,218.0,30.108,57.325,44.573,-0.76,1.7,20.33
ATOM,3005.0,H,ASP,218.0,27.908,54.788,45.919,0.31,0.2245,0.36
ATOM,3006.0,HA,ASP,218.0,30.368,53.472,45.369,0.09,1.32,0.0
ATOM,3007.0,HB2,ASP,218.0,30.181,55.972,46.752,0.09,1.32,6.69
ATOM,3008.0,HB3,ASP,218.0,31.447,55.42,45.881,0.09,1.32,7.22
ATOM,3009.0,N,THR,219.0,29.749,52.944,48.351,-0.47,1.85,0.01
ATOM,3010.0,CA,THR,219.0,30.274,52.351,49.57,0.07,2.275,0.21
ATOM,3011.0,C,THR,219.0,29.781,50.918,49.669,0.51,2.0,0.0
ATOM,3012.0,O,THR,219.0,29.92,50.276,50.702,-0.51,1.7,1.98
ATOM,3013.0,CB,THR,219.0,29.851,53.131,50.818,0.14,2.275,3.24
ATOM,3014.0,OG1,THR,219.0,28.419,53.164,50.89,-0.66,1.77,6.44
ATOM,3015.0,CG2,THR,219.0,30.395,54.558,50.76,-0.27,2.06,36.14
ATOM,3016.0,H,THR,219.0,28.747,53.032,48.136,0.31,0.2245,0.19
ATOM,3017.0,HA,THR,219.0,31.272,52.34,49.518,0.09,1.32,0.39
ATOM,3018.0,HB,THR,219.0,30.198,52.648,51.646,0.09,1.32,5.54
ATOM,3019.0,HG21,THR,219.0,29.635,55.205,50.67,0.09,1.32,10.24
ATOM,3020.0,HG22,THR,219.0,30.903,54.759,51.599,0.09,1.32,11.53
ATOM,3021.0,HG23,THR,219.0,31.006,54.654,49.972,0.09,1.32,1.78
ATOM,3022.0,HG1,THR,219.0,28.101,52.714,51.731,0.43,0.2245,0.01
ATOM,3023.0,N,LEU,220.0,29.176,50.43,48.595,-0.47,1.85,0.0
ATOM,3024.0,CA,LEU,220.0,28.701,49.059,48.577,0.07,2.275,0.0
ATOM,3025.0,C,LEU,220.0,29.535,48.306,47.527,0.51,2.0,0.0
ATOM,3026.0,O,LEU,220.0,30.761,48.45,47.501,-0.51,1.7,0.0
ATOM,3027.0,CB,LEU,220.0,27.2,49.025,48.289,-0.18,2.175,0.0
ATOM,3028.0,CG,LEU,220.0,26.368,49.915,49.222,-0.09,2.275,0.0
ATOM,3029.0,CD1,LEU,220.0,26.415,51.359,48.73,-0.27,2.06,0.01
ATOM,3030.0,CD2,LEU,220.0,24.946,49.469,49.27,-0.27,2.06,0.0
ATOM,3031.0,H,LEU,220.0,29.078,51.087,47.806,0.31,0.2245,0.0
ATOM,3032.0,HA,LEU,220.0,28.869,48.642,49.46,0.09,1.32,0.0
ATOM,3033.0,HB2,LEU,220.0,27.056,49.348,47.368,0.09,1.32,0.0
ATOM,3034.0,HB3,LEU,220.0,26.885,48.099,48.406,0.09,1.32,0.0
ATOM,3035.0,HG,LEU,220.0,26.748,49.865,50.14,0.09,1.32,0.0
ATOM,3036.0,HD11,LEU,220.0,26.041,51.407,47.804,0.09,1.32,0.0
ATOM,3037.0,HD12,LEU,220.0,25.872,51.936,49.34,0.09,1.32,0.02
ATOM,3038.0,HD13,LEU,220.0,27.363,51.677,48.725,0.09,1.32,0.0
ATOM,3039.0,HD21,LEU,220.0,24.887,48.523,49.606,0.09,1.32,0.0
ATOM,3040.0,HD22,LEU,220.0,24.414,50.061,49.885,0.09,1.32,0.0
ATOM,3041.0,HD23,LEU,220.0,24.536,49.509,48.352,0.09,1.32,0.0
ATOM,3042.0,N,ILE,221.0,28.885,47.554,46.638,-0.47,1.85,0.0
ATOM,3043.0,CA,ILE,221.0,29.578,46.806,45.58,0.07,2.275,0.0
ATOM,3044.0,C,ILE,221.0,30.748,47.567,44.927,0.51,2.0,0.0
ATOM,3045.0,O,ILE,221.0,31.836,47.031,44.817,-0.51,1.7,0.0
ATOM,3046.0,CB,ILE,221.0,28.576,46.382,44.469,-0.09,2.275,0.0
ATOM,3047.0,CG1,ILE,221.0,27.538,45.429,45.039,-0.18,2.175,0.0
ATOM,3048.0,CG2,ILE,221.0,29.293,45.685,43.307,-0.27,2.06,0.0
ATOM,3049.0,CD1,ILE,221.0,26.6,44.862,43.979,-0.27,2.06,0.0
ATOM,3050.0,H,ILE,221.0,27.85,47.541,46.756,0.31,0.2245,0.0
ATOM,3051.0,HA,ILE,221.0,29.984,45.992,46.03,0.09,1.32,0.0
ATOM,3052.0,HB,ILE,221.0,28.114,47.202,44.156,0.09,1.32,0.17
ATOM,3053.0,HG12,ILE,221.0,28.005,44.673,45.487,0.09,1.32,0.0
ATOM,3054.0,HG13,ILE,221.0,26.99,45.919,45.712,0.09,1.32,0.0
ATOM,3055.0,HG21,ILE,221.0,28.626,45.447,42.606,0.09,1.32,0.0
ATOM,3056.0,HG22,ILE,221.0,29.977,46.302,42.926,0.09,1.32,0.0
ATOM,3057.0,HG23,ILE,221.0,29.737,44.858,43.644,0.09,1.32,0.0
ATOM,3058.0,HD11,ILE,221.0,27.137,44.361,43.304,0.09,1.32,0.0
ATOM,3059.0,HD12,ILE,221.0,25.948,44.248,44.417,0.09,1.32,0.0
ATOM,3060.0,HD13,ILE,221.0,26.115,45.613,43.538,0.09,1.32,0.0
ATOM,3061.0,N,LYS,222.0,30.495,48.798,44.476,-0.47,1.85,0.0
ATOM,3062.0,CA,LYS,222.0,31.492,49.659,43.825,0.07,2.275,0.0
ATOM,3063.0,C,LYS,222.0,32.778,49.748,44.625,0.51,2.0,0.0
ATOM,3064.0,O,LYS,222.0,33.876,49.795,44.069,-0.51,1.7,7.15
ATOM,3065.0,CB,LYS,222.0,30.906,51.065,43.672,-0.18,2.175,0.28
ATOM,3066.0,CG,LYS,222.0,31.314,51.805,42.402,-0.18,2.175,1.74
ATOM,3067.0,CD,LYS,222.0,32.529,52.696,42.599,-0.18,2.175,8.67
ATOM,3068.0,CE,LYS,222.0,33.047,53.23,41.262,0.21,2.175,21.02
ATOM,3069.0,NZ,LYS,222.0,33.498,52.127,40.337,-0.3,1.85,2.39
ATOM,3070.0,H,LYS,222.0,29.5,49.108,44.629,0.31,0.2245,0.77
ATOM,3071.0,HA,LYS,222.0,31.699,49.275,42.912,0.09,1.32,0.0
ATOM,3072.0,HB2,LYS,222.0,29.906,50.989,43.681,0.09,1.32,1.89
ATOM,3073.0,HB3,LYS,222.0,31.199,51.612,44.46,0.09,1.32,0.0
ATOM,3074.0,HG2,LYS,222.0,31.52,51.129,41.685,0.09,1.32,0.0
ATOM,3075.0,HG3,LYS,222.0,30.542,52.371,42.094,0.09,1.32,7.32
ATOM,3076.0,HD2,LYS,222.0,32.276,53.47,43.168,0.09,1.32,0.57
ATOM,3077.0,HD3,LYS,222.0,33.253,52.169,43.027,0.09,1.32,1.34
ATOM,3078.0,HE2,LYS,222.0,32.315,53.748,40.813,0.05,1.32,10.33
ATOM,3079.0,HE3,LYS,222.0,33.822,53.843,41.434,0.05,1.32,11.85
ATOM,3080.0,HZ1,LYS,222.0,32.844,51.377,40.388,0.33,0.2245,0.0
ATOM,3081.0,HZ2,LYS,222.0,33.538,52.483,39.407,0.33,0.2245,14.76
ATOM,3082.0,HZ3,LYS,222.0,34.4,51.815,40.624,0.33,0.2245,7.65
ATOM,3083.0,N,ASP,223.0,32.624,49.764,45.939,-0.47,1.85,0.0
ATOM,3084.0,CA,ASP,223.0,33.747,49.849,46.856,0.07,2.275,0.33
ATOM,3085.0,C,ASP,223.0,34.528,48.529,46.967,0.51,2.0,0.15
ATOM,3086.0,O,ASP,223.0,35.644,48.499,47.509,-0.51,1.7,21.48
ATOM,3087.0,CB,ASP,223.0,33.237,50.247,48.233,-0.28,2.175,0.0
ATOM,3088.0,CG,ASP,223.0,34.343,50.499,49.195,0.62,2.0,1.51
ATOM,3089.0,OD1,ASP,223.0,35.2,51.355,48.891,-0.76,1.7,35.11
ATOM,3090.0,OD2,ASP,223.0,34.374,49.841,50.252,-0.76,1.7,12.09
ATOM,3091.0,H,ASP,223.0,31.629,49.71,46.259,0.31,0.2245,0.0
ATOM,3092.0,HA,ASP,223.0,34.393,50.535,46.484,0.09,1.32,6.78
ATOM,3093.0,HB2,ASP,223.0,32.695,51.076,48.128,0.09,1.32,0.0
ATOM,3094.0,HB3,ASP,223.0,32.666,49.505,48.572,0.09,1.32,0.0
ATOM,3095.0,N,GLY,224.0,33.939,47.442,46.469,-0.47,1.85,0.0
ATOM,3096.0,CA,GLY,224.0,34.592,46.148,46.555,-0.02,2.175,0.85
ATOM,3097.0,C,GLY,224.0,35.102,45.5,45.273,0.51,2.0,0.6
ATOM,3098.0,O,GLY,224.0,35.92,44.568,45.337,-0.51,1.7,5.34
ATOM,3099.0,H,GLY,224.0,33.017,47.6,46.037,0.31,0.2245,0.0
ATOM,3100.0,HA2,GLY,224.0,35.387,46.22,47.224,0.09,1.32,0.61
ATOM,3101.0,HA3,GLY,224.0,33.946,45.48,47.025,0.09,1.32,0.0
ATOM,3102.0,N,VAL,225.0,34.6,45.926,44.12,-0.47,1.85,0.0
ATOM,3103.0,CA,VAL,225.0,35.042,45.337,42.853,0.07,2.275,0.0
ATOM,3104.0,C,VAL,225.0,36.353,45.982,42.418,0.51,2.0,0.21
ATOM,3105.0,O,VAL,225.0,36.562,47.19,42.644,-0.51,1.7,9.05
ATOM,3106.0,CB,VAL,225.0,33.99,45.472,41.718,-0.09,2.275,0.0
ATOM,3107.0,CG1,VAL,225.0,32.669,44.864,42.153,-0.27,2.06,0.0
ATOM,3108.0,CG2,VAL,225.0,33.835,46.945,41.264,-0.27,2.06,0.35
ATOM,3109.0,H,VAL,225.0,33.9,46.677,44.189,0.31,0.2245,0.0
ATOM,3110.0,HA,VAL,225.0,35.21,44.362,43.005,0.09,1.32,0.0
ATOM,3111.0,HB,VAL,225.0,34.319,44.943,40.945,0.09,1.32,0.0
ATOM,3112.0,HG11,VAL,225.0,32.836,43.993,42.616,0.09,1.32,0.0
ATOM,3113.0,HG12,VAL,225.0,32.202,45.488,42.781,0.09,1.32,0.0
ATOM,3114.0,HG13,VAL,225.0,32.091,44.708,41.351,0.09,1.32,0.0
ATOM,3115.0,HG21,VAL,225.0,34.199,47.032,40.342,0.09,1.32,0.0
ATOM,3116.0,HG22,VAL,225.0,32.868,47.181,41.279,0.09,1.32,0.0
ATOM,3117.0,HG23,VAL,225.0,34.343,47.525,41.893,0.09,1.32,0.02
ATOM,3118.0,N,PRO,226.0,37.273,45.177,41.831,-0.29,1.85,0.17
ATOM,3119.0,CA,PRO,226.0,38.572,45.687,41.369,0.02,2.275,2.28
ATOM,3120.0,C,PRO,226.0,38.367,47.033,40.685,0.51,2.0,0.0
ATOM,3121.0,O,PRO,226.0,37.351,47.25,40.001,-0.51,1.7,0.19
ATOM,3122.0,CB,PRO,226.0,39.035,44.617,40.391,-0.18,2.175,2.35
ATOM,3123.0,CG,PRO,226.0,38.513,43.361,41.028,-0.18,2.175,11.59
ATOM,3124.0,CD,PRO,226.0,37.11,43.751,41.479,0.0,2.175,0.25
ATOM,3125.0,HA,PRO,226.0,39.214,45.764,42.129,0.09,1.32,8.89
ATOM,3126.0,HB2,PRO,226.0,38.63,44.752,39.494,0.09,1.32,0.0
ATOM,3127.0,HB3,PRO,226.0,40.026,44.595,40.326,0.09,1.32,9.55
ATOM,3128.0,HG2,PRO,226.0,38.475,42.62,40.367,0.09,1.32,2.62
ATOM,3129.0,HG3,PRO,226.0,39.072,43.103,41.808,0.09,1.32,6.18
ATOM,3130.0,HD2,PRO,226.0,36.454,43.643,40.741,0.09,1.32,0.0
ATOM,3131.0,HD3,PRO,226.0,36.829,43.221,42.273,0.09,1.32,0.0
ATOM,3132.0,N,LYS,227.0,39.321,47.928,40.909,-0.47,1.85,0.5
ATOM,3133.0,CA,LYS,227.0,39.28,49.284,40.372,0.07,2.275,2.51
ATOM,3134.0,C,LYS,227.0,38.754,49.399,38.949,0.51,2.0,0.28
ATOM,3135.0,O,LYS,227.0,37.95,50.283,38.647,-0.51,1.7,18.84
ATOM,3136.0,CB,LYS,227.0,40.667,49.922,40.439,-0.18,2.175,5.34
ATOM,3137.0,CG,LYS,227.0,41.618,49.307,41.453,-0.18,2.175,9.24
ATOM,3138.0,CD,LYS,227.0,42.794,50.249,41.755,-0.18,2.175,18.62
ATOM,3139.0,CE,LYS,227.0,43.384,50.862,40.492,0.21,2.175,20.7
ATOM,3140.0,NZ,LYS,227.0,43.88,49.829,39.539,-0.3,1.85,9.7
ATOM,3141.0,H,LYS,227.0,40.108,47.578,41.506,0.31,0.2245,1.35
ATOM,3142.0,HA,LYS,227.0,38.688,49.856,40.983,0.09,1.32,9.94
ATOM,3143.0,HB2,LYS,227.0,41.088,49.85,39.531,0.09,1.32,0.26
ATOM,3144.0,HB3,LYS,227.0,40.552,50.894,40.665,0.09,1.32,8.41
ATOM,3145.0,HG2,LYS,227.0,41.127,49.133,42.304,0.09,1.32,7.96
ATOM,3146.0,HG3,LYS,227.0,41.982,48.453,41.09,0.09,1.32,4.33
ATOM,3147.0,HD2,LYS,227.0,42.467,50.983,42.344,0.09,1.32,11.46
ATOM,3148.0,HD3,LYS,227.0,43.505,49.728,42.22,0.09,1.32,11.28
ATOM,3149.0,HE2,LYS,227.0,42.677,51.415,40.039,0.05,1.32,5.83
ATOM,3150.0,HE3,LYS,227.0,44.146,51.465,40.749,0.05,1.32,11.98
ATOM,3151.0,HZ1,LYS,227.0,43.462,49.978,38.644,0.33,0.2245,6.37
ATOM,3152.0,HZ2,LYS,227.0,44.874,49.9,39.462,0.33,0.2245,20.15
ATOM,3153.0,HZ3,LYS,227.0,43.634,48.922,39.878,0.33,0.2245,7.02
ATOM,3154.0,N,ASP,228.0,39.204,48.479,38.095,-0.47,1.85,0.0
ATOM,3155.0,CA,ASP,228.0,38.851,48.444,36.673,0.07,2.275,0.53
ATOM,3156.0,C,ASP,228.0,37.43,48.105,36.256,0.51,2.0,0.0
ATOM,3157.0,O,ASP,228.0,36.989,48.522,35.187,-0.51,1.7,18.25
ATOM,3158.0,CB,ASP,228.0,39.798,47.518,35.945,-0.28,2.175,2.02
ATOM,3159.0,CG,ASP,228.0,41.231,47.879,36.18,0.62,2.0,3.24
ATOM,3160.0,OD1,ASP,228.0,41.667,48.948,35.688,-0.76,1.7,33.78
ATOM,3161.0,OD2,ASP,228.0,41.921,47.097,36.867,-0.76,1.7,20.68
ATOM,3162.0,H,ASP,228.0,39.844,47.769,38.534,0.31,0.2245,0.0
ATOM,3163.0,HA,ASP,228.0,39.053,49.395,36.3,0.09,1.32,7.59
ATOM,3164.0,HB2,ASP,228.0,39.639,46.592,36.272,0.09,1.32,0.0
ATOM,3165.0,HB3,ASP,228.0,39.604,47.577,34.971,0.09,1.32,6.12
ATOM,3166.0,N,TYR,229.0,36.738,47.321,37.07,-0.47,1.85,0.0
ATOM,3167.0,CA,TYR,229.0,35.369,46.913,36.782,0.07,2.275,0.0
ATOM,3168.0,C,TYR,229.0,34.378,48.078,36.855,0.51,2.0,0.0
ATOM,3169.0,O,TYR,229.0,34.583,49.025,37.627,-0.51,1.7,1.96
ATOM,3170.0,CB,TYR,229.0,34.951,45.818,37.76,-0.18,2.175,0.0
ATOM,3171.0,CG,TYR,229.0,35.742,44.552,37.611,0.0,1.9924,0.0
ATOM,3172.0,CD1,TYR,229.0,36.995,44.551,36.984,-0.115,1.9924,0.0
ATOM,3173.0,CD2,TYR,229.0,35.212,43.341,38.022,-0.115,1.9924,0.0
ATOM,3174.0,CE1,TYR,229.0,37.688,43.375,36.761,-0.115,1.9924,0.0
ATOM,3175.0,CE2,TYR,229.0,35.9,42.146,37.802,-0.115,1.9924,0.03
ATOM,3176.0,CZ,TYR,229.0,37.133,42.17,37.164,0.11,1.9924,0.0
ATOM,3177.0,OH,TYR,229.0,37.767,40.984,36.852,-0.54,1.77,9.66
ATOM,3178.0,H,TYR,229.0,37.253,47.023,37.928,0.31,0.2245,0.0
ATOM,3179.0,HA,TYR,229.0,35.339,46.54,35.84,0.09,1.32,0.0
ATOM,3180.0,HB2,TYR,229.0,35.077,46.164,38.686,0.09,1.32,0.0
ATOM,3181.0,HB3,TYR,229.0,33.989,45.61,37.601,0.09,1.32,0.0
ATOM,3182.0,HD1,TYR,229.0,37.394,45.424,36.692,0.115,1.3582,0.0
ATOM,3183.0,HD2,TYR,229.0,34.328,43.315,38.483,0.115,1.3582,0.0
ATOM,3184.0,HE1,TYR,229.0,38.583,43.391,36.314,0.115,1.3582,0.0
ATOM,3185.0,HE2,TYR,229.0,35.506,41.28,38.102,0.115,1.3582,0.0
ATOM,3186.0,HH,TYR,229.0,37.152,40.224,37.052,0.43,0.2245,0.33
ATOM,3187.0,N,LYS,230.0,33.327,48.015,36.035,-0.47,1.85,0.0
ATOM,3188.0,CA,LYS,230.0,32.278,49.043,36.01,0.07,2.275,0.0
ATOM,3189.0,C,LYS,230.0,31.005,48.44,36.577,0.51,2.0,0.0
ATOM,3190.0,O,LYS,230.0,30.711,47.27,36.341,-0.51,1.7,0.0
ATOM,3191.0,CB,LYS,230.0,32.014,49.561,34.587,-0.18,2.175,0.0
ATOM,3192.0,CG,LYS,230.0,33.063,50.542,34.087,-0.18,2.175,6.75
ATOM,3193.0,CD,LYS,230.0,32.501,51.49,33.015,-0.18,2.175,8.36
ATOM,3194.0,CE,LYS,230.0,32.411,50.87,31.592,0.21,2.175,15.58
ATOM,3195.0,NZ,LYS,230.0,33.709,50.778,30.833,-0.3,1.85,14.98
ATOM,3196.0,H,LYS,230.0,33.313,47.177,35.415,0.31,0.2245,0.0
ATOM,3197.0,HA,LYS,230.0,32.563,49.806,36.585,0.09,1.32,0.29
ATOM,3198.0,HB2,LYS,230.0,31.996,48.778,33.972,0.09,1.32,0.0
ATOM,3199.0,HB3,LYS,230.0,31.128,50.017,34.585,0.09,1.32,0.0
ATOM,3200.0,HG2,LYS,230.0,33.392,51.094,34.855,0.09,1.32,7.37
ATOM,3201.0,HG3,LYS,230.0,33.829,50.035,33.69,0.09,1.32,1.05
ATOM,3202.0,HD2,LYS,230.0,31.578,51.771,33.285,0.09,1.32,0.0
ATOM,3203.0,HD3,LYS,230.0,33.088,52.3,32.959,0.09,1.32,10.42
ATOM,3204.0,HE2,LYS,230.0,32.016,49.939,31.68,0.05,1.32,1.17
ATOM,3205.0,HE3,LYS,230.0,31.753,51.422,31.05,0.05,1.32,11.97
ATOM,3206.0,HZ1,LYS,230.0,34.402,50.376,31.426,0.33,0.2245,12.63
ATOM,3207.0,HZ2,LYS,230.0,33.573,50.205,30.029,0.33,0.2245,20.26
ATOM,3208.0,HZ3,LYS,230.0,33.986,51.694,30.556,0.33,0.2245,19.17
ATOM,3209.0,N,VAL,231.0,30.236,49.239,37.305,-0.47,1.85,0.0
ATOM,3210.0,CA,VAL,231.0,29.01,48.735,37.903,0.07,2.275,0.0
ATOM,3211.0,C,VAL,231.0,27.797,49.611,37.64,0.51,2.0,0.0
ATOM,3212.0,O,VAL,231.0,27.825,50.811,37.924,-0.51,1.7,4.4
ATOM,3213.0,CB,VAL,231.0,29.148,48.592,39.462,-0.09,2.275,0.51
ATOM,3214.0,CG1,VAL,231.0,29.096,47.131,39.872,-0.27,2.06,0.0
ATOM,3215.0,CG2,VAL,231.0,30.434,49.193,39.951,-0.27,2.06,0.38
ATOM,3216.0,H,VAL,231.0,30.572,50.208,37.404,0.31,0.2245,2.13
ATOM,3217.0,HA,VAL,231.0,28.822,47.816,37.507,0.09,1.32,0.0
ATOM,3218.0,HB,VAL,231.0,28.361,49.045,39.863,0.09,1.32,0.29
ATOM,3219.0,HG11,VAL,231.0,29.607,46.579,39.213,0.09,1.32,0.0
ATOM,3220.0,HG12,VAL,231.0,29.502,47.022,40.78,0.09,1.32,0.0
ATOM,3221.0,HG13,VAL,231.0,28.145,46.822,39.895,0.09,1.32,0.0
ATOM,3222.0,HG21,VAL,231.0,30.505,49.082,40.946,0.09,1.32,0.0
ATOM,3223.0,HG22,VAL,231.0,31.212,48.735,39.513,0.09,1.32,0.0
ATOM,3224.0,HG23,VAL,231.0,30.459,50.171,39.727,0.09,1.32,0.98
ATOM,3225.0,N,ALA,232.0,26.732,49.035,37.079,-0.47,1.85,0.0
ATOM,3226.0,CA,ALA,232.0,25.495,49.804,36.862,0.07,2.275,0.0
ATOM,3227.0,C,ALA,232.0,24.63,49.348,38.038,0.51,2.0,0.0
ATOM,3228.0,O,ALA,232.0,24.139,48.224,38.038,-0.51,1.7,0.0
ATOM,3229.0,CB,ALA,232.0,24.872,49.432,35.531,-0.27,2.06,0.0
ATOM,3230.0,H,ALA,232.0,26.844,48.048,36.821,0.31,0.2245,0.0
ATOM,3231.0,HA,ALA,232.0,25.689,50.751,36.96,0.09,1.32,0.0
ATOM,3232.0,HB1,ALA,232.0,25.217,48.541,35.235,0.09,1.32,0.0
ATOM,3233.0,HB2,ALA,232.0,23.877,49.386,35.626,0.09,1.32,0.0
ATOM,3234.0,HB3,ALA,232.0,25.106,50.121,34.845,0.09,1.32,0.0
ATOM,3235.0,N,ASP,233.0,24.484,50.185,39.06,-0.47,1.85,0.0
ATOM,3236.0,CA,ASP,233.0,23.748,49.785,40.256,0.07,2.275,0.0
ATOM,3237.0,C,ASP,233.0,22.464,50.504,40.718,0.51,2.0,0.0
ATOM,3238.0,O,ASP,233.0,22.016,51.519,40.153,-0.51,1.7,0.54
ATOM,3239.0,CB,ASP,233.0,24.735,49.728,41.426,-0.28,2.175,1.39
ATOM,3240.0,CG,ASP,233.0,24.835,51.041,42.182,0.62,2.0,0.66
ATOM,3241.0,OD1,ASP,233.0,25.177,52.087,41.588,-0.76,1.7,6.5
ATOM,3242.0,OD2,ASP,233.0,24.579,51.022,43.396,-0.76,1.7,0.06
ATOM,3243.0,H,ASP,233.0,24.922,51.112,38.938,0.31,0.2245,0.0
ATOM,3244.0,HA,ASP,233.0,23.477,48.779,40.115,0.09,1.32,0.0
ATOM,3245.0,HB2,ASP,233.0,24.426,49.021,42.053,0.09,1.32,0.0
ATOM,3246.0,HB3,ASP,233.0,25.631,49.5,41.061,0.09,1.32,0.0
ATOM,3247.0,N,LYS,234.0,21.837,49.896,41.723,-0.47,1.85,0.0
ATOM,3248.0,CA,LYS,234.0,20.635,50.426,42.363,0.07,2.275,0.0
ATOM,3249.0,C,LYS,234.0,20.547,49.741,43.733,0.51,2.0,0.0
ATOM,3250.0,O,LYS,234.0,20.44,48.528,43.831,-0.51,1.7,0.0
ATOM,3251.0,CB,LYS,234.0,19.406,50.255,41.475,-0.18,2.175,0.0
ATOM,3252.0,CG,LYS,234.0,18.058,50.39,42.159,-0.18,2.175,0.0
ATOM,3253.0,CD,LYS,234.0,17.938,51.558,43.113,-0.18,2.175,0.32
ATOM,3254.0,CE,LYS,234.0,17.889,52.889,42.42,0.21,2.175,0.52
ATOM,3255.0,NZ,LYS,234.0,16.975,53.777,43.182,-0.3,1.85,0.14
ATOM,3256.0,H,LYS,234.0,22.285,48.993,42.02,0.31,0.2245,0.0
ATOM,3257.0,HA,LYS,234.0,20.739,51.398,42.501,0.09,1.32,0.0
ATOM,3258.0,HB2,LYS,234.0,19.454,50.943,40.739,0.09,1.32,0.12
ATOM,3259.0,HB3,LYS,234.0,19.453,49.34,41.051,0.09,1.32,0.0
ATOM,3260.0,HG2,LYS,234.0,17.339,50.478,41.445,0.09,1.32,0.0
ATOM,3261.0,HG3,LYS,234.0,17.864,49.532,42.669,0.09,1.32,0.0
ATOM,3262.0,HD2,LYS,234.0,17.099,51.444,43.655,0.09,1.32,0.0
ATOM,3263.0,HD3,LYS,234.0,18.727,51.547,43.736,0.09,1.32,0.0
ATOM,3264.0,HE2,LYS,234.0,18.796,53.289,42.404,0.05,1.32,0.0
ATOM,3265.0,HE3,LYS,234.0,17.539,52.772,41.5,0.05,1.32,0.0
ATOM,3266.0,HZ1,LYS,234.0,16.339,54.221,42.551,0.33,0.2245,0.0
ATOM,3267.0,HZ2,LYS,234.0,16.461,53.235,43.847,0.33,0.2245,0.0
ATOM,3268.0,HZ3,LYS,234.0,17.51,54.473,43.661,0.33,0.2245,1.52
ATOM,3269.0,N,SER,235.0,20.762,50.537,44.78,-0.47,1.85,0.0
ATOM,3270.0,CA,SER,235.0,20.79,50.071,46.159,0.07,2.275,0.0
ATOM,3271.0,C,SER,235.0,19.492,50.248,46.922,0.51,2.0,0.04
ATOM,3272.0,O,SER,235.0,18.481,50.597,46.355,-0.51,1.7,1.54
ATOM,3273.0,CB,SER,235.0,21.886,50.833,46.898,0.05,2.175,0.0
ATOM,3274.0,OG,SER,235.0,21.586,52.222,46.932,-0.66,1.77,7.77
ATOM,3275.0,H,SER,235.0,20.912,51.546,44.519,0.31,0.2245,0.29
ATOM,3276.0,HA,SER,235.0,21.01,49.071,46.145,0.09,1.32,0.0
ATOM,3277.0,HB2,SER,235.0,21.945,50.494,47.829,0.09,1.32,0.0
ATOM,3278.0,HB3,SER,235.0,22.748,50.702,46.422,0.09,1.32,0.0
ATOM,3279.0,HG,SER,235.0,22.434,52.742,47.019,0.43,0.2245,0.27
ATOM,3280.0,N,GLY,236.0,19.53,49.987,48.221,-0.47,1.85,0.0
ATOM,3281.0,CA,GLY,236.0,18.351,50.151,49.033,-0.02,2.175,0.36
ATOM,3282.0,C,GLY,236.0,18.562,49.737,50.474,0.51,2.0,0.0
ATOM,3283.0,O,GLY,236.0,19.576,49.146,50.862,-0.51,1.7,0.0
ATOM,3284.0,H,GLY,236.0,20.446,49.669,48.579,0.31,0.2245,0.0
ATOM,3285.0,HA2,GLY,236.0,18.053,51.125,49.007,0.09,1.32,7.08
ATOM,3286.0,HA3,GLY,236.0,17.587,49.604,48.639,0.09,1.32,0.0
ATOM,3287.0,N,GLN,237.0,17.55,50.029,51.277,-0.47,1.85,0.82
ATOM,3288.0,CA,GLN,237.0,17.56,49.709,52.684,0.07,2.275,0.0
ATOM,3289.0,C,GLN,237.0,16.11,49.651,53.164,0.51,2.0,0.21
ATOM,3290.0,O,GLN,237.0,15.251,50.329,52.633,-0.51,1.7,8.97
ATOM,3291.0,CB,GLN,237.0,18.339,50.794,53.415,-0.18,2.175,2.91
ATOM,3292.0,CG,GLN,237.0,18.547,50.504,54.885,-0.18,2.175,2.84
ATOM,3293.0,CD,GLN,237.0,19.459,51.492,55.562,0.55,2.0,1.82
ATOM,3294.0,H,GLN,237.0,16.749,50.509,50.801,0.31,0.2245,2.35
ATOM,3295.0,HA,GLN,237.0,17.952,48.8,52.802,0.09,1.32,0.0
ATOM,3296.0,HB2,GLN,237.0,19.238,50.891,52.985,0.09,1.32,0.0
ATOM,3297.0,HB3,GLN,237.0,17.84,51.66,53.334,0.09,1.32,9.65
ATOM,3298.0,HG2,GLN,237.0,17.655,50.522,55.346,0.09,1.32,2.23
ATOM,3299.0,HG3,GLN,237.0,18.941,49.585,54.979,0.09,1.32,0.0
ATOM,3300.0,OE1,GLN,237.0,20.139,52.288,54.918,-0.55,1.7,21.1
ATOM,3301.0,NE2,GLN,237.0,19.488,51.435,56.882,-0.62,1.85,13.81
ATOM,3302.0,HE21,GLN,237.0,20.095,52.065,57.422,0.32,0.2245,14.04
ATOM,3303.0,HE22,GLN,237.0,18.902,50.759,57.366,0.3,0.2245,5.21
ATOM,3304.0,N,SER,238.0,15.829,48.747,54.089,-0.47,1.85,0.0
ATOM,3305.0,CA,SER,238.0,14.498,48.596,54.672,0.07,2.275,2.68
ATOM,3306.0,C,SER,238.0,14.626,48.367,56.182,0.51,2.0,1.92
ATOM,3307.0,O,SER,238.0,15.695,48.556,56.774,-0.51,1.7,5.58
ATOM,3308.0,CB,SER,238.0,13.763,47.408,54.055,0.05,2.175,0.0
ATOM,3309.0,OG,SER,238.0,13.209,47.761,52.826,-0.66,1.77,0.0
ATOM,3310.0,H,SER,238.0,16.641,48.147,54.369,0.31,0.2245,0.0
ATOM,3311.0,HA,SER,238.0,13.997,49.45,54.534,0.09,1.32,1.5
ATOM,3312.0,HB2,SER,238.0,14.414,46.665,53.928,0.09,1.32,0.0
ATOM,3313.0,HB3,SER,238.0,13.04,47.126,54.68,0.09,1.32,0.0
ATOM,3314.0,HG,SER,238.0,13.659,48.583,52.468,0.43,0.2245,0.0
ATOM,3315.0,N,THR,240.0,13.531,47.961,56.799,-0.47,1.85,0.37
ATOM,3316.0,CA,THR,240.0,13.509,47.661,58.208,0.07,2.275,0.84
ATOM,3317.0,C,THR,240.0,14.314,46.388,58.405,0.51,2.0,0.0
ATOM,3318.0,O,THR,240.0,14.472,45.606,57.483,-0.51,1.7,0.0
ATOM,3319.0,CB,THR,240.0,12.114,47.382,58.614,0.14,2.275,0.39
ATOM,3320.0,OG1,THR,240.0,11.643,46.285,57.829,-0.66,1.77,0.0
ATOM,3321.0,CG2,THR,240.0,11.237,48.627,58.34,-0.27,2.06,15.55
ATOM,3322.0,H,THR,240.0,12.692,47.878,56.179,0.31,0.2245,0.0
ATOM,3323.0,HA,THR,240.0,13.958,48.395,58.706,0.09,1.32,5.32
ATOM,3324.0,HB,THR,240.0,12.08,47.096,59.593,0.09,1.32,0.0
ATOM,3325.0,HG21,THR,240.0,10.282,48.345,58.269,0.09,1.32,0.86
ATOM,3326.0,HG22,THR,240.0,11.343,49.274,59.093,0.09,1.32,9.42
ATOM,3327.0,HG23,THR,240.0,11.529,49.051,57.485,0.09,1.32,0.99
ATOM,3328.0,HG1,THR,240.0,10.994,45.727,58.358,0.43,0.2245,0.0
ATOM,3329.0,N,TYR,241.0,14.774,46.163,59.627,-0.47,1.85,0.0
ATOM,3330.0,CA,TYR,241.0,15.573,44.997,59.972,0.07,2.275,0.0
ATOM,3331.0,C,TYR,241.0,16.954,45.023,59.384,0.51,2.0,0.0
ATOM,3332.0,O,TYR,241.0,17.538,43.977,59.145,-0.51,1.7,0.0
ATOM,3333.0,CB,TYR,241.0,14.875,43.702,59.625,-0.18,2.175,0.05
ATOM,3334.0,CG,TYR,241.0,13.804,43.367,60.609,0.0,1.9924,0.0
ATOM,3335.0,CD1,TYR,241.0,12.54,43.957,60.538,-0.115,1.9924,0.0
ATOM,3336.0,CD2,TYR,241.0,14.044,42.432,61.615,-0.115,1.9924,0.94
ATOM,3337.0,CE1,TYR,241.0,11.544,43.613,61.448,-0.115,1.9924,0.0
ATOM,3338.0,CE2,TYR,241.0,13.057,42.073,62.521,-0.115,1.9924,0.0
ATOM,3339.0,CZ,TYR,241.0,11.815,42.655,62.432,0.11,1.9924,0.0
ATOM,3340.0,OH,TYR,241.0,10.839,42.195,63.28,-0.54,1.77,26.39
ATOM,3341.0,H,TYR,241.0,14.512,46.9,60.327,0.31,0.2245,0.0
ATOM,3342.0,HA,TYR,241.0,15.656,44.965,60.988,0.09,1.32,0.0
ATOM,3343.0,HB2,TYR,241.0,14.463,43.796,58.727,0.09,1.32,0.0
ATOM,3344.0,HB3,TYR,241.0,15.546,42.971,59.628,0.09,1.32,0.0
ATOM,3345.0,HD1,TYR,241.0,12.348,44.632,59.83,0.115,1.3582,0.0
ATOM,3346.0,HD2,TYR,241.0,14.949,42.01,61.683,0.115,1.3582,0.0
ATOM,3347.0,HE1,TYR,241.0,10.645,44.041,61.402,0.115,1.3582,5.61
ATOM,3348.0,HE2,TYR,241.0,13.251,41.397,63.232,0.115,1.3582,4.93
ATOM,3349.0,HH,TYR,241.0,10.262,41.54,62.794,0.43,0.2245,8.8
ATOM,3350.0,N,ALA,242.0,17.472,46.236,59.22,-0.47,1.85,0.0
ATOM,3351.0,CA,ALA,242.0,18.815,46.507,58.708,0.07,2.275,0.04
ATOM,3352.0,C,ALA,242.0,19.093,45.888,57.359,0.51,2.0,0.0
ATOM,3353.0,O,ALA,242.0,20.239,45.524,57.055,-0.51,1.7,2.54
ATOM,3354.0,CB,ALA,242.0,19.886,46.083,59.739,-0.27,2.06,0.0
ATOM,3355.0,H,ALA,242.0,16.812,47.016,59.499,0.31,0.2245,1.52
ATOM,3356.0,HA,ALA,242.0,18.929,47.519,58.635,0.09,1.32,0.21
ATOM,3357.0,HB1,ALA,242.0,19.577,46.342,60.65,0.09,1.32,0.0
ATOM,3358.0,HB2,ALA,242.0,20.01,45.096,59.688,0.09,1.32,0.0
ATOM,3359.0,HB3,ALA,242.0,20.741,46.546,59.524,0.09,1.32,0.0
ATOM,3360.0,N,SER,243.0,18.027,45.83,56.554,-0.47,1.85,0.0
ATOM,3361.0,CA,SER,243.0,18.023,45.274,55.2,0.07,2.275,0.0
ATOM,3362.0,C,SER,243.0,18.728,46.154,54.175,0.51,2.0,0.0
ATOM,3363.0,O,SER,243.0,18.075,46.919,53.472,-0.51,1.7,0.0
ATOM,3364.0,CB,SER,243.0,16.582,45.067,54.78,0.05,2.175,0.0
ATOM,3365.0,OG,SER,243.0,15.896,44.36,55.789,-0.66,1.77,0.0
ATOM,3366.0,H,SER,243.0,17.152,46.236,56.996,0.31,0.2245,0.0
ATOM,3367.0,HA,SER,243.0,18.509,44.381,55.23,0.09,1.32,0.0
ATOM,3368.0,HB2,SER,243.0,16.151,45.95,54.651,0.09,1.32,0.0
ATOM,3369.0,HB3,SER,243.0,16.561,44.538,53.942,0.09,1.32,0.0
ATOM,3370.0,HG,SER,243.0,15.363,44.999,56.344,0.43,0.2245,0.0
ATOM,3371.0,N,ARG,244.0,20.05,46.044,54.099,-0.47,1.85,0.0
ATOM,3372.0,CA,ARG,244.0,20.822,46.844,53.176,0.07,2.275,0.0
ATOM,3373.0,C,ARG,244.0,21.161,46.002,51.953,0.51,2.0,0.0
ATOM,3374.0,O,ARG,244.0,21.769,44.94,52.085,-0.51,1.7,0.0
ATOM,3375.0,CB,ARG,244.0,22.098,47.354,53.855,-0.18,2.175,0.23
ATOM,3376.0,CG,ARG,244.0,22.862,48.4,53.089,-0.18,2.175,0.0
ATOM,3377.0,CD,ARG,244.0,22.067,49.674,52.898,0.2,2.175,0.0
ATOM,3378.0,NE,ARG,244.0,22.975,50.766,52.554,-0.7,1.85,1.58
ATOM,3379.0,CZ,ARG,244.0,22.679,51.778,51.743,0.64,2.0,0.08
ATOM,3380.0,NH1,ARG,244.0,21.482,51.853,51.18,-0.8,1.85,4.01
ATOM,3381.0,NH2,ARG,244.0,23.597,52.689,51.454,-0.8,1.85,15.28
ATOM,3382.0,H,ARG,244.0,20.465,45.347,54.749,0.31,0.2245,0.0
ATOM,3383.0,HA,ARG,244.0,20.276,47.629,52.88,0.09,1.32,0.0
ATOM,3384.0,HB2,ARG,244.0,21.839,47.739,54.744,0.09,1.32,0.0
ATOM,3385.0,HB3,ARG,244.0,22.701,46.567,54.003,0.09,1.32,1.09
ATOM,3386.0,HG2,ARG,244.0,23.705,48.631,53.581,0.09,1.32,0.0
ATOM,3387.0,HG3,ARG,244.0,23.102,48.046,52.181,0.09,1.32,0.0
ATOM,3388.0,HD2,ARG,244.0,21.427,49.535,52.16,0.09,1.32,0.0
ATOM,3389.0,HD3,ARG,244.0,21.607,49.884,53.746,0.09,1.32,0.0
ATOM,3390.0,HE,ARG,244.0,23.9,50.752,52.964,0.44,0.2245,0.0
ATOM,3391.0,HH11,ARG,244.0,20.78,51.171,51.366,0.46,0.2245,0.0
ATOM,3392.0,HH12,ARG,244.0,21.275,52.614,50.552,0.46,0.2245,9.86
ATOM,3393.0,HH21,ARG,244.0,24.51,52.621,51.866,0.46,0.2245,0.37
ATOM,3394.0,HH22,ARG,244.0,23.385,53.439,50.832,0.46,0.2245,9.65
ATOM,3395.0,N,ASN,245.0,20.829,46.513,50.767,-0.47,1.85,0.0
ATOM,3396.0,CA,ASN,245.0,21.057,45.783,49.535,0.07,2.275,0.0
ATOM,3397.0,C,ASN,245.0,21.726,46.597,48.462,0.51,2.0,0.0
ATOM,3398.0,O,ASN,245.0,21.881,47.81,48.562,-0.51,1.7,0.0
ATOM,3399.0,CB,ASN,245.0,19.723,45.311,48.957,-0.18,2.175,0.0
ATOM,3400.0,CG,ASN,245.0,18.942,44.439,49.908,0.55,2.0,0.0
ATOM,3401.0,H,ASN,245.0,20.403,47.459,50.808,0.31,0.2245,0.0
ATOM,3402.0,HA,ASN,245.0,21.681,45.009,49.76,0.09,1.32,0.0
ATOM,3403.0,HB2,ASN,245.0,19.175,46.116,48.736,0.09,1.32,0.0
ATOM,3404.0,HB3,ASN,245.0,19.909,44.792,48.124,0.09,1.32,0.0
ATOM,3405.0,OD1,ASN,245.0,19.491,43.538,50.554,-0.55,1.7,0.0
ATOM,3406.0,ND2,ASN,245.0,17.638,44.695,50.0,-0.62,1.85,0.0
ATOM,3407.0,HD22,ASN,245.0,17.23,45.425,49.453,0.3,0.2245,0.0
ATOM,3408.0,HD21,ASN,245.0,17.066,44.155,50.618,0.32,0.2245,0.0
ATOM,3409.0,N,ASP,246.0,22.09,45.904,47.4,-0.47,1.85,0.0
ATOM,3410.0,CA,ASP,246.0,22.674,46.535,46.238,0.07,2.275,0.0
ATOM,3411.0,C,ASP,246.0,22.712,45.541,45.106,0.51,2.0,0.0
ATOM,3412.0,O,ASP,246.0,23.147,44.399,45.279,-0.51,1.7,0.0
ATOM,3413.0,CB,ASP,246.0,24.088,47.089,46.481,-0.28,2.175,0.0
ATOM,3414.0,CG,ASP,246.0,24.53,48.053,45.375,0.62,2.0,0.0
ATOM,3415.0,OD1,ASP,246.0,23.658,48.588,44.651,-0.76,1.7,0.0
ATOM,3416.0,OD2,ASP,246.0,25.738,48.283,45.215,-0.76,1.7,0.1
ATOM,3417.0,H,ASP,246.0,21.922,44.876,47.472,0.31,0.2245,0.0
ATOM,3418.0,HA,ASP,246.0,22.062,47.279,45.961,0.09,1.32,0.0
ATOM,3419.0,HB2,ASP,246.0,24.083,47.578,47.341,0.09,1.32,0.0
ATOM,3420.0,HB3,ASP,246.0,24.717,46.327,46.505,0.09,1.32,0.0
ATOM,3421.0,N,VAL,247.0,22.12,45.938,43.988,-0.47,1.85,0.0
ATOM,3422.0,CA,VAL,247.0,22.14,45.106,42.809,0.07,2.275,0.0
ATOM,3423.0,C,VAL,247.0,22.824,45.93,41.733,0.51,2.0,0.0
ATOM,3424.0,O,VAL,247.0,22.727,47.171,41.712,-0.51,1.7,0.0
ATOM,3425.0,CB,VAL,247.0,20.748,44.643,42.382,-0.09,2.275,0.0
ATOM,3426.0,CG1,VAL,247.0,20.134,43.796,43.501,-0.27,2.06,0.0
ATOM,3427.0,CG2,VAL,247.0,19.866,45.827,42.011,-0.27,2.06,0.0
ATOM,3428.0,H,VAL,247.0,21.661,46.864,44.04,0.31,0.2245,0.0
ATOM,3429.0,HA,VAL,247.0,22.701,44.311,42.989,0.09,1.32,0.0
ATOM,3430.0,HB,VAL,247.0,20.847,44.047,41.597,0.09,1.32,0.0
ATOM,3431.0,HG11,VAL,247.0,20.284,44.25,44.377,0.09,1.32,0.0
ATOM,3432.0,HG12,VAL,247.0,19.154,43.695,43.337,0.09,1.32,0.0
ATOM,3433.0,HG13,VAL,247.0,20.568,42.897,43.509,0.09,1.32,0.0
ATOM,3434.0,HG21,VAL,247.0,19.084,45.502,41.479,0.09,1.32,0.0
ATOM,3435.0,HG22,VAL,247.0,19.544,46.273,42.846,0.09,1.32,0.0
ATOM,3436.0,HG23,VAL,247.0,20.397,46.476,41.467,0.09,1.32,0.0
ATOM,3437.0,N,ALA,248.0,23.587,45.249,40.896,-0.47,1.85,0.0
ATOM,3438.0,CA,ALA,248.0,24.319,45.932,39.859,0.07,2.275,0.0
ATOM,3439.0,C,ALA,248.0,24.735,44.991,38.722,0.51,2.0,0.0
ATOM,3440.0,O,ALA,248.0,24.658,43.758,38.845,-0.51,1.7,0.0
ATOM,3441.0,CB,ALA,248.0,25.547,46.598,40.491,-0.27,2.06,0.0
ATOM,3442.0,H,ALA,248.0,23.608,44.227,41.048,0.31,0.2245,0.0
ATOM,3443.0,HA,ALA,248.0,23.736,46.662,39.463,0.09,1.32,0.0
ATOM,3444.0,HB1,ALA,248.0,26.356,46.047,40.297,0.09,1.32,0.0
ATOM,3445.0,HB2,ALA,248.0,25.661,47.511,40.104,0.09,1.32,0.0
ATOM,3446.0,HB3,ALA,248.0,25.413,46.665,41.478,0.09,1.32,0.0
ATOM,3447.0,N,PHE,249.0,25.087,45.589,37.583,-0.47,1.85,0.0
ATOM,3448.0,CA,PHE,249.0,25.569,44.845,36.413,0.07,2.275,0.0
ATOM,3449.0,C,PHE,249.0,27.031,45.192,36.359,0.51,2.0,0.0
ATOM,3450.0,O,PHE,249.0,27.377,46.329,36.042,-0.51,1.7,0.0
ATOM,3451.0,CB,PHE,249.0,24.882,45.304,35.14,-0.18,2.175,0.0
ATOM,3452.0,CG,PHE,249.0,23.452,44.943,35.091,0.0,1.9924,0.0
ATOM,3453.0,CD1,PHE,249.0,23.069,43.663,34.708,-0.115,1.9924,0.69
ATOM,3454.0,CD2,PHE,249.0,22.481,45.867,35.485,-0.115,1.9924,0.0
ATOM,3455.0,CE1,PHE,249.0,21.734,43.275,34.711,-0.115,1.9924,0.0
ATOM,3456.0,CE2,PHE,249.0,21.127,45.512,35.501,-0.115,1.9924,0.0
ATOM,3457.0,CZ,PHE,249.0,20.742,44.199,35.109,-0.115,1.9924,0.0
ATOM,3458.0,H,PHE,249.0,24.991,46.628,37.593,0.31,0.2245,0.0
ATOM,3459.0,HA,PHE,249.0,25.5,43.892,36.637,0.09,1.32,0.0
ATOM,3460.0,HB2,PHE,249.0,24.96,46.29,35.094,0.09,1.32,0.0
ATOM,3461.0,HB3,PHE,249.0,25.343,44.873,34.377,0.09,1.32,0.0
ATOM,3462.0,HD1,PHE,249.0,23.765,43.003,34.425,0.115,1.3582,0.0
ATOM,3463.0,HD2,PHE,249.0,22.753,46.785,35.757,0.115,1.3582,0.0
ATOM,3464.0,HE1,PHE,249.0,21.475,42.351,34.433,0.115,1.3582,0.0
ATOM,3465.0,HE2,PHE,249.0,20.43,46.174,35.784,0.115,1.3582,0.0
ATOM,3466.0,HZ,PHE,249.0,19.791,43.937,35.116,0.115,1.3582,0.0
ATOM,3467.0,N,VAL,250.0,27.861,44.255,36.818,-0.47,1.85,0.0
ATOM,3468.0,CA,VAL,250.0,29.305,44.46,36.894,0.07,2.275,0.0
ATOM,3469.0,C,VAL,250.0,29.953,44.149,35.575,0.51,2.0,0.0
ATOM,3470.0,O,VAL,250.0,29.442,43.352,34.819,-0.51,1.7,0.0
ATOM,3471.0,CB,VAL,250.0,29.932,43.641,38.031,-0.09,2.275,0.0
ATOM,3472.0,CG1,VAL,250.0,31.377,44.042,38.247,-0.27,2.06,0.0
ATOM,3473.0,CG2,VAL,250.0,29.144,43.867,39.31,-0.27,2.06,0.0
ATOM,3474.0,H,VAL,250.0,27.393,43.372,37.115,0.31,0.2245,0.0
ATOM,3475.0,HA,VAL,250.0,29.467,45.431,37.11,0.09,1.32,0.0
ATOM,3476.0,HB,VAL,250.0,29.932,42.684,37.751,0.09,1.32,0.0
ATOM,3477.0,HG11,VAL,250.0,31.495,45.011,38.026,0.09,1.32,0.0
ATOM,3478.0,HG12,VAL,250.0,31.631,43.888,39.203,0.09,1.32,0.0
ATOM,3479.0,HG13,VAL,250.0,31.971,43.494,37.656,0.09,1.32,0.0
ATOM,3480.0,HG21,VAL,250.0,28.165,43.845,39.104,0.09,1.32,0.0
ATOM,3481.0,HG22,VAL,250.0,29.365,43.146,39.967,0.09,1.32,0.0
ATOM,3482.0,HG23,VAL,250.0,29.386,44.758,39.696,0.09,1.32,0.0
ATOM,3483.0,N,TYR,251.0,31.053,44.823,35.281,-0.47,1.85,0.0
ATOM,3484.0,CA,TYR,251.0,31.749,44.632,34.018,0.07,2.275,0.0
ATOM,3485.0,C,TYR,251.0,33.235,44.476,34.242,0.51,2.0,0.0
ATOM,3486.0,O,TYR,251.0,33.93,45.465,34.519,-0.51,1.7,1.43
ATOM,3487.0,CB,TYR,251.0,31.534,45.84,33.096,-0.18,2.175,3.63
ATOM,3488.0,CG,TYR,251.0,30.117,46.035,32.63,0.0,1.9924,0.0
ATOM,3489.0,CD1,TYR,251.0,29.608,45.292,31.569,-0.115,1.9924,6.31
ATOM,3490.0,CD2,TYR,251.0,29.287,46.945,33.26,-0.115,1.9924,0.67
ATOM,3491.0,CE1,TYR,251.0,28.308,45.443,31.153,-0.115,1.9924,8.53
ATOM,3492.0,CE2,TYR,251.0,27.982,47.112,32.856,-0.115,1.9924,5.55
ATOM,3493.0,CZ,TYR,251.0,27.497,46.354,31.803,0.11,1.9924,1.83
ATOM,3494.0,OH,TYR,251.0,26.186,46.476,31.421,-0.54,1.77,9.39
ATOM,3495.0,H,TYR,251.0,31.37,45.487,36.015,0.31,0.2245,0.0
ATOM,3496.0,HA,TYR,251.0,31.401,43.787,33.591,0.09,1.32,0.0
ATOM,3497.0,HB2,TYR,251.0,31.82,46.661,33.592,0.09,1.32,0.0
ATOM,3498.0,HB3,TYR,251.0,32.117,45.721,32.291,0.09,1.32,2.65
ATOM,3499.0,HD1,TYR,251.0,30.207,44.634,31.101,0.115,1.3582,0.0
ATOM,3500.0,HD2,TYR,251.0,29.642,47.489,34.022,0.115,1.3582,0.0
ATOM,3501.0,HE1,TYR,251.0,27.948,44.903,30.392,0.115,1.3582,2.19
ATOM,3502.0,HE2,TYR,251.0,27.387,47.771,33.313,0.115,1.3582,0.0
ATOM,3503.0,HH,TYR,251.0,25.872,47.405,31.61,0.43,0.2245,2.58
ATOM,3504.0,N,PRO,252.0,33.739,43.235,34.157,-0.29,1.85,0.0
ATOM,3505.0,CA,PRO,252.0,35.171,42.957,34.349,0.02,2.275,0.0
ATOM,3506.0,C,PRO,252.0,36.076,43.543,33.25,0.51,2.0,0.0
ATOM,3507.0,O,PRO,252.0,35.605,44.194,32.312,-0.51,1.7,6.96
ATOM,3508.0,CB,PRO,252.0,35.23,41.424,34.371,-0.18,2.175,6.75
ATOM,3509.0,CG,PRO,252.0,33.844,41.032,34.897,-0.18,2.175,0.3
ATOM,3510.0,CD,PRO,252.0,32.953,41.988,34.126,0.0,2.175,0.0
ATOM,3511.0,HA,PRO,252.0,35.476,43.281,35.265,0.09,1.32,0.0
ATOM,3512.0,HB2,PRO,252.0,35.365,41.056,33.459,0.09,1.32,0.3
ATOM,3513.0,HB3,PRO,252.0,35.934,41.099,34.989,0.09,1.32,0.0
ATOM,3514.0,HG2,PRO,252.0,33.65,40.096,34.667,0.09,1.32,1.45
ATOM,3515.0,HG3,PRO,252.0,33.794,41.197,35.865,0.09,1.32,0.0
ATOM,3516.0,HD2,PRO,252.0,32.818,41.679,33.192,0.09,1.32,0.0
ATOM,3517.0,HD3,PRO,252.0,32.077,42.111,34.581,0.09,1.32,0.0
ATOM,3518.0,N,LYS,253.0,37.38,43.314,33.394,-0.47,1.85,0.0
ATOM,3519.0,CA,LYS,253.0,38.371,43.795,32.438,0.07,2.275,0.38
ATOM,3520.0,C,LYS,253.0,38.2,43.036,31.127,0.51,2.0,0.0
ATOM,3521.0,O,LYS,253.0,38.028,41.808,31.127,-0.51,1.7,10.66
ATOM,3522.0,CB,LYS,253.0,39.791,43.558,32.971,-0.18,2.175,4.13
ATOM,3523.0,CG,LYS,253.0,40.283,42.096,32.896,-0.18,2.175,12.53
ATOM,3524.0,CD,LYS,253.0,40.475,41.497,34.267,-0.18,2.175,11.44
ATOM,3525.0,CE,LYS,253.0,41.559,42.265,35.018,0.21,2.175,17.21
ATOM,3526.0,NZ,LYS,253.0,41.206,42.484,36.465,-0.3,1.85,6.48
ATOM,3527.0,H,LYS,253.0,37.629,42.764,34.246,0.31,0.2245,0.0
ATOM,3528.0,HA,LYS,253.0,38.217,44.768,32.269,0.09,1.32,4.73
ATOM,3529.0,HB2,LYS,253.0,40.425,44.12,32.44,0.09,1.32,10.65
ATOM,3530.0,HB3,LYS,253.0,39.818,43.84,33.93,0.09,1.32,0.0
ATOM,3531.0,HG2,LYS,253.0,39.603,41.563,32.39,0.09,1.32,0.7
ATOM,3532.0,HG3,LYS,253.0,41.152,42.083,32.4,0.09,1.32,10.67
ATOM,3533.0,HD2,LYS,253.0,39.632,41.568,34.778,0.09,1.32,0.0
ATOM,3534.0,HD3,LYS,253.0,40.765,40.556,34.178,0.09,1.32,11.19
ATOM,3535.0,HE2,LYS,253.0,42.418,41.749,34.97,0.05,1.32,11.76
ATOM,3536.0,HE3,LYS,253.0,41.691,43.158,34.579,0.05,1.32,3.15
ATOM,3537.0,HZ1,LYS,253.0,41.104,43.462,36.628,0.33,0.2245,0.6
ATOM,3538.0,HZ2,LYS,253.0,40.35,42.013,36.663,0.33,0.2245,1.26
ATOM,3539.0,HZ3,LYS,253.0,41.937,42.117,37.035,0.33,0.2245,20.25
ATOM,3540.0,N,GLY,254.0,38.185,43.781,30.023,-0.47,1.85,3.11
ATOM,3541.0,CA,GLY,254.0,38.046,43.179,28.704,-0.02,2.175,20.88
ATOM,3542.0,C,GLY,254.0,36.779,42.367,28.468,0.51,2.0,1.83
ATOM,3543.0,O,GLY,254.0,36.658,41.678,27.454,-0.51,1.7,32.38
ATOM,3544.0,H,GLY,254.0,38.279,44.8,30.183,0.31,0.2245,14.54
ATOM,3545.0,HA2,GLY,254.0,38.101,43.92,27.992,0.09,1.32,12.93
ATOM,3546.0,HA3,GLY,254.0,38.862,42.578,28.524,0.09,1.32,12.04
ATOM,3547.0,N,GLN,255.0,35.839,42.465,29.397,-0.47,1.85,0.05
ATOM,3548.0,CA,GLN,255.0,34.595,41.744,29.309,0.07,2.275,0.69
ATOM,3549.0,C,GLN,255.0,33.534,42.638,28.701,0.51,2.0,0.91
ATOM,3550.0,O,GLN,255.0,33.441,43.824,29.028,-0.51,1.7,15.71
ATOM,3551.0,CB,GLN,255.0,34.143,41.331,30.699,-0.18,2.175,0.0
ATOM,3552.0,CG,GLN,255.0,32.809,40.611,30.708,-0.18,2.175,0.0
ATOM,3553.0,CD,GLN,255.0,32.96,39.115,30.726,0.55,2.0,0.3
ATOM,3554.0,H,GLN,255.0,36.081,43.105,30.188,0.31,0.2245,0.04
ATOM,3555.0,HA,GLN,255.0,34.725,40.961,28.694,0.09,1.32,0.53
ATOM,3556.0,HB2,GLN,255.0,34.829,40.72,31.096,0.09,1.32,1.23
ATOM,3557.0,HB3,GLN,255.0,34.058,42.149,31.27,0.09,1.32,0.0
ATOM,3558.0,HG2,GLN,255.0,32.299,40.894,31.522,0.09,1.32,0.0
ATOM,3559.0,HG3,GLN,255.0,32.298,40.875,29.889,0.09,1.32,0.0
ATOM,3560.0,OE1,GLN,255.0,33.919,38.572,30.19,-0.55,1.7,14.84
ATOM,3561.0,NE2,GLN,255.0,32.021,38.438,31.363,-0.62,1.85,2.45
ATOM,3562.0,HE21,GLN,255.0,32.044,37.416,31.409,0.32,0.2245,1.61
ATOM,3563.0,HE22,GLN,255.0,31.262,38.948,31.816,0.3,0.2245,0.0
ATOM,3564.0,N,SER,256.0,32.682,42.024,27.891,-0.47,1.85,0.0
ATOM,3565.0,CA,SER,256.0,31.591,42.712,27.205,0.07,2.275,2.52
ATOM,3566.0,C,SER,256.0,30.23,42.444,27.869,0.51,2.0,0.06
ATOM,3567.0,O,SER,256.0,29.353,43.294,27.913,-0.51,1.7,18.71
ATOM,3568.0,CB,SER,256.0,31.579,42.253,25.736,0.05,2.175,24.26
ATOM,3569.0,OG,SER,256.0,32.276,41.017,25.556,-0.66,1.77,15.95
ATOM,3570.0,H,SER,256.0,32.858,40.995,27.783,0.31,0.2245,0.0
ATOM,3571.0,HA,SER,256.0,31.764,43.705,27.256,0.09,1.32,7.46
ATOM,3572.0,HB2,SER,256.0,30.633,42.133,25.446,0.09,1.32,5.2
ATOM,3573.0,HB3,SER,256.0,32.02,42.953,25.179,0.09,1.32,11.85
ATOM,3574.0,HG,SER,256.0,31.622,40.265,25.591,0.43,0.2245,0.86
ATOM,3575.0,N,GLU,257.0,30.083,41.238,28.395,-0.47,1.85,0.0
ATOM,3576.0,CA,GLU,257.0,28.864,40.786,29.062,0.07,2.275,0.85
ATOM,3577.0,C,GLU,257.0,29.099,41.064,30.528,0.51,2.0,0.0
ATOM,3578.0,O,GLU,257.0,30.097,40.614,31.092,-0.51,1.7,0.0
ATOM,3579.0,CB,GLU,257.0,28.695,39.262,28.912,-0.18,2.175,0.03
ATOM,3580.0,CG,GLU,257.0,28.814,38.696,27.512,-0.28,2.175,9.63
ATOM,3581.0,CD,GLU,257.0,30.125,39.072,26.821,0.62,2.0,0.52
ATOM,3582.0,OE1,GLU,257.0,31.222,38.879,27.41,-0.76,1.7,0.0
ATOM,3583.0,OE2,GLU,257.0,30.047,39.604,25.685,-0.76,1.7,22.48
ATOM,3584.0,H,GLU,257.0,30.93,40.62,28.292,0.31,0.2245,0.0
ATOM,3585.0,HA,GLU,257.0,28.093,41.303,28.737,0.09,1.32,2.52
ATOM,3586.0,HB2,GLU,257.0,29.396,38.833,29.473,0.09,1.32,0.0
ATOM,3587.0,HB3,GLU,257.0,27.79,39.032,29.257,0.09,1.32,0.0
ATOM,3588.0,HG2,GLU,257.0,28.786,37.714,27.567,0.09,1.32,0.0
ATOM,3589.0,HG3,GLU,257.0,28.083,39.058,26.962,0.09,1.32,8.97
ATOM,3590.0,N,PRO,258.0,28.156,41.738,31.187,-0.29,1.85,0.0
ATOM,3591.0,CA,PRO,258.0,28.361,42.02,32.603,0.02,2.275,0.0
ATOM,3592.0,C,PRO,258.0,28.244,40.754,33.454,0.51,2.0,0.0
ATOM,3593.0,O,PRO,258.0,28.228,39.627,32.952,-0.51,1.7,0.0
ATOM,3594.0,CB,PRO,258.0,27.202,42.95,32.905,-0.18,2.175,0.0
ATOM,3595.0,CG,PRO,258.0,26.092,42.356,32.092,-0.18,2.175,0.48
ATOM,3596.0,CD,PRO,258.0,26.78,42.08,30.772,0.0,2.175,8.99
ATOM,3597.0,HA,PRO,258.0,29.254,42.467,32.756,0.09,1.32,0.0
ATOM,3598.0,HB2,PRO,258.0,26.974,42.939,33.875,0.09,1.32,0.0
ATOM,3599.0,HB3,PRO,258.0,27.399,43.88,32.609,0.09,1.32,0.0
ATOM,3600.0,HG2,PRO,258.0,25.766,41.516,32.503,0.09,1.32,0.0
ATOM,3601.0,HG3,PRO,258.0,25.354,43.006,31.977,0.09,1.32,2.61
ATOM,3602.0,HD2,PRO,258.0,26.357,41.314,30.296,0.09,1.32,0.0
ATOM,3603.0,HD3,PRO,258.0,26.78,42.888,30.187,0.09,1.32,2.88
ATOM,3604.0,N,ILE,259.0,28.186,40.959,34.756,-0.47,1.85,0.0
ATOM,3605.0,CA,ILE,259.0,27.964,39.889,35.698,0.07,2.275,0.0
ATOM,3606.0,C,ILE,259.0,26.815,40.454,36.549,0.51,2.0,0.0
ATOM,3607.0,O,ILE,259.0,26.924,41.565,37.109,-0.51,1.7,0.0
ATOM,3608.0,CB,ILE,259.0,29.188,39.606,36.565,-0.09,2.275,0.0
ATOM,3609.0,CG1,ILE,259.0,30.358,39.169,35.686,-0.18,2.175,0.0
ATOM,3610.0,CG2,ILE,259.0,28.867,38.518,37.576,-0.27,2.06,0.0
ATOM,3611.0,CD1,ILE,259.0,31.622,38.73,36.459,-0.27,2.06,0.0
ATOM,3612.0,H,ILE,259.0,28.314,41.959,35.042,0.31,0.2245,0.0
ATOM,3613.0,HA,ILE,259.0,27.586,39.142,35.199,0.09,1.32,0.0
ATOM,3614.0,HB,ILE,259.0,29.447,40.449,37.023,0.09,1.32,0.0
ATOM,3615.0,HG12,ILE,259.0,30.065,38.404,35.112,0.09,1.32,0.0
ATOM,3616.0,HG13,ILE,259.0,30.614,39.931,35.09,0.09,1.32,0.0
ATOM,3617.0,HG21,ILE,259.0,29.666,38.35,38.152,0.09,1.32,0.0
ATOM,3618.0,HG22,ILE,259.0,28.101,38.808,38.148,0.09,1.32,0.0
ATOM,3619.0,HG23,ILE,259.0,28.622,37.677,37.096,0.09,1.32,0.0
ATOM,3620.0,HD11,ILE,259.0,31.385,37.959,37.039,0.09,1.32,0.0
ATOM,3621.0,HD12,ILE,259.0,32.319,38.467,35.801,0.09,1.32,1.58
ATOM,3622.0,HD13,ILE,259.0,31.936,39.495,37.01,0.09,1.32,0.0
ATOM,3623.0,N,VAL,260.0,25.661,39.792,36.473,-0.47,1.85,0.0
ATOM,3624.0,CA,VAL,260.0,24.505,40.192,37.247,0.07,2.275,0.0
ATOM,3625.0,C,VAL,260.0,24.872,39.821,38.701,0.51,2.0,0.0
ATOM,3626.0,O,VAL,260.0,25.289,38.695,38.994,-0.51,1.7,0.0
ATOM,3627.0,CB,VAL,260.0,23.235,39.467,36.726,-0.09,2.275,0.0
ATOM,3628.0,CG1,VAL,260.0,22.007,39.873,37.515,-0.27,2.06,0.0
ATOM,3629.0,CG2,VAL,260.0,23.022,39.819,35.257,-0.27,2.06,0.0
ATOM,3630.0,H,VAL,260.0,25.67,38.982,35.822,0.31,0.2245,0.0
ATOM,3631.0,HA,VAL,260.0,24.413,41.168,37.207,0.09,1.32,0.0
ATOM,3632.0,HB,VAL,260.0,23.372,38.49,36.871,0.09,1.32,0.0
ATOM,3633.0,HG11,VAL,260.0,22.279,40.186,38.426,0.09,1.32,0.0
ATOM,3634.0,HG12,VAL,260.0,21.531,40.615,37.04,0.09,1.32,0.0
ATOM,3635.0,HG13,VAL,260.0,21.39,39.09,37.606,0.09,1.32,0.0
ATOM,3636.0,HG21,VAL,260.0,23.793,40.368,34.936,0.09,1.32,0.0
ATOM,3637.0,HG22,VAL,260.0,22.962,38.977,34.723,0.09,1.32,0.0
ATOM,3638.0,HG23,VAL,260.0,22.174,40.34,35.164,0.09,1.32,0.0
ATOM,3639.0,N,LEU,261.0,24.8,40.801,39.593,-0.47,1.85,0.0
ATOM,3640.0,CA,LEU,261.0,25.184,40.585,40.986,0.07,2.275,0.0
ATOM,3641.0,C,LEU,261.0,24.175,41.162,41.929,0.51,2.0,0.0
ATOM,3642.0,O,LEU,261.0,24.157,42.366,42.161,-0.51,1.7,0.0
ATOM,3643.0,CB,LEU,261.0,26.506,41.26,41.251,-0.18,2.175,0.0
ATOM,3644.0,CG,LEU,261.0,27.136,41.251,42.622,-0.09,2.275,0.0
ATOM,3645.0,CD1,LEU,261.0,27.407,39.823,43.086,-0.27,2.06,0.0
ATOM,3646.0,CD2,LEU,261.0,28.427,42.044,42.49,-0.27,2.06,0.0
ATOM,3647.0,H,LEU,261.0,24.458,41.706,39.227,0.31,0.2245,0.0
ATOM,3648.0,HA,LEU,261.0,25.25,39.588,41.142,0.09,1.32,0.0
ATOM,3649.0,HB2,LEU,261.0,27.192,40.854,40.607,0.09,1.32,0.0
ATOM,3650.0,HB3,LEU,261.0,26.411,42.241,40.974,0.09,1.32,0.0
ATOM,3651.0,HG,LEU,261.0,26.52,41.694,43.277,0.09,1.32,0.0
ATOM,3652.0,HD11,LEU,261.0,28.029,39.377,42.443,0.09,1.32,0.0
ATOM,3653.0,HD12,LEU,261.0,27.823,39.842,43.995,0.09,1.32,0.0
ATOM,3654.0,HD13,LEU,261.0,26.546,39.317,43.124,0.09,1.32,0.0
ATOM,3655.0,HD21,LEU,261.0,28.218,42.977,42.193,0.09,1.32,0.0
ATOM,3656.0,HD22,LEU,261.0,28.894,42.074,43.375,0.09,1.32,0.0
ATOM,3657.0,HD23,LEU,261.0,29.022,41.606,41.815,0.09,1.32,0.0
ATOM,3658.0,N,VAL,262.0,23.357,40.283,42.486,-0.47,1.85,0.0
ATOM,3659.0,CA,VAL,262.0,22.336,40.664,43.421,0.07,2.275,0.0
ATOM,3660.0,C,VAL,262.0,22.813,40.273,44.81,0.51,2.0,0.0
ATOM,3661.0,O,VAL,262.0,22.996,39.085,45.077,-0.51,1.7,0.0
ATOM,3662.0,CB,VAL,262.0,21.016,39.922,43.102,-0.09,2.275,0.0
ATOM,3663.0,CG1,VAL,262.0,19.941,40.315,44.083,-0.27,2.06,0.0
ATOM,3664.0,CG2,VAL,262.0,20.564,40.255,41.716,-0.27,2.06,0.0
ATOM,3665.0,H,VAL,262.0,23.524,39.292,42.183,0.31,0.2245,0.0
ATOM,3666.0,HA,VAL,262.0,22.233,41.656,43.401,0.09,1.32,0.0
ATOM,3667.0,HB,VAL,262.0,21.188,38.949,43.22,0.09,1.32,0.0
ATOM,3668.0,HG11,VAL,262.0,19.044,40.285,43.636,0.09,1.32,0.0
ATOM,3669.0,HG12,VAL,262.0,19.94,39.682,44.86,0.09,1.32,0.0
ATOM,3670.0,HG13,VAL,262.0,20.109,41.245,44.419,0.09,1.32,0.0
ATOM,3671.0,HG21,VAL,262.0,21.211,40.893,41.288,0.09,1.32,0.0
ATOM,3672.0,HG22,VAL,262.0,20.515,39.42,41.161,0.09,1.32,0.0
ATOM,3673.0,HG23,VAL,262.0,19.655,40.681,41.744,0.09,1.32,0.0
ATOM,3674.0,N,ILE,263.0,23.105,41.277,45.65,-0.47,1.85,0.0
ATOM,3675.0,CA,ILE,263.0,23.528,41.071,47.036,0.07,2.275,0.0
ATOM,3676.0,C,ILE,263.0,22.442,41.643,47.941,0.51,2.0,0.0
ATOM,3677.0,O,ILE,263.0,22.221,42.844,47.966,-0.51,1.7,0.0
ATOM,3678.0,CB,ILE,263.0,24.84,41.808,47.374,-0.09,2.275,0.0
ATOM,3679.0,CG1,ILE,263.0,26.002,41.281,46.54,-0.18,2.175,0.0
ATOM,3680.0,CG2,ILE,263.0,25.174,41.628,48.86,-0.27,2.06,0.0
ATOM,3681.0,CD1,ILE,263.0,27.39,41.763,47.034,-0.27,2.06,0.0
ATOM,3682.0,H,ILE,263.0,23.003,42.229,45.223,0.31,0.2245,0.0
ATOM,3683.0,HA,ILE,263.0,23.534,40.089,47.183,0.09,1.32,0.0
ATOM,3684.0,HB,ILE,263.0,24.712,42.773,47.155,0.09,1.32,0.0
ATOM,3685.0,HG12,ILE,263.0,25.997,40.287,46.562,0.09,1.32,0.0
ATOM,3686.0,HG13,ILE,263.0,25.892,41.589,45.6,0.09,1.32,0.0
ATOM,3687.0,HG21,ILE,263.0,26.003,42.138,49.074,0.09,1.32,0.0
ATOM,3688.0,HG22,ILE,263.0,24.417,41.971,49.41,0.09,1.32,0.0
ATOM,3689.0,HG23,ILE,263.0,25.316,40.66,49.049,0.09,1.32,0.0
ATOM,3690.0,HD11,ILE,263.0,27.516,41.449,47.968,0.09,1.32,0.0
ATOM,3691.0,HD12,ILE,263.0,28.085,41.376,46.439,0.09,1.32,0.0
ATOM,3692.0,HD13,ILE,263.0,27.409,42.755,46.994,0.09,1.32,0.0
ATOM,3693.0,N,PHE,264.0,21.734,40.776,48.643,-0.47,1.85,0.0
ATOM,3694.0,CA,PHE,264.0,20.678,41.183,49.561,0.07,2.275,0.0
ATOM,3695.0,C,PHE,264.0,21.154,40.786,50.969,0.51,2.0,0.0
ATOM,3696.0,O,PHE,264.0,21.621,39.645,51.142,-0.51,1.7,0.0
ATOM,3697.0,CB,PHE,264.0,19.394,40.409,49.251,-0.18,2.175,0.0
ATOM,3698.0,CG,PHE,264.0,18.592,40.974,48.109,0.0,1.9924,0.0
ATOM,3699.0,CD1,PHE,264.0,18.945,42.178,47.502,-0.115,1.9924,0.0
ATOM,3700.0,CD2,PHE,264.0,17.463,40.313,47.647,-0.115,1.9924,0.0
ATOM,3701.0,CE1,PHE,264.0,18.186,42.7,46.461,-0.115,1.9924,0.0
ATOM,3702.0,CE2,PHE,264.0,16.701,40.854,46.594,-0.115,1.9924,0.0
ATOM,3703.0,CZ,PHE,264.0,17.067,42.038,46.016,-0.115,1.9924,0.0
ATOM,3704.0,H,PHE,264.0,21.994,39.774,48.485,0.31,0.2245,0.0
ATOM,3705.0,HA,PHE,264.0,20.638,42.171,49.547,0.09,1.32,0.0
ATOM,3706.0,HB2,PHE,264.0,19.649,39.482,49.016,0.09,1.32,0.0
ATOM,3707.0,HB3,PHE,264.0,18.826,40.428,50.062,0.09,1.32,0.0
ATOM,3708.0,HD1,PHE,264.0,19.751,42.672,47.815,0.115,1.3582,0.0
ATOM,3709.0,HD2,PHE,264.0,17.183,39.45,48.056,0.115,1.3582,0.0
ATOM,3710.0,HE1,PHE,264.0,18.47,43.575,46.038,0.115,1.3582,0.0
ATOM,3711.0,HE2,PHE,264.0,15.88,40.346,46.28,0.115,1.3582,0.0
ATOM,3712.0,HZ,PHE,264.0,16.523,42.429,45.266,0.115,1.3582,0.0
ATOM,3713.0,N,THR,265.0,21.074,41.691,51.963,-0.47,1.85,0.0
ATOM,3714.0,CA,THR,265.0,21.501,41.349,53.316,0.07,2.275,0.0
ATOM,3715.0,C,THR,265.0,20.492,41.852,54.363,0.51,2.0,0.0
ATOM,3716.0,O,THR,265.0,19.581,42.597,54.029,-0.51,1.7,0.0
ATOM,3717.0,CB,THR,265.0,22.892,41.949,53.634,0.14,2.275,0.59
ATOM,3718.0,OG1,THR,265.0,22.86,43.377,53.505,-0.66,1.77,2.43
ATOM,3719.0,CG2,THR,265.0,23.969,41.376,52.749,-0.27,2.06,0.0
ATOM,3720.0,H,THR,265.0,20.698,42.607,51.686,0.31,0.2245,0.0
ATOM,3721.0,HA,THR,265.0,21.555,40.347,53.394,0.09,1.32,0.0
ATOM,3722.0,HB,THR,265.0,23.132,41.721,54.601,0.09,1.32,0.0
ATOM,3723.0,HG21,THR,265.0,24.433,42.112,52.246,0.09,1.32,0.0
ATOM,3724.0,HG22,THR,265.0,24.649,40.885,53.303,0.09,1.32,0.0
ATOM,3725.0,HG23,THR,265.0,23.569,40.735,52.086,0.09,1.32,0.0
ATOM,3726.0,HG1,THR,265.0,22.064,43.66,52.96,0.43,0.2245,0.0
ATOM,3727.0,N,ASN,266.0,20.618,41.399,55.615,-0.47,1.85,0.14
ATOM,3728.0,CA,ASN,266.0,19.751,41.835,56.721,0.07,2.275,0.48
ATOM,3729.0,C,ASN,266.0,20.143,41.325,58.12,0.51,2.0,0.0
ATOM,3730.0,O,ASN,266.0,20.865,40.349,58.277,-0.51,1.7,0.0
ATOM,3731.0,CB,ASN,266.0,18.251,41.612,56.439,-0.18,2.175,0.0
ATOM,3732.0,CG,ASN,266.0,17.778,40.182,56.728,0.55,2.0,0.0
ATOM,3733.0,H,ASN,266.0,21.389,40.704,55.743,0.31,0.2245,0.0
ATOM,3734.0,HA,ASN,266.0,19.807,42.855,56.756,0.09,1.32,0.0
ATOM,3735.0,HB2,ASN,266.0,17.728,42.237,57.013,0.09,1.32,0.0
ATOM,3736.0,HB3,ASN,266.0,18.081,41.81,55.477,0.09,1.32,0.0
ATOM,3737.0,OD1,ASN,266.0,18.405,39.432,57.47,-0.55,1.7,0.8
ATOM,3738.0,ND2,ASN,266.0,16.636,39.823,56.157,-0.62,1.85,1.72
ATOM,3739.0,HD22,ASN,266.0,16.139,40.466,55.573,0.3,0.2245,0.0
ATOM,3740.0,HD21,ASN,266.0,16.267,38.904,56.309,0.32,0.2245,6.37
ATOM,3741.0,N,LYS,267.0,19.646,42.038,59.121,-0.47,1.85,0.0
ATOM,3742.0,CA,LYS,267.0,19.906,41.802,60.53,0.07,2.275,0.0
ATOM,3743.0,C,LYS,267.0,18.734,41.138,61.276,0.51,2.0,0.0
ATOM,3744.0,O,LYS,267.0,17.64,40.988,60.731,-0.51,1.7,3.75
ATOM,3745.0,CB,LYS,267.0,20.189,43.141,61.169,-0.18,2.175,0.0
ATOM,3746.0,CG,LYS,267.0,21.471,43.227,61.898,-0.18,2.175,0.95
ATOM,3747.0,CD,LYS,267.0,22.645,43.335,61.002,-0.18,2.175,1.91
ATOM,3748.0,CE,LYS,267.0,23.829,43.688,61.865,0.21,2.175,5.34
ATOM,3749.0,NZ,LYS,267.0,23.566,45.006,62.516,-0.3,1.85,4.13
ATOM,3750.0,H,LYS,267.0,19.014,42.831,58.792,0.31,0.2245,0.0
ATOM,3751.0,HA,LYS,267.0,20.719,41.196,60.621,0.09,1.32,0.03
ATOM,3752.0,HB2,LYS,267.0,20.178,43.839,60.441,0.09,1.32,0.0
ATOM,3753.0,HB3,LYS,267.0,19.434,43.344,61.807,0.09,1.32,0.0
ATOM,3754.0,HG2,LYS,267.0,21.452,44.034,62.516,0.09,1.32,0.0
ATOM,3755.0,HG3,LYS,267.0,21.579,42.406,62.487,0.09,1.32,0.9
ATOM,3756.0,HD2,LYS,267.0,22.819,42.469,60.57,0.09,1.32,0.0
ATOM,3757.0,HD3,LYS,267.0,22.506,44.057,60.35,0.09,1.32,0.25
ATOM,3758.0,HE2,LYS,267.0,23.946,42.998,62.566,0.05,1.32,0.41
ATOM,3759.0,HE3,LYS,267.0,24.641,43.761,61.301,0.05,1.32,3.2
ATOM,3760.0,HZ1,LYS,267.0,23.554,45.721,61.819,0.33,0.2245,0.03
ATOM,3761.0,HZ2,LYS,267.0,22.682,44.973,62.98,0.33,0.2245,0.49
ATOM,3762.0,HZ3,LYS,267.0,24.288,45.195,63.18,0.33,0.2245,19.95
ATOM,3763.0,N,ASP,268.0,18.946,40.775,62.538,-0.47,1.85,0.0
ATOM,3764.0,CA,ASP,268.0,17.886,40.105,63.297,0.07,2.275,0.52
ATOM,3765.0,C,ASP,268.0,16.863,41.061,63.852,0.51,2.0,0.0
ATOM,3766.0,O,ASP,268.0,15.707,40.669,64.065,-0.51,1.7,13.08
ATOM,3767.0,CB,ASP,268.0,18.441,39.307,64.495,-0.28,2.175,9.41
ATOM,3768.0,CG,ASP,268.0,19.253,38.074,64.094,0.62,2.0,2.83
ATOM,3769.0,OD1,ASP,268.0,18.676,37.129,63.516,-0.76,1.7,24.82
ATOM,3770.0,OD2,ASP,268.0,20.464,38.037,64.419,-0.76,1.7,16.22
ATOM,3771.0,H,ASP,268.0,19.873,40.995,62.917,0.31,0.2245,0.45
ATOM,3772.0,HA,ASP,268.0,17.407,39.489,62.646,0.09,1.32,4.03
ATOM,3773.0,HB2,ASP,268.0,19.028,39.916,65.021,0.09,1.32,2.42
ATOM,3774.0,HB3,ASP,268.0,17.669,39.012,65.049,0.09,1.32,8.29
ATOM,3775.0,N,ASN,269.0,17.284,42.313,64.038,-0.47,1.85,0.0
ATOM,3776.0,CA,ASN,269.0,16.437,43.339,64.652,0.07,2.275,0.0
ATOM,3777.0,C,ASN,269.0,16.016,44.547,63.844,0.51,2.0,0.0
ATOM,3778.0,O,ASN,269.0,16.844,45.245,63.27,-0.51,1.7,0.0
ATOM,3779.0,CB,ASN,269.0,17.064,43.823,65.958,-0.18,2.175,4.94
ATOM,3780.0,CG,ASN,269.0,17.316,42.689,66.936,0.55,2.0,2.02
ATOM,3781.0,H,ASN,269.0,18.255,42.496,63.713,0.31,0.2245,0.0
ATOM,3782.0,HA,ASN,269.0,15.563,42.854,64.946,0.09,1.32,0.85
ATOM,3783.0,HB2,ASN,269.0,17.934,44.259,65.749,0.09,1.32,0.0
ATOM,3784.0,HB3,ASN,269.0,16.444,44.476,66.383,0.09,1.32,4.12
ATOM,3785.0,OD1,ASN,269.0,18.332,41.992,66.855,-0.55,1.7,19.73
ATOM,3786.0,ND2,ASN,269.0,16.384,42.485,67.854,-0.62,1.85,24.05
ATOM,3787.0,HD22,ASN,269.0,15.564,43.061,67.873,0.3,0.2245,15.41
ATOM,3788.0,HD21,ASN,269.0,16.494,41.756,68.531,0.32,0.2245,21.88
ATOM,3789.0,N,LYS,270.0,14.735,44.876,63.973,-0.47,1.85,0.26
ATOM,3790.0,CA,LYS,270.0,14.105,45.994,63.288,0.07,2.275,0.0
ATOM,3791.0,C,LYS,270.0,14.887,47.292,63.121,0.51,2.0,0.0
ATOM,3792.0,O,LYS,270.0,14.95,47.845,62.023,-0.51,1.7,4.32
ATOM,3793.0,CB,LYS,270.0,12.783,46.313,63.952,-0.18,2.175,7.05
ATOM,3794.0,CG,LYS,270.0,12.02,47.337,63.172,-0.18,2.175,1.13
ATOM,3795.0,CD,LYS,270.0,10.664,47.62,63.78,-0.18,2.175,7.74
ATOM,3796.0,CE,LYS,270.0,10.688,48.784,64.735,0.21,2.175,12.72
ATOM,3797.0,NZ,LYS,270.0,9.274,48.971,65.138,-0.3,1.85,13.09
ATOM,3798.0,H,LYS,270.0,14.202,44.242,64.63,0.31,0.2245,4.28
ATOM,3799.0,HA,LYS,270.0,13.817,45.671,62.34,0.09,1.32,0.0
ATOM,3800.0,HB2,LYS,270.0,12.248,45.481,64.0,0.09,1.32,0.76
ATOM,3801.0,HB3,LYS,270.0,12.966,46.67,64.858,0.09,1.32,4.17
ATOM,3802.0,HG2,LYS,270.0,12.544,48.196,63.143,0.09,1.32,0.63
ATOM,3803.0,HG3,LYS,270.0,11.888,47.012,62.229,0.09,1.32,0.0
ATOM,3804.0,HD2,LYS,270.0,10.016,47.822,63.042,0.09,1.32,7.82
ATOM,3805.0,HD3,LYS,270.0,10.355,46.805,64.274,0.09,1.32,6.78
ATOM,3806.0,HE2,LYS,270.0,11.225,48.555,65.519,0.05,1.32,6.23
ATOM,3807.0,HE3,LYS,270.0,11.005,49.584,64.271,0.05,1.32,6.58
ATOM,3808.0,HZ1,LYS,270.0,8.831,48.078,65.23,0.33,0.2245,15.17
ATOM,3809.0,HZ2,LYS,270.0,9.237,49.452,66.014,0.33,0.2245,20.43
ATOM,3810.0,HZ3,LYS,270.0,8.796,49.509,64.443,0.33,0.2245,19.31
ATOM,3811.0,N,SER,271.0,15.456,47.796,64.205,-0.47,1.85,0.0
ATOM,3812.0,CA,SER,271.0,16.207,49.048,64.137,0.07,2.275,1.41
ATOM,3813.0,C,SER,271.0,17.748,48.953,64.136,0.51,2.0,1.48
ATOM,3814.0,O,SER,271.0,18.432,49.927,64.412,-0.51,1.7,17.23
ATOM,3815.0,CB,SER,271.0,15.722,49.983,65.23,0.05,2.175,24.21
ATOM,3816.0,OG,SER,271.0,14.355,50.285,65.03,-0.66,1.77,15.23
ATOM,3817.0,H,SER,271.0,15.329,47.25,65.07,0.31,0.2245,3.86
ATOM,3818.0,HA,SER,271.0,15.935,49.53,63.268,0.09,1.32,5.62
ATOM,3819.0,HB2,SER,271.0,15.83,49.538,66.11,0.09,1.32,10.19
ATOM,3820.0,HB3,SER,271.0,16.247,50.824,65.194,0.09,1.32,7.77
ATOM,3821.0,HG,SER,271.0,14.178,50.404,64.053,0.43,0.2245,11.2
ATOM,3822.0,N,ASP,272.0,18.256,47.786,63.765,-0.47,1.85,0.08
ATOM,3823.0,CA,ASP,272.0,19.68,47.579,63.682,0.07,2.275,0.42
ATOM,3824.0,C,ASP,272.0,20.228,48.441,62.562,0.51,2.0,0.0
ATOM,3825.0,O,ASP,272.0,19.585,48.626,61.526,-0.51,1.7,5.76
ATOM,3826.0,CB,ASP,272.0,19.999,46.122,63.341,-0.28,2.175,0.59
ATOM,3827.0,CG,ASP,272.0,19.779,45.193,64.495,0.62,2.0,1.91
ATOM,3828.0,OD1,ASP,272.0,19.581,45.717,65.612,-0.76,1.7,22.28
ATOM,3829.0,OD2,ASP,272.0,19.815,43.956,64.301,-0.76,1.7,5.36
ATOM,3830.0,H,ASP,272.0,17.549,47.055,63.546,0.31,0.2245,0.0
ATOM,3831.0,HA,ASP,272.0,20.086,47.912,64.534,0.09,1.32,5.32
ATOM,3832.0,HB2,ASP,272.0,19.409,45.852,62.585,0.09,1.32,0.0
ATOM,3833.0,HB3,ASP,272.0,20.954,46.079,63.062,0.09,1.32,0.0
ATOM,3834.0,N,LYS,273.0,21.448,48.908,62.747,-0.47,1.85,0.0
ATOM,3835.0,CA,LYS,273.0,22.083,49.707,61.733,0.07,2.275,0.0
ATOM,3836.0,C,LYS,273.0,22.862,48.76,60.835,0.51,2.0,0.0
ATOM,3837.0,O,LYS,273.0,23.566,47.87,61.342,-0.51,1.7,6.17
ATOM,3838.0,CB,LYS,273.0,23.02,50.756,62.36,-0.18,2.175,7.41
ATOM,3839.0,CG,LYS,273.0,22.275,51.971,62.91,-0.18,2.175,8.07
ATOM,3840.0,CD,LYS,273.0,23.111,52.826,63.83,-0.18,2.175,11.98
ATOM,3841.0,CE,LYS,273.0,22.275,54.006,64.325,0.21,2.175,17.7
ATOM,3842.0,NZ,LYS,273.0,22.974,54.922,65.313,-0.3,1.85,15.43
ATOM,3843.0,H,LYS,273.0,21.885,48.656,63.65,0.31,0.2245,8.44
ATOM,3844.0,HA,LYS,273.0,21.39,50.167,61.186,0.09,1.32,0.8
ATOM,3845.0,HB2,LYS,273.0,23.511,50.325,63.107,0.09,1.32,6.87
ATOM,3846.0,HB3,LYS,273.0,23.65,51.065,61.658,0.09,1.32,5.14
ATOM,3847.0,HG2,LYS,273.0,21.961,52.533,62.132,0.09,1.32,9.32
ATOM,3848.0,HG3,LYS,273.0,21.459,51.648,63.409,0.09,1.32,0.59
ATOM,3849.0,HD2,LYS,273.0,23.389,52.293,64.612,0.09,1.32,9.85
ATOM,3850.0,HD3,LYS,273.0,23.887,53.181,63.336,0.09,1.32,10.15
ATOM,3851.0,HE2,LYS,273.0,21.987,54.561,63.527,0.05,1.32,11.1
ATOM,3852.0,HE3,LYS,273.0,21.433,53.651,64.764,0.05,1.32,9.45
ATOM,3853.0,HZ1,LYS,273.0,23.957,54.813,65.205,0.33,0.2245,16.1
ATOM,3854.0,HZ2,LYS,273.0,22.706,55.86,65.119,0.33,0.2245,20.27
ATOM,3855.0,HZ3,LYS,273.0,22.697,54.666,66.233,0.33,0.2245,20.26
ATOM,3856.0,N,PRO,274.0,22.635,48.846,59.503,-0.29,1.85,0.0
ATOM,3857.0,CA,PRO,274.0,23.333,48.002,58.541,0.02,2.275,0.17
ATOM,3858.0,C,PRO,274.0,24.76,48.464,58.391,0.51,2.0,0.0
ATOM,3859.0,O,PRO,274.0,25.139,49.504,58.936,-0.51,1.7,15.99
ATOM,3860.0,CB,PRO,274.0,22.55,48.245,57.254,-0.18,2.175,0.5
ATOM,3861.0,CG,PRO,274.0,22.002,49.609,57.426,-0.18,2.175,1.54
ATOM,3862.0,CD,PRO,274.0,21.525,49.554,58.834,0.0,2.175,1.78
ATOM,3863.0,HA,PRO,274.0,23.29,47.036,58.817,0.09,1.32,0.64
ATOM,3864.0,HB2,PRO,274.0,23.156,48.194,56.457,0.09,1.32,0.0
ATOM,3865.0,HB3,PRO,274.0,21.818,47.568,57.153,0.09,1.32,0.0
ATOM,3866.0,HG2,PRO,274.0,22.711,50.293,57.311,0.09,1.32,6.13
ATOM,3867.0,HG3,PRO,274.0,21.252,49.771,56.796,0.09,1.32,0.0
ATOM,3868.0,HD2,PRO,274.0,21.409,50.462,59.226,0.09,1.32,2.05
ATOM,3869.0,HD3,PRO,274.0,20.679,49.033,58.923,0.09,1.32,0.0
ATOM,3870.0,N,ASN,275.0,25.558,47.677,57.672,-0.47,1.85,0.32
ATOM,3871.0,CA,ASN,275.0,26.939,48.038,57.451,0.07,2.275,0.04
ATOM,3872.0,C,ASN,275.0,27.362,47.755,56.007,0.51,2.0,0.0
ATOM,3873.0,O,ASN,275.0,27.572,46.609,55.605,-0.51,1.7,0.65
ATOM,3874.0,CB,ASN,275.0,27.826,47.302,58.427,-0.18,2.175,6.14
ATOM,3875.0,CG,ASN,275.0,29.248,47.797,58.395,0.55,2.0,2.04
ATOM,3876.0,H,ASN,275.0,25.112,46.821,57.304,0.31,0.2245,4.54
ATOM,3877.0,HA,ASN,275.0,27.02,49.034,57.585,0.09,1.32,2.22
ATOM,3878.0,HB2,ASN,275.0,27.465,47.431,59.349,0.09,1.32,6.99
ATOM,3879.0,HB3,ASN,275.0,27.822,46.331,58.195,0.09,1.32,0.17
ATOM,3880.0,OD1,ASN,275.0,29.598,48.755,57.7,-0.55,1.7,17.15
ATOM,3881.0,ND2,ASN,275.0,30.085,47.148,59.157,-0.62,1.85,13.14
ATOM,3882.0,HD22,ASN,275.0,29.796,46.37,59.718,0.3,0.2245,4.65
ATOM,3883.0,HD21,ASN,275.0,31.06,47.426,59.193,0.32,0.2245,12.17
ATOM,3884.0,N,ASP,276.0,27.489,48.82,55.23,-0.47,1.85,0.0
ATOM,3885.0,CA,ASP,276.0,27.881,48.741,53.821,0.07,2.275,0.0
ATOM,3886.0,C,ASP,276.0,29.165,47.954,53.588,0.51,2.0,0.0
ATOM,3887.0,O,ASP,276.0,29.375,47.412,52.512,-0.51,1.7,0.0
ATOM,3888.0,CB,ASP,276.0,28.035,50.157,53.245,-0.28,2.175,1.32
ATOM,3889.0,CG,ASP,276.0,26.751,51.003,53.375,0.62,2.0,1.48
ATOM,3890.0,OD1,ASP,276.0,25.714,50.501,53.878,-0.76,1.7,4.86
ATOM,3891.0,OD2,ASP,276.0,26.771,52.187,52.983,-0.76,1.7,17.09
ATOM,3892.0,H,ASP,276.0,27.285,49.731,55.708,0.31,0.2245,4.92
ATOM,3893.0,HA,ASP,276.0,27.138,48.248,53.334,0.09,1.32,0.0
ATOM,3894.0,HB2,ASP,276.0,28.76,50.617,53.741,0.09,1.32,7.41
ATOM,3895.0,HB3,ASP,276.0,28.258,50.079,52.283,0.09,1.32,0.0
ATOM,3896.0,N,LYS,277.0,30.013,47.868,54.608,-0.47,1.85,1.52
ATOM,3897.0,CA,LYS,277.0,31.289,47.157,54.489,0.07,2.275,1.44
ATOM,3898.0,C,LYS,277.0,31.017,45.721,54.104,0.51,2.0,0.0
ATOM,3899.0,O,LYS,277.0,31.66,45.178,53.227,-0.51,1.7,0.0
ATOM,3900.0,CB,LYS,277.0,32.057,47.194,55.805,-0.18,2.175,0.98
ATOM,3901.0,CG,LYS,277.0,33.496,46.775,55.668,-0.18,2.175,1.47
ATOM,3902.0,CD,LYS,277.0,34.255,47.79,54.826,-0.18,2.175,4.77
ATOM,3903.0,CE,LYS,277.0,35.792,47.555,54.829,0.21,2.175,11.26
ATOM,3904.0,NZ,LYS,277.0,36.557,48.71,54.216,-0.3,1.85,13.0
ATOM,3905.0,H,LYS,277.0,29.702,48.337,55.478,0.31,0.2245,0.12
ATOM,3906.0,HA,LYS,277.0,31.833,47.593,53.772,0.09,1.32,0.48
ATOM,3907.0,HB2,LYS,277.0,32.028,48.127,56.155,0.09,1.32,4.85
ATOM,3908.0,HB3,LYS,277.0,31.604,46.578,56.446,0.09,1.32,0.0
ATOM,3909.0,HG2,LYS,277.0,33.918,46.729,56.569,0.09,1.32,5.05
ATOM,3910.0,HG3,LYS,277.0,33.545,45.888,55.22,0.09,1.32,0.0
ATOM,3911.0,HD2,LYS,277.0,33.943,47.733,53.88,0.09,1.32,0.0
ATOM,3912.0,HD3,LYS,277.0,34.089,48.706,55.183,0.09,1.32,7.64
ATOM,3913.0,HE2,LYS,277.0,36.091,47.432,55.775,0.05,1.32,9.3
ATOM,3914.0,HE3,LYS,277.0,35.986,46.723,54.308,0.05,1.32,2.59
ATOM,3915.0,HZ1,LYS,277.0,36.631,48.558,53.235,0.33,0.2245,11.45
ATOM,3916.0,HZ2,LYS,277.0,36.06,49.553,54.398,0.33,0.2245,15.03
ATOM,3917.0,HZ3,LYS,277.0,37.462,48.747,54.629,0.33,0.2245,20.55
ATOM,3918.0,N,LEU,278.0,30.005,45.149,54.732,-0.47,1.85,0.0
ATOM,3919.0,CA,LEU,278.0,29.576,43.78,54.491,0.07,2.275,0.0
ATOM,3920.0,C,LEU,278.0,29.25,43.556,53.007,0.51,2.0,0.0
ATOM,3921.0,O,LEU,278.0,29.489,42.475,52.473,-0.51,1.7,0.0
ATOM,3922.0,CB,LEU,278.0,28.342,43.496,55.345,-0.18,2.175,0.0
ATOM,3923.0,CG,LEU,278.0,27.581,42.184,55.129,-0.09,2.275,0.0
ATOM,3924.0,CD1,LEU,278.0,28.544,41.008,55.313,-0.27,2.06,0.0
ATOM,3925.0,CD2,LEU,278.0,26.408,42.077,56.113,-0.27,2.06,1.97
ATOM,3926.0,H,LEU,278.0,29.527,45.776,55.432,0.31,0.2245,0.0
ATOM,3927.0,HA,LEU,278.0,30.323,43.155,54.743,0.09,1.32,0.0
ATOM,3928.0,HB2,LEU,278.0,28.628,43.514,56.312,0.09,1.32,0.0
ATOM,3929.0,HB3,LEU,278.0,27.686,44.245,55.195,0.09,1.32,0.07
ATOM,3930.0,HG,LEU,278.0,27.215,42.168,54.207,0.09,1.32,0.0
ATOM,3931.0,HD11,LEU,278.0,28.92,41.031,56.238,0.09,1.32,0.0
ATOM,3932.0,HD12,LEU,278.0,28.049,40.152,55.173,0.09,1.32,0.0
ATOM,3933.0,HD13,LEU,278.0,29.285,41.081,54.647,0.09,1.32,0.0
ATOM,3934.0,HD21,LEU,278.0,25.786,42.844,55.967,0.09,1.32,2.53
ATOM,3935.0,HD22,LEU,278.0,25.926,41.217,55.956,0.09,1.32,0.0
ATOM,3936.0,HD23,LEU,278.0,26.76,42.101,57.047,0.09,1.32,0.0
ATOM,3937.0,N,ILE,279.0,28.695,44.574,52.356,-0.47,1.85,0.0
ATOM,3938.0,CA,ILE,279.0,28.336,44.482,50.942,0.07,2.275,0.0
ATOM,3939.0,C,ILE,279.0,29.608,44.623,50.137,0.51,2.0,0.0
ATOM,3940.0,O,ILE,279.0,29.843,43.835,49.213,-0.51,1.7,0.0
ATOM,3941.0,CB,ILE,279.0,27.365,45.602,50.485,-0.09,2.275,0.0
ATOM,3942.0,CG1,ILE,279.0,26.153,45.653,51.404,-0.18,2.175,0.84
ATOM,3943.0,CG2,ILE,279.0,26.924,45.373,49.026,-0.27,2.06,0.0
ATOM,3944.0,CD1,ILE,279.0,25.354,46.887,51.224,-0.27,2.06,0.0
ATOM,3945.0,H,ILE,279.0,28.541,45.427,52.93,0.31,0.2245,0.0
ATOM,3946.0,HA,ILE,279.0,28.004,43.556,50.8,0.09,1.32,0.0
ATOM,3947.0,HB,ILE,279.0,27.85,46.466,50.555,0.09,1.32,0.0
ATOM,3948.0,HG12,ILE,279.0,25.586,44.853,51.217,0.09,1.32,0.0
ATOM,3949.0,HG13,ILE,279.0,26.479,45.601,52.347,0.09,1.32,0.0
ATOM,3950.0,HG21,ILE,279.0,26.331,46.122,48.746,0.09,1.32,0.0
ATOM,3951.0,HG22,ILE,279.0,27.731,45.343,48.444,0.09,1.32,0.0
ATOM,3952.0,HG23,ILE,279.0,26.432,44.51,48.968,0.09,1.32,0.0
ATOM,3953.0,HD11,ILE,279.0,25.019,46.949,50.279,0.09,1.32,0.0
ATOM,3954.0,HD12,ILE,279.0,24.565,46.884,51.846,0.09,1.32,0.0
ATOM,3955.0,HD13,ILE,279.0,25.916,47.696,51.42,0.09,1.32,0.0
ATOM,3956.0,N,SER,280.0,30.422,45.625,50.478,-0.47,1.85,0.0
ATOM,3957.0,CA,SER,280.0,31.677,45.836,49.79,0.07,2.275,0.0
ATOM,3958.0,C,SER,280.0,32.55,44.571,49.843,0.51,2.0,0.0
ATOM,3959.0,O,SER,280.0,33.171,44.204,48.827,-0.51,1.7,0.0
ATOM,3960.0,CB,SER,280.0,32.435,46.985,50.422,0.05,2.175,0.03
ATOM,3961.0,OG,SER,280.0,33.819,46.896,50.116,-0.66,1.77,2.7
ATOM,3962.0,H,SER,280.0,30.078,46.216,51.256,0.31,0.2245,0.0
ATOM,3963.0,HA,SER,280.0,31.484,46.027,48.821,0.09,1.32,0.0
ATOM,3964.0,HB2,SER,280.0,32.084,47.845,50.067,0.09,1.32,0.0
ATOM,3965.0,HB3,SER,280.0,32.323,46.947,51.41,0.09,1.32,0.0
ATOM,3966.0,HG,SER,280.0,34.219,47.811,50.119,0.43,0.2245,0.83
ATOM,3967.0,N,GLU,281.0,32.615,43.925,51.027,-0.47,1.85,0.0
ATOM,3968.0,CA,GLU,281.0,33.41,42.699,51.253,0.07,2.275,0.0
ATOM,3969.0,C,GLU,281.0,32.807,41.483,50.594,0.51,2.0,0.0
ATOM,3970.0,O,GLU,281.0,33.535,40.64,50.088,-0.51,1.7,0.26
ATOM,3971.0,CB,GLU,281.0,33.639,42.43,52.737,-0.18,2.175,0.19
ATOM,3972.0,CG,GLU,281.0,34.839,43.161,53.315,-0.28,2.175,3.87
ATOM,3973.0,CD,GLU,281.0,34.903,43.074,54.844,0.62,2.0,0.68
ATOM,3974.0,OE1,GLU,281.0,34.137,42.273,55.439,-0.76,1.7,0.0
ATOM,3975.0,OE2,GLU,281.0,35.702,43.826,55.458,-0.76,1.7,12.66
ATOM,3976.0,H,GLU,281.0,32.045,44.374,51.783,0.31,0.2245,0.0
ATOM,3977.0,HA,GLU,281.0,34.35,42.852,50.904,0.09,1.32,0.0
ATOM,3978.0,HB2,GLU,281.0,32.841,42.735,53.225,0.09,1.32,0.0
ATOM,3979.0,HB3,GLU,281.0,33.796,41.466,52.848,0.09,1.32,0.0
ATOM,3980.0,HG2,GLU,281.0,35.656,42.745,52.967,0.09,1.32,2.15
ATOM,3981.0,HG3,GLU,281.0,34.77,44.111,53.082,0.09,1.32,0.08
ATOM,3982.0,N,THR,282.0,31.483,41.375,50.615,-0.47,1.85,0.0
ATOM,3983.0,CA,THR,282.0,30.801,40.265,49.942,0.07,2.275,0.0
ATOM,3984.0,C,THR,282.0,31.026,40.394,48.419,0.51,2.0,0.0
ATOM,3985.0,O,THR,282.0,31.129,39.393,47.727,-0.51,1.7,0.0
ATOM,3986.0,CB,THR,282.0,29.271,40.256,50.253,0.14,2.275,0.0
ATOM,3987.0,OG1,THR,282.0,29.051,39.955,51.64,-0.66,1.77,0.0
ATOM,3988.0,CG2,THR,282.0,28.532,39.243,49.374,-0.27,2.06,0.0
ATOM,3989.0,H,THR,282.0,30.987,42.12,51.132,0.31,0.2245,0.0
ATOM,3990.0,HA,THR,282.0,31.209,39.408,50.242,0.09,1.32,0.0
ATOM,3991.0,HB,THR,282.0,28.9,41.187,50.063,0.09,1.32,0.0
ATOM,3992.0,HG21,THR,282.0,29.196,38.689,48.87,0.09,1.32,0.0
ATOM,3993.0,HG22,THR,282.0,27.971,38.646,49.949,0.09,1.32,0.0
ATOM,3994.0,HG23,THR,282.0,27.944,39.728,48.726,0.09,1.32,0.0
ATOM,3995.0,HG1,THR,282.0,29.124,40.791,52.193,0.43,0.2245,0.0
ATOM,3996.0,N,ALA,283.0,31.129,41.628,47.919,-0.47,1.85,0.0
ATOM,3997.0,CA,ALA,283.0,31.366,41.905,46.497,0.07,2.275,0.0
ATOM,3998.0,C,ALA,283.0,32.721,41.36,46.07,0.51,2.0,0.0
ATOM,3999.0,O,ALA,283.0,32.844,40.719,45.03,-0.51,1.7,0.0
ATOM,4000.0,CB,ALA,283.0,31.282,43.397,46.213,-0.27,2.06,0.0
ATOM,4001.0,H,ALA,283.0,31.026,42.388,48.633,0.31,0.2245,0.0
ATOM,4002.0,HA,ALA,283.0,30.65,41.451,45.959,0.09,1.32,0.0
ATOM,4003.0,HB1,ALA,283.0,30.747,43.844,46.93,0.09,1.32,0.0
ATOM,4004.0,HB2,ALA,283.0,32.203,43.786,46.194,0.09,1.32,0.0
ATOM,4005.0,HB3,ALA,283.0,30.841,43.545,45.328,0.09,1.32,0.0
ATOM,4006.0,N,LYS,284.0,33.74,41.559,46.889,-0.47,1.85,0.0
ATOM,4007.0,CA,LYS,284.0,35.049,41.035,46.52,0.07,2.275,0.0
ATOM,4008.0,C,LYS,284.0,35.299,39.543,46.759,0.51,2.0,0.19
ATOM,4009.0,O,LYS,284.0,36.131,38.963,46.09,-0.51,1.7,0.0
ATOM,4010.0,CB,LYS,284.0,36.18,41.881,47.077,-0.18,2.175,0.12
ATOM,4011.0,CG,LYS,284.0,35.966,42.379,48.447,-0.18,2.175,0.01
ATOM,4012.0,CD,LYS,284.0,37.055,43.355,48.733,-0.18,2.175,7.7
ATOM,4013.0,CE,LYS,284.0,38.362,42.621,48.885,0.21,2.175,12.12
ATOM,4014.0,NZ,LYS,284.0,38.71,42.406,50.323,-0.3,1.85,11.89
ATOM,4015.0,H,LYS,284.0,33.542,42.077,47.744,0.31,0.2245,0.0
ATOM,4016.0,HA,LYS,284.0,35.205,41.227,45.516,0.09,1.32,0.0
ATOM,4017.0,HB2,LYS,284.0,37.018,41.322,47.054,0.09,1.32,0.0
ATOM,4018.0,HB3,LYS,284.0,36.309,42.664,46.455,0.09,1.32,0.0
ATOM,4019.0,HG2,LYS,284.0,35.091,42.84,48.509,0.09,1.32,0.0
ATOM,4020.0,HG3,LYS,284.0,36.02,41.631,49.094,0.09,1.32,0.57
ATOM,4021.0,HD2,LYS,284.0,37.137,43.993,47.978,0.09,1.32,2.02
ATOM,4022.0,HD3,LYS,284.0,36.861,43.833,49.58,0.09,1.32,2.18
ATOM,4023.0,HE2,LYS,284.0,38.297,41.728,48.431,0.05,1.32,0.55
ATOM,4024.0,HE3,LYS,284.0,39.095,43.152,48.451,0.05,1.32,11.51
ATOM,4025.0,HZ1,LYS,284.0,38.486,41.467,50.578,0.33,0.2245,11.9
ATOM,4026.0,HZ2,LYS,284.0,39.687,42.566,50.452,0.33,0.2245,20.55
ATOM,4027.0,HZ3,LYS,284.0,38.186,43.043,50.886,0.33,0.2245,6.89
ATOM,4028.0,N,SER,285.0,34.577,38.911,47.678,-0.47,1.85,0.14
ATOM,4029.0,CA,SER,285.0,34.74,37.47,47.911,0.07,2.275,0.78
ATOM,4030.0,C,SER,285.0,34.21,36.767,46.669,0.51,2.0,0.26
ATOM,4031.0,O,SER,285.0,34.864,35.862,46.137,-0.51,1.7,8.57
ATOM,4032.0,CB,SER,285.0,33.92,36.981,49.113,0.05,2.175,1.12
ATOM,4033.0,OG,SER,285.0,34.173,37.713,50.306,-0.66,1.77,0.0
ATOM,4034.0,H,SER,285.0,33.91,39.501,48.201,0.31,0.2245,0.0
ATOM,4035.0,HA,SER,285.0,35.708,37.279,47.986,0.09,1.32,0.19
ATOM,4036.0,HB2,SER,285.0,32.945,37.059,48.888,0.09,1.32,0.0
ATOM,4037.0,HB3,SER,285.0,34.138,36.014,49.276,0.09,1.32,2.61
ATOM,4038.0,HG,SER,285.0,33.938,38.672,50.161,0.43,0.2245,0.0
ATOM,4039.0,N,VAL,286.0,33.035,37.21,46.205,-0.47,1.85,0.0
ATOM,4040.0,CA,VAL,286.0,32.376,36.649,45.021,0.07,2.275,0.24
ATOM,4041.0,C,VAL,286.0,33.077,37.014,43.687,0.51,2.0,0.0
ATOM,4042.0,O,VAL,286.0,33.265,36.15,42.824,-0.51,1.7,0.0
ATOM,4043.0,CB,VAL,286.0,30.842,37.001,44.979,-0.09,2.275,0.0
ATOM,4044.0,CG1,VAL,286.0,30.175,36.35,43.756,-0.27,2.06,0.0
ATOM,4045.0,CG2,VAL,286.0,30.127,36.517,46.241,-0.27,2.06,0.41
ATOM,4046.0,H,VAL,286.0,32.626,37.995,46.763,0.31,0.2245,0.0
ATOM,4047.0,HA,VAL,286.0,32.389,35.638,45.101,0.09,1.32,1.76
ATOM,4048.0,HB,VAL,286.0,30.772,37.981,44.863,0.09,1.32,0.0
ATOM,4049.0,HG11,VAL,286.0,29.329,36.836,43.549,0.09,1.32,0.0
ATOM,4050.0,HG12,VAL,286.0,30.796,36.405,42.978,0.09,1.32,0.0
ATOM,4051.0,HG13,VAL,286.0,29.975,35.395,43.963,0.09,1.32,0.0
ATOM,4052.0,HG21,VAL,286.0,29.494,37.225,46.55,0.09,1.32,0.0
ATOM,4053.0,HG22,VAL,286.0,29.623,35.681,46.03,0.09,1.32,0.0
ATOM,4054.0,HG23,VAL,286.0,30.805,36.335,46.951,0.09,1.32,0.01
ATOM,4055.0,N,MET,287.0,33.493,38.269,43.523,-0.47,1.85,0.0
ATOM,4056.0,CA,MET,287.0,34.198,38.663,42.298,0.07,2.275,0.0
ATOM,4057.0,C,MET,287.0,35.538,37.933,42.07,0.51,2.0,0.0
ATOM,4058.0,O,MET,287.0,36.176,38.094,41.025,-0.51,1.7,6.28
ATOM,4059.0,CB,MET,287.0,34.43,40.176,42.261,-0.18,2.175,0.0
ATOM,4060.0,CG,MET,287.0,33.194,40.999,41.937,-0.14,2.175,0.0
ATOM,4061.0,SD,MET,287.0,32.3,40.448,40.442,-0.09,2.0,0.0
ATOM,4062.0,CE,MET,287.0,33.245,41.179,39.213,-0.22,2.06,0.0
ATOM,4063.0,H,MET,287.0,33.286,38.911,44.298,0.31,0.2245,0.0
ATOM,4064.0,HA,MET,287.0,33.596,38.449,41.506,0.09,1.32,0.0
ATOM,4065.0,HB2,MET,287.0,34.784,40.473,43.16,0.09,1.32,0.0
ATOM,4066.0,HB3,MET,287.0,35.139,40.38,41.569,0.09,1.32,0.0
ATOM,4067.0,HG2,MET,287.0,32.564,40.982,42.752,0.09,1.32,0.0
ATOM,4068.0,HG3,MET,287.0,33.471,41.986,41.839,0.09,1.32,0.0
ATOM,4069.0,HE1,MET,287.0,33.566,42.102,39.487,0.09,1.32,0.0
ATOM,4070.0,HE2,MET,287.0,34.068,40.627,38.996,0.09,1.32,0.0
ATOM,4071.0,HE3,MET,287.0,32.72,41.287,38.351,0.09,1.32,0.0
ATOM,4072.0,N,LYS,288.0,35.977,37.154,43.056,-0.47,1.85,0.0
ATOM,4073.0,CA,LYS,288.0,37.23,36.396,42.948,0.07,2.275,0.48
ATOM,4074.0,C,LYS,288.0,37.027,35.248,41.977,0.51,2.0,0.14
ATOM,4075.0,O,LYS,288.0,37.954,34.817,41.28,-0.51,1.7,28.79
ATOM,4076.0,CB,LYS,288.0,37.628,35.839,44.317,-0.18,2.175,9.5
ATOM,4077.0,CG,LYS,288.0,37.963,36.919,45.344,-0.18,2.175,2.68
ATOM,4078.0,CD,LYS,288.0,39.173,37.78,44.904,-0.18,2.175,14.7
ATOM,4079.0,CE,LYS,288.0,39.15,39.2,45.5,0.21,2.175,14.09
ATOM,4080.0,NZ,LYS,288.0,38.318,40.143,44.677,-0.3,1.85,1.21
ATOM,4081.0,H,LYS,288.0,35.368,37.127,43.896,0.31,0.2245,0.0
ATOM,4082.0,HA,LYS,288.0,37.942,37.002,42.595,0.09,1.32,3.37
ATOM,4083.0,HB2,LYS,288.0,36.868,35.3,44.669,0.09,1.32,0.3
ATOM,4084.0,HB3,LYS,288.0,38.431,35.262,44.198,0.09,1.32,8.75
ATOM,4085.0,HG2,LYS,288.0,37.176,37.522,45.457,0.09,1.32,0.0
ATOM,4086.0,HG3,LYS,288.0,38.187,36.488,46.216,0.09,1.32,3.22
ATOM,4087.0,HD2,LYS,288.0,40.007,37.326,45.204,0.09,1.32,11.63
ATOM,4088.0,HD3,LYS,288.0,39.162,37.855,43.911,0.09,1.32,2.42
ATOM,4089.0,HE2,LYS,288.0,38.772,39.152,46.425,0.05,1.32,3.11
ATOM,4090.0,HE3,LYS,288.0,40.089,39.544,45.543,0.05,1.32,11.69
ATOM,4091.0,HZ1,LYS,288.0,38.199,39.758,43.765,0.33,0.2245,2.38
ATOM,4092.0,HZ2,LYS,288.0,37.43,40.26,45.116,0.33,0.2245,0.0
ATOM,4093.0,HZ3,LYS,288.0,38.786,41.021,44.618,0.33,0.2245,7.65
ATOM,4094.0,N,GLU,289.0,35.776,34.792,41.938,-0.47,1.85,0.0
ATOM,4095.0,CA,GLU,289.0,35.319,33.698,41.094,0.07,2.275,0.92
ATOM,4096.0,C,GLU,289.0,35.079,34.108,39.663,0.51,2.0,1.3
ATOM,4097.0,O,GLU,289.0,34.674,33.283,38.853,-0.51,1.7,6.8
ATOM,4098.0,CB,GLU,289.0,33.987,33.171,41.624,-0.18,2.175,0.0
ATOM,4099.0,CG,GLU,289.0,34.058,32.53,42.968,-0.28,2.175,6.84
ATOM,4100.0,CD,GLU,289.0,34.973,31.324,42.973,0.62,2.0,3.51
ATOM,4101.0,OE1,GLU,289.0,35.114,30.65,41.918,-0.76,1.7,16.48
ATOM,4102.0,OE2,GLU,289.0,35.554,31.043,44.045,-0.76,1.7,43.98
ATOM,4103.0,H,GLU,289.0,35.123,35.31,42.594,0.31,0.2245,0.0
ATOM,4104.0,HA,GLU,289.0,36.005,32.944,41.122,0.09,1.32,3.84
ATOM,4105.0,HB2,GLU,289.0,33.368,33.943,41.68,0.09,1.32,0.0
ATOM,4106.0,HB3,GLU,289.0,33.658,32.499,40.975,0.09,1.32,0.0
ATOM,4107.0,HG2,GLU,289.0,34.424,33.176,43.613,0.09,1.32,0.0
ATOM,4108.0,HG3,GLU,289.0,33.162,32.216,43.223,0.09,1.32,1.19
ATOM,4109.0,N,PHE,290.0,35.299,35.374,39.343,-0.47,1.85,0.0
ATOM,4110.0,CA,PHE,290.0,35.013,35.84,37.988,0.07,2.275,1.48
ATOM,4111.0,C,PHE,290.0,36.152,36.62,37.328,0.34,2.0,3.29
ATOM,4112.0,O,PHE,290.0,37.082,35.912,36.884,-0.67,1.7,40.84
ATOM,4113.0,CB,PHE,290.0,33.7,36.638,37.978,-0.18,2.175,0.08
ATOM,4114.0,CG,PHE,290.0,32.474,35.811,38.318,0.0,1.9924,0.0
ATOM,4115.0,CD1,PHE,290.0,32.014,34.826,37.456,-0.115,1.9924,0.0
ATOM,4116.0,CD2,PHE,290.0,31.742,36.074,39.468,-0.115,1.9924,0.0
ATOM,4117.0,CE1,PHE,290.0,30.848,34.138,37.736,-0.115,1.9924,0.0
ATOM,4118.0,CE2,PHE,290.0,30.581,35.384,39.737,-0.115,1.9924,0.0
ATOM,4119.0,CZ,PHE,290.0,30.132,34.422,38.879,-0.115,1.9924,0.0
ATOM,4120.0,OXT,PHE,290.0,36.095,37.884,37.224,-0.67,1.7,5.62
ATOM,4121.0,H,PHE,290.0,35.669,35.97,40.091,0.31,0.2245,0.0
ATOM,4122.0,HA,PHE,290.0,34.862,35.009,37.417,0.09,1.32,3.42
ATOM,4123.0,HB2,PHE,290.0,33.776,37.355,38.652,0.09,1.32,0.0
ATOM,4124.0,HB3,PHE,290.0,33.574,37.004,37.07,0.09,1.32,1.67
ATOM,4125.0,HD1,PHE,290.0,32.526,34.61,36.63,0.115,1.3582,3.53
ATOM,4126.0,HD2,PHE,290.0,32.067,36.774,40.107,0.115,1.3582,0.0
ATOM,4127.0,HE1,PHE,290.0,30.526,33.426,37.094,0.115,1.3582,0.0
ATOM,4128.0,HE2,PHE,290.0,30.058,35.603,40.588,0.115,1.3582,0.0
ATOM,4129.0,HZ,PHE,290.0,29.286,33.918,39.071,0.115,1.3582,0.0
