atom,serial,name,resname,resid,x,y,z,charges,radius,sasa
ATOM,1.0,N,TYR,1.0,49.731,5.093,-42.058,-0.3,1.85,8.34
ATOM,2.0,CA,TYR,1.0,49.27,5.143,-43.469,0.21,2.275,2.46
ATOM,3.0,C,TYR,1.0,47.749,5.095,-43.554,0.51,2.0,1.91
ATOM,4.0,O,TYR,1.0,47.184,4.306,-44.312,-0.51,1.7,20.7
ATOM,5.0,CB,TYR,1.0,49.878,3.96,-44.224,-0.18,2.175,10.36
ATOM,6.0,CG,TYR,1.0,51.279,4.217,-44.731,0.0,1.9924,0.46
ATOM,7.0,CD1,TYR,1.0,51.502,5.054,-45.817,-0.115,1.9924,13.69
ATOM,8.0,CD2,TYR,1.0,52.378,3.623,-44.123,-0.115,1.9924,11.77
ATOM,9.0,CE1,TYR,1.0,52.782,5.292,-46.282,-0.115,1.9924,19.08
ATOM,10.0,CE2,TYR,1.0,53.66,3.856,-44.582,-0.115,1.9924,20.52
ATOM,11.0,CZ,TYR,1.0,53.857,4.691,-45.662,0.11,1.9924,3.38
ATOM,12.0,OH,TYR,1.0,55.132,4.926,-46.123,-0.54,1.77,31.34
ATOM,13.0,H,TYR,1.0,49.243,5.821,-41.497,0.33,0.2245,9.54
ATOM,14.0,H2,TYR,1.0,49.527,4.159,-41.648,0.33,0.2245,11.03
ATOM,15.0,H3,TYR,1.0,50.756,5.264,-42.01,0.33,0.2245,12.67
ATOM,16.0,HA,TYR,1.0,49.619,6.064,-43.912,0.1,1.32,8.9
ATOM,17.0,HB2,TYR,1.0,49.916,3.104,-43.566,0.09,1.32,7.64
ATOM,18.0,HB3,TYR,1.0,49.253,3.726,-45.074,0.09,1.32,7.27
ATOM,19.0,HD1,TYR,1.0,50.659,5.523,-46.301,0.115,1.3582,14.8
ATOM,20.0,HD2,TYR,1.0,52.22,2.969,-43.278,0.115,1.3582,14.14
ATOM,21.0,HE1,TYR,1.0,52.936,5.946,-47.127,0.115,1.3582,17.57
ATOM,22.0,HE2,TYR,1.0,54.502,3.385,-44.096,0.115,1.3582,19.16
ATOM,23.0,HH,TYR,1.0,55.204,5.878,-46.416,0.43,0.2245,21.83
ATOM,24.0,N,GLY,2.0,47.089,5.944,-42.773,-0.47,1.85,4.21
ATOM,25.0,CA,GLY,2.0,45.639,5.981,-42.778,-0.02,2.175,9.79
ATOM,26.0,C,GLY,2.0,45.04,5.432,-41.499,0.51,2.0,0.0
ATOM,27.0,O,GLY,2.0,44.579,6.19,-40.646,-0.51,1.7,6.48
ATOM,28.0,H,GLY,2.0,47.591,6.55,-42.189,0.31,0.2245,9.42
ATOM,29.0,HA2,GLY,2.0,45.316,7.004,-42.903,0.09,1.32,5.99
ATOM,30.0,HA3,GLY,2.0,45.278,5.398,-43.612,0.09,1.32,5.95
ATOM,31.0,N,HIS,3.0,45.045,4.109,-41.365,-0.47,1.85,0.27
ATOM,32.0,CA,HIS,3.0,44.496,3.46,-40.182,0.07,2.275,0.0
ATOM,33.0,C,HIS,3.0,45.095,4.05,-38.91,0.51,2.0,0.0
ATOM,34.0,O,HIS,3.0,46.264,4.434,-38.882,-0.51,1.7,13.82
ATOM,35.0,CB,HIS,3.0,44.761,1.955,-40.234,-0.09,2.175,6.82
ATOM,36.0,CG,HIS,3.0,43.691,1.185,-40.942,-0.05,1.8,0.56
ATOM,37.0,ND1,HIS,3.0,42.682,0.517,-40.281,-0.36,1.85,0.19
ATOM,38.0,CD2,HIS,3.0,43.474,0.977,-42.263,0.22,1.8,18.07
ATOM,39.0,CE1,HIS,3.0,41.892,-0.068,-41.164,0.25,1.8,10.44
ATOM,40.0,NE2,HIS,3.0,42.351,0.196,-42.373,-0.7,1.85,28.21
ATOM,41.0,H,HIS,3.0,45.425,3.557,-42.079,0.31,0.2245,0.14
ATOM,42.0,HA,HIS,3.0,43.43,3.628,-40.176,0.09,1.32,0.0
ATOM,43.0,HB2,HIS,3.0,45.693,1.779,-40.75,0.09,1.32,9.66
ATOM,44.0,HB3,HIS,3.0,44.835,1.575,-39.227,0.09,1.32,0.0
ATOM,45.0,HD1,HIS,3.0,42.562,0.478,-39.309,0.32,0.2245,0.0
ATOM,46.0,HD2,HIS,3.0,44.075,1.356,-43.078,0.1,1.468,12.79
ATOM,47.0,HE1,HIS,3.0,41.02,-0.662,-40.935,0.13,0.9,14.9
ATOM,48.0,N,CYS,4.0,44.284,4.123,-37.86,-0.47,1.85,0.0
ATOM,49.0,CA,CYS,4.0,44.734,4.671,-36.584,0.07,2.275,0.11
ATOM,50.0,C,CYS,4.0,44.75,3.597,-35.499,0.51,2.0,0.0
ATOM,51.0,O,CYS,4.0,43.734,2.962,-35.226,-0.51,1.7,0.0
ATOM,52.0,CB,CYS,4.0,43.828,5.828,-36.163,-0.1,2.175,0.0
ATOM,53.0,SG,CYS,4.0,42.161,5.763,-36.903,-0.08,1.975,0.0
ATOM,54.0,H,CYS,4.0,43.36,3.803,-37.946,0.31,0.2245,0.0
ATOM,55.0,HA,CYS,4.0,45.738,5.043,-36.72,0.09,1.32,3.53
ATOM,56.0,HB2,CYS,4.0,43.717,5.819,-35.088,0.09,1.32,0.0
ATOM,57.0,HB3,CYS,4.0,44.284,6.757,-36.462,0.09,1.32,1.5
ATOM,58.0,N,VAL,5.0,45.909,3.403,-34.881,-0.47,1.85,0.0
ATOM,59.0,CA,VAL,5.0,46.056,2.41,-33.822,0.07,2.275,0.0
ATOM,60.0,C,VAL,5.0,46.628,3.047,-32.559,0.51,2.0,0.0
ATOM,61.0,O,VAL,5.0,47.535,3.877,-32.629,-0.51,1.7,19.76
ATOM,62.0,CB,VAL,5.0,46.971,1.251,-34.258,-0.09,2.275,1.16
ATOM,63.0,CG1,VAL,5.0,46.791,0.052,-33.338,-0.27,2.06,10.02
ATOM,64.0,CG2,VAL,5.0,46.695,0.868,-35.705,-0.27,2.06,12.98
ATOM,65.0,H,VAL,5.0,46.684,3.943,-35.141,0.31,0.2245,6.32
ATOM,66.0,HA,VAL,5.0,45.077,2.007,-33.602,0.09,1.32,0.0
ATOM,67.0,HB,VAL,5.0,47.997,1.582,-34.185,0.09,1.32,9.87
ATOM,68.0,HG11,VAL,5.0,45.92,0.202,-32.718,0.09,1.32,0.0
ATOM,69.0,HG12,VAL,5.0,46.662,-0.841,-33.931,0.09,1.32,2.14
ATOM,70.0,HG13,VAL,5.0,47.665,-0.055,-32.712,0.09,1.32,1.28
ATOM,71.0,HG21,VAL,5.0,45.634,0.927,-35.897,0.09,1.32,0.0
ATOM,72.0,HG22,VAL,5.0,47.219,1.547,-36.363,0.09,1.32,7.24
ATOM,73.0,HG23,VAL,5.0,47.038,-0.14,-35.881,0.09,1.32,6.97
ATOM,74.0,N,THR,6.0,46.092,2.658,-31.407,-0.47,1.85,0.0
ATOM,75.0,CA,THR,6.0,46.551,3.199,-30.133,0.07,2.275,2.05
ATOM,76.0,C,THR,6.0,47.575,2.279,-29.476,0.51,2.0,0.2
ATOM,77.0,O,THR,6.0,47.886,2.426,-28.294,-0.51,1.7,13.61
ATOM,78.0,CB,THR,6.0,45.377,3.417,-29.16,0.14,2.275,1.43
ATOM,79.0,OG1,THR,6.0,45.025,2.179,-28.531,-0.66,1.77,3.33
ATOM,80.0,CG2,THR,6.0,44.167,3.982,-29.889,-0.27,2.06,2.09
ATOM,81.0,H,THR,6.0,45.37,1.996,-31.414,0.31,0.2245,0.0
ATOM,82.0,HA,THR,6.0,47.013,4.156,-30.325,0.09,1.32,8.5
ATOM,83.0,HB,THR,6.0,45.684,4.122,-28.402,0.09,1.32,8.41
ATOM,84.0,HG21,THR,6.0,44.459,4.863,-30.442,0.09,1.32,0.1
ATOM,85.0,HG22,THR,6.0,43.779,3.241,-30.573,0.09,1.32,0.0
ATOM,86.0,HG23,THR,6.0,43.404,4.244,-29.172,0.09,1.32,0.88
ATOM,87.0,HG1,THR,6.0,44.871,1.466,-29.223,0.43,0.2245,0.0
ATOM,88.0,N,ASP,7.0,48.098,1.332,-30.248,-0.47,1.85,0.42
ATOM,89.0,CA,ASP,7.0,49.089,0.391,-29.737,0.07,2.275,1.75
ATOM,90.0,C,ASP,7.0,48.472,-0.544,-28.7,0.51,2.0,0.44
ATOM,91.0,O,ASP,7.0,49.178,-1.316,-28.05,-0.51,1.7,22.5
ATOM,92.0,CB,ASP,7.0,50.266,1.147,-29.12,-0.28,2.175,9.85
ATOM,93.0,CG,ASP,7.0,51.569,0.378,-29.227,0.62,2.0,3.52
ATOM,94.0,OD1,ASP,7.0,51.932,-0.022,-30.353,-0.76,1.7,39.74
ATOM,95.0,OD2,ASP,7.0,52.226,0.176,-28.184,-0.76,1.7,43.4
ATOM,96.0,H,ASP,7.0,47.812,1.265,-31.183,0.31,0.2245,0.0
ATOM,97.0,HA,ASP,7.0,49.446,-0.198,-30.569,0.09,1.32,5.04
ATOM,98.0,HB2,ASP,7.0,50.386,2.093,-29.629,0.09,1.32,11.18
ATOM,99.0,HB3,ASP,7.0,50.06,1.328,-28.076,0.09,1.32,6.25
ATOM,100.0,N,SER,8.0,47.154,-0.469,-28.549,-0.47,1.85,0.0
ATOM,101.0,CA,SER,8.0,46.446,-1.308,-27.59,0.07,2.275,1.3
ATOM,102.0,C,SER,8.0,45.697,-2.435,-28.297,0.51,2.0,1.85
ATOM,103.0,O,SER,8.0,45.108,-3.302,-27.651,-0.51,1.7,28.19
ATOM,104.0,CB,SER,8.0,45.467,-0.465,-26.771,0.05,2.175,10.57
ATOM,105.0,OG,SER,8.0,46.062,-0.017,-25.566,-0.66,1.77,29.48
ATOM,106.0,H,SER,8.0,46.645,0.166,-29.094,0.31,0.2245,0.0
ATOM,107.0,HA,SER,8.0,47.178,-1.741,-26.924,0.09,1.32,7.25
ATOM,108.0,HB2,SER,8.0,45.166,0.396,-27.35,0.09,1.32,0.0
ATOM,109.0,HB3,SER,8.0,44.597,-1.058,-26.531,0.09,1.32,6.72
ATOM,110.0,HG,SER,8.0,47.036,0.147,-25.716,0.43,0.2245,11.71
ATOM,111.0,N,GLY,9.0,45.722,-2.417,-29.626,-0.47,1.85,2.25
ATOM,112.0,CA,GLY,9.0,45.041,-3.441,-30.395,-0.02,2.175,16.33
ATOM,113.0,C,GLY,9.0,43.924,-2.877,-31.25,0.51,2.0,1.9
ATOM,114.0,O,GLY,9.0,43.588,-3.436,-32.294,-0.51,1.7,15.61
ATOM,115.0,H,GLY,9.0,46.206,-1.702,-30.089,0.31,0.2245,0.07
ATOM,116.0,HA2,GLY,9.0,45.758,-3.931,-31.037,0.09,1.32,13.92
ATOM,117.0,HA3,GLY,9.0,44.626,-4.17,-29.715,0.09,1.32,8.82
ATOM,118.0,N,VAL,10.0,43.347,-1.765,-30.806,-0.47,1.85,0.1
ATOM,119.0,CA,VAL,10.0,42.262,-1.123,-31.538,0.07,2.275,0.62
ATOM,120.0,C,VAL,10.0,42.77,-0.489,-32.828,0.51,2.0,0.0
ATOM,121.0,O,VAL,10.0,43.351,0.596,-32.814,-0.51,1.7,0.0
ATOM,122.0,CB,VAL,10.0,41.57,-0.044,-30.685,-0.09,2.275,0.0
ATOM,123.0,CG1,VAL,10.0,40.134,0.16,-31.143,-0.27,2.06,16.12
ATOM,124.0,CG2,VAL,10.0,41.62,-0.417,-29.211,-0.27,2.06,20.25
ATOM,125.0,H,VAL,10.0,43.659,-1.366,-29.967,0.31,0.2245,0.0
ATOM,126.0,HA,VAL,10.0,41.532,-1.881,-31.783,0.09,1.32,5.98
ATOM,127.0,HB,VAL,10.0,42.102,0.887,-30.817,0.09,1.32,0.0
ATOM,128.0,HG11,VAL,10.0,39.6,-0.777,-31.079,0.09,1.32,11.69
ATOM,129.0,HG12,VAL,10.0,39.655,0.892,-30.51,0.09,1.32,0.36
ATOM,130.0,HG13,VAL,10.0,40.128,0.508,-32.165,0.09,1.32,0.56
ATOM,131.0,HG21,VAL,10.0,41.734,-1.486,-29.114,0.09,1.32,6.54
ATOM,132.0,HG22,VAL,10.0,42.457,0.079,-28.742,0.09,1.32,0.29
ATOM,133.0,HG23,VAL,10.0,40.703,-0.107,-28.73,0.09,1.32,9.36
ATOM,134.0,N,VAL,11.0,42.547,-1.177,-33.943,-0.47,1.85,0.88
ATOM,135.0,CA,VAL,11.0,42.981,-0.689,-35.245,0.07,2.275,0.0
ATOM,136.0,C,VAL,11.0,41.926,0.21,-35.879,0.51,2.0,0.4
ATOM,137.0,O,VAL,11.0,41.189,-0.213,-36.77,-0.51,1.7,10.92
ATOM,138.0,CB,VAL,11.0,43.287,-1.851,-36.208,-0.09,2.275,0.9
ATOM,139.0,CG1,VAL,11.0,43.673,-1.32,-37.58,-0.27,2.06,8.62
ATOM,140.0,CG2,VAL,11.0,44.385,-2.739,-35.642,-0.27,2.06,23.41
ATOM,141.0,H,VAL,11.0,42.081,-2.035,-33.888,0.31,0.2245,6.61
ATOM,142.0,HA,VAL,11.0,43.888,-0.119,-35.103,0.09,1.32,0.0
ATOM,143.0,HB,VAL,11.0,42.393,-2.447,-36.316,0.09,1.32,10.42
ATOM,144.0,HG11,VAL,11.0,43.51,-0.253,-37.611,0.09,1.32,0.0
ATOM,145.0,HG12,VAL,11.0,44.716,-1.53,-37.767,0.09,1.32,7.15
ATOM,146.0,HG13,VAL,11.0,43.068,-1.8,-38.335,0.09,1.32,7.01
ATOM,147.0,HG21,VAL,11.0,44.11,-3.064,-34.65,0.09,1.32,0.0
ATOM,148.0,HG22,VAL,11.0,44.516,-3.601,-36.28,0.09,1.32,13.9
ATOM,149.0,HG23,VAL,11.0,45.31,-2.183,-35.596,0.09,1.32,0.86
ATOM,150.0,N,TYR,12.0,41.861,1.454,-35.419,-0.47,1.85,0.0
ATOM,151.0,CA,TYR,12.0,40.9,2.415,-35.946,0.07,2.275,0.04
ATOM,152.0,C,TYR,12.0,41.193,2.72,-37.411,0.51,2.0,0.0
ATOM,153.0,O,TYR,12.0,42.046,2.086,-38.031,-0.51,1.7,0.0
ATOM,154.0,CB,TYR,12.0,40.94,3.714,-35.138,-0.18,2.175,0.0
ATOM,155.0,CG,TYR,12.0,40.413,3.579,-33.731,0.0,1.9924,0.0
ATOM,156.0,CD1,TYR,12.0,39.051,3.475,-33.487,-0.115,1.9924,0.0
ATOM,157.0,CD2,TYR,12.0,41.28,3.556,-32.647,-0.115,1.9924,0.0
ATOM,158.0,CE1,TYR,12.0,38.565,3.352,-32.199,-0.115,1.9924,2.07
ATOM,159.0,CE2,TYR,12.0,40.803,3.432,-31.356,-0.115,1.9924,0.0
ATOM,160.0,CZ,TYR,12.0,39.445,3.33,-31.137,0.11,1.9924,0.0
ATOM,161.0,OH,TYR,12.0,38.966,3.206,-29.854,-0.54,1.77,15.44
ATOM,162.0,H,TYR,12.0,42.478,1.734,-34.711,0.31,0.2245,0.0
ATOM,163.0,HA,TYR,12.0,39.916,1.98,-35.868,0.09,1.32,0.05
ATOM,164.0,HB2,TYR,12.0,41.961,4.058,-35.074,0.09,1.32,0.0
ATOM,165.0,HB3,TYR,12.0,40.347,4.462,-35.643,0.09,1.32,0.0
ATOM,166.0,HD1,TYR,12.0,38.366,3.495,-34.322,0.115,1.3582,0.0
ATOM,167.0,HD2,TYR,12.0,42.343,3.638,-32.824,0.115,1.3582,0.0
ATOM,168.0,HE1,TYR,12.0,37.502,3.272,-32.029,0.115,1.3582,10.77
ATOM,169.0,HE2,TYR,12.0,41.493,3.416,-30.525,0.115,1.3582,0.06
ATOM,170.0,HH,TYR,12.0,38.677,4.103,-29.524,0.43,0.2245,0.12
ATOM,171.0,N,SER,13.0,40.483,3.702,-37.951,-0.47,1.85,0.0
ATOM,172.0,CA,SER,13.0,40.665,4.106,-39.338,0.07,2.275,0.0
ATOM,173.0,C,SER,13.0,40.6,5.623,-39.462,0.51,2.0,0.0
ATOM,174.0,O,SER,13.0,39.843,6.279,-38.748,-0.51,1.7,0.01
ATOM,175.0,CB,SER,13.0,39.602,3.458,-40.225,0.05,2.175,14.77
ATOM,176.0,OG,SER,13.0,39.973,2.139,-40.586,-0.66,1.77,5.28
ATOM,177.0,H,SER,13.0,39.824,4.171,-37.402,0.31,0.2245,0.0
ATOM,178.0,HA,SER,13.0,41.641,3.773,-39.656,0.09,1.32,0.0
ATOM,179.0,HB2,SER,13.0,38.666,3.421,-39.689,0.09,1.32,0.48
ATOM,180.0,HB3,SER,13.0,39.481,4.045,-41.123,0.09,1.32,6.45
ATOM,181.0,HG,SER,13.0,39.409,1.485,-40.083,0.43,0.2245,9.35
ATOM,182.0,N,VAL,14.0,41.404,6.173,-40.366,-0.47,1.85,0.0
ATOM,183.0,CA,VAL,14.0,41.446,7.615,-40.58,0.07,2.275,0.0
ATOM,184.0,C,VAL,14.0,40.046,8.221,-40.598,0.51,2.0,0.03
ATOM,185.0,O,VAL,14.0,39.438,8.373,-41.657,-0.51,1.7,16.22
ATOM,186.0,CB,VAL,14.0,42.162,7.965,-41.898,-0.09,2.275,0.21
ATOM,187.0,CG1,VAL,14.0,41.651,7.091,-43.033,-0.27,2.06,25.42
ATOM,188.0,CG2,VAL,14.0,41.983,9.44,-42.228,-0.27,2.06,16.51
ATOM,189.0,H,VAL,14.0,41.988,5.595,-40.899,0.31,0.2245,0.0
ATOM,190.0,HA,VAL,14.0,42.005,8.055,-39.766,0.09,1.32,0.13
ATOM,191.0,HB,VAL,14.0,43.217,7.772,-41.773,0.09,1.32,0.39
ATOM,192.0,HG11,VAL,14.0,40.986,6.338,-42.636,0.09,1.32,1.22
ATOM,193.0,HG12,VAL,14.0,41.117,7.702,-43.746,0.09,1.32,9.06
ATOM,194.0,HG13,VAL,14.0,42.486,6.613,-43.523,0.09,1.32,3.96
ATOM,195.0,HG21,VAL,14.0,42.044,10.022,-41.32,0.09,1.32,0.01
ATOM,196.0,HG22,VAL,14.0,42.761,9.753,-42.909,0.09,1.32,11.26
ATOM,197.0,HG23,VAL,14.0,41.019,9.591,-42.69,0.09,1.32,6.25
ATOM,198.0,N,GLY,15.0,39.543,8.573,-39.418,-0.47,1.85,0.0
ATOM,199.0,CA,GLY,15.0,38.222,9.166,-39.321,-0.02,2.175,12.97
ATOM,200.0,C,GLY,15.0,37.244,8.311,-38.538,0.51,2.0,0.65
ATOM,201.0,O,GLY,15.0,36.056,8.269,-38.857,-0.51,1.7,29.48
ATOM,202.0,H,GLY,15.0,40.075,8.432,-38.608,0.31,0.2245,0.0
ATOM,203.0,HA2,GLY,15.0,38.307,10.127,-38.837,0.09,1.32,5.68
ATOM,204.0,HA3,GLY,15.0,37.834,9.313,-40.317,0.09,1.32,7.92
ATOM,205.0,N,MET,16.0,37.74,7.63,-37.51,-0.47,1.85,0.0
ATOM,206.0,CA,MET,16.0,36.891,6.777,-36.685,0.07,2.275,1.42
ATOM,207.0,C,MET,16.0,36.803,7.313,-35.26,0.51,2.0,0.04
ATOM,208.0,O,MET,16.0,37.03,6.579,-34.299,-0.51,1.7,0.61
ATOM,209.0,CB,MET,16.0,37.43,5.347,-36.671,-0.18,2.175,0.0
ATOM,210.0,CG,MET,16.0,36.618,4.382,-37.519,-0.14,2.175,9.62
ATOM,211.0,SD,MET,16.0,35.807,3.107,-36.536,-0.09,2.0,36.19
ATOM,212.0,CE,MET,16.0,37.123,1.9,-36.394,-0.22,2.06,19.0
ATOM,213.0,H,MET,16.0,38.696,7.702,-37.301,0.31,0.2245,0.0
ATOM,214.0,HA,MET,16.0,35.902,6.775,-37.118,0.09,1.32,4.9
ATOM,215.0,HB2,MET,16.0,38.443,5.354,-37.043,0.09,1.32,0.0
ATOM,216.0,HB3,MET,16.0,37.432,4.985,-35.653,0.09,1.32,0.0
ATOM,217.0,HG2,MET,16.0,35.863,4.94,-38.052,0.09,1.32,7.89
ATOM,218.0,HG3,MET,16.0,37.278,3.905,-38.229,0.09,1.32,0.0
ATOM,219.0,HE1,MET,16.0,37.992,2.251,-36.93,0.09,1.32,0.0
ATOM,220.0,HE2,MET,16.0,37.374,1.762,-35.353,0.09,1.32,3.1
ATOM,221.0,HE3,MET,16.0,36.796,0.96,-36.813,0.09,1.32,15.16
ATOM,222.0,N,GLN,17.0,36.472,8.597,-35.135,-0.47,1.85,1.4
ATOM,223.0,CA,GLN,17.0,36.353,9.243,-33.83,0.07,2.275,0.0
ATOM,224.0,C,GLN,17.0,35.887,8.257,-32.764,0.51,2.0,0.0
ATOM,225.0,O,GLN,17.0,34.888,7.56,-32.942,-0.51,1.7,12.93
ATOM,226.0,CB,GLN,17.0,35.379,10.42,-33.908,-0.18,2.175,0.58
ATOM,227.0,CG,GLN,17.0,35.97,11.657,-34.563,-0.18,2.175,0.38
ATOM,228.0,CD,GLN,17.0,34.908,12.633,-35.028,0.55,2.0,2.39
ATOM,229.0,H,GLN,17.0,36.305,9.125,-35.944,0.31,0.2245,0.48
ATOM,230.0,HA,GLN,17.0,37.329,9.614,-33.556,0.09,1.32,0.0
ATOM,231.0,HB2,GLN,17.0,34.512,10.118,-34.476,0.09,1.32,10.01
ATOM,232.0,HB3,GLN,17.0,35.069,10.682,-32.907,0.09,1.32,0.0
ATOM,233.0,HG2,GLN,17.0,36.608,12.157,-33.848,0.09,1.32,0.25
ATOM,234.0,HG3,GLN,17.0,36.557,11.352,-35.416,0.09,1.32,0.36
ATOM,235.0,OE1,GLN,17.0,34.663,12.779,-36.226,-0.55,1.7,40.76
ATOM,236.0,NE2,GLN,17.0,34.269,13.308,-34.079,-0.62,1.85,25.5
ATOM,237.0,HE21,GLN,17.0,34.516,13.14,-33.146,0.32,0.2245,0.62
ATOM,238.0,HE22,GLN,17.0,33.576,13.945,-34.35,0.3,0.2245,20.79
ATOM,239.0,N,TRP,18.0,36.617,8.208,-31.654,-0.47,1.85,0.0
ATOM,240.0,CA,TRP,18.0,36.279,7.311,-30.556,0.07,2.275,0.19
ATOM,241.0,C,TRP,18.0,36.503,7.995,-29.211,0.51,2.0,0.0
ATOM,242.0,O,TRP,18.0,36.823,9.182,-29.153,-0.51,1.7,0.0
ATOM,243.0,CB,TRP,18.0,37.111,6.029,-30.638,-0.18,2.175,4.65
ATOM,244.0,CG,TRP,18.0,38.556,6.23,-30.297,-0.03,1.9924,0.0
ATOM,245.0,CD1,TRP,18.0,39.127,6.136,-29.061,0.035,1.9924,0.22
ATOM,246.0,CD2,TRP,18.0,39.616,6.556,-31.205,-0.02,1.8,0.0
ATOM,247.0,NE1,TRP,18.0,40.476,6.383,-29.144,-0.61,1.85,0.0
ATOM,248.0,CE2,TRP,18.0,40.801,6.645,-30.45,0.13,1.8,0.0
ATOM,249.0,CE3,TRP,18.0,39.677,6.782,-32.582,-0.115,1.9924,0.0
ATOM,250.0,CZ2,TRP,18.0,42.032,6.949,-31.03,-0.115,1.9924,0.0
ATOM,251.0,CZ3,TRP,18.0,40.898,7.084,-33.154,-0.115,1.9924,0.0
ATOM,252.0,CH2,TRP,18.0,42.06,7.164,-32.379,-0.115,1.9924,0.0
ATOM,253.0,H,TRP,18.0,37.401,8.79,-31.572,0.31,0.2245,0.0
ATOM,254.0,HA,TRP,18.0,35.234,7.057,-30.646,0.09,1.32,0.52
ATOM,255.0,HB2,TRP,18.0,36.706,5.301,-29.952,0.09,1.32,5.18
ATOM,256.0,HB3,TRP,18.0,37.056,5.638,-31.643,0.09,1.32,0.26
ATOM,257.0,HD1,TRP,18.0,38.585,5.901,-28.156,0.115,1.3582,0.04
ATOM,258.0,HE1,TRP,18.0,41.102,6.374,-28.391,0.38,0.2245,0.0
ATOM,259.0,HE3,TRP,18.0,38.793,6.725,-33.197,0.115,1.3582,0.0
ATOM,260.0,HZ2,TRP,18.0,42.939,7.015,-30.448,0.115,1.3582,0.58
ATOM,261.0,HZ3,TRP,18.0,40.963,7.261,-34.217,0.115,1.3582,0.0
ATOM,262.0,HH2,TRP,18.0,42.991,7.404,-32.869,0.115,1.3582,0.0
ATOM,263.0,N,LEU,19.0,36.334,7.239,-28.133,-0.47,1.85,0.0
ATOM,264.0,CA,LEU,19.0,36.52,7.777,-26.791,0.07,2.275,0.0
ATOM,265.0,C,LEU,19.0,37.441,6.884,-25.971,0.51,2.0,0.03
ATOM,266.0,O,LEU,19.0,37.26,5.668,-25.918,-0.51,1.7,20.41
ATOM,267.0,CB,LEU,19.0,35.173,7.926,-26.082,-0.18,2.175,2.26
ATOM,268.0,CG,LEU,19.0,35.143,8.976,-24.969,-0.09,2.275,0.04
ATOM,269.0,CD1,LEU,19.0,35.003,10.374,-25.553,-0.27,2.06,0.08
ATOM,270.0,CD2,LEU,19.0,34.01,8.688,-23.995,-0.27,2.06,4.53
ATOM,271.0,H,LEU,19.0,36.082,6.299,-28.241,0.31,0.2245,4.45
ATOM,272.0,HA,LEU,19.0,36.975,8.751,-26.886,0.09,1.32,0.0
ATOM,273.0,HB2,LEU,19.0,34.428,8.19,-26.819,0.09,1.32,0.0
ATOM,274.0,HB3,LEU,19.0,34.908,6.972,-25.652,0.09,1.32,6.2
ATOM,275.0,HG,LEU,19.0,36.073,8.936,-24.421,0.09,1.32,0.0
ATOM,276.0,HD11,LEU,19.0,35.338,10.37,-26.58,0.09,1.32,0.0
ATOM,277.0,HD12,LEU,19.0,33.967,10.679,-25.514,0.09,1.32,0.0
ATOM,278.0,HD13,LEU,19.0,35.603,11.065,-24.981,0.09,1.32,0.0
ATOM,279.0,HD21,LEU,19.0,33.906,7.62,-23.871,0.09,1.32,9.74
ATOM,280.0,HD22,LEU,19.0,34.231,9.142,-23.041,0.09,1.32,0.0
ATOM,281.0,HD23,LEU,19.0,33.089,9.097,-24.383,0.09,1.32,0.11
ATOM,282.0,N,LYS,20.0,38.432,7.497,-25.335,-0.47,1.85,0.0
ATOM,283.0,CA,LYS,20.0,39.385,6.757,-24.518,0.07,2.275,0.09
ATOM,284.0,C,LYS,20.0,39.328,7.211,-23.063,0.51,2.0,0.0
ATOM,285.0,O,LYS,20.0,39.001,8.362,-22.772,-0.51,1.7,0.0
ATOM,286.0,CB,LYS,20.0,40.8,6.938,-25.065,-0.18,2.175,0.0
ATOM,287.0,CG,LYS,20.0,41.642,5.675,-25.004,-0.18,2.175,10.03
ATOM,288.0,CD,LYS,20.0,43.127,5.997,-24.992,-0.18,2.175,3.01
ATOM,289.0,CE,LYS,20.0,43.608,6.354,-23.595,0.21,2.175,2.22
ATOM,290.0,NZ,LYS,20.0,44.856,7.166,-23.625,-0.3,1.85,10.06
ATOM,291.0,H,LYS,20.0,38.524,8.47,-25.418,0.31,0.2245,0.0
ATOM,292.0,HA,LYS,20.0,39.121,5.711,-24.567,0.09,1.32,2.28
ATOM,293.0,HB2,LYS,20.0,40.737,7.254,-26.096,0.09,1.32,0.0
ATOM,294.0,HB3,LYS,20.0,41.3,7.706,-24.493,0.09,1.32,0.0
ATOM,295.0,HG2,LYS,20.0,41.394,5.132,-24.105,0.09,1.32,3.28
ATOM,296.0,HG3,LYS,20.0,41.422,5.065,-25.868,0.09,1.32,5.35
ATOM,297.0,HD2,LYS,20.0,43.676,5.135,-25.341,0.09,1.32,6.8
ATOM,298.0,HD3,LYS,20.0,43.31,6.833,-25.651,0.09,1.32,0.61
ATOM,299.0,HE2,LYS,20.0,42.835,6.918,-23.095,0.05,1.32,0.0
ATOM,300.0,HE3,LYS,20.0,43.796,5.441,-23.049,0.05,1.32,10.9
ATOM,301.0,HZ1,LYS,20.0,45.167,7.307,-24.608,0.33,0.2245,13.51
ATOM,302.0,HZ2,LYS,20.0,44.688,8.096,-23.191,0.33,0.2245,1.11
ATOM,303.0,HZ3,LYS,20.0,45.611,6.682,-23.099,0.33,0.2245,21.33
ATOM,304.0,N,THR,21.0,39.651,6.298,-22.153,-0.47,1.85,0.0
ATOM,305.0,CA,THR,21.0,39.639,6.603,-20.727,0.07,2.275,0.0
ATOM,306.0,C,THR,21.0,41.045,6.533,-20.142,0.51,2.0,0.0
ATOM,307.0,O,THR,21.0,41.97,6.031,-20.78,-0.51,1.7,8.67
ATOM,308.0,CB,THR,21.0,38.727,5.635,-19.951,0.14,2.275,4.15
ATOM,309.0,OG1,THR,21.0,38.529,4.434,-20.706,-0.66,1.77,25.59
ATOM,310.0,CG2,THR,21.0,37.381,6.279,-19.653,-0.27,2.06,15.13
ATOM,311.0,H,THR,21.0,39.904,5.398,-22.447,0.31,0.2245,2.07
ATOM,312.0,HA,THR,21.0,39.256,7.605,-20.603,0.09,1.32,0.0
ATOM,313.0,HB,THR,21.0,39.205,5.388,-19.014,0.09,1.32,0.37
ATOM,314.0,HG21,THR,21.0,37.529,7.315,-19.385,0.09,1.32,0.0
ATOM,315.0,HG22,THR,21.0,36.752,6.22,-20.529,0.09,1.32,4.74
ATOM,316.0,HG23,THR,21.0,36.907,5.76,-18.833,0.09,1.32,14.43
ATOM,317.0,HG1,THR,21.0,38.28,4.654,-21.655,0.43,0.2245,8.68
ATOM,318.0,N,GLN,22.0,41.198,7.04,-18.924,-0.47,1.85,0.0
ATOM,319.0,CA,GLN,22.0,42.491,7.033,-18.251,0.07,2.275,2.97
ATOM,320.0,C,GLN,22.0,42.394,6.341,-16.895,0.51,2.0,1.88
ATOM,321.0,O,GLN,22.0,43.156,6.643,-15.977,-0.51,1.7,17.89
ATOM,322.0,CB,GLN,22.0,43.003,8.463,-18.075,-0.18,2.175,1.03
ATOM,323.0,CG,GLN,22.0,42.753,9.352,-19.283,-0.18,2.175,0.22
ATOM,324.0,CD,GLN,22.0,43.756,10.484,-19.393,0.55,2.0,0.09
ATOM,325.0,H,GLN,22.0,40.422,7.426,-18.466,0.31,0.2245,0.0
ATOM,326.0,HA,GLN,22.0,43.184,6.487,-18.872,0.09,1.32,8.06
ATOM,327.0,HB2,GLN,22.0,42.512,8.905,-17.222,0.09,1.32,0.0
ATOM,328.0,HB3,GLN,22.0,44.067,8.432,-17.891,0.09,1.32,8.15
ATOM,329.0,HG2,GLN,22.0,42.816,8.748,-20.176,0.09,1.32,0.0
ATOM,330.0,HG3,GLN,22.0,41.762,9.774,-19.203,0.09,1.32,0.0
ATOM,331.0,OE1,GLN,22.0,44.674,10.438,-20.212,-0.55,1.7,20.13
ATOM,332.0,NE2,GLN,22.0,43.584,11.51,-18.567,-0.62,1.85,0.6
ATOM,333.0,HE21,GLN,22.0,42.831,11.479,-17.941,0.32,0.2245,0.0
ATOM,334.0,HE22,GLN,22.0,44.218,12.256,-18.617,0.3,0.2245,8.06
ATOM,335.0,N,GLY,23.0,41.452,5.411,-16.778,-0.47,1.85,4.14
ATOM,336.0,CA,GLY,23.0,41.274,4.689,-15.532,-0.02,2.175,19.28
ATOM,337.0,C,GLY,23.0,40.766,5.575,-14.412,0.51,2.0,1.92
ATOM,338.0,O,GLY,23.0,40.902,5.238,-13.236,-0.51,1.7,22.1
ATOM,339.0,H,GLY,23.0,40.875,5.212,-17.544,0.31,0.2245,1.63
ATOM,340.0,HA2,GLY,23.0,40.567,3.888,-15.69,0.09,1.32,14.92
ATOM,341.0,HA3,GLY,23.0,42.222,4.264,-15.237,0.09,1.32,12.7
ATOM,342.0,N,ASN,24.0,40.18,6.712,-14.775,-0.47,1.85,3.26
ATOM,343.0,CA,ASN,24.0,39.651,7.645,-13.787,0.07,2.275,3.35
ATOM,344.0,C,ASN,24.0,39.043,8.872,-14.461,0.51,2.0,1.81
ATOM,345.0,O,ASN,24.0,38.049,9.423,-13.987,-0.51,1.7,26.52
ATOM,346.0,CB,ASN,24.0,40.755,8.074,-12.82,-0.18,2.175,6.65
ATOM,347.0,CG,ASN,24.0,40.232,8.331,-11.42,0.55,2.0,2.51
ATOM,348.0,H,ASN,24.0,40.1,6.927,-15.728,0.31,0.2245,0.0
ATOM,349.0,HA,ASN,24.0,38.878,7.136,-13.232,0.09,1.32,9.97
ATOM,350.0,HB2,ASN,24.0,41.501,7.295,-12.767,0.09,1.32,3.23
ATOM,351.0,HB3,ASN,24.0,41.214,8.981,-13.186,0.09,1.32,0.0
ATOM,352.0,OD1,ASN,24.0,39.583,9.345,-11.164,-0.55,1.7,31.96
ATOM,353.0,ND2,ASN,24.0,40.514,7.411,-10.504,-0.62,1.85,27.98
ATOM,354.0,HD21,ASN,24.0,41.036,6.629,-10.779,0.32,0.2245,9.85
ATOM,355.0,HD22,ASN,24.0,40.189,7.552,-9.591,0.3,0.2245,20.57
ATOM,356.0,N,LYS,25.0,39.646,9.297,-15.566,-0.47,1.85,0.0
ATOM,357.0,CA,LYS,25.0,39.162,10.462,-16.299,0.07,2.275,0.51
ATOM,358.0,C,LYS,25.0,38.681,10.074,-17.694,0.51,2.0,1.54
ATOM,359.0,O,LYS,25.0,39.047,9.023,-18.221,-0.51,1.7,0.05
ATOM,360.0,CB,LYS,25.0,40.262,11.52,-16.405,-0.18,2.175,2.8
ATOM,361.0,CG,LYS,25.0,41.047,11.714,-15.118,-0.18,2.175,12.75
ATOM,362.0,CD,LYS,25.0,42.384,10.994,-15.17,-0.18,2.175,1.51
ATOM,363.0,CE,LYS,25.0,43.535,11.967,-15.369,0.21,2.175,11.3
ATOM,364.0,NZ,LYS,25.0,44.85,11.35,-15.038,-0.3,1.85,11.13
ATOM,365.0,H,LYS,25.0,40.436,8.819,-15.895,0.31,0.2245,0.0
ATOM,366.0,HA,LYS,25.0,38.331,10.876,-15.749,0.09,1.32,6.19
ATOM,367.0,HB2,LYS,25.0,40.953,11.228,-17.182,0.09,1.32,0.0
ATOM,368.0,HB3,LYS,25.0,39.812,12.465,-16.673,0.09,1.32,6.78
ATOM,369.0,HG2,LYS,25.0,41.224,12.769,-14.971,0.09,1.32,9.81
ATOM,370.0,HG3,LYS,25.0,40.47,11.324,-14.293,0.09,1.32,1.53
ATOM,371.0,HD2,LYS,25.0,42.532,10.462,-14.242,0.09,1.32,2.38
ATOM,372.0,HD3,LYS,25.0,42.371,10.293,-15.991,0.09,1.32,0.0
ATOM,373.0,HE2,LYS,25.0,43.548,12.285,-16.401,0.05,1.32,0.27
ATOM,374.0,HE3,LYS,25.0,43.379,12.825,-14.731,0.05,1.32,11.47
ATOM,375.0,HZ1,LYS,25.0,44.712,10.533,-14.408,0.33,0.2245,13.65
ATOM,376.0,HZ2,LYS,25.0,45.323,11.028,-15.906,0.33,0.2245,11.58
ATOM,377.0,HZ3,LYS,25.0,45.46,12.044,-14.56,0.33,0.2245,21.49
ATOM,378.0,N,GLN,26.0,37.86,10.935,-18.285,-0.47,1.85,0.95
ATOM,379.0,CA,GLN,26.0,37.325,10.695,-19.621,0.07,2.275,0.11
ATOM,380.0,C,GLN,26.0,38.116,11.478,-20.665,0.51,2.0,0.0
ATOM,381.0,O,GLN,26.0,38.685,12.526,-20.364,-0.51,1.7,0.05
ATOM,382.0,CB,GLN,26.0,35.848,11.089,-19.679,-0.18,2.175,4.46
ATOM,383.0,CG,GLN,26.0,35.115,10.535,-20.89,-0.18,2.175,0.17
ATOM,384.0,CD,GLN,26.0,33.718,10.05,-20.553,0.55,2.0,0.41
ATOM,385.0,H,GLN,26.0,37.61,11.756,-17.812,0.31,0.2245,5.42
ATOM,386.0,HA,GLN,26.0,37.417,9.64,-19.832,0.09,1.32,0.0
ATOM,387.0,HB2,GLN,26.0,35.355,10.725,-18.79,0.09,1.32,9.69
ATOM,388.0,HB3,GLN,26.0,35.776,12.167,-19.704,0.09,1.32,0.11
ATOM,389.0,HG2,GLN,26.0,35.039,11.312,-21.636,0.09,1.32,0.0
ATOM,390.0,HG3,GLN,26.0,35.682,9.707,-21.29,0.09,1.32,0.0
ATOM,391.0,OE1,GLN,26.0,32.849,10.837,-20.179,-0.55,1.7,14.93
ATOM,392.0,NE2,GLN,26.0,33.497,8.747,-20.683,-0.62,1.85,13.97
ATOM,393.0,HE21,GLN,26.0,34.237,8.18,-20.985,0.32,0.2245,1.31
ATOM,394.0,HE22,GLN,26.0,32.603,8.407,-20.472,0.3,0.2245,20.06
ATOM,395.0,N,MET,27.0,38.153,10.963,-21.89,-0.47,1.85,0.0
ATOM,396.0,CA,MET,27.0,38.883,11.622,-22.967,0.07,2.275,0.0
ATOM,397.0,C,MET,27.0,38.482,11.066,-24.331,0.51,2.0,0.0
ATOM,398.0,O,MET,27.0,38.555,9.86,-24.567,-0.51,1.7,0.0
ATOM,399.0,CB,MET,27.0,40.389,11.447,-22.76,-0.18,2.175,0.0
ATOM,400.0,CG,MET,27.0,41.194,12.708,-23.028,-0.14,2.175,0.0
ATOM,401.0,SD,MET,27.0,42.731,12.376,-23.91,-0.09,2.0,9.27
ATOM,402.0,CE,MET,27.0,43.48,11.159,-22.831,-0.22,2.06,6.05
ATOM,403.0,H,MET,27.0,37.684,10.121,-22.072,0.31,0.2245,0.0
ATOM,404.0,HA,MET,27.0,38.645,12.674,-22.934,0.09,1.32,0.0
ATOM,405.0,HB2,MET,27.0,40.567,11.144,-21.739,0.09,1.32,0.0
ATOM,406.0,HB3,MET,27.0,40.744,10.672,-23.423,0.09,1.32,0.0
ATOM,407.0,HG2,MET,27.0,40.594,13.384,-23.62,0.09,1.32,0.0
ATOM,408.0,HG3,MET,27.0,41.431,13.172,-22.082,0.09,1.32,0.0
ATOM,409.0,HE1,MET,27.0,43.013,11.205,-21.858,0.09,1.32,0.0
ATOM,410.0,HE2,MET,27.0,43.342,10.173,-23.25,0.09,1.32,0.0
ATOM,411.0,HE3,MET,27.0,44.536,11.365,-22.734,0.09,1.32,11.34
ATOM,412.0,N,LEU,28.0,38.069,11.956,-25.229,-0.47,1.85,0.0
ATOM,413.0,CA,LEU,28.0,37.669,11.557,-26.575,0.07,2.275,0.0
ATOM,414.0,C,LEU,28.0,38.874,11.568,-27.509,0.51,2.0,0.0
ATOM,415.0,O,LEU,28.0,39.495,12.609,-27.721,-0.51,1.7,0.0
ATOM,416.0,CB,LEU,28.0,36.586,12.495,-27.112,-0.18,2.175,0.0
ATOM,417.0,CG,LEU,28.0,36.171,12.237,-28.562,-0.09,2.275,0.0
ATOM,418.0,CD1,LEU,28.0,34.799,11.585,-28.617,-0.27,2.06,0.0
ATOM,419.0,CD2,LEU,28.0,36.176,13.534,-29.356,-0.27,2.06,12.89
ATOM,420.0,H,LEU,28.0,38.041,12.904,-24.984,0.31,0.2245,0.0
ATOM,421.0,HA,LEU,28.0,37.274,10.553,-26.523,0.09,1.32,0.0
ATOM,422.0,HB2,LEU,28.0,35.711,12.397,-26.486,0.09,1.32,0.0
ATOM,423.0,HB3,LEU,28.0,36.948,13.509,-27.04,0.09,1.32,0.0
ATOM,424.0,HG,LEU,28.0,36.88,11.561,-29.017,0.09,1.32,0.0
ATOM,425.0,HD11,LEU,28.0,34.299,11.717,-27.668,0.09,1.32,0.0
ATOM,426.0,HD12,LEU,28.0,34.213,12.046,-29.399,0.09,1.32,0.26
ATOM,427.0,HD13,LEU,28.0,34.909,10.531,-28.823,0.09,1.32,0.0
ATOM,428.0,HD21,LEU,28.0,36.381,14.362,-28.693,0.09,1.32,0.87
ATOM,429.0,HD22,LEU,28.0,36.94,13.487,-30.119,0.09,1.32,2.46
ATOM,430.0,HD23,LEU,28.0,35.212,13.676,-29.821,0.09,1.32,5.07
ATOM,431.0,N,CYS,29.0,39.209,10.405,-28.056,-0.47,1.85,0.0
ATOM,432.0,CA,CYS,29.0,40.351,10.291,-28.956,0.07,2.275,0.0
ATOM,433.0,C,CYS,29.0,39.904,10.124,-30.404,0.51,2.0,0.0
ATOM,434.0,O,CYS,29.0,38.961,9.388,-30.695,-0.51,1.7,0.0
ATOM,435.0,CB,CYS,29.0,41.231,9.111,-28.541,-0.1,2.175,0.0
ATOM,436.0,SG,CYS,29.0,42.463,9.517,-27.262,-0.08,1.975,4.15
ATOM,437.0,H,CYS,29.0,38.682,9.606,-27.845,0.31,0.2245,0.0
ATOM,438.0,HA,CYS,29.0,40.927,11.2,-28.874,0.09,1.32,0.0
ATOM,439.0,HB2,CYS,29.0,40.603,8.325,-28.151,0.09,1.32,0.0
ATOM,440.0,HB3,CYS,29.0,41.763,8.745,-29.407,0.09,1.32,0.0
ATOM,441.0,N,THR,30.0,40.593,10.812,-31.31,-0.47,1.85,0.0
ATOM,442.0,CA,THR,30.0,40.275,10.742,-32.732,0.07,2.275,0.0
ATOM,443.0,C,THR,30.0,41.54,10.712,-33.579,0.51,2.0,0.0
ATOM,444.0,O,THR,30.0,42.582,11.23,-33.178,-0.51,1.7,0.0
ATOM,445.0,CB,THR,30.0,39.415,11.937,-33.185,0.14,2.275,4.06
ATOM,446.0,OG1,THR,30.0,38.186,11.965,-32.449,-0.66,1.77,1.24
ATOM,447.0,CG2,THR,30.0,39.12,11.853,-34.677,-0.27,2.06,9.09
ATOM,448.0,H,THR,30.0,41.335,11.38,-31.013,0.31,0.2245,0.0
ATOM,449.0,HA,THR,30.0,39.714,9.835,-32.906,0.09,1.32,0.0
ATOM,450.0,HB,THR,30.0,39.964,12.849,-32.994,0.09,1.32,5.92
ATOM,451.0,HG21,THR,30.0,38.769,10.861,-34.919,0.09,1.32,0.0
ATOM,452.0,HG22,THR,30.0,38.361,12.577,-34.936,0.09,1.32,5.41
ATOM,453.0,HG23,THR,30.0,40.022,12.063,-35.235,0.09,1.32,0.0
ATOM,454.0,HG1,THR,30.0,38.152,11.2,-31.797,0.43,0.2245,0.0
ATOM,455.0,N,CYS,31.0,41.439,10.11,-34.759,-0.47,1.85,0.0
ATOM,456.0,CA,CYS,31.0,42.572,10.022,-35.669,0.07,2.275,0.0
ATOM,457.0,C,CYS,31.0,42.303,10.826,-36.935,0.51,2.0,0.0
ATOM,458.0,O,CYS,31.0,41.542,10.402,-37.805,-0.51,1.7,0.0
ATOM,459.0,CB,CYS,31.0,42.867,8.565,-36.02,-0.1,2.175,0.0
ATOM,460.0,SG,CYS,31.0,41.434,7.64,-36.65,-0.08,1.975,0.0
ATOM,461.0,H,CYS,31.0,40.58,9.722,-35.026,0.31,0.2245,0.0
ATOM,462.0,HA,CYS,31.0,43.431,10.443,-35.167,0.09,1.32,0.0
ATOM,463.0,HB2,CYS,31.0,43.633,8.535,-36.779,0.09,1.32,2.22
ATOM,464.0,HB3,CYS,31.0,43.223,8.056,-35.136,0.09,1.32,0.0
ATOM,465.0,N,LEU,32.0,42.925,11.995,-37.022,-0.47,1.85,0.0
ATOM,466.0,CA,LEU,32.0,42.751,12.875,-38.172,0.07,2.275,2.38
ATOM,467.0,C,LEU,32.0,43.602,12.415,-39.354,0.51,2.0,1.75
ATOM,468.0,O,LEU,32.0,43.198,11.532,-40.111,-0.51,1.7,4.72
ATOM,469.0,CB,LEU,32.0,43.107,14.316,-37.794,-0.18,2.175,10.28
ATOM,470.0,CG,LEU,32.0,44.194,14.456,-36.725,-0.09,2.275,0.0
ATOM,471.0,CD1,LEU,32.0,45.148,15.585,-37.077,-0.27,2.06,15.14
ATOM,472.0,CD2,LEU,32.0,43.567,14.688,-35.358,-0.27,2.06,5.41
ATOM,473.0,H,LEU,32.0,43.509,12.276,-36.288,0.31,0.2245,0.0
ATOM,474.0,HA,LEU,32.0,41.71,12.837,-38.458,0.09,1.32,8.63
ATOM,475.0,HB2,LEU,32.0,43.437,14.828,-38.685,0.09,1.32,6.0
ATOM,476.0,HB3,LEU,32.0,42.213,14.801,-37.431,0.09,1.32,9.3
ATOM,477.0,HG,LEU,32.0,44.767,13.543,-36.681,0.09,1.32,0.0
ATOM,478.0,HD11,LEU,32.0,44.644,16.299,-37.711,0.09,1.32,10.79
ATOM,479.0,HD12,LEU,32.0,45.476,16.074,-36.172,0.09,1.32,6.33
ATOM,480.0,HD13,LEU,32.0,46.004,15.181,-37.598,0.09,1.32,0.0
ATOM,481.0,HD21,LEU,32.0,42.894,13.874,-35.127,0.09,1.32,0.0
ATOM,482.0,HD22,LEU,32.0,44.343,14.738,-34.609,0.09,1.32,0.01
ATOM,483.0,HD23,LEU,32.0,43.016,15.617,-35.368,0.09,1.32,12.09
ATOM,484.0,N,GLY,33.0,44.779,13.018,-39.514,-0.47,1.85,0.96
ATOM,485.0,CA,GLY,33.0,45.653,12.649,-40.612,-0.02,2.175,15.01
ATOM,486.0,C,GLY,33.0,47.116,12.648,-40.218,0.51,2.0,1.75
ATOM,487.0,O,GLY,33.0,47.873,11.762,-40.615,-0.51,1.7,30.59
ATOM,488.0,H,GLY,33.0,45.054,13.716,-38.885,0.31,0.2245,0.0
ATOM,489.0,HA2,GLY,33.0,45.385,11.662,-40.954,0.09,1.32,5.1
ATOM,490.0,HA3,GLY,33.0,45.511,13.349,-41.422,0.09,1.32,14.69
ATOM,491.0,N,ASN,34.0,47.515,13.64,-39.431,-0.47,1.85,2.7
ATOM,492.0,CA,ASN,34.0,48.896,13.748,-38.98,0.07,2.275,2.66
ATOM,493.0,C,ASN,34.0,49.195,12.689,-37.925,0.51,2.0,0.0
ATOM,494.0,O,ASN,34.0,50.346,12.299,-37.728,-0.51,1.7,31.01
ATOM,495.0,CB,ASN,34.0,49.167,15.147,-38.418,-0.18,2.175,13.0
ATOM,496.0,CG,ASN,34.0,48.755,15.282,-36.965,0.55,2.0,0.0
ATOM,497.0,H,ASN,34.0,46.864,14.312,-39.145,0.31,0.2245,0.97
ATOM,498.0,HA,ASN,34.0,49.537,13.581,-39.832,0.09,1.32,11.19
ATOM,499.0,HB2,ASN,34.0,50.222,15.36,-38.494,0.09,1.32,11.13
ATOM,500.0,HB3,ASN,34.0,48.616,15.872,-38.998,0.09,1.32,11.03
ATOM,501.0,OD1,ASN,34.0,47.834,14.608,-36.502,-0.55,1.7,1.66
ATOM,502.0,ND2,ASN,34.0,49.437,16.158,-36.236,-0.62,1.85,26.31
ATOM,503.0,HD21,ASN,34.0,50.158,16.66,-36.67,0.32,0.2245,16.07
ATOM,504.0,HD22,ASN,34.0,49.193,16.266,-35.293,0.3,0.2245,20.33
ATOM,505.0,N,GLY,35.0,48.146,12.227,-37.255,-0.47,1.85,0.0
ATOM,506.0,CA,GLY,35.0,48.306,11.213,-36.23,-0.02,2.175,10.03
ATOM,507.0,C,GLY,35.0,47.004,10.898,-35.521,0.51,2.0,0.0
ATOM,508.0,O,GLY,35.0,46.015,10.535,-36.157,-0.51,1.7,4.59
ATOM,509.0,H,GLY,35.0,47.253,12.576,-37.46,0.31,0.2245,0.0
ATOM,510.0,HA2,GLY,35.0,48.681,10.312,-36.69,0.09,1.32,13.87
ATOM,511.0,HA3,GLY,35.0,49.025,11.561,-35.504,0.09,1.32,8.41
ATOM,512.0,N,VAL,36.0,47.003,11.042,-34.2,-0.47,1.85,1.51
ATOM,513.0,CA,VAL,36.0,45.812,10.777,-33.401,0.07,2.275,0.0
ATOM,514.0,C,VAL,36.0,45.747,11.719,-32.202,0.51,2.0,0.51
ATOM,515.0,O,VAL,36.0,46.616,11.694,-31.331,-0.51,1.7,22.38
ATOM,516.0,CB,VAL,36.0,45.769,9.308,-32.913,-0.09,2.275,0.74
ATOM,517.0,CG1,VAL,36.0,44.844,9.155,-31.712,-0.27,2.06,6.14
ATOM,518.0,CG2,VAL,36.0,45.332,8.386,-34.04,-0.27,2.06,0.28
ATOM,519.0,H,VAL,36.0,47.822,11.34,-33.752,0.31,0.2245,9.49
ATOM,520.0,HA,VAL,36.0,44.949,10.951,-34.027,0.09,1.32,0.0
ATOM,521.0,HB,VAL,36.0,46.763,9.019,-32.612,0.09,1.32,11.58
ATOM,522.0,HG11,VAL,36.0,43.993,9.809,-31.827,0.09,1.32,0.0
ATOM,523.0,HG12,VAL,36.0,44.506,8.131,-31.646,0.09,1.32,0.0
ATOM,524.0,HG13,VAL,36.0,45.379,9.415,-30.81,0.09,1.32,5.99
ATOM,525.0,HG21,VAL,36.0,44.824,8.962,-34.799,0.09,1.32,0.0
ATOM,526.0,HG22,VAL,36.0,46.199,7.907,-34.47,0.09,1.32,7.61
ATOM,527.0,HG23,VAL,36.0,44.662,7.634,-33.648,0.09,1.32,0.0
ATOM,528.0,N,SER,37.0,44.709,12.546,-32.167,-0.47,1.85,0.0
ATOM,529.0,CA,SER,37.0,44.523,13.496,-31.077,0.07,2.275,0.32
ATOM,530.0,C,SER,37.0,43.309,13.117,-30.238,0.51,2.0,0.14
ATOM,531.0,O,SER,37.0,42.622,12.14,-30.532,-0.51,1.7,0.0
ATOM,532.0,CB,SER,37.0,44.355,14.913,-31.629,0.05,2.175,12.62
ATOM,533.0,OG,SER,37.0,44.21,15.855,-30.581,-0.66,1.77,20.81
ATOM,534.0,H,SER,37.0,44.05,12.515,-32.891,0.31,0.2245,0.0
ATOM,535.0,HA,SER,37.0,45.404,13.463,-30.454,0.09,1.32,6.4
ATOM,536.0,HB2,SER,37.0,45.224,15.175,-32.214,0.09,1.32,9.48
ATOM,537.0,HB3,SER,37.0,43.476,14.951,-32.255,0.09,1.32,3.26
ATOM,538.0,HG,SER,37.0,44.672,15.517,-29.762,0.43,0.2245,11.06
ATOM,539.0,N,CYS,38.0,43.05,13.891,-29.19,-0.47,1.85,1.02
ATOM,540.0,CA,CYS,38.0,41.917,13.628,-28.312,0.07,2.275,2.96
ATOM,541.0,C,CYS,38.0,41.479,14.899,-27.591,0.51,2.0,1.05
ATOM,542.0,O,CYS,38.0,42.155,15.926,-27.654,-0.51,1.7,19.74
ATOM,543.0,CB,CYS,38.0,42.277,12.546,-27.291,-0.1,2.175,1.08
ATOM,544.0,SG,CYS,38.0,43.333,11.216,-27.952,-0.08,1.975,13.37
ATOM,545.0,H,CYS,38.0,43.634,14.656,-29.003,0.31,0.2245,1.64
ATOM,546.0,HA,CYS,38.0,41.099,13.275,-28.922,0.09,1.32,0.51
ATOM,547.0,HB2,CYS,38.0,42.804,13.002,-26.469,0.09,1.32,2.15
ATOM,548.0,HB3,CYS,38.0,41.368,12.093,-26.922,0.09,1.32,0.0
ATOM,549.0,N,GLN,39.0,40.342,14.822,-26.905,-0.47,1.85,0.0
ATOM,550.0,CA,GLN,39.0,39.813,15.965,-26.17,0.07,2.275,0.0
ATOM,551.0,C,GLN,39.0,39.659,15.633,-24.689,0.51,2.0,0.0
ATOM,552.0,O,GLN,39.0,38.745,14.908,-24.297,-0.51,1.7,0.0
ATOM,553.0,CB,GLN,39.0,38.465,16.393,-26.753,-0.18,2.175,0.54
ATOM,554.0,CG,GLN,39.0,38.157,17.868,-26.553,-0.18,2.175,9.45
ATOM,555.0,CD,GLN,39.0,38.38,18.687,-27.809,0.55,2.0,2.35
ATOM,556.0,H,GLN,39.0,39.849,13.975,-26.892,0.31,0.2245,0.0
ATOM,557.0,HA,GLN,39.0,40.514,16.779,-26.273,0.09,1.32,1.97
ATOM,558.0,HB2,GLN,39.0,38.463,16.188,-27.814,0.09,1.32,1.05
ATOM,559.0,HB3,GLN,39.0,37.682,15.817,-26.283,0.09,1.32,0.0
ATOM,560.0,HG2,GLN,39.0,37.124,17.97,-26.254,0.09,1.32,6.87
ATOM,561.0,HG3,GLN,39.0,38.796,18.253,-25.771,0.09,1.32,4.92
ATOM,562.0,OE1,GLN,39.0,39.022,19.736,-27.774,-0.55,1.7,41.09
ATOM,563.0,NE2,GLN,39.0,37.849,18.209,-28.929,-0.62,1.85,26.17
ATOM,564.0,HE21,GLN,39.0,37.35,17.367,-28.882,0.32,0.2245,3.64
ATOM,565.0,HE22,GLN,39.0,37.978,18.719,-29.756,0.3,0.2245,20.76
ATOM,566.0,N,GLU,40.0,40.563,16.165,-23.873,-0.47,1.85,0.59
ATOM,567.0,CA,GLU,40.0,40.533,15.922,-22.436,0.07,2.275,0.0
ATOM,568.0,C,GLU,40.0,39.165,16.246,-21.848,0.51,2.0,0.0
ATOM,569.0,O,GLU,40.0,38.596,17.304,-22.117,-0.51,1.7,10.4
ATOM,570.0,CB,GLU,40.0,41.609,16.751,-21.735,-0.18,2.175,7.19
ATOM,571.0,CG,GLU,40.0,42.436,15.951,-20.745,-0.28,2.175,3.52
ATOM,572.0,CD,GLU,40.0,43.201,16.83,-19.775,0.62,2.0,5.99
ATOM,573.0,OE1,GLU,40.0,42.781,17.988,-19.565,-0.76,1.7,33.97
ATOM,574.0,OE2,GLU,40.0,44.22,16.361,-19.226,-0.76,1.7,40.56
ATOM,575.0,H,GLU,40.0,41.27,16.731,-24.246,0.31,0.2245,6.72
ATOM,576.0,HA,GLU,40.0,40.74,14.877,-22.275,0.09,1.32,0.0
ATOM,577.0,HB2,GLU,40.0,42.274,17.162,-22.48,0.09,1.32,9.69
ATOM,578.0,HB3,GLU,40.0,41.133,17.562,-21.203,0.09,1.32,3.14
ATOM,579.0,HG2,GLU,40.0,41.774,15.31,-20.181,0.09,1.32,2.01
ATOM,580.0,HG3,GLU,40.0,43.141,15.345,-21.294,0.09,1.32,5.6
ATOM,581.0,N,THR,41.0,38.646,15.328,-21.038,-0.47,1.85,0.0
ATOM,582.0,CA,THR,41.0,37.347,15.514,-20.403,0.07,2.275,0.0
ATOM,583.0,C,THR,41.0,36.209,15.302,-21.394,0.51,2.0,0.0
ATOM,584.0,O,THR,41.0,35.299,14.51,-21.149,-0.51,1.7,0.0
ATOM,585.0,CB,THR,41.0,37.221,16.921,-19.791,0.14,2.275,3.21
ATOM,586.0,OG1,THR,41.0,38.421,17.259,-19.085,-0.66,1.77,17.07
ATOM,587.0,CG2,THR,41.0,36.033,16.995,-18.844,-0.27,2.06,14.69
ATOM,588.0,H,THR,41.0,39.15,14.507,-20.861,0.31,0.2245,0.0
ATOM,589.0,HA,THR,41.0,37.258,14.789,-19.607,0.09,1.32,0.54
ATOM,590.0,HB,THR,41.0,37.069,17.632,-20.59,0.09,1.32,3.79
ATOM,591.0,HG21,THR,41.0,36.043,16.139,-18.186,0.09,1.32,9.7
ATOM,592.0,HG22,THR,41.0,36.095,17.9,-18.258,0.09,1.32,14.16
ATOM,593.0,HG23,THR,41.0,35.117,16.999,-19.416,0.09,1.32,0.0
ATOM,594.0,HG1,THR,41.0,38.945,16.428,-18.868,0.43,0.2245,7.9
ATOM,595.0,N,ALA,42.0,36.263,16.016,-22.513,-0.47,1.85,0.33
ATOM,596.0,CA,ALA,42.0,35.232,15.904,-23.538,0.07,2.275,1.05
ATOM,597.0,C,ALA,42.0,33.929,16.546,-23.072,0.51,2.0,0.0
ATOM,598.0,O,ALA,42.0,33.45,17.51,-23.671,-0.51,1.7,11.11
ATOM,599.0,CB,ALA,42.0,35.002,14.444,-23.896,-0.27,2.06,0.14
ATOM,600.0,H,ALA,42.0,37.012,16.633,-22.652,0.31,0.2245,0.28
ATOM,601.0,HA,ALA,42.0,35.582,16.418,-24.421,0.09,1.32,0.91
ATOM,602.0,HB1,ALA,42.0,33.945,14.223,-23.847,0.09,1.32,0.01
ATOM,603.0,HB2,ALA,42.0,35.362,14.257,-24.896,0.09,1.32,0.08
ATOM,604.0,HB3,ALA,42.0,35.533,13.814,-23.198,0.09,1.32,0.0
ATOM,605.0,N,VAL,43.0,33.362,16.004,-22.0,-0.47,1.85,0.0
ATOM,606.0,CA,VAL,43.0,32.115,16.519,-21.45,0.07,2.275,0.08
ATOM,607.0,C,VAL,43.0,32.306,17.912,-20.86,0.51,2.0,0.0
ATOM,608.0,O,VAL,43.0,33.401,18.471,-20.903,-0.51,1.7,4.92
ATOM,609.0,CB,VAL,43.0,31.56,15.585,-20.359,-0.09,2.275,1.57
ATOM,610.0,CG1,VAL,43.0,31.568,14.141,-20.836,-0.27,2.06,6.44
ATOM,611.0,CG2,VAL,43.0,32.358,15.733,-19.072,-0.27,2.06,18.26
ATOM,612.0,H,VAL,43.0,33.794,15.237,-21.568,0.31,0.2245,0.0
ATOM,613.0,HA,VAL,43.0,31.392,16.573,-22.251,0.09,1.32,0.13
ATOM,614.0,HB,VAL,43.0,30.537,15.869,-20.157,0.09,1.32,2.08
ATOM,615.0,HG11,VAL,43.0,32.213,14.051,-21.698,0.09,1.32,0.06
ATOM,616.0,HG12,VAL,43.0,31.932,13.503,-20.045,0.09,1.32,1.06
ATOM,617.0,HG13,VAL,43.0,30.565,13.845,-21.105,0.09,1.32,0.0
ATOM,618.0,HG21,VAL,43.0,33.363,16.052,-19.306,0.09,1.32,0.0
ATOM,619.0,HG22,VAL,43.0,31.886,16.468,-18.437,0.09,1.32,6.14
ATOM,620.0,HG23,VAL,43.0,32.393,14.783,-18.559,0.09,1.32,9.2
ATOM,621.0,N,THR,44.0,31.232,18.467,-20.306,-0.47,1.85,0.0
ATOM,622.0,CA,THR,44.0,31.281,19.794,-19.704,0.07,2.275,0.71
ATOM,623.0,C,THR,44.0,30.166,19.976,-18.68,0.51,2.0,0.84
ATOM,624.0,O,THR,44.0,29.187,19.23,-18.674,-0.51,1.7,6.08
ATOM,625.0,CB,THR,44.0,31.168,20.902,-20.767,0.14,2.275,0.0
ATOM,626.0,OG1,THR,44.0,31.629,20.417,-22.034,-0.66,1.77,5.35
ATOM,627.0,CG2,THR,44.0,31.979,22.122,-20.36,-0.27,2.06,4.68
ATOM,628.0,H,THR,44.0,30.387,17.971,-20.3,0.31,0.2245,0.12
ATOM,629.0,HA,THR,44.0,32.235,19.898,-19.206,0.09,1.32,4.11
ATOM,630.0,HB,THR,44.0,30.131,21.191,-20.856,0.09,1.32,0.0
ATOM,631.0,HG21,THR,44.0,33.0,21.827,-20.163,0.09,1.32,9.2
ATOM,632.0,HG22,THR,44.0,31.962,22.849,-21.158,0.09,1.32,0.0
ATOM,633.0,HG23,THR,44.0,31.552,22.557,-19.468,0.09,1.32,0.08
ATOM,634.0,HG1,THR,44.0,32.322,19.7,-21.903,0.43,0.2245,0.93
ATOM,635.0,N,GLN,45.0,30.322,20.972,-17.814,-0.47,1.85,0.84
ATOM,636.0,CA,GLN,45.0,29.328,21.253,-16.784,0.07,2.275,0.26
ATOM,637.0,C,GLN,45.0,27.963,21.53,-17.406,0.51,2.0,0.0
ATOM,638.0,O,GLN,45.0,27.863,22.205,-18.431,-0.51,1.7,0.0
ATOM,639.0,CB,GLN,45.0,29.768,22.447,-15.934,-0.18,2.175,3.02
ATOM,640.0,CG,GLN,45.0,31.191,22.327,-15.412,-0.18,2.175,10.24
ATOM,641.0,CD,GLN,45.0,31.253,21.729,-14.02,0.55,2.0,2.53
ATOM,642.0,H,GLN,45.0,31.125,21.532,-17.868,0.31,0.2245,0.0
ATOM,643.0,HA,GLN,45.0,29.251,20.381,-16.151,0.09,1.32,6.94
ATOM,644.0,HB2,GLN,45.0,29.701,23.345,-16.531,0.09,1.32,0.0
ATOM,645.0,HB3,GLN,45.0,29.104,22.538,-15.087,0.09,1.32,5.31
ATOM,646.0,HG2,GLN,45.0,31.753,21.695,-16.083,0.09,1.32,1.86
ATOM,647.0,HG3,GLN,45.0,31.636,23.311,-15.387,0.09,1.32,11.49
ATOM,648.0,OE1,GLN,45.0,30.391,21.988,-13.181,-0.55,1.7,36.31
ATOM,649.0,NE2,GLN,45.0,32.278,20.924,-13.769,-0.62,1.85,29.1
ATOM,650.0,HE21,GLN,45.0,32.927,20.763,-14.485,0.32,0.2245,15.74
ATOM,651.0,HE22,GLN,45.0,32.344,20.523,-12.877,0.3,0.2245,20.61
ATOM,652.0,N,THR,46.0,26.915,21.004,-16.78,-0.47,1.85,0.0
ATOM,653.0,CA,THR,46.0,25.557,21.195,-17.274,0.07,2.275,0.0
ATOM,654.0,C,THR,46.0,24.709,21.967,-16.27,0.51,2.0,0.12
ATOM,655.0,O,THR,46.0,24.642,21.612,-15.093,-0.51,1.7,14.3
ATOM,656.0,CB,THR,46.0,24.874,19.849,-17.582,0.14,2.275,0.0
ATOM,657.0,OG1,THR,46.0,25.275,18.863,-16.623,-0.66,1.77,8.33
ATOM,658.0,CG2,THR,46.0,25.227,19.372,-18.982,-0.27,2.06,0.0
ATOM,659.0,H,THR,46.0,27.059,20.476,-15.968,0.31,0.2245,5.97
ATOM,660.0,HA,THR,46.0,25.614,21.763,-18.191,0.09,1.32,0.0
ATOM,661.0,HB,THR,46.0,23.803,19.984,-17.523,0.09,1.32,0.0
ATOM,662.0,HG21,THR,46.0,25.944,20.049,-19.423,0.09,1.32,0.0
ATOM,663.0,HG22,THR,46.0,25.653,18.381,-18.928,0.09,1.32,0.01
ATOM,664.0,HG23,THR,46.0,24.335,19.348,-19.59,0.09,1.32,0.0
ATOM,665.0,HG1,THR,46.0,24.837,17.981,-16.824,0.43,0.2245,0.0
ATOM,666.0,N,TYR,47.0,24.065,23.029,-16.745,-0.47,1.85,0.0
ATOM,667.0,CA,TYR,47.0,23.222,23.86,-15.893,0.07,2.275,0.0
ATOM,668.0,C,TYR,47.0,21.835,24.036,-16.503,0.51,2.0,0.0
ATOM,669.0,O,TYR,47.0,21.679,24.051,-17.724,-0.51,1.7,0.0
ATOM,670.0,CB,TYR,47.0,23.871,25.228,-15.681,-0.18,2.175,15.03
ATOM,671.0,CG,TYR,47.0,24.297,25.897,-16.968,0.0,1.9924,0.45
ATOM,672.0,CD1,TYR,47.0,23.354,26.387,-17.863,-0.115,1.9924,8.32
ATOM,673.0,CD2,TYR,47.0,25.641,26.037,-17.289,-0.115,1.9924,7.29
ATOM,674.0,CE1,TYR,47.0,23.739,26.996,-19.042,-0.115,1.9924,9.82
ATOM,675.0,CE2,TYR,47.0,26.033,26.645,-18.466,-0.115,1.9924,4.76
ATOM,676.0,CZ,TYR,47.0,25.079,27.122,-19.339,0.11,1.9924,1.68
ATOM,677.0,OH,TYR,47.0,25.466,27.728,-20.513,-0.54,1.77,20.28
ATOM,678.0,H,TYR,47.0,24.163,23.261,-17.691,0.31,0.2245,0.0
ATOM,679.0,HA,TYR,47.0,23.123,23.365,-14.938,0.09,1.32,4.15
ATOM,680.0,HB2,TYR,47.0,23.167,25.88,-15.185,0.09,1.32,9.81
ATOM,681.0,HB3,TYR,47.0,24.746,25.112,-15.059,0.09,1.32,9.54
ATOM,682.0,HD1,TYR,47.0,22.305,26.286,-17.627,0.115,1.3582,3.44
ATOM,683.0,HD2,TYR,47.0,26.387,25.661,-16.604,0.115,1.3582,3.91
ATOM,684.0,HE1,TYR,47.0,22.99,27.37,-19.725,0.115,1.3582,9.53
ATOM,685.0,HE2,TYR,47.0,27.082,26.744,-18.699,0.115,1.3582,0.0
ATOM,686.0,HH,TYR,47.0,26.003,27.082,-21.053,0.43,0.2245,0.16
ATOM,687.0,N,GLY,48.0,20.831,24.173,-15.643,-0.47,1.85,1.2
ATOM,688.0,CA,GLY,48.0,19.469,24.351,-16.111,-0.02,2.175,13.31
ATOM,689.0,C,GLY,48.0,19.165,23.527,-17.346,0.51,2.0,0.09
ATOM,690.0,O,GLY,48.0,19.509,22.347,-17.414,-0.51,1.7,0.0
ATOM,691.0,H,GLY,48.0,21.016,24.154,-14.681,0.31,0.2245,6.49
ATOM,692.0,HA2,GLY,48.0,18.789,24.061,-15.323,0.09,1.32,0.3
ATOM,693.0,HA3,GLY,48.0,19.312,25.394,-16.34,0.09,1.32,9.33
ATOM,694.0,N,GLY,49.0,18.516,24.151,-18.323,-0.47,1.85,0.89
ATOM,695.0,CA,GLY,49.0,18.173,23.455,-19.549,-0.02,2.175,0.38
ATOM,696.0,C,GLY,49.0,16.87,22.69,-19.432,0.51,2.0,0.0
ATOM,697.0,O,GLY,49.0,15.816,23.279,-19.192,-0.51,1.7,28.87
ATOM,698.0,H,GLY,49.0,18.267,25.092,-18.211,0.31,0.2245,10.53
ATOM,699.0,HA2,GLY,49.0,18.086,24.176,-20.347,0.09,1.32,0.06
ATOM,700.0,HA3,GLY,49.0,18.965,22.761,-19.789,0.09,1.32,0.0
ATOM,701.0,N,ASN,50.0,16.942,21.374,-19.601,-0.47,1.85,0.0
ATOM,702.0,CA,ASN,50.0,15.759,20.527,-19.512,0.07,2.275,1.09
ATOM,703.0,C,ASN,50.0,15.915,19.492,-18.401,0.51,2.0,1.06
ATOM,704.0,O,ASN,50.0,14.953,18.826,-18.02,-0.51,1.7,21.44
ATOM,705.0,CB,ASN,50.0,15.506,19.825,-20.847,-0.18,2.175,0.0
ATOM,706.0,CG,ASN,50.0,14.354,20.443,-21.615,0.55,2.0,0.18
ATOM,707.0,H,ASN,50.0,17.811,20.963,-19.789,0.31,0.2245,0.0
ATOM,708.0,HA,ASN,50.0,14.915,21.159,-19.282,0.09,1.32,4.18
ATOM,709.0,HB2,ASN,50.0,16.396,19.891,-21.456,0.09,1.32,0.0
ATOM,710.0,HB3,ASN,50.0,15.277,18.786,-20.663,0.09,1.32,0.0
ATOM,711.0,OD1,ASN,50.0,14.559,21.195,-22.568,-0.55,1.7,10.9
ATOM,712.0,ND2,ASN,50.0,13.131,20.127,-21.204,-0.62,1.85,18.9
ATOM,713.0,HD21,ASN,50.0,13.042,19.521,-20.438,0.32,0.2245,7.07
ATOM,714.0,HD22,ASN,50.0,12.368,20.512,-21.683,0.3,0.2245,20.65
ATOM,715.0,N,SER,51.0,17.134,19.363,-17.887,-0.47,1.85,0.0
ATOM,716.0,CA,SER,51.0,17.417,18.41,-16.82,0.07,2.275,2.64
ATOM,717.0,C,SER,51.0,18.045,19.107,-15.617,0.51,2.0,0.54
ATOM,718.0,O,SER,51.0,18.546,18.454,-14.701,-0.51,1.7,9.17
ATOM,719.0,CB,SER,51.0,18.347,17.307,-17.328,0.05,2.175,0.0
ATOM,720.0,OG,SER,51.0,17.608,16.188,-17.786,-0.66,1.77,3.61
ATOM,721.0,H,SER,51.0,17.861,19.922,-18.233,0.31,0.2245,0.0
ATOM,722.0,HA,SER,51.0,16.481,17.967,-16.515,0.09,1.32,7.3
ATOM,723.0,HB2,SER,51.0,18.942,17.688,-18.145,0.09,1.32,0.0
ATOM,724.0,HB3,SER,51.0,18.998,16.99,-16.526,0.09,1.32,0.0
ATOM,725.0,HG,SER,51.0,18.039,15.348,-17.46,0.43,0.2245,1.03
ATOM,726.0,N,ASN,52.0,18.016,20.436,-15.625,-0.47,1.85,1.19
ATOM,727.0,CA,ASN,52.0,18.582,21.219,-14.533,0.07,2.275,0.71
ATOM,728.0,C,ASN,52.0,20.002,20.763,-14.216,0.51,2.0,0.0
ATOM,729.0,O,ASN,52.0,20.442,20.82,-13.067,-0.51,1.7,8.75
ATOM,730.0,CB,ASN,52.0,17.703,21.099,-13.287,-0.18,2.175,12.18
ATOM,731.0,CG,ASN,52.0,18.209,21.949,-12.138,0.55,2.0,2.13
ATOM,732.0,H,ASN,52.0,17.603,20.901,-16.381,0.31,0.2245,1.2
ATOM,733.0,HA,ASN,52.0,18.609,22.252,-14.846,0.09,1.32,0.0
ATOM,734.0,HB2,ASN,52.0,16.7,21.416,-13.53,0.09,1.32,11.77
ATOM,735.0,HB3,ASN,52.0,17.682,20.068,-12.967,0.09,1.32,6.84
ATOM,736.0,OD1,ASN,52.0,18.872,21.453,-11.228,-0.55,1.7,32.47
ATOM,737.0,ND2,ASN,52.0,17.895,23.239,-12.175,-0.62,1.85,20.68
ATOM,738.0,HD21,ASN,52.0,17.363,23.565,-12.931,0.32,0.2245,10.54
ATOM,739.0,HD22,ASN,52.0,18.209,23.813,-11.445,0.3,0.2245,20.56
ATOM,740.0,N,GLY,53.0,20.716,20.311,-15.242,-0.47,1.85,0.0
ATOM,741.0,CA,GLY,53.0,22.08,19.852,-15.053,-0.02,2.175,0.83
ATOM,742.0,C,GLY,53.0,22.147,18.445,-14.494,0.51,2.0,1.93
ATOM,743.0,O,GLY,53.0,21.634,18.176,-13.408,-0.51,1.7,18.54
ATOM,744.0,H,GLY,53.0,20.313,20.288,-16.135,0.31,0.2245,0.0
ATOM,745.0,HA2,GLY,53.0,22.59,19.874,-16.004,0.09,1.32,0.0
ATOM,746.0,HA3,GLY,53.0,22.582,20.523,-14.371,0.09,1.32,2.59
ATOM,747.0,N,GLU,54.0,22.78,17.544,-15.238,-0.47,1.85,0.46
ATOM,748.0,CA,GLU,54.0,22.911,16.156,-14.813,0.07,2.275,2.85
ATOM,749.0,C,GLU,54.0,23.909,15.412,-15.7,0.51,2.0,1.42
ATOM,750.0,O,GLU,54.0,24.305,15.908,-16.755,-0.51,1.7,0.79
ATOM,751.0,CB,GLU,54.0,21.538,15.469,-14.834,-0.18,2.175,4.77
ATOM,752.0,CG,GLU,54.0,21.294,14.6,-16.058,-0.28,2.175,0.0
ATOM,753.0,CD,GLU,54.0,19.868,14.091,-16.137,0.62,2.0,2.02
ATOM,754.0,OE1,GLU,54.0,18.938,14.925,-16.122,-0.76,1.7,10.77
ATOM,755.0,OE2,GLU,54.0,19.68,12.859,-16.212,-0.76,1.7,26.6
ATOM,756.0,H,GLU,54.0,23.167,17.82,-16.096,0.31,0.2245,0.0
ATOM,757.0,HA,GLU,54.0,23.285,16.156,-13.8,0.09,1.32,6.44
ATOM,758.0,HB2,GLU,54.0,21.447,14.848,-13.957,0.09,1.32,7.34
ATOM,759.0,HB3,GLU,54.0,20.772,16.229,-14.803,0.09,1.32,0.0
ATOM,760.0,HG2,GLU,54.0,21.502,15.181,-16.944,0.09,1.32,0.0
ATOM,761.0,HG3,GLU,54.0,21.962,13.753,-16.019,0.09,1.32,0.0
ATOM,762.0,N,PRO,55.0,24.328,14.207,-15.282,-0.29,1.85,0.91
ATOM,763.0,CA,PRO,55.0,25.283,13.395,-16.043,0.02,2.275,3.51
ATOM,764.0,C,PRO,55.0,24.744,13.003,-17.415,0.51,2.0,0.0
ATOM,765.0,O,PRO,55.0,23.972,12.053,-17.541,-0.51,1.7,5.49
ATOM,766.0,CB,PRO,55.0,25.485,12.151,-15.17,-0.18,2.175,15.99
ATOM,767.0,CG,PRO,55.0,24.3,12.112,-14.267,-0.18,2.175,17.44
ATOM,768.0,CD,PRO,55.0,23.905,13.543,-14.039,0.0,2.175,10.11
ATOM,769.0,HA,PRO,55.0,26.226,13.909,-16.165,0.09,1.32,11.14
ATOM,770.0,HB2,PRO,55.0,25.531,11.273,-15.798,0.09,1.32,7.8
ATOM,771.0,HB3,PRO,55.0,26.403,12.247,-14.61,0.09,1.32,14.76
ATOM,772.0,HG2,PRO,55.0,23.494,11.572,-14.742,0.09,1.32,7.24
ATOM,773.0,HG3,PRO,55.0,24.567,11.644,-13.331,0.09,1.32,14.89
ATOM,774.0,HD2,PRO,55.0,22.837,13.622,-13.902,0.09,1.32,1.82
ATOM,775.0,HD3,PRO,55.0,24.429,13.95,-13.187,0.09,1.32,13.26
ATOM,776.0,N,CYS,56.0,25.157,13.742,-18.44,-0.47,1.85,2.01
ATOM,777.0,CA,CYS,56.0,24.715,13.472,-19.803,0.07,2.275,0.0
ATOM,778.0,C,CYS,56.0,24.873,11.992,-20.14,0.51,2.0,0.0
ATOM,779.0,O,CYS,56.0,25.455,11.23,-19.37,-0.51,1.7,14.76
ATOM,780.0,CB,CYS,56.0,25.507,14.323,-20.798,-0.1,2.175,0.73
ATOM,781.0,SG,CYS,56.0,25.791,16.038,-20.251,-0.08,1.975,3.8
ATOM,782.0,H,CYS,56.0,25.773,14.487,-18.275,0.31,0.2245,2.64
ATOM,783.0,HA,CYS,56.0,23.67,13.734,-19.87,0.09,1.32,0.0
ATOM,784.0,HB2,CYS,56.0,26.472,13.868,-20.962,0.09,1.32,0.5
ATOM,785.0,HB3,CYS,56.0,24.969,14.361,-21.734,0.09,1.32,0.0
ATOM,786.0,N,VAL,57.0,24.348,11.592,-21.294,-0.47,1.85,0.0
ATOM,787.0,CA,VAL,57.0,24.429,10.202,-21.727,0.07,2.275,0.0
ATOM,788.0,C,VAL,57.0,25.022,10.092,-23.13,0.51,2.0,0.06
ATOM,789.0,O,VAL,57.0,24.349,9.664,-24.068,-0.51,1.7,2.5
ATOM,790.0,CB,VAL,57.0,23.044,9.527,-21.71,-0.09,2.275,1.19
ATOM,791.0,CG1,VAL,57.0,22.161,10.083,-22.816,-0.27,2.06,0.0
ATOM,792.0,CG2,VAL,57.0,23.182,8.018,-21.836,-0.27,2.06,22.47
ATOM,793.0,H,VAL,57.0,23.893,12.245,-21.866,0.31,0.2245,0.0
ATOM,794.0,HA,VAL,57.0,25.071,9.676,-21.035,0.09,1.32,4.56
ATOM,795.0,HB,VAL,57.0,22.573,9.745,-20.762,0.09,1.32,1.42
ATOM,796.0,HG11,VAL,57.0,22.581,11.008,-23.182,0.09,1.32,0.0
ATOM,797.0,HG12,VAL,57.0,22.105,9.369,-23.625,0.09,1.32,0.0
ATOM,798.0,HG13,VAL,57.0,21.171,10.266,-22.429,0.09,1.32,0.0
ATOM,799.0,HG21,VAL,57.0,24.157,7.715,-21.485,0.09,1.32,9.43
ATOM,800.0,HG22,VAL,57.0,22.42,7.535,-21.242,0.09,1.32,5.8
ATOM,801.0,HG23,VAL,57.0,23.067,7.731,-22.871,0.09,1.32,2.31
ATOM,802.0,N,LEU,58.0,26.286,10.477,-23.267,-0.47,1.85,0.0
ATOM,803.0,CA,LEU,58.0,26.963,10.416,-24.558,0.07,2.275,0.0
ATOM,804.0,C,LEU,58.0,28.034,9.332,-24.564,0.51,2.0,1.25
ATOM,805.0,O,LEU,58.0,28.389,8.785,-23.519,-0.51,1.7,21.86
ATOM,806.0,CB,LEU,58.0,27.59,11.769,-24.914,-0.18,2.175,0.0
ATOM,807.0,CG,LEU,58.0,27.729,12.763,-23.758,-0.09,2.275,0.05
ATOM,808.0,CD1,LEU,58.0,26.365,13.13,-23.196,-0.27,2.06,0.0
ATOM,809.0,CD2,LEU,58.0,28.626,12.194,-22.668,-0.27,2.06,6.27
ATOM,810.0,H,LEU,58.0,26.773,10.806,-22.484,0.31,0.2245,0.28
ATOM,811.0,HA,LEU,58.0,26.221,10.17,-25.304,0.09,1.32,0.0
ATOM,812.0,HB2,LEU,58.0,28.575,11.586,-25.319,0.09,1.32,0.0
ATOM,813.0,HB3,LEU,58.0,26.986,12.229,-25.681,0.09,1.32,0.0
ATOM,814.0,HG,LEU,58.0,28.188,13.668,-24.128,0.09,1.32,0.0
ATOM,815.0,HD11,LEU,58.0,25.6,12.884,-23.919,0.09,1.32,0.0
ATOM,816.0,HD12,LEU,58.0,26.189,12.578,-22.285,0.09,1.32,0.0
ATOM,817.0,HD13,LEU,58.0,26.335,14.189,-22.988,0.09,1.32,0.01
ATOM,818.0,HD21,LEU,58.0,29.047,11.257,-23.001,0.09,1.32,0.89
ATOM,819.0,HD22,LEU,58.0,29.422,12.892,-22.457,0.09,1.32,0.0
ATOM,820.0,HD23,LEU,58.0,28.044,12.03,-21.773,0.09,1.32,1.91
ATOM,821.0,N,PRO,59.0,28.562,9.008,-25.753,-0.29,1.85,0.0
ATOM,822.0,CA,PRO,59.0,28.148,9.651,-27.003,0.02,2.275,0.0
ATOM,823.0,C,PRO,59.0,26.74,9.246,-27.428,0.51,2.0,0.0
ATOM,824.0,O,PRO,59.0,26.425,8.06,-27.518,-0.51,1.7,19.38
ATOM,825.0,CB,PRO,59.0,29.177,9.15,-28.017,-0.18,2.175,0.0
ATOM,826.0,CG,PRO,59.0,29.645,7.848,-27.468,-0.18,2.175,10.85
ATOM,827.0,CD,PRO,59.0,29.605,7.99,-25.971,0.0,2.175,8.02
ATOM,828.0,HA,PRO,59.0,28.204,10.726,-26.93,0.09,1.32,0.0
ATOM,829.0,HB2,PRO,59.0,28.705,9.028,-28.982,0.09,1.32,0.0
ATOM,830.0,HB3,PRO,59.0,29.987,9.86,-28.093,0.09,1.32,0.0
ATOM,831.0,HG2,PRO,59.0,28.983,7.056,-27.788,0.09,1.32,9.34
ATOM,832.0,HG3,PRO,59.0,30.654,7.651,-27.799,0.09,1.32,0.49
ATOM,833.0,HD2,PRO,59.0,29.331,7.053,-25.51,0.09,1.32,13.14
ATOM,834.0,HD3,PRO,59.0,30.559,8.331,-25.599,0.09,1.32,0.0
ATOM,835.0,N,PHE,60.0,25.898,10.241,-27.694,-0.47,1.85,0.0
ATOM,836.0,CA,PHE,60.0,24.526,9.988,-28.117,0.07,2.275,0.04
ATOM,837.0,C,PHE,60.0,24.372,10.247,-29.61,0.51,2.0,0.03
ATOM,838.0,O,PHE,60.0,25.344,10.551,-30.3,-0.51,1.7,0.0
ATOM,839.0,CB,PHE,60.0,23.555,10.874,-27.335,-0.18,2.175,0.0
ATOM,840.0,CG,PHE,60.0,23.964,12.318,-27.298,0.0,1.9924,0.0
ATOM,841.0,CD1,PHE,60.0,23.959,13.082,-28.454,-0.115,1.9924,0.31
ATOM,842.0,CD2,PHE,60.0,24.355,12.911,-26.109,-0.115,1.9924,0.0
ATOM,843.0,CE1,PHE,60.0,24.337,14.41,-28.425,-0.115,1.9924,0.0
ATOM,844.0,CE2,PHE,60.0,24.734,14.239,-26.073,-0.115,1.9924,0.0
ATOM,845.0,CZ,PHE,60.0,24.725,14.989,-27.232,-0.115,1.9924,0.0
ATOM,846.0,H,PHE,60.0,26.208,11.167,-27.61,0.31,0.2245,0.0
ATOM,847.0,HA,PHE,60.0,24.3,8.952,-27.915,0.09,1.32,5.88
ATOM,848.0,HB2,PHE,60.0,22.578,10.818,-27.794,0.09,1.32,0.08
ATOM,849.0,HB3,PHE,60.0,23.49,10.518,-26.318,0.09,1.32,0.0
ATOM,850.0,HD1,PHE,60.0,23.655,12.63,-29.387,0.115,1.3582,0.0
ATOM,851.0,HD2,PHE,60.0,24.362,12.324,-25.203,0.115,1.3582,0.0
ATOM,852.0,HE1,PHE,60.0,24.329,14.995,-29.333,0.115,1.3582,0.0
ATOM,853.0,HE2,PHE,60.0,25.037,14.689,-25.139,0.115,1.3582,0.0
ATOM,854.0,HZ,PHE,60.0,25.021,16.027,-27.207,0.115,1.3582,0.0
ATOM,855.0,N,THR,61.0,23.146,10.128,-30.104,-0.47,1.85,0.0
ATOM,856.0,CA,THR,61.0,22.872,10.353,-31.517,0.07,2.275,0.0
ATOM,857.0,C,THR,61.0,21.802,11.423,-31.705,0.51,2.0,0.0
ATOM,858.0,O,THR,61.0,20.693,11.305,-31.184,-0.51,1.7,2.5
ATOM,859.0,CB,THR,61.0,22.415,9.058,-32.214,0.14,2.275,5.18
ATOM,860.0,OG1,THR,61.0,22.656,7.932,-31.363,-0.66,1.77,26.26
ATOM,861.0,CG2,THR,61.0,23.145,8.866,-33.534,-0.27,2.06,12.43
ATOM,862.0,H,THR,61.0,22.409,9.885,-29.506,0.31,0.2245,1.29
ATOM,863.0,HA,THR,61.0,23.788,10.686,-31.983,0.09,1.32,0.0
ATOM,864.0,HB,THR,61.0,21.355,9.128,-32.413,0.09,1.32,2.32
ATOM,865.0,HG21,THR,61.0,24.209,8.952,-33.372,0.09,1.32,0.0
ATOM,866.0,HG22,THR,61.0,22.92,7.887,-33.931,0.09,1.32,14.35
ATOM,867.0,HG23,THR,61.0,22.825,9.622,-34.237,0.09,1.32,0.0
ATOM,868.0,HG1,THR,61.0,22.977,8.238,-30.46,0.43,0.2245,4.66
ATOM,869.0,N,TYR,62.0,22.142,12.466,-32.454,-0.47,1.85,0.0
ATOM,870.0,CA,TYR,62.0,21.21,13.556,-32.715,0.07,2.275,0.0
ATOM,871.0,C,TYR,62.0,21.315,14.023,-34.162,0.51,2.0,0.0
ATOM,872.0,O,TYR,62.0,22.408,14.281,-34.664,-0.51,1.7,0.0
ATOM,873.0,CB,TYR,62.0,21.479,14.729,-31.771,-0.18,2.175,0.0
ATOM,874.0,CG,TYR,62.0,20.616,15.936,-32.056,0.0,1.9924,0.0
ATOM,875.0,CD1,TYR,62.0,19.262,15.933,-31.747,-0.115,1.9924,0.25
ATOM,876.0,CD2,TYR,62.0,21.154,17.077,-32.638,-0.115,1.9924,0.0
ATOM,877.0,CE1,TYR,62.0,18.467,17.033,-32.01,-0.115,1.9924,7.31
ATOM,878.0,CE2,TYR,62.0,20.366,18.182,-32.903,-0.115,1.9924,0.0
ATOM,879.0,CZ,TYR,62.0,19.024,18.154,-32.587,0.11,1.9924,0.07
ATOM,880.0,OH,TYR,62.0,18.237,19.251,-32.85,-0.54,1.77,12.85
ATOM,881.0,H,TYR,62.0,23.041,12.503,-32.844,0.31,0.2245,0.0
ATOM,882.0,HA,TYR,62.0,20.211,13.186,-32.539,0.09,1.32,0.0
ATOM,883.0,HB2,TYR,62.0,21.288,14.417,-30.755,0.09,1.32,0.09
ATOM,884.0,HB3,TYR,62.0,22.512,15.029,-31.864,0.09,1.32,0.0
ATOM,885.0,HD1,TYR,62.0,18.829,15.053,-31.295,0.115,1.3582,0.0
ATOM,886.0,HD2,TYR,62.0,22.205,17.094,-32.885,0.115,1.3582,0.0
ATOM,887.0,HE1,TYR,62.0,17.417,17.012,-31.762,0.115,1.3582,7.76
ATOM,888.0,HE2,TYR,62.0,20.803,19.06,-33.356,0.115,1.3582,0.0
ATOM,889.0,HH,TYR,62.0,18.369,19.529,-33.8,0.43,0.2245,11.54
ATOM,890.0,N,ASN,63.0,20.17,14.127,-34.827,-0.47,1.85,0.0
ATOM,891.0,CA,ASN,63.0,20.135,14.56,-36.218,0.07,2.275,3.65
ATOM,892.0,C,ASN,63.0,20.7,13.482,-37.138,0.51,2.0,1.98
ATOM,893.0,O,ASN,63.0,20.829,13.688,-38.345,-0.51,1.7,25.73
ATOM,894.0,CB,ASN,63.0,20.925,15.859,-36.388,-0.18,2.175,0.65
ATOM,895.0,CG,ASN,63.0,20.079,16.982,-36.951,0.55,2.0,2.04
ATOM,896.0,H,ASN,63.0,19.33,13.906,-34.373,0.31,0.2245,3.6
ATOM,897.0,HA,ASN,63.0,19.104,14.739,-36.483,0.09,1.32,7.79
ATOM,898.0,HB2,ASN,63.0,21.306,16.171,-35.428,0.09,1.32,0.0
ATOM,899.0,HB3,ASN,63.0,21.753,15.685,-37.06,0.09,1.32,1.37
ATOM,900.0,OD1,ASN,63.0,18.986,16.752,-37.47,-0.55,1.7,32.88
ATOM,901.0,ND2,ASN,63.0,20.581,18.205,-36.849,-0.62,1.85,13.46
ATOM,902.0,HD21,ASN,63.0,21.458,18.312,-36.424,0.32,0.2245,0.62
ATOM,903.0,HD22,ASN,63.0,20.056,18.952,-37.203,0.3,0.2245,17.72
ATOM,904.0,N,GLY,64.0,21.035,12.33,-36.562,-0.47,1.85,1.78
ATOM,905.0,CA,GLY,64.0,21.58,11.238,-37.348,-0.02,2.175,15.56
ATOM,906.0,C,GLY,64.0,23.055,11.006,-37.083,0.51,2.0,1.78
ATOM,907.0,O,GLY,64.0,23.608,9.977,-37.472,-0.51,1.7,28.89
ATOM,908.0,H,GLY,64.0,20.91,12.221,-35.596,0.31,0.2245,0.0
ATOM,909.0,HA2,GLY,64.0,21.038,10.334,-37.111,0.09,1.32,12.03
ATOM,910.0,HA3,GLY,64.0,21.445,11.461,-38.395,0.09,1.32,9.11
ATOM,911.0,N,ARG,65.0,23.693,11.964,-36.421,-0.47,1.85,0.38
ATOM,912.0,CA,ARG,65.0,25.113,11.86,-36.106,0.07,2.275,1.23
ATOM,913.0,C,ARG,65.0,25.317,11.486,-34.641,0.51,2.0,0.0
ATOM,914.0,O,ARG,65.0,24.377,11.074,-33.963,-0.51,1.7,0.0
ATOM,915.0,CB,ARG,65.0,25.821,13.179,-36.419,-0.18,2.175,7.7
ATOM,916.0,CG,ARG,65.0,25.274,14.364,-35.642,-0.18,2.175,0.0
ATOM,917.0,CD,ARG,65.0,24.491,15.307,-36.541,0.2,2.175,1.61
ATOM,918.0,NE,ARG,65.0,24.965,16.684,-36.432,-0.7,1.85,2.11
ATOM,919.0,CZ,ARG,65.0,26.084,17.123,-36.998,0.64,2.0,1.62
ATOM,920.0,NH1,ARG,65.0,26.838,16.296,-37.709,-0.8,1.85,21.83
ATOM,921.0,NH2,ARG,65.0,26.451,18.389,-36.852,-0.8,1.85,9.33
ATOM,922.0,H,ARG,65.0,23.198,12.76,-36.137,0.31,0.2245,0.0
ATOM,923.0,HA,ARG,65.0,25.532,11.081,-36.726,0.09,1.32,8.67
ATOM,924.0,HB2,ARG,65.0,26.87,13.076,-36.186,0.09,1.32,5.99
ATOM,925.0,HB3,ARG,65.0,25.715,13.388,-37.473,0.09,1.32,6.16
ATOM,926.0,HG2,ARG,65.0,24.621,14.001,-34.863,0.09,1.32,0.0
ATOM,927.0,HG3,ARG,65.0,26.1,14.903,-35.202,0.09,1.32,0.64
ATOM,928.0,HD2,ARG,65.0,24.597,14.98,-37.565,0.09,1.32,5.43
ATOM,929.0,HD3,ARG,65.0,23.449,15.271,-36.258,0.09,1.32,0.0
ATOM,930.0,HE,ARG,65.0,24.422,17.312,-35.911,0.44,0.2245,0.0
ATOM,931.0,HH11,ARG,65.0,26.565,15.341,-37.82,0.46,0.2245,2.82
ATOM,932.0,HH12,ARG,65.0,27.68,16.628,-38.134,0.46,0.2245,18.34
ATOM,933.0,HH21,ARG,65.0,25.884,19.016,-36.317,0.46,0.2245,0.0
ATOM,934.0,HH22,ARG,65.0,27.294,18.718,-37.279,0.46,0.2245,15.67
ATOM,935.0,N,THR,66.0,26.548,11.627,-34.158,-0.47,1.85,0.67
ATOM,936.0,CA,THR,66.0,26.864,11.296,-32.772,0.07,2.275,0.0
ATOM,937.0,C,THR,66.0,27.654,12.412,-32.097,0.51,2.0,0.0
ATOM,938.0,O,THR,66.0,28.36,13.174,-32.757,-0.51,1.7,15.93
ATOM,939.0,CB,THR,66.0,27.667,9.986,-32.68,0.14,2.275,4.75
ATOM,940.0,OG1,THR,66.0,26.941,8.922,-33.305,-0.66,1.77,21.08
ATOM,941.0,CG2,THR,66.0,27.952,9.625,-31.23,-0.27,2.06,4.44
ATOM,942.0,H,THR,66.0,27.259,11.959,-34.745,0.31,0.2245,4.52
ATOM,943.0,HA,THR,66.0,25.932,11.159,-32.243,0.09,1.32,0.0
ATOM,944.0,HB,THR,66.0,28.608,10.119,-33.194,0.09,1.32,8.56
ATOM,945.0,HG21,THR,66.0,28.406,10.469,-30.732,0.09,1.32,0.0
ATOM,946.0,HG22,THR,66.0,27.027,9.368,-30.735,0.09,1.32,0.49
ATOM,947.0,HG23,THR,66.0,28.625,8.781,-31.195,0.09,1.32,5.17
ATOM,948.0,HG1,THR,66.0,26.227,9.293,-33.908,0.43,0.2245,2.54
ATOM,949.0,N,PHE,67.0,27.53,12.501,-30.776,-0.47,1.85,0.0
ATOM,950.0,CA,PHE,67.0,28.231,13.522,-30.005,0.07,2.275,0.39
ATOM,951.0,C,PHE,67.0,28.678,12.969,-28.656,0.51,2.0,0.0
ATOM,952.0,O,PHE,67.0,27.852,12.567,-27.837,-0.51,1.7,0.0
ATOM,953.0,CB,PHE,67.0,27.331,14.739,-29.794,-0.18,2.175,0.15
ATOM,954.0,CG,PHE,67.0,26.584,15.153,-31.027,0.0,1.9924,0.0
ATOM,955.0,CD1,PHE,67.0,25.492,14.424,-31.469,-0.115,1.9924,0.0
ATOM,956.0,CD2,PHE,67.0,26.973,16.273,-31.744,-0.115,1.9924,3.4
ATOM,957.0,CE1,PHE,67.0,24.802,14.804,-32.603,-0.115,1.9924,0.0
ATOM,958.0,CE2,PHE,67.0,26.286,16.657,-32.88,-0.115,1.9924,3.3
ATOM,959.0,CZ,PHE,67.0,25.199,15.922,-33.309,-0.115,1.9924,0.0
ATOM,960.0,H,PHE,67.0,26.952,11.862,-30.307,0.31,0.2245,0.0
ATOM,961.0,HA,PHE,67.0,29.103,13.821,-30.566,0.09,1.32,4.74
ATOM,962.0,HB2,PHE,67.0,26.605,14.513,-29.028,0.09,1.32,0.0
ATOM,963.0,HB3,PHE,67.0,27.936,15.575,-29.474,0.09,1.32,1.48
ATOM,964.0,HD1,PHE,67.0,25.181,13.549,-30.917,0.115,1.3582,0.0
ATOM,965.0,HD2,PHE,67.0,27.823,16.848,-31.409,0.115,1.3582,7.74
ATOM,966.0,HE1,PHE,67.0,23.952,14.227,-32.937,0.115,1.3582,0.0
ATOM,967.0,HE2,PHE,67.0,26.599,17.532,-33.43,0.115,1.3582,1.87
ATOM,968.0,HZ,PHE,67.0,24.662,16.219,-34.197,0.115,1.3582,0.0
ATOM,969.0,N,TYR,68.0,29.988,12.952,-28.431,-0.47,1.85,0.03
ATOM,970.0,CA,TYR,68.0,30.541,12.445,-27.181,0.07,2.275,0.0
ATOM,971.0,C,TYR,68.0,30.485,13.505,-26.083,0.51,2.0,0.0
ATOM,972.0,O,TYR,68.0,30.989,13.293,-24.98,-0.51,1.7,0.74
ATOM,973.0,CB,TYR,68.0,31.987,11.991,-27.39,-0.18,2.175,0.0
ATOM,974.0,CG,TYR,68.0,32.127,10.789,-28.3,0.0,1.9924,0.0
ATOM,975.0,CD1,TYR,68.0,31.578,10.789,-29.576,-0.115,1.9924,1.13
ATOM,976.0,CD2,TYR,68.0,32.815,9.657,-27.883,-0.115,1.9924,0.0
ATOM,977.0,CE1,TYR,68.0,31.71,9.694,-30.409,-0.115,1.9924,0.69
ATOM,978.0,CE2,TYR,68.0,32.951,8.558,-28.709,-0.115,1.9924,0.32
ATOM,979.0,CZ,TYR,68.0,32.397,8.582,-29.972,0.11,1.9924,0.0
ATOM,980.0,OH,TYR,68.0,32.53,7.49,-30.799,-0.54,1.77,23.1
ATOM,981.0,H,TYR,68.0,30.597,13.286,-29.121,0.31,0.2245,5.53
ATOM,982.0,HA,TYR,68.0,29.948,11.596,-26.877,0.09,1.32,0.0
ATOM,983.0,HB2,TYR,68.0,32.551,12.802,-27.827,0.09,1.32,0.43
ATOM,984.0,HB3,TYR,68.0,32.418,11.736,-26.433,0.09,1.32,0.0
ATOM,985.0,HD1,TYR,68.0,31.04,11.661,-29.916,0.115,1.3582,1.4
ATOM,986.0,HD2,TYR,68.0,33.246,9.639,-26.894,0.115,1.3582,0.0
ATOM,987.0,HE1,TYR,68.0,31.276,9.713,-31.398,0.115,1.3582,6.03
ATOM,988.0,HE2,TYR,68.0,33.491,7.688,-28.366,0.115,1.3582,3.4
ATOM,989.0,HH,TYR,68.0,33.317,7.627,-31.398,0.43,0.2245,0.08
ATOM,990.0,N,SER,69.0,29.872,14.645,-26.389,-0.47,1.85,0.06
ATOM,991.0,CA,SER,69.0,29.757,15.732,-25.421,0.07,2.275,0.0
ATOM,992.0,C,SER,69.0,28.745,16.776,-25.883,0.51,2.0,0.0
ATOM,993.0,O,SER,69.0,28.061,16.59,-26.89,-0.51,1.7,0.01
ATOM,994.0,CB,SER,69.0,31.12,16.39,-25.201,0.05,2.175,2.96
ATOM,995.0,OG,SER,69.0,32.144,15.682,-25.877,-0.66,1.77,6.81
ATOM,996.0,H,SER,69.0,29.49,14.759,-27.284,0.31,0.2245,0.6
ATOM,997.0,HA,SER,69.0,29.417,15.309,-24.488,0.09,1.32,0.8
ATOM,998.0,HB2,SER,69.0,31.093,17.403,-25.575,0.09,1.32,5.16
ATOM,999.0,HB3,SER,69.0,31.344,16.403,-24.144,0.09,1.32,0.0
ATOM,1000.0,HG,SER,69.0,31.779,15.296,-26.723,0.43,0.2245,5.43
ATOM,1001.0,N,CYS,70.0,28.656,17.875,-25.139,-0.47,1.85,0.07
ATOM,1002.0,CA,CYS,70.0,27.732,18.951,-25.467,0.07,2.275,0.0
ATOM,1003.0,C,CYS,70.0,27.826,19.321,-26.944,0.51,2.0,0.04
ATOM,1004.0,O,CYS,70.0,28.693,18.827,-27.663,-0.51,1.7,13.96
ATOM,1005.0,CB,CYS,70.0,28.024,20.175,-24.599,-0.1,2.175,0.0
ATOM,1006.0,SG,CYS,70.0,28.024,19.836,-22.808,-0.08,1.975,0.34
ATOM,1007.0,H,CYS,70.0,29.228,17.967,-24.35,0.31,0.2245,0.12
ATOM,1008.0,HA,CYS,70.0,26.731,18.603,-25.258,0.09,1.32,0.0
ATOM,1009.0,HB2,CYS,70.0,28.996,20.567,-24.858,0.09,1.32,2.49
ATOM,1010.0,HB3,CYS,70.0,27.278,20.927,-24.791,0.09,1.32,0.0
ATOM,1011.0,N,THR,71.0,26.926,20.19,-27.389,-0.47,1.85,0.0
ATOM,1012.0,CA,THR,71.0,26.906,20.623,-28.781,0.07,2.275,0.0
ATOM,1013.0,C,THR,71.0,25.773,21.611,-29.033,0.51,2.0,0.0
ATOM,1014.0,O,THR,71.0,24.79,21.647,-28.292,-0.51,1.7,0.0
ATOM,1015.0,CB,THR,71.0,26.75,19.427,-29.737,0.14,2.275,1.42
ATOM,1016.0,OG1,THR,71.0,27.096,19.816,-31.072,-0.66,1.77,9.98
ATOM,1017.0,CG2,THR,71.0,25.323,18.9,-29.711,-0.27,2.06,0.0
ATOM,1018.0,H,THR,71.0,26.258,20.548,-26.767,0.31,0.2245,0.0
ATOM,1019.0,HA,THR,71.0,27.848,21.108,-28.994,0.09,1.32,6.91
ATOM,1020.0,HB,THR,71.0,27.414,18.639,-29.416,0.09,1.32,0.0
ATOM,1021.0,HG21,THR,71.0,24.634,19.719,-29.855,0.09,1.32,0.0
ATOM,1022.0,HG22,THR,71.0,25.192,18.176,-30.501,0.09,1.32,0.0
ATOM,1023.0,HG23,THR,71.0,25.132,18.431,-28.757,0.09,1.32,0.0
ATOM,1024.0,HG1,THR,71.0,26.266,19.946,-31.624,0.43,0.2245,0.0
ATOM,1025.0,N,THR,72.0,25.916,22.411,-30.084,-0.47,1.85,0.0
ATOM,1026.0,CA,THR,72.0,24.904,23.398,-30.435,0.07,2.275,0.0
ATOM,1027.0,C,THR,72.0,24.348,23.14,-31.832,0.51,2.0,0.0
ATOM,1028.0,O,THR,72.0,24.117,24.072,-32.602,-0.51,1.7,8.26
ATOM,1029.0,CB,THR,72.0,25.471,24.828,-30.374,0.14,2.275,1.06
ATOM,1030.0,OG1,THR,72.0,26.882,24.807,-30.625,-0.66,1.77,20.87
ATOM,1031.0,CG2,THR,72.0,25.203,25.46,-29.015,-0.27,2.06,0.0
ATOM,1032.0,H,THR,72.0,26.722,22.334,-30.636,0.31,0.2245,2.26
ATOM,1033.0,HA,THR,72.0,24.1,23.322,-29.717,0.09,1.32,0.0
ATOM,1034.0,HB,THR,72.0,24.987,25.425,-31.133,0.09,1.32,1.96
ATOM,1035.0,HG21,THR,72.0,25.3,24.709,-28.244,0.09,1.32,0.0
ATOM,1036.0,HG22,THR,72.0,25.916,26.251,-28.838,0.09,1.32,0.03
ATOM,1037.0,HG23,THR,72.0,24.202,25.866,-28.997,0.09,1.32,0.0
ATOM,1038.0,HG1,THR,72.0,27.317,24.059,-30.113,0.43,0.2245,4.84
ATOM,1039.0,N,GLU,73.0,24.138,21.867,-32.151,-0.47,1.85,0.0
ATOM,1040.0,CA,GLU,73.0,23.612,21.48,-33.456,0.07,2.275,1.21
ATOM,1041.0,C,GLU,73.0,22.094,21.33,-33.416,0.51,2.0,0.36
ATOM,1042.0,O,GLU,73.0,21.48,20.871,-34.38,-0.51,1.7,11.46
ATOM,1043.0,CB,GLU,73.0,24.251,20.169,-33.913,-0.18,2.175,0.0
ATOM,1044.0,CG,GLU,73.0,25.742,20.284,-34.182,-0.28,2.175,4.22
ATOM,1045.0,CD,GLU,73.0,26.051,21.166,-35.377,0.62,2.0,1.19
ATOM,1046.0,OE1,GLU,73.0,25.651,20.801,-36.503,-0.76,1.7,22.91
ATOM,1047.0,OE2,GLU,73.0,26.693,22.22,-35.187,-0.76,1.7,37.98
ATOM,1048.0,H,GLU,73.0,24.343,21.169,-31.494,0.31,0.2245,0.0
ATOM,1049.0,HA,GLU,73.0,23.866,22.258,-34.16,0.09,1.32,4.49
ATOM,1050.0,HB2,GLU,73.0,24.102,19.423,-33.146,0.09,1.32,0.0
ATOM,1051.0,HB3,GLU,73.0,23.767,19.842,-34.82,0.09,1.32,0.2
ATOM,1052.0,HG2,GLU,73.0,26.221,20.706,-33.311,0.09,1.32,0.24
ATOM,1053.0,HG3,GLU,73.0,26.139,19.297,-34.368,0.09,1.32,0.0
ATOM,1054.0,N,GLY,74.0,21.493,21.716,-32.296,-0.47,1.85,0.0
ATOM,1055.0,CA,GLY,74.0,20.053,21.612,-32.156,-0.02,2.175,0.89
ATOM,1056.0,C,GLY,74.0,19.378,22.964,-32.033,0.51,2.0,2.0
ATOM,1057.0,O,GLY,74.0,18.155,23.045,-31.913,-0.51,1.7,29.86
ATOM,1058.0,H,GLY,74.0,22.031,22.071,-31.558,0.31,0.2245,0.0
ATOM,1059.0,HA2,GLY,74.0,19.655,21.102,-33.021,0.09,1.32,0.44
ATOM,1060.0,HA3,GLY,74.0,19.829,21.029,-31.274,0.09,1.32,1.17
ATOM,1061.0,N,ARG,75.0,20.173,24.03,-32.061,-0.47,1.85,0.41
ATOM,1062.0,CA,ARG,75.0,19.638,25.382,-31.95,0.07,2.275,1.51
ATOM,1063.0,C,ARG,75.0,20.377,26.342,-32.877,0.51,2.0,0.09
ATOM,1064.0,O,ARG,75.0,21.383,25.981,-33.488,-0.51,1.7,12.87
ATOM,1065.0,CB,ARG,75.0,19.737,25.874,-30.506,-0.18,2.175,3.32
ATOM,1066.0,CG,ARG,75.0,21.02,25.457,-29.807,-0.18,2.175,0.0
ATOM,1067.0,CD,ARG,75.0,20.788,25.205,-28.327,0.2,2.175,0.0
ATOM,1068.0,NE,ARG,75.0,20.227,26.379,-27.655,-0.7,1.85,0.0
ATOM,1069.0,CZ,ARG,75.0,19.061,26.397,-27.006,0.64,2.0,0.08
ATOM,1070.0,NH1,ARG,75.0,18.306,25.306,-26.921,-0.8,1.85,9.41
ATOM,1071.0,NH2,ARG,75.0,18.646,27.519,-26.435,-0.8,1.85,9.32
ATOM,1072.0,H,ARG,75.0,21.139,23.904,-32.157,0.31,0.2245,0.0
ATOM,1073.0,HA,ARG,75.0,18.599,25.351,-32.239,0.09,1.32,6.43
ATOM,1074.0,HB2,ARG,75.0,19.683,26.953,-30.5,0.09,1.32,0.0
ATOM,1075.0,HB3,ARG,75.0,18.904,25.478,-29.946,0.09,1.32,2.36
ATOM,1076.0,HG2,ARG,75.0,21.389,24.551,-30.263,0.09,1.32,0.0
ATOM,1077.0,HG3,ARG,75.0,21.752,26.244,-29.92,0.09,1.32,0.0
ATOM,1078.0,HD2,ARG,75.0,20.113,24.374,-28.221,0.09,1.32,0.27
ATOM,1079.0,HD3,ARG,75.0,21.733,24.958,-27.867,0.09,1.32,0.0
ATOM,1080.0,HE,ARG,75.0,20.751,27.206,-27.691,0.44,0.2245,0.0
ATOM,1081.0,HH11,ARG,75.0,18.602,24.453,-27.343,0.46,0.2245,5.34
ATOM,1082.0,HH12,ARG,75.0,17.436,25.341,-26.43,0.46,0.2245,7.41
ATOM,1083.0,HH21,ARG,75.0,19.206,28.346,-26.492,0.46,0.2245,1.11
ATOM,1084.0,HH22,ARG,75.0,17.773,27.539,-25.947,0.46,0.2245,13.92
ATOM,1085.0,N,GLN,76.0,19.87,27.567,-32.975,-0.47,1.85,0.0
ATOM,1086.0,CA,GLN,76.0,20.479,28.582,-33.826,0.07,2.275,2.58
ATOM,1087.0,C,GLN,76.0,20.988,29.756,-32.996,0.51,2.0,2.27
ATOM,1088.0,O,GLN,76.0,21.222,30.844,-33.521,-0.51,1.7,28.27
ATOM,1089.0,CB,GLN,76.0,19.471,29.077,-34.865,-0.18,2.175,6.6
ATOM,1090.0,CG,GLN,76.0,18.531,27.992,-35.363,-0.18,2.175,7.41
ATOM,1091.0,CD,GLN,76.0,18.187,28.15,-36.83,0.55,2.0,2.8
ATOM,1092.0,H,GLN,76.0,19.066,27.794,-32.462,0.31,0.2245,4.81
ATOM,1093.0,HA,GLN,76.0,21.315,28.128,-34.337,0.09,1.32,8.59
ATOM,1094.0,HB2,GLN,76.0,18.877,29.865,-34.426,0.09,1.32,11.72
ATOM,1095.0,HB3,GLN,76.0,20.01,29.473,-35.712,0.09,1.32,8.67
ATOM,1096.0,HG2,GLN,76.0,19.003,27.032,-35.221,0.09,1.32,4.65
ATOM,1097.0,HG3,GLN,76.0,17.618,28.033,-34.787,0.09,1.32,8.82
ATOM,1098.0,OE1,GLN,76.0,19.064,28.119,-37.693,-0.55,1.7,38.65
ATOM,1099.0,NE2,GLN,76.0,16.903,28.322,-37.121,-0.62,1.85,29.68
ATOM,1100.0,HE21,GLN,76.0,16.259,28.337,-36.383,0.32,0.2245,15.91
ATOM,1101.0,HE22,GLN,76.0,16.651,28.427,-38.063,0.3,0.2245,20.53
ATOM,1102.0,N,ASP,77.0,21.155,29.527,-31.698,-0.47,1.85,0.49
ATOM,1103.0,CA,ASP,77.0,21.635,30.567,-30.795,0.07,2.275,1.59
ATOM,1104.0,C,ASP,77.0,23.122,30.394,-30.507,0.51,2.0,1.17
ATOM,1105.0,O,ASP,77.0,23.911,31.324,-30.677,-0.51,1.7,30.96
ATOM,1106.0,CB,ASP,77.0,20.844,30.541,-29.486,-0.28,2.175,10.52
ATOM,1107.0,CG,ASP,77.0,20.517,29.131,-29.036,0.62,2.0,0.0
ATOM,1108.0,OD1,ASP,77.0,21.413,28.463,-28.478,-0.76,1.7,0.0
ATOM,1109.0,OD2,ASP,77.0,19.365,28.694,-29.243,-0.76,1.7,12.23
ATOM,1110.0,H,ASP,77.0,20.951,28.639,-31.338,0.31,0.2245,0.0
ATOM,1111.0,HA,ASP,77.0,21.484,31.518,-31.277,0.09,1.32,8.22
ATOM,1112.0,HB2,ASP,77.0,21.425,31.02,-28.712,0.09,1.32,0.0
ATOM,1113.0,HB3,ASP,77.0,19.918,31.081,-29.622,0.09,1.32,13.5
ATOM,1114.0,N,GLY,78.0,23.494,29.198,-30.073,-0.47,1.85,0.95
ATOM,1115.0,CA,GLY,78.0,24.885,28.918,-29.767,-0.02,2.175,12.83
ATOM,1116.0,C,GLY,78.0,25.078,28.408,-28.352,0.51,2.0,0.0
ATOM,1117.0,O,GLY,78.0,26.191,28.43,-27.825,-0.51,1.7,16.59
ATOM,1118.0,H,GLY,78.0,22.818,28.5,-29.959,0.31,0.2245,0.0
ATOM,1119.0,HA2,GLY,78.0,25.251,28.174,-30.458,0.09,1.32,4.1
ATOM,1120.0,HA3,GLY,78.0,25.459,29.824,-29.893,0.09,1.32,8.4
ATOM,1121.0,N,HIS,79.0,23.994,27.948,-27.736,-0.47,1.85,0.0
ATOM,1122.0,CA,HIS,79.0,24.051,27.43,-26.374,0.07,2.275,0.0
ATOM,1123.0,C,HIS,79.0,24.357,25.937,-26.376,0.51,2.0,0.0
ATOM,1124.0,O,HIS,79.0,23.586,25.135,-26.902,-0.51,1.7,0.0
ATOM,1125.0,CB,HIS,79.0,22.73,27.692,-25.648,-0.09,2.175,1.67
ATOM,1126.0,CG,HIS,79.0,22.315,29.131,-25.657,-0.05,1.8,0.75
ATOM,1127.0,H,HIS,79.0,23.136,27.956,-28.208,0.31,0.2245,0.0
ATOM,1128.0,HA,HIS,79.0,24.845,27.947,-25.856,0.09,1.32,5.78
ATOM,1129.0,HB2,HIS,79.0,21.947,27.118,-26.121,0.09,1.32,0.0
ATOM,1130.0,HB3,HIS,79.0,22.827,27.379,-24.619,0.09,1.32,1.39
ATOM,1131.0,ND1,HIS,79.0,22.999,30.107,-26.35,-0.36,1.85,4.4
ATOM,1132.0,CD2,HIS,79.0,21.277,29.759,-25.054,0.22,1.8,13.5
ATOM,1133.0,CE1,HIS,79.0,22.402,31.272,-26.172,0.25,1.8,15.35
ATOM,1134.0,NE2,HIS,79.0,21.354,31.088,-25.39,-0.7,1.85,27.82
ATOM,1135.0,HD1,HIS,79.0,23.805,29.968,-26.889,0.32,0.2245,2.03
ATOM,1136.0,HD2,HIS,79.0,20.527,29.298,-24.426,0.1,1.468,6.74
ATOM,1137.0,HE1,HIS,79.0,22.715,32.213,-26.598,0.13,0.9,17.47
ATOM,1138.0,N,LEU,80.0,25.488,25.57,-25.785,-0.47,1.85,0.0
ATOM,1139.0,CA,LEU,80.0,25.897,24.174,-25.717,0.07,2.275,0.0
ATOM,1140.0,C,LEU,80.0,24.924,23.366,-24.868,0.51,2.0,0.0
ATOM,1141.0,O,LEU,80.0,24.515,23.801,-23.792,-0.51,1.7,0.0
ATOM,1142.0,CB,LEU,80.0,27.307,24.066,-25.135,-0.18,2.175,0.0
ATOM,1143.0,CG,LEU,80.0,28.443,24.334,-26.124,-0.09,2.275,0.6
ATOM,1144.0,CD1,LEU,80.0,28.419,25.784,-26.583,-0.27,2.06,12.47
ATOM,1145.0,CD2,LEU,80.0,29.785,23.995,-25.494,-0.27,2.06,6.0
ATOM,1146.0,H,LEU,80.0,26.062,26.255,-25.383,0.31,0.2245,0.85
ATOM,1147.0,HA,LEU,80.0,25.899,23.778,-26.723,0.09,1.32,0.0
ATOM,1148.0,HB2,LEU,80.0,27.392,24.773,-24.322,0.09,1.32,0.0
ATOM,1149.0,HB3,LEU,80.0,27.434,23.071,-24.738,0.09,1.32,0.0
ATOM,1150.0,HG,LEU,80.0,28.311,23.706,-26.993,0.09,1.32,0.67
ATOM,1151.0,HD11,LEU,80.0,28.403,26.434,-25.721,0.09,1.32,4.6
ATOM,1152.0,HD12,LEU,80.0,29.3,25.989,-27.173,0.09,1.32,12.86
ATOM,1153.0,HD13,LEU,80.0,27.537,25.957,-27.182,0.09,1.32,0.0
ATOM,1154.0,HD21,LEU,80.0,29.636,23.301,-24.68,0.09,1.32,0.0
ATOM,1155.0,HD22,LEU,80.0,30.428,23.547,-26.236,0.09,1.32,14.11
ATOM,1156.0,HD23,LEU,80.0,30.244,24.898,-25.117,0.09,1.32,0.52
ATOM,1157.0,N,TRP,81.0,24.555,22.187,-25.357,-0.47,1.85,0.0
ATOM,1158.0,CA,TRP,81.0,23.629,21.322,-24.636,0.07,2.275,0.0
ATOM,1159.0,C,TRP,81.0,23.992,19.853,-24.823,0.51,2.0,0.0
ATOM,1160.0,O,TRP,81.0,24.632,19.481,-25.807,-0.51,1.7,0.0
ATOM,1161.0,CB,TRP,81.0,22.195,21.569,-25.108,-0.18,2.175,0.0
ATOM,1162.0,CG,TRP,81.0,21.99,21.273,-26.562,-0.03,1.9924,0.24
ATOM,1163.0,CD1,TRP,81.0,22.113,22.149,-27.602,0.035,1.9924,0.44
ATOM,1164.0,CD2,TRP,81.0,21.624,20.013,-27.137,-0.02,1.8,1.02
ATOM,1165.0,NE1,TRP,81.0,21.848,21.511,-28.789,-0.61,1.85,0.89
ATOM,1166.0,CE2,TRP,81.0,21.545,20.199,-28.531,0.13,1.8,1.52
ATOM,1167.0,CE3,TRP,81.0,21.357,18.746,-26.611,-0.115,1.9924,0.07
ATOM,1168.0,CZ2,TRP,81.0,21.21,19.166,-29.402,-0.115,1.9924,0.37
ATOM,1169.0,CZ3,TRP,81.0,21.025,17.722,-27.477,-0.115,1.9924,0.0
ATOM,1170.0,CH2,TRP,81.0,20.954,17.937,-28.859,-0.115,1.9924,0.0
ATOM,1171.0,H,TRP,81.0,24.914,21.891,-26.22,0.31,0.2245,0.0
ATOM,1172.0,HA,TRP,81.0,23.7,21.567,-23.588,0.09,1.32,0.0
ATOM,1173.0,HB2,TRP,81.0,21.524,20.941,-24.541,0.09,1.32,0.0
ATOM,1174.0,HB3,TRP,81.0,21.94,22.605,-24.938,0.09,1.32,0.0
ATOM,1175.0,HD1,TRP,81.0,22.381,23.189,-27.492,0.115,1.3582,0.0
ATOM,1176.0,HE1,TRP,81.0,21.871,21.927,-29.676,0.38,0.2245,0.0
ATOM,1177.0,HE3,TRP,81.0,21.406,18.562,-25.548,0.115,1.3582,0.0
ATOM,1178.0,HZ2,TRP,81.0,21.152,19.315,-30.47,0.115,1.3582,0.0
ATOM,1179.0,HZ3,TRP,81.0,20.815,16.736,-27.088,0.115,1.3582,0.24
ATOM,1180.0,HH2,TRP,81.0,20.69,17.107,-29.498,0.115,1.3582,0.0
ATOM,1181.0,N,CYS,82.0,23.577,19.023,-23.871,-0.47,1.85,0.0
ATOM,1182.0,CA,CYS,82.0,23.855,17.592,-23.927,0.07,2.275,0.0
ATOM,1183.0,C,CYS,82.0,22.592,16.782,-23.651,0.51,2.0,0.0
ATOM,1184.0,O,CYS,82.0,21.536,17.341,-23.357,-0.51,1.7,0.0
ATOM,1185.0,CB,CYS,82.0,24.94,17.222,-22.914,-0.1,2.175,0.08
ATOM,1186.0,SG,CYS,82.0,24.34,17.096,-21.198,-0.08,1.975,0.0
ATOM,1187.0,H,CYS,82.0,23.07,19.381,-23.113,0.31,0.2245,0.0
ATOM,1188.0,HA,CYS,82.0,24.208,17.36,-24.921,0.09,1.32,0.0
ATOM,1189.0,HB2,CYS,82.0,25.364,16.267,-23.184,0.09,1.32,0.0
ATOM,1190.0,HB3,CYS,82.0,25.715,17.974,-22.937,0.09,1.32,0.0
ATOM,1191.0,N,SER,83.0,22.709,15.461,-23.746,-0.47,1.85,0.0
ATOM,1192.0,CA,SER,83.0,21.576,14.575,-23.504,0.07,2.275,0.0
ATOM,1193.0,C,SER,83.0,21.772,13.786,-22.213,0.51,2.0,0.0
ATOM,1194.0,O,SER,83.0,22.899,13.476,-21.828,-0.51,1.7,0.0
ATOM,1195.0,CB,SER,83.0,21.389,13.615,-24.68,0.05,2.175,0.0
ATOM,1196.0,OG,SER,83.0,21.248,12.278,-24.233,-0.66,1.77,0.0
ATOM,1197.0,H,SER,83.0,23.577,15.073,-23.982,0.31,0.2245,0.0
ATOM,1198.0,HA,SER,83.0,20.692,15.187,-23.406,0.09,1.32,0.0
ATOM,1199.0,HB2,SER,83.0,20.503,13.892,-25.231,0.09,1.32,0.0
ATOM,1200.0,HB3,SER,83.0,22.249,13.675,-25.331,0.09,1.32,0.0
ATOM,1201.0,HG,SER,83.0,22.135,11.82,-24.266,0.43,0.2245,0.0
ATOM,1202.0,N,THR,84.0,20.667,13.464,-21.548,-0.47,1.85,0.0
ATOM,1203.0,CA,THR,84.0,20.717,12.712,-20.3,0.07,2.275,0.0
ATOM,1204.0,C,THR,84.0,20.015,11.365,-20.437,0.51,2.0,0.0
ATOM,1205.0,O,THR,84.0,20.064,10.533,-19.53,-0.51,1.7,16.56
ATOM,1206.0,CB,THR,84.0,20.073,13.499,-19.143,0.14,2.275,0.0
ATOM,1207.0,OG1,THR,84.0,18.649,13.517,-19.296,-0.66,1.77,2.0
ATOM,1208.0,CG2,THR,84.0,20.602,14.926,-19.097,-0.27,2.06,0.0
ATOM,1209.0,H,THR,84.0,19.797,13.74,-21.904,0.31,0.2245,0.0
ATOM,1210.0,HA,THR,84.0,21.756,12.542,-20.056,0.09,1.32,0.0
ATOM,1211.0,HB,THR,84.0,20.321,13.009,-18.213,0.09,1.32,0.0
ATOM,1212.0,HG21,THR,84.0,21.68,14.909,-19.018,0.09,1.32,0.0
ATOM,1213.0,HG22,THR,84.0,20.316,15.446,-19.999,0.09,1.32,0.0
ATOM,1214.0,HG23,THR,84.0,20.187,15.436,-18.241,0.09,1.32,0.0
ATOM,1215.0,HG1,THR,84.0,18.4,13.855,-20.21,0.43,0.2245,0.0
ATOM,1216.0,N,THR,85.0,19.365,11.154,-21.577,-0.47,1.85,0.0
ATOM,1217.0,CA,THR,85.0,18.655,9.906,-21.835,0.07,2.275,0.0
ATOM,1218.0,C,THR,85.0,19.096,9.294,-23.161,0.51,2.0,0.0
ATOM,1219.0,O,THR,85.0,18.986,9.924,-24.213,-0.51,1.7,0.0
ATOM,1220.0,CB,THR,85.0,17.13,10.123,-21.864,0.14,2.275,0.0
ATOM,1221.0,OG1,THR,85.0,16.699,10.735,-20.642,-0.66,1.77,10.98
ATOM,1222.0,CG2,THR,85.0,16.397,8.804,-22.061,-0.27,2.06,15.89
ATOM,1223.0,H,THR,85.0,19.363,11.853,-22.262,0.31,0.2245,0.0
ATOM,1224.0,HA,THR,85.0,18.888,9.217,-21.036,0.09,1.32,3.22
ATOM,1225.0,HB,THR,85.0,16.891,10.777,-22.689,0.09,1.32,0.0
ATOM,1226.0,HG21,THR,85.0,17.006,7.993,-21.691,0.09,1.32,5.58
ATOM,1227.0,HG22,THR,85.0,15.462,8.828,-21.521,0.09,1.32,3.02
ATOM,1228.0,HG23,THR,85.0,16.201,8.656,-23.113,0.09,1.32,0.0
ATOM,1229.0,HG1,THR,85.0,17.343,11.456,-20.366,0.43,0.2245,0.08
ATOM,1230.0,N,SER,86.0,19.595,8.063,-23.105,-0.47,1.85,0.0
ATOM,1231.0,CA,SER,86.0,20.051,7.37,-24.305,0.07,2.275,0.41
ATOM,1232.0,C,SER,86.0,19.109,7.639,-25.472,0.51,2.0,0.11
ATOM,1233.0,O,SER,86.0,19.522,7.635,-26.632,-0.51,1.7,20.09
ATOM,1234.0,CB,SER,86.0,20.147,5.866,-24.046,0.05,2.175,19.22
ATOM,1235.0,OG,SER,86.0,20.107,5.582,-22.658,-0.66,1.77,25.59
ATOM,1236.0,H,SER,86.0,19.657,7.611,-22.238,0.31,0.2245,1.4
ATOM,1237.0,HA,SER,86.0,21.032,7.748,-24.553,0.09,1.32,1.72
ATOM,1238.0,HB2,SER,86.0,19.319,5.366,-24.526,0.09,1.32,8.72
ATOM,1239.0,HB3,SER,86.0,21.076,5.492,-24.451,0.09,1.32,13.72
ATOM,1240.0,HG,SER,86.0,20.699,6.222,-22.17,0.43,0.2245,3.61
ATOM,1241.0,N,ASN,87.0,17.84,7.873,-25.155,-0.47,1.85,0.0
ATOM,1242.0,CA,ASN,87.0,16.833,8.146,-26.172,0.07,2.275,0.1
ATOM,1243.0,C,ASN,87.0,16.359,9.594,-26.097,0.51,2.0,0.0
ATOM,1244.0,O,ASN,87.0,15.292,9.878,-25.552,-0.51,1.7,0.0
ATOM,1245.0,CB,ASN,87.0,15.643,7.2,-26.0,-0.18,2.175,2.66
ATOM,1246.0,CG,ASN,87.0,15.175,6.611,-27.316,0.55,2.0,0.88
ATOM,1247.0,H,ASN,87.0,17.574,7.862,-24.212,0.31,0.2245,0.03
ATOM,1248.0,HA,ASN,87.0,17.281,7.974,-27.139,0.09,1.32,3.07
ATOM,1249.0,HB2,ASN,87.0,15.927,6.39,-25.345,0.09,1.32,5.38
ATOM,1250.0,HB3,ASN,87.0,14.821,7.743,-25.557,0.09,1.32,0.0
ATOM,1251.0,OD1,ASN,87.0,15.039,7.32,-28.313,-0.55,1.7,9.97
ATOM,1252.0,ND2,ASN,87.0,14.927,5.307,-27.325,-0.62,1.85,23.76
ATOM,1253.0,HD21,ASN,87.0,15.058,4.805,-26.494,0.32,0.2245,15.99
ATOM,1254.0,HD22,ASN,87.0,14.623,4.9,-28.163,0.3,0.2245,20.51
ATOM,1255.0,N,TYR,88.0,17.153,10.506,-26.649,-0.47,1.85,0.0
ATOM,1256.0,CA,TYR,88.0,16.805,11.921,-26.644,0.07,2.275,0.0
ATOM,1257.0,C,TYR,88.0,15.742,12.213,-27.695,0.51,2.0,0.0
ATOM,1258.0,O,TYR,88.0,14.986,13.178,-27.579,-0.51,1.7,0.0
ATOM,1259.0,CB,TYR,88.0,18.045,12.779,-26.903,-0.18,2.175,0.25
ATOM,1260.0,CG,TYR,88.0,17.724,14.178,-27.379,0.0,1.9924,0.0
ATOM,1261.0,CD1,TYR,88.0,17.515,15.211,-26.473,-0.115,1.9924,0.0
ATOM,1262.0,CD2,TYR,88.0,17.627,14.465,-28.735,-0.115,1.9924,0.14
ATOM,1263.0,CE1,TYR,88.0,17.219,16.49,-26.905,-0.115,1.9924,0.0
ATOM,1264.0,CE2,TYR,88.0,17.333,15.741,-29.175,-0.115,1.9924,0.21
ATOM,1265.0,CZ,TYR,88.0,17.129,16.749,-28.256,0.11,1.9924,0.0
ATOM,1266.0,OH,TYR,88.0,16.834,18.021,-28.691,-0.54,1.77,14.55
ATOM,1267.0,H,TYR,88.0,17.99,10.221,-27.073,0.31,0.2245,1.95
ATOM,1268.0,HA,TYR,88.0,16.407,12.161,-25.669,0.09,1.32,0.0
ATOM,1269.0,HB2,TYR,88.0,18.614,12.863,-25.989,0.09,1.32,0.0
ATOM,1270.0,HB3,TYR,88.0,18.654,12.302,-27.657,0.09,1.32,0.09
ATOM,1271.0,HD1,TYR,88.0,17.587,15.004,-25.415,0.115,1.3582,0.0
ATOM,1272.0,HD2,TYR,88.0,17.787,13.673,-29.451,0.115,1.3582,0.0
ATOM,1273.0,HE1,TYR,88.0,17.06,17.279,-26.186,0.115,1.3582,0.0
ATOM,1274.0,HE2,TYR,88.0,17.262,15.944,-30.233,0.115,1.3582,1.03
ATOM,1275.0,HH,TYR,88.0,17.465,18.271,-29.423,0.43,0.2245,2.19
ATOM,1276.0,N,GLU,89.0,15.687,11.368,-28.719,-0.47,1.85,0.0
ATOM,1277.0,CA,GLU,89.0,14.715,11.529,-29.791,0.07,2.275,0.81
ATOM,1278.0,C,GLU,89.0,13.334,11.047,-29.352,0.51,2.0,0.08
ATOM,1279.0,O,GLU,89.0,12.358,11.172,-30.092,-0.51,1.7,25.95
ATOM,1280.0,CB,GLU,89.0,15.163,10.763,-31.038,-0.18,2.175,6.55
ATOM,1281.0,CG,GLU,89.0,16.48,11.257,-31.615,-0.28,2.175,3.06
ATOM,1282.0,CD,GLU,89.0,17.149,10.227,-32.504,0.62,2.0,3.12
ATOM,1283.0,OE1,GLU,89.0,16.828,9.028,-32.369,-0.76,1.7,34.47
ATOM,1284.0,OE2,GLU,89.0,17.993,10.62,-33.336,-0.76,1.7,15.84
ATOM,1285.0,H,GLU,89.0,16.316,10.616,-28.753,0.31,0.2245,0.55
ATOM,1286.0,HA,GLU,89.0,14.658,12.58,-30.027,0.09,1.32,2.38
ATOM,1287.0,HB2,GLU,89.0,15.275,9.719,-30.784,0.09,1.32,1.04
ATOM,1288.0,HB3,GLU,89.0,14.403,10.86,-31.799,0.09,1.32,10.79
ATOM,1289.0,HG2,GLU,89.0,16.292,12.146,-32.198,0.09,1.32,10.1
ATOM,1290.0,HG3,GLU,89.0,17.148,11.496,-30.8,0.09,1.32,0.0
ATOM,1291.0,N,GLN,90.0,13.261,10.497,-28.143,-0.47,1.85,0.0
ATOM,1292.0,CA,GLN,90.0,12.002,9.997,-27.603,0.07,2.275,0.37
ATOM,1293.0,C,GLN,90.0,11.639,10.736,-26.317,0.51,2.0,0.0
ATOM,1294.0,O,GLN,90.0,10.47,11.028,-26.064,-0.51,1.7,18.51
ATOM,1295.0,CB,GLN,90.0,12.103,8.482,-27.355,-0.18,2.175,2.49
ATOM,1296.0,CG,GLN,90.0,11.459,8.008,-26.058,-0.18,2.175,5.14
ATOM,1297.0,CD,GLN,90.0,9.945,8.054,-26.106,0.55,2.0,2.17
ATOM,1298.0,H,GLN,90.0,14.072,10.426,-27.6,0.31,0.2245,0.0
ATOM,1299.0,HA,GLN,90.0,11.232,10.182,-28.337,0.09,1.32,5.67
ATOM,1300.0,HB2,GLN,90.0,11.623,7.967,-28.173,0.09,1.32,9.76
ATOM,1301.0,HB3,GLN,90.0,13.147,8.205,-27.334,0.09,1.32,0.0
ATOM,1302.0,HG2,GLN,90.0,11.767,6.991,-25.869,0.09,1.32,8.74
ATOM,1303.0,HG3,GLN,90.0,11.799,8.641,-25.251,0.09,1.32,0.0
ATOM,1304.0,OE1,GLN,90.0,9.34,7.892,-27.166,-0.55,1.7,33.06
ATOM,1305.0,NE2,GLN,90.0,9.323,8.275,-24.953,-0.62,1.85,22.43
ATOM,1306.0,HE21,GLN,90.0,9.87,8.395,-24.148,0.32,0.2245,7.03
ATOM,1307.0,HE22,GLN,90.0,8.344,8.309,-24.954,0.3,0.2245,20.58
ATOM,1308.0,N,ASP,91.0,12.65,11.031,-25.508,-0.47,1.85,0.0
ATOM,1309.0,CA,ASP,91.0,12.441,11.733,-24.247,0.07,2.275,0.0
ATOM,1310.0,C,ASP,91.0,12.674,13.231,-24.413,0.51,2.0,0.0
ATOM,1311.0,O,ASP,91.0,11.905,14.048,-23.908,-0.51,1.7,5.25
ATOM,1312.0,CB,ASP,91.0,13.374,11.174,-23.171,-0.28,2.175,0.0
ATOM,1313.0,CG,ASP,91.0,13.25,9.671,-23.024,0.62,2.0,0.0
ATOM,1314.0,OD1,ASP,91.0,13.649,8.948,-23.961,-0.76,1.7,1.88
ATOM,1315.0,OD2,ASP,91.0,12.754,9.216,-21.972,-0.76,1.7,29.58
ATOM,1316.0,H,ASP,91.0,13.558,10.77,-25.765,0.31,0.2245,0.0
ATOM,1317.0,HA,ASP,91.0,11.418,11.571,-23.943,0.09,1.32,4.56
ATOM,1318.0,HB2,ASP,91.0,14.395,11.409,-23.432,0.09,1.32,0.0
ATOM,1319.0,HB3,ASP,91.0,13.134,11.632,-22.223,0.09,1.32,0.0
ATOM,1320.0,N,GLN,92.0,13.741,13.583,-25.122,-0.47,1.85,0.0
ATOM,1321.0,CA,GLN,92.0,14.076,14.983,-25.354,0.07,2.275,0.0
ATOM,1322.0,C,GLN,92.0,14.775,15.587,-24.14,0.51,2.0,0.0
ATOM,1323.0,O,GLN,92.0,15.037,16.789,-24.098,-0.51,1.7,0.47
ATOM,1324.0,CB,GLN,92.0,12.813,15.782,-25.68,-0.18,2.175,6.0
ATOM,1325.0,CG,GLN,92.0,12.894,16.537,-26.997,-0.18,2.175,16.2
ATOM,1326.0,CD,GLN,92.0,13.426,15.679,-28.128,0.55,2.0,2.09
ATOM,1327.0,H,GLN,92.0,14.317,12.885,-25.498,0.31,0.2245,0.0
ATOM,1328.0,HA,GLN,92.0,14.746,15.027,-26.199,0.09,1.32,0.0
ATOM,1329.0,HB2,GLN,92.0,11.974,15.104,-25.729,0.09,1.32,3.15
ATOM,1330.0,HB3,GLN,92.0,12.641,16.498,-24.89,0.09,1.32,5.16
ATOM,1331.0,HG2,GLN,92.0,11.905,16.88,-27.262,0.09,1.32,14.73
ATOM,1332.0,HG3,GLN,92.0,13.548,17.387,-26.871,0.09,1.32,3.23
ATOM,1333.0,OE1,GLN,92.0,14.26,16.121,-28.919,-0.55,1.7,14.05
ATOM,1334.0,NE2,GLN,92.0,12.945,14.443,-28.211,-0.62,1.85,10.56
ATOM,1335.0,HE21,GLN,92.0,12.283,14.159,-27.547,0.32,0.2245,2.87
ATOM,1336.0,HE22,GLN,92.0,13.272,13.867,-28.933,0.3,0.2245,1.6
ATOM,1337.0,N,LYS,93.0,15.076,14.748,-23.154,-0.47,1.85,0.0
ATOM,1338.0,CA,LYS,93.0,15.746,15.203,-21.941,0.07,2.275,0.0
ATOM,1339.0,C,LYS,93.0,17.176,15.63,-22.247,0.51,2.0,0.0
ATOM,1340.0,O,LYS,93.0,18.039,14.796,-22.522,-0.51,1.7,0.0
ATOM,1341.0,CB,LYS,93.0,15.741,14.095,-20.885,-0.18,2.175,0.0
ATOM,1342.0,CG,LYS,93.0,14.385,13.877,-20.227,-0.18,2.175,8.29
ATOM,1343.0,CD,LYS,93.0,13.24,14.29,-21.142,-0.18,2.175,0.72
ATOM,1344.0,CE,LYS,93.0,11.891,13.896,-20.562,0.21,2.175,12.65
ATOM,1345.0,NZ,LYS,93.0,10.824,14.867,-20.933,-0.3,1.85,10.27
ATOM,1346.0,H,LYS,93.0,14.844,13.8,-23.244,0.31,0.2245,0.0
ATOM,1347.0,HA,LYS,93.0,15.202,16.054,-21.561,0.09,1.32,0.0
ATOM,1348.0,HB2,LYS,93.0,16.043,13.168,-21.351,0.09,1.32,0.0
ATOM,1349.0,HB3,LYS,93.0,16.454,14.347,-20.113,0.09,1.32,0.0
ATOM,1350.0,HG2,LYS,93.0,14.277,12.831,-19.985,0.09,1.32,4.62
ATOM,1351.0,HG3,LYS,93.0,14.338,14.463,-19.32,0.09,1.32,7.57
ATOM,1352.0,HD2,LYS,93.0,13.265,15.361,-21.272,0.09,1.32,0.04
ATOM,1353.0,HD3,LYS,93.0,13.366,13.806,-22.099,0.09,1.32,0.0
ATOM,1354.0,HE2,LYS,93.0,11.623,12.92,-20.938,0.05,1.32,3.68
ATOM,1355.0,HE3,LYS,93.0,11.973,13.857,-19.486,0.05,1.32,10.69
ATOM,1356.0,HZ1,LYS,93.0,11.205,15.587,-21.579,0.33,0.2245,5.72
ATOM,1357.0,HZ2,LYS,93.0,10.04,14.373,-21.406,0.33,0.2245,17.41
ATOM,1358.0,HZ3,LYS,93.0,10.459,15.339,-20.081,0.33,0.2245,21.32
ATOM,1359.0,N,TYR,94.0,17.418,16.936,-22.207,-0.47,1.85,0.0
ATOM,1360.0,CA,TYR,94.0,18.742,17.475,-22.491,0.07,2.275,0.0
ATOM,1361.0,C,TYR,94.0,19.135,18.542,-21.475,0.51,2.0,0.0
ATOM,1362.0,O,TYR,94.0,18.295,19.049,-20.731,-0.51,1.7,0.0
ATOM,1363.0,CB,TYR,94.0,18.774,18.071,-23.898,-0.18,2.175,0.0
ATOM,1364.0,CG,TYR,94.0,18.162,19.452,-23.978,0.0,1.9924,0.0
ATOM,1365.0,CD1,TYR,94.0,18.816,20.554,-23.44,-0.115,1.9924,0.0
ATOM,1366.0,CD2,TYR,94.0,16.93,19.654,-24.586,-0.115,1.9924,0.7
ATOM,1367.0,CE1,TYR,94.0,18.259,21.817,-23.506,-0.115,1.9924,0.0
ATOM,1368.0,CE2,TYR,94.0,16.367,20.914,-24.657,-0.115,1.9924,7.96
ATOM,1369.0,CZ,TYR,94.0,17.035,21.991,-24.115,0.11,1.9924,0.11
ATOM,1370.0,OH,TYR,94.0,16.477,23.248,-24.182,-0.54,1.77,16.49
ATOM,1371.0,H,TYR,94.0,16.687,17.551,-21.989,0.31,0.2245,0.0
ATOM,1372.0,HA,TYR,94.0,19.451,16.663,-22.438,0.09,1.32,0.0
ATOM,1373.0,HB2,TYR,94.0,19.799,18.143,-24.229,0.09,1.32,0.0
ATOM,1374.0,HB3,TYR,94.0,18.227,17.425,-24.569,0.09,1.32,0.0
ATOM,1375.0,HD1,TYR,94.0,19.775,20.414,-22.963,0.115,1.3582,0.0
ATOM,1376.0,HD2,TYR,94.0,16.408,18.808,-25.008,0.115,1.3582,0.0
ATOM,1377.0,HE1,TYR,94.0,18.784,22.66,-23.082,0.115,1.3582,0.0
ATOM,1378.0,HE2,TYR,94.0,15.407,21.05,-25.134,0.115,1.3582,14.03
ATOM,1379.0,HH,TYR,94.0,17.104,23.859,-24.661,0.43,0.2245,0.03
ATOM,1380.0,N,SER,95.0,20.418,18.883,-21.462,-0.47,1.85,0.0
ATOM,1381.0,CA,SER,95.0,20.935,19.897,-20.552,0.07,2.275,0.0
ATOM,1382.0,C,SER,95.0,21.854,20.86,-21.297,0.51,2.0,0.0
ATOM,1383.0,O,SER,95.0,22.307,20.565,-22.401,-0.51,1.7,0.0
ATOM,1384.0,CB,SER,95.0,21.691,19.24,-19.395,0.05,2.175,0.0
ATOM,1385.0,OG,SER,95.0,22.113,17.932,-19.738,-0.66,1.77,0.0
ATOM,1386.0,H,SER,95.0,21.034,18.445,-22.086,0.31,0.2245,0.0
ATOM,1387.0,HA,SER,95.0,20.096,20.45,-20.157,0.09,1.32,0.0
ATOM,1388.0,HB2,SER,95.0,22.56,19.833,-19.152,0.09,1.32,0.0
ATOM,1389.0,HB3,SER,95.0,21.043,19.182,-18.532,0.09,1.32,0.0
ATOM,1390.0,HG,SER,95.0,21.985,17.787,-20.718,0.43,0.2245,0.0
ATOM,1391.0,N,PHE,96.0,22.12,22.013,-20.692,-0.47,1.85,0.0
ATOM,1392.0,CA,PHE,96.0,22.983,23.016,-21.308,0.07,2.275,0.0
ATOM,1393.0,C,PHE,96.0,24.428,22.846,-20.853,0.51,2.0,0.0
ATOM,1394.0,O,PHE,96.0,24.743,21.941,-20.081,-0.51,1.7,0.0
ATOM,1395.0,CB,PHE,96.0,22.488,24.422,-20.964,-0.18,2.175,0.0
ATOM,1396.0,CG,PHE,96.0,21.337,24.875,-21.815,0.0,1.9924,0.03
ATOM,1397.0,CD1,PHE,96.0,21.401,24.786,-23.197,-0.115,1.9924,0.0
ATOM,1398.0,CD2,PHE,96.0,20.189,25.389,-21.233,-0.115,1.9924,4.24
ATOM,1399.0,CE1,PHE,96.0,20.343,25.202,-23.982,-0.115,1.9924,0.0
ATOM,1400.0,CE2,PHE,96.0,19.127,25.806,-22.013,-0.115,1.9924,7.67
ATOM,1401.0,CZ,PHE,96.0,19.204,25.712,-23.389,-0.115,1.9924,1.0
ATOM,1402.0,H,PHE,96.0,21.727,22.194,-19.813,0.31,0.2245,0.0
ATOM,1403.0,HA,PHE,96.0,22.937,22.88,-22.378,0.09,1.32,0.0
ATOM,1404.0,HB2,PHE,96.0,22.167,24.441,-19.934,0.09,1.32,0.0
ATOM,1405.0,HB3,PHE,96.0,23.298,25.124,-21.097,0.09,1.32,0.0
ATOM,1406.0,HD1,PHE,96.0,22.291,24.387,-23.661,0.115,1.3582,0.0
ATOM,1407.0,HD2,PHE,96.0,20.129,25.463,-20.158,0.115,1.3582,1.22
ATOM,1408.0,HE1,PHE,96.0,20.405,25.128,-25.058,0.115,1.3582,0.0
ATOM,1409.0,HE2,PHE,96.0,18.238,26.203,-21.546,0.115,1.3582,15.17
ATOM,1410.0,HZ,PHE,96.0,18.375,26.037,-24.0,0.115,1.3582,2.82
ATOM,1411.0,N,CYS,97.0,25.303,23.721,-21.338,-0.47,1.85,0.0
ATOM,1412.0,CA,CYS,97.0,26.716,23.668,-20.979,0.07,2.275,0.0
ATOM,1413.0,C,CYS,97.0,27.359,25.045,-21.108,0.51,2.0,0.0
ATOM,1414.0,O,CYS,97.0,26.981,25.838,-21.97,-0.51,1.7,1.96
ATOM,1415.0,CB,CYS,97.0,27.455,22.665,-21.867,-0.1,2.175,0.0
ATOM,1416.0,SG,CYS,97.0,26.59,21.074,-22.078,-0.08,1.975,0.0
ATOM,1417.0,H,CYS,97.0,24.992,24.419,-21.95,0.31,0.2245,0.0
ATOM,1418.0,HA,CYS,97.0,26.785,23.345,-19.951,0.09,1.32,0.0
ATOM,1419.0,HB2,CYS,97.0,27.591,23.095,-22.848,0.09,1.32,0.0
ATOM,1420.0,HB3,CYS,97.0,28.423,22.458,-21.434,0.09,1.32,0.0
ATOM,1421.0,N,THR,98.0,28.334,25.322,-20.248,-0.47,1.85,0.0
ATOM,1422.0,CA,THR,98.0,29.03,26.605,-20.272,0.07,2.275,0.0
ATOM,1423.0,C,THR,98.0,30.307,26.52,-21.097,0.51,2.0,0.0
ATOM,1424.0,O,THR,98.0,30.375,27.042,-22.21,-0.51,1.7,4.48
ATOM,1425.0,CB,THR,98.0,29.382,27.101,-18.854,0.14,2.275,3.8
ATOM,1426.0,OG1,THR,98.0,30.668,27.732,-18.86,-0.66,1.77,10.54
ATOM,1427.0,CG2,THR,98.0,29.383,25.955,-17.854,-0.27,2.06,6.58
ATOM,1428.0,H,THR,98.0,28.592,24.646,-19.586,0.31,0.2245,0.0
ATOM,1429.0,HA,THR,98.0,28.373,27.328,-20.728,0.09,1.32,0.59
ATOM,1430.0,HB,THR,98.0,28.639,27.823,-18.548,0.09,1.32,6.22
ATOM,1431.0,HG21,THR,98.0,29.908,25.11,-18.275,0.09,1.32,0.0
ATOM,1432.0,HG22,THR,98.0,29.875,26.27,-16.946,0.09,1.32,12.63
ATOM,1433.0,HG23,THR,98.0,28.365,25.671,-17.632,0.09,1.32,0.0
ATOM,1434.0,HG1,THR,98.0,31.212,27.41,-19.642,0.43,0.2245,0.0
ATOM,1435.0,N,ASP,99.0,31.316,25.861,-20.544,-0.47,1.85,0.0
ATOM,1436.0,CA,ASP,99.0,32.595,25.707,-21.228,0.07,2.275,1.62
ATOM,1437.0,C,ASP,99.0,33.442,26.966,-21.077,0.51,2.0,0.0
ATOM,1438.0,O,ASP,99.0,34.551,26.92,-20.542,-0.51,1.7,31.02
ATOM,1439.0,CB,ASP,99.0,32.37,25.403,-22.71,-0.28,2.175,0.0
ATOM,1440.0,CG,ASP,99.0,33.594,24.801,-23.37,0.62,2.0,1.68
ATOM,1441.0,OD1,ASP,99.0,34.223,23.913,-22.756,-0.76,1.7,26.07
ATOM,1442.0,OD2,ASP,99.0,33.925,25.217,-24.5,-0.76,1.7,36.01
ATOM,1443.0,H,ASP,99.0,31.198,25.468,-19.655,0.31,0.2245,1.04
ATOM,1444.0,HA,ASP,99.0,33.117,24.878,-20.774,0.09,1.32,2.44
ATOM,1445.0,HB2,ASP,99.0,31.552,24.705,-22.807,0.09,1.32,0.0
ATOM,1446.0,HB3,ASP,99.0,32.119,26.319,-23.224,0.09,1.32,2.02
ATOM,1447.0,N,HIS,100.0,32.912,28.089,-21.548,-0.47,1.85,0.0
ATOM,1448.0,CA,HIS,100.0,33.619,29.361,-21.463,0.07,2.275,0.0
ATOM,1449.0,C,HIS,100.0,32.822,30.372,-20.648,0.51,2.0,0.0
ATOM,1450.0,O,HIS,100.0,33.168,30.676,-19.506,-0.51,1.7,22.64
ATOM,1451.0,CB,HIS,100.0,33.885,29.917,-22.863,-0.09,2.175,8.8
ATOM,1452.0,CG,HIS,100.0,35.283,30.416,-23.049,-0.05,1.8,0.14
ATOM,1453.0,H,HIS,100.0,32.024,28.063,-21.962,0.31,0.2245,0.0
ATOM,1454.0,HA,HIS,100.0,34.561,29.185,-20.972,0.09,1.32,2.11
ATOM,1455.0,HB2,HIS,100.0,33.711,29.139,-23.591,0.09,1.32,4.2
ATOM,1456.0,HB3,HIS,100.0,33.209,30.738,-23.052,0.09,1.32,0.99
ATOM,1457.0,ND1,HIS,100.0,35.988,31.068,-22.059,-0.36,1.85,3.19
ATOM,1458.0,CD2,HIS,100.0,36.109,30.357,-24.12,0.22,1.8,22.96
ATOM,1459.0,CE1,HIS,100.0,37.187,31.388,-22.513,0.25,1.8,27.83
ATOM,1460.0,NE2,HIS,100.0,37.285,30.967,-23.761,-0.7,1.85,31.06
ATOM,1461.0,HD1,HIS,100.0,35.659,31.265,-21.158,0.32,0.2245,7.94
ATOM,1462.0,HD2,HIS,100.0,35.884,29.91,-25.079,0.1,1.468,18.76
ATOM,1463.0,HE1,HIS,100.0,37.956,31.904,-21.958,0.13,0.9,20.51
ATOM,1464.0,N,THR,101.0,31.756,30.889,-21.244,-0.47,1.85,0.0
ATOM,1465.0,CA,THR,101.0,30.906,31.868,-20.578,0.07,2.275,0.63
ATOM,1466.0,C,THR,101.0,29.491,31.846,-21.146,0.34,2.0,0.54
ATOM,1467.0,O,THR,101.0,29.291,31.226,-22.211,-0.67,1.7,27.78
ATOM,1468.0,CB,THR,101.0,31.478,33.291,-20.713,0.14,2.275,7.04
ATOM,1469.0,OG1,THR,101.0,30.41,34.241,-20.797,-0.66,1.77,27.18
ATOM,1470.0,CG2,THR,101.0,32.362,33.407,-21.946,-0.27,2.06,25.72
ATOM,1471.0,OXT,THR,101.0,28.594,32.451,-20.521,-0.67,1.7,36.66
ATOM,1472.0,H,THR,101.0,31.537,30.605,-22.155,0.31,0.2245,1.26
ATOM,1473.0,HA,THR,101.0,30.867,31.616,-19.529,0.09,1.32,8.63
ATOM,1474.0,HB,THR,101.0,32.075,33.507,-19.839,0.09,1.32,11.65
ATOM,1475.0,HG21,THR,101.0,32.124,32.612,-22.637,0.09,1.32,2.2
ATOM,1476.0,HG22,THR,101.0,32.191,34.361,-22.422,0.09,1.32,13.18
ATOM,1477.0,HG23,THR,101.0,33.399,33.332,-21.654,0.09,1.32,4.89
ATOM,1478.0,HG1,THR,101.0,29.522,33.769,-20.821,0.43,0.2245,4.28
