atom,serial,name,resname,resid,x,y,z,charges,radius,sasa
ATOM,1.0,N,ASP,1.0,-3.786,-12.043,-16.017,-0.3,1.85,2.92
ATOM,2.0,CA,ASP,1.0,-3.627,-10.714,-15.357,0.21,2.275,4.19
ATOM,3.0,C,ASP,1.0,-3.422,-10.957,-13.864,0.51,2.0,0.0
ATOM,4.0,O,ASP,1.0,-4.188,-11.701,-13.253,-0.51,1.7,0.0
ATOM,5.0,CB,ASP,1.0,-4.895,-9.881,-15.587,-0.28,2.175,2.55
ATOM,6.0,CG,ASP,1.0,-4.747,-8.442,-15.135,0.62,2.0,0.73
ATOM,7.0,OD1,ASP,1.0,-3.74,-7.795,-15.491,-0.76,1.7,22.82
ATOM,8.0,OD2,ASP,1.0,-5.652,-7.949,-14.436,-0.76,1.7,1.07
ATOM,9.0,H,ASP,1.0,-3.462,-11.981,-16.957,0.33,0.2245,17.06
ATOM,10.0,HA,ASP,1.0,-2.79,-10.319,-15.714,0.1,1.32,6.71
ATOM,11.0,HB2,ASP,1.0,-5.095,-9.893,-16.561,0.09,1.32,8.22
ATOM,12.0,HB3,ASP,1.0,-5.635,-10.304,-15.076,0.09,1.32,0.0
ATOM,13.0,H2,ASP,1.0,-3.251,-12.72,-15.519,0.33,0.2245,2.35
ATOM,14.0,H3,ASP,1.0,-4.749,-12.299,-16.008,0.33,0.2245,0.0
ATOM,15.0,N,ASN,2.0,-2.387,-10.364,-13.274,-0.47,1.85,0.81
ATOM,16.0,CA,ASN,2.0,-2.138,-10.557,-11.842,0.07,2.275,0.0
ATOM,17.0,C,ASN,2.0,-2.729,-9.444,-10.969,0.51,2.0,0.0
ATOM,18.0,O,ASN,2.0,-3.084,-8.375,-11.468,-0.51,1.7,0.0
ATOM,19.0,CB,ASN,2.0,-0.637,-10.693,-11.567,-0.18,2.175,0.83
ATOM,20.0,CG,ASN,2.0,0.113,-9.393,-11.738,0.55,2.0,0.74
ATOM,21.0,H,ASN,2.0,-1.8,-9.782,-13.885,0.31,0.2245,4.1
ATOM,22.0,HA,ASN,2.0,-2.602,-11.417,-11.574,0.09,1.32,0.0
ATOM,23.0,HB2,ASN,2.0,-0.519,-11.011,-10.629,0.09,1.32,0.0
ATOM,24.0,HB3,ASN,2.0,-0.263,-11.366,-12.202,0.09,1.32,0.0
ATOM,25.0,OD1,ASN,2.0,-0.341,-8.475,-12.419,-0.55,1.7,7.44
ATOM,26.0,ND2,ASN,2.0,1.277,-9.311,-11.12,-0.62,1.85,0.27
ATOM,27.0,HD22,ASN,2.0,1.624,-10.08,-10.581,0.3,0.2245,0.0
ATOM,28.0,HD21,ASN,2.0,1.825,-8.471,-11.188,0.32,0.2245,12.52
ATOM,29.0,N,PRO,3.0,-2.892,-9.706,-9.661,-0.29,1.85,0.0
ATOM,30.0,CA,PRO,3.0,-3.439,-8.717,-8.732,0.02,2.275,0.0
ATOM,31.0,C,PRO,3.0,-2.442,-7.584,-8.629,0.51,2.0,0.0
ATOM,32.0,O,PRO,3.0,-1.273,-7.821,-8.359,-0.51,1.7,0.0
ATOM,33.0,CB,PRO,3.0,-3.487,-9.487,-7.415,-0.18,2.175,0.0
ATOM,34.0,CG,PRO,3.0,-3.706,-10.89,-7.852,-0.18,2.175,0.0
ATOM,35.0,CD,PRO,3.0,-2.734,-11.007,-8.993,0.0,2.175,0.0
ATOM,36.0,HA,PRO,3.0,-4.327,-8.392,-9.039,0.09,1.32,0.0
ATOM,37.0,HB2,PRO,3.0,-2.625,-9.393,-6.919,0.09,1.32,0.0
ATOM,38.0,HB3,PRO,3.0,-4.239,-9.164,-6.844,0.09,1.32,0.0
ATOM,39.0,HG2,PRO,3.0,-3.481,-11.527,-7.127,0.09,1.32,0.0
ATOM,40.0,HG3,PRO,3.0,-4.638,-11.023,-8.164,0.09,1.32,0.0
ATOM,41.0,HD2,PRO,3.0,-1.801,-11.124,-8.668,0.09,1.32,0.0
ATOM,42.0,HD3,PRO,3.0,-2.98,-11.751,-9.608,0.09,1.32,0.0
ATOM,43.0,N,LYS,4.0,-2.885,-6.356,-8.849,-0.47,1.85,0.0
ATOM,44.0,CA,LYS,4.0,-1.965,-5.231,-8.763,0.07,2.275,0.0
ATOM,45.0,C,LYS,4.0,-1.976,-4.541,-7.402,0.51,2.0,0.0
ATOM,46.0,O,LYS,4.0,-2.837,-4.793,-6.563,-0.51,1.7,0.0
ATOM,47.0,CB,LYS,4.0,-2.259,-4.217,-9.867,-0.18,2.175,0.1
ATOM,48.0,CG,LYS,4.0,-2.292,-4.828,-11.257,-0.18,2.175,0.63
ATOM,49.0,CD,LYS,4.0,-2.366,-3.772,-12.36,-0.18,2.175,16.5
ATOM,50.0,CE,LYS,4.0,-0.983,-3.246,-12.737,0.21,2.175,20.46
ATOM,51.0,NZ,LYS,4.0,-0.098,-4.326,-13.263,-0.3,1.85,10.44
ATOM,52.0,H,LYS,4.0,-3.882,-6.272,-9.074,0.31,0.2245,0.0
ATOM,53.0,HA,LYS,4.0,-1.021,-5.565,-8.946,0.09,1.32,2.07
ATOM,54.0,HB2,LYS,4.0,-3.147,-3.805,-9.684,0.09,1.32,0.0
ATOM,55.0,HB3,LYS,4.0,-1.548,-3.519,-9.847,0.09,1.32,0.0
ATOM,56.0,HG2,LYS,4.0,-1.462,-5.376,-11.396,0.09,1.32,0.0
ATOM,57.0,HG3,LYS,4.0,-3.093,-5.428,-11.335,0.09,1.32,0.84
ATOM,58.0,HD2,LYS,4.0,-2.78,-4.181,-13.167,0.09,1.32,5.28
ATOM,59.0,HD3,LYS,4.0,-2.917,-3.009,-12.037,0.09,1.32,4.57
ATOM,60.0,HE2,LYS,4.0,-1.088,-2.536,-13.438,0.05,1.32,11.79
ATOM,61.0,HE3,LYS,4.0,-0.559,-2.84,-11.923,0.05,1.32,4.94
ATOM,62.0,HZ1,LYS,4.0,-0.648,-4.979,-13.782,0.33,0.2245,7.32
ATOM,63.0,HZ2,LYS,4.0,0.596,-3.923,-13.857,0.33,0.2245,20.28
ATOM,64.0,HZ3,LYS,4.0,0.344,-4.792,-12.498,0.33,0.2245,8.82
ATOM,65.0,N,ASP,5.0,-0.988,-3.678,-7.204,-0.47,1.85,0.36
ATOM,66.0,CA,ASP,5.0,-0.799,-2.895,-5.991,0.07,2.275,1.96
ATOM,67.0,C,ASP,5.0,-1.114,-3.532,-4.653,0.51,2.0,0.0
ATOM,68.0,O,ASP,5.0,-1.983,-3.07,-3.919,-0.51,1.7,2.07
ATOM,69.0,CB,ASP,5.0,-1.481,-1.534,-6.122,-0.28,2.175,7.28
ATOM,70.0,CG,ASP,5.0,-0.893,-0.704,-7.251,0.62,2.0,1.7
ATOM,71.0,OD1,ASP,5.0,0.205,-0.133,-7.063,-0.76,1.7,42.71
ATOM,72.0,OD2,ASP,5.0,-1.513,-0.651,-8.336,-0.76,1.7,16.54
ATOM,73.0,H,ASP,5.0,-0.325,-3.603,-8.03,0.31,0.2245,8.9
ATOM,74.0,HA,ASP,5.0,0.205,-2.628,-5.966,0.09,1.32,8.25
ATOM,75.0,HB2,ASP,5.0,-2.442,-1.687,-6.308,0.09,1.32,0.0
ATOM,76.0,HB3,ASP,5.0,-1.359,-1.044,-5.27,0.09,1.32,5.85
ATOM,77.0,N,LEU,6.0,-0.375,-4.587,-4.338,-0.47,1.85,0.18
ATOM,78.0,CA,LEU,6.0,-0.52,-5.284,-3.075,0.07,2.275,0.0
ATOM,79.0,C,LEU,6.0,0.264,-4.514,-2.015,0.51,2.0,0.0
ATOM,80.0,O,LEU,6.0,1.486,-4.38,-2.101,-0.51,1.7,8.49
ATOM,81.0,CB,LEU,6.0,0.023,-6.704,-3.196,-0.18,2.175,0.0
ATOM,82.0,CG,LEU,6.0,-0.025,-7.599,-1.945,-0.09,2.275,0.0
ATOM,83.0,CD1,LEU,6.0,-1.477,-7.81,-1.502,-0.27,2.06,0.06
ATOM,84.0,CD2,LEU,6.0,0.641,-8.954,-2.231,-0.27,2.06,0.0
ATOM,85.0,H,LEU,6.0,0.313,-4.868,-5.072,0.31,0.2245,3.54
ATOM,86.0,HA,LEU,6.0,-1.481,-5.287,-2.813,0.09,1.32,0.0
ATOM,87.0,HB2,LEU,6.0,-0.499,-7.175,-3.911,0.09,1.32,0.0
ATOM,88.0,HB3,LEU,6.0,0.983,-6.646,-3.476,0.09,1.32,0.08
ATOM,89.0,HG,LEU,6.0,0.482,-7.156,-1.211,0.09,1.32,0.0
ATOM,90.0,HD11,LEU,6.0,-1.986,-8.249,-2.241,0.09,1.32,0.0
ATOM,91.0,HD12,LEU,6.0,-1.492,-8.392,-0.691,0.09,1.32,0.0
ATOM,92.0,HD13,LEU,6.0,-1.888,-6.925,-1.29,0.09,1.32,0.0
ATOM,93.0,HD21,LEU,6.0,1.593,-8.802,-2.49,0.09,1.32,0.0
ATOM,94.0,HD22,LEU,6.0,0.6,-9.519,-1.409,0.09,1.32,0.0
ATOM,95.0,HD23,LEU,6.0,0.156,-9.406,-2.977,0.09,1.32,0.0
ATOM,96.0,N,GLU,7.0,-0.458,-3.956,-1.048,-0.47,1.85,0.0
ATOM,97.0,CA,GLU,7.0,0.155,-3.198,0.041,0.07,2.275,0.0
ATOM,98.0,C,GLU,7.0,-0.326,-3.676,1.417,0.51,2.0,0.0
ATOM,99.0,O,GLU,7.0,-1.453,-4.159,1.558,-0.51,1.7,0.03
ATOM,100.0,CB,GLU,7.0,-0.119,-1.698,-0.123,-0.18,2.175,11.38
ATOM,101.0,CG,GLU,7.0,-1.589,-1.301,-0.1,-0.28,2.175,0.55
ATOM,102.0,CD,GLU,7.0,-1.795,0.212,0.0,0.62,2.0,4.41
ATOM,103.0,OE1,GLU,7.0,-1.064,0.873,0.783,-0.76,1.7,33.92
ATOM,104.0,OE2,GLU,7.0,-2.689,0.741,-0.703,-0.76,1.7,26.04
ATOM,105.0,H,GLU,7.0,-1.485,-4.104,-1.132,0.31,0.2245,0.0
ATOM,106.0,HA,GLU,7.0,1.16,-3.287,-0.008,0.09,1.32,2.73
ATOM,107.0,HB2,GLU,7.0,0.328,-1.23,0.624,0.09,1.32,3.13
ATOM,108.0,HB3,GLU,7.0,0.251,-1.42,-0.996,0.09,1.32,7.78
ATOM,109.0,HG2,GLU,7.0,-2.004,-1.597,-0.939,0.09,1.32,0.35
ATOM,110.0,HG3,GLU,7.0,-2.009,-1.705,0.69,0.09,1.32,0.08
ATOM,111.0,N,VAL,8.0,0.556,-3.58,2.411,-0.47,1.85,0.0
ATOM,112.0,CA,VAL,8.0,0.247,-3.968,3.787,0.07,2.275,0.0
ATOM,113.0,C,VAL,8.0,0.118,-2.728,4.674,0.51,2.0,0.0
ATOM,114.0,O,VAL,8.0,0.956,-1.824,4.647,-0.51,1.7,18.83
ATOM,115.0,CB,VAL,8.0,1.316,-4.906,4.348,-0.09,2.275,0.0
ATOM,116.0,CG1,VAL,8.0,2.689,-4.325,4.113,-0.27,2.06,13.08
ATOM,117.0,CG2,VAL,8.0,1.098,-5.13,5.815,-0.27,2.06,0.1
ATOM,118.0,H,VAL,8.0,1.488,-3.203,2.123,0.31,0.2245,3.67
ATOM,119.0,HA,VAL,8.0,-0.638,-4.441,3.788,0.09,1.32,0.0
ATOM,120.0,HB,VAL,8.0,1.268,-5.761,3.841,0.09,1.32,0.0
ATOM,121.0,HG11,VAL,8.0,3.096,-4.05,4.986,0.09,1.32,5.62
ATOM,122.0,HG12,VAL,8.0,3.278,-5.009,3.678,0.09,1.32,0.0
ATOM,123.0,HG13,VAL,8.0,2.622,-3.523,3.516,0.09,1.32,2.17
ATOM,124.0,HG21,VAL,8.0,1.765,-5.795,6.161,0.09,1.32,0.0
ATOM,125.0,HG22,VAL,8.0,1.208,-4.265,6.312,0.09,1.32,0.0
ATOM,126.0,HG23,VAL,8.0,0.172,-5.483,5.972,0.09,1.32,0.0
ATOM,127.0,N,SER,9.0,-0.957,-2.686,5.447,-0.47,1.85,0.0
ATOM,128.0,CA,SER,9.0,-1.229,-1.553,6.334,0.07,2.275,0.15
ATOM,129.0,C,SER,9.0,-1.531,-2.008,7.774,0.51,2.0,0.0
ATOM,130.0,O,SER,9.0,-1.669,-3.213,8.047,-0.51,1.7,0.0
ATOM,131.0,CB,SER,9.0,-2.422,-0.753,5.778,0.05,2.175,17.65
ATOM,132.0,OG,SER,9.0,-2.645,0.448,6.498,-0.66,1.77,22.55
ATOM,133.0,H,SER,9.0,-1.584,-3.512,5.373,0.31,0.2245,0.0
ATOM,134.0,HA,SER,9.0,-0.404,-0.974,6.365,0.09,1.32,4.51
ATOM,135.0,HB2,SER,9.0,-2.236,-0.53,4.822,0.09,1.32,1.38
ATOM,136.0,HB3,SER,9.0,-3.24,-1.324,5.836,0.09,1.32,1.81
ATOM,137.0,HG,SER,9.0,-3.018,0.231,7.399,0.43,0.2245,0.0
ATOM,138.0,N,ASP,10.0,-1.575,-1.037,8.689,-0.47,1.85,0.0
ATOM,139.0,CA,ASP,10.0,-1.896,-1.255,10.11,0.07,2.275,1.72
ATOM,140.0,C,ASP,10.0,-1.177,-2.427,10.828,0.51,2.0,0.44
ATOM,141.0,O,ASP,10.0,-1.822,-3.328,11.374,-0.51,1.7,1.03
ATOM,142.0,CB,ASP,10.0,-3.431,-1.389,10.297,-0.28,2.175,12.36
ATOM,143.0,CG,ASP,10.0,-4.249,-0.355,9.484,0.62,2.0,3.21
ATOM,144.0,OD1,ASP,10.0,-3.761,0.764,9.2,-0.76,1.7,26.28
ATOM,145.0,OD2,ASP,10.0,-5.407,-0.669,9.136,-0.76,1.7,35.0
ATOM,146.0,H,ASP,10.0,-1.357,-0.082,8.305,0.31,0.2245,5.98
ATOM,147.0,HA,ASP,10.0,-1.624,-0.4,10.611,0.09,1.32,9.19
ATOM,148.0,HB2,ASP,10.0,-3.696,-2.297,10.0,0.09,1.32,0.32
ATOM,149.0,HB3,ASP,10.0,-3.634,-1.259,11.259,0.09,1.32,10.82
ATOM,150.0,N,PRO,11.0,0.172,-2.425,10.842,-0.29,1.85,0.02
ATOM,151.0,CA,PRO,11.0,0.916,-3.501,11.51,0.02,2.275,0.0
ATOM,152.0,C,PRO,11.0,0.537,-3.677,12.988,0.51,2.0,0.0
ATOM,153.0,O,PRO,11.0,0.461,-2.715,13.758,-0.51,1.7,20.65
ATOM,154.0,CB,PRO,11.0,2.373,-3.045,11.377,-0.18,2.175,5.12
ATOM,155.0,CG,PRO,11.0,2.382,-2.294,10.088,-0.18,2.175,16.65
ATOM,156.0,CD,PRO,11.0,1.098,-1.484,10.178,0.0,2.175,11.41
ATOM,157.0,HA,PRO,11.0,0.8,-4.378,11.01,0.09,1.32,0.0
ATOM,158.0,HB2,PRO,11.0,2.628,-2.454,12.14,0.09,1.32,4.99
ATOM,159.0,HB3,PRO,11.0,2.986,-3.831,11.341,0.09,1.32,0.0
ATOM,160.0,HG2,PRO,11.0,3.169,-1.695,10.03,0.09,1.32,11.22
ATOM,161.0,HG3,PRO,11.0,2.35,-2.913,9.315,0.09,1.32,0.43
ATOM,162.0,HD2,PRO,11.0,1.226,-0.668,10.731,0.09,1.32,11.32
ATOM,163.0,HD3,PRO,11.0,0.763,-1.239,9.273,0.09,1.32,0.12
ATOM,164.0,N,THR,12.0,0.288,-4.924,13.355,-0.47,1.85,0.0
ATOM,165.0,CA,THR,12.0,-0.061,-5.311,14.715,0.07,2.275,0.23
ATOM,166.0,C,THR,12.0,1.002,-6.329,15.144,0.51,2.0,0.0
ATOM,167.0,O,THR,12.0,1.986,-6.527,14.434,-0.51,1.7,0.0
ATOM,168.0,CB,THR,12.0,-1.504,-5.89,14.731,0.14,2.275,0.0
ATOM,169.0,OG1,THR,12.0,-2.435,-4.8,14.765,-0.66,1.77,22.42
ATOM,170.0,CG2,THR,12.0,-1.768,-6.829,15.905,-0.27,2.06,11.62
ATOM,171.0,H,THR,12.0,0.364,-5.623,12.571,0.31,0.2245,0.0
ATOM,172.0,HA,THR,12.0,0.011,-4.522,15.303,0.09,1.32,4.39
ATOM,173.0,HB,THR,12.0,-1.651,-6.412,13.873,0.09,1.32,0.0
ATOM,174.0,HG21,THR,12.0,-1.146,-7.613,15.857,0.09,1.32,0.0
ATOM,175.0,HG22,THR,12.0,-1.619,-6.342,16.767,0.09,1.32,6.95
ATOM,176.0,HG23,THR,12.0,-2.714,-7.156,15.87,0.09,1.32,3.87
ATOM,177.0,HG1,THR,12.0,-2.416,-4.297,13.894,0.43,0.2245,4.99
ATOM,178.0,N,GLU,13.0,0.88,-6.872,16.349,-0.47,1.85,0.0
ATOM,179.0,CA,GLU,13.0,1.825,-7.865,16.853,0.07,2.275,0.0
ATOM,180.0,C,GLU,13.0,1.535,-9.223,16.252,0.51,2.0,0.0
ATOM,181.0,O,GLU,13.0,2.426,-10.069,16.113,-0.51,1.7,1.2
ATOM,182.0,CB,GLU,13.0,1.679,-8.01,18.372,-0.18,2.175,2.05
ATOM,183.0,CG,GLU,13.0,2.481,-7.031,19.197,-0.28,2.175,1.33
ATOM,184.0,CD,GLU,13.0,2.147,-7.106,20.673,0.62,2.0,2.22
ATOM,185.0,OE1,GLU,13.0,1.933,-8.229,21.185,-0.76,1.7,26.16
ATOM,186.0,OE2,GLU,13.0,2.1,-6.038,21.315,-0.76,1.7,6.34
ATOM,187.0,H,GLU,13.0,0.062,-6.534,16.898,0.31,0.2245,1.69
ATOM,188.0,HA,GLU,13.0,2.763,-7.583,16.622,0.09,1.32,0.0
ATOM,189.0,HB2,GLU,13.0,0.722,-7.878,18.591,0.09,1.32,4.51
ATOM,190.0,HB3,GLU,13.0,1.976,-8.924,18.612,0.09,1.32,2.41
ATOM,191.0,HG2,GLU,13.0,3.435,-7.247,19.098,0.09,1.32,0.0
ATOM,192.0,HG3,GLU,13.0,2.272,-6.12,18.893,0.09,1.32,0.42
ATOM,193.0,N,THR,14.0,0.282,-9.417,15.88,-0.47,1.85,0.0
ATOM,194.0,CA,THR,14.0,-0.144,-10.693,15.381,0.07,2.275,0.0
ATOM,195.0,C,THR,14.0,-0.892,-10.589,14.045,0.51,2.0,0.0
ATOM,196.0,O,THR,14.0,-1.247,-11.608,13.444,-0.51,1.7,0.0
ATOM,197.0,CB,THR,14.0,-0.99,-11.368,16.509,0.14,2.275,4.47
ATOM,198.0,OG1,THR,14.0,-1.362,-12.699,16.146,-0.66,1.77,10.37
ATOM,199.0,CG2,THR,14.0,-2.235,-10.541,16.82,-0.27,2.06,20.38
ATOM,200.0,H,THR,14.0,-0.338,-8.592,15.98,0.31,0.2245,0.0
ATOM,201.0,HA,THR,14.0,0.671,-11.281,15.23,0.09,1.32,0.0
ATOM,202.0,HB,THR,14.0,-0.415,-11.411,17.356,0.09,1.32,7.77
ATOM,203.0,HG21,THR,14.0,-3.052,-11.034,16.516,0.09,1.32,6.03
ATOM,204.0,HG22,THR,14.0,-2.295,-10.38,17.807,0.09,1.32,11.24
ATOM,205.0,HG23,THR,14.0,-2.183,-9.661,16.344,0.09,1.32,0.0
ATOM,206.0,HG1,THR,14.0,-0.548,-13.237,15.899,0.43,0.2245,2.0
ATOM,207.0,N,THR,15.0,-1.109,-9.369,13.556,-0.47,1.85,0.0
ATOM,208.0,CA,THR,15.0,-1.812,-9.21,12.288,0.07,2.275,0.0
ATOM,209.0,C,THR,15.0,-1.198,-8.223,11.326,0.51,2.0,0.0
ATOM,210.0,O,THR,15.0,-0.415,-7.364,11.701,-0.51,1.7,0.0
ATOM,211.0,CB,THR,15.0,-3.273,-8.748,12.453,0.14,2.275,0.0
ATOM,212.0,OG1,THR,15.0,-3.304,-7.352,12.758,-0.66,1.77,6.36
ATOM,213.0,CG2,THR,15.0,-3.971,-9.518,13.537,-0.27,2.06,9.59
ATOM,214.0,H,THR,15.0,-0.755,-8.592,14.124,0.31,0.2245,0.0
ATOM,215.0,HA,THR,15.0,-1.846,-10.129,11.83,0.09,1.32,0.0
ATOM,216.0,HB,THR,15.0,-3.764,-8.894,11.57,0.09,1.32,0.0
ATOM,217.0,HG21,THR,15.0,-3.329,-10.148,13.987,0.09,1.32,0.0
ATOM,218.0,HG22,THR,15.0,-4.342,-8.89,14.229,0.09,1.32,6.24
ATOM,219.0,HG23,THR,15.0,-4.73,-10.054,13.152,0.09,1.32,0.0
ATOM,220.0,HG1,THR,15.0,-2.973,-6.814,11.975,0.43,0.2245,1.3
ATOM,221.0,N,LEU,16.0,-1.636,-8.343,10.078,-0.47,1.85,0.0
ATOM,222.0,CA,LEU,16.0,-1.237,-7.477,8.983,0.07,2.275,0.0
ATOM,223.0,C,LEU,16.0,-2.474,-7.314,8.152,0.51,2.0,0.0
ATOM,224.0,O,LEU,16.0,-3.219,-8.269,7.945,-0.51,1.7,0.0
ATOM,225.0,CB,LEU,16.0,-0.146,-8.111,8.141,-0.18,2.175,0.0
ATOM,226.0,CG,LEU,16.0,1.246,-8.057,8.765,-0.09,2.275,0.0
ATOM,227.0,CD1,LEU,16.0,2.193,-8.911,7.95,-0.27,2.06,0.0
ATOM,228.0,CD2,LEU,16.0,1.74,-6.622,8.847,-0.27,2.06,0.39
ATOM,229.0,H,LEU,16.0,-2.317,-9.143,9.947,0.31,0.2245,0.0
ATOM,230.0,HA,LEU,16.0,-0.975,-6.6,9.35,0.09,1.32,0.0
ATOM,231.0,HB2,LEU,16.0,-0.373,-9.066,8.007,0.09,1.32,0.0
ATOM,232.0,HB3,LEU,16.0,-0.102,-7.631,7.277,0.09,1.32,0.0
ATOM,233.0,HG,LEU,16.0,1.198,-8.406,9.696,0.09,1.32,0.0
ATOM,234.0,HD11,LEU,16.0,2.236,-8.567,7.01,0.09,1.32,0.0
ATOM,235.0,HD12,LEU,16.0,3.109,-8.88,8.354,0.09,1.32,0.0
ATOM,236.0,HD13,LEU,16.0,1.87,-9.859,7.939,0.09,1.32,0.0
ATOM,237.0,HD21,LEU,16.0,1.112,-6.083,9.41,0.09,1.32,0.0
ATOM,238.0,HD22,LEU,16.0,2.653,-6.604,9.258,0.09,1.32,0.0
ATOM,239.0,HD23,LEU,16.0,1.782,-6.229,7.927,0.09,1.32,0.0
ATOM,240.0,N,SER,17.0,-2.72,-6.085,7.725,-0.47,1.85,0.0
ATOM,241.0,CA,SER,17.0,-3.879,-5.772,6.905,0.07,2.275,0.0
ATOM,242.0,C,SER,17.0,-3.465,-5.65,5.42,0.51,2.0,0.0
ATOM,243.0,O,SER,17.0,-2.648,-4.8,5.041,-0.51,1.7,0.27
ATOM,244.0,CB,SER,17.0,-4.507,-4.48,7.409,0.05,2.175,0.02
ATOM,245.0,OG,SER,17.0,-5.678,-4.192,6.675,-0.66,1.77,12.15
ATOM,246.0,H,SER,17.0,-2.021,-5.372,8.023,0.31,0.2245,0.0
ATOM,247.0,HA,SER,17.0,-4.532,-6.529,6.971,0.09,1.32,0.0
ATOM,248.0,HB2,SER,17.0,-4.742,-4.588,8.368,0.09,1.32,0.64
ATOM,249.0,HB3,SER,17.0,-3.858,-3.738,7.289,0.09,1.32,0.0
ATOM,250.0,HG,SER,17.0,-5.833,-4.909,5.996,0.43,0.2245,0.0
ATOM,251.0,N,LEU,18.0,-4.013,-6.527,4.587,-0.47,1.85,0.0
ATOM,252.0,CA,LEU,18.0,-3.685,-6.535,3.171,0.07,2.275,0.0
ATOM,253.0,C,LEU,18.0,-4.743,-5.889,2.284,0.51,2.0,0.0
ATOM,254.0,O,LEU,18.0,-5.955,-6.057,2.496,-0.51,1.7,0.0
ATOM,255.0,CB,LEU,18.0,-3.459,-7.97,2.705,-0.18,2.175,0.0
ATOM,256.0,CG,LEU,18.0,-2.427,-8.789,3.477,-0.09,2.275,0.0
ATOM,257.0,CD1,LEU,18.0,-2.531,-10.243,3.068,-0.27,2.06,0.0
ATOM,258.0,CD2,LEU,18.0,-1.041,-8.248,3.23,-0.27,2.06,0.0
ATOM,259.0,H,LEU,18.0,-4.68,-7.19,5.027,0.31,0.2245,0.0
ATOM,260.0,HA,LEU,18.0,-2.81,-6.028,3.04,0.09,1.32,0.0
ATOM,261.0,HB2,LEU,18.0,-4.331,-8.454,2.77,0.09,1.32,0.0
ATOM,262.0,HB3,LEU,18.0,-3.162,-7.94,1.752,0.09,1.32,0.0
ATOM,263.0,HG,LEU,18.0,-2.608,-8.702,4.452,0.09,1.32,0.0
ATOM,264.0,HD11,LEU,18.0,-2.358,-10.331,2.085,0.09,1.32,0.0
ATOM,265.0,HD12,LEU,18.0,-1.856,-10.785,3.572,0.09,1.32,0.0
ATOM,266.0,HD13,LEU,18.0,-3.449,-10.587,3.273,0.09,1.32,0.0
ATOM,267.0,HD21,LEU,18.0,-0.989,-7.293,3.532,0.09,1.32,0.0
ATOM,268.0,HD22,LEU,18.0,-0.367,-8.789,3.739,0.09,1.32,0.0
ATOM,269.0,HD23,LEU,18.0,-0.826,-8.294,2.251,0.09,1.32,0.0
ATOM,270.0,N,ARG,19.0,-4.265,-5.192,1.253,-0.47,1.85,0.0
ATOM,271.0,CA,ARG,19.0,-5.139,-4.531,0.296,0.07,2.275,0.0
ATOM,272.0,C,ARG,19.0,-4.504,-4.568,-1.094,0.51,2.0,0.0
ATOM,273.0,O,ARG,19.0,-3.293,-4.435,-1.232,-0.51,1.7,0.0
ATOM,274.0,CB,ARG,19.0,-5.418,-3.104,0.74,-0.18,2.175,1.5
ATOM,275.0,CG,ARG,19.0,-6.55,-2.46,0.013,-0.18,2.175,0.31
ATOM,276.0,CD,ARG,19.0,-7.015,-1.23,0.749,0.2,2.175,14.49
ATOM,277.0,NE,ARG,19.0,-7.937,-0.463,-0.074,-0.7,1.85,6.79
ATOM,278.0,CZ,ARG,19.0,-7.64,0.703,-0.63,0.64,2.0,2.9
ATOM,279.0,NH1,ARG,19.0,-6.437,1.246,-0.441,-0.8,1.85,17.63
ATOM,280.0,NH2,ARG,19.0,-8.536,1.309,-1.4,-0.8,1.85,29.07
ATOM,281.0,H,ARG,19.0,-3.226,-5.164,1.196,0.31,0.2245,0.0
ATOM,282.0,HA,ARG,19.0,-6.014,-5.018,0.259,0.09,1.32,0.0
ATOM,283.0,HB2,ARG,19.0,-5.632,-3.121,1.715,0.09,1.32,3.63
ATOM,284.0,HB3,ARG,19.0,-4.592,-2.566,0.586,0.09,1.32,0.0
ATOM,285.0,HG2,ARG,19.0,-6.258,-2.184,-0.899,0.09,1.32,4.03
ATOM,286.0,HG3,ARG,19.0,-7.319,-3.091,-0.051,0.09,1.32,0.0
ATOM,287.0,HD2,ARG,19.0,-7.476,-1.516,1.58,0.09,1.32,5.63
ATOM,288.0,HD3,ARG,19.0,-6.221,-0.673,0.961,0.09,1.32,2.16
ATOM,289.0,HE,ARG,19.0,-8.857,-0.84,-0.231,0.44,0.2245,9.0
ATOM,290.0,HH11,ARG,19.0,-5.743,0.78,0.098,0.46,0.2245,2.86
ATOM,291.0,HH12,ARG,19.0,-6.23,2.141,-0.852,0.46,0.2245,17.04
ATOM,292.0,HH21,ARG,19.0,-9.422,0.875,-1.573,0.46,0.2245,18.45
ATOM,293.0,HH22,ARG,19.0,-8.328,2.197,-1.809,0.46,0.2245,18.44
ATOM,294.0,N,TRP,20.0,-5.339,-4.761,-2.114,-0.47,1.85,0.0
ATOM,295.0,CA,TRP,20.0,-4.874,-4.853,-3.494,0.07,2.275,2.03
ATOM,296.0,C,TRP,20.0,-5.962,-4.554,-4.506,0.51,2.0,1.52
ATOM,297.0,O,TRP,20.0,-7.135,-4.402,-4.159,-0.51,1.7,5.16
ATOM,298.0,CB,TRP,20.0,-4.389,-6.264,-3.774,-0.18,2.175,0.0
ATOM,299.0,CG,TRP,20.0,-5.49,-7.245,-3.687,-0.03,1.9924,0.0
ATOM,300.0,CD1,TRP,20.0,-6.323,-7.629,-4.689,0.035,1.9924,0.0
ATOM,301.0,CD2,TRP,20.0,-5.911,-7.952,-2.522,-0.02,1.8,0.0
ATOM,302.0,NE1,TRP,20.0,-7.245,-8.531,-4.224,-0.61,1.85,0.0
ATOM,303.0,CE2,TRP,20.0,-7.018,-8.746,-2.893,0.13,1.8,0.0
ATOM,304.0,CE3,TRP,20.0,-5.465,-7.987,-1.193,-0.115,1.9924,0.0
ATOM,305.0,CZ2,TRP,20.0,-7.69,-9.564,-1.991,-0.115,1.9924,0.0
ATOM,306.0,CZ3,TRP,20.0,-6.136,-8.802,-0.288,-0.115,1.9924,0.0
ATOM,307.0,CH2,TRP,20.0,-7.24,-9.58,-0.694,-0.115,1.9924,0.0
ATOM,308.0,H,TRP,20.0,-6.342,-4.84,-1.842,0.31,0.2245,0.0
ATOM,309.0,HA,TRP,20.0,-4.142,-4.161,-3.616,0.09,1.32,0.0
ATOM,310.0,HB2,TRP,20.0,-4.021,-6.302,-4.69,0.09,1.32,0.0
ATOM,311.0,HB3,TRP,20.0,-3.709,-6.51,-3.1,0.09,1.32,0.0
ATOM,312.0,HD1,TRP,20.0,-6.275,-7.302,-5.635,0.115,1.3582,0.0
ATOM,313.0,HE1,TRP,20.0,-7.965,-8.961,-4.767,0.38,0.2245,0.0
ATOM,314.0,HE3,TRP,20.0,-4.686,-7.444,-0.898,0.115,1.3582,0.0
ATOM,315.0,HZ2,TRP,20.0,-8.474,-10.116,-2.29,0.115,1.3582,0.0
ATOM,316.0,HZ3,TRP,20.0,-5.832,-8.834,0.656,0.115,1.3582,0.0
ATOM,317.0,HH2,TRP,20.0,-7.696,-10.152,-0.013,0.115,1.3582,0.0
ATOM,318.0,N,ARG,21.0,-5.557,-4.53,-5.773,-0.47,1.85,0.03
ATOM,319.0,CA,ARG,21.0,-6.488,-4.292,-6.854,0.07,2.275,0.0
ATOM,320.0,C,ARG,21.0,-6.916,-5.602,-7.465,0.51,2.0,0.0
ATOM,321.0,O,ARG,21.0,-6.118,-6.528,-7.594,-0.51,1.7,0.0
ATOM,322.0,CB,ARG,21.0,-5.891,-3.41,-7.931,-0.18,2.175,0.0
ATOM,323.0,CG,ARG,21.0,-6.276,-1.973,-7.793,-0.18,2.175,7.38
ATOM,324.0,CD,ARG,21.0,-6.273,-1.315,-9.138,0.2,2.175,14.92
ATOM,325.0,NE,ARG,21.0,-6.471,0.126,-9.037,-0.7,1.85,7.45
ATOM,326.0,CZ,ARG,21.0,-5.698,0.949,-8.325,0.64,2.0,2.81
ATOM,327.0,NH1,ARG,21.0,-4.659,0.482,-7.627,-0.8,1.85,7.6
ATOM,328.0,NH2,ARG,21.0,-5.958,2.254,-8.33,-0.8,1.85,28.49
ATOM,329.0,H,ARG,21.0,-4.541,-4.693,-5.907,0.31,0.2245,0.0
ATOM,330.0,HA,ARG,21.0,-7.3,-3.822,-6.489,0.09,1.32,1.35
ATOM,331.0,HB2,ARG,21.0,-4.899,-3.48,-7.876,0.09,1.32,0.0
ATOM,332.0,HB3,ARG,21.0,-6.208,-3.74,-8.816,0.09,1.32,0.56
ATOM,333.0,HG2,ARG,21.0,-7.191,-1.903,-7.409,0.09,1.32,7.97
ATOM,334.0,HG3,ARG,21.0,-5.621,-1.502,-7.211,0.09,1.32,1.15
ATOM,335.0,HD2,ARG,21.0,-5.395,-1.492,-9.578,0.09,1.32,1.02
ATOM,336.0,HD3,ARG,21.0,-7.01,-1.707,-9.686,0.09,1.32,9.06
ATOM,337.0,HE,ARG,21.0,-7.246,0.533,-9.539,0.44,0.2245,16.0
ATOM,338.0,HH11,ARG,21.0,-4.438,-0.49,-7.648,0.46,0.2245,0.0
ATOM,339.0,HH12,ARG,21.0,-4.103,1.113,-7.084,0.46,0.2245,11.9
ATOM,340.0,HH21,ARG,21.0,-6.714,2.611,-8.879,0.46,0.2245,17.62
ATOM,341.0,HH22,ARG,21.0,-5.397,2.877,-7.786,0.46,0.2245,17.92
ATOM,342.0,N,ARG,22.0,-8.188,-5.673,-7.828,-0.47,1.85,0.0
ATOM,343.0,CA,ARG,22.0,-8.756,-6.865,-8.427,0.07,2.275,0.0
ATOM,344.0,C,ARG,22.0,-8.296,-6.974,-9.878,0.51,2.0,0.0
ATOM,345.0,O,ARG,22.0,-8.019,-5.96,-10.518,-0.51,1.7,12.1
ATOM,346.0,CB,ARG,22.0,-10.273,-6.752,-8.383,-0.18,2.175,2.28
ATOM,347.0,CG,ARG,22.0,-11.054,-7.855,-9.072,-0.18,2.175,0.19
ATOM,348.0,CD,ARG,22.0,-12.528,-7.45,-9.124,0.2,2.175,12.76
ATOM,349.0,NE,ARG,22.0,-13.366,-8.455,-9.762,-0.7,1.85,5.05
ATOM,350.0,CZ,ARG,22.0,-14.411,-9.04,-9.186,0.64,2.0,1.89
ATOM,351.0,NH1,ARG,22.0,-14.765,-8.72,-7.944,-0.8,1.85,12.85
ATOM,352.0,NH2,ARG,22.0,-15.085,-9.974,-9.847,-0.8,1.85,19.57
ATOM,353.0,H,ARG,22.0,-8.739,-4.804,-7.647,0.31,0.2245,5.47
ATOM,354.0,HA,ARG,22.0,-8.431,-7.671,-7.929,0.09,1.32,0.0
ATOM,355.0,HB2,ARG,22.0,-10.558,-6.73,-7.417,0.09,1.32,0.0
ATOM,356.0,HB3,ARG,22.0,-10.535,-5.878,-8.809,0.09,1.32,6.9
ATOM,357.0,HG2,ARG,22.0,-10.734,-7.966,-9.996,0.09,1.32,0.0
ATOM,358.0,HG3,ARG,22.0,-10.985,-8.689,-8.554,0.09,1.32,0.0
ATOM,359.0,HD2,ARG,22.0,-12.837,-7.305,-8.185,0.09,1.32,0.57
ATOM,360.0,HD3,ARG,22.0,-12.589,-6.592,-9.633,0.09,1.32,10.21
ATOM,361.0,HE,ARG,22.0,-13.139,-8.728,-10.707,0.44,0.2245,6.32
ATOM,362.0,HH11,ARG,22.0,-14.265,-8.024,-7.435,0.46,0.2245,5.43
ATOM,363.0,HH12,ARG,22.0,-15.546,-9.185,-7.515,0.46,0.2245,6.82
ATOM,364.0,HH21,ARG,22.0,-14.816,-10.218,-10.78,0.46,0.2245,15.75
ATOM,365.0,HH22,ARG,22.0,-15.861,-10.433,-9.415,0.46,0.2245,12.99
ATOM,366.0,N,PRO,23.0,-8.115,-8.214,-10.373,-0.29,1.85,0.0
ATOM,367.0,CA,PRO,23.0,-7.696,-8.533,-11.741,0.02,2.275,0.0
ATOM,368.0,C,PRO,23.0,-8.79,-8.156,-12.749,0.51,2.0,0.0
ATOM,369.0,O,PRO,23.0,-9.978,-8.192,-12.438,-0.51,1.7,4.6
ATOM,370.0,CB,PRO,23.0,-7.533,-10.046,-11.692,-0.18,2.175,0.35
ATOM,371.0,CG,PRO,23.0,-7.113,-10.292,-10.284,-0.18,2.175,0.0
ATOM,372.0,CD,PRO,23.0,-8.057,-9.418,-9.526,0.0,2.175,0.0
ATOM,373.0,HA,PRO,23.0,-6.832,-8.072,-11.969,0.09,1.32,0.24
ATOM,374.0,HB2,PRO,23.0,-8.397,-10.504,-11.894,0.09,1.32,0.0
ATOM,375.0,HB3,PRO,23.0,-6.833,-10.35,-12.334,0.09,1.32,0.0
ATOM,376.0,HG2,PRO,23.0,-7.233,-11.248,-10.043,0.09,1.32,0.0
ATOM,377.0,HG3,PRO,23.0,-6.171,-10.012,-10.145,0.09,1.32,0.0
ATOM,378.0,HD2,PRO,23.0,-8.961,-9.831,-9.445,0.09,1.32,0.0
ATOM,379.0,HD3,PRO,23.0,-7.706,-9.19,-8.62,0.09,1.32,0.0
ATOM,380.0,N,VAL,24.0,-8.379,-7.764,-13.947,-0.47,1.85,0.0
ATOM,381.0,CA,VAL,24.0,-9.323,-7.39,-14.988,0.07,2.275,0.26
ATOM,382.0,C,VAL,24.0,-9.904,-8.659,-15.601,0.51,2.0,0.0
ATOM,383.0,O,VAL,24.0,-11.055,-8.684,-16.03,-0.51,1.7,23.08
ATOM,384.0,CB,VAL,24.0,-8.633,-6.551,-16.079,-0.09,2.275,1.58
ATOM,385.0,CG1,VAL,24.0,-9.624,-6.182,-17.159,-0.27,2.06,34.88
ATOM,386.0,CG2,VAL,24.0,-8.022,-5.288,-15.472,-0.27,2.06,30.07
ATOM,387.0,H,VAL,24.0,-7.349,-7.748,-14.073,0.31,0.2245,0.0
ATOM,388.0,HA,VAL,24.0,-10.072,-6.88,-14.567,0.09,1.32,7.23
ATOM,389.0,HB,VAL,24.0,-7.935,-7.122,-16.5,0.09,1.32,3.49
ATOM,390.0,HG11,VAL,24.0,-9.143,-5.77,-17.935,0.09,1.32,10.96
ATOM,391.0,HG12,VAL,24.0,-10.107,-7.002,-17.471,0.09,1.32,3.9
ATOM,392.0,HG13,VAL,24.0,-10.289,-5.526,-16.799,0.09,1.32,9.55
ATOM,393.0,HG21,VAL,24.0,-7.394,-4.879,-16.132,0.09,1.32,11.57
ATOM,394.0,HG22,VAL,24.0,-8.753,-4.643,-15.255,0.09,1.32,9.22
ATOM,395.0,HG23,VAL,24.0,-7.527,-5.532,-14.64,0.09,1.32,1.52
ATOM,396.0,N,ALA,25.0,-9.115,-9.729,-15.577,-0.47,1.85,0.19
ATOM,397.0,CA,ALA,25.0,-9.529,-11.009,-16.138,0.07,2.275,1.51
ATOM,398.0,C,ALA,25.0,-10.533,-11.76,-15.285,0.51,2.0,0.01
ATOM,399.0,O,ALA,25.0,-10.61,-11.58,-14.073,-0.51,1.7,3.12
ATOM,400.0,CB,ALA,25.0,-8.312,-11.888,-16.401,-0.27,2.06,10.87
ATOM,401.0,H,ALA,25.0,-8.188,-9.574,-15.128,0.31,0.2245,0.0
ATOM,402.0,HA,ALA,25.0,-9.945,-10.839,-17.055,0.09,1.32,7.53
ATOM,403.0,HB1,ALA,25.0,-7.882,-11.613,-17.26,0.09,1.32,9.45
ATOM,404.0,HB2,ALA,25.0,-7.658,-11.783,-15.653,0.09,1.32,0.0
ATOM,405.0,HB3,ALA,25.0,-8.598,-12.844,-16.462,0.09,1.32,1.38
ATOM,406.0,N,LYS,26.0,-11.312,-12.607,-15.936,-0.47,1.85,1.69
ATOM,407.0,CA,LYS,26.0,-12.294,-13.409,-15.236,0.07,2.275,3.62
ATOM,408.0,C,LYS,26.0,-11.519,-14.441,-14.424,0.51,2.0,0.0
ATOM,409.0,O,LYS,26.0,-10.536,-14.993,-14.921,-0.51,1.7,0.26
ATOM,410.0,CB,LYS,26.0,-13.226,-14.077,-16.258,-0.18,2.175,16.13
ATOM,411.0,CG,LYS,26.0,-12.539,-14.885,-17.37,-0.18,2.175,11.07
ATOM,412.0,CD,LYS,26.0,-12.404,-16.357,-16.992,-0.18,2.175,5.8
ATOM,413.0,CE,LYS,26.0,-11.69,-17.172,-18.059,0.21,2.175,16.92
ATOM,414.0,NZ,LYS,26.0,-11.487,-18.579,-17.606,-0.3,1.85,10.54
ATOM,415.0,H,LYS,26.0,-11.161,-12.644,-16.961,0.31,0.2245,4.31
ATOM,416.0,HA,LYS,26.0,-12.808,-12.834,-14.612,0.09,1.32,7.05
ATOM,417.0,HB2,LYS,26.0,-13.841,-14.697,-15.762,0.09,1.32,7.46
ATOM,418.0,HB3,LYS,26.0,-13.777,-13.359,-16.694,0.09,1.32,11.42
ATOM,419.0,HG2,LYS,26.0,-13.085,-14.812,-18.203,0.09,1.32,10.36
ATOM,420.0,HG3,LYS,26.0,-11.63,-14.505,-17.528,0.09,1.32,1.86
ATOM,421.0,HD2,LYS,26.0,-11.885,-16.422,-16.141,0.09,1.32,0.0
ATOM,422.0,HD3,LYS,26.0,-13.317,-16.739,-16.858,0.09,1.32,10.37
ATOM,423.0,HE2,LYS,26.0,-12.241,-17.172,-18.892,0.05,1.32,10.58
ATOM,424.0,HE3,LYS,26.0,-10.801,-16.756,-18.246,0.05,1.32,9.07
ATOM,425.0,HZ1,LYS,26.0,-11.905,-19.202,-18.266,0.33,0.2245,20.35
ATOM,426.0,HZ2,LYS,26.0,-10.508,-18.766,-17.54,0.33,0.2245,11.45
ATOM,427.0,HZ3,LYS,26.0,-11.914,-18.702,-16.711,0.33,0.2245,7.61
ATOM,428.0,N,PHE,27.0,-11.869,-14.623,-13.152,-0.47,1.85,0.84
ATOM,429.0,CA,PHE,27.0,-11.166,-15.625,-12.353,0.07,2.275,1.23
ATOM,430.0,C,PHE,27.0,-11.983,-16.323,-11.289,0.51,2.0,1.3
ATOM,431.0,O,PHE,27.0,-13.125,-15.961,-11.035,-0.51,1.7,17.98
ATOM,432.0,CB,PHE,27.0,-9.834,-15.103,-11.795,-0.18,2.175,0.0
ATOM,433.0,CG,PHE,27.0,-9.963,-14.233,-10.587,0.0,1.9924,0.0
ATOM,434.0,CD1,PHE,27.0,-10.226,-12.876,-10.716,-0.115,1.9924,0.9
ATOM,435.0,CD2,PHE,27.0,-9.767,-14.762,-9.314,-0.115,1.9924,0.0
ATOM,436.0,CE1,PHE,27.0,-10.29,-12.059,-9.594,-0.115,1.9924,0.02
ATOM,437.0,CE2,PHE,27.0,-9.829,-13.951,-8.189,-0.115,1.9924,0.0
ATOM,438.0,CZ,PHE,27.0,-10.091,-12.598,-8.332,-0.115,1.9924,0.0
ATOM,439.0,H,PHE,27.0,-12.628,-14.034,-12.806,0.31,0.2245,6.64
ATOM,440.0,HA,PHE,27.0,-10.851,-16.349,-13.009,0.09,1.32,0.0
ATOM,441.0,HB2,PHE,27.0,-9.283,-15.892,-11.553,0.09,1.32,0.0
ATOM,442.0,HB3,PHE,27.0,-9.397,-14.576,-12.513,0.09,1.32,0.32
ATOM,443.0,HD1,PHE,27.0,-10.372,-12.481,-11.617,0.115,1.3582,0.0
ATOM,444.0,HD2,PHE,27.0,-9.58,-15.739,-9.21,0.115,1.3582,0.0
ATOM,445.0,HE1,PHE,27.0,-10.48,-11.076,-9.706,0.115,1.3582,0.0
ATOM,446.0,HE2,PHE,27.0,-9.681,-14.352,-7.272,0.115,1.3582,0.0
ATOM,447.0,HZ,PHE,27.0,-10.138,-12.006,-7.526,0.115,1.3582,0.0
ATOM,448.0,N,ASP,28.0,-11.383,-17.346,-10.692,-0.47,1.85,0.08
ATOM,449.0,CA,ASP,28.0,-12.024,-18.183,-9.679,0.07,2.275,0.09
ATOM,450.0,C,ASP,28.0,-11.986,-17.683,-8.244,0.51,2.0,0.0
ATOM,451.0,O,ASP,28.0,-13.016,-17.549,-7.58,-0.51,1.7,12.21
ATOM,452.0,CB,ASP,28.0,-11.381,-19.571,-9.704,-0.28,2.175,0.33
ATOM,453.0,CG,ASP,28.0,-12.298,-20.638,-10.248,0.62,2.0,1.62
ATOM,454.0,OD1,ASP,28.0,-13.299,-20.3,-10.931,-0.76,1.7,34.07
ATOM,455.0,OD2,ASP,28.0,-11.998,-21.824,-9.986,-0.76,1.7,16.45
ATOM,456.0,H,ASP,28.0,-10.394,-17.507,-11.013,0.31,0.2245,0.0
ATOM,457.0,HA,ASP,28.0,-13.017,-18.257,-9.943,0.09,1.32,3.01
ATOM,458.0,HB2,ASP,28.0,-10.568,-19.52,-10.277,0.09,1.32,0.0
ATOM,459.0,HB3,ASP,28.0,-11.128,-19.807,-8.771,0.09,1.32,0.0
ATOM,460.0,N,ARG,29.0,-10.766,-17.538,-7.746,-0.47,1.85,0.0
ATOM,461.0,CA,ARG,29.0,-10.52,-17.092,-6.395,0.07,2.275,0.0
ATOM,462.0,C,ARG,29.0,-9.073,-16.649,-6.298,0.51,2.0,0.0
ATOM,463.0,O,ARG,29.0,-8.372,-16.581,-7.298,-0.51,1.7,0.0
ATOM,464.0,CB,ARG,29.0,-10.805,-18.225,-5.415,-0.18,2.175,2.37
ATOM,465.0,CG,ARG,29.0,-10.147,-19.537,-5.771,-0.18,2.175,0.0
ATOM,466.0,CD,ARG,29.0,-10.724,-20.653,-4.914,0.2,2.175,6.49
ATOM,467.0,NE,ARG,29.0,-10.383,-21.983,-5.416,-0.7,1.85,0.2
ATOM,468.0,CZ,ARG,29.0,-11.241,-22.808,-6.016,0.64,2.0,0.98
ATOM,469.0,NH1,ARG,29.0,-12.511,-22.449,-6.196,-0.8,1.85,16.51
ATOM,470.0,NH2,ARG,29.0,-10.822,-23.992,-6.452,-0.8,1.85,19.35
ATOM,471.0,H,ARG,29.0,-9.998,-17.776,-8.421,0.31,0.2245,0.0
ATOM,472.0,HA,ARG,29.0,-11.109,-16.311,-6.192,0.09,1.32,0.0
ATOM,473.0,HB2,ARG,29.0,-10.478,-17.946,-4.514,0.09,1.32,0.0
ATOM,474.0,HB3,ARG,29.0,-11.792,-18.369,-5.385,0.09,1.32,3.26
ATOM,475.0,HG2,ARG,29.0,-10.323,-19.755,-6.721,0.09,1.32,0.0
ATOM,476.0,HG3,ARG,29.0,-9.174,-19.485,-5.593,0.09,1.32,0.0
ATOM,477.0,HD2,ARG,29.0,-10.365,-20.549,-3.988,0.09,1.32,0.0
ATOM,478.0,HD3,ARG,29.0,-11.718,-20.551,-4.902,0.09,1.32,2.47
ATOM,479.0,HE,ARG,29.0,-9.433,-22.299,-5.301,0.44,0.2245,0.0
ATOM,480.0,HH11,ARG,29.0,-12.832,-21.553,-5.903,0.46,0.2245,7.63
ATOM,481.0,HH12,ARG,29.0,-13.15,-23.089,-6.632,0.46,0.2245,16.06
ATOM,482.0,HH21,ARG,29.0,-9.859,-24.248,-6.344,0.46,0.2245,13.21
ATOM,483.0,HH22,ARG,29.0,-11.462,-24.622,-6.886,0.46,0.2245,17.33
ATOM,484.0,N,TYR,30.0,-8.66,-16.27,-5.098,-0.47,1.85,0.0
ATOM,485.0,CA,TYR,30.0,-7.3,-15.83,-4.855,0.07,2.275,0.0
ATOM,486.0,C,TYR,30.0,-6.643,-16.827,-3.923,0.51,2.0,0.0
ATOM,487.0,O,TYR,30.0,-7.319,-17.512,-3.17,-0.51,1.7,0.0
ATOM,488.0,CB,TYR,30.0,-7.294,-14.484,-4.135,-0.18,2.175,0.0
ATOM,489.0,CG,TYR,30.0,-7.804,-13.293,-4.909,0.0,1.9924,0.0
ATOM,490.0,CD1,TYR,30.0,-6.947,-12.539,-5.703,-0.115,1.9924,0.0
ATOM,491.0,CD2,TYR,30.0,-9.106,-12.835,-4.736,-0.115,1.9924,0.0
ATOM,492.0,CE1,TYR,30.0,-7.377,-11.348,-6.298,-0.115,1.9924,0.0
ATOM,493.0,CE2,TYR,30.0,-9.537,-11.648,-5.322,-0.115,1.9924,0.0
ATOM,494.0,CZ,TYR,30.0,-8.666,-10.91,-6.098,0.11,1.9924,0.0
ATOM,495.0,OH,TYR,30.0,-9.084,-9.723,-6.659,-0.54,1.77,0.0
ATOM,496.0,H,TYR,30.0,-9.39,-16.316,-4.354,0.31,0.2245,0.0
ATOM,497.0,HA,TYR,30.0,-6.804,-15.835,-5.721,0.09,1.32,0.0
ATOM,498.0,HB2,TYR,30.0,-7.853,-14.575,-3.298,0.09,1.32,0.0
ATOM,499.0,HB3,TYR,30.0,-6.344,-14.286,-3.851,0.09,1.32,0.0
ATOM,500.0,HD1,TYR,30.0,-6.008,-12.846,-5.855,0.115,1.3582,0.0
ATOM,501.0,HD2,TYR,30.0,-9.745,-13.367,-4.183,0.115,1.3582,0.0
ATOM,502.0,HE1,TYR,30.0,-6.741,-10.823,-6.868,0.115,1.3582,0.0
ATOM,503.0,HE2,TYR,30.0,-10.476,-11.333,-5.179,0.115,1.3582,0.0
ATOM,504.0,HH,TYR,30.0,-8.664,-9.621,-7.558,0.43,0.2245,0.0
ATOM,505.0,N,ARG,31.0,-5.324,-16.914,-3.981,-0.47,1.85,0.0
ATOM,506.0,CA,ARG,31.0,-4.593,-17.788,-3.092,0.07,2.275,0.0
ATOM,507.0,C,ARG,31.0,-3.52,-16.904,-2.497,0.51,2.0,0.0
ATOM,508.0,O,ARG,31.0,-2.787,-16.232,-3.213,-0.51,1.7,0.0
ATOM,509.0,CB,ARG,31.0,-3.97,-18.953,-3.839,-0.18,2.175,0.0
ATOM,510.0,CG,ARG,31.0,-3.184,-19.879,-2.942,-0.18,2.175,0.24
ATOM,511.0,CD,ARG,31.0,-2.41,-20.869,-3.763,0.2,2.175,0.04
ATOM,512.0,NE,ARG,31.0,-1.083,-21.095,-3.204,-0.7,1.85,0.15
ATOM,513.0,CZ,ARG,31.0,-0.4,-22.231,-3.319,0.64,2.0,0.0
ATOM,514.0,NH1,ARG,31.0,-0.917,-23.266,-3.977,-0.8,1.85,6.63
ATOM,515.0,NH2,ARG,31.0,0.798,-22.337,-2.754,-0.8,1.85,9.12
ATOM,516.0,H,ARG,31.0,-4.877,-16.315,-4.701,0.31,0.2245,0.0
ATOM,517.0,HA,ARG,31.0,-5.189,-18.098,-2.372,0.09,1.32,0.0
ATOM,518.0,HB2,ARG,31.0,-4.698,-19.478,-4.266,0.09,1.32,0.0
ATOM,519.0,HB3,ARG,31.0,-3.353,-18.591,-4.528,0.09,1.32,0.0
ATOM,520.0,HG2,ARG,31.0,-2.543,-19.349,-2.396,0.09,1.32,0.0
ATOM,521.0,HG3,ARG,31.0,-3.809,-20.378,-2.351,0.09,1.32,0.84
ATOM,522.0,HD2,ARG,31.0,-2.909,-21.73,-3.776,0.09,1.32,2.36
ATOM,523.0,HD3,ARG,31.0,-2.318,-20.51,-4.688,0.09,1.32,0.0
ATOM,524.0,HE,ARG,31.0,-0.651,-20.339,-2.694,0.44,0.2245,0.0
ATOM,525.0,HH11,ARG,31.0,-1.812,-23.199,-4.409,0.46,0.2245,5.88
ATOM,526.0,HH12,ARG,31.0,-0.397,-24.124,-4.039,0.46,0.2245,16.73
ATOM,527.0,HH21,ARG,31.0,1.188,-21.556,-2.262,0.46,0.2245,0.81
ATOM,528.0,HH22,ARG,31.0,1.31,-23.192,-2.82,0.46,0.2245,11.17
ATOM,529.0,N,LEU,32.0,-3.49,-16.842,-1.175,-0.47,1.85,0.0
ATOM,530.0,CA,LEU,32.0,-2.526,-16.019,-0.466,0.07,2.275,0.0
ATOM,531.0,C,LEU,32.0,-1.58,-16.938,0.245,0.51,2.0,0.0
ATOM,532.0,O,LEU,32.0,-2.015,-17.827,0.97,-0.51,1.7,0.0
ATOM,533.0,CB,LEU,32.0,-3.246,-15.156,0.567,-0.18,2.175,0.0
ATOM,534.0,CG,LEU,32.0,-2.426,-14.324,1.54,-0.09,2.275,0.0
ATOM,535.0,CD1,LEU,32.0,-1.753,-13.23,0.791,-0.27,2.06,0.0
ATOM,536.0,CD2,LEU,32.0,-3.324,-13.734,2.607,-0.27,2.06,0.0
ATOM,537.0,H,LEU,32.0,-4.207,-17.426,-0.695,0.31,0.2245,0.0
ATOM,538.0,HA,LEU,32.0,-2.018,-15.479,-1.132,0.09,1.32,0.0
ATOM,539.0,HB2,LEU,32.0,-3.848,-14.519,0.063,0.09,1.32,0.0
ATOM,540.0,HB3,LEU,32.0,-3.833,-15.767,1.117,0.09,1.32,0.0
ATOM,541.0,HG,LEU,32.0,-1.748,-14.914,1.974,0.09,1.32,0.0
ATOM,542.0,HD11,LEU,32.0,-2.434,-12.64,0.342,0.09,1.32,0.07
ATOM,543.0,HD12,LEU,32.0,-1.203,-12.664,1.415,0.09,1.32,0.0
ATOM,544.0,HD13,LEU,32.0,-1.145,-13.609,0.085,0.09,1.32,0.0
ATOM,545.0,HD21,LEU,32.0,-3.78,-14.47,3.111,0.09,1.32,0.0
ATOM,546.0,HD22,LEU,32.0,-2.778,-13.187,3.245,0.09,1.32,0.0
ATOM,547.0,HD23,LEU,32.0,-4.017,-13.149,2.181,0.09,1.32,0.0
ATOM,548.0,N,THR,33.0,-0.293,-16.792,-0.037,-0.47,1.85,0.0
ATOM,549.0,CA,THR,33.0,0.719,-17.593,0.639,0.07,2.275,0.0
ATOM,550.0,C,THR,33.0,1.645,-16.596,1.304,0.51,2.0,0.05
ATOM,551.0,O,THR,33.0,1.79,-15.465,0.845,-0.51,1.7,0.0
ATOM,552.0,CB,THR,33.0,1.528,-18.493,-0.327,0.14,2.275,0.37
ATOM,553.0,OG1,THR,33.0,2.082,-17.695,-1.375,-0.66,1.77,11.11
ATOM,554.0,CG2,THR,33.0,0.648,-19.575,-0.943,-0.27,2.06,0.6
ATOM,555.0,H,THR,33.0,-0.077,-16.081,-0.757,0.31,0.2245,0.0
ATOM,556.0,HA,THR,33.0,0.281,-18.135,1.338,0.09,1.32,0.0
ATOM,557.0,HB,THR,33.0,2.295,-18.919,0.193,0.09,1.32,0.0
ATOM,558.0,HG21,THR,33.0,-0.315,-19.385,-0.74,0.09,1.32,0.0
ATOM,559.0,HG22,THR,33.0,0.778,-19.592,-1.936,0.09,1.32,2.69
ATOM,560.0,HG23,THR,33.0,0.895,-20.469,-0.563,0.09,1.32,0.0
ATOM,561.0,HG1,THR,33.0,1.58,-16.827,-1.458,0.43,0.2245,0.04
ATOM,562.0,N,TYR,34.0,2.201,-16.987,2.434,-0.47,1.85,0.0
ATOM,563.0,CA,TYR,34.0,3.118,-16.131,3.163,0.07,2.275,0.17
ATOM,564.0,C,TYR,34.0,4.041,-17.06,3.908,0.51,2.0,0.0
ATOM,565.0,O,TYR,34.0,3.588,-18.024,4.524,-0.51,1.7,0.0
ATOM,566.0,CB,TYR,34.0,2.373,-15.216,4.146,-0.18,2.175,0.0
ATOM,567.0,CG,TYR,34.0,1.538,-15.922,5.204,0.0,1.9924,0.0
ATOM,568.0,CD1,TYR,34.0,0.204,-16.246,4.963,-0.115,1.9924,0.0
ATOM,569.0,CD2,TYR,34.0,2.069,-16.215,6.463,-0.115,1.9924,0.16
ATOM,570.0,CE1,TYR,34.0,-0.582,-16.836,5.947,-0.115,1.9924,0.0
ATOM,571.0,CE2,TYR,34.0,1.294,-16.806,7.458,-0.115,1.9924,0.11
ATOM,572.0,CZ,TYR,34.0,-0.034,-17.114,7.194,0.11,1.9924,0.0
ATOM,573.0,OH,TYR,34.0,-0.817,-17.701,8.169,-0.54,1.77,15.17
ATOM,574.0,H,TYR,34.0,1.932,-17.94,2.751,0.31,0.2245,0.0
ATOM,575.0,HA,TYR,34.0,3.651,-15.611,2.51,0.09,1.32,0.0
ATOM,576.0,HB2,TYR,34.0,3.051,-14.646,4.617,0.09,1.32,0.0
ATOM,577.0,HB3,TYR,34.0,1.761,-14.622,3.617,0.09,1.32,0.0
ATOM,578.0,HD1,TYR,34.0,-0.198,-16.051,4.067,0.115,1.3582,0.0
ATOM,579.0,HD2,TYR,34.0,3.025,-15.997,6.653,0.115,1.3582,0.0
ATOM,580.0,HE1,TYR,34.0,-1.539,-17.061,5.758,0.115,1.3582,0.0
ATOM,581.0,HE2,TYR,34.0,1.689,-17.005,8.351,0.115,1.3582,4.15
ATOM,582.0,HH,TYR,34.0,-1.207,-16.987,8.746,0.43,0.2245,2.0
ATOM,583.0,N,VAL,35.0,5.339,-16.806,3.821,-0.47,1.85,0.0
ATOM,584.0,CA,VAL,35.0,6.28,-17.673,4.502,0.07,2.275,0.0
ATOM,585.0,C,VAL,35.0,7.037,-16.894,5.557,0.51,2.0,0.0
ATOM,586.0,O,VAL,35.0,7.244,-15.693,5.416,-0.51,1.7,0.71
ATOM,587.0,CB,VAL,35.0,7.25,-18.39,3.492,-0.09,2.275,0.32
ATOM,588.0,CG1,VAL,35.0,6.556,-18.614,2.16,-0.27,2.06,11.87
ATOM,589.0,CG2,VAL,35.0,8.527,-17.617,3.295,-0.27,2.06,15.03
ATOM,590.0,H,VAL,35.0,5.599,-15.989,3.261,0.31,0.2245,0.0
ATOM,591.0,HA,VAL,35.0,5.762,-18.401,4.963,0.09,1.32,0.0
ATOM,592.0,HB,VAL,35.0,7.457,-19.28,3.876,0.09,1.32,0.0
ATOM,593.0,HG11,VAL,35.0,5.565,-18.616,2.294,0.09,1.32,0.0
ATOM,594.0,HG12,VAL,35.0,6.803,-17.881,1.525,0.09,1.32,4.54
ATOM,595.0,HG13,VAL,35.0,6.84,-19.494,1.777,0.09,1.32,0.7
ATOM,596.0,HG21,VAL,35.0,9.04,-18.002,2.525,0.09,1.32,9.88
ATOM,597.0,HG22,VAL,35.0,8.315,-16.656,3.103,0.09,1.32,0.0
ATOM,598.0,HG23,VAL,35.0,9.087,-17.672,4.125,0.09,1.32,0.0
ATOM,599.0,N,SER,36.0,7.4,-17.572,6.64,-0.47,1.85,0.02
ATOM,600.0,CA,SER,36.0,8.138,-16.933,7.718,0.07,2.275,0.0
ATOM,601.0,C,SER,36.0,9.609,-17.144,7.465,0.51,2.0,0.83
ATOM,602.0,O,SER,36.0,9.991,-17.856,6.541,-0.51,1.7,2.53
ATOM,603.0,CB,SER,36.0,7.768,-17.552,9.068,0.05,2.175,9.12
ATOM,604.0,OG,SER,36.0,8.313,-18.855,9.212,-0.66,1.77,2.64
ATOM,605.0,H,SER,36.0,7.118,-18.569,6.647,0.31,0.2245,0.0
ATOM,606.0,HA,SER,36.0,7.951,-15.954,7.685,0.09,1.32,0.0
ATOM,607.0,HB2,SER,36.0,8.123,-16.971,9.796,0.09,1.32,0.67
ATOM,608.0,HB3,SER,36.0,6.774,-17.609,9.133,0.09,1.32,1.55
ATOM,609.0,HG,SER,36.0,7.836,-19.484,8.6,0.43,0.2245,0.0
ATOM,610.0,N,PRO,37.0,10.459,-16.512,8.279,-0.29,1.85,0.28
ATOM,611.0,CA,PRO,37.0,11.909,-16.641,8.142,0.02,2.275,2.28
ATOM,612.0,C,PRO,37.0,12.414,-18.074,8.282,0.51,2.0,0.3
ATOM,613.0,O,PRO,37.0,13.569,-18.366,7.955,-0.51,1.7,32.06
ATOM,614.0,CB,PRO,37.0,12.422,-15.736,9.254,-0.18,2.175,17.78
ATOM,615.0,CG,PRO,37.0,11.417,-14.624,9.231,-0.18,2.175,9.17
ATOM,616.0,CD,PRO,37.0,10.123,-15.395,9.181,0.0,2.175,1.06
ATOM,617.0,HA,PRO,37.0,12.22,-16.24,7.258,0.09,1.32,11.34
ATOM,618.0,HB2,PRO,37.0,12.412,-16.204,10.129,0.09,1.32,9.14
ATOM,619.0,HB3,PRO,37.0,13.331,-15.397,9.048,0.09,1.32,11.09
ATOM,620.0,HG2,PRO,37.0,11.477,-14.081,10.055,0.09,1.32,4.43
ATOM,621.0,HG3,PRO,37.0,11.531,-14.067,8.423,0.09,1.32,5.51
ATOM,622.0,HD2,PRO,37.0,9.866,-15.736,10.08,0.09,1.32,3.83
ATOM,623.0,HD3,PRO,37.0,9.385,-14.845,8.799,0.09,1.32,0.0
ATOM,624.0,N,SER,38.0,11.549,-18.965,8.759,-0.47,1.85,0.22
ATOM,625.0,CA,SER,38.0,11.909,-20.372,8.924,0.07,2.275,4.84
ATOM,626.0,C,SER,38.0,11.486,-21.144,7.691,0.51,2.0,1.73
ATOM,627.0,O,SER,38.0,11.7,-22.349,7.59,-0.51,1.7,28.86
ATOM,628.0,CB,SER,38.0,11.215,-20.969,10.149,0.05,2.175,26.44
ATOM,629.0,OG,SER,38.0,9.807,-20.988,9.991,-0.66,1.77,11.27
ATOM,630.0,H,SER,38.0,10.615,-18.582,8.999,0.31,0.2245,0.43
ATOM,631.0,HA,SER,38.0,12.905,-20.429,9.003,0.09,1.32,7.61
ATOM,632.0,HB2,SER,38.0,11.539,-21.903,10.279,0.09,1.32,9.76
ATOM,633.0,HB3,SER,38.0,11.444,-20.417,10.948,0.09,1.32,10.83
ATOM,634.0,HG,SER,38.0,9.497,-20.099,9.657,0.43,0.2245,0.0
ATOM,635.0,N,GLY,39.0,10.825,-20.448,6.777,-0.47,1.85,0.77
ATOM,636.0,CA,GLY,39.0,10.379,-21.083,5.558,-0.02,2.175,15.28
ATOM,637.0,C,GLY,39.0,9.038,-21.758,5.673,0.51,2.0,0.68
ATOM,638.0,O,GLY,39.0,8.69,-22.57,4.83,-0.51,1.7,22.26
ATOM,639.0,H,GLY,39.0,10.666,-19.455,7.008,0.31,0.2245,0.0
ATOM,640.0,HA2,GLY,39.0,10.342,-20.385,4.81,0.09,1.32,2.2
ATOM,641.0,HA3,GLY,39.0,11.077,-21.77,5.262,0.09,1.32,9.38
ATOM,642.0,N,LYS,40.0,8.286,-21.402,6.705,-0.47,1.85,0.05
ATOM,643.0,CA,LYS,40.0,6.959,-21.956,6.952,0.07,2.275,2.76
ATOM,644.0,C,LYS,40.0,5.993,-21.267,6.022,0.51,2.0,0.0
ATOM,645.0,O,LYS,40.0,5.761,-20.067,6.137,-0.51,1.7,0.5
ATOM,646.0,CB,LYS,40.0,6.545,-21.711,8.413,-0.18,2.175,3.46
ATOM,647.0,CG,LYS,40.0,5.056,-21.912,8.725,-0.18,2.175,4.15
ATOM,648.0,CD,LYS,40.0,4.657,-23.375,8.659,-0.18,2.175,11.66
ATOM,649.0,CE,LYS,40.0,3.163,-23.545,8.873,0.21,2.175,10.71
ATOM,650.0,NZ,LYS,40.0,2.719,-22.985,10.178,-0.3,1.85,10.75
ATOM,651.0,H,LYS,40.0,8.726,-20.686,7.332,0.31,0.2245,0.0
ATOM,652.0,HA,LYS,40.0,6.974,-22.931,6.748,0.09,1.32,4.3
ATOM,653.0,HB2,LYS,40.0,7.07,-22.337,8.994,0.09,1.32,6.41
ATOM,654.0,HB3,LYS,40.0,6.787,-20.766,8.65,0.09,1.32,0.0
ATOM,655.0,HG2,LYS,40.0,4.873,-21.563,9.645,0.09,1.32,6.47
ATOM,656.0,HG3,LYS,40.0,4.517,-21.394,8.06,0.09,1.32,0.0
ATOM,657.0,HD2,LYS,40.0,4.892,-23.733,7.762,0.09,1.32,2.64
ATOM,658.0,HD3,LYS,40.0,5.138,-23.874,9.371,0.09,1.32,10.34
ATOM,659.0,HE2,LYS,40.0,2.673,-23.079,8.131,0.05,1.32,0.0
ATOM,660.0,HE3,LYS,40.0,2.938,-24.524,8.842,0.05,1.32,11.85
ATOM,661.0,HZ1,LYS,40.0,3.52,-22.755,10.73,0.33,0.2245,11.2
ATOM,662.0,HZ2,LYS,40.0,2.175,-22.162,10.018,0.33,0.2245,5.79
ATOM,663.0,HZ3,LYS,40.0,2.165,-23.664,10.659,0.33,0.2245,19.75
ATOM,664.0,N,LYS,41.0,5.414,-22.039,5.116,-0.47,1.85,0.0
ATOM,665.0,CA,LYS,41.0,4.48,-21.508,4.14,0.07,2.275,0.0
ATOM,666.0,C,LYS,41.0,3.027,-21.765,4.544,0.51,2.0,0.0
ATOM,667.0,O,LYS,41.0,2.652,-22.877,4.899,-0.51,1.7,16.32
ATOM,668.0,CB,LYS,41.0,4.783,-22.13,2.771,-0.18,2.175,3.72
ATOM,669.0,CG,LYS,41.0,4.23,-21.368,1.574,-0.18,2.175,0.21
ATOM,670.0,CD,LYS,41.0,4.581,-22.072,0.271,-0.18,2.175,1.36
ATOM,671.0,CE,LYS,41.0,6.082,-22.289,0.151,0.21,2.175,12.35
ATOM,672.0,NZ,LYS,41.0,6.445,-23.083,-1.051,-0.3,1.85,14.25
ATOM,673.0,H,LYS,41.0,5.683,-23.045,5.164,0.31,0.2245,6.51
ATOM,674.0,HA,LYS,41.0,4.617,-20.509,4.061,0.09,1.32,0.0
ATOM,675.0,HB2,LYS,41.0,5.779,-22.191,2.671,0.09,1.32,0.0
ATOM,676.0,HB3,LYS,41.0,4.397,-23.056,2.759,0.09,1.32,7.31
ATOM,677.0,HG2,LYS,41.0,3.237,-21.312,1.654,0.09,1.32,0.0
ATOM,678.0,HG3,LYS,41.0,4.621,-20.451,1.562,0.09,1.32,0.0
ATOM,679.0,HD2,LYS,41.0,4.13,-22.957,0.252,0.09,1.32,6.63
ATOM,680.0,HD3,LYS,41.0,4.28,-21.51,-0.49,0.09,1.32,4.04
ATOM,681.0,HE2,LYS,41.0,6.536,-21.392,0.105,0.05,1.32,3.44
ATOM,682.0,HE3,LYS,41.0,6.407,-22.768,0.974,0.05,1.32,3.34
ATOM,683.0,HZ1,LYS,41.0,6.672,-24.017,-0.777,0.33,0.2245,20.7
ATOM,684.0,HZ2,LYS,41.0,5.672,-23.1,-1.685,0.33,0.2245,13.88
ATOM,685.0,HZ3,LYS,41.0,7.235,-22.665,-1.5,0.33,0.2245,20.4
ATOM,686.0,N,ASN,42.0,2.22,-20.718,4.531,-0.47,1.85,0.0
ATOM,687.0,CA,ASN,42.0,0.821,-20.865,4.864,0.07,2.275,0.0
ATOM,688.0,C,ASN,42.0,-0.023,-20.402,3.693,0.51,2.0,0.0
ATOM,689.0,O,ASN,42.0,0.31,-19.419,3.028,-0.51,1.7,0.0
ATOM,690.0,CB,ASN,42.0,0.473,-20.065,6.11,-0.18,2.175,0.0
ATOM,691.0,CG,ASN,42.0,0.995,-20.702,7.373,0.55,2.0,0.0
ATOM,692.0,H,ASN,42.0,2.664,-19.821,4.271,0.31,0.2245,0.0
ATOM,693.0,HA,ASN,42.0,0.641,-21.843,4.987,0.09,1.32,1.09
ATOM,694.0,HB2,ASN,42.0,0.871,-19.154,6.023,0.09,1.32,0.0
ATOM,695.0,HB3,ASN,42.0,-0.521,-19.995,6.174,0.09,1.32,1.78
ATOM,696.0,OD1,ASN,42.0,1.978,-20.241,7.958,-0.55,1.7,6.03
ATOM,697.0,ND2,ASN,42.0,0.34,-21.771,7.807,-0.62,1.85,16.44
ATOM,698.0,HD22,ASN,42.0,-0.45,-22.116,7.299,0.3,0.2245,12.9
ATOM,699.0,HD21,ASN,42.0,0.635,-22.235,8.643,0.32,0.2245,4.35
ATOM,700.0,N,GLU,43.0,-1.085,-21.153,3.417,-0.47,1.85,0.12
ATOM,701.0,CA,GLU,43.0,-1.998,-20.835,2.33,0.07,2.275,0.0
ATOM,702.0,C,GLU,43.0,-3.398,-20.537,2.827,0.51,2.0,0.24
ATOM,703.0,O,GLU,43.0,-3.805,-20.945,3.921,-0.51,1.7,17.38
ATOM,704.0,CB,GLU,43.0,-2.089,-21.979,1.338,-0.18,2.175,7.06
ATOM,705.0,CG,GLU,43.0,-0.848,-22.214,0.528,-0.28,2.175,0.79
ATOM,706.0,CD,GLU,43.0,-0.953,-23.478,-0.302,0.62,2.0,1.32
ATOM,707.0,OE1,GLU,43.0,-1.901,-23.573,-1.12,-0.76,1.7,17.7
ATOM,708.0,OE2,GLU,43.0,-0.099,-24.381,-0.125,-0.76,1.7,34.32
ATOM,709.0,H,GLU,43.0,-1.204,-21.98,4.041,0.31,0.2245,7.68
ATOM,710.0,HA,GLU,43.0,-1.645,-20.036,1.815,0.09,1.32,0.0
ATOM,711.0,HB2,GLU,43.0,-2.279,-22.806,1.851,0.09,1.32,8.69
ATOM,712.0,HB3,GLU,43.0,-2.828,-21.775,0.71,0.09,1.32,1.31
ATOM,713.0,HG2,GLU,43.0,-0.729,-21.465,-0.093,0.09,1.32,0.0
ATOM,714.0,HG3,GLU,43.0,-0.087,-22.326,1.136,0.09,1.32,0.67
ATOM,715.0,N,MET,44.0,-4.129,-19.824,1.983,-0.47,1.85,0.02
ATOM,716.0,CA,MET,44.0,-5.499,-19.432,2.237,0.07,2.275,1.55
ATOM,717.0,C,MET,44.0,-6.093,-19.027,0.901,0.51,2.0,0.0
ATOM,718.0,O,MET,44.0,-5.387,-18.572,0.008,-0.51,1.7,0.0
ATOM,719.0,CB,MET,44.0,-5.573,-18.251,3.218,-0.18,2.175,0.0
ATOM,720.0,CG,MET,44.0,-5.439,-18.645,4.683,-0.14,2.175,6.26
ATOM,721.0,SD,MET,44.0,-5.905,-17.336,5.83,-0.09,2.0,12.2
ATOM,722.0,CE,MET,44.0,-7.667,-17.519,5.848,-0.22,2.06,32.99
ATOM,723.0,H,MET,44.0,-3.618,-19.563,1.097,0.31,0.2245,0.0
ATOM,724.0,HA,MET,44.0,-5.999,-20.222,2.571,0.09,1.32,5.76
ATOM,725.0,HB2,MET,44.0,-4.838,-17.598,2.995,0.09,1.32,0.0
ATOM,726.0,HB3,MET,44.0,-6.457,-17.782,3.093,0.09,1.32,0.0
ATOM,727.0,HG2,MET,44.0,-6.007,-19.49,4.843,0.09,1.32,6.88
ATOM,728.0,HG3,MET,44.0,-4.468,-18.947,4.849,0.09,1.32,0.38
ATOM,729.0,HE1,MET,44.0,-7.938,-18.187,6.548,0.09,1.32,11.86
ATOM,730.0,HE2,MET,44.0,-8.104,-16.638,6.054,0.09,1.32,0.76
ATOM,731.0,HE3,MET,44.0,-7.99,-17.839,4.953,0.09,1.32,1.57
ATOM,732.0,N,GLU,45.0,-7.378,-19.293,0.741,-0.47,1.85,0.0
ATOM,733.0,CA,GLU,45.0,-8.086,-18.921,-0.467,0.07,2.275,0.0
ATOM,734.0,C,GLU,45.0,-8.992,-17.755,-0.095,0.51,2.0,0.3
ATOM,735.0,O,GLU,45.0,-9.665,-17.776,0.928,-0.51,1.7,17.23
ATOM,736.0,CB,GLU,45.0,-8.889,-20.099,-1.015,-0.18,2.175,6.18
ATOM,737.0,CG,GLU,45.0,-8.032,-21.298,-1.399,-0.28,2.175,9.82
ATOM,738.0,CD,GLU,45.0,-8.769,-22.286,-2.289,0.62,2.0,3.14
ATOM,739.0,OE1,GLU,45.0,-9.799,-22.85,-1.851,-0.76,1.7,33.5
ATOM,740.0,OE2,GLU,45.0,-8.314,-22.497,-3.435,-0.76,1.7,11.98
ATOM,741.0,H,GLU,45.0,-7.826,-19.783,1.543,0.31,0.2245,8.09
ATOM,742.0,HA,GLU,45.0,-7.446,-18.635,-1.167,0.09,1.32,0.0
ATOM,743.0,HB2,GLU,45.0,-9.511,-20.392,-0.313,0.09,1.32,7.76
ATOM,744.0,HB3,GLU,45.0,-9.355,-19.796,-1.825,0.09,1.32,0.0
ATOM,745.0,HG2,GLU,45.0,-7.253,-20.972,-1.9,0.09,1.32,0.0
ATOM,746.0,HG3,GLU,45.0,-7.778,-21.772,-0.578,0.09,1.32,7.95
ATOM,747.0,N,ILE,46.0,-8.98,-16.723,-0.922,-0.47,1.85,0.0
ATOM,748.0,CA,ILE,46.0,-9.766,-15.534,-0.672,0.07,2.275,0.0
ATOM,749.0,C,ILE,46.0,-10.824,-15.366,-1.764,0.51,2.0,0.77
ATOM,750.0,O,ILE,46.0,-10.546,-15.564,-2.945,-0.51,1.7,0.0
ATOM,751.0,CB,ILE,46.0,-8.812,-14.325,-0.558,-0.09,2.275,0.0
ATOM,752.0,CG1,ILE,46.0,-7.769,-14.631,0.534,-0.18,2.175,0.0
ATOM,753.0,CG2,ILE,46.0,-9.581,-13.036,-0.246,-0.27,2.06,0.0
ATOM,754.0,CD1,ILE,46.0,-6.664,-13.628,0.666,-0.27,2.06,0.0
ATOM,755.0,H,ILE,46.0,-8.364,-16.841,-1.756,0.31,0.2245,0.0
ATOM,756.0,HA,ILE,46.0,-10.266,-15.692,0.182,0.09,1.32,0.0
ATOM,757.0,HB,ILE,46.0,-8.336,-14.229,-1.414,0.09,1.32,0.0
ATOM,758.0,HG12,ILE,46.0,-8.257,-14.708,1.411,0.09,1.32,0.71
ATOM,759.0,HG13,ILE,46.0,-7.372,-15.534,0.33,0.09,1.32,0.0
ATOM,760.0,HG21,ILE,46.0,-8.939,-12.275,-0.195,0.09,1.32,0.0
ATOM,761.0,HG22,ILE,46.0,-10.246,-12.867,-0.969,0.09,1.32,0.0
ATOM,762.0,HG23,ILE,46.0,-10.052,-13.138,0.626,0.09,1.32,0.64
ATOM,763.0,HD11,ILE,46.0,-7.047,-12.729,0.888,0.09,1.32,0.0
ATOM,764.0,HD12,ILE,46.0,-6.038,-13.908,1.396,0.09,1.32,0.0
ATOM,765.0,HD13,ILE,46.0,-6.158,-13.566,-0.196,0.09,1.32,0.0
ATOM,766.0,N,PRO,47.0,-12.072,-15.054,-1.365,-0.29,1.85,1.16
ATOM,767.0,CA,PRO,47.0,-13.231,-14.854,-2.241,0.02,2.275,2.06
ATOM,768.0,C,PRO,47.0,-12.959,-13.823,-3.32,0.51,2.0,0.0
ATOM,769.0,O,PRO,47.0,-12.324,-12.811,-3.053,-0.51,1.7,0.0
ATOM,770.0,CB,PRO,47.0,-14.284,-14.311,-1.282,-0.18,2.175,3.21
ATOM,771.0,CG,PRO,47.0,-13.904,-14.891,0.02,-0.18,2.175,19.8
ATOM,772.0,CD,PRO,47.0,-12.423,-14.736,0.03,0.0,2.175,9.63
ATOM,773.0,HA,PRO,47.0,-13.523,-15.734,-2.648,0.09,1.32,7.05
ATOM,774.0,HB2,PRO,47.0,-14.256,-13.309,-1.259,0.09,1.32,0.0
ATOM,775.0,HB3,PRO,47.0,-15.201,-14.605,-1.561,0.09,1.32,6.18
ATOM,776.0,HG2,PRO,47.0,-14.324,-14.387,0.773,0.09,1.32,10.56
ATOM,777.0,HG3,PRO,47.0,-14.166,-15.853,0.073,0.09,1.32,11.3
ATOM,778.0,HD2,PRO,47.0,-12.147,-13.805,0.254,0.09,1.32,0.0
ATOM,779.0,HD3,PRO,47.0,-11.985,-15.379,0.654,0.09,1.32,3.3
ATOM,780.0,N,VAL,48.0,-13.499,-14.047,-4.513,-0.47,1.85,0.0
ATOM,781.0,CA,VAL,48.0,-13.311,-13.118,-5.62,0.07,2.275,0.0
ATOM,782.0,C,VAL,48.0,-13.778,-11.698,-5.322,0.51,2.0,0.0
ATOM,783.0,O,VAL,48.0,-13.326,-10.743,-5.951,-0.51,1.7,0.02
ATOM,784.0,CB,VAL,48.0,-14.04,-13.595,-6.875,-0.09,2.275,0.71
ATOM,785.0,CG1,VAL,48.0,-13.235,-14.652,-7.55,-0.27,2.06,1.42
ATOM,786.0,CG2,VAL,48.0,-15.389,-14.148,-6.511,-0.27,2.06,27.1
ATOM,787.0,H,VAL,48.0,-14.053,-14.921,-4.585,0.31,0.2245,2.54
ATOM,788.0,HA,VAL,48.0,-12.315,-13.079,-5.831,0.09,1.32,0.0
ATOM,789.0,HB,VAL,48.0,-14.105,-12.82,-7.498,0.09,1.32,0.0
ATOM,790.0,HG11,VAL,48.0,-13.586,-15.564,-7.313,0.09,1.32,0.0
ATOM,791.0,HG12,VAL,48.0,-13.28,-14.542,-8.548,0.09,1.32,1.34
ATOM,792.0,HG13,VAL,48.0,-12.273,-14.595,-7.264,0.09,1.32,0.0
ATOM,793.0,HG21,VAL,48.0,-15.512,-15.049,-6.934,0.09,1.32,6.28
ATOM,794.0,HG22,VAL,48.0,-15.461,-14.24,-5.515,0.09,1.32,0.51
ATOM,795.0,HG23,VAL,48.0,-16.109,-13.53,-6.837,0.09,1.32,7.72
ATOM,796.0,N,ASP,49.0,-14.662,-11.555,-4.346,-0.47,1.85,0.0
ATOM,797.0,CA,ASP,49.0,-15.205,-10.251,-3.991,0.07,2.275,1.01
ATOM,798.0,C,ASP,49.0,-14.394,-9.427,-2.99,0.51,2.0,0.09
ATOM,799.0,O,ASP,49.0,-14.833,-8.356,-2.567,-0.51,1.7,24.63
ATOM,800.0,CB,ASP,49.0,-16.643,-10.421,-3.494,-0.28,2.175,18.75
ATOM,801.0,CG,ASP,49.0,-16.786,-11.56,-2.478,0.62,2.0,3.24
ATOM,802.0,OD1,ASP,49.0,-16.94,-12.722,-2.932,-0.76,1.7,19.22
ATOM,803.0,OD2,ASP,49.0,-16.737,-11.302,-1.242,-0.76,1.7,29.54
ATOM,804.0,H,ASP,49.0,-14.93,-12.437,-3.865,0.31,0.2245,0.0
ATOM,805.0,HA,ASP,49.0,-15.25,-9.699,-4.857,0.09,1.32,0.26
ATOM,806.0,HB2,ASP,49.0,-16.923,-9.576,-3.057,0.09,1.32,6.47
ATOM,807.0,HB3,ASP,49.0,-17.22,-10.623,-4.274,0.09,1.32,9.01
ATOM,808.0,N,SER,50.0,-13.209,-9.901,-2.619,-0.47,1.85,0.0
ATOM,809.0,CA,SER,50.0,-12.385,-9.163,-1.666,0.07,2.275,0.21
ATOM,810.0,C,SER,50.0,-11.209,-8.416,-2.299,0.51,2.0,0.0
ATOM,811.0,O,SER,50.0,-10.609,-8.878,-3.275,-0.51,1.7,0.0
ATOM,812.0,CB,SER,50.0,-11.836,-10.096,-0.574,0.05,2.175,4.4
ATOM,813.0,OG,SER,50.0,-12.825,-10.997,-0.112,-0.66,1.77,11.2
ATOM,814.0,H,SER,50.0,-12.935,-10.797,-3.045,0.31,0.2245,0.0
ATOM,815.0,HA,SER,50.0,-12.978,-8.472,-1.209,0.09,1.32,3.76
ATOM,816.0,HB2,SER,50.0,-11.073,-10.614,-0.954,0.09,1.32,0.0
ATOM,817.0,HB3,SER,50.0,-11.52,-9.538,0.19,0.09,1.32,0.0
ATOM,818.0,HG,SER,50.0,-13.694,-10.8,-0.564,0.43,0.2245,1.82
ATOM,819.0,N,THR,51.0,-10.902,-7.247,-1.743,-0.47,1.85,0.0
ATOM,820.0,CA,THR,51.0,-9.76,-6.465,-2.183,0.07,2.275,0.0
ATOM,821.0,C,THR,51.0,-9.009,-6.066,-0.917,0.51,2.0,0.0
ATOM,822.0,O,THR,51.0,-8.048,-5.295,-0.946,-0.51,1.7,0.0
ATOM,823.0,CB,THR,51.0,-10.173,-5.229,-2.977,0.14,2.275,3.63
ATOM,824.0,OG1,THR,51.0,-11.049,-4.418,-2.194,-0.66,1.77,19.15
ATOM,825.0,CG2,THR,51.0,-10.86,-5.642,-4.262,-0.27,2.06,11.24
ATOM,826.0,H,THR,51.0,-11.543,-6.95,-0.979,0.31,0.2245,3.08
ATOM,827.0,HA,THR,51.0,-9.168,-7.038,-2.73,0.09,1.32,0.0
ATOM,828.0,HB,THR,51.0,-9.339,-4.677,-3.194,0.09,1.32,0.22
ATOM,829.0,HG21,THR,51.0,-10.175,-5.867,-4.961,0.09,1.32,0.0
ATOM,830.0,HG22,THR,51.0,-11.437,-6.447,-4.1,0.09,1.32,0.03
ATOM,831.0,HG23,THR,51.0,-11.436,-4.892,-4.6,0.09,1.32,11.24
ATOM,832.0,HG1,THR,51.0,-11.556,-4.983,-1.533,0.43,0.2245,8.89
ATOM,833.0,N,SER,52.0,-9.442,-6.667,0.189,-0.47,1.85,0.0
ATOM,834.0,CA,SER,52.0,-8.892,-6.422,1.514,0.07,2.275,0.0
ATOM,835.0,C,SER,52.0,-9.063,-7.694,2.335,0.51,2.0,0.2
ATOM,836.0,O,SER,52.0,-10.024,-8.445,2.139,-0.51,1.7,10.41
ATOM,837.0,CB,SER,52.0,-9.656,-5.281,2.179,0.05,2.175,17.78
ATOM,838.0,OG,SER,52.0,-8.974,-4.836,3.33,-0.66,1.77,18.3
ATOM,839.0,H,SER,52.0,-10.23,-7.346,0.019,0.31,0.2245,0.0
ATOM,840.0,HA,SER,52.0,-7.917,-6.245,1.421,0.09,1.32,0.0
ATOM,841.0,HB2,SER,52.0,-9.735,-4.529,1.534,0.09,1.32,1.75
ATOM,842.0,HB3,SER,52.0,-10.558,-5.609,2.44,0.09,1.32,9.16
ATOM,843.0,HG,SER,52.0,-8.009,-5.095,3.271,0.43,0.2245,0.12
ATOM,844.0,N,PHE,53.0,-8.131,-7.937,3.246,-0.47,1.85,0.04
ATOM,845.0,CA,PHE,53.0,-8.169,-9.129,4.085,0.07,2.275,1.45
ATOM,846.0,C,PHE,53.0,-7.17,-8.938,5.202,0.51,2.0,0.0
ATOM,847.0,O,PHE,53.0,-6.042,-8.516,4.947,-0.51,1.7,0.0
ATOM,848.0,CB,PHE,53.0,-7.787,-10.355,3.251,-0.18,2.175,0.03
ATOM,849.0,CG,PHE,53.0,-7.412,-11.572,4.061,0.0,1.9924,0.0
ATOM,850.0,CD1,PHE,53.0,-6.132,-11.709,4.591,-0.115,1.9924,0.0
ATOM,851.0,CD2,PHE,53.0,-8.335,-12.589,4.274,-0.115,1.9924,4.63
ATOM,852.0,CE1,PHE,53.0,-5.778,-12.837,5.322,-0.115,1.9924,0.0
ATOM,853.0,CE2,PHE,53.0,-7.993,-13.723,5.007,-0.115,1.9924,2.17
ATOM,854.0,CZ,PHE,53.0,-6.713,-13.847,5.532,-0.115,1.9924,0.53
ATOM,855.0,H,PHE,53.0,-7.383,-7.217,3.31,0.31,0.2245,0.0
ATOM,856.0,HA,PHE,53.0,-9.073,-9.162,4.502,0.09,1.32,6.51
ATOM,857.0,HB2,PHE,53.0,-8.566,-10.594,2.688,0.09,1.32,0.11
ATOM,858.0,HB3,PHE,53.0,-7.006,-10.11,2.692,0.09,1.32,0.0
ATOM,859.0,HD1,PHE,53.0,-5.458,-10.99,4.447,0.115,1.3582,0.0
ATOM,860.0,HD2,PHE,53.0,-9.258,-12.507,3.897,0.115,1.3582,9.85
ATOM,861.0,HE1,PHE,53.0,-4.848,-12.918,5.694,0.115,1.3582,0.0
ATOM,862.0,HE2,PHE,53.0,-8.68,-14.451,5.151,0.115,1.3582,8.29
ATOM,863.0,HZ,PHE,53.0,-6.459,-14.656,6.059,0.115,1.3582,1.07
ATOM,864.0,N,ILE,54.0,-7.589,-9.23,6.436,-0.47,1.85,0.0
ATOM,865.0,CA,ILE,54.0,-6.705,-9.107,7.604,0.07,2.275,0.0
ATOM,866.0,C,ILE,54.0,-6.023,-10.435,7.865,0.51,2.0,0.0
ATOM,867.0,O,ILE,54.0,-6.668,-11.443,8.161,-0.51,1.7,0.05
ATOM,868.0,CB,ILE,54.0,-7.451,-8.711,8.896,-0.09,2.275,0.0
ATOM,869.0,CG1,ILE,54.0,-8.192,-7.386,8.719,-0.18,2.175,13.69
ATOM,870.0,CG2,ILE,54.0,-6.452,-8.565,10.034,-0.27,2.06,1.44
ATOM,871.0,CD1,ILE,54.0,-7.289,-6.204,8.621,-0.27,2.06,13.86
ATOM,872.0,H,ILE,54.0,-8.574,-9.546,6.499,0.31,0.2245,5.57
ATOM,873.0,HA,ILE,54.0,-5.991,-8.458,7.342,0.09,1.32,0.0
ATOM,874.0,HB,ILE,54.0,-8.125,-9.42,9.089,0.09,1.32,0.0
ATOM,875.0,HG12,ILE,54.0,-8.75,-7.45,7.891,0.09,1.32,4.9
ATOM,876.0,HG13,ILE,54.0,-8.805,-7.27,9.503,0.09,1.32,9.81
ATOM,877.0,HG21,ILE,54.0,-6.937,-8.333,10.876,0.09,1.32,6.95
ATOM,878.0,HG22,ILE,54.0,-5.961,-9.425,10.16,0.09,1.32,0.0
ATOM,879.0,HG23,ILE,54.0,-5.801,-7.84,9.816,0.09,1.32,0.0
ATOM,880.0,HD11,ILE,54.0,-6.676,-6.306,7.834,0.09,1.32,0.0
ATOM,881.0,HD12,ILE,54.0,-7.831,-5.368,8.506,0.09,1.32,10.43
ATOM,882.0,HD13,ILE,54.0,-6.738,-6.124,9.455,0.09,1.32,4.08
ATOM,883.0,N,LEU,55.0,-4.711,-10.432,7.714,-0.47,1.85,0.0
ATOM,884.0,CA,LEU,55.0,-3.925,-11.626,7.938,0.07,2.275,0.0
ATOM,885.0,C,LEU,55.0,-3.73,-11.768,9.447,0.51,2.0,0.0
ATOM,886.0,O,LEU,55.0,-3.35,-10.816,10.124,-0.51,1.7,0.0
ATOM,887.0,CB,LEU,55.0,-2.597,-11.475,7.216,-0.18,2.175,0.0
ATOM,888.0,CG,LEU,55.0,-1.738,-12.714,7.069,-0.09,2.275,0.0
ATOM,889.0,CD1,LEU,55.0,-2.573,-13.933,6.701,-0.27,2.06,0.35
ATOM,890.0,CD2,LEU,55.0,-0.725,-12.402,5.995,-0.27,2.06,0.08
ATOM,891.0,H,LEU,55.0,-4.304,-9.519,7.427,0.31,0.2245,0.0
ATOM,892.0,HA,LEU,55.0,-4.431,-12.417,7.613,0.09,1.32,0.0
ATOM,893.0,HB2,LEU,55.0,-2.789,-11.131,6.292,0.09,1.32,0.0
ATOM,894.0,HB3,LEU,55.0,-2.055,-10.79,7.711,0.09,1.32,0.0
ATOM,895.0,HG,LEU,55.0,-1.262,-12.892,7.936,0.09,1.32,0.0
ATOM,896.0,HD11,LEU,55.0,-3.04,-13.768,5.832,0.09,1.32,0.0
ATOM,897.0,HD12,LEU,55.0,-1.977,-14.731,6.612,0.09,1.32,0.0
ATOM,898.0,HD13,LEU,55.0,-3.251,-14.102,7.417,0.09,1.32,0.06
ATOM,899.0,HD21,LEU,55.0,-0.17,-11.613,6.269,0.09,1.32,0.0
ATOM,900.0,HD22,LEU,55.0,-0.124,-13.192,5.853,0.09,1.32,0.0
ATOM,901.0,HD23,LEU,55.0,-1.195,-12.189,5.135,0.09,1.32,0.0
ATOM,902.0,N,ARG,56.0,-4.003,-12.952,9.979,-0.47,1.85,0.0
ATOM,903.0,CA,ARG,56.0,-3.882,-13.171,11.42,0.07,2.275,0.0
ATOM,904.0,C,ARG,56.0,-3.132,-14.444,11.815,0.51,2.0,0.24
ATOM,905.0,O,ARG,56.0,-2.924,-15.358,10.997,-0.51,1.7,11.44
ATOM,906.0,CB,ARG,56.0,-5.285,-13.208,12.046,-0.18,2.175,6.82
ATOM,907.0,CG,ARG,56.0,-6.056,-11.888,11.997,-0.18,2.175,0.0
ATOM,908.0,CD,ARG,56.0,-7.52,-12.101,12.35,0.2,2.175,16.87
ATOM,909.0,NE,ARG,56.0,-8.235,-12.828,11.301,-0.7,1.85,4.47
ATOM,910.0,CZ,ARG,56.0,-9.255,-12.337,10.601,0.64,2.0,2.15
ATOM,911.0,NH1,ARG,56.0,-9.699,-11.108,10.837,-0.8,1.85,14.19
ATOM,912.0,NH2,ARG,56.0,-9.814,-13.064,9.64,-0.8,1.85,15.68
ATOM,913.0,H,ARG,56.0,-4.298,-13.681,9.311,0.31,0.2245,2.86
ATOM,914.0,HA,ARG,56.0,-3.393,-12.372,11.828,0.09,1.32,0.0
ATOM,915.0,HB2,ARG,56.0,-5.823,-13.896,11.561,0.09,1.32,3.49
ATOM,916.0,HB3,ARG,56.0,-5.191,-13.472,13.005,0.09,1.32,5.21
ATOM,917.0,HG2,ARG,56.0,-5.665,-11.254,12.654,0.09,1.32,0.0
ATOM,918.0,HG3,ARG,56.0,-6.008,-11.514,11.078,0.09,1.32,0.0
ATOM,919.0,HD2,ARG,56.0,-7.562,-12.622,13.198,0.09,1.32,9.64
ATOM,920.0,HD3,ARG,56.0,-7.941,-11.207,12.476,0.09,1.32,2.75
ATOM,921.0,HE,ARG,56.0,-7.934,-13.768,11.094,0.44,0.2245,8.68
ATOM,922.0,HH11,ARG,56.0,-9.267,-10.528,11.523,0.46,0.2245,6.83
ATOM,923.0,HH12,ARG,56.0,-10.484,-10.755,10.314,0.46,0.2245,15.15
ATOM,924.0,HH21,ARG,56.0,-9.448,-13.975,9.435,0.46,0.2245,11.59
ATOM,925.0,HH22,ARG,56.0,-10.589,-12.708,9.126,0.46,0.2245,17.4
ATOM,926.0,N,GLY,57.0,-2.751,-14.503,13.089,-0.47,1.85,0.78
ATOM,927.0,CA,GLY,57.0,-2.057,-15.671,13.605,-0.02,2.175,18.03
ATOM,928.0,C,GLY,57.0,-0.566,-15.652,13.377,0.51,2.0,0.58
ATOM,929.0,O,GLY,57.0,0.092,-16.688,13.395,-0.51,1.7,26.56
ATOM,930.0,H,GLY,57.0,-2.986,-13.672,13.656,0.31,0.2245,1.12
ATOM,931.0,HA2,GLY,57.0,-2.244,-15.754,14.607,0.09,1.32,9.68
ATOM,932.0,HA3,GLY,57.0,-2.453,-16.51,13.176,0.09,1.32,9.48
ATOM,933.0,N,LEU,58.0,-0.03,-14.451,13.219,-0.47,1.85,0.0
ATOM,934.0,CA,LEU,58.0,1.387,-14.269,12.971,0.07,2.275,0.0
ATOM,935.0,C,LEU,58.0,2.184,-14.091,14.271,0.51,2.0,0.0
ATOM,936.0,O,LEU,58.0,1.604,-13.959,15.347,-0.51,1.7,8.61
ATOM,937.0,CB,LEU,58.0,1.573,-13.051,12.052,-0.18,2.175,0.0
ATOM,938.0,CG,LEU,58.0,0.656,-12.969,10.826,-0.09,2.275,0.0
ATOM,939.0,CD1,LEU,58.0,1.012,-11.745,10.007,-0.27,2.06,0.02
ATOM,940.0,CD2,LEU,58.0,0.768,-14.231,9.997,-0.27,2.06,0.21
ATOM,941.0,H,LEU,58.0,-0.707,-13.661,13.288,0.31,0.2245,0.0
ATOM,942.0,HA,LEU,58.0,1.744,-15.088,12.497,0.09,1.32,1.29
ATOM,943.0,HB2,LEU,58.0,1.413,-12.232,12.598,0.09,1.32,0.0
ATOM,944.0,HB3,LEU,58.0,2.513,-13.061,11.721,0.09,1.32,0.0
ATOM,945.0,HG,LEU,58.0,-0.288,-12.904,11.135,0.09,1.32,0.0
ATOM,946.0,HD11,LEU,58.0,1.965,-11.807,9.704,0.09,1.32,0.0
ATOM,947.0,HD12,LEU,58.0,0.414,-11.689,9.206,0.09,1.32,0.0
ATOM,948.0,HD13,LEU,58.0,0.895,-10.921,10.564,0.09,1.32,0.0
ATOM,949.0,HD21,LEU,58.0,0.501,-15.023,10.549,0.09,1.32,0.14
ATOM,950.0,HD22,LEU,58.0,0.165,-14.167,9.199,0.09,1.32,0.0
ATOM,951.0,HD23,LEU,58.0,1.713,-14.349,9.687,0.09,1.32,0.0
ATOM,952.0,N,ASP,59.0,3.511,-14.139,14.168,-0.47,1.85,0.0
ATOM,953.0,CA,ASP,59.0,4.379,-13.952,15.323,0.07,2.275,0.55
ATOM,954.0,C,ASP,59.0,4.796,-12.479,15.378,0.51,2.0,0.0
ATOM,955.0,O,ASP,59.0,4.641,-11.76,14.391,-0.51,1.7,0.0
ATOM,956.0,CB,ASP,59.0,5.578,-14.898,15.257,-0.28,2.175,6.05
ATOM,957.0,CG,ASP,59.0,5.165,-16.372,15.334,0.62,2.0,3.07
ATOM,958.0,OD1,ASP,59.0,3.949,-16.67,15.255,-0.76,1.7,24.13
ATOM,959.0,OD2,ASP,59.0,6.055,-17.245,15.467,-0.76,1.7,47.78
ATOM,960.0,H,ASP,59.0,3.865,-14.319,13.207,0.31,0.2245,0.0
ATOM,961.0,HA,ASP,59.0,3.835,-14.13,16.139,0.09,1.32,5.21
ATOM,962.0,HB2,ASP,59.0,6.045,-14.749,14.396,0.09,1.32,0.0
ATOM,963.0,HB3,ASP,59.0,6.174,-14.7,16.022,0.09,1.32,5.88
ATOM,964.0,N,ALA,60.0,5.271,-12.017,16.534,-0.47,1.85,0.94
ATOM,965.0,CA,ALA,60.0,5.645,-10.615,16.707,0.07,2.275,0.0
ATOM,966.0,C,ALA,60.0,7.031,-10.23,16.196,0.51,2.0,0.0
ATOM,967.0,O,ALA,60.0,7.97,-11.019,16.263,-0.51,1.7,5.66
ATOM,968.0,CB,ALA,60.0,5.509,-10.23,18.155,-0.27,2.06,7.31
ATOM,969.0,H,ALA,60.0,5.351,-12.727,17.287,0.31,0.2245,5.3
ATOM,970.0,HA,ALA,60.0,4.952,-10.035,16.22,0.09,1.32,0.0
ATOM,971.0,HB1,ALA,60.0,4.638,-9.757,18.304,0.09,1.32,0.0
ATOM,972.0,HB2,ALA,60.0,5.537,-11.05,18.732,0.09,1.32,3.87
ATOM,973.0,HB3,ALA,60.0,6.26,-9.62,18.42,0.09,1.32,0.0
ATOM,974.0,N,GLY,61.0,7.152,-8.992,15.722,-0.47,1.85,0.0
ATOM,975.0,CA,GLY,61.0,8.415,-8.497,15.208,-0.02,2.175,7.86
ATOM,976.0,C,GLY,61.0,9.051,-9.522,14.309,0.51,2.0,1.8
ATOM,977.0,O,GLY,61.0,10.16,-9.95,14.568,-0.51,1.7,26.24
ATOM,978.0,H,GLY,61.0,6.281,-8.428,15.754,0.31,0.2245,0.0
ATOM,979.0,HA2,GLY,61.0,8.257,-7.646,14.693,0.09,1.32,0.61
ATOM,980.0,HA3,GLY,61.0,9.032,-8.291,15.977,0.09,1.32,1.25
ATOM,981.0,N,THR,62.0,8.311,-9.96,13.297,-0.47,1.85,0.0
ATOM,982.0,CA,THR,62.0,8.776,-10.966,12.346,0.07,2.275,1.4
ATOM,983.0,C,THR,62.0,8.449,-10.491,10.941,0.51,2.0,0.0
ATOM,984.0,O,THR,62.0,7.384,-9.92,10.711,-0.51,1.7,0.0
ATOM,985.0,CB,THR,62.0,8.041,-12.306,12.565,0.14,2.275,0.0
ATOM,986.0,OG1,THR,62.0,8.353,-12.82,13.859,-0.66,1.77,11.35
ATOM,987.0,CG2,THR,62.0,8.456,-13.325,11.538,-0.27,2.06,4.16
ATOM,988.0,H,THR,62.0,7.361,-9.521,13.238,0.31,0.2245,0.0
ATOM,989.0,HA,THR,62.0,9.767,-11.05,12.431,0.09,1.32,4.52
ATOM,990.0,HB,THR,62.0,7.035,-12.137,12.52,0.09,1.32,0.0
ATOM,991.0,HG21,THR,62.0,8.521,-12.898,10.63,0.09,1.32,0.0
ATOM,992.0,HG22,THR,62.0,9.352,-13.714,11.776,0.09,1.32,4.77
ATOM,993.0,HG23,THR,62.0,7.783,-14.071,11.495,0.09,1.32,0.12
ATOM,994.0,HG1,THR,62.0,8.165,-12.13,14.567,0.43,0.2245,0.0
ATOM,995.0,N,GLU,63.0,9.345,-10.731,9.994,-0.47,1.85,1.14
ATOM,996.0,CA,GLU,63.0,9.068,-10.316,8.634,0.07,2.275,0.0
ATOM,997.0,C,GLU,63.0,8.495,-11.471,7.831,0.51,2.0,0.0
ATOM,998.0,O,GLU,63.0,8.873,-12.61,8.029,-0.51,1.7,2.06
ATOM,999.0,CB,GLU,63.0,10.329,-9.776,7.976,-0.18,2.175,7.28
ATOM,1000.0,CG,GLU,63.0,10.109,-9.242,6.573,-0.28,2.175,1.42
ATOM,1001.0,CD,GLU,63.0,11.317,-8.507,6.037,0.62,2.0,1.5
ATOM,1002.0,OE1,GLU,63.0,12.433,-9.071,6.089,-0.76,1.7,35.91
ATOM,1003.0,OE2,GLU,63.0,11.146,-7.36,5.569,-0.76,1.7,27.86
ATOM,1004.0,H,GLU,63.0,10.199,-11.208,10.296,0.31,0.2245,4.28
ATOM,1005.0,HA,GLU,63.0,8.412,-9.552,8.636,0.09,1.32,0.0
ATOM,1006.0,HB2,GLU,63.0,10.664,-9.033,8.528,0.09,1.32,4.98
ATOM,1007.0,HB3,GLU,63.0,10.979,-10.513,7.916,0.09,1.32,3.18
ATOM,1008.0,HG2,GLU,63.0,9.934,-10.003,5.977,0.09,1.32,1.22
ATOM,1009.0,HG3,GLU,63.0,9.36,-8.607,6.597,0.09,1.32,0.0
ATOM,1010.0,N,TYR,64.0,7.562,-11.17,6.939,-0.47,1.85,0.0
ATOM,1011.0,CA,TYR,64.0,6.941,-12.184,6.093,0.07,2.275,0.03
ATOM,1012.0,C,TYR,64.0,6.962,-11.824,4.604,0.51,2.0,0.0
ATOM,1013.0,O,TYR,64.0,6.769,-10.668,4.216,-0.51,1.7,0.0
ATOM,1014.0,CB,TYR,64.0,5.474,-12.395,6.48,-0.18,2.175,0.0
ATOM,1015.0,CG,TYR,64.0,5.246,-13.041,7.812,0.0,1.9924,0.0
ATOM,1016.0,CD1,TYR,64.0,5.096,-12.271,8.964,-0.115,1.9924,0.0
ATOM,1017.0,CD2,TYR,64.0,5.131,-14.417,7.923,-0.115,1.9924,0.0
ATOM,1018.0,CE1,TYR,64.0,4.834,-12.853,10.188,-0.115,1.9924,0.0
ATOM,1019.0,CE2,TYR,64.0,4.868,-15.009,9.148,-0.115,1.9924,0.08
ATOM,1020.0,CZ,TYR,64.0,4.72,-14.217,10.276,0.11,1.9924,0.0
ATOM,1021.0,OH,TYR,64.0,4.463,-14.796,11.495,-0.54,1.77,3.29
ATOM,1022.0,H,TYR,64.0,7.312,-10.159,6.893,0.31,0.2245,0.0
ATOM,1023.0,HA,TYR,64.0,7.454,-13.052,6.209,0.09,1.32,0.12
ATOM,1024.0,HB2,TYR,64.0,5.024,-11.497,6.48,0.09,1.32,0.0
ATOM,1025.0,HB3,TYR,64.0,5.049,-12.968,5.772,0.09,1.32,0.0
ATOM,1026.0,HD1,TYR,64.0,5.181,-11.272,8.9,0.115,1.3582,0.0
ATOM,1027.0,HD2,TYR,64.0,5.237,-14.989,7.113,0.115,1.3582,0.0
ATOM,1028.0,HE1,TYR,64.0,4.727,-12.28,11.005,0.115,1.3582,0.0
ATOM,1029.0,HE2,TYR,64.0,4.785,-16.003,9.22,0.115,1.3582,3.98
ATOM,1030.0,HH,TYR,64.0,5.295,-15.233,11.834,0.43,0.2245,3.0
ATOM,1031.0,N,THR,65.0,7.178,-12.826,3.768,-0.47,1.85,0.0
ATOM,1032.0,CA,THR,65.0,7.151,-12.606,2.343,0.07,2.275,0.0
ATOM,1033.0,C,THR,65.0,5.72,-12.966,1.996,0.51,2.0,0.0
ATOM,1034.0,O,THR,65.0,5.301,-14.107,2.196,-0.51,1.7,0.91
ATOM,1035.0,CB,THR,65.0,8.121,-13.54,1.609,0.14,2.275,0.85
ATOM,1036.0,OG1,THR,65.0,9.458,-13.253,2.033,-0.66,1.77,11.57
ATOM,1037.0,CG2,THR,65.0,8.022,-13.34,0.102,-0.27,2.06,15.82
ATOM,1038.0,H,THR,65.0,7.36,-13.741,4.213,0.31,0.2245,0.0
ATOM,1039.0,HA,THR,65.0,7.286,-11.657,2.159,0.09,1.32,0.0
ATOM,1040.0,HB,THR,65.0,7.908,-14.504,1.862,0.09,1.32,0.0
ATOM,1041.0,HG21,THR,65.0,8.326,-14.17,-0.371,0.09,1.32,11.62
ATOM,1042.0,HG22,THR,65.0,7.072,-13.145,-0.153,0.09,1.32,0.0
ATOM,1043.0,HG23,THR,65.0,8.602,-12.571,-0.177,0.09,1.32,0.0
ATOM,1044.0,HG1,THR,65.0,9.514,-13.249,3.037,0.43,0.2245,10.72
ATOM,1045.0,N,ILE,66.0,4.945,-11.98,1.561,-0.47,1.85,0.0
ATOM,1046.0,CA,ILE,66.0,3.556,-12.232,1.211,0.07,2.275,0.0
ATOM,1047.0,C,ILE,66.0,3.362,-12.164,-0.292,0.51,2.0,0.0
ATOM,1048.0,O,ILE,66.0,3.808,-11.221,-0.94,-0.51,1.7,0.0
ATOM,1049.0,CB,ILE,66.0,2.594,-11.205,1.891,-0.09,2.275,0.0
ATOM,1050.0,CG1,ILE,66.0,2.766,-11.245,3.411,-0.18,2.175,0.0
ATOM,1051.0,CG2,ILE,66.0,1.131,-11.552,1.575,-0.27,2.06,0.0
ATOM,1052.0,CD1,ILE,66.0,2.186,-10.05,4.147,-0.27,2.06,0.0
ATOM,1053.0,H,ILE,66.0,5.399,-11.056,1.496,0.31,0.2245,0.0
ATOM,1054.0,HA,ILE,66.0,3.363,-13.179,1.485,0.09,1.32,0.0
ATOM,1055.0,HB,ILE,66.0,2.849,-10.303,1.57,0.09,1.32,0.0
ATOM,1056.0,HG12,ILE,66.0,2.331,-12.079,3.757,0.09,1.32,0.0
ATOM,1057.0,HG13,ILE,66.0,3.747,-11.298,3.614,0.09,1.32,0.0
ATOM,1058.0,HG21,ILE,66.0,0.535,-10.883,2.011,0.09,1.32,0.0
ATOM,1059.0,HG22,ILE,66.0,0.997,-11.532,0.588,0.09,1.32,0.0
ATOM,1060.0,HG23,ILE,66.0,0.929,-12.463,1.925,0.09,1.32,0.0
ATOM,1061.0,HD11,ILE,66.0,1.206,-9.997,3.967,0.09,1.32,0.0
ATOM,1062.0,HD12,ILE,66.0,2.343,-10.16,5.127,0.09,1.32,0.0
ATOM,1063.0,HD13,ILE,66.0,2.633,-9.218,3.826,0.09,1.32,0.0
ATOM,1064.0,N,SER,67.0,2.7,-13.178,-0.837,-0.47,1.85,0.0
ATOM,1065.0,CA,SER,67.0,2.397,-13.23,-2.261,0.07,2.275,0.0
ATOM,1066.0,C,SER,67.0,0.96,-13.663,-2.537,0.51,2.0,0.08
ATOM,1067.0,O,SER,67.0,0.443,-14.628,-1.974,-0.51,1.7,0.13
ATOM,1068.0,CB,SER,67.0,3.388,-14.119,-3.027,0.05,2.175,5.46
ATOM,1069.0,OG,SER,67.0,3.426,-15.432,-2.503,-0.66,1.77,16.85
ATOM,1070.0,H,SER,67.0,2.42,-13.924,-0.165,0.31,0.2245,0.0
ATOM,1071.0,HA,SER,67.0,2.517,-12.299,-2.641,0.09,1.32,0.0
ATOM,1072.0,HB2,SER,67.0,3.107,-14.157,-3.984,0.09,1.32,0.0
ATOM,1073.0,HB3,SER,67.0,4.297,-13.713,-2.957,0.09,1.32,0.12
ATOM,1074.0,HG,SER,67.0,2.979,-15.449,-1.609,0.43,0.2245,0.42
ATOM,1075.0,N,LEU,68.0,0.326,-12.912,-3.419,-0.47,1.85,0.0
ATOM,1076.0,CA,LEU,68.0,-1.045,-13.156,-3.811,0.07,2.275,0.0
ATOM,1077.0,C,LEU,68.0,-1.073,-13.513,-5.286,0.51,2.0,0.05
ATOM,1078.0,O,LEU,68.0,-0.315,-12.963,-6.086,-0.51,1.7,0.0
ATOM,1079.0,CB,LEU,68.0,-1.87,-11.896,-3.581,-0.18,2.175,0.0
ATOM,1080.0,CG,LEU,68.0,-3.359,-12.06,-3.788,-0.09,2.275,0.0
ATOM,1081.0,CD1,LEU,68.0,-3.922,-12.981,-2.731,-0.27,2.06,0.0
ATOM,1082.0,CD2,LEU,68.0,-3.983,-10.719,-3.707,-0.27,2.06,0.0
ATOM,1083.0,H,LEU,68.0,0.901,-12.126,-3.809,0.31,0.2245,0.0
ATOM,1084.0,HA,LEU,68.0,-1.399,-13.932,-3.29,0.09,1.32,0.0
ATOM,1085.0,HB2,LEU,68.0,-1.725,-11.605,-2.642,0.09,1.32,0.0
ATOM,1086.0,HB3,LEU,68.0,-1.549,-11.202,-4.215,0.09,1.32,0.0
ATOM,1087.0,HG,LEU,68.0,-3.526,-12.45,-4.693,0.09,1.32,0.0
ATOM,1088.0,HD11,LEU,68.0,-3.757,-12.595,-1.821,0.09,1.32,0.0
ATOM,1089.0,HD12,LEU,68.0,-4.909,-13.091,-2.867,0.09,1.32,0.0
ATOM,1090.0,HD13,LEU,68.0,-3.48,-13.879,-2.792,0.09,1.32,0.0
ATOM,1091.0,HD21,LEU,68.0,-3.608,-10.109,-4.416,0.09,1.32,0.0
ATOM,1092.0,HD22,LEU,68.0,-4.98,-10.783,-3.84,0.09,1.32,0.0
ATOM,1093.0,HD23,LEU,68.0,-3.81,-10.301,-2.807,0.09,1.32,0.0
ATOM,1094.0,N,VAL,69.0,-1.989,-14.4,-5.644,-0.47,1.85,0.0
ATOM,1095.0,CA,VAL,69.0,-2.132,-14.853,-7.011,0.07,2.275,0.0
ATOM,1096.0,C,VAL,69.0,-3.59,-15.168,-7.329,0.51,2.0,0.0
ATOM,1097.0,O,VAL,69.0,-4.319,-15.689,-6.486,-0.51,1.7,0.0
ATOM,1098.0,CB,VAL,69.0,-1.271,-16.116,-7.251,-0.09,2.275,0.15
ATOM,1099.0,CG1,VAL,69.0,-1.551,-17.156,-6.193,-0.27,2.06,1.89
ATOM,1100.0,CG2,VAL,69.0,-1.546,-16.695,-8.618,-0.27,2.06,0.81
ATOM,1101.0,H,VAL,69.0,-2.592,-14.739,-4.86,0.31,0.2245,0.0
ATOM,1102.0,HA,VAL,69.0,-1.837,-14.111,-7.626,0.09,1.32,0.0
ATOM,1103.0,HB,VAL,69.0,-0.317,-15.846,-7.16,0.09,1.32,0.2
ATOM,1104.0,HG11,VAL,69.0,-0.699,-17.407,-5.729,0.09,1.32,7.57
ATOM,1105.0,HG12,VAL,69.0,-2.196,-16.79,-5.519,0.09,1.32,0.0
ATOM,1106.0,HG13,VAL,69.0,-1.947,-17.973,-6.616,0.09,1.32,0.0
ATOM,1107.0,HG21,VAL,69.0,-2.516,-16.581,-8.843,0.09,1.32,0.0
ATOM,1108.0,HG22,VAL,69.0,-0.989,-16.221,-9.302,0.09,1.32,0.0
ATOM,1109.0,HG23,VAL,69.0,-1.317,-17.67,-8.622,0.09,1.32,0.0
ATOM,1110.0,N,ALA,70.0,-4.014,-14.828,-8.545,-0.47,1.85,0.0
ATOM,1111.0,CA,ALA,70.0,-5.372,-15.104,-8.993,0.07,2.275,0.0
ATOM,1112.0,C,ALA,70.0,-5.424,-16.476,-9.697,0.51,2.0,0.0
ATOM,1113.0,O,ALA,70.0,-4.715,-16.708,-10.673,-0.51,1.7,0.0
ATOM,1114.0,CB,ALA,70.0,-5.859,-13.98,-9.929,-0.27,2.06,0.0
ATOM,1115.0,H,ALA,70.0,-3.3,-14.355,-9.136,0.31,0.2245,0.0
ATOM,1116.0,HA,ALA,70.0,-5.981,-15.138,-8.199,0.09,1.32,0.0
ATOM,1117.0,HB1,ALA,70.0,-5.897,-14.328,-10.862,0.09,1.32,0.0
ATOM,1118.0,HB2,ALA,70.0,-6.766,-13.686,-9.639,0.09,1.32,0.0
ATOM,1119.0,HB3,ALA,70.0,-5.221,-13.216,-9.878,0.09,1.32,0.0
ATOM,1120.0,N,GLU,71.0,-6.19,-17.405,-9.133,-0.47,1.85,0.0
ATOM,1121.0,CA,GLU,71.0,-6.345,-18.737,-9.7,0.07,2.275,0.0
ATOM,1122.0,C,GLU,71.0,-7.538,-18.662,-10.643,0.51,2.0,0.0
ATOM,1123.0,O,GLU,71.0,-8.681,-18.516,-10.199,-0.51,1.7,0.0
ATOM,1124.0,CB,GLU,71.0,-6.598,-19.778,-8.604,-0.18,2.175,0.84
ATOM,1125.0,CG,GLU,71.0,-5.451,-19.938,-7.596,-0.28,2.175,0.32
ATOM,1126.0,CD,GLU,71.0,-5.655,-21.098,-6.601,0.62,2.0,1.43
ATOM,1127.0,OE1,GLU,71.0,-6.715,-21.763,-6.63,-0.76,1.7,10.47
ATOM,1128.0,OE2,GLU,71.0,-4.744,-21.36,-5.785,-0.76,1.7,5.97
ATOM,1129.0,H,GLU,71.0,-6.666,-17.098,-8.256,0.31,0.2245,0.0
ATOM,1130.0,HA,GLU,71.0,-5.534,-18.988,-10.206,0.09,1.32,0.0
ATOM,1131.0,HB2,GLU,71.0,-7.395,-19.496,-8.098,0.09,1.32,0.0
ATOM,1132.0,HB3,GLU,71.0,-6.728,-20.651,-9.04,0.09,1.32,0.9
ATOM,1133.0,HG2,GLU,71.0,-4.626,-20.127,-8.096,0.09,1.32,0.0
ATOM,1134.0,HG3,GLU,71.0,-5.386,-19.112,-7.068,0.09,1.32,0.0
ATOM,1135.0,N,LYS,72.0,-7.25,-18.721,-11.947,-0.47,1.85,0.0
ATOM,1136.0,CA,LYS,72.0,-8.252,-18.647,-13.031,0.07,2.275,0.0
ATOM,1137.0,C,LYS,72.0,-8.994,-19.969,-13.318,0.51,2.0,0.09
ATOM,1138.0,O,LYS,72.0,-10.002,-19.983,-14.031,-0.51,1.7,9.68
ATOM,1139.0,CB,LYS,72.0,-7.579,-18.116,-14.316,-0.18,2.175,1.15
ATOM,1140.0,CG,LYS,72.0,-6.753,-16.838,-14.091,-0.18,2.175,0.0
ATOM,1141.0,CD,LYS,72.0,-5.921,-16.438,-15.305,-0.18,2.175,5.37
ATOM,1142.0,CE,LYS,72.0,-5.039,-15.224,-14.992,0.21,2.175,0.31
ATOM,1143.0,NZ,LYS,72.0,-4.362,-14.638,-16.186,-0.3,1.85,5.69
ATOM,1144.0,H,LYS,72.0,-6.22,-18.828,-12.148,0.31,0.2245,0.0
ATOM,1145.0,HA,LYS,72.0,-8.944,-17.941,-12.781,0.09,1.32,0.0
ATOM,1146.0,HB2,LYS,72.0,-6.972,-18.82,-14.661,0.09,1.32,0.0
ATOM,1147.0,HB3,LYS,72.0,-8.291,-17.913,-14.977,0.09,1.32,0.04
ATOM,1148.0,HG2,LYS,72.0,-7.382,-16.087,-13.866,0.09,1.32,0.0
ATOM,1149.0,HG3,LYS,72.0,-6.139,-16.987,-13.31,0.09,1.32,0.0
ATOM,1150.0,HD2,LYS,72.0,-5.333,-17.195,-15.557,0.09,1.32,1.14
ATOM,1151.0,HD3,LYS,72.0,-6.529,-16.199,-16.05,0.09,1.32,5.56
ATOM,1152.0,HE2,LYS,72.0,-5.614,-14.514,-14.557,0.05,1.32,0.59
ATOM,1153.0,HE3,LYS,72.0,-4.337,-15.503,-14.319,0.05,1.32,0.0
ATOM,1154.0,HZ1,LYS,72.0,-3.769,-13.889,-15.894,0.33,0.2245,0.38
ATOM,1155.0,HZ2,LYS,72.0,-3.817,-15.344,-16.635,0.33,0.2245,17.17
ATOM,1156.0,HZ3,LYS,72.0,-5.052,-14.292,-16.82,0.33,0.2245,8.01
ATOM,1157.0,N,GLY,73.0,-8.48,-21.056,-12.746,-0.47,1.85,0.0
ATOM,1158.0,CA,GLY,73.0,-9.046,-22.388,-12.897,-0.02,2.175,16.06
ATOM,1159.0,C,GLY,73.0,-8.011,-23.352,-12.337,0.51,2.0,1.4
ATOM,1160.0,O,GLY,73.0,-8.085,-23.786,-11.186,-0.51,1.7,20.33
ATOM,1161.0,H,GLY,73.0,-7.621,-20.865,-12.17,0.31,0.2245,0.0
ATOM,1162.0,HA2,GLY,73.0,-9.882,-22.46,-12.377,0.09,1.32,0.91
ATOM,1163.0,HA3,GLY,73.0,-9.198,-22.584,-13.853,0.09,1.32,8.6
ATOM,1164.0,N,ARG,74.0,-7.034,-23.688,-13.166,-0.47,1.85,0.93
ATOM,1165.0,CA,ARG,74.0,-5.926,-24.549,-12.761,0.07,2.275,2.52
ATOM,1166.0,C,ARG,74.0,-4.682,-23.705,-13.063,0.51,2.0,0.1
ATOM,1167.0,O,ARG,74.0,-3.551,-24.103,-12.762,-0.51,1.7,15.56
ATOM,1168.0,CB,ARG,74.0,-5.913,-25.845,-13.577,-0.18,2.175,3.73
ATOM,1169.0,CG,ARG,74.0,-5.057,-26.953,-12.991,-0.18,2.175,13.16
ATOM,1170.0,CD,ARG,74.0,-5.078,-28.195,-13.881,0.2,2.175,20.13
ATOM,1171.0,NE,ARG,74.0,-3.895,-28.293,-14.738,-0.7,1.85,5.39
ATOM,1172.0,CZ,ARG,74.0,-3.894,-28.154,-16.063,0.64,2.0,1.94
ATOM,1173.0,NH1,ARG,74.0,-5.019,-27.904,-16.722,-0.8,1.85,15.03
ATOM,1174.0,NH2,ARG,74.0,-2.756,-28.274,-16.734,-0.8,1.85,27.62
ATOM,1175.0,H,ARG,74.0,-7.121,-23.289,-14.126,0.31,0.2245,1.62
ATOM,1176.0,HA,ARG,74.0,-5.972,-24.707,-11.797,0.09,1.32,5.36
ATOM,1177.0,HB2,ARG,74.0,-6.851,-26.179,-13.643,0.09,1.32,9.0
ATOM,1178.0,HB3,ARG,74.0,-5.566,-25.634,-14.489,0.09,1.32,0.0
ATOM,1179.0,HG2,ARG,74.0,-4.114,-26.645,-12.916,0.09,1.32,2.77
ATOM,1180.0,HG3,ARG,74.0,-5.409,-27.211,-12.097,0.09,1.32,11.24
ATOM,1181.0,HD2,ARG,74.0,-5.123,-28.996,-13.289,0.09,1.32,11.74
ATOM,1182.0,HD3,ARG,74.0,-5.896,-28.149,-14.452,0.09,1.32,2.75
ATOM,1183.0,HE,ARG,74.0,-3.008,-28.481,-14.289,0.44,0.2245,14.92
ATOM,1184.0,HH11,ARG,74.0,-5.882,-27.796,-16.232,0.46,0.2245,8.15
ATOM,1185.0,HH12,ARG,74.0,-5.003,-27.821,-17.722,0.46,0.2245,15.03
ATOM,1186.0,HH21,ARG,74.0,-1.901,-28.449,-16.241,0.46,0.2245,18.11
ATOM,1187.0,HH22,ARG,74.0,-2.748,-28.19,-17.73,0.46,0.2245,18.17
ATOM,1188.0,N,HIS,75.0,-4.931,-22.535,-13.667,-0.47,1.85,0.0
ATOM,1189.0,CA,HIS,75.0,-3.908,-21.566,-14.038,0.07,2.275,1.0
ATOM,1190.0,C,HIS,75.0,-3.823,-20.484,-12.969,0.51,2.0,0.0
ATOM,1191.0,O,HIS,75.0,-4.763,-19.72,-12.768,-0.51,1.7,0.0
ATOM,1192.0,CB,HIS,75.0,-4.248,-20.854,-15.355,-0.09,2.175,5.66
ATOM,1193.0,CG,HIS,75.0,-4.797,-21.744,-16.425,-0.05,1.8,0.79
ATOM,1194.0,H,HIS,75.0,-5.958,-22.375,-13.854,0.31,0.2245,0.0
ATOM,1195.0,HA,HIS,75.0,-3.025,-22.035,-14.082,0.09,1.32,4.88
ATOM,1196.0,HB2,HIS,75.0,-4.926,-20.129,-15.166,0.09,1.32,0.0
ATOM,1197.0,HB3,HIS,75.0,-3.412,-20.411,-15.709,0.09,1.32,10.55
ATOM,1198.0,ND1,HIS,75.0,-4.775,-23.12,-16.345,-0.36,1.85,5.29
ATOM,1199.0,CD2,HIS,75.0,-5.405,-21.444,-17.597,0.22,1.8,20.82
ATOM,1200.0,CE1,HIS,75.0,-5.35,-23.629,-17.42,0.25,1.8,18.45
ATOM,1201.0,NE2,HIS,75.0,-5.74,-22.633,-18.195,-0.7,1.85,31.15
ATOM,1202.0,HD1,HIS,75.0,-4.385,-23.647,-15.59,0.32,0.2245,1.78
ATOM,1203.0,HD2,HIS,75.0,-5.577,-20.532,-17.959,0.1,1.468,13.56
ATOM,1204.0,HE1,HIS,75.0,-5.468,-24.599,-17.615,0.13,0.9,3.88
ATOM,1205.0,N,LYS,76.0,-2.682,-20.413,-12.299,-0.47,1.85,0.0
ATOM,1206.0,CA,LYS,76.0,-2.44,-19.406,-11.277,0.07,2.275,0.0
ATOM,1207.0,C,LYS,76.0,-1.743,-18.271,-12.014,0.51,2.0,0.0
ATOM,1208.0,O,LYS,76.0,-0.825,-18.509,-12.795,-0.51,1.7,20.2
ATOM,1209.0,CB,LYS,76.0,-1.525,-19.981,-10.185,-0.18,2.175,1.66
ATOM,1210.0,CG,LYS,76.0,-1.853,-21.436,-9.841,-0.18,2.175,2.95
ATOM,1211.0,CD,LYS,76.0,-2.028,-21.68,-8.352,-0.18,2.175,3.41
ATOM,1212.0,CE,LYS,76.0,-0.71,-21.565,-7.607,0.21,2.175,14.98
ATOM,1213.0,NZ,LYS,76.0,-0.901,-21.769,-6.14,-0.3,1.85,0.89
ATOM,1214.0,H,LYS,76.0,-1.977,-21.136,-12.566,0.31,0.2245,6.28
ATOM,1215.0,HA,LYS,76.0,-3.3,-19.08,-10.928,0.09,1.32,0.0
ATOM,1216.0,HB2,LYS,76.0,-0.59,-19.942,-10.51,0.09,1.32,6.87
ATOM,1217.0,HB3,LYS,76.0,-1.637,-19.434,-9.365,0.09,1.32,0.0
ATOM,1218.0,HG2,LYS,76.0,-2.704,-21.695,-10.316,0.09,1.32,0.71
ATOM,1219.0,HG3,LYS,76.0,-1.109,-22.023,-10.183,0.09,1.32,10.03
ATOM,1220.0,HD2,LYS,76.0,-2.66,-21.002,-7.987,0.09,1.32,0.0
ATOM,1221.0,HD3,LYS,76.0,-2.391,-22.597,-8.215,0.09,1.32,10.34
ATOM,1222.0,HE2,LYS,76.0,-0.077,-22.258,-7.953,0.05,1.32,10.53
ATOM,1223.0,HE3,LYS,76.0,-0.324,-20.655,-7.763,0.05,1.32,2.94
ATOM,1224.0,HZ1,LYS,76.0,-0.902,-22.748,-5.941,0.33,0.2245,3.94
ATOM,1225.0,HZ2,LYS,76.0,-0.154,-21.326,-5.646,0.33,0.2245,5.32
ATOM,1226.0,HZ3,LYS,76.0,-1.773,-21.368,-5.863,0.33,0.2245,0.0
ATOM,1227.0,N,SER,77.0,-2.209,-17.045,-11.823,-0.47,1.85,0.0
ATOM,1228.0,CA,SER,77.0,-1.593,-15.897,-12.484,0.07,2.275,0.6
ATOM,1229.0,C,SER,77.0,-0.142,-15.67,-12.004,0.51,2.0,0.89
ATOM,1230.0,O,SER,77.0,0.445,-16.512,-11.301,-0.51,1.7,5.5
ATOM,1231.0,CB,SER,77.0,-2.437,-14.643,-12.229,0.05,2.175,0.0
ATOM,1232.0,OG,SER,77.0,-2.427,-14.275,-10.855,-0.66,1.77,0.0
ATOM,1233.0,H,SER,77.0,-3.02,-16.973,-11.187,0.31,0.2245,0.0
ATOM,1234.0,HA,SER,77.0,-1.556,-16.083,-13.473,0.09,1.32,6.11
ATOM,1235.0,HB2,SER,77.0,-2.065,-13.891,-12.767,0.09,1.32,0.0
ATOM,1236.0,HB3,SER,77.0,-3.377,-14.828,-12.506,0.09,1.32,0.0
ATOM,1237.0,HG,SER,77.0,-1.54,-13.878,-10.626,0.43,0.2245,0.0
ATOM,1238.0,N,LYS,78.0,0.45,-14.56,-12.439,-0.47,1.85,2.92
ATOM,1239.0,CA,LYS,78.0,1.803,-14.205,-12.033,0.07,2.275,3.83
ATOM,1240.0,C,LYS,78.0,1.666,-13.707,-10.6,0.51,2.0,0.0
ATOM,1241.0,O,LYS,78.0,0.763,-12.923,-10.305,-0.51,1.7,0.0
ATOM,1242.0,CB,LYS,78.0,2.318,-13.076,-12.905,-0.18,2.175,8.75
ATOM,1243.0,CG,LYS,78.0,3.67,-12.58,-12.518,-0.18,2.175,3.13
ATOM,1244.0,CD,LYS,78.0,3.828,-11.132,-12.919,-0.18,2.175,10.72
ATOM,1245.0,CE,LYS,78.0,5.119,-10.568,-12.346,0.21,2.175,21.08
ATOM,1246.0,NZ,LYS,78.0,5.228,-10.843,-10.878,-0.3,1.85,6.1
ATOM,1247.0,H,LYS,78.0,-0.127,-13.982,-13.08,0.31,0.2245,3.18
ATOM,1248.0,HA,LYS,78.0,2.368,-15.011,-12.039,0.09,1.32,2.66
ATOM,1249.0,HB2,LYS,78.0,2.352,-13.406,-13.851,0.09,1.32,11.47
ATOM,1250.0,HB3,LYS,78.0,1.665,-12.317,-12.847,0.09,1.32,0.0
ATOM,1251.0,HG2,LYS,78.0,3.786,-12.653,-11.528,0.09,1.32,0.0
ATOM,1252.0,HG3,LYS,78.0,4.373,-13.119,-12.979,0.09,1.32,10.94
ATOM,1253.0,HD2,LYS,78.0,3.868,-11.069,-13.907,0.09,1.32,10.83
ATOM,1254.0,HD3,LYS,78.0,3.069,-10.608,-12.559,0.09,1.32,0.0
ATOM,1255.0,HE2,LYS,78.0,5.896,-10.989,-12.815,0.05,1.32,11.27
ATOM,1256.0,HE3,LYS,78.0,5.138,-9.579,-12.494,0.05,1.32,11.18
ATOM,1257.0,HZ1,LYS,78.0,5.121,-11.823,-10.72,0.33,0.2245,2.4
ATOM,1258.0,HZ2,LYS,78.0,6.124,-10.544,-10.555,0.33,0.2245,20.64
ATOM,1259.0,HZ3,LYS,78.0,4.511,-10.342,-10.397,0.33,0.2245,2.87
ATOM,1260.0,N,PRO,79.0,2.558,-14.141,-9.693,-0.29,1.85,0.0
ATOM,1261.0,CA,PRO,79.0,2.512,-13.729,-8.284,0.02,2.275,0.0
ATOM,1262.0,C,PRO,79.0,2.829,-12.269,-8.053,0.51,2.0,0.0
ATOM,1263.0,O,PRO,79.0,3.741,-11.719,-8.678,-0.51,1.7,2.3
ATOM,1264.0,CB,PRO,79.0,3.601,-14.58,-7.631,-0.18,2.175,6.52
ATOM,1265.0,CG,PRO,79.0,3.772,-15.73,-8.565,-0.18,2.175,22.07
ATOM,1266.0,CD,PRO,79.0,3.66,-15.088,-9.914,0.0,2.175,11.45
ATOM,1267.0,HA,PRO,79.0,1.605,-13.972,-7.879,0.09,1.32,0.0
ATOM,1268.0,HB2,PRO,79.0,4.452,-14.059,-7.543,0.09,1.32,4.67
ATOM,1269.0,HB3,PRO,79.0,3.311,-14.892,-6.725,0.09,1.32,2.35
ATOM,1270.0,HG2,PRO,79.0,4.665,-16.154,-8.442,0.09,1.32,11.61
ATOM,1271.0,HG3,PRO,79.0,3.052,-16.405,-8.427,0.09,1.32,5.29
ATOM,1272.0,HD2,PRO,79.0,4.493,-14.606,-10.162,0.09,1.32,4.41
ATOM,1273.0,HD3,PRO,79.0,3.42,-15.749,-10.617,0.09,1.32,4.13
ATOM,1274.0,N,THR,80.0,2.056,-11.645,-7.172,-0.47,1.85,0.0
ATOM,1275.0,CA,THR,80.0,2.296,-10.265,-6.796,0.07,2.275,0.0
ATOM,1276.0,C,THR,80.0,2.904,-10.4,-5.396,0.51,2.0,0.0
ATOM,1277.0,O,THR,80.0,2.311,-11.022,-4.516,-0.51,1.7,0.0
ATOM,1278.0,CB,THR,80.0,1.008,-9.48,-6.784,0.14,2.275,0.0
ATOM,1279.0,OG1,THR,80.0,0.356,-9.666,-8.041,-0.66,1.77,0.0
ATOM,1280.0,CG2,THR,80.0,1.285,-8.003,-6.601,-0.27,2.06,11.58
ATOM,1281.0,H,THR,80.0,1.282,-12.222,-6.786,0.31,0.2245,0.0
ATOM,1282.0,HA,THR,80.0,2.971,-9.881,-7.387,0.09,1.32,1.09
ATOM,1283.0,HB,THR,80.0,0.394,-9.843,-6.055,0.09,1.32,0.0
ATOM,1284.0,HG21,THR,80.0,2.265,-7.854,-6.44,0.09,1.32,2.8
ATOM,1285.0,HG22,THR,80.0,1.01,-7.497,-7.423,0.09,1.32,1.31
ATOM,1286.0,HG23,THR,80.0,0.769,-7.651,-5.815,0.09,1.32,0.0
ATOM,1287.0,HG1,THR,80.0,-0.307,-8.927,-8.206,0.43,0.2245,0.0
ATOM,1288.0,N,THR,81.0,4.105,-9.866,-5.203,-0.47,1.85,0.0
ATOM,1289.0,CA,THR,81.0,4.777,-10.022,-3.927,0.07,2.275,0.0
ATOM,1290.0,C,THR,81.0,5.2,-8.777,-3.169,0.51,2.0,0.0
ATOM,1291.0,O,THR,81.0,5.54,-7.748,-3.762,-0.51,1.7,21.15
ATOM,1292.0,CB,THR,81.0,6.006,-10.926,-4.096,0.14,2.275,5.27
ATOM,1293.0,OG1,THR,81.0,5.581,-12.233,-4.508,-0.66,1.77,10.13
ATOM,1294.0,CG2,THR,81.0,6.786,-11.045,-2.795,-0.27,2.06,8.5
ATOM,1295.0,H,THR,81.0,4.496,-9.355,-6.007,0.31,0.2245,8.67
ATOM,1296.0,HA,THR,81.0,4.151,-10.573,-3.304,0.09,1.32,0.0
ATOM,1297.0,HB,THR,81.0,6.602,-10.541,-4.828,0.09,1.32,10.63
ATOM,1298.0,HG21,THR,81.0,6.88,-10.141,-2.371,0.09,1.32,0.3
ATOM,1299.0,HG22,THR,81.0,6.303,-11.656,-2.164,0.09,1.32,0.0
ATOM,1300.0,HG23,THR,81.0,7.698,-11.418,-2.978,0.09,1.32,8.32
ATOM,1301.0,HG1,THR,81.0,5.034,-12.666,-3.784,0.43,0.2245,0.0
ATOM,1302.0,N,ILE,82.0,5.135,-8.882,-1.843,-0.47,1.85,0.0
ATOM,1303.0,CA,ILE,82.0,5.546,-7.823,-0.93,0.07,2.275,0.39
ATOM,1304.0,C,ILE,82.0,6.01,-8.456,0.373,0.51,2.0,0.0
ATOM,1305.0,O,ILE,82.0,5.745,-9.634,0.656,-0.51,1.7,0.0
ATOM,1306.0,CB,ILE,82.0,4.414,-6.835,-0.53,-0.09,2.275,0.44
ATOM,1307.0,CG1,ILE,82.0,3.263,-7.584,0.142,-0.18,2.175,0.0
ATOM,1308.0,CG2,ILE,82.0,3.972,-6.0,-1.696,-0.27,2.06,16.23
ATOM,1309.0,CD1,ILE,82.0,2.504,-6.758,1.167,-0.27,2.06,0.25
ATOM,1310.0,H,ILE,82.0,4.758,-9.805,-1.509,0.31,0.2245,0.0
ATOM,1311.0,HA,ILE,82.0,6.346,-7.392,-1.34,0.09,1.32,7.14
ATOM,1312.0,HB,ILE,82.0,4.794,-6.193,0.125,0.09,1.32,2.42
ATOM,1313.0,HG12,ILE,82.0,2.625,-7.886,-0.564,0.09,1.32,0.0
ATOM,1314.0,HG13,ILE,82.0,3.637,-8.391,0.599,0.09,1.32,0.0
ATOM,1315.0,HG21,ILE,82.0,3.306,-5.314,-1.395,0.09,1.32,0.0
ATOM,1316.0,HG22,ILE,82.0,4.759,-5.531,-2.101,0.09,1.32,8.8
ATOM,1317.0,HG23,ILE,82.0,3.547,-6.581,-2.394,0.09,1.32,0.0
ATOM,1318.0,HD11,ILE,82.0,2.115,-5.956,0.719,0.09,1.32,0.0
ATOM,1319.0,HD12,ILE,82.0,1.773,-7.313,1.559,0.09,1.32,0.0
ATOM,1320.0,HD13,ILE,82.0,3.132,-6.471,1.887,0.09,1.32,0.0
ATOM,1321.0,N,LYS,83.0,6.68,-7.634,1.172,-0.47,1.85,0.16
ATOM,1322.0,CA,LYS,83.0,7.17,-8.035,2.471,0.07,2.275,0.0
ATOM,1323.0,C,LYS,83.0,6.539,-7.138,3.523,0.51,2.0,0.25
ATOM,1324.0,O,LYS,83.0,6.305,-5.946,3.313,-0.51,1.7,16.11
ATOM,1325.0,CB,LYS,83.0,8.688,-7.934,2.538,-0.18,2.175,2.83
ATOM,1326.0,CG,LYS,83.0,9.405,-8.979,1.714,-0.18,2.175,1.13
ATOM,1327.0,CD,LYS,83.0,10.916,-8.862,1.857,-0.18,2.175,7.54
ATOM,1328.0,CE,LYS,83.0,11.617,-9.946,1.059,0.21,2.175,20.02
ATOM,1329.0,NZ,LYS,83.0,11.228,-9.903,-0.38,-0.3,1.85,10.32
ATOM,1330.0,H,LYS,83.0,6.82,-6.673,0.776,0.31,0.2245,7.58
ATOM,1331.0,HA,LYS,83.0,6.899,-8.98,2.651,0.09,1.32,0.0
ATOM,1332.0,HB2,LYS,83.0,8.956,-7.031,2.206,0.09,1.32,8.26
ATOM,1333.0,HB3,LYS,83.0,8.966,-8.037,3.492,0.09,1.32,0.0
ATOM,1334.0,HG2,LYS,83.0,9.124,-9.891,2.019,0.09,1.32,0.0
ATOM,1335.0,HG3,LYS,83.0,9.164,-8.864,0.749,0.09,1.32,0.76
ATOM,1336.0,HD2,LYS,83.0,11.203,-7.977,1.513,0.09,1.32,9.54
ATOM,1337.0,HD3,LYS,83.0,11.157,-8.964,2.813,0.09,1.32,0.0
ATOM,1338.0,HE2,LYS,83.0,12.608,-9.818,1.134,0.05,1.32,11.87
ATOM,1339.0,HE3,LYS,83.0,11.372,-10.841,1.438,0.05,1.32,1.11
ATOM,1340.0,HZ1,LYS,83.0,11.137,-8.951,-0.669,0.33,0.2245,15.2
ATOM,1341.0,HZ2,LYS,83.0,11.933,-10.354,-0.926,0.33,0.2245,20.2
ATOM,1342.0,HZ3,LYS,83.0,10.356,-10.375,-0.5,0.33,0.2245,0.25
ATOM,1343.0,N,GLY,84.0,6.213,-7.747,4.645,-0.47,1.85,0.0
ATOM,1344.0,CA,GLY,84.0,5.611,-7.022,5.738,-0.02,2.175,1.62
ATOM,1345.0,C,GLY,84.0,6.053,-7.701,7.013,0.51,2.0,0.0
ATOM,1346.0,O,GLY,84.0,6.046,-8.931,7.118,-0.51,1.7,0.0
ATOM,1347.0,H,GLY,84.0,6.422,-8.764,4.671,0.31,0.2245,0.0
ATOM,1348.0,HA2,GLY,84.0,5.925,-6.079,5.736,0.09,1.32,4.0
ATOM,1349.0,HA3,GLY,84.0,4.621,-7.058,5.666,0.09,1.32,0.0
ATOM,1350.0,N,SER,85.0,6.516,-6.902,7.96,-0.47,1.85,0.22
ATOM,1351.0,CA,SER,85.0,6.952,-7.434,9.228,0.07,2.275,0.0
ATOM,1352.0,C,SER,85.0,5.99,-6.973,10.311,0.51,2.0,0.0
ATOM,1353.0,O,SER,85.0,5.449,-5.867,10.239,-0.51,1.7,4.02
ATOM,1354.0,CB,SER,85.0,8.366,-6.956,9.525,0.05,2.175,9.88
ATOM,1355.0,OG,SER,85.0,8.464,-5.56,9.336,-0.66,1.77,25.17
ATOM,1356.0,H,SER,85.0,6.535,-5.895,7.715,0.31,0.2245,7.02
ATOM,1357.0,HA,SER,85.0,6.91,-8.433,9.186,0.09,1.32,0.0
ATOM,1358.0,HB2,SER,85.0,8.589,-7.173,10.469,0.09,1.32,1.97
ATOM,1359.0,HB3,SER,85.0,8.997,-7.413,8.907,0.09,1.32,0.0
ATOM,1360.0,HG,SER,85.0,7.715,-5.103,9.816,0.43,0.2245,10.61
ATOM,1361.0,N,THR,86.0,5.713,-7.855,11.268,-0.47,1.85,0.0
ATOM,1362.0,CA,THR,86.0,4.827,-7.522,12.388,0.07,2.275,0.0
ATOM,1363.0,C,THR,86.0,5.593,-6.614,13.347,0.51,2.0,0.0
ATOM,1364.0,O,THR,86.0,6.83,-6.573,13.314,-0.51,1.7,4.1
ATOM,1365.0,CB,THR,86.0,4.392,-8.774,13.172,0.14,2.275,0.0
ATOM,1366.0,OG1,THR,86.0,5.534,-9.605,13.418,-0.66,1.77,0.0
ATOM,1367.0,CG2,THR,86.0,3.336,-9.551,12.409,-0.27,2.06,0.0
ATOM,1368.0,H,THR,86.0,6.168,-8.78,11.157,0.31,0.2245,0.0
ATOM,1369.0,HA,THR,86.0,4.044,-7.02,12.035,0.09,1.32,0.0
ATOM,1370.0,HB,THR,86.0,4.011,-8.483,14.072,0.09,1.32,0.0
ATOM,1371.0,HG21,THR,86.0,2.425,-9.335,12.769,0.09,1.32,0.0
ATOM,1372.0,HG22,THR,86.0,3.368,-9.308,11.436,0.09,1.32,0.0
ATOM,1373.0,HG23,THR,86.0,3.5,-10.536,12.505,0.09,1.32,0.0
ATOM,1374.0,HG1,THR,86.0,5.249,-10.48,13.823,0.43,0.2245,0.0
ATOM,1375.0,N,VAL,87.0,4.867,-5.881,14.188,-0.47,1.85,0.0
ATOM,1376.0,CA,VAL,87.0,5.51,-4.994,15.146,0.07,2.275,1.42
ATOM,1377.0,C,VAL,87.0,6.016,-5.797,16.344,0.51,2.0,0.0
ATOM,1378.0,O,VAL,87.0,5.481,-6.853,16.643,-0.51,1.7,0.0
ATOM,1379.0,CB,VAL,87.0,4.538,-3.918,15.625,-0.09,2.275,2.28
ATOM,1380.0,CG1,VAL,87.0,3.375,-4.551,16.347,-0.27,2.06,0.85
ATOM,1381.0,CG2,VAL,87.0,5.255,-2.939,16.532,-0.27,2.06,9.46
ATOM,1382.0,H,VAL,87.0,3.845,-5.995,14.102,0.31,0.2245,0.0
ATOM,1383.0,HA,VAL,87.0,6.304,-4.571,14.702,0.09,1.32,0.17
ATOM,1384.0,HB,VAL,87.0,4.17,-3.459,14.821,0.09,1.32,0.61
ATOM,1385.0,HG11,VAL,87.0,3.705,-5.276,16.956,0.09,1.32,0.0
ATOM,1386.0,HG12,VAL,87.0,2.895,-3.86,16.891,0.09,1.32,1.68
ATOM,1387.0,HG13,VAL,87.0,2.736,-4.947,15.684,0.09,1.32,0.0
ATOM,1388.0,HG21,VAL,87.0,5.798,-2.307,15.977,0.09,1.32,2.38
ATOM,1389.0,HG22,VAL,87.0,4.582,-2.423,17.064,0.09,1.32,2.91
ATOM,1390.0,HG23,VAL,87.0,5.858,-3.441,17.154,0.09,1.32,0.0
ATOM,1391.0,N,VAL,88.0,7.06,-5.314,17.01,-0.47,1.85,0.39
ATOM,1392.0,CA,VAL,88.0,7.605,-6.0,18.187,0.07,2.275,0.0
ATOM,1393.0,C,VAL,88.0,6.521,-6.174,19.264,0.51,2.0,0.0
ATOM,1394.0,O,VAL,88.0,5.584,-5.373,19.348,-0.51,1.7,0.0
ATOM,1395.0,CB,VAL,88.0,8.833,-5.236,18.765,-0.09,2.275,0.09
ATOM,1396.0,CG1,VAL,88.0,8.461,-3.806,19.112,-0.27,2.06,0.0
ATOM,1397.0,CG2,VAL,88.0,9.395,-5.957,19.978,-0.27,2.06,0.4
ATOM,1398.0,H,VAL,88.0,7.449,-4.43,16.636,0.31,0.2245,0.0
ATOM,1399.0,HA,VAL,88.0,7.906,-6.915,17.905,0.09,1.32,0.0
ATOM,1400.0,HB,VAL,88.0,9.52,-5.199,18.047,0.09,1.32,1.48
ATOM,1401.0,HG11,VAL,88.0,9.292,-3.265,19.243,0.09,1.32,0.0
ATOM,1402.0,HG12,VAL,88.0,7.922,-3.409,18.368,0.09,1.32,0.0
ATOM,1403.0,HG13,VAL,88.0,7.922,-3.794,19.955,0.09,1.32,0.0
ATOM,1404.0,HG21,VAL,88.0,10.328,-5.64,20.15,0.09,1.32,0.0
ATOM,1405.0,HG22,VAL,88.0,8.822,-5.762,20.775,0.09,1.32,0.0
ATOM,1406.0,HG23,VAL,88.0,9.403,-6.942,19.804,0.09,1.32,0.0
ATOM,1407.0,N,GLY,89.0,6.639,-7.238,20.058,-0.47,1.85,0.0
ATOM,1408.0,CA,GLY,89.0,5.661,-7.509,21.106,-0.02,2.175,0.58
ATOM,1409.0,C,GLY,89.0,5.669,-6.66,22.378,0.51,2.0,0.0
ATOM,1410.0,O,GLY,89.0,6.729,-6.226,22.85,-0.51,1.7,0.0
ATOM,1411.0,H,GLY,89.0,7.461,-7.836,19.87,0.31,0.2245,0.0
ATOM,1412.0,HA2,GLY,89.0,4.706,-7.46,20.687,0.09,1.32,0.0
ATOM,1413.0,HA3,GLY,89.0,5.743,-8.512,21.383,0.09,1.32,1.74
ATOM,1414.0,N,SER,90.0,4.47,-6.426,22.922,-0.47,1.85,0.0
ATOM,1415.0,CA,SER,90.0,4.273,-5.662,24.166,0.07,2.275,0.0
ATOM,1416.0,C,SER,90.0,4.551,-6.562,25.372,0.51,2.0,0.0
ATOM,1417.0,O,SER,90.0,4.349,-7.78,25.281,-0.51,1.7,0.94
ATOM,1418.0,CB,SER,90.0,2.801,-5.241,24.318,0.05,2.175,5.74
ATOM,1419.0,OG,SER,90.0,2.357,-4.358,23.314,-0.66,1.77,2.36
ATOM,1420.0,H,SER,90.0,3.67,-6.837,22.383,0.31,0.2245,0.0
ATOM,1421.0,HA,SER,90.0,4.938,-4.916,24.177,0.09,1.32,0.0
ATOM,1422.0,HB2,SER,90.0,2.232,-6.071,24.301,0.09,1.32,4.24
ATOM,1423.0,HB3,SER,90.0,2.691,-4.799,25.216,0.09,1.32,0.0
ATOM,1424.0,HG,SER,90.0,2.692,-3.435,23.505,0.43,0.2245,0.0
ATOM,1425.0,N,PRO,91.0,5.019,-5.986,26.511,-0.29,1.85,0.0
ATOM,1426.0,CA,PRO,91.0,5.271,-6.815,27.696,0.02,2.275,0.0
ATOM,1427.0,C,PRO,91.0,3.868,-7.27,28.106,0.51,2.0,0.0
ATOM,1428.0,O,PRO,91.0,2.885,-6.596,27.788,-0.51,1.7,0.59
ATOM,1429.0,CB,PRO,91.0,5.847,-5.819,28.696,-0.18,2.175,0.0
ATOM,1430.0,CG,PRO,91.0,6.51,-4.812,27.828,-0.18,2.175,0.0
ATOM,1431.0,CD,PRO,91.0,5.479,-4.608,26.749,0.0,2.175,0.0
ATOM,1432.0,HA,PRO,91.0,5.843,-7.573,27.489,0.09,1.32,0.0
ATOM,1433.0,HB2,PRO,91.0,5.119,-5.403,29.241,0.09,1.32,0.0
ATOM,1434.0,HB3,PRO,91.0,6.505,-6.264,29.301,0.09,1.32,0.0
ATOM,1435.0,HG2,PRO,91.0,6.676,-3.969,28.323,0.09,1.32,0.0
ATOM,1436.0,HG3,PRO,91.0,7.354,-5.17,27.449,0.09,1.32,0.0
ATOM,1437.0,HD2,PRO,91.0,4.73,-4.037,27.064,0.09,1.32,0.0
ATOM,1438.0,HD3,PRO,91.0,5.884,-4.225,25.925,0.09,1.32,0.0
ATOM,1439.0,N,LYS,92.0,3.758,-8.41,28.777,-0.47,1.85,0.0
ATOM,1440.0,CA,LYS,92.0,2.442,-8.941,29.137,0.07,2.275,0.0
ATOM,1441.0,C,LYS,92.0,1.729,-8.468,30.412,0.51,2.0,0.31
ATOM,1442.0,O,LYS,92.0,0.498,-8.388,30.433,-0.51,1.7,24.1
ATOM,1443.0,CB,LYS,92.0,2.464,-10.472,29.066,-0.18,2.175,6.34
ATOM,1444.0,CG,LYS,92.0,2.707,-11.026,27.664,-0.18,2.175,6.27
ATOM,1445.0,CD,LYS,92.0,1.686,-10.478,26.653,-0.18,2.175,5.55
ATOM,1446.0,CE,LYS,92.0,0.258,-10.97,26.934,0.21,2.175,18.38
ATOM,1447.0,NZ,LYS,92.0,0.099,-12.457,26.773,-0.3,1.85,12.59
ATOM,1448.0,H,LYS,92.0,4.647,-8.874,29.015,0.31,0.2245,0.0
ATOM,1449.0,HA,LYS,92.0,1.796,-8.766,28.331,0.09,1.32,0.78
ATOM,1450.0,HB2,LYS,92.0,3.192,-10.802,29.662,0.09,1.32,0.0
ATOM,1451.0,HB3,LYS,92.0,1.583,-10.812,29.388,0.09,1.32,3.98
ATOM,1452.0,HG2,LYS,92.0,3.623,-10.765,27.363,0.09,1.32,0.0
ATOM,1453.0,HG3,LYS,92.0,2.63,-12.021,27.686,0.09,1.32,6.29
ATOM,1454.0,HD2,LYS,92.0,1.691,-9.484,26.703,0.09,1.32,0.9
ATOM,1455.0,HD3,LYS,92.0,1.948,-10.778,25.741,0.09,1.32,9.92
ATOM,1456.0,HE2,LYS,92.0,0.01,-10.716,27.876,0.05,1.32,2.71
ATOM,1457.0,HE3,LYS,92.0,-0.373,-10.505,26.303,0.05,1.32,12.05
ATOM,1458.0,HZ1,LYS,92.0,0.019,-12.873,27.675,0.33,0.2245,16.89
ATOM,1459.0,HZ2,LYS,92.0,-0.723,-12.639,26.239,0.33,0.2245,20.25
ATOM,1460.0,HZ3,LYS,92.0,0.899,-12.819,26.301,0.33,0.2245,12.49
ATOM,1461.0,N,GLY,93.0,2.472,-8.135,31.461,-0.47,1.85,0.02
ATOM,1462.0,CA,GLY,93.0,1.802,-7.698,32.671,-0.02,2.175,11.4
ATOM,1463.0,C,GLY,93.0,2.579,-6.762,33.565,0.51,2.0,0.25
ATOM,1464.0,O,GLY,93.0,3.671,-7.083,34.039,-0.51,1.7,1.73
ATOM,1465.0,H,GLY,93.0,3.48,-8.21,31.343,0.31,0.2245,0.0
ATOM,1466.0,HA2,GLY,93.0,0.909,-7.25,32.413,0.09,1.32,4.42
ATOM,1467.0,HA3,GLY,93.0,1.525,-8.53,33.216,0.09,1.32,10.32
ATOM,1468.0,N,ILE,94.0,2.009,-5.596,33.823,-0.47,1.85,0.09
ATOM,1469.0,CA,ILE,94.0,2.682,-4.648,34.684,0.07,2.275,0.0
ATOM,1470.0,C,ILE,94.0,2.256,-4.899,36.132,0.51,2.0,0.0
ATOM,1471.0,O,ILE,94.0,1.074,-5.12,36.416,-0.51,1.7,20.07
ATOM,1472.0,CB,ILE,94.0,2.394,-3.204,34.239,-0.09,2.275,0.0
ATOM,1473.0,CG1,ILE,94.0,3.221,-2.22,35.058,-0.18,2.175,0.0
ATOM,1474.0,CG2,ILE,94.0,0.91,-2.908,34.305,-0.27,2.06,6.14
ATOM,1475.0,CD1,ILE,94.0,3.068,-0.785,34.597,-0.27,2.06,0.0
ATOM,1476.0,H,ILE,94.0,1.097,-5.436,33.38,0.31,0.2245,3.89
ATOM,1477.0,HA,ILE,94.0,3.657,-4.858,34.638,0.09,1.32,0.0
ATOM,1478.0,HB,ILE,94.0,2.664,-3.118,33.285,0.09,1.32,0.0
ATOM,1479.0,HG12,ILE,94.0,2.941,-2.284,36.012,0.09,1.32,0.0
ATOM,1480.0,HG13,ILE,94.0,4.182,-2.478,34.984,0.09,1.32,0.0
ATOM,1481.0,HG21,ILE,94.0,0.733,-1.99,33.95,0.09,1.32,0.0
ATOM,1482.0,HG22,ILE,94.0,0.408,-3.576,33.755,0.09,1.32,3.67
ATOM,1483.0,HG23,ILE,94.0,0.598,-2.961,35.253,0.09,1.32,1.7
ATOM,1484.0,HD11,ILE,94.0,2.11,-0.514,34.674,0.09,1.32,0.0
ATOM,1485.0,HD12,ILE,94.0,3.632,-0.192,35.17,0.09,1.32,0.0
ATOM,1486.0,HD13,ILE,94.0,3.362,-0.711,33.646,0.09,1.32,0.0
ATOM,1487.0,N,SER,95.0,3.231,-4.961,37.032,-0.47,1.85,0.0
ATOM,1488.0,CA,SER,95.0,2.947,-5.185,38.439,0.07,2.275,0.12
ATOM,1489.0,C,SER,95.0,3.774,-4.241,39.292,0.51,2.0,0.02
ATOM,1490.0,O,SER,95.0,4.846,-3.785,38.887,-0.51,1.7,0.18
ATOM,1491.0,CB,SER,95.0,3.222,-6.637,38.827,0.05,2.175,24.02
ATOM,1492.0,OG,SER,95.0,4.596,-6.947,38.724,-0.66,1.77,16.63
ATOM,1493.0,H,SER,95.0,4.187,-4.838,36.649,0.31,0.2245,0.0
ATOM,1494.0,HA,SER,95.0,1.977,-4.98,38.6,0.09,1.32,3.94
ATOM,1495.0,HB2,SER,95.0,2.925,-6.779,39.769,0.09,1.32,7.22
ATOM,1496.0,HB3,SER,95.0,2.707,-7.235,38.216,0.09,1.32,7.96
ATOM,1497.0,HG,SER,95.0,4.996,-6.448,37.956,0.43,0.2245,0.0
ATOM,1498.0,N,PHE,96.0,3.243,-3.914,40.462,-0.47,1.85,0.0
ATOM,1499.0,CA,PHE,96.0,3.919,-3.018,41.383,0.07,2.275,0.16
ATOM,1500.0,C,PHE,96.0,4.171,-3.708,42.718,0.51,2.0,0.06
ATOM,1501.0,O,PHE,96.0,3.393,-4.577,43.145,-0.51,1.7,23.34
ATOM,1502.0,CB,PHE,96.0,3.086,-1.762,41.578,-0.18,2.175,0.26
ATOM,1503.0,CG,PHE,96.0,2.798,-1.054,40.314,0.0,1.9924,0.0
ATOM,1504.0,CD1,PHE,96.0,3.824,-0.455,39.599,-0.115,1.9924,0.0
ATOM,1505.0,CD2,PHE,96.0,1.507,-1.006,39.81,-0.115,1.9924,1.76
ATOM,1506.0,CE1,PHE,96.0,3.57,0.188,38.392,-0.115,1.9924,0.0
ATOM,1507.0,CE2,PHE,96.0,1.24,-0.369,38.6,-0.115,1.9924,1.54
ATOM,1508.0,CZ,PHE,96.0,2.277,0.231,37.889,-0.115,1.9924,0.0
ATOM,1509.0,H,PHE,96.0,2.318,-4.348,40.657,0.31,0.2245,7.12
ATOM,1510.0,HA,PHE,96.0,4.822,-2.813,40.989,0.09,1.32,0.0
ATOM,1511.0,HB2,PHE,96.0,2.228,-2.031,41.991,0.09,1.32,1.69
ATOM,1512.0,HB3,PHE,96.0,3.594,-1.154,42.171,0.09,1.32,0.0
ATOM,1513.0,HD1,PHE,96.0,4.757,-0.483,39.948,0.115,1.3582,0.0
ATOM,1514.0,HD2,PHE,96.0,0.759,-1.432,40.317,0.115,1.3582,5.4
ATOM,1515.0,HE1,PHE,96.0,4.328,0.62,37.891,0.115,1.3582,0.0
ATOM,1516.0,HE2,PHE,96.0,0.295,-0.344,38.245,0.115,1.3582,2.36
ATOM,1517.0,HZ,PHE,96.0,2.093,0.689,37.023,0.115,1.3582,0.0
ATOM,1518.0,N,SER,97.0,5.287,-3.342,43.345,-0.47,1.85,0.0
ATOM,1519.0,CA,SER,97.0,5.689,-3.894,44.635,0.07,2.275,0.39
ATOM,1520.0,C,SER,97.0,6.659,-2.935,45.325,0.51,2.0,0.0
ATOM,1521.0,O,SER,97.0,7.07,-1.929,44.737,-0.51,1.7,0.0
ATOM,1522.0,CB,SER,97.0,6.363,-5.258,44.457,0.05,2.175,22.23
ATOM,1523.0,OG,SER,97.0,7.672,-5.118,43.931,-0.66,1.77,4.13
ATOM,1524.0,H,SER,97.0,5.851,-2.624,42.833,0.31,0.2245,0.0
ATOM,1525.0,HA,SER,97.0,4.874,-3.972,45.21,0.09,1.32,6.05
ATOM,1526.0,HB2,SER,97.0,6.416,-5.707,45.344,0.09,1.32,5.18
ATOM,1527.0,HB3,SER,97.0,5.817,-5.804,43.828,0.09,1.32,6.6
ATOM,1528.0,HG,SER,97.0,8.328,-5.056,44.682,0.43,0.2245,0.78
ATOM,1529.0,N,ASP,98.0,6.992,-3.247,46.579,-0.47,1.85,0.08
ATOM,1530.0,CA,ASP,98.0,7.913,-2.458,47.387,0.07,2.275,4.69
ATOM,1531.0,C,ASP,98.0,7.549,-0.989,47.313,0.51,2.0,0.0
ATOM,1532.0,O,ASP,98.0,8.426,-0.122,47.177,-0.51,1.7,1.59
ATOM,1533.0,CB,ASP,98.0,9.351,-2.654,46.91,-0.28,2.175,7.81
ATOM,1534.0,CG,ASP,98.0,9.72,-4.119,46.723,0.62,2.0,3.09
ATOM,1535.0,OD1,ASP,98.0,8.835,-5.002,46.8,-0.76,1.7,19.44
ATOM,1536.0,OD2,ASP,98.0,10.916,-4.388,46.481,-0.76,1.7,33.29
ATOM,1537.0,H,ASP,98.0,6.527,-4.12,46.935,0.31,0.2245,9.82
ATOM,1538.0,HA,ASP,98.0,7.793,-2.747,48.342,0.09,1.32,11.53
ATOM,1539.0,HB2,ASP,98.0,9.454,-2.188,46.038,0.09,1.32,0.0
ATOM,1540.0,HB3,ASP,98.0,9.959,-2.258,47.589,0.09,1.32,10.43
ATOM,1541.0,N,ILE,99.0,6.248,-0.712,47.378,-0.47,1.85,0.86
ATOM,1542.0,CA,ILE,99.0,5.771,0.663,47.313,0.07,2.275,0.0
ATOM,1543.0,C,ILE,99.0,6.259,1.391,48.54,0.51,2.0,0.2
ATOM,1544.0,O,ILE,99.0,6.587,0.757,49.546,-0.51,1.7,19.0
ATOM,1545.0,CB,ILE,99.0,4.243,0.753,47.283,-0.09,2.275,2.51
ATOM,1546.0,CG1,ILE,99.0,3.67,-0.259,46.284,-0.18,2.175,12.62
ATOM,1547.0,CG2,ILE,99.0,3.817,2.17,46.902,-0.27,2.06,3.45
ATOM,1548.0,CD1,ILE,99.0,4.186,-0.102,44.875,-0.27,2.06,0.0
ATOM,1549.0,H,ILE,99.0,5.629,-1.533,47.475,0.31,0.2245,4.47
ATOM,1550.0,HA,ILE,99.0,6.224,1.078,46.528,0.09,1.32,0.0
ATOM,1551.0,HB,ILE,99.0,3.899,0.518,48.186,0.09,1.32,9.55
ATOM,1552.0,HG12,ILE,99.0,3.887,-1.18,46.612,0.09,1.32,2.49
ATOM,1553.0,HG13,ILE,99.0,2.673,-0.156,46.277,0.09,1.32,1.21
ATOM,1554.0,HG21,ILE,99.0,2.821,2.229,46.911,0.09,1.32,1.16
ATOM,1555.0,HG22,ILE,99.0,4.196,2.817,47.56,0.09,1.32,0.0
ATOM,1556.0,HG23,ILE,99.0,4.157,2.383,45.989,0.09,1.32,0.0
ATOM,1557.0,HD11,ILE,99.0,5.179,-0.216,44.869,0.09,1.32,0.0
ATOM,1558.0,HD12,ILE,99.0,3.768,-0.794,44.288,0.09,1.32,0.0
ATOM,1559.0,HD13,ILE,99.0,3.953,0.809,44.534,0.09,1.32,0.0
ATOM,1560.0,N,THR,100.0,6.314,2.715,48.457,-0.47,1.85,0.0
ATOM,1561.0,CA,THR,100.0,6.78,3.533,49.566,0.07,2.275,2.77
ATOM,1562.0,C,THR,100.0,6.261,4.932,49.359,0.51,2.0,0.4
ATOM,1563.0,O,THR,100.0,5.477,5.186,48.45,-0.51,1.7,0.3
ATOM,1564.0,CB,THR,100.0,8.334,3.558,49.624,0.14,2.275,0.0
ATOM,1565.0,OG1,THR,100.0,8.82,2.218,49.755,-0.66,1.77,15.6
ATOM,1566.0,CG2,THR,100.0,8.85,4.365,50.816,-0.27,2.06,24.12
ATOM,1567.0,H,THR,100.0,6.0,3.108,47.547,0.31,0.2245,0.18
ATOM,1568.0,HA,THR,100.0,6.397,3.169,50.412,0.09,1.32,7.96
ATOM,1569.0,HB,THR,100.0,8.682,3.943,48.75,0.09,1.32,0.0
ATOM,1570.0,HG21,THR,100.0,9.749,4.021,51.091,0.09,1.32,10.93
ATOM,1571.0,HG22,THR,100.0,8.928,5.33,50.56,0.09,1.32,0.08
ATOM,1572.0,HG23,THR,100.0,8.213,4.276,51.583,0.09,1.32,4.1
ATOM,1573.0,HG1,THR,100.0,8.056,1.564,49.731,0.43,0.2245,1.31
ATOM,1574.0,N,GLU,101.0,6.669,5.827,50.243,-0.47,1.85,0.0
ATOM,1575.0,CA,GLU,101.0,6.277,7.21,50.166,0.07,2.275,0.0
ATOM,1576.0,C,GLU,101.0,7.039,7.863,49.0,0.51,2.0,0.0
ATOM,1577.0,O,GLU,101.0,6.553,8.83,48.41,-0.51,1.7,0.0
ATOM,1578.0,CB,GLU,101.0,6.575,7.912,51.511,-0.18,2.175,3.08
ATOM,1579.0,CG,GLU,101.0,6.145,7.105,52.77,-0.28,2.175,11.93
ATOM,1580.0,CD,GLU,101.0,5.315,7.91,53.787,0.62,2.0,3.33
ATOM,1581.0,OE1,GLU,101.0,5.737,9.017,54.181,-0.76,1.7,37.95
ATOM,1582.0,OE2,GLU,101.0,4.241,7.424,54.208,-0.76,1.7,47.93
ATOM,1583.0,H,GLU,101.0,7.292,5.443,50.99,0.31,0.2245,0.0
ATOM,1584.0,HA,GLU,101.0,5.298,7.289,49.997,0.09,1.32,1.24
ATOM,1585.0,HB2,GLU,101.0,7.545,8.044,51.573,0.09,1.32,3.94
ATOM,1586.0,HB3,GLU,101.0,6.077,8.756,51.528,0.09,1.32,0.0
ATOM,1587.0,HG2,GLU,101.0,5.591,6.351,52.466,0.09,1.32,4.9
ATOM,1588.0,HG3,GLU,101.0,6.962,6.805,53.227,0.09,1.32,8.02
ATOM,1589.0,N,ASN,102.0,8.169,7.262,48.604,-0.47,1.85,0.0
ATOM,1590.0,CA,ASN,102.0,9.009,7.807,47.524,0.07,2.275,0.0
ATOM,1591.0,C,ASN,102.0,9.556,6.878,46.436,0.51,2.0,0.0
ATOM,1592.0,O,ASN,102.0,10.194,7.349,45.489,-0.51,1.7,0.04
ATOM,1593.0,CB,ASN,102.0,10.187,8.58,48.125,-0.18,2.175,13.94
ATOM,1594.0,CG,ASN,102.0,9.784,9.942,48.638,0.55,2.0,2.35
ATOM,1595.0,H,ASN,102.0,8.399,6.39,49.117,0.31,0.2245,0.0
ATOM,1596.0,HA,ASN,102.0,8.43,8.521,47.038,0.09,1.32,0.0
ATOM,1597.0,HB2,ASN,102.0,10.556,8.048,48.882,0.09,1.32,7.3
ATOM,1598.0,HB3,ASN,102.0,10.879,8.695,47.417,0.09,1.32,1.6
ATOM,1599.0,OD1,ASN,102.0,9.186,10.067,49.706,-0.55,1.7,15.9
ATOM,1600.0,ND2,ASN,102.0,10.092,10.975,47.866,-0.62,1.85,16.81
ATOM,1601.0,HD22,ASN,102.0,10.56,10.829,46.993,0.3,0.2245,0.98
ATOM,1602.0,HD21,ASN,102.0,9.856,11.905,48.153,0.32,0.2245,15.93
ATOM,1603.0,N,SER,103.0,9.306,5.578,46.543,-0.47,1.85,0.11
ATOM,1604.0,CA,SER,103.0,9.828,4.658,45.54,0.07,2.275,0.0
ATOM,1605.0,C,SER,103.0,9.013,3.388,45.35,0.51,2.0,0.19
ATOM,1606.0,O,SER,103.0,8.415,2.871,46.297,-0.51,1.7,0.0
ATOM,1607.0,CB,SER,103.0,11.253,4.268,45.901,0.05,2.175,9.54
ATOM,1608.0,OG,SER,103.0,11.271,3.596,47.148,-0.66,1.77,13.88
ATOM,1609.0,H,SER,103.0,8.743,5.295,47.351,0.31,0.2245,0.0
ATOM,1610.0,HA,SER,103.0,9.847,5.152,44.644,0.09,1.32,0.0
ATOM,1611.0,HB2,SER,103.0,11.611,3.661,45.202,0.09,1.32,1.9
ATOM,1612.0,HB3,SER,103.0,11.806,5.089,45.969,0.09,1.32,3.05
ATOM,1613.0,HG,SER,103.0,11.277,2.609,46.995,0.43,0.2245,13.4
ATOM,1614.0,N,ALA,104.0,9.059,2.851,44.13,-0.47,1.85,0.21
ATOM,1615.0,CA,ALA,104.0,8.328,1.633,43.802,0.07,2.275,0.72
ATOM,1616.0,C,ALA,104.0,9.049,0.78,42.778,0.51,2.0,0.91
ATOM,1617.0,O,ALA,104.0,9.686,1.289,41.856,-0.51,1.7,0.03
ATOM,1618.0,CB,ALA,104.0,6.934,1.968,43.302,-0.27,2.06,0.0
ATOM,1619.0,H,ALA,104.0,9.649,3.367,43.45,0.31,0.2245,0.0
ATOM,1620.0,HA,ALA,104.0,8.209,1.09,44.651,0.09,1.32,0.0
ATOM,1621.0,HB1,ALA,104.0,6.303,1.232,43.548,0.09,1.32,0.0
ATOM,1622.0,HB2,ALA,104.0,6.624,2.823,43.719,0.09,1.32,0.24
ATOM,1623.0,HB3,ALA,104.0,6.95,2.072,42.307,0.09,1.32,0.0
ATOM,1624.0,N,THR,105.0,8.937,-0.529,42.953,-0.47,1.85,0.05
ATOM,1625.0,CA,THR,105.0,9.555,-1.477,42.051,0.07,2.275,0.0
ATOM,1626.0,C,THR,105.0,8.519,-1.954,41.037,0.51,2.0,0.0
ATOM,1627.0,O,THR,105.0,7.628,-2.742,41.373,-0.51,1.7,0.16
ATOM,1628.0,CB,THR,105.0,10.13,-2.71,42.82,0.14,2.275,0.0
ATOM,1629.0,OG1,THR,105.0,11.242,-2.302,43.627,-0.66,1.77,11.51
ATOM,1630.0,CG2,THR,105.0,10.596,-3.811,41.854,-0.27,2.06,1.52
ATOM,1631.0,H,THR,105.0,8.373,-0.808,43.785,0.31,0.2245,0.0
ATOM,1632.0,HA,THR,105.0,10.293,-1.019,41.552,0.09,1.32,0.0
ATOM,1633.0,HB,THR,105.0,9.401,-3.072,43.433,0.09,1.32,0.0
ATOM,1634.0,HG21,THR,105.0,10.353,-4.706,42.228,0.09,1.32,0.0
ATOM,1635.0,HG22,THR,105.0,10.149,-3.687,40.968,0.09,1.32,0.0
ATOM,1636.0,HG23,THR,105.0,11.588,-3.755,41.739,0.09,1.32,4.57
ATOM,1637.0,HG1,THR,105.0,11.275,-2.841,44.475,0.43,0.2245,3.98
ATOM,1638.0,N,VAL,106.0,8.607,-1.429,39.814,-0.47,1.85,0.0
ATOM,1639.0,CA,VAL,106.0,7.71,-1.841,38.741,0.07,2.275,0.0
ATOM,1640.0,C,VAL,106.0,8.374,-3.012,38.028,0.51,2.0,0.0
ATOM,1641.0,O,VAL,106.0,9.581,-3.008,37.797,-0.51,1.7,0.0
ATOM,1642.0,CB,VAL,106.0,7.403,-0.681,37.769,-0.09,2.275,0.0
ATOM,1643.0,CG1,VAL,106.0,8.67,0.01,37.341,-0.27,2.06,0.0
ATOM,1644.0,CG2,VAL,106.0,6.631,-1.196,36.575,-0.27,2.06,0.0
ATOM,1645.0,H,VAL,106.0,9.353,-0.718,39.699,0.31,0.2245,0.0
ATOM,1646.0,HA,VAL,106.0,6.865,-2.166,39.146,0.09,1.32,0.0
ATOM,1647.0,HB,VAL,106.0,6.851,-0.015,38.266,0.09,1.32,0.0
ATOM,1648.0,HG11,VAL,106.0,9.144,0.382,38.142,0.09,1.32,0.0
ATOM,1649.0,HG12,VAL,106.0,9.275,-0.641,36.877,0.09,1.32,0.0
ATOM,1650.0,HG13,VAL,106.0,8.455,0.76,36.712,0.09,1.32,0.0
ATOM,1651.0,HG21,VAL,106.0,6.549,-0.47,35.89,0.09,1.32,0.0
ATOM,1652.0,HG22,VAL,106.0,7.114,-1.977,36.176,0.09,1.32,0.0
ATOM,1653.0,HG23,VAL,106.0,5.717,-1.483,36.866,0.09,1.32,0.0
ATOM,1654.0,N,SER,107.0,7.592,-4.046,37.756,-0.47,1.85,0.0
ATOM,1655.0,CA,SER,107.0,8.093,-5.242,37.096,0.07,2.275,0.0
ATOM,1656.0,C,SER,107.0,7.15,-5.621,35.946,0.51,2.0,0.0
ATOM,1657.0,O,SER,107.0,5.998,-5.179,35.913,-0.51,1.7,0.0
ATOM,1658.0,CB,SER,107.0,8.183,-6.37,38.117,0.05,2.175,5.13
ATOM,1659.0,OG,SER,107.0,8.495,-7.601,37.502,-0.66,1.77,10.93
ATOM,1660.0,H,SER,107.0,6.599,-3.93,38.052,0.31,0.2245,0.0
ATOM,1661.0,HA,SER,107.0,8.987,-5.034,36.699,0.09,1.32,0.0
ATOM,1662.0,HB2,SER,107.0,8.895,-6.148,38.781,0.09,1.32,0.0
ATOM,1663.0,HB3,SER,107.0,7.303,-6.453,38.583,0.09,1.32,0.53
ATOM,1664.0,HG,SER,107.0,9.143,-7.449,36.756,0.43,0.2245,0.0
ATOM,1665.0,N,TRP,108.0,7.644,-6.401,34.983,-0.47,1.85,0.0
ATOM,1666.0,CA,TRP,108.0,6.818,-6.81,33.832,0.07,2.275,0.59
ATOM,1667.0,C,TRP,108.0,7.199,-8.162,33.29,0.51,2.0,0.06
ATOM,1668.0,O,TRP,108.0,8.325,-8.593,33.445,-0.51,1.7,1.52
ATOM,1669.0,CB,TRP,108.0,6.934,-5.8,32.686,-0.18,2.175,0.0
ATOM,1670.0,CG,TRP,108.0,8.344,-5.579,32.27,-0.03,1.9924,0.0
ATOM,1671.0,CD1,TRP,108.0,9.049,-6.298,31.354,0.035,1.9924,0.0
ATOM,1672.0,CD2,TRP,108.0,9.254,-4.615,32.819,-0.02,1.8,0.0
ATOM,1673.0,NE1,TRP,108.0,10.347,-5.852,31.305,-0.61,1.85,0.0
ATOM,1674.0,CE2,TRP,108.0,10.503,-4.819,32.191,0.13,1.8,0.0
ATOM,1675.0,CE3,TRP,108.0,9.136,-3.6,33.783,-0.115,1.9924,0.0
ATOM,1676.0,CZ2,TRP,108.0,11.634,-4.045,32.495,-0.115,1.9924,0.0
ATOM,1677.0,CZ3,TRP,108.0,10.263,-2.827,34.087,-0.115,1.9924,0.0
ATOM,1678.0,CH2,TRP,108.0,11.494,-3.058,33.442,-0.115,1.9924,0.0
ATOM,1679.0,H,TRP,108.0,8.627,-6.687,35.107,0.31,0.2245,0.0
ATOM,1680.0,HA,TRP,108.0,5.86,-6.859,34.159,0.09,1.32,0.0
ATOM,1681.0,HB2,TRP,108.0,6.44,-6.148,31.904,0.09,1.32,0.0
ATOM,1682.0,HB3,TRP,108.0,6.569,-4.933,32.988,0.09,1.32,0.0
ATOM,1683.0,HD1,TRP,108.0,8.681,-7.041,30.798,0.115,1.3582,0.0
ATOM,1684.0,HE1,TRP,108.0,11.067,-6.222,30.716,0.38,0.2245,0.0
ATOM,1685.0,HE3,TRP,108.0,8.274,-3.426,34.244,0.115,1.3582,0.0
ATOM,1686.0,HZ2,TRP,108.0,12.504,-4.22,32.029,0.115,1.3582,0.0
ATOM,1687.0,HZ3,TRP,108.0,10.186,-2.11,34.766,0.115,1.3582,0.0
ATOM,1688.0,HH2,TRP,108.0,12.276,-2.486,33.685,0.115,1.3582,0.0
ATOM,1689.0,N,THR,109.0,6.257,-8.834,32.648,-0.47,1.85,0.0
ATOM,1690.0,CA,THR,109.0,6.565,-10.134,32.084,0.07,2.275,0.0
ATOM,1691.0,C,THR,109.0,6.885,-9.972,30.596,0.51,2.0,0.0
ATOM,1692.0,O,THR,109.0,6.1,-9.424,29.817,-0.51,1.7,0.0
ATOM,1693.0,CB,THR,109.0,5.458,-11.195,32.349,0.14,2.275,6.08
ATOM,1694.0,OG1,THR,109.0,4.379,-11.032,31.423,-0.66,1.77,6.24
ATOM,1695.0,CG2,THR,109.0,4.935,-11.065,33.788,-0.27,2.06,35.36
ATOM,1696.0,H,THR,109.0,5.341,-8.377,32.589,0.31,0.2245,0.0
ATOM,1697.0,HA,THR,109.0,7.376,-10.502,32.538,0.09,1.32,0.95
ATOM,1698.0,HB,THR,109.0,5.863,-12.123,32.212,0.09,1.32,9.68
ATOM,1699.0,HG21,THR,109.0,3.965,-10.821,33.769,0.09,1.32,3.84
ATOM,1700.0,HG22,THR,109.0,5.051,-11.937,34.264,0.09,1.32,11.87
ATOM,1701.0,HG23,THR,109.0,5.449,-10.353,34.266,0.09,1.32,2.44
ATOM,1702.0,HG1,THR,109.0,4.663,-10.451,30.653,0.43,0.2245,0.0
ATOM,1703.0,N,PRO,110.0,8.1,-10.374,30.214,-0.29,1.85,0.0
ATOM,1704.0,CA,PRO,110.0,8.674,-10.335,28.877,0.02,2.275,0.0
ATOM,1705.0,C,PRO,110.0,7.884,-11.095,27.84,0.51,2.0,0.0
ATOM,1706.0,O,PRO,110.0,7.332,-12.164,28.113,-0.51,1.7,16.78
ATOM,1707.0,CB,PRO,110.0,10.032,-10.989,29.084,-0.18,2.175,11.41
ATOM,1708.0,CG,PRO,110.0,10.371,-10.605,30.468,-0.18,2.175,6.54
ATOM,1709.0,CD,PRO,110.0,9.087,-10.904,31.165,0.0,2.175,7.71
ATOM,1710.0,HA,PRO,110.0,8.817,-9.364,28.581,0.09,1.32,0.0
ATOM,1711.0,HB2,PRO,110.0,9.965,-11.981,28.986,0.09,1.32,7.85
ATOM,1712.0,HB3,PRO,110.0,10.699,-10.633,28.432,0.09,1.32,2.11
ATOM,1713.0,HG2,PRO,110.0,11.11,-11.162,30.823,0.09,1.32,9.07
ATOM,1714.0,HG3,PRO,110.0,10.595,-9.641,30.526,0.09,1.32,0.0
ATOM,1715.0,HD2,PRO,110.0,8.955,-11.882,31.296,0.09,1.32,9.34
ATOM,1716.0,HD3,PRO,110.0,9.02,-10.43,32.04,0.09,1.32,0.0
ATOM,1717.0,N,PRO,111.0,7.836,-10.546,26.62,-0.29,1.85,0.0
ATOM,1718.0,CA,PRO,111.0,7.136,-11.12,25.47,0.02,2.275,0.14
ATOM,1719.0,C,PRO,111.0,7.985,-12.215,24.799,0.51,2.0,0.0
ATOM,1720.0,O,PRO,111.0,9.183,-12.362,25.099,-0.51,1.7,10.58
ATOM,1721.0,CB,PRO,111.0,6.978,-9.912,24.552,-0.18,2.175,3.3
ATOM,1722.0,CG,PRO,111.0,8.26,-9.158,24.798,-0.18,2.175,0.0
ATOM,1723.0,CD,PRO,111.0,8.374,-9.209,26.301,0.0,2.175,0.0
ATOM,1724.0,HA,PRO,111.0,6.24,-11.487,25.739,0.09,1.32,1.39
ATOM,1725.0,HB2,PRO,111.0,6.912,-10.191,23.602,0.09,1.32,0.51
ATOM,1726.0,HB3,PRO,111.0,6.193,-9.364,24.812,0.09,1.32,0.0
ATOM,1727.0,HG2,PRO,111.0,9.022,-9.619,24.365,0.09,1.32,0.0
ATOM,1728.0,HG3,PRO,111.0,8.179,-8.225,24.476,0.09,1.32,0.0
ATOM,1729.0,HD2,PRO,111.0,9.322,-9.133,26.598,0.09,1.32,0.0
ATOM,1730.0,HD3,PRO,111.0,7.824,-8.497,26.733,0.09,1.32,0.0
ATOM,1731.0,N,ARG,112.0,7.345,-13.007,23.934,-0.47,1.85,0.13
ATOM,1732.0,CA,ARG,112.0,8.028,-14.071,23.19,0.07,2.275,1.6
ATOM,1733.0,C,ARG,112.0,8.477,-13.426,21.886,0.51,2.0,2.14
ATOM,1734.0,O,ARG,112.0,7.932,-13.698,20.812,-0.51,1.7,16.35
ATOM,1735.0,CB,ARG,112.0,7.087,-15.255,22.912,-0.18,2.175,9.76
ATOM,1736.0,CG,ARG,112.0,6.752,-16.115,24.135,-0.18,2.175,17.28
ATOM,1737.0,CD,ARG,112.0,7.969,-16.888,24.65,0.2,2.175,16.17
ATOM,1738.0,NE,ARG,112.0,8.425,-17.907,23.702,-0.7,1.85,6.08
ATOM,1739.0,CZ,ARG,112.0,8.456,-19.212,23.961,0.64,2.0,3.5
ATOM,1740.0,NH1,ARG,112.0,8.056,-19.666,25.144,-0.8,1.85,26.61
ATOM,1741.0,NH2,ARG,112.0,8.882,-20.066,23.036,-0.8,1.85,29.26
ATOM,1742.0,H,ARG,112.0,6.329,-12.806,23.834,0.31,0.2245,9.47
ATOM,1743.0,HA,ARG,112.0,8.822,-14.358,23.697,0.09,1.32,2.43
ATOM,1744.0,HB2,ARG,112.0,6.231,-14.893,22.549,0.09,1.32,8.89
ATOM,1745.0,HB3,ARG,112.0,7.52,-15.844,22.234,0.09,1.32,3.72
ATOM,1746.0,HG2,ARG,112.0,6.424,-15.528,24.871,0.09,1.32,6.17
ATOM,1747.0,HG3,ARG,112.0,6.048,-16.777,23.889,0.09,1.32,10.48
ATOM,1748.0,HD2,ARG,112.0,8.703,-16.233,24.809,0.09,1.32,4.49
ATOM,1749.0,HD3,ARG,112.0,7.711,-17.326,25.507,0.09,1.32,3.19
ATOM,1750.0,HE,ARG,112.0,8.735,-17.599,22.796,0.44,0.2245,7.89
ATOM,1751.0,HH11,ARG,112.0,7.711,-19.048,25.843,0.46,0.2245,11.27
ATOM,1752.0,HH12,ARG,112.0,8.102,-20.654,25.337,0.46,0.2245,18.75
ATOM,1753.0,HH21,ARG,112.0,9.16,-19.719,22.137,0.46,0.2245,18.18
ATOM,1754.0,HH22,ARG,112.0,8.924,-21.041,23.232,0.46,0.2245,18.32
ATOM,1755.0,N,SER,113.0,9.438,-12.517,22.016,-0.47,1.85,3.33
ATOM,1756.0,CA,SER,113.0,9.987,-11.775,20.892,0.07,2.275,2.74
ATOM,1757.0,C,SER,113.0,11.345,-11.212,21.3,0.51,2.0,1.46
ATOM,1758.0,O,SER,113.0,11.546,-10.825,22.456,-0.51,1.7,4.84
ATOM,1759.0,CB,SER,113.0,9.037,-10.631,20.502,0.05,2.175,0.23
ATOM,1760.0,OG,SER,113.0,9.643,-9.735,19.583,-0.66,1.77,1.29
ATOM,1761.0,H,SER,113.0,9.767,-12.381,23.003,0.31,0.2245,0.87
ATOM,1762.0,HA,SER,113.0,10.133,-12.41,20.137,0.09,1.32,6.28
ATOM,1763.0,HB2,SER,113.0,8.221,-11.023,20.084,0.09,1.32,0.0
ATOM,1764.0,HB3,SER,113.0,8.788,-10.13,21.327,0.09,1.32,0.0
ATOM,1765.0,HG,SER,113.0,10.545,-9.472,19.921,0.43,0.2245,0.0
ATOM,1766.0,N,ARG,114.0,12.28,-11.202,20.356,-0.47,1.85,3.48
ATOM,1767.0,CA,ARG,114.0,13.612,-10.68,20.609,0.07,2.275,3.43
ATOM,1768.0,C,ARG,114.0,13.465,-9.198,20.923,0.51,2.0,0.0
ATOM,1769.0,O,ARG,114.0,12.839,-8.459,20.165,-0.51,1.7,0.64
ATOM,1770.0,CB,ARG,114.0,14.486,-10.905,19.383,-0.18,2.175,7.78
ATOM,1771.0,CG,ARG,114.0,15.799,-10.168,19.399,-0.18,2.175,3.75
ATOM,1772.0,CD,ARG,114.0,16.577,-10.508,18.151,0.2,2.175,6.08
ATOM,1773.0,NE,ARG,114.0,17.722,-9.626,17.949,-0.7,1.85,3.49
ATOM,1774.0,CZ,ARG,114.0,18.701,-9.863,17.08,0.64,2.0,2.02
ATOM,1775.0,NH1,ARG,114.0,18.675,-10.962,16.336,-0.8,1.85,25.85
ATOM,1776.0,NH2,ARG,114.0,19.697,-8.994,16.942,-0.8,1.85,22.95
ATOM,1777.0,H,ARG,114.0,11.979,-11.592,19.441,0.31,0.2245,8.7
ATOM,1778.0,HA,ARG,114.0,13.998,-11.138,21.402,0.09,1.32,7.2
ATOM,1779.0,HB2,ARG,114.0,14.677,-11.885,19.313,0.09,1.32,10.33
ATOM,1780.0,HB3,ARG,114.0,13.972,-10.611,18.576,0.09,1.32,5.67
ATOM,1781.0,HG2,ARG,114.0,15.636,-9.191,19.41,0.09,1.32,0.0
ATOM,1782.0,HG3,ARG,114.0,16.332,-10.449,20.185,0.09,1.32,9.82
ATOM,1783.0,HD2,ARG,114.0,16.9,-11.451,18.229,0.09,1.32,7.61
ATOM,1784.0,HD3,ARG,114.0,15.961,-10.43,17.367,0.09,1.32,4.47
ATOM,1785.0,HE,ARG,114.0,17.775,-8.787,18.501,0.44,0.2245,1.67
ATOM,1786.0,HH11,ARG,114.0,17.923,-11.611,16.398,0.46,0.2245,11.35
ATOM,1787.0,HH12,ARG,114.0,19.431,-11.143,15.694,0.46,0.2245,18.54
ATOM,1788.0,HH21,ARG,114.0,19.692,-8.15,17.485,0.46,0.2245,11.81
ATOM,1789.0,HH22,ARG,114.0,20.44,-9.177,16.306,0.46,0.2245,17.68
ATOM,1790.0,N,VAL,115.0,14.019,-8.779,22.057,-0.47,1.85,0.0
ATOM,1791.0,CA,VAL,115.0,13.914,-7.39,22.496,0.07,2.275,0.0
ATOM,1792.0,C,VAL,115.0,15.225,-6.814,23.017,0.51,2.0,0.0
ATOM,1793.0,O,VAL,115.0,15.907,-7.441,23.831,-0.51,1.7,13.92
ATOM,1794.0,CB,VAL,115.0,12.807,-7.24,23.582,-0.09,2.275,0.0
ATOM,1795.0,CG1,VAL,115.0,12.795,-8.451,24.504,-0.27,2.06,9.89
ATOM,1796.0,CG2,VAL,115.0,13.017,-5.973,24.402,-0.27,2.06,0.0
ATOM,1797.0,H,VAL,115.0,14.523,-9.512,22.593,0.31,0.2245,5.71
ATOM,1798.0,HA,VAL,115.0,13.624,-6.831,21.697,0.09,1.32,0.0
ATOM,1799.0,HB,VAL,115.0,11.933,-7.219,23.111,0.09,1.32,0.0
ATOM,1800.0,HG11,VAL,115.0,13.587,-8.415,25.113,0.09,1.32,0.49
ATOM,1801.0,HG12,VAL,115.0,11.957,-8.448,25.049,0.09,1.32,0.0
ATOM,1802.0,HG13,VAL,115.0,12.833,-9.287,23.957,0.09,1.32,0.16
ATOM,1803.0,HG21,VAL,115.0,12.159,-5.725,24.85,0.09,1.32,0.0
ATOM,1804.0,HG22,VAL,115.0,13.721,-6.14,25.091,0.09,1.32,0.0
ATOM,1805.0,HG23,VAL,115.0,13.307,-5.233,23.796,0.09,1.32,0.0
ATOM,1806.0,N,ASP,116.0,15.545,-5.598,22.571,-0.47,1.85,0.0
ATOM,1807.0,CA,ASP,116.0,16.773,-4.912,22.973,0.07,2.275,0.86
ATOM,1808.0,C,ASP,116.0,16.637,-4.162,24.294,0.51,2.0,0.0
ATOM,1809.0,O,ASP,116.0,17.518,-4.26,25.152,-0.51,1.7,6.74
ATOM,1810.0,CB,ASP,116.0,17.227,-3.916,21.903,-0.28,2.175,9.99
ATOM,1811.0,CG,ASP,116.0,17.487,-4.558,20.563,0.62,2.0,3.12
ATOM,1812.0,OD1,ASP,116.0,17.466,-5.805,20.455,-0.76,1.7,9.1
ATOM,1813.0,OD2,ASP,116.0,17.72,-3.789,19.607,-0.76,1.7,17.65
ATOM,1814.0,H,ASP,116.0,14.849,-5.182,21.916,0.31,0.2245,0.0
ATOM,1815.0,HA,ASP,116.0,17.481,-5.626,23.109,0.09,1.32,6.85
ATOM,1816.0,HB2,ASP,116.0,16.51,-3.232,21.8,0.09,1.32,0.0
ATOM,1817.0,HB3,ASP,116.0,18.066,-3.485,22.224,0.09,1.32,9.72
ATOM,1818.0,N,SER,117.0,15.557,-3.387,24.436,-0.47,1.85,0.0
ATOM,1819.0,CA,SER,117.0,15.301,-2.602,25.654,0.07,2.275,0.0
ATOM,1820.0,C,SER,117.0,13.804,-2.363,25.942,0.51,2.0,0.0
ATOM,1821.0,O,SER,117.0,12.935,-2.864,25.225,-0.51,1.7,0.0
ATOM,1822.0,CB,SER,117.0,16.04,-1.253,25.577,0.05,2.175,6.2
ATOM,1823.0,OG,SER,117.0,15.652,-0.504,24.434,-0.66,1.77,9.74
ATOM,1824.0,H,SER,117.0,14.915,-3.386,23.616,0.31,0.2245,0.0
ATOM,1825.0,HA,SER,117.0,15.684,-3.116,26.441,0.09,1.32,0.0
ATOM,1826.0,HB2,SER,117.0,15.828,-0.728,26.397,0.09,1.32,0.0
ATOM,1827.0,HB3,SER,117.0,17.02,-1.431,25.531,0.09,1.32,5.55
ATOM,1828.0,HG,SER,117.0,15.24,-1.116,23.761,0.43,0.2245,0.0
ATOM,1829.0,N,TYR,118.0,13.514,-1.624,27.016,-0.47,1.85,0.0
ATOM,1830.0,CA,TYR,118.0,12.137,-1.292,27.395,0.07,2.275,0.0
ATOM,1831.0,C,TYR,118.0,12.066,0.178,27.787,0.51,2.0,0.0
ATOM,1832.0,O,TYR,118.0,12.953,0.672,28.475,-0.51,1.7,0.0
ATOM,1833.0,CB,TYR,118.0,11.687,-2.103,28.608,-0.18,2.175,0.0
ATOM,1834.0,CG,TYR,118.0,11.643,-3.593,28.411,0.0,1.9924,0.0
ATOM,1835.0,CD1,TYR,118.0,10.543,-4.201,27.815,-0.115,1.9924,0.0
ATOM,1836.0,CD2,TYR,118.0,12.687,-4.405,28.851,-0.115,1.9924,0.0
ATOM,1837.0,CE1,TYR,118.0,10.481,-5.581,27.663,-0.115,1.9924,0.0
ATOM,1838.0,CE2,TYR,118.0,12.636,-5.788,28.699,-0.115,1.9924,0.0
ATOM,1839.0,CZ,TYR,118.0,11.53,-6.364,28.107,0.11,1.9924,0.0
ATOM,1840.0,OH,TYR,118.0,11.467,-7.727,27.965,-0.54,1.77,0.0
ATOM,1841.0,H,TYR,118.0,14.345,-1.306,27.558,0.31,0.2245,0.0
ATOM,1842.0,HA,TYR,118.0,11.55,-1.434,26.598,0.09,1.32,0.0
ATOM,1843.0,HB2,TYR,118.0,12.316,-1.904,29.366,0.09,1.32,0.0
ATOM,1844.0,HB3,TYR,118.0,10.766,-1.793,28.865,0.09,1.32,0.0
ATOM,1845.0,HD1,TYR,118.0,9.782,-3.638,27.49,0.115,1.3582,0.0
ATOM,1846.0,HD2,TYR,118.0,13.485,-3.989,29.281,0.115,1.3582,0.0
ATOM,1847.0,HE1,TYR,118.0,9.681,-6.003,27.233,0.115,1.3582,0.0
ATOM,1848.0,HE2,TYR,118.0,13.394,-6.355,29.017,0.115,1.3582,0.0
ATOM,1849.0,HH,TYR,118.0,12.388,-8.108,28.029,0.43,0.2245,0.87
ATOM,1850.0,N,ARG,119.0,11.039,0.89,27.336,-0.47,1.85,0.0
ATOM,1851.0,CA,ARG,119.0,10.884,2.289,27.724,0.07,2.275,0.0
ATOM,1852.0,C,ARG,119.0,9.736,2.422,28.736,0.51,2.0,0.0
ATOM,1853.0,O,ARG,119.0,8.548,2.277,28.4,-0.51,1.7,1.13
ATOM,1854.0,CB,ARG,119.0,10.682,3.201,26.511,-0.18,2.175,0.0
ATOM,1855.0,CG,ARG,119.0,11.915,4.045,26.2,-0.18,2.175,0.0
ATOM,1856.0,CD,ARG,119.0,11.602,5.228,25.281,0.2,2.175,10.32
ATOM,1857.0,NE,ARG,119.0,11.601,4.861,23.865,-0.7,1.85,4.48
ATOM,1858.0,CZ,ARG,119.0,12.7,4.623,23.151,0.64,2.0,1.66
ATOM,1859.0,NH1,ARG,119.0,13.9,4.71,23.716,-0.8,1.85,14.09
ATOM,1860.0,NH2,ARG,119.0,12.598,4.308,21.865,-0.8,1.85,14.9
ATOM,1861.0,H,ARG,119.0,10.389,0.389,26.715,0.31,0.2245,0.0
ATOM,1862.0,HA,ARG,119.0,11.728,2.603,28.16,0.09,1.32,0.0
ATOM,1863.0,HB2,ARG,119.0,10.491,2.635,25.723,0.09,1.32,0.0
ATOM,1864.0,HB3,ARG,119.0,9.931,3.815,26.703,0.09,1.32,1.7
ATOM,1865.0,HG2,ARG,119.0,12.293,4.408,27.051,0.09,1.32,0.0
ATOM,1866.0,HG3,ARG,119.0,12.601,3.477,25.746,0.09,1.32,0.0
ATOM,1867.0,HD2,ARG,119.0,10.702,5.58,25.532,0.09,1.32,6.62
ATOM,1868.0,HD3,ARG,119.0,12.295,5.929,25.441,0.09,1.32,3.85
ATOM,1869.0,HE,ARG,119.0,10.712,4.783,23.4,0.44,0.2245,3.83
ATOM,1870.0,HH11,ARG,119.0,13.996,4.934,24.682,0.46,0.2245,1.87
ATOM,1871.0,HH12,ARG,119.0,14.723,4.547,23.161,0.46,0.2245,17.59
ATOM,1872.0,HH21,ARG,119.0,11.691,4.232,21.444,0.46,0.2245,0.34
ATOM,1873.0,HH22,ARG,119.0,13.418,4.146,21.32,0.46,0.2245,12.21
ATOM,1874.0,N,VAL,120.0,10.124,2.617,29.996,-0.47,1.85,0.0
ATOM,1875.0,CA,VAL,120.0,9.197,2.762,31.113,0.07,2.275,0.0
ATOM,1876.0,C,VAL,120.0,8.925,4.226,31.395,0.51,2.0,0.0
ATOM,1877.0,O,VAL,120.0,9.783,4.928,31.927,-0.51,1.7,0.0
ATOM,1878.0,CB,VAL,120.0,9.778,2.143,32.408,-0.09,2.275,0.0
ATOM,1879.0,CG1,VAL,120.0,8.762,2.223,33.523,-0.27,2.06,0.0
ATOM,1880.0,CG2,VAL,120.0,10.193,0.703,32.174,-0.27,2.06,0.0
ATOM,1881.0,H,VAL,120.0,11.168,2.658,30.117,0.31,0.2245,0.0
ATOM,1882.0,HA,VAL,120.0,8.328,2.325,30.855,0.09,1.32,0.0
ATOM,1883.0,HB,VAL,120.0,10.559,2.696,32.676,0.09,1.32,0.0
ATOM,1884.0,HG11,VAL,120.0,9.221,2.129,34.408,0.09,1.32,0.0
ATOM,1885.0,HG12,VAL,120.0,8.291,3.106,33.49,0.09,1.32,0.0
ATOM,1886.0,HG13,VAL,120.0,8.089,1.488,33.422,0.09,1.32,0.0
ATOM,1887.0,HG21,VAL,120.0,10.796,0.406,32.915,0.09,1.32,0.0
ATOM,1888.0,HG22,VAL,120.0,9.379,0.122,32.152,0.09,1.32,0.0
ATOM,1889.0,HG23,VAL,120.0,10.677,0.634,31.301,0.09,1.32,0.0
ATOM,1890.0,N,SER,121.0,7.74,4.693,31.028,-0.47,1.85,0.0
ATOM,1891.0,CA,SER,121.0,7.381,6.078,31.304,0.07,2.275,0.0
ATOM,1892.0,C,SER,121.0,6.412,6.156,32.501,0.51,2.0,0.0
ATOM,1893.0,O,SER,121.0,5.717,5.189,32.814,-0.51,1.7,0.0
ATOM,1894.0,CB,SER,121.0,6.764,6.733,30.066,0.05,2.175,9.84
ATOM,1895.0,OG,SER,121.0,5.474,6.214,29.789,-0.66,1.77,9.51
ATOM,1896.0,H,SER,121.0,7.124,4.021,30.552,0.31,0.2245,0.0
ATOM,1897.0,HA,SER,121.0,8.213,6.577,31.558,0.09,1.32,0.0
ATOM,1898.0,HB2,SER,121.0,6.691,7.715,30.225,0.09,1.32,0.0
ATOM,1899.0,HB3,SER,121.0,7.357,6.56,29.283,0.09,1.32,4.1
ATOM,1900.0,HG,SER,121.0,5.443,5.248,30.04,0.43,0.2245,0.06
ATOM,1901.0,N,TYR,122.0,6.415,7.279,33.209,-0.47,1.85,0.09
ATOM,1902.0,CA,TYR,122.0,5.51,7.44,34.339,0.07,2.275,0.97
ATOM,1903.0,C,TYR,122.0,5.18,8.905,34.574,0.51,2.0,0.0
ATOM,1904.0,O,TYR,122.0,6.055,9.772,34.503,-0.51,1.7,0.62
ATOM,1905.0,CB,TYR,122.0,6.062,6.779,35.62,-0.18,2.175,0.0
ATOM,1906.0,CG,TYR,122.0,7.309,7.413,36.184,0.0,1.9924,0.0
ATOM,1907.0,CD1,TYR,122.0,7.242,8.613,36.9,-0.115,1.9924,0.48
ATOM,1908.0,CD2,TYR,122.0,8.564,6.844,35.959,-0.115,1.9924,0.0
ATOM,1909.0,CE1,TYR,122.0,8.39,9.232,37.368,-0.115,1.9924,0.81
ATOM,1910.0,CE2,TYR,122.0,9.725,7.459,36.425,-0.115,1.9924,0.0
ATOM,1911.0,CZ,TYR,122.0,9.628,8.652,37.124,0.11,1.9924,0.0
ATOM,1912.0,OH,TYR,122.0,10.762,9.286,37.562,-0.54,1.77,12.11
ATOM,1913.0,H,TYR,122.0,7.087,7.996,32.9,0.31,0.2245,0.0
ATOM,1914.0,HA,TYR,122.0,4.651,6.954,34.129,0.09,1.32,0.0
ATOM,1915.0,HB2,TYR,122.0,5.344,6.817,36.317,0.09,1.32,0.0
ATOM,1916.0,HB3,TYR,122.0,6.263,5.821,35.407,0.09,1.32,0.0
ATOM,1917.0,HD1,TYR,122.0,6.349,9.03,37.075,0.115,1.3582,0.0
ATOM,1918.0,HD2,TYR,122.0,8.631,5.985,35.459,0.115,1.3582,0.0
ATOM,1919.0,HE1,TYR,122.0,8.33,10.09,37.879,0.115,1.3582,7.54
ATOM,1920.0,HE2,TYR,122.0,10.615,7.044,36.256,0.115,1.3582,0.47
ATOM,1921.0,HH,TYR,122.0,10.892,9.096,38.534,0.43,0.2245,1.59
ATOM,1922.0,N,VAL,123.0,3.904,9.175,34.831,-0.47,1.85,0.0
ATOM,1923.0,CA,VAL,123.0,3.45,10.539,35.074,0.07,2.275,0.0
ATOM,1924.0,C,VAL,123.0,2.191,10.516,35.952,0.51,2.0,0.0
ATOM,1925.0,O,VAL,123.0,1.423,9.543,35.924,-0.51,1.7,0.0
ATOM,1926.0,CB,VAL,123.0,3.158,11.261,33.724,-0.09,2.275,0.06
ATOM,1927.0,CG1,VAL,123.0,1.827,10.789,33.128,-0.27,2.06,15.0
ATOM,1928.0,CG2,VAL,123.0,3.207,12.782,33.885,-0.27,2.06,2.66
ATOM,1929.0,H,VAL,123.0,3.276,8.35,34.843,0.31,0.2245,0.0
ATOM,1930.0,HA,VAL,123.0,4.164,11.025,35.579,0.09,1.32,0.87
ATOM,1931.0,HB,VAL,123.0,3.872,10.998,33.085,0.09,1.32,0.0
ATOM,1932.0,HG11,VAL,123.0,2.003,10.301,32.275,0.09,1.32,5.9
ATOM,1933.0,HG12,VAL,123.0,1.374,10.18,33.776,0.09,1.32,0.0
ATOM,1934.0,HG13,VAL,123.0,1.248,11.582,32.949,0.09,1.32,1.51
ATOM,1935.0,HG21,VAL,123.0,3.814,13.164,33.19,0.09,1.32,0.0
ATOM,1936.0,HG22,VAL,123.0,2.286,13.151,33.772,0.09,1.32,0.0
ATOM,1937.0,HG23,VAL,123.0,3.552,13.002,34.795,0.09,1.32,0.0
ATOM,1938.0,N,PRO,124.0,2.011,11.543,36.81,-0.29,1.85,0.0
ATOM,1939.0,CA,PRO,124.0,0.825,11.59,37.677,0.02,2.275,0.0
ATOM,1940.0,C,PRO,124.0,-0.444,11.818,36.872,0.51,2.0,0.0
ATOM,1941.0,O,PRO,124.0,-0.47,12.636,35.949,-0.51,1.7,0.39
ATOM,1942.0,CB,PRO,124.0,1.12,12.769,38.608,-0.18,2.175,3.96
ATOM,1943.0,CG,PRO,124.0,2.02,13.649,37.767,-0.18,2.175,10.84
ATOM,1944.0,CD,PRO,124.0,2.945,12.632,37.151,0.0,2.175,10.75
ATOM,1945.0,HA,PRO,124.0,0.756,10.747,38.227,0.09,1.32,0.0
ATOM,1946.0,HB2,PRO,124.0,0.285,13.252,38.848,0.09,1.32,0.0
ATOM,1947.0,HB3,PRO,124.0,1.593,12.467,39.428,0.09,1.32,0.09
ATOM,1948.0,HG2,PRO,124.0,1.492,14.119,37.078,0.09,1.32,0.0
ATOM,1949.0,HG3,PRO,124.0,2.513,14.282,38.342,0.09,1.32,11.28
ATOM,1950.0,HD2,PRO,124.0,3.384,12.986,36.333,0.09,1.32,0.0
ATOM,1951.0,HD3,PRO,124.0,3.628,12.318,37.802,0.09,1.32,0.0
ATOM,1952.0,N,ILE,125.0,-1.486,11.078,37.239,-0.47,1.85,0.0
ATOM,1953.0,CA,ILE,125.0,-2.8,11.129,36.594,0.07,2.275,0.6
ATOM,1954.0,C,ILE,125.0,-3.294,12.519,36.214,0.51,2.0,0.0
ATOM,1955.0,O,ILE,125.0,-3.992,12.673,35.21,-0.51,1.7,21.24
ATOM,1956.0,CB,ILE,125.0,-3.856,10.472,37.499,-0.09,2.275,0.8
ATOM,1957.0,CG1,ILE,125.0,-3.526,8.998,37.68,-0.18,2.175,0.13
ATOM,1958.0,CG2,ILE,125.0,-5.262,10.644,36.92,-0.27,2.06,31.72
ATOM,1959.0,CD1,ILE,125.0,-3.58,8.209,36.41,-0.27,2.06,1.38
ATOM,1960.0,H,ILE,125.0,-1.284,10.436,38.052,0.31,0.2245,0.0
ATOM,1961.0,HA,ILE,125.0,-2.704,10.606,35.722,0.09,1.32,0.88
ATOM,1962.0,HB,ILE,125.0,-3.814,10.912,38.387,0.09,1.32,3.21
ATOM,1963.0,HG12,ILE,125.0,-2.609,8.926,38.075,0.09,1.32,0.0
ATOM,1964.0,HG13,ILE,125.0,-4.18,8.61,38.333,0.09,1.32,2.57
ATOM,1965.0,HG21,ILE,125.0,-5.927,10.237,37.542,0.09,1.32,10.64
ATOM,1966.0,HG22,ILE,125.0,-5.456,11.616,36.81,0.09,1.32,3.24
ATOM,1967.0,HG23,ILE,125.0,-5.311,10.19,36.034,0.09,1.32,4.94
ATOM,1968.0,HD11,ILE,125.0,-2.922,8.58,35.752,0.09,1.32,0.0
ATOM,1969.0,HD12,ILE,125.0,-3.354,7.251,36.595,0.09,1.32,0.0
ATOM,1970.0,HD13,ILE,125.0,-4.501,8.259,36.018,0.09,1.32,5.47
ATOM,1971.0,N,THR,126.0,-2.958,13.517,37.031,-0.47,1.85,0.0
ATOM,1972.0,CA,THR,126.0,-3.377,14.897,36.788,0.07,2.275,1.82
ATOM,1973.0,C,THR,126.0,-2.657,15.496,35.579,0.51,2.0,0.99
ATOM,1974.0,O,THR,126.0,-2.934,16.623,35.182,-0.51,1.7,29.61
ATOM,1975.0,CB,THR,126.0,-3.141,15.783,38.033,0.14,2.275,6.73
ATOM,1976.0,OG1,THR,126.0,-1.781,16.236,38.061,-0.66,1.77,19.14
ATOM,1977.0,CG2,THR,126.0,-3.414,14.989,39.303,-0.27,2.06,33.01
ATOM,1978.0,H,THR,126.0,-2.378,13.232,37.847,0.31,0.2245,0.0
ATOM,1979.0,HA,THR,126.0,-4.367,14.902,36.599,0.09,1.32,9.45
ATOM,1980.0,HB,THR,126.0,-3.749,16.601,37.971,0.09,1.32,11.61
ATOM,1981.0,HG21,THR,126.0,-4.223,15.357,39.766,0.09,1.32,11.87
ATOM,1982.0,HG22,THR,126.0,-3.576,14.027,39.074,0.09,1.32,0.0
ATOM,1983.0,HG23,THR,126.0,-2.626,15.052,39.919,0.09,1.32,6.63
ATOM,1984.0,HG1,THR,126.0,-1.33,16.042,37.183,0.43,0.2245,0.27
ATOM,1985.0,N,GLY,127.0,-1.712,14.744,35.022,-0.47,1.85,0.0
ATOM,1986.0,CA,GLY,127.0,-0.983,15.198,33.851,-0.02,2.175,9.97
ATOM,1987.0,C,GLY,127.0,0.402,15.785,34.066,0.51,2.0,1.7
ATOM,1988.0,O,GLY,127.0,0.84,15.994,35.206,-0.51,1.7,10.6
ATOM,1989.0,H,GLY,127.0,-1.549,13.832,35.486,0.31,0.2245,0.0
ATOM,1990.0,HA2,GLY,127.0,-0.907,14.41,33.18,0.09,1.32,7.33
ATOM,1991.0,HA3,GLY,127.0,-1.563,15.896,33.348,0.09,1.32,8.85
ATOM,1992.0,N,GLY,128.0,1.074,16.061,32.944,-0.47,1.85,4.0
ATOM,1993.0,CA,GLY,128.0,2.416,16.626,32.948,-0.02,2.175,15.43
ATOM,1994.0,C,GLY,128.0,3.253,16.011,31.835,0.51,2.0,0.64
ATOM,1995.0,O,GLY,128.0,2.696,15.378,30.934,-0.51,1.7,16.96
ATOM,1996.0,H,GLY,128.0,0.551,15.835,32.068,0.31,0.2245,9.66
ATOM,1997.0,HA2,GLY,128.0,2.363,17.62,32.814,0.09,1.32,11.51
ATOM,1998.0,HA3,GLY,128.0,2.855,16.445,33.833,0.09,1.32,5.12
ATOM,1999.0,N,THR,129.0,4.57,16.239,31.857,-0.47,1.85,0.0
ATOM,2000.0,CA,THR,129.0,5.469,15.654,30.852,0.07,2.275,0.0
ATOM,2001.0,C,THR,129.0,6.059,14.394,31.49,0.51,2.0,0.0
ATOM,2002.0,O,THR,129.0,6.557,14.435,32.619,-0.51,1.7,5.79
ATOM,2003.0,CB,THR,129.0,6.61,16.631,30.4,0.14,2.275,2.69
ATOM,2004.0,OG1,THR,129.0,7.5,16.897,31.494,-0.66,1.77,14.69
ATOM,2005.0,CG2,THR,129.0,6.026,17.952,29.868,-0.27,2.06,40.41
ATOM,2006.0,H,THR,129.0,4.895,16.85,32.626,0.31,0.2245,8.63
ATOM,2007.0,HA,THR,129.0,4.934,15.387,30.067,0.09,1.32,1.15
ATOM,2008.0,HB,THR,129.0,7.139,16.178,29.655,0.09,1.32,8.68
ATOM,2009.0,HG21,THR,129.0,6.763,18.618,29.756,0.09,1.32,11.25
ATOM,2010.0,HG22,THR,129.0,5.585,17.788,28.986,0.09,1.32,11.34
ATOM,2011.0,HG23,THR,129.0,5.353,18.303,30.519,0.09,1.32,4.91
ATOM,2012.0,HG1,THR,129.0,8.454,16.765,31.207,0.43,0.2245,21.25
ATOM,2013.0,N,PRO,130.0,5.96,13.248,30.795,-0.29,1.85,0.0
ATOM,2014.0,CA,PRO,130.0,6.462,11.961,31.274,0.02,2.275,0.0
ATOM,2015.0,C,PRO,130.0,7.902,11.939,31.727,0.51,2.0,0.0
ATOM,2016.0,O,PRO,130.0,8.684,12.833,31.426,-0.51,1.7,13.87
ATOM,2017.0,CB,PRO,130.0,6.251,11.047,30.073,-0.18,2.175,4.89
ATOM,2018.0,CG,PRO,130.0,5.02,11.591,29.458,-0.18,2.175,20.73
ATOM,2019.0,CD,PRO,130.0,5.301,13.081,29.489,0.0,2.175,11.68
ATOM,2020.0,HA,PRO,130.0,5.844,11.6,32.018,0.09,1.32,0.0
ATOM,2021.0,HB2,PRO,130.0,7.027,11.103,29.446,0.09,1.32,6.29
ATOM,2022.0,HB3,PRO,130.0,6.124,10.101,30.366,0.09,1.32,0.14
ATOM,2023.0,HG2,PRO,130.0,4.913,11.277,28.525,0.09,1.32,11.27
ATOM,2024.0,HG3,PRO,130.0,4.221,11.376,30.001,0.09,1.32,0.56
ATOM,2025.0,HD2,PRO,130.0,5.91,13.348,28.749,0.09,1.32,9.58
ATOM,2026.0,HD3,PRO,130.0,4.457,13.608,29.448,0.09,1.32,2.02
ATOM,2027.0,N,ASN,131.0,8.209,10.922,32.517,-0.47,1.85,0.0
ATOM,2028.0,CA,ASN,131.0,9.541,10.689,33.035,0.07,2.275,1.29
ATOM,2029.0,C,ASN,131.0,9.863,9.294,32.519,0.51,2.0,0.08
ATOM,2030.0,O,ASN,131.0,9.365,8.293,33.044,-0.51,1.7,0.0
ATOM,2031.0,CB,ASN,131.0,9.523,10.694,34.559,-0.18,2.175,0.38
ATOM,2032.0,CG,ASN,131.0,10.232,11.888,35.148,0.55,2.0,0.75
ATOM,2033.0,OD1,ASN,131.0,11.325,11.765,35.702,-0.55,1.7,31.85
ATOM,2034.0,ND2,ASN,131.0,9.622,13.057,35.017,-0.62,1.85,19.79
ATOM,2035.0,H,ASN,131.0,7.394,10.293,32.737,0.31,0.2245,0.0
ATOM,2036.0,HA,ASN,131.0,10.15,11.309,32.583,0.09,1.32,3.21
ATOM,2037.0,HB2,ASN,131.0,8.572,10.704,34.863,0.09,1.32,0.13
ATOM,2038.0,HB3,ASN,131.0,9.972,9.863,34.882,0.09,1.32,0.0
ATOM,2039.0,HD22,ASN,131.0,8.737,13.114,34.553,0.3,0.2245,2.25
ATOM,2040.0,HD21,ASN,131.0,10.045,13.888,35.382,0.32,0.2245,21.66
ATOM,2041.0,N,VAL,132.0,10.643,9.239,31.447,-0.47,1.85,0.37
ATOM,2042.0,CA,VAL,132.0,11.005,7.978,30.819,0.07,2.275,0.0
ATOM,2043.0,C,VAL,132.0,12.339,7.423,31.3,0.51,2.0,0.0
ATOM,2044.0,O,VAL,132.0,13.309,8.161,31.435,-0.51,1.7,20.01
ATOM,2045.0,CB,VAL,132.0,10.983,8.124,29.268,-0.09,2.275,1.82
ATOM,2046.0,CG1,VAL,132.0,11.632,9.425,28.85,-0.27,2.06,31.52
ATOM,2047.0,CG2,VAL,132.0,11.676,6.958,28.604,-0.27,2.06,3.85
ATOM,2048.0,H,VAL,132.0,10.969,10.166,31.099,0.31,0.2245,3.23
ATOM,2049.0,HA,VAL,132.0,10.285,7.295,31.045,0.09,1.32,0.0
ATOM,2050.0,HB,VAL,132.0,10.029,8.163,28.991,0.09,1.32,2.57
ATOM,2051.0,HG11,VAL,132.0,12.626,9.354,28.948,0.09,1.32,6.42
ATOM,2052.0,HG12,VAL,132.0,11.409,9.623,27.894,0.09,1.32,11.08
ATOM,2053.0,HG13,VAL,132.0,11.297,10.171,29.427,0.09,1.32,1.46
ATOM,2054.0,HG21,VAL,132.0,12.487,6.703,29.134,0.09,1.32,0.01
ATOM,2055.0,HG22,VAL,132.0,11.05,6.177,28.558,0.09,1.32,0.0
ATOM,2056.0,HG23,VAL,132.0,11.954,7.216,27.677,0.09,1.32,1.69
ATOM,2057.0,N,VAL,133.0,12.365,6.128,31.605,-0.47,1.85,0.0
ATOM,2058.0,CA,VAL,133.0,13.58,5.453,32.053,0.07,2.275,0.0
ATOM,2059.0,C,VAL,133.0,13.802,4.234,31.174,0.51,2.0,0.0
ATOM,2060.0,O,VAL,133.0,12.886,3.447,30.967,-0.51,1.7,0.0
ATOM,2061.0,CB,VAL,133.0,13.494,5.024,33.541,-0.09,2.275,0.0
ATOM,2062.0,CG1,VAL,133.0,14.431,3.834,33.822,-0.27,2.06,9.19
ATOM,2063.0,CG2,VAL,133.0,13.884,6.205,34.438,-0.27,2.06,22.86
ATOM,2064.0,H,VAL,133.0,11.449,5.64,31.497,0.31,0.2245,0.0
ATOM,2065.0,HA,VAL,133.0,14.348,6.075,31.923,0.09,1.32,2.02
ATOM,2066.0,HB,VAL,133.0,12.569,4.705,33.711,0.09,1.32,0.0
ATOM,2067.0,HG11,VAL,133.0,13.956,2.987,33.598,0.09,1.32,0.0
ATOM,2068.0,HG12,VAL,133.0,15.249,3.925,33.259,0.09,1.32,1.41
ATOM,2069.0,HG13,VAL,133.0,14.681,3.838,34.787,0.09,1.32,4.62
ATOM,2070.0,HG21,VAL,133.0,13.818,5.923,35.393,0.09,1.32,5.05
ATOM,2071.0,HG22,VAL,133.0,14.821,6.477,34.227,0.09,1.32,9.61
ATOM,2072.0,HG23,VAL,133.0,13.261,6.964,34.263,0.09,1.32,1.16
ATOM,2073.0,N,THR,134.0,15.011,4.084,30.642,-0.47,1.85,0.0
ATOM,2074.0,CA,THR,134.0,15.295,2.946,29.78,0.07,2.275,0.0
ATOM,2075.0,C,THR,134.0,16.059,1.882,30.566,0.51,2.0,0.33
ATOM,2076.0,O,THR,134.0,16.882,2.196,31.422,-0.51,1.7,18.85
ATOM,2077.0,CB,THR,134.0,16.055,3.37,28.481,0.14,2.275,7.1
ATOM,2078.0,OG1,THR,134.0,15.503,4.593,27.969,-0.66,1.77,15.58
ATOM,2079.0,CG2,THR,134.0,15.863,2.331,27.403,-0.27,2.06,9.77
ATOM,2080.0,H,THR,134.0,15.696,4.812,30.884,0.31,0.2245,9.65
ATOM,2081.0,HA,THR,134.0,14.427,2.548,29.475,0.09,1.32,0.0
ATOM,2082.0,HB,THR,134.0,17.031,3.533,28.721,0.09,1.32,10.24
ATOM,2083.0,HG21,THR,134.0,16.747,1.927,27.15,0.09,1.32,8.21
ATOM,2084.0,HG22,THR,134.0,15.256,1.601,27.73,0.09,1.32,0.0
ATOM,2085.0,HG23,THR,134.0,15.454,2.75,26.587,0.09,1.32,0.0
ATOM,2086.0,HG1,THR,134.0,14.751,4.908,28.557,0.43,0.2245,0.7
ATOM,2087.0,N,VAL,135.0,15.718,0.623,30.323,-0.47,1.85,0.0
ATOM,2088.0,CA,VAL,135.0,16.359,-0.479,31.006,0.07,2.275,1.48
ATOM,2089.0,C,VAL,135.0,16.617,-1.593,29.997,0.51,2.0,0.23
ATOM,2090.0,O,VAL,135.0,15.784,-1.846,29.128,-0.51,1.7,0.0
ATOM,2091.0,CB,VAL,135.0,15.493,-0.959,32.201,-0.09,2.275,0.0
ATOM,2092.0,CG1,VAL,135.0,14.855,-2.325,31.924,-0.27,2.06,0.0
ATOM,2093.0,CG2,VAL,135.0,16.328,-0.964,33.479,-0.27,2.06,6.26
ATOM,2094.0,H,VAL,135.0,14.966,0.505,29.614,0.31,0.2245,0.0
ATOM,2095.0,HA,VAL,135.0,17.243,-0.169,31.353,0.09,1.32,2.34
ATOM,2096.0,HB,VAL,135.0,14.746,-0.308,32.312,0.09,1.32,0.0
ATOM,2097.0,HG11,VAL,135.0,13.862,-2.242,31.981,0.09,1.32,0.0
ATOM,2098.0,HG12,VAL,135.0,15.115,-2.63,31.01,0.09,1.32,0.0
ATOM,2099.0,HG13,VAL,135.0,15.178,-2.982,32.603,0.09,1.32,0.0
ATOM,2100.0,HG21,VAL,135.0,16.148,-1.806,33.985,0.09,1.32,0.0
ATOM,2101.0,HG22,VAL,135.0,17.296,-0.915,33.238,0.09,1.32,3.46
ATOM,2102.0,HG23,VAL,135.0,16.078,-0.174,34.037,0.09,1.32,0.77
ATOM,2103.0,N,ASP,136.0,17.773,-2.246,30.126,-0.47,1.85,3.3
ATOM,2104.0,CA,ASP,136.0,18.206,-3.314,29.223,0.07,2.275,1.56
ATOM,2105.0,C,ASP,136.0,17.248,-4.503,29.084,0.51,2.0,0.0
ATOM,2106.0,O,ASP,136.0,16.593,-4.909,30.043,-0.51,1.7,0.0
ATOM,2107.0,CB,ASP,136.0,19.607,-3.792,29.612,-0.28,2.175,10.33
ATOM,2108.0,CG,ASP,136.0,20.343,-4.439,28.451,0.62,2.0,3.16
ATOM,2109.0,OD1,ASP,136.0,20.763,-3.705,27.525,-0.76,1.7,35.09
ATOM,2110.0,OD2,ASP,136.0,20.498,-5.681,28.468,-0.76,1.7,23.27
ATOM,2111.0,H,ASP,136.0,18.354,-1.925,30.941,0.31,0.2245,4.22
ATOM,2112.0,HA,ASP,136.0,18.294,-2.898,28.291,0.09,1.32,0.78
ATOM,2113.0,HB2,ASP,136.0,20.126,-3.004,29.919,0.09,1.32,9.05
ATOM,2114.0,HB3,ASP,136.0,19.514,-4.457,30.341,0.09,1.32,0.05
ATOM,2115.0,N,GLY,137.0,17.234,-5.081,27.885,-0.47,1.85,0.0
ATOM,2116.0,CA,GLY,137.0,16.358,-6.192,27.558,-0.02,2.175,2.44
ATOM,2117.0,C,GLY,137.0,16.347,-7.448,28.404,0.51,2.0,1.39
ATOM,2118.0,O,GLY,137.0,15.337,-8.154,28.433,-0.51,1.7,9.27
ATOM,2119.0,H,GLY,137.0,17.909,-4.664,27.202,0.31,0.2245,0.0
ATOM,2120.0,HA2,GLY,137.0,15.373,-5.825,27.5,0.09,1.32,0.0
ATOM,2121.0,HA3,GLY,137.0,16.541,-6.469,26.559,0.09,1.32,0.47
ATOM,2122.0,N,SER,138.0,17.464,-7.766,29.047,-0.47,1.85,2.62
ATOM,2123.0,CA,SER,138.0,17.535,-8.956,29.892,0.07,2.275,4.13
ATOM,2124.0,C,SER,138.0,16.833,-8.701,31.22,0.51,2.0,0.32
ATOM,2125.0,O,SER,138.0,16.379,-9.64,31.882,-0.51,1.7,24.04
ATOM,2126.0,CB,SER,138.0,18.988,-9.334,30.149,0.05,2.175,26.32
ATOM,2127.0,OG,SER,138.0,19.692,-8.222,30.673,-0.66,1.77,16.75
ATOM,2128.0,H,SER,138.0,18.256,-7.118,28.903,0.31,0.2245,0.0
ATOM,2129.0,HA,SER,138.0,17.051,-9.7,29.424,0.09,1.32,8.97
ATOM,2130.0,HB2,SER,138.0,19.018,-10.075,30.807,0.09,1.32,9.15
ATOM,2131.0,HB3,SER,138.0,19.407,-9.607,29.292,0.09,1.32,10.97
ATOM,2132.0,HG,SER,138.0,19.895,-7.578,29.936,0.43,0.2245,1.13
ATOM,2133.0,N,LYS,139.0,16.76,-7.421,31.593,-0.47,1.85,0.0
ATOM,2134.0,CA,LYS,139.0,16.124,-6.979,32.834,0.07,2.275,0.36
ATOM,2135.0,C,LYS,139.0,14.612,-7.075,32.722,0.51,2.0,0.0
ATOM,2136.0,O,LYS,139.0,14.033,-6.757,31.68,-0.51,1.7,0.34
ATOM,2137.0,CB,LYS,139.0,16.528,-5.54,33.175,-0.18,2.175,0.0
ATOM,2138.0,CG,LYS,139.0,18.035,-5.314,33.222,-0.18,2.175,4.26
ATOM,2139.0,CD,LYS,139.0,18.382,-4.031,33.96,-0.18,2.175,4.28
ATOM,2140.0,CE,LYS,139.0,18.065,-4.152,35.454,0.21,2.175,11.82
ATOM,2141.0,NZ,LYS,139.0,18.397,-2.927,36.252,-0.3,1.85,11.45
ATOM,2142.0,H,LYS,139.0,17.202,-6.754,30.914,0.31,0.2245,0.0
ATOM,2143.0,HA,LYS,139.0,16.433,-7.572,33.585,0.09,1.32,6.34
ATOM,2144.0,HB2,LYS,139.0,16.142,-4.936,32.482,0.09,1.32,0.0
ATOM,2145.0,HB3,LYS,139.0,16.149,-5.314,34.07,0.09,1.32,0.0
ATOM,2146.0,HG2,LYS,139.0,18.464,-6.085,33.692,0.09,1.32,7.01
ATOM,2147.0,HG3,LYS,139.0,18.385,-5.256,32.288,0.09,1.32,0.0
ATOM,2148.0,HD2,LYS,139.0,19.353,-3.851,33.861,0.09,1.32,9.84
ATOM,2149.0,HD3,LYS,139.0,17.845,-3.285,33.587,0.09,1.32,0.0
ATOM,2150.0,HE2,LYS,139.0,17.08,-4.353,35.559,0.05,1.32,0.02
ATOM,2151.0,HE3,LYS,139.0,18.58,-4.936,35.831,0.05,1.32,10.52
ATOM,2152.0,HZ1,LYS,139.0,18.162,-2.117,35.719,0.33,0.2245,4.86
ATOM,2153.0,HZ2,LYS,139.0,17.872,-2.939,37.101,0.33,0.2245,11.39
ATOM,2154.0,HZ3,LYS,139.0,19.374,-2.926,36.457,0.33,0.2245,19.84
ATOM,2155.0,N,THR,140.0,13.979,-7.501,33.812,-0.47,1.85,0.0
ATOM,2156.0,CA,THR,140.0,12.533,-7.673,33.855,0.07,2.275,0.0
ATOM,2157.0,C,THR,140.0,11.87,-6.785,34.913,0.51,2.0,0.0
ATOM,2158.0,O,THR,140.0,10.673,-6.913,35.184,-0.51,1.7,0.0
ATOM,2159.0,CB,THR,140.0,12.194,-9.16,34.101,0.14,2.275,1.91
ATOM,2160.0,OG1,THR,140.0,10.782,-9.334,34.258,-0.66,1.77,6.61
ATOM,2161.0,CG2,THR,140.0,12.904,-9.668,35.342,-0.27,2.06,26.01
ATOM,2162.0,H,THR,140.0,14.603,-7.699,34.624,0.31,0.2245,3.03
ATOM,2163.0,HA,THR,140.0,12.151,-7.421,32.952,0.09,1.32,0.0
ATOM,2164.0,HB,THR,140.0,12.495,-9.703,33.287,0.09,1.32,2.43
ATOM,2165.0,HG21,THR,140.0,13.099,-8.904,35.962,0.09,1.32,0.0
ATOM,2166.0,HG22,THR,140.0,12.326,-10.335,35.818,0.09,1.32,9.35
ATOM,2167.0,HG23,THR,140.0,13.768,-10.109,35.086,0.09,1.32,7.69
ATOM,2168.0,HG1,THR,140.0,10.36,-9.587,33.38,0.43,0.2245,0.0
ATOM,2169.0,N,ARG,141.0,12.64,-5.856,35.48,-0.47,1.85,0.0
ATOM,2170.0,CA,ARG,141.0,12.121,-4.948,36.508,0.07,2.275,0.0
ATOM,2171.0,C,ARG,141.0,13.016,-3.74,36.749,0.51,2.0,0.0
ATOM,2172.0,O,ARG,141.0,14.189,-3.734,36.374,-0.51,1.7,0.21
ATOM,2173.0,CB,ARG,141.0,11.932,-5.685,37.845,-0.18,2.175,0.0
ATOM,2174.0,CG,ARG,141.0,13.226,-6.128,38.536,-0.18,2.175,8.89
ATOM,2175.0,CD,ARG,141.0,12.947,-6.782,39.878,0.2,2.175,13.13
ATOM,2176.0,NE,ARG,141.0,11.991,-7.885,39.762,-0.7,1.85,4.48
ATOM,2177.0,CZ,ARG,141.0,11.243,-8.341,40.766,0.64,2.0,2.01
ATOM,2178.0,NH1,ARG,141.0,11.341,-7.792,41.969,-0.8,1.85,14.79
ATOM,2179.0,NH2,ARG,141.0,10.373,-9.325,40.562,-0.8,1.85,21.09
ATOM,2180.0,H,ARG,141.0,13.618,-5.831,35.138,0.31,0.2245,0.0
ATOM,2181.0,HA,ARG,141.0,11.206,-4.62,36.213,0.09,1.32,0.0
ATOM,2182.0,HB2,ARG,141.0,11.445,-5.076,38.469,0.09,1.32,0.0
ATOM,2183.0,HB3,ARG,141.0,11.382,-6.501,37.675,0.09,1.32,0.0
ATOM,2184.0,HG2,ARG,141.0,13.697,-6.787,37.957,0.09,1.32,2.54
ATOM,2185.0,HG3,ARG,141.0,13.803,-5.331,38.689,0.09,1.32,4.56
ATOM,2186.0,HD2,ARG,141.0,13.807,-7.131,40.239,0.09,1.32,11.52
ATOM,2187.0,HD3,ARG,141.0,12.575,-6.089,40.49,0.09,1.32,0.0
ATOM,2188.0,HE,ARG,141.0,11.893,-8.328,38.864,0.44,0.2245,0.35
ATOM,2189.0,HH11,ARG,141.0,11.952,-7.025,42.14,0.46,0.2245,6.22
ATOM,2190.0,HH12,ARG,141.0,10.785,-8.157,42.728,0.46,0.2245,15.21
ATOM,2191.0,HH21,ARG,141.0,10.273,-9.706,39.639,0.46,0.2245,11.03
ATOM,2192.0,HH22,ARG,141.0,9.827,-9.679,41.314,0.46,0.2245,18.55
ATOM,2193.0,N,THR,142.0,12.448,-2.709,37.366,-0.47,1.85,0.0
ATOM,2194.0,CA,THR,142.0,13.214,-1.515,37.701,0.07,2.275,1.69
ATOM,2195.0,C,THR,142.0,12.62,-0.787,38.902,0.51,2.0,0.29
ATOM,2196.0,O,THR,142.0,11.476,-1.022,39.309,-0.51,1.7,0.0
ATOM,2197.0,CB,THR,142.0,13.385,-0.526,36.511,0.14,2.275,0.0
ATOM,2198.0,OG1,THR,142.0,14.564,0.27,36.715,-0.66,1.77,6.56
ATOM,2199.0,CG2,THR,142.0,12.185,0.411,36.409,-0.27,2.06,0.0
ATOM,2200.0,H,THR,142.0,11.442,-2.826,37.581,0.31,0.2245,0.0
ATOM,2201.0,HA,THR,142.0,14.156,-1.793,37.935,0.09,1.32,2.75
ATOM,2202.0,HB,THR,142.0,13.507,-1.067,35.658,0.09,1.32,0.0
ATOM,2203.0,HG21,THR,142.0,11.342,-0.126,36.339,0.09,1.32,0.0
ATOM,2204.0,HG22,THR,142.0,12.139,0.992,37.224,0.09,1.32,0.0
ATOM,2205.0,HG23,THR,142.0,12.276,0.99,35.596,0.09,1.32,0.0
ATOM,2206.0,HG1,THR,142.0,14.389,0.98,37.404,0.43,0.2245,1.58
ATOM,2207.0,N,LYS,143.0,13.435,0.1,39.456,-0.47,1.85,0.46
ATOM,2208.0,CA,LYS,143.0,13.087,0.881,40.621,0.07,2.275,0.0
ATOM,2209.0,C,LYS,143.0,12.799,2.309,40.206,0.51,2.0,0.0
ATOM,2210.0,O,LYS,143.0,13.522,2.882,39.389,-0.51,1.7,7.73
ATOM,2211.0,CB,LYS,143.0,14.266,0.851,41.607,-0.18,2.175,5.94
ATOM,2212.0,CG,LYS,143.0,15.608,1.278,40.982,-0.18,2.175,6.86
ATOM,2213.0,CD,LYS,143.0,16.799,1.131,41.929,-0.18,2.175,9.42
ATOM,2214.0,CE,LYS,143.0,17.212,-0.325,42.115,0.21,2.175,17.44
ATOM,2215.0,NZ,LYS,143.0,18.486,-0.434,42.89,-0.3,1.85,14.05
ATOM,2216.0,H,LYS,143.0,14.365,0.185,38.968,0.31,0.2245,0.0
ATOM,2217.0,HA,LYS,143.0,12.262,0.495,41.044,0.09,1.32,0.0
ATOM,2218.0,HB2,LYS,143.0,14.065,1.473,42.355,0.09,1.32,2.68
ATOM,2219.0,HB3,LYS,143.0,14.367,-0.078,41.946,0.09,1.32,2.83
ATOM,2220.0,HG2,LYS,143.0,15.773,0.715,40.164,0.09,1.32,1.79
ATOM,2221.0,HG3,LYS,143.0,15.537,2.24,40.697,0.09,1.32,2.4
ATOM,2222.0,HD2,LYS,143.0,17.572,1.634,41.551,0.09,1.32,10.44
ATOM,2223.0,HD3,LYS,143.0,16.55,1.506,42.818,0.09,1.32,7.93
ATOM,2224.0,HE2,LYS,143.0,16.487,-0.808,42.607,0.05,1.32,7.31
ATOM,2225.0,HE3,LYS,143.0,17.339,-0.744,41.216,0.05,1.32,7.11
ATOM,2226.0,HZ1,LYS,143.0,18.836,0.482,43.077,0.33,0.2245,14.99
ATOM,2227.0,HZ2,LYS,143.0,18.307,-0.909,43.75,0.33,0.2245,20.51
ATOM,2228.0,HZ3,LYS,143.0,19.154,-0.947,42.353,0.33,0.2245,20.72
ATOM,2229.0,N,LEU,144.0,11.698,2.853,40.711,-0.47,1.85,0.0
ATOM,2230.0,CA,LEU,144.0,11.346,4.235,40.425,0.07,2.275,0.0
ATOM,2231.0,C,LEU,144.0,11.661,5.013,41.702,0.51,2.0,0.0
ATOM,2232.0,O,LEU,144.0,11.448,4.505,42.81,-0.51,1.7,0.0
ATOM,2233.0,CB,LEU,144.0,9.866,4.366,40.034,-0.18,2.175,0.0
ATOM,2234.0,CG,LEU,144.0,9.381,3.682,38.746,-0.09,2.275,0.0
ATOM,2235.0,CD1,LEU,144.0,7.987,4.161,38.391,-0.27,2.06,0.33
ATOM,2236.0,CD2,LEU,144.0,10.316,4.0,37.608,-0.27,2.06,0.28
ATOM,2237.0,H,LEU,144.0,11.131,2.225,41.307,0.31,0.2245,0.0
ATOM,2238.0,HA,LEU,144.0,11.925,4.574,39.702,0.09,1.32,1.01
ATOM,2239.0,HB2,LEU,144.0,9.318,3.992,40.79,0.09,1.32,0.0
ATOM,2240.0,HB3,LEU,144.0,9.661,5.346,39.943,0.09,1.32,0.0
ATOM,2241.0,HG,LEU,144.0,9.37,2.695,38.892,0.09,1.32,0.0
ATOM,2242.0,HD11,LEU,144.0,7.997,5.152,38.25,0.09,1.32,0.0
ATOM,2243.0,HD12,LEU,144.0,7.679,3.711,37.551,0.09,1.32,0.0
ATOM,2244.0,HD13,LEU,144.0,7.355,3.94,39.135,0.09,1.32,0.0
ATOM,2245.0,HD21,LEU,144.0,11.24,3.673,37.822,0.09,1.32,0.0
ATOM,2246.0,HD22,LEU,144.0,9.998,3.553,36.768,0.09,1.32,0.0
ATOM,2247.0,HD23,LEU,144.0,10.348,4.991,37.458,0.09,1.32,0.0
ATOM,2248.0,N,VAL,145.0,12.24,6.202,41.547,-0.47,1.85,0.0
ATOM,2249.0,CA,VAL,145.0,12.601,7.04,42.689,0.07,2.275,0.0
ATOM,2250.0,C,VAL,145.0,12.096,8.451,42.511,0.51,2.0,0.0
ATOM,2251.0,O,VAL,145.0,11.621,8.815,41.435,-0.51,1.7,0.23
ATOM,2252.0,CB,VAL,145.0,14.12,7.115,42.89,-0.09,2.275,1.83
ATOM,2253.0,CG1,VAL,145.0,14.702,5.713,43.068,-0.27,2.06,17.28
ATOM,2254.0,CG2,VAL,145.0,14.775,7.862,41.72,-0.27,2.06,24.96
ATOM,2255.0,H,VAL,145.0,12.41,6.478,40.56,0.31,0.2245,2.46
ATOM,2256.0,HA,VAL,145.0,12.165,6.648,43.51,0.09,1.32,0.0
ATOM,2257.0,HB,VAL,145.0,14.294,7.607,43.736,0.09,1.32,5.37
ATOM,2258.0,HG11,VAL,145.0,15.523,5.765,43.634,0.09,1.32,11.91
ATOM,2259.0,HG12,VAL,145.0,14.025,5.128,43.512,0.09,1.32,0.05
ATOM,2260.0,HG13,VAL,145.0,14.936,5.336,42.173,0.09,1.32,2.03
ATOM,2261.0,HG21,VAL,145.0,14.539,8.829,41.781,0.09,1.32,0.0
ATOM,2262.0,HG22,VAL,145.0,15.765,7.748,41.777,0.09,1.32,9.91
ATOM,2263.0,HG23,VAL,145.0,14.436,7.481,40.863,0.09,1.32,4.83
ATOM,2264.0,N,LYS,146.0,12.268,9.26,43.55,-0.47,1.85,0.0
ATOM,2265.0,CA,LYS,146.0,11.809,10.649,43.545,0.07,2.275,1.99
ATOM,2266.0,C,LYS,146.0,10.292,10.737,43.385,0.51,2.0,0.07
ATOM,2267.0,O,LYS,146.0,9.762,11.73,42.883,-0.51,1.7,15.0
ATOM,2268.0,CB,LYS,146.0,12.488,11.471,42.447,-0.18,2.175,5.24
ATOM,2269.0,CG,LYS,146.0,13.844,12.032,42.818,-0.18,2.175,7.29
ATOM,2270.0,CD,LYS,146.0,14.185,13.223,41.92,-0.18,2.175,14.59
ATOM,2271.0,CE,LYS,146.0,15.584,13.756,42.187,0.21,2.175,23.52
ATOM,2272.0,NZ,LYS,146.0,16.615,12.722,41.889,-0.3,1.85,12.86
ATOM,2273.0,H,LYS,146.0,12.754,8.825,44.364,0.31,0.2245,5.99
ATOM,2274.0,HA,LYS,146.0,12.066,11.08,44.42,0.09,1.32,3.88
ATOM,2275.0,HB2,LYS,146.0,12.598,10.883,41.643,0.09,1.32,1.6
ATOM,2276.0,HB3,LYS,146.0,11.881,12.235,42.213,0.09,1.32,3.4
ATOM,2277.0,HG2,LYS,146.0,13.828,12.342,43.763,0.09,1.32,7.85
ATOM,2278.0,HG3,LYS,146.0,14.539,11.332,42.695,0.09,1.32,0.09
ATOM,2279.0,HD2,LYS,146.0,14.131,12.93,40.97,0.09,1.32,8.55
ATOM,2280.0,HD3,LYS,146.0,13.528,13.951,42.093,0.09,1.32,10.54
ATOM,2281.0,HE2,LYS,146.0,15.743,14.556,41.608,0.05,1.32,11.97
ATOM,2282.0,HE3,LYS,146.0,15.653,14.022,43.149,0.05,1.32,10.47
ATOM,2283.0,HZ1,LYS,146.0,17.524,13.108,42.041,0.33,0.2245,20.53
ATOM,2284.0,HZ2,LYS,146.0,16.479,11.936,42.491,0.33,0.2245,8.73
ATOM,2285.0,HZ3,LYS,146.0,16.528,12.434,40.936,0.33,0.2245,16.3
ATOM,2286.0,N,LEU,147.0,9.6,9.688,43.816,-0.47,1.85,0.0
ATOM,2287.0,CA,LEU,147.0,8.151,9.652,43.735,0.07,2.275,0.0
ATOM,2288.0,C,LEU,147.0,7.463,10.431,44.868,0.51,2.0,0.07
ATOM,2289.0,O,LEU,147.0,7.755,10.23,46.058,-0.51,1.7,0.0
ATOM,2290.0,CB,LEU,147.0,7.677,8.203,43.719,-0.18,2.175,0.0
ATOM,2291.0,CG,LEU,147.0,7.385,7.625,42.34,-0.09,2.275,0.19
ATOM,2292.0,CD1,LEU,147.0,8.379,8.126,41.301,-0.27,2.06,0.1
ATOM,2293.0,CD2,LEU,147.0,7.385,6.112,42.434,-0.27,2.06,0.0
ATOM,2294.0,H,LEU,147.0,10.175,8.917,44.206,0.31,0.2245,0.0
ATOM,2295.0,HA,LEU,147.0,7.862,10.066,42.855,0.09,1.32,0.0
ATOM,2296.0,HB2,LEU,147.0,8.388,7.644,44.133,0.09,1.32,0.0
ATOM,2297.0,HB3,LEU,147.0,6.839,8.149,44.25,0.09,1.32,0.0
ATOM,2298.0,HG,LEU,147.0,6.457,7.89,42.063,0.09,1.32,0.0
ATOM,2299.0,HD11,LEU,147.0,9.305,7.856,41.567,0.09,1.32,0.0
ATOM,2300.0,HD12,LEU,147.0,8.159,7.729,40.41,0.09,1.32,0.05
ATOM,2301.0,HD13,LEU,147.0,8.327,9.123,41.243,0.09,1.32,0.37
ATOM,2302.0,HD21,LEU,147.0,6.681,5.814,43.081,0.09,1.32,0.11
ATOM,2303.0,HD22,LEU,147.0,7.194,5.718,41.533,0.09,1.32,0.0
ATOM,2304.0,HD23,LEU,147.0,8.28,5.793,42.751,0.09,1.32,0.0
ATOM,2305.0,N,VAL,148.0,6.576,11.349,44.482,-0.47,1.85,0.0
ATOM,2306.0,CA,VAL,148.0,5.816,12.158,45.433,0.07,2.275,0.24
ATOM,2307.0,C,VAL,148.0,4.859,11.275,46.229,0.51,2.0,0.0
ATOM,2308.0,O,VAL,148.0,4.175,10.423,45.668,-0.51,1.7,0.0
ATOM,2309.0,CB,VAL,148.0,5.004,13.243,44.708,-0.09,2.275,1.2
ATOM,2310.0,CG1,VAL,148.0,3.96,13.854,45.646,-0.27,2.06,16.58
ATOM,2311.0,CG2,VAL,148.0,5.941,14.316,44.184,-0.27,2.06,33.51
ATOM,2312.0,H,VAL,148.0,6.472,11.439,43.447,0.31,0.2245,0.0
ATOM,2313.0,HA,VAL,148.0,6.463,12.573,46.078,0.09,1.32,1.19
ATOM,2314.0,HB,VAL,148.0,4.503,12.807,43.967,0.09,1.32,0.15
ATOM,2315.0,HG11,VAL,148.0,4.417,14.217,46.456,0.09,1.32,3.34
ATOM,2316.0,HG12,VAL,148.0,3.482,14.591,45.172,0.09,1.32,10.54
ATOM,2317.0,HG13,VAL,148.0,3.307,13.149,45.916,0.09,1.32,0.0
ATOM,2318.0,HG21,VAL,148.0,5.812,15.156,44.712,0.09,1.32,8.12
ATOM,2319.0,HG22,VAL,148.0,6.887,14.005,44.277,0.09,1.32,3.42
ATOM,2320.0,HG23,VAL,148.0,5.739,14.491,43.22,0.09,1.32,8.89
ATOM,2321.0,N,PRO,149.0,4.813,11.458,47.556,-0.29,1.85,0.0
ATOM,2322.0,CA,PRO,149.0,3.919,10.649,48.384,0.02,2.275,0.0
ATOM,2323.0,C,PRO,149.0,2.462,10.926,48.034,0.51,2.0,0.34
ATOM,2324.0,O,PRO,149.0,2.108,12.045,47.643,-0.51,1.7,8.5
ATOM,2325.0,CB,PRO,149.0,4.241,11.126,49.803,-0.18,2.175,13.52
ATOM,2326.0,CG,PRO,149.0,5.647,11.621,49.699,-0.18,2.175,7.84
ATOM,2327.0,CD,PRO,149.0,5.617,12.364,48.392,0.0,2.175,10.96
ATOM,2328.0,HA,PRO,149.0,4.13,9.67,48.287,0.09,1.32,0.0
ATOM,2329.0,HB2,PRO,149.0,3.621,11.861,50.078,0.09,1.32,8.92
ATOM,2330.0,HB3,PRO,149.0,4.173,10.371,50.454,0.09,1.32,2.4
ATOM,2331.0,HG2,PRO,149.0,5.862,12.23,50.451,0.09,1.32,11.19
ATOM,2332.0,HG3,PRO,149.0,6.284,10.863,49.664,0.09,1.32,0.0
ATOM,2333.0,HD2,PRO,149.0,5.17,13.246,48.484,0.09,1.32,6.08
ATOM,2334.0,HD3,PRO,149.0,6.53,12.475,48.013,0.09,1.32,0.84
ATOM,2335.0,N,GLY,150.0,1.641,9.884,48.13,-0.47,1.85,2.14
ATOM,2336.0,CA,GLY,150.0,0.226,10.007,47.848,-0.02,2.175,16.73
ATOM,2337.0,C,GLY,150.0,-0.142,10.686,46.545,0.51,2.0,2.08
ATOM,2338.0,O,GLY,150.0,-0.415,11.89,46.501,-0.51,1.7,22.91
ATOM,2339.0,H,GLY,150.0,2.098,8.997,48.419,0.31,0.2245,1.19
ATOM,2340.0,HA2,GLY,150.0,-0.202,9.068,47.866,0.09,1.32,5.36
ATOM,2341.0,HA3,GLY,150.0,-0.228,10.512,48.625,0.09,1.32,12.43
ATOM,2342.0,N,VAL,151.0,-0.108,9.913,45.471,-0.47,1.85,3.52
ATOM,2343.0,CA,VAL,151.0,-0.469,10.395,44.149,0.07,2.275,2.74
ATOM,2344.0,C,VAL,151.0,-0.466,9.202,43.221,0.51,2.0,0.54
ATOM,2345.0,O,VAL,151.0,0.373,8.313,43.349,-0.51,1.7,0.0
ATOM,2346.0,CB,VAL,151.0,0.474,11.523,43.639,-0.09,2.275,2.58
ATOM,2347.0,CG1,VAL,151.0,1.891,11.236,44.02,-0.27,2.06,0.0
ATOM,2348.0,CG2,VAL,151.0,0.374,11.675,42.122,-0.27,2.06,5.95
ATOM,2349.0,H,VAL,151.0,0.2,8.93,45.656,0.31,0.2245,0.73
ATOM,2350.0,HA,VAL,151.0,-1.394,10.758,44.189,0.09,1.32,7.5
ATOM,2351.0,HB,VAL,151.0,0.196,12.362,44.099,0.09,1.32,5.65
ATOM,2352.0,HG11,VAL,151.0,2.415,12.091,44.078,0.09,1.32,0.01
ATOM,2353.0,HG12,VAL,151.0,1.925,10.777,44.913,0.09,1.32,0.0
ATOM,2354.0,HG13,VAL,151.0,2.321,10.64,43.335,0.09,1.32,0.0
ATOM,2355.0,HG21,VAL,151.0,-0.576,11.857,41.873,0.09,1.32,2.49
ATOM,2356.0,HG22,VAL,151.0,0.952,12.435,41.831,0.09,1.32,4.79
ATOM,2357.0,HG23,VAL,151.0,0.682,10.83,41.688,0.09,1.32,0.0
ATOM,2358.0,N,ASP,152.0,-1.493,9.128,42.379,-0.47,1.85,1.02
ATOM,2359.0,CA,ASP,152.0,-1.627,8.045,41.414,0.07,2.275,0.0
ATOM,2360.0,C,ASP,152.0,-0.788,8.338,40.178,0.51,2.0,0.0
ATOM,2361.0,O,ASP,152.0,-0.887,9.421,39.581,-0.51,1.7,0.0
ATOM,2362.0,CB,ASP,152.0,-3.091,7.838,41.036,-0.28,2.175,0.41
ATOM,2363.0,CG,ASP,152.0,-3.836,6.954,42.024,0.62,2.0,1.58
ATOM,2364.0,OD1,ASP,152.0,-3.221,6.025,42.601,-0.76,1.7,7.17
ATOM,2365.0,OD2,ASP,152.0,-5.05,7.18,42.206,-0.76,1.7,45.15
ATOM,2366.0,H,ASP,152.0,-2.184,9.903,42.469,0.31,0.2245,7.77
ATOM,2367.0,HA,ASP,152.0,-1.248,7.218,41.838,0.09,1.32,0.0
ATOM,2368.0,HB2,ASP,152.0,-3.533,8.728,41.011,0.09,1.32,4.09
ATOM,2369.0,HB3,ASP,152.0,-3.122,7.409,40.14,0.09,1.32,0.0
ATOM,2370.0,N,TYR,153.0,0.032,7.359,39.803,-0.47,1.85,0.0
ATOM,2371.0,CA,TYR,153.0,0.936,7.477,38.669,0.07,2.275,0.0
ATOM,2372.0,C,TYR,153.0,0.58,6.584,37.493,0.51,2.0,0.0
ATOM,2373.0,O,TYR,153.0,0.433,5.372,37.662,-0.51,1.7,0.0
ATOM,2374.0,CB,TYR,153.0,2.355,7.134,39.129,-0.18,2.175,0.23
ATOM,2375.0,CG,TYR,153.0,3.097,8.273,39.797,0.0,1.9924,0.21
ATOM,2376.0,CD1,TYR,153.0,3.553,9.358,39.046,-0.115,1.9924,0.0
ATOM,2377.0,CD2,TYR,153.0,3.391,8.248,41.165,-0.115,1.9924,0.0
ATOM,2378.0,CE1,TYR,153.0,4.292,10.393,39.633,-0.115,1.9924,0.0
ATOM,2379.0,CE2,TYR,153.0,4.132,9.279,41.765,-0.115,1.9924,0.0
ATOM,2380.0,CZ,TYR,153.0,4.584,10.349,40.987,0.11,1.9924,0.0
ATOM,2381.0,OH,TYR,153.0,5.358,11.36,41.524,-0.54,1.77,2.88
ATOM,2382.0,H,TYR,153.0,-0.031,6.498,40.395,0.31,0.2245,0.0
ATOM,2383.0,HA,TYR,153.0,0.914,8.446,38.347,0.09,1.32,0.0
ATOM,2384.0,HB2,TYR,153.0,2.298,6.376,39.779,0.09,1.32,0.0
ATOM,2385.0,HB3,TYR,153.0,2.882,6.848,38.329,0.09,1.32,0.0
ATOM,2386.0,HD1,TYR,153.0,3.351,9.402,38.066,0.115,1.3582,0.0
ATOM,2387.0,HD2,TYR,153.0,3.071,7.491,41.724,0.115,1.3582,0.0
ATOM,2388.0,HE1,TYR,153.0,4.605,11.16,39.072,0.115,1.3582,2.23
ATOM,2389.0,HE2,TYR,153.0,4.334,9.247,42.739,0.115,1.3582,0.0
ATOM,2390.0,HH,TYR,153.0,6.1,11.572,40.892,0.43,0.2245,9.18
ATOM,2391.0,N,ASN,154.0,0.446,7.173,36.305,-0.47,1.85,0.0
ATOM,2392.0,CA,ASN,154.0,0.163,6.398,35.088,0.07,2.275,0.0
ATOM,2393.0,C,ASN,154.0,1.517,5.849,34.629,0.51,2.0,0.0
ATOM,2394.0,O,ASN,154.0,2.429,6.622,34.367,-0.51,1.7,0.14
ATOM,2395.0,CB,ASN,154.0,-0.415,7.305,34.008,-0.18,2.175,2.35
ATOM,2396.0,CG,ASN,154.0,-1.87,6.982,33.68,0.55,2.0,1.48
ATOM,2397.0,OD1,ASN,154.0,-2.662,7.862,33.333,-0.55,1.7,27.93
ATOM,2398.0,ND2,ASN,154.0,-2.235,5.71,33.826,-0.62,1.85,2.13
ATOM,2399.0,H,ASN,154.0,0.556,8.203,36.311,0.31,0.2245,0.0
ATOM,2400.0,HA,ASN,154.0,-0.387,5.626,35.355,0.09,1.32,0.0
ATOM,2401.0,HB2,ASN,154.0,-0.368,8.249,34.325,0.09,1.32,0.0
ATOM,2402.0,HB3,ASN,154.0,0.124,7.196,33.177,0.09,1.32,0.82
ATOM,2403.0,HD22,ASN,154.0,-1.57,5.032,34.141,0.3,0.2245,0.0
ATOM,2404.0,HD21,ASN,154.0,-3.173,5.432,33.622,0.32,0.2245,12.96
ATOM,2405.0,N,VAL,155.0,1.657,4.528,34.571,-0.47,1.85,0.0
ATOM,2406.0,CA,VAL,155.0,2.924,3.914,34.189,0.07,2.275,0.0
ATOM,2407.0,C,VAL,155.0,2.816,3.027,32.983,0.51,2.0,0.0
ATOM,2408.0,O,VAL,155.0,2.229,1.957,33.048,-0.51,1.7,0.0
ATOM,2409.0,CB,VAL,155.0,3.522,3.061,35.331,-0.09,2.275,0.0
ATOM,2410.0,CG1,VAL,155.0,4.77,2.311,34.855,-0.27,2.06,0.0
ATOM,2411.0,CG2,VAL,155.0,3.861,3.947,36.515,-0.27,2.06,0.0
ATOM,2412.0,H,VAL,155.0,0.808,3.987,34.815,0.31,0.2245,0.0
ATOM,2413.0,HA,VAL,155.0,3.578,4.666,33.977,0.09,1.32,0.0
ATOM,2414.0,HB,VAL,155.0,2.849,2.372,35.579,0.09,1.32,0.0
ATOM,2415.0,HG11,VAL,155.0,5.461,2.971,34.567,0.09,1.32,0.0
ATOM,2416.0,HG12,VAL,155.0,5.126,1.756,35.604,0.09,1.32,0.0
ATOM,2417.0,HG13,VAL,155.0,4.527,1.722,34.086,0.09,1.32,0.0
ATOM,2418.0,HG21,VAL,155.0,3.872,3.396,37.35,0.09,1.32,0.0
ATOM,2419.0,HG22,VAL,155.0,4.761,4.36,36.374,0.09,1.32,0.0
ATOM,2420.0,HG23,VAL,155.0,3.172,4.668,36.599,0.09,1.32,0.0
ATOM,2421.0,N,ASN,156.0,3.504,3.445,31.925,-0.47,1.85,0.0
ATOM,2422.0,CA,ASN,156.0,3.538,2.748,30.648,0.07,2.275,0.0
ATOM,2423.0,C,ASN,156.0,4.89,2.094,30.424,0.51,2.0,0.0
ATOM,2424.0,O,ASN,156.0,5.93,2.63,30.807,-0.51,1.7,0.0
ATOM,2425.0,CB,ASN,156.0,3.292,3.742,29.523,-0.18,2.175,5.34
ATOM,2426.0,CG,ASN,156.0,2.059,4.603,29.76,0.55,2.0,2.2
ATOM,2427.0,H,ASN,156.0,4.033,4.343,32.094,0.31,0.2245,0.0
ATOM,2428.0,HA,ASN,156.0,2.856,2.009,30.693,0.09,1.32,0.0
ATOM,2429.0,HB2,ASN,156.0,4.084,4.343,29.448,0.09,1.32,0.0
ATOM,2430.0,HB3,ASN,156.0,3.163,3.237,28.673,0.09,1.32,0.0
ATOM,2431.0,OD1,ASN,156.0,2.165,5.796,30.051,-0.55,1.7,18.5
ATOM,2432.0,ND2,ASN,156.0,0.881,4.006,29.617,-0.62,1.85,9.07
ATOM,2433.0,HD22,ASN,156.0,0.843,3.035,29.371,0.3,0.2245,0.5
ATOM,2434.0,HD21,ASN,156.0,0.037,4.52,29.754,0.32,0.2245,11.41
ATOM,2435.0,N,ILE,157.0,4.864,0.929,29.799,-0.47,1.85,0.0
ATOM,2436.0,CA,ILE,157.0,6.078,0.187,29.48,0.07,2.275,0.0
ATOM,2437.0,C,ILE,157.0,5.99,-0.231,28.01,0.51,2.0,0.0
ATOM,2438.0,O,ILE,157.0,4.95,-0.724,27.554,-0.51,1.7,0.0
ATOM,2439.0,CB,ILE,157.0,6.232,-1.046,30.374,-0.09,2.275,0.0
ATOM,2440.0,CG1,ILE,157.0,6.292,-0.602,31.84,-0.18,2.175,0.0
ATOM,2441.0,CG2,ILE,157.0,7.496,-1.817,29.996,-0.27,2.06,0.0
ATOM,2442.0,CD1,ILE,157.0,6.333,-1.747,32.833,-0.27,2.06,0.0
ATOM,2443.0,H,ILE,157.0,3.908,0.587,29.554,0.31,0.2245,0.0
ATOM,2444.0,HA,ILE,157.0,6.829,0.832,29.544,0.09,1.32,0.0
ATOM,2445.0,HB,ILE,157.0,5.43,-1.615,30.261,0.09,1.32,0.0
ATOM,2446.0,HG12,ILE,157.0,7.106,-0.035,31.965,0.09,1.32,0.0
ATOM,2447.0,HG13,ILE,157.0,5.484,-0.043,32.029,0.09,1.32,0.0
ATOM,2448.0,HG21,ILE,157.0,7.577,-2.624,30.577,0.09,1.32,0.0
ATOM,2449.0,HG22,ILE,157.0,7.439,-2.097,29.04,0.09,1.32,0.0
ATOM,2450.0,HG23,ILE,157.0,8.292,-1.23,30.126,0.09,1.32,0.0
ATOM,2451.0,HD11,ILE,157.0,7.143,-2.305,32.66,0.09,1.32,0.0
ATOM,2452.0,HD12,ILE,157.0,6.371,-1.378,33.76,0.09,1.32,0.0
ATOM,2453.0,HD13,ILE,157.0,5.512,-2.305,32.727,0.09,1.32,0.0
ATOM,2454.0,N,ILE,158.0,7.071,0.002,27.266,-0.47,1.85,0.0
ATOM,2455.0,CA,ILE,158.0,7.119,-0.315,25.84,0.07,2.275,0.0
ATOM,2456.0,C,ILE,158.0,8.363,-1.109,25.517,0.51,2.0,0.0
ATOM,2457.0,O,ILE,158.0,9.417,-0.842,26.087,-0.51,1.7,0.0
ATOM,2458.0,CB,ILE,158.0,7.172,0.989,25.023,-0.09,2.275,0.0
ATOM,2459.0,CG1,ILE,158.0,5.808,1.659,25.01,-0.18,2.175,0.0
ATOM,2460.0,CG2,ILE,158.0,7.63,0.739,23.611,-0.27,2.06,0.0
ATOM,2461.0,CD1,ILE,158.0,5.808,3.026,24.364,-0.27,2.06,23.96
ATOM,2462.0,H,ILE,158.0,7.869,0.425,27.784,0.31,0.2245,0.0
ATOM,2463.0,HA,ILE,158.0,6.334,-0.915,25.662,0.09,1.32,0.0
ATOM,2464.0,HB,ILE,158.0,7.817,1.601,25.468,0.09,1.32,0.0
ATOM,2465.0,HG12,ILE,158.0,5.167,1.07,24.519,0.09,1.32,0.0
ATOM,2466.0,HG13,ILE,158.0,5.493,1.753,25.955,0.09,1.32,0.0
ATOM,2467.0,HG21,ILE,158.0,7.696,1.606,23.114,0.09,1.32,0.0
ATOM,2468.0,HG22,ILE,158.0,8.529,0.297,23.616,0.09,1.32,0.0
ATOM,2469.0,HG23,ILE,158.0,6.977,0.143,23.14,0.09,1.32,0.0
ATOM,2470.0,HD11,ILE,158.0,6.109,2.944,23.415,0.09,1.32,0.0
ATOM,2471.0,HD12,ILE,158.0,4.884,3.405,24.39,0.09,1.32,4.2
ATOM,2472.0,HD13,ILE,158.0,6.431,3.628,24.862,0.09,1.32,6.1
ATOM,2473.0,N,SER,159.0,8.238,-2.093,24.626,-0.47,1.85,0.0
ATOM,2474.0,CA,SER,159.0,9.39,-2.897,24.19,0.07,2.275,0.0
ATOM,2475.0,C,SER,159.0,10.042,-2.196,23.003,0.51,2.0,0.0
ATOM,2476.0,O,SER,159.0,9.349,-1.59,22.17,-0.51,1.7,0.0
ATOM,2477.0,CB,SER,159.0,8.966,-4.275,23.707,0.05,2.175,0.0
ATOM,2478.0,OG,SER,159.0,8.285,-4.98,24.71,-0.66,1.77,0.0
ATOM,2479.0,H,SER,159.0,7.275,-2.242,24.271,0.31,0.2245,0.0
ATOM,2480.0,HA,SER,159.0,10.048,-2.921,24.936,0.09,1.32,0.0
ATOM,2481.0,HB2,SER,159.0,8.366,-4.168,22.915,0.09,1.32,0.0
ATOM,2482.0,HB3,SER,159.0,9.782,-4.787,23.442,0.09,1.32,0.0
ATOM,2483.0,HG,SER,159.0,7.574,-5.554,24.3,0.43,0.2245,0.0
ATOM,2484.0,N,VAL,160.0,11.363,-2.309,22.903,-0.47,1.85,0.0
ATOM,2485.0,CA,VAL,160.0,12.097,-1.693,21.807,0.07,2.275,0.0
ATOM,2486.0,C,VAL,160.0,13.119,-2.661,21.217,0.51,2.0,0.0
ATOM,2487.0,O,VAL,160.0,13.847,-3.339,21.938,-0.51,1.7,0.0
ATOM,2488.0,CB,VAL,160.0,12.831,-0.407,22.257,-0.09,2.275,0.0
ATOM,2489.0,CG1,VAL,160.0,13.504,0.255,21.062,-0.27,2.06,5.1
ATOM,2490.0,CG2,VAL,160.0,11.868,0.558,22.894,-0.27,2.06,0.0
ATOM,2491.0,H,VAL,160.0,11.812,-2.862,23.657,0.31,0.2245,0.0
ATOM,2492.0,HA,VAL,160.0,11.44,-1.457,21.08,0.09,1.32,0.0
ATOM,2493.0,HB,VAL,160.0,13.55,-0.677,22.885,0.09,1.32,0.0
ATOM,2494.0,HG11,VAL,160.0,13.125,-0.12,20.216,0.09,1.32,0.0
ATOM,2495.0,HG12,VAL,160.0,13.341,1.241,21.091,0.09,1.32,0.0
ATOM,2496.0,HG13,VAL,160.0,14.488,0.079,21.093,0.09,1.32,3.44
ATOM,2497.0,HG21,VAL,160.0,11.345,1.034,22.183,0.09,1.32,0.0
ATOM,2498.0,HG22,VAL,160.0,11.235,0.06,23.491,0.09,1.32,0.0
ATOM,2499.0,HG23,VAL,160.0,12.374,1.232,23.438,0.09,1.32,0.0
ATOM,2500.0,N,LYS,161.0,13.129,-2.75,19.897,-0.47,1.85,0.0
ATOM,2501.0,CA,LYS,161.0,14.077,-3.602,19.199,0.07,2.275,0.0
ATOM,2502.0,C,LYS,161.0,14.498,-2.812,17.968,0.51,2.0,0.0
ATOM,2503.0,O,LYS,161.0,13.68,-2.495,17.102,-0.51,1.7,0.73
ATOM,2504.0,CB,LYS,161.0,13.447,-4.94,18.819,-0.18,2.175,0.0
ATOM,2505.0,CG,LYS,161.0,14.462,-5.981,18.364,-0.18,2.175,0.0
ATOM,2506.0,CD,LYS,161.0,14.303,-6.333,16.887,-0.18,2.175,10.74
ATOM,2507.0,CE,LYS,161.0,15.472,-7.179,16.369,0.21,2.175,9.82
ATOM,2508.0,NZ,LYS,161.0,16.769,-6.424,16.293,-0.3,1.85,8.8
ATOM,2509.0,H,LYS,161.0,12.415,-2.17,19.413,0.31,0.2245,0.0
ATOM,2510.0,HA,LYS,161.0,14.868,-3.75,19.77,0.09,1.32,0.0
ATOM,2511.0,HB2,LYS,161.0,12.968,-5.298,19.615,0.09,1.32,0.0
ATOM,2512.0,HB3,LYS,161.0,12.804,-4.783,18.074,0.09,1.32,0.06
ATOM,2513.0,HG2,LYS,161.0,15.386,-5.622,18.511,0.09,1.32,0.0
ATOM,2514.0,HG3,LYS,161.0,14.343,-6.814,18.908,0.09,1.32,0.0
ATOM,2515.0,HD2,LYS,161.0,13.463,-6.853,16.768,0.09,1.32,4.6
ATOM,2516.0,HD3,LYS,161.0,14.266,-5.492,16.356,0.09,1.32,3.12
ATOM,2517.0,HE2,LYS,161.0,15.592,-7.972,16.979,0.05,1.32,0.0
ATOM,2518.0,HE3,LYS,161.0,15.241,-7.521,15.45,0.05,1.32,12.17
ATOM,2519.0,HZ1,LYS,161.0,17.52,-7.049,16.492,0.33,0.2245,0.0
ATOM,2520.0,HZ2,LYS,161.0,16.873,-6.049,15.375,0.33,0.2245,18.07
ATOM,2521.0,HZ3,LYS,161.0,16.754,-5.685,16.963,0.33,0.2245,0.07
ATOM,2522.0,N,GLY,162.0,15.767,-2.427,17.948,-0.47,1.85,0.0
ATOM,2523.0,CA,GLY,162.0,16.272,-1.637,16.852,-0.02,2.175,10.08
ATOM,2524.0,C,GLY,162.0,15.646,-0.27,16.989,0.51,2.0,0.0
ATOM,2525.0,O,GLY,162.0,15.982,0.462,17.911,-0.51,1.7,17.78
ATOM,2526.0,H,GLY,162.0,16.333,-2.733,18.756,0.31,0.2245,0.3
ATOM,2527.0,HA2,GLY,162.0,17.259,-1.56,16.913,0.09,1.32,10.17
ATOM,2528.0,HA3,GLY,162.0,16.004,-2.042,15.988,0.09,1.32,5.43
ATOM,2529.0,N,PHE,163.0,14.701,0.046,16.105,-0.47,1.85,0.0
ATOM,2530.0,CA,PHE,163.0,13.993,1.336,16.118,0.07,2.275,1.62
ATOM,2531.0,C,PHE,163.0,12.508,1.093,16.338,0.51,2.0,0.0
ATOM,2532.0,O,PHE,163.0,11.725,2.035,16.512,-0.51,1.7,19.44
ATOM,2533.0,CB,PHE,163.0,14.178,2.076,14.788,-0.18,2.175,12.63
ATOM,2534.0,CG,PHE,163.0,15.595,2.138,14.336,0.0,1.9924,0.37
ATOM,2535.0,CD1,PHE,163.0,16.451,3.115,14.829,-0.115,1.9924,11.7
ATOM,2536.0,CD2,PHE,163.0,16.096,1.181,13.46,-0.115,1.9924,10.19
ATOM,2537.0,CE1,PHE,163.0,17.793,3.134,14.461,-0.115,1.9924,19.71
ATOM,2538.0,CE2,PHE,163.0,17.434,1.19,13.086,-0.115,1.9924,16.04
ATOM,2539.0,CZ,PHE,163.0,18.284,2.167,13.587,-0.115,1.9924,20.63
ATOM,2540.0,H,PHE,163.0,14.503,-0.698,15.4,0.31,0.2245,1.87
ATOM,2541.0,HA,PHE,163.0,14.329,1.84,16.913,0.09,1.32,4.53
ATOM,2542.0,HB2,PHE,163.0,13.652,1.595,14.104,0.09,1.32,2.34
ATOM,2543.0,HB3,PHE,163.0,13.848,2.999,14.913,0.09,1.32,8.28
ATOM,2544.0,HD1,PHE,163.0,16.107,3.81,15.452,0.115,1.3582,13.55
ATOM,2545.0,HD2,PHE,163.0,15.486,0.477,13.096,0.115,1.3582,11.75
ATOM,2546.0,HE1,PHE,163.0,18.4,3.846,14.827,0.115,1.3582,18.24
ATOM,2547.0,HE2,PHE,163.0,17.782,0.485,12.449,0.115,1.3582,18.02
ATOM,2548.0,HZ,PHE,163.0,19.248,2.181,13.325,0.115,1.3582,17.63
ATOM,2549.0,N,GLU,164.0,12.132,-0.181,16.279,-0.47,1.85,0.0
ATOM,2550.0,CA,GLU,164.0,10.755,-0.581,16.476,0.07,2.275,0.0
ATOM,2551.0,C,GLU,164.0,10.392,-0.549,17.947,0.51,2.0,0.0
ATOM,2552.0,O,GLU,164.0,11.175,-0.975,18.806,-0.51,1.7,0.0
ATOM,2553.0,CB,GLU,164.0,10.515,-1.983,15.907,-0.18,2.175,1.13
ATOM,2554.0,CG,GLU,164.0,10.623,-2.057,14.393,-0.28,2.175,18.98
ATOM,2555.0,CD,GLU,164.0,9.715,-1.055,13.697,0.62,2.0,2.95
ATOM,2556.0,OE1,GLU,164.0,8.511,-1.357,13.544,-0.76,1.7,27.52
ATOM,2557.0,OE2,GLU,164.0,10.203,0.034,13.31,-0.76,1.7,31.69
ATOM,2558.0,H,GLU,164.0,12.905,-0.851,16.082,0.31,0.2245,0.0
ATOM,2559.0,HA,GLU,164.0,10.143,0.037,15.965,0.09,1.32,0.78
ATOM,2560.0,HB2,GLU,164.0,11.199,-2.579,16.285,0.09,1.32,0.0
ATOM,2561.0,HB3,GLU,164.0,9.604,-2.255,16.156,0.09,1.32,0.0
ATOM,2562.0,HG2,GLU,164.0,11.546,-1.846,14.138,0.09,1.32,3.95
ATOM,2563.0,HG3,GLU,164.0,10.348,-2.954,14.105,0.09,1.32,8.6
ATOM,2564.0,N,GLU,165.0,9.224,0.014,18.229,-0.47,1.85,0.0
ATOM,2565.0,CA,GLU,165.0,8.726,0.086,19.586,0.07,2.275,0.0
ATOM,2566.0,C,GLU,165.0,7.27,-0.332,19.61,0.51,2.0,0.0
ATOM,2567.0,O,GLU,165.0,6.417,0.257,18.943,-0.51,1.7,10.84
ATOM,2568.0,CB,GLU,165.0,8.915,1.471,20.171,-0.18,2.175,0.0
ATOM,2569.0,CG,GLU,165.0,8.105,2.541,19.537,-0.28,2.175,8.97
ATOM,2570.0,CD,GLU,165.0,8.368,3.877,20.181,0.62,2.0,3.16
ATOM,2571.0,OE1,GLU,165.0,9.449,4.047,20.788,-0.76,1.7,8.83
ATOM,2572.0,OE2,GLU,165.0,7.493,4.76,20.087,-0.76,1.7,42.35
ATOM,2573.0,H,GLU,165.0,8.712,0.389,17.405,0.31,0.2245,4.71
ATOM,2574.0,HA,GLU,165.0,9.26,-0.521,20.179,0.09,1.32,0.0
ATOM,2575.0,HB2,GLU,165.0,8.668,1.423,21.133,0.09,1.32,0.0
ATOM,2576.0,HB3,GLU,165.0,9.875,1.707,20.071,0.09,1.32,0.08
ATOM,2577.0,HG2,GLU,165.0,8.356,2.617,18.591,0.09,1.32,4.22
ATOM,2578.0,HG3,GLU,165.0,7.152,2.34,19.659,0.09,1.32,2.1
ATOM,2579.0,N,SER,166.0,6.999,-1.359,20.4,-0.47,1.85,0.0
ATOM,2580.0,CA,SER,166.0,5.672,-1.922,20.511,0.07,2.275,0.0
ATOM,2581.0,C,SER,166.0,4.601,-1.035,21.118,0.51,2.0,0.0
ATOM,2582.0,O,SER,166.0,4.781,0.167,21.337,-0.51,1.7,3.62
ATOM,2583.0,CB,SER,166.0,5.745,-3.208,21.324,0.05,2.175,0.0
ATOM,2584.0,OG,SER,166.0,6.214,-2.942,22.63,-0.66,1.77,0.0
ATOM,2585.0,H,SER,166.0,7.824,-1.723,20.932,0.31,0.2245,0.0
ATOM,2586.0,HA,SER,166.0,5.359,-2.178,19.561,0.09,1.32,0.0
ATOM,2587.0,HB2,SER,166.0,4.836,-3.607,21.38,0.09,1.32,0.0
ATOM,2588.0,HB3,SER,166.0,6.372,-3.837,20.876,0.09,1.32,0.0
ATOM,2589.0,HG,SER,166.0,5.453,-2.643,23.205,0.43,0.2245,0.0
ATOM,2590.0,N,GLU,167.0,3.436,-1.653,21.276,-0.47,1.85,0.17
ATOM,2591.0,CA,GLU,167.0,2.291,-1.028,21.908,0.07,2.275,0.0
ATOM,2592.0,C,GLU,167.0,2.595,-1.093,23.408,0.51,2.0,0.0
ATOM,2593.0,O,GLU,167.0,3.165,-2.075,23.901,-0.51,1.7,0.0
ATOM,2594.0,CB,GLU,167.0,1.023,-1.802,21.565,-0.18,2.175,8.2
ATOM,2595.0,CG,GLU,167.0,0.47,-1.392,20.235,-0.28,2.175,17.27
ATOM,2596.0,CD,GLU,167.0,0.239,0.102,20.18,0.62,2.0,3.36
ATOM,2597.0,OE1,GLU,167.0,-0.687,0.579,20.871,-0.76,1.7,32.11
ATOM,2598.0,OE2,GLU,167.0,0.999,0.811,19.482,-0.76,1.7,37.02
ATOM,2599.0,H,GLU,167.0,3.419,-2.633,20.903,0.31,0.2245,0.0
ATOM,2600.0,HA,GLU,167.0,2.212,-0.09,21.63,0.09,1.32,0.0
ATOM,2601.0,HB2,GLU,167.0,1.258,-2.749,21.521,0.09,1.32,0.0
ATOM,2602.0,HB3,GLU,167.0,0.358,-1.599,22.25,0.09,1.32,3.22
ATOM,2603.0,HG2,GLU,167.0,1.121,-1.614,19.539,0.09,1.32,0.99
ATOM,2604.0,HG3,GLU,167.0,-0.396,-1.827,20.102,0.09,1.32,10.87
ATOM,2605.0,N,PRO,168.0,2.274,-0.029,24.146,-0.29,1.85,0.0
ATOM,2606.0,CA,PRO,168.0,2.545,-0.017,25.583,0.02,2.275,0.0
ATOM,2607.0,C,PRO,168.0,1.459,-0.695,26.384,0.51,2.0,0.01
ATOM,2608.0,O,PRO,168.0,0.349,-0.919,25.883,-0.51,1.7,16.87
ATOM,2609.0,CB,PRO,168.0,2.537,1.465,25.896,-0.18,2.175,0.43
ATOM,2610.0,CG,PRO,168.0,1.412,1.945,25.031,-0.18,2.175,15.09
ATOM,2611.0,CD,PRO,168.0,1.638,1.229,23.716,0.0,2.175,6.78
ATOM,2612.0,HA,PRO,168.0,3.451,-0.434,25.775,0.09,1.32,0.0
ATOM,2613.0,HB2,PRO,168.0,2.34,1.63,26.855,0.09,1.32,0.0
ATOM,2614.0,HB3,PRO,168.0,3.392,1.894,25.634,0.09,1.32,0.0
ATOM,2615.0,HG2,PRO,168.0,0.532,1.692,25.425,0.09,1.32,6.41
ATOM,2616.0,HG3,PRO,168.0,1.459,2.933,24.909,0.09,1.32,10.85
ATOM,2617.0,HD2,PRO,168.0,0.777,1.048,23.251,0.09,1.32,1.05
ATOM,2618.0,HD3,PRO,168.0,2.247,1.747,23.122,0.09,1.32,3.81
ATOM,2619.0,N,ILE,169.0,1.808,-1.06,27.614,-0.47,1.85,0.0
ATOM,2620.0,CA,ILE,169.0,0.871,-1.638,28.576,0.07,2.275,1.48
ATOM,2621.0,C,ILE,169.0,0.985,-0.646,29.719,0.51,2.0,0.0
ATOM,2622.0,O,ILE,169.0,2.017,0.013,29.867,-0.51,1.7,0.0
ATOM,2623.0,CB,ILE,169.0,1.323,-2.998,29.109,-0.09,2.275,1.32
ATOM,2624.0,CG1,ILE,169.0,2.738,-2.893,29.661,-0.18,2.175,0.0
ATOM,2625.0,CG2,ILE,169.0,1.23,-4.043,28.036,-0.27,2.06,11.08
ATOM,2626.0,CD1,ILE,169.0,3.211,-4.15,30.304,-0.27,2.06,0.0
ATOM,2627.0,H,ILE,169.0,2.82,-0.897,27.838,0.31,0.2245,0.0
ATOM,2628.0,HA,ILE,169.0,-0.016,-1.524,28.195,0.09,1.32,4.86
ATOM,2629.0,HB,ILE,169.0,0.719,-3.255,29.855,0.09,1.32,3.78
ATOM,2630.0,HG12,ILE,169.0,3.35,-2.651,28.909,0.09,1.32,0.0
ATOM,2631.0,HG13,ILE,169.0,2.754,-2.152,30.333,0.09,1.32,0.0
ATOM,2632.0,HG21,ILE,169.0,1.489,-4.938,28.404,0.09,1.32,0.0
ATOM,2633.0,HG22,ILE,169.0,0.292,-4.096,27.687,0.09,1.32,10.23
ATOM,2634.0,HG23,ILE,169.0,1.845,-3.814,27.278,0.09,1.32,0.0
ATOM,2635.0,HD11,ILE,169.0,3.206,-4.9,29.637,0.09,1.32,0.0
ATOM,2636.0,HD12,ILE,169.0,4.145,-4.028,30.65,0.09,1.32,0.0
ATOM,2637.0,HD13,ILE,169.0,2.61,-4.391,31.07,0.09,1.32,0.0
ATOM,2638.0,N,SER,170.0,-0.062,-0.49,30.509,-0.47,1.85,0.69
ATOM,2639.0,CA,SER,170.0,0.067,0.435,31.608,0.07,2.275,0.0
ATOM,2640.0,C,SER,170.0,-0.656,0.002,32.855,0.51,2.0,0.0
ATOM,2641.0,O,SER,170.0,-1.437,-0.941,32.847,-0.51,1.7,18.94
ATOM,2642.0,CB,SER,170.0,-0.364,1.834,31.192,0.05,2.175,1.58
ATOM,2643.0,OG,SER,170.0,-1.754,1.884,30.961,-0.66,1.77,20.64
ATOM,2644.0,H,SER,170.0,-0.888,-1.034,30.288,0.31,0.2245,9.29
ATOM,2645.0,HA,SER,170.0,1.06,0.519,31.834,0.09,1.32,0.0
ATOM,2646.0,HB2,SER,170.0,-0.131,2.473,31.92,0.09,1.32,0.0
ATOM,2647.0,HB3,SER,170.0,0.115,2.083,30.354,0.09,1.32,0.0
ATOM,2648.0,HG,SER,170.0,-2.111,2.774,31.246,0.43,0.2245,11.52
ATOM,2649.0,N,GLY,171.0,-0.342,0.688,33.942,-0.47,1.85,0.0
ATOM,2650.0,CA,GLY,171.0,-0.967,0.411,35.211,-0.02,2.175,7.01
ATOM,2651.0,C,GLY,171.0,-0.894,1.663,36.05,0.51,2.0,0.0
ATOM,2652.0,O,GLY,171.0,-0.161,2.599,35.724,-0.51,1.7,0.0
ATOM,2653.0,H,GLY,171.0,0.378,1.425,33.799,0.31,0.2245,0.0
ATOM,2654.0,HA2,GLY,171.0,-1.922,0.156,35.073,0.09,1.32,7.34
ATOM,2655.0,HA3,GLY,171.0,-0.485,-0.331,35.674,0.09,1.32,0.05
ATOM,2656.0,N,ILE,172.0,-1.703,1.709,37.101,-0.47,1.85,0.0
ATOM,2657.0,CA,ILE,172.0,-1.709,2.851,38.011,0.07,2.275,0.0
ATOM,2658.0,C,ILE,172.0,-0.799,2.537,39.19,0.51,2.0,0.0
ATOM,2659.0,O,ILE,172.0,-0.843,1.434,39.744,-0.51,1.7,2.74
ATOM,2660.0,CB,ILE,172.0,-3.109,3.13,38.596,-0.09,2.275,1.76
ATOM,2661.0,CG1,ILE,172.0,-4.141,3.388,37.483,-0.18,2.175,15.1
ATOM,2662.0,CG2,ILE,172.0,-3.018,4.302,39.571,-0.27,2.06,3.34
ATOM,2663.0,CD1,ILE,172.0,-4.283,4.849,37.063,-0.27,2.06,11.66
ATOM,2664.0,H,ILE,172.0,-2.318,0.881,37.218,0.31,0.2245,8.93
ATOM,2665.0,HA,ILE,172.0,-1.287,3.606,37.516,0.09,1.32,0.0
ATOM,2666.0,HB,ILE,172.0,-3.399,2.32,39.099,0.09,1.32,8.1
ATOM,2667.0,HG12,ILE,172.0,-3.881,2.847,36.681,0.09,1.32,3.0
ATOM,2668.0,HG13,ILE,172.0,-5.033,3.063,37.804,0.09,1.32,11.76
ATOM,2669.0,HG21,ILE,172.0,-3.908,4.448,39.997,0.09,1.32,5.11
ATOM,2670.0,HG22,ILE,172.0,-2.341,4.096,40.274,0.09,1.32,0.0
ATOM,2671.0,HG23,ILE,172.0,-2.746,5.124,39.076,0.09,1.32,0.0
ATOM,2672.0,HD11,ILE,172.0,-3.404,5.177,36.726,0.09,1.32,0.0
ATOM,2673.0,HD12,ILE,172.0,-4.969,4.914,36.343,0.09,1.32,10.3
ATOM,2674.0,HD13,ILE,172.0,-4.566,5.387,37.853,0.09,1.32,2.25
ATOM,2675.0,N,LEU,173.0,0.05,3.491,39.544,-0.47,1.85,0.0
ATOM,2676.0,CA,LEU,173.0,0.934,3.318,40.681,0.07,2.275,0.0
ATOM,2677.0,C,LEU,173.0,0.527,4.313,41.758,0.51,2.0,0.0
ATOM,2678.0,O,LEU,173.0,0.556,5.528,41.533,-0.51,1.7,0.0
ATOM,2679.0,CB,LEU,173.0,2.387,3.56,40.303,-0.18,2.175,0.0
ATOM,2680.0,CG,LEU,173.0,3.302,3.449,41.525,-0.09,2.275,0.0
ATOM,2681.0,CD1,LEU,173.0,3.26,2.024,42.073,-0.27,2.06,0.0
ATOM,2682.0,CD2,LEU,173.0,4.714,3.859,41.16,-0.27,2.06,0.0
ATOM,2683.0,H,LEU,173.0,0.026,4.342,38.955,0.31,0.2245,0.0
ATOM,2684.0,HA,LEU,173.0,0.82,2.396,41.043,0.09,1.32,0.0
ATOM,2685.0,HB2,LEU,173.0,2.66,2.871,39.667,0.09,1.32,0.0
ATOM,2686.0,HB3,LEU,173.0,2.469,4.467,39.954,0.09,1.32,0.0
ATOM,2687.0,HG,LEU,173.0,2.987,4.081,42.226,0.09,1.32,0.0
ATOM,2688.0,HD11,LEU,173.0,3.57,1.388,41.367,0.09,1.32,0.0
ATOM,2689.0,HD12,LEU,173.0,3.859,1.958,42.87,0.09,1.32,0.0
ATOM,2690.0,HD13,LEU,173.0,2.323,1.798,42.338,0.09,1.32,0.0
ATOM,2691.0,HD21,LEU,173.0,4.718,4.807,40.835,0.09,1.32,0.18
ATOM,2692.0,HD22,LEU,173.0,5.306,3.784,41.964,0.09,1.32,0.0
ATOM,2693.0,HD23,LEU,173.0,5.063,3.261,40.436,0.09,1.32,0.0
ATOM,2694.0,N,LYS,174.0,0.15,3.779,42.919,-0.47,1.85,0.0
ATOM,2695.0,CA,LYS,174.0,-0.273,4.56,44.075,0.07,2.275,0.27
ATOM,2696.0,C,LYS,174.0,0.851,4.63,45.096,0.51,2.0,0.0
ATOM,2697.0,O,LYS,174.0,1.188,3.623,45.726,-0.51,1.7,1.54
ATOM,2698.0,CB,LYS,174.0,-1.512,3.923,44.713,-0.18,2.175,14.55
ATOM,2699.0,CG,LYS,174.0,-1.743,2.437,44.397,-0.18,2.175,9.35
ATOM,2700.0,CD,LYS,174.0,-0.664,1.509,44.954,-0.18,2.175,2.38
ATOM,2701.0,CE,LYS,174.0,-0.864,0.071,44.458,0.21,2.175,18.54
ATOM,2702.0,NZ,LYS,174.0,-0.793,-0.065,42.971,-0.3,1.85,3.16
ATOM,2703.0,H,LYS,174.0,0.185,2.725,42.93,0.31,0.2245,0.0
ATOM,2704.0,HA,LYS,174.0,-0.496,5.492,43.775,0.09,1.32,0.0
ATOM,2705.0,HB2,LYS,174.0,-1.435,4.016,45.71,0.09,1.32,7.18
ATOM,2706.0,HB3,LYS,174.0,-2.321,4.433,44.404,0.09,1.32,1.51
ATOM,2707.0,HG2,LYS,174.0,-2.635,2.162,44.78,0.09,1.32,11.04
ATOM,2708.0,HG3,LYS,174.0,-1.783,2.323,43.396,0.09,1.32,0.09
ATOM,2709.0,HD2,LYS,174.0,0.223,1.826,44.646,0.09,1.32,0.0
ATOM,2710.0,HD3,LYS,174.0,-0.718,1.509,45.943,0.09,1.32,9.9
ATOM,2711.0,HE2,LYS,174.0,-0.156,-0.513,44.876,0.05,1.32,4.32
ATOM,2712.0,HE3,LYS,174.0,-1.765,-0.255,44.776,0.05,1.32,11.0
ATOM,2713.0,HZ1,LYS,174.0,-1.604,0.352,42.564,0.33,0.2245,6.98
ATOM,2714.0,HZ2,LYS,174.0,0.027,0.397,42.638,0.33,0.2245,0.0
ATOM,2715.0,HZ3,LYS,174.0,-0.756,-1.034,42.731,0.33,0.2245,11.15
ATOM,2716.0,N,THR,175.0,1.419,5.824,45.258,-0.47,1.85,0.22
ATOM,2717.0,CA,THR,175.0,2.526,6.064,46.194,0.07,2.275,0.0
ATOM,2718.0,C,THR,175.0,2.173,5.881,47.674,0.34,2.0,0.28
ATOM,2719.0,O,THR,175.0,1.352,6.669,48.202,-0.67,1.7,16.23
ATOM,2720.0,CB,THR,175.0,3.15,7.481,45.998,0.14,2.275,0.0
ATOM,2721.0,OG1,THR,175.0,2.125,8.437,45.689,-0.66,1.77,0.0
ATOM,2722.0,CG2,THR,175.0,4.186,7.466,44.891,-0.27,2.06,0.41
ATOM,2723.0,OXT,THR,175.0,2.555,5.071,48.494,-0.67,1.7,17.81
ATOM,2724.0,H,THR,175.0,1.011,6.58,44.662,0.31,0.2245,0.0
ATOM,2725.0,HA,THR,175.0,3.279,5.412,45.966,0.09,1.32,0.0
ATOM,2726.0,HB,THR,175.0,3.596,7.759,46.873,0.09,1.32,0.0
ATOM,2727.0,HG21,THR,175.0,5.077,7.754,45.251,0.09,1.32,0.0
ATOM,2728.0,HG22,THR,175.0,4.271,6.54,44.514,0.09,1.32,0.0
ATOM,2729.0,HG23,THR,175.0,3.913,8.093,44.157,0.09,1.32,0.0
ATOM,2730.0,HG1,THR,175.0,1.644,8.172,44.847,0.43,0.2245,0.0
