atom,serial,name,resname,resid,x,y,z,charges,radius,sasa
ATOM,1.0,N,TYR,113.0,48.71,44.894,40.226,-0.3,1.85,10.49
ATOM,2.0,CA,TYR,113.0,48.804,45.981,41.193,0.21,2.275,1.65
ATOM,3.0,C,TYR,113.0,49.667,45.629,42.395,0.51,2.0,0.0
ATOM,4.0,O,TYR,113.0,50.434,46.461,42.857,-0.51,1.7,0.0
ATOM,5.0,CB,TYR,113.0,47.42,46.414,41.692,-0.18,2.175,13.18
ATOM,6.0,CG,TYR,113.0,47.483,47.6,42.636,0.0,1.9924,0.55
ATOM,7.0,CD1,TYR,113.0,47.876,48.859,42.174,-0.115,1.9924,9.13
ATOM,8.0,CD2,TYR,113.0,47.183,47.46,43.995,-0.115,1.9924,10.09
ATOM,9.0,CE1,TYR,113.0,47.972,49.947,43.032,-0.115,1.9924,10.41
ATOM,10.0,CE2,TYR,113.0,47.273,48.546,44.865,-0.115,1.9924,11.49
ATOM,11.0,CZ,TYR,113.0,47.667,49.785,44.371,0.11,1.9924,1.67
ATOM,12.0,OH,TYR,113.0,47.745,50.868,45.201,-0.54,1.77,17.94
ATOM,13.0,H,TYR,113.0,49.165,45.154,39.372,0.33,0.2245,18.82
ATOM,14.0,HA,TYR,113.0,49.222,46.781,40.729,0.1,1.32,0.46
ATOM,15.0,HB2,TYR,113.0,46.871,46.669,40.907,0.09,1.32,10.04
ATOM,16.0,HB3,TYR,113.0,47.011,45.653,42.178,0.09,1.32,5.77
ATOM,17.0,HD1,TYR,113.0,48.094,48.979,41.203,0.115,1.3582,4.61
ATOM,18.0,HD2,TYR,113.0,46.9,46.572,44.346,0.115,1.3582,11.77
ATOM,19.0,HE1,TYR,113.0,48.258,50.839,42.683,0.115,1.3582,2.37
ATOM,20.0,HE2,TYR,113.0,47.058,48.436,45.831,0.115,1.3582,14.55
ATOM,21.0,H2,TYR,113.0,49.15,44.071,40.591,0.33,0.2245,4.89
ATOM,22.0,H3,TYR,113.0,47.748,44.689,40.032,0.33,0.2245,15.14
ATOM,23.0,HH,TYR,113.0,48.368,51.544,44.808,0.43,0.2245,2.12
ATOM,24.0,N,SER,114.0,49.518,44.413,42.913,-0.47,1.85,0.39
ATOM,25.0,CA,SER,114.0,50.296,43.97,44.067,0.07,2.275,1.04
ATOM,26.0,C,SER,114.0,51.789,44.177,43.84,0.51,2.0,0.0
ATOM,27.0,O,SER,114.0,52.501,44.608,44.736,-0.51,1.7,0.0
ATOM,28.0,CB,SER,114.0,50.021,42.495,44.373,0.05,2.175,25.91
ATOM,29.0,OG,SER,114.0,50.512,41.648,43.345,-0.66,1.77,21.37
ATOM,30.0,H,SER,114.0,48.814,43.818,42.435,0.31,0.2245,4.95
ATOM,31.0,HA,SER,114.0,50.023,44.529,44.86,0.09,1.32,2.78
ATOM,32.0,HB2,SER,114.0,50.47,42.256,45.231,0.09,1.32,5.98
ATOM,33.0,HB3,SER,114.0,49.036,42.364,44.457,0.09,1.32,10.66
ATOM,34.0,HG,SER,114.0,51.433,41.937,43.088,0.43,0.2245,0.13
ATOM,35.0,N,ILE,115.0,52.243,43.892,42.623,-0.47,1.85,0.0
ATOM,36.0,CA,ILE,115.0,53.65,44.037,42.251,0.07,2.275,0.03
ATOM,37.0,C,ILE,115.0,54.055,45.504,42.362,0.51,2.0,0.0
ATOM,38.0,O,ILE,115.0,55.129,45.838,42.871,-0.51,1.7,0.23
ATOM,39.0,CB,ILE,115.0,53.894,43.582,40.788,-0.09,2.275,1.8
ATOM,40.0,CG1,ILE,115.0,53.46,42.125,40.59,-0.18,2.175,16.05
ATOM,41.0,CG2,ILE,115.0,55.36,43.764,40.412,-0.27,2.06,22.31
ATOM,42.0,CD1,ILE,115.0,54.161,41.132,41.498,-0.27,2.06,35.5
ATOM,43.0,H,ILE,115.0,51.511,43.557,41.957,0.31,0.2245,0.0
ATOM,44.0,HA,ILE,115.0,54.175,43.542,42.941,0.09,1.32,1.16
ATOM,45.0,HB,ILE,115.0,53.336,44.154,40.196,0.09,1.32,5.59
ATOM,46.0,HG12,ILE,115.0,52.473,42.066,40.746,0.09,1.32,2.03
ATOM,47.0,HG13,ILE,115.0,53.643,41.872,39.638,0.09,1.32,9.74
ATOM,48.0,HG21,ILE,115.0,55.491,43.516,39.454,0.09,1.32,10.3
ATOM,49.0,HG22,ILE,115.0,55.622,44.718,40.548,0.09,1.32,1.09
ATOM,50.0,HG23,ILE,115.0,55.926,43.178,40.988,0.09,1.32,3.77
ATOM,51.0,HD11,ILE,115.0,53.973,41.367,42.45,0.09,1.32,1.08
ATOM,52.0,HD12,ILE,115.0,53.822,40.213,41.305,0.09,1.32,11.58
ATOM,53.0,HD13,ILE,115.0,55.144,41.17,41.33,0.09,1.32,6.19
ATOM,54.0,N,GLU,116.0,53.172,46.365,41.871,-0.47,1.85,0.0
ATOM,55.0,CA,GLU,116.0,53.375,47.794,41.876,0.07,2.275,1.39
ATOM,56.0,C,GLU,116.0,53.31,48.351,43.289,0.51,2.0,0.0
ATOM,57.0,O,GLU,116.0,54.181,49.116,43.693,-0.51,1.7,0.43
ATOM,58.0,CB,GLU,116.0,52.312,48.452,41.01,-0.18,2.175,2.98
ATOM,59.0,CG,GLU,116.0,52.302,49.965,41.062,-0.28,2.175,6.67
ATOM,60.0,CD,GLU,116.0,51.061,50.556,40.434,0.62,2.0,2.98
ATOM,61.0,OE1,GLU,116.0,50.437,49.875,39.587,-0.76,1.7,26.53
ATOM,62.0,OE2,GLU,116.0,50.707,51.702,40.786,-0.76,1.7,17.15
ATOM,63.0,H,GLU,116.0,52.309,45.909,41.477,0.31,0.2245,0.0
ATOM,64.0,HA,GLU,116.0,54.273,48.016,41.471,0.09,1.32,5.09
ATOM,65.0,HB2,GLU,116.0,52.479,48.186,40.073,0.09,1.32,9.82
ATOM,66.0,HB3,GLU,116.0,51.43,48.136,41.322,0.09,1.32,0.0
ATOM,67.0,HG2,GLU,116.0,52.32,50.243,42.004,0.09,1.32,0.0
ATOM,68.0,HG3,GLU,116.0,53.078,50.299,40.559,0.09,1.32,10.91
ATOM,69.0,N,ALA,117.0,52.275,47.963,44.03,-0.47,1.85,0.0
ATOM,70.0,CA,ALA,117.0,52.075,48.417,45.397,0.07,2.275,0.0
ATOM,71.0,C,ALA,117.0,53.262,48.024,46.284,0.51,2.0,0.24
ATOM,72.0,O,ALA,117.0,53.759,48.851,47.049,-0.51,1.7,0.44
ATOM,73.0,CB,ALA,117.0,50.773,47.859,45.961,-0.27,2.06,10.24
ATOM,74.0,H,ALA,117.0,51.622,47.306,43.544,0.31,0.2245,0.0
ATOM,75.0,HA,ALA,117.0,51.996,49.421,45.402,0.09,1.32,0.0
ATOM,76.0,HB1,ALA,117.0,50.769,46.864,45.867,0.09,1.32,0.0
ATOM,77.0,HB2,ALA,117.0,50.697,48.103,46.927,0.09,1.32,3.29
ATOM,78.0,HB3,ALA,117.0,50.0,48.245,45.458,0.09,1.32,0.0
ATOM,79.0,N,ASP,118.0,53.751,46.794,46.134,-0.47,1.85,0.0
ATOM,80.0,CA,ASP,118.0,54.881,46.308,46.927,0.07,2.275,0.0
ATOM,81.0,C,ASP,118.0,56.14,47.126,46.733,0.51,2.0,0.0
ATOM,82.0,O,ASP,118.0,57.012,47.15,47.601,-0.51,1.7,6.83
ATOM,83.0,CB,ASP,118.0,55.196,44.853,46.59,-0.28,2.175,7.43
ATOM,84.0,CG,ASP,118.0,54.182,43.879,47.168,0.62,2.0,1.23
ATOM,85.0,OD1,ASP,118.0,53.334,44.29,47.994,-0.76,1.7,26.02
ATOM,86.0,OD2,ASP,118.0,54.237,42.689,46.795,-0.76,1.7,33.21
ATOM,87.0,H,ASP,118.0,53.268,46.218,45.416,0.31,0.2245,0.0
ATOM,88.0,HA,ASP,118.0,54.613,46.394,47.903,0.09,1.32,3.07
ATOM,89.0,HB2,ASP,118.0,55.198,44.758,45.6,0.09,1.32,0.0
ATOM,90.0,HB3,ASP,118.0,56.092,44.636,46.961,0.09,1.32,5.04
ATOM,91.0,N,LYS,119.0,56.242,47.775,45.58,-0.47,1.85,0.0
ATOM,92.0,CA,LYS,119.0,57.406,48.586,45.267,0.07,2.275,1.06
ATOM,93.0,C,LYS,119.0,57.249,50.084,45.506,0.51,2.0,0.72
ATOM,94.0,O,LYS,119.0,58.24,50.806,45.529,-0.51,1.7,30.61
ATOM,95.0,CB,LYS,119.0,57.818,48.354,43.813,-0.18,2.175,8.59
ATOM,96.0,CG,LYS,119.0,58.15,46.904,43.522,-0.18,2.175,2.81
ATOM,97.0,CD,LYS,119.0,58.84,46.739,42.184,-0.18,2.175,10.93
ATOM,98.0,CE,LYS,119.0,59.386,45.303,42.057,0.21,2.175,15.5
ATOM,99.0,NZ,LYS,119.0,60.535,45.192,41.09,-0.3,1.85,14.66
ATOM,100.0,H,LYS,119.0,55.435,47.654,44.938,0.31,0.2245,0.0
ATOM,101.0,HA,LYS,119.0,58.198,48.253,45.831,0.09,1.32,6.45
ATOM,102.0,HB2,LYS,119.0,57.064,48.629,43.228,0.09,1.32,1.75
ATOM,103.0,HB3,LYS,119.0,58.622,48.907,43.626,0.09,1.32,6.58
ATOM,104.0,HG2,LYS,119.0,58.754,46.555,44.244,0.09,1.32,6.57
ATOM,105.0,HG3,LYS,119.0,57.302,46.368,43.519,0.09,1.32,0.0
ATOM,106.0,HD2,LYS,119.0,58.19,46.884,41.458,0.09,1.32,5.5
ATOM,107.0,HD3,LYS,119.0,59.601,47.362,42.126,0.09,1.32,7.0
ATOM,108.0,HE2,LYS,119.0,59.691,44.996,42.963,0.05,1.32,9.06
ATOM,109.0,HE3,LYS,119.0,58.641,44.703,41.748,0.05,1.32,0.38
ATOM,110.0,HZ1,LYS,119.0,60.913,44.271,41.142,0.33,0.2245,20.57
ATOM,111.0,HZ2,LYS,119.0,60.2,45.372,40.169,0.33,0.2245,18.54
ATOM,112.0,HZ3,LYS,119.0,61.231,45.862,41.337,0.33,0.2245,17.34
ATOM,113.0,N,LYS,120.0,56.029,50.564,45.685,-0.47,1.85,0.0
ATOM,114.0,CA,LYS,120.0,55.858,51.993,45.855,0.07,2.275,1.2
ATOM,115.0,C,LYS,120.0,55.425,52.495,47.208,0.51,2.0,1.87
ATOM,116.0,O,LYS,120.0,55.357,53.718,47.412,-0.51,1.7,25.18
ATOM,117.0,CB,LYS,120.0,54.906,52.537,44.801,-0.18,2.175,10.57
ATOM,118.0,CG,LYS,120.0,53.472,52.16,44.989,-0.18,2.175,0.0
ATOM,119.0,CD,LYS,120.0,52.666,52.896,43.936,-0.18,2.175,6.24
ATOM,120.0,CE,LYS,120.0,51.207,52.579,44.011,0.21,2.175,0.02
ATOM,121.0,NZ,LYS,120.0,50.498,53.37,42.967,-0.3,1.85,9.21
ATOM,122.0,H,LYS,120.0,55.271,49.88,45.692,0.31,0.2245,0.0
ATOM,123.0,HA,LYS,120.0,56.756,52.456,45.607,0.09,1.32,6.81
ATOM,124.0,HB2,LYS,120.0,54.98,53.54,44.807,0.09,1.32,7.15
ATOM,125.0,HB3,LYS,120.0,55.214,52.2,43.904,0.09,1.32,6.07
ATOM,126.0,HG2,LYS,120.0,53.359,51.188,44.855,0.09,1.32,0.0
ATOM,127.0,HG3,LYS,120.0,53.163,52.443,45.882,0.09,1.32,0.0
ATOM,128.0,HD2,LYS,120.0,52.795,53.881,44.069,0.09,1.32,9.1
ATOM,129.0,HD3,LYS,120.0,53.011,52.637,43.032,0.09,1.32,2.77
ATOM,130.0,HE2,LYS,120.0,51.063,51.612,43.838,0.05,1.32,0.0
ATOM,131.0,HE3,LYS,120.0,50.853,52.831,44.903,0.05,1.32,0.0
ATOM,132.0,HZ1,LYS,120.0,49.646,52.907,42.723,0.33,0.2245,4.95
ATOM,133.0,HZ2,LYS,120.0,50.294,54.281,43.323,0.33,0.2245,18.57
ATOM,134.0,HZ3,LYS,120.0,51.081,53.449,42.159,0.33,0.2245,6.74
ATOM,135.0,N,PHE,121.0,55.122,51.576,48.123,-0.47,1.85,0.24
ATOM,136.0,CA,PHE,121.0,54.682,51.956,49.462,0.07,2.275,0.0
ATOM,137.0,C,PHE,121.0,55.674,51.636,50.574,0.51,2.0,1.87
ATOM,138.0,O,PHE,121.0,56.387,50.633,50.536,-0.51,1.7,6.74
ATOM,139.0,CB,PHE,121.0,53.327,51.323,49.795,-0.18,2.175,10.32
ATOM,140.0,CG,PHE,121.0,52.214,51.773,48.897,0.0,1.9924,0.36
ATOM,141.0,CD1,PHE,121.0,52.003,53.131,48.649,-0.115,1.9924,9.91
ATOM,142.0,CD2,PHE,121.0,51.369,50.839,48.301,-0.115,1.9924,8.88
ATOM,143.0,CE1,PHE,121.0,50.971,53.556,47.824,-0.115,1.9924,12.41
ATOM,144.0,CE2,PHE,121.0,50.331,51.251,47.473,-0.115,1.9924,8.13
ATOM,145.0,CZ,PHE,121.0,50.134,52.613,47.237,-0.115,1.9924,9.18
ATOM,146.0,H,PHE,121.0,55.224,50.595,47.809,0.31,0.2245,0.0
ATOM,147.0,HA,PHE,121.0,54.567,52.97,49.456,0.09,1.32,0.64
ATOM,148.0,HB2,PHE,121.0,53.422,50.344,49.702,0.09,1.32,3.25
ATOM,149.0,HB3,PHE,121.0,53.097,51.576,50.722,0.09,1.32,4.99
ATOM,150.0,HD1,PHE,121.0,52.603,53.806,49.07,0.115,1.3582,8.01
ATOM,151.0,HD2,PHE,121.0,51.512,49.866,48.47,0.115,1.3582,4.27
ATOM,152.0,HE1,PHE,121.0,50.834,54.535,47.657,0.115,1.3582,17.77
ATOM,153.0,HE2,PHE,121.0,49.724,50.567,47.047,0.115,1.3582,0.46
ATOM,154.0,HZ,PHE,121.0,49.387,52.913,46.642,0.115,1.3582,6.36
ATOM,155.0,N,LYS,122.0,55.673,52.506,51.582,-0.47,1.85,2.98
ATOM,156.0,CA,LYS,122.0,56.517,52.384,52.769,0.07,2.275,2.8
ATOM,157.0,C,LYS,122.0,56.0,51.223,53.637,0.51,2.0,0.0
ATOM,158.0,O,LYS,122.0,54.805,51.15,53.933,-0.51,1.7,16.71
ATOM,159.0,CB,LYS,122.0,56.433,53.7,53.557,-0.18,2.175,10.71
ATOM,160.0,CG,LYS,122.0,57.185,53.731,54.867,-0.18,2.175,8.25
ATOM,161.0,CD,LYS,122.0,58.662,53.717,54.651,-0.18,2.175,6.46
ATOM,162.0,CE,LYS,122.0,59.364,54.194,55.908,0.21,2.175,15.63
ATOM,163.0,NZ,LYS,122.0,60.829,54.213,55.71,-0.3,1.85,10.06
ATOM,164.0,H,LYS,122.0,54.999,53.306,51.449,0.31,0.2245,7.41
ATOM,165.0,HA,LYS,122.0,57.452,52.176,52.488,0.09,1.32,4.25
ATOM,166.0,HB2,LYS,122.0,56.789,54.433,52.967,0.09,1.32,9.8
ATOM,167.0,HB3,LYS,122.0,55.461,53.884,53.742,0.09,1.32,8.72
ATOM,168.0,HG2,LYS,122.0,56.929,54.563,55.368,0.09,1.32,9.46
ATOM,169.0,HG3,LYS,122.0,56.92,52.931,55.413,0.09,1.32,0.0
ATOM,170.0,HD2,LYS,122.0,58.962,52.793,54.457,0.09,1.32,0.37
ATOM,171.0,HD3,LYS,122.0,58.898,54.331,53.91,0.09,1.32,7.66
ATOM,172.0,HE2,LYS,122.0,59.045,55.116,56.127,0.05,1.32,9.92
ATOM,173.0,HE3,LYS,122.0,59.138,53.576,56.661,0.05,1.32,0.92
ATOM,174.0,HZ1,LYS,122.0,61.253,54.813,56.39,0.33,0.2245,18.1
ATOM,175.0,HZ2,LYS,122.0,61.195,53.287,55.813,0.33,0.2245,0.7
ATOM,176.0,HZ3,LYS,122.0,61.04,54.552,54.792,0.33,0.2245,16.35
ATOM,177.0,N,TYR,123.0,56.891,50.321,54.038,-0.47,1.85,0.0
ATOM,178.0,CA,TYR,123.0,56.51,49.178,54.865,0.07,2.275,0.0
ATOM,179.0,C,TYR,123.0,56.457,49.502,56.349,0.51,2.0,0.0
ATOM,180.0,O,TYR,123.0,57.43,50.021,56.906,-0.51,1.7,0.0
ATOM,181.0,CB,TYR,123.0,57.472,48.011,54.647,-0.18,2.175,0.12
ATOM,182.0,CG,TYR,123.0,57.275,47.299,53.331,0.0,1.9924,0.0
ATOM,183.0,CD1,TYR,123.0,57.491,47.955,52.126,-0.115,1.9924,9.4
ATOM,184.0,CD2,TYR,123.0,56.851,45.973,53.292,-0.115,1.9924,7.56
ATOM,185.0,CE1,TYR,123.0,57.294,47.308,50.905,-0.115,1.9924,11.9
ATOM,186.0,CE2,TYR,123.0,56.647,45.313,52.078,-0.115,1.9924,18.69
ATOM,187.0,CZ,TYR,123.0,56.869,45.991,50.893,0.11,1.9924,3.02
ATOM,188.0,OH,TYR,123.0,56.658,45.357,49.687,-0.54,1.77,12.83
ATOM,189.0,H,TYR,123.0,57.864,50.496,53.718,0.31,0.2245,1.78
ATOM,190.0,HA,TYR,123.0,55.584,48.875,54.575,0.09,1.32,3.79
ATOM,191.0,HB2,TYR,123.0,58.404,48.364,54.676,0.09,1.32,0.97
ATOM,192.0,HB3,TYR,123.0,57.335,47.352,55.382,0.09,1.32,1.09
ATOM,193.0,HD1,TYR,123.0,57.793,48.91,52.126,0.115,1.3582,2.56
ATOM,194.0,HD2,TYR,123.0,56.69,45.482,54.146,0.115,1.3582,5.72
ATOM,195.0,HE1,TYR,123.0,57.461,47.795,50.049,0.115,1.3582,2.43
ATOM,196.0,HE2,TYR,123.0,56.344,44.364,52.07,0.115,1.3582,16.66
ATOM,197.0,HH,TYR,123.0,56.814,46.006,48.945,0.43,0.2245,0.06
ATOM,198.0,N,SER,124.0,55.35,49.127,56.991,-0.47,1.85,1.3
ATOM,199.0,CA,SER,124.0,55.152,49.34,58.419,0.07,2.275,0.09
ATOM,200.0,C,SER,124.0,54.049,48.424,58.931,0.51,2.0,0.02
ATOM,201.0,O,SER,124.0,53.056,48.235,58.25,-0.51,1.7,22.91
ATOM,202.0,CB,SER,124.0,54.75,50.795,58.691,0.05,2.175,15.71
ATOM,203.0,OG,SER,124.0,54.46,51.008,60.062,-0.66,1.77,9.6
ATOM,204.0,H,SER,124.0,54.637,48.666,56.379,0.31,0.2245,7.45
ATOM,205.0,HA,SER,124.0,56.001,49.096,58.893,0.09,1.32,0.0
ATOM,206.0,HB2,SER,124.0,55.503,51.39,58.422,0.09,1.32,1.64
ATOM,207.0,HB3,SER,124.0,53.939,51.008,58.151,0.09,1.32,8.88
ATOM,208.0,HG,SER,124.0,54.243,50.135,60.496,0.43,0.2245,0.06
ATOM,209.0,N,VAL,125.0,54.285,47.76,60.057,-0.47,1.85,0.0
ATOM,210.0,CA,VAL,125.0,53.259,46.923,60.687,0.07,2.275,0.0
ATOM,211.0,C,VAL,125.0,52.828,47.691,61.94,0.51,2.0,0.15
ATOM,212.0,O,VAL,125.0,53.599,48.502,62.477,-0.51,1.7,0.0
ATOM,213.0,CB,VAL,125.0,53.757,45.49,61.092,-0.09,2.275,0.0
ATOM,214.0,CG1,VAL,125.0,54.157,44.701,59.855,-0.27,2.06,14.24
ATOM,215.0,CG2,VAL,125.0,54.913,45.559,62.093,-0.27,2.06,0.0
ATOM,216.0,H,VAL,125.0,55.239,47.881,60.447,0.31,0.2245,0.0
ATOM,217.0,HA,VAL,125.0,52.486,46.87,60.081,0.09,1.32,2.65
ATOM,218.0,HB,VAL,125.0,52.987,45.024,61.508,0.09,1.32,0.0
ATOM,219.0,HG11,VAL,125.0,55.148,44.75,59.733,0.09,1.32,0.0
ATOM,220.0,HG12,VAL,125.0,53.882,43.746,59.964,0.09,1.32,0.0
ATOM,221.0,HG13,VAL,125.0,53.704,45.087,59.051,0.09,1.32,5.34
ATOM,222.0,HG21,VAL,125.0,54.879,44.756,62.686,0.09,1.32,0.0
ATOM,223.0,HG22,VAL,125.0,55.777,45.576,61.592,0.09,1.32,0.0
ATOM,224.0,HG23,VAL,125.0,54.821,46.389,62.64,0.09,1.32,0.0
ATOM,225.0,N,LYS,126.0,51.591,47.483,62.369,-0.47,1.85,0.03
ATOM,226.0,CA,LYS,126.0,51.068,48.158,63.545,0.07,2.275,0.0
ATOM,227.0,C,LYS,126.0,50.587,47.139,64.567,0.51,2.0,0.0
ATOM,228.0,O,LYS,126.0,49.978,46.121,64.212,-0.51,1.7,0.0
ATOM,229.0,CB,LYS,126.0,49.957,49.133,63.158,-0.18,2.175,0.32
ATOM,230.0,CG,LYS,126.0,48.889,48.547,62.249,-0.18,2.175,0.57
ATOM,231.0,CD,LYS,126.0,48.046,49.643,61.614,-0.18,2.175,8.21
ATOM,232.0,CE,LYS,126.0,46.963,49.057,60.722,0.21,2.175,18.41
ATOM,233.0,NZ,LYS,126.0,47.514,48.257,59.597,-0.3,1.85,11.17
ATOM,234.0,H,LYS,126.0,51.04,46.808,61.802,0.31,0.2245,0.04
ATOM,235.0,HA,LYS,126.0,51.8,48.71,63.959,0.09,1.32,0.0
ATOM,236.0,HB2,LYS,126.0,49.514,49.451,63.997,0.09,1.32,0.0
ATOM,237.0,HB3,LYS,126.0,50.376,49.913,62.689,0.09,1.32,0.79
ATOM,238.0,HG2,LYS,126.0,49.33,48.019,61.525,0.09,1.32,0.0
ATOM,239.0,HG3,LYS,126.0,48.293,47.951,62.785,0.09,1.32,0.0
ATOM,240.0,HD2,LYS,126.0,47.612,50.173,62.334,0.09,1.32,1.83
ATOM,241.0,HD3,LYS,126.0,48.634,50.222,61.061,0.09,1.32,7.63
ATOM,242.0,HE2,LYS,126.0,46.364,48.471,61.282,0.05,1.32,1.77
ATOM,243.0,HE3,LYS,126.0,46.406,49.81,60.349,0.05,1.32,11.96
ATOM,244.0,HZ1,LYS,126.0,47.671,48.854,58.81,0.33,0.2245,20.0
ATOM,245.0,HZ2,LYS,126.0,48.378,47.84,59.878,0.33,0.2245,2.42
ATOM,246.0,HZ3,LYS,126.0,46.862,47.541,59.348,0.33,0.2245,12.62
ATOM,247.0,N,LEU,127.0,50.904,47.412,65.831,-0.47,1.85,0.0
ATOM,248.0,CA,LEU,127.0,50.558,46.544,66.949,0.07,2.275,0.0
ATOM,249.0,C,LEU,127.0,49.079,46.157,67.031,0.51,2.0,0.0
ATOM,250.0,O,LEU,127.0,48.758,45.058,67.469,-0.51,1.7,0.0
ATOM,251.0,CB,LEU,127.0,51.015,47.172,68.27,-0.18,2.175,0.0
ATOM,252.0,CG,LEU,127.0,50.89,46.311,69.536,-0.09,2.275,0.0
ATOM,253.0,CD1,LEU,127.0,51.656,44.978,69.374,-0.27,2.06,0.0
ATOM,254.0,CD2,LEU,127.0,51.382,47.098,70.737,-0.27,2.06,0.0
ATOM,255.0,H,LEU,127.0,51.429,48.314,65.953,0.31,0.2245,0.0
ATOM,256.0,HA,LEU,127.0,51.104,45.683,66.869,0.09,1.32,0.0
ATOM,257.0,HB2,LEU,127.0,51.98,47.417,68.175,0.09,1.32,0.0
ATOM,258.0,HB3,LEU,127.0,50.473,47.998,68.42,0.09,1.32,0.0
ATOM,259.0,HG,LEU,127.0,49.927,46.111,69.703,0.09,1.32,0.0
ATOM,260.0,HD11,LEU,127.0,52.618,45.177,69.21,0.09,1.32,0.0
ATOM,261.0,HD12,LEU,127.0,51.555,44.445,70.21,0.09,1.32,0.0
ATOM,262.0,HD13,LEU,127.0,51.274,44.478,68.601,0.09,1.32,0.0
ATOM,263.0,HD21,LEU,127.0,50.831,47.927,70.844,0.09,1.32,0.0
ATOM,264.0,HD22,LEU,127.0,51.301,46.538,71.563,0.09,1.32,0.0
ATOM,265.0,HD23,LEU,127.0,52.341,47.353,70.603,0.09,1.32,0.0
ATOM,266.0,N,SER,128.0,48.186,47.022,66.559,-0.47,1.85,0.0
ATOM,267.0,CA,SER,128.0,46.758,46.73,66.617,0.07,2.275,0.04
ATOM,268.0,C,SER,128.0,46.367,45.483,65.816,0.51,2.0,0.0
ATOM,269.0,O,SER,128.0,45.288,44.925,66.022,-0.51,1.7,27.05
ATOM,270.0,CB,SER,128.0,45.954,47.942,66.153,0.05,2.175,16.81
ATOM,271.0,OG,SER,128.0,46.387,48.379,64.874,-0.66,1.77,4.74
ATOM,272.0,H,SER,128.0,48.58,47.89,66.161,0.31,0.2245,0.0
ATOM,273.0,HA,SER,128.0,46.511,46.561,67.586,0.09,1.32,0.0
ATOM,274.0,HB2,SER,128.0,44.993,47.691,66.1,0.09,1.32,8.62
ATOM,275.0,HB3,SER,128.0,46.081,48.682,66.806,0.09,1.32,0.17
ATOM,276.0,HG,SER,128.0,46.831,49.27,64.96,0.43,0.2245,0.0
ATOM,277.0,N,ASP,129.0,47.243,45.049,64.914,-0.47,1.85,0.0
ATOM,278.0,CA,ASP,129.0,46.984,43.874,64.082,0.07,2.275,1.8
ATOM,279.0,C,ASP,129.0,47.507,42.587,64.699,0.51,2.0,1.76
ATOM,280.0,O,ASP,129.0,47.355,41.523,64.111,-0.51,1.7,22.32
ATOM,281.0,CB,ASP,129.0,47.651,44.023,62.706,-0.28,2.175,4.77
ATOM,282.0,CG,ASP,129.0,46.989,45.073,61.829,0.62,2.0,2.85
ATOM,283.0,OD1,ASP,129.0,45.764,45.294,61.943,-0.76,1.7,26.55
ATOM,284.0,OD2,ASP,129.0,47.7,45.665,61.004,-0.76,1.7,10.85
ATOM,285.0,H,ASP,129.0,48.117,45.61,64.852,0.31,0.2245,0.0
ATOM,286.0,HA,ASP,129.0,45.977,43.781,64.007,0.09,1.32,5.32
ATOM,287.0,HB2,ASP,129.0,48.6,44.282,62.854,0.09,1.32,0.0
ATOM,288.0,HB3,ASP,129.0,47.601,43.143,62.246,0.09,1.32,5.99
ATOM,289.0,N,TYR,130.0,48.158,42.679,65.855,-0.47,1.85,0.32
ATOM,290.0,CA,TYR,130.0,48.741,41.498,66.491,0.07,2.275,0.91
ATOM,291.0,C,TYR,130.0,48.361,41.329,67.939,0.51,2.0,1.64
ATOM,292.0,O,TYR,130.0,48.021,42.293,68.629,-0.51,1.7,4.02
ATOM,293.0,CB,TYR,130.0,50.265,41.537,66.382,-0.18,2.175,0.0
ATOM,294.0,CG,TYR,130.0,50.688,41.759,64.972,0.0,1.9924,0.0
ATOM,295.0,CD1,TYR,130.0,50.83,40.69,64.095,-0.115,1.9924,2.37
ATOM,296.0,CD2,TYR,130.0,50.841,43.048,64.478,-0.115,1.9924,0.0
ATOM,297.0,CE1,TYR,130.0,51.094,40.9,62.751,-0.115,1.9924,7.94
ATOM,298.0,CE2,TYR,130.0,51.103,43.273,63.149,-0.115,1.9924,0.0
ATOM,299.0,CZ,TYR,130.0,51.23,42.196,62.286,0.11,1.9924,0.0
ATOM,300.0,OH,TYR,130.0,51.457,42.419,60.952,-0.54,1.77,16.44
ATOM,301.0,H,TYR,130.0,48.215,43.631,66.254,0.31,0.2245,0.0
ATOM,302.0,HA,TYR,130.0,48.418,40.678,65.976,0.09,1.32,0.01
ATOM,303.0,HB2,TYR,130.0,50.594,42.282,66.939,0.09,1.32,0.0
ATOM,304.0,HB3,TYR,130.0,50.617,40.668,66.69,0.09,1.32,0.0
ATOM,305.0,HD1,TYR,130.0,50.741,39.753,64.438,0.115,1.3582,4.63
ATOM,306.0,HD2,TYR,130.0,50.757,43.824,65.106,0.115,1.3582,0.0
ATOM,307.0,HE1,TYR,130.0,51.184,40.126,62.126,0.115,1.3582,13.64
ATOM,308.0,HE2,TYR,130.0,51.203,44.206,62.799,0.115,1.3582,0.0
ATOM,309.0,HH,TYR,130.0,51.656,43.388,60.808,0.43,0.2245,2.61
ATOM,310.0,N,PRO,131.0,48.382,40.074,68.414,-0.29,1.85,0.31
ATOM,311.0,CA,PRO,131.0,48.037,39.78,69.807,0.02,2.275,3.08
ATOM,312.0,C,PRO,131.0,49.191,40.066,70.76,0.51,2.0,0.0
ATOM,313.0,O,PRO,131.0,48.978,40.428,71.914,-0.51,1.7,14.88
ATOM,314.0,CB,PRO,131.0,47.67,38.294,69.761,-0.18,2.175,20.67
ATOM,315.0,CG,PRO,131.0,48.555,37.76,68.66,-0.18,2.175,10.65
ATOM,316.0,CD,PRO,131.0,48.502,38.841,67.607,0.0,2.175,10.39
ATOM,317.0,HA,PRO,131.0,47.209,40.293,70.084,0.09,1.32,8.29
ATOM,318.0,HB2,PRO,131.0,47.878,37.849,70.626,0.09,1.32,5.28
ATOM,319.0,HB3,PRO,131.0,46.71,38.17,69.532,0.09,1.32,11.27
ATOM,320.0,HG2,PRO,131.0,49.483,37.631,68.994,0.09,1.32,0.0
ATOM,321.0,HG3,PRO,131.0,48.192,36.902,68.311,0.09,1.32,11.51
ATOM,322.0,HD2,PRO,131.0,49.335,38.86,67.062,0.09,1.32,0.0
ATOM,323.0,HD3,PRO,131.0,47.708,38.733,67.013,0.09,1.32,9.62
ATOM,324.0,N,THR,132.0,50.415,39.918,70.274,-0.47,1.85,0.0
ATOM,325.0,CA,THR,132.0,51.571,40.158,71.113,0.07,2.275,0.0
ATOM,326.0,C,THR,132.0,52.576,41.051,70.394,0.51,2.0,0.0
ATOM,327.0,O,THR,132.0,52.53,41.191,69.174,-0.51,1.7,0.0
ATOM,328.0,CB,THR,132.0,52.266,38.839,71.517,0.14,2.275,2.7
ATOM,329.0,OG1,THR,132.0,52.966,38.295,70.396,-0.66,1.77,2.58
ATOM,330.0,CG2,THR,132.0,51.25,37.808,71.992,-0.27,2.06,27.98
ATOM,331.0,H,THR,132.0,50.466,39.628,69.285,0.31,0.2245,0.0
ATOM,332.0,HA,THR,132.0,51.273,40.632,71.949,0.09,1.32,0.0
ATOM,333.0,HB,THR,132.0,52.945,39.04,72.253,0.09,1.32,2.25
ATOM,334.0,HG21,THR,132.0,51.717,36.951,72.218,0.09,1.32,11.64
ATOM,335.0,HG22,THR,132.0,50.776,38.149,72.807,0.09,1.32,6.98
ATOM,336.0,HG23,THR,132.0,50.578,37.636,71.269,0.09,1.32,0.0
ATOM,337.0,HG1,THR,132.0,52.329,37.816,69.782,0.43,0.2245,0.0
ATOM,338.0,N,LEU,133.0,53.508,41.618,71.156,-0.47,1.85,0.0
ATOM,339.0,CA,LEU,133.0,54.533,42.478,70.594,0.07,2.275,0.0
ATOM,340.0,C,LEU,133.0,55.518,41.644,69.757,0.51,2.0,0.0
ATOM,341.0,O,LEU,133.0,55.969,42.098,68.716,-0.51,1.7,0.0
ATOM,342.0,CB,LEU,133.0,55.243,43.259,71.709,-0.18,2.175,0.0
ATOM,343.0,CG,LEU,133.0,56.278,44.348,71.372,-0.09,2.275,0.0
ATOM,344.0,CD1,LEU,133.0,55.78,45.294,70.274,-0.27,2.06,0.0
ATOM,345.0,CD2,LEU,133.0,56.622,45.117,72.653,-0.27,2.06,0.0
ATOM,346.0,H,LEU,133.0,53.436,41.393,72.169,0.31,0.2245,0.0
ATOM,347.0,HA,LEU,133.0,54.102,43.149,69.987,0.09,1.32,0.0
ATOM,348.0,HB2,LEU,133.0,54.525,43.704,72.273,0.09,1.32,0.0
ATOM,349.0,HB3,LEU,133.0,55.713,42.583,72.302,0.09,1.32,0.0
ATOM,350.0,HG,LEU,133.0,57.125,43.905,71.066,0.09,1.32,0.0
ATOM,351.0,HD11,LEU,133.0,54.942,45.742,70.581,0.09,1.32,0.0
ATOM,352.0,HD12,LEU,133.0,56.481,45.981,70.089,0.09,1.32,0.59
ATOM,353.0,HD13,LEU,133.0,55.597,44.768,69.445,0.09,1.32,0.0
ATOM,354.0,HD21,LEU,133.0,57.002,44.483,73.325,0.09,1.32,0.0
ATOM,355.0,HD22,LEU,133.0,57.293,45.825,72.441,0.09,1.32,0.0
ATOM,356.0,HD23,LEU,133.0,55.792,45.537,73.017,0.09,1.32,0.0
ATOM,357.0,N,GLN,134.0,55.805,40.411,70.173,-0.47,1.85,0.0
ATOM,358.0,CA,GLN,134.0,56.707,39.55,69.411,0.07,2.275,0.0
ATOM,359.0,C,GLN,134.0,56.148,39.242,68.024,0.51,2.0,0.0
ATOM,360.0,O,GLN,134.0,56.892,39.172,67.054,-0.51,1.7,0.0
ATOM,361.0,CB,GLN,134.0,56.966,38.235,70.135,-0.18,2.175,11.32
ATOM,362.0,CG,GLN,134.0,57.903,37.328,69.375,-0.18,2.175,17.45
ATOM,363.0,CD,GLN,134.0,59.278,37.952,69.19,0.55,2.0,1.76
ATOM,364.0,H,GLN,134.0,55.347,40.127,71.054,0.31,0.2245,0.66
ATOM,365.0,HA,GLN,134.0,57.578,40.044,69.288,0.09,1.32,0.0
ATOM,366.0,HB2,GLN,134.0,57.371,38.432,71.025,0.09,1.32,2.48
ATOM,367.0,HB3,GLN,134.0,56.097,37.759,70.258,0.09,1.32,2.83
ATOM,368.0,HG2,GLN,134.0,58.012,36.474,69.879,0.09,1.32,11.79
ATOM,369.0,HG3,GLN,134.0,57.518,37.142,68.473,0.09,1.32,0.99
ATOM,370.0,OE1,GLN,134.0,60.001,38.137,70.161,-0.55,1.7,5.18
ATOM,371.0,NE2,GLN,134.0,59.631,38.304,67.95,-0.62,1.85,5.83
ATOM,372.0,HE21,GLN,134.0,60.52,38.734,67.763,0.32,0.2245,0.0
ATOM,373.0,HE22,GLN,134.0,58.971,38.124,67.191,0.3,0.2245,0.0
ATOM,374.0,N,ASP,135.0,54.842,39.028,67.93,-0.47,1.85,0.0
ATOM,375.0,CA,ASP,135.0,54.224,38.748,66.631,0.07,2.275,1.02
ATOM,376.0,C,ASP,135.0,54.413,39.942,65.698,0.51,2.0,0.0
ATOM,377.0,O,ASP,135.0,54.747,39.771,64.524,-0.51,1.7,2.57
ATOM,378.0,CB,ASP,135.0,52.738,38.401,66.797,-0.28,2.175,3.26
ATOM,379.0,CG,ASP,135.0,52.527,37.028,67.437,0.62,2.0,3.12
ATOM,380.0,OD1,ASP,135.0,53.265,36.083,67.082,-0.76,1.7,36.03
ATOM,381.0,OD2,ASP,135.0,51.64,36.889,68.304,-0.76,1.7,10.49
ATOM,382.0,H,ASP,135.0,54.318,39.074,68.815,0.31,0.2245,0.0
ATOM,383.0,HA,ASP,135.0,54.72,37.977,66.227,0.09,1.32,0.67
ATOM,384.0,HB2,ASP,135.0,52.325,39.087,67.38,0.09,1.32,0.0
ATOM,385.0,HB3,ASP,135.0,52.32,38.398,65.9,0.09,1.32,2.61
ATOM,386.0,N,ALA,136.0,54.235,41.145,66.242,-0.47,1.85,0.0
ATOM,387.0,CA,ALA,136.0,54.423,42.377,65.49,0.07,2.275,0.0
ATOM,388.0,C,ALA,136.0,55.88,42.503,65.061,0.51,2.0,0.0
ATOM,389.0,O,ALA,136.0,56.166,42.804,63.897,-0.51,1.7,0.0
ATOM,390.0,CB,ALA,136.0,54.017,43.582,66.331,-0.27,2.06,0.0
ATOM,391.0,H,ALA,136.0,53.951,41.125,67.246,0.31,0.2245,0.0
ATOM,392.0,HA,ALA,136.0,53.849,42.348,64.668,0.09,1.32,0.0
ATOM,393.0,HB1,ALA,136.0,53.1,43.879,66.067,0.09,1.32,0.0
ATOM,394.0,HB2,ALA,136.0,54.02,43.329,67.298,0.09,1.32,0.0
ATOM,395.0,HB3,ALA,136.0,54.665,44.327,66.179,0.09,1.32,0.0
ATOM,396.0,N,ALA,137.0,56.795,42.254,66.001,-0.47,1.85,0.0
ATOM,397.0,CA,ALA,137.0,58.233,42.318,65.75,0.07,2.275,0.0
ATOM,398.0,C,ALA,137.0,58.642,41.342,64.654,0.51,2.0,0.0
ATOM,399.0,O,ALA,137.0,59.478,41.669,63.805,-0.51,1.7,0.11
ATOM,400.0,CB,ALA,137.0,59.001,42.01,67.013,-0.27,2.06,0.0
ATOM,401.0,H,ALA,137.0,56.391,42.009,66.935,0.31,0.2245,0.0
ATOM,402.0,HA,ALA,137.0,58.468,43.252,65.453,0.09,1.32,0.0
ATOM,403.0,HB1,ALA,137.0,58.652,41.167,67.426,0.09,1.32,0.0
ATOM,404.0,HB2,ALA,137.0,59.973,41.892,66.8,0.09,1.32,0.0
ATOM,405.0,HB3,ALA,137.0,58.898,42.762,67.666,0.09,1.32,0.0
ATOM,406.0,N,SER,138.0,58.062,40.142,64.679,-0.47,1.85,0.0
ATOM,407.0,CA,SER,138.0,58.363,39.131,63.673,0.07,2.275,0.63
ATOM,408.0,C,SER,138.0,57.902,39.528,62.27,0.51,2.0,0.28
ATOM,409.0,O,SER,138.0,58.567,39.211,61.294,-0.51,1.7,19.21
ATOM,410.0,CB,SER,138.0,57.752,37.792,64.071,0.05,2.175,21.4
ATOM,411.0,OG,SER,138.0,58.356,37.326,65.263,-0.66,1.77,16.4
ATOM,412.0,H,SER,138.0,57.395,39.997,65.459,0.31,0.2245,0.0
ATOM,413.0,HA,SER,138.0,59.369,39.009,63.642,0.09,1.32,4.03
ATOM,414.0,HB2,SER,138.0,56.781,37.914,64.225,0.09,1.32,0.5
ATOM,415.0,HB3,SER,138.0,57.916,37.136,63.346,0.09,1.32,9.84
ATOM,416.0,HG,SER,138.0,57.972,37.815,66.045,0.43,0.2245,0.0
ATOM,417.0,N,ALA,139.0,56.792,40.255,62.18,-0.47,1.85,0.18
ATOM,418.0,CA,ALA,139.0,56.257,40.689,60.893,0.07,2.275,3.01
ATOM,419.0,C,ALA,139.0,56.93,41.954,60.344,0.51,2.0,0.0
ATOM,420.0,O,ALA,139.0,56.912,42.182,59.135,-0.51,1.7,10.45
ATOM,421.0,CB,ALA,139.0,54.751,40.916,61.003,-0.27,2.06,10.87
ATOM,422.0,H,ALA,139.0,56.346,40.483,63.091,0.31,0.2245,0.0
ATOM,423.0,HA,ALA,139.0,56.389,39.941,60.217,0.09,1.32,9.19
ATOM,424.0,HB1,ALA,139.0,54.371,41.068,60.092,0.09,1.32,6.25
ATOM,425.0,HB2,ALA,139.0,54.323,40.112,61.414,0.09,1.32,4.47
ATOM,426.0,HB3,ALA,139.0,54.577,41.716,61.575,0.09,1.32,0.0
ATOM,427.0,N,ALA,140.0,57.529,42.757,61.218,-0.47,1.85,0.0
ATOM,428.0,CA,ALA,140.0,58.147,44.019,60.814,0.07,2.275,0.0
ATOM,429.0,C,ALA,140.0,59.309,43.903,59.825,0.51,2.0,0.0
ATOM,430.0,O,ALA,140.0,60.121,42.988,59.901,-0.51,1.7,1.76
ATOM,431.0,CB,ALA,140.0,58.568,44.811,62.045,-0.27,2.06,0.0
ATOM,432.0,H,ALA,140.0,57.52,42.415,62.2,0.31,0.2245,0.0
ATOM,433.0,HA,ALA,140.0,57.424,44.61,60.388,0.09,1.32,0.0
ATOM,434.0,HB1,ALA,140.0,59.515,44.59,62.276,0.09,1.32,0.0
ATOM,435.0,HB2,ALA,140.0,58.492,45.789,61.854,0.09,1.32,0.0
ATOM,436.0,HB3,ALA,140.0,57.974,44.575,62.813,0.09,1.32,0.0
ATOM,437.0,N,VAL,141.0,59.389,44.871,58.919,-0.47,1.85,0.0
ATOM,438.0,CA,VAL,141.0,60.418,44.933,57.889,0.07,2.275,0.0
ATOM,439.0,C,VAL,141.0,61.208,46.251,57.948,0.51,2.0,0.0
ATOM,440.0,O,VAL,141.0,62.432,46.267,57.857,-0.51,1.7,14.27
ATOM,441.0,CB,VAL,141.0,59.759,44.839,56.497,-0.09,2.275,0.01
ATOM,442.0,CG1,VAL,141.0,60.795,44.888,55.415,-0.27,2.06,27.59
ATOM,443.0,CG2,VAL,141.0,58.923,43.58,56.399,-0.27,2.06,20.76
ATOM,444.0,H,VAL,141.0,58.635,45.601,59.009,0.31,0.2245,0.47
ATOM,445.0,HA,VAL,141.0,61.071,44.18,58.047,0.09,1.32,1.74
ATOM,446.0,HB,VAL,141.0,59.174,45.64,56.392,0.09,1.32,0.0
ATOM,447.0,HG11,VAL,141.0,61.651,44.475,55.738,0.09,1.32,7.44
ATOM,448.0,HG12,VAL,141.0,60.476,44.383,54.608,0.09,1.32,6.64
ATOM,449.0,HG13,VAL,141.0,60.974,45.84,55.151,0.09,1.32,3.36
ATOM,450.0,HG21,VAL,141.0,59.017,43.05,57.243,0.09,1.32,0.54
ATOM,451.0,HG22,VAL,141.0,57.962,43.827,56.266,0.09,1.32,4.15
ATOM,452.0,HG23,VAL,141.0,59.237,43.03,55.623,0.09,1.32,7.98
ATOM,453.0,N,ASP,142.0,60.489,47.352,58.11,-0.47,1.85,0.0
ATOM,454.0,CA,ASP,142.0,61.073,48.68,58.137,0.07,2.275,0.5
ATOM,455.0,C,ASP,142.0,60.493,49.409,59.341,0.51,2.0,0.0
ATOM,456.0,O,ASP,142.0,61.17,49.605,60.336,-0.51,1.7,0.0
ATOM,457.0,CB,ASP,142.0,60.717,49.38,56.816,-0.28,2.175,3.44
ATOM,458.0,CG,ASP,142.0,61.27,50.804,56.697,0.62,2.0,3.24
ATOM,459.0,OD1,ASP,142.0,61.937,51.314,57.621,-0.76,1.7,11.13
ATOM,460.0,OD2,ASP,142.0,61.014,51.422,55.64,-0.76,1.7,14.38
ATOM,461.0,H,ASP,142.0,59.459,47.18,58.217,0.31,0.2245,0.0
ATOM,462.0,HA,ASP,142.0,62.049,48.576,58.301,0.09,1.32,0.91
ATOM,463.0,HB2,ASP,142.0,61.089,48.835,56.069,0.09,1.32,4.89
ATOM,464.0,HB3,ASP,142.0,59.724,49.421,56.747,0.09,1.32,0.0
ATOM,465.0,N,GLY,143.0,59.219,49.759,59.273,-0.47,1.85,0.0
ATOM,466.0,CA,GLY,143.0,58.598,50.452,60.379,-0.02,2.175,3.33
ATOM,467.0,C,GLY,143.0,57.717,49.583,61.255,0.51,2.0,0.0
ATOM,468.0,O,GLY,143.0,57.233,48.524,60.825,-0.51,1.7,0.0
ATOM,469.0,H,GLY,143.0,58.734,49.504,58.4,0.31,0.2245,0.0
ATOM,470.0,HA2,GLY,143.0,59.325,50.88,60.961,0.09,1.32,0.0
ATOM,471.0,HA3,GLY,143.0,58.04,51.232,60.018,0.09,1.32,4.22
ATOM,472.0,N,LEU,144.0,57.573,50.006,62.507,-0.47,1.85,0.73
ATOM,473.0,CA,LEU,144.0,56.727,49.341,63.484,0.07,2.275,0.0
ATOM,474.0,C,LEU,144.0,56.023,50.448,64.281,0.51,2.0,0.49
ATOM,475.0,O,LEU,144.0,56.667,51.276,64.93,-0.51,1.7,0.0
ATOM,476.0,CB,LEU,144.0,57.541,48.406,64.39,-0.18,2.175,0.0
ATOM,477.0,CG,LEU,144.0,56.833,47.791,65.61,-0.09,2.275,0.0
ATOM,478.0,CD1,LEU,144.0,55.502,47.17,65.242,-0.27,2.06,0.0
ATOM,479.0,CD2,LEU,144.0,57.733,46.763,66.274,-0.27,2.06,0.73
ATOM,480.0,H,LEU,144.0,58.129,50.87,62.73,0.31,0.2245,0.48
ATOM,481.0,HA,LEU,144.0,56.037,48.813,63.012,0.09,1.32,0.0
ATOM,482.0,HB2,LEU,144.0,57.869,47.645,63.826,0.09,1.32,0.0
ATOM,483.0,HB3,LEU,144.0,58.326,48.923,64.735,0.09,1.32,0.0
ATOM,484.0,HG,LEU,144.0,56.69,48.515,66.294,0.09,1.32,0.0
ATOM,485.0,HD11,LEU,144.0,55.643,46.444,64.567,0.09,1.32,0.0
ATOM,486.0,HD12,LEU,144.0,55.073,46.781,66.059,0.09,1.32,0.0
ATOM,487.0,HD13,LEU,144.0,54.899,47.869,64.853,0.09,1.32,0.0
ATOM,488.0,HD21,LEU,144.0,58.58,47.203,66.575,0.09,1.32,0.0
ATOM,489.0,HD22,LEU,144.0,57.265,46.368,67.066,0.09,1.32,0.0
ATOM,490.0,HD23,LEU,144.0,57.951,46.036,65.621,0.09,1.32,0.0
ATOM,491.0,N,LEU,145.0,54.702,50.491,64.171,-0.47,1.85,0.0
ATOM,492.0,CA,LEU,145.0,53.884,51.491,64.85,0.07,2.275,0.08
ATOM,493.0,C,LEU,145.0,53.176,50.929,66.078,0.51,2.0,0.0
ATOM,494.0,O,LEU,145.0,52.461,49.921,65.991,-0.51,1.7,0.0
ATOM,495.0,CB,LEU,145.0,52.847,52.063,63.863,-0.18,2.175,0.0
ATOM,496.0,CG,LEU,145.0,51.8,53.047,64.407,-0.09,2.275,0.0
ATOM,497.0,CD1,LEU,145.0,52.463,54.357,64.892,-0.27,2.06,0.39
ATOM,498.0,CD2,LEU,145.0,50.797,53.332,63.313,-0.27,2.06,22.41
ATOM,499.0,H,LEU,145.0,54.295,49.748,63.556,0.31,0.2245,0.0
ATOM,500.0,HA,LEU,145.0,54.486,52.248,65.149,0.09,1.32,0.0
ATOM,501.0,HB2,LEU,145.0,53.351,52.538,63.138,0.09,1.32,3.69
ATOM,502.0,HB3,LEU,145.0,52.35,51.29,63.466,0.09,1.32,0.0
ATOM,503.0,HG,LEU,145.0,51.321,52.624,65.175,0.09,1.32,0.0
ATOM,504.0,HD11,LEU,145.0,52.937,54.781,64.125,0.09,1.32,2.78
ATOM,505.0,HD12,LEU,145.0,51.755,54.968,65.236,0.09,1.32,0.0
ATOM,506.0,HD13,LEU,145.0,53.111,54.141,65.617,0.09,1.32,0.0
ATOM,507.0,HD21,LEU,145.0,50.349,52.48,63.032,0.09,1.32,0.0
ATOM,508.0,HD22,LEU,145.0,50.103,53.974,63.647,0.09,1.32,5.93
ATOM,509.0,HD23,LEU,145.0,51.262,53.735,62.522,0.09,1.32,9.45
ATOM,510.0,N,ILE,146.0,53.391,51.559,67.228,-0.47,1.85,0.0
ATOM,511.0,CA,ILE,146.0,52.745,51.128,68.464,0.07,2.275,0.0
ATOM,512.0,C,ILE,146.0,51.519,52.027,68.545,0.51,2.0,0.0
ATOM,513.0,O,ILE,146.0,51.605,53.192,68.947,-0.51,1.7,0.0
ATOM,514.0,CB,ILE,146.0,53.651,51.326,69.697,-0.09,2.275,0.0
ATOM,515.0,CG1,ILE,146.0,55.008,50.627,69.488,-0.18,2.175,0.0
ATOM,516.0,CG2,ILE,146.0,52.929,50.843,70.954,-0.27,2.06,0.0
ATOM,517.0,CD1,ILE,146.0,54.93,49.129,69.126,-0.27,2.06,0.0
ATOM,518.0,H,ILE,146.0,54.042,52.364,67.172,0.31,0.2245,0.0
ATOM,519.0,HA,ILE,146.0,52.417,50.22,68.303,0.09,1.32,0.0
ATOM,520.0,HB,ILE,146.0,53.823,52.299,69.8,0.09,1.32,0.0
ATOM,521.0,HG12,ILE,146.0,55.501,51.101,68.757,0.09,1.32,0.0
ATOM,522.0,HG13,ILE,146.0,55.54,50.714,70.333,0.09,1.32,0.0
ATOM,523.0,HG21,ILE,146.0,53.497,51.028,71.753,0.09,1.32,0.07
ATOM,524.0,HG22,ILE,146.0,52.06,51.325,71.042,0.09,1.32,0.0
ATOM,525.0,HG23,ILE,146.0,52.762,49.862,70.883,0.09,1.32,0.0
ATOM,526.0,HD11,ILE,146.0,54.421,49.035,68.277,0.09,1.32,0.0
ATOM,527.0,HD12,ILE,146.0,55.855,48.782,69.015,0.09,1.32,0.35
ATOM,528.0,HD13,ILE,146.0,54.466,48.649,69.863,0.09,1.32,0.0
ATOM,529.0,N,ASP,147.0,50.392,51.499,68.085,-0.47,1.85,0.0
ATOM,530.0,CA,ASP,147.0,49.167,52.266,68.029,0.07,2.275,0.85
ATOM,531.0,C,ASP,147.0,48.08,51.868,69.012,0.51,2.0,0.0
ATOM,532.0,O,ASP,147.0,46.933,52.283,68.865,-0.51,1.7,23.52
ATOM,533.0,CB,ASP,147.0,48.62,52.253,66.601,-0.28,2.175,6.7
ATOM,534.0,CG,ASP,147.0,48.245,50.86,66.126,0.62,2.0,0.0
ATOM,535.0,OD1,ASP,147.0,48.724,49.862,66.699,-0.76,1.7,0.0
ATOM,536.0,OD2,ASP,147.0,47.455,50.76,65.171,-0.76,1.7,11.59
ATOM,537.0,H,ASP,147.0,50.469,50.509,67.777,0.31,0.2245,0.0
ATOM,538.0,HA,ASP,147.0,49.413,53.243,68.24,0.09,1.32,0.01
ATOM,539.0,HB2,ASP,147.0,47.809,52.827,66.577,0.09,1.32,7.91
ATOM,540.0,HB3,ASP,147.0,49.321,52.617,65.999,0.09,1.32,0.0
ATOM,541.0,N,ARG,148.0,48.403,51.009,69.969,-0.47,1.85,0.0
ATOM,542.0,CA,ARG,148.0,47.427,50.634,70.981,0.07,2.275,0.29
ATOM,543.0,C,ARG,148.0,48.212,50.347,72.239,0.51,2.0,0.0
ATOM,544.0,O,ARG,148.0,49.365,49.912,72.16,-0.51,1.7,0.0
ATOM,545.0,CB,ARG,148.0,46.599,49.41,70.568,-0.18,2.175,10.11
ATOM,546.0,CG,ARG,148.0,47.36,48.092,70.459,-0.18,2.175,0.0
ATOM,547.0,CD,ARG,148.0,46.39,46.904,70.561,0.2,2.175,13.68
ATOM,548.0,NE,ARG,148.0,47.054,45.608,70.414,-0.7,1.85,4.3
ATOM,549.0,CZ,ARG,148.0,47.632,44.939,71.412,0.64,2.0,1.73
ATOM,550.0,NH1,ARG,148.0,47.641,45.442,72.646,-0.8,1.85,11.82
ATOM,551.0,NH2,ARG,148.0,48.178,43.746,71.18,-0.8,1.85,5.65
ATOM,552.0,H,ARG,148.0,49.367,50.646,69.933,0.31,0.2245,0.0
ATOM,553.0,HA,ARG,148.0,46.819,51.399,71.144,0.09,1.32,4.92
ATOM,554.0,HB2,ARG,148.0,45.867,49.288,71.244,0.09,1.32,6.34
ATOM,555.0,HB3,ARG,148.0,46.187,49.601,69.674,0.09,1.32,1.67
ATOM,556.0,HG2,ARG,148.0,47.814,48.04,69.581,0.09,1.32,0.0
ATOM,557.0,HG3,ARG,148.0,48.009,48.019,71.203,0.09,1.32,0.0
ATOM,558.0,HD2,ARG,148.0,45.947,46.951,71.455,0.09,1.32,5.0
ATOM,559.0,HD3,ARG,148.0,45.706,47.01,69.841,0.09,1.32,4.0
ATOM,560.0,HE,ARG,148.0,47.076,45.193,69.497,0.44,0.2245,0.42
ATOM,561.0,HH11,ARG,148.0,47.2,46.313,72.843,0.46,0.2245,1.04
ATOM,562.0,HH12,ARG,148.0,48.097,44.936,73.384,0.46,0.2245,4.52
ATOM,563.0,HH21,ARG,148.0,48.132,43.353,70.26,0.46,0.2245,0.0
ATOM,564.0,HH22,ARG,148.0,48.628,43.249,71.917,0.46,0.2245,0.99
ATOM,565.0,N,ASP,149.0,47.618,50.644,73.387,-0.47,1.85,0.22
ATOM,566.0,CA,ASP,149.0,48.295,50.401,74.655,0.07,2.275,0.0
ATOM,567.0,C,ASP,149.0,48.602,48.933,74.758,0.51,2.0,0.0
ATOM,568.0,O,ASP,149.0,47.796,48.092,74.338,-0.51,1.7,6.38
ATOM,569.0,CB,ASP,149.0,47.448,50.828,75.846,-0.28,2.175,4.11
ATOM,570.0,CG,ASP,149.0,47.305,52.326,75.949,0.62,2.0,1.05
ATOM,571.0,OD1,ASP,149.0,48.117,53.066,75.347,-0.76,1.7,5.38
ATOM,572.0,OD2,ASP,149.0,46.377,52.766,76.653,-0.76,1.7,35.38
ATOM,573.0,H,ASP,149.0,46.672,51.046,73.307,0.31,0.2245,8.64
ATOM,574.0,HA,ASP,149.0,49.166,50.891,74.621,0.09,1.32,0.0
ATOM,575.0,HB2,ASP,149.0,46.544,50.425,75.742,0.09,1.32,9.19
ATOM,576.0,HB3,ASP,149.0,47.884,50.489,76.672,0.09,1.32,0.0
ATOM,577.0,N,TYR,150.0,49.746,48.622,75.346,-0.47,1.85,0.0
ATOM,578.0,CA,TYR,150.0,50.143,47.245,75.456,0.07,2.275,0.0
ATOM,579.0,C,TYR,150.0,50.569,46.927,76.87,0.51,2.0,0.0
ATOM,580.0,O,TYR,150.0,51.491,47.542,77.402,-0.51,1.7,0.0
ATOM,581.0,CB,TYR,150.0,51.277,46.961,74.469,-0.18,2.175,0.0
ATOM,582.0,CG,TYR,150.0,51.685,45.516,74.41,0.0,1.9924,0.0
ATOM,583.0,CD1,TYR,150.0,50.999,44.618,73.593,-0.115,1.9924,0.16
ATOM,584.0,CD2,TYR,150.0,52.747,45.039,75.183,-0.115,1.9924,0.0
ATOM,585.0,CE1,TYR,150.0,51.348,43.28,73.548,-0.115,1.9924,5.2
ATOM,586.0,CE2,TYR,150.0,53.116,43.703,75.145,-0.115,1.9924,0.0
ATOM,587.0,CZ,TYR,150.0,52.412,42.823,74.318,0.11,1.9924,0.27
ATOM,588.0,OH,TYR,150.0,52.779,41.493,74.244,-0.54,1.77,7.21
ATOM,589.0,H,TYR,150.0,50.294,49.421,75.698,0.31,0.2245,0.0
ATOM,590.0,HA,TYR,150.0,49.352,46.661,75.228,0.09,1.32,0.0
ATOM,591.0,HB2,TYR,150.0,50.975,47.242,73.56,0.09,1.32,0.0
ATOM,592.0,HB3,TYR,150.0,52.07,47.502,74.744,0.09,1.32,0.0
ATOM,593.0,HD1,TYR,150.0,50.239,44.949,73.029,0.115,1.3582,0.0
ATOM,594.0,HD2,TYR,150.0,53.246,45.673,75.77,0.115,1.3582,0.0
ATOM,595.0,HE1,TYR,150.0,50.842,42.643,72.966,0.115,1.3582,0.0
ATOM,596.0,HE2,TYR,150.0,53.872,43.368,75.698,0.115,1.3582,0.0
ATOM,597.0,HH,TYR,150.0,53.615,41.357,74.77,0.43,0.2245,0.0
ATOM,598.0,N,ASN,151.0,49.867,45.984,77.486,-0.47,1.85,0.0
ATOM,599.0,CA,ASN,151.0,50.192,45.567,78.843,0.07,2.275,0.0
ATOM,600.0,C,ASN,151.0,51.204,44.445,78.743,0.51,2.0,0.21
ATOM,601.0,O,ASN,151.0,50.925,43.403,78.135,-0.51,1.7,16.61
ATOM,602.0,CB,ASN,151.0,48.956,45.053,79.569,-0.18,2.175,13.88
ATOM,603.0,CG,ASN,151.0,47.918,46.114,79.756,0.55,2.0,2.05
ATOM,604.0,H,ASN,151.0,49.09,45.582,76.932,0.31,0.2245,2.14
ATOM,605.0,HA,ASN,151.0,50.643,46.334,79.288,0.09,1.32,0.0
ATOM,606.0,HB2,ASN,151.0,48.566,44.307,79.032,0.09,1.32,6.34
ATOM,607.0,HB3,ASN,151.0,49.239,44.712,80.464,0.09,1.32,7.52
ATOM,608.0,OD1,ASN,151.0,47.956,46.869,80.715,-0.55,1.7,14.7
ATOM,609.0,ND2,ASN,151.0,46.973,46.178,78.839,-0.62,1.85,16.28
ATOM,610.0,HD22,ASN,151.0,46.967,45.536,78.07,0.3,0.2245,11.87
ATOM,611.0,HD21,ASN,151.0,46.25,46.872,78.905,0.32,0.2245,17.84
ATOM,612.0,N,PHE,152.0,52.388,44.659,79.295,-0.47,1.85,0.0
ATOM,613.0,CA,PHE,152.0,53.41,43.637,79.247,0.07,2.275,0.0
ATOM,614.0,C,PHE,152.0,53.611,43.05,80.637,0.51,2.0,1.54
ATOM,615.0,O,PHE,152.0,53.299,43.696,81.65,-0.51,1.7,7.97
ATOM,616.0,CB,PHE,152.0,54.733,44.236,78.736,-0.18,2.175,0.0
ATOM,617.0,CG,PHE,152.0,55.372,45.236,79.685,0.0,1.9924,0.0
ATOM,618.0,CD1,PHE,152.0,56.259,44.811,80.682,-0.115,1.9924,0.0
ATOM,619.0,CD2,PHE,152.0,55.082,46.597,79.585,-0.115,1.9924,0.0
ATOM,620.0,CE1,PHE,152.0,56.859,45.724,81.556,-0.115,1.9924,0.0
ATOM,621.0,CE2,PHE,152.0,55.677,47.525,80.451,-0.115,1.9924,0.0
ATOM,622.0,CZ,PHE,152.0,56.564,47.087,81.446,-0.115,1.9924,0.0
ATOM,623.0,H,PHE,152.0,52.508,45.581,79.742,0.31,0.2245,0.0
ATOM,624.0,HA,PHE,152.0,53.064,42.895,78.669,0.09,1.32,0.0
ATOM,625.0,HB2,PHE,152.0,55.371,43.494,78.607,0.09,1.32,0.0
ATOM,626.0,HB3,PHE,152.0,54.545,44.704,77.887,0.09,1.32,0.0
ATOM,627.0,HD1,PHE,152.0,56.47,43.842,80.773,0.115,1.3582,0.0
ATOM,628.0,HD2,PHE,152.0,54.443,46.917,78.888,0.115,1.3582,0.0
ATOM,629.0,HE1,PHE,152.0,57.496,45.396,82.257,0.115,1.3582,0.0
ATOM,630.0,HE2,PHE,152.0,55.463,48.506,80.356,0.115,1.3582,0.0
ATOM,631.0,HZ,PHE,152.0,56.981,47.739,82.068,0.115,1.3582,0.0
ATOM,632.0,N,TYR,153.0,54.134,41.829,80.698,-0.47,1.85,0.74
ATOM,633.0,CA,TYR,153.0,54.43,41.225,81.997,0.07,2.275,1.62
ATOM,634.0,C,TYR,153.0,55.933,41.395,82.228,0.51,2.0,0.0
ATOM,635.0,O,TYR,153.0,56.711,41.437,81.274,-0.51,1.7,0.0
ATOM,636.0,CB,TYR,153.0,54.024,39.737,82.059,-0.18,2.175,17.54
ATOM,637.0,CG,TYR,153.0,54.651,38.856,81.004,0.0,1.9924,0.47
ATOM,638.0,CD1,TYR,153.0,55.89,38.248,81.215,-0.115,1.9924,9.16
ATOM,639.0,CD2,TYR,153.0,54.0,38.626,79.799,-0.115,1.9924,9.06
ATOM,640.0,CE1,TYR,153.0,56.46,37.433,80.255,-0.115,1.9924,10.52
ATOM,641.0,CE2,TYR,153.0,54.563,37.811,78.827,-0.115,1.9924,10.64
ATOM,642.0,CZ,TYR,153.0,55.785,37.223,79.064,0.11,1.9924,1.77
ATOM,643.0,OH,TYR,153.0,56.331,36.434,78.088,-0.54,1.77,30.01
ATOM,644.0,H,TYR,153.0,54.304,41.37,79.797,0.31,0.2245,0.0
ATOM,645.0,HA,TYR,153.0,53.95,41.733,82.698,0.09,1.32,4.49
ATOM,646.0,HB2,TYR,153.0,54.285,39.386,82.96,0.09,1.32,7.46
ATOM,647.0,HB3,TYR,153.0,53.029,39.687,81.96,0.09,1.32,9.53
ATOM,648.0,HD1,TYR,153.0,56.373,38.407,82.079,0.115,1.3582,1.65
ATOM,649.0,HD2,TYR,153.0,53.113,39.052,79.629,0.115,1.3582,10.61
ATOM,650.0,HE1,TYR,153.0,57.345,37.0,80.416,0.115,1.3582,10.6
ATOM,651.0,HE2,TYR,153.0,54.084,37.655,77.964,0.115,1.3582,13.61
ATOM,652.0,HH,TYR,153.0,57.041,36.947,77.606,0.43,0.2245,7.8
ATOM,653.0,N,GLY,154.0,56.322,41.567,83.484,-0.47,1.85,0.92
ATOM,654.0,CA,GLY,154.0,57.728,41.727,83.82,-0.02,2.175,6.07
ATOM,655.0,C,GLY,154.0,58.588,40.611,83.238,0.51,2.0,1.91
ATOM,656.0,O,GLY,154.0,58.321,39.413,83.441,-0.51,1.7,19.85
ATOM,657.0,H,GLY,154.0,55.558,41.577,84.184,0.31,0.2245,10.93
ATOM,658.0,HA2,GLY,154.0,58.059,42.617,83.47,0.09,1.32,0.0
ATOM,659.0,HA3,GLY,154.0,57.835,41.737,84.826,0.09,1.32,9.12
ATOM,660.0,N,GLY,155.0,59.61,41.0,82.486,-0.47,1.85,1.22
ATOM,661.0,CA,GLY,155.0,60.497,40.023,81.879,-0.02,2.175,14.62
ATOM,662.0,C,GLY,155.0,60.115,39.659,80.458,0.51,2.0,0.01
ATOM,663.0,O,GLY,155.0,60.817,38.878,79.827,-0.51,1.7,12.08
ATOM,664.0,H,GLY,155.0,59.713,42.022,82.376,0.31,0.2245,0.0
ATOM,665.0,HA2,GLY,155.0,61.45,40.385,81.887,0.09,1.32,0.34
ATOM,666.0,HA3,GLY,155.0,60.506,39.178,82.449,0.09,1.32,8.58
ATOM,667.0,N,GLU,156.0,59.018,40.212,79.953,-0.47,1.85,0.0
ATOM,668.0,CA,GLU,156.0,58.594,39.922,78.592,0.07,2.275,0.0
ATOM,669.0,C,GLU,156.0,59.721,40.358,77.649,0.51,2.0,0.0
ATOM,670.0,O,GLU,156.0,60.124,41.521,77.662,-0.51,1.7,0.0
ATOM,671.0,CB,GLU,156.0,57.281,40.637,78.253,-0.18,2.175,0.0
ATOM,672.0,CG,GLU,156.0,56.754,40.257,76.881,-0.28,2.175,3.87
ATOM,673.0,CD,GLU,156.0,55.353,40.758,76.616,0.62,2.0,0.08
ATOM,674.0,OE1,GLU,156.0,54.63,41.108,77.573,-0.76,1.7,1.74
ATOM,675.0,OE2,GLU,156.0,54.968,40.776,75.431,-0.76,1.7,6.46
ATOM,676.0,H,GLU,156.0,58.51,40.846,80.593,0.31,0.2245,0.0
ATOM,677.0,HA,GLU,156.0,58.431,38.948,78.483,0.09,1.32,0.07
ATOM,678.0,HB2,GLU,156.0,56.616,40.366,78.916,0.09,1.32,0.0
ATOM,679.0,HB3,GLU,156.0,57.457,41.598,78.252,0.09,1.32,0.0
ATOM,680.0,HG2,GLU,156.0,57.348,40.655,76.202,0.09,1.32,0.0
ATOM,681.0,HG3,GLU,156.0,56.736,39.273,76.818,0.09,1.32,0.42
ATOM,682.0,N,THR,157.0,60.22,39.415,76.846,-0.47,1.85,0.0
ATOM,683.0,CA,THR,157.0,61.342,39.664,75.942,0.07,2.275,0.0
ATOM,684.0,C,THR,157.0,60.947,39.598,74.475,0.51,2.0,0.0
ATOM,685.0,O,THR,157.0,60.288,38.655,74.047,-0.51,1.7,16.22
ATOM,686.0,CB,THR,157.0,62.484,38.646,76.218,0.14,2.275,5.45
ATOM,687.0,OG1,THR,157.0,62.84,38.689,77.604,-0.66,1.77,10.42
ATOM,688.0,CG2,THR,157.0,63.718,38.949,75.369,-0.27,2.06,9.68
ATOM,689.0,H,THR,157.0,59.742,38.491,76.92,0.31,0.2245,4.18
ATOM,690.0,HA,THR,157.0,61.703,40.593,76.134,0.09,1.32,0.0
ATOM,691.0,HB,THR,157.0,62.141,37.711,76.002,0.09,1.32,9.61
ATOM,692.0,HG21,THR,157.0,64.365,38.187,75.431,0.09,1.32,11.38
ATOM,693.0,HG22,THR,157.0,63.447,39.075,74.413,0.09,1.32,0.0
ATOM,694.0,HG23,THR,157.0,64.158,39.785,75.701,0.09,1.32,0.0
ATOM,695.0,HG1,THR,157.0,62.014,38.74,78.176,0.43,0.2245,0.27
ATOM,696.0,N,VAL,158.0,61.357,40.598,73.704,-0.47,1.85,0.0
ATOM,697.0,CA,VAL,158.0,61.05,40.661,72.277,0.07,2.275,0.0
ATOM,698.0,C,VAL,158.0,62.35,40.566,71.478,0.51,2.0,0.0
ATOM,699.0,O,VAL,158.0,63.324,41.253,71.769,-0.51,1.7,0.0
ATOM,700.0,CB,VAL,158.0,60.289,41.961,71.924,-0.09,2.275,0.0
ATOM,701.0,CG1,VAL,158.0,59.913,41.963,70.455,-0.27,2.06,0.0
ATOM,702.0,CG2,VAL,158.0,59.032,42.092,72.786,-0.27,2.06,0.0
ATOM,703.0,H,VAL,158.0,61.912,41.329,74.199,0.31,0.2245,0.0
ATOM,704.0,HA,VAL,158.0,60.486,39.87,72.042,0.09,1.32,0.0
ATOM,705.0,HB,VAL,158.0,60.912,42.72,72.07,0.09,1.32,0.0
ATOM,706.0,HG11,VAL,158.0,60.504,41.328,69.955,0.09,1.32,0.0
ATOM,707.0,HG12,VAL,158.0,58.959,41.678,70.351,0.09,1.32,0.0
ATOM,708.0,HG13,VAL,158.0,60.026,42.884,70.08,0.09,1.32,0.0
ATOM,709.0,HG21,VAL,158.0,58.302,42.496,72.238,0.09,1.32,0.0
ATOM,710.0,HG22,VAL,158.0,58.757,41.185,73.102,0.09,1.32,0.54
ATOM,711.0,HG23,VAL,158.0,59.233,42.678,73.569,0.09,1.32,0.0
ATOM,712.0,N,ASP,159.0,62.361,39.67,70.499,-0.47,1.85,0.09
ATOM,713.0,CA,ASP,159.0,63.512,39.427,69.64,0.07,2.275,0.0
ATOM,714.0,C,ASP,159.0,63.215,40.072,68.282,0.51,2.0,0.0
ATOM,715.0,O,ASP,159.0,62.295,39.644,67.583,-0.51,1.7,4.44
ATOM,716.0,CB,ASP,159.0,63.687,37.906,69.516,-0.28,2.175,10.45
ATOM,717.0,CG,ASP,159.0,64.877,37.497,68.66,0.62,2.0,2.99
ATOM,718.0,OD1,ASP,159.0,65.315,38.258,67.76,-0.76,1.7,1.4
ATOM,719.0,OD2,ASP,159.0,65.367,36.365,68.884,-0.76,1.7,22.75
ATOM,720.0,H,ASP,159.0,61.455,39.143,70.394,0.31,0.2245,0.0
ATOM,721.0,HA,ASP,159.0,64.285,39.915,70.028,0.09,1.32,0.0
ATOM,722.0,HB2,ASP,159.0,63.812,37.537,70.433,0.09,1.32,7.46
ATOM,723.0,HB3,ASP,159.0,62.858,37.535,69.108,0.09,1.32,2.41
ATOM,724.0,N,PHE,160.0,63.993,41.087,67.906,-0.47,1.85,0.0
ATOM,725.0,CA,PHE,160.0,63.769,41.799,66.652,0.07,2.275,0.07
ATOM,726.0,C,PHE,160.0,64.527,41.249,65.445,0.51,2.0,0.23
ATOM,727.0,O,PHE,160.0,64.641,41.91,64.414,-0.51,1.7,0.0
ATOM,728.0,CB,PHE,160.0,64.027,43.303,66.837,-0.18,2.175,0.0
ATOM,729.0,CG,PHE,160.0,63.021,43.977,67.734,0.0,1.9924,0.0
ATOM,730.0,CD1,PHE,160.0,61.822,44.462,67.22,-0.115,1.9924,0.0
ATOM,731.0,CD2,PHE,160.0,63.264,44.103,69.106,-0.115,1.9924,0.0
ATOM,732.0,CE1,PHE,160.0,60.872,45.067,68.072,-0.115,1.9924,0.0
ATOM,733.0,CE2,PHE,160.0,62.331,44.697,69.954,-0.115,1.9924,0.0
ATOM,734.0,CZ,PHE,160.0,61.131,45.183,69.433,-0.115,1.9924,0.0
ATOM,735.0,H,PHE,160.0,64.755,41.32,68.57,0.31,0.2245,0.0
ATOM,736.0,HA,PHE,160.0,62.774,41.708,66.436,0.09,1.32,0.0
ATOM,737.0,HB2,PHE,160.0,64.919,43.407,67.244,0.09,1.32,0.0
ATOM,738.0,HB3,PHE,160.0,63.978,43.727,65.949,0.09,1.32,0.0
ATOM,739.0,HD1,PHE,160.0,61.621,44.388,66.254,0.115,1.3582,0.0
ATOM,740.0,HD2,PHE,160.0,64.125,43.759,69.484,0.115,1.3582,0.0
ATOM,741.0,HE1,PHE,160.0,60.015,45.409,67.679,0.115,1.3582,0.0
ATOM,742.0,HE2,PHE,160.0,62.528,44.775,70.941,0.115,1.3582,0.0
ATOM,743.0,HZ,PHE,160.0,60.461,45.612,70.034,0.115,1.3582,0.17
ATOM,744.0,N,GLY,161.0,65.089,40.056,65.614,-0.47,1.85,0.71
ATOM,745.0,CA,GLY,161.0,65.795,39.365,64.544,-0.02,2.175,14.06
ATOM,746.0,C,GLY,161.0,66.901,40.108,63.818,0.51,2.0,1.61
ATOM,747.0,O,GLY,161.0,67.177,39.803,62.653,-0.51,1.7,25.51
ATOM,748.0,H,GLY,161.0,64.98,39.661,66.575,0.31,0.2245,0.0
ATOM,749.0,HA2,GLY,161.0,66.184,38.479,64.924,0.09,1.32,7.11
ATOM,750.0,HA3,GLY,161.0,65.098,39.042,63.844,0.09,1.32,7.8
ATOM,751.0,N,GLY,162.0,67.557,41.038,64.512,-0.47,1.85,0.81
ATOM,752.0,CA,GLY,162.0,68.629,41.819,63.919,-0.02,2.175,12.69
ATOM,753.0,C,GLY,162.0,68.171,42.819,62.871,0.51,2.0,0.63
ATOM,754.0,O,GLY,162.0,69.002,43.379,62.151,-0.51,1.7,18.72
ATOM,755.0,H,GLY,162.0,67.238,41.15,65.495,0.31,0.2245,0.0
ATOM,756.0,HA2,GLY,162.0,69.129,42.318,64.658,0.09,1.32,1.75
ATOM,757.0,HA3,GLY,162.0,69.312,41.185,63.498,0.09,1.32,10.73
ATOM,758.0,N,LYS,163.0,66.871,43.08,62.791,-0.47,1.85,0.0
ATOM,759.0,CA,LYS,163.0,66.368,44.014,61.794,0.07,2.275,0.15
ATOM,760.0,C,LYS,163.0,66.573,45.464,62.2,0.51,2.0,0.0
ATOM,761.0,O,LYS,163.0,66.53,45.786,63.384,-0.51,1.7,0.0
ATOM,762.0,CB,LYS,163.0,64.894,43.751,61.52,-0.18,2.175,1.39
ATOM,763.0,CG,LYS,163.0,64.66,42.397,60.909,-0.18,2.175,8.84
ATOM,764.0,CD,LYS,163.0,63.191,42.118,60.719,-0.18,2.175,7.72
ATOM,765.0,CE,LYS,163.0,62.516,41.836,62.012,0.21,2.175,0.38
ATOM,766.0,NZ,LYS,163.0,61.314,41.006,61.768,-0.3,1.85,1.25
ATOM,767.0,H,LYS,163.0,66.277,42.583,63.469,0.31,0.2245,0.0
ATOM,768.0,HA,LYS,163.0,66.855,43.851,60.919,0.09,1.32,4.51
ATOM,769.0,HB2,LYS,163.0,64.403,43.802,62.382,0.09,1.32,0.0
ATOM,770.0,HB3,LYS,163.0,64.566,44.447,60.891,0.09,1.32,0.12
ATOM,771.0,HG2,LYS,163.0,65.117,42.354,60.016,0.09,1.32,11.26
ATOM,772.0,HG3,LYS,163.0,65.051,41.691,61.507,0.09,1.32,0.0
ATOM,773.0,HD2,LYS,163.0,62.767,42.918,60.293,0.09,1.32,0.0
ATOM,774.0,HD3,LYS,163.0,63.091,41.327,60.115,0.09,1.32,9.56
ATOM,775.0,HE2,LYS,163.0,63.136,41.34,62.617,0.05,1.32,0.0
ATOM,776.0,HE3,LYS,163.0,62.237,42.692,62.443,0.05,1.32,0.0
ATOM,777.0,HZ1,LYS,163.0,61.48,40.073,62.09,0.33,0.2245,9.53
ATOM,778.0,HZ2,LYS,163.0,60.534,41.393,62.261,0.33,0.2245,0.0
ATOM,779.0,HZ3,LYS,163.0,61.112,40.988,60.788,0.33,0.2245,4.14
ATOM,780.0,N,VAL,164.0,66.851,46.324,61.217,-0.47,1.85,0.0
ATOM,781.0,CA,VAL,164.0,67.05,47.757,61.477,0.07,2.275,0.0
ATOM,782.0,C,VAL,164.0,65.663,48.384,61.36,0.51,2.0,0.0
ATOM,783.0,O,VAL,164.0,65.178,48.661,60.255,-0.51,1.7,9.7
ATOM,784.0,CB,VAL,164.0,68.047,48.397,60.472,-0.09,2.275,2.35
ATOM,785.0,CG1,VAL,164.0,68.279,49.862,60.822,-0.27,2.06,13.04
ATOM,786.0,CG2,VAL,164.0,69.375,47.643,60.501,-0.27,2.06,21.03
ATOM,787.0,H,VAL,164.0,66.913,45.903,60.273,0.31,0.2245,8.51
ATOM,788.0,HA,VAL,164.0,67.358,47.862,62.406,0.09,1.32,0.0
ATOM,789.0,HB,VAL,164.0,67.622,48.373,59.576,0.09,1.32,7.84
ATOM,790.0,HG11,VAL,164.0,68.608,50.349,60.014,0.09,1.32,11.31
ATOM,791.0,HG12,VAL,164.0,67.421,50.27,61.131,0.09,1.32,1.83
ATOM,792.0,HG13,VAL,164.0,68.961,49.926,61.55,0.09,1.32,0.0
ATOM,793.0,HG21,VAL,164.0,69.871,47.885,61.334,0.09,1.32,0.0
ATOM,794.0,HG22,VAL,164.0,69.194,46.661,60.488,0.09,1.32,1.45
ATOM,795.0,HG23,VAL,164.0,69.914,47.899,59.7,0.09,1.32,11.22
ATOM,796.0,N,LEU,165.0,65.011,48.552,62.504,-0.47,1.85,0.0
ATOM,797.0,CA,LEU,165.0,63.656,49.062,62.525,0.07,2.275,0.0
ATOM,798.0,C,LEU,165.0,63.494,50.464,63.062,0.51,2.0,0.11
ATOM,799.0,O,LEU,165.0,64.315,50.946,63.839,-0.51,1.7,0.47
ATOM,800.0,CB,LEU,165.0,62.775,48.124,63.362,-0.18,2.175,0.0
ATOM,801.0,CG,LEU,165.0,62.691,46.65,62.931,-0.09,2.275,0.0
ATOM,802.0,CD1,LEU,165.0,61.973,45.827,63.982,-0.27,2.06,0.0
ATOM,803.0,CD2,LEU,165.0,61.979,46.525,61.576,-0.27,2.06,0.0
ATOM,804.0,H,LEU,165.0,65.545,48.292,63.354,0.31,0.2245,0.0
ATOM,805.0,HA,LEU,165.0,63.291,49.043,61.564,0.09,1.32,0.0
ATOM,806.0,HB2,LEU,165.0,63.123,48.136,64.301,0.09,1.32,0.0
ATOM,807.0,HB3,LEU,165.0,61.843,48.488,63.349,0.09,1.32,0.0
ATOM,808.0,HG,LEU,165.0,63.619,46.3,62.805,0.09,1.32,0.0
ATOM,809.0,HD11,LEU,165.0,61.044,46.179,64.11,0.09,1.32,0.0
ATOM,810.0,HD12,LEU,165.0,61.926,44.871,63.688,0.09,1.32,0.0
ATOM,811.0,HD13,LEU,165.0,62.469,45.881,64.85,0.09,1.32,0.0
ATOM,812.0,HD21,LEU,165.0,62.49,47.038,60.889,0.09,1.32,0.0
ATOM,813.0,HD22,LEU,165.0,61.936,45.562,61.316,0.09,1.32,0.0
ATOM,814.0,HD23,LEU,165.0,61.055,46.895,61.656,0.09,1.32,0.0
ATOM,815.0,N,THR,166.0,62.435,51.127,62.608,-0.47,1.85,0.0
ATOM,816.0,CA,THR,166.0,62.077,52.456,63.091,0.07,2.275,0.0
ATOM,817.0,C,THR,166.0,60.741,52.249,63.83,0.51,2.0,0.0
ATOM,818.0,O,THR,166.0,59.694,51.999,63.211,-0.51,1.7,1.71
ATOM,819.0,CB,THR,166.0,61.892,53.461,61.952,0.14,2.275,3.08
ATOM,820.0,OG1,THR,166.0,63.035,53.422,61.094,-0.66,1.77,20.0
ATOM,821.0,CG2,THR,166.0,61.74,54.851,62.514,-0.27,2.06,17.25
ATOM,822.0,H,THR,166.0,61.886,50.618,61.881,0.31,0.2245,0.0
ATOM,823.0,HA,THR,166.0,62.745,52.752,63.745,0.09,1.32,0.0
ATOM,824.0,HB,THR,166.0,61.074,53.194,61.403,0.09,1.32,2.65
ATOM,825.0,HG21,THR,166.0,62.549,55.096,63.058,0.09,1.32,0.0
ATOM,826.0,HG22,THR,166.0,61.639,55.518,61.769,0.09,1.32,11.82
ATOM,827.0,HG23,THR,166.0,60.928,54.9,63.104,0.09,1.32,0.5
ATOM,828.0,HG1,THR,166.0,62.82,52.928,60.244,0.43,0.2245,4.92
ATOM,829.0,N,ILE,167.0,60.803,52.277,65.155,-0.47,1.85,0.0
ATOM,830.0,CA,ILE,167.0,59.631,52.065,65.971,0.07,2.275,0.0
ATOM,831.0,C,ILE,167.0,59.071,53.404,66.419,0.51,2.0,0.0
ATOM,832.0,O,ILE,167.0,59.741,54.18,67.105,-0.51,1.7,0.02
ATOM,833.0,CB,ILE,167.0,59.982,51.182,67.163,-0.09,2.275,0.0
ATOM,834.0,CG1,ILE,167.0,60.614,49.887,66.644,-0.18,2.175,0.0
ATOM,835.0,CG2,ILE,167.0,58.739,50.894,67.99,-0.27,2.06,0.1
ATOM,836.0,CD1,ILE,167.0,61.277,49.047,67.699,-0.27,2.06,0.0
ATOM,837.0,H,ILE,167.0,61.752,52.461,65.541,0.31,0.2245,0.0
ATOM,838.0,HA,ILE,167.0,58.938,51.651,65.377,0.09,1.32,0.0
ATOM,839.0,HB,ILE,167.0,60.658,51.65,67.712,0.09,1.32,0.0
ATOM,840.0,HG12,ILE,167.0,59.897,49.348,66.195,0.09,1.32,0.0
ATOM,841.0,HG13,ILE,167.0,61.295,50.133,65.948,0.09,1.32,0.0
ATOM,842.0,HG21,ILE,167.0,58.983,50.323,68.773,0.09,1.32,0.32
ATOM,843.0,HG22,ILE,167.0,58.347,51.753,68.315,0.09,1.32,0.0
ATOM,844.0,HG23,ILE,167.0,58.067,50.415,67.427,0.09,1.32,0.0
ATOM,845.0,HD11,ILE,167.0,60.604,48.782,68.39,0.09,1.32,0.29
ATOM,846.0,HD12,ILE,167.0,61.663,48.224,67.28,0.09,1.32,0.0
ATOM,847.0,HD13,ILE,167.0,62.01,49.571,68.135,0.09,1.32,0.0
ATOM,848.0,N,GLU,168.0,57.852,53.675,65.981,-0.47,1.85,0.0
ATOM,849.0,CA,GLU,168.0,57.146,54.9,66.281,0.07,2.275,0.06
ATOM,850.0,C,GLU,168.0,56.051,54.575,67.303,0.51,2.0,0.0
ATOM,851.0,O,GLU,168.0,55.14,53.797,67.014,-0.51,1.7,0.0
ATOM,852.0,CB,GLU,168.0,56.54,55.428,64.984,-0.18,2.175,4.9
ATOM,853.0,CG,GLU,168.0,55.919,56.814,65.062,-0.28,2.175,8.06
ATOM,854.0,CD,GLU,168.0,55.642,57.403,63.684,0.62,2.0,3.7
ATOM,855.0,OE1,GLU,168.0,56.416,57.115,62.741,-0.76,1.7,37.29
ATOM,856.0,OE2,GLU,168.0,54.664,58.167,63.538,-0.76,1.7,20.93
ATOM,857.0,H,GLU,168.0,57.436,52.908,65.386,0.31,0.2245,0.0
ATOM,858.0,HA,GLU,168.0,57.767,55.573,66.67,0.09,1.32,0.0
ATOM,859.0,HB2,GLU,168.0,57.263,55.464,64.307,0.09,1.32,0.69
ATOM,860.0,HB3,GLU,168.0,55.827,54.798,64.706,0.09,1.32,0.0
ATOM,861.0,HG2,GLU,168.0,55.06,56.743,65.529,0.09,1.32,0.0
ATOM,862.0,HG3,GLU,168.0,56.549,57.412,65.516,0.09,1.32,4.74
ATOM,863.0,N,CYS,169.0,56.126,55.179,68.484,-0.47,1.85,0.0
ATOM,864.0,CA,CYS,169.0,55.142,54.925,69.532,0.07,2.275,0.0
ATOM,865.0,C,CYS,169.0,54.085,56.008,69.638,0.51,2.0,0.01
ATOM,866.0,O,CYS,169.0,54.4,57.2,69.728,-0.51,1.7,10.22
ATOM,867.0,CB,CYS,169.0,55.827,54.739,70.887,-0.11,2.175,0.11
ATOM,868.0,SG,CYS,169.0,57.121,53.506,70.851,-0.23,2.0,0.0
ATOM,869.0,H,CYS,169.0,56.925,55.83,68.594,0.31,0.2245,0.0
ATOM,870.0,HA,CYS,169.0,54.675,54.048,69.318,0.09,1.32,0.0
ATOM,871.0,HB2,CYS,169.0,56.222,55.612,71.153,0.09,1.32,0.0
ATOM,872.0,HB3,CYS,169.0,55.134,54.458,71.543,0.09,1.32,0.01
ATOM,873.0,HG,CYS,169.0,57.992,53.931,70.592,0.16,0.45,0.0
ATOM,874.0,N,LYS,170.0,52.828,55.586,69.589,-0.47,1.85,0.0
ATOM,875.0,CA,LYS,170.0,51.71,56.5,69.705,0.07,2.275,4.17
ATOM,876.0,C,LYS,170.0,50.742,55.975,70.777,0.51,2.0,1.91
ATOM,877.0,O,LYS,170.0,49.572,56.362,70.834,-0.51,1.7,26.47
ATOM,878.0,CB,LYS,170.0,51.014,56.7,68.346,-0.18,2.175,5.39
ATOM,879.0,CG,LYS,170.0,51.884,57.441,67.336,-0.18,2.175,2.22
ATOM,880.0,CD,LYS,170.0,51.115,57.861,66.094,-0.18,2.175,9.5
ATOM,881.0,CE,LYS,170.0,51.999,58.705,65.172,0.21,2.175,5.18
ATOM,882.0,NZ,LYS,170.0,51.236,59.327,64.05,-0.3,1.85,13.23
ATOM,883.0,H,LYS,170.0,52.721,54.558,69.462,0.31,0.2245,0.0
ATOM,884.0,HA,LYS,170.0,52.041,57.398,69.994,0.09,1.32,6.1
ATOM,885.0,HB2,LYS,170.0,50.796,55.806,67.977,0.09,1.32,0.0
ATOM,886.0,HB3,LYS,170.0,50.188,57.228,68.498,0.09,1.32,6.34
ATOM,887.0,HG2,LYS,170.0,52.264,58.262,67.776,0.09,1.32,6.39
ATOM,888.0,HG3,LYS,170.0,52.644,56.843,67.061,0.09,1.32,0.0
ATOM,889.0,HD2,LYS,170.0,50.831,57.052,65.599,0.09,1.32,0.92
ATOM,890.0,HD3,LYS,170.0,50.334,58.407,66.363,0.09,1.32,8.9
ATOM,891.0,HE2,LYS,170.0,52.432,59.43,65.718,0.05,1.32,9.53
ATOM,892.0,HE3,LYS,170.0,52.722,58.117,64.793,0.05,1.32,0.0
ATOM,893.0,HZ1,LYS,170.0,50.261,59.154,64.179,0.33,0.2245,15.09
ATOM,894.0,HZ2,LYS,170.0,51.405,60.311,64.043,0.33,0.2245,20.4
ATOM,895.0,HZ3,LYS,170.0,51.537,58.928,63.185,0.33,0.2245,15.29
ATOM,896.0,N,ALA,171.0,51.251,55.099,71.636,-0.47,1.85,1.93
ATOM,897.0,CA,ALA,171.0,50.471,54.534,72.725,0.07,2.275,3.53
ATOM,898.0,C,ALA,171.0,51.454,54.131,73.824,0.51,2.0,0.58
ATOM,899.0,O,ALA,171.0,52.663,54.28,73.66,-0.51,1.7,1.34
ATOM,900.0,CB,ALA,171.0,49.658,53.357,72.238,-0.27,2.06,1.69
ATOM,901.0,H,ALA,171.0,52.251,54.855,71.462,0.31,0.2245,0.0
ATOM,902.0,HA,ALA,171.0,49.86,55.229,73.086,0.09,1.32,6.49
ATOM,903.0,HB1,ALA,171.0,50.022,52.509,72.627,0.09,1.32,0.0
ATOM,904.0,HB2,ALA,171.0,48.703,53.464,72.52,0.09,1.32,3.88
ATOM,905.0,HB3,ALA,171.0,49.701,53.305,71.239,0.09,1.32,0.0
ATOM,906.0,N,LYS,172.0,50.94,53.609,74.931,-0.47,1.85,0.0
ATOM,907.0,CA,LYS,172.0,51.772,53.235,76.07,0.07,2.275,0.0
ATOM,908.0,C,LYS,172.0,52.103,51.757,76.224,0.51,2.0,0.0
ATOM,909.0,O,LYS,172.0,51.351,50.884,75.774,-0.51,1.7,0.0
ATOM,910.0,CB,LYS,172.0,51.075,53.619,77.374,-0.18,2.175,0.0
ATOM,911.0,CG,LYS,172.0,50.416,54.963,77.417,-0.18,2.175,4.9
ATOM,912.0,CD,LYS,172.0,49.743,55.108,78.77,-0.18,2.175,0.0
ATOM,913.0,CE,LYS,172.0,49.239,56.515,78.985,0.21,2.175,14.74
ATOM,914.0,NZ,LYS,172.0,48.379,56.596,80.203,-0.3,1.85,10.68
ATOM,915.0,H,LYS,172.0,49.905,53.491,74.917,0.31,0.2245,0.0
ATOM,916.0,HA,LYS,172.0,52.659,53.759,76.007,0.09,1.32,0.0
ATOM,917.0,HB2,LYS,172.0,50.377,52.911,77.568,0.09,1.32,0.0
ATOM,918.0,HB3,LYS,172.0,51.766,53.574,78.114,0.09,1.32,0.0
ATOM,919.0,HG2,LYS,172.0,51.096,55.674,77.322,0.09,1.32,0.32
ATOM,920.0,HG3,LYS,172.0,49.728,55.024,76.711,0.09,1.32,1.61
ATOM,921.0,HD2,LYS,172.0,48.972,54.48,78.813,0.09,1.32,0.0
ATOM,922.0,HD3,LYS,172.0,50.403,54.891,79.482,0.09,1.32,0.0
ATOM,923.0,HE2,LYS,172.0,50.019,57.133,79.096,0.05,1.32,0.02
ATOM,924.0,HE3,LYS,172.0,48.703,56.8,78.189,0.05,1.32,10.35
ATOM,925.0,HZ1,LYS,172.0,47.782,55.796,80.239,0.33,0.2245,12.84
ATOM,926.0,HZ2,LYS,172.0,48.96,56.619,81.015,0.33,0.2245,0.79
ATOM,927.0,HZ3,LYS,172.0,47.826,57.427,80.161,0.33,0.2245,20.64
ATOM,928.0,N,PHE,173.0,53.202,51.507,76.931,-0.47,1.85,0.0
ATOM,929.0,CA,PHE,173.0,53.636,50.165,77.315,0.07,2.275,0.0
ATOM,930.0,C,PHE,173.0,53.303,50.222,78.821,0.51,2.0,0.0
ATOM,931.0,O,PHE,173.0,53.832,51.065,79.557,-0.51,1.7,0.0
ATOM,932.0,CB,PHE,173.0,55.139,49.966,77.097,-0.18,2.175,0.0
ATOM,933.0,CG,PHE,173.0,55.521,49.75,75.663,0.0,1.9924,0.0
ATOM,934.0,CD1,PHE,173.0,54.746,48.938,74.834,-0.115,1.9924,0.0
ATOM,935.0,CD2,PHE,173.0,56.666,50.337,75.142,-0.115,1.9924,0.21
ATOM,936.0,CE1,PHE,173.0,55.115,48.716,73.496,-0.115,1.9924,0.0
ATOM,937.0,CE2,PHE,173.0,57.05,50.127,73.813,-0.115,1.9924,0.14
ATOM,938.0,CZ,PHE,173.0,56.276,49.315,72.987,-0.115,1.9924,0.0
ATOM,939.0,H,PHE,173.0,53.742,52.372,77.195,0.31,0.2245,0.0
ATOM,940.0,HA,PHE,173.0,53.014,49.539,76.925,0.09,1.32,0.0
ATOM,941.0,HB2,PHE,173.0,55.6,50.779,77.42,0.09,1.32,0.0
ATOM,942.0,HB3,PHE,173.0,55.415,49.168,77.613,0.09,1.32,0.0
ATOM,943.0,HD1,PHE,173.0,53.923,48.509,75.184,0.115,1.3582,0.0
ATOM,944.0,HD2,PHE,173.0,57.232,50.924,75.725,0.115,1.3582,0.0
ATOM,945.0,HE1,PHE,173.0,54.547,48.131,72.917,0.115,1.3582,0.0
ATOM,946.0,HE2,PHE,173.0,57.889,50.566,73.462,0.115,1.3582,0.0
ATOM,947.0,HZ,PHE,173.0,56.538,49.157,72.041,0.115,1.3582,0.0
ATOM,948.0,N,ILE,174.0,52.377,49.378,79.261,-0.47,1.85,0.0
ATOM,949.0,CA,ILE,174.0,51.94,49.385,80.645,0.07,2.275,0.0
ATOM,950.0,C,ILE,174.0,52.311,48.122,81.408,0.51,2.0,0.0
ATOM,951.0,O,ILE,174.0,52.052,47.005,80.955,-0.51,1.7,0.12
ATOM,952.0,CB,ILE,174.0,50.407,49.597,80.715,-0.09,2.275,0.0
ATOM,953.0,CG1,ILE,174.0,50.011,50.852,79.923,-0.18,2.175,0.0
ATOM,954.0,CG2,ILE,174.0,49.969,49.734,82.166,-0.27,2.06,5.71
ATOM,955.0,CD1,ILE,174.0,48.519,51.09,79.802,-0.27,2.06,15.77
ATOM,956.0,H,ILE,174.0,52.003,48.728,78.542,0.31,0.2245,0.0
ATOM,957.0,HA,ILE,174.0,52.433,50.149,81.096,0.09,1.32,0.0
ATOM,958.0,HB,ILE,174.0,49.972,48.815,80.289,0.09,1.32,0.0
ATOM,959.0,HG12,ILE,174.0,50.432,51.648,80.366,0.09,1.32,0.0
ATOM,960.0,HG13,ILE,174.0,50.399,50.771,79.0,0.09,1.32,0.0
ATOM,961.0,HG21,ILE,174.0,48.978,49.847,82.206,0.09,1.32,5.0
ATOM,962.0,HG22,ILE,174.0,50.231,48.914,82.672,0.09,1.32,0.0
ATOM,963.0,HG23,ILE,174.0,50.411,50.531,82.574,0.09,1.32,0.0
ATOM,964.0,HD11,ILE,174.0,48.126,51.19,80.714,0.09,1.32,5.74
ATOM,965.0,HD12,ILE,174.0,48.359,51.923,79.274,0.09,1.32,0.0
ATOM,966.0,HD13,ILE,174.0,48.097,50.313,79.338,0.09,1.32,0.28
ATOM,967.0,N,GLY,175.0,52.988,48.301,82.532,-0.47,1.85,0.0
ATOM,968.0,CA,GLY,175.0,53.36,47.165,83.348,-0.02,2.175,0.58
ATOM,969.0,C,GLY,175.0,54.422,47.491,84.37,0.51,2.0,0.0
ATOM,970.0,O,GLY,175.0,55.131,48.476,84.245,-0.51,1.7,0.0
ATOM,971.0,H,GLY,175.0,53.215,49.28,82.761,0.31,0.2245,0.0
ATOM,972.0,HA2,GLY,175.0,52.533,46.808,83.825,0.09,1.32,0.04
ATOM,973.0,HA3,GLY,175.0,53.693,46.413,82.746,0.09,1.32,0.0
ATOM,974.0,N,ASP,176.0,54.479,46.701,85.435,-0.47,1.85,0.0
ATOM,975.0,CA,ASP,176.0,55.51,46.86,86.457,0.07,2.275,0.0
ATOM,976.0,C,ASP,176.0,56.611,45.932,85.969,0.51,2.0,0.1
ATOM,977.0,O,ASP,176.0,56.316,44.871,85.415,-0.51,1.7,4.47
ATOM,978.0,CB,ASP,176.0,55.039,46.345,87.824,-0.28,2.175,9.86
ATOM,979.0,CG,ASP,176.0,54.008,47.245,88.495,0.62,2.0,0.0
ATOM,980.0,OD1,ASP,176.0,53.747,48.383,88.055,-0.76,1.7,0.0
ATOM,981.0,OD2,ASP,176.0,53.456,46.779,89.508,-0.76,1.7,11.21
ATOM,982.0,H,ASP,176.0,53.74,45.972,85.479,0.31,0.2245,5.27
ATOM,983.0,HA,ASP,176.0,55.851,47.775,86.389,0.09,1.32,0.0
ATOM,984.0,HB2,ASP,176.0,54.635,45.444,87.69,0.09,1.32,8.32
ATOM,985.0,HB3,ASP,176.0,55.836,46.277,88.417,0.09,1.32,4.8
ATOM,986.0,N,GLY,177.0,57.866,46.298,86.176,-0.47,1.85,1.95
ATOM,987.0,CA,GLY,177.0,58.927,45.422,85.729,-0.02,2.175,12.81
ATOM,988.0,C,GLY,177.0,59.515,45.789,84.374,0.51,2.0,0.0
ATOM,989.0,O,GLY,177.0,59.232,46.863,83.829,-0.51,1.7,0.0
ATOM,990.0,H,GLY,177.0,58.004,47.193,86.647,0.31,0.2245,0.0
ATOM,991.0,HA2,GLY,177.0,59.678,45.417,86.424,0.09,1.32,10.02
ATOM,992.0,HA3,GLY,177.0,58.579,44.461,85.688,0.09,1.32,0.62
ATOM,993.0,N,ASN,178.0,60.264,44.86,83.791,-0.47,1.85,0.0
ATOM,994.0,CA,ASN,178.0,60.959,45.123,82.534,0.07,2.275,0.0
ATOM,995.0,C,ASN,178.0,60.385,44.547,81.277,0.51,2.0,0.0
ATOM,996.0,O,ASN,178.0,59.989,43.388,81.245,-0.51,1.7,0.0
ATOM,997.0,CB,ASN,178.0,62.423,44.656,82.607,-0.18,2.175,2.27
ATOM,998.0,CG,ASN,178.0,63.239,45.406,83.656,0.55,2.0,2.18
ATOM,999.0,H,ASN,178.0,60.311,43.955,84.293,0.31,0.2245,4.66
ATOM,1000.0,HA,ASN,178.0,60.972,46.154,82.422,0.09,1.32,0.0
ATOM,1001.0,HB2,ASN,178.0,62.431,43.686,82.834,0.09,1.32,2.75
ATOM,1002.0,HB3,ASN,178.0,62.843,44.803,81.715,0.09,1.32,0.0
ATOM,1003.0,OD1,ASN,178.0,62.71,45.835,84.685,-0.55,1.7,15.79
ATOM,1004.0,ND2,ASN,178.0,64.534,45.574,83.399,-0.62,1.85,5.6
ATOM,1005.0,HD22,ASN,178.0,64.917,45.216,82.544,0.3,0.2245,0.0
ATOM,1006.0,HD21,ASN,178.0,65.118,46.051,84.05,0.32,0.2245,7.2
ATOM,1007.0,N,LEU,179.0,60.354,45.387,80.248,-0.47,1.85,0.0
ATOM,1008.0,CA,LEU,179.0,59.957,45.009,78.892,0.07,2.275,0.0
ATOM,1009.0,C,LEU,179.0,61.347,45.01,78.198,0.51,2.0,0.0
ATOM,1010.0,O,LEU,179.0,62.009,46.047,78.103,-0.51,1.7,0.0
ATOM,1011.0,CB,LEU,179.0,59.032,46.051,78.27,-0.18,2.175,0.0
ATOM,1012.0,CG,LEU,179.0,58.696,45.81,76.788,-0.09,2.275,0.0
ATOM,1013.0,CD1,LEU,179.0,58.076,44.434,76.585,-0.27,2.06,0.0
ATOM,1014.0,CD2,LEU,179.0,57.777,46.927,76.307,-0.27,2.06,0.0
ATOM,1015.0,H,LEU,179.0,60.646,46.371,80.495,0.31,0.2245,0.0
ATOM,1016.0,HA,LEU,179.0,59.627,44.105,78.894,0.09,1.32,0.0
ATOM,1017.0,HB2,LEU,179.0,58.177,46.043,78.768,0.09,1.32,0.0
ATOM,1018.0,HB3,LEU,179.0,59.474,46.933,78.33,0.09,1.32,0.0
ATOM,1019.0,HG,LEU,179.0,59.538,45.879,76.253,0.09,1.32,0.0
ATOM,1020.0,HD11,LEU,179.0,57.234,44.365,77.12,0.09,1.32,0.0
ATOM,1021.0,HD12,LEU,179.0,57.867,44.302,75.616,0.09,1.32,0.0
ATOM,1022.0,HD13,LEU,179.0,58.72,43.73,76.886,0.09,1.32,0.0
ATOM,1023.0,HD21,LEU,179.0,58.24,47.808,76.412,0.09,1.32,0.0
ATOM,1024.0,HD22,LEU,179.0,57.551,46.781,75.343,0.09,1.32,0.0
ATOM,1025.0,HD23,LEU,179.0,56.937,46.925,76.85,0.09,1.32,0.0
ATOM,1026.0,N,ILE,180.0,61.781,43.84,77.742,-0.47,1.85,0.0
ATOM,1027.0,CA,ILE,180.0,63.109,43.662,77.178,0.07,2.275,0.0
ATOM,1028.0,C,ILE,180.0,63.159,43.545,75.646,0.51,2.0,0.0
ATOM,1029.0,O,ILE,180.0,62.519,42.671,75.057,-0.51,1.7,0.0
ATOM,1030.0,CB,ILE,180.0,63.776,42.419,77.857,-0.09,2.275,0.0
ATOM,1031.0,CG1,ILE,180.0,63.654,42.539,79.386,-0.18,2.175,0.0
ATOM,1032.0,CG2,ILE,180.0,65.225,42.253,77.396,-0.27,2.06,0.0
ATOM,1033.0,CD1,ILE,180.0,63.945,41.264,80.172,-0.27,2.06,6.12
ATOM,1034.0,H,ILE,180.0,61.086,43.062,77.824,0.31,0.2245,0.0
ATOM,1035.0,HA,ILE,180.0,63.637,44.502,77.414,0.09,1.32,0.0
ATOM,1036.0,HB,ILE,180.0,63.275,41.619,77.568,0.09,1.32,0.0
ATOM,1037.0,HG12,ILE,180.0,64.283,43.258,79.696,0.09,1.32,0.0
ATOM,1038.0,HG13,ILE,180.0,62.718,42.837,79.601,0.09,1.32,0.0
ATOM,1039.0,HG21,ILE,180.0,65.607,41.426,77.802,0.09,1.32,0.0
ATOM,1040.0,HG22,ILE,180.0,65.248,42.18,76.402,0.09,1.32,0.0
ATOM,1041.0,HG23,ILE,180.0,65.756,43.045,77.687,0.09,1.32,0.0
ATOM,1042.0,HD11,ILE,180.0,64.879,40.972,79.983,0.09,1.32,0.0
ATOM,1043.0,HD12,ILE,180.0,63.838,41.451,81.145,0.09,1.32,3.77
ATOM,1044.0,HD13,ILE,180.0,63.304,40.555,79.89,0.09,1.32,0.0
ATOM,1045.0,N,PHE,181.0,63.876,44.469,75.016,-0.47,1.85,0.0
ATOM,1046.0,CA,PHE,181.0,64.048,44.498,73.563,0.07,2.275,0.0
ATOM,1047.0,C,PHE,181.0,65.439,43.957,73.277,0.51,2.0,0.0
ATOM,1048.0,O,PHE,181.0,66.425,44.461,73.827,-0.51,1.7,0.0
ATOM,1049.0,CB,PHE,181.0,63.977,45.939,73.03,-0.18,2.175,0.0
ATOM,1050.0,CG,PHE,181.0,62.581,46.502,72.927,0.0,1.9924,0.0
ATOM,1051.0,CD1,PHE,181.0,61.477,45.806,73.41,-0.115,1.9924,0.0
ATOM,1052.0,CD2,PHE,181.0,62.371,47.738,72.323,-0.115,1.9924,0.0
ATOM,1053.0,CE1,PHE,181.0,60.193,46.332,73.295,-0.115,1.9924,0.0
ATOM,1054.0,CE2,PHE,181.0,61.086,48.273,72.203,-0.115,1.9924,0.0
ATOM,1055.0,CZ,PHE,181.0,59.999,47.566,72.689,-0.115,1.9924,0.37
ATOM,1056.0,H,PHE,181.0,64.312,45.181,75.651,0.31,0.2245,0.0
ATOM,1057.0,HA,PHE,181.0,63.401,43.851,73.182,0.09,1.32,0.0
ATOM,1058.0,HB2,PHE,181.0,64.493,46.514,73.649,0.09,1.32,0.0
ATOM,1059.0,HB3,PHE,181.0,64.376,45.944,72.123,0.09,1.32,0.0
ATOM,1060.0,HD1,PHE,181.0,61.602,44.919,73.846,0.115,1.3582,0.0
ATOM,1061.0,HD2,PHE,181.0,63.152,48.254,71.969,0.115,1.3582,0.0
ATOM,1062.0,HE1,PHE,181.0,59.41,45.81,73.653,0.115,1.3582,0.0
ATOM,1063.0,HE2,PHE,181.0,60.962,49.173,71.76,0.115,1.3582,0.0
ATOM,1064.0,HZ,PHE,181.0,59.075,47.939,72.607,0.115,1.3582,0.0
ATOM,1065.0,N,THR,182.0,65.534,42.931,72.44,-0.47,1.85,0.0
ATOM,1066.0,CA,THR,182.0,66.837,42.371,72.115,0.07,2.275,0.0
ATOM,1067.0,C,THR,182.0,66.957,42.261,70.608,0.51,2.0,0.0
ATOM,1068.0,O,THR,182.0,65.955,42.309,69.884,-0.51,1.7,0.0
ATOM,1069.0,CB,THR,182.0,67.014,40.941,72.671,0.14,2.275,1.47
ATOM,1070.0,OG1,THR,182.0,66.041,40.076,72.07,-0.66,1.77,3.04
ATOM,1071.0,CG2,THR,182.0,66.845,40.902,74.169,-0.27,2.06,7.57
ATOM,1072.0,H,THR,182.0,64.644,42.584,72.06,0.31,0.2245,0.0
ATOM,1073.0,HA,THR,182.0,67.545,42.994,72.446,0.09,1.32,0.0
ATOM,1074.0,HB,THR,182.0,67.941,40.604,72.417,0.09,1.32,3.7
ATOM,1075.0,HG21,THR,182.0,67.726,41.071,74.622,0.09,1.32,0.34
ATOM,1076.0,HG22,THR,182.0,66.191,41.606,74.463,0.09,1.32,0.0
ATOM,1077.0,HG23,THR,182.0,66.502,40.002,74.456,0.09,1.32,2.35
ATOM,1078.0,HG1,THR,182.0,65.149,40.536,72.019,0.43,0.2245,0.0
ATOM,1079.0,N,LYS,183.0,68.187,42.078,70.145,-0.47,1.85,0.0
ATOM,1080.0,CA,LYS,183.0,68.48,41.889,68.728,0.07,2.275,0.54
ATOM,1081.0,C,LYS,183.0,67.928,42.912,67.736,0.51,2.0,0.0
ATOM,1082.0,O,LYS,183.0,67.368,42.559,66.694,-0.51,1.7,0.0
ATOM,1083.0,CB,LYS,183.0,68.118,40.461,68.304,-0.18,2.175,0.72
ATOM,1084.0,CG,LYS,183.0,68.961,39.423,69.028,-0.18,2.175,7.81
ATOM,1085.0,CD,LYS,183.0,68.466,38.027,68.756,-0.18,2.175,2.1
ATOM,1086.0,CE,LYS,183.0,69.084,37.018,69.718,0.21,2.175,18.25
ATOM,1087.0,NZ,LYS,183.0,68.441,35.665,69.569,-0.3,1.85,12.11
ATOM,1088.0,H,LYS,183.0,68.93,42.081,70.883,0.31,0.2245,2.0
ATOM,1089.0,HA,LYS,183.0,69.511,41.857,68.613,0.09,1.32,9.02
ATOM,1090.0,HB2,LYS,183.0,67.167,40.303,68.524,0.09,1.32,0.0
ATOM,1091.0,HB3,LYS,183.0,68.28,40.376,67.332,0.09,1.32,0.23
ATOM,1092.0,HG2,LYS,183.0,69.91,39.503,68.717,0.09,1.32,10.57
ATOM,1093.0,HG3,LYS,183.0,68.92,39.602,70.012,0.09,1.32,0.66
ATOM,1094.0,HD2,LYS,183.0,67.477,38.0,68.869,0.09,1.32,0.0
ATOM,1095.0,HD3,LYS,183.0,68.713,37.764,67.828,0.09,1.32,9.12
ATOM,1096.0,HE2,LYS,183.0,70.059,36.935,69.523,0.05,1.32,11.05
ATOM,1097.0,HE3,LYS,183.0,68.953,37.336,70.655,0.05,1.32,6.6
ATOM,1098.0,HZ1,LYS,183.0,67.793,35.531,70.315,0.33,0.2245,14.12
ATOM,1099.0,HZ2,LYS,183.0,67.966,35.628,68.693,0.33,0.2245,8.54
ATOM,1100.0,HZ3,LYS,183.0,69.15,34.965,69.603,0.33,0.2245,20.34
ATOM,1101.0,N,LEU,184.0,68.065,44.183,68.092,-0.47,1.85,0.0
ATOM,1102.0,CA,LEU,184.0,67.669,45.27,67.214,0.07,2.275,0.0
ATOM,1103.0,C,LEU,184.0,68.928,45.546,66.396,0.51,2.0,0.0
ATOM,1104.0,O,LEU,184.0,70.033,45.517,66.942,-0.51,1.7,8.06
ATOM,1105.0,CB,LEU,184.0,67.303,46.502,68.032,-0.18,2.175,0.0
ATOM,1106.0,CG,LEU,184.0,65.848,46.616,68.468,-0.09,2.275,0.0
ATOM,1107.0,CD1,LEU,184.0,65.743,47.704,69.541,-0.27,2.06,0.0
ATOM,1108.0,CD2,LEU,184.0,64.98,46.918,67.239,-0.27,2.06,0.0
ATOM,1109.0,H,LEU,184.0,68.474,44.328,69.038,0.31,0.2245,0.0
ATOM,1110.0,HA,LEU,184.0,66.967,44.957,66.608,0.09,1.32,0.0
ATOM,1111.0,HB2,LEU,184.0,67.863,46.498,68.859,0.09,1.32,0.0
ATOM,1112.0,HB3,LEU,184.0,67.515,47.308,67.484,0.09,1.32,0.0
ATOM,1113.0,HG,LEU,184.0,65.549,45.752,68.85,0.09,1.32,0.0
ATOM,1114.0,HD11,LEU,184.0,66.055,48.573,69.16,0.09,1.32,0.0
ATOM,1115.0,HD12,LEU,184.0,64.792,47.787,69.834,0.09,1.32,0.0
ATOM,1116.0,HD13,LEU,184.0,66.315,47.454,70.321,0.09,1.32,0.0
ATOM,1117.0,HD21,LEU,184.0,65.078,46.176,66.577,0.09,1.32,0.0
ATOM,1118.0,HD22,LEU,184.0,64.025,46.993,67.522,0.09,1.32,0.0
ATOM,1119.0,HD23,LEU,184.0,65.279,47.778,66.829,0.09,1.32,0.0
ATOM,1120.0,N,GLY,185.0,68.768,45.76,65.098,-0.47,1.85,0.0
ATOM,1121.0,CA,GLY,185.0,69.91,46.033,64.239,-0.02,2.175,1.6
ATOM,1122.0,C,GLY,185.0,70.507,47.407,64.471,0.51,2.0,0.0
ATOM,1123.0,O,GLY,185.0,69.826,48.313,64.963,-0.51,1.7,0.0
ATOM,1124.0,H,GLY,185.0,67.791,45.717,64.761,0.31,0.2245,0.0
ATOM,1125.0,HA2,GLY,185.0,70.624,45.327,64.396,0.09,1.32,6.02
ATOM,1126.0,HA3,GLY,185.0,69.625,45.952,63.267,0.09,1.32,0.0
ATOM,1127.0,N,LYS,186.0,71.788,47.552,64.148,-0.47,1.85,1.73
ATOM,1128.0,CA,LYS,186.0,72.474,48.82,64.305,0.07,2.275,0.0
ATOM,1129.0,C,LYS,186.0,71.759,49.846,63.433,0.51,2.0,0.0
ATOM,1130.0,O,LYS,186.0,71.5,49.598,62.255,-0.51,1.7,9.14
ATOM,1131.0,CB,LYS,186.0,73.931,48.689,63.89,-0.18,2.175,6.39
ATOM,1132.0,CG,LYS,186.0,74.724,49.96,64.075,-0.18,2.175,1.74
ATOM,1133.0,CD,LYS,186.0,76.164,49.798,63.615,-0.18,2.175,10.3
ATOM,1134.0,CE,LYS,186.0,76.891,51.148,63.639,0.21,2.175,15.52
ATOM,1135.0,NZ,LYS,186.0,78.319,51.075,63.168,-0.3,1.85,14.51
ATOM,1136.0,H,LYS,186.0,72.243,46.692,63.781,0.31,0.2245,10.62
ATOM,1137.0,HA,LYS,186.0,72.416,49.112,65.255,0.09,1.32,0.0
ATOM,1138.0,HB2,LYS,186.0,74.35,47.971,64.441,0.09,1.32,5.12
ATOM,1139.0,HB3,LYS,186.0,73.96,48.435,62.925,0.09,1.32,7.33
ATOM,1140.0,HG2,LYS,186.0,74.299,50.696,63.543,0.09,1.32,3.02
ATOM,1141.0,HG3,LYS,186.0,74.723,50.214,65.045,0.09,1.32,0.0
ATOM,1142.0,HD2,LYS,186.0,76.634,49.181,64.229,0.09,1.32,3.62
ATOM,1143.0,HD3,LYS,186.0,76.173,49.456,62.687,0.09,1.32,9.0
ATOM,1144.0,HE2,LYS,186.0,76.389,51.796,63.052,0.05,1.32,10.74
ATOM,1145.0,HE3,LYS,186.0,76.879,51.505,64.582,0.05,1.32,1.83
ATOM,1146.0,HZ1,LYS,186.0,78.69,51.999,63.117,0.33,0.2245,20.3
ATOM,1147.0,HZ2,LYS,186.0,78.846,50.531,63.816,0.33,0.2245,17.06
ATOM,1148.0,HZ3,LYS,186.0,78.341,50.648,62.267,0.33,0.2245,17.64
ATOM,1149.0,N,GLY,187.0,71.39,50.969,64.03,-0.47,1.85,0.02
ATOM,1150.0,CA,GLY,187.0,70.687,51.994,63.287,-0.02,2.175,14.72
ATOM,1151.0,C,GLY,187.0,69.208,52.076,63.631,0.51,2.0,0.23
ATOM,1152.0,O,GLY,187.0,68.491,52.93,63.087,-0.51,1.7,16.79
ATOM,1153.0,H,GLY,187.0,71.638,51.043,65.028,0.31,0.2245,0.0
ATOM,1154.0,HA2,GLY,187.0,71.119,52.898,63.466,0.09,1.32,11.49
ATOM,1155.0,HA3,GLY,187.0,70.785,51.817,62.289,0.09,1.32,4.75
ATOM,1156.0,N,SER,188.0,68.742,51.186,64.503,-0.47,1.85,0.0
ATOM,1157.0,CA,SER,188.0,67.346,51.176,64.92,0.07,2.275,0.0
ATOM,1158.0,C,SER,188.0,67.017,52.37,65.819,0.51,2.0,0.0
ATOM,1159.0,O,SER,188.0,67.859,52.793,66.611,-0.51,1.7,0.58
ATOM,1160.0,CB,SER,188.0,67.025,49.878,65.655,0.05,2.175,0.0
ATOM,1161.0,OG,SER,188.0,67.1,48.779,64.771,-0.66,1.77,0.0
ATOM,1162.0,H,SER,188.0,69.45,50.51,64.854,0.31,0.2245,0.0
ATOM,1163.0,HA,SER,188.0,66.77,51.247,64.095,0.09,1.32,0.02
ATOM,1164.0,HB2,SER,188.0,67.684,49.752,66.388,0.09,1.32,0.0
ATOM,1165.0,HB3,SER,188.0,66.103,49.937,66.023,0.09,1.32,0.0
ATOM,1166.0,HG,SER,188.0,68.049,48.471,64.698,0.43,0.2245,0.0
ATOM,1167.0,N,ARG,189.0,65.804,52.91,65.679,-0.47,1.85,0.0
ATOM,1168.0,CA,ARG,189.0,65.337,54.063,66.467,0.07,2.275,0.0
ATOM,1169.0,C,ARG,189.0,63.97,53.781,67.048,0.51,2.0,0.0
ATOM,1170.0,O,ARG,189.0,63.105,53.221,66.377,-0.51,1.7,0.03
ATOM,1171.0,CB,ARG,189.0,65.205,55.331,65.612,-0.18,2.175,0.07
ATOM,1172.0,CG,ARG,189.0,66.493,55.898,65.089,-0.18,2.175,5.64
ATOM,1173.0,CD,ARG,189.0,66.254,57.203,64.331,0.2,2.175,19.35
ATOM,1174.0,NE,ARG,189.0,65.815,58.298,65.201,-0.7,1.85,4.61
ATOM,1175.0,CZ,ARG,189.0,64.562,58.741,65.278,0.64,2.0,1.81
ATOM,1176.0,NH1,ARG,189.0,63.607,58.186,64.54,-0.8,1.85,11.32
ATOM,1177.0,NH2,ARG,189.0,64.261,59.753,66.083,-0.8,1.85,8.81
ATOM,1178.0,H,ARG,189.0,65.207,52.443,64.957,0.31,0.2245,0.0
ATOM,1179.0,HA,ARG,189.0,65.988,54.219,67.215,0.09,1.32,0.0
ATOM,1180.0,HB2,ARG,189.0,64.613,55.111,64.831,0.09,1.32,0.0
ATOM,1181.0,HB3,ARG,189.0,64.754,56.03,66.173,0.09,1.32,0.0
ATOM,1182.0,HG2,ARG,189.0,67.113,56.095,65.844,0.09,1.32,0.0
ATOM,1183.0,HG3,ARG,189.0,66.919,55.255,64.457,0.09,1.32,0.0
ATOM,1184.0,HD2,ARG,189.0,67.11,57.461,63.885,0.09,1.32,11.41
ATOM,1185.0,HD3,ARG,189.0,65.553,57.032,63.639,0.09,1.32,2.86
ATOM,1186.0,HE,ARG,189.0,66.509,58.744,65.778,0.44,0.2245,0.98
ATOM,1187.0,HH11,ARG,189.0,63.807,57.42,63.935,0.46,0.2245,0.38
ATOM,1188.0,HH12,ARG,189.0,62.668,58.543,64.593,0.46,0.2245,8.8
ATOM,1189.0,HH21,ARG,189.0,64.982,60.167,66.646,0.46,0.2245,0.0
ATOM,1190.0,HH22,ARG,189.0,63.328,60.099,66.13,0.46,0.2245,0.29
ATOM,1191.0,N,ILE,190.0,63.777,54.21,68.285,-0.47,1.85,0.0
ATOM,1192.0,CA,ILE,190.0,62.518,54.055,69.0,0.07,2.275,0.0
ATOM,1193.0,C,ILE,190.0,62.162,55.483,69.366,0.51,2.0,0.0
ATOM,1194.0,O,ILE,190.0,62.965,56.171,69.992,-0.51,1.7,0.0
ATOM,1195.0,CB,ILE,190.0,62.706,53.229,70.293,-0.09,2.275,0.0
ATOM,1196.0,CG1,ILE,190.0,63.326,51.869,69.944,-0.18,2.175,0.0
ATOM,1197.0,CG2,ILE,190.0,61.365,53.108,71.048,-0.27,2.06,0.0
ATOM,1198.0,CD1,ILE,190.0,63.796,51.082,71.12,-0.27,2.06,0.0
ATOM,1199.0,H,ILE,190.0,64.617,54.677,68.713,0.31,0.2245,0.0
ATOM,1200.0,HA,ILE,190.0,61.859,53.761,68.34,0.09,1.32,0.0
ATOM,1201.0,HB,ILE,190.0,63.34,53.715,70.876,0.09,1.32,0.0
ATOM,1202.0,HG12,ILE,190.0,62.64,51.339,69.438,0.09,1.32,0.0
ATOM,1203.0,HG13,ILE,190.0,64.101,52.037,69.327,0.09,1.32,0.0
ATOM,1204.0,HG21,ILE,190.0,61.517,52.614,71.898,0.09,1.32,0.0
ATOM,1205.0,HG22,ILE,190.0,61.02,54.021,71.242,0.09,1.32,0.0
ATOM,1206.0,HG23,ILE,190.0,60.717,52.614,70.477,0.09,1.32,0.0
ATOM,1207.0,HD11,ILE,190.0,63.028,50.897,71.737,0.09,1.32,0.0
ATOM,1208.0,HD12,ILE,190.0,64.187,50.211,70.815,0.09,1.32,0.0
ATOM,1209.0,HD13,ILE,190.0,64.497,51.597,71.618,0.09,1.32,0.0
ATOM,1210.0,N,ALA,191.0,61.002,55.95,68.933,-0.47,1.85,0.0
ATOM,1211.0,CA,ALA,191.0,60.603,57.323,69.218,0.07,2.275,0.0
ATOM,1212.0,C,ALA,191.0,59.241,57.444,69.894,0.51,2.0,0.02
ATOM,1213.0,O,ALA,191.0,58.284,56.752,69.529,-0.51,1.7,0.81
ATOM,1214.0,CB,ALA,191.0,60.618,58.145,67.936,-0.27,2.06,3.37
ATOM,1215.0,H,ALA,191.0,60.426,55.284,68.396,0.31,0.2245,0.0
ATOM,1216.0,HA,ALA,191.0,61.302,57.743,69.829,0.09,1.32,0.0
ATOM,1217.0,HB1,ALA,191.0,61.434,58.722,67.919,0.09,1.32,0.0
ATOM,1218.0,HB2,ALA,191.0,60.628,57.532,67.147,0.09,1.32,1.7
ATOM,1219.0,HB3,ALA,191.0,59.802,58.721,67.899,0.09,1.32,1.75
ATOM,1220.0,N,GLY,192.0,59.176,58.323,70.891,-0.47,1.85,0.0
ATOM,1221.0,CA,GLY,192.0,57.933,58.592,71.593,-0.02,2.175,9.66
ATOM,1222.0,C,GLY,192.0,57.439,57.542,72.561,0.51,2.0,0.0
ATOM,1223.0,O,GLY,192.0,56.28,57.61,72.976,-0.51,1.7,11.76
ATOM,1224.0,H,GLY,192.0,60.077,58.79,71.117,0.31,0.2245,0.0
ATOM,1225.0,HA2,GLY,192.0,58.026,59.493,72.097,0.09,1.32,1.82
ATOM,1226.0,HA3,GLY,192.0,57.191,58.776,70.892,0.09,1.32,5.36
ATOM,1227.0,N,VAL,193.0,58.291,56.58,72.919,-0.47,1.85,0.0
ATOM,1228.0,CA,VAL,193.0,57.907,55.521,73.86,0.07,2.275,0.0
ATOM,1229.0,C,VAL,193.0,57.457,56.092,75.211,0.51,2.0,0.0
ATOM,1230.0,O,VAL,193.0,58.036,57.065,75.722,-0.51,1.7,0.14
ATOM,1231.0,CB,VAL,193.0,59.06,54.475,74.061,-0.09,2.275,0.0
ATOM,1232.0,CG1,VAL,193.0,60.362,55.168,74.47,-0.27,2.06,0.0
ATOM,1233.0,CG2,VAL,193.0,58.654,53.394,75.09,-0.27,2.06,0.0
ATOM,1234.0,H,VAL,193.0,59.229,56.643,72.484,0.31,0.2245,0.0
ATOM,1235.0,HA,VAL,193.0,57.128,55.018,73.463,0.09,1.32,0.0
ATOM,1236.0,HB,VAL,193.0,59.22,54.044,73.181,0.09,1.32,0.0
ATOM,1237.0,HG11,VAL,193.0,60.958,54.508,74.925,0.09,1.32,0.0
ATOM,1238.0,HG12,VAL,193.0,60.816,55.524,73.655,0.09,1.32,0.0
ATOM,1239.0,HG13,VAL,193.0,60.154,55.919,75.094,0.09,1.32,0.0
ATOM,1240.0,HG21,VAL,193.0,58.733,53.78,76.004,0.09,1.32,0.0
ATOM,1241.0,HG22,VAL,193.0,57.714,53.121,74.91,0.09,1.32,0.0
ATOM,1242.0,HG23,VAL,193.0,59.266,52.615,74.99,0.09,1.32,0.0
ATOM,1243.0,N,PHE,194.0,56.385,55.519,75.753,-0.47,1.85,0.0
ATOM,1244.0,CA,PHE,194.0,55.83,55.955,77.028,0.07,2.275,0.0
ATOM,1245.0,C,PHE,194.0,55.634,54.741,77.926,0.51,2.0,0.0
ATOM,1246.0,O,PHE,194.0,54.851,53.852,77.601,-0.51,1.7,0.0
ATOM,1247.0,CB,PHE,194.0,54.501,56.687,76.808,-0.18,2.175,5.4
ATOM,1248.0,CG,PHE,194.0,53.987,57.407,78.03,0.0,1.9924,0.02
ATOM,1249.0,CD1,PHE,194.0,53.358,56.711,79.063,-0.115,1.9924,0.0
ATOM,1250.0,CD2,PHE,194.0,54.105,58.792,78.137,-0.115,1.9924,8.7
ATOM,1251.0,CE1,PHE,194.0,52.859,57.384,80.186,-0.115,1.9924,0.0
ATOM,1252.0,CE2,PHE,194.0,53.611,59.47,79.253,-0.115,1.9924,10.73
ATOM,1253.0,CZ,PHE,194.0,52.984,58.767,80.275,-0.115,1.9924,5.88
ATOM,1254.0,H,PHE,194.0,55.982,54.739,75.191,0.31,0.2245,0.04
ATOM,1255.0,HA,PHE,194.0,56.519,56.531,77.467,0.09,1.32,0.0
ATOM,1256.0,HB2,PHE,194.0,54.639,57.358,76.095,0.09,1.32,2.18
ATOM,1257.0,HB3,PHE,194.0,53.826,56.015,76.544,0.09,1.32,0.0
ATOM,1258.0,HD1,PHE,194.0,53.26,55.723,79.009,0.115,1.3582,0.0
ATOM,1259.0,HD2,PHE,194.0,54.55,59.308,77.406,0.115,1.3582,6.04
ATOM,1260.0,HE1,PHE,194.0,52.414,56.861,80.917,0.115,1.3582,0.0
ATOM,1261.0,HE2,PHE,194.0,53.712,60.476,79.309,0.115,1.3582,12.54
ATOM,1262.0,HZ,PHE,194.0,52.624,59.248,81.071,0.115,1.3582,3.76
ATOM,1263.0,N,MET,195.0,56.379,54.699,79.033,-0.47,1.85,0.0
ATOM,1264.0,CA,MET,195.0,56.314,53.609,80.009,0.07,2.275,0.0
ATOM,1265.0,C,MET,195.0,55.468,54.028,81.209,0.51,2.0,0.0
ATOM,1266.0,O,MET,195.0,55.606,55.138,81.705,-0.51,1.7,0.0
ATOM,1267.0,CB,MET,195.0,57.72,53.243,80.526,-0.18,2.175,0.0
ATOM,1268.0,CG,MET,195.0,58.761,52.887,79.455,-0.14,2.175,0.0
ATOM,1269.0,SD,MET,195.0,58.289,51.519,78.362,-0.09,2.0,0.0
ATOM,1270.0,CE,MET,195.0,58.149,50.12,79.558,-0.22,2.06,0.0
ATOM,1271.0,H,MET,195.0,57.021,55.521,79.145,0.31,0.2245,0.0
ATOM,1272.0,HA,MET,195.0,55.867,52.825,79.572,0.09,1.32,0.0
ATOM,1273.0,HB2,MET,195.0,58.08,54.023,81.067,0.09,1.32,0.0
ATOM,1274.0,HB3,MET,195.0,57.637,52.453,81.158,0.09,1.32,0.0
ATOM,1275.0,HG2,MET,195.0,58.957,53.74,78.906,0.09,1.32,0.0
ATOM,1276.0,HG3,MET,195.0,59.653,52.679,79.934,0.09,1.32,0.0
ATOM,1277.0,HE1,MET,195.0,57.185,49.954,79.727,0.09,1.32,0.0
ATOM,1278.0,HE2,MET,195.0,58.578,49.323,79.152,0.09,1.32,0.0
ATOM,1279.0,HE3,MET,195.0,58.614,50.382,80.395,0.09,1.32,0.0
ATOM,1280.0,N,GLU,196.0,54.602,53.137,81.686,-0.47,1.85,0.0
ATOM,1281.0,CA,GLU,196.0,53.782,53.443,82.845,0.07,2.275,0.0
ATOM,1282.0,C,GLU,196.0,53.57,52.184,83.654,0.51,2.0,0.0
ATOM,1283.0,O,GLU,196.0,53.259,51.134,83.106,-0.51,1.7,0.0
ATOM,1284.0,CB,GLU,196.0,52.425,54.029,82.439,-0.18,2.175,0.0
ATOM,1285.0,CG,GLU,196.0,51.595,54.444,83.652,-0.28,2.175,0.0
ATOM,1286.0,CD,GLU,196.0,50.291,55.112,83.29,0.62,2.0,0.62
ATOM,1287.0,OE1,GLU,196.0,50.151,55.61,82.152,-0.76,1.7,0.03
ATOM,1288.0,OE2,GLU,196.0,49.4,55.165,84.16,-0.76,1.7,19.41
ATOM,1289.0,H,GLU,196.0,54.569,52.24,81.174,0.31,0.2245,0.0
ATOM,1290.0,HA,GLU,196.0,54.237,54.136,83.409,0.09,1.32,0.0
ATOM,1291.0,HB2,GLU,196.0,52.592,54.829,81.907,0.09,1.32,0.0
ATOM,1292.0,HB3,GLU,196.0,51.93,53.337,81.964,0.09,1.32,0.0
ATOM,1293.0,HG2,GLU,196.0,51.385,53.631,84.168,0.09,1.32,0.0
ATOM,1294.0,HG3,GLU,196.0,52.126,55.085,84.18,0.09,1.32,0.0
ATOM,1295.0,N,SER,197.0,53.758,52.29,84.96,-0.47,1.85,0.0
ATOM,1296.0,CA,SER,197.0,53.565,51.152,85.854,0.07,2.275,0.0
ATOM,1297.0,C,SER,197.0,52.076,50.819,86.021,0.51,2.0,0.0
ATOM,1298.0,O,SER,197.0,51.205,51.621,85.677,-0.51,1.7,0.02
ATOM,1299.0,CB,SER,197.0,54.159,51.488,87.219,0.05,2.175,0.0
ATOM,1300.0,OG,SER,197.0,53.518,52.636,87.76,-0.66,1.77,0.0
ATOM,1301.0,H,SER,197.0,54.048,53.231,85.288,0.31,0.2245,0.0
ATOM,1302.0,HA,SER,197.0,54.012,50.349,85.443,0.09,1.32,0.0
ATOM,1303.0,HB2,SER,197.0,54.017,50.722,87.831,0.09,1.32,0.0
ATOM,1304.0,HB3,SER,197.0,55.126,51.68,87.112,0.09,1.32,0.0
ATOM,1305.0,HG,SER,197.0,52.971,52.368,88.551,0.43,0.2245,0.0
ATOM,1306.0,N,THR,198.0,51.777,49.607,86.471,-0.47,1.85,0.0
ATOM,1307.0,CA,THR,198.0,50.384,49.25,86.741,0.07,2.275,1.11
ATOM,1308.0,C,THR,198.0,50.093,49.632,88.204,0.51,2.0,0.24
ATOM,1309.0,O,THR,198.0,48.972,49.991,88.557,-0.51,1.7,21.84
ATOM,1310.0,CB,THR,198.0,50.074,47.731,86.503,0.14,2.275,7.16
ATOM,1311.0,OG1,THR,198.0,50.959,46.913,87.282,-0.66,1.77,13.75
ATOM,1312.0,CG2,THR,198.0,50.233,47.386,85.046,-0.27,2.06,13.0
ATOM,1313.0,H,THR,198.0,52.571,48.971,86.607,0.31,0.2245,0.0
ATOM,1314.0,HA,THR,198.0,49.795,49.791,86.158,0.09,1.32,2.74
ATOM,1315.0,HB,THR,198.0,49.117,47.552,86.806,0.09,1.32,10.55
ATOM,1316.0,HG21,THR,198.0,51.182,47.117,84.854,0.09,1.32,0.0
ATOM,1317.0,HG22,THR,198.0,49.626,46.623,84.801,0.09,1.32,10.58
ATOM,1318.0,HG23,THR,198.0,50.001,48.179,84.473,0.09,1.32,0.0
ATOM,1319.0,HG1,THR,198.0,51.788,47.428,87.524,0.43,0.2245,0.0
ATOM,1320.0,N,THR,199.0,51.119,49.583,89.045,-0.47,1.85,0.0
ATOM,1321.0,CA,THR,199.0,50.966,49.922,90.449,0.07,2.275,0.75
ATOM,1322.0,C,THR,199.0,51.134,51.417,90.708,0.51,2.0,0.0
ATOM,1323.0,O,THR,199.0,51.967,52.077,90.075,-0.51,1.7,0.0
ATOM,1324.0,CB,THR,199.0,52.028,49.187,91.3,0.14,2.275,0.0
ATOM,1325.0,OG1,THR,199.0,51.84,47.775,91.168,-0.66,1.77,18.7
ATOM,1326.0,CG2,THR,199.0,51.944,49.58,92.781,-0.27,2.06,15.29
ATOM,1327.0,H,THR,199.0,52.019,49.288,88.619,0.31,0.2245,0.0
ATOM,1328.0,HA,THR,199.0,50.035,49.655,90.746,0.09,1.32,5.28
ATOM,1329.0,HB,THR,199.0,52.951,49.423,90.942,0.09,1.32,0.0
ATOM,1330.0,HG21,THR,199.0,50.99,49.549,93.081,0.09,1.32,6.56
ATOM,1331.0,HG22,THR,199.0,52.486,48.94,93.327,0.09,1.32,5.54
ATOM,1332.0,HG23,THR,199.0,52.301,50.507,92.901,0.09,1.32,0.0
ATOM,1333.0,HG1,THR,199.0,52.493,47.395,90.505,0.43,0.2245,0.0
ATOM,1334.0,N,THR,200.0,50.324,51.936,91.628,-0.47,1.85,0.0
ATOM,1335.0,CA,THR,200.0,50.421,53.328,92.073,0.07,2.275,0.0
ATOM,1336.0,C,THR,200.0,51.015,53.193,93.472,0.51,2.0,0.0
ATOM,1337.0,O,THR,200.0,50.336,52.812,94.426,-0.51,1.7,5.02
ATOM,1338.0,CB,THR,200.0,49.055,54.028,92.173,0.14,2.275,5.76
ATOM,1339.0,OG1,THR,200.0,48.437,54.051,90.882,-0.66,1.77,18.76
ATOM,1340.0,CG2,THR,200.0,49.23,55.459,92.686,-0.27,2.06,5.81
ATOM,1341.0,H,THR,200.0,49.615,51.268,92.005,0.31,0.2245,7.42
ATOM,1342.0,HA,THR,200.0,51.062,53.797,91.506,0.09,1.32,0.0
ATOM,1343.0,HB,THR,200.0,48.457,53.494,92.803,0.09,1.32,6.53
ATOM,1344.0,HG21,THR,200.0,50.183,55.743,92.571,0.09,1.32,0.0
ATOM,1345.0,HG22,THR,200.0,48.635,56.076,92.169,0.09,1.32,7.58
ATOM,1346.0,HG23,THR,200.0,48.987,55.5,93.656,0.09,1.32,0.0
ATOM,1347.0,HG1,THR,200.0,49.046,53.641,90.195,0.43,0.2245,0.01
ATOM,1348.0,N,PRO,201.0,52.304,53.497,93.616,-0.29,1.85,0.0
ATOM,1349.0,CA,PRO,201.0,52.911,53.362,94.935,0.02,2.275,0.0
ATOM,1350.0,C,PRO,201.0,52.726,54.538,95.88,0.51,2.0,0.0
ATOM,1351.0,O,PRO,201.0,52.134,55.554,95.519,-0.51,1.7,0.0
ATOM,1352.0,CB,PRO,201.0,54.385,53.172,94.59,-0.18,2.175,0.17
ATOM,1353.0,CG,PRO,201.0,54.571,54.129,93.433,-0.18,2.175,0.0
ATOM,1354.0,CD,PRO,201.0,53.287,53.948,92.604,0.0,2.175,0.0
ATOM,1355.0,HA,PRO,201.0,52.589,52.491,95.385,0.09,1.32,3.05
ATOM,1356.0,HB2,PRO,201.0,54.968,53.429,95.351,0.09,1.32,0.0
ATOM,1357.0,HB3,PRO,201.0,54.57,52.24,94.305,0.09,1.32,0.0
ATOM,1358.0,HG2,PRO,201.0,54.643,55.063,93.758,0.09,1.32,0.0
ATOM,1359.0,HG3,PRO,201.0,55.367,53.879,92.897,0.09,1.32,0.0
ATOM,1360.0,HD2,PRO,201.0,53.007,54.809,92.197,0.09,1.32,0.0
ATOM,1361.0,HD3,PRO,201.0,53.416,53.256,91.902,0.09,1.32,0.0
ATOM,1362.0,N,TRP,202.0,53.215,54.349,97.103,-0.47,1.85,0.0
ATOM,1363.0,CA,TRP,202.0,53.222,55.377,98.14,0.07,2.275,0.0
ATOM,1364.0,C,TRP,202.0,54.494,56.196,97.904,0.51,2.0,0.0
ATOM,1365.0,O,TRP,202.0,55.583,55.632,97.774,-0.51,1.7,0.0
ATOM,1366.0,CB,TRP,202.0,53.268,54.743,99.526,-0.18,2.175,0.0
ATOM,1367.0,CG,TRP,202.0,51.961,54.171,99.915,-0.03,1.9924,0.0
ATOM,1368.0,CD1,TRP,202.0,51.557,52.876,99.776,0.035,1.9924,3.08
ATOM,1369.0,CD2,TRP,202.0,50.836,54.898,100.435,-0.02,1.8,0.0
ATOM,1370.0,NE1,TRP,202.0,50.241,52.753,100.163,-0.61,1.85,0.35
ATOM,1371.0,CE2,TRP,202.0,49.778,53.972,100.571,0.13,1.8,0.0
ATOM,1372.0,CE3,TRP,202.0,50.627,56.239,100.788,-0.115,1.9924,1.19
ATOM,1373.0,CZ2,TRP,202.0,48.513,54.359,101.047,-0.115,1.9924,4.17
ATOM,1374.0,CZ3,TRP,202.0,49.373,56.619,101.258,-0.115,1.9924,7.73
ATOM,1375.0,CH2,TRP,202.0,48.331,55.68,101.383,-0.115,1.9924,12.8
ATOM,1376.0,H,TRP,202.0,53.601,53.383,97.262,0.31,0.2245,0.0
ATOM,1377.0,HA,TRP,202.0,52.452,55.973,97.986,0.09,1.32,0.0
ATOM,1378.0,HB2,TRP,202.0,53.931,54.01,99.52,0.09,1.32,0.0
ATOM,1379.0,HB3,TRP,202.0,53.505,55.438,100.187,0.09,1.32,0.0
ATOM,1380.0,HD1,TRP,202.0,52.124,52.127,99.444,0.115,1.3582,3.4
ATOM,1381.0,HE1,TRP,202.0,49.71,51.905,100.147,0.38,0.2245,12.52
ATOM,1382.0,HE3,TRP,202.0,51.356,56.911,100.708,0.115,1.3582,0.0
ATOM,1383.0,HZ2,TRP,202.0,47.779,53.68,101.131,0.115,1.3582,13.13
ATOM,1384.0,HZ3,TRP,202.0,49.215,57.567,101.507,0.115,1.3582,4.65
ATOM,1385.0,HH2,TRP,202.0,47.445,55.99,101.724,0.115,1.3582,17.91
ATOM,1386.0,N,VAL,203.0,54.343,57.508,97.776,-0.47,1.85,0.0
ATOM,1387.0,CA,VAL,203.0,55.483,58.391,97.547,0.07,2.275,0.0
ATOM,1388.0,C,VAL,203.0,55.577,59.529,98.583,0.51,2.0,0.0
ATOM,1389.0,O,VAL,203.0,54.561,59.967,99.142,-0.51,1.7,0.0
ATOM,1390.0,CB,VAL,203.0,55.471,58.995,96.084,-0.09,2.275,0.0
ATOM,1391.0,CG1,VAL,203.0,55.52,57.874,95.052,-0.27,2.06,0.0
ATOM,1392.0,CG2,VAL,203.0,54.238,59.896,95.844,-0.27,2.06,0.0
ATOM,1393.0,H,VAL,203.0,53.364,57.846,97.851,0.31,0.2245,0.0
ATOM,1394.0,HA,VAL,203.0,56.33,57.842,97.623,0.09,1.32,0.0
ATOM,1395.0,HB,VAL,203.0,56.3,59.526,95.989,0.09,1.32,0.0
ATOM,1396.0,HG11,VAL,203.0,54.821,57.193,95.267,0.09,1.32,0.0
ATOM,1397.0,HG12,VAL,203.0,55.349,58.251,94.142,0.09,1.32,0.0
ATOM,1398.0,HG13,VAL,203.0,56.422,57.444,95.071,0.09,1.32,0.0
ATOM,1399.0,HG21,VAL,203.0,53.575,59.727,96.567,0.09,1.32,0.0
ATOM,1400.0,HG22,VAL,203.0,54.531,60.848,95.86,0.09,1.32,0.0
ATOM,1401.0,HG23,VAL,203.0,53.847,59.67,94.957,0.09,1.32,0.0
ATOM,1402.0,N,ILE,204.0,56.803,59.949,98.889,-0.47,1.85,0.0
ATOM,1403.0,CA,ILE,204.0,57.031,61.063,99.806,0.07,2.275,0.0
ATOM,1404.0,C,ILE,204.0,57.362,62.277,98.932,0.51,2.0,0.0
ATOM,1405.0,O,ILE,204.0,57.845,62.131,97.802,-0.51,1.7,0.0
ATOM,1406.0,CB,ILE,204.0,58.199,60.825,100.815,-0.09,2.275,0.0
ATOM,1407.0,CG1,ILE,204.0,59.466,60.349,100.091,-0.18,2.175,0.0
ATOM,1408.0,CG2,ILE,204.0,57.753,59.891,101.947,-0.27,2.06,0.0
ATOM,1409.0,CD1,ILE,204.0,60.706,60.359,100.97,-0.27,2.06,0.0
ATOM,1410.0,H,ILE,204.0,57.571,59.423,98.426,0.31,0.2245,0.0
ATOM,1411.0,HA,ILE,204.0,56.163,61.256,100.236,0.09,1.32,0.0
ATOM,1412.0,HB,ILE,204.0,58.398,61.696,101.251,0.09,1.32,0.0
ATOM,1413.0,HG12,ILE,204.0,59.311,59.422,99.761,0.09,1.32,0.0
ATOM,1414.0,HG13,ILE,204.0,59.623,60.95,99.311,0.09,1.32,0.0
ATOM,1415.0,HG21,ILE,204.0,58.481,59.827,102.625,0.09,1.32,0.0
ATOM,1416.0,HG22,ILE,204.0,56.93,60.259,102.371,0.09,1.32,0.0
ATOM,1417.0,HG23,ILE,204.0,57.563,58.988,101.571,0.09,1.32,0.0
ATOM,1418.0,HD11,ILE,204.0,60.56,59.755,101.75,0.09,1.32,0.0
ATOM,1419.0,HD12,ILE,204.0,61.488,60.04,100.438,0.09,1.32,0.0
ATOM,1420.0,HD13,ILE,204.0,60.873,61.289,101.29,0.09,1.32,0.0
ATOM,1421.0,N,LYS,205.0,57.122,63.465,99.46,-0.47,1.85,0.0
ATOM,1422.0,CA,LYS,205.0,57.373,64.701,98.733,0.07,2.275,0.0
ATOM,1423.0,C,LYS,205.0,58.016,65.656,99.743,0.51,2.0,0.0
ATOM,1424.0,O,LYS,205.0,57.322,66.453,100.376,-0.51,1.7,0.13
ATOM,1425.0,CB,LYS,205.0,56.035,65.241,98.219,-0.18,2.175,0.0
ATOM,1426.0,CG,LYS,205.0,56.127,66.509,97.412,-0.18,2.175,0.0
ATOM,1427.0,CD,LYS,205.0,54.753,66.981,97.021,-0.18,2.175,1.66
ATOM,1428.0,CE,LYS,205.0,54.819,68.372,96.422,0.21,2.175,3.19
ATOM,1429.0,NZ,LYS,205.0,53.52,68.833,95.864,-0.3,1.85,11.26
ATOM,1430.0,H,LYS,205.0,56.742,63.442,100.431,0.31,0.2245,0.0
ATOM,1431.0,HA,LYS,205.0,58.017,64.53,98.005,0.09,1.32,0.0
ATOM,1432.0,HB2,LYS,205.0,55.615,64.529,97.65,0.09,1.32,0.0
ATOM,1433.0,HB3,LYS,205.0,55.446,65.409,99.015,0.09,1.32,0.0
ATOM,1434.0,HG2,LYS,205.0,56.572,67.216,97.959,0.09,1.32,0.0
ATOM,1435.0,HG3,LYS,205.0,56.661,66.337,96.586,0.09,1.32,0.0
ATOM,1436.0,HD2,LYS,205.0,54.375,66.363,96.342,0.09,1.32,0.0
ATOM,1437.0,HD3,LYS,205.0,54.174,67.012,97.827,0.09,1.32,8.55
ATOM,1438.0,HE2,LYS,205.0,55.119,69.021,97.136,0.05,1.32,0.95
ATOM,1439.0,HE3,LYS,205.0,55.513,68.379,95.687,0.05,1.32,0.0
ATOM,1440.0,HZ1,LYS,205.0,53.33,69.76,96.187,0.33,0.2245,9.89
ATOM,1441.0,HZ2,LYS,205.0,53.568,68.83,94.865,0.33,0.2245,6.75
ATOM,1442.0,HZ3,LYS,205.0,52.792,68.218,96.166,0.33,0.2245,10.07
ATOM,1443.0,N,PRO,206.0,59.353,65.578,99.91,-0.29,1.85,0.0
ATOM,1444.0,CA,PRO,206.0,60.158,66.391,100.842,0.02,2.275,0.0
ATOM,1445.0,C,PRO,206.0,60.35,67.901,100.585,0.51,2.0,0.0
ATOM,1446.0,O,PRO,206.0,61.439,68.435,100.839,-0.51,1.7,0.0
ATOM,1447.0,CB,PRO,206.0,61.518,65.672,100.866,-0.18,2.175,0.0
ATOM,1448.0,CG,PRO,206.0,61.298,64.371,100.204,-0.18,2.175,0.0
ATOM,1449.0,CD,PRO,206.0,60.215,64.623,99.196,0.0,2.175,0.0
ATOM,1450.0,HA,PRO,206.0,59.807,66.249,101.818,0.09,1.32,0.0
ATOM,1451.0,HB2,PRO,206.0,62.21,66.222,100.377,0.09,1.32,0.0
ATOM,1452.0,HB3,PRO,206.0,61.831,65.554,101.818,0.09,1.32,0.0
ATOM,1453.0,HG2,PRO,206.0,62.138,64.051,99.751,0.09,1.32,0.0
ATOM,1454.0,HG3,PRO,206.0,61.009,63.673,100.869,0.09,1.32,0.0
ATOM,1455.0,HD2,PRO,206.0,60.576,65.031,98.364,0.09,1.32,0.0
ATOM,1456.0,HD3,PRO,206.0,59.713,63.79,98.98,0.09,1.32,0.0
ATOM,1457.0,N,TRP,207.0,59.323,68.579,100.073,-0.47,1.85,0.0
ATOM,1458.0,CA,TRP,207.0,59.396,70.018,99.834,0.07,2.275,0.0
ATOM,1459.0,C,TRP,207.0,58.024,70.643,100.067,0.51,2.0,0.0
ATOM,1460.0,O,TRP,207.0,57.0,69.954,100.004,-0.51,1.7,5.46
ATOM,1461.0,CB,TRP,207.0,59.983,70.369,98.445,-0.18,2.175,0.0
ATOM,1462.0,CG,TRP,207.0,59.216,69.907,97.228,-0.03,1.9924,0.0
ATOM,1463.0,CD1,TRP,207.0,58.314,70.639,96.509,0.035,1.9924,2.87
ATOM,1464.0,CD2,TRP,207.0,59.276,68.617,96.6,-0.02,1.8,0.0
ATOM,1465.0,NE1,TRP,207.0,57.805,69.888,95.478,-0.61,1.85,0.65
ATOM,1466.0,CE2,TRP,207.0,58.37,68.638,95.509,0.13,1.8,0.0
ATOM,1467.0,CE3,TRP,207.0,59.993,67.441,96.852,-0.115,1.9924,0.0
ATOM,1468.0,CZ2,TRP,207.0,58.156,67.531,94.672,-0.115,1.9924,0.0
ATOM,1469.0,CZ3,TRP,207.0,59.782,66.322,96.015,-0.115,1.9924,0.0
ATOM,1470.0,CH2,TRP,207.0,58.866,66.385,94.941,-0.115,1.9924,0.0
ATOM,1471.0,H,TRP,207.0,58.484,68.005,99.864,0.31,0.2245,0.0
ATOM,1472.0,HA,TRP,207.0,60.025,70.409,100.507,0.09,1.32,0.0
ATOM,1473.0,HB2,TRP,207.0,60.063,71.37,98.378,0.09,1.32,0.0
ATOM,1474.0,HB3,TRP,207.0,60.904,69.97,98.38,0.09,1.32,0.0
ATOM,1475.0,HD1,TRP,207.0,58.059,71.586,96.704,0.115,1.3582,0.82
ATOM,1476.0,HE1,TRP,207.0,57.13,70.2,94.809,0.38,0.2245,12.46
ATOM,1477.0,HE3,TRP,207.0,60.642,67.377,97.6,0.115,1.3582,0.0
ATOM,1478.0,HZ2,TRP,207.0,57.506,67.592,93.912,0.115,1.3582,0.05
ATOM,1479.0,HZ3,TRP,207.0,60.285,65.492,96.192,0.115,1.3582,0.0
ATOM,1480.0,HH2,TRP,207.0,58.741,65.574,94.373,0.115,1.3582,0.0
ATOM,1481.0,N,THR,208.0,58.002,71.932,100.369,-0.47,1.85,0.0
ATOM,1482.0,CA,THR,208.0,56.755,72.634,100.644,0.07,2.275,0.46
ATOM,1483.0,C,THR,208.0,56.172,73.335,99.413,0.51,2.0,0.48
ATOM,1484.0,O,THR,208.0,56.797,73.378,98.354,-0.51,1.7,2.67
ATOM,1485.0,CB,THR,208.0,56.968,73.699,101.745,0.14,2.275,2.36
ATOM,1486.0,OG1,THR,208.0,57.765,74.771,101.223,-0.66,1.77,0.0
ATOM,1487.0,CG2,THR,208.0,57.688,73.104,102.949,-0.27,2.06,9.71
ATOM,1488.0,H,THR,208.0,58.934,72.392,100.393,0.31,0.2245,0.0
ATOM,1489.0,HA,THR,208.0,56.071,71.959,100.973,0.09,1.32,6.5
ATOM,1490.0,HB,THR,208.0,56.061,74.077,102.013,0.09,1.32,4.4
ATOM,1491.0,HG21,THR,208.0,57.367,73.547,103.789,0.09,1.32,10.43
ATOM,1492.0,HG22,THR,208.0,57.502,72.121,103.003,0.09,1.32,0.0
ATOM,1493.0,HG23,THR,208.0,58.676,73.248,102.858,0.09,1.32,0.0
ATOM,1494.0,HG1,THR,208.0,58.247,75.242,101.969,0.43,0.2245,0.0
ATOM,1495.0,N,ASP,209.0,55.01,73.963,99.606,-0.47,1.85,0.18
ATOM,1496.0,CA,ASP,209.0,54.318,74.714,98.557,0.07,2.275,1.52
ATOM,1497.0,C,ASP,209.0,55.094,75.958,98.159,0.51,2.0,0.0
ATOM,1498.0,O,ASP,209.0,54.769,76.592,97.154,-0.51,1.7,30.25
ATOM,1499.0,CB,ASP,209.0,52.923,75.129,99.02,-0.28,2.175,14.59
ATOM,1500.0,CG,ASP,209.0,52.031,73.94,99.301,0.62,2.0,3.75
ATOM,1501.0,OD1,ASP,209.0,52.141,72.931,98.565,-0.76,1.7,28.12
ATOM,1502.0,OD2,ASP,209.0,51.221,74.006,100.256,-0.76,1.7,46.89
ATOM,1503.0,H,ASP,209.0,54.633,73.872,100.58,0.31,0.2245,3.73
ATOM,1504.0,HA,ASP,209.0,54.275,74.116,97.745,0.09,1.32,6.89
ATOM,1505.0,HB2,ASP,209.0,53.021,75.66,99.853,0.09,1.32,3.98
ATOM,1506.0,HB3,ASP,209.0,52.511,75.677,98.303,0.09,1.32,8.47
ATOM,1507.0,N,ASP,210.0,56.055,76.347,98.995,-0.47,1.85,0.0
ATOM,1508.0,CA,ASP,210.0,56.908,77.499,98.72,0.07,2.275,3.93
ATOM,1509.0,C,ASP,210.0,58.245,76.975,98.248,0.51,2.0,0.52
ATOM,1510.0,O,ASP,210.0,59.243,77.7,98.269,-0.51,1.7,16.51
ATOM,1511.0,CB,ASP,210.0,57.175,78.308,99.983,-0.28,2.175,6.46
ATOM,1512.0,CG,ASP,210.0,55.958,78.459,100.832,0.62,2.0,2.5
ATOM,1513.0,OD1,ASP,210.0,55.193,79.431,100.605,-0.76,1.7,42.1
ATOM,1514.0,OD2,ASP,210.0,55.76,77.589,101.717,-0.76,1.7,17.21
ATOM,1515.0,H,ASP,210.0,56.144,75.763,99.854,0.31,0.2245,0.0
ATOM,1516.0,HA,ASP,210.0,56.497,77.995,97.961,0.09,1.32,6.61
ATOM,1517.0,HB2,ASP,210.0,57.882,77.836,100.502,0.09,1.32,0.0
ATOM,1518.0,HB3,ASP,210.0,57.497,79.208,99.705,0.09,1.32,10.53
ATOM,1519.0,N,ASN,211.0,58.285,75.691,97.911,-0.47,1.85,0.37
ATOM,1520.0,CA,ASN,211.0,59.504,75.049,97.447,0.07,2.275,0.03
ATOM,1521.0,C,ASN,211.0,60.67,75.07,98.443,0.51,2.0,0.0
ATOM,1522.0,O,ASN,211.0,61.841,75.248,98.068,-0.51,1.7,12.85
ATOM,1523.0,CB,ASN,211.0,59.939,75.604,96.086,-0.18,2.175,11.78
ATOM,1524.0,CG,ASN,211.0,60.886,74.673,95.36,0.55,2.0,2.26
ATOM,1525.0,H,ASN,211.0,57.375,75.19,98.008,0.31,0.2245,0.0
ATOM,1526.0,HA,ASN,211.0,59.283,74.066,97.28,0.09,1.32,0.0
ATOM,1527.0,HB2,ASN,211.0,59.126,75.734,95.527,0.09,1.32,10.21
ATOM,1528.0,HB3,ASN,211.0,60.398,76.475,96.236,0.09,1.32,4.13
ATOM,1529.0,OD1,ASN,211.0,60.884,73.46,95.597,-0.55,1.7,0.58
ATOM,1530.0,ND2,ASN,211.0,61.72,75.231,94.493,-0.62,1.85,11.68
ATOM,1531.0,HD22,ASN,211.0,61.703,76.224,94.353,0.3,0.2245,13.09
ATOM,1532.0,HD21,ASN,211.0,62.365,74.667,93.98,0.32,0.2245,0.05
ATOM,1533.0,N,GLN,212.0,60.356,74.935,99.725,-0.47,1.85,0.0
ATOM,1534.0,CA,GLN,212.0,61.409,74.855,100.736,0.07,2.275,0.8
ATOM,1535.0,C,GLN,212.0,61.557,73.361,101.003,0.51,2.0,0.0
ATOM,1536.0,O,GLN,212.0,60.576,72.633,100.992,-0.51,1.7,0.0
ATOM,1537.0,CB,GLN,212.0,60.991,75.528,102.036,-0.18,2.175,3.99
ATOM,1538.0,CG,GLN,212.0,60.747,77.003,101.937,-0.18,2.175,10.78
ATOM,1539.0,CD,GLN,212.0,60.067,77.522,103.19,0.55,2.0,2.72
ATOM,1540.0,H,GLN,212.0,59.351,74.893,99.937,0.31,0.2245,0.0
ATOM,1541.0,HA,GLN,212.0,62.245,75.176,100.335,0.09,1.32,4.18
ATOM,1542.0,HB2,GLN,212.0,60.146,75.086,102.366,0.09,1.32,0.0
ATOM,1543.0,HB3,GLN,212.0,61.714,75.37,102.724,0.09,1.32,4.23
ATOM,1544.0,HG2,GLN,212.0,61.616,77.476,101.834,0.09,1.32,11.16
ATOM,1545.0,HG3,GLN,212.0,60.156,77.189,101.159,0.09,1.32,0.0
ATOM,1546.0,OE1,GLN,212.0,60.735,77.963,104.137,-0.55,1.7,42.01
ATOM,1547.0,NE2,GLN,212.0,58.734,77.433,103.225,-0.62,1.85,7.62
ATOM,1548.0,HE21,GLN,212.0,58.215,77.747,104.036,0.32,0.2245,19.97
ATOM,1549.0,HE22,GLN,212.0,58.251,77.043,102.418,0.3,0.2245,0.0
ATOM,1550.0,N,TRP,213.0,62.772,72.915,101.255,-0.47,1.85,0.0
ATOM,1551.0,CA,TRP,213.0,63.017,71.512,101.534,0.07,2.275,0.0
ATOM,1552.0,C,TRP,213.0,62.563,71.212,102.954,0.51,2.0,0.0
ATOM,1553.0,O,TRP,213.0,62.712,72.057,103.838,-0.51,1.7,8.33
ATOM,1554.0,CB,TRP,213.0,64.517,71.215,101.486,-0.18,2.175,0.0
ATOM,1555.0,CG,TRP,213.0,65.12,71.114,100.13,-0.03,1.9924,0.0
ATOM,1556.0,CD1,TRP,213.0,65.99,72.002,99.543,0.035,1.9924,5.62
ATOM,1557.0,CD2,TRP,213.0,65.001,70.011,99.225,-0.02,1.8,0.0
ATOM,1558.0,NE1,TRP,213.0,66.427,71.509,98.334,-0.61,1.85,0.2
ATOM,1559.0,CE2,TRP,213.0,65.834,70.291,98.111,0.13,1.8,0.0
ATOM,1560.0,CE3,TRP,213.0,64.275,68.806,99.254,-0.115,1.9924,0.0
ATOM,1561.0,CZ2,TRP,213.0,65.962,69.407,97.026,-0.115,1.9924,0.0
ATOM,1562.0,CZ3,TRP,213.0,64.4,67.924,98.18,-0.115,1.9924,0.0
ATOM,1563.0,CH2,TRP,213.0,65.239,68.231,97.078,-0.115,1.9924,0.0
ATOM,1564.0,H,TRP,213.0,63.52,73.636,101.237,0.31,0.2245,4.54
ATOM,1565.0,HA,TRP,213.0,62.451,70.97,100.915,0.09,1.32,0.0
ATOM,1566.0,HB2,TRP,213.0,65.003,71.945,101.976,0.09,1.32,0.0
ATOM,1567.0,HB3,TRP,213.0,64.685,70.343,101.955,0.09,1.32,0.0
ATOM,1568.0,HD1,TRP,213.0,66.264,72.876,99.936,0.115,1.3582,6.49
ATOM,1569.0,HE1,TRP,213.0,67.069,71.961,97.719,0.38,0.2245,0.31
ATOM,1570.0,HE3,TRP,213.0,63.685,68.582,100.021,0.115,1.3582,0.0
ATOM,1571.0,HZ2,TRP,213.0,66.555,69.635,96.255,0.115,1.3582,0.0
ATOM,1572.0,HZ3,TRP,213.0,63.895,67.073,98.188,0.115,1.3582,0.0
ATOM,1573.0,HH2,TRP,213.0,65.3,67.575,96.33,0.115,1.3582,0.0
ATOM,1574.0,N,LEU,214.0,62.008,70.022,103.162,-0.47,1.85,0.0
ATOM,1575.0,CA,LEU,214.0,61.61,69.554,104.495,0.07,2.275,0.0
ATOM,1576.0,C,LEU,214.0,62.77,68.635,104.88,0.51,2.0,0.0
ATOM,1577.0,O,LEU,214.0,63.202,67.809,104.072,-0.51,1.7,0.0
ATOM,1578.0,CB,LEU,214.0,60.303,68.752,104.441,-0.18,2.175,0.0
ATOM,1579.0,CG,LEU,214.0,59.026,69.517,104.089,-0.09,2.275,0.0
ATOM,1580.0,CD1,LEU,214.0,57.886,68.546,103.825,-0.27,2.06,3.08
ATOM,1581.0,CD2,LEU,214.0,58.672,70.471,105.208,-0.27,2.06,21.26
ATOM,1582.0,H,LEU,214.0,61.878,69.448,102.3,0.31,0.2245,0.0
ATOM,1583.0,HA,LEU,214.0,61.597,70.312,105.105,0.09,1.32,1.22
ATOM,1584.0,HB2,LEU,214.0,60.417,68.032,103.755,0.09,1.32,0.0
ATOM,1585.0,HB3,LEU,214.0,60.164,68.337,105.34,0.09,1.32,0.0
ATOM,1586.0,HG,LEU,214.0,59.191,70.066,103.272,0.09,1.32,0.0
ATOM,1587.0,HD11,LEU,214.0,57.72,67.994,104.643,0.09,1.32,0.0
ATOM,1588.0,HD12,LEU,214.0,57.057,69.057,103.596,0.09,1.32,5.12
ATOM,1589.0,HD13,LEU,214.0,58.127,67.946,103.062,0.09,1.32,0.0
ATOM,1590.0,HD21,LEU,214.0,59.419,71.125,105.345,0.09,1.32,4.07
ATOM,1591.0,HD22,LEU,214.0,57.835,70.971,104.975,0.09,1.32,2.86
ATOM,1592.0,HD23,LEU,214.0,58.524,69.959,106.057,0.09,1.32,0.0
ATOM,1593.0,N,THR,215.0,63.328,68.813,106.068,-0.47,1.85,0.0
ATOM,1594.0,CA,THR,215.0,64.451,67.976,106.498,0.07,2.275,0.0
ATOM,1595.0,C,THR,215.0,64.085,67.11,107.713,0.51,2.0,0.1
ATOM,1596.0,O,THR,215.0,64.79,66.166,108.075,-0.51,1.7,7.12
ATOM,1597.0,CB,THR,215.0,65.699,68.851,106.82,0.14,2.275,4.03
ATOM,1598.0,OG1,THR,215.0,65.318,69.918,107.709,-0.66,1.77,15.73
ATOM,1599.0,CG2,THR,215.0,66.283,69.442,105.518,-0.27,2.06,2.26
ATOM,1600.0,H,THR,215.0,62.921,69.563,106.645,0.31,0.2245,5.23
ATOM,1601.0,HA,THR,215.0,64.7,67.36,105.739,0.09,1.32,0.0
ATOM,1602.0,HB,THR,215.0,66.386,68.271,107.294,0.09,1.32,7.44
ATOM,1603.0,HG21,THR,215.0,65.805,69.048,104.735,0.09,1.32,0.0
ATOM,1604.0,HG22,THR,215.0,66.161,70.433,105.524,0.09,1.32,0.0
ATOM,1605.0,HG23,THR,215.0,67.256,69.222,105.465,0.09,1.32,0.0
ATOM,1606.0,HG1,THR,215.0,64.794,69.552,108.484,0.43,0.2245,10.33
ATOM,1607.0,N,ASP,216.0,62.936,67.42,108.294,-0.47,1.85,0.0
ATOM,1608.0,CA,ASP,216.0,62.431,66.738,109.463,0.07,2.275,1.77
ATOM,1609.0,C,ASP,216.0,61.684,65.467,109.052,0.51,2.0,0.0
ATOM,1610.0,O,ASP,216.0,60.72,65.541,108.299,-0.51,1.7,0.0
ATOM,1611.0,CB,ASP,216.0,61.504,67.713,110.193,-0.28,2.175,13.98
ATOM,1612.0,CG,ASP,216.0,60.807,67.089,111.366,0.62,2.0,3.13
ATOM,1613.0,OD1,ASP,216.0,61.512,66.529,112.235,-0.76,1.7,30.02
ATOM,1614.0,OD2,ASP,216.0,59.556,67.162,111.418,-0.76,1.7,16.8
ATOM,1615.0,H,ASP,216.0,62.422,68.21,107.826,0.31,0.2245,0.09
ATOM,1616.0,HA,ASP,216.0,63.22,66.444,110.011,0.09,1.32,4.79
ATOM,1617.0,HB2,ASP,216.0,62.058,68.477,110.51,0.09,1.32,9.06
ATOM,1618.0,HB3,ASP,216.0,60.824,68.032,109.539,0.09,1.32,0.26
ATOM,1619.0,N,ALA,217.0,62.115,64.318,109.577,-0.47,1.85,0.0
ATOM,1620.0,CA,ALA,217.0,61.504,63.022,109.269,0.07,2.275,0.0
ATOM,1621.0,C,ALA,217.0,59.981,62.982,109.435,0.51,2.0,0.0
ATOM,1622.0,O,ALA,217.0,59.275,62.467,108.572,-0.51,1.7,0.0
ATOM,1623.0,CB,ALA,217.0,62.14,61.94,110.103,-0.27,2.06,0.33
ATOM,1624.0,H,ALA,217.0,62.927,64.422,110.228,0.31,0.2245,4.42
ATOM,1625.0,HA,ALA,217.0,61.726,62.783,108.302,0.09,1.32,0.0
ATOM,1626.0,HB1,ALA,217.0,61.622,61.087,110.009,0.09,1.32,0.0
ATOM,1627.0,HB2,ALA,217.0,63.083,61.785,109.8,0.09,1.32,0.0
ATOM,1628.0,HB3,ALA,217.0,62.148,62.212,111.068,0.09,1.32,5.19
ATOM,1629.0,N,ALA,218.0,59.481,63.501,110.551,-0.47,1.85,0.0
ATOM,1630.0,CA,ALA,218.0,58.043,63.529,110.821,0.07,2.275,0.84
ATOM,1631.0,C,ALA,218.0,57.305,64.369,109.778,0.51,2.0,0.3
ATOM,1632.0,O,ALA,218.0,56.24,63.977,109.313,-0.51,1.7,6.13
ATOM,1633.0,CB,ALA,218.0,57.774,64.07,112.213,-0.27,2.06,28.81
ATOM,1634.0,H,ALA,218.0,60.191,63.882,111.21,0.31,0.2245,1.2
ATOM,1635.0,HA,ALA,218.0,57.688,62.588,110.783,0.09,1.32,0.62
ATOM,1636.0,HB1,ALA,218.0,58.528,63.822,112.822,0.09,1.32,6.21
ATOM,1637.0,HB2,ALA,218.0,57.692,65.066,112.177,0.09,1.32,3.34
ATOM,1638.0,HB3,ALA,218.0,56.923,63.681,112.566,0.09,1.32,11.7
ATOM,1639.0,N,ALA,219.0,57.887,65.5,109.377,-0.47,1.85,0.05
ATOM,1640.0,CA,ALA,219.0,57.254,66.351,108.381,0.07,2.275,3.31
ATOM,1641.0,C,ALA,219.0,57.233,65.634,107.018,0.51,2.0,0.0
ATOM,1642.0,O,ALA,219.0,56.26,65.726,106.278,-0.51,1.7,1.88
ATOM,1643.0,CB,ALA,219.0,57.974,67.661,108.281,-0.27,2.06,11.26
ATOM,1644.0,H,ALA,219.0,58.795,65.707,109.823,0.31,0.2245,0.0
ATOM,1645.0,HA,ALA,219.0,56.307,66.531,108.654,0.09,1.32,5.08
ATOM,1646.0,HB1,ALA,219.0,58.352,67.779,107.359,0.09,1.32,0.0
ATOM,1647.0,HB2,ALA,219.0,57.343,68.418,108.47,0.09,1.32,11.1
ATOM,1648.0,HB3,ALA,219.0,58.726,67.694,108.945,0.09,1.32,0.0
ATOM,1649.0,N,VAL,220.0,58.289,64.895,106.702,-0.47,1.85,0.0
ATOM,1650.0,CA,VAL,220.0,58.346,64.182,105.418,0.07,2.275,0.0
ATOM,1651.0,C,VAL,220.0,57.347,63.024,105.386,0.51,2.0,0.0
ATOM,1652.0,O,VAL,220.0,56.701,62.781,104.37,-0.51,1.7,0.0
ATOM,1653.0,CB,VAL,220.0,59.771,63.66,105.115,-0.09,2.275,0.0
ATOM,1654.0,CG1,VAL,220.0,59.803,62.95,103.752,-0.27,2.06,0.0
ATOM,1655.0,CG2,VAL,220.0,60.761,64.822,105.123,-0.27,2.06,0.0
ATOM,1656.0,H,VAL,220.0,59.039,64.863,107.406,0.31,0.2245,0.0
ATOM,1657.0,HA,VAL,220.0,58.093,64.83,104.692,0.09,1.32,0.0
ATOM,1658.0,HB,VAL,220.0,59.995,62.977,105.799,0.09,1.32,0.0
ATOM,1659.0,HG11,VAL,220.0,60.395,62.149,103.815,0.09,1.32,0.0
ATOM,1660.0,HG12,VAL,220.0,58.878,62.669,103.509,0.09,1.32,0.0
ATOM,1661.0,HG13,VAL,220.0,60.157,63.58,103.064,0.09,1.32,0.0
ATOM,1662.0,HG21,VAL,220.0,60.649,65.343,105.968,0.09,1.32,0.0
ATOM,1663.0,HG22,VAL,220.0,61.691,64.461,105.069,0.09,1.32,0.0
ATOM,1664.0,HG23,VAL,220.0,60.581,65.411,104.336,0.09,1.32,0.0
ATOM,1665.0,N,VAL,221.0,57.21,62.319,106.503,-0.47,1.85,0.0
ATOM,1666.0,CA,VAL,221.0,56.282,61.194,106.574,0.07,2.275,0.0
ATOM,1667.0,C,VAL,221.0,54.857,61.688,106.369,0.51,2.0,0.0
ATOM,1668.0,O,VAL,221.0,54.055,61.025,105.728,-0.51,1.7,2.8
ATOM,1669.0,CB,VAL,221.0,56.417,60.417,107.922,-0.09,2.275,0.3
ATOM,1670.0,CG1,VAL,221.0,55.314,59.355,108.048,-0.27,2.06,16.76
ATOM,1671.0,CG2,VAL,221.0,57.788,59.739,107.99,-0.27,2.06,0.0
ATOM,1672.0,H,VAL,221.0,57.8,62.627,107.294,0.31,0.2245,0.0
ATOM,1673.0,HA,VAL,221.0,56.502,60.56,105.829,0.09,1.32,0.0
ATOM,1674.0,HB,VAL,221.0,56.276,61.07,108.656,0.09,1.32,1.03
ATOM,1675.0,HG11,VAL,221.0,54.431,59.81,108.139,0.09,1.32,5.6
ATOM,1676.0,HG12,VAL,221.0,55.317,58.782,107.231,0.09,1.32,0.0
ATOM,1677.0,HG13,VAL,221.0,55.49,58.795,108.854,0.09,1.32,0.49
ATOM,1678.0,HG21,VAL,221.0,58.27,60.06,108.803,0.09,1.32,0.0
ATOM,1679.0,HG22,VAL,221.0,57.66,58.75,108.038,0.09,1.32,0.0
ATOM,1680.0,HG23,VAL,221.0,58.309,59.975,107.171,0.09,1.32,0.0
ATOM,1681.0,N,ALA,222.0,54.576,62.887,106.862,-0.47,1.85,0.52
ATOM,1682.0,CA,ALA,222.0,53.266,63.495,106.726,0.07,2.275,3.18
ATOM,1683.0,C,ALA,222.0,52.9,63.754,105.256,0.51,2.0,0.0
ATOM,1684.0,O,ALA,222.0,51.727,63.951,104.956,-0.51,1.7,27.23
ATOM,1685.0,CB,ALA,222.0,53.223,64.817,107.522,-0.27,2.06,28.78
ATOM,1686.0,H,ALA,222.0,55.375,63.35,107.352,0.31,0.2245,0.0
ATOM,1687.0,HA,ALA,222.0,52.57,62.874,107.117,0.09,1.32,10.37
ATOM,1688.0,HB1,ALA,222.0,54.018,64.86,108.121,0.09,1.32,0.0
ATOM,1689.0,HB2,ALA,222.0,53.237,65.58,106.882,0.09,1.32,5.85
ATOM,1690.0,HB3,ALA,222.0,52.387,64.841,108.063,0.09,1.32,11.77
ATOM,1691.0,N,THR,223.0,53.879,63.752,104.343,-0.47,1.85,0.0
ATOM,1692.0,CA,THR,223.0,53.603,64.015,102.917,0.07,2.275,1.25
ATOM,1693.0,C,THR,223.0,53.169,62.797,102.097,0.51,2.0,0.27
ATOM,1694.0,O,THR,223.0,52.857,62.92,100.912,-0.51,1.7,5.56
ATOM,1695.0,CB,THR,223.0,54.828,64.654,102.185,0.14,2.275,1.47
ATOM,1696.0,OG1,THR,223.0,55.877,63.687,102.043,-0.66,1.77,0.0
ATOM,1697.0,CG2,THR,223.0,55.346,65.848,102.951,-0.27,2.06,8.57
ATOM,1698.0,H,THR,223.0,54.823,63.555,104.712,0.31,0.2245,0.0
ATOM,1699.0,HA,THR,223.0,52.858,64.714,102.867,0.09,1.32,8.05
ATOM,1700.0,HB,THR,223.0,54.528,64.944,101.255,0.09,1.32,1.34
ATOM,1701.0,HG21,THR,223.0,55.88,66.443,102.343,0.09,1.32,0.0
ATOM,1702.0,HG22,THR,223.0,54.579,66.375,103.329,0.09,1.32,7.97
ATOM,1703.0,HG23,THR,223.0,55.934,65.545,103.707,0.09,1.32,0.0
ATOM,1704.0,HG1,THR,223.0,56.179,63.364,102.946,0.43,0.2245,0.0
ATOM,1705.0,N,LEU,224.0,53.201,61.624,102.718,-0.47,1.85,0.0
ATOM,1706.0,CA,LEU,224.0,52.854,60.365,102.064,0.07,2.275,0.0
ATOM,1707.0,C,LEU,224.0,51.496,60.371,101.336,0.51,2.0,0.0
ATOM,1708.0,O,LEU,224.0,50.48,60.835,101.875,-0.51,1.7,19.89
ATOM,1709.0,CB,LEU,224.0,52.89,59.261,103.119,-0.18,2.175,3.38
ATOM,1710.0,CG,LEU,224.0,53.567,57.906,102.946,-0.09,2.275,0.52
ATOM,1711.0,CD1,LEU,224.0,54.668,57.884,101.897,-0.27,2.06,0.0
ATOM,1712.0,CD2,LEU,224.0,54.092,57.514,104.329,-0.27,2.06,0.4
ATOM,1713.0,H,LEU,224.0,53.498,61.677,103.722,0.31,0.2245,0.0
ATOM,1714.0,HA,LEU,224.0,53.575,60.149,101.375,0.09,1.32,0.0
ATOM,1715.0,HB2,LEU,224.0,53.295,59.681,103.978,0.09,1.32,0.0
ATOM,1716.0,HB3,LEU,224.0,51.906,59.064,103.38,0.09,1.32,5.67
ATOM,1717.0,HG,LEU,224.0,52.861,57.218,102.698,0.09,1.32,0.14
ATOM,1718.0,HD11,LEU,224.0,55.383,58.537,102.148,0.09,1.32,0.0
ATOM,1719.0,HD12,LEU,224.0,55.061,56.965,101.843,0.09,1.32,0.0
ATOM,1720.0,HD13,LEU,224.0,54.287,58.135,101.007,0.09,1.32,0.0
ATOM,1721.0,HD21,LEU,224.0,53.327,57.456,104.969,0.09,1.32,4.89
ATOM,1722.0,HD22,LEU,224.0,54.548,56.627,104.27,0.09,1.32,0.0
ATOM,1723.0,HD23,LEU,224.0,54.742,58.205,104.644,0.09,1.32,0.0
ATOM,1724.0,N,LYS,225.0,51.51,59.903,100.087,-0.47,1.85,0.0
ATOM,1725.0,CA,LYS,225.0,50.312,59.807,99.254,0.07,2.275,0.43
ATOM,1726.0,C,LYS,225.0,50.568,58.724,98.209,0.51,2.0,0.0
ATOM,1727.0,O,LYS,225.0,51.707,58.321,97.983,-0.51,1.7,0.0
ATOM,1728.0,CB,LYS,225.0,50.019,61.135,98.536,-0.18,2.175,11.6
ATOM,1729.0,CG,LYS,225.0,51.158,61.591,97.599,-0.18,2.175,0.0
ATOM,1730.0,CD,LYS,225.0,50.735,62.7,96.642,-0.18,2.175,12.59
ATOM,1731.0,CE,LYS,225.0,51.853,63.064,95.646,0.21,2.175,1.69
ATOM,1732.0,NZ,LYS,225.0,52.834,64.0,96.224,-0.3,1.85,0.46
ATOM,1733.0,H,LYS,225.0,52.459,59.608,99.752,0.31,0.2245,0.0
ATOM,1734.0,HA,LYS,225.0,49.544,59.533,99.819,0.09,1.32,2.89
ATOM,1735.0,HB2,LYS,225.0,49.2,61.022,97.988,0.09,1.32,4.6
ATOM,1736.0,HB3,LYS,225.0,49.886,61.84,99.222,0.09,1.32,5.68
ATOM,1737.0,HG2,LYS,225.0,51.92,61.92,98.164,0.09,1.32,0.0
ATOM,1738.0,HG3,LYS,225.0,51.467,60.799,97.066,0.09,1.32,0.0
ATOM,1739.0,HD2,LYS,225.0,49.944,62.396,96.121,0.09,1.32,5.08
ATOM,1740.0,HD3,LYS,225.0,50.511,63.515,97.166,0.09,1.32,9.36
ATOM,1741.0,HE2,LYS,225.0,52.314,62.215,95.37,0.05,1.32,0.0
ATOM,1742.0,HE3,LYS,225.0,51.426,63.476,94.834,0.05,1.32,4.9
ATOM,1743.0,HZ1,LYS,225.0,53.744,63.812,95.848,0.33,0.2245,0.0
ATOM,1744.0,HZ2,LYS,225.0,52.574,64.942,96.003,0.33,0.2245,2.3
ATOM,1745.0,HZ3,LYS,225.0,52.86,63.891,97.22,0.33,0.2245,1.14
ATOM,1746.0,N,GLN,226.0,49.498,58.236,97.598,-0.47,1.85,0.0
ATOM,1747.0,CA,GLN,226.0,49.62,57.24,96.551,0.07,2.275,0.0
ATOM,1748.0,C,GLN,226.0,49.557,58.003,95.252,0.51,2.0,0.0
ATOM,1749.0,O,GLN,226.0,48.554,58.642,94.952,-0.51,1.7,19.04
ATOM,1750.0,CB,GLN,226.0,48.469,56.245,96.593,-0.18,2.175,4.03
ATOM,1751.0,CG,GLN,226.0,48.586,55.221,97.681,-0.18,2.175,0.02
ATOM,1752.0,CD,GLN,226.0,47.609,54.089,97.478,0.55,2.0,0.53
ATOM,1753.0,H,GLN,226.0,48.592,58.62,97.927,0.31,0.2245,7.69
ATOM,1754.0,HA,GLN,226.0,50.515,56.823,96.622,0.09,1.32,0.0
ATOM,1755.0,HB2,GLN,226.0,47.612,56.754,96.724,0.09,1.32,5.28
ATOM,1756.0,HB3,GLN,226.0,48.427,55.768,95.708,0.09,1.32,0.04
ATOM,1757.0,HG2,GLN,226.0,49.51,54.845,97.681,0.09,1.32,0.0
ATOM,1758.0,HG3,GLN,226.0,48.395,55.652,98.56,0.09,1.32,0.0
ATOM,1759.0,OE1,GLN,226.0,47.979,53.019,96.995,-0.55,1.7,20.34
ATOM,1760.0,NE2,GLN,226.0,46.345,54.332,97.791,-0.62,1.85,18.54
ATOM,1761.0,HE21,GLN,226.0,45.625,53.622,97.668,0.32,0.2245,22.41
ATOM,1762.0,HE22,GLN,226.0,46.097,55.25,98.162,0.3,0.2245,12.4
ATOM,1763.0,N,SER,227.0,50.645,57.978,94.504,-0.47,1.85,0.0
ATOM,1764.0,CA,SER,227.0,50.687,58.683,93.24,0.07,2.275,0.23
ATOM,1765.0,C,SER,227.0,51.823,58.118,92.401,0.51,2.0,0.0
ATOM,1766.0,O,SER,227.0,52.76,57.537,92.94,-0.51,1.7,0.0
ATOM,1767.0,CB,SER,227.0,50.907,60.188,93.469,0.05,2.175,4.07
ATOM,1768.0,OG,SER,227.0,50.884,60.909,92.248,-0.66,1.77,13.66
ATOM,1769.0,H,SER,227.0,51.434,57.431,94.888,0.31,0.2245,0.0
ATOM,1770.0,HA,SER,227.0,49.831,58.512,92.753,0.09,1.32,3.41
ATOM,1771.0,HB2,SER,227.0,50.182,60.528,94.062,0.09,1.32,0.92
ATOM,1772.0,HB3,SER,227.0,51.794,60.316,93.906,0.09,1.32,0.0
ATOM,1773.0,HG,SER,227.0,51.779,61.322,92.089,0.43,0.2245,0.0
ATOM,1774.0,N,LYS,228.0,51.716,58.293,91.082,-0.47,1.85,0.0
ATOM,1775.0,CA,LYS,228.0,52.743,57.84,90.145,0.07,2.275,0.0
ATOM,1776.0,C,LYS,228.0,53.712,58.966,89.816,0.51,2.0,0.0
ATOM,1777.0,O,LYS,228.0,54.547,58.825,88.929,-0.51,1.7,0.0
ATOM,1778.0,CB,LYS,228.0,52.12,57.329,88.844,-0.18,2.175,0.15
ATOM,1779.0,CG,LYS,228.0,51.36,56.03,88.98,-0.18,2.175,1.48
ATOM,1780.0,CD,LYS,228.0,50.867,55.512,87.632,-0.18,2.175,1.77
ATOM,1781.0,CE,LYS,228.0,50.015,54.266,87.815,0.21,2.175,3.13
ATOM,1782.0,NZ,LYS,228.0,49.537,53.682,86.547,-0.3,1.85,3.49
ATOM,1783.0,H,LYS,228.0,50.843,58.777,90.781,0.31,0.2245,6.08
ATOM,1784.0,HA,LYS,228.0,53.256,57.083,90.567,0.09,1.32,0.0
ATOM,1785.0,HB2,LYS,228.0,51.492,58.031,88.506,0.09,1.32,3.97
ATOM,1786.0,HB3,LYS,228.0,52.858,57.199,88.179,0.09,1.32,0.0
ATOM,1787.0,HG2,LYS,228.0,51.959,55.336,89.388,0.09,1.32,0.0
ATOM,1788.0,HG3,LYS,228.0,50.567,56.169,89.577,0.09,1.32,0.92
ATOM,1789.0,HD2,LYS,228.0,50.316,56.214,87.202,0.09,1.32,4.11
ATOM,1790.0,HD3,LYS,228.0,51.651,55.282,87.071,0.09,1.32,0.0
ATOM,1791.0,HE2,LYS,228.0,50.56,53.575,88.317,0.05,1.32,0.0
ATOM,1792.0,HE3,LYS,228.0,49.219,54.503,88.395,0.05,1.32,2.75
ATOM,1793.0,HZ1,LYS,228.0,48.644,53.25,86.689,0.33,0.2245,15.0
ATOM,1794.0,HZ2,LYS,228.0,49.449,54.401,85.856,0.33,0.2245,0.07
ATOM,1795.0,HZ3,LYS,228.0,50.189,52.993,86.225,0.33,0.2245,0.0
ATOM,1796.0,N,THR,229.0,53.569,60.096,90.5,-0.47,1.85,0.0
ATOM,1797.0,CA,THR,229.0,54.429,61.244,90.245,0.07,2.275,0.0
ATOM,1798.0,C,THR,229.0,54.366,62.229,91.403,0.51,2.0,0.0
ATOM,1799.0,O,THR,229.0,53.749,61.937,92.422,-0.51,1.7,0.0
ATOM,1800.0,CB,THR,229.0,54.068,61.927,88.874,0.14,2.275,0.0
ATOM,1801.0,OG1,THR,229.0,55.083,62.869,88.517,-0.66,1.77,4.87
ATOM,1802.0,CG2,THR,229.0,52.723,62.641,88.926,-0.27,2.06,23.02
ATOM,1803.0,H,THR,229.0,52.815,60.088,91.209,0.31,0.2245,0.0
ATOM,1804.0,HA,THR,229.0,55.378,60.92,90.156,0.09,1.32,0.14
ATOM,1805.0,HB,THR,229.0,54.031,61.2,88.162,0.09,1.32,0.0
ATOM,1806.0,HG21,THR,229.0,51.985,61.987,88.75,0.09,1.32,5.62
ATOM,1807.0,HG22,THR,229.0,52.591,63.05,89.831,0.09,1.32,0.35
ATOM,1808.0,HG23,THR,229.0,52.695,63.363,88.231,0.09,1.32,10.93
ATOM,1809.0,HG1,THR,229.0,55.867,62.398,88.097,0.43,0.2245,0.0
ATOM,1810.0,N,ASP,230.0,55.064,63.356,91.265,-0.47,1.85,0.0
ATOM,1811.0,CA,ASP,230.0,55.12,64.412,92.277,0.07,2.275,0.0
ATOM,1812.0,C,ASP,230.0,55.616,63.876,93.636,0.51,2.0,0.0
ATOM,1813.0,O,ASP,230.0,55.081,64.185,94.694,-0.51,1.7,0.0
ATOM,1814.0,CB,ASP,230.0,53.764,65.133,92.394,-0.28,2.175,8.99
ATOM,1815.0,CG,ASP,230.0,53.868,66.479,93.123,0.62,2.0,3.1
ATOM,1816.0,OD1,ASP,230.0,54.891,67.204,92.974,-0.76,1.7,6.68
ATOM,1817.0,OD2,ASP,230.0,52.911,66.816,93.847,-0.76,1.7,16.01
ATOM,1818.0,H,ASP,230.0,55.581,63.424,90.35,0.31,0.2245,0.0
ATOM,1819.0,HA,ASP,230.0,55.8,65.088,91.969,0.09,1.32,0.0
ATOM,1820.0,HB2,ASP,230.0,53.424,65.297,91.478,0.09,1.32,5.82
ATOM,1821.0,HB3,ASP,230.0,53.147,64.547,92.901,0.09,1.32,0.0
ATOM,1822.0,N,GLY,231.0,56.693,63.103,93.57,-0.47,1.85,0.0
ATOM,1823.0,CA,GLY,231.0,57.28,62.521,94.756,-0.02,2.175,0.0
ATOM,1824.0,C,GLY,231.0,57.998,61.263,94.322,0.51,2.0,0.0
ATOM,1825.0,O,GLY,231.0,58.044,60.961,93.121,-0.51,1.7,0.04
ATOM,1826.0,H,GLY,231.0,57.066,62.959,92.61,0.31,0.2245,0.0
ATOM,1827.0,HA2,GLY,231.0,57.93,63.154,95.159,0.09,1.32,0.0
ATOM,1828.0,HA3,GLY,231.0,56.568,62.291,95.41,0.09,1.32,0.0
ATOM,1829.0,N,TYR,232.0,58.527,60.512,95.282,-0.47,1.85,0.0
ATOM,1830.0,CA,TYR,232.0,59.229,59.274,94.972,0.07,2.275,0.0
ATOM,1831.0,C,TYR,232.0,59.111,58.229,96.09,0.51,2.0,0.0
ATOM,1832.0,O,TYR,232.0,58.865,58.563,97.257,-0.51,1.7,0.0
ATOM,1833.0,CB,TYR,232.0,60.716,59.562,94.667,-0.18,2.175,0.49
ATOM,1834.0,CG,TYR,232.0,61.5,60.092,95.844,0.0,1.9924,0.0
ATOM,1835.0,CD1,TYR,232.0,61.519,61.463,96.129,-0.115,1.9924,0.0
ATOM,1836.0,CD2,TYR,232.0,62.211,59.225,96.687,-0.115,1.9924,0.0
ATOM,1837.0,CE1,TYR,232.0,62.239,61.965,97.216,-0.115,1.9924,0.0
ATOM,1838.0,CE2,TYR,232.0,62.932,59.713,97.782,-0.115,1.9924,0.28
ATOM,1839.0,CZ,TYR,232.0,62.938,61.085,98.039,0.11,1.9924,0.0
ATOM,1840.0,OH,TYR,232.0,63.662,61.592,99.087,-0.54,1.77,0.0
ATOM,1841.0,H,TYR,232.0,58.399,60.875,96.244,0.31,0.2245,0.0
ATOM,1842.0,HA,TYR,232.0,58.821,58.876,94.134,0.09,1.32,0.35
ATOM,1843.0,HB2,TYR,232.0,61.136,58.71,94.364,0.09,1.32,0.0
ATOM,1844.0,HB3,TYR,232.0,60.752,60.237,93.934,0.09,1.32,0.0
ATOM,1845.0,HD1,TYR,232.0,61.01,62.095,95.546,0.115,1.3582,0.0
ATOM,1846.0,HD2,TYR,232.0,62.201,58.247,96.504,0.115,1.3582,0.0
ATOM,1847.0,HE1,TYR,232.0,62.251,62.945,97.401,0.115,1.3582,0.0
ATOM,1848.0,HE2,TYR,232.0,63.435,59.09,98.37,0.115,1.3582,0.0
ATOM,1849.0,HH,TYR,232.0,64.1,60.841,99.58,0.43,0.2245,0.0
ATOM,1850.0,N,GLN,233.0,59.317,56.972,95.729,-0.47,1.85,0.0
ATOM,1851.0,CA,GLN,233.0,59.265,55.877,96.694,0.07,2.275,0.0
ATOM,1852.0,C,GLN,233.0,60.503,55.939,97.585,0.51,2.0,0.0
ATOM,1853.0,O,GLN,233.0,61.62,56.039,97.08,-0.51,1.7,0.0
ATOM,1854.0,CB,GLN,233.0,59.253,54.549,95.951,-0.18,2.175,0.0
ATOM,1855.0,CG,GLN,233.0,58.028,54.342,95.074,-0.18,2.175,0.0
ATOM,1856.0,CD,GLN,233.0,58.272,53.278,94.035,0.55,2.0,0.0
ATOM,1857.0,H,GLN,233.0,59.515,56.832,94.718,0.31,0.2245,0.2
ATOM,1858.0,HA,GLN,233.0,58.463,56.012,97.274,0.09,1.32,0.0
ATOM,1859.0,HB2,GLN,233.0,60.065,54.497,95.365,0.09,1.32,0.0
ATOM,1860.0,HB3,GLN,233.0,59.284,53.802,96.62,0.09,1.32,0.0
ATOM,1861.0,HG2,GLN,233.0,57.267,54.062,95.651,0.09,1.32,0.0
ATOM,1862.0,HG3,GLN,233.0,57.816,55.2,94.616,0.09,1.32,0.0
ATOM,1863.0,OE1,GLN,233.0,58.177,52.088,94.315,-0.55,1.7,0.0
ATOM,1864.0,NE2,GLN,233.0,58.613,53.701,92.829,-0.62,1.85,0.0
ATOM,1865.0,HE21,GLN,233.0,58.809,53.041,92.074,0.32,0.2245,0.0
ATOM,1866.0,HE22,GLN,233.0,58.679,54.704,92.656,0.3,0.2245,0.07
ATOM,1867.0,N,PRO,234.0,60.327,55.914,98.923,-0.29,1.85,0.0
ATOM,1868.0,CA,PRO,234.0,61.473,55.967,99.841,0.02,2.275,0.0
ATOM,1869.0,C,PRO,234.0,62.445,54.805,99.611,0.51,2.0,0.0
ATOM,1870.0,O,PRO,234.0,62.039,53.702,99.243,-0.51,1.7,0.87
ATOM,1871.0,CB,PRO,234.0,60.82,55.864,101.22,-0.18,2.175,0.0
ATOM,1872.0,CG,PRO,234.0,59.455,56.473,101.007,-0.18,2.175,0.0
ATOM,1873.0,CD,PRO,234.0,59.051,55.9,99.666,0.0,2.175,0.0
ATOM,1874.0,HA,PRO,234.0,61.953,56.852,99.761,0.09,1.32,0.0
ATOM,1875.0,HB2,PRO,234.0,60.739,54.913,101.507,0.09,1.32,0.0
ATOM,1876.0,HB3,PRO,234.0,61.334,56.382,101.899,0.09,1.32,0.0
ATOM,1877.0,HG2,PRO,234.0,58.832,56.184,101.72,0.09,1.32,0.0
ATOM,1878.0,HG3,PRO,234.0,59.519,57.46,100.968,0.09,1.32,0.0
ATOM,1879.0,HD2,PRO,234.0,58.708,54.971,99.757,0.09,1.32,0.0
ATOM,1880.0,HD3,PRO,234.0,58.375,56.475,99.215,0.09,1.32,0.0
ATOM,1881.0,N,THR,235.0,63.73,55.066,99.825,-0.47,1.85,0.0
ATOM,1882.0,CA,THR,235.0,64.784,54.069,99.654,0.07,2.275,0.34
ATOM,1883.0,C,THR,235.0,65.634,54.048,100.925,0.51,2.0,0.0
ATOM,1884.0,O,THR,235.0,65.461,54.892,101.816,-0.51,1.7,0.0
ATOM,1885.0,CB,THR,235.0,65.747,54.418,98.485,0.14,2.275,1.85
ATOM,1886.0,OG1,THR,235.0,66.561,55.542,98.852,-0.66,1.77,1.09
ATOM,1887.0,CG2,THR,235.0,64.986,54.742,97.235,-0.27,2.06,0.79
ATOM,1888.0,H,THR,235.0,63.924,56.05,100.128,0.31,0.2245,0.0
ATOM,1889.0,HA,THR,235.0,64.363,53.173,99.543,0.09,1.32,4.65
ATOM,1890.0,HB,THR,235.0,66.358,53.62,98.321,0.09,1.32,5.4
ATOM,1891.0,HG21,THR,235.0,65.612,55.064,96.516,0.09,1.32,0.0
ATOM,1892.0,HG22,THR,235.0,64.504,53.926,96.896,0.09,1.32,0.0
ATOM,1893.0,HG23,THR,235.0,64.307,55.463,97.414,0.09,1.32,0.0
ATOM,1894.0,HG1,THR,235.0,65.986,56.289,99.202,0.43,0.2245,1.05
ATOM,1895.0,N,VAL,236.0,66.597,53.129,100.966,-0.47,1.85,0.03
ATOM,1896.0,CA,VAL,236.0,67.502,53.026,102.103,0.07,2.275,0.0
ATOM,1897.0,C,VAL,236.0,68.322,54.305,102.288,0.51,2.0,0.0
ATOM,1898.0,O,VAL,236.0,68.711,54.629,103.41,-0.51,1.7,2.95
ATOM,1899.0,CB,VAL,236.0,68.461,51.826,101.969,-0.09,2.275,2.11
ATOM,1900.0,CG1,VAL,236.0,67.653,50.544,101.852,-0.27,2.06,32.71
ATOM,1901.0,CG2,VAL,236.0,69.398,52.01,100.772,-0.27,2.06,27.08
ATOM,1902.0,H,VAL,236.0,66.643,52.509,100.136,0.31,0.2245,2.4
ATOM,1903.0,HA,VAL,236.0,66.949,52.893,102.936,0.09,1.32,0.0
ATOM,1904.0,HB,VAL,236.0,68.986,51.765,102.807,0.09,1.32,8.23
ATOM,1905.0,HG11,VAL,236.0,67.59,50.105,102.748,0.09,1.32,7.58
ATOM,1906.0,HG12,VAL,236.0,66.733,50.757,101.522,0.09,1.32,3.87
ATOM,1907.0,HG13,VAL,236.0,68.101,49.923,101.209,0.09,1.32,8.43
ATOM,1908.0,HG21,VAL,236.0,69.261,52.921,100.389,0.09,1.32,0.0
ATOM,1909.0,HG22,VAL,236.0,70.342,51.909,101.079,0.09,1.32,11.71
ATOM,1910.0,HG23,VAL,236.0,69.188,51.317,100.085,0.09,1.32,7.83
ATOM,1911.0,N,SER,237.0,68.564,55.04,101.2,-0.47,1.85,0.0
ATOM,1912.0,CA,SER,237.0,69.327,56.287,101.281,0.07,2.275,0.25
ATOM,1913.0,C,SER,237.0,68.544,57.357,102.043,0.51,2.0,0.0
ATOM,1914.0,O,SER,237.0,69.131,58.182,102.73,-0.51,1.7,0.0
ATOM,1915.0,CB,SER,237.0,69.734,56.776,99.882,0.05,2.175,3.57
ATOM,1916.0,OG,SER,237.0,70.669,55.873,99.288,-0.66,1.77,19.17
ATOM,1917.0,H,SER,237.0,68.176,54.661,100.32,0.31,0.2245,0.0
ATOM,1918.0,HA,SER,237.0,70.173,56.102,101.792,0.09,1.32,3.16
ATOM,1919.0,HB2,SER,237.0,68.925,56.822,99.311,0.09,1.32,1.88
ATOM,1920.0,HB3,SER,237.0,70.159,57.668,99.966,0.09,1.32,0.0
ATOM,1921.0,HG,SER,237.0,71.049,56.289,98.465,0.43,0.2245,8.94
ATOM,1922.0,N,ASP,238.0,67.218,57.316,101.957,-0.47,1.85,0.0
ATOM,1923.0,CA,ASP,238.0,66.375,58.259,102.688,0.07,2.275,0.0
ATOM,1924.0,C,ASP,238.0,66.511,58.082,104.209,0.51,2.0,0.0
ATOM,1925.0,O,ASP,238.0,66.324,59.025,104.967,-0.51,1.7,0.0
ATOM,1926.0,CB,ASP,238.0,64.91,58.1,102.271,-0.28,2.175,0.0
ATOM,1927.0,CG,ASP,238.0,64.647,58.63,100.879,0.62,2.0,0.11
ATOM,1928.0,OD1,ASP,238.0,64.968,59.804,100.63,-0.76,1.7,0.68
ATOM,1929.0,OD2,ASP,238.0,64.132,57.878,100.029,-0.76,1.7,0.24
ATOM,1930.0,H,ASP,238.0,66.842,56.573,101.339,0.31,0.2245,0.0
ATOM,1931.0,HA,ASP,238.0,66.706,59.187,102.473,0.09,1.32,0.0
ATOM,1932.0,HB2,ASP,238.0,64.689,57.133,102.294,0.09,1.32,0.0
ATOM,1933.0,HB3,ASP,238.0,64.352,58.603,102.918,0.09,1.32,0.0
ATOM,1934.0,N,TYR,239.0,66.844,56.872,104.648,-0.47,1.85,0.0
ATOM,1935.0,CA,TYR,239.0,67.007,56.598,106.074,0.07,2.275,0.0
ATOM,1936.0,C,TYR,239.0,68.174,57.396,106.626,0.51,2.0,0.0
ATOM,1937.0,O,TYR,239.0,68.195,57.745,107.803,-0.51,1.7,9.13
ATOM,1938.0,CB,TYR,239.0,67.243,55.113,106.313,-0.18,2.175,5.95
ATOM,1939.0,CG,TYR,239.0,66.13,54.214,105.805,0.0,1.9924,0.0
ATOM,1940.0,CD1,TYR,239.0,64.885,54.734,105.426,-0.115,1.9924,0.0
ATOM,1941.0,CD2,TYR,239.0,66.334,52.839,105.681,-0.115,1.9924,0.06
ATOM,1942.0,CE1,TYR,239.0,63.878,53.902,104.933,-0.115,1.9924,0.0
ATOM,1943.0,CE2,TYR,239.0,65.346,52.004,105.192,-0.115,1.9924,0.61
ATOM,1944.0,CZ,TYR,239.0,64.126,52.536,104.815,0.11,1.9924,0.0
ATOM,1945.0,OH,TYR,239.0,63.181,51.684,104.289,-0.54,1.77,7.24
ATOM,1946.0,H,TYR,239.0,66.975,56.158,103.909,0.31,0.2245,0.0
ATOM,1947.0,HA,TYR,239.0,66.172,56.891,106.548,0.09,1.32,0.0
ATOM,1948.0,HB2,TYR,239.0,68.088,54.848,105.851,0.09,1.32,0.95
ATOM,1949.0,HB3,TYR,239.0,67.335,54.961,107.296,0.09,1.32,3.26
ATOM,1950.0,HD1,TYR,239.0,64.714,55.714,105.51,0.115,1.3582,0.0
ATOM,1951.0,HD2,TYR,239.0,67.217,52.453,105.952,0.115,1.3582,9.45
ATOM,1952.0,HE1,TYR,239.0,62.996,54.279,104.669,0.115,1.3582,0.0
ATOM,1953.0,HE2,TYR,239.0,65.511,51.02,105.111,0.115,1.3582,9.24
ATOM,1954.0,HH,TYR,239.0,62.905,52.017,103.389,0.43,0.2245,1.03
ATOM,1955.0,N,VAL,240.0,69.135,57.693,105.755,-0.47,1.85,0.0
ATOM,1956.0,CA,VAL,240.0,70.321,58.47,106.096,0.07,2.275,0.0
ATOM,1957.0,C,VAL,240.0,70.031,59.976,105.949,0.51,2.0,0.0
ATOM,1958.0,O,VAL,240.0,70.356,60.789,106.823,-0.51,1.7,11.92
ATOM,1959.0,CB,VAL,240.0,71.491,58.08,105.151,-0.09,2.275,0.0
ATOM,1960.0,CG1,VAL,240.0,72.708,58.957,105.394,-0.27,2.06,23.87
ATOM,1961.0,CG2,VAL,240.0,71.849,56.607,105.337,-0.27,2.06,32.1
ATOM,1962.0,H,VAL,240.0,68.964,57.315,104.788,0.31,0.2245,0.0
ATOM,1963.0,HA,VAL,240.0,70.548,58.298,107.057,0.09,1.32,6.74
ATOM,1964.0,HB,VAL,240.0,71.187,58.249,104.217,0.09,1.32,0.0
ATOM,1965.0,HG11,VAL,240.0,72.439,59.92,105.362,0.09,1.32,2.71
ATOM,1966.0,HG12,VAL,240.0,73.096,58.75,106.293,0.09,1.32,10.28
ATOM,1967.0,HG13,VAL,240.0,73.394,58.781,104.688,0.09,1.32,5.91
ATOM,1968.0,HG21,VAL,240.0,71.607,56.104,104.508,0.09,1.32,2.25
ATOM,1969.0,HG22,VAL,240.0,72.83,56.528,105.507,0.09,1.32,8.18
ATOM,1970.0,HG23,VAL,240.0,71.34,56.242,106.115,0.09,1.32,4.7
ATOM,1971.0,N,LYS,241.0,69.371,60.326,104.855,-0.47,1.85,0.0
ATOM,1972.0,CA,LYS,241.0,69.035,61.707,104.546,0.07,2.275,0.04
ATOM,1973.0,C,LYS,241.0,68.093,62.354,105.563,0.51,2.0,0.0
ATOM,1974.0,O,LYS,241.0,68.293,63.509,105.946,-0.51,1.7,12.96
ATOM,1975.0,CB,LYS,241.0,68.437,61.772,103.124,-0.18,2.175,0.0
ATOM,1976.0,CG,LYS,241.0,68.007,63.155,102.643,-0.18,2.175,0.0
ATOM,1977.0,CD,LYS,241.0,69.187,64.125,102.511,-0.18,2.175,3.12
ATOM,1978.0,CE,LYS,241.0,70.244,63.626,101.54,0.21,2.175,1.81
ATOM,1979.0,NZ,LYS,241.0,71.174,64.709,101.142,-0.3,1.85,2.34
ATOM,1980.0,H,LYS,241.0,69.112,59.524,104.233,0.31,0.2245,0.0
ATOM,1981.0,HA,LYS,241.0,69.894,62.255,104.513,0.09,1.32,3.8
ATOM,1982.0,HB2,LYS,241.0,69.126,61.417,102.485,0.09,1.32,0.0
ATOM,1983.0,HB3,LYS,241.0,67.635,61.167,103.101,0.09,1.32,0.0
ATOM,1984.0,HG2,LYS,241.0,67.565,63.067,101.747,0.09,1.32,0.0
ATOM,1985.0,HG3,LYS,241.0,67.35,63.539,103.295,0.09,1.32,0.0
ATOM,1986.0,HD2,LYS,241.0,68.84,65.002,102.185,0.09,1.32,0.0
ATOM,1987.0,HD3,LYS,241.0,69.605,64.239,103.409,0.09,1.32,4.2
ATOM,1988.0,HE2,LYS,241.0,70.763,62.887,101.978,0.05,1.32,0.11
ATOM,1989.0,HE3,LYS,241.0,69.788,63.263,100.723,0.05,1.32,0.0
ATOM,1990.0,HZ1,LYS,241.0,70.974,64.994,100.204,0.33,0.2245,0.0
ATOM,1991.0,HZ2,LYS,241.0,71.061,65.49,101.757,0.33,0.2245,2.95
ATOM,1992.0,HZ3,LYS,241.0,72.117,64.377,101.195,0.33,0.2245,5.31
ATOM,1993.0,N,PHE,242.0,67.058,61.624,105.977,-0.47,1.85,0.0
ATOM,1994.0,CA,PHE,242.0,66.08,62.122,106.934,0.07,2.275,0.0
ATOM,1995.0,C,PHE,242.0,66.146,61.201,108.137,0.51,2.0,0.0
ATOM,1996.0,O,PHE,242.0,65.354,60.262,108.27,-0.51,1.7,0.0
ATOM,1997.0,CB,PHE,242.0,64.681,62.081,106.318,-0.18,2.175,0.0
ATOM,1998.0,CG,PHE,242.0,64.582,62.788,104.995,0.0,1.9924,0.0
ATOM,1999.0,CD1,PHE,242.0,64.582,64.183,104.927,-0.115,1.9924,0.2
ATOM,2000.0,CD2,PHE,242.0,64.492,62.06,103.809,-0.115,1.9924,0.0
ATOM,2001.0,CE1,PHE,242.0,64.493,64.846,103.693,-0.115,1.9924,0.23
ATOM,2002.0,CE2,PHE,242.0,64.401,62.717,102.57,-0.115,1.9924,0.0
ATOM,2003.0,CZ,PHE,242.0,64.403,64.104,102.514,-0.115,1.9924,0.0
ATOM,2004.0,H,PHE,242.0,67.011,60.669,105.556,0.31,0.2245,0.0
ATOM,2005.0,HA,PHE,242.0,66.393,63.014,107.234,0.09,1.32,0.0
ATOM,2006.0,HB2,PHE,242.0,64.44,61.133,106.177,0.09,1.32,0.0
ATOM,2007.0,HB3,PHE,242.0,64.06,62.522,106.948,0.09,1.32,0.0
ATOM,2008.0,HD1,PHE,242.0,64.647,64.721,105.76,0.115,1.3582,0.0
ATOM,2009.0,HD2,PHE,242.0,64.493,61.064,103.835,0.115,1.3582,0.0
ATOM,2010.0,HE1,PHE,242.0,64.494,65.847,103.669,0.115,1.3582,0.0
ATOM,2011.0,HE2,PHE,242.0,64.333,62.166,101.724,0.115,1.3582,0.0
ATOM,2012.0,HZ,PHE,242.0,64.341,64.576,101.637,0.115,1.3582,0.0
ATOM,2013.0,N,PRO,243.0,67.122,61.429,109.015,-0.29,1.85,0.0
ATOM,2014.0,CA,PRO,243.0,67.301,60.602,110.213,0.02,2.275,0.24
ATOM,2015.0,C,PRO,243.0,66.048,60.344,111.048,0.51,2.0,0.32
ATOM,2016.0,O,PRO,243.0,65.342,61.283,111.46,-0.51,1.7,11.71
ATOM,2017.0,CB,PRO,243.0,68.402,61.339,110.99,-0.18,2.175,18.69
ATOM,2018.0,CG,PRO,243.0,68.365,62.746,110.44,-0.18,2.175,22.25
ATOM,2019.0,CD,PRO,243.0,68.104,62.526,108.979,0.0,2.175,6.35
ATOM,2020.0,HA,PRO,243.0,67.748,59.708,109.96,0.09,1.32,1.19
ATOM,2021.0,HB2,PRO,243.0,68.206,61.339,111.97,0.09,1.32,9.64
ATOM,2022.0,HB3,PRO,243.0,69.293,60.92,110.827,0.09,1.32,10.21
ATOM,2023.0,HG2,PRO,243.0,67.631,63.262,110.866,0.09,1.32,7.32
ATOM,2024.0,HG3,PRO,243.0,69.238,63.195,110.589,0.09,1.32,11.49
ATOM,2025.0,HD2,PRO,243.0,67.712,63.333,108.55,0.09,1.32,1.05
ATOM,2026.0,HD3,PRO,243.0,68.927,62.244,108.497,0.09,1.32,0.15
ATOM,2027.0,N,GLY,244.0,65.778,59.053,111.252,-0.47,1.85,3.51
ATOM,2028.0,CA,GLY,244.0,64.633,58.604,112.028,-0.02,2.175,15.55
ATOM,2029.0,C,GLY,244.0,63.422,58.249,111.189,0.51,2.0,0.0
ATOM,2030.0,O,GLY,244.0,62.427,57.726,111.705,-0.51,1.7,0.64
ATOM,2031.0,H,GLY,244.0,66.46,58.398,110.806,0.31,0.2245,7.33
ATOM,2032.0,HA2,GLY,244.0,64.904,57.792,112.584,0.09,1.32,8.08
ATOM,2033.0,HA3,GLY,244.0,64.376,59.332,112.696,0.09,1.32,8.42
ATOM,2034.0,N,ILE,245.0,63.481,58.542,109.893,-0.47,1.85,0.0
ATOM,2035.0,CA,ILE,245.0,62.357,58.257,109.019,0.07,2.275,0.0
ATOM,2036.0,C,ILE,245.0,62.095,56.749,108.894,0.51,2.0,0.0
ATOM,2037.0,O,ILE,245.0,60.952,56.325,108.739,-0.51,1.7,0.0
ATOM,2038.0,CB,ILE,245.0,62.541,58.917,107.619,-0.09,2.275,0.0
ATOM,2039.0,CG1,ILE,245.0,61.181,59.012,106.917,-0.18,2.175,0.0
ATOM,2040.0,CG2,ILE,245.0,63.539,58.146,106.77,-0.27,2.06,0.0
ATOM,2041.0,CD1,ILE,245.0,61.17,59.884,105.653,-0.27,2.06,0.0
ATOM,2042.0,H,ILE,245.0,64.364,58.973,109.579,0.31,0.2245,0.0
ATOM,2043.0,HA,ILE,245.0,61.541,58.648,109.462,0.09,1.32,0.0
ATOM,2044.0,HB,ILE,245.0,62.881,59.833,107.763,0.09,1.32,0.0
ATOM,2045.0,HG12,ILE,245.0,60.885,58.09,106.667,0.09,1.32,0.0
ATOM,2046.0,HG13,ILE,245.0,60.518,59.392,107.563,0.09,1.32,0.0
ATOM,2047.0,HG21,ILE,245.0,63.663,58.611,105.895,0.09,1.32,0.0
ATOM,2048.0,HG22,ILE,245.0,64.416,58.097,107.246,0.09,1.32,0.0
ATOM,2049.0,HG23,ILE,245.0,63.197,57.221,106.609,0.09,1.32,0.0
ATOM,2050.0,HD11,ILE,245.0,61.814,59.504,104.996,0.09,1.32,0.0
ATOM,2051.0,HD12,ILE,245.0,60.251,59.883,105.272,0.09,1.32,0.0
ATOM,2052.0,HD13,ILE,245.0,61.439,60.81,105.901,0.09,1.32,0.0
ATOM,2053.0,N,GLU,246.0,63.143,55.942,109.013,-0.47,1.85,0.0
ATOM,2054.0,CA,GLU,246.0,62.989,54.505,108.897,0.07,2.275,0.0
ATOM,2055.0,C,GLU,246.0,61.979,53.954,109.896,0.51,2.0,0.0
ATOM,2056.0,O,GLU,246.0,61.203,53.06,109.574,-0.51,1.7,0.0
ATOM,2057.0,CB,GLU,246.0,64.332,53.811,109.095,-0.18,2.175,1.64
ATOM,2058.0,CG,GLU,246.0,64.228,52.283,109.104,-0.28,2.175,2.68
ATOM,2059.0,CD,GLU,246.0,65.578,51.584,109.114,0.62,2.0,3.24
ATOM,2060.0,OE1,GLU,246.0,66.552,52.151,109.657,-0.76,1.7,31.57
ATOM,2061.0,OE2,GLU,246.0,65.662,50.463,108.567,-0.76,1.7,34.97
ATOM,2062.0,H,GLU,246.0,64.045,56.416,109.189,0.31,0.2245,0.0
ATOM,2063.0,HA,GLU,246.0,62.692,54.267,107.958,0.09,1.32,0.0
ATOM,2064.0,HB2,GLU,246.0,64.916,54.059,108.348,0.09,1.32,0.0
ATOM,2065.0,HB3,GLU,246.0,64.691,54.084,109.965,0.09,1.32,3.12
ATOM,2066.0,HG2,GLU,246.0,63.747,52.016,109.92,0.09,1.32,2.04
ATOM,2067.0,HG3,GLU,246.0,63.754,52.004,108.288,0.09,1.32,0.0
ATOM,2068.0,N,THR,247.0,61.965,54.515,111.096,-0.47,1.85,0.0
ATOM,2069.0,CA,THR,247.0,61.049,54.043,112.115,0.07,2.275,0.46
ATOM,2070.0,C,THR,247.0,59.671,54.685,112.042,0.51,2.0,0.0
ATOM,2071.0,O,THR,247.0,58.701,54.138,112.569,-0.51,1.7,24.62
ATOM,2072.0,CB,THR,247.0,61.665,54.19,113.536,0.14,2.275,6.58
ATOM,2073.0,OG1,THR,247.0,61.862,55.567,113.849,-0.66,1.77,14.25
ATOM,2074.0,CG2,THR,247.0,63.007,53.51,113.59,-0.27,2.06,30.46
ATOM,2075.0,H,THR,247.0,62.637,55.286,111.232,0.31,0.2245,0.0
ATOM,2076.0,HA,THR,247.0,60.934,53.036,112.005,0.09,1.32,4.4
ATOM,2077.0,HB,THR,247.0,61.009,53.794,114.212,0.09,1.32,10.02
ATOM,2078.0,HG21,THR,247.0,62.891,52.511,113.598,0.09,1.32,11.43
ATOM,2079.0,HG22,THR,247.0,63.558,53.763,112.788,0.09,1.32,0.86
ATOM,2080.0,HG23,THR,247.0,63.503,53.783,114.421,0.09,1.32,11.21
ATOM,2081.0,HG1,THR,247.0,62.034,56.098,113.011,0.43,0.2245,0.0
ATOM,2082.0,N,LEU,248.0,59.573,55.838,111.383,-0.47,1.85,0.0
ATOM,2083.0,CA,LEU,248.0,58.293,56.534,111.264,0.07,2.275,0.2
ATOM,2084.0,C,LEU,248.0,57.462,56.111,110.057,0.51,2.0,0.0
ATOM,2085.0,O,LEU,248.0,56.237,56.226,110.071,-0.51,1.7,15.02
ATOM,2086.0,CB,LEU,248.0,58.503,58.045,111.234,-0.18,2.175,0.03
ATOM,2087.0,CG,LEU,248.0,59.146,58.678,112.468,-0.09,2.275,1.22
ATOM,2088.0,CD1,LEU,248.0,59.22,60.183,112.254,-0.27,2.06,3.38
ATOM,2089.0,CD2,LEU,248.0,58.325,58.34,113.725,-0.27,2.06,31.91
ATOM,2090.0,H,LEU,248.0,60.456,56.187,110.975,0.31,0.2245,0.0
ATOM,2091.0,HA,LEU,248.0,57.749,56.347,112.106,0.09,1.32,2.71
ATOM,2092.0,HB2,LEU,248.0,59.09,58.258,110.452,0.09,1.32,0.0
ATOM,2093.0,HB3,LEU,248.0,57.611,58.477,111.11,0.09,1.32,1.73
ATOM,2094.0,HG,LEU,248.0,60.061,58.314,112.581,0.09,1.32,0.0
ATOM,2095.0,HD11,LEU,248.0,58.298,60.548,112.124,0.09,1.32,2.23
ATOM,2096.0,HD12,LEU,248.0,59.639,60.614,113.053,0.09,1.32,9.52
ATOM,2097.0,HD13,LEU,248.0,59.772,60.379,111.443,0.09,1.32,0.0
ATOM,2098.0,HD21,LEU,248.0,58.296,57.349,113.839,0.09,1.32,2.65
ATOM,2099.0,HD22,LEU,248.0,58.758,58.76,114.52,0.09,1.32,10.23
ATOM,2100.0,HD23,LEU,248.0,57.399,58.696,113.615,0.09,1.32,9.63
ATOM,2101.0,N,LEU,249.0,58.121,55.624,109.011,-0.47,1.85,0.0
ATOM,2102.0,CA,LEU,249.0,57.405,55.205,107.818,0.07,2.275,0.0
ATOM,2103.0,C,LEU,249.0,56.569,53.974,108.068,0.51,2.0,0.0
ATOM,2104.0,O,LEU,249.0,57.012,53.059,108.767,-0.51,1.7,5.57
ATOM,2105.0,CB,LEU,249.0,58.374,54.878,106.684,-0.18,2.175,0.0
ATOM,2106.0,CG,LEU,249.0,58.953,56.059,105.911,-0.09,2.275,0.0
ATOM,2107.0,CD1,LEU,249.0,60.048,55.558,104.987,-0.27,2.06,0.0
ATOM,2108.0,CD2,LEU,249.0,57.838,56.779,105.14,-0.27,2.06,0.0
ATOM,2109.0,H,LEU,249.0,59.145,55.573,109.119,0.31,0.2245,0.0
ATOM,2110.0,HA,LEU,249.0,56.793,55.959,107.531,0.09,1.32,0.0
ATOM,2111.0,HB2,LEU,249.0,59.143,54.373,107.076,0.09,1.32,0.0
ATOM,2112.0,HB3,LEU,249.0,57.892,54.299,106.028,0.09,1.32,0.0
ATOM,2113.0,HG,LEU,249.0,59.334,56.714,106.555,0.09,1.32,0.0
ATOM,2114.0,HD11,LEU,249.0,59.667,54.891,104.345,0.09,1.32,0.0
ATOM,2115.0,HD12,LEU,249.0,60.434,56.327,104.475,0.09,1.32,0.0
ATOM,2116.0,HD13,LEU,249.0,60.771,55.123,105.526,0.09,1.32,0.0
ATOM,2117.0,HD21,LEU,249.0,57.153,57.11,105.787,0.09,1.32,0.0
ATOM,2118.0,HD22,LEU,249.0,58.23,57.549,104.639,0.09,1.32,0.0
ATOM,2119.0,HD23,LEU,249.0,57.416,56.139,104.5,0.09,1.32,0.0
ATOM,2120.0,N,PRO,250.0,55.317,53.958,107.551,-0.29,1.85,0.0
ATOM,2121.0,CA,PRO,250.0,54.436,52.799,107.718,0.02,2.275,3.39
ATOM,2122.0,C,PRO,250.0,55.026,51.697,106.833,0.51,2.0,0.0
ATOM,2123.0,O,PRO,250.0,55.669,51.988,105.816,-0.51,1.7,0.0
ATOM,2124.0,CB,PRO,250.0,53.084,53.311,107.196,-0.18,2.175,13.45
ATOM,2125.0,CG,PRO,250.0,53.454,54.369,106.24,-0.18,2.175,4.12
ATOM,2126.0,CD,PRO,250.0,54.589,55.079,106.922,0.0,2.175,1.1
ATOM,2127.0,HA,PRO,250.0,54.391,52.513,108.658,0.09,1.32,4.4
ATOM,2128.0,HB2,PRO,250.0,52.582,52.568,106.749,0.09,1.32,0.68
ATOM,2129.0,HB3,PRO,250.0,52.534,53.671,107.952,0.09,1.32,11.45
ATOM,2130.0,HG2,PRO,250.0,53.753,53.98,105.368,0.09,1.32,0.0
ATOM,2131.0,HG3,PRO,250.0,52.69,54.995,106.08,0.09,1.32,7.51
ATOM,2132.0,HD2,PRO,250.0,55.172,55.551,106.269,0.09,1.32,0.0
ATOM,2133.0,HD3,PRO,250.0,54.262,55.715,107.615,0.09,1.32,3.72
ATOM,2134.0,N,PRO,251.0,54.829,50.425,107.208,-0.29,1.85,0.0
ATOM,2135.0,CA,PRO,251.0,55.376,49.317,106.419,0.02,2.275,0.45
ATOM,2136.0,C,PRO,251.0,55.02,49.274,104.929,0.51,2.0,0.2
ATOM,2137.0,O,PRO,251.0,55.839,48.855,104.117,-0.51,1.7,9.99
ATOM,2138.0,CB,PRO,251.0,54.911,48.075,107.193,-0.18,2.175,19.06
ATOM,2139.0,CG,PRO,251.0,53.725,48.549,107.957,-0.18,2.175,22.02
ATOM,2140.0,CD,PRO,251.0,54.114,49.925,108.391,0.0,2.175,12.83
ATOM,2141.0,HA,PRO,251.0,56.404,49.276,106.535,0.09,1.32,1.13
ATOM,2142.0,HB2,PRO,251.0,54.664,47.34,106.559,0.09,1.32,9.75
ATOM,2143.0,HB3,PRO,251.0,55.633,47.754,107.806,0.09,1.32,10.54
ATOM,2144.0,HG2,PRO,251.0,52.914,48.57,107.373,0.09,1.32,6.31
ATOM,2145.0,HG3,PRO,251.0,53.553,47.957,108.744,0.09,1.32,11.54
ATOM,2146.0,HD2,PRO,251.0,53.317,50.491,108.584,0.09,1.32,4.7
ATOM,2147.0,HD3,PRO,251.0,54.718,49.906,109.184,0.09,1.32,10.11
ATOM,2148.0,N,ASN,252.0,53.842,49.743,104.547,-0.47,1.85,0.49
ATOM,2149.0,CA,ASN,252.0,53.496,49.712,103.131,0.07,2.275,2.74
ATOM,2150.0,C,ASN,252.0,54.24,50.785,102.304,0.51,2.0,0.0
ATOM,2151.0,O,ASN,252.0,54.192,50.784,101.077,-0.51,1.7,4.95
ATOM,2152.0,CB,ASN,252.0,51.975,49.773,102.916,-0.18,2.175,13.41
ATOM,2153.0,CG,ASN,252.0,51.332,50.987,103.543,0.55,2.0,0.0
ATOM,2154.0,H,ASN,252.0,53.237,50.105,105.284,0.31,0.2245,0.0
ATOM,2155.0,HA,ASN,252.0,53.791,48.815,102.766,0.09,1.32,9.06
ATOM,2156.0,HB2,ASN,252.0,51.802,49.788,101.933,0.09,1.32,4.28
ATOM,2157.0,HB3,ASN,252.0,51.573,48.951,103.317,0.09,1.32,9.27
ATOM,2158.0,OD1,ASN,252.0,51.951,52.036,103.687,-0.55,1.7,1.57
ATOM,2159.0,ND2,ASN,252.0,50.075,50.848,103.925,-0.62,1.85,15.86
ATOM,2160.0,HD22,ASN,252.0,49.6,49.976,103.801,0.3,0.2245,17.37
ATOM,2161.0,HD21,ASN,252.0,49.587,51.619,104.344,0.32,0.2245,16.14
ATOM,2162.0,N,ALA,253.0,54.971,51.662,102.981,-0.47,1.85,0.0
ATOM,2163.0,CA,ALA,253.0,55.727,52.705,102.308,0.07,2.275,0.0
ATOM,2164.0,C,ALA,253.0,57.199,52.337,102.208,0.51,2.0,0.0
ATOM,2165.0,O,ALA,253.0,57.971,53.044,101.558,-0.51,1.7,0.0
ATOM,2166.0,CB,ALA,253.0,55.567,54.032,103.04,-0.27,2.06,0.0
ATOM,2167.0,H,ALA,253.0,54.955,51.539,104.013,0.31,0.2245,0.0
ATOM,2168.0,HA,ALA,253.0,55.361,52.823,101.375,0.09,1.32,0.0
ATOM,2169.0,HB1,ALA,253.0,56.384,54.211,103.588,0.09,1.32,0.0
ATOM,2170.0,HB2,ALA,253.0,55.445,54.767,102.374,0.09,1.32,0.0
ATOM,2171.0,HB3,ALA,253.0,54.768,53.988,103.638,0.09,1.32,0.0
ATOM,2172.0,N,LYS,254.0,57.591,51.226,102.83,-0.47,1.85,0.0
ATOM,2173.0,CA,LYS,254.0,58.986,50.796,102.815,0.07,2.275,0.0
ATOM,2174.0,C,LYS,254.0,59.264,49.62,101.879,0.51,2.0,0.25
ATOM,2175.0,O,LYS,254.0,58.419,48.741,101.708,-0.51,1.7,15.07
ATOM,2176.0,CB,LYS,254.0,59.458,50.456,104.24,-0.18,2.175,6.33
ATOM,2177.0,CG,LYS,254.0,59.507,51.659,105.176,-0.18,2.175,0.0
ATOM,2178.0,CD,LYS,254.0,59.181,51.291,106.626,-0.18,2.175,0.18
ATOM,2179.0,CE,LYS,254.0,60.396,50.819,107.415,0.21,2.175,5.75
ATOM,2180.0,NZ,LYS,254.0,60.062,50.546,108.86,-0.3,1.85,9.62
ATOM,2181.0,H,LYS,254.0,56.836,50.707,103.314,0.31,0.2245,0.0
ATOM,2182.0,HA,LYS,254.0,59.566,51.582,102.523,0.09,1.32,0.0
ATOM,2183.0,HB2,LYS,254.0,58.828,49.786,104.622,0.09,1.32,1.7
ATOM,2184.0,HB3,LYS,254.0,60.374,50.068,104.177,0.09,1.32,3.27
ATOM,2185.0,HG2,LYS,254.0,60.427,52.059,105.147,0.09,1.32,0.0
ATOM,2186.0,HG3,LYS,254.0,58.845,52.345,104.863,0.09,1.32,0.0
ATOM,2187.0,HD2,LYS,254.0,58.8,52.097,107.081,0.09,1.32,0.0
ATOM,2188.0,HD3,LYS,254.0,58.499,50.558,106.623,0.09,1.32,0.02
ATOM,2189.0,HE2,LYS,254.0,60.749,49.977,107.002,0.05,1.32,8.12
ATOM,2190.0,HE3,LYS,254.0,61.107,51.525,107.378,0.05,1.32,0.0
ATOM,2191.0,HZ1,LYS,254.0,60.91,50.482,109.38,0.33,0.2245,8.73
ATOM,2192.0,HZ2,LYS,254.0,59.502,51.294,109.208,0.33,0.2245,1.7
ATOM,2193.0,HZ3,LYS,254.0,59.56,49.687,108.917,0.33,0.2245,15.41
ATOM,2194.0,N,GLY,255.0,60.445,49.628,101.265,-0.47,1.85,0.7
ATOM,2195.0,CA,GLY,255.0,60.835,48.553,100.373,-0.02,2.175,18.8
ATOM,2196.0,C,GLY,255.0,60.021,48.406,99.093,0.51,2.0,0.12
ATOM,2197.0,O,GLY,255.0,59.968,47.311,98.52,-0.51,1.7,26.34
ATOM,2198.0,H,GLY,255.0,61.041,50.449,101.478,0.31,0.2245,1.09
ATOM,2199.0,HA2,GLY,255.0,61.828,48.67,100.12,0.09,1.32,12.1
ATOM,2200.0,HA3,GLY,255.0,60.802,47.66,100.888,0.09,1.32,11.86
ATOM,2201.0,N,GLN,256.0,59.388,49.481,98.627,-0.47,1.85,0.0
ATOM,2202.0,CA,GLN,256.0,58.614,49.395,97.392,0.07,2.275,0.71
ATOM,2203.0,C,GLN,256.0,59.587,49.339,96.233,0.51,2.0,0.0
ATOM,2204.0,O,GLN,256.0,60.681,49.88,96.322,-0.51,1.7,0.22
ATOM,2205.0,CB,GLN,256.0,57.7,50.585,97.229,-0.18,2.175,0.85
ATOM,2206.0,CG,GLN,256.0,56.674,50.709,98.312,-0.18,2.175,2.57
ATOM,2207.0,CD,GLN,256.0,55.893,51.973,98.168,0.55,2.0,0.0
ATOM,2208.0,H,GLN,256.0,59.489,50.334,99.188,0.31,0.2245,0.0
ATOM,2209.0,HA,GLN,256.0,58.101,48.541,97.409,0.09,1.32,6.46
ATOM,2210.0,HB2,GLN,256.0,58.256,51.422,97.221,0.09,1.32,0.0
ATOM,2211.0,HB3,GLN,256.0,57.222,50.509,96.347,0.09,1.32,0.0
ATOM,2212.0,HG2,GLN,256.0,56.048,49.934,98.258,0.09,1.32,9.4
ATOM,2213.0,HG3,GLN,256.0,57.134,50.711,99.198,0.09,1.32,0.0
ATOM,2214.0,OE1,GLN,256.0,54.755,51.962,97.695,-0.55,1.7,4.76
ATOM,2215.0,NE2,GLN,256.0,56.518,53.089,98.518,-0.62,1.85,0.0
ATOM,2216.0,HE21,GLN,256.0,56.057,54.002,98.436,0.32,0.2245,0.0
ATOM,2217.0,HE22,GLN,256.0,57.471,53.033,98.873,0.3,0.2245,0.0
ATOM,2218.0,N,ASN,257.0,59.186,48.722,95.134,-0.47,1.85,0.43
ATOM,2219.0,CA,ASN,257.0,60.097,48.597,94.007,0.07,2.275,0.0
ATOM,2220.0,C,ASN,257.0,59.366,48.719,92.683,0.51,2.0,0.01
ATOM,2221.0,O,ASN,257.0,59.46,47.85,91.825,-0.51,1.7,12.55
ATOM,2222.0,CB,ASN,257.0,60.831,47.25,94.108,-0.18,2.175,11.26
ATOM,2223.0,CG,ASN,257.0,61.928,47.085,93.063,0.55,2.0,0.59
ATOM,2224.0,H,ASN,257.0,58.227,48.359,95.147,0.31,0.2245,5.79
ATOM,2225.0,HA,ASN,257.0,60.745,49.369,94.06,0.09,1.32,0.0
ATOM,2226.0,HB2,ASN,257.0,61.244,47.185,95.013,0.09,1.32,3.61
ATOM,2227.0,HB3,ASN,257.0,60.163,46.52,93.984,0.09,1.32,9.57
ATOM,2228.0,OD1,ASN,257.0,62.153,45.979,92.564,-0.55,1.7,41.01
ATOM,2229.0,ND2,ASN,257.0,62.639,48.16,92.762,-0.62,1.85,2.33
ATOM,2230.0,HD22,ASN,257.0,62.441,49.029,93.226,0.3,0.2245,0.0
ATOM,2231.0,HD21,ASN,257.0,63.366,48.113,92.082,0.32,0.2245,4.72
ATOM,2232.0,N,ILE,258.0,58.677,49.836,92.495,-0.47,1.85,0.0
ATOM,2233.0,CA,ILE,258.0,57.912,50.027,91.281,0.07,2.275,0.0
ATOM,2234.0,C,ILE,258.0,58.608,50.863,90.218,0.51,2.0,0.0
ATOM,2235.0,O,ILE,258.0,58.931,52.025,90.457,-0.51,1.7,0.0
ATOM,2236.0,CB,ILE,258.0,56.526,50.676,91.593,-0.09,2.275,0.0
ATOM,2237.0,CG1,ILE,258.0,55.753,49.82,92.609,-0.18,2.175,2.78
ATOM,2238.0,CG2,ILE,258.0,55.711,50.848,90.307,-0.27,2.06,0.0
ATOM,2239.0,CD1,ILE,258.0,55.507,48.388,92.143,-0.27,2.06,12.98
ATOM,2240.0,H,ILE,258.0,58.735,50.525,93.26,0.31,0.2245,0.0
ATOM,2241.0,HA,ILE,258.0,57.779,49.1,90.877,0.09,1.32,0.0
ATOM,2242.0,HB,ILE,258.0,56.697,51.563,92.0,0.09,1.32,0.0
ATOM,2243.0,HG12,ILE,258.0,56.27,49.796,93.46,0.09,1.32,0.0
ATOM,2244.0,HG13,ILE,258.0,54.871,50.254,92.776,0.09,1.32,0.0
ATOM,2245.0,HG21,ILE,258.0,54.848,51.298,90.523,0.09,1.32,0.0
ATOM,2246.0,HG22,ILE,258.0,56.229,51.405,89.662,0.09,1.32,0.0
ATOM,2247.0,HG23,ILE,258.0,55.532,49.952,89.909,0.09,1.32,0.0
ATOM,2248.0,HD11,ILE,258.0,56.385,47.944,91.981,0.09,1.32,1.09
ATOM,2249.0,HD12,ILE,258.0,55.004,47.898,92.85,0.09,1.32,7.74
ATOM,2250.0,HD13,ILE,258.0,54.976,48.408,91.3,0.09,1.32,0.0
ATOM,2251.0,N,THR,259.0,58.861,50.242,89.068,-0.47,1.85,0.07
ATOM,2252.0,CA,THR,259.0,59.433,50.921,87.913,0.07,2.275,0.0
ATOM,2253.0,C,THR,259.0,58.93,50.168,86.68,0.51,2.0,0.0
ATOM,2254.0,O,THR,259.0,58.84,48.937,86.715,-0.51,1.7,1.07
ATOM,2255.0,CB,THR,259.0,61.001,50.891,87.854,0.14,2.275,1.23
ATOM,2256.0,OG1,THR,259.0,61.577,51.254,89.114,-0.66,1.77,0.0
ATOM,2257.0,CG2,THR,259.0,61.511,51.889,86.798,-0.27,2.06,0.0
ATOM,2258.0,H,THR,259.0,58.613,49.225,89.067,0.31,0.2245,1.36
ATOM,2259.0,HA,THR,259.0,59.084,51.845,87.877,0.09,1.32,0.0
ATOM,2260.0,HB,THR,259.0,61.291,49.935,87.628,0.09,1.32,3.68
ATOM,2261.0,HG21,THR,259.0,60.733,52.264,86.294,0.09,1.32,0.0
ATOM,2262.0,HG22,THR,259.0,62.004,52.629,87.253,0.09,1.32,0.0
ATOM,2263.0,HG23,THR,259.0,62.124,51.417,86.165,0.09,1.32,0.0
ATOM,2264.0,HG1,THR,259.0,60.866,51.591,89.74,0.43,0.2245,0.0
ATOM,2265.0,N,SER,260.0,58.51,50.905,85.653,-0.47,1.85,0.0
ATOM,2266.0,CA,SER,260.0,58.091,50.325,84.376,0.07,2.275,0.0
ATOM,2267.0,C,SER,260.0,59.326,50.624,83.505,0.51,2.0,0.0
ATOM,2268.0,O,SER,260.0,59.549,51.77,83.077,-0.51,1.7,0.0
ATOM,2269.0,CB,SER,260.0,56.858,51.039,83.833,0.05,2.175,0.0
ATOM,2270.0,OG,SER,260.0,56.441,50.463,82.61,-0.66,1.77,0.0
ATOM,2271.0,H,SER,260.0,58.505,51.935,85.837,0.31,0.2245,0.0
ATOM,2272.0,HA,SER,260.0,58.028,49.365,84.478,0.09,1.32,0.0
ATOM,2273.0,HB2,SER,260.0,56.121,50.96,84.497,0.09,1.32,0.0
ATOM,2274.0,HB3,SER,260.0,57.082,51.997,83.68,0.09,1.32,0.0
ATOM,2275.0,HG,SER,260.0,55.446,50.526,82.533,0.43,0.2245,0.0
ATOM,2276.0,N,THR,261.0,60.142,49.6,83.278,-0.47,1.85,0.0
ATOM,2277.0,CA,THR,261.0,61.392,49.762,82.561,0.07,2.275,0.0
ATOM,2278.0,C,THR,261.0,61.505,49.194,81.167,0.51,2.0,0.0
ATOM,2279.0,O,THR,261.0,61.205,48.026,80.947,-0.51,1.7,0.0
ATOM,2280.0,CB,THR,261.0,62.541,49.137,83.39,0.14,2.275,0.0
ATOM,2281.0,OG1,THR,261.0,62.554,49.708,84.703,-0.66,1.77,1.65
ATOM,2282.0,CG2,THR,261.0,63.893,49.38,82.734,-0.27,2.06,2.89
ATOM,2283.0,H,THR,261.0,59.808,48.689,83.655,0.31,0.2245,0.0
ATOM,2284.0,HA,THR,261.0,61.595,50.782,82.507,0.09,1.32,0.0
ATOM,2285.0,HB,THR,261.0,62.371,48.135,83.477,0.09,1.32,0.0
ATOM,2286.0,HG21,THR,261.0,64.504,48.606,82.918,0.09,1.32,0.0
ATOM,2287.0,HG22,THR,261.0,63.777,49.479,81.743,0.09,1.32,0.0
ATOM,2288.0,HG23,THR,261.0,64.304,50.217,83.102,0.09,1.32,1.79
ATOM,2289.0,HG1,THR,261.0,61.68,49.533,85.169,0.43,0.2245,0.19
ATOM,2290.0,N,LEU,262.0,61.963,50.024,80.23,-0.47,1.85,0.0
ATOM,2291.0,CA,LEU,262.0,62.234,49.572,78.871,0.07,2.275,0.0
ATOM,2292.0,C,LEU,262.0,63.712,49.201,78.921,0.51,2.0,0.0
ATOM,2293.0,O,LEU,262.0,64.561,50.058,79.165,-0.51,1.7,0.54
ATOM,2294.0,CB,LEU,262.0,62.048,50.685,77.836,-0.18,2.175,0.0
ATOM,2295.0,CG,LEU,262.0,62.36,50.171,76.414,-0.09,2.275,0.0
ATOM,2296.0,CD1,LEU,262.0,61.324,49.123,75.99,-0.27,2.06,0.0
ATOM,2297.0,CD2,LEU,262.0,62.431,51.318,75.405,-0.27,2.06,0.0
ATOM,2298.0,H,LEU,262.0,62.106,51.002,80.549,0.31,0.2245,0.0
ATOM,2299.0,HA,LEU,262.0,61.715,48.764,78.693,0.09,1.32,0.0
ATOM,2300.0,HB2,LEU,262.0,61.115,50.962,77.847,0.09,1.32,0.0
ATOM,2301.0,HB3,LEU,262.0,62.679,51.398,78.033,0.09,1.32,0.0
ATOM,2302.0,HG,LEU,262.0,63.266,49.759,76.413,0.09,1.32,0.0
ATOM,2303.0,HD11,LEU,262.0,60.416,49.537,75.998,0.09,1.32,0.0
ATOM,2304.0,HD12,LEU,262.0,61.54,48.801,75.07,0.09,1.32,0.0
ATOM,2305.0,HD13,LEU,262.0,61.351,48.357,76.63,0.09,1.32,0.0
ATOM,2306.0,HD21,LEU,262.0,63.152,51.954,75.677,0.09,1.32,0.51
ATOM,2307.0,HD22,LEU,262.0,62.634,50.949,74.499,0.09,1.32,0.0
ATOM,2308.0,HD23,LEU,262.0,61.553,51.795,75.384,0.09,1.32,0.0
ATOM,2309.0,N,GLU,263.0,64.016,47.925,78.756,-0.47,1.85,0.0
ATOM,2310.0,CA,GLU,263.0,65.386,47.472,78.788,0.07,2.275,0.0
ATOM,2311.0,C,GLU,263.0,65.857,47.098,77.386,0.51,2.0,0.0
ATOM,2312.0,O,GLU,263.0,65.226,46.268,76.717,-0.51,1.7,0.0
ATOM,2313.0,CB,GLU,263.0,65.526,46.274,79.731,-0.18,2.175,0.0
ATOM,2314.0,CG,GLU,263.0,66.921,45.646,79.707,-0.28,2.175,0.0
ATOM,2315.0,CD,GLU,263.0,67.092,44.479,80.655,0.62,2.0,0.0
ATOM,2316.0,OE1,GLU,263.0,66.227,44.236,81.512,-0.76,1.7,1.11
ATOM,2317.0,OE2,GLU,263.0,68.116,43.787,80.545,-0.76,1.7,0.0
ATOM,2318.0,H,GLU,263.0,63.202,47.297,78.606,0.31,0.2245,0.0
ATOM,2319.0,HA,GLU,263.0,65.982,48.196,79.155,0.09,1.32,0.0
ATOM,2320.0,HB2,GLU,263.0,65.361,46.589,80.644,0.09,1.32,0.0
ATOM,2321.0,HB3,GLU,263.0,64.889,45.588,79.444,0.09,1.32,0.0
ATOM,2322.0,HG2,GLU,263.0,67.09,45.317,78.791,0.09,1.32,0.0
ATOM,2323.0,HG3,GLU,263.0,67.573,46.342,79.966,0.09,1.32,0.0
ATOM,2324.0,N,ILE,264.0,66.898,47.782,76.905,-0.47,1.85,0.0
ATOM,2325.0,CA,ILE,264.0,67.502,47.476,75.602,0.07,2.275,0.0
ATOM,2326.0,C,ILE,264.0,68.704,46.616,76.015,0.51,2.0,0.0
ATOM,2327.0,O,ILE,264.0,69.606,47.081,76.722,-0.51,1.7,0.0
ATOM,2328.0,CB,ILE,264.0,68.007,48.749,74.863,-0.09,2.275,0.0
ATOM,2329.0,CG1,ILE,264.0,66.878,49.778,74.684,-0.18,2.175,0.19
ATOM,2330.0,CG2,ILE,264.0,68.62,48.364,73.52,-0.27,2.06,0.0
ATOM,2331.0,CD1,ILE,264.0,65.688,49.278,73.964,-0.27,2.06,0.0
ATOM,2332.0,H,ILE,264.0,67.241,48.542,77.526,0.31,0.2245,0.0
ATOM,2333.0,HA,ILE,264.0,66.883,46.881,75.146,0.09,1.32,0.0
ATOM,2334.0,HB,ILE,264.0,68.716,49.163,75.426,0.09,1.32,0.0
ATOM,2335.0,HG12,ILE,264.0,66.614,50.1,75.6,0.09,1.32,1.3
ATOM,2336.0,HG13,ILE,264.0,67.266,50.565,74.19,0.09,1.32,0.0
ATOM,2337.0,HG21,ILE,264.0,68.997,49.178,73.082,0.09,1.32,0.0
ATOM,2338.0,HG22,ILE,264.0,69.348,47.697,73.667,0.09,1.32,0.0
ATOM,2339.0,HG23,ILE,264.0,67.916,47.966,72.936,0.09,1.32,0.0
ATOM,2340.0,HD11,ILE,264.0,65.284,48.501,74.456,0.09,1.32,0.0
ATOM,2341.0,HD12,ILE,264.0,64.997,50.003,73.886,0.09,1.32,0.0
ATOM,2342.0,HD13,ILE,264.0,65.941,48.976,73.04,0.09,1.32,0.0
ATOM,2343.0,N,ARG,265.0,68.74,45.364,75.576,-0.47,1.85,0.0
ATOM,2344.0,CA,ARG,265.0,69.809,44.482,76.009,0.07,2.275,0.0
ATOM,2345.0,C,ARG,265.0,70.781,44.069,74.924,0.51,2.0,0.0
ATOM,2346.0,O,ARG,265.0,70.381,43.591,73.861,-0.51,1.7,0.66
ATOM,2347.0,CB,ARG,265.0,69.196,43.243,76.69,-0.18,2.175,0.0
ATOM,2348.0,CG,ARG,265.0,70.196,42.215,77.214,-0.18,2.175,0.37
ATOM,2349.0,CD,ARG,265.0,69.476,41.046,77.867,0.2,2.175,7.33
ATOM,2350.0,NE,ARG,265.0,68.923,41.41,79.169,-0.7,1.85,1.26
ATOM,2351.0,CZ,ARG,265.0,68.088,40.652,79.88,0.64,2.0,1.74
ATOM,2352.0,NH1,ARG,265.0,67.693,39.473,79.409,-0.8,1.85,15.47
ATOM,2353.0,NH2,ARG,265.0,67.681,41.054,81.084,-0.8,1.85,9.98
ATOM,2354.0,H,ARG,265.0,67.984,45.093,74.938,0.31,0.2245,0.0
ATOM,2355.0,HA,ARG,265.0,70.336,44.953,76.753,0.09,1.32,0.0
ATOM,2356.0,HB2,ARG,265.0,68.644,43.558,77.463,0.09,1.32,0.0
ATOM,2357.0,HB3,ARG,265.0,68.605,42.787,76.025,0.09,1.32,0.0
ATOM,2358.0,HG2,ARG,265.0,70.737,41.866,76.458,0.09,1.32,0.22
ATOM,2359.0,HG3,ARG,265.0,70.78,42.641,77.895,0.09,1.32,0.0
ATOM,2360.0,HD2,ARG,265.0,68.738,40.761,77.264,0.09,1.32,0.0
ATOM,2361.0,HD3,ARG,265.0,70.132,40.305,77.983,0.09,1.32,5.85
ATOM,2362.0,HE,ARG,265.0,69.192,42.301,79.561,0.44,0.2245,0.0
ATOM,2363.0,HH11,ARG,265.0,68.026,39.13,78.536,0.46,0.2245,9.91
ATOM,2364.0,HH12,ARG,265.0,67.047,38.917,79.945,0.46,0.2245,13.64
ATOM,2365.0,HH21,ARG,265.0,68.025,41.92,81.453,0.46,0.2245,0.0
ATOM,2366.0,HH22,ARG,265.0,67.044,40.5,81.609,0.46,0.2245,12.02
ATOM,2367.0,N,GLU,266.0,72.059,44.288,75.205,-0.47,1.85,0.0
ATOM,2368.0,CA,GLU,266.0,73.157,43.921,74.327,0.07,2.275,0.59
ATOM,2369.0,C,GLU,266.0,72.97,44.335,72.882,0.51,2.0,0.93
ATOM,2370.0,O,GLU,266.0,73.107,43.517,71.97,-0.51,1.7,20.61
ATOM,2371.0,CB,GLU,266.0,73.388,42.412,74.424,-0.18,2.175,6.18
ATOM,2372.0,CG,GLU,266.0,73.956,41.986,75.772,-0.28,2.175,6.78
ATOM,2373.0,CD,GLU,266.0,73.647,40.536,76.121,0.62,2.0,3.31
ATOM,2374.0,OE1,GLU,266.0,73.323,39.748,75.201,-0.76,1.7,36.08
ATOM,2375.0,OE2,GLU,266.0,73.71,40.189,77.324,-0.76,1.7,36.1
ATOM,2376.0,H,GLU,266.0,72.212,44.76,76.137,0.31,0.2245,0.0
ATOM,2377.0,HA,GLU,266.0,74.025,44.329,74.685,0.09,1.32,0.0
ATOM,2378.0,HB2,GLU,266.0,72.522,41.968,74.313,0.09,1.32,2.07
ATOM,2379.0,HB3,GLU,266.0,74.037,42.162,73.736,0.09,1.32,7.81
ATOM,2380.0,HG2,GLU,266.0,74.934,42.079,75.738,0.09,1.32,8.68
ATOM,2381.0,HG3,GLU,266.0,73.553,42.55,76.47,0.09,1.32,0.0
ATOM,2382.0,N,CYS,267.0,72.628,45.594,72.669,-0.47,1.85,0.0
ATOM,2383.0,CA,CYS,267.0,72.441,46.096,71.32,0.07,2.275,0.0
ATOM,2384.0,C,CYS,267.0,73.517,47.139,71.039,0.51,2.0,0.0
ATOM,2385.0,O,CYS,267.0,74.193,47.606,71.961,-0.51,1.7,0.02
ATOM,2386.0,CB,CYS,267.0,71.035,46.701,71.144,-0.11,2.175,0.0
ATOM,2387.0,SG,CYS,267.0,69.672,45.506,71.105,-0.23,2.0,0.24
ATOM,2388.0,H,CYS,267.0,72.509,46.17,73.52,0.31,0.2245,0.0
ATOM,2389.0,HA,CYS,267.0,72.565,45.342,70.678,0.09,1.32,4.04
ATOM,2390.0,HB2,CYS,267.0,70.878,47.334,71.904,0.09,1.32,0.0
ATOM,2391.0,HB3,CYS,267.0,71.03,47.214,70.283,0.09,1.32,0.0
ATOM,2392.0,HG,CYS,267.0,69.742,44.899,71.895,0.16,0.45,0.0
ATOM,2393.0,N,ILE,268.0,73.71,47.45,69.762,-0.47,1.85,0.3
ATOM,2394.0,CA,ILE,268.0,74.698,48.434,69.339,0.07,2.275,0.0
ATOM,2395.0,C,ILE,268.0,74.041,49.389,68.36,0.51,2.0,0.0
ATOM,2396.0,O,ILE,268.0,73.286,48.961,67.488,-0.51,1.7,0.13
ATOM,2397.0,CB,ILE,268.0,75.926,47.774,68.633,-0.09,2.275,0.84
ATOM,2398.0,CG1,ILE,268.0,76.688,46.884,69.619,-0.18,2.175,4.1
ATOM,2399.0,CG2,ILE,268.0,76.868,48.846,68.07,-0.27,2.06,1.52
ATOM,2400.0,CD1,ILE,268.0,77.926,46.282,69.045,-0.27,2.06,33.93
ATOM,2401.0,H,ILE,268.0,73.098,46.933,69.094,0.31,0.2245,3.55
ATOM,2402.0,HA,ILE,268.0,74.929,48.967,70.15,0.09,1.32,0.0
ATOM,2403.0,HB,ILE,268.0,75.577,47.204,67.902,0.09,1.32,5.48
ATOM,2404.0,HG12,ILE,268.0,76.924,47.438,70.418,0.09,1.32,0.0
ATOM,2405.0,HG13,ILE,268.0,76.07,46.153,69.912,0.09,1.32,3.29
ATOM,2406.0,HG21,ILE,268.0,77.626,48.402,67.6,0.09,1.32,4.98
ATOM,2407.0,HG22,ILE,268.0,76.365,49.421,67.43,0.09,1.32,0.0
ATOM,2408.0,HG23,ILE,268.0,77.216,49.402,68.82,0.09,1.32,0.0
ATOM,2409.0,HD11,ILE,268.0,78.555,47.006,68.754,0.09,1.32,2.73
ATOM,2410.0,HD12,ILE,268.0,78.38,45.712,69.734,0.09,1.32,8.76
ATOM,2411.0,HD13,ILE,268.0,77.694,45.713,68.252,0.09,1.32,10.79
ATOM,2412.0,N,GLY,269.0,74.293,50.68,68.547,-0.47,1.85,0.0
ATOM,2413.0,CA,GLY,269.0,73.756,51.681,67.649,-0.02,2.175,6.76
ATOM,2414.0,C,GLY,269.0,72.254,51.859,67.664,0.51,2.0,0.02
ATOM,2415.0,O,GLY,269.0,71.67,52.055,66.609,-0.51,1.7,3.24
ATOM,2416.0,H,GLY,269.0,74.888,50.895,69.366,0.31,0.2245,0.0
ATOM,2417.0,HA2,GLY,269.0,74.201,52.589,67.856,0.09,1.32,1.63
ATOM,2418.0,HA3,GLY,269.0,74.056,51.461,66.686,0.09,1.32,0.0
ATOM,2419.0,N,VAL,270.0,71.622,51.74,68.832,-0.47,1.85,0.0
ATOM,2420.0,CA,VAL,270.0,70.18,51.941,68.948,0.07,2.275,0.0
ATOM,2421.0,C,VAL,270.0,69.938,53.269,69.669,0.51,2.0,0.0
ATOM,2422.0,O,VAL,270.0,70.604,53.568,70.67,-0.51,1.7,0.0
ATOM,2423.0,CB,VAL,270.0,69.5,50.793,69.76,-0.09,2.275,0.0
ATOM,2424.0,CG1,VAL,270.0,68.018,51.119,70.045,-0.27,2.06,0.0
ATOM,2425.0,CG2,VAL,270.0,69.615,49.472,68.995,-0.27,2.06,0.0
ATOM,2426.0,H,VAL,270.0,72.233,51.497,69.635,0.31,0.2245,0.0
ATOM,2427.0,HA,VAL,270.0,69.798,52.016,68.031,0.09,1.32,0.0
ATOM,2428.0,HB,VAL,270.0,69.956,50.739,70.64,0.09,1.32,0.0
ATOM,2429.0,HG11,VAL,270.0,67.447,50.606,69.41,0.09,1.32,0.0
ATOM,2430.0,HG12,VAL,270.0,67.805,50.859,70.983,0.09,1.32,0.0
ATOM,2431.0,HG13,VAL,270.0,67.873,52.097,69.921,0.09,1.32,0.0
ATOM,2432.0,HG21,VAL,270.0,69.281,48.73,69.574,0.09,1.32,0.0
ATOM,2433.0,HG22,VAL,270.0,69.065,49.528,68.164,0.09,1.32,0.0
ATOM,2434.0,HG23,VAL,270.0,70.572,49.314,68.759,0.09,1.32,0.0
ATOM,2435.0,N,GLU,271.0,69.004,54.073,69.171,-0.47,1.85,0.0
ATOM,2436.0,CA,GLU,271.0,68.698,55.345,69.815,0.07,2.275,0.0
ATOM,2437.0,C,GLU,271.0,67.243,55.442,70.241,0.51,2.0,0.0
ATOM,2438.0,O,GLU,271.0,66.339,55.063,69.493,-0.51,1.7,0.0
ATOM,2439.0,CB,GLU,271.0,69.054,56.517,68.907,-0.18,2.175,0.0
ATOM,2440.0,CG,GLU,271.0,70.528,56.587,68.577,-0.28,2.175,2.62
ATOM,2441.0,CD,GLU,271.0,70.905,57.794,67.743,0.62,2.0,2.31
ATOM,2442.0,OE1,GLU,271.0,70.057,58.689,67.538,-0.76,1.7,11.08
ATOM,2443.0,OE2,GLU,271.0,72.075,57.85,67.299,-0.76,1.7,20.65
ATOM,2444.0,H,GLU,271.0,68.533,53.73,68.32,0.31,0.2245,0.0
ATOM,2445.0,HA,GLU,271.0,69.295,55.465,70.625,0.09,1.32,0.0
ATOM,2446.0,HB2,GLU,271.0,68.562,56.403,68.065,0.09,1.32,0.0
ATOM,2447.0,HB3,GLU,271.0,68.811,57.344,69.376,0.09,1.32,0.0
ATOM,2448.0,HG2,GLU,271.0,71.034,56.641,69.423,0.09,1.32,0.0
ATOM,2449.0,HG3,GLU,271.0,70.772,55.782,68.059,0.09,1.32,1.82
ATOM,2450.0,N,VAL,272.0,67.024,55.968,71.441,-0.47,1.85,0.0
ATOM,2451.0,CA,VAL,272.0,65.683,56.153,71.993,0.07,2.275,0.0
ATOM,2452.0,C,VAL,272.0,65.466,57.672,72.029,0.51,2.0,0.0
ATOM,2453.0,O,VAL,272.0,66.229,58.402,72.66,-0.51,1.7,0.0
ATOM,2454.0,CB,VAL,272.0,65.574,55.536,73.399,-0.09,2.275,0.0
ATOM,2455.0,CG1,VAL,272.0,64.209,55.808,73.984,-0.27,2.06,0.0
ATOM,2456.0,CG2,VAL,272.0,65.83,54.037,73.321,-0.27,2.06,0.36
ATOM,2457.0,H,VAL,272.0,67.892,56.239,71.958,0.31,0.2245,0.0
ATOM,2458.0,HA,VAL,272.0,65.03,55.769,71.365,0.09,1.32,0.0
ATOM,2459.0,HB,VAL,272.0,66.242,55.992,73.979,0.09,1.32,0.0
ATOM,2460.0,HG11,VAL,272.0,63.503,55.64,73.293,0.09,1.32,0.0
ATOM,2461.0,HG12,VAL,272.0,64.049,55.206,74.769,0.09,1.32,0.0
ATOM,2462.0,HG13,VAL,272.0,64.152,56.762,74.286,0.09,1.32,0.0
ATOM,2463.0,HG21,VAL,272.0,66.375,53.754,74.11,0.09,1.32,0.03
ATOM,2464.0,HG22,VAL,272.0,64.956,53.553,73.325,0.09,1.32,0.0
ATOM,2465.0,HG23,VAL,272.0,66.326,53.831,72.478,0.09,1.32,0.0
ATOM,2466.0,N,HIS,273.0,64.455,58.134,71.301,-0.47,1.85,0.0
ATOM,2467.0,CA,HIS,273.0,64.149,59.552,71.17,0.07,2.275,0.0
ATOM,2468.0,C,HIS,273.0,62.814,59.95,71.773,0.51,2.0,0.0
ATOM,2469.0,O,HIS,273.0,61.825,59.231,71.619,-0.51,1.7,0.0
ATOM,2470.0,CB,HIS,273.0,64.123,59.929,69.672,-0.08,2.175,0.0
ATOM,2471.0,CG,HIS,273.0,65.465,59.894,69.006,0.22,1.8,0.0
ATOM,2472.0,H,HIS,273.0,63.893,57.385,70.826,0.31,0.2245,0.0
ATOM,2473.0,HA,HIS,273.0,64.881,60.08,71.643,0.09,1.32,0.0
ATOM,2474.0,HB2,HIS,273.0,63.511,59.291,69.191,0.09,1.32,0.0
ATOM,2475.0,HB3,HIS,273.0,63.747,60.858,69.583,0.09,1.32,0.0
ATOM,2476.0,ND1,HIS,273.0,66.016,60.993,68.376,-0.7,1.85,4.95
ATOM,2477.0,CD2,HIS,273.0,66.387,58.906,68.9,-0.05,1.8,0.0
ATOM,2478.0,CE1,HIS,273.0,67.216,60.684,67.918,0.25,1.8,6.52
ATOM,2479.0,NE2,HIS,273.0,67.465,59.425,68.222,-0.36,1.85,0.0
ATOM,2480.0,HD2,HIS,273.0,66.301,57.976,69.247,0.09,1.468,0.0
ATOM,2481.0,HE1,HIS,273.0,67.828,61.297,67.426,0.13,0.9,14.27
ATOM,2482.0,HE2,HIS,273.0,68.304,58.926,67.997,0.32,0.2245,0.0
ATOM,2483.0,N,ARG,274.0,62.792,61.106,72.435,-0.47,1.85,0.0
ATOM,2484.0,CA,ARG,274.0,61.566,61.668,73.006,0.07,2.275,0.0
ATOM,2485.0,C,ARG,274.0,60.752,60.722,73.874,0.51,2.0,0.0
ATOM,2486.0,O,ARG,274.0,59.524,60.682,73.79,-0.51,1.7,2.83
ATOM,2487.0,CB,ARG,274.0,60.699,62.222,71.877,-0.18,2.175,1.44
ATOM,2488.0,CG,ARG,274.0,61.446,63.251,71.043,-0.18,2.175,1.24
ATOM,2489.0,CD,ARG,274.0,60.553,63.905,69.998,0.2,2.175,20.66
ATOM,2490.0,NE,ARG,274.0,60.12,62.958,68.98,-0.7,1.85,4.68
ATOM,2491.0,CZ,ARG,274.0,60.827,62.684,67.886,0.64,2.0,1.95
ATOM,2492.0,NH1,ARG,274.0,62.001,63.287,67.661,-0.8,1.85,15.16
ATOM,2493.0,NH2,ARG,274.0,60.381,61.795,67.01,-0.8,1.85,15.49
ATOM,2494.0,H,ARG,274.0,63.721,61.576,72.512,0.31,0.2245,0.0
ATOM,2495.0,HA,ARG,274.0,61.822,62.486,73.57,0.09,1.32,0.0
ATOM,2496.0,HB2,ARG,274.0,60.44,61.475,71.287,0.09,1.32,0.0
ATOM,2497.0,HB3,ARG,274.0,59.911,62.661,72.275,0.09,1.32,2.78
ATOM,2498.0,HG2,ARG,274.0,61.802,63.969,71.64,0.09,1.32,2.0
ATOM,2499.0,HG3,ARG,274.0,62.204,62.806,70.567,0.09,1.32,0.06
ATOM,2500.0,HD2,ARG,274.0,59.755,64.278,70.465,0.09,1.32,9.97
ATOM,2501.0,HD3,ARG,274.0,61.072,64.64,69.568,0.09,1.32,5.96
ATOM,2502.0,HE,ARG,274.0,59.245,62.488,69.108,0.44,0.2245,9.43
ATOM,2503.0,HH11,ARG,274.0,62.367,63.934,68.323,0.46,0.2245,4.21
ATOM,2504.0,HH12,ARG,274.0,62.509,63.082,66.824,0.46,0.2245,11.11
ATOM,2505.0,HH21,ARG,274.0,59.516,61.316,67.188,0.46,0.2245,10.24
ATOM,2506.0,HH22,ARG,274.0,60.898,61.6,66.18,0.46,0.2245,9.62
ATOM,2507.0,N,ALA,275.0,61.442,59.976,74.723,-0.47,1.85,0.0
ATOM,2508.0,CA,ALA,275.0,60.795,59.026,75.609,0.07,2.275,0.0
ATOM,2509.0,C,ALA,275.0,60.158,59.742,76.792,0.51,2.0,0.0
ATOM,2510.0,O,ALA,275.0,60.656,60.786,77.235,-0.51,1.7,0.0
ATOM,2511.0,CB,ALA,275.0,61.824,58.014,76.118,-0.27,2.06,0.0
ATOM,2512.0,H,ALA,275.0,62.472,60.129,74.699,0.31,0.2245,0.01
ATOM,2513.0,HA,ALA,275.0,60.072,58.543,75.1,0.09,1.32,0.0
ATOM,2514.0,HB1,ALA,275.0,61.438,57.095,76.064,0.09,1.32,0.0
ATOM,2515.0,HB2,ALA,275.0,62.646,58.067,75.554,0.09,1.32,0.0
ATOM,2516.0,HB3,ALA,275.0,62.054,58.226,77.066,0.09,1.32,0.0
ATOM,2517.0,N,SER,276.0,59.07,59.178,77.31,-0.47,1.85,0.0
ATOM,2518.0,CA,SER,276.0,58.41,59.738,78.485,0.07,2.275,0.0
ATOM,2519.0,C,SER,276.0,57.785,58.617,79.33,0.51,2.0,0.0
ATOM,2520.0,O,SER,276.0,58.041,57.434,79.089,-0.51,1.7,0.0
ATOM,2521.0,CB,SER,276.0,57.365,60.773,78.074,0.05,2.175,6.67
ATOM,2522.0,OG,SER,276.0,57.021,61.553,79.2,-0.66,1.77,8.51
ATOM,2523.0,H,SER,276.0,58.741,58.328,76.818,0.31,0.2245,0.0
ATOM,2524.0,HA,SER,276.0,59.103,60.193,79.049,0.09,1.32,0.0
ATOM,2525.0,HB2,SER,276.0,57.75,61.358,77.377,0.09,1.32,0.0
ATOM,2526.0,HB3,SER,276.0,56.561,60.302,77.745,0.09,1.32,0.0
ATOM,2527.0,HG,SER,276.0,57.58,62.382,79.218,0.43,0.2245,1.03
ATOM,2528.0,N,GLY,277.0,57.041,58.982,80.365,-0.47,1.85,0.0
ATOM,2529.0,CA,GLY,277.0,56.412,57.961,81.17,-0.02,2.175,0.0
ATOM,2530.0,C,GLY,277.0,56.106,58.38,82.587,0.51,2.0,0.0
ATOM,2531.0,O,GLY,277.0,56.403,59.505,82.987,-0.51,1.7,3.36
ATOM,2532.0,H,GLY,277.0,56.961,59.989,80.527,0.31,0.2245,0.02
ATOM,2533.0,HA2,GLY,277.0,55.544,57.661,80.715,0.09,1.32,0.0
ATOM,2534.0,HA3,GLY,277.0,57.012,57.13,81.189,0.09,1.32,0.0
ATOM,2535.0,N,LEU,278.0,55.526,57.451,83.34,-0.47,1.85,0.0
ATOM,2536.0,CA,LEU,278.0,55.162,57.647,84.742,0.07,2.275,0.0
ATOM,2537.0,C,LEU,278.0,55.715,56.427,85.463,0.51,2.0,0.0
ATOM,2538.0,O,LEU,278.0,55.374,55.284,85.096,-0.51,1.7,0.0
ATOM,2539.0,CB,LEU,278.0,53.647,57.704,84.895,-0.18,2.175,0.0
ATOM,2540.0,CG,LEU,278.0,52.981,58.963,84.357,-0.09,2.275,0.45
ATOM,2541.0,CD1,LEU,278.0,51.475,58.749,84.291,-0.27,2.06,17.77
ATOM,2542.0,CD2,LEU,278.0,53.342,60.139,85.249,-0.27,2.06,9.07
ATOM,2543.0,H,LEU,278.0,55.347,56.544,82.833,0.31,0.2245,0.0
ATOM,2544.0,HA,LEU,278.0,55.619,58.449,85.081,0.09,1.32,0.0
ATOM,2545.0,HB2,LEU,278.0,53.26,56.929,84.405,0.09,1.32,0.0
ATOM,2546.0,HB3,LEU,278.0,53.434,57.643,85.864,0.09,1.32,0.0
ATOM,2547.0,HG,LEU,278.0,53.328,59.153,83.444,0.09,1.32,0.0
ATOM,2548.0,HD11,LEU,278.0,51.125,58.552,85.207,0.09,1.32,1.65
ATOM,2549.0,HD12,LEU,278.0,51.035,59.575,83.938,0.09,1.32,10.36
ATOM,2550.0,HD13,LEU,278.0,51.273,57.979,83.685,0.09,1.32,0.0
ATOM,2551.0,HD21,LEU,278.0,54.335,60.262,85.256,0.09,1.32,0.0
ATOM,2552.0,HD22,LEU,278.0,52.907,60.971,84.901,0.09,1.32,10.4
ATOM,2553.0,HD23,LEU,278.0,53.023,59.963,86.182,0.09,1.32,0.0
ATOM,2554.0,N,MET,279.0,56.547,56.668,86.48,-0.47,1.85,0.0
ATOM,2555.0,CA,MET,279.0,57.229,55.603,87.22,0.07,2.275,0.0
ATOM,2556.0,C,MET,279.0,58.049,54.826,86.177,0.51,2.0,0.0
ATOM,2557.0,O,MET,279.0,58.199,53.609,86.253,-0.51,1.7,0.0
ATOM,2558.0,CB,MET,279.0,56.21,54.702,87.913,-0.18,2.175,0.0
ATOM,2559.0,CG,MET,279.0,55.571,55.369,89.12,-0.14,2.175,0.0
ATOM,2560.0,SD,MET,279.0,56.755,55.453,90.477,-0.09,2.0,0.0
ATOM,2561.0,CE,MET,279.0,56.251,56.934,91.397,-0.22,2.06,0.24
ATOM,2562.0,H,MET,279.0,56.67,57.682,86.702,0.31,0.2245,0.0
ATOM,2563.0,HA,MET,279.0,57.859,56.016,87.855,0.09,1.32,0.0
ATOM,2564.0,HB2,MET,279.0,55.487,54.463,87.262,0.09,1.32,0.0
ATOM,2565.0,HB3,MET,279.0,56.667,53.863,88.218,0.09,1.32,0.0
ATOM,2566.0,HG2,MET,279.0,55.26,56.296,88.856,0.09,1.32,0.0
ATOM,2567.0,HG3,MET,279.0,54.75,54.841,89.391,0.09,1.32,0.0
ATOM,2568.0,HE1,MET,279.0,56.86,57.687,91.158,0.09,1.32,0.06
ATOM,2569.0,HE2,MET,279.0,55.312,57.164,91.152,0.09,1.32,0.0
ATOM,2570.0,HE3,MET,279.0,56.311,56.744,92.374,0.09,1.32,0.0
ATOM,2571.0,N,ALA,280.0,58.633,55.575,85.245,-0.47,1.85,0.0
ATOM,2572.0,CA,ALA,280.0,59.383,55.018,84.122,0.07,2.275,0.0
ATOM,2573.0,C,ALA,280.0,60.905,54.947,84.272,0.51,2.0,0.0
ATOM,2574.0,O,ALA,280.0,61.531,55.829,84.879,-0.51,1.7,0.0
ATOM,2575.0,CB,ALA,280.0,59.014,55.805,82.844,-0.27,2.06,0.0
ATOM,2576.0,H,ALA,280.0,58.508,56.607,85.386,0.31,0.2245,0.0
ATOM,2577.0,HA,ALA,280.0,59.036,54.062,83.946,0.09,1.32,0.0
ATOM,2578.0,HB1,ALA,280.0,59.657,55.567,82.122,0.09,1.32,0.0
ATOM,2579.0,HB2,ALA,280.0,58.088,55.561,82.571,0.09,1.32,0.0
ATOM,2580.0,HB3,ALA,280.0,59.066,56.78,83.039,0.09,1.32,0.0
ATOM,2581.0,N,GLY,281.0,61.484,53.929,83.649,-0.47,1.85,0.0
ATOM,2582.0,CA,GLY,281.0,62.917,53.733,83.666,-0.02,2.175,0.17
ATOM,2583.0,C,GLY,281.0,63.374,53.255,82.296,0.51,2.0,0.0
ATOM,2584.0,O,GLY,281.0,62.603,52.621,81.554,-0.51,1.7,0.0
ATOM,2585.0,H,GLY,281.0,60.821,53.293,83.153,0.31,0.2245,0.0
ATOM,2586.0,HA2,GLY,281.0,63.377,54.595,83.886,0.09,1.32,0.0
ATOM,2587.0,HA3,GLY,281.0,63.16,53.047,84.353,0.09,1.32,0.4
ATOM,2588.0,N,PHE,282.0,64.602,53.601,81.933,-0.47,1.85,0.41
ATOM,2589.0,CA,PHE,282.0,65.185,53.213,80.645,0.07,2.275,0.0
ATOM,2590.0,C,PHE,282.0,66.563,52.659,80.941,0.51,2.0,0.0
ATOM,2591.0,O,PHE,282.0,67.444,53.359,81.44,-0.51,1.7,0.18
ATOM,2592.0,CB,PHE,282.0,65.243,54.418,79.703,-0.18,2.175,0.0
ATOM,2593.0,CG,PHE,282.0,63.889,54.995,79.421,0.0,1.9924,0.0
ATOM,2594.0,CD1,PHE,282.0,63.33,55.951,80.28,-0.115,1.9924,0.0
ATOM,2595.0,CD2,PHE,282.0,63.112,54.489,78.38,-0.115,1.9924,0.0
ATOM,2596.0,CE1,PHE,282.0,62.013,56.376,80.118,-0.115,1.9924,0.0
ATOM,2597.0,CE2,PHE,282.0,61.792,54.904,78.206,-0.115,1.9924,0.0
ATOM,2598.0,CZ,PHE,282.0,61.239,55.849,79.076,-0.115,1.9924,0.0
ATOM,2599.0,H,PHE,282.0,65.119,54.172,82.638,0.31,0.2245,0.0
ATOM,2600.0,HA,PHE,282.0,64.637,52.465,80.296,0.09,1.32,0.0
ATOM,2601.0,HB2,PHE,282.0,65.79,55.112,80.136,0.09,1.32,0.0
ATOM,2602.0,HB3,PHE,282.0,65.633,54.116,78.851,0.09,1.32,1.11
ATOM,2603.0,HD1,PHE,282.0,63.88,56.333,81.015,0.115,1.3582,0.0
ATOM,2604.0,HD2,PHE,282.0,63.506,53.821,77.75,0.115,1.3582,0.31
ATOM,2605.0,HE1,PHE,282.0,61.625,57.053,80.745,0.115,1.3582,0.0
ATOM,2606.0,HE2,PHE,282.0,61.24,54.52,77.454,0.115,1.3582,0.0
ATOM,2607.0,HZ,PHE,282.0,60.297,56.15,78.959,0.115,1.3582,0.0
ATOM,2608.0,N,LEU,283.0,66.722,51.375,80.662,-0.47,1.85,0.0
ATOM,2609.0,CA,LEU,283.0,67.95,50.664,80.931,0.07,2.275,0.0
ATOM,2610.0,C,LEU,283.0,68.624,50.089,79.695,0.51,2.0,0.0
ATOM,2611.0,O,LEU,283.0,68.03,49.29,78.964,-0.51,1.7,0.0
ATOM,2612.0,CB,LEU,283.0,67.657,49.522,81.921,-0.18,2.175,0.0
ATOM,2613.0,CG,LEU,283.0,68.717,48.44,82.171,-0.09,2.275,0.0
ATOM,2614.0,CD1,LEU,283.0,69.947,49.034,82.891,-0.27,2.06,1.47
ATOM,2615.0,CD2,LEU,283.0,68.092,47.302,82.989,-0.27,2.06,1.3
ATOM,2616.0,H,LEU,283.0,65.88,50.923,80.23,0.31,0.2245,0.0
ATOM,2617.0,HA,LEU,283.0,68.607,51.307,81.378,0.09,1.32,0.0
ATOM,2618.0,HB2,LEU,283.0,67.45,49.945,82.816,0.09,1.32,4.65
ATOM,2619.0,HB3,LEU,283.0,66.823,49.051,81.6,0.09,1.32,0.0
ATOM,2620.0,HG,LEU,283.0,69.008,48.058,81.297,0.09,1.32,0.0
ATOM,2621.0,HD11,LEU,283.0,69.657,49.415,83.765,0.09,1.32,4.14
ATOM,2622.0,HD12,LEU,283.0,70.616,48.31,83.039,0.09,1.32,0.0
ATOM,2623.0,HD13,LEU,283.0,70.341,49.75,82.321,0.09,1.32,0.0
ATOM,2624.0,HD21,LEU,283.0,67.326,46.913,82.479,0.09,1.32,0.0
ATOM,2625.0,HD22,LEU,283.0,68.781,46.598,83.152,0.09,1.32,0.0
ATOM,2626.0,HD23,LEU,283.0,67.767,47.664,83.861,0.09,1.32,8.0
ATOM,2627.0,N,PHE,284.0,69.85,50.535,79.447,-0.47,1.85,0.0
ATOM,2628.0,CA,PHE,284.0,70.658,50.026,78.352,0.07,2.275,0.0
ATOM,2629.0,C,PHE,284.0,71.634,49.071,79.04,0.51,2.0,0.0
ATOM,2630.0,O,PHE,284.0,72.507,49.498,79.802,-0.51,1.7,0.08
ATOM,2631.0,CB,PHE,284.0,71.398,51.157,77.642,-0.18,2.175,0.0
ATOM,2632.0,CG,PHE,284.0,70.482,52.149,76.974,0.0,1.9924,0.0
ATOM,2633.0,CD1,PHE,284.0,69.874,53.169,77.717,-0.115,1.9924,0.0
ATOM,2634.0,CD2,PHE,284.0,70.217,52.061,75.609,-0.115,1.9924,0.0
ATOM,2635.0,CE1,PHE,284.0,69.015,54.079,77.11,-0.115,1.9924,0.4
ATOM,2636.0,CE2,PHE,284.0,69.361,52.961,74.996,-0.115,1.9924,0.0
ATOM,2637.0,CZ,PHE,284.0,68.761,53.974,75.748,-0.115,1.9924,0.46
ATOM,2638.0,H,PHE,284.0,70.179,51.278,80.104,0.31,0.2245,0.0
ATOM,2639.0,HA,PHE,284.0,70.075,49.474,77.789,0.09,1.32,0.0
ATOM,2640.0,HB2,PHE,284.0,71.932,51.642,78.316,0.09,1.32,0.0
ATOM,2641.0,HB3,PHE,284.0,71.971,50.756,76.945,0.09,1.32,0.0
ATOM,2642.0,HD1,PHE,284.0,70.06,53.244,78.691,0.115,1.3582,0.0
ATOM,2643.0,HD2,PHE,284.0,70.651,51.34,75.069,0.115,1.3582,0.0
ATOM,2644.0,HE1,PHE,284.0,68.585,54.801,77.657,0.115,1.3582,0.0
ATOM,2645.0,HE2,PHE,284.0,69.17,52.884,74.006,0.115,1.3582,0.0
ATOM,2646.0,HZ,PHE,284.0,68.146,54.627,75.304,0.115,1.3582,0.0
ATOM,2647.0,N,ARG,285.0,71.448,47.775,78.826,-0.47,1.85,0.0
ATOM,2648.0,CA,ARG,285.0,72.296,46.774,79.465,0.07,2.275,0.0
ATOM,2649.0,C,ARG,285.0,73.235,46.129,78.452,0.51,2.0,0.0
ATOM,2650.0,O,ARG,285.0,72.779,45.505,77.496,-0.51,1.7,0.0
ATOM,2651.0,CB,ARG,285.0,71.411,45.721,80.149,-0.18,2.175,0.0
ATOM,2652.0,CG,ARG,285.0,72.154,44.598,80.875,-0.18,2.175,8.3
ATOM,2653.0,CD,ARG,285.0,71.209,43.807,81.79,0.2,2.175,5.33
ATOM,2654.0,NE,ARG,285.0,71.194,44.356,83.143,-0.7,1.85,3.41
ATOM,2655.0,CZ,ARG,285.0,70.161,44.34,83.986,0.64,2.0,1.82
ATOM,2656.0,NH1,ARG,285.0,68.997,43.8,83.643,-0.8,1.85,8.66
ATOM,2657.0,NH2,ARG,285.0,70.305,44.859,85.198,-0.8,1.85,17.71
ATOM,2658.0,H,ARG,285.0,70.67,47.542,78.184,0.31,0.2245,0.0
ATOM,2659.0,HA,ARG,285.0,72.85,47.223,80.176,0.09,1.32,0.0
ATOM,2660.0,HB2,ARG,285.0,70.833,46.189,80.819,0.09,1.32,0.0
ATOM,2661.0,HB3,ARG,285.0,70.83,45.301,79.45,0.09,1.32,0.0
ATOM,2662.0,HG2,ARG,285.0,72.535,43.968,80.209,0.09,1.32,2.14
ATOM,2663.0,HG3,ARG,285.0,72.872,44.987,81.44,0.09,1.32,0.53
ATOM,2664.0,HD2,ARG,285.0,70.298,43.857,81.4,0.09,1.32,0.0
ATOM,2665.0,HD3,ARG,285.0,71.529,42.867,81.815,0.09,1.32,10.61
ATOM,2666.0,HE,ARG,285.0,72.052,44.793,83.477,0.44,0.2245,0.0
ATOM,2667.0,HH11,ARG,285.0,68.886,43.376,82.744,0.46,0.2245,0.0
ATOM,2668.0,HH12,ARG,285.0,68.229,43.816,84.285,0.46,0.2245,10.57
ATOM,2669.0,HH21,ARG,285.0,71.186,45.24,85.481,0.46,0.2245,2.14
ATOM,2670.0,HH22,ARG,285.0,69.532,44.87,85.834,0.46,0.2245,16.82
ATOM,2671.0,N,GLY,286.0,74.537,46.312,78.64,-0.47,1.85,0.42
ATOM,2672.0,CA,GLY,286.0,75.522,45.728,77.735,-0.02,2.175,5.32
ATOM,2673.0,C,GLY,286.0,75.489,46.339,76.351,0.51,2.0,0.0
ATOM,2674.0,O,GLY,286.0,75.881,45.701,75.384,-0.51,1.7,7.29
ATOM,2675.0,H,GLY,286.0,74.786,46.89,79.463,0.31,0.2245,0.0
ATOM,2676.0,HA2,GLY,286.0,76.45,45.846,78.133,0.09,1.32,0.0
ATOM,2677.0,HA3,GLY,286.0,75.357,44.727,77.666,0.09,1.32,2.01
ATOM,2678.0,N,CYS,287.0,75.023,47.583,76.249,-0.47,1.85,0.0
ATOM,2679.0,CA,CYS,287.0,74.934,48.263,74.961,0.07,2.275,0.0
ATOM,2680.0,C,CYS,287.0,76.143,49.127,74.654,0.51,2.0,0.0
ATOM,2681.0,O,CYS,287.0,76.919,49.458,75.551,-0.51,1.7,0.0
ATOM,2682.0,CB,CYS,287.0,73.679,49.125,74.911,-0.11,2.175,0.0
ATOM,2683.0,SG,CYS,287.0,72.174,48.156,75.003,-0.23,2.0,0.0
ATOM,2684.0,H,CYS,287.0,74.735,48.015,77.147,0.31,0.2245,0.17
ATOM,2685.0,HA,CYS,287.0,74.86,47.554,74.236,0.09,1.32,0.0
ATOM,2686.0,HB2,CYS,287.0,73.701,49.75,75.681,0.09,1.32,0.02
ATOM,2687.0,HB3,CYS,287.0,73.682,49.626,74.053,0.09,1.32,0.0
ATOM,2688.0,HG,CYS,287.0,71.393,48.711,74.708,0.16,0.45,0.0
ATOM,2689.0,N,HIS,288.0,76.336,49.421,73.374,-0.47,1.85,0.0
ATOM,2690.0,CA,HIS,288.0,77.418,50.278,72.916,0.07,2.275,0.0
ATOM,2691.0,C,HIS,288.0,76.868,51.152,71.808,0.51,2.0,0.0
ATOM,2692.0,O,HIS,288.0,76.018,50.703,71.023,-0.51,1.7,0.0
ATOM,2693.0,CB,HIS,288.0,78.594,49.473,72.367,-0.08,2.175,0.68
ATOM,2694.0,CG,HIS,288.0,79.265,48.629,73.395,0.22,1.8,0.43
ATOM,2695.0,ND1,HIS,288.0,80.315,49.091,74.168,-0.7,1.85,2.85
ATOM,2696.0,CD2,HIS,288.0,79.112,47.324,73.719,-0.05,1.8,8.2
ATOM,2697.0,CE1,HIS,288.0,80.778,48.108,74.912,0.25,1.8,4.49
ATOM,2698.0,NE2,HIS,288.0,80.064,47.021,74.658,-0.36,1.85,1.51
ATOM,2699.0,H,HIS,288.0,75.642,48.982,72.723,0.31,0.2245,0.0
ATOM,2700.0,HA,HIS,288.0,77.703,50.862,73.669,0.09,1.32,0.0
ATOM,2701.0,HB2,HIS,288.0,78.264,48.875,71.629,0.09,1.32,0.0
ATOM,2702.0,HB3,HIS,288.0,79.273,50.108,71.984,0.09,1.32,0.0
ATOM,2703.0,HD2,HIS,288.0,78.432,46.697,73.344,0.09,1.468,3.74
ATOM,2704.0,HE1,HIS,288.0,81.535,48.166,75.557,0.13,0.9,0.0
ATOM,2705.0,HE2,HIS,288.0,80.201,46.125,75.085,0.32,0.2245,5.54
ATOM,2706.0,N,PHE,289.0,77.348,52.395,71.754,-0.47,1.85,0.0
ATOM,2707.0,CA,PHE,289.0,76.938,53.357,70.728,0.07,2.275,0.14
ATOM,2708.0,C,PHE,289.0,75.435,53.612,70.723,0.51,2.0,0.0
ATOM,2709.0,O,PHE,289.0,74.818,53.771,69.672,-0.51,1.7,1.37
ATOM,2710.0,CB,PHE,289.0,77.444,52.893,69.349,-0.18,2.175,2.92
ATOM,2711.0,CG,PHE,289.0,78.919,52.622,69.336,0.0,1.9924,0.05
ATOM,2712.0,CD1,PHE,289.0,79.828,53.678,69.417,-0.115,1.9924,9.54
ATOM,2713.0,CD2,PHE,289.0,79.401,51.32,69.388,-0.115,1.9924,3.81
ATOM,2714.0,CE1,PHE,289.0,81.203,53.44,69.562,-0.115,1.9924,9.02
ATOM,2715.0,CE2,PHE,289.0,80.769,51.07,69.533,-0.115,1.9924,10.41
ATOM,2716.0,CZ,PHE,289.0,81.672,52.134,69.626,-0.115,1.9924,10.17
ATOM,2717.0,H,PHE,289.0,78.038,52.623,72.503,0.31,0.2245,0.0
ATOM,2718.0,HA,PHE,289.0,77.383,54.237,70.959,0.09,1.32,0.0
ATOM,2719.0,HB2,PHE,289.0,76.973,52.059,69.125,0.09,1.32,0.0
ATOM,2720.0,HB3,PHE,289.0,77.255,53.612,68.706,0.09,1.32,6.78
ATOM,2721.0,HD1,PHE,289.0,79.503,54.617,69.373,0.115,1.3582,7.12
ATOM,2722.0,HD2,PHE,289.0,78.767,50.552,69.322,0.115,1.3582,0.0
ATOM,2723.0,HE1,PHE,289.0,81.834,54.217,69.617,0.115,1.3582,1.31
ATOM,2724.0,HE2,PHE,289.0,81.101,50.116,69.569,0.115,1.3582,13.08
ATOM,2725.0,HZ,PHE,289.0,82.645,51.956,69.738,0.115,1.3582,8.76
ATOM,2726.0,N,CYS,290.0,74.857,53.634,71.921,-0.47,1.85,0.0
ATOM,2727.0,CA,CYS,290.0,73.434,53.891,72.093,0.07,2.275,0.0
ATOM,2728.0,C,CYS,290.0,73.244,55.278,72.693,0.51,2.0,0.0
ATOM,2729.0,O,CYS,290.0,74.091,55.757,73.448,-0.51,1.7,0.0
ATOM,2730.0,CB,CYS,290.0,72.796,52.819,72.992,-0.11,2.175,0.0
ATOM,2731.0,SG,CYS,290.0,72.759,51.169,72.206,-0.23,2.0,0.0
ATOM,2732.0,H,CYS,290.0,75.506,53.453,72.717,0.31,0.2245,0.0
ATOM,2733.0,HA,CYS,290.0,72.998,53.878,71.193,0.09,1.32,0.0
ATOM,2734.0,HB2,CYS,290.0,73.328,52.75,73.821,0.09,1.32,0.0
ATOM,2735.0,HB3,CYS,290.0,71.864,53.087,73.183,0.09,1.32,0.0
ATOM,2736.0,HG,CYS,290.0,73.67,50.953,71.865,0.16,0.45,0.0
ATOM,2737.0,N,LYS,291.0,72.107,55.896,72.394,-0.47,1.85,0.0
ATOM,2738.0,CA,LYS,291.0,71.831,57.23,72.894,0.07,2.275,0.0
ATOM,2739.0,C,LYS,291.0,70.405,57.378,73.379,0.51,2.0,0.0
ATOM,2740.0,O,LYS,291.0,69.471,56.8,72.796,-0.51,1.7,0.0
ATOM,2741.0,CB,LYS,291.0,72.025,58.258,71.784,-0.18,2.175,0.0
ATOM,2742.0,CG,LYS,291.0,73.379,58.292,71.133,-0.18,2.175,0.0
ATOM,2743.0,CD,LYS,291.0,73.395,59.398,70.086,-0.18,2.175,4.73
ATOM,2744.0,CE,LYS,291.0,74.694,59.418,69.311,0.21,2.175,14.8
ATOM,2745.0,NZ,LYS,291.0,74.77,58.285,68.366,-0.3,1.85,7.78
ATOM,2746.0,H,LYS,291.0,71.46,55.358,71.793,0.31,0.2245,0.0
ATOM,2747.0,HA,LYS,291.0,72.46,57.426,73.666,0.09,1.32,0.0
ATOM,2748.0,HB2,LYS,291.0,71.332,58.077,71.071,0.09,1.32,0.0
ATOM,2749.0,HB3,LYS,291.0,71.833,59.172,72.173,0.09,1.32,0.0
ATOM,2750.0,HG2,LYS,291.0,74.073,58.489,71.813,0.09,1.32,0.0
ATOM,2751.0,HG3,LYS,291.0,73.558,57.427,70.684,0.09,1.32,0.0
ATOM,2752.0,HD2,LYS,291.0,72.643,59.246,69.45,0.09,1.32,0.0
ATOM,2753.0,HD3,LYS,291.0,73.282,60.275,70.545,0.09,1.32,0.0
ATOM,2754.0,HE2,LYS,291.0,74.757,60.28,68.802,0.05,1.32,12.03
ATOM,2755.0,HE3,LYS,291.0,75.46,59.364,69.957,0.05,1.32,0.0
ATOM,2756.0,HZ1,LYS,291.0,74.842,58.632,67.429,0.33,0.2245,16.44
ATOM,2757.0,HZ2,LYS,291.0,75.574,57.726,68.574,0.33,0.2245,9.86
ATOM,2758.0,HZ3,LYS,291.0,73.946,57.722,68.448,0.33,0.2245,0.25
ATOM,2759.0,N,MET,292.0,70.248,58.185,74.426,-0.47,1.85,0.0
ATOM,2760.0,CA,MET,292.0,68.952,58.53,74.986,0.07,2.275,0.0
ATOM,2761.0,C,MET,292.0,68.903,60.017,74.575,0.51,2.0,0.0
ATOM,2762.0,O,MET,292.0,69.651,60.851,75.095,-0.51,1.7,0.06
ATOM,2763.0,CB,MET,292.0,68.952,58.352,76.501,-0.18,2.175,0.0
ATOM,2764.0,CG,MET,292.0,67.615,58.669,77.162,-0.14,2.175,0.0
ATOM,2765.0,SD,MET,292.0,66.264,57.539,76.7,-0.09,2.0,0.0
ATOM,2766.0,CE,MET,292.0,65.028,57.945,77.903,-0.22,2.06,0.0
ATOM,2767.0,H,MET,292.0,71.153,58.554,74.816,0.31,0.2245,0.0
ATOM,2768.0,HA,MET,292.0,68.264,58.07,74.495,0.09,1.32,0.0
ATOM,2769.0,HB2,MET,292.0,69.194,57.398,76.721,0.09,1.32,0.0
ATOM,2770.0,HB3,MET,292.0,69.654,58.955,76.904,0.09,1.32,0.0
ATOM,2771.0,HG2,MET,292.0,67.749,58.667,78.184,0.09,1.32,0.0
ATOM,2772.0,HG3,MET,292.0,67.361,59.642,76.934,0.09,1.32,0.06
ATOM,2773.0,HE1,MET,292.0,65.29,58.778,78.4,0.09,1.32,0.0
ATOM,2774.0,HE2,MET,292.0,64.145,58.101,77.451,0.09,1.32,0.0
ATOM,2775.0,HE3,MET,292.0,64.927,57.193,78.562,0.09,1.32,0.0
ATOM,2776.0,N,VAL,293.0,68.079,60.316,73.585,-0.47,1.85,0.0
ATOM,2777.0,CA,VAL,293.0,67.998,61.662,73.027,0.07,2.275,0.0
ATOM,2778.0,C,VAL,293.0,66.672,62.377,73.27,0.51,2.0,0.0
ATOM,2779.0,O,VAL,293.0,65.597,61.804,73.068,-0.51,1.7,0.0
ATOM,2780.0,CB,VAL,293.0,68.275,61.621,71.491,-0.09,2.275,0.0
ATOM,2781.0,CG1,VAL,293.0,68.272,63.036,70.886,-0.27,2.06,11.06
ATOM,2782.0,CG2,VAL,293.0,69.59,60.916,71.216,-0.27,2.06,2.9
ATOM,2783.0,H,VAL,293.0,67.5,59.522,73.241,0.31,0.2245,0.0
ATOM,2784.0,HA,VAL,293.0,68.736,62.224,73.456,0.09,1.32,0.0
ATOM,2785.0,HB,VAL,293.0,67.526,61.124,71.067,0.09,1.32,0.0
ATOM,2786.0,HG11,VAL,293.0,67.413,63.487,71.116,0.09,1.32,0.0
ATOM,2787.0,HG12,VAL,293.0,69.037,63.553,71.262,0.09,1.32,0.0
ATOM,2788.0,HG13,VAL,293.0,68.364,62.967,69.896,0.09,1.32,3.44
ATOM,2789.0,HG21,VAL,293.0,69.666,60.724,70.237,0.09,1.32,0.66
ATOM,2790.0,HG22,VAL,293.0,70.348,61.503,71.501,0.09,1.32,0.0
ATOM,2791.0,HG23,VAL,293.0,69.62,60.057,71.729,0.09,1.32,0.0
ATOM,2792.0,N,ASP,294.0,66.769,63.641,73.677,-0.47,1.85,0.0
ATOM,2793.0,CA,ASP,294.0,65.614,64.487,73.938,0.07,2.275,0.0
ATOM,2794.0,C,ASP,294.0,64.531,63.829,74.788,0.51,2.0,0.0
ATOM,2795.0,O,ASP,294.0,63.354,63.854,74.422,-0.51,1.7,2.36
ATOM,2796.0,CB,ASP,294.0,65.011,64.977,72.613,-0.28,2.175,5.14
ATOM,2797.0,CG,ASP,294.0,65.973,65.83,71.817,0.62,2.0,3.27
ATOM,2798.0,OD1,ASP,294.0,66.888,66.451,72.41,-0.76,1.7,16.34
ATOM,2799.0,OD2,ASP,294.0,65.828,65.863,70.577,-0.76,1.7,31.21
ATOM,2800.0,H,ASP,294.0,67.758,63.975,73.794,0.31,0.2245,0.0
ATOM,2801.0,HA,ASP,294.0,65.947,65.297,74.461,0.09,1.32,0.0
ATOM,2802.0,HB2,ASP,294.0,64.768,64.178,72.077,0.09,1.32,0.17
ATOM,2803.0,HB3,ASP,294.0,64.204,65.513,72.827,0.09,1.32,7.26
ATOM,2804.0,N,ALA,295.0,64.928,63.222,75.911,-0.47,1.85,0.0
ATOM,2805.0,CA,ALA,295.0,63.967,62.589,76.827,0.07,2.275,0.0
ATOM,2806.0,C,ALA,295.0,62.901,63.651,77.121,0.51,2.0,0.0
ATOM,2807.0,O,ALA,295.0,63.211,64.814,77.48,-0.51,1.7,1.63
ATOM,2808.0,CB,ALA,295.0,64.65,62.144,78.126,-0.27,2.06,0.04
ATOM,2809.0,H,ALA,295.0,65.949,63.235,76.077,0.31,0.2245,0.3
ATOM,2810.0,HA,ALA,295.0,63.539,61.828,76.368,0.09,1.32,0.0
ATOM,2811.0,HB1,ALA,295.0,65.425,61.556,77.905,0.09,1.32,0.0
ATOM,2812.0,HB2,ALA,295.0,64.969,62.949,78.622,0.09,1.32,0.0
ATOM,2813.0,HB3,ALA,295.0,63.995,61.641,78.686,0.09,1.32,0.0
ATOM,2814.0,N,ASN,296.0,61.652,63.276,76.886,-0.47,1.85,0.0
ATOM,2815.0,CA,ASN,296.0,60.538,64.176,77.088,0.07,2.275,0.21
ATOM,2816.0,C,ASN,296.0,59.965,64.158,78.509,0.51,2.0,0.0
ATOM,2817.0,O,ASN,296.0,58.805,63.805,78.731,-0.51,1.7,2.21
ATOM,2818.0,CB,ASN,296.0,59.438,63.889,76.067,-0.18,2.175,2.37
ATOM,2819.0,CG,ASN,296.0,58.393,64.984,76.023,0.55,2.0,2.22
ATOM,2820.0,H,ASN,296.0,61.548,62.296,76.55,0.31,0.2245,0.0
ATOM,2821.0,HA,ASN,296.0,60.877,65.123,76.926,0.09,1.32,3.77
ATOM,2822.0,HB2,ASN,296.0,59.856,63.811,75.167,0.09,1.32,0.06
ATOM,2823.0,HB3,ASN,296.0,58.993,63.034,76.316,0.09,1.32,0.0
ATOM,2824.0,OD1,ASN,296.0,58.67,66.129,76.39,-0.55,1.7,31.27
ATOM,2825.0,ND2,ASN,296.0,57.179,64.637,75.596,-0.62,1.85,22.47
ATOM,2826.0,HD22,ASN,296.0,57.003,63.687,75.332,0.3,0.2245,10.07
ATOM,2827.0,HD21,ASN,296.0,56.453,65.317,75.541,0.32,0.2245,21.38
ATOM,2828.0,N,ASN,297.0,60.802,64.522,79.468,-0.47,1.85,0.0
ATOM,2829.0,CA,ASN,297.0,60.408,64.615,80.86,0.07,2.275,0.0
ATOM,2830.0,C,ASN,297.0,59.724,63.408,81.525,0.51,2.0,0.0
ATOM,2831.0,O,ASN,297.0,58.658,63.539,82.15,-0.51,1.7,9.26
ATOM,2832.0,CB,ASN,297.0,59.584,65.889,81.073,-0.18,2.175,7.44
ATOM,2833.0,CG,ASN,297.0,59.607,66.361,82.502,0.55,2.0,0.0
ATOM,2834.0,H,ASN,297.0,61.772,64.737,79.133,0.31,0.2245,0.0
ATOM,2835.0,HA,ASN,297.0,61.271,64.793,81.408,0.09,1.32,0.0
ATOM,2836.0,HB2,ASN,297.0,59.961,66.604,80.49,0.09,1.32,1.41
ATOM,2837.0,HB3,ASN,297.0,58.641,65.696,80.81,0.09,1.32,6.11
ATOM,2838.0,OD1,ASN,297.0,58.632,66.925,83.0,-0.55,1.7,30.12
ATOM,2839.0,ND2,ASN,297.0,60.717,66.154,83.168,-0.62,1.85,0.0
ATOM,2840.0,HD22,ASN,297.0,61.502,65.708,82.729,0.3,0.2245,0.0
ATOM,2841.0,HD21,ASN,297.0,60.796,66.441,84.129,0.32,0.2245,0.0
ATOM,2842.0,N,PRO,298.0,60.319,62.208,81.392,-0.29,1.85,0.0
ATOM,2843.0,CA,PRO,298.0,59.682,61.064,82.039,0.02,2.275,0.0
ATOM,2844.0,C,PRO,298.0,59.764,61.268,83.55,0.51,2.0,0.0
ATOM,2845.0,O,PRO,298.0,60.727,61.867,84.052,-0.51,1.7,0.0
ATOM,2846.0,CB,PRO,298.0,60.564,59.894,81.61,-0.18,2.175,0.0
ATOM,2847.0,CG,PRO,298.0,61.916,60.541,81.343,-0.18,2.175,0.0
ATOM,2848.0,CD,PRO,298.0,61.515,61.804,80.636,0.0,2.175,0.0
ATOM,2849.0,HA,PRO,298.0,58.738,60.962,81.745,0.09,1.32,0.0
ATOM,2850.0,HB2,PRO,298.0,60.644,59.216,82.337,0.09,1.32,0.0
ATOM,2851.0,HB3,PRO,298.0,60.217,59.465,80.781,0.09,1.32,0.0
ATOM,2852.0,HG2,PRO,298.0,62.374,60.732,82.197,0.09,1.32,0.0
ATOM,2853.0,HG3,PRO,298.0,62.461,59.956,80.763,0.09,1.32,0.0
ATOM,2854.0,HD2,PRO,298.0,62.223,62.5,80.7,0.09,1.32,0.0
ATOM,2855.0,HD3,PRO,298.0,61.287,61.633,79.682,0.09,1.32,0.0
ATOM,2856.0,N,SER,299.0,58.729,60.845,84.258,-0.47,1.85,0.02
ATOM,2857.0,CA,SER,299.0,58.69,60.932,85.718,0.07,2.275,0.0
ATOM,2858.0,C,SER,299.0,59.21,59.556,86.183,0.51,2.0,0.0
ATOM,2859.0,O,SER,299.0,58.643,58.511,85.834,-0.51,1.7,0.0
ATOM,2860.0,CB,SER,299.0,57.254,61.185,86.177,0.05,2.175,0.45
ATOM,2861.0,OG,SER,299.0,57.215,61.545,87.539,-0.66,1.77,0.0
ATOM,2862.0,H,SER,299.0,57.947,60.447,83.693,0.31,0.2245,0.0
ATOM,2863.0,HA,SER,299.0,59.336,61.607,86.008,0.09,1.32,0.0
ATOM,2864.0,HB2,SER,299.0,56.87,61.924,85.631,0.09,1.32,7.52
ATOM,2865.0,HB3,SER,299.0,56.725,60.351,86.043,0.09,1.32,0.0
ATOM,2866.0,HG,SER,299.0,56.552,60.971,88.021,0.43,0.2245,0.0
ATOM,2867.0,N,GLY,300.0,60.303,59.561,86.937,-0.47,1.85,0.0
ATOM,2868.0,CA,GLY,300.0,60.95,58.326,87.364,-0.02,2.175,0.0
ATOM,2869.0,C,GLY,300.0,60.284,57.411,88.368,0.51,2.0,0.0
ATOM,2870.0,O,GLY,300.0,59.372,57.8,89.1,-0.51,1.7,0.15
ATOM,2871.0,H,GLY,300.0,60.652,60.507,87.192,0.31,0.2245,0.0
ATOM,2872.0,HA2,GLY,300.0,61.178,57.765,86.504,0.09,1.32,0.0
ATOM,2873.0,HA3,GLY,300.0,61.909,58.569,87.722,0.09,1.32,0.0
ATOM,2874.0,N,GLY,301.0,60.776,56.179,88.393,-0.47,1.85,0.0
ATOM,2875.0,CA,GLY,301.0,60.295,55.163,89.303,-0.02,2.175,0.0
ATOM,2876.0,C,GLY,301.0,61.335,54.874,90.376,0.51,2.0,0.01
ATOM,2877.0,O,GLY,301.0,62.127,55.745,90.754,-0.51,1.7,0.32
ATOM,2878.0,H,GLY,301.0,61.541,56.01,87.697,0.31,0.2245,0.0
ATOM,2879.0,HA2,GLY,301.0,59.445,55.473,89.743,0.09,1.32,0.0
ATOM,2880.0,HA3,GLY,301.0,60.099,54.316,88.796,0.09,1.32,0.0
ATOM,2881.0,N,LYS,302.0,61.382,53.635,90.837,-0.47,1.85,0.0
ATOM,2882.0,CA,LYS,302.0,62.321,53.274,91.894,0.07,2.275,0.0
ATOM,2883.0,C,LYS,302.0,63.789,53.222,91.445,0.51,2.0,0.0
ATOM,2884.0,O,LYS,302.0,64.686,53.606,92.198,-0.51,1.7,0.16
ATOM,2885.0,CB,LYS,302.0,61.889,51.95,92.539,-0.18,2.175,0.0
ATOM,2886.0,CG,LYS,302.0,62.348,51.763,93.963,-0.18,2.175,0.0
ATOM,2887.0,CD,LYS,302.0,63.661,51.05,93.993,-0.18,2.175,0.33
ATOM,2888.0,CE,LYS,302.0,63.899,50.339,95.327,0.21,2.175,8.32
ATOM,2889.0,NZ,LYS,302.0,64.871,49.2,95.15,-0.3,1.85,13.28
ATOM,2890.0,H,LYS,302.0,60.724,52.972,90.402,0.31,0.2245,0.0
ATOM,2891.0,HA,LYS,302.0,62.244,53.957,92.648,0.09,1.32,0.0
ATOM,2892.0,HB2,LYS,302.0,60.888,51.911,92.517,0.09,1.32,0.0
ATOM,2893.0,HB3,LYS,302.0,62.259,51.203,91.981,0.09,1.32,0.0
ATOM,2894.0,HG2,LYS,302.0,62.447,52.659,94.394,0.09,1.32,0.0
ATOM,2895.0,HG3,LYS,302.0,61.667,51.226,94.458,0.09,1.32,0.0
ATOM,2896.0,HD2,LYS,302.0,63.686,50.361,93.27,0.09,1.32,0.0
ATOM,2897.0,HD3,LYS,302.0,64.403,51.705,93.858,0.09,1.32,0.96
ATOM,2898.0,HE2,LYS,302.0,64.277,50.988,95.979,0.05,1.32,0.72
ATOM,2899.0,HE3,LYS,302.0,63.035,49.977,95.662,0.05,1.32,0.0
ATOM,2900.0,HZ1,LYS,302.0,65.297,49.001,96.028,0.33,0.2245,20.78
ATOM,2901.0,HZ2,LYS,302.0,64.374,48.401,94.822,0.33,0.2245,5.48
ATOM,2902.0,HZ3,LYS,302.0,65.564,49.468,94.486,0.33,0.2245,11.47
ATOM,2903.0,N,ASP,303.0,64.026,52.765,90.219,-0.47,1.85,0.0
ATOM,2904.0,CA,ASP,303.0,65.385,52.661,89.672,0.07,2.275,0.08
ATOM,2905.0,C,ASP,303.0,65.812,53.941,88.948,0.51,2.0,0.0
ATOM,2906.0,O,ASP,303.0,65.026,54.874,88.819,-0.51,1.7,0.07
ATOM,2907.0,CB,ASP,303.0,65.484,51.462,88.714,-0.28,2.175,8.48
ATOM,2908.0,CG,ASP,303.0,65.374,50.122,89.439,0.62,2.0,3.19
ATOM,2909.0,OD1,ASP,303.0,65.82,50.019,90.606,-0.76,1.7,19.21
ATOM,2910.0,OD2,ASP,303.0,64.839,49.176,88.834,-0.76,1.7,28.08
ATOM,2911.0,H,ASP,303.0,63.177,52.49,89.684,0.31,0.2245,0.0
ATOM,2912.0,HA,ASP,303.0,66.011,52.543,90.455,0.09,1.32,1.49
ATOM,2913.0,HB2,ASP,303.0,64.742,51.53,88.061,0.09,1.32,0.0
ATOM,2914.0,HB3,ASP,303.0,66.362,51.505,88.259,0.09,1.32,4.72
ATOM,2915.0,N,GLY,304.0,67.061,53.977,88.485,-0.47,1.85,0.0
ATOM,2916.0,CA,GLY,304.0,67.567,55.14,87.764,-0.02,2.175,0.0
ATOM,2917.0,C,GLY,304.0,66.699,55.4,86.546,0.51,2.0,0.0
ATOM,2918.0,O,GLY,304.0,66.176,54.447,85.948,-0.51,1.7,3.3
ATOM,2919.0,H,GLY,304.0,67.623,53.13,88.677,0.31,0.2245,2.49
ATOM,2920.0,HA2,GLY,304.0,67.549,55.941,88.365,0.09,1.32,0.1
ATOM,2921.0,HA3,GLY,304.0,68.51,54.969,87.473,0.09,1.32,0.0
ATOM,2922.0,N,ILE,305.0,66.513,56.663,86.173,-0.47,1.85,0.0
ATOM,2923.0,CA,ILE,305.0,65.677,56.94,85.007,0.07,2.275,0.0
ATOM,2924.0,C,ILE,305.0,66.359,56.541,83.696,0.51,2.0,0.0
ATOM,2925.0,O,ILE,305.0,65.717,55.952,82.817,-0.51,1.7,0.0
ATOM,2926.0,CB,ILE,305.0,65.176,58.406,84.957,-0.09,2.275,0.0
ATOM,2927.0,CG1,ILE,305.0,64.537,58.797,86.312,-0.18,2.175,0.0
ATOM,2928.0,CG2,ILE,305.0,64.146,58.542,83.825,-0.27,2.06,0.0
ATOM,2929.0,CD1,ILE,305.0,63.985,60.225,86.37,-0.27,2.06,0.0
ATOM,2930.0,H,ILE,305.0,66.976,57.373,86.737,0.31,0.2245,0.0
ATOM,2931.0,HA,ILE,305.0,64.863,56.351,85.096,0.09,1.32,0.0
ATOM,2932.0,HB,ILE,305.0,65.96,58.993,84.812,0.09,1.32,0.0
ATOM,2933.0,HG12,ILE,305.0,63.794,58.158,86.503,0.09,1.32,0.0
ATOM,2934.0,HG13,ILE,305.0,65.234,58.698,87.022,0.09,1.32,0.41
ATOM,2935.0,HG21,ILE,305.0,63.833,59.487,83.78,0.09,1.32,0.0
ATOM,2936.0,HG22,ILE,305.0,64.574,58.287,82.962,0.09,1.32,0.0
ATOM,2937.0,HG23,ILE,305.0,63.375,57.939,84.011,0.09,1.32,0.0
ATOM,2938.0,HD11,ILE,305.0,63.281,60.326,85.673,0.09,1.32,0.0
ATOM,2939.0,HD12,ILE,305.0,63.597,60.384,87.273,0.09,1.32,0.0
ATOM,2940.0,HD13,ILE,305.0,64.729,60.865,86.2,0.09,1.32,0.0
ATOM,2941.0,N,ILE,306.0,67.644,56.882,83.554,-0.47,1.85,0.0
ATOM,2942.0,CA,ILE,306.0,68.416,56.529,82.363,0.07,2.275,0.0
ATOM,2943.0,C,ILE,306.0,69.69,55.877,82.889,0.51,2.0,0.0
ATOM,2944.0,O,ILE,306.0,70.469,56.519,83.598,-0.51,1.7,0.0
ATOM,2945.0,CB,ILE,306.0,68.771,57.762,81.507,-0.09,2.275,0.0
ATOM,2946.0,CG1,ILE,306.0,67.495,58.562,81.191,-0.18,2.175,0.0
ATOM,2947.0,CG2,ILE,306.0,69.472,57.31,80.217,-0.27,2.06,0.12
ATOM,2948.0,CD1,ILE,306.0,67.751,59.97,80.647,-0.27,2.06,0.0
ATOM,2949.0,H,ILE,306.0,68.04,57.414,84.355,0.31,0.2245,0.0
ATOM,2950.0,HA,ILE,306.0,67.907,55.823,81.901,0.09,1.32,0.0
ATOM,2951.0,HB,ILE,306.0,69.371,58.343,82.039,0.09,1.32,0.0
ATOM,2952.0,HG12,ILE,306.0,66.961,58.053,80.519,0.09,1.32,0.0
ATOM,2953.0,HG13,ILE,306.0,66.96,58.642,82.031,0.09,1.32,0.0
ATOM,2954.0,HG21,ILE,306.0,69.719,58.113,79.681,0.09,1.32,0.0
ATOM,2955.0,HG22,ILE,306.0,70.292,56.796,80.454,0.09,1.32,0.0
ATOM,2956.0,HG23,ILE,306.0,68.851,56.733,79.693,0.09,1.32,0.0
ATOM,2957.0,HD11,ILE,306.0,68.273,59.899,79.802,0.09,1.32,0.0
ATOM,2958.0,HD12,ILE,306.0,66.876,60.412,80.472,0.09,1.32,0.0
ATOM,2959.0,HD13,ILE,306.0,68.266,60.488,81.324,0.09,1.32,0.0
ATOM,2960.0,N,THR,307.0,69.901,54.611,82.531,-0.47,1.85,0.0
ATOM,2961.0,CA,THR,307.0,71.053,53.846,83.006,0.07,2.275,0.0
ATOM,2962.0,C,THR,307.0,71.8,53.134,81.891,0.51,2.0,0.0
ATOM,2963.0,O,THR,307.0,71.183,52.458,81.047,-0.51,1.7,0.0
ATOM,2964.0,CB,THR,307.0,70.61,52.743,84.022,0.14,2.275,0.97
ATOM,2965.0,OG1,THR,307.0,69.912,53.336,85.119,-0.66,1.77,3.37
ATOM,2966.0,CG2,THR,307.0,71.82,51.967,84.566,-0.27,2.06,3.87
ATOM,2967.0,H,THR,307.0,69.181,54.217,81.889,0.31,0.2245,0.0
ATOM,2968.0,HA,THR,307.0,71.695,54.49,83.461,0.09,1.32,0.0
ATOM,2969.0,HB,THR,307.0,69.977,52.104,83.541,0.09,1.32,0.0
ATOM,2970.0,HG21,THR,307.0,71.798,51.03,84.218,0.09,1.32,0.0
ATOM,2971.0,HG22,THR,307.0,72.663,52.415,84.268,0.09,1.32,0.0
ATOM,2972.0,HG23,THR,307.0,71.784,51.953,85.565,0.09,1.32,1.24
ATOM,2973.0,HG1,THR,307.0,69.677,54.292,84.911,0.43,0.2245,0.0
ATOM,2974.0,N,PHE,308.0,73.117,53.337,81.846,-0.47,1.85,0.0
ATOM,2975.0,CA,PHE,308.0,73.968,52.638,80.891,0.07,2.275,0.0
ATOM,2976.0,C,PHE,308.0,74.807,51.715,81.772,0.51,2.0,0.0
ATOM,2977.0,O,PHE,308.0,75.694,52.168,82.506,-0.51,1.7,0.0
ATOM,2978.0,CB,PHE,308.0,74.843,53.6,80.086,-0.18,2.175,0.0
ATOM,2979.0,CG,PHE,308.0,74.083,54.366,79.048,0.0,1.9924,0.0
ATOM,2980.0,CD1,PHE,308.0,73.725,53.759,77.843,-0.115,1.9924,0.0
ATOM,2981.0,CD2,PHE,308.0,73.705,55.687,79.275,-0.115,1.9924,0.0
ATOM,2982.0,CE1,PHE,308.0,72.99,54.459,76.869,-0.115,1.9924,0.0
ATOM,2983.0,CE2,PHE,308.0,72.971,56.395,78.307,-0.115,1.9924,0.0
ATOM,2984.0,CZ,PHE,308.0,72.617,55.772,77.099,-0.115,1.9924,0.0
ATOM,2985.0,H,PHE,308.0,73.474,54.024,82.538,0.31,0.2245,0.0
ATOM,2986.0,HA,PHE,308.0,73.387,52.062,80.351,0.09,1.32,0.0
ATOM,2987.0,HB2,PHE,308.0,75.24,54.247,80.718,0.09,1.32,0.0
ATOM,2988.0,HB3,PHE,308.0,75.536,53.066,79.629,0.09,1.32,0.0
ATOM,2989.0,HD1,PHE,308.0,73.988,52.818,77.662,0.115,1.3582,0.21
ATOM,2990.0,HD2,PHE,308.0,73.952,56.138,80.126,0.115,1.3582,0.18
ATOM,2991.0,HE1,PHE,308.0,72.746,53.993,76.014,0.115,1.3582,0.0
ATOM,2992.0,HE2,PHE,308.0,72.703,57.35,78.485,0.115,1.3582,0.0
ATOM,2993.0,HZ,PHE,308.0,72.099,56.277,76.414,0.115,1.3582,0.0
ATOM,2994.0,N,GLU,309.0,74.411,50.448,81.814,-0.47,1.85,0.0
ATOM,2995.0,CA,GLU,309.0,75.104,49.463,82.63,0.07,2.275,0.0
ATOM,2996.0,C,GLU,309.0,75.89,48.489,81.748,0.51,2.0,0.0
ATOM,2997.0,O,GLU,309.0,75.321,47.84,80.859,-0.51,1.7,0.28
ATOM,2998.0,CB,GLU,309.0,74.086,48.715,83.47,-0.18,2.175,0.0
ATOM,2999.0,CG,GLU,309.0,74.698,47.712,84.389,-0.28,2.175,0.0
ATOM,3000.0,CD,GLU,309.0,73.683,46.744,84.901,0.62,2.0,0.0
ATOM,3001.0,OE1,GLU,309.0,72.941,47.095,85.853,-0.76,1.7,18.07
ATOM,3002.0,OE2,GLU,309.0,73.597,45.64,84.336,-0.76,1.7,8.98
ATOM,3003.0,H,GLU,309.0,73.584,50.229,81.227,0.31,0.2245,0.0
ATOM,3004.0,HA,GLU,309.0,75.738,49.925,83.259,0.09,1.32,0.0
ATOM,3005.0,HB2,GLU,309.0,73.604,49.38,84.016,0.09,1.32,0.0
ATOM,3006.0,HB3,GLU,309.0,73.482,48.24,82.854,0.09,1.32,0.0
ATOM,3007.0,HG2,GLU,309.0,75.377,47.202,83.892,0.09,1.32,0.0
ATOM,3008.0,HG3,GLU,309.0,75.081,48.183,85.163,0.09,1.32,0.0
ATOM,3009.0,N,ASN,310.0,77.202,48.432,81.964,-0.47,1.85,0.0
ATOM,3010.0,CA,ASN,310.0,78.088,47.566,81.186,0.07,2.275,0.0
ATOM,3011.0,C,ASN,310.0,79.004,46.743,82.074,0.51,2.0,0.0
ATOM,3012.0,O,ASN,310.0,80.214,46.69,81.873,-0.51,1.7,0.0
ATOM,3013.0,CB,ASN,310.0,78.915,48.391,80.189,-0.18,2.175,0.0
ATOM,3014.0,CG,ASN,310.0,78.066,48.987,79.105,0.55,2.0,0.0
ATOM,3015.0,H,ASN,310.0,77.542,49.053,82.73,0.31,0.2245,0.0
ATOM,3016.0,HA,ASN,310.0,77.499,46.918,80.683,0.09,1.32,0.08
ATOM,3017.0,HB2,ASN,310.0,79.364,49.123,80.693,0.09,1.32,0.0
ATOM,3018.0,HB3,ASN,310.0,79.593,47.788,79.779,0.09,1.32,0.0
ATOM,3019.0,OD1,ASN,310.0,77.436,50.024,79.294,-0.55,1.7,0.17
ATOM,3020.0,ND2,ASN,310.0,78.001,48.318,77.977,-0.62,1.85,0.0
ATOM,3021.0,HD22,ASN,310.0,78.496,47.452,77.868,0.3,0.2245,0.19
ATOM,3022.0,HD21,ASN,310.0,77.453,48.667,77.21,0.32,0.2245,0.0
ATOM,3023.0,N,LEU,311.0,78.396,46.094,83.057,-0.47,1.85,0.0
ATOM,3024.0,CA,LEU,311.0,79.121,45.261,84.01,0.07,2.275,0.0
ATOM,3025.0,C,LEU,311.0,79.646,43.97,83.368,0.51,2.0,0.0
ATOM,3026.0,O,LEU,311.0,80.631,43.399,83.829,-0.51,1.7,10.57
ATOM,3027.0,CB,LEU,311.0,78.223,44.945,85.212,-0.18,2.175,4.62
ATOM,3028.0,CG,LEU,311.0,77.84,46.151,86.088,-0.09,2.275,0.0
ATOM,3029.0,CD1,LEU,311.0,76.754,45.767,87.105,-0.27,2.06,13.49
ATOM,3030.0,CD2,LEU,311.0,79.087,46.693,86.797,-0.27,2.06,0.0
ATOM,3031.0,H,LEU,311.0,77.361,46.229,83.091,0.31,0.2245,0.63
ATOM,3032.0,HA,LEU,311.0,79.913,45.782,84.358,0.09,1.32,0.0
ATOM,3033.0,HB2,LEU,311.0,77.379,44.551,84.869,0.09,1.32,1.41
ATOM,3034.0,HB3,LEU,311.0,78.703,44.3,85.792,0.09,1.32,2.91
ATOM,3035.0,HG,LEU,311.0,77.496,46.882,85.501,0.09,1.32,0.0
ATOM,3036.0,HD11,LEU,311.0,77.099,45.037,87.692,0.09,1.32,2.16
ATOM,3037.0,HD12,LEU,311.0,76.526,46.566,87.658,0.09,1.32,0.0
ATOM,3038.0,HD13,LEU,311.0,75.944,45.453,86.615,0.09,1.32,1.42
ATOM,3039.0,HD21,LEU,311.0,79.757,46.978,86.113,0.09,1.32,0.0
ATOM,3040.0,HD22,LEU,311.0,78.83,47.475,87.363,0.09,1.32,0.0
ATOM,3041.0,HD23,LEU,311.0,79.477,45.975,87.371,0.09,1.32,0.0
ATOM,3042.0,N,SER,312.0,78.981,43.508,82.316,-0.47,1.85,0.0
ATOM,3043.0,CA,SER,312.0,79.395,42.291,81.618,0.07,2.275,0.57
ATOM,3044.0,C,SER,312.0,79.804,42.657,80.214,0.51,2.0,0.22
ATOM,3045.0,O,SER,312.0,79.237,43.575,79.612,-0.51,1.7,4.33
ATOM,3046.0,CB,SER,312.0,78.253,41.27,81.55,0.05,2.175,23.55
ATOM,3047.0,OG,SER,312.0,77.738,40.995,82.842,-0.66,1.77,25.92
ATOM,3048.0,H,SER,312.0,78.157,44.074,82.036,0.31,0.2245,2.89
ATOM,3049.0,HA,SER,312.0,80.192,41.92,82.093,0.09,1.32,4.39
ATOM,3050.0,HB2,SER,312.0,77.525,41.642,80.982,0.09,1.32,8.81
ATOM,3051.0,HB3,SER,312.0,78.602,40.427,81.154,0.09,1.32,8.72
ATOM,3052.0,HG,SER,312.0,77.102,41.718,83.108,0.43,0.2245,13.65
ATOM,3053.0,N,GLY,313.0,80.739,41.888,79.678,-0.47,1.85,1.64
ATOM,3054.0,CA,GLY,313.0,81.223,42.145,78.345,-0.02,2.175,22.1
ATOM,3055.0,C,GLY,313.0,82.257,43.245,78.392,0.51,2.0,1.48
ATOM,3056.0,O,GLY,313.0,82.936,43.433,79.395,-0.51,1.7,7.23
ATOM,3057.0,H,GLY,313.0,81.075,41.118,80.282,0.31,0.2245,13.94
ATOM,3058.0,HA2,GLY,313.0,81.637,41.313,77.966,0.09,1.32,11.82
ATOM,3059.0,HA3,GLY,313.0,80.462,42.426,77.754,0.09,1.32,6.9
ATOM,3060.0,N,ASP,314.0,82.362,43.978,77.297,-0.47,1.85,0.22
ATOM,3061.0,CA,ASP,314.0,83.319,45.062,77.192,0.07,2.275,0.03
ATOM,3062.0,C,ASP,314.0,82.83,46.286,77.936,0.51,2.0,0.0
ATOM,3063.0,O,ASP,314.0,81.644,46.429,78.218,-0.51,1.7,0.03
ATOM,3064.0,CB,ASP,314.0,83.542,45.454,75.726,-0.28,2.175,6.82
ATOM,3065.0,CG,ASP,314.0,84.127,44.33,74.902,0.62,2.0,3.81
ATOM,3066.0,OD1,ASP,314.0,85.09,43.685,75.379,-0.76,1.7,38.68
ATOM,3067.0,OD2,ASP,314.0,83.622,44.1,73.777,-0.76,1.7,43.7
ATOM,3068.0,H,ASP,314.0,81.708,43.713,76.53,0.31,0.2245,4.39
ATOM,3069.0,HA,ASP,314.0,84.167,44.758,77.644,0.09,1.32,2.65
ATOM,3070.0,HB2,ASP,314.0,82.662,45.711,75.343,0.09,1.32,0.0
ATOM,3071.0,HB3,ASP,314.0,84.167,46.226,75.709,0.09,1.32,5.48
ATOM,3072.0,N,TRP,315.0,83.763,47.185,78.203,-0.47,1.85,0.0
ATOM,3073.0,CA,TRP,315.0,83.446,48.444,78.858,0.07,2.275,0.0
ATOM,3074.0,C,TRP,315.0,82.53,49.211,77.893,0.51,2.0,0.0
ATOM,3075.0,O,TRP,315.0,82.767,49.209,76.675,-0.51,1.7,4.38
ATOM,3076.0,CB,TRP,315.0,84.737,49.247,79.075,-0.18,2.175,2.1
ATOM,3077.0,CG,TRP,315.0,85.553,48.832,80.272,-0.03,1.9924,0.03
ATOM,3078.0,CD1,TRP,315.0,86.348,47.716,80.391,0.035,1.9924,11.83
ATOM,3079.0,CD2,TRP,315.0,85.68,49.552,81.507,-0.02,1.8,0.0
ATOM,3080.0,NE1,TRP,315.0,86.958,47.701,81.635,-0.61,1.85,6.63
ATOM,3081.0,CE2,TRP,315.0,86.567,48.813,82.337,0.13,1.8,0.5
ATOM,3082.0,CE3,TRP,315.0,85.136,50.752,81.998,-0.115,1.9924,0.0
ATOM,3083.0,CZ2,TRP,315.0,86.916,49.24,83.628,-0.115,1.9924,7.61
ATOM,3084.0,CZ3,TRP,315.0,85.482,51.175,83.272,-0.115,1.9924,0.0
ATOM,3085.0,CH2,TRP,315.0,86.365,50.42,84.077,-0.115,1.9924,0.04
ATOM,3086.0,H,TRP,315.0,84.725,46.919,77.909,0.31,0.2245,3.32
ATOM,3087.0,HA,TRP,315.0,82.919,48.247,79.67,0.09,1.32,0.0
ATOM,3088.0,HB2,TRP,315.0,85.32,49.142,78.273,0.09,1.32,8.45
ATOM,3089.0,HB3,TRP,315.0,84.501,50.208,79.2,0.09,1.32,0.0
ATOM,3090.0,HD1,TRP,315.0,86.469,47.022,79.691,0.115,1.3582,7.99
ATOM,3091.0,HE1,TRP,315.0,87.58,46.995,81.963,0.38,0.2245,11.77
ATOM,3092.0,HE3,TRP,315.0,84.511,51.293,81.44,0.115,1.3582,0.0
ATOM,3093.0,HZ2,TRP,315.0,87.542,48.695,84.188,0.115,1.3582,0.64
ATOM,3094.0,HZ3,TRP,315.0,85.103,52.022,83.626,0.115,1.3582,0.0
ATOM,3095.0,HH2,TRP,315.0,86.587,50.759,84.989,0.115,1.3582,0.0
ATOM,3096.0,N,GLY,316.0,81.487,49.848,78.418,-0.47,1.85,0.0
ATOM,3097.0,CA,GLY,316.0,80.59,50.613,77.571,-0.02,2.175,0.0
ATOM,3098.0,C,GLY,316.0,81.299,51.772,76.867,0.51,2.0,0.0
ATOM,3099.0,O,GLY,316.0,82.164,52.425,77.457,-0.51,1.7,0.0
ATOM,3100.0,H,GLY,316.0,81.38,49.752,79.439,0.31,0.2245,0.0
ATOM,3101.0,HA2,GLY,316.0,80.182,50.005,76.871,0.09,1.32,0.0
ATOM,3102.0,HA3,GLY,316.0,79.83,50.984,78.128,0.09,1.32,0.0
ATOM,3103.0,N,LYS,317.0,80.95,51.999,75.601,-0.47,1.85,0.0
ATOM,3104.0,CA,LYS,317.0,81.524,53.071,74.798,0.07,2.275,0.07
ATOM,3105.0,C,LYS,317.0,80.477,53.575,73.818,0.51,2.0,0.0
ATOM,3106.0,O,LYS,317.0,79.643,52.788,73.342,-0.51,1.7,0.0
ATOM,3107.0,CB,LYS,317.0,82.726,52.567,74.011,-0.18,2.175,2.86
ATOM,3108.0,CG,LYS,317.0,83.459,53.66,73.269,-0.18,2.175,0.0
ATOM,3109.0,CD,LYS,317.0,84.785,53.137,72.838,-0.18,2.175,5.49
ATOM,3110.0,CE,LYS,317.0,85.527,54.145,72.04,0.21,2.175,1.15
ATOM,3111.0,NZ,LYS,317.0,86.843,53.531,71.715,-0.3,1.85,11.55
ATOM,3112.0,H,LYS,317.0,80.225,51.337,75.233,0.31,0.2245,0.0
ATOM,3113.0,HA,LYS,317.0,81.791,53.823,75.401,0.09,1.32,0.3
ATOM,3114.0,HB2,LYS,317.0,83.36,52.138,74.65,0.09,1.32,1.41
ATOM,3115.0,HB3,LYS,317.0,82.405,51.894,73.348,0.09,1.32,0.99
ATOM,3116.0,HG2,LYS,317.0,82.927,53.923,72.472,0.09,1.32,0.0
ATOM,3117.0,HG3,LYS,317.0,83.585,54.435,73.876,0.09,1.32,0.0
ATOM,3118.0,HD2,LYS,317.0,85.324,52.902,73.649,0.09,1.32,4.65
ATOM,3119.0,HD3,LYS,317.0,84.649,52.316,72.281,0.09,1.32,5.13
ATOM,3120.0,HE2,LYS,317.0,85.047,54.337,71.202,0.05,1.32,2.42
ATOM,3121.0,HE3,LYS,317.0,85.676,54.96,72.573,0.05,1.32,0.0
ATOM,3122.0,HZ1,LYS,317.0,86.767,52.536,71.77,0.33,0.2245,14.66
ATOM,3123.0,HZ2,LYS,317.0,87.113,53.796,70.79,0.33,0.2245,9.74
ATOM,3124.0,HZ3,LYS,317.0,87.529,53.851,72.368,0.33,0.2245,7.13
ATOM,3125.0,N,GLY,318.0,80.511,54.882,73.55,-0.47,1.85,0.0
ATOM,3126.0,CA,GLY,318.0,79.582,55.518,72.623,-0.02,2.175,0.21
ATOM,3127.0,C,GLY,318.0,78.186,55.741,73.187,0.51,2.0,0.0
ATOM,3128.0,O,GLY,318.0,77.257,56.059,72.445,-0.51,1.7,0.45
ATOM,3129.0,H,GLY,318.0,81.257,55.405,74.06,0.31,0.2245,0.0
ATOM,3130.0,HA2,GLY,318.0,79.968,56.416,72.327,0.09,1.32,0.0
ATOM,3131.0,HA3,GLY,318.0,79.512,54.949,71.778,0.09,1.32,0.0
ATOM,3132.0,N,ASN,319.0,78.03,55.61,74.502,-0.47,1.85,0.0
ATOM,3133.0,CA,ASN,319.0,76.715,55.776,75.138,0.07,2.275,0.0
ATOM,3134.0,C,ASN,319.0,76.515,57.188,75.647,0.51,2.0,0.0
ATOM,3135.0,O,ASN,319.0,77.298,57.672,76.47,-0.51,1.7,0.1
ATOM,3136.0,CB,ASN,319.0,76.53,54.763,76.278,-0.18,2.175,0.0
ATOM,3137.0,CG,ASN,319.0,76.535,53.309,75.784,0.55,2.0,0.0
ATOM,3138.0,OD1,ASN,319.0,76.039,53.012,74.693,-0.55,1.7,0.0
ATOM,3139.0,ND2,ASN,319.0,77.099,52.41,76.58,-0.62,1.85,0.0
ATOM,3140.0,H,ASN,319.0,78.892,55.387,75.028,0.31,0.2245,0.46
ATOM,3141.0,HA,ASN,319.0,76.023,55.613,74.422,0.09,1.32,0.0
ATOM,3142.0,HB2,ASN,319.0,77.276,54.874,76.925,0.09,1.32,0.09
ATOM,3143.0,HB3,ASN,319.0,75.657,54.939,76.719,0.09,1.32,0.0
ATOM,3144.0,HD22,ASN,319.0,77.488,52.702,77.459,0.3,0.2245,0.0
ATOM,3145.0,HD21,ASN,319.0,77.137,51.451,76.312,0.32,0.2245,0.0
ATOM,3146.0,N,TYR,320.0,75.452,57.836,75.168,-0.47,1.85,0.0
ATOM,3147.0,CA,TYR,320.0,75.158,59.212,75.543,0.07,2.275,0.0
ATOM,3148.0,C,TYR,320.0,73.733,59.496,75.96,0.51,2.0,0.0
ATOM,3149.0,O,TYR,320.0,72.789,58.821,75.528,-0.51,1.7,0.0
ATOM,3150.0,CB,TYR,320.0,75.371,60.157,74.343,-0.18,2.175,0.0
ATOM,3151.0,CG,TYR,320.0,76.754,60.28,73.765,0.0,1.9924,0.0
ATOM,3152.0,CD1,TYR,320.0,77.236,59.337,72.855,-0.115,1.9924,0.24
ATOM,3153.0,CD2,TYR,320.0,77.559,61.381,74.073,-0.115,1.9924,0.19
ATOM,3154.0,CE1,TYR,320.0,78.485,59.488,72.253,-0.115,1.9924,4.17
ATOM,3155.0,CE2,TYR,320.0,78.81,61.547,73.48,-0.115,1.9924,4.61
ATOM,3156.0,CZ,TYR,320.0,79.263,60.593,72.57,0.11,1.9924,1.48
ATOM,3157.0,OH,TYR,320.0,80.471,60.758,71.95,-0.54,1.77,14.34
ATOM,3158.0,H,TYR,320.0,74.864,57.28,74.516,0.31,0.2245,0.0
ATOM,3159.0,HA,TYR,320.0,75.775,59.46,76.329,0.09,1.32,0.0
ATOM,3160.0,HB2,TYR,320.0,74.744,59.854,73.603,0.09,1.32,0.0
ATOM,3161.0,HB3,TYR,320.0,75.064,61.083,74.628,0.09,1.32,0.0
ATOM,3162.0,HD1,TYR,320.0,76.678,58.538,72.63,0.115,1.3582,0.0
ATOM,3163.0,HD2,TYR,320.0,77.233,62.059,74.726,0.115,1.3582,0.0
ATOM,3164.0,HE1,TYR,320.0,78.814,58.809,71.601,0.115,1.3582,2.28
ATOM,3165.0,HE2,TYR,320.0,79.373,62.335,73.703,0.115,1.3582,0.0
ATOM,3166.0,HH,TYR,320.0,80.769,59.884,71.566,0.43,0.2245,0.0
ATOM,3167.0,N,VAL,321.0,73.604,60.572,76.744,-0.47,1.85,0.0
ATOM,3168.0,CA,VAL,321.0,72.327,61.171,77.117,0.07,2.275,0.0
ATOM,3169.0,C,VAL,321.0,72.505,62.543,76.447,0.51,2.0,0.0
ATOM,3170.0,O,VAL,321.0,73.41,63.301,76.819,-0.51,1.7,0.0
ATOM,3171.0,CB,VAL,321.0,72.157,61.406,78.621,-0.09,2.275,0.0
ATOM,3172.0,CG1,VAL,321.0,70.882,62.237,78.869,-0.27,2.06,0.26
ATOM,3173.0,CG2,VAL,321.0,72.068,60.074,79.348,-0.27,2.06,0.24
ATOM,3174.0,H,VAL,321.0,74.529,60.959,77.077,0.31,0.2245,0.0
ATOM,3175.0,HA,VAL,321.0,71.62,60.708,76.656,0.09,1.32,0.0
ATOM,3176.0,HB,VAL,321.0,72.916,61.957,78.937,0.09,1.32,0.0
ATOM,3177.0,HG11,VAL,321.0,70.09,61.713,78.568,0.09,1.32,0.12
ATOM,3178.0,HG12,VAL,321.0,70.809,62.435,79.843,0.09,1.32,0.0
ATOM,3179.0,HG13,VAL,321.0,70.944,63.087,78.353,0.09,1.32,0.0
ATOM,3180.0,HG21,VAL,321.0,72.312,60.204,80.309,0.09,1.32,0.0
ATOM,3181.0,HG22,VAL,321.0,71.133,59.724,79.284,0.09,1.32,0.0
ATOM,3182.0,HG23,VAL,321.0,72.7,59.424,78.926,0.09,1.32,0.0
ATOM,3183.0,N,ILE,322.0,71.725,62.819,75.404,-0.47,1.85,0.0
ATOM,3184.0,CA,ILE,322.0,71.818,64.086,74.683,0.07,2.275,0.0
ATOM,3185.0,C,ILE,322.0,70.508,64.849,74.773,0.51,2.0,0.0
ATOM,3186.0,O,ILE,322.0,69.482,64.37,74.297,-0.51,1.7,0.0
ATOM,3187.0,CB,ILE,322.0,72.091,63.865,73.171,-0.09,2.275,0.0
ATOM,3188.0,CG1,ILE,322.0,73.37,63.053,72.946,-0.18,2.175,0.14
ATOM,3189.0,CG2,ILE,322.0,72.168,65.208,72.439,-0.27,2.06,25.76
ATOM,3190.0,CD1,ILE,322.0,74.599,63.652,73.568,-0.27,2.06,7.12
ATOM,3191.0,H,ILE,322.0,71.054,62.066,75.151,0.31,0.2245,0.0
ATOM,3192.0,HA,ILE,322.0,72.506,64.634,75.167,0.09,1.32,0.0
ATOM,3193.0,HB,ILE,322.0,71.325,63.348,72.798,0.09,1.32,0.0
ATOM,3194.0,HG12,ILE,322.0,73.226,62.134,73.318,0.09,1.32,0.0
ATOM,3195.0,HG13,ILE,322.0,73.513,62.97,71.957,0.09,1.32,4.91
ATOM,3196.0,HG21,ILE,322.0,72.28,65.044,71.462,0.09,1.32,10.31
ATOM,3197.0,HG22,ILE,322.0,71.327,65.718,72.599,0.09,1.32,1.54
ATOM,3198.0,HG23,ILE,322.0,72.946,65.727,72.784,0.09,1.32,1.07
ATOM,3199.0,HD11,ILE,322.0,74.473,63.728,74.558,0.09,1.32,0.0
ATOM,3200.0,HD12,ILE,322.0,75.39,63.069,73.38,0.09,1.32,0.0
ATOM,3201.0,HD13,ILE,322.0,74.761,64.562,73.185,0.09,1.32,1.92
ATOM,3202.0,N,GLY,323.0,70.555,66.037,75.364,-0.47,1.85,0.12
ATOM,3203.0,CA,GLY,323.0,69.374,66.872,75.49,-0.02,2.175,8.95
ATOM,3204.0,C,GLY,323.0,68.307,66.305,76.413,0.51,2.0,0.0
ATOM,3205.0,O,GLY,323.0,68.541,65.344,77.153,-0.51,1.7,0.02
ATOM,3206.0,H,GLY,323.0,71.493,66.309,75.72,0.31,0.2245,0.0
ATOM,3207.0,HA2,GLY,323.0,69.649,67.795,75.829,0.09,1.32,0.36
ATOM,3208.0,HA3,GLY,323.0,68.967,67.021,74.565,0.09,1.32,1.5
ATOM,3209.0,N,GLY,324.0,67.137,66.935,76.387,-0.47,1.85,0.77
ATOM,3210.0,CA,GLY,324.0,66.024,66.48,77.201,-0.02,2.175,4.54
ATOM,3211.0,C,GLY,324.0,66.059,66.75,78.698,0.51,2.0,0.49
ATOM,3212.0,O,GLY,324.0,66.951,67.422,79.226,-0.51,1.7,3.06
ATOM,3213.0,H,GLY,324.0,67.094,67.753,75.754,0.31,0.2245,12.23
ATOM,3214.0,HA2,GLY,324.0,65.144,66.882,76.815,0.09,1.32,8.05
ATOM,3215.0,HA3,GLY,324.0,65.902,65.456,77.055,0.09,1.32,0.0
ATOM,3216.0,N,ARG,325.0,65.096,66.157,79.395,-0.47,1.85,0.0
ATOM,3217.0,CA,ARG,325.0,64.991,66.334,80.827,0.07,2.275,0.0
ATOM,3218.0,C,ARG,325.0,64.23,65.189,81.46,0.51,2.0,0.0
ATOM,3219.0,O,ARG,325.0,63.54,64.435,80.773,-0.51,1.7,0.0
ATOM,3220.0,CB,ARG,325.0,64.283,67.665,81.163,-0.18,2.175,0.06
ATOM,3221.0,CG,ARG,325.0,62.837,67.779,80.677,-0.18,2.175,2.42
ATOM,3222.0,CD,ARG,325.0,62.135,69.003,81.265,0.2,2.175,13.03
ATOM,3223.0,NE,ARG,325.0,61.919,68.859,82.7,-0.7,1.85,0.25
ATOM,3224.0,CZ,ARG,325.0,61.896,69.861,83.58,0.64,2.0,1.74
ATOM,3225.0,NH1,ARG,325.0,62.071,71.118,83.185,-0.8,1.85,17.94
ATOM,3226.0,NH2,ARG,325.0,61.745,69.595,84.871,-0.8,1.85,7.55
ATOM,3227.0,H,ARG,325.0,64.447,65.574,78.834,0.31,0.2245,0.0
ATOM,3228.0,HA,ARG,325.0,65.919,66.363,81.223,0.09,1.32,0.0
ATOM,3229.0,HB2,ARG,325.0,64.284,67.771,82.156,0.09,1.32,0.0
ATOM,3230.0,HB3,ARG,325.0,64.807,68.406,80.746,0.09,1.32,2.21
ATOM,3231.0,HG2,ARG,325.0,62.828,67.864,79.685,0.09,1.32,5.46
ATOM,3232.0,HG3,ARG,325.0,62.33,66.969,80.957,0.09,1.32,0.0
ATOM,3233.0,HD2,ARG,325.0,62.709,69.796,81.093,0.09,1.32,3.93
ATOM,3234.0,HD3,ARG,325.0,61.259,69.102,80.805,0.09,1.32,7.8
ATOM,3235.0,HE,ARG,325.0,61.775,67.923,83.061,0.44,0.2245,0.0
ATOM,3236.0,HH11,ARG,325.0,62.202,71.332,82.22,0.46,0.2245,11.31
ATOM,3237.0,HH12,ARG,325.0,62.07,71.858,83.863,0.46,0.2245,14.45
ATOM,3238.0,HH21,ARG,325.0,61.63,68.648,85.176,0.46,0.2245,0.0
ATOM,3239.0,HH22,ARG,325.0,61.745,70.337,85.54,0.46,0.2245,6.37
ATOM,3240.0,N,THR,326.0,64.388,65.051,82.771,-0.47,1.85,0.0
ATOM,3241.0,CA,THR,326.0,63.675,64.036,83.542,0.07,2.275,0.0
ATOM,3242.0,C,THR,326.0,63.213,64.706,84.842,0.51,2.0,0.0
ATOM,3243.0,O,THR,326.0,63.721,65.774,85.223,-0.51,1.7,0.0
ATOM,3244.0,CB,THR,326.0,64.573,62.828,83.92,0.14,2.275,0.0
ATOM,3245.0,OG1,THR,326.0,65.611,63.258,84.818,-0.66,1.77,0.38
ATOM,3246.0,CG2,THR,326.0,65.192,62.177,82.671,-0.27,2.06,0.0
ATOM,3247.0,H,THR,326.0,65.06,65.724,83.2,0.31,0.2245,0.0
ATOM,3248.0,HA,THR,326.0,62.872,63.753,83.036,0.09,1.32,0.0
ATOM,3249.0,HB,THR,326.0,64.001,62.136,84.402,0.09,1.32,0.0
ATOM,3250.0,HG21,THR,326.0,65.973,61.615,82.942,0.09,1.32,0.0
ATOM,3251.0,HG22,THR,326.0,64.507,61.603,82.222,0.09,1.32,0.0
ATOM,3252.0,HG23,THR,326.0,65.496,62.891,82.041,0.09,1.32,0.0
ATOM,3253.0,HG1,THR,326.0,66.015,64.119,84.494,0.43,0.2245,0.0
ATOM,3254.0,N,SER,327.0,62.226,64.104,85.494,-0.47,1.85,0.0
ATOM,3255.0,CA,SER,327.0,61.725,64.611,86.762,0.07,2.275,0.08
ATOM,3256.0,C,SER,327.0,61.551,63.461,87.742,0.51,2.0,0.0
ATOM,3257.0,O,SER,327.0,61.243,62.342,87.346,-0.51,1.7,0.0
ATOM,3258.0,CB,SER,327.0,60.385,65.315,86.575,0.05,2.175,3.11
ATOM,3259.0,OG,SER,327.0,60.579,66.542,85.908,-0.66,1.77,3.21
ATOM,3260.0,H,SER,327.0,61.85,63.254,85.027,0.31,0.2245,0.0
ATOM,3261.0,HA,SER,327.0,62.408,65.239,87.141,0.09,1.32,0.0
ATOM,3262.0,HB2,SER,327.0,59.792,64.736,86.03,0.09,1.32,0.66
ATOM,3263.0,HB3,SER,327.0,59.987,65.487,87.467,0.09,1.32,0.0
ATOM,3264.0,HG,SER,327.0,61.517,66.593,85.563,0.43,0.2245,0.0
ATOM,3265.0,N,TYR,328.0,61.758,63.753,89.019,-0.47,1.85,0.0
ATOM,3266.0,CA,TYR,328.0,61.581,62.784,90.1,0.07,2.275,0.0
ATOM,3267.0,C,TYR,328.0,62.46,61.535,90.012,0.51,2.0,0.0
ATOM,3268.0,O,TYR,328.0,63.602,61.613,89.537,-0.51,1.7,0.24
ATOM,3269.0,CB,TYR,328.0,60.09,62.443,90.264,-0.18,2.175,0.2
ATOM,3270.0,CG,TYR,328.0,59.215,63.679,90.302,0.0,1.9924,0.0
ATOM,3271.0,CD1,TYR,328.0,59.329,64.606,91.345,-0.115,1.9924,0.0
ATOM,3272.0,CD2,TYR,328.0,58.324,63.961,89.251,-0.115,1.9924,0.0
ATOM,3273.0,CE1,TYR,328.0,58.592,65.779,91.341,-0.115,1.9924,0.0
ATOM,3274.0,CE2,TYR,328.0,57.586,65.12,89.234,-0.115,1.9924,1.13
ATOM,3275.0,CZ,TYR,328.0,57.724,66.032,90.279,0.11,1.9924,0.0
ATOM,3276.0,OH,TYR,328.0,56.993,67.199,90.253,-0.54,1.77,19.75
ATOM,3277.0,H,TYR,328.0,62.061,64.742,89.191,0.31,0.2245,0.0
ATOM,3278.0,HA,TYR,328.0,61.797,63.255,90.983,0.09,1.32,0.0
ATOM,3279.0,HB2,TYR,328.0,59.813,61.887,89.494,0.09,1.32,0.0
ATOM,3280.0,HB3,TYR,328.0,59.977,61.954,91.117,0.09,1.32,0.0
ATOM,3281.0,HD1,TYR,328.0,59.952,64.415,92.104,0.115,1.3582,0.0
ATOM,3282.0,HD2,TYR,328.0,58.236,63.299,88.508,0.115,1.3582,0.0
ATOM,3283.0,HE1,TYR,328.0,58.678,66.438,92.084,0.115,1.3582,0.0
ATOM,3284.0,HE2,TYR,328.0,56.955,65.316,88.486,0.115,1.3582,10.3
ATOM,3285.0,HH,TYR,328.0,56.376,67.216,91.037,0.43,0.2245,2.22
ATOM,3286.0,N,GLY,329.0,61.917,60.39,90.437,-0.47,1.85,0.0
ATOM,3287.0,CA,GLY,329.0,62.675,59.149,90.475,-0.02,2.175,0.2
ATOM,3288.0,C,GLY,329.0,63.269,59.006,91.874,0.51,2.0,0.0
ATOM,3289.0,O,GLY,329.0,63.615,60.013,92.508,-0.51,1.7,0.0
ATOM,3290.0,H,GLY,329.0,60.923,60.468,90.732,0.31,0.2245,0.0
ATOM,3291.0,HA2,GLY,329.0,62.074,58.379,90.292,0.09,1.32,0.0
ATOM,3292.0,HA3,GLY,329.0,63.41,59.18,89.806,0.09,1.32,0.09
ATOM,3293.0,N,SER,330.0,63.349,57.781,92.386,-0.47,1.85,0.01
ATOM,3294.0,CA,SER,330.0,63.904,57.541,93.723,0.07,2.275,0.0
ATOM,3295.0,C,SER,330.0,65.428,57.659,93.797,0.51,2.0,0.0
ATOM,3296.0,O,SER,330.0,65.966,57.983,94.852,-0.51,1.7,1.6
ATOM,3297.0,CB,SER,330.0,63.494,56.161,94.238,0.05,2.175,0.0
ATOM,3298.0,OG,SER,330.0,62.101,56.063,94.386,-0.66,1.77,0.0
ATOM,3299.0,H,SER,330.0,62.993,57.025,91.773,0.31,0.2245,0.0
ATOM,3300.0,HA,SER,330.0,63.509,58.237,94.352,0.09,1.32,0.0
ATOM,3301.0,HB2,SER,330.0,63.806,55.472,93.586,0.09,1.32,0.0
ATOM,3302.0,HB3,SER,330.0,63.931,56.01,95.123,0.09,1.32,0.0
ATOM,3303.0,HG,SER,330.0,61.861,56.072,95.358,0.43,0.2245,0.0
ATOM,3304.0,N,VAL,331.0,66.125,57.355,92.704,-0.47,1.85,0.0
ATOM,3305.0,CA,VAL,331.0,67.576,57.434,92.691,0.07,2.275,0.0
ATOM,3306.0,C,VAL,331.0,68.088,58.429,91.65,0.51,2.0,0.0
ATOM,3307.0,O,VAL,331.0,67.459,59.462,91.448,-0.51,1.7,0.17
ATOM,3308.0,CB,VAL,331.0,68.246,56.018,92.615,-0.09,2.275,1.71
ATOM,3309.0,CG1,VAL,331.0,67.81,55.197,93.824,-0.27,2.06,15.42
ATOM,3310.0,CG2,VAL,331.0,67.883,55.283,91.341,-0.27,2.06,4.35
ATOM,3311.0,H,VAL,331.0,65.555,57.066,91.889,0.31,0.2245,0.51
ATOM,3312.0,HA,VAL,331.0,67.884,57.754,93.6,0.09,1.32,0.0
ATOM,3313.0,HB,VAL,331.0,69.22,56.154,92.686,0.09,1.32,1.29
ATOM,3314.0,HG11,VAL,331.0,68.595,54.695,94.186,0.09,1.32,9.16
ATOM,3315.0,HG12,VAL,331.0,67.451,55.808,94.529,0.09,1.32,0.36
ATOM,3316.0,HG13,VAL,331.0,67.099,54.551,93.548,0.09,1.32,0.09
ATOM,3317.0,HG21,VAL,331.0,67.165,54.613,91.536,0.09,1.32,0.0
ATOM,3318.0,HG22,VAL,331.0,67.552,55.938,90.661,0.09,1.32,0.0
ATOM,3319.0,HG23,VAL,331.0,68.692,54.812,90.986,0.09,1.32,1.05
ATOM,3320.0,N,SER,332.0,69.204,58.143,90.99,-0.47,1.85,0.0
ATOM,3321.0,CA,SER,332.0,69.764,59.095,90.018,0.07,2.275,0.0
ATOM,3322.0,C,SER,332.0,69.085,59.154,88.649,0.51,2.0,0.0
ATOM,3323.0,O,SER,332.0,68.562,58.15,88.151,-0.51,1.7,0.14
ATOM,3324.0,CB,SER,332.0,71.283,58.905,89.882,0.05,2.175,0.0
ATOM,3325.0,OG,SER,332.0,71.895,59.031,91.164,-0.66,1.77,0.05
ATOM,3326.0,H,SER,332.0,69.631,57.232,91.206,0.31,0.2245,0.24
ATOM,3327.0,HA,SER,332.0,69.701,60.032,90.436,0.09,1.32,0.0
ATOM,3328.0,HB2,SER,332.0,71.461,58.001,89.527,0.09,1.32,0.0
ATOM,3329.0,HB3,SER,332.0,71.64,59.606,89.284,0.09,1.32,0.0
ATOM,3330.0,HG,SER,332.0,71.218,59.356,91.821,0.43,0.2245,0.0
ATOM,3331.0,N,SER,333.0,69.067,60.353,88.068,-0.47,1.85,0.0
ATOM,3332.0,CA,SER,333.0,68.425,60.588,86.779,0.07,2.275,0.0
ATOM,3333.0,C,SER,333.0,69.148,59.923,85.624,0.51,2.0,0.0
ATOM,3334.0,O,SER,333.0,68.541,59.17,84.863,-0.51,1.7,0.0
ATOM,3335.0,CB,SER,333.0,68.287,62.091,86.521,0.05,2.175,0.0
ATOM,3336.0,OG,SER,333.0,67.592,62.706,87.584,-0.66,1.77,0.05
ATOM,3337.0,H,SER,333.0,69.548,61.102,88.611,0.31,0.2245,0.0
ATOM,3338.0,HA,SER,333.0,67.487,60.202,86.825,0.09,1.32,0.0
ATOM,3339.0,HB2,SER,333.0,69.194,62.487,86.45,0.09,1.32,0.0
ATOM,3340.0,HB3,SER,333.0,67.78,62.224,85.678,0.09,1.32,0.0
ATOM,3341.0,HG,SER,333.0,68.145,62.665,88.416,0.43,0.2245,0.0
ATOM,3342.0,N,ALA,334.0,70.443,60.18,85.512,-0.47,1.85,0.0
ATOM,3343.0,CA,ALA,334.0,71.25,59.584,84.455,0.07,2.275,0.0
ATOM,3344.0,C,ALA,334.0,72.459,58.981,85.155,0.51,2.0,0.0
ATOM,3345.0,O,ALA,334.0,73.112,59.65,85.962,-0.51,1.7,0.0
ATOM,3346.0,CB,ALA,334.0,71.67,60.645,83.463,-0.27,2.06,0.0
ATOM,3347.0,H,ALA,334.0,70.825,60.829,86.227,0.31,0.2245,0.0
ATOM,3348.0,HA,ALA,334.0,70.736,58.86,84.024,0.09,1.32,0.0
ATOM,3349.0,HB1,ALA,334.0,72.655,60.809,83.539,0.09,1.32,0.0
ATOM,3350.0,HB2,ALA,334.0,71.458,60.342,82.532,0.09,1.32,0.0
ATOM,3351.0,HB3,ALA,334.0,71.18,61.498,83.65,0.09,1.32,0.0
ATOM,3352.0,N,GLN,335.0,72.755,57.718,84.877,-0.47,1.85,0.0
ATOM,3353.0,CA,GLN,335.0,73.863,57.059,85.552,0.07,2.275,0.0
ATOM,3354.0,C,GLN,335.0,74.589,56.069,84.669,0.51,2.0,0.0
ATOM,3355.0,O,GLN,335.0,73.988,55.445,83.786,-0.51,1.7,0.0
ATOM,3356.0,CB,GLN,335.0,73.377,56.381,86.842,-0.18,2.175,0.0
ATOM,3357.0,CG,GLN,335.0,72.27,55.338,86.641,-0.18,2.175,0.0
ATOM,3358.0,CD,GLN,335.0,71.746,54.751,87.952,0.55,2.0,0.0
ATOM,3359.0,H,GLN,335.0,72.157,57.266,84.172,0.31,0.2245,0.35
ATOM,3360.0,HA,GLN,335.0,74.528,57.777,85.829,0.09,1.32,0.0
ATOM,3361.0,HB2,GLN,335.0,74.155,55.922,87.277,0.09,1.32,0.0
ATOM,3362.0,HB3,GLN,335.0,73.025,57.086,87.463,0.09,1.32,0.0
ATOM,3363.0,HG2,GLN,335.0,71.507,55.773,86.162,0.09,1.32,0.0
ATOM,3364.0,HG3,GLN,335.0,72.634,54.592,86.083,0.09,1.32,0.0
ATOM,3365.0,OE1,GLN,335.0,72.165,55.153,89.041,-0.55,1.7,0.86
ATOM,3366.0,NE2,GLN,335.0,70.847,53.778,87.848,-0.62,1.85,4.39
ATOM,3367.0,HE21,GLN,335.0,70.467,53.333,88.675,0.32,0.2245,6.26
ATOM,3368.0,HE22,GLN,335.0,70.545,53.486,86.92,0.3,0.2245,0.0
ATOM,3369.0,N,PHE,336.0,75.884,55.92,84.928,-0.47,1.85,0.0
ATOM,3370.0,CA,PHE,336.0,76.745,55.029,84.151,0.07,2.275,0.0
ATOM,3371.0,C,PHE,336.0,77.492,54.052,85.038,0.51,2.0,0.0
ATOM,3372.0,O,PHE,336.0,77.936,54.412,86.133,-0.51,1.7,0.0
ATOM,3373.0,CB,PHE,336.0,77.796,55.85,83.387,-0.18,2.175,0.0
ATOM,3374.0,CG,PHE,336.0,77.228,56.767,82.343,0.0,1.9924,0.0
ATOM,3375.0,CD1,PHE,336.0,76.642,57.983,82.699,-0.115,1.9924,0.0
ATOM,3376.0,CD2,PHE,336.0,77.294,56.422,80.995,-0.115,1.9924,0.0
ATOM,3377.0,CE1,PHE,336.0,76.129,58.843,81.724,-0.115,1.9924,0.0
ATOM,3378.0,CE2,PHE,336.0,76.78,57.283,80.01,-0.115,1.9924,0.0
ATOM,3379.0,CZ,PHE,336.0,76.199,58.492,80.377,-0.115,1.9924,0.0
ATOM,3380.0,H,PHE,336.0,76.233,56.49,85.73,0.31,0.2245,0.0
ATOM,3381.0,HA,PHE,336.0,76.138,54.483,83.557,0.09,1.32,0.0
ATOM,3382.0,HB2,PHE,336.0,78.284,56.401,84.049,0.09,1.32,0.0
ATOM,3383.0,HB3,PHE,336.0,78.406,55.211,82.938,0.09,1.32,0.0
ATOM,3384.0,HD1,PHE,336.0,76.587,58.246,83.656,0.115,1.3582,0.0
ATOM,3385.0,HD2,PHE,336.0,77.709,55.559,80.721,0.115,1.3582,0.0
ATOM,3386.0,HE1,PHE,336.0,75.71,59.713,82.003,0.115,1.3582,0.0
ATOM,3387.0,HE2,PHE,336.0,76.837,57.012,79.039,0.115,1.3582,0.0
ATOM,3388.0,HZ,PHE,336.0,75.834,59.108,79.684,0.115,1.3582,0.0
ATOM,3389.0,N,LEU,337.0,77.634,52.822,84.548,-0.47,1.85,0.0
ATOM,3390.0,CA,LEU,337.0,78.372,51.769,85.232,0.07,2.275,0.0
ATOM,3391.0,C,LEU,337.0,79.33,51.121,84.232,0.51,2.0,0.0
ATOM,3392.0,O,LEU,337.0,78.904,50.625,83.191,-0.51,1.7,0.0
ATOM,3393.0,CB,LEU,337.0,77.433,50.695,85.812,-0.18,2.175,0.0
ATOM,3394.0,CG,LEU,337.0,76.498,51.071,86.968,-0.09,2.275,0.0
ATOM,3395.0,CD1,LEU,337.0,75.202,51.625,86.388,-0.27,2.06,1.66
ATOM,3396.0,CD2,LEU,337.0,76.213,49.841,87.856,-0.27,2.06,4.79
ATOM,3397.0,H,LEU,337.0,77.165,52.677,83.62,0.31,0.2245,0.0
ATOM,3398.0,HA,LEU,337.0,78.911,52.175,85.965,0.09,1.32,0.0
ATOM,3399.0,HB2,LEU,337.0,76.853,50.363,85.058,0.09,1.32,0.0
ATOM,3400.0,HB3,LEU,337.0,78.008,49.932,86.13,0.09,1.32,0.0
ATOM,3401.0,HG,LEU,337.0,76.935,51.764,87.525,0.09,1.32,0.0
ATOM,3402.0,HD11,LEU,337.0,74.77,50.93,85.814,0.09,1.32,0.0
ATOM,3403.0,HD12,LEU,337.0,74.583,51.874,87.133,0.09,1.32,0.44
ATOM,3404.0,HD13,LEU,337.0,75.403,52.435,85.837,0.09,1.32,0.0
ATOM,3405.0,HD21,LEU,337.0,77.075,49.503,88.228,0.09,1.32,0.0
ATOM,3406.0,HD22,LEU,337.0,75.604,50.112,88.598,0.09,1.32,0.89
ATOM,3407.0,HD23,LEU,337.0,75.781,49.134,87.301,0.09,1.32,0.0
ATOM,3408.0,N,ARG,338.0,80.623,51.173,84.538,-0.47,1.85,0.0
ATOM,3409.0,CA,ARG,338.0,81.673,50.558,83.715,0.07,2.275,0.0
ATOM,3410.0,C,ARG,338.0,81.707,50.993,82.239,0.51,2.0,0.0
ATOM,3411.0,O,ARG,338.0,81.685,50.166,81.315,-0.51,1.7,0.0
ATOM,3412.0,CB,ARG,338.0,81.617,49.02,83.854,-0.18,2.175,0.0
ATOM,3413.0,CG,ARG,338.0,82.886,48.301,83.412,-0.18,2.175,0.0
ATOM,3414.0,CD,ARG,338.0,82.898,46.861,83.878,0.2,2.175,0.0
ATOM,3415.0,NE,ARG,338.0,83.978,46.107,83.242,-0.7,1.85,0.0
ATOM,3416.0,CZ,ARG,338.0,83.867,45.465,82.081,0.64,2.0,0.59
ATOM,3417.0,NH1,ARG,338.0,82.719,45.475,81.414,-0.8,1.85,0.09
ATOM,3418.0,NH2,ARG,338.0,84.924,44.837,81.563,-0.8,1.85,15.33
ATOM,3419.0,H,ARG,338.0,80.835,51.694,85.423,0.31,0.2245,0.0
ATOM,3420.0,HA,ARG,338.0,82.582,50.782,84.132,0.09,1.32,0.0
ATOM,3421.0,HB2,ARG,338.0,81.455,48.806,84.812,0.09,1.32,0.0
ATOM,3422.0,HB3,ARG,338.0,80.862,48.69,83.296,0.09,1.32,0.0
ATOM,3423.0,HG2,ARG,338.0,82.94,48.311,82.417,0.09,1.32,0.0
ATOM,3424.0,HG3,ARG,338.0,83.679,48.764,83.801,0.09,1.32,0.0
ATOM,3425.0,HD2,ARG,338.0,83.029,46.852,84.863,0.09,1.32,0.0
ATOM,3426.0,HD3,ARG,338.0,82.026,46.448,83.639,0.09,1.32,0.0
ATOM,3427.0,HE,ARG,338.0,84.867,46.071,83.715,0.44,0.2245,0.24
ATOM,3428.0,HH11,ARG,338.0,81.93,45.977,81.759,0.46,0.2245,0.0
ATOM,3429.0,HH12,ARG,338.0,82.643,44.97,80.547,0.46,0.2245,0.0
ATOM,3430.0,HH21,ARG,338.0,85.801,44.872,82.047,0.46,0.2245,9.98
ATOM,3431.0,HH22,ARG,338.0,84.841,44.341,80.705,0.46,0.2245,5.21
ATOM,3432.0,N,ASN,339.0,81.72,52.304,82.028,-0.47,1.85,0.0
ATOM,3433.0,CA,ASN,339.0,81.803,52.87,80.684,0.07,2.275,0.0
ATOM,3434.0,C,ASN,339.0,83.14,53.589,80.589,0.51,2.0,0.0
ATOM,3435.0,O,ASN,339.0,83.635,54.15,81.575,-0.51,1.7,0.0
ATOM,3436.0,CB,ASN,339.0,80.662,53.877,80.396,-0.18,2.175,0.0
ATOM,3437.0,CG,ASN,339.0,79.373,53.203,79.956,0.55,2.0,0.0
ATOM,3438.0,OD1,ASN,339.0,78.849,53.473,78.861,-0.55,1.7,0.4
ATOM,3439.0,ND2,ASN,339.0,78.865,52.307,80.789,-0.62,1.85,0.0
ATOM,3440.0,H,ASN,339.0,81.667,52.885,82.889,0.31,0.2245,0.0
ATOM,3441.0,HA,ASN,339.0,81.832,52.111,80.046,0.09,1.32,0.0
ATOM,3442.0,HB2,ASN,339.0,80.488,54.39,81.231,0.09,1.32,0.0
ATOM,3443.0,HB3,ASN,339.0,80.968,54.489,79.673,0.09,1.32,0.43
ATOM,3444.0,HD22,ASN,339.0,79.324,52.11,81.657,0.3,0.2245,0.0
ATOM,3445.0,HD21,ASN,339.0,78.02,51.824,80.555,0.32,0.2245,0.0
ATOM,3446.0,N,ASN,340.0,83.741,53.512,79.41,-0.47,1.85,0.0
ATOM,3447.0,CA,ASN,340.0,85.011,54.162,79.129,0.07,2.275,0.0
ATOM,3448.0,C,ASN,340.0,84.897,54.727,77.695,0.51,2.0,0.0
ATOM,3449.0,O,ASN,340.0,84.816,53.971,76.717,-0.51,1.7,2.14
ATOM,3450.0,CB,ASN,340.0,86.165,53.154,79.265,-0.18,2.175,1.27
ATOM,3451.0,CG,ASN,340.0,87.537,53.789,79.065,0.55,2.0,2.14
ATOM,3452.0,H,ASN,340.0,83.223,52.943,78.699,0.31,0.2245,0.0
ATOM,3453.0,HA,ASN,340.0,85.093,54.941,79.731,0.09,1.32,0.0
ATOM,3454.0,HB2,ASN,340.0,86.129,52.759,80.178,0.09,1.32,0.0
ATOM,3455.0,HB3,ASN,340.0,86.042,52.443,78.578,0.09,1.32,2.08
ATOM,3456.0,OD1,ASN,340.0,87.674,54.869,78.476,-0.55,1.7,0.0
ATOM,3457.0,ND2,ASN,340.0,88.566,53.119,79.563,-0.62,1.85,17.8
ATOM,3458.0,HD22,ASN,340.0,88.422,52.247,80.032,0.3,0.2245,7.78
ATOM,3459.0,HD21,ASN,340.0,89.495,53.484,79.471,0.32,0.2245,15.26
ATOM,3460.0,N,GLY,341.0,84.817,56.053,77.59,-0.47,1.85,0.0
ATOM,3461.0,CA,GLY,341.0,84.696,56.692,76.295,-0.02,2.175,0.0
ATOM,3462.0,C,GLY,341.0,85.976,56.757,75.481,0.51,2.0,0.0
ATOM,3463.0,O,GLY,341.0,85.959,57.253,74.347,-0.51,1.7,0.0
ATOM,3464.0,H,GLY,341.0,84.848,56.564,78.489,0.31,0.2245,0.0
ATOM,3465.0,HA2,GLY,341.0,83.978,56.204,75.745,0.09,1.32,0.0
ATOM,3466.0,HA3,GLY,341.0,84.336,57.645,76.423,0.09,1.32,0.0
ATOM,3467.0,N,GLY,342.0,87.082,56.278,76.044,-0.47,1.85,0.0
ATOM,3468.0,CA,GLY,342.0,88.354,56.316,75.336,-0.02,2.175,7.45
ATOM,3469.0,C,GLY,342.0,88.907,57.733,75.226,0.51,2.0,0.0
ATOM,3470.0,O,GLY,342.0,88.301,58.69,75.717,-0.51,1.7,0.0
ATOM,3471.0,H,GLY,342.0,86.961,55.891,76.993,0.31,0.2245,0.0
ATOM,3472.0,HA2,GLY,342.0,89.026,55.735,75.82,0.09,1.32,5.8
ATOM,3473.0,HA3,GLY,342.0,88.234,55.934,74.407,0.09,1.32,0.0
ATOM,3474.0,N,PHE,343.0,90.067,57.881,74.594,-0.47,1.85,0.0
ATOM,3475.0,CA,PHE,343.0,90.685,59.203,74.429,0.07,2.275,0.0
ATOM,3476.0,C,PHE,343.0,89.74,60.129,73.672,0.51,2.0,0.2
ATOM,3477.0,O,PHE,343.0,89.742,61.342,73.874,-0.51,1.7,10.51
ATOM,3478.0,CB,PHE,343.0,92.006,59.094,73.652,-0.18,2.175,12.06
ATOM,3479.0,CG,PHE,343.0,93.013,58.182,74.29,0.0,1.9924,0.45
ATOM,3480.0,CD1,PHE,343.0,93.01,57.976,75.672,-0.115,1.9924,8.06
ATOM,3481.0,CD2,PHE,343.0,93.949,57.504,73.506,-0.115,1.9924,15.8
ATOM,3482.0,CE1,PHE,343.0,93.912,57.105,76.265,-0.115,1.9924,17.3
ATOM,3483.0,CE2,PHE,343.0,94.863,56.623,74.094,-0.115,1.9924,20.74
ATOM,3484.0,CZ,PHE,343.0,94.84,56.426,75.477,-0.115,1.9924,20.51
ATOM,3485.0,H,PHE,343.0,90.489,57.007,74.236,0.31,0.2245,3.88
ATOM,3486.0,HA,PHE,343.0,90.797,59.587,75.347,0.09,1.32,0.0
ATOM,3487.0,HB2,PHE,343.0,91.796,58.741,72.753,0.09,1.32,4.63
ATOM,3488.0,HB3,PHE,343.0,92.399,60.0,73.601,0.09,1.32,8.19
ATOM,3489.0,HD1,PHE,343.0,92.35,58.46,76.239,0.115,1.3582,1.11
ATOM,3490.0,HD2,PHE,343.0,93.966,57.647,72.521,0.115,1.3582,14.48
ATOM,3491.0,HE1,PHE,343.0,93.894,56.967,77.26,0.115,1.3582,14.67
ATOM,3492.0,HE2,PHE,343.0,95.532,56.138,73.518,0.115,1.3582,18.03
ATOM,3493.0,HZ,PHE,343.0,95.488,55.798,75.904,0.115,1.3582,17.9
ATOM,3494.0,N,GLU,344.0,88.929,59.538,72.803,-0.47,1.85,0.3
ATOM,3495.0,CA,GLU,344.0,87.962,60.292,72.011,0.07,2.275,3.35
ATOM,3496.0,C,GLU,344.0,86.791,60.833,72.845,0.51,2.0,0.09
ATOM,3497.0,O,GLU,344.0,85.986,61.606,72.335,-0.51,1.7,19.39
ATOM,3498.0,CB,GLU,344.0,87.432,59.431,70.853,-0.18,2.175,17.68
ATOM,3499.0,CG,GLU,344.0,86.851,58.097,71.282,-0.28,2.175,1.62
ATOM,3500.0,CD,GLU,344.0,87.826,56.921,71.164,0.62,2.0,1.58
ATOM,3501.0,OE1,GLU,344.0,88.947,56.958,71.712,-0.76,1.7,12.7
ATOM,3502.0,OE2,GLU,344.0,87.458,55.929,70.515,-0.76,1.7,19.54
ATOM,3503.0,H,GLU,344.0,89.04,58.505,72.736,0.31,0.2245,0.0
ATOM,3504.0,HA,GLU,344.0,88.428,61.069,71.555,0.09,1.32,10.35
ATOM,3505.0,HB2,GLU,344.0,86.717,59.942,70.408,0.09,1.32,7.04
ATOM,3506.0,HB3,GLU,344.0,88.188,59.251,70.248,0.09,1.32,8.98
ATOM,3507.0,HG2,GLU,344.0,86.587,58.16,72.231,0.09,1.32,0.0
ATOM,3508.0,HG3,GLU,344.0,86.077,57.89,70.705,0.09,1.32,3.1
ATOM,3509.0,N,ARG,345.0,86.722,60.459,74.127,-0.47,1.85,0.0
ATOM,3510.0,CA,ARG,345.0,85.636,60.886,75.023,0.07,2.275,0.0
ATOM,3511.0,C,ARG,345.0,84.287,60.62,74.343,0.51,2.0,0.0
ATOM,3512.0,O,ARG,345.0,83.427,61.505,74.235,-0.51,1.7,0.47
ATOM,3513.0,CB,ARG,345.0,85.752,62.37,75.392,-0.18,2.175,0.01
ATOM,3514.0,CG,ARG,345.0,87.124,62.822,75.89,-0.18,2.175,6.46
ATOM,3515.0,CD,ARG,345.0,87.735,61.881,76.883,0.2,2.175,0.0
ATOM,3516.0,NE,ARG,345.0,88.699,62.524,77.789,-0.7,1.85,0.0
ATOM,3517.0,CZ,ARG,345.0,90.002,62.692,77.561,0.64,2.0,1.01
ATOM,3518.0,NH1,ARG,345.0,90.555,62.334,76.407,-0.8,1.85,8.75
ATOM,3519.0,NH2,ARG,345.0,90.762,63.265,78.491,-0.8,1.85,12.07
ATOM,3520.0,H,ARG,345.0,87.501,59.84,74.438,0.31,0.2245,0.0
ATOM,3521.0,HA,ARG,345.0,85.682,60.349,75.863,0.09,1.32,0.0
ATOM,3522.0,HB2,ARG,345.0,85.527,62.911,74.58,0.09,1.32,2.66
ATOM,3523.0,HB3,ARG,345.0,85.085,62.565,76.113,0.09,1.32,0.0
ATOM,3524.0,HG2,ARG,345.0,87.743,62.906,75.102,0.09,1.32,2.57
ATOM,3525.0,HG3,ARG,345.0,87.03,63.727,76.32,0.09,1.32,0.0
ATOM,3526.0,HD2,ARG,345.0,87.001,61.474,77.435,0.09,1.32,0.0
ATOM,3527.0,HD3,ARG,345.0,88.207,61.149,76.383,0.09,1.32,0.0
ATOM,3528.0,HE,ARG,345.0,88.336,62.873,78.674,0.44,0.2245,0.0
ATOM,3529.0,HH11,ARG,345.0,89.989,61.948,75.679,0.46,0.2245,0.0
ATOM,3530.0,HH12,ARG,345.0,91.538,62.452,76.266,0.46,0.2245,13.7
ATOM,3531.0,HH21,ARG,345.0,90.348,63.583,79.345,0.46,0.2245,2.95
ATOM,3532.0,HH22,ARG,345.0,91.742,63.378,78.337,0.46,0.2245,11.92
ATOM,3533.0,N,ASP,346.0,84.112,59.386,73.886,-0.47,1.85,0.0
ATOM,3534.0,CA,ASP,346.0,82.914,58.973,73.174,0.07,2.275,0.53
ATOM,3535.0,C,ASP,346.0,81.859,58.446,74.16,0.51,2.0,0.0
ATOM,3536.0,O,ASP,346.0,81.761,57.241,74.404,-0.51,1.7,0.0
ATOM,3537.0,CB,ASP,346.0,83.312,57.915,72.146,-0.28,2.175,1.78
ATOM,3538.0,CG,ASP,346.0,82.262,57.693,71.063,0.62,2.0,2.84
ATOM,3539.0,OD1,ASP,346.0,81.313,58.493,70.907,-0.76,1.7,12.67
ATOM,3540.0,OD2,ASP,346.0,82.427,56.705,70.319,-0.76,1.7,14.91
ATOM,3541.0,H,ASP,346.0,84.911,58.738,74.083,0.31,0.2245,0.0
ATOM,3542.0,HA,ASP,346.0,82.521,59.79,72.742,0.09,1.32,0.27
ATOM,3543.0,HB2,ASP,346.0,84.158,58.21,71.71,0.09,1.32,0.0
ATOM,3544.0,HB3,ASP,346.0,83.457,57.055,72.626,0.09,1.32,0.0
ATOM,3545.0,N,GLY,347.0,81.136,59.372,74.787,-0.47,1.85,0.0
ATOM,3546.0,CA,GLY,347.0,80.095,59.006,75.734,-0.02,2.175,0.0
ATOM,3547.0,C,GLY,347.0,79.907,60.089,76.781,0.51,2.0,0.0
ATOM,3548.0,O,GLY,347.0,80.752,60.983,76.936,-0.51,1.7,0.0
ATOM,3549.0,H,GLY,347.0,81.377,60.351,74.545,0.31,0.2245,0.0
ATOM,3550.0,HA2,GLY,347.0,79.227,58.863,75.242,0.09,1.32,0.0
ATOM,3551.0,HA3,GLY,347.0,80.343,58.141,76.189,0.09,1.32,0.1
ATOM,3552.0,N,GLY,348.0,78.783,60.048,77.482,-0.47,1.85,0.0
ATOM,3553.0,CA,GLY,348.0,78.559,61.041,78.509,-0.02,2.175,0.0
ATOM,3554.0,C,GLY,348.0,77.21,61.712,78.452,0.51,2.0,0.0
ATOM,3555.0,O,GLY,348.0,76.266,61.193,77.854,-0.51,1.7,0.0
ATOM,3556.0,H,GLY,348.0,78.132,59.296,77.242,0.31,0.2245,0.0
ATOM,3557.0,HA2,GLY,348.0,78.678,60.604,79.429,0.09,1.32,0.0
ATOM,3558.0,HA3,GLY,348.0,79.292,61.756,78.45,0.09,1.32,0.0
ATOM,3559.0,N,VAL,349.0,77.135,62.876,79.085,-0.47,1.85,0.0
ATOM,3560.0,CA,VAL,349.0,75.904,63.65,79.185,0.07,2.275,0.0
ATOM,3561.0,C,VAL,349.0,76.126,65.064,78.67,0.51,2.0,0.0
ATOM,3562.0,O,VAL,349.0,77.011,65.77,79.152,-0.51,1.7,0.0
ATOM,3563.0,CB,VAL,349.0,75.428,63.718,80.652,-0.09,2.275,0.0
ATOM,3564.0,CG1,VAL,349.0,74.131,64.5,80.761,-0.27,2.06,0.0
ATOM,3565.0,CG2,VAL,349.0,75.251,62.298,81.211,-0.27,2.06,0.0
ATOM,3566.0,H,VAL,349.0,78.041,63.193,79.509,0.31,0.2245,0.0
ATOM,3567.0,HA,VAL,349.0,75.21,63.213,78.604,0.09,1.32,0.0
ATOM,3568.0,HB,VAL,349.0,76.117,64.218,81.169,0.09,1.32,0.01
ATOM,3569.0,HG11,VAL,349.0,73.359,63.903,80.538,0.09,1.32,0.0
ATOM,3570.0,HG12,VAL,349.0,74.024,64.845,81.694,0.09,1.32,0.0
ATOM,3571.0,HG13,VAL,349.0,74.149,65.271,80.123,0.09,1.32,0.0
ATOM,3572.0,HG21,VAL,349.0,74.303,62.18,81.499,0.09,1.32,0.0
ATOM,3573.0,HG22,VAL,349.0,75.475,61.639,80.496,0.09,1.32,0.0
ATOM,3574.0,HG23,VAL,349.0,75.863,62.179,81.99,0.09,1.32,0.0
ATOM,3575.0,N,ILE,350.0,75.33,65.455,77.674,-0.47,1.85,0.0
ATOM,3576.0,CA,ILE,350.0,75.434,66.775,77.068,0.07,2.275,0.0
ATOM,3577.0,C,ILE,350.0,74.059,67.391,76.882,0.51,2.0,0.0
ATOM,3578.0,O,ILE,350.0,73.177,66.76,76.314,-0.51,1.7,0.32
ATOM,3579.0,CB,ILE,350.0,76.098,66.69,75.66,-0.09,2.275,0.0
ATOM,3580.0,CG1,ILE,350.0,77.455,65.975,75.729,-0.18,2.175,0.0
ATOM,3581.0,CG2,ILE,350.0,76.244,68.098,75.056,-0.27,2.06,12.7
ATOM,3582.0,CD1,ILE,350.0,77.944,65.477,74.38,-0.27,2.06,10.02
ATOM,3583.0,H,ILE,350.0,74.635,64.739,77.372,0.31,0.2245,0.0
ATOM,3584.0,HA,ILE,350.0,75.922,67.352,77.73,0.09,1.32,0.0
ATOM,3585.0,HB,ILE,350.0,75.495,66.156,75.076,0.09,1.32,0.0
ATOM,3586.0,HG12,ILE,350.0,78.126,66.609,76.103,0.09,1.32,0.0
ATOM,3587.0,HG13,ILE,350.0,77.365,65.196,76.344,0.09,1.32,0.0
ATOM,3588.0,HG21,ILE,350.0,76.614,68.02,74.135,0.09,1.32,4.51
ATOM,3589.0,HG22,ILE,350.0,75.349,68.533,75.026,0.09,1.32,2.38
ATOM,3590.0,HG23,ILE,350.0,76.862,68.633,75.625,0.09,1.32,0.0
ATOM,3591.0,HD11,ILE,350.0,78.043,66.253,73.76,0.09,1.32,2.01
ATOM,3592.0,HD12,ILE,350.0,78.826,65.025,74.497,0.09,1.32,0.0
ATOM,3593.0,HD13,ILE,350.0,77.281,64.831,74.008,0.09,1.32,0.0
ATOM,3594.0,N,GLY,351.0,73.884,68.614,77.369,-0.47,1.85,0.0
ATOM,3595.0,CA,GLY,351.0,72.627,69.339,77.202,-0.02,2.175,9.98
ATOM,3596.0,C,GLY,351.0,71.414,68.794,77.919,0.51,2.0,0.89
ATOM,3597.0,O,GLY,351.0,70.291,69.045,77.514,-0.51,1.7,14.02
ATOM,3598.0,H,GLY,351.0,74.706,69.005,77.872,0.31,0.2245,0.0
ATOM,3599.0,HA2,GLY,351.0,72.775,70.322,77.491,0.09,1.32,1.85
ATOM,3600.0,HA3,GLY,351.0,72.419,69.404,76.19,0.09,1.32,8.51
ATOM,3601.0,N,PHE,352.0,71.653,68.128,79.035,-0.47,1.85,0.0
ATOM,3602.0,CA,PHE,352.0,70.62,67.474,79.831,0.07,2.275,0.0
ATOM,3603.0,C,PHE,352.0,70.161,68.28,81.049,0.51,2.0,0.0
ATOM,3604.0,O,PHE,352.0,70.941,69.033,81.627,-0.51,1.7,0.46
ATOM,3605.0,CB,PHE,352.0,71.209,66.127,80.284,-0.18,2.175,0.0
ATOM,3606.0,CG,PHE,352.0,70.294,65.284,81.155,0.0,1.9924,0.0
ATOM,3607.0,CD1,PHE,352.0,69.102,64.757,80.645,-0.115,1.9924,0.0
ATOM,3608.0,CD2,PHE,352.0,70.669,64.959,82.459,-0.115,1.9924,0.0
ATOM,3609.0,CE1,PHE,352.0,68.289,63.914,81.43,-0.115,1.9924,0.0
ATOM,3610.0,CE2,PHE,352.0,69.873,64.119,83.258,-0.115,1.9924,0.0
ATOM,3611.0,CZ,PHE,352.0,68.683,63.591,82.744,-0.115,1.9924,0.0
ATOM,3612.0,H,PHE,352.0,72.672,68.107,79.31,0.31,0.2245,0.0
ATOM,3613.0,HA,PHE,352.0,69.805,67.37,79.23,0.09,1.32,0.0
ATOM,3614.0,HB2,PHE,352.0,71.42,65.6,79.471,0.09,1.32,0.0
ATOM,3615.0,HB3,PHE,352.0,72.031,66.316,80.806,0.09,1.32,0.0
ATOM,3616.0,HD1,PHE,352.0,68.818,64.973,79.72,0.115,1.3582,0.0
ATOM,3617.0,HD2,PHE,352.0,71.518,65.327,82.836,0.115,1.3582,0.0
ATOM,3618.0,HE1,PHE,352.0,67.44,63.553,81.051,0.115,1.3582,0.0
ATOM,3619.0,HE2,PHE,352.0,70.165,63.904,84.198,0.115,1.3582,0.0
ATOM,3620.0,HZ,PHE,352.0,68.115,62.992,83.294,0.115,1.3582,0.0
ATOM,3621.0,N,THR,353.0,68.899,68.114,81.427,-0.47,1.85,0.0
ATOM,3622.0,CA,THR,353.0,68.355,68.758,82.612,0.07,2.275,0.0
ATOM,3623.0,C,THR,353.0,67.692,67.709,83.521,0.51,2.0,0.0
ATOM,3624.0,O,THR,353.0,66.926,66.856,83.059,-0.51,1.7,0.0
ATOM,3625.0,CB,THR,353.0,67.3,69.83,82.278,0.14,2.275,2.08
ATOM,3626.0,OG1,THR,353.0,67.891,70.853,81.477,-0.66,1.77,20.36
ATOM,3627.0,CG2,THR,353.0,66.772,70.47,83.578,-0.27,2.06,1.02
ATOM,3628.0,H,THR,353.0,68.34,67.489,80.807,0.31,0.2245,0.0
ATOM,3629.0,HA,THR,353.0,69.104,69.182,83.125,0.09,1.32,0.0
ATOM,3630.0,HB,THR,353.0,66.55,69.394,81.74,0.09,1.32,0.0
ATOM,3631.0,HG21,THR,353.0,67.539,70.65,84.192,0.09,1.32,0.0
ATOM,3632.0,HG22,THR,353.0,66.308,71.327,83.359,0.09,1.32,8.52
ATOM,3633.0,HG23,THR,353.0,66.13,69.843,84.017,0.09,1.32,0.0
ATOM,3634.0,HG1,THR,353.0,68.864,70.965,81.71,0.43,0.2245,1.92
ATOM,3635.0,N,SER,354.0,68.057,67.724,84.797,-0.47,1.85,0.0
ATOM,3636.0,CA,SER,354.0,67.462,66.819,85.769,0.07,2.275,0.0
ATOM,3637.0,C,SER,354.0,66.766,67.635,86.853,0.51,2.0,0.0
ATOM,3638.0,O,SER,354.0,67.348,68.572,87.407,-0.51,1.7,0.0
ATOM,3639.0,CB,SER,354.0,68.532,65.943,86.426,0.05,2.175,0.0
ATOM,3640.0,OG,SER,354.0,68.025,65.348,87.618,-0.66,1.77,0.0
ATOM,3641.0,H,SER,354.0,68.788,68.422,85.035,0.31,0.2245,0.0
ATOM,3642.0,HA,SER,354.0,66.767,66.27,85.304,0.09,1.32,0.0
ATOM,3643.0,HB2,SER,354.0,68.793,65.224,85.794,0.09,1.32,0.0
ATOM,3644.0,HB3,SER,354.0,69.313,66.509,86.657,0.09,1.32,0.0
ATOM,3645.0,HG,SER,354.0,67.943,64.363,87.485,0.43,0.2245,0.0
ATOM,3646.0,N,TYR,355.0,65.529,67.272,87.164,-0.47,1.85,0.0
ATOM,3647.0,CA,TYR,355.0,64.782,67.949,88.219,0.07,2.275,0.0
ATOM,3648.0,C,TYR,355.0,64.375,66.958,89.294,0.51,2.0,0.0
ATOM,3649.0,O,TYR,355.0,63.851,65.874,88.984,-0.51,1.7,0.07
ATOM,3650.0,CB,TYR,355.0,63.502,68.606,87.689,-0.18,2.175,0.0
ATOM,3651.0,CG,TYR,355.0,62.554,69.027,88.806,0.0,1.9924,0.0
ATOM,3652.0,CD1,TYR,355.0,62.88,70.083,89.678,-0.115,1.9924,1.68
ATOM,3653.0,CD2,TYR,355.0,61.333,68.364,89.001,-0.115,1.9924,2.48
ATOM,3654.0,CE1,TYR,355.0,62.01,70.469,90.706,-0.115,1.9924,8.66
ATOM,3655.0,CE2,TYR,355.0,60.457,68.741,90.035,-0.115,1.9924,7.57
ATOM,3656.0,CZ,TYR,355.0,60.799,69.791,90.871,0.11,1.9924,1.72
ATOM,3657.0,OH,TYR,355.0,59.924,70.169,91.862,-0.54,1.77,13.52
ATOM,3658.0,H,TYR,355.0,65.148,66.486,86.607,0.31,0.2245,0.0
ATOM,3659.0,HA,TYR,355.0,65.382,68.639,88.636,0.09,1.32,0.0
ATOM,3660.0,HB2,TYR,355.0,63.753,69.415,87.177,0.09,1.32,0.0
ATOM,3661.0,HB3,TYR,355.0,63.028,67.953,87.115,0.09,1.32,0.0
ATOM,3662.0,HD1,TYR,355.0,63.746,70.565,89.563,0.115,1.3582,0.0
ATOM,3663.0,HD2,TYR,355.0,61.079,67.615,88.399,0.115,1.3582,0.0
ATOM,3664.0,HE1,TYR,355.0,62.252,71.22,91.313,0.115,1.3582,0.81
ATOM,3665.0,HE2,TYR,355.0,59.599,68.251,90.159,0.115,1.3582,0.0
ATOM,3666.0,HH,TYR,355.0,59.422,69.367,92.181,0.43,0.2245,0.63
ATOM,3667.0,N,ARG,356.0,64.604,67.357,90.547,-0.47,1.85,0.0
ATOM,3668.0,CA,ARG,356.0,64.219,66.592,91.733,0.07,2.275,0.0
ATOM,3669.0,C,ARG,356.0,64.566,65.087,91.769,0.51,2.0,0.0
ATOM,3670.0,O,ARG,356.0,63.714,64.257,92.097,-0.51,1.7,0.0
ATOM,3671.0,CB,ARG,356.0,62.715,66.812,92.004,-0.18,2.175,0.0
ATOM,3672.0,CG,ARG,356.0,62.247,66.547,93.445,-0.18,2.175,0.0
ATOM,3673.0,CD,ARG,356.0,62.606,67.707,94.392,0.2,2.175,0.0
ATOM,3674.0,NE,ARG,356.0,61.865,68.923,94.069,-0.7,1.85,0.0
ATOM,3675.0,CZ,ARG,356.0,61.898,70.047,94.78,0.64,2.0,0.0
ATOM,3676.0,NH1,ARG,356.0,62.636,70.139,95.883,-0.8,1.85,0.0
ATOM,3677.0,NH2,ARG,356.0,61.201,71.09,94.369,-0.8,1.85,0.73
ATOM,3678.0,H,ARG,356.0,65.095,68.287,90.61,0.31,0.2245,0.0
ATOM,3679.0,HA,ARG,356.0,64.657,67.033,92.56,0.09,1.32,0.0
ATOM,3680.0,HB2,ARG,356.0,62.497,67.763,91.783,0.09,1.32,0.0
ATOM,3681.0,HB3,ARG,356.0,62.199,66.204,91.4,0.09,1.32,0.0
ATOM,3682.0,HG2,ARG,356.0,61.258,66.438,93.455,0.09,1.32,0.0
ATOM,3683.0,HG3,ARG,356.0,62.689,65.724,93.788,0.09,1.32,0.0
ATOM,3684.0,HD2,ARG,356.0,62.387,67.418,95.318,0.09,1.32,0.0
ATOM,3685.0,HD3,ARG,356.0,63.582,67.876,94.302,0.09,1.32,0.0
ATOM,3686.0,HE,ARG,356.0,61.282,68.911,93.242,0.44,0.2245,0.0
ATOM,3687.0,HH11,ARG,356.0,63.194,69.367,96.182,0.46,0.2245,0.0
ATOM,3688.0,HH12,ARG,356.0,62.633,70.988,96.415,0.46,0.2245,0.25
ATOM,3689.0,HH21,ARG,356.0,60.669,71.045,93.522,0.46,0.2245,1.55
ATOM,3690.0,HH22,ARG,356.0,61.201,71.939,94.905,0.46,0.2245,0.0
ATOM,3691.0,N,ALA,357.0,65.808,64.74,91.447,-0.47,1.85,0.0
ATOM,3692.0,CA,ALA,357.0,66.249,63.352,91.514,0.07,2.275,0.0
ATOM,3693.0,C,ALA,357.0,66.215,62.925,92.985,0.51,2.0,0.0
ATOM,3694.0,O,ALA,357.0,66.577,63.722,93.883,-0.51,1.7,0.0
ATOM,3695.0,CB,ALA,357.0,67.666,63.223,90.984,-0.27,2.06,0.0
ATOM,3696.0,H,ALA,357.0,66.419,65.523,91.152,0.31,0.2245,0.0
ATOM,3697.0,HA,ALA,357.0,65.614,62.782,91.005,0.09,1.32,0.0
ATOM,3698.0,HB1,ALA,357.0,68.258,63.887,91.442,0.09,1.32,0.0
ATOM,3699.0,HB2,ALA,357.0,68.007,62.299,91.159,0.09,1.32,0.0
ATOM,3700.0,HB3,ALA,357.0,67.674,63.397,89.999,0.09,1.32,0.0
ATOM,3701.0,N,GLY,358.0,65.746,61.699,93.234,-0.47,1.85,0.0
ATOM,3702.0,CA,GLY,358.0,65.699,61.159,94.589,-0.02,2.175,0.0
ATOM,3703.0,C,GLY,358.0,67.115,61.029,95.144,0.51,2.0,0.0
ATOM,3704.0,O,GLY,358.0,67.333,61.033,96.362,-0.51,1.7,2.93
ATOM,3705.0,H,GLY,358.0,65.426,61.179,92.396,0.31,0.2245,0.0
ATOM,3706.0,HA2,GLY,358.0,65.168,61.771,95.177,0.09,1.32,0.0
ATOM,3707.0,HA3,GLY,358.0,65.264,60.257,94.577,0.09,1.32,0.0
ATOM,3708.0,N,GLU,359.0,68.083,60.843,94.254,-0.47,1.85,0.0
ATOM,3709.0,CA,GLU,359.0,69.474,60.797,94.672,0.07,2.275,0.0
ATOM,3710.0,C,GLU,359.0,70.198,61.927,93.921,0.51,2.0,0.0
ATOM,3711.0,O,GLU,359.0,70.001,63.096,94.247,-0.51,1.7,0.0
ATOM,3712.0,CB,GLU,359.0,70.118,59.418,94.42,-0.18,2.175,0.19
ATOM,3713.0,CG,GLU,359.0,71.522,59.255,95.033,-0.28,2.175,4.57
ATOM,3714.0,CD,GLU,359.0,72.166,57.921,94.704,0.62,2.0,2.71
ATOM,3715.0,OE1,GLU,359.0,71.566,56.876,95.02,-0.76,1.7,11.18
ATOM,3716.0,OE2,GLU,359.0,73.266,57.913,94.13,-0.76,1.7,5.39
ATOM,3717.0,H,GLU,359.0,67.769,60.738,93.276,0.31,0.2245,0.0
ATOM,3718.0,HA,GLU,359.0,69.547,60.953,95.646,0.09,1.32,0.0
ATOM,3719.0,HB2,GLU,359.0,69.539,58.739,94.829,0.09,1.32,1.19
ATOM,3720.0,HB3,GLU,359.0,70.207,59.302,93.45,0.09,1.32,0.0
ATOM,3721.0,HG2,GLU,359.0,72.093,59.965,94.666,0.09,1.32,0.0
ATOM,3722.0,HG3,GLU,359.0,71.433,59.314,96.01,0.09,1.32,0.25
ATOM,3723.0,N,SER,360.0,70.942,61.608,92.865,-0.47,1.85,0.0
ATOM,3724.0,CA,SER,360.0,71.683,62.637,92.14,0.07,2.275,0.0
ATOM,3725.0,C,SER,360.0,71.233,62.866,90.697,0.51,2.0,0.0
ATOM,3726.0,O,SER,360.0,70.618,61.991,90.071,-0.51,1.7,0.0
ATOM,3727.0,CB,SER,360.0,73.191,62.342,92.202,0.05,2.175,0.0
ATOM,3728.0,OG,SER,360.0,73.622,62.213,93.555,-0.66,1.77,0.09
ATOM,3729.0,H,SER,360.0,70.949,60.609,92.614,0.31,0.2245,0.0
ATOM,3730.0,HA,SER,360.0,71.564,63.519,92.643,0.09,1.32,0.0
ATOM,3731.0,HB2,SER,360.0,73.37,61.492,91.724,0.09,1.32,0.0
ATOM,3732.0,HB3,SER,360.0,73.68,63.094,91.778,0.09,1.32,0.0
ATOM,3733.0,HG,SER,360.0,74.427,61.624,93.589,0.43,0.2245,2.33
ATOM,3734.0,N,GLY,361.0,71.528,64.054,90.175,-0.47,1.85,0.0
ATOM,3735.0,CA,GLY,361.0,71.136,64.375,88.814,-0.02,2.175,0.0
ATOM,3736.0,C,GLY,361.0,71.898,63.514,87.818,0.51,2.0,0.0
ATOM,3737.0,O,GLY,361.0,71.295,62.83,86.988,-0.51,1.7,0.0
ATOM,3738.0,H,GLY,361.0,72.038,64.696,90.799,0.31,0.2245,0.0
ATOM,3739.0,HA2,GLY,361.0,70.148,64.218,88.701,0.09,1.32,0.0
ATOM,3740.0,HA3,GLY,361.0,71.326,65.346,88.627,0.09,1.32,0.0
ATOM,3741.0,N,VAL,362.0,73.222,63.567,87.901,-0.47,1.85,0.0
ATOM,3742.0,CA,VAL,362.0,74.102,62.802,87.024,0.07,2.275,0.0
ATOM,3743.0,C,VAL,362.0,75.088,62.049,87.92,0.51,2.0,0.0
ATOM,3744.0,O,VAL,362.0,75.692,62.635,88.825,-0.51,1.7,0.0
ATOM,3745.0,CB,VAL,362.0,74.843,63.717,86.015,-0.09,2.275,0.0
ATOM,3746.0,CG1,VAL,362.0,75.867,62.908,85.201,-0.27,2.06,0.0
ATOM,3747.0,CG2,VAL,362.0,73.83,64.37,85.074,-0.27,2.06,0.0
ATOM,3748.0,H,VAL,362.0,73.581,64.205,88.65,0.31,0.2245,0.0
ATOM,3749.0,HA,VAL,362.0,73.557,62.131,86.538,0.09,1.32,0.0
ATOM,3750.0,HB,VAL,362.0,75.357,64.387,86.536,0.09,1.32,0.0
ATOM,3751.0,HG11,VAL,362.0,75.689,61.935,85.328,0.09,1.32,0.0
ATOM,3752.0,HG12,VAL,362.0,75.778,63.146,84.237,0.09,1.32,0.0
ATOM,3753.0,HG13,VAL,362.0,76.785,63.129,85.521,0.09,1.32,0.0
ATOM,3754.0,HG21,VAL,362.0,73.38,63.66,84.535,0.09,1.32,0.0
ATOM,3755.0,HG22,VAL,362.0,73.153,64.865,85.616,0.09,1.32,0.0
ATOM,3756.0,HG23,VAL,362.0,74.308,65.003,84.468,0.09,1.32,0.0
ATOM,3757.0,N,LYS,363.0,75.24,60.751,87.664,-0.47,1.85,0.0
ATOM,3758.0,CA,LYS,363.0,76.105,59.91,88.473,0.07,2.275,0.0
ATOM,3759.0,C,LYS,363.0,76.963,58.876,87.749,0.51,2.0,0.0
ATOM,3760.0,O,LYS,363.0,76.469,58.135,86.894,-0.51,1.7,0.0
ATOM,3761.0,CB,LYS,363.0,75.249,59.172,89.516,-0.18,2.175,0.0
ATOM,3762.0,CG,LYS,363.0,75.976,58.106,90.329,-0.18,2.175,0.0
ATOM,3763.0,CD,LYS,363.0,75.037,57.403,91.305,-0.18,2.175,0.05
ATOM,3764.0,CE,LYS,363.0,75.808,56.426,92.185,0.21,2.175,0.23
ATOM,3765.0,NZ,LYS,363.0,74.977,55.764,93.236,-0.3,1.85,6.3
ATOM,3766.0,H,LYS,363.0,74.695,60.403,86.85,0.31,0.2245,0.0
ATOM,3767.0,HA,LYS,363.0,76.737,60.523,89.019,0.09,1.32,0.0
ATOM,3768.0,HB2,LYS,363.0,74.881,59.855,90.152,0.09,1.32,0.0
ATOM,3769.0,HB3,LYS,363.0,74.486,58.733,89.034,0.09,1.32,0.0
ATOM,3770.0,HG2,LYS,363.0,76.36,57.425,89.704,0.09,1.32,0.0
ATOM,3771.0,HG3,LYS,363.0,76.715,58.537,90.846,0.09,1.32,0.0
ATOM,3772.0,HD2,LYS,363.0,74.61,58.083,91.885,0.09,1.32,0.0
ATOM,3773.0,HD3,LYS,363.0,74.358,56.898,90.79,0.09,1.32,0.0
ATOM,3774.0,HE2,LYS,363.0,76.218,55.713,91.595,0.05,1.32,0.0
ATOM,3775.0,HE3,LYS,363.0,76.567,56.923,92.634,0.05,1.32,0.0
ATOM,3776.0,HZ1,LYS,363.0,74.873,54.797,93.011,0.33,0.2245,0.17
ATOM,3777.0,HZ2,LYS,363.0,75.43,55.858,94.121,0.33,0.2245,14.99
ATOM,3778.0,HZ3,LYS,363.0,74.08,56.201,93.269,0.33,0.2245,1.44
ATOM,3779.0,N,THR,364.0,78.26,58.872,88.065,-0.47,1.85,0.0
ATOM,3780.0,CA,THR,364.0,79.181,57.848,87.563,0.07,2.275,0.0
ATOM,3781.0,C,THR,364.0,79.349,57.018,88.844,0.51,2.0,0.0
ATOM,3782.0,O,THR,364.0,79.706,57.566,89.902,-0.51,1.7,0.0
ATOM,3783.0,CB,THR,364.0,80.553,58.404,87.132,0.14,2.275,0.66
ATOM,3784.0,OG1,THR,364.0,81.101,59.223,88.174,-0.66,1.77,0.23
ATOM,3785.0,CG2,THR,364.0,80.43,59.208,85.837,-0.27,2.06,0.0
ATOM,3786.0,H,THR,364.0,78.556,59.648,88.69,0.31,0.2245,0.0
ATOM,3787.0,HA,THR,364.0,78.725,57.308,86.909,0.09,1.32,0.0
ATOM,3788.0,HB,THR,364.0,81.19,57.621,86.975,0.09,1.32,0.0
ATOM,3789.0,HG21,THR,364.0,81.323,59.261,85.388,0.09,1.32,0.0
ATOM,3790.0,HG22,THR,364.0,79.777,58.76,85.224,0.09,1.32,0.0
ATOM,3791.0,HG23,THR,364.0,80.109,60.133,86.045,0.09,1.32,0.0
ATOM,3792.0,HG1,THR,364.0,81.537,58.65,88.875,0.43,0.2245,0.36
ATOM,3793.0,N,TRP,365.0,79.032,55.732,88.77,-0.47,1.85,0.0
ATOM,3794.0,CA,TRP,365.0,79.081,54.871,89.947,0.07,2.275,0.0
ATOM,3795.0,C,TRP,365.0,80.444,54.676,90.568,0.51,2.0,0.0
ATOM,3796.0,O,TRP,365.0,81.468,54.796,89.899,-0.51,1.7,0.0
ATOM,3797.0,CB,TRP,365.0,78.47,53.506,89.637,-0.18,2.175,0.0
ATOM,3798.0,CG,TRP,365.0,77.0,53.497,89.758,-0.03,1.9924,0.0
ATOM,3799.0,CD1,TRP,365.0,76.113,54.218,89.019,0.035,1.9924,0.0
ATOM,3800.0,CD2,TRP,365.0,76.232,52.737,90.696,-0.02,1.8,0.0
ATOM,3801.0,NE1,TRP,365.0,74.832,53.957,89.445,-0.61,1.85,0.0
ATOM,3802.0,CE2,TRP,365.0,74.874,53.054,90.472,0.13,1.8,0.0
ATOM,3803.0,CE3,TRP,365.0,76.557,51.822,91.709,-0.115,1.9924,1.98
ATOM,3804.0,CZ2,TRP,365.0,73.838,52.485,91.219,-0.115,1.9924,8.51
ATOM,3805.0,CZ3,TRP,365.0,75.527,51.258,92.454,-0.115,1.9924,9.82
ATOM,3806.0,CH2,TRP,365.0,74.179,51.595,92.202,-0.115,1.9924,15.54
ATOM,3807.0,H,TRP,365.0,78.754,55.401,87.829,0.31,0.2245,0.0
ATOM,3808.0,HA,TRP,365.0,78.474,55.297,90.658,0.09,1.32,0.0
ATOM,3809.0,HB2,TRP,365.0,78.702,53.259,88.705,0.09,1.32,0.0
ATOM,3810.0,HB3,TRP,365.0,78.834,52.842,90.278,0.09,1.32,0.0
ATOM,3811.0,HD1,TRP,365.0,76.351,54.843,88.279,0.115,1.3582,0.0
ATOM,3812.0,HE1,TRP,365.0,74.0,54.363,89.064,0.38,0.2245,0.0
ATOM,3813.0,HE3,TRP,365.0,77.503,51.577,91.895,0.115,1.3582,0.0
ATOM,3814.0,HZ2,TRP,365.0,72.883,52.733,91.028,0.115,1.3582,5.95
ATOM,3815.0,HZ3,TRP,365.0,75.744,50.61,93.173,0.115,1.3582,11.84
ATOM,3816.0,HH2,TRP,365.0,73.47,51.167,92.761,0.115,1.3582,17.77
ATOM,3817.0,N,GLN,366.0,80.444,54.369,91.86,-0.47,1.85,0.0
ATOM,3818.0,CA,GLN,366.0,81.685,54.132,92.581,0.07,2.275,0.0
ATOM,3819.0,C,GLN,366.0,81.742,52.706,93.114,0.51,2.0,0.0
ATOM,3820.0,O,GLN,366.0,80.704,52.079,93.402,-0.51,1.7,8.93
ATOM,3821.0,CB,GLN,366.0,81.841,55.09,93.78,-0.18,2.175,0.0
ATOM,3822.0,CG,GLN,366.0,81.785,56.584,93.479,-0.18,2.175,1.37
ATOM,3823.0,CD,GLN,366.0,80.394,57.161,93.642,0.55,2.0,1.41
ATOM,3824.0,H,GLN,366.0,79.505,54.315,92.297,0.31,0.2245,1.31
ATOM,3825.0,HA,GLN,366.0,82.449,54.249,91.935,0.09,1.32,0.0
ATOM,3826.0,HB2,GLN,366.0,81.112,54.88,94.45,0.09,1.32,0.42
ATOM,3827.0,HB3,GLN,366.0,82.729,54.895,94.227,0.09,1.32,0.0
ATOM,3828.0,HG2,GLN,366.0,82.404,57.058,94.105,0.09,1.32,0.44
ATOM,3829.0,HG3,GLN,366.0,82.085,56.73,92.537,0.09,1.32,0.0
ATOM,3830.0,OE1,GLN,366.0,79.703,56.89,94.635,-0.55,1.7,18.58
ATOM,3831.0,NE2,GLN,366.0,79.962,57.94,92.66,-0.62,1.85,0.0
ATOM,3832.0,HE21,GLN,366.0,79.031,58.354,92.691,0.32,0.2245,0.0
ATOM,3833.0,HE22,GLN,366.0,80.576,58.122,91.868,0.3,0.2245,0.0
ATOM,3834.0,N,GLY,367.0,82.959,52.2,93.24,-0.47,1.85,0.0
ATOM,3835.0,CA,GLY,367.0,83.155,50.884,93.816,-0.02,2.175,1.88
ATOM,3836.0,C,GLY,367.0,82.821,49.65,93.013,0.51,2.0,0.0
ATOM,3837.0,O,GLY,367.0,82.642,49.692,91.8,-0.51,1.7,0.0
ATOM,3838.0,H,GLY,367.0,83.726,52.805,92.904,0.31,0.2245,0.0
ATOM,3839.0,HA2,GLY,367.0,84.152,50.812,94.136,0.09,1.32,0.43
ATOM,3840.0,HA3,GLY,367.0,82.629,50.842,94.723,0.09,1.32,4.29
ATOM,3841.0,N,THR,368.0,82.79,48.53,93.717,-0.47,1.85,0.09
ATOM,3842.0,CA,THR,368.0,82.497,47.231,93.128,0.07,2.275,0.0
ATOM,3843.0,C,THR,368.0,81.004,46.953,93.112,0.51,2.0,0.0
ATOM,3844.0,O,THR,368.0,80.304,47.191,94.096,-0.51,1.7,21.93
ATOM,3845.0,CB,THR,368.0,83.202,46.088,93.938,0.14,2.275,5.74
ATOM,3846.0,OG1,THR,368.0,84.622,46.268,93.884,-0.66,1.77,5.63
ATOM,3847.0,CG2,THR,368.0,82.859,44.716,93.381,-0.27,2.06,9.66
ATOM,3848.0,H,THR,368.0,82.995,48.657,94.738,0.31,0.2245,9.77
ATOM,3849.0,HA,THR,368.0,82.831,47.229,92.175,0.09,1.32,0.0
ATOM,3850.0,HB,THR,368.0,82.902,46.157,94.908,0.09,1.32,9.46
ATOM,3851.0,HG21,THR,368.0,83.692,44.164,93.299,0.09,1.32,0.06
ATOM,3852.0,HG22,THR,368.0,82.216,44.25,93.994,0.09,1.32,5.89
ATOM,3853.0,HG23,THR,368.0,82.438,44.811,92.476,0.09,1.32,0.0
ATOM,3854.0,HG1,THR,368.0,84.879,46.773,93.053,0.43,0.2245,0.0
ATOM,3855.0,N,VAL,369.0,80.511,46.492,91.973,-0.47,1.85,0.0
ATOM,3856.0,CA,VAL,369.0,79.115,46.117,91.845,0.07,2.275,0.0
ATOM,3857.0,C,VAL,369.0,79.177,44.724,91.237,0.51,2.0,0.0
ATOM,3858.0,O,VAL,369.0,79.787,44.509,90.181,-0.51,1.7,0.29
ATOM,3859.0,CB,VAL,369.0,78.299,47.099,90.976,-0.09,2.275,0.0
ATOM,3860.0,CG1,VAL,369.0,76.892,46.543,90.755,-0.27,2.06,18.95
ATOM,3861.0,CG2,VAL,369.0,78.199,48.453,91.677,-0.27,2.06,4.41
ATOM,3862.0,H,VAL,369.0,81.198,46.424,91.195,0.31,0.2245,0.0
ATOM,3863.0,HA,VAL,369.0,78.726,46.041,92.742,0.09,1.32,2.79
ATOM,3864.0,HB,VAL,369.0,78.733,47.148,90.087,0.09,1.32,0.0
ATOM,3865.0,HG11,VAL,369.0,76.952,45.68,90.256,0.09,1.32,0.51
ATOM,3866.0,HG12,VAL,369.0,76.455,46.39,91.64,0.09,1.32,8.73
ATOM,3867.0,HG13,VAL,369.0,76.357,47.199,90.226,0.09,1.32,1.26
ATOM,3868.0,HG21,VAL,369.0,78.442,48.342,92.639,0.09,1.32,2.42
ATOM,3869.0,HG22,VAL,369.0,78.828,49.094,91.24,0.09,1.32,0.0
ATOM,3870.0,HG23,VAL,369.0,77.263,48.792,91.601,0.09,1.32,0.0
ATOM,3871.0,N,GLY,370.0,78.605,43.762,91.95,-0.47,1.85,0.66
ATOM,3872.0,CA,GLY,370.0,78.648,42.393,91.487,-0.02,2.175,25.23
ATOM,3873.0,C,GLY,370.0,80.047,41.932,91.836,0.51,2.0,1.47
ATOM,3874.0,O,GLY,370.0,80.473,42.05,92.987,-0.51,1.7,17.94
ATOM,3875.0,H,GLY,370.0,78.15,44.069,92.822,0.31,0.2245,13.08
ATOM,3876.0,HA2,GLY,370.0,77.989,41.849,91.971,0.09,1.32,10.9
ATOM,3877.0,HA3,GLY,370.0,78.52,42.359,90.514,0.09,1.32,4.2
ATOM,3878.0,N,SER,371.0,80.799,41.502,90.835,-0.47,1.85,0.83
ATOM,3879.0,CA,SER,371.0,82.163,41.046,91.062,0.07,2.275,1.25
ATOM,3880.0,C,SER,371.0,83.151,41.927,90.311,0.51,2.0,0.0
ATOM,3881.0,O,SER,371.0,84.332,41.599,90.212,-0.51,1.7,11.61
ATOM,3882.0,CB,SER,371.0,82.313,39.602,90.582,0.05,2.175,24.12
ATOM,3883.0,OG,SER,371.0,82.284,38.68,91.663,-0.66,1.77,31.77
ATOM,3884.0,H,SER,371.0,80.346,41.518,89.904,0.31,0.2245,7.32
ATOM,3885.0,HA,SER,371.0,82.361,41.127,92.044,0.09,1.32,3.06
ATOM,3886.0,HB2,SER,371.0,81.563,39.39,89.958,0.09,1.32,8.92
ATOM,3887.0,HB3,SER,371.0,83.185,39.511,90.105,0.09,1.32,6.41
ATOM,3888.0,HG,SER,371.0,81.95,39.142,92.483,0.43,0.2245,15.04
ATOM,3889.0,N,THR,372.0,82.687,43.065,89.81,-0.47,1.85,0.0
ATOM,3890.0,CA,THR,372.0,83.578,43.905,89.042,0.07,2.275,0.0
ATOM,3891.0,C,THR,372.0,83.416,45.382,89.361,0.51,2.0,0.0
ATOM,3892.0,O,THR,372.0,82.619,45.764,90.219,-0.51,1.7,0.0
ATOM,3893.0,CB,THR,372.0,83.393,43.642,87.518,0.14,2.275,6.57
ATOM,3894.0,OG1,THR,372.0,84.519,44.151,86.798,-0.66,1.77,7.26
ATOM,3895.0,CG2,THR,372.0,82.14,44.306,86.991,-0.27,2.06,2.17
ATOM,3896.0,H,THR,372.0,81.706,43.275,90.007,0.31,0.2245,0.0
ATOM,3897.0,HA,THR,372.0,84.536,43.64,89.253,0.09,1.32,0.02
ATOM,3898.0,HB,THR,372.0,83.343,42.634,87.37,0.09,1.32,8.24
ATOM,3899.0,HG21,THR,372.0,81.331,43.771,87.252,0.09,1.32,2.05
ATOM,3900.0,HG22,THR,372.0,82.054,45.231,87.372,0.09,1.32,0.0
ATOM,3901.0,HG23,THR,372.0,82.179,44.369,85.99,0.09,1.32,0.0
ATOM,3902.0,HG1,THR,372.0,85.216,44.497,87.436,0.43,0.2245,0.0
ATOM,3903.0,N,THR,373.0,84.209,46.197,88.679,-0.47,1.85,0.0
ATOM,3904.0,CA,THR,373.0,84.194,47.634,88.848,0.07,2.275,0.0
ATOM,3905.0,C,THR,373.0,82.976,48.278,88.168,0.51,2.0,0.0
ATOM,3906.0,O,THR,373.0,82.532,47.829,87.115,-0.51,1.7,0.0
ATOM,3907.0,CB,THR,373.0,85.501,48.226,88.291,0.14,2.275,0.0
ATOM,3908.0,OG1,THR,373.0,85.524,49.633,88.522,-0.66,1.77,0.0
ATOM,3909.0,CG2,THR,373.0,85.629,47.958,86.794,-0.27,2.06,0.0
ATOM,3910.0,H,THR,373.0,84.848,45.706,88.006,0.31,0.2245,0.0
ATOM,3911.0,HA,THR,373.0,84.145,47.848,89.835,0.09,1.32,0.0
ATOM,3912.0,HB,THR,373.0,86.288,47.806,88.787,0.09,1.32,0.0
ATOM,3913.0,HG21,THR,373.0,86.597,47.946,86.535,0.09,1.32,0.0
ATOM,3914.0,HG22,THR,373.0,85.217,47.072,86.573,0.09,1.32,0.0
ATOM,3915.0,HG23,THR,373.0,85.159,48.678,86.28,0.09,1.32,0.0
ATOM,3916.0,HG1,THR,373.0,86.382,50.033,88.18,0.43,0.2245,0.0
ATOM,3917.0,N,SER,374.0,82.393,49.285,88.811,-0.47,1.85,0.0
ATOM,3918.0,CA,SER,374.0,81.259,50.005,88.229,0.07,2.275,0.0
ATOM,3919.0,C,SER,374.0,81.718,51.403,87.783,0.51,2.0,0.0
ATOM,3920.0,O,SER,374.0,80.925,52.201,87.278,-0.51,1.7,0.0
ATOM,3921.0,CB,SER,374.0,80.118,50.138,89.248,0.05,2.175,0.0
ATOM,3922.0,OG,SER,374.0,80.51,50.938,90.348,-0.66,1.77,0.0
ATOM,3923.0,H,SER,374.0,82.8,49.511,89.736,0.31,0.2245,0.0
ATOM,3924.0,HA,SER,374.0,80.958,49.51,87.416,0.09,1.32,0.0
ATOM,3925.0,HB2,SER,374.0,79.338,50.561,88.798,0.09,1.32,0.0
ATOM,3926.0,HB3,SER,374.0,79.877,49.229,89.575,0.09,1.32,0.0
ATOM,3927.0,HG,SER,374.0,81.276,50.504,90.821,0.43,0.2245,0.0
ATOM,3928.0,N,ARG,375.0,83.011,51.664,87.956,-0.47,1.85,0.0
ATOM,3929.0,CA,ARG,375.0,83.631,52.944,87.64,0.07,2.275,0.0
ATOM,3930.0,C,ARG,375.0,83.606,53.355,86.169,0.51,2.0,0.0
ATOM,3931.0,O,ARG,375.0,83.338,52.535,85.283,-0.51,1.7,0.0
ATOM,3932.0,CB,ARG,375.0,85.048,52.979,88.212,-0.18,2.175,0.0
ATOM,3933.0,CG,ARG,375.0,85.071,52.704,89.723,-0.18,2.175,0.0
ATOM,3934.0,CD,ARG,375.0,86.5,52.685,90.253,0.2,2.175,0.0
ATOM,3935.0,NE,ARG,375.0,86.56,52.389,91.676,-0.7,1.85,0.0
ATOM,3936.0,CZ,ARG,375.0,86.439,51.168,92.199,0.64,2.0,0.0
ATOM,3937.0,NH1,ARG,375.0,86.235,50.103,91.419,-0.8,1.85,0.0
ATOM,3938.0,NH2,ARG,375.0,86.626,51.005,93.499,-0.8,1.85,3.94
ATOM,3939.0,H,ARG,375.0,83.557,50.852,88.348,0.31,0.2245,0.0
ATOM,3940.0,HA,ARG,375.0,83.157,53.677,88.184,0.09,1.32,0.0
ATOM,3941.0,HB2,ARG,375.0,85.585,52.279,87.77,0.09,1.32,0.0
ATOM,3942.0,HB3,ARG,375.0,85.427,53.877,88.063,0.09,1.32,0.0
ATOM,3943.0,HG2,ARG,375.0,84.572,53.422,90.193,0.09,1.32,0.0
ATOM,3944.0,HG3,ARG,375.0,84.661,51.818,89.899,0.09,1.32,0.0
ATOM,3945.0,HD2,ARG,375.0,87.005,51.989,89.747,0.09,1.32,0.0
ATOM,3946.0,HD3,ARG,375.0,86.901,53.584,90.082,0.09,1.32,0.0
ATOM,3947.0,HE,ARG,375.0,86.703,53.157,92.314,0.44,0.2245,0.0
ATOM,3948.0,HH11,ARG,375.0,86.191,50.209,90.429,0.46,0.2245,0.0
ATOM,3949.0,HH12,ARG,375.0,86.128,49.199,91.833,0.46,0.2245,0.0
ATOM,3950.0,HH21,ARG,375.0,86.874,51.782,94.078,0.46,0.2245,1.09
ATOM,3951.0,HH22,ARG,375.0,86.52,50.096,93.911,0.46,0.2245,3.43
ATOM,3952.0,N,ASN,376.0,83.891,54.626,85.91,-0.47,1.85,0.0
ATOM,3953.0,CA,ASN,376.0,83.82,55.146,84.551,0.07,2.275,0.0
ATOM,3954.0,C,ASN,376.0,84.983,56.064,84.236,0.51,2.0,0.0
ATOM,3955.0,O,ASN,376.0,85.444,56.799,85.103,-0.51,1.7,0.39
ATOM,3956.0,CB,ASN,376.0,82.511,55.928,84.379,-0.18,2.175,0.0
ATOM,3957.0,CG,ASN,376.0,81.292,55.123,84.784,0.55,2.0,0.0
ATOM,3958.0,H,ASN,376.0,84.159,55.194,86.731,0.31,0.2245,0.25
ATOM,3959.0,HA,ASN,376.0,83.887,54.354,83.926,0.09,1.32,0.0
ATOM,3960.0,HB2,ASN,376.0,82.558,56.744,84.947,0.09,1.32,0.0
ATOM,3961.0,HB3,ASN,376.0,82.423,56.181,83.42,0.09,1.32,0.0
ATOM,3962.0,OD1,ASN,376.0,80.91,55.103,85.961,-0.55,1.7,0.0
ATOM,3963.0,ND2,ASN,376.0,80.69,54.437,83.831,-0.62,1.85,0.0
ATOM,3964.0,HD22,ASN,376.0,81.048,54.461,82.893,0.3,0.2245,0.0
ATOM,3965.0,HD21,ASN,376.0,79.877,53.891,84.035,0.32,0.2245,0.0
ATOM,3966.0,N,TYR,377.0,85.402,56.063,82.975,-0.47,1.85,0.0
ATOM,3967.0,CA,TYR,377.0,86.515,56.869,82.505,0.07,2.275,0.0
ATOM,3968.0,C,TYR,377.0,86.189,57.552,81.197,0.51,2.0,0.0
ATOM,3969.0,O,TYR,377.0,85.305,57.111,80.452,-0.51,1.7,0.0
ATOM,3970.0,CB,TYR,377.0,87.726,55.975,82.199,-0.18,2.175,0.12
ATOM,3971.0,CG,TYR,377.0,88.33,55.32,83.404,0.0,1.9924,0.07
ATOM,3972.0,CD1,TYR,377.0,87.795,54.132,83.924,-0.115,1.9924,1.22
ATOM,3973.0,CD2,TYR,377.0,89.448,55.885,84.035,-0.115,1.9924,5.49
ATOM,3974.0,CE1,TYR,377.0,88.364,53.528,85.05,-0.115,1.9924,3.39
ATOM,3975.0,CE2,TYR,377.0,90.022,55.287,85.154,-0.115,1.9924,0.01
ATOM,3976.0,CZ,TYR,377.0,89.479,54.114,85.656,0.11,1.9924,0.0
ATOM,3977.0,OH,TYR,377.0,90.051,53.538,86.759,-0.54,1.77,0.0
ATOM,3978.0,H,TYR,377.0,84.855,55.425,82.345,0.31,0.2245,0.0
ATOM,3979.0,HA,TYR,377.0,86.704,57.582,83.197,0.09,1.32,0.0
ATOM,3980.0,HB2,TYR,377.0,87.428,55.263,81.563,0.09,1.32,0.0
ATOM,3981.0,HB3,TYR,377.0,88.423,56.543,81.762,0.09,1.32,0.0
ATOM,3982.0,HD1,TYR,377.0,87.004,53.714,83.49,0.115,1.3582,0.0
ATOM,3983.0,HD2,TYR,377.0,89.837,56.728,83.674,0.115,1.3582,0.4
ATOM,3984.0,HE1,TYR,377.0,87.979,52.685,85.417,0.115,1.3582,0.0
ATOM,3985.0,HE2,TYR,377.0,90.818,55.701,85.591,0.115,1.3582,0.0
ATOM,3986.0,HH,TYR,377.0,89.877,52.554,86.746,0.43,0.2245,0.0
ATOM,3987.0,N,ASN,378.0,86.903,58.641,80.942,-0.47,1.85,0.0
ATOM,3988.0,CA,ASN,378.0,86.822,59.331,79.663,0.07,2.275,0.0
ATOM,3989.0,C,ASN,378.0,85.447,59.689,79.111,0.51,2.0,0.0
ATOM,3990.0,O,ASN,378.0,85.198,59.519,77.911,-0.51,1.7,0.0
ATOM,3991.0,CB,ASN,378.0,87.561,58.478,78.621,-0.18,2.175,0.0
ATOM,3992.0,CG,ASN,378.0,89.045,58.369,78.896,0.55,2.0,0.0
ATOM,3993.0,H,ASN,378.0,87.515,58.953,81.723,0.31,0.2245,0.0
ATOM,3994.0,HA,ASN,378.0,87.336,60.225,79.775,0.09,1.32,0.0
ATOM,3995.0,HB2,ASN,378.0,87.165,57.563,78.63,0.09,1.32,0.0
ATOM,3996.0,HB3,ASN,378.0,87.43,58.898,77.726,0.09,1.32,0.0
ATOM,3997.0,OD1,ASN,378.0,89.717,59.375,79.111,-0.55,1.7,1.58
ATOM,3998.0,ND2,ASN,378.0,89.574,57.147,78.869,-0.62,1.85,1.49
ATOM,3999.0,HD22,ASN,378.0,88.986,56.361,78.666,0.3,0.2245,0.0
ATOM,4000.0,HD21,ASN,378.0,90.544,57.016,79.048,0.32,0.2245,11.76
ATOM,4001.0,N,LEU,379.0,84.56,60.185,79.966,-0.47,1.85,0.0
ATOM,4002.0,CA,LEU,379.0,83.234,60.582,79.518,0.07,2.275,0.0
ATOM,4003.0,C,LEU,379.0,83.137,62.099,79.517,0.51,2.0,0.0
ATOM,4004.0,O,LEU,379.0,83.962,62.789,80.139,-0.51,1.7,0.0
ATOM,4005.0,CB,LEU,379.0,82.156,60.002,80.432,-0.18,2.175,0.0
ATOM,4006.0,CG,LEU,379.0,82.05,58.476,80.489,-0.09,2.275,0.0
ATOM,4007.0,CD1,LEU,379.0,80.949,58.076,81.463,-0.27,2.06,0.0
ATOM,4008.0,CD2,LEU,379.0,81.79,57.9,79.1,-0.27,2.06,0.95
ATOM,4009.0,H,LEU,379.0,84.885,60.261,80.944,0.31,0.2245,0.0
ATOM,4010.0,HA,LEU,379.0,83.098,60.254,78.582,0.09,1.32,0.0
ATOM,4011.0,HB2,LEU,379.0,82.338,60.321,81.361,0.09,1.32,0.0
ATOM,4012.0,HB3,LEU,379.0,81.273,60.349,80.124,0.09,1.32,0.0
ATOM,4013.0,HG,LEU,379.0,82.919,58.102,80.799,0.09,1.32,0.0
ATOM,4014.0,HD11,LEU,379.0,80.077,58.458,81.156,0.09,1.32,0.0
ATOM,4015.0,HD12,LEU,379.0,80.881,57.079,81.499,0.09,1.32,0.0
ATOM,4016.0,HD13,LEU,379.0,81.165,58.428,82.374,0.09,1.32,0.0
ATOM,4017.0,HD21,LEU,379.0,82.543,58.149,78.49,0.09,1.32,0.0
ATOM,4018.0,HD22,LEU,379.0,81.724,56.904,79.16,0.09,1.32,0.0
ATOM,4019.0,HD23,LEU,379.0,80.933,58.27,78.742,0.09,1.32,0.0
ATOM,4020.0,N,GLN,380.0,82.161,62.624,78.787,-0.47,1.85,0.0
ATOM,4021.0,CA,GLN,380.0,81.949,64.066,78.747,0.07,2.275,0.0
ATOM,4022.0,C,GLN,380.0,80.758,64.419,79.645,0.51,2.0,0.0
ATOM,4023.0,O,GLN,380.0,79.775,63.678,79.697,-0.51,1.7,0.0
ATOM,4024.0,CB,GLN,380.0,81.578,64.526,77.339,-0.18,2.175,0.0
ATOM,4025.0,CG,GLN,380.0,82.585,64.335,76.262,-0.18,2.175,0.0
ATOM,4026.0,CD,GLN,380.0,82.047,64.851,74.951,0.55,2.0,0.72
ATOM,4027.0,H,GLN,380.0,81.583,61.943,78.267,0.31,0.2245,0.0
ATOM,4028.0,HA,GLN,380.0,82.757,64.512,79.127,0.09,1.32,0.0
ATOM,4029.0,HB2,GLN,380.0,80.719,64.043,77.069,0.09,1.32,0.0
ATOM,4030.0,HB3,GLN,380.0,81.34,65.52,77.387,0.09,1.32,0.0
ATOM,4031.0,HG2,GLN,380.0,83.411,64.841,76.483,0.09,1.32,0.0
ATOM,4032.0,HG3,GLN,380.0,82.787,63.367,76.161,0.09,1.32,0.0
ATOM,4033.0,OE1,GLN,380.0,81.704,66.019,74.848,-0.55,1.7,2.51
ATOM,4034.0,NE2,GLN,380.0,81.911,63.977,73.965,-0.62,1.85,6.54
ATOM,4035.0,HE21,GLN,380.0,81.542,64.251,73.06,0.32,0.2245,12.85
ATOM,4036.0,HE22,GLN,380.0,82.188,63.005,74.129,0.3,0.2245,0.0
ATOM,4037.0,N,PHE,381.0,80.843,65.547,80.34,-0.47,1.85,0.0
ATOM,4038.0,CA,PHE,381.0,79.749,66.054,81.18,0.07,2.275,0.0
ATOM,4039.0,C,PHE,381.0,79.765,67.547,80.884,0.51,2.0,0.0
ATOM,4040.0,O,PHE,381.0,80.57,68.294,81.438,-0.51,1.7,0.0
ATOM,4041.0,CB,PHE,381.0,79.985,65.741,82.666,-0.18,2.175,0.0
ATOM,4042.0,CG,PHE,381.0,80.011,64.265,82.962,0.0,1.9924,0.0
ATOM,4043.0,CD1,PHE,381.0,78.829,63.522,82.979,-0.115,1.9924,0.0
ATOM,4044.0,CD2,PHE,381.0,81.227,63.598,83.128,-0.115,1.9924,0.0
ATOM,4045.0,CE1,PHE,381.0,78.86,62.134,83.139,-0.115,1.9924,0.0
ATOM,4046.0,CE2,PHE,381.0,81.273,62.211,83.291,-0.115,1.9924,0.0
ATOM,4047.0,CZ,PHE,381.0,80.085,61.48,83.296,-0.115,1.9924,0.0
ATOM,4048.0,H,PHE,381.0,81.756,66.049,80.242,0.31,0.2245,0.0
ATOM,4049.0,HA,PHE,381.0,78.918,65.698,80.809,0.09,1.32,0.0
ATOM,4050.0,HB2,PHE,381.0,80.858,66.12,82.917,0.09,1.32,0.0
ATOM,4051.0,HB3,PHE,381.0,79.247,66.144,83.178,0.09,1.32,0.0
ATOM,4052.0,HD1,PHE,381.0,77.954,63.98,82.875,0.115,1.3582,0.0
ATOM,4053.0,HD2,PHE,381.0,82.079,64.121,83.129,0.115,1.3582,0.0
ATOM,4054.0,HE1,PHE,381.0,78.002,61.615,83.142,0.115,1.3582,0.0
ATOM,4055.0,HE2,PHE,381.0,82.16,61.749,83.405,0.115,1.3582,0.0
ATOM,4056.0,HZ,PHE,381.0,80.105,60.489,83.411,0.115,1.3582,0.0
ATOM,4057.0,N,ARG,382.0,78.905,67.975,79.959,-0.47,1.85,0.0
ATOM,4058.0,CA,ARG,382.0,78.906,69.366,79.538,0.07,2.275,0.0
ATOM,4059.0,C,ARG,382.0,77.54,69.942,79.29,0.51,2.0,0.0
ATOM,4060.0,O,ARG,382.0,76.608,69.21,78.967,-0.51,1.7,0.0
ATOM,4061.0,CB,ARG,382.0,79.687,69.498,78.226,-0.18,2.175,0.0
ATOM,4062.0,CG,ARG,382.0,81.128,69.003,78.27,-0.18,2.175,0.0
ATOM,4063.0,CD,ARG,382.0,81.869,69.384,76.995,0.2,2.175,6.71
ATOM,4064.0,NE,ARG,382.0,81.352,68.696,75.805,-0.7,1.85,1.88
ATOM,4065.0,CZ,ARG,382.0,80.505,69.22,74.914,0.64,2.0,1.54
ATOM,4066.0,NH1,ARG,382.0,80.035,70.459,75.062,-0.8,1.85,12.34
ATOM,4067.0,NH2,ARG,382.0,80.186,68.533,73.822,-0.8,1.85,15.42
ATOM,4068.0,H,ARG,382.0,78.267,67.256,79.587,0.31,0.2245,0.0
ATOM,4069.0,HA,ARG,382.0,79.37,69.92,80.264,0.09,1.32,0.0
ATOM,4070.0,HB2,ARG,382.0,79.203,68.976,77.522,0.09,1.32,0.0
ATOM,4071.0,HB3,ARG,382.0,79.702,70.465,77.969,0.09,1.32,0.0
ATOM,4072.0,HG2,ARG,382.0,81.598,69.419,79.039,0.09,1.32,0.0
ATOM,4073.0,HG3,ARG,382.0,81.136,68.013,78.349,0.09,1.32,0.0
ATOM,4074.0,HD2,ARG,382.0,81.778,70.371,76.866,0.09,1.32,0.91
ATOM,4075.0,HD3,ARG,382.0,82.833,69.148,77.115,0.09,1.32,0.0
ATOM,4076.0,HE,ARG,382.0,81.663,67.745,75.646,0.44,0.2245,0.0
ATOM,4077.0,HH11,ARG,382.0,80.328,71.019,75.834,0.46,0.2245,2.25
ATOM,4078.0,HH12,ARG,382.0,79.386,70.827,74.394,0.46,0.2245,7.97
ATOM,4079.0,HH21,ARG,382.0,80.599,67.633,73.665,0.46,0.2245,3.72
ATOM,4080.0,HH22,ARG,382.0,79.541,68.91,73.162,0.46,0.2245,13.31
ATOM,4081.0,N,ASP,383.0,77.447,71.264,79.395,-0.47,1.85,0.0
ATOM,4082.0,CA,ASP,383.0,76.22,72.007,79.099,0.07,2.275,2.44
ATOM,4083.0,C,ASP,383.0,74.971,71.398,79.736,0.51,2.0,1.23
ATOM,4084.0,O,ASP,383.0,73.916,71.353,79.108,-0.51,1.7,8.87
ATOM,4085.0,CB,ASP,383.0,75.995,72.039,77.58,-0.28,2.175,5.11
ATOM,4086.0,CG,ASP,383.0,77.197,72.581,76.792,0.62,2.0,1.87
ATOM,4087.0,OD1,ASP,383.0,78.076,73.28,77.35,-0.76,1.7,4.83
ATOM,4088.0,OD2,ASP,383.0,77.254,72.309,75.569,-0.76,1.7,24.09
ATOM,4089.0,H,ASP,383.0,78.33,71.733,79.709,0.31,0.2245,0.0
ATOM,4090.0,HA,ASP,383.0,76.332,72.935,79.496,0.09,1.32,0.82
ATOM,4091.0,HB2,ASP,383.0,75.815,71.11,77.275,0.09,1.32,0.0
ATOM,4092.0,HB3,ASP,383.0,75.211,72.622,77.395,0.09,1.32,9.01
ATOM,4093.0,N,SER,384.0,75.086,70.947,80.978,-0.47,1.85,0.27
ATOM,4094.0,CA,SER,384.0,73.974,70.322,81.65,0.07,2.275,0.0
ATOM,4095.0,C,SER,384.0,73.579,71.06,82.921,0.51,2.0,0.0
ATOM,4096.0,O,SER,384.0,74.374,71.81,83.509,-0.51,1.7,1.0
ATOM,4097.0,CB,SER,384.0,74.274,68.835,81.886,0.05,2.175,0.02
ATOM,4098.0,OG,SER,384.0,74.374,68.153,80.632,-0.66,1.77,0.0
ATOM,4099.0,H,SER,384.0,76.022,71.083,81.406,0.31,0.2245,0.0
ATOM,4100.0,HA,SER,384.0,73.175,70.336,81.027,0.09,1.32,0.18
ATOM,4101.0,HB2,SER,384.0,75.135,68.753,82.364,0.09,1.32,0.0
ATOM,4102.0,HB3,SER,384.0,73.534,68.437,82.408,0.09,1.32,0.0
ATOM,4103.0,HG,SER,384.0,75.124,68.546,80.106,0.43,0.2245,0.0
ATOM,4104.0,N,VAL,385.0,72.339,70.831,83.33,-0.47,1.85,0.0
ATOM,4105.0,CA,VAL,385.0,71.749,71.488,84.468,0.07,2.275,0.0
ATOM,4106.0,C,VAL,385.0,71.079,70.488,85.403,0.51,2.0,0.0
ATOM,4107.0,O,VAL,385.0,70.386,69.565,84.957,-0.51,1.7,0.0
ATOM,4108.0,CB,VAL,385.0,70.669,72.505,83.97,-0.09,2.275,0.15
ATOM,4109.0,CG1,VAL,385.0,69.956,73.172,85.134,-0.27,2.06,7.03
ATOM,4110.0,CG2,VAL,385.0,71.307,73.556,83.075,-0.27,2.06,21.65
ATOM,4111.0,H,VAL,385.0,71.824,70.123,82.745,0.31,0.2245,0.0
ATOM,4112.0,HA,VAL,385.0,72.482,71.95,84.989,0.09,1.32,0.0
ATOM,4113.0,HB,VAL,385.0,69.989,71.983,83.463,0.09,1.32,0.0
ATOM,4114.0,HG11,VAL,385.0,68.975,73.216,84.945,0.09,1.32,3.34
ATOM,4115.0,HG12,VAL,385.0,70.11,72.643,85.969,0.09,1.32,0.0
ATOM,4116.0,HG13,VAL,385.0,70.312,74.099,85.258,0.09,1.32,0.0
ATOM,4117.0,HG21,VAL,385.0,71.819,73.102,82.345,0.09,1.32,0.4
ATOM,4118.0,HG22,VAL,385.0,70.591,74.13,82.677,0.09,1.32,10.85
ATOM,4119.0,HG23,VAL,385.0,71.927,74.121,83.619,0.09,1.32,0.0
ATOM,4120.0,N,VAL,386.0,71.338,70.643,86.694,-0.47,1.85,0.0
ATOM,4121.0,CA,VAL,386.0,70.704,69.79,87.703,0.07,2.275,0.0
ATOM,4122.0,C,VAL,386.0,70.094,70.705,88.779,0.51,2.0,0.0
ATOM,4123.0,O,VAL,386.0,70.791,71.532,89.397,-0.51,1.7,0.0
ATOM,4124.0,CB,VAL,386.0,71.68,68.765,88.332,-0.09,2.275,0.0
ATOM,4125.0,CG1,VAL,386.0,70.935,67.947,89.419,-0.27,2.06,0.0
ATOM,4126.0,CG2,VAL,386.0,72.245,67.828,87.241,-0.27,2.06,0.0
ATOM,4127.0,H,VAL,386.0,72.008,71.397,86.924,0.31,0.2245,0.0
ATOM,4128.0,HA,VAL,386.0,69.961,69.292,87.271,0.09,1.32,0.0
ATOM,4129.0,HB,VAL,386.0,72.391,69.267,88.798,0.09,1.32,0.0
ATOM,4130.0,HG11,VAL,386.0,71.005,68.43,90.286,0.09,1.32,0.0
ATOM,4131.0,HG12,VAL,386.0,69.981,67.856,89.152,0.09,1.32,0.0
ATOM,4132.0,HG13,VAL,386.0,71.359,67.05,89.49,0.09,1.32,0.0
ATOM,4133.0,HG21,VAL,386.0,71.871,68.103,86.36,0.09,1.32,0.0
ATOM,4134.0,HG22,VAL,386.0,73.238,67.909,87.235,0.09,1.32,0.0
ATOM,4135.0,HG23,VAL,386.0,71.976,66.893,87.454,0.09,1.32,0.0
ATOM,4136.0,N,ILE,387.0,68.778,70.602,88.932,-0.47,1.85,0.0
ATOM,4137.0,CA,ILE,387.0,68.052,71.403,89.903,0.07,2.275,0.0
ATOM,4138.0,C,ILE,387.0,67.275,70.563,90.915,0.51,2.0,0.0
ATOM,4139.0,O,ILE,387.0,66.645,69.553,90.575,-0.51,1.7,0.0
ATOM,4140.0,CB,ILE,387.0,67.109,72.414,89.212,-0.09,2.275,0.0
ATOM,4141.0,CG1,ILE,387.0,66.155,71.698,88.254,-0.18,2.175,0.0
ATOM,4142.0,CG2,ILE,387.0,67.929,73.481,88.444,-0.27,2.06,5.81
ATOM,4143.0,CD1,ILE,387.0,65.072,72.606,87.676,-0.27,2.06,21.06
ATOM,4144.0,H,ILE,387.0,68.322,69.908,88.304,0.31,0.2245,0.0
ATOM,4145.0,HA,ILE,387.0,68.749,71.914,90.431,0.09,1.32,0.0
ATOM,4146.0,HB,ILE,387.0,66.565,72.855,89.919,0.09,1.32,0.0
ATOM,4147.0,HG12,ILE,387.0,66.685,71.316,87.502,0.09,1.32,0.0
ATOM,4148.0,HG13,ILE,387.0,65.711,70.954,88.748,0.09,1.32,0.0
ATOM,4149.0,HG21,ILE,387.0,67.301,74.14,88.045,0.09,1.32,5.67
ATOM,4150.0,HG22,ILE,387.0,68.542,73.934,89.082,0.09,1.32,0.0
ATOM,4151.0,HG23,ILE,387.0,68.452,73.029,87.729,0.09,1.32,0.0
ATOM,4152.0,HD11,ILE,387.0,65.506,73.348,87.171,0.09,1.32,5.52
ATOM,4153.0,HD12,ILE,387.0,64.493,72.072,87.065,0.09,1.32,0.0
ATOM,4154.0,HD13,ILE,387.0,64.527,72.977,88.423,0.09,1.32,1.49
ATOM,4155.0,N,TYR,388.0,67.394,70.962,92.174,-0.47,1.85,0.0
ATOM,4156.0,CA,TYR,388.0,66.716,70.325,93.307,0.07,2.275,0.0
ATOM,4157.0,C,TYR,388.0,66.902,68.83,93.572,0.51,2.0,0.0
ATOM,4158.0,O,TYR,388.0,65.914,68.124,93.828,-0.51,1.7,0.0
ATOM,4159.0,CB,TYR,388.0,65.223,70.672,93.306,-0.18,2.175,0.0
ATOM,4160.0,CG,TYR,388.0,65.002,72.145,93.242,0.0,1.9924,0.0
ATOM,4161.0,CD1,TYR,388.0,65.18,72.955,94.371,-0.115,1.9924,0.01
ATOM,4162.0,CD2,TYR,388.0,64.712,72.749,92.025,-0.115,1.9924,0.0
ATOM,4163.0,CE1,TYR,388.0,65.096,74.341,94.274,-0.115,1.9924,0.14
ATOM,4164.0,CE2,TYR,388.0,64.624,74.121,91.91,-0.115,1.9924,4.89
ATOM,4165.0,CZ,TYR,388.0,64.818,74.916,93.039,0.11,1.9924,0.0
ATOM,4166.0,OH,TYR,388.0,64.772,76.302,92.977,-0.54,1.77,12.91
ATOM,4167.0,H,TYR,388.0,68.031,71.794,92.299,0.31,0.2245,0.0
ATOM,4168.0,HA,TYR,388.0,67.013,70.832,94.17,0.09,1.32,0.0
ATOM,4169.0,HB2,TYR,388.0,64.811,70.249,92.512,0.09,1.32,0.0
ATOM,4170.0,HB3,TYR,388.0,64.828,70.323,94.143,0.09,1.32,0.0
ATOM,4171.0,HD1,TYR,388.0,65.369,72.533,95.255,0.115,1.3582,0.0
ATOM,4172.0,HD2,TYR,388.0,64.566,72.175,91.217,0.115,1.3582,0.0
ATOM,4173.0,HE1,TYR,388.0,65.234,74.913,95.077,0.115,1.3582,7.97
ATOM,4174.0,HE2,TYR,388.0,64.423,74.548,91.031,0.115,1.3582,9.43
ATOM,4175.0,HH,TYR,388.0,65.366,76.675,93.685,0.43,0.2245,3.45
ATOM,4176.0,N,PRO,389.0,68.144,68.315,93.46,-0.29,1.85,0.0
ATOM,4177.0,CA,PRO,389.0,68.29,66.882,93.742,0.02,2.275,0.0
ATOM,4178.0,C,PRO,389.0,68.268,66.702,95.265,0.51,2.0,0.0
ATOM,4179.0,O,PRO,389.0,68.663,67.611,96.004,-0.51,1.7,0.0
ATOM,4180.0,CB,PRO,389.0,69.663,66.553,93.148,-0.18,2.175,0.0
ATOM,4181.0,CG,PRO,389.0,70.439,67.854,93.304,-0.18,2.175,0.0
ATOM,4182.0,CD,PRO,389.0,69.4,68.888,92.935,0.0,2.175,0.0
ATOM,4183.0,HA,PRO,389.0,67.568,66.356,93.313,0.09,1.32,0.0
ATOM,4184.0,HB2,PRO,389.0,70.108,65.822,93.657,0.09,1.32,0.0
ATOM,4185.0,HB3,PRO,389.0,69.589,66.307,92.187,0.09,1.32,0.0
ATOM,4186.0,HG2,PRO,389.0,70.737,67.962,94.24,0.09,1.32,0.0
ATOM,4187.0,HG3,PRO,389.0,71.202,67.871,92.677,0.09,1.32,0.0
ATOM,4188.0,HD2,PRO,389.0,69.592,69.767,93.368,0.09,1.32,0.0
ATOM,4189.0,HD3,PRO,389.0,69.343,69.01,91.944,0.09,1.32,0.0
ATOM,4190.0,N,VAL,390.0,67.761,65.567,95.741,-0.47,1.85,0.0
ATOM,4191.0,CA,VAL,390.0,67.729,65.289,97.181,0.07,2.275,0.0
ATOM,4192.0,C,VAL,390.0,69.164,65.08,97.679,0.51,2.0,0.0
ATOM,4193.0,O,VAL,390.0,69.516,65.469,98.81,-0.51,1.7,0.0
ATOM,4194.0,CB,VAL,390.0,66.82,64.069,97.505,-0.09,2.275,0.0
ATOM,4195.0,CG1,VAL,390.0,66.897,63.709,98.996,-0.27,2.06,0.0
ATOM,4196.0,CG2,VAL,390.0,65.395,64.405,97.132,-0.27,2.06,0.0
ATOM,4197.0,H,VAL,390.0,67.4,64.913,95.026,0.31,0.2245,0.0
ATOM,4198.0,HA,VAL,390.0,67.356,66.089,97.645,0.09,1.32,0.0
ATOM,4199.0,HB,VAL,390.0,67.174,63.289,97.001,0.09,1.32,0.0
ATOM,4200.0,HG11,VAL,390.0,67.377,62.84,99.098,0.09,1.32,0.0
ATOM,4201.0,HG12,VAL,390.0,67.391,64.427,99.481,0.09,1.32,0.0
ATOM,4202.0,HG13,VAL,390.0,65.972,63.63,99.362,0.09,1.32,0.0
ATOM,4203.0,HG21,VAL,390.0,64.766,63.827,97.655,0.09,1.32,0.0
ATOM,4204.0,HG22,VAL,390.0,65.212,65.368,97.339,0.09,1.32,0.0
ATOM,4205.0,HG23,VAL,390.0,65.257,64.244,96.153,0.09,1.32,0.0
ATOM,4206.0,N,TRP,391.0,69.997,64.469,96.84,-0.47,1.85,0.0
ATOM,4207.0,CA,TRP,391.0,71.395,64.31,97.199,0.07,2.275,0.0
ATOM,4208.0,C,TRP,391.0,72.259,65.271,96.376,0.51,2.0,0.0
ATOM,4209.0,O,TRP,391.0,72.176,66.484,96.572,-0.51,1.7,0.0
ATOM,4210.0,CB,TRP,391.0,71.889,62.861,97.109,-0.18,2.175,0.98
ATOM,4211.0,CG,TRP,391.0,71.337,61.989,98.204,-0.03,1.9924,0.0
ATOM,4212.0,CD1,TRP,391.0,70.071,61.472,98.279,0.035,1.9924,0.0
ATOM,4213.0,CD2,TRP,391.0,72.037,61.507,99.358,-0.02,1.8,0.4
ATOM,4214.0,NE1,TRP,391.0,69.943,60.691,99.404,-0.61,1.85,0.05
ATOM,4215.0,CE2,TRP,391.0,71.131,60.691,100.083,0.13,1.8,0.38
ATOM,4216.0,CE3,TRP,391.0,73.337,61.672,99.849,-0.115,1.9924,10.97
ATOM,4217.0,CZ2,TRP,391.0,71.495,60.043,101.283,-0.115,1.9924,0.79
ATOM,4218.0,CZ3,TRP,391.0,73.697,61.025,101.039,-0.115,1.9924,17.77
ATOM,4219.0,CH2,TRP,391.0,72.772,60.221,101.739,-0.115,1.9924,10.37
ATOM,4220.0,H,TRP,391.0,69.58,64.139,95.962,0.31,0.2245,0.0
ATOM,4221.0,HA,TRP,391.0,71.501,64.565,98.163,0.09,1.32,0.0
ATOM,4222.0,HB2,TRP,391.0,71.595,62.474,96.249,0.09,1.32,0.0
ATOM,4223.0,HB3,TRP,391.0,72.874,62.851,97.193,0.09,1.32,0.38
ATOM,4224.0,HD1,TRP,391.0,69.345,61.637,97.614,0.115,1.3582,0.0
ATOM,4225.0,HE1,TRP,391.0,69.116,60.203,99.681,0.38,0.2245,0.51
ATOM,4226.0,HE3,TRP,391.0,74.003,62.235,99.371,0.115,1.3582,4.92
ATOM,4227.0,HZ2,TRP,391.0,70.822,59.478,101.766,0.115,1.3582,0.0
ATOM,4228.0,HZ3,TRP,391.0,74.617,61.139,101.389,0.115,1.3582,17.72
ATOM,4229.0,HH2,TRP,391.0,73.071,59.779,102.584,0.115,1.3582,0.59
ATOM,4230.0,N,ASP,392.0,72.982,64.773,95.378,-0.47,1.85,0.0
ATOM,4231.0,CA,ASP,392.0,73.901,65.646,94.652,0.07,2.275,0.0
ATOM,4232.0,C,ASP,392.0,73.509,66.076,93.239,0.51,2.0,0.0
ATOM,4233.0,O,ASP,392.0,72.702,65.432,92.578,-0.51,1.7,0.0
ATOM,4234.0,CB,ASP,392.0,75.275,64.979,94.603,-0.28,2.175,0.0
ATOM,4235.0,CG,ASP,392.0,75.759,64.507,95.97,0.62,2.0,0.0
ATOM,4236.0,OD1,ASP,392.0,75.222,64.922,97.018,-0.76,1.7,2.2
ATOM,4237.0,OD2,ASP,392.0,76.697,63.696,95.992,-0.76,1.7,21.43
ATOM,4238.0,H,ASP,392.0,72.845,63.78,95.176,0.31,0.2245,0.0
ATOM,4239.0,HA,ASP,392.0,73.991,66.511,95.209,0.09,1.32,0.0
ATOM,4240.0,HB2,ASP,392.0,75.215,64.191,94.0,0.09,1.32,0.0
ATOM,4241.0,HB3,ASP,392.0,75.928,65.639,94.247,0.09,1.32,0.0
ATOM,4242.0,N,GLY,393.0,74.097,67.176,92.778,-0.47,1.85,0.0
ATOM,4243.0,CA,GLY,393.0,73.828,67.651,91.428,-0.02,2.175,0.0
ATOM,4244.0,C,GLY,393.0,74.543,66.702,90.482,0.51,2.0,0.0
ATOM,4245.0,O,GLY,393.0,73.911,65.969,89.72,-0.51,1.7,0.0
ATOM,4246.0,H,GLY,393.0,74.736,67.644,93.438,0.31,0.2245,0.0
ATOM,4247.0,HA2,GLY,393.0,72.854,67.627,91.251,0.09,1.32,0.0
ATOM,4248.0,HA3,GLY,393.0,74.187,68.567,91.316,0.09,1.32,0.0
ATOM,4249.0,N,PHE,394.0,75.874,66.717,90.539,-0.47,1.85,0.0
ATOM,4250.0,CA,PHE,394.0,76.715,65.836,89.737,0.07,2.275,0.0
ATOM,4251.0,C,PHE,394.0,77.609,65.066,90.706,0.51,2.0,0.0
ATOM,4252.0,O,PHE,394.0,78.299,65.659,91.536,-0.51,1.7,0.0
ATOM,4253.0,CB,PHE,394.0,77.602,66.639,88.779,-0.18,2.175,0.0
ATOM,4254.0,CG,PHE,394.0,76.837,67.348,87.693,0.0,1.9924,0.0
ATOM,4255.0,CD1,PHE,394.0,76.26,68.596,87.921,-0.115,1.9924,0.01
ATOM,4256.0,CD2,PHE,394.0,76.68,66.757,86.441,-0.115,1.9924,0.0
ATOM,4257.0,CE1,PHE,394.0,75.525,69.251,86.905,-0.115,1.9924,0.0
ATOM,4258.0,CE2,PHE,394.0,75.956,67.396,85.434,-0.115,1.9924,0.0
ATOM,4259.0,CZ,PHE,394.0,75.377,68.646,85.665,-0.115,1.9924,0.0
ATOM,4260.0,H,PHE,394.0,76.265,67.419,91.212,0.31,0.2245,0.0
ATOM,4261.0,HA,PHE,394.0,76.117,65.17,89.308,0.09,1.32,0.0
ATOM,4262.0,HB2,PHE,394.0,78.081,67.32,89.31,0.09,1.32,0.0
ATOM,4263.0,HB3,PHE,394.0,78.23,66.009,88.349,0.09,1.32,0.0
ATOM,4264.0,HD1,PHE,394.0,76.359,69.042,88.801,0.115,1.3582,0.0
ATOM,4265.0,HD2,PHE,394.0,77.091,65.865,86.261,0.115,1.3582,0.0
ATOM,4266.0,HE1,PHE,394.0,75.12,70.145,87.099,0.115,1.3582,0.0
ATOM,4267.0,HE2,PHE,394.0,75.851,66.946,84.532,0.115,1.3582,0.0
ATOM,4268.0,HZ,PHE,394.0,74.862,69.1,84.944,0.115,1.3582,0.0
ATOM,4269.0,N,ASP,395.0,77.524,63.745,90.652,-0.47,1.85,0.0
ATOM,4270.0,CA,ASP,395.0,78.343,62.885,91.482,0.07,2.275,0.0
ATOM,4271.0,C,ASP,395.0,79.264,62.178,90.495,0.51,2.0,0.0
ATOM,4272.0,O,ASP,395.0,78.904,61.149,89.918,-0.51,1.7,0.0
ATOM,4273.0,CB,ASP,395.0,77.465,61.89,92.235,-0.28,2.175,0.0
ATOM,4274.0,CG,ASP,395.0,78.28,60.876,93.025,0.62,2.0,0.0
ATOM,4275.0,OD1,ASP,395.0,79.452,61.146,93.357,-0.76,1.7,14.15
ATOM,4276.0,OD2,ASP,395.0,77.75,59.79,93.291,-0.76,1.7,9.34
ATOM,4277.0,H,ASP,395.0,76.823,63.384,89.967,0.31,0.2245,0.0
ATOM,4278.0,HA,ASP,395.0,78.911,63.461,92.043,0.09,1.32,0.0
ATOM,4279.0,HB2,ASP,395.0,76.893,62.398,92.868,0.09,1.32,0.0
ATOM,4280.0,HB3,ASP,395.0,76.909,61.403,91.573,0.09,1.32,0.0
ATOM,4281.0,N,LEU,396.0,80.455,62.739,90.309,-0.47,1.85,0.0
ATOM,4282.0,CA,LEU,396.0,81.419,62.221,89.35,0.07,2.275,0.0
ATOM,4283.0,C,LEU,396.0,82.614,61.495,89.963,0.51,2.0,0.0
ATOM,4284.0,O,LEU,396.0,83.645,61.349,89.323,-0.51,1.7,0.07
ATOM,4285.0,CB,LEU,396.0,81.874,63.356,88.433,-0.18,2.175,0.0
ATOM,4286.0,CG,LEU,396.0,80.743,64.172,87.787,-0.09,2.275,0.0
ATOM,4287.0,CD1,LEU,396.0,81.325,65.239,86.884,-0.27,2.06,0.0
ATOM,4288.0,CD2,LEU,396.0,79.77,63.283,87.013,-0.27,2.06,0.0
ATOM,4289.0,H,LEU,396.0,80.635,63.576,90.906,0.31,0.2245,0.0
ATOM,4290.0,HA,LEU,396.0,80.936,61.565,88.73,0.09,1.32,0.0
ATOM,4291.0,HB2,LEU,396.0,82.42,63.986,88.971,0.09,1.32,0.0
ATOM,4292.0,HB3,LEU,396.0,82.41,62.963,87.698,0.09,1.32,0.0
ATOM,4293.0,HG,LEU,396.0,80.204,64.599,88.509,0.09,1.32,0.0
ATOM,4294.0,HD11,LEU,396.0,81.872,64.81,86.163,0.09,1.32,0.0
ATOM,4295.0,HD12,LEU,396.0,80.585,65.768,86.465,0.09,1.32,0.0
ATOM,4296.0,HD13,LEU,396.0,81.908,65.854,87.419,0.09,1.32,0.0
ATOM,4297.0,HD21,LEU,396.0,79.361,62.618,87.637,0.09,1.32,0.0
ATOM,4298.0,HD22,LEU,396.0,79.052,63.85,86.61,0.09,1.32,0.0
ATOM,4299.0,HD23,LEU,396.0,80.264,62.803,86.289,0.09,1.32,0.0
ATOM,4300.0,N,GLY,397.0,82.45,61.011,91.194,-0.47,1.85,0.0
ATOM,4301.0,CA,GLY,397.0,83.522,60.279,91.852,-0.02,2.175,0.35
ATOM,4302.0,C,GLY,397.0,83.536,58.823,91.4,0.51,2.0,0.0
ATOM,4303.0,O,GLY,397.0,82.551,58.336,90.817,-0.51,1.7,0.0
ATOM,4304.0,H,GLY,397.0,81.529,61.196,91.62,0.31,0.2245,0.0
ATOM,4305.0,HA2,GLY,397.0,84.407,60.703,91.63,0.09,1.32,0.0
ATOM,4306.0,HA3,GLY,397.0,83.393,60.315,92.849,0.09,1.32,6.63
ATOM,4307.0,N,ALA,398.0,84.646,58.132,91.653,-0.47,1.85,0.0
ATOM,4308.0,CA,ALA,398.0,84.786,56.732,91.264,0.07,2.275,0.04
ATOM,4309.0,C,ALA,398.0,85.069,55.816,92.466,0.51,2.0,0.0
ATOM,4310.0,O,ALA,398.0,84.774,54.62,92.432,-0.51,1.7,0.0
ATOM,4311.0,CB,ALA,398.0,85.876,56.585,90.212,-0.27,2.06,0.24
ATOM,4312.0,H,ALA,398.0,85.39,58.667,92.142,0.31,0.2245,0.0
ATOM,4313.0,HA,ALA,398.0,83.925,56.426,90.83,0.09,1.32,0.0
ATOM,4314.0,HB1,ALA,398.0,85.758,57.285,89.509,0.09,1.32,0.68
ATOM,4315.0,HB2,ALA,398.0,86.772,56.693,90.642,0.09,1.32,0.18
ATOM,4316.0,HB3,ALA,398.0,85.816,55.68,89.793,0.09,1.32,0.0
ATOM,4317.0,N,ASP,399.0,85.646,56.37,93.527,-0.47,1.85,0.0
ATOM,4318.0,CA,ASP,399.0,85.946,55.585,94.72,0.07,2.275,0.0
ATOM,4319.0,C,ASP,399.0,85.03,56.004,95.839,0.51,2.0,0.0
ATOM,4320.0,O,ASP,399.0,84.651,57.173,95.926,-0.51,1.7,6.46
ATOM,4321.0,CB,ASP,399.0,87.402,55.768,95.158,-0.28,2.175,0.0
ATOM,4322.0,CG,ASP,399.0,88.371,55.021,94.278,0.62,2.0,0.0
ATOM,4323.0,OD1,ASP,399.0,88.062,53.887,93.86,-0.76,1.7,0.0
ATOM,4324.0,OD2,ASP,399.0,89.438,55.576,93.995,-0.76,1.7,0.2
ATOM,4325.0,H,ASP,399.0,85.858,57.379,93.436,0.31,0.2245,0.0
ATOM,4326.0,HA,ASP,399.0,85.739,54.628,94.502,0.09,1.32,0.0
ATOM,4327.0,HB2,ASP,399.0,87.611,56.739,95.12,0.09,1.32,0.0
ATOM,4328.0,HB3,ASP,399.0,87.484,55.432,96.089,0.09,1.32,0.0
ATOM,4329.0,N,THR,400.0,84.66,55.049,96.679,-0.47,1.85,0.0
ATOM,4330.0,CA,THR,400.0,83.795,55.321,97.822,0.07,2.275,2.94
ATOM,4331.0,C,THR,400.0,84.638,55.554,99.075,0.51,2.0,20.19
ATOM,4332.0,O,THR,400.0,85.795,55.123,99.138,-0.51,1.7,11.84
ATOM,4333.0,CB,THR,400.0,82.828,54.151,98.09,0.14,2.275,6.91
ATOM,4334.0,OG1,THR,400.0,83.439,52.913,97.691,-0.66,1.77,21.09
ATOM,4335.0,CG2,THR,400.0,81.516,54.361,97.343,-0.27,2.06,19.03
ATOM,4336.0,H,THR,400.0,85.033,54.103,96.458,0.31,0.2245,1.24
ATOM,4337.0,HA,THR,400.0,83.271,56.156,97.636,0.09,1.32,4.94
ATOM,4338.0,HB,THR,400.0,82.639,54.103,99.092,0.09,1.32,10.3
ATOM,4339.0,HG21,THR,400.0,81.7,54.749,96.437,0.09,1.32,0.0
ATOM,4340.0,HG22,THR,400.0,81.043,53.484,97.236,0.09,1.32,8.59
ATOM,4341.0,HG23,THR,400.0,80.93,54.99,97.858,0.09,1.32,11.89
ATOM,4342.0,HG1,THR,400.0,83.15,52.667,96.761,0.43,0.2245,0.29
ATOM,4343.0,N,ASP,407.0,92.155,45.97,95.602,-0.47,1.85,22.26
ATOM,4344.0,CA,ASP,407.0,90.956,46.546,96.227,0.07,2.275,3.69
ATOM,4345.0,C,ASP,407.0,89.895,46.906,95.198,0.51,2.0,0.0
ATOM,4346.0,O,ASP,407.0,88.755,47.193,95.562,-0.51,1.7,16.02
ATOM,4347.0,CB,ASP,407.0,91.29,47.83,97.005,-0.28,2.175,1.68
ATOM,4348.0,CG,ASP,407.0,91.962,47.569,98.351,0.62,2.0,2.09
ATOM,4349.0,OD1,ASP,407.0,92.939,46.778,98.405,-0.76,1.7,31.73
ATOM,4350.0,OD2,ASP,407.0,91.526,48.199,99.349,-0.76,1.7,42.88
ATOM,4351.0,H,ASP,407.0,92.246,45.837,94.606,0.31,0.2245,7.69
ATOM,4352.0,HA,ASP,407.0,90.564,45.831,96.823,0.09,1.32,11.78
ATOM,4353.0,HB2,ASP,407.0,91.904,48.376,96.445,0.09,1.32,0.0
ATOM,4354.0,HB3,ASP,407.0,90.44,48.321,97.164,0.09,1.32,6.22
ATOM,4355.0,N,ARG,408.0,90.292,46.967,93.928,-0.47,1.85,0.0
ATOM,4356.0,CA,ARG,408.0,89.373,47.311,92.853,0.07,2.275,0.0
ATOM,4357.0,C,ARG,408.0,89.303,46.194,91.824,0.51,2.0,0.37
ATOM,4358.0,O,ARG,408.0,89.996,46.236,90.805,-0.51,1.7,4.06
ATOM,4359.0,CB,ARG,408.0,89.816,48.593,92.14,-0.18,2.175,0.0
ATOM,4360.0,CG,ARG,408.0,89.924,49.85,93.0,-0.18,2.175,1.19
ATOM,4361.0,CD,ARG,408.0,90.151,51.025,92.071,0.2,2.175,0.0
ATOM,4362.0,NE,ARG,408.0,90.46,52.277,92.763,-0.7,1.85,0.0
ATOM,4363.0,CZ,ARG,408.0,91.693,52.746,92.96,0.64,2.0,0.0
ATOM,4364.0,NH1,ARG,408.0,92.755,52.06,92.536,-0.8,1.85,0.0
ATOM,4365.0,NH2,ARG,408.0,91.861,53.945,93.52,-0.8,1.85,0.0
ATOM,4366.0,H,ARG,408.0,91.298,46.751,93.777,0.31,0.2245,0.44
ATOM,4367.0,HA,ARG,408.0,88.454,47.449,93.242,0.09,1.32,0.0
ATOM,4368.0,HB2,ARG,408.0,90.718,48.425,91.729,0.09,1.32,0.0
ATOM,4369.0,HB3,ARG,408.0,89.159,48.782,91.403,0.09,1.32,0.0
ATOM,4370.0,HG2,ARG,408.0,89.082,49.989,93.484,0.09,1.32,0.1
ATOM,4371.0,HG3,ARG,408.0,90.696,49.77,93.6,0.09,1.32,0.0
ATOM,4372.0,HD2,ARG,408.0,90.912,50.795,91.457,0.09,1.32,0.0
ATOM,4373.0,HD3,ARG,408.0,89.32,51.153,91.521,0.09,1.32,0.0
ATOM,4374.0,HE,ARG,408.0,89.69,52.822,93.115,0.44,0.2245,0.0
ATOM,4375.0,HH11,ARG,408.0,92.64,51.199,92.049,0.46,0.2245,0.0
ATOM,4376.0,HH12,ARG,408.0,93.677,52.417,92.709,0.46,0.2245,0.0
ATOM,4377.0,HH21,ARG,408.0,91.06,54.49,93.769,0.46,0.2245,0.0
ATOM,4378.0,HH22,ARG,408.0,92.779,54.294,93.687,0.46,0.2245,0.0
ATOM,4379.0,N,PRO,409.0,88.532,45.135,92.109,-0.29,1.85,0.24
ATOM,4380.0,CA,PRO,409.0,88.462,44.069,91.109,0.02,2.275,2.66
ATOM,4381.0,C,PRO,409.0,87.976,44.592,89.753,0.51,2.0,0.0
ATOM,4382.0,O,PRO,409.0,87.009,45.357,89.672,-0.51,1.7,0.0
ATOM,4383.0,CB,PRO,409.0,87.489,43.06,91.738,-0.18,2.175,14.21
ATOM,4384.0,CG,PRO,409.0,86.783,43.827,92.822,-0.18,2.175,3.95
ATOM,4385.0,CD,PRO,409.0,87.834,44.749,93.345,0.0,2.175,7.3
ATOM,4386.0,HA,PRO,409.0,89.356,43.61,91.011,0.09,1.32,8.15
ATOM,4387.0,HB2,PRO,409.0,86.835,42.727,91.055,0.09,1.32,0.19
ATOM,4388.0,HB3,PRO,409.0,87.987,42.279,92.121,0.09,1.32,11.77
ATOM,4389.0,HG2,PRO,409.0,86.011,44.332,92.44,0.09,1.32,0.0
ATOM,4390.0,HG3,PRO,409.0,86.459,43.203,93.531,0.09,1.32,10.65
ATOM,4391.0,HD2,PRO,409.0,87.439,45.548,93.787,0.09,1.32,0.0
ATOM,4392.0,HD3,PRO,409.0,88.458,44.285,93.969,0.09,1.32,7.42
ATOM,4393.0,N,GLY,410.0,88.731,44.263,88.714,-0.47,1.85,3.26
ATOM,4394.0,CA,GLY,410.0,88.396,44.685,87.369,-0.02,2.175,15.72
ATOM,4395.0,C,GLY,410.0,88.878,46.081,87.025,0.51,2.0,1.72
ATOM,4396.0,O,GLY,410.0,88.63,46.567,85.916,-0.51,1.7,9.94
ATOM,4397.0,H,GLY,410.0,89.566,43.688,88.947,0.31,0.2245,13.84
ATOM,4398.0,HA2,GLY,410.0,88.791,44.022,86.7,0.09,1.32,12.67
ATOM,4399.0,HA3,GLY,410.0,87.383,44.643,87.245,0.09,1.32,0.0
ATOM,4400.0,N,ASP,411.0,89.618,46.707,87.937,-0.47,1.85,0.7
ATOM,4401.0,CA,ASP,411.0,90.093,48.065,87.717,0.07,2.275,2.88
ATOM,4402.0,C,ASP,411.0,91.54,48.204,88.218,0.51,2.0,2.06
ATOM,4403.0,O,ASP,411.0,92.184,47.198,88.545,-0.51,1.7,15.83
ATOM,4404.0,CB,ASP,411.0,89.162,49.034,88.456,-0.28,2.175,0.0
ATOM,4405.0,CG,ASP,411.0,88.911,50.317,87.676,0.62,2.0,0.0
ATOM,4406.0,OD1,ASP,411.0,89.88,50.898,87.153,-0.76,1.7,2.07
ATOM,4407.0,OD2,ASP,411.0,87.749,50.747,87.58,-0.76,1.7,0.0
ATOM,4408.0,H,ASP,411.0,89.819,46.157,88.79,0.31,0.2245,0.0
ATOM,4409.0,HA,ASP,411.0,90.115,48.222,86.727,0.09,1.32,4.42
ATOM,4410.0,HB2,ASP,411.0,88.294,48.575,88.601,0.09,1.32,0.0
ATOM,4411.0,HB3,ASP,411.0,89.585,49.266,89.323,0.09,1.32,0.0
ATOM,4412.0,N,TYR,412.0,92.061,49.429,88.237,-0.47,1.85,0.85
ATOM,4413.0,CA,TYR,412.0,93.418,49.693,88.706,0.07,2.275,0.29
ATOM,4414.0,C,TYR,412.0,93.579,49.353,90.17,0.51,2.0,0.0
ATOM,4415.0,O,TYR,412.0,92.708,49.654,90.987,-0.51,1.7,0.0
ATOM,4416.0,CB,TYR,412.0,93.771,51.166,88.547,-0.18,2.175,0.0
ATOM,4417.0,CG,TYR,412.0,93.906,51.606,87.122,0.0,1.9924,0.0
ATOM,4418.0,CD1,TYR,412.0,94.951,51.136,86.328,-0.115,1.9924,4.69
ATOM,4419.0,CD2,TYR,412.0,92.998,52.497,86.562,-0.115,1.9924,0.28
ATOM,4420.0,CE1,TYR,412.0,95.082,51.537,85.007,-0.115,1.9924,11.11
ATOM,4421.0,CE2,TYR,412.0,93.119,52.906,85.252,-0.115,1.9924,4.36
ATOM,4422.0,CZ,TYR,412.0,94.164,52.424,84.476,0.11,1.9924,1.65
ATOM,4423.0,OH,TYR,412.0,94.285,52.823,83.167,-0.54,1.77,26.89
ATOM,4424.0,H,TYR,412.0,91.421,50.176,87.891,0.31,0.2245,0.0
ATOM,4425.0,HA,TYR,412.0,94.052,49.114,88.172,0.09,1.32,1.39
ATOM,4426.0,HB2,TYR,412.0,93.052,51.708,88.98,0.09,1.32,0.0
ATOM,4427.0,HB3,TYR,412.0,94.64,51.33,89.012,0.09,1.32,0.0
ATOM,4428.0,HD1,TYR,412.0,95.618,50.499,86.718,0.115,1.3582,0.05
ATOM,4429.0,HD2,TYR,412.0,92.245,52.844,87.122,0.115,1.3582,0.0
ATOM,4430.0,HE1,TYR,412.0,95.831,51.187,84.445,0.115,1.3582,12.4
ATOM,4431.0,HE2,TYR,412.0,92.46,53.547,84.856,0.115,1.3582,0.04
ATOM,4432.0,HH,TYR,412.0,93.379,53.028,82.801,0.43,0.2245,19.79
ATOM,4433.0,N,PRO,413.0,94.7,48.711,90.529,-0.29,1.85,0.0
ATOM,4434.0,CA,PRO,413.0,94.894,48.378,91.941,0.02,2.275,0.99
ATOM,4435.0,C,PRO,413.0,95.258,49.626,92.751,0.51,2.0,0.0
ATOM,4436.0,O,PRO,413.0,95.815,50.598,92.22,-0.51,1.7,0.0
ATOM,4437.0,CB,PRO,413.0,96.047,47.373,91.903,-0.18,2.175,14.45
ATOM,4438.0,CG,PRO,413.0,96.839,47.795,90.7,-0.18,2.175,5.45
ATOM,4439.0,CD,PRO,413.0,95.748,48.109,89.684,0.0,2.175,5.97
ATOM,4440.0,HA,PRO,413.0,94.075,47.936,92.322,0.09,1.32,0.14
ATOM,4441.0,HB2,PRO,413.0,96.6,47.435,92.732,0.09,1.32,0.26
ATOM,4442.0,HB3,PRO,413.0,95.704,46.443,91.795,0.09,1.32,11.39
ATOM,4443.0,HG2,PRO,413.0,97.376,48.603,90.897,0.09,1.32,0.0
ATOM,4444.0,HG3,PRO,413.0,97.413,47.055,90.379,0.09,1.32,11.31
ATOM,4445.0,HD2,PRO,413.0,96.07,48.757,89.004,0.09,1.32,0.0
ATOM,4446.0,HD3,PRO,413.0,95.418,47.28,89.246,0.09,1.32,7.26
ATOM,4447.0,N,ILE,414.0,94.95,49.577,94.041,-0.47,1.85,0.0
ATOM,4448.0,CA,ILE,414.0,95.245,50.666,94.961,0.07,2.275,0.0
ATOM,4449.0,C,ILE,414.0,96.743,50.986,94.994,0.51,2.0,0.0
ATOM,4450.0,O,ILE,414.0,97.143,52.106,95.318,-0.51,1.7,2.89
ATOM,4451.0,CB,ILE,414.0,94.748,50.311,96.367,-0.09,2.275,0.2
ATOM,4452.0,CG1,ILE,414.0,93.221,50.36,96.398,-0.18,2.175,0.21
ATOM,4453.0,CG2,ILE,414.0,95.33,51.238,97.403,-0.27,2.06,26.51
ATOM,4454.0,CD1,ILE,414.0,92.635,51.703,96.109,-0.27,2.06,0.25
ATOM,4455.0,H,ILE,414.0,94.479,48.692,94.338,0.31,0.2245,1.06
ATOM,4456.0,HA,ILE,414.0,94.789,51.484,94.592,0.09,1.32,0.0
ATOM,4457.0,HB,ILE,414.0,95.03,49.382,96.569,0.09,1.32,3.72
ATOM,4458.0,HG12,ILE,414.0,92.875,49.695,95.73,0.09,1.32,0.0
ATOM,4459.0,HG13,ILE,414.0,92.922,50.06,97.31,0.09,1.32,0.45
ATOM,4460.0,HG21,ILE,414.0,95.019,50.968,98.315,0.09,1.32,9.73
ATOM,4461.0,HG22,ILE,414.0,96.33,51.198,97.374,0.09,1.32,3.73
ATOM,4462.0,HG23,ILE,414.0,95.036,52.178,97.223,0.09,1.32,0.0
ATOM,4463.0,HD11,ILE,414.0,92.913,52.007,95.195,0.09,1.32,0.0
ATOM,4464.0,HD12,ILE,414.0,91.635,51.654,96.148,0.09,1.32,0.33
ATOM,4465.0,HD13,ILE,414.0,92.956,52.368,96.786,0.09,1.32,0.0
ATOM,4466.0,N,THR,415.0,97.563,50.006,94.629,-0.47,1.85,0.0
ATOM,4467.0,CA,THR,415.0,99.008,50.182,94.615,0.07,2.275,0.89
ATOM,4468.0,C,THR,415.0,99.418,51.09,93.481,0.51,2.0,0.14
ATOM,4469.0,O,THR,415.0,100.399,51.82,93.586,-0.51,1.7,27.84
ATOM,4470.0,CB,THR,415.0,99.748,48.835,94.452,0.14,2.275,7.39
ATOM,4471.0,OG1,THR,415.0,99.259,48.147,93.288,-0.66,1.77,13.94
ATOM,4472.0,CG2,THR,415.0,99.537,47.968,95.689,-0.27,2.06,38.45
ATOM,4473.0,H,THR,415.0,97.09,49.12,94.36,0.31,0.2245,0.11
ATOM,4474.0,HA,THR,415.0,99.285,50.607,95.485,0.09,1.32,7.25
ATOM,4475.0,HB,THR,415.0,100.742,49.021,94.316,0.09,1.32,10.07
ATOM,4476.0,HG21,THR,415.0,98.558,47.805,95.825,0.09,1.32,4.84
ATOM,4477.0,HG22,THR,415.0,100.004,47.089,95.57,0.09,1.32,11.84
ATOM,4478.0,HG23,THR,415.0,99.909,48.432,96.495,0.09,1.32,10.35
ATOM,4479.0,HG1,THR,415.0,98.319,48.436,93.083,0.43,0.2245,0.0
ATOM,4480.0,N,GLN,416.0,98.68,51.01,92.384,-0.47,1.85,0.0
ATOM,4481.0,CA,GLN,416.0,98.956,51.828,91.225,0.07,2.275,2.44
ATOM,4482.0,C,GLN,416.0,98.392,53.221,91.474,0.51,2.0,0.0
ATOM,4483.0,O,GLN,416.0,99.113,54.208,91.381,-0.51,1.7,17.71
ATOM,4484.0,CB,GLN,416.0,98.297,51.214,90.004,-0.18,2.175,1.43
ATOM,4485.0,CG,GLN,416.0,98.809,51.754,88.692,-0.18,2.175,9.95
ATOM,4486.0,CD,GLN,416.0,98.479,50.853,87.521,0.55,2.0,2.05
ATOM,4487.0,H,GLN,416.0,97.902,50.32,92.432,0.31,0.2245,0.0
ATOM,4488.0,HA,GLN,416.0,99.946,51.915,91.127,0.09,1.32,6.28
ATOM,4489.0,HB2,GLN,416.0,98.452,50.222,90.017,0.09,1.32,0.5
ATOM,4490.0,HB3,GLN,416.0,97.307,51.386,90.049,0.09,1.32,0.0
ATOM,4491.0,HG2,GLN,416.0,98.397,52.652,88.526,0.09,1.32,0.0
ATOM,4492.0,HG3,GLN,416.0,99.804,51.852,88.746,0.09,1.32,9.37
ATOM,4493.0,OE1,GLN,416.0,98.533,51.282,86.371,-0.55,1.7,22.13
ATOM,4494.0,NE2,GLN,416.0,98.144,49.596,87.8,-0.62,1.85,12.38
ATOM,4495.0,HE21,GLN,416.0,97.898,48.943,87.067,0.32,0.2245,15.51
ATOM,4496.0,HE22,GLN,416.0,98.14,49.298,88.777,0.3,0.2245,0.54
ATOM,4497.0,N,TYR,417.0,97.105,53.288,91.813,-0.47,1.85,0.0
ATOM,4498.0,CA,TYR,417.0,96.437,54.566,92.074,0.07,2.275,0.0
ATOM,4499.0,C,TYR,417.0,95.713,54.506,93.406,0.51,2.0,0.0
ATOM,4500.0,O,TYR,417.0,94.777,53.733,93.573,-0.51,1.7,0.0
ATOM,4501.0,CB,TYR,417.0,95.405,54.902,90.982,-0.18,2.175,0.0
ATOM,4502.0,CG,TYR,417.0,95.96,55.028,89.581,0.0,1.9924,0.0
ATOM,4503.0,CD1,TYR,417.0,96.777,56.099,89.228,-0.115,1.9924,0.06
ATOM,4504.0,CD2,TYR,417.0,95.679,54.073,88.616,-0.115,1.9924,0.0
ATOM,4505.0,CE1,TYR,417.0,97.297,56.211,87.943,-0.115,1.9924,6.45
ATOM,4506.0,CE2,TYR,417.0,96.192,54.175,87.334,-0.115,1.9924,0.0
ATOM,4507.0,CZ,TYR,417.0,96.998,55.242,87.003,0.11,1.9924,0.08
ATOM,4508.0,OH,TYR,417.0,97.497,55.354,85.727,-0.54,1.77,22.36
ATOM,4509.0,H,TYR,417.0,96.623,52.37,91.875,0.31,0.2245,0.0
ATOM,4510.0,HA,TYR,417.0,97.139,55.28,92.126,0.09,1.32,0.0
ATOM,4511.0,HB2,TYR,417.0,94.711,54.179,90.981,0.09,1.32,0.0
ATOM,4512.0,HB3,TYR,417.0,94.971,55.772,91.226,0.09,1.32,0.0
ATOM,4513.0,HD1,TYR,417.0,96.994,56.801,89.907,0.115,1.3582,0.0
ATOM,4514.0,HD2,TYR,417.0,95.095,53.294,88.85,0.115,1.3582,0.0
ATOM,4515.0,HE1,TYR,417.0,97.882,56.985,87.704,0.115,1.3582,8.96
ATOM,4516.0,HE2,TYR,417.0,95.977,53.475,86.65,0.115,1.3582,0.0
ATOM,4517.0,HH,TYR,417.0,96.969,56.038,85.227,0.43,0.2245,10.52
ATOM,4518.0,N,PRO,418.0,96.148,55.316,94.379,-0.29,1.85,0.0
ATOM,4519.0,CA,PRO,418.0,95.542,55.369,95.705,0.02,2.275,0.05
ATOM,4520.0,C,PRO,418.0,94.066,55.737,95.592,0.51,2.0,0.0
ATOM,4521.0,O,PRO,418.0,93.608,56.241,94.554,-0.51,1.7,0.0
ATOM,4522.0,CB,PRO,418.0,96.308,56.502,96.374,-0.18,2.175,8.14
ATOM,4523.0,CG,PRO,418.0,97.643,56.415,95.743,-0.18,2.175,21.04
ATOM,4524.0,CD,PRO,418.0,97.295,56.237,94.296,0.0,2.175,6.06
ATOM,4525.0,HA,PRO,418.0,95.655,54.497,96.188,0.09,1.32,0.0
ATOM,4526.0,HB2,PRO,418.0,95.873,57.382,96.186,0.09,1.32,0.0
ATOM,4527.0,HB3,PRO,418.0,96.362,56.359,97.361,0.09,1.32,10.3
ATOM,4528.0,HG2,PRO,418.0,98.161,57.252,95.885,0.09,1.32,6.11
ATOM,4529.0,HG3,PRO,418.0,98.15,55.632,96.087,0.09,1.32,7.63
ATOM,4530.0,HD2,PRO,418.0,97.024,57.095,93.874,0.09,1.32,0.0
ATOM,4531.0,HD3,PRO,418.0,98.041,55.821,93.786,0.09,1.32,1.34
ATOM,4532.0,N,LEU,419.0,93.348,55.558,96.688,-0.47,1.85,0.19
ATOM,4533.0,CA,LEU,419.0,91.933,55.87,96.734,0.07,2.275,0.0
ATOM,4534.0,C,LEU,419.0,91.726,57.328,96.343,0.51,2.0,0.0
ATOM,4535.0,O,LEU,419.0,92.465,58.209,96.791,-0.51,1.7,6.2
ATOM,4536.0,CB,LEU,419.0,91.405,55.653,98.144,-0.18,2.175,7.99
ATOM,4537.0,CG,LEU,419.0,89.927,55.306,98.212,-0.09,2.275,0.0
ATOM,4538.0,CD1,LEU,419.0,89.734,53.863,97.733,-0.27,2.06,12.92
ATOM,4539.0,CD2,LEU,419.0,89.425,55.478,99.637,-0.27,2.06,26.65
ATOM,4540.0,H,LEU,419.0,93.879,55.18,97.501,0.31,0.2245,4.79
ATOM,4541.0,HA,LEU,419.0,91.451,55.295,96.072,0.09,1.32,0.0
ATOM,4542.0,HB2,LEU,419.0,91.908,54.901,98.548,0.09,1.32,4.46
ATOM,4543.0,HB3,LEU,419.0,91.541,56.489,98.655,0.09,1.32,3.38
ATOM,4544.0,HG,LEU,419.0,89.415,55.916,97.619,0.09,1.32,0.0
ATOM,4545.0,HD11,LEU,419.0,90.255,53.248,98.323,0.09,1.32,5.82
ATOM,4546.0,HD12,LEU,419.0,88.764,53.629,97.775,0.09,1.32,3.29
ATOM,4547.0,HD13,LEU,419.0,90.059,53.782,96.792,0.09,1.32,0.0
ATOM,4548.0,HD21,LEU,419.0,89.556,56.427,99.926,0.09,1.32,2.72
ATOM,4549.0,HD22,LEU,419.0,88.452,55.249,99.679,0.09,1.32,0.0
ATOM,4550.0,HD23,LEU,419.0,89.936,54.871,100.248,0.09,1.32,9.96
ATOM,4551.0,N,HIS,420.0,90.701,57.572,95.53,-0.47,1.85,0.0
ATOM,4552.0,CA,HIS,420.0,90.348,58.909,95.048,0.07,2.275,0.09
ATOM,4553.0,C,HIS,420.0,91.379,59.52,94.083,0.51,2.0,0.0
ATOM,4554.0,O,HIS,420.0,91.294,60.703,93.756,-0.51,1.7,0.36
ATOM,4555.0,CB,HIS,420.0,90.092,59.859,96.224,-0.09,2.175,3.58
ATOM,4556.0,CG,HIS,420.0,89.03,59.378,97.167,-0.05,1.8,0.0
ATOM,4557.0,H,HIS,420.0,90.158,56.714,95.259,0.31,0.2245,0.0
ATOM,4558.0,HA,HIS,420.0,89.46,58.846,94.555,0.09,1.32,0.0
ATOM,4559.0,HB2,HIS,420.0,90.946,59.975,96.742,0.09,1.32,3.53
ATOM,4560.0,HB3,HIS,420.0,89.812,60.755,95.864,0.09,1.32,0.0
ATOM,4561.0,ND1,HIS,420.0,87.743,59.094,96.762,-0.36,1.85,0.0
ATOM,4562.0,CD2,HIS,420.0,89.06,59.146,98.5,0.22,1.8,5.24
ATOM,4563.0,CE1,HIS,420.0,87.029,58.707,97.801,0.25,1.8,1.64
ATOM,4564.0,NE2,HIS,420.0,87.803,58.73,98.867,-0.7,1.85,11.9
ATOM,4565.0,HD1,HIS,420.0,87.406,59.171,95.822,0.32,0.2245,0.0
ATOM,4566.0,HD2,HIS,420.0,89.844,59.256,99.104,0.1,1.468,12.17
ATOM,4567.0,HE1,HIS,420.0,86.068,58.443,97.784,0.13,0.9,3.1
ATOM,4568.0,N,GLN,421.0,92.308,58.704,93.59,-0.47,1.85,0.0
ATOM,4569.0,CA,GLN,421.0,93.334,59.191,92.679,0.07,2.275,0.0
ATOM,4570.0,C,GLN,421.0,93.421,58.501,91.318,0.51,2.0,0.0
ATOM,4571.0,O,GLN,421.0,94.489,58.446,90.691,-0.51,1.7,0.0
ATOM,4572.0,CB,GLN,421.0,94.696,59.197,93.37,-0.18,2.175,0.0
ATOM,4573.0,CG,GLN,421.0,94.749,60.093,94.607,-0.18,2.175,1.48
ATOM,4574.0,CD,GLN,421.0,96.162,60.314,95.089,0.55,2.0,0.0
ATOM,4575.0,H,GLN,421.0,92.237,57.72,93.904,0.31,0.2245,0.0
ATOM,4576.0,HA,GLN,421.0,93.148,60.188,92.504,0.09,1.32,0.0
ATOM,4577.0,HB2,GLN,421.0,94.919,58.266,93.655,0.09,1.32,0.0
ATOM,4578.0,HB3,GLN,421.0,95.386,59.524,92.724,0.09,1.32,0.0
ATOM,4579.0,HG2,GLN,421.0,94.344,60.975,94.375,0.09,1.32,0.08
ATOM,4580.0,HG3,GLN,421.0,94.222,59.658,95.334,0.09,1.32,0.0
ATOM,4581.0,OE1,GLN,421.0,97.113,60.23,94.314,-0.55,1.7,6.28
ATOM,4582.0,NE2,GLN,421.0,96.311,60.618,96.365,-0.62,1.85,9.65
ATOM,4583.0,HE21,GLN,421.0,97.236,60.769,96.769,0.32,0.2245,17.55
ATOM,4584.0,HE22,GLN,421.0,95.481,60.704,96.954,0.3,0.2245,13.88
ATOM,4585.0,N,LEU,422.0,92.296,57.981,90.847,-0.47,1.85,0.0
ATOM,4586.0,CA,LEU,422.0,92.265,57.35,89.534,0.07,2.275,0.0
ATOM,4587.0,C,LEU,422.0,92.319,58.439,88.461,0.51,2.0,0.0
ATOM,4588.0,O,LEU,422.0,91.831,59.556,88.656,-0.51,1.7,0.0
ATOM,4589.0,CB,LEU,422.0,90.982,56.544,89.345,-0.18,2.175,0.0
ATOM,4590.0,CG,LEU,422.0,90.845,55.276,90.174,-0.09,2.275,0.0
ATOM,4591.0,CD1,LEU,422.0,89.393,54.817,90.134,-0.27,2.06,0.0
ATOM,4592.0,CD2,LEU,422.0,91.796,54.212,89.639,-0.27,2.06,0.0
ATOM,4593.0,H,LEU,422.0,91.477,58.06,91.468,0.31,0.2245,0.36
ATOM,4594.0,HA,LEU,422.0,93.071,56.771,89.434,0.09,1.32,0.0
ATOM,4595.0,HB2,LEU,422.0,90.212,57.138,89.577,0.09,1.32,0.14
ATOM,4596.0,HB3,LEU,422.0,90.926,56.282,88.383,0.09,1.32,0.0
ATOM,4597.0,HG,LEU,422.0,91.104,55.468,91.113,0.09,1.32,0.0
ATOM,4598.0,HD11,LEU,422.0,89.127,54.633,89.188,0.09,1.32,0.0
ATOM,4599.0,HD12,LEU,422.0,89.292,53.983,90.677,0.09,1.32,0.0
ATOM,4600.0,HD13,LEU,422.0,88.806,55.533,90.512,0.09,1.32,0.14
ATOM,4601.0,HD21,LEU,422.0,92.737,54.547,89.696,0.09,1.32,0.0
ATOM,4602.0,HD22,LEU,422.0,91.705,53.379,90.185,0.09,1.32,0.0
ATOM,4603.0,HD23,LEU,422.0,91.57,54.012,88.685,0.09,1.32,0.0
ATOM,4604.0,N,PRO,423.0,92.928,58.127,87.314,-0.29,1.85,0.0
ATOM,4605.0,CA,PRO,423.0,93.05,59.063,86.195,0.02,2.275,0.84
ATOM,4606.0,C,PRO,423.0,91.746,58.997,85.374,0.51,2.0,0.0
ATOM,4607.0,O,PRO,423.0,91.739,58.526,84.242,-0.51,1.7,3.1
ATOM,4608.0,CB,PRO,423.0,94.245,58.499,85.436,-0.18,2.175,14.53
ATOM,4609.0,CG,PRO,423.0,94.07,57.006,85.624,-0.18,2.175,4.67
ATOM,4610.0,CD,PRO,423.0,93.641,56.861,87.055,0.0,2.175,0.0
ATOM,4611.0,HA,PRO,423.0,93.217,59.988,86.512,0.09,1.32,0.0
ATOM,4612.0,HB2,PRO,423.0,94.204,58.735,84.473,0.09,1.32,1.16
ATOM,4613.0,HB3,PRO,423.0,95.101,58.801,85.835,0.09,1.32,4.74
ATOM,4614.0,HG2,PRO,423.0,93.372,56.662,84.998,0.09,1.32,1.03
ATOM,4615.0,HG3,PRO,423.0,94.935,56.537,85.454,0.09,1.32,0.0
ATOM,4616.0,HD2,PRO,423.0,93.027,56.084,87.178,0.09,1.32,0.0
ATOM,4617.0,HD3,PRO,423.0,94.425,56.77,87.668,0.09,1.32,0.0
ATOM,4618.0,N,LEU,424.0,90.645,59.458,85.97,-0.47,1.85,0.0
ATOM,4619.0,CA,LEU,424.0,89.323,59.409,85.34,0.07,2.275,0.0
ATOM,4620.0,C,LEU,424.0,89.267,60.103,83.986,0.51,2.0,0.0
ATOM,4621.0,O,LEU,424.0,88.548,59.658,83.092,-0.51,1.7,0.0
ATOM,4622.0,CB,LEU,424.0,88.261,59.948,86.296,-0.18,2.175,0.0
ATOM,4623.0,CG,LEU,424.0,88.241,59.207,87.635,-0.09,2.275,0.0
ATOM,4624.0,CD1,LEU,424.0,87.256,59.852,88.602,-0.27,2.06,0.03
ATOM,4625.0,CD2,LEU,424.0,87.892,57.756,87.411,-0.27,2.06,0.0
ATOM,4626.0,H,LEU,424.0,90.806,59.856,86.922,0.31,0.2245,0.0
ATOM,4627.0,HA,LEU,424.0,89.07,58.433,85.21,0.09,1.32,0.0
ATOM,4628.0,HB2,LEU,424.0,88.466,60.89,86.482,0.09,1.32,0.0
ATOM,4629.0,HB3,LEU,424.0,87.382,59.829,85.877,0.09,1.32,0.0
ATOM,4630.0,HG,LEU,424.0,89.159,59.23,88.033,0.09,1.32,0.0
ATOM,4631.0,HD11,LEU,424.0,86.337,59.827,88.208,0.09,1.32,0.27
ATOM,4632.0,HD12,LEU,424.0,87.261,59.351,89.467,0.09,1.32,0.0
ATOM,4633.0,HD13,LEU,424.0,87.523,60.802,88.765,0.09,1.32,0.0
ATOM,4634.0,HD21,LEU,424.0,88.573,57.33,86.81,0.09,1.32,0.0
ATOM,4635.0,HD22,LEU,424.0,87.879,57.269,88.288,0.09,1.32,0.0
ATOM,4636.0,HD23,LEU,424.0,86.988,57.685,86.983,0.09,1.32,0.0
ATOM,4637.0,N,ASN,425.0,89.931,61.249,83.878,-0.47,1.85,0.0
ATOM,4638.0,CA,ASN,425.0,90.03,61.95,82.609,0.07,2.275,0.42
ATOM,4639.0,C,ASN,425.0,88.749,62.431,81.936,0.51,2.0,0.0
ATOM,4640.0,O,ASN,425.0,88.72,62.571,80.714,-0.51,1.7,0.0
ATOM,4641.0,CB,ASN,425.0,90.795,61.068,81.61,-0.18,2.175,0.08
ATOM,4642.0,CG,ASN,425.0,92.286,61.318,81.631,0.55,2.0,2.54
ATOM,4643.0,H,ASN,425.0,90.361,61.589,84.759,0.31,0.2245,0.32
ATOM,4644.0,HA,ASN,425.0,90.607,62.795,82.779,0.09,1.32,1.33
ATOM,4645.0,HB2,ASN,425.0,90.625,60.114,81.844,0.09,1.32,0.26
ATOM,4646.0,HB3,ASN,425.0,90.449,61.263,80.696,0.09,1.32,0.0
ATOM,4647.0,OD1,ASN,425.0,93.083,60.412,81.896,-0.55,1.7,23.64
ATOM,4648.0,ND2,ASN,425.0,92.677,62.54,81.307,-0.62,1.85,9.65
ATOM,4649.0,HD22,ASN,425.0,92.003,63.242,81.072,0.3,0.2245,5.4
ATOM,4650.0,HD21,ASN,425.0,93.653,62.77,81.296,0.32,0.2245,20.1
ATOM,4651.0,N,HIS,426.0,87.694,62.67,82.702,-0.47,1.85,0.0
ATOM,4652.0,CA,HIS,426.0,86.446,63.152,82.12,0.07,2.275,0.0
ATOM,4653.0,C,HIS,426.0,86.631,64.58,81.572,0.51,2.0,0.0
ATOM,4654.0,O,HIS,426.0,87.468,65.351,82.077,-0.51,1.7,5.32
ATOM,4655.0,CB,HIS,426.0,85.347,63.191,83.185,-0.09,2.175,0.0
ATOM,4656.0,CG,HIS,426.0,85.044,61.858,83.805,-0.05,1.8,0.0
ATOM,4657.0,H,HIS,426.0,87.827,62.492,83.709,0.31,0.2245,0.0
ATOM,4658.0,HA,HIS,426.0,86.197,62.558,81.352,0.09,1.32,0.0
ATOM,4659.0,HB2,HIS,426.0,85.624,63.823,83.919,0.09,1.32,0.0
ATOM,4660.0,HB3,HIS,426.0,84.5,63.543,82.768,0.09,1.32,0.0
ATOM,4661.0,ND1,HIS,426.0,84.85,60.721,83.059,-0.36,1.85,0.0
ATOM,4662.0,CD2,HIS,426.0,84.883,61.492,85.098,0.22,1.8,0.0
ATOM,4663.0,CE1,HIS,426.0,84.581,59.708,83.863,0.25,1.8,0.0
ATOM,4664.0,NE2,HIS,426.0,84.596,60.152,85.107,-0.7,1.85,0.53
ATOM,4665.0,HD1,HIS,426.0,84.905,60.668,82.06,0.32,0.2245,0.0
ATOM,4666.0,HD2,HIS,426.0,84.958,62.086,85.895,0.1,1.468,0.0
ATOM,4667.0,HE1,HIS,426.0,84.397,58.772,83.581,0.13,0.9,0.0
ATOM,4668.0,N,LEU,427.0,85.852,64.922,80.552,-0.47,1.85,0.0
ATOM,4669.0,CA,LEU,427.0,85.866,66.258,79.954,0.07,2.275,0.47
ATOM,4670.0,C,LEU,427.0,84.671,66.932,80.628,0.51,2.0,0.0
ATOM,4671.0,O,LEU,427.0,83.518,66.638,80.303,-0.51,1.7,0.0
ATOM,4672.0,CB,LEU,427.0,85.655,66.171,78.437,-0.18,2.175,0.0
ATOM,4673.0,CG,LEU,427.0,85.697,67.5,77.672,-0.09,2.275,0.29
ATOM,4674.0,CD1,LEU,427.0,87.071,68.116,77.791,-0.27,2.06,32.68
ATOM,4675.0,CD2,LEU,427.0,85.339,67.268,76.201,-0.27,2.06,16.05
ATOM,4676.0,H,LEU,427.0,85.226,64.156,80.211,0.31,0.2245,0.0
ATOM,4677.0,HA,LEU,427.0,86.678,66.72,80.227,0.09,1.32,0.97
ATOM,4678.0,HB2,LEU,427.0,86.372,65.591,78.062,0.09,1.32,0.0
ATOM,4679.0,HB3,LEU,427.0,84.762,65.764,78.276,0.09,1.32,0.0
ATOM,4680.0,HG,LEU,427.0,85.016,68.115,78.061,0.09,1.32,0.0
ATOM,4681.0,HD11,LEU,427.0,87.757,67.494,77.407,0.09,1.32,7.23
ATOM,4682.0,HD12,LEU,427.0,87.099,68.984,77.291,0.09,1.32,10.66
ATOM,4683.0,HD13,LEU,427.0,87.285,68.285,78.755,0.09,1.32,4.23
ATOM,4684.0,HD21,LEU,427.0,84.42,66.882,76.142,0.09,1.32,0.0
ATOM,4685.0,HD22,LEU,427.0,85.369,68.139,75.713,0.09,1.32,9.25
ATOM,4686.0,HD23,LEU,427.0,85.997,66.633,75.798,0.09,1.32,3.18
ATOM,4687.0,N,ILE,428.0,84.949,67.844,81.551,-0.47,1.85,0.0
ATOM,4688.0,CA,ILE,428.0,83.903,68.49,82.347,0.07,2.275,0.0
ATOM,4689.0,C,ILE,428.0,83.892,69.991,82.122,0.51,2.0,0.0
ATOM,4690.0,O,ILE,428.0,84.879,70.675,82.43,-0.51,1.7,2.23
ATOM,4691.0,CB,ILE,428.0,84.129,68.177,83.866,-0.09,2.275,0.0
ATOM,4692.0,CG1,ILE,428.0,84.104,66.65,84.1,-0.18,2.175,0.0
ATOM,4693.0,CG2,ILE,428.0,83.088,68.902,84.732,-0.27,2.06,0.0
ATOM,4694.0,CD1,ILE,428.0,84.705,66.225,85.432,-0.27,2.06,0.0
ATOM,4695.0,H,ILE,428.0,85.961,68.06,81.661,0.31,0.2245,0.43
ATOM,4696.0,HA,ILE,428.0,83.029,68.137,81.998,0.09,1.32,0.0
ATOM,4697.0,HB,ILE,428.0,85.027,68.511,84.108,0.09,1.32,0.0
ATOM,4698.0,HG12,ILE,428.0,83.157,66.344,84.059,0.09,1.32,0.0
ATOM,4699.0,HG13,ILE,428.0,84.618,66.218,83.364,0.09,1.32,0.0
ATOM,4700.0,HG21,ILE,428.0,83.283,68.726,85.693,0.09,1.32,0.0
ATOM,4701.0,HG22,ILE,428.0,83.137,69.88,84.551,0.09,1.32,0.0
ATOM,4702.0,HG23,ILE,428.0,82.18,68.562,84.504,0.09,1.32,0.0
ATOM,4703.0,HD11,ILE,428.0,84.191,66.651,86.173,0.09,1.32,0.0
ATOM,4704.0,HD12,ILE,428.0,84.654,65.232,85.512,0.09,1.32,0.0
ATOM,4705.0,HD13,ILE,428.0,85.658,66.519,85.469,0.09,1.32,0.0
ATOM,4706.0,N,ASP,429.0,82.75,70.515,81.68,-0.47,1.85,0.0
ATOM,4707.0,CA,ASP,429.0,82.664,71.935,81.371,0.07,2.275,0.0
ATOM,4708.0,C,ASP,429.0,81.235,72.439,81.257,0.51,2.0,0.0
ATOM,4709.0,O,ASP,429.0,80.357,71.743,80.748,-0.51,1.7,0.0
ATOM,4710.0,CB,ASP,429.0,83.374,72.203,80.027,-0.28,2.175,5.88
ATOM,4711.0,CG,ASP,429.0,83.33,73.679,79.606,0.62,2.0,3.01
ATOM,4712.0,OD1,ASP,429.0,83.925,74.508,80.306,-0.76,1.7,1.9
ATOM,4713.0,OD2,ASP,429.0,82.707,74.019,78.576,-0.76,1.7,25.47
ATOM,4714.0,H,ASP,429.0,81.969,69.852,81.582,0.31,0.2245,0.0
ATOM,4715.0,HA,ASP,429.0,83.095,72.435,82.144,0.09,1.32,0.0
ATOM,4716.0,HB2,ASP,429.0,84.323,71.932,80.123,0.09,1.32,2.3
ATOM,4717.0,HB3,ASP,429.0,82.922,71.663,79.329,0.09,1.32,0.0
ATOM,4718.0,N,ASN,430.0,81.031,73.67,81.709,-0.47,1.85,0.0
ATOM,4719.0,CA,ASN,430.0,79.739,74.34,81.604,0.07,2.275,0.0
ATOM,4720.0,C,ASN,430.0,78.593,73.572,82.259,0.51,2.0,0.0
ATOM,4721.0,O,ASN,430.0,77.679,73.09,81.575,-0.51,1.7,1.18
ATOM,4722.0,CB,ASN,430.0,79.409,74.605,80.12,-0.18,2.175,2.42
ATOM,4723.0,CG,ASN,430.0,78.205,75.54,79.938,0.55,2.0,2.14
ATOM,4724.0,H,ASN,430.0,81.869,74.116,82.144,0.31,0.2245,0.0
ATOM,4725.0,HA,ASN,430.0,79.821,75.225,82.098,0.09,1.32,0.05
ATOM,4726.0,HB2,ASN,430.0,80.2,75.027,79.694,0.09,1.32,2.5
ATOM,4727.0,HB3,ASN,430.0,79.199,73.736,79.686,0.09,1.32,0.0
ATOM,4728.0,OD1,ASN,430.0,77.762,76.185,80.884,-0.55,1.7,30.81
ATOM,4729.0,ND2,ASN,430.0,77.676,75.612,78.719,-0.62,1.85,16.51
ATOM,4730.0,HD22,ASN,430.0,78.072,75.059,77.981,0.3,0.2245,4.08
ATOM,4731.0,HD21,ASN,430.0,76.898,76.205,78.541,0.32,0.2245,21.58
ATOM,4732.0,N,LEU,431.0,78.608,73.52,83.586,-0.47,1.85,0.15
ATOM,4733.0,CA,LEU,431.0,77.574,72.823,84.345,0.07,2.275,0.28
ATOM,4734.0,C,LEU,431.0,76.959,73.792,85.347,0.51,2.0,0.41
ATOM,4735.0,O,LEU,431.0,77.656,74.642,85.893,-0.51,1.7,1.85
ATOM,4736.0,CB,LEU,431.0,78.165,71.621,85.089,-0.18,2.175,0.0
ATOM,4737.0,CG,LEU,431.0,78.892,70.559,84.254,-0.09,2.275,0.0
ATOM,4738.0,CD1,LEU,431.0,79.342,69.409,85.158,-0.27,2.06,0.0
ATOM,4739.0,CD2,LEU,431.0,77.979,70.049,83.147,-0.27,2.06,0.0
ATOM,4740.0,H,LEU,431.0,79.409,74.012,84.032,0.31,0.2245,0.0
ATOM,4741.0,HA,LEU,431.0,76.86,72.523,83.714,0.09,1.32,0.0
ATOM,4742.0,HB2,LEU,431.0,78.822,71.97,85.759,0.09,1.32,0.0
ATOM,4743.0,HB3,LEU,431.0,77.417,71.16,85.568,0.09,1.32,0.0
ATOM,4744.0,HG,LEU,431.0,79.689,70.972,83.826,0.09,1.32,0.0
ATOM,4745.0,HD11,LEU,431.0,78.542,68.999,85.593,0.09,1.32,0.0
ATOM,4746.0,HD12,LEU,431.0,79.814,68.722,84.608,0.09,1.32,0.0
ATOM,4747.0,HD13,LEU,431.0,79.961,69.762,85.858,0.09,1.32,0.0
ATOM,4748.0,HD21,LEU,431.0,77.717,70.81,82.553,0.09,1.32,0.0
ATOM,4749.0,HD22,LEU,431.0,78.461,69.357,82.608,0.09,1.32,0.0
ATOM,4750.0,HD23,LEU,431.0,77.158,69.644,83.551,0.09,1.32,0.0
ATOM,4751.0,N,LEU,432.0,75.648,73.693,85.544,-0.47,1.85,0.51
ATOM,4752.0,CA,LEU,432.0,74.944,74.542,86.484,0.07,2.275,0.0
ATOM,4753.0,C,LEU,432.0,74.152,73.672,87.438,0.51,2.0,0.0
ATOM,4754.0,O,LEU,432.0,73.53,72.698,87.025,-0.51,1.7,0.0
ATOM,4755.0,CB,LEU,432.0,73.99,75.49,85.747,-0.18,2.175,4.84
ATOM,4756.0,CG,LEU,432.0,73.001,76.304,86.592,-0.09,2.275,0.0
ATOM,4757.0,CD1,LEU,432.0,73.741,77.354,87.37,-0.27,2.06,2.67
ATOM,4758.0,CD2,LEU,432.0,71.963,76.962,85.691,-0.27,2.06,27.25
ATOM,4759.0,H,LEU,432.0,75.18,72.959,84.969,0.31,0.2245,0.0
ATOM,4760.0,HA,LEU,432.0,75.614,75.066,87.012,0.09,1.32,0.0
ATOM,4761.0,HB2,LEU,432.0,74.548,76.145,85.233,0.09,1.32,7.18
ATOM,4762.0,HB3,LEU,432.0,73.451,74.942,85.106,0.09,1.32,0.0
ATOM,4763.0,HG,LEU,432.0,72.531,75.683,87.216,0.09,1.32,0.0
ATOM,4764.0,HD11,LEU,432.0,74.222,77.973,86.743,0.09,1.32,4.04
ATOM,4765.0,HD12,LEU,432.0,73.098,77.889,87.924,0.09,1.32,0.0
ATOM,4766.0,HD13,LEU,432.0,74.413,76.922,87.978,0.09,1.32,0.0
ATOM,4767.0,HD21,LEU,432.0,71.463,76.257,85.188,0.09,1.32,0.03
ATOM,4768.0,HD22,LEU,432.0,71.323,77.49,86.25,0.09,1.32,6.74
ATOM,4769.0,HD23,LEU,432.0,72.422,77.571,85.044,0.09,1.32,9.81
ATOM,4770.0,N,VAL,433.0,74.193,74.016,88.717,-0.47,1.85,0.0
ATOM,4771.0,CA,VAL,433.0,73.443,73.291,89.744,0.07,2.275,0.0
ATOM,4772.0,C,VAL,433.0,72.757,74.317,90.66,0.51,2.0,0.0
ATOM,4773.0,O,VAL,433.0,73.362,75.327,91.053,-0.51,1.7,0.0
ATOM,4774.0,CB,VAL,433.0,74.362,72.395,90.636,-0.09,2.275,0.0
ATOM,4775.0,CG1,VAL,433.0,73.552,71.731,91.736,-0.27,2.06,0.0
ATOM,4776.0,CG2,VAL,433.0,75.066,71.317,89.792,-0.27,2.06,0.0
ATOM,4777.0,H,VAL,433.0,74.797,74.837,88.93,0.31,0.2245,0.0
ATOM,4778.0,HA,VAL,433.0,72.731,72.759,89.296,0.09,1.32,0.0
ATOM,4779.0,HB,VAL,433.0,75.021,72.996,91.072,0.09,1.32,0.0
ATOM,4780.0,HG11,VAL,433.0,74.148,71.141,92.282,0.09,1.32,0.0
ATOM,4781.0,HG12,VAL,433.0,73.15,72.432,92.326,0.09,1.32,0.0
ATOM,4782.0,HG13,VAL,433.0,72.822,71.181,91.33,0.09,1.32,0.0
ATOM,4783.0,HG21,VAL,433.0,74.521,70.482,89.818,0.09,1.32,0.0
ATOM,4784.0,HG22,VAL,433.0,75.147,71.645,88.854,0.09,1.32,0.0
ATOM,4785.0,HG23,VAL,433.0,75.971,71.149,90.176,0.09,1.32,0.0
ATOM,4786.0,N,ARG,434.0,71.486,74.076,90.965,-0.47,1.85,0.0
ATOM,4787.0,CA,ARG,434.0,70.754,74.93,91.887,0.07,2.275,0.0
ATOM,4788.0,C,ARG,434.0,69.777,74.106,92.734,0.51,2.0,0.0
ATOM,4789.0,O,ARG,434.0,69.11,73.191,92.228,-0.51,1.7,0.0
ATOM,4790.0,CB,ARG,434.0,69.999,76.036,91.157,-0.18,2.175,0.96
ATOM,4791.0,CG,ARG,434.0,69.157,76.887,92.101,-0.18,2.175,0.0
ATOM,4792.0,CD,ARG,434.0,68.492,78.023,91.383,0.2,2.175,2.95
ATOM,4793.0,NE,ARG,434.0,67.771,78.869,92.321,-0.7,1.85,0.38
ATOM,4794.0,CZ,ARG,434.0,67.089,79.963,91.986,0.64,2.0,2.27
ATOM,4795.0,NH1,ARG,434.0,67.027,80.371,90.724,-0.8,1.85,24.51
ATOM,4796.0,NH2,ARG,434.0,66.437,80.63,92.923,-0.8,1.85,23.86
ATOM,4797.0,H,ARG,434.0,71.074,73.246,90.499,0.31,0.2245,0.0
ATOM,4798.0,HA,ARG,434.0,71.406,75.382,92.506,0.09,1.32,0.0
ATOM,4799.0,HB2,ARG,434.0,70.657,76.628,90.716,0.09,1.32,0.0
ATOM,4800.0,HB3,ARG,434.0,69.392,75.62,90.497,0.09,1.32,0.0
ATOM,4801.0,HG2,ARG,434.0,68.452,76.313,92.516,0.09,1.32,0.0
ATOM,4802.0,HG3,ARG,434.0,69.747,77.261,92.816,0.09,1.32,0.0
ATOM,4803.0,HD2,ARG,434.0,69.19,78.562,90.926,0.09,1.32,0.0
ATOM,4804.0,HD3,ARG,434.0,67.852,77.648,90.721,0.09,1.32,5.58
ATOM,4805.0,HE,ARG,434.0,67.787,78.611,93.298,0.44,0.2245,0.0
ATOM,4806.0,HH11,ARG,434.0,67.477,79.849,90.001,0.46,0.2245,10.15
ATOM,4807.0,HH12,ARG,434.0,66.524,81.208,90.494,0.46,0.2245,18.61
ATOM,4808.0,HH21,ARG,434.0,66.439,80.306,93.871,0.46,0.2245,6.64
ATOM,4809.0,HH22,ARG,434.0,65.935,81.466,92.689,0.46,0.2245,18.59
ATOM,4810.0,N,GLY,435.0,69.731,74.397,94.029,-0.47,1.85,0.0
ATOM,4811.0,CA,GLY,435.0,68.781,73.721,94.902,-0.02,2.175,0.0
ATOM,4812.0,C,GLY,435.0,69.091,72.353,95.473,0.51,2.0,0.0
ATOM,4813.0,O,GLY,435.0,68.205,71.742,96.042,-0.51,1.7,0.0
ATOM,4814.0,H,GLY,435.0,70.399,75.113,94.347,0.31,0.2245,0.0
ATOM,4815.0,HA2,GLY,435.0,68.554,74.369,95.699,0.09,1.32,3.56
ATOM,4816.0,HA3,GLY,435.0,67.858,73.668,94.4,0.09,1.32,0.0
ATOM,4817.0,N,ALA,436.0,70.322,71.88,95.357,-0.47,1.85,0.0
ATOM,4818.0,CA,ALA,436.0,70.682,70.565,95.898,0.07,2.275,0.0
ATOM,4819.0,C,ALA,436.0,70.57,70.524,97.425,0.51,2.0,0.0
ATOM,4820.0,O,ALA,436.0,70.96,71.485,98.122,-0.51,1.7,0.0
ATOM,4821.0,CB,ALA,436.0,72.092,70.187,95.481,-0.27,2.06,0.0
ATOM,4822.0,H,ALA,436.0,70.991,72.497,94.867,0.31,0.2245,0.0
ATOM,4823.0,HA,ALA,436.0,70.054,69.875,95.513,0.09,1.32,0.0
ATOM,4824.0,HB1,ALA,436.0,72.724,70.922,95.728,0.09,1.32,0.0
ATOM,4825.0,HB2,ALA,436.0,72.366,69.345,95.947,0.09,1.32,0.0
ATOM,4826.0,HB3,ALA,436.0,72.123,70.043,94.492,0.09,1.32,0.0
ATOM,4827.0,N,LEU,437.0,69.994,69.444,97.945,-0.47,1.85,0.0
ATOM,4828.0,CA,LEU,437.0,69.885,69.288,99.395,0.07,2.275,0.0
ATOM,4829.0,C,LEU,437.0,71.185,68.642,99.907,0.51,2.0,0.0
ATOM,4830.0,O,LEU,437.0,71.519,68.747,101.085,-0.51,1.7,0.0
ATOM,4831.0,CB,LEU,437.0,68.652,68.45,99.759,-0.18,2.175,0.0
ATOM,4832.0,CG,LEU,437.0,68.292,68.24,101.245,-0.09,2.275,0.1
ATOM,4833.0,CD1,LEU,437.0,68.166,69.597,101.971,-0.27,2.06,0.0
ATOM,4834.0,CD2,LEU,437.0,66.99,67.425,101.358,-0.27,2.06,0.0
ATOM,4835.0,H,LEU,437.0,69.646,68.755,97.265,0.31,0.2245,0.0
ATOM,4836.0,HA,LEU,437.0,69.8,70.186,99.811,0.09,1.32,0.0
ATOM,4837.0,HB2,LEU,437.0,67.85,68.881,99.324,0.09,1.32,0.0
ATOM,4838.0,HB3,LEU,437.0,68.774,67.534,99.357,0.09,1.32,0.0
ATOM,4839.0,HG,LEU,437.0,69.01,67.704,101.68,0.09,1.32,0.0
ATOM,4840.0,HD11,LEU,437.0,67.449,70.133,101.533,0.09,1.32,0.0
ATOM,4841.0,HD12,LEU,437.0,67.934,69.432,102.926,0.09,1.32,0.0
ATOM,4842.0,HD13,LEU,437.0,69.037,70.078,101.91,0.09,1.32,0.0
ATOM,4843.0,HD21,LEU,437.0,67.122,66.539,100.919,0.09,1.32,0.0
ATOM,4844.0,HD22,LEU,437.0,66.769,67.297,102.322,0.09,1.32,0.52
ATOM,4845.0,HD23,LEU,437.0,66.254,67.923,100.904,0.09,1.32,0.0
ATOM,4846.0,N,GLY,438.0,71.902,67.969,99.008,-0.47,1.85,0.0
ATOM,4847.0,CA,GLY,438.0,73.162,67.328,99.333,-0.02,2.175,4.13
ATOM,4848.0,C,GLY,438.0,74.299,68.227,98.86,0.51,2.0,0.0
ATOM,4849.0,O,GLY,438.0,74.338,69.405,99.212,-0.51,1.7,0.0
ATOM,4850.0,H,GLY,438.0,71.476,67.946,98.053,0.31,0.2245,0.0
ATOM,4851.0,HA2,GLY,438.0,73.233,67.198,100.319,0.09,1.32,3.45
ATOM,4852.0,HA3,GLY,438.0,73.225,66.446,98.871,0.09,1.32,0.0
ATOM,4853.0,N,VAL,439.0,75.189,67.701,98.032,-0.47,1.85,0.0
ATOM,4854.0,CA,VAL,439.0,76.332,68.462,97.501,0.07,2.275,0.0
ATOM,4855.0,C,VAL,439.0,76.06,68.886,96.05,0.51,2.0,0.0
ATOM,4856.0,O,VAL,439.0,75.623,68.077,95.241,-0.51,1.7,0.0
ATOM,4857.0,CB,VAL,439.0,77.646,67.605,97.554,-0.09,2.275,0.66
ATOM,4858.0,CG1,VAL,439.0,78.786,68.287,96.814,-0.27,2.06,0.1
ATOM,4859.0,CG2,VAL,439.0,78.061,67.388,98.99,-0.27,2.06,6.5
ATOM,4860.0,H,VAL,439.0,75.017,66.701,97.784,0.31,0.2245,0.0
ATOM,4861.0,HA,VAL,439.0,76.434,69.293,98.051,0.09,1.32,0.0
ATOM,4862.0,HB,VAL,439.0,77.453,66.749,97.083,0.09,1.32,0.0
ATOM,4863.0,HG11,VAL,439.0,78.446,69.114,96.365,0.09,1.32,0.0
ATOM,4864.0,HG12,VAL,439.0,79.506,68.534,97.463,0.09,1.32,0.0
ATOM,4865.0,HG13,VAL,439.0,79.158,67.664,96.126,0.09,1.32,0.0
ATOM,4866.0,HG21,VAL,439.0,77.936,66.425,99.234,0.09,1.32,9.12
ATOM,4867.0,HG22,VAL,439.0,79.025,67.636,99.102,0.09,1.32,0.0
ATOM,4868.0,HG23,VAL,439.0,77.499,67.959,99.592,0.09,1.32,0.0
ATOM,4869.0,N,GLY,440.0,76.324,70.14,95.71,-0.47,1.85,0.0
ATOM,4870.0,CA,GLY,440.0,76.077,70.566,94.346,-0.02,2.175,0.0
ATOM,4871.0,C,GLY,440.0,76.938,69.845,93.314,0.51,2.0,0.0
ATOM,4872.0,O,GLY,440.0,76.423,69.235,92.387,-0.51,1.7,0.0
ATOM,4873.0,H,GLY,440.0,76.694,70.739,96.451,0.31,0.2245,0.0
ATOM,4874.0,HA2,GLY,440.0,75.095,70.417,94.117,0.09,1.32,0.0
ATOM,4875.0,HA3,GLY,440.0,76.242,71.569,94.269,0.09,1.32,0.0
ATOM,4876.0,N,PHE,441.0,78.245,69.818,93.538,-0.47,1.85,0.0
ATOM,4877.0,CA,PHE,441.0,79.166,69.212,92.603,0.07,2.275,0.0
ATOM,4878.0,C,PHE,441.0,80.198,68.389,93.37,0.51,2.0,0.0
ATOM,4879.0,O,PHE,441.0,80.932,68.92,94.202,-0.51,1.7,0.0
ATOM,4880.0,CB,PHE,441.0,79.839,70.327,91.78,-0.18,2.175,0.05
ATOM,4881.0,CG,PHE,441.0,80.777,69.828,90.717,0.0,1.9924,0.0
ATOM,4882.0,CD1,PHE,441.0,80.283,69.223,89.555,-0.115,1.9924,0.07
ATOM,4883.0,CD2,PHE,441.0,82.156,69.952,90.873,-0.115,1.9924,2.71
ATOM,4884.0,CE1,PHE,441.0,81.16,68.749,88.557,-0.115,1.9924,0.0
ATOM,4885.0,CE2,PHE,441.0,83.037,69.482,89.884,-0.115,1.9924,0.69
ATOM,4886.0,CZ,PHE,441.0,82.535,68.878,88.73,-0.115,1.9924,0.0
ATOM,4887.0,H,PHE,441.0,78.54,70.265,94.432,0.31,0.2245,0.0
ATOM,4888.0,HA,PHE,441.0,78.644,68.566,92.044,0.09,1.32,0.0
ATOM,4889.0,HB2,PHE,441.0,79.122,70.847,91.34,0.09,1.32,0.0
ATOM,4890.0,HB3,PHE,441.0,80.356,70.89,92.408,0.09,1.32,0.0
ATOM,4891.0,HD1,PHE,441.0,79.306,69.123,89.423,0.115,1.3582,0.0
ATOM,4892.0,HD2,PHE,441.0,82.528,70.379,91.694,0.115,1.3582,0.35
ATOM,4893.0,HE1,PHE,441.0,80.781,68.323,87.735,0.115,1.3582,0.0
ATOM,4894.0,HE2,PHE,441.0,84.032,69.585,90.018,0.115,1.3582,0.0
ATOM,4895.0,HZ,PHE,441.0,83.159,68.539,88.029,0.115,1.3582,0.0
ATOM,4896.0,N,GLY,442.0,80.239,67.091,93.092,-0.47,1.85,0.0
ATOM,4897.0,CA,GLY,442.0,81.159,66.209,93.776,-0.02,2.175,1.64
ATOM,4898.0,C,GLY,442.0,81.974,65.36,92.825,0.51,2.0,0.11
ATOM,4899.0,O,GLY,442.0,81.482,64.928,91.777,-0.51,1.7,0.0
ATOM,4900.0,H,GLY,442.0,79.571,66.78,92.362,0.31,0.2245,0.0
ATOM,4901.0,HA2,GLY,442.0,81.788,66.76,94.355,0.09,1.32,0.0
ATOM,4902.0,HA3,GLY,442.0,80.64,65.601,94.405,0.09,1.32,4.56
ATOM,4903.0,N,MET,443.0,83.225,65.104,93.193,-0.47,1.85,3.22
ATOM,4904.0,CA,MET,443.0,84.096,64.292,92.359,0.07,2.275,1.14
ATOM,4905.0,C,MET,443.0,85.396,63.909,93.067,0.51,2.0,0.42
ATOM,4906.0,O,MET,443.0,85.691,64.384,94.164,-0.51,1.7,1.86
ATOM,4907.0,CB,MET,443.0,84.422,65.052,91.058,-0.18,2.175,0.0
ATOM,4908.0,CG,MET,443.0,85.293,66.291,91.246,-0.14,2.175,0.0
ATOM,4909.0,SD,MET,443.0,85.699,67.145,89.689,-0.09,2.0,0.0
ATOM,4910.0,CE,MET,443.0,86.592,65.963,88.831,-0.22,2.06,0.0
ATOM,4911.0,H,MET,443.0,83.512,65.52,94.094,0.31,0.2245,0.08
ATOM,4912.0,HA,MET,443.0,83.607,63.435,92.129,0.09,1.32,0.0
ATOM,4913.0,HB2,MET,443.0,84.895,64.423,90.426,0.09,1.32,0.0
ATOM,4914.0,HB3,MET,443.0,83.555,65.335,90.624,0.09,1.32,0.0
ATOM,4915.0,HG2,MET,443.0,84.812,66.932,91.89,0.09,1.32,0.0
ATOM,4916.0,HG3,MET,443.0,86.153,66.014,91.736,0.09,1.32,0.0
ATOM,4917.0,HE1,MET,443.0,85.986,65.353,88.291,0.09,1.32,0.0
ATOM,4918.0,HE2,MET,443.0,87.247,66.386,88.181,0.09,1.32,0.0
ATOM,4919.0,HE3,MET,443.0,87.13,65.372,89.456,0.09,1.32,0.0
ATOM,4920.0,N,ASP,444.0,86.133,62.989,92.464,-0.47,1.85,0.0
ATOM,4921.0,CA,ASP,444.0,87.446,62.604,92.976,0.07,2.275,0.0
ATOM,4922.0,C,ASP,444.0,88.288,62.362,91.737,0.51,2.0,0.0
ATOM,4923.0,O,ASP,444.0,87.81,62.612,90.618,-0.51,1.7,0.0
ATOM,4924.0,CB,ASP,444.0,87.406,61.398,93.949,-0.28,2.175,0.4
ATOM,4925.0,CG,ASP,444.0,87.034,60.055,93.293,0.62,2.0,0.02
ATOM,4926.0,OD1,ASP,444.0,86.791,59.971,92.074,-0.76,1.7,0.29
ATOM,4927.0,OD2,ASP,444.0,86.99,59.045,94.034,-0.76,1.7,0.29
ATOM,4928.0,H,ASP,444.0,85.708,62.572,91.614,0.31,0.2245,0.0
ATOM,4929.0,HA,ASP,444.0,87.822,63.389,93.438,0.09,1.32,0.0
ATOM,4930.0,HB2,ASP,444.0,88.311,61.308,94.358,0.09,1.32,0.0
ATOM,4931.0,HB3,ASP,444.0,86.733,61.6,94.656,0.09,1.32,1.7
ATOM,4932.0,N,GLY,445.0,89.542,61.957,91.922,-0.47,1.85,0.0
ATOM,4933.0,CA,GLY,445.0,90.399,61.676,90.785,-0.02,2.175,0.0
ATOM,4934.0,C,GLY,445.0,91.663,62.498,90.789,0.51,2.0,0.0
ATOM,4935.0,O,GLY,445.0,91.782,63.45,91.56,-0.51,1.7,0.0
ATOM,4936.0,H,GLY,445.0,89.834,61.866,92.906,0.31,0.2245,0.0
ATOM,4937.0,HA2,GLY,445.0,90.639,60.688,90.783,0.09,1.32,0.0
ATOM,4938.0,HA3,GLY,445.0,89.884,61.853,89.926,0.09,1.32,0.0
ATOM,4939.0,N,LYS,446.0,92.615,62.131,89.939,-0.47,1.85,0.0
ATOM,4940.0,CA,LYS,446.0,93.872,62.861,89.851,0.07,2.275,0.0
ATOM,4941.0,C,LYS,446.0,94.08,63.375,88.429,0.51,2.0,0.18
ATOM,4942.0,O,LYS,446.0,93.582,62.77,87.485,-0.51,1.7,3.72
ATOM,4943.0,CB,LYS,446.0,95.049,61.962,90.255,-0.18,2.175,0.0
ATOM,4944.0,CG,LYS,446.0,96.366,62.706,90.36,-0.18,2.175,0.0
ATOM,4945.0,CD,LYS,446.0,97.498,61.832,90.855,-0.18,2.175,0.0
ATOM,4946.0,CE,LYS,446.0,97.923,60.815,89.804,0.21,2.175,5.96
ATOM,4947.0,NZ,LYS,446.0,99.179,60.092,90.206,-0.3,1.85,11.3
ATOM,4948.0,H,LYS,446.0,92.39,61.302,89.36,0.31,0.2245,0.0
ATOM,4949.0,HA,LYS,446.0,93.839,63.647,90.475,0.09,1.32,0.0
ATOM,4950.0,HB2,LYS,446.0,94.84,61.56,91.141,0.09,1.32,0.0
ATOM,4951.0,HB3,LYS,446.0,95.141,61.248,89.567,0.09,1.32,0.32
ATOM,4952.0,HG2,LYS,446.0,96.609,63.069,89.452,0.09,1.32,0.6
ATOM,4953.0,HG3,LYS,446.0,96.254,63.482,90.992,0.09,1.32,0.0
ATOM,4954.0,HD2,LYS,446.0,98.282,62.406,91.072,0.09,1.32,0.07
ATOM,4955.0,HD3,LYS,446.0,97.199,61.339,91.667,0.09,1.32,0.0
ATOM,4956.0,HE2,LYS,446.0,97.19,60.145,89.681,0.05,1.32,0.0
ATOM,4957.0,HE3,LYS,446.0,98.086,61.288,88.937,0.05,1.32,8.71
ATOM,4958.0,HZ1,LYS,446.0,99.888,60.274,89.529,0.33,0.2245,19.09
ATOM,4959.0,HZ2,LYS,446.0,99.47,60.421,91.101,0.33,0.2245,11.79
ATOM,4960.0,HZ3,LYS,446.0,98.99,59.114,90.247,0.33,0.2245,5.39
ATOM,4961.0,N,GLY,447.0,94.77,64.504,88.285,-0.47,1.85,0.0
ATOM,4962.0,CA,GLY,447.0,95.041,65.053,86.965,-0.02,2.175,11.3
ATOM,4963.0,C,GLY,447.0,93.838,65.545,86.168,0.51,2.0,0.07
ATOM,4964.0,O,GLY,447.0,93.864,65.567,84.934,-0.51,1.7,10.25
ATOM,4965.0,H,GLY,447.0,95.085,64.941,89.168,0.31,0.2245,0.0
ATOM,4966.0,HA2,GLY,447.0,95.714,65.83,87.058,0.09,1.32,3.23
ATOM,4967.0,HA3,GLY,447.0,95.54,64.344,86.405,0.09,1.32,11.71
ATOM,4968.0,N,MET,448.0,92.797,65.962,86.876,-0.47,1.85,0.0
ATOM,4969.0,CA,MET,448.0,91.567,66.455,86.252,0.07,2.275,0.0
ATOM,4970.0,C,MET,448.0,91.627,67.943,85.865,0.51,2.0,0.0
ATOM,4971.0,O,MET,448.0,92.327,68.725,86.504,-0.51,1.7,0.11
ATOM,4972.0,CB,MET,448.0,90.39,66.266,87.23,-0.18,2.175,0.0
ATOM,4973.0,CG,MET,448.0,90.193,64.833,87.777,-0.14,2.175,0.0
ATOM,4974.0,SD,MET,448.0,89.836,63.609,86.483,-0.09,2.0,0.05
ATOM,4975.0,CE,MET,448.0,88.245,64.111,85.922,-0.22,2.06,0.0
ATOM,4976.0,H,MET,448.0,92.925,65.91,87.91,0.31,0.2245,0.0
ATOM,4977.0,HA,MET,448.0,91.411,65.924,85.402,0.09,1.32,0.49
ATOM,4978.0,HB2,MET,448.0,90.519,66.884,88.022,0.09,1.32,0.0
ATOM,4979.0,HB3,MET,448.0,89.532,66.541,86.767,0.09,1.32,0.0
ATOM,4980.0,HG2,MET,448.0,91.037,64.576,88.299,0.09,1.32,0.0
ATOM,4981.0,HG3,MET,448.0,89.439,64.86,88.47,0.09,1.32,0.0
ATOM,4982.0,HE1,MET,448.0,87.627,64.257,86.703,0.09,1.32,0.0
ATOM,4983.0,HE2,MET,448.0,88.311,64.97,85.402,0.09,1.32,0.0
ATOM,4984.0,HE3,MET,448.0,87.844,63.407,85.325,0.09,1.32,0.0
ATOM,4985.0,N,TYR,449.0,90.939,68.309,84.782,-0.47,1.85,0.0
ATOM,4986.0,CA,TYR,449.0,90.81,69.708,84.349,0.07,2.275,0.0
ATOM,4987.0,C,TYR,449.0,89.297,69.937,84.365,0.51,2.0,0.43
ATOM,4988.0,O,TYR,449.0,88.542,69.205,83.73,-0.51,1.7,3.4
ATOM,4989.0,CB,TYR,449.0,91.358,69.952,82.944,-0.18,2.175,13.17
ATOM,4990.0,CG,TYR,449.0,92.838,70.192,82.932,0.0,1.9924,0.0
ATOM,4991.0,CD1,TYR,449.0,93.725,69.121,82.953,-0.115,1.9924,9.27
ATOM,4992.0,CD2,TYR,449.0,93.359,71.493,82.941,-0.115,1.9924,9.63
ATOM,4993.0,CE1,TYR,449.0,95.097,69.33,82.989,-0.115,1.9924,14.52
ATOM,4994.0,CE2,TYR,449.0,94.738,71.713,82.977,-0.115,1.9924,10.93
ATOM,4995.0,CZ,TYR,449.0,95.597,70.625,83.005,0.11,1.9924,1.56
ATOM,4996.0,OH,TYR,449.0,96.956,70.801,83.061,-0.54,1.77,30.37
ATOM,4997.0,H,TYR,449.0,90.497,67.515,84.265,0.31,0.2245,3.46
ATOM,4998.0,HA,TYR,449.0,91.215,70.281,85.027,0.09,1.32,0.0
ATOM,4999.0,HB2,TYR,449.0,91.161,69.15,82.391,0.09,1.32,7.86
ATOM,5000.0,HB3,TYR,449.0,90.904,70.753,82.569,0.09,1.32,7.7
ATOM,5001.0,HD1,TYR,449.0,93.371,68.185,82.943,0.115,1.3582,4.82
ATOM,5002.0,HD2,TYR,449.0,92.739,72.269,82.92,0.115,1.3582,9.43
ATOM,5003.0,HE1,TYR,449.0,95.725,68.55,83.002,0.115,1.3582,13.6
ATOM,5004.0,HE2,TYR,449.0,95.097,72.641,82.983,0.115,1.3582,11.89
ATOM,5005.0,HH,TYR,449.0,97.201,71.203,83.942,0.43,0.2245,15.11
ATOM,5006.0,N,VAL,450.0,88.854,70.901,85.15,-0.47,1.85,0.57
ATOM,5007.0,CA,VAL,450.0,87.434,71.188,85.303,0.07,2.275,0.18
ATOM,5008.0,C,VAL,450.0,87.254,72.66,85.066,0.51,2.0,0.0
ATOM,5009.0,O,VAL,450.0,88.045,73.473,85.548,-0.51,1.7,0.75
ATOM,5010.0,CB,VAL,450.0,86.978,70.865,86.744,-0.09,2.275,0.0
ATOM,5011.0,CG1,VAL,450.0,85.521,71.278,86.954,-0.27,2.06,0.0
ATOM,5012.0,CG2,VAL,450.0,87.181,69.367,87.026,-0.27,2.06,0.0
ATOM,5013.0,H,VAL,450.0,89.599,71.436,85.648,0.31,0.2245,0.22
ATOM,5014.0,HA,VAL,450.0,86.94,70.69,84.598,0.09,1.32,0.0
ATOM,5015.0,HB,VAL,450.0,87.527,71.414,87.365,0.09,1.32,0.0
ATOM,5016.0,HG11,VAL,450.0,85.488,72.096,87.527,0.09,1.32,0.0
ATOM,5017.0,HG12,VAL,450.0,85.101,71.472,86.069,0.09,1.32,0.0
ATOM,5018.0,HG13,VAL,450.0,85.028,70.534,87.403,0.09,1.32,0.0
ATOM,5019.0,HG21,VAL,450.0,86.996,68.854,86.191,0.09,1.32,0.0
ATOM,5020.0,HG22,VAL,450.0,88.123,69.219,87.317,0.09,1.32,0.0
ATOM,5021.0,HG23,VAL,450.0,86.551,69.087,87.747,0.09,1.32,0.0
ATOM,5022.0,N,SER,451.0,86.219,73.017,84.329,-0.47,1.85,0.0
ATOM,5023.0,CA,SER,451.0,86.004,74.42,84.054,0.07,2.275,0.0
ATOM,5024.0,C,SER,451.0,84.56,74.862,83.949,0.51,2.0,0.0
ATOM,5025.0,O,SER,451.0,83.67,74.085,83.593,-0.51,1.7,0.0
ATOM,5026.0,CB,SER,451.0,86.732,74.808,82.75,0.05,2.175,10.72
ATOM,5027.0,OG,SER,451.0,86.322,73.989,81.649,-0.66,1.77,14.91
ATOM,5028.0,H,SER,451.0,85.621,72.257,83.992,0.31,0.2245,0.0
ATOM,5029.0,HA,SER,451.0,86.439,74.959,84.815,0.09,1.32,0.0
ATOM,5030.0,HB2,SER,451.0,86.523,75.758,82.538,0.09,1.32,0.13
ATOM,5031.0,HB3,SER,451.0,87.712,74.694,82.886,0.09,1.32,4.33
ATOM,5032.0,HG,SER,451.0,85.433,74.302,81.324,0.43,0.2245,0.0
ATOM,5033.0,N,ASN,452.0,84.35,76.123,84.3,-0.47,1.85,0.0
ATOM,5034.0,CA,ASN,452.0,83.064,76.772,84.136,0.07,2.275,1.09
ATOM,5035.0,C,ASN,452.0,81.908,76.069,84.826,0.51,2.0,0.1
ATOM,5036.0,O,ASN,452.0,80.949,75.62,84.19,-0.51,1.7,1.91
ATOM,5037.0,CB,ASN,452.0,82.82,76.961,82.628,-0.18,2.175,4.12
ATOM,5038.0,CG,ASN,452.0,83.955,77.752,81.954,0.55,2.0,2.72
ATOM,5039.0,H,ASN,452.0,85.187,76.604,84.702,0.31,0.2245,0.0
ATOM,5040.0,HA,ASN,452.0,83.14,77.7,84.558,0.09,1.32,0.08
ATOM,5041.0,HB2,ASN,452.0,82.768,76.069,82.202,0.09,1.32,0.0
ATOM,5042.0,HB3,ASN,452.0,81.976,77.464,82.506,0.09,1.32,8.52
ATOM,5043.0,OD1,ASN,452.0,84.407,78.765,82.487,-0.55,1.7,9.64
ATOM,5044.0,ND2,ASN,452.0,84.475,77.242,80.842,-0.62,1.85,14.94
ATOM,5045.0,HD22,ASN,452.0,84.108,76.376,80.486,0.3,0.2245,0.0
ATOM,5046.0,HD21,ASN,452.0,85.213,77.708,80.369,0.32,0.2245,20.43
ATOM,5047.0,N,ILE,453.0,82.011,75.995,86.145,-0.47,1.85,0.04
ATOM,5048.0,CA,ILE,453.0,80.994,75.357,86.97,0.07,2.275,0.0
ATOM,5049.0,C,ILE,453.0,80.31,76.428,87.81,0.51,2.0,0.0
ATOM,5050.0,O,ILE,453.0,80.982,77.232,88.445,-0.51,1.7,0.23
ATOM,5051.0,CB,ILE,453.0,81.637,74.302,87.936,-0.09,2.275,0.09
ATOM,5052.0,CG1,ILE,453.0,82.529,73.305,87.159,-0.18,2.175,0.14
ATOM,5053.0,CG2,ILE,453.0,80.525,73.599,88.779,-0.27,2.06,0.49
ATOM,5054.0,CD1,ILE,453.0,81.795,72.501,86.099,-0.27,2.06,0.0
ATOM,5055.0,H,ILE,453.0,82.875,76.429,86.538,0.31,0.2245,0.0
ATOM,5056.0,HA,ILE,453.0,80.305,75.002,86.344,0.09,1.32,0.0
ATOM,5057.0,HB,ILE,453.0,82.213,74.796,88.576,0.09,1.32,0.0
ATOM,5058.0,HG12,ILE,453.0,83.265,73.822,86.725,0.09,1.32,0.0
ATOM,5059.0,HG13,ILE,453.0,82.931,72.673,87.822,0.09,1.32,0.13
ATOM,5060.0,HG21,ILE,453.0,80.963,72.997,89.435,0.09,1.32,0.49
ATOM,5061.0,HG22,ILE,453.0,79.997,74.297,89.246,0.09,1.32,0.0
ATOM,5062.0,HG23,ILE,453.0,79.946,73.079,88.163,0.09,1.32,0.0
ATOM,5063.0,HD11,ILE,453.0,81.4,73.126,85.429,0.09,1.32,0.0
ATOM,5064.0,HD12,ILE,453.0,82.44,71.887,85.648,0.09,1.32,0.0
ATOM,5065.0,HD13,ILE,453.0,81.07,71.97,86.533,0.09,1.32,0.0
ATOM,5066.0,N,THR,454.0,78.98,76.447,87.797,-0.47,1.85,0.0
ATOM,5067.0,CA,THR,454.0,78.203,77.401,88.583,0.07,2.275,0.0
ATOM,5068.0,C,THR,454.0,77.241,76.631,89.494,0.51,2.0,0.0
ATOM,5069.0,O,THR,454.0,76.41,75.868,89.02,-0.51,1.7,0.0
ATOM,5070.0,CB,THR,454.0,77.41,78.358,87.673,0.14,2.275,3.74
ATOM,5071.0,OG1,THR,454.0,78.322,79.049,86.811,-0.66,1.77,20.17
ATOM,5072.0,CG2,THR,454.0,76.637,79.387,88.503,-0.27,2.06,8.38
ATOM,5073.0,H,THR,454.0,78.543,75.727,87.181,0.31,0.2245,0.0
ATOM,5074.0,HA,THR,454.0,78.827,77.926,89.16,0.09,1.32,0.0
ATOM,5075.0,HB,THR,454.0,76.776,77.81,87.093,0.09,1.32,0.0
ATOM,5076.0,HG21,THR,454.0,77.275,79.903,89.076,0.09,1.32,0.01
ATOM,5077.0,HG22,THR,454.0,76.155,80.017,87.892,0.09,1.32,10.1
ATOM,5078.0,HG23,THR,454.0,75.973,78.917,89.086,0.09,1.32,0.0
ATOM,5079.0,HG1,THR,454.0,78.946,78.397,86.367,0.43,0.2245,6.57
ATOM,5080.0,N,VAL,455.0,77.382,76.818,90.803,-0.47,1.85,0.0
ATOM,5081.0,CA,VAL,455.0,76.555,76.134,91.799,0.07,2.275,0.0
ATOM,5082.0,C,VAL,455.0,75.965,77.244,92.669,0.51,2.0,0.0
ATOM,5083.0,O,VAL,455.0,76.698,78.064,93.222,-0.51,1.7,0.0
ATOM,5084.0,CB,VAL,455.0,77.405,75.181,92.673,-0.09,2.275,0.0
ATOM,5085.0,CG1,VAL,455.0,76.518,74.485,93.678,-0.27,2.06,0.0
ATOM,5086.0,CG2,VAL,455.0,78.15,74.159,91.798,-0.27,2.06,0.0
ATOM,5087.0,H,VAL,455.0,78.135,77.496,91.063,0.31,0.2245,0.0
ATOM,5088.0,HA,VAL,455.0,75.813,75.684,91.332,0.09,1.32,0.0
ATOM,5089.0,HB,VAL,455.0,78.049,75.74,93.181,0.09,1.32,0.0
ATOM,5090.0,HG11,VAL,455.0,77.064,73.856,94.235,0.09,1.32,0.0
ATOM,5091.0,HG12,VAL,455.0,76.086,75.162,94.276,0.09,1.32,0.0
ATOM,5092.0,HG13,VAL,455.0,75.806,73.967,93.201,0.09,1.32,0.0
ATOM,5093.0,HG21,VAL,455.0,77.848,74.263,90.853,0.09,1.32,0.0
ATOM,5094.0,HG22,VAL,455.0,79.13,74.331,91.865,0.09,1.32,0.0
ATOM,5095.0,HG23,VAL,455.0,77.94,73.241,92.126,0.09,1.32,0.0
ATOM,5096.0,N,GLU,456.0,74.644,77.293,92.772,-0.47,1.85,0.0
ATOM,5097.0,CA,GLU,456.0,74.027,78.362,93.542,0.07,2.275,0.0
ATOM,5098.0,C,GLU,456.0,72.8,77.925,94.3,0.51,2.0,0.0
ATOM,5099.0,O,GLU,456.0,72.143,76.943,93.928,-0.51,1.7,0.0
ATOM,5100.0,CB,GLU,456.0,73.672,79.54,92.605,-0.18,2.175,0.56
ATOM,5101.0,CG,GLU,456.0,72.746,79.126,91.508,-0.28,2.175,1.32
ATOM,5102.0,CD,GLU,456.0,72.555,80.145,90.406,0.62,2.0,3.33
ATOM,5103.0,OE1,GLU,456.0,73.32,81.126,90.303,-0.76,1.7,24.76
ATOM,5104.0,OE2,GLU,456.0,71.628,79.924,89.605,-0.76,1.7,18.01
ATOM,5105.0,H,GLU,456.0,74.128,76.553,92.288,0.31,0.2245,0.0
ATOM,5106.0,HA,GLU,456.0,74.713,78.744,94.194,0.09,1.32,0.0
ATOM,5107.0,HB2,GLU,456.0,73.227,80.216,93.153,0.09,1.32,3.58
ATOM,5108.0,HB3,GLU,456.0,74.509,79.852,92.209,0.09,1.32,0.0
ATOM,5109.0,HG2,GLU,456.0,73.104,78.3,91.083,0.09,1.32,0.0
ATOM,5110.0,HG3,GLU,456.0,71.847,78.947,91.898,0.09,1.32,0.0
ATOM,5111.0,N,ASP,457.0,72.56,78.603,95.422,-0.47,1.85,0.0
ATOM,5112.0,CA,ASP,457.0,71.378,78.373,96.244,0.07,2.275,0.0
ATOM,5113.0,C,ASP,457.0,71.181,76.896,96.59,0.51,2.0,0.0
ATOM,5114.0,O,ASP,457.0,70.193,76.269,96.184,-0.51,1.7,1.14
ATOM,5115.0,CB,ASP,457.0,70.169,78.947,95.485,-0.28,2.175,4.01
ATOM,5116.0,CG,ASP,457.0,68.852,78.817,96.237,0.62,2.0,3.11
ATOM,5117.0,OD1,ASP,457.0,68.829,78.725,97.488,-0.76,1.7,24.23
ATOM,5118.0,OD2,ASP,457.0,67.823,78.82,95.532,-0.76,1.7,12.15
ATOM,5119.0,H,ASP,457.0,73.291,79.311,95.66,0.31,0.2245,0.0
ATOM,5120.0,HA,ASP,457.0,71.521,78.862,97.119,0.09,1.32,0.0
ATOM,5121.0,HB2,ASP,457.0,70.346,79.913,95.316,0.09,1.32,9.13
ATOM,5122.0,HB3,ASP,457.0,70.093,78.459,94.62,0.09,1.32,0.0
ATOM,5123.0,N,CYS,458.0,72.152,76.339,97.304,-0.47,1.85,0.0
ATOM,5124.0,CA,CYS,458.0,72.102,74.954,97.717,0.07,2.275,0.0
ATOM,5125.0,C,CYS,458.0,71.979,74.862,99.235,0.51,2.0,0.07
ATOM,5126.0,O,CYS,458.0,72.682,75.568,99.977,-0.51,1.7,0.0
ATOM,5127.0,CB,CYS,458.0,73.345,74.189,97.25,-0.11,2.175,0.0
ATOM,5128.0,SG,CYS,458.0,73.397,73.831,95.456,-0.23,2.0,0.0
ATOM,5129.0,H,CYS,458.0,72.94,76.982,97.535,0.31,0.2245,0.0
ATOM,5130.0,HA,CYS,458.0,71.286,74.527,97.315,0.09,1.32,0.0
ATOM,5131.0,HB2,CYS,458.0,74.151,74.732,97.477,0.09,1.32,0.0
ATOM,5132.0,HB3,CYS,458.0,73.378,73.317,97.736,0.09,1.32,0.0
ATOM,5133.0,HG,CYS,458.0,73.097,74.64,94.958,0.16,0.45,0.0
ATOM,5134.0,N,ALA,459.0,71.047,74.013,99.679,-0.47,1.85,2.63
ATOM,5135.0,CA,ALA,459.0,70.817,73.762,101.099,0.07,2.275,0.48
ATOM,5136.0,C,ALA,459.0,72.05,73.025,101.594,0.51,2.0,0.0
ATOM,5137.0,O,ALA,459.0,72.51,73.244,102.709,-0.51,1.7,0.0
ATOM,5138.0,CB,ALA,459.0,69.553,72.915,101.305,-0.27,2.06,1.93
ATOM,5139.0,H,ALA,459.0,70.499,73.546,98.921,0.31,0.2245,0.36
ATOM,5140.0,HA,ALA,459.0,70.747,74.626,101.572,0.09,1.32,0.0
ATOM,5141.0,HB1,ALA,459.0,69.339,72.435,100.457,0.09,1.32,0.0
ATOM,5142.0,HB2,ALA,459.0,69.716,72.255,102.035,0.09,1.32,0.0
ATOM,5143.0,HB3,ALA,459.0,68.795,73.513,101.555,0.09,1.32,3.09
ATOM,5144.0,N,GLY,460.0,72.605,72.17,100.743,-0.47,1.85,0.0
ATOM,5145.0,CA,GLY,460.0,73.816,71.459,101.116,-0.02,2.175,0.0
ATOM,5146.0,C,GLY,460.0,75.058,72.156,100.557,0.51,2.0,0.0
ATOM,5147.0,O,GLY,460.0,74.956,73.246,99.974,-0.51,1.7,0.0
ATOM,5148.0,H,GLY,460.0,72.123,72.063,99.842,0.31,0.2245,0.0
ATOM,5149.0,HA2,GLY,460.0,73.889,71.414,102.12,0.09,1.32,0.0
ATOM,5150.0,HA3,GLY,460.0,73.78,70.517,100.761,0.09,1.32,0.0
ATOM,5151.0,N,SER,461.0,76.218,71.537,100.769,-0.47,1.85,0.0
ATOM,5152.0,CA,SER,461.0,77.537,72.007,100.323,0.07,2.275,0.0
ATOM,5153.0,C,SER,461.0,77.633,72.238,98.794,0.51,2.0,0.0
ATOM,5154.0,O,SER,461.0,77.082,71.472,98.006,-0.51,1.7,0.0
ATOM,5155.0,CB,SER,461.0,78.569,70.964,100.763,0.05,2.175,0.0
ATOM,5156.0,OG,SER,461.0,79.913,71.39,100.605,-0.66,1.77,0.0
ATOM,5157.0,H,SER,461.0,76.11,70.628,101.315,0.31,0.2245,0.0
ATOM,5158.0,HA,SER,461.0,77.722,72.896,100.774,0.09,1.32,0.0
ATOM,5159.0,HB2,SER,461.0,78.411,70.746,101.732,0.09,1.32,0.0
ATOM,5160.0,HB3,SER,461.0,78.43,70.128,100.221,0.09,1.32,0.0
ATOM,5161.0,HG,SER,461.0,80.144,72.036,101.331,0.43,0.2245,0.0
ATOM,5162.0,N,GLY,462.0,78.379,73.258,98.376,-0.47,1.85,0.0
ATOM,5163.0,CA,GLY,462.0,78.495,73.549,96.955,-0.02,2.175,0.0
ATOM,5164.0,C,GLY,462.0,79.337,72.568,96.154,0.51,2.0,0.0
ATOM,5165.0,O,GLY,462.0,78.933,72.098,95.079,-0.51,1.7,0.0
ATOM,5166.0,H,GLY,462.0,78.845,73.798,99.118,0.31,0.2245,0.0
ATOM,5167.0,HA2,GLY,462.0,77.555,73.591,96.545,0.09,1.32,0.0
ATOM,5168.0,HA3,GLY,462.0,78.883,74.492,96.838,0.09,1.32,0.0
ATOM,5169.0,N,ALA,463.0,80.514,72.259,96.678,-0.47,1.85,0.0
ATOM,5170.0,CA,ALA,463.0,81.44,71.354,96.014,0.07,2.275,0.0
ATOM,5171.0,C,ALA,463.0,82.231,70.569,97.036,0.51,2.0,0.0
ATOM,5172.0,O,ALA,463.0,82.703,71.117,98.031,-0.51,1.7,0.0
ATOM,5173.0,CB,ALA,463.0,82.398,72.134,95.103,-0.27,2.06,0.75
ATOM,5174.0,H,ALA,463.0,80.716,72.714,97.594,0.31,0.2245,0.0
ATOM,5175.0,HA,ALA,463.0,80.913,70.711,95.447,0.09,1.32,0.0
ATOM,5176.0,HB1,ALA,463.0,83.295,71.699,95.122,0.09,1.32,0.0
ATOM,5177.0,HB2,ALA,463.0,82.041,72.13,94.172,0.09,1.32,0.06
ATOM,5178.0,HB3,ALA,463.0,82.471,73.073,95.432,0.09,1.32,0.0
ATOM,5179.0,N,TYR,464.0,82.38,69.281,96.775,-0.47,1.85,0.0
ATOM,5180.0,CA,TYR,464.0,83.118,68.387,97.651,0.07,2.275,0.0
ATOM,5181.0,C,TYR,464.0,84.086,67.689,96.7,0.51,2.0,0.0
ATOM,5182.0,O,TYR,464.0,83.719,66.748,95.994,-0.51,1.7,0.04
ATOM,5183.0,CB,TYR,464.0,82.148,67.402,98.3,-0.18,2.175,0.26
ATOM,5184.0,CG,TYR,464.0,82.787,66.604,99.399,0.0,1.9924,0.07
ATOM,5185.0,CD1,TYR,464.0,83.138,67.206,100.601,-0.115,1.9924,1.52
ATOM,5186.0,CD2,TYR,464.0,83.077,65.255,99.219,-0.115,1.9924,8.15
ATOM,5187.0,CE1,TYR,464.0,83.751,66.476,101.604,-0.115,1.9924,7.41
ATOM,5188.0,CE2,TYR,464.0,83.678,64.519,100.211,-0.115,1.9924,10.28
ATOM,5189.0,CZ,TYR,464.0,84.024,65.134,101.393,0.11,1.9924,1.6
ATOM,5190.0,OH,TYR,464.0,84.624,64.39,102.38,-0.54,1.77,26.27
ATOM,5191.0,H,TYR,464.0,81.924,68.963,95.889,0.31,0.2245,0.0
ATOM,5192.0,HA,TYR,464.0,83.641,68.921,98.283,0.09,1.32,0.0
ATOM,5193.0,HB2,TYR,464.0,81.39,67.918,98.682,0.09,1.32,0.0
ATOM,5194.0,HB3,TYR,464.0,81.827,66.775,97.6,0.09,1.32,0.7
ATOM,5195.0,HD1,TYR,464.0,82.947,68.177,100.743,0.115,1.3582,0.0
ATOM,5196.0,HD2,TYR,464.0,82.84,64.819,98.35,0.115,1.3582,8.78
ATOM,5197.0,HE1,TYR,464.0,83.993,66.909,102.471,0.115,1.3582,11.18
ATOM,5198.0,HE2,TYR,464.0,83.864,63.544,100.078,0.115,1.3582,4.99
ATOM,5199.0,HH,TYR,464.0,84.932,63.521,101.995,0.43,0.2245,12.1
ATOM,5200.0,N,LEU,465.0,85.329,68.15,96.703,-0.47,1.85,0.0
ATOM,5201.0,CA,LEU,465.0,86.313,67.662,95.762,0.07,2.275,0.0
ATOM,5202.0,C,LEU,465.0,87.462,66.879,96.359,0.51,2.0,0.0
ATOM,5203.0,O,LEU,465.0,88.383,67.452,96.933,-0.51,1.7,0.0
ATOM,5204.0,CB,LEU,465.0,86.851,68.866,94.958,-0.18,2.175,0.0
ATOM,5205.0,CG,LEU,465.0,85.791,69.863,94.459,-0.09,2.275,0.0
ATOM,5206.0,CD1,LEU,465.0,86.429,71.164,93.934,-0.27,2.06,0.45
ATOM,5207.0,CD2,LEU,465.0,84.933,69.195,93.39,-0.27,2.06,0.0
ATOM,5208.0,H,LEU,465.0,85.525,68.873,97.422,0.31,0.2245,0.0
ATOM,5209.0,HA,LEU,465.0,85.835,67.057,95.081,0.09,1.32,0.0
ATOM,5210.0,HB2,LEU,465.0,87.475,69.366,95.546,0.09,1.32,0.0
ATOM,5211.0,HB3,LEU,465.0,87.323,68.511,94.162,0.09,1.32,0.0
ATOM,5212.0,HG,LEU,465.0,85.172,70.086,95.215,0.09,1.32,0.0
ATOM,5213.0,HD11,LEU,465.0,87.038,70.944,93.176,0.09,1.32,0.0
ATOM,5214.0,HD12,LEU,465.0,85.707,71.777,93.623,0.09,1.32,1.78
ATOM,5215.0,HD13,LEU,465.0,86.945,71.593,94.671,0.09,1.32,0.0
ATOM,5216.0,HD21,LEU,465.0,84.481,68.393,93.779,0.09,1.32,0.0
ATOM,5217.0,HD22,LEU,465.0,84.243,69.842,93.064,0.09,1.32,0.0
ATOM,5218.0,HD23,LEU,465.0,85.513,68.913,92.626,0.09,1.32,0.0
ATOM,5219.0,N,LEU,466.0,87.417,65.56,96.2,-0.47,1.85,0.0
ATOM,5220.0,CA,LEU,466.0,88.482,64.686,96.69,0.07,2.275,0.0
ATOM,5221.0,C,LEU,466.0,89.46,64.462,95.527,0.51,2.0,0.09
ATOM,5222.0,O,LEU,466.0,89.716,63.335,95.107,-0.51,1.7,1.93
ATOM,5223.0,CB,LEU,466.0,87.888,63.352,97.172,-0.18,2.175,0.0
ATOM,5224.0,CG,LEU,466.0,86.809,63.5,98.242,-0.09,2.275,0.29
ATOM,5225.0,CD1,LEU,466.0,86.404,62.127,98.698,-0.27,2.06,15.61
ATOM,5226.0,CD2,LEU,466.0,87.323,64.329,99.406,-0.27,2.06,3.92
ATOM,5227.0,H,LEU,466.0,86.573,65.209,95.705,0.31,0.2245,0.0
ATOM,5228.0,HA,LEU,466.0,88.967,65.147,97.42,0.09,1.32,0.0
ATOM,5229.0,HB2,LEU,466.0,87.479,62.905,96.392,0.09,1.32,0.0
ATOM,5230.0,HB3,LEU,466.0,88.622,62.816,97.556,0.09,1.32,1.12
ATOM,5231.0,HG,LEU,466.0,86.029,63.972,97.849,0.09,1.32,0.1
ATOM,5232.0,HD11,LEU,466.0,87.196,61.644,99.08,0.09,1.32,1.04
ATOM,5233.0,HD12,LEU,466.0,85.694,62.194,99.404,0.09,1.32,1.38
ATOM,5234.0,HD13,LEU,466.0,86.044,61.6,97.924,0.09,1.32,2.87
ATOM,5235.0,HD21,LEU,466.0,87.584,65.24,99.081,0.09,1.32,0.0
ATOM,5236.0,HD22,LEU,466.0,86.605,64.417,100.099,0.09,1.32,0.0
ATOM,5237.0,HD23,LEU,466.0,88.121,63.881,99.811,0.09,1.32,5.26
ATOM,5238.0,N,THR,467.0,90.018,65.561,95.035,-0.47,1.85,0.0
ATOM,5239.0,CA,THR,467.0,90.905,65.555,93.883,0.07,2.275,0.01
ATOM,5240.0,C,THR,467.0,92.339,65.899,94.243,0.51,2.0,0.5
ATOM,5241.0,O,THR,467.0,92.595,66.569,95.247,-0.51,1.7,0.06
ATOM,5242.0,CB,THR,467.0,90.387,66.57,92.827,0.14,2.275,0.0
ATOM,5243.0,OG1,THR,467.0,90.069,67.807,93.486,-0.66,1.77,0.0
ATOM,5244.0,CG2,THR,467.0,89.125,66.048,92.163,-0.27,2.06,0.0
ATOM,5245.0,H,THR,467.0,89.762,66.439,95.552,0.31,0.2245,0.0
ATOM,5246.0,HA,THR,467.0,90.894,64.625,93.475,0.09,1.32,0.0
ATOM,5247.0,HB,THR,467.0,91.13,66.747,92.157,0.09,1.32,0.0
ATOM,5248.0,HG21,THR,467.0,89.361,65.553,91.323,0.09,1.32,0.0
ATOM,5249.0,HG22,THR,467.0,88.644,65.425,92.785,0.09,1.32,0.0
ATOM,5250.0,HG23,THR,467.0,88.519,66.813,91.933,0.09,1.32,0.0
ATOM,5251.0,HG1,THR,467.0,89.664,67.626,94.388,0.43,0.2245,0.0
ATOM,5252.0,N,HIS,468.0,93.268,65.465,93.399,-0.47,1.85,0.0
ATOM,5253.0,CA,HIS,468.0,94.688,65.701,93.619,0.07,2.275,0.0
ATOM,5254.0,C,HIS,468.0,95.302,66.038,92.264,0.51,2.0,0.0
ATOM,5255.0,O,HIS,468.0,94.889,65.483,91.24,-0.51,1.7,0.0
ATOM,5256.0,CB,HIS,468.0,95.336,64.439,94.221,-0.09,2.175,0.79
ATOM,5257.0,CG,HIS,468.0,96.785,64.606,94.587,-0.05,1.8,0.0
ATOM,5258.0,H,HIS,468.0,92.896,64.946,92.574,0.31,0.2245,0.0
ATOM,5259.0,HA,HIS,468.0,94.793,66.488,94.214,0.09,1.32,0.0
ATOM,5260.0,HB2,HIS,468.0,94.829,64.179,95.05,0.09,1.32,4.81
ATOM,5261.0,HB3,HIS,468.0,95.264,63.689,93.554,0.09,1.32,0.0
ATOM,5262.0,ND1,HIS,468.0,97.248,65.627,95.391,-0.36,1.85,2.15
ATOM,5263.0,CD2,HIS,468.0,97.881,63.874,94.248,0.22,1.8,2.0
ATOM,5264.0,CE1,HIS,468.0,98.556,65.525,95.529,0.25,1.8,15.67
ATOM,5265.0,NE2,HIS,468.0,98.966,64.468,94.845,-0.7,1.85,17.83
ATOM,5266.0,HD1,HIS,468.0,96.674,66.336,95.806,0.32,0.2245,0.0
ATOM,5267.0,HD2,HIS,468.0,97.892,63.061,93.674,0.1,1.468,0.11
ATOM,5268.0,HE1,HIS,468.0,99.139,66.137,96.055,0.13,0.9,7.25
ATOM,5269.0,N,GLU,469.0,96.265,66.96,92.26,-0.47,1.85,0.0
ATOM,5270.0,CA,GLU,469.0,96.936,67.39,91.042,0.07,2.275,2.83
ATOM,5271.0,C,GLU,469.0,95.928,67.729,89.939,0.51,2.0,1.76
ATOM,5272.0,O,GLU,469.0,96.093,67.342,88.785,-0.51,1.7,8.89
ATOM,5273.0,CB,GLU,469.0,97.935,66.328,90.573,-0.18,2.175,2.31
ATOM,5274.0,CG,GLU,469.0,99.089,66.139,91.551,-0.28,2.175,4.57
ATOM,5275.0,CD,GLU,469.0,100.21,65.238,91.023,0.62,2.0,2.91
ATOM,5276.0,OE1,GLU,469.0,100.086,64.677,89.911,-0.76,1.7,24.89
ATOM,5277.0,OE2,GLU,469.0,101.235,65.103,91.73,-0.76,1.7,40.24
ATOM,5278.0,H,GLU,469.0,96.494,67.344,93.205,0.31,0.2245,0.0
ATOM,5279.0,HA,GLU,469.0,97.503,68.202,91.232,0.09,1.32,4.9
ATOM,5280.0,HB2,GLU,469.0,97.459,65.477,90.508,0.09,1.32,0.0
ATOM,5281.0,HB3,GLU,469.0,98.312,66.626,89.722,0.09,1.32,6.61
ATOM,5282.0,HG2,GLU,469.0,99.487,67.022,91.736,0.09,1.32,7.05
ATOM,5283.0,HG3,GLU,469.0,98.738,65.717,92.37,0.09,1.32,0.0
ATOM,5284.0,N,SER,470.0,94.882,68.451,90.321,-0.47,1.85,0.3
ATOM,5285.0,CA,SER,470.0,93.827,68.841,89.404,0.07,2.275,0.0
ATOM,5286.0,C,SER,470.0,93.718,70.359,89.351,0.51,2.0,0.03
ATOM,5287.0,O,SER,470.0,94.126,71.053,90.287,-0.51,1.7,0.74
ATOM,5288.0,CB,SER,470.0,92.507,68.209,89.838,0.05,2.175,0.0
ATOM,5289.0,OG,SER,470.0,92.617,66.793,89.817,-0.66,1.77,0.0
ATOM,5290.0,H,SER,470.0,94.886,68.712,91.334,0.31,0.2245,0.0
ATOM,5291.0,HA,SER,470.0,94.071,68.518,88.486,0.09,1.32,0.13
ATOM,5292.0,HB2,SER,470.0,92.296,68.503,90.761,0.09,1.32,0.0
ATOM,5293.0,HB3,SER,470.0,91.794,68.486,89.207,0.09,1.32,0.0
ATOM,5294.0,HG,SER,470.0,93.406,66.514,90.362,0.43,0.2245,0.0
ATOM,5295.0,N,VAL,471.0,93.148,70.859,88.263,-0.47,1.85,0.0
ATOM,5296.0,CA,VAL,471.0,92.997,72.284,88.029,0.07,2.275,0.0
ATOM,5297.0,C,VAL,471.0,91.519,72.62,87.865,0.51,2.0,0.0
ATOM,5298.0,O,VAL,471.0,90.811,71.961,87.097,-0.51,1.7,0.0
ATOM,5299.0,CB,VAL,471.0,93.743,72.709,86.711,-0.09,2.275,0.0
ATOM,5300.0,CG1,VAL,471.0,93.614,74.209,86.471,-0.27,2.06,9.56
ATOM,5301.0,CG2,VAL,471.0,95.203,72.317,86.764,-0.27,2.06,15.71
ATOM,5302.0,H,VAL,471.0,92.814,70.132,87.583,0.31,0.2245,0.0
ATOM,5303.0,HA,VAL,471.0,93.337,72.775,88.834,0.09,1.32,0.0
ATOM,5304.0,HB,VAL,471.0,93.287,72.247,85.959,0.09,1.32,0.0
ATOM,5305.0,HG11,VAL,471.0,92.767,74.395,85.975,0.09,1.32,0.03
ATOM,5306.0,HG12,VAL,471.0,93.598,74.686,87.349,0.09,1.32,0.0
ATOM,5307.0,HG13,VAL,471.0,94.393,74.528,85.932,0.09,1.32,7.51
ATOM,5308.0,HG21,VAL,471.0,95.638,72.752,87.554,0.09,1.32,0.0
ATOM,5309.0,HG22,VAL,471.0,95.28,71.322,86.848,0.09,1.32,1.57
ATOM,5310.0,HG23,VAL,471.0,95.661,72.616,85.925,0.09,1.32,2.23
ATOM,5311.0,N,PHE,472.0,91.077,73.657,88.564,-0.47,1.85,0.0
ATOM,5312.0,CA,PHE,472.0,89.695,74.135,88.502,0.07,2.275,0.0
ATOM,5313.0,C,PHE,472.0,89.74,75.571,88.017,0.51,2.0,0.0
ATOM,5314.0,O,PHE,472.0,90.366,76.421,88.64,-0.51,1.7,0.0
ATOM,5315.0,CB,PHE,472.0,89.041,74.076,89.874,-0.18,2.175,0.74
ATOM,5316.0,CG,PHE,472.0,88.926,72.687,90.405,0.0,1.9924,0.0
ATOM,5317.0,CD1,PHE,472.0,89.975,72.117,91.12,-0.115,1.9924,0.0
ATOM,5318.0,CD2,PHE,472.0,87.823,71.91,90.088,-0.115,1.9924,1.09
ATOM,5319.0,CE1,PHE,472.0,89.922,70.799,91.514,-0.115,1.9924,0.0
ATOM,5320.0,CE2,PHE,472.0,87.761,70.582,90.479,-0.115,1.9924,0.0
ATOM,5321.0,CZ,PHE,472.0,88.816,70.024,91.188,-0.115,1.9924,0.0
ATOM,5322.0,H,PHE,472.0,91.804,74.11,89.169,0.31,0.2245,0.0
ATOM,5323.0,HA,PHE,472.0,89.237,73.603,87.8,0.09,1.32,0.0
ATOM,5324.0,HB2,PHE,472.0,89.597,74.601,90.498,0.09,1.32,0.0
ATOM,5325.0,HB3,PHE,472.0,88.132,74.452,89.793,0.09,1.32,0.0
ATOM,5326.0,HD1,PHE,472.0,90.772,72.671,91.349,0.115,1.3582,0.0
ATOM,5327.0,HD2,PHE,472.0,87.065,72.311,89.574,0.115,1.3582,0.19
ATOM,5328.0,HE1,PHE,472.0,90.685,70.398,92.036,0.115,1.3582,0.0
ATOM,5329.0,HE2,PHE,472.0,86.95,70.025,90.245,0.115,1.3582,0.0
ATOM,5330.0,HZ,PHE,472.0,88.784,69.064,91.467,0.115,1.3582,0.0
ATOM,5331.0,N,THR,473.0,89.071,75.831,86.906,-0.47,1.85,0.0
ATOM,5332.0,CA,THR,473.0,89.079,77.161,86.321,0.07,2.275,0.0
ATOM,5333.0,C,THR,473.0,87.676,77.749,86.259,0.51,2.0,0.0
ATOM,5334.0,O,THR,473.0,86.756,77.099,85.754,-0.51,1.7,0.0
ATOM,5335.0,CB,THR,473.0,89.67,77.096,84.884,0.14,2.275,3.02
ATOM,5336.0,OG1,THR,473.0,91.0,76.574,84.956,-0.66,1.77,11.92
ATOM,5337.0,CG2,THR,473.0,89.695,78.489,84.223,-0.27,2.06,25.75
ATOM,5338.0,H,THR,473.0,88.557,75.028,86.502,0.31,0.2245,0.0
ATOM,5339.0,HA,THR,473.0,89.649,77.763,86.897,0.09,1.32,0.0
ATOM,5340.0,HB,THR,473.0,89.103,76.46,84.332,0.09,1.32,0.0
ATOM,5341.0,HG21,THR,473.0,90.576,78.624,83.771,0.09,1.32,9.71
ATOM,5342.0,HG22,THR,473.0,88.959,78.548,83.549,0.09,1.32,5.21
ATOM,5343.0,HG23,THR,473.0,89.566,79.189,84.924,0.09,1.32,0.78
ATOM,5344.0,HG1,THR,473.0,91.008,75.702,85.458,0.43,0.2245,0.79
ATOM,5345.0,N,ASN,474.0,87.527,78.974,86.769,-0.47,1.85,0.0
ATOM,5346.0,CA,ASN,474.0,86.251,79.702,86.745,0.07,2.275,0.11
ATOM,5347.0,C,ASN,474.0,85.107,78.947,87.418,0.51,2.0,0.02
ATOM,5348.0,O,ASN,474.0,84.144,78.526,86.773,-0.51,1.7,1.4
ATOM,5349.0,CB,ASN,474.0,85.87,80.075,85.299,-0.18,2.175,6.16
ATOM,5350.0,CG,ASN,474.0,84.749,81.1,85.238,0.55,2.0,2.09
ATOM,5351.0,H,ASN,474.0,88.397,79.373,87.188,0.31,0.2245,0.0
ATOM,5352.0,HA,ASN,474.0,86.391,80.558,87.271,0.09,1.32,0.14
ATOM,5353.0,HB2,ASN,474.0,86.674,80.454,84.854,0.09,1.32,5.39
ATOM,5354.0,HB3,ASN,474.0,85.573,79.248,84.834,0.09,1.32,0.0
ATOM,5355.0,OD1,ASN,474.0,84.725,82.044,86.022,-0.55,1.7,11.97
ATOM,5356.0,ND2,ASN,474.0,83.828,80.933,84.3,-0.62,1.85,19.55
ATOM,5357.0,HD22,ASN,474.0,83.896,80.147,83.677,0.3,0.2245,0.0
ATOM,5358.0,HD21,ASN,474.0,83.074,81.577,84.21,0.32,0.2245,20.95
ATOM,5359.0,N,ILE,475.0,85.227,78.792,88.73,-0.47,1.85,0.0
ATOM,5360.0,CA,ILE,475.0,84.246,78.098,89.547,0.07,2.275,0.0
ATOM,5361.0,C,ILE,475.0,83.457,79.167,90.32,0.51,2.0,0.1
ATOM,5362.0,O,ILE,475.0,84.05,80.116,90.829,-0.51,1.7,0.0
ATOM,5363.0,CB,ILE,475.0,84.967,77.16,90.576,-0.09,2.275,0.0
ATOM,5364.0,CG1,ILE,475.0,85.953,76.21,89.859,-0.18,2.175,0.03
ATOM,5365.0,CG2,ILE,475.0,83.953,76.383,91.411,-0.27,2.06,3.2
ATOM,5366.0,CD1,ILE,475.0,85.343,75.368,88.735,-0.27,2.06,0.51
ATOM,5367.0,H,ILE,475.0,86.101,79.219,89.131,0.31,0.2245,0.0
ATOM,5368.0,HA,ILE,475.0,83.602,77.675,88.924,0.09,1.32,0.0
ATOM,5369.0,HB,ILE,475.0,85.488,77.737,91.191,0.09,1.32,0.0
ATOM,5370.0,HG12,ILE,475.0,86.698,76.76,89.479,0.09,1.32,0.0
ATOM,5371.0,HG13,ILE,475.0,86.339,75.59,90.545,0.09,1.32,0.81
ATOM,5372.0,HG21,ILE,475.0,84.434,75.845,92.101,0.09,1.32,0.0
ATOM,5373.0,HG22,ILE,475.0,83.333,77.023,91.86,0.09,1.32,0.0
ATOM,5374.0,HG23,ILE,475.0,83.432,75.774,90.817,0.09,1.32,0.0
ATOM,5375.0,HD11,ILE,475.0,84.971,75.978,88.041,0.09,1.32,0.0
ATOM,5376.0,HD12,ILE,475.0,86.055,74.794,88.34,0.09,1.32,0.0
ATOM,5377.0,HD13,ILE,475.0,84.618,74.8,89.115,0.09,1.32,1.11
ATOM,5378.0,N,ALA,476.0,82.132,79.045,90.38,-0.47,1.85,0.0
ATOM,5379.0,CA,ALA,476.0,81.316,80.001,91.123,0.07,2.275,0.0
ATOM,5380.0,C,ALA,476.0,80.452,79.193,92.09,0.51,2.0,0.0
ATOM,5381.0,O,ALA,476.0,79.674,78.34,91.654,-0.51,1.7,0.0
ATOM,5382.0,CB,ALA,476.0,80.441,80.816,90.166,-0.27,2.06,9.39
ATOM,5383.0,H,ALA,476.0,81.743,78.235,89.867,0.31,0.2245,0.0
ATOM,5384.0,HA,ALA,476.0,81.91,80.596,91.648,0.09,1.32,0.0
ATOM,5385.0,HB1,ALA,476.0,80.773,80.696,89.233,0.09,1.32,4.63
ATOM,5386.0,HB2,ALA,476.0,79.497,80.497,90.23,0.09,1.32,0.0
ATOM,5387.0,HB3,ALA,476.0,80.488,81.781,90.418,0.09,1.32,0.11
ATOM,5388.0,N,ILE,477.0,80.656,79.399,93.393,-0.47,1.85,0.0
ATOM,5389.0,CA,ILE,477.0,79.913,78.688,94.461,0.07,2.275,0.0
ATOM,5390.0,C,ILE,477.0,79.194,79.798,95.215,0.51,2.0,0.0
ATOM,5391.0,O,ILE,477.0,79.762,80.467,96.086,-0.51,1.7,0.0
ATOM,5392.0,CB,ILE,477.0,80.873,77.92,95.419,-0.09,2.275,0.0
ATOM,5393.0,CG1,ILE,477.0,81.745,76.923,94.63,-0.18,2.175,0.0
ATOM,5394.0,CG2,ILE,477.0,80.083,77.253,96.567,-0.27,2.06,0.0
ATOM,5395.0,CD1,ILE,477.0,81.001,75.761,93.973,-0.27,2.06,0.0
ATOM,5396.0,H,ILE,477.0,81.392,80.112,93.606,0.31,0.2245,0.0
ATOM,5397.0,HA,ILE,477.0,79.226,78.161,94.003,0.09,1.32,0.0
ATOM,5398.0,HB,ILE,477.0,81.474,78.587,95.841,0.09,1.32,0.0
ATOM,5399.0,HG12,ILE,477.0,82.237,77.432,93.917,0.09,1.32,0.0
ATOM,5400.0,HG13,ILE,477.0,82.43,76.543,95.261,0.09,1.32,0.0
ATOM,5401.0,HG21,ILE,477.0,80.726,76.838,97.202,0.09,1.32,0.0
ATOM,5402.0,HG22,ILE,477.0,79.544,77.947,97.033,0.09,1.32,0.0
ATOM,5403.0,HG23,ILE,477.0,79.484,76.557,96.184,0.09,1.32,0.0
ATOM,5404.0,HD11,ILE,477.0,80.335,76.126,93.328,0.09,1.32,0.0
ATOM,5405.0,HD12,ILE,477.0,81.658,75.185,93.494,0.09,1.32,0.32
ATOM,5406.0,HD13,ILE,477.0,80.537,75.233,94.679,0.09,1.32,0.0
ATOM,5407.0,N,ILE,478.0,77.926,79.973,94.876,-0.47,1.85,0.0
ATOM,5408.0,CA,ILE,478.0,77.116,81.066,95.394,0.07,2.275,0.0
ATOM,5409.0,C,ILE,478.0,75.965,80.649,96.311,0.51,2.0,0.0
ATOM,5410.0,O,ILE,478.0,75.0,80.039,95.854,-0.51,1.7,0.0
ATOM,5411.0,CB,ILE,478.0,76.547,81.843,94.186,-0.09,2.275,0.0
ATOM,5412.0,CG1,ILE,478.0,77.666,82.179,93.176,-0.18,2.175,0.68
ATOM,5413.0,CG2,ILE,478.0,75.754,83.049,94.65,-0.27,2.06,10.33
ATOM,5414.0,CD1,ILE,478.0,78.699,83.21,93.629,-0.27,2.06,11.53
ATOM,5415.0,H,ILE,478.0,77.556,79.26,94.205,0.31,0.2245,0.0
ATOM,5416.0,HA,ILE,478.0,77.741,81.639,95.962,0.09,1.32,0.0
ATOM,5417.0,HB,ILE,478.0,75.889,81.258,93.726,0.09,1.32,0.0
ATOM,5418.0,HG12,ILE,478.0,78.145,81.325,92.945,0.09,1.32,0.0
ATOM,5419.0,HG13,ILE,478.0,77.23,82.517,92.333,0.09,1.32,7.63
ATOM,5420.0,HG21,ILE,478.0,75.318,83.488,93.865,0.09,1.32,9.71
ATOM,5421.0,HG22,ILE,478.0,75.05,82.76,95.299,0.09,1.32,0.08
ATOM,5422.0,HG23,ILE,478.0,76.365,83.702,95.096,0.09,1.32,0.0
ATOM,5423.0,HD11,ILE,478.0,79.155,82.873,94.449,0.09,1.32,0.0
ATOM,5424.0,HD12,ILE,478.0,79.365,83.343,92.9,0.09,1.32,0.0
ATOM,5425.0,HD13,ILE,478.0,78.234,84.069,93.827,0.09,1.32,3.03
ATOM,5426.0,N,ASP,479.0,76.043,81.041,97.585,-0.47,1.85,0.0
ATOM,5427.0,CA,ASP,479.0,75.017,80.73,98.588,0.07,2.275,0.0
ATOM,5428.0,C,ASP,479.0,74.726,79.239,98.737,0.51,2.0,0.0
ATOM,5429.0,O,ASP,479.0,73.633,78.766,98.394,-0.51,1.7,0.0
ATOM,5430.0,CB,ASP,479.0,73.711,81.495,98.324,-0.28,2.175,1.68
ATOM,5431.0,CG,ASP,479.0,73.872,83.008,98.474,0.62,2.0,0.0
ATOM,5432.0,OD1,ASP,479.0,74.801,83.452,99.189,-0.76,1.7,0.42
ATOM,5433.0,OD2,ASP,479.0,73.07,83.751,97.869,-0.76,1.7,11.31
ATOM,5434.0,H,ASP,479.0,76.904,81.593,97.81,0.31,0.2245,0.0
ATOM,5435.0,HA,ASP,479.0,75.373,81.054,99.484,0.09,1.32,2.12
ATOM,5436.0,HB2,ASP,479.0,73.422,81.299,97.396,0.09,1.32,0.72
ATOM,5437.0,HB3,ASP,479.0,73.034,81.183,98.977,0.09,1.32,0.0
ATOM,5438.0,N,THR,480.0,75.72,78.501,99.221,-0.47,1.85,0.0
ATOM,5439.0,CA,THR,480.0,75.575,77.063,99.441,0.07,2.275,0.0
ATOM,5440.0,C,THR,480.0,75.784,76.759,100.93,0.51,2.0,0.0
ATOM,5441.0,O,THR,480.0,76.196,77.649,101.703,-0.51,1.7,4.57
ATOM,5442.0,CB,THR,480.0,76.532,76.216,98.549,0.14,2.275,0.0
ATOM,5443.0,OG1,THR,480.0,77.884,76.36,98.995,-0.66,1.77,0.0
ATOM,5444.0,CG2,THR,480.0,76.429,76.639,97.078,-0.27,2.06,0.0
ATOM,5445.0,H,THR,480.0,76.593,79.025,99.426,0.31,0.2245,0.0
ATOM,5446.0,HA,THR,480.0,74.646,76.793,99.195,0.09,1.32,0.0
ATOM,5447.0,HB,THR,480.0,76.266,75.234,98.636,0.09,1.32,0.0
ATOM,5448.0,HG21,THR,480.0,76.666,75.864,96.491,0.09,1.32,0.0
ATOM,5449.0,HG22,THR,480.0,75.494,76.934,96.88,0.09,1.32,0.0
ATOM,5450.0,HG23,THR,480.0,77.061,77.395,96.903,0.09,1.32,0.0
ATOM,5451.0,HG1,THR,480.0,78.054,77.304,99.299,0.43,0.2245,0.0
ATOM,5452.0,N,ASN,481.0,75.508,75.515,101.325,-0.47,1.85,0.0
ATOM,5453.0,CA,ASN,481.0,75.589,75.064,102.717,0.07,2.275,0.0
ATOM,5454.0,C,ASN,481.0,74.682,75.956,103.574,0.51,2.0,0.0
ATOM,5455.0,O,ASN,481.0,75.002,76.275,104.721,-0.51,1.7,7.32
ATOM,5456.0,CB,ASN,481.0,77.035,75.066,103.255,-0.18,2.175,0.0
ATOM,5457.0,CG,ASN,481.0,77.185,74.253,104.547,0.55,2.0,0.0
ATOM,5458.0,H,ASN,481.0,75.223,74.875,100.541,0.31,0.2245,0.0
ATOM,5459.0,HA,ASN,481.0,75.209,74.144,102.753,0.09,1.32,0.0
ATOM,5460.0,HB2,ASN,481.0,77.627,74.668,102.564,0.09,1.32,0.0
ATOM,5461.0,HB3,ASN,481.0,77.297,76.005,103.443,0.09,1.32,0.93
ATOM,5462.0,OD1,ASN,481.0,76.532,73.216,104.725,-0.55,1.7,0.0
ATOM,5463.0,ND2,ASN,481.0,78.054,74.707,105.439,-0.62,1.85,0.64
ATOM,5464.0,HD22,ASN,481.0,78.567,75.548,105.248,0.3,0.2245,3.4
ATOM,5465.0,HD21,ASN,481.0,78.2,74.219,106.297,0.32,0.2245,0.0
ATOM,5466.0,N,THR,482.0,73.536,76.336,103.014,-0.47,1.85,0.0
ATOM,5467.0,CA,THR,482.0,72.605,77.201,103.718,0.07,2.275,0.28
ATOM,5468.0,C,THR,482.0,71.982,76.544,104.96,0.51,2.0,0.06
ATOM,5469.0,O,THR,482.0,71.36,77.219,105.77,-0.51,1.7,18.73
ATOM,5470.0,CB,THR,482.0,71.485,77.728,102.775,0.14,2.275,1.93
ATOM,5471.0,OG1,THR,482.0,70.713,76.626,102.269,-0.66,1.77,9.82
ATOM,5472.0,CG2,THR,482.0,72.092,78.507,101.597,-0.27,2.06,0.58
ATOM,5473.0,H,THR,482.0,73.374,75.969,102.059,0.31,0.2245,0.0
ATOM,5474.0,HA,THR,482.0,73.102,78.033,104.024,0.09,1.32,6.94
ATOM,5475.0,HB,THR,482.0,70.866,78.331,103.315,0.09,1.32,0.03
ATOM,5476.0,HG21,THR,482.0,71.627,79.388,101.506,0.09,1.32,0.0
ATOM,5477.0,HG22,THR,482.0,73.066,78.659,101.766,0.09,1.32,1.12
ATOM,5478.0,HG23,THR,482.0,71.977,77.98,100.755,0.09,1.32,0.0
ATOM,5479.0,HG1,THR,482.0,71.208,76.168,101.524,0.43,0.2245,0.0
ATOM,5480.0,N,LYS,483.0,72.142,75.231,105.088,-0.47,1.85,0.0
ATOM,5481.0,CA,LYS,483.0,71.618,74.478,106.226,0.07,2.275,2.73
ATOM,5482.0,C,LYS,483.0,72.697,73.86,107.133,0.51,2.0,0.46
ATOM,5483.0,O,LYS,483.0,72.388,73.018,107.979,-0.51,1.7,12.77
ATOM,5484.0,CB,LYS,483.0,70.695,73.361,105.741,-0.18,2.175,1.2
ATOM,5485.0,CG,LYS,483.0,69.357,73.832,105.276,-0.18,2.175,2.31
ATOM,5486.0,CD,LYS,483.0,68.372,72.681,105.313,-0.18,2.175,0.79
ATOM,5487.0,CE,LYS,483.0,66.999,73.075,104.782,0.21,2.175,1.47
ATOM,5488.0,NZ,LYS,483.0,66.418,74.249,105.502,-0.3,1.85,12.57
ATOM,5489.0,H,LYS,483.0,72.673,74.783,104.307,0.31,0.2245,0.0
ATOM,5490.0,HA,LYS,483.0,71.045,75.102,106.795,0.09,1.32,5.73
ATOM,5491.0,HB2,LYS,483.0,71.155,72.891,104.986,0.09,1.32,0.0
ATOM,5492.0,HB3,LYS,483.0,70.569,72.718,106.5,0.09,1.32,0.28
ATOM,5493.0,HG2,LYS,483.0,69.026,74.555,105.876,0.09,1.32,2.94
ATOM,5494.0,HG3,LYS,483.0,69.422,74.167,104.34,0.09,1.32,0.0
ATOM,5495.0,HD2,LYS,483.0,68.724,71.934,104.751,0.09,1.32,0.0
ATOM,5496.0,HD3,LYS,483.0,68.267,72.372,106.257,0.09,1.32,4.01
ATOM,5497.0,HE2,LYS,483.0,67.08,73.298,103.804,0.05,1.32,1.21
ATOM,5498.0,HE3,LYS,483.0,66.376,72.291,104.879,0.05,1.32,0.0
ATOM,5499.0,HZ1,LYS,483.0,66.119,73.962,106.411,0.33,0.2245,16.1
ATOM,5500.0,HZ2,LYS,483.0,67.114,74.961,105.585,0.33,0.2245,9.76
ATOM,5501.0,HZ3,LYS,483.0,65.638,74.598,104.985,0.33,0.2245,12.87
ATOM,5502.0,N,ASP,484.0,73.96,74.232,106.934,-0.47,1.85,0.0
ATOM,5503.0,CA,ASP,484.0,75.07,73.709,107.734,0.07,2.275,0.0
ATOM,5504.0,C,ASP,484.0,75.225,72.205,107.835,0.51,2.0,0.0
ATOM,5505.0,O,ASP,484.0,75.732,71.679,108.827,-0.51,1.7,18.93
ATOM,5506.0,CB,ASP,484.0,75.085,74.333,109.12,-0.28,2.175,15.01
ATOM,5507.0,CG,ASP,484.0,75.703,75.707,109.109,0.62,2.0,3.39
ATOM,5508.0,OD1,ASP,484.0,76.953,75.791,109.179,-0.76,1.7,11.91
ATOM,5509.0,OD2,ASP,484.0,74.94,76.695,108.994,-0.76,1.7,35.73
ATOM,5510.0,H,ASP,484.0,74.091,74.923,106.164,0.31,0.2245,0.0
ATOM,5511.0,HA,ASP,484.0,75.937,74.073,107.303,0.09,1.32,0.0
ATOM,5512.0,HB2,ASP,484.0,74.148,74.404,109.437,0.09,1.32,5.46
ATOM,5513.0,HB3,ASP,484.0,75.615,73.746,109.718,0.09,1.32,5.65
ATOM,5514.0,N,PHE,485.0,74.846,71.516,106.774,-0.47,1.85,0.0
ATOM,5515.0,CA,PHE,485.0,74.971,70.075,106.744,0.07,2.275,1.06
ATOM,5516.0,C,PHE,485.0,76.449,69.714,106.698,0.51,2.0,0.0
ATOM,5517.0,O,PHE,485.0,76.866,68.688,107.245,-0.51,1.7,29.87
ATOM,5518.0,CB,PHE,485.0,74.247,69.506,105.523,-0.18,2.175,4.19
ATOM,5519.0,CG,PHE,485.0,72.749,69.614,105.607,0.0,1.9924,0.46
ATOM,5520.0,CD1,PHE,485.0,72.122,69.798,106.842,-0.115,1.9924,8.91
ATOM,5521.0,CD2,PHE,485.0,71.967,69.52,104.458,-0.115,1.9924,5.08
ATOM,5522.0,CE1,PHE,485.0,70.736,69.884,106.935,-0.115,1.9924,9.57
ATOM,5523.0,CE2,PHE,485.0,70.579,69.606,104.538,-0.115,1.9924,2.77
ATOM,5524.0,CZ,PHE,485.0,69.962,69.787,105.777,-0.115,1.9924,4.35
ATOM,5525.0,H,PHE,485.0,74.465,72.08,105.994,0.31,0.2245,0.0
ATOM,5526.0,HA,PHE,485.0,74.617,69.727,107.611,0.09,1.32,4.62
ATOM,5527.0,HB2,PHE,485.0,74.546,70.013,104.73,0.09,1.32,0.0
ATOM,5528.0,HB3,PHE,485.0,74.481,68.549,105.451,0.09,1.32,7.82
ATOM,5529.0,HD1,PHE,485.0,72.672,69.87,107.668,0.115,1.3582,5.42
ATOM,5530.0,HD2,PHE,485.0,72.404,69.391,103.571,0.115,1.3582,0.15
ATOM,5531.0,HE1,PHE,485.0,70.302,70.013,107.828,0.115,1.3582,15.18
ATOM,5532.0,HE2,PHE,485.0,70.023,69.535,103.697,0.115,1.3582,0.0
ATOM,5533.0,HZ,PHE,485.0,68.968,69.848,105.839,0.115,1.3582,0.0
ATOM,5534.0,N,GLN,486.0,77.231,70.541,106.013,-0.47,1.85,0.0
ATOM,5535.0,CA,GLN,486.0,78.657,70.303,105.911,0.07,2.275,0.54
ATOM,5536.0,C,GLN,486.0,79.439,71.296,106.725,0.51,2.0,2.29
ATOM,5537.0,O,GLN,486.0,78.908,72.29,107.219,-0.51,1.7,3.13
ATOM,5538.0,CB,GLN,486.0,79.15,70.398,104.468,-0.18,2.175,0.0
ATOM,5539.0,CG,GLN,486.0,79.258,69.077,103.737,-0.18,2.175,5.47
ATOM,5540.0,CD,GLN,486.0,77.931,68.614,103.179,0.55,2.0,0.0
ATOM,5541.0,OE1,GLN,486.0,77.759,67.436,102.821,-0.55,1.7,26.65
ATOM,5542.0,NE2,GLN,486.0,76.969,69.525,103.13,-0.62,1.85,0.0
ATOM,5543.0,H,GLN,486.0,76.744,71.342,105.575,0.31,0.2245,0.0
ATOM,5544.0,HA,GLN,486.0,78.844,69.379,106.277,0.09,1.32,3.58
ATOM,5545.0,HB2,GLN,486.0,78.519,70.991,103.953,0.09,1.32,0.0
ATOM,5546.0,HB3,GLN,486.0,80.061,70.832,104.469,0.09,1.32,0.0
ATOM,5547.0,HG2,GLN,486.0,79.904,69.179,102.98,0.09,1.32,0.0
ATOM,5548.0,HG3,GLN,486.0,79.597,68.383,104.373,0.09,1.32,8.8
ATOM,5549.0,HE21,GLN,486.0,76.048,69.294,102.753,0.32,0.2245,0.78
ATOM,5550.0,HE22,GLN,486.0,77.159,70.464,103.474,0.3,0.2245,0.0
ATOM,5551.0,N,ALA,487.0,80.739,71.053,106.754,-0.47,1.85,2.29
ATOM,5552.0,CA,ALA,487.0,81.687,71.894,107.464,0.07,2.275,2.94
ATOM,5553.0,C,ALA,487.0,82.092,73.101,106.618,0.51,2.0,0.0
ATOM,5554.0,O,ALA,487.0,82.69,74.047,107.137,-0.51,1.7,1.64
ATOM,5555.0,CB,ALA,487.0,82.923,71.073,107.806,-0.27,2.06,38.27
ATOM,5556.0,H,ALA,487.0,81.028,70.197,106.218,0.31,0.2245,4.25
ATOM,5557.0,HA,ALA,487.0,81.257,72.23,108.312,0.09,1.32,6.79
ATOM,5558.0,HB1,ALA,487.0,82.711,70.1,107.721,0.09,1.32,8.48
ATOM,5559.0,HB2,ALA,487.0,83.664,71.308,107.178,0.09,1.32,1.5
ATOM,5560.0,HB3,ALA,487.0,83.206,71.271,108.744,0.09,1.32,11.7
ATOM,5561.0,N,ASN,488.0,81.745,73.077,105.332,-0.47,1.85,0.0
ATOM,5562.0,CA,ASN,488.0,82.137,74.146,104.412,0.07,2.275,0.0
ATOM,5563.0,C,ASN,488.0,81.31,74.219,103.14,0.51,2.0,0.0
ATOM,5564.0,O,ASN,488.0,80.509,73.324,102.855,-0.51,1.7,0.0
ATOM,5565.0,CB,ASN,488.0,83.611,73.976,104.021,-0.18,2.175,0.0
ATOM,5566.0,CG,ASN,488.0,83.953,72.546,103.635,0.55,2.0,0.0
ATOM,5567.0,H,ASN,488.0,81.185,72.253,105.046,0.31,0.2245,0.0
ATOM,5568.0,HA,ASN,488.0,82.0,75.026,104.909,0.09,1.32,0.0
ATOM,5569.0,HB2,ASN,488.0,83.799,74.568,103.244,0.09,1.32,0.0
ATOM,5570.0,HB3,ASN,488.0,84.174,74.238,104.799,0.09,1.32,0.06
ATOM,5571.0,OD1,ASN,488.0,84.834,71.916,104.247,-0.55,1.7,5.48
ATOM,5572.0,ND2,ASN,488.0,83.24,72.004,102.645,-0.62,1.85,0.49
ATOM,5573.0,HD22,ASN,488.0,82.527,72.549,102.199,0.3,0.2245,0.0
ATOM,5574.0,HD21,ASN,488.0,83.417,71.069,102.354,0.32,0.2245,0.91
ATOM,5575.0,N,GLN,489.0,81.516,75.29,102.375,-0.47,1.85,0.0
ATOM,5576.0,CA,GLN,489.0,80.814,75.483,101.1,0.07,2.275,0.0
ATOM,5577.0,C,GLN,489.0,81.56,74.759,99.988,0.51,2.0,0.0
ATOM,5578.0,O,GLN,489.0,80.942,74.191,99.085,-0.51,1.7,0.0
ATOM,5579.0,CB,GLN,489.0,80.65,76.968,100.769,-0.18,2.175,0.0
ATOM,5580.0,CG,GLN,489.0,79.617,77.635,101.666,-0.18,2.175,0.7
ATOM,5581.0,CD,GLN,489.0,79.103,78.964,101.118,0.55,2.0,0.0
ATOM,5582.0,OE1,GLN,489.0,78.749,79.055,99.941,-0.55,1.7,0.0
ATOM,5583.0,NE2,GLN,489.0,79.126,80.009,101.936,-0.62,1.85,9.17
ATOM,5584.0,H,GLN,489.0,82.206,75.969,102.752,0.31,0.2245,0.0
ATOM,5585.0,HA,GLN,489.0,79.906,75.069,101.185,0.09,1.32,0.0
ATOM,5586.0,HB2,GLN,489.0,81.52,77.425,100.903,0.09,1.32,0.0
ATOM,5587.0,HB3,GLN,489.0,80.348,77.056,99.827,0.09,1.32,0.0
ATOM,5588.0,HG2,GLN,489.0,78.836,77.017,101.774,0.09,1.32,0.0
ATOM,5589.0,HG3,GLN,489.0,80.03,77.803,102.564,0.09,1.32,0.82
ATOM,5590.0,HE21,GLN,489.0,78.813,80.918,101.633,0.32,0.2245,3.04
ATOM,5591.0,HE22,GLN,489.0,79.468,79.873,102.891,0.3,0.2245,10.83
ATOM,5592.0,N,ILE,490.0,82.887,74.792,100.056,-0.47,1.85,0.0
ATOM,5593.0,CA,ILE,490.0,83.717,74.087,99.089,0.07,2.275,0.0
ATOM,5594.0,C,ILE,490.0,84.919,73.475,99.803,0.51,2.0,0.0
ATOM,5595.0,O,ILE,490.0,85.595,74.137,100.596,-0.51,1.7,0.0
ATOM,5596.0,CB,ILE,490.0,84.155,74.968,97.855,-0.09,2.275,0.0
ATOM,5597.0,CG1,ILE,490.0,85.198,74.219,97.015,-0.18,2.175,0.0
ATOM,5598.0,CG2,ILE,490.0,84.686,76.307,98.287,-0.27,2.06,0.0
ATOM,5599.0,CD1,ILE,490.0,85.498,74.874,95.66,-0.27,2.06,0.91
ATOM,5600.0,H,ILE,490.0,83.27,75.352,100.841,0.31,0.2245,0.0
ATOM,5601.0,HA,ILE,490.0,83.169,73.324,98.748,0.09,1.32,0.0
ATOM,5602.0,HB,ILE,490.0,83.349,75.113,97.301,0.09,1.32,0.0
ATOM,5603.0,HG12,ILE,490.0,86.047,74.165,97.535,0.09,1.32,0.0
ATOM,5604.0,HG13,ILE,490.0,84.863,73.294,96.847,0.09,1.32,0.0
ATOM,5605.0,HG21,ILE,490.0,84.909,76.863,97.484,0.09,1.32,0.0
ATOM,5606.0,HG22,ILE,490.0,83.999,76.788,98.834,0.09,1.32,0.0
ATOM,5607.0,HG23,ILE,490.0,85.514,76.186,98.838,0.09,1.32,0.0
ATOM,5608.0,HD11,ILE,490.0,85.845,75.793,95.818,0.09,1.32,0.0
ATOM,5609.0,HD12,ILE,490.0,86.18,74.327,95.184,0.09,1.32,0.21
ATOM,5610.0,HD13,ILE,490.0,84.657,74.912,95.129,0.09,1.32,0.0
ATOM,5611.0,N,TYR,491.0,85.12,72.186,99.564,-0.47,1.85,0.0
ATOM,5612.0,CA,TYR,491.0,86.213,71.421,100.145,0.07,2.275,0.0
ATOM,5613.0,C,TYR,491.0,87.059,70.756,99.057,0.51,2.0,0.0
ATOM,5614.0,O,TYR,491.0,86.517,70.13,98.129,-0.51,1.7,0.0
ATOM,5615.0,CB,TYR,491.0,85.653,70.332,101.069,-0.18,2.175,0.35
ATOM,5616.0,CG,TYR,491.0,86.718,69.376,101.585,0.0,1.9924,0.0
ATOM,5617.0,CD1,TYR,491.0,87.672,69.807,102.501,-0.115,1.9924,3.42
ATOM,5618.0,CD2,TYR,491.0,86.786,68.051,101.134,-0.115,1.9924,0.33
ATOM,5619.0,CE1,TYR,491.0,88.667,68.956,102.953,-0.115,1.9924,8.12
ATOM,5620.0,CE2,TYR,491.0,87.783,67.187,101.589,-0.115,1.9924,2.91
ATOM,5621.0,CZ,TYR,491.0,88.716,67.647,102.494,0.11,1.9924,1.77
ATOM,5622.0,OH,TYR,491.0,89.728,66.822,102.938,-0.54,1.77,26.9
ATOM,5623.0,H,TYR,491.0,84.414,71.759,98.911,0.31,0.2245,0.0
ATOM,5624.0,HA,TYR,491.0,86.808,72.052,100.657,0.09,1.32,0.0
ATOM,5625.0,HB2,TYR,491.0,85.228,70.773,101.851,0.09,1.32,0.0
ATOM,5626.0,HB3,TYR,491.0,84.985,69.803,100.56,0.09,1.32,0.0
ATOM,5627.0,HD1,TYR,491.0,87.64,70.75,102.84,0.115,1.3582,0.0
ATOM,5628.0,HD2,TYR,491.0,86.112,67.722,100.48,0.115,1.3582,0.0
ATOM,5629.0,HE1,TYR,491.0,89.35,69.282,103.611,0.115,1.3582,3.47
ATOM,5630.0,HE2,TYR,491.0,87.816,66.246,101.259,0.115,1.3582,0.19
ATOM,5631.0,HH,TYR,491.0,90.521,66.928,102.341,0.43,0.2245,4.3
ATOM,5632.0,N,ILE,492.0,88.381,70.892,99.165,-0.47,1.85,0.0
ATOM,5633.0,CA,ILE,492.0,89.303,70.251,98.227,0.07,2.275,0.0
ATOM,5634.0,C,ILE,492.0,90.34,69.545,99.086,0.51,2.0,0.0
ATOM,5635.0,O,ILE,492.0,90.993,70.18,99.918,-0.51,1.7,0.0
ATOM,5636.0,CB,ILE,492.0,90.014,71.255,97.297,-0.09,2.275,0.0
ATOM,5637.0,CG1,ILE,492.0,88.983,72.106,96.547,-0.18,2.175,0.0
ATOM,5638.0,CG2,ILE,492.0,90.891,70.501,96.302,-0.27,2.06,0.0
ATOM,5639.0,CD1,ILE,492.0,89.619,73.167,95.651,-0.27,2.06,0.0
ATOM,5640.0,H,ILE,492.0,88.694,71.483,99.96,0.31,0.2245,0.0
ATOM,5641.0,HA,ILE,492.0,88.786,69.547,97.768,0.09,1.32,0.0
ATOM,5642.0,HB,ILE,492.0,90.561,71.861,97.862,0.09,1.32,0.0
ATOM,5643.0,HG12,ILE,492.0,88.424,71.507,95.985,0.09,1.32,0.0
ATOM,5644.0,HG13,ILE,492.0,88.406,72.563,97.216,0.09,1.32,0.0
ATOM,5645.0,HG21,ILE,492.0,91.367,71.155,95.717,0.09,1.32,0.0
ATOM,5646.0,HG22,ILE,492.0,91.558,69.95,96.799,0.09,1.32,0.0
ATOM,5647.0,HG23,ILE,492.0,90.319,69.906,95.74,0.09,1.32,0.0
ATOM,5648.0,HD11,ILE,492.0,90.195,72.716,94.974,0.09,1.32,0.0
ATOM,5649.0,HD12,ILE,492.0,88.897,73.682,95.195,0.09,1.32,0.23
ATOM,5650.0,HD13,ILE,492.0,90.17,73.778,96.213,0.09,1.32,0.0
ATOM,5651.0,N,SER,493.0,90.491,68.236,98.905,-0.47,1.85,0.0
ATOM,5652.0,CA,SER,493.0,91.437,67.482,99.731,0.07,2.275,0.0
ATOM,5653.0,C,SER,493.0,92.903,67.558,99.333,0.51,2.0,0.28
ATOM,5654.0,O,SER,493.0,93.753,67.899,100.156,-0.51,1.7,5.9
ATOM,5655.0,CB,SER,493.0,91.006,66.013,99.833,0.05,2.175,9.43
ATOM,5656.0,OG,SER,493.0,90.944,65.413,98.55,-0.66,1.77,8.01
ATOM,5657.0,H,SER,493.0,89.912,67.818,98.167,0.31,0.2245,0.0
ATOM,5658.0,HA,SER,493.0,91.356,67.839,100.693,0.09,1.32,0.11
ATOM,5659.0,HB2,SER,493.0,91.669,65.524,100.389,0.09,1.32,10.33
ATOM,5660.0,HB3,SER,493.0,90.106,65.974,100.254,0.09,1.32,0.0
ATOM,5661.0,HG,SER,493.0,90.269,65.892,97.991,0.43,0.2245,0.0
ATOM,5662.0,N,GLY,494.0,93.185,67.273,98.06,-0.47,1.85,0.0
ATOM,5663.0,CA,GLY,494.0,94.546,67.233,97.566,-0.02,2.175,5.43
ATOM,5664.0,C,GLY,494.0,95.193,68.509,97.094,0.51,2.0,0.0
ATOM,5665.0,O,GLY,494.0,94.64,69.592,97.251,-0.51,1.7,0.0
ATOM,5666.0,H,GLY,494.0,92.349,67.086,97.467,0.31,0.2245,0.0
ATOM,5667.0,HA2,GLY,494.0,95.151,66.805,98.304,0.09,1.32,6.72
ATOM,5668.0,HA3,GLY,494.0,94.595,66.529,96.794,0.09,1.32,0.0
ATOM,5669.0,N,ALA,495.0,96.39,68.366,96.526,-0.47,1.85,0.57
ATOM,5670.0,CA,ALA,495.0,97.167,69.494,96.015,0.07,2.275,0.11
ATOM,5671.0,C,ALA,495.0,96.619,69.897,94.654,0.51,2.0,1.19
ATOM,5672.0,O,ALA,495.0,96.986,69.316,93.62,-0.51,1.7,4.06
ATOM,5673.0,CB,ALA,495.0,98.631,69.111,95.898,-0.27,2.06,26.66
ATOM,5674.0,H,ALA,495.0,96.726,67.376,96.477,0.31,0.2245,0.19
ATOM,5675.0,HA,ALA,495.0,97.068,70.265,96.643,0.09,1.32,0.0
ATOM,5676.0,HB1,ALA,495.0,98.786,68.233,96.352,0.09,1.32,1.45
ATOM,5677.0,HB2,ALA,495.0,98.882,69.033,94.933,0.09,1.32,2.65
ATOM,5678.0,HB3,ALA,495.0,99.198,69.812,96.332,0.09,1.32,7.46
ATOM,5679.0,N,CYS,496.0,95.736,70.894,94.669,-0.47,1.85,0.35
ATOM,5680.0,CA,CYS,496.0,95.077,71.369,93.459,0.07,2.275,0.28
ATOM,5681.0,C,CYS,496.0,95.279,72.85,93.204,0.51,2.0,0.07
ATOM,5682.0,O,CYS,496.0,95.766,73.586,94.057,-0.51,1.7,2.4
ATOM,5683.0,CB,CYS,496.0,93.585,71.072,93.528,-0.11,2.175,0.0
ATOM,5684.0,SG,CYS,496.0,93.223,69.322,93.581,-0.23,2.0,0.0
ATOM,5685.0,H,CYS,496.0,95.56,71.3,95.613,0.31,0.2245,0.0
ATOM,5686.0,HA,CYS,496.0,95.463,70.857,92.669,0.09,1.32,0.43
ATOM,5687.0,HB2,CYS,496.0,93.223,71.498,94.35,0.09,1.32,0.0
ATOM,5688.0,HB3,CYS,496.0,93.155,71.463,92.72,0.09,1.32,0.0
ATOM,5689.0,HG,CYS,496.0,92.232,69.175,93.528,0.16,0.45,0.0
ATOM,5690.0,N,ARG,497.0,94.901,73.27,92.005,-0.47,1.85,0.0
ATOM,5691.0,CA,ARG,497.0,95.02,74.646,91.574,0.07,2.275,0.0
ATOM,5692.0,C,ARG,497.0,93.633,75.185,91.238,0.51,2.0,0.0
ATOM,5693.0,O,ARG,497.0,92.896,74.553,90.483,-0.51,1.7,0.0
ATOM,5694.0,CB,ARG,497.0,95.899,74.709,90.319,-0.18,2.175,2.08
ATOM,5695.0,CG,ARG,497.0,97.374,74.435,90.572,-0.18,2.175,10.55
ATOM,5696.0,CD,ARG,497.0,97.978,75.594,91.351,0.2,2.175,0.24
ATOM,5697.0,NE,ARG,497.0,99.428,75.486,91.469,-0.7,1.85,1.68
ATOM,5698.0,CZ,ARG,497.0,100.296,76.198,90.755,0.64,2.0,1.56
ATOM,5699.0,NH1,ARG,497.0,99.876,77.079,89.848,-0.8,1.85,22.62
ATOM,5700.0,NH2,ARG,497.0,101.593,76.061,90.981,-0.8,1.85,26.33
ATOM,5701.0,H,ARG,497.0,94.506,72.511,91.393,0.31,0.2245,0.0
ATOM,5702.0,HA,ARG,497.0,95.402,75.195,92.319,0.09,1.32,0.0
ATOM,5703.0,HB2,ARG,497.0,95.564,74.029,89.672,0.09,1.32,0.0
ATOM,5704.0,HB3,ARG,497.0,95.817,75.622,89.928,0.09,1.32,3.96
ATOM,5705.0,HG2,ARG,497.0,97.471,73.613,91.112,0.09,1.32,4.25
ATOM,5706.0,HG3,ARG,497.0,97.85,74.36,89.71,0.09,1.32,7.25
ATOM,5707.0,HD2,ARG,497.0,97.747,76.44,90.874,0.09,1.32,2.52
ATOM,5708.0,HD3,ARG,497.0,97.571,75.597,92.263,0.09,1.32,0.0
ATOM,5709.0,HE,ARG,497.0,99.799,74.827,92.136,0.44,0.2245,11.76
ATOM,5710.0,HH11,ARG,497.0,98.9,77.231,89.707,0.46,0.2245,10.03
ATOM,5711.0,HH12,ARG,497.0,100.545,77.592,89.307,0.46,0.2245,18.19
ATOM,5712.0,HH21,ARG,497.0,101.916,75.44,91.698,0.46,0.2245,17.8
ATOM,5713.0,HH22,ARG,497.0,102.256,76.578,90.437,0.46,0.2245,18.34
ATOM,5714.0,N,VAL,498.0,93.274,76.325,91.822,-0.47,1.85,0.17
ATOM,5715.0,CA,VAL,498.0,91.988,76.956,91.545,0.07,2.275,0.0
ATOM,5716.0,C,VAL,498.0,92.292,78.337,90.967,0.51,2.0,0.12
ATOM,5717.0,O,VAL,498.0,92.984,79.15,91.589,-0.51,1.7,3.21
ATOM,5718.0,CB,VAL,498.0,91.114,77.089,92.812,-0.09,2.275,0.0
ATOM,5719.0,CG1,VAL,498.0,89.748,77.706,92.46,-0.27,2.06,0.35
ATOM,5720.0,CG2,VAL,498.0,90.905,75.719,93.448,-0.27,2.06,0.29
ATOM,5721.0,H,VAL,498.0,93.975,76.718,92.479,0.31,0.2245,0.0
ATOM,5722.0,HA,VAL,498.0,91.523,76.428,90.848,0.09,1.32,0.0
ATOM,5723.0,HB,VAL,498.0,91.563,77.725,93.427,0.09,1.32,0.0
ATOM,5724.0,HG11,VAL,498.0,89.89,78.623,92.096,0.09,1.32,0.0
ATOM,5725.0,HG12,VAL,498.0,89.3,77.135,91.776,0.09,1.32,0.0
ATOM,5726.0,HG13,VAL,498.0,89.189,77.75,93.284,0.09,1.32,0.0
ATOM,5727.0,HG21,VAL,498.0,91.762,75.416,93.864,0.09,1.32,0.0
ATOM,5728.0,HG22,VAL,498.0,90.195,75.787,94.148,0.09,1.32,0.0
ATOM,5729.0,HG23,VAL,498.0,90.623,75.069,92.743,0.09,1.32,0.0
ATOM,5730.0,N,ASN,499.0,91.828,78.575,89.748,-0.47,1.85,0.0
ATOM,5731.0,CA,ASN,499.0,92.062,79.835,89.066,0.07,2.275,0.0
ATOM,5732.0,C,ASN,499.0,90.712,80.47,88.769,0.51,2.0,0.0
ATOM,5733.0,O,ASN,499.0,90.047,80.111,87.797,-0.51,1.7,2.13
ATOM,5734.0,CB,ASN,499.0,92.83,79.572,87.777,-0.18,2.175,2.15
ATOM,5735.0,CG,ASN,499.0,93.33,80.836,87.145,0.55,2.0,0.89
ATOM,5736.0,H,ASN,499.0,91.288,77.788,89.328,0.31,0.2245,0.0
ATOM,5737.0,HA,ASN,499.0,92.535,80.438,89.704,0.09,1.32,0.0
ATOM,5738.0,HB2,ASN,499.0,93.608,78.986,87.99,0.09,1.32,4.56
ATOM,5739.0,HB3,ASN,499.0,92.22,79.109,87.138,0.09,1.32,0.0
ATOM,5740.0,OD1,ASN,499.0,92.795,81.907,87.389,-0.55,1.7,22.11
ATOM,5741.0,ND2,ASN,499.0,94.381,80.724,86.347,-0.62,1.85,26.66
ATOM,5742.0,HD22,ASN,499.0,94.796,79.826,86.187,0.3,0.2245,17.69
ATOM,5743.0,HD21,ASN,499.0,94.763,81.534,85.901,0.32,0.2245,21.36
ATOM,5744.0,N,GLY,500.0,90.299,81.392,89.624,-0.47,1.85,0.0
ATOM,5745.0,CA,GLY,500.0,89.015,82.047,89.46,-0.02,2.175,14.62
ATOM,5746.0,C,GLY,500.0,87.985,81.338,90.32,0.51,2.0,0.47
ATOM,5747.0,O,GLY,500.0,87.538,80.237,89.977,-0.51,1.7,0.0
ATOM,5748.0,H,GLY,500.0,90.956,81.598,90.399,0.31,0.2245,0.0
ATOM,5749.0,HA2,GLY,500.0,89.084,83.004,89.744,0.09,1.32,0.69
ATOM,5750.0,HA3,GLY,500.0,88.734,82.006,88.501,0.09,1.32,3.37
ATOM,5751.0,N,LEU,501.0,87.636,81.952,91.449,-0.47,1.85,0.13
ATOM,5752.0,CA,LEU,501.0,86.667,81.383,92.383,0.07,2.275,0.0
ATOM,5753.0,C,LEU,501.0,85.736,82.467,92.931,0.51,2.0,0.0
ATOM,5754.0,O,LEU,501.0,86.174,83.378,93.647,-0.51,1.7,0.0
ATOM,5755.0,CB,LEU,501.0,87.399,80.676,93.537,-0.18,2.175,0.0
ATOM,5756.0,CG,LEU,501.0,86.527,80.067,94.639,-0.09,2.275,0.0
ATOM,5757.0,CD1,LEU,501.0,85.642,78.964,94.076,-0.27,2.06,0.0
ATOM,5758.0,CD2,LEU,501.0,87.41,79.526,95.751,-0.27,2.06,0.0
ATOM,5759.0,H,LEU,501.0,88.111,82.867,91.608,0.31,0.2245,0.0
ATOM,5760.0,HA,LEU,501.0,86.108,80.705,91.894,0.09,1.32,0.0
ATOM,5761.0,HB2,LEU,501.0,87.941,79.936,93.142,0.09,1.32,0.0
ATOM,5762.0,HB3,LEU,501.0,88.001,81.344,93.967,0.09,1.32,0.0
ATOM,5763.0,HG,LEU,501.0,85.953,80.785,95.032,0.09,1.32,0.0
ATOM,5764.0,HD11,LEU,501.0,86.214,78.244,93.682,0.09,1.32,0.0
ATOM,5765.0,HD12,LEU,501.0,85.081,78.579,94.809,0.09,1.32,0.0
ATOM,5766.0,HD13,LEU,501.0,85.048,79.342,93.366,0.09,1.32,0.0
ATOM,5767.0,HD21,LEU,501.0,87.958,80.27,96.136,0.09,1.32,0.0
ATOM,5768.0,HD22,LEU,501.0,86.838,79.128,96.47,0.09,1.32,0.0
ATOM,5769.0,HD23,LEU,501.0,88.019,78.821,95.384,0.09,1.32,0.0
ATOM,5770.0,N,ARG,502.0,84.458,82.387,92.58,-0.47,1.85,0.0
ATOM,5771.0,CA,ARG,502.0,83.496,83.374,93.05,0.07,2.275,0.0
ATOM,5772.0,C,ARG,502.0,82.742,82.784,94.221,0.51,2.0,0.0
ATOM,5773.0,O,ARG,502.0,82.202,81.675,94.129,-0.51,1.7,0.0
ATOM,5774.0,CB,ARG,502.0,82.54,83.776,91.933,-0.18,2.175,0.0
ATOM,5775.0,CG,ARG,502.0,83.266,84.17,90.65,-0.18,2.175,1.84
ATOM,5776.0,CD,ARG,502.0,82.368,85.018,89.796,0.2,2.175,13.84
ATOM,5777.0,NE,ARG,502.0,82.929,85.28,88.472,-0.7,1.85,4.41
ATOM,5778.0,CZ,ARG,502.0,83.86,86.189,88.203,0.64,2.0,2.85
ATOM,5779.0,NH1,ARG,502.0,84.384,86.944,89.169,-0.8,1.85,12.87
ATOM,5780.0,NH2,ARG,502.0,84.197,86.417,86.938,-0.8,1.85,25.31
ATOM,5781.0,H,ARG,502.0,84.217,81.593,91.967,0.31,0.2245,0.0
ATOM,5782.0,HA,ARG,502.0,83.989,84.186,93.356,0.09,1.32,0.0
ATOM,5783.0,HB2,ARG,502.0,81.953,83.006,91.728,0.09,1.32,0.0
ATOM,5784.0,HB3,ARG,502.0,82.011,84.556,92.236,0.09,1.32,3.98
ATOM,5785.0,HG2,ARG,502.0,84.076,84.692,90.882,0.09,1.32,0.02
ATOM,5786.0,HG3,ARG,502.0,83.505,83.35,90.147,0.09,1.32,0.24
ATOM,5787.0,HD2,ARG,502.0,81.492,84.546,89.689,0.09,1.32,4.69
ATOM,5788.0,HD3,ARG,502.0,82.218,85.891,90.263,0.09,1.32,5.42
ATOM,5789.0,HE,ARG,502.0,82.581,84.725,87.699,0.44,0.2245,10.37
ATOM,5790.0,HH11,ARG,502.0,84.094,86.82,90.116,0.46,0.2245,0.0
ATOM,5791.0,HH12,ARG,502.0,85.071,87.636,88.942,0.46,0.2245,9.05
ATOM,5792.0,HH21,ARG,502.0,83.767,85.895,86.201,0.46,0.2245,14.25
ATOM,5793.0,HH22,ARG,502.0,84.884,87.112,86.721,0.46,0.2245,18.47
ATOM,5794.0,N,LEU,503.0,82.741,83.514,95.334,-0.47,1.85,0.0
ATOM,5795.0,CA,LEU,503.0,82.08,83.07,96.554,0.07,2.275,0.0
ATOM,5796.0,C,LEU,503.0,81.145,84.136,97.105,0.51,2.0,0.0
ATOM,5797.0,O,LEU,503.0,81.43,85.333,96.996,-0.51,1.7,0.98
ATOM,5798.0,CB,LEU,503.0,83.121,82.763,97.632,-0.18,2.175,0.0
ATOM,5799.0,CG,LEU,503.0,84.062,81.584,97.401,-0.09,2.275,0.0
ATOM,5800.0,CD1,LEU,503.0,85.222,81.662,98.382,-0.27,2.06,0.0
ATOM,5801.0,CD2,LEU,503.0,83.292,80.286,97.57,-0.27,2.06,0.0
ATOM,5802.0,H,LEU,503.0,83.249,84.421,95.256,0.31,0.2245,0.0
ATOM,5803.0,HA,LEU,503.0,81.535,82.247,96.343,0.09,1.32,0.0
ATOM,5804.0,HB2,LEU,503.0,83.692,83.582,97.745,0.09,1.32,0.0
ATOM,5805.0,HB3,LEU,503.0,82.629,82.589,98.489,0.09,1.32,0.0
ATOM,5806.0,HG,LEU,503.0,84.412,81.623,96.47,0.09,1.32,0.0
ATOM,5807.0,HD11,LEU,503.0,84.871,81.63,99.318,0.09,1.32,0.0
ATOM,5808.0,HD12,LEU,503.0,85.84,80.89,98.232,0.09,1.32,0.0
ATOM,5809.0,HD13,LEU,503.0,85.721,82.518,98.243,0.09,1.32,0.0
ATOM,5810.0,HD21,LEU,503.0,82.543,80.25,96.906,0.09,1.32,0.0
ATOM,5811.0,HD22,LEU,503.0,83.905,79.509,97.419,0.09,1.32,0.0
ATOM,5812.0,HD23,LEU,503.0,82.916,80.236,98.497,0.09,1.32,0.0
ATOM,5813.0,N,ILE,504.0,80.085,83.665,97.758,-0.47,1.85,0.0
ATOM,5814.0,CA,ILE,504.0,79.07,84.471,98.438,0.07,2.275,0.0
ATOM,5815.0,C,ILE,504.0,78.077,85.196,97.551,0.51,2.0,0.0
ATOM,5816.0,O,ILE,504.0,78.444,85.9,96.606,-0.51,1.7,11.31
ATOM,5817.0,CB,ILE,504.0,79.69,85.505,99.47,-0.09,2.275,0.0
ATOM,5818.0,CG1,ILE,504.0,80.711,84.836,100.415,-0.18,2.175,0.03
ATOM,5819.0,CG2,ILE,504.0,78.58,86.174,100.27,-0.27,2.06,8.62
ATOM,5820.0,CD1,ILE,504.0,80.221,83.622,101.153,-0.27,2.06,9.25
ATOM,5821.0,H,ILE,504.0,80.032,82.6,97.745,0.31,0.2245,0.0
ATOM,5822.0,HA,ILE,504.0,78.528,83.813,99.008,0.09,1.32,0.04
ATOM,5823.0,HB,ILE,504.0,80.163,86.198,98.937,0.09,1.32,0.0
ATOM,5824.0,HG12,ILE,504.0,81.519,84.588,99.867,0.09,1.32,0.0
ATOM,5825.0,HG13,ILE,504.0,81.005,85.531,101.084,0.09,1.32,0.0
ATOM,5826.0,HG21,ILE,504.0,78.973,86.871,100.867,0.09,1.32,1.45
ATOM,5827.0,HG22,ILE,504.0,77.93,86.601,99.644,0.09,1.32,0.0
ATOM,5828.0,HG23,ILE,504.0,78.109,85.489,100.823,0.09,1.32,0.0
ATOM,5829.0,HD11,ILE,504.0,79.946,82.918,100.497,0.09,1.32,0.0
ATOM,5830.0,HD12,ILE,504.0,80.952,83.265,101.735,0.09,1.32,0.0
ATOM,5831.0,HD13,ILE,504.0,79.436,83.869,101.722,0.09,1.32,2.87
ATOM,5832.0,N,GLY,505.0,76.805,84.977,97.842,-0.47,1.85,0.0
ATOM,5833.0,CA,GLY,505.0,75.764,85.651,97.103,-0.02,2.175,8.74
ATOM,5834.0,C,GLY,505.0,75.187,86.706,98.025,0.51,2.0,1.48
ATOM,5835.0,O,GLY,505.0,75.843,87.686,98.349,-0.51,1.7,19.62
ATOM,5836.0,H,GLY,505.0,76.635,84.31,98.611,0.31,0.2245,0.0
ATOM,5837.0,HA2,GLY,505.0,76.145,86.087,96.297,0.09,1.32,5.67
ATOM,5838.0,HA3,GLY,505.0,75.053,85.007,96.85,0.09,1.32,0.01
ATOM,5839.0,N,ILE,506.0,74.002,86.438,98.545,-0.47,1.85,0.16
ATOM,5840.0,CA,ILE,506.0,73.337,87.377,99.417,0.07,2.275,1.52
ATOM,5841.0,C,ILE,506.0,73.122,86.783,100.807,0.51,2.0,1.18
ATOM,5842.0,O,ILE,506.0,72.543,87.422,101.686,-0.51,1.7,20.86
ATOM,5843.0,CB,ILE,506.0,72.0,87.809,98.782,-0.09,2.275,1.42
ATOM,5844.0,CG1,ILE,506.0,71.48,89.092,99.434,-0.18,2.175,11.73
ATOM,5845.0,CG2,ILE,506.0,70.994,86.667,98.845,-0.27,2.06,25.56
ATOM,5846.0,CD1,ILE,506.0,70.327,89.717,98.684,-0.27,2.06,43.86
ATOM,5847.0,H,ILE,506.0,73.604,85.516,98.276,0.31,0.2245,0.0
ATOM,5848.0,HA,ILE,506.0,73.964,88.156,99.536,0.09,1.32,4.52
ATOM,5849.0,HB,ILE,506.0,72.165,87.997,97.819,0.09,1.32,8.51
ATOM,5850.0,HG12,ILE,506.0,71.188,88.878,100.362,0.09,1.32,4.69
ATOM,5851.0,HG13,ILE,506.0,72.231,89.747,99.474,0.09,1.32,9.36
ATOM,5852.0,HG21,ILE,506.0,70.157,86.934,98.37,0.09,1.32,6.39
ATOM,5853.0,HG22,ILE,506.0,71.381,85.857,98.408,0.09,1.32,0.0
ATOM,5854.0,HG23,ILE,506.0,70.783,86.461,99.799,0.09,1.32,2.71
ATOM,5855.0,HD11,ILE,506.0,69.567,89.07,98.644,0.09,1.32,6.22
ATOM,5856.0,HD12,ILE,506.0,70.034,90.547,99.157,0.09,1.32,11.81
ATOM,5857.0,HD13,ILE,506.0,70.619,89.947,97.756,0.09,1.32,10.66
ATOM,5858.0,N,ARG,507.0,73.615,85.575,101.036,-0.47,1.85,0.0
ATOM,5859.0,CA,ARG,507.0,73.445,84.972,102.352,0.07,2.275,4.01
ATOM,5860.0,C,ARG,507.0,74.69,85.15,103.202,0.51,2.0,26.56
ATOM,5861.0,O,ARG,507.0,75.804,85.034,102.692,-0.51,1.7,16.36
ATOM,5862.0,CB,ARG,507.0,73.098,83.499,102.223,-0.18,2.175,7.63
ATOM,5863.0,CG,ARG,507.0,71.866,83.256,101.388,-0.18,2.175,2.71
ATOM,5864.0,CD,ARG,507.0,71.491,81.807,101.451,0.2,2.175,0.11
ATOM,5865.0,NE,ARG,507.0,71.05,81.453,102.796,-0.7,1.85,0.64
ATOM,5866.0,CZ,ARG,507.0,69.782,81.216,103.123,0.64,2.0,1.34
ATOM,5867.0,NH1,ARG,507.0,68.833,81.26,102.19,-0.8,1.85,19.65
ATOM,5868.0,NH2,ARG,507.0,69.468,80.907,104.377,-0.8,1.85,19.72
ATOM,5869.0,H,ARG,507.0,74.098,85.129,100.252,0.31,0.2245,0.0
ATOM,5870.0,HA,ARG,507.0,72.669,85.42,102.816,0.09,1.32,6.26
ATOM,5871.0,HB2,ARG,507.0,73.863,83.033,101.793,0.09,1.32,1.28
ATOM,5872.0,HB3,ARG,507.0,72.935,83.134,103.132,0.09,1.32,4.53
ATOM,5873.0,HG2,ARG,507.0,71.112,83.796,101.743,0.09,1.32,6.1
ATOM,5874.0,HG3,ARG,507.0,72.053,83.495,100.443,0.09,1.32,0.0
ATOM,5875.0,HD2,ARG,507.0,70.75,81.641,100.812,0.09,1.32,2.48
ATOM,5876.0,HD3,ARG,507.0,72.287,81.262,101.216,0.09,1.32,0.0
ATOM,5877.0,HE,ARG,507.0,71.744,81.384,103.519,0.44,0.2245,5.13
ATOM,5878.0,HH11,ARG,507.0,69.056,81.449,101.239,0.46,0.2245,7.0
ATOM,5879.0,HH12,ARG,507.0,67.874,81.098,102.452,0.46,0.2245,18.53
ATOM,5880.0,HH21,ARG,507.0,70.193,80.835,105.065,0.46,0.2245,13.15
ATOM,5881.0,HH22,ARG,507.0,68.518,80.746,104.632,0.46,0.2245,18.73
ATOM,5882.0,N,SER,508.0,82.024,77.336,110.751,-0.47,1.85,33.67
ATOM,5883.0,CA,SER,508.0,81.838,76.812,109.397,0.07,2.275,4.76
ATOM,5884.0,C,SER,508.0,82.686,77.605,108.383,0.51,2.0,0.0
ATOM,5885.0,O,SER,508.0,82.49,78.817,108.214,-0.51,1.7,2.27
ATOM,5886.0,CB,SER,508.0,80.358,76.888,109.016,0.05,2.175,14.22
ATOM,5887.0,OG,SER,508.0,80.058,76.074,107.899,-0.66,1.77,1.61
ATOM,5888.0,H,SER,508.0,82.625,78.109,110.982,0.31,0.2245,6.79
ATOM,5889.0,HA,SER,508.0,82.158,75.861,109.381,0.09,1.32,3.12
ATOM,5890.0,HB2,SER,508.0,79.811,76.586,109.795,0.09,1.32,6.07
ATOM,5891.0,HB3,SER,508.0,80.133,77.837,108.797,0.09,1.32,7.2
ATOM,5892.0,HG,SER,508.0,80.842,75.49,107.691,0.43,0.2245,0.0
ATOM,5893.0,N,LEU,514.0,83.633,76.926,107.73,-0.47,1.85,0.07
ATOM,5894.0,CA,LEU,514.0,84.499,77.563,106.738,0.07,2.275,0.0
ATOM,5895.0,C,LEU,514.0,83.78,77.696,105.414,0.51,2.0,0.05
ATOM,5896.0,O,LEU,514.0,82.839,76.954,105.127,-0.51,1.7,1.57
ATOM,5897.0,CB,LEU,514.0,85.784,76.759,106.529,-0.18,2.175,0.0
ATOM,5898.0,CG,LEU,514.0,86.8,76.762,107.678,-0.09,2.275,2.46
ATOM,5899.0,CD1,LEU,514.0,87.944,75.837,107.348,-0.27,2.06,11.07
ATOM,5900.0,CD2,LEU,514.0,87.327,78.17,107.918,-0.27,2.06,9.09
ATOM,5901.0,H,LEU,514.0,83.699,75.921,107.985,0.31,0.2245,1.75
ATOM,5902.0,HA,LEU,514.0,84.738,78.482,107.07,0.09,1.32,0.0
ATOM,5903.0,HB2,LEU,514.0,85.527,75.807,106.366,0.09,1.32,0.17
ATOM,5904.0,HB3,LEU,514.0,86.247,77.125,105.724,0.09,1.32,0.0
ATOM,5905.0,HG,LEU,514.0,86.343,76.454,108.509,0.09,1.32,7.22
ATOM,5906.0,HD11,LEU,514.0,88.398,76.142,106.507,0.09,1.32,0.0
ATOM,5907.0,HD12,LEU,514.0,88.61,75.837,108.098,0.09,1.32,9.41
ATOM,5908.0,HD13,LEU,514.0,87.601,74.904,107.215,0.09,1.32,2.57
ATOM,5909.0,HD21,LEU,514.0,86.567,78.776,108.155,0.09,1.32,0.0
ATOM,5910.0,HD22,LEU,514.0,87.988,78.156,108.669,0.09,1.32,6.7
ATOM,5911.0,HD23,LEU,514.0,87.774,78.506,107.088,0.09,1.32,0.0
ATOM,5912.0,N,THR,515.0,84.192,78.679,104.625,-0.47,1.85,0.0
ATOM,5913.0,CA,THR,515.0,83.597,78.886,103.313,0.07,2.275,0.47
ATOM,5914.0,C,THR,515.0,84.352,77.937,102.372,0.51,2.0,0.0
ATOM,5915.0,O,THR,515.0,83.752,77.1,101.699,-0.51,1.7,0.0
ATOM,5916.0,CB,THR,515.0,83.711,80.355,102.889,0.14,2.275,0.0
ATOM,5917.0,OG1,THR,515.0,83.026,81.158,103.856,-0.66,1.77,3.58
ATOM,5918.0,CG2,THR,515.0,83.07,80.579,101.517,-0.27,2.06,0.0
ATOM,5919.0,H,THR,515.0,84.95,79.267,105.013,0.31,0.2245,0.0
ATOM,5920.0,HA,THR,515.0,82.653,78.608,103.338,0.09,1.32,0.0
ATOM,5921.0,HB,THR,515.0,84.691,80.624,102.889,0.09,1.32,0.0
ATOM,5922.0,HG21,THR,515.0,83.777,80.823,100.852,0.09,1.32,0.0
ATOM,5923.0,HG22,THR,515.0,82.611,79.74,101.22,0.09,1.32,0.0
ATOM,5924.0,HG23,THR,515.0,82.4,81.321,101.577,0.09,1.32,0.0
ATOM,5925.0,HG1,THR,515.0,83.667,81.483,104.559,0.43,0.2245,0.0
ATOM,5926.0,N,ILE,516.0,85.673,78.044,102.367,-0.47,1.85,0.0
ATOM,5927.0,CA,ILE,516.0,86.497,77.154,101.569,0.07,2.275,0.0
ATOM,5928.0,C,ILE,516.0,87.577,76.551,102.457,0.51,2.0,0.0
ATOM,5929.0,O,ILE,516.0,88.205,77.238,103.279,-0.51,1.7,0.0
ATOM,5930.0,CB,ILE,516.0,87.143,77.824,100.302,-0.09,2.275,0.0
ATOM,5931.0,CG1,ILE,516.0,88.125,76.837,99.643,-0.18,2.175,0.0
ATOM,5932.0,CG2,ILE,516.0,87.811,79.16,100.639,-0.27,2.06,0.0
ATOM,5933.0,CD1,ILE,516.0,88.62,77.247,98.251,-0.27,2.06,0.0
ATOM,5934.0,H,ILE,516.0,86.054,78.799,102.967,0.31,0.2245,0.0
ATOM,5935.0,HA,ILE,516.0,85.908,76.399,101.285,0.09,1.32,0.0
ATOM,5936.0,HB,ILE,516.0,86.415,78.01,99.664,0.09,1.32,0.0
ATOM,5937.0,HG12,ILE,516.0,88.918,76.731,100.244,0.09,1.32,0.0
ATOM,5938.0,HG13,ILE,516.0,87.669,75.948,99.565,0.09,1.32,0.0
ATOM,5939.0,HG21,ILE,516.0,88.157,79.575,99.801,0.09,1.32,0.0
ATOM,5940.0,HG22,ILE,516.0,87.141,79.765,101.062,0.09,1.32,0.0
ATOM,5941.0,HG23,ILE,516.0,88.565,79.0,101.271,0.09,1.32,0.0
ATOM,5942.0,HD11,ILE,516.0,89.09,78.122,98.322,0.09,1.32,0.0
ATOM,5943.0,HD12,ILE,516.0,89.245,76.549,97.914,0.09,1.32,0.0
ATOM,5944.0,HD13,ILE,516.0,87.836,77.328,97.642,0.09,1.32,0.0
ATOM,5945.0,N,ASP,517.0,87.705,75.24,102.359,-0.47,1.85,0.0
ATOM,5946.0,CA,ASP,517.0,88.722,74.525,103.098,0.07,2.275,0.0
ATOM,5947.0,C,ASP,517.0,89.423,73.664,102.047,0.51,2.0,0.0
ATOM,5948.0,O,ASP,517.0,88.868,72.668,101.578,-0.51,1.7,0.0
ATOM,5949.0,CB,ASP,517.0,88.087,73.658,104.187,-0.28,2.175,0.03
ATOM,5950.0,CG,ASP,517.0,89.113,73.124,105.186,0.62,2.0,0.0
ATOM,5951.0,OD1,ASP,517.0,90.295,73.53,105.15,-0.76,1.7,0.63
ATOM,5952.0,OD2,ASP,517.0,88.716,72.3,106.028,-0.76,1.7,27.53
ATOM,5953.0,H,ASP,517.0,87.026,74.78,101.719,0.31,0.2245,0.0
ATOM,5954.0,HA,ASP,517.0,89.383,75.182,103.416,0.09,1.32,0.0
ATOM,5955.0,HB2,ASP,517.0,87.428,74.212,104.679,0.09,1.32,0.0
ATOM,5956.0,HB3,ASP,517.0,87.642,72.887,103.75,0.09,1.32,0.0
ATOM,5957.0,N,ALA,518.0,90.585,74.135,101.602,-0.47,1.85,0.0
ATOM,5958.0,CA,ALA,518.0,91.392,73.463,100.589,0.07,2.275,0.0
ATOM,5959.0,C,ALA,518.0,92.824,73.64,101.082,0.51,2.0,0.0
ATOM,5960.0,O,ALA,518.0,93.652,74.318,100.463,-0.51,1.7,0.0
ATOM,5961.0,CB,ALA,518.0,91.179,74.14,99.226,-0.27,2.06,0.0
ATOM,5962.0,H,ALA,518.0,90.875,75.042,102.047,0.31,0.2245,0.0
ATOM,5963.0,HA,ALA,518.0,91.174,72.507,100.583,0.09,1.32,0.0
ATOM,5964.0,HB1,ALA,518.0,90.516,73.613,98.699,0.09,1.32,0.0
ATOM,5965.0,HB2,ALA,518.0,90.837,75.065,99.371,0.09,1.32,0.0
ATOM,5966.0,HB3,ALA,518.0,92.048,74.173,98.738,0.09,1.32,0.0
ATOM,5967.0,N,PRO,519.0,93.169,72.94,102.175,-0.29,1.85,0.0
ATOM,5968.0,CA,PRO,519.0,94.461,72.962,102.855,0.02,2.275,0.45
ATOM,5969.0,C,PRO,519.0,95.72,72.805,102.01,0.51,2.0,0.0
ATOM,5970.0,O,PRO,519.0,96.774,73.326,102.369,-0.51,1.7,12.22
ATOM,5971.0,CB,PRO,519.0,94.36,71.797,103.849,-0.18,2.175,13.66
ATOM,5972.0,CG,PRO,519.0,92.938,71.465,103.922,-0.18,2.175,9.44
ATOM,5973.0,CD,PRO,519.0,92.398,71.748,102.572,0.0,2.175,0.0
ATOM,5974.0,HA,PRO,519.0,94.535,73.819,103.441,0.09,1.32,1.34
ATOM,5975.0,HB2,PRO,519.0,94.911,71.015,103.521,0.09,1.32,0.27
ATOM,5976.0,HB3,PRO,519.0,94.727,72.077,104.748,0.09,1.32,8.59
ATOM,5977.0,HG2,PRO,519.0,92.805,70.493,104.168,0.09,1.32,9.45
ATOM,5978.0,HG3,PRO,519.0,92.471,72.025,104.623,0.09,1.32,0.27
ATOM,5979.0,HD2,PRO,519.0,92.567,70.999,101.934,0.09,1.32,0.0
ATOM,5980.0,HD3,PRO,519.0,91.422,71.959,102.593,0.09,1.32,0.0
ATOM,5981.0,N,ASN,520.0,95.617,72.079,100.905,-0.47,1.85,0.0
ATOM,5982.0,CA,ASN,520.0,96.781,71.815,100.07,0.07,2.275,1.14
ATOM,5983.0,C,ASN,520.0,96.72,72.484,98.715,0.51,2.0,0.0
ATOM,5984.0,O,ASN,520.0,97.575,72.225,97.857,-0.51,1.7,9.79
ATOM,5985.0,CB,ASN,520.0,96.922,70.295,99.867,-0.18,2.175,3.86
ATOM,5986.0,CG,ASN,520.0,97.142,69.55,101.164,0.55,2.0,2.13
ATOM,5987.0,H,ASN,520.0,94.667,71.728,100.695,0.31,0.2245,0.0
ATOM,5988.0,HA,ASN,520.0,97.588,72.198,100.558,0.09,1.32,1.62
ATOM,5989.0,HB2,ASN,520.0,96.086,69.961,99.441,0.09,1.32,0.0
ATOM,5990.0,HB3,ASN,520.0,97.701,70.135,99.266,0.09,1.32,1.93
ATOM,5991.0,OD1,ASN,520.0,98.033,69.891,101.937,-0.55,1.7,32.35
ATOM,5992.0,ND2,ASN,520.0,96.331,68.534,101.411,-0.62,1.85,12.65
ATOM,5993.0,HD22,ASN,520.0,95.619,68.29,100.748,0.3,0.2245,0.0
ATOM,5994.0,HD21,ASN,520.0,96.424,68.007,102.255,0.32,0.2245,20.68
ATOM,5995.0,N,SER,521.0,95.732,73.349,98.514,-0.47,1.85,0.0
ATOM,5996.0,CA,SER,521.0,95.566,74.0,97.216,0.07,2.275,0.0
ATOM,5997.0,C,SER,521.0,96.052,75.431,97.16,0.51,2.0,0.0
ATOM,5998.0,O,SER,521.0,96.082,76.153,98.172,-0.51,1.7,0.0
ATOM,5999.0,CB,SER,521.0,94.099,73.948,96.772,0.05,2.175,0.0
ATOM,6000.0,OG,SER,521.0,93.642,72.611,96.641,-0.66,1.77,0.0
ATOM,6001.0,H,SER,521.0,95.116,73.515,99.323,0.31,0.2245,0.0
ATOM,6002.0,HA,SER,521.0,96.098,73.459,96.531,0.09,1.32,0.04
ATOM,6003.0,HB2,SER,521.0,93.542,74.416,97.453,0.09,1.32,0.0
ATOM,6004.0,HB3,SER,521.0,94.016,74.407,95.891,0.09,1.32,0.0
ATOM,6005.0,HG,SER,521.0,92.995,72.408,97.374,0.43,0.2245,0.0
ATOM,6006.0,N,THR,522.0,96.418,75.834,95.955,-0.47,1.85,0.24
ATOM,6007.0,CA,THR,522.0,96.889,77.177,95.68,0.07,2.275,0.0
ATOM,6008.0,C,THR,522.0,95.778,77.828,94.886,0.51,2.0,0.0
ATOM,6009.0,O,THR,522.0,95.306,77.274,93.882,-0.51,1.7,0.71
ATOM,6010.0,CB,THR,522.0,98.201,77.125,94.904,0.14,2.275,0.46
ATOM,6011.0,OG1,THR,522.0,99.217,76.623,95.787,-0.66,1.77,18.58
ATOM,6012.0,CG2,THR,522.0,98.6,78.505,94.411,-0.27,2.06,11.19
ATOM,6013.0,H,THR,522.0,96.338,75.095,95.212,0.31,0.2245,0.02
ATOM,6014.0,HA,THR,522.0,96.994,77.661,96.533,0.09,1.32,0.0
ATOM,6015.0,HB,THR,522.0,98.108,76.474,94.131,0.09,1.32,0.0
ATOM,6016.0,HG21,THR,522.0,99.571,78.51,94.159,0.09,1.32,6.79
ATOM,6017.0,HG22,THR,522.0,98.052,78.752,93.608,0.09,1.32,4.21
ATOM,6018.0,HG23,THR,522.0,98.446,79.183,95.134,0.09,1.32,0.0
ATOM,6019.0,HG1,THR,522.0,98.968,76.807,96.743,0.43,0.2245,0.03
ATOM,6020.0,N,VAL,523.0,95.364,79.006,95.339,-0.47,1.85,0.0
ATOM,6021.0,CA,VAL,523.0,94.242,79.709,94.74,0.07,2.275,0.34
ATOM,6022.0,C,VAL,523.0,94.591,81.134,94.316,0.51,2.0,0.0
ATOM,6023.0,O,VAL,523.0,95.473,81.776,94.902,-0.51,1.7,0.28
ATOM,6024.0,CB,VAL,523.0,93.048,79.725,95.759,-0.09,2.275,0.0
ATOM,6025.0,CG1,VAL,523.0,91.807,80.414,95.162,-0.27,2.06,0.0
ATOM,6026.0,CG2,VAL,523.0,92.725,78.286,96.233,-0.27,2.06,0.0
ATOM,6027.0,H,VAL,523.0,95.906,79.374,96.148,0.31,0.2245,0.0
ATOM,6028.0,HA,VAL,523.0,93.958,79.201,93.908,0.09,1.32,0.0
ATOM,6029.0,HB,VAL,523.0,93.335,80.269,96.54,0.09,1.32,0.0
ATOM,6030.0,HG11,VAL,523.0,92.097,81.218,94.649,0.09,1.32,0.0
ATOM,6031.0,HG12,VAL,523.0,91.34,79.775,94.556,0.09,1.32,0.0
ATOM,6032.0,HG13,VAL,523.0,91.198,80.686,95.903,0.09,1.32,0.0
ATOM,6033.0,HG21,VAL,523.0,93.493,77.95,96.77,0.09,1.32,0.0
ATOM,6034.0,HG22,VAL,523.0,91.899,78.314,96.788,0.09,1.32,0.0
ATOM,6035.0,HG23,VAL,523.0,92.585,77.713,95.431,0.09,1.32,0.0
ATOM,6036.0,N,SER,524.0,93.897,81.604,93.281,-0.47,1.85,0.0
ATOM,6037.0,CA,SER,524.0,94.073,82.95,92.756,0.07,2.275,0.0
ATOM,6038.0,C,SER,524.0,92.722,83.43,92.184,0.51,2.0,0.0
ATOM,6039.0,O,SER,524.0,91.927,82.626,91.69,-0.51,1.7,0.0
ATOM,6040.0,CB,SER,524.0,95.158,82.948,91.66,0.05,2.175,16.08
ATOM,6041.0,OG,SER,524.0,95.376,84.262,91.135,-0.66,1.77,17.65
ATOM,6042.0,H,SER,524.0,93.214,80.919,92.879,0.31,0.2245,0.0
ATOM,6043.0,HA,SER,524.0,94.311,83.557,93.508,0.09,1.32,0.0
ATOM,6044.0,HB2,SER,524.0,96.008,82.615,92.053,0.09,1.32,4.52
ATOM,6045.0,HB3,SER,524.0,94.862,82.353,90.92,0.09,1.32,0.69
ATOM,6046.0,HG,SER,524.0,95.959,84.771,91.763,0.43,0.2245,0.01
ATOM,6047.0,N,GLY,525.0,92.436,84.722,92.311,-0.47,1.85,0.0
ATOM,6048.0,CA,GLY,525.0,91.207,85.255,91.735,-0.02,2.175,12.52
ATOM,6049.0,C,GLY,525.0,89.868,85.032,92.42,0.51,2.0,0.0
ATOM,6050.0,O,GLY,525.0,88.871,84.763,91.745,-0.51,1.7,4.39
ATOM,6051.0,H,GLY,525.0,93.124,85.283,92.826,0.31,0.2245,0.0
ATOM,6052.0,HA2,GLY,525.0,91.335,86.288,91.592,0.09,1.32,9.57
ATOM,6053.0,HA3,GLY,525.0,91.132,84.907,90.746,0.09,1.32,4.75
ATOM,6054.0,N,ILE,526.0,89.832,85.123,93.746,-0.47,1.85,0.14
ATOM,6055.0,CA,ILE,526.0,88.577,85.002,94.477,0.07,2.275,0.0
ATOM,6056.0,C,ILE,526.0,87.83,86.338,94.383,0.51,2.0,0.0
ATOM,6057.0,O,ILE,526.0,88.44,87.413,94.502,-0.51,1.7,22.4
ATOM,6058.0,CB,ILE,526.0,88.811,84.686,96.001,-0.09,2.275,0.24
ATOM,6059.0,CG1,ILE,526.0,89.37,83.266,96.175,-0.18,2.175,0.0
ATOM,6060.0,CG2,ILE,526.0,87.522,84.895,96.814,-0.27,2.06,4.09
ATOM,6061.0,CD1,ILE,526.0,89.641,82.876,97.611,-0.27,2.06,0.23
ATOM,6062.0,H,ILE,526.0,90.749,85.283,94.2,0.31,0.2245,1.0
ATOM,6063.0,HA,ILE,526.0,88.024,84.336,93.985,0.09,1.32,0.0
ATOM,6064.0,HB,ILE,526.0,89.484,85.331,96.334,0.09,1.32,5.99
ATOM,6065.0,HG12,ILE,526.0,88.715,82.622,95.779,0.09,1.32,0.0
ATOM,6066.0,HG13,ILE,526.0,90.225,83.205,95.657,0.09,1.32,0.0
ATOM,6067.0,HG21,ILE,526.0,87.719,84.748,97.779,0.09,1.32,0.0
ATOM,6068.0,HG22,ILE,526.0,87.195,85.825,96.673,0.09,1.32,0.94
ATOM,6069.0,HG23,ILE,526.0,86.834,84.244,96.506,0.09,1.32,0.0
ATOM,6070.0,HD11,ILE,526.0,88.791,82.922,98.133,0.09,1.32,0.0
ATOM,6071.0,HD12,ILE,526.0,90.001,81.944,97.639,0.09,1.32,0.0
ATOM,6072.0,HD13,ILE,526.0,90.31,83.505,98.005,0.09,1.32,0.02
ATOM,6073.0,N,THR,527.0,86.529,86.292,94.109,-0.47,1.85,0.0
ATOM,6074.0,CA,THR,527.0,85.715,87.512,94.086,0.07,2.275,0.6
ATOM,6075.0,C,THR,527.0,84.514,87.241,94.995,0.51,2.0,0.01
ATOM,6076.0,O,THR,527.0,84.101,86.086,95.157,-0.51,1.7,0.21
ATOM,6077.0,CB,THR,527.0,85.227,87.925,92.672,0.14,2.275,4.83
ATOM,6078.0,OG1,THR,527.0,84.484,86.868,92.085,-0.66,1.77,2.09
ATOM,6079.0,CG2,THR,527.0,86.388,88.298,91.769,-0.27,2.06,27.74
ATOM,6080.0,H,THR,527.0,86.151,85.35,93.919,0.31,0.2245,0.0
ATOM,6081.0,HA,THR,527.0,86.241,88.252,94.474,0.09,1.32,4.06
ATOM,6082.0,HB,THR,527.0,84.617,88.74,92.769,0.09,1.32,9.02
ATOM,6083.0,HG21,THR,527.0,87.097,87.589,91.812,0.09,1.32,0.0
ATOM,6084.0,HG22,THR,527.0,86.07,88.385,90.821,0.09,1.32,0.93
ATOM,6085.0,HG23,THR,527.0,86.783,89.172,92.063,0.09,1.32,11.1
ATOM,6086.0,HG1,THR,527.0,84.957,85.987,92.212,0.43,0.2245,0.0
ATOM,6087.0,N,GLY,528.0,83.991,88.291,95.622,-0.47,1.85,1.71
ATOM,6088.0,CA,GLY,528.0,82.848,88.137,96.504,-0.02,2.175,7.16
ATOM,6089.0,C,GLY,528.0,83.102,88.66,97.903,0.51,2.0,0.06
ATOM,6090.0,O,GLY,528.0,84.251,88.825,98.328,-0.51,1.7,13.52
ATOM,6091.0,H,GLY,528.0,84.457,89.193,95.43,0.31,0.2245,12.34
ATOM,6092.0,HA2,GLY,528.0,82.048,88.624,96.105,0.09,1.32,9.13
ATOM,6093.0,HA3,GLY,528.0,82.594,87.153,96.556,0.09,1.32,0.0
ATOM,6094.0,N,MET,529.0,82.014,88.854,98.639,-0.47,1.85,0.0
ATOM,6095.0,CA,MET,529.0,82.062,89.386,99.994,0.07,2.275,1.74
ATOM,6096.0,C,MET,529.0,82.35,88.284,101.001,0.51,2.0,0.21
ATOM,6097.0,O,MET,529.0,81.595,88.074,101.953,-0.51,1.7,14.35
ATOM,6098.0,CB,MET,529.0,80.729,90.078,100.329,-0.18,2.175,8.4
ATOM,6099.0,CG,MET,529.0,80.401,91.298,99.468,-0.14,2.175,14.27
ATOM,6100.0,SD,MET,529.0,81.679,92.567,99.626,-0.09,2.0,31.66
ATOM,6101.0,CE,MET,529.0,81.66,93.204,97.993,-0.22,2.06,44.03
ATOM,6102.0,H,MET,529.0,81.12,88.592,98.162,0.31,0.2245,1.81
ATOM,6103.0,HA,MET,529.0,82.812,90.056,100.042,0.09,1.32,3.48
ATOM,6104.0,HB2,MET,529.0,79.98,89.407,100.226,0.09,1.32,0.36
ATOM,6105.0,HB3,MET,529.0,80.749,90.37,101.297,0.09,1.32,8.97
ATOM,6106.0,HG2,MET,529.0,80.309,90.997,98.502,0.09,1.32,4.11
ATOM,6107.0,HG3,MET,529.0,79.495,91.661,99.751,0.09,1.32,12.45
ATOM,6108.0,HE1,MET,529.0,82.394,93.883,97.868,0.09,1.32,12.04
ATOM,6109.0,HE2,MET,529.0,81.796,92.465,97.322,0.09,1.32,4.64
ATOM,6110.0,HE3,MET,529.0,80.779,93.651,97.797,0.09,1.32,11.3
ATOM,6111.0,N,VAL,530.0,83.463,87.599,100.797,-0.47,1.85,0.11
ATOM,6112.0,CA,VAL,530.0,83.862,86.505,101.657,0.07,2.275,0.0
ATOM,6113.0,C,VAL,530.0,84.443,87.024,102.988,0.51,2.0,0.0
ATOM,6114.0,O,VAL,530.0,85.002,88.132,103.045,-0.51,1.7,13.27
ATOM,6115.0,CB,VAL,530.0,84.897,85.633,100.921,-0.09,2.275,0.0
ATOM,6116.0,CG1,VAL,530.0,86.201,86.405,100.733,-0.27,2.06,11.87
ATOM,6117.0,CG2,VAL,530.0,85.121,84.334,101.658,-0.27,2.06,0.0
ATOM,6118.0,H,VAL,530.0,84.021,87.913,99.972,0.31,0.2245,0.0
ATOM,6119.0,HA,VAL,530.0,83.048,85.955,101.88,0.09,1.32,0.0
ATOM,6120.0,HB,VAL,530.0,84.542,85.441,100.013,0.09,1.32,0.0
ATOM,6121.0,HG11,VAL,530.0,85.994,87.36,100.526,0.09,1.32,2.41
ATOM,6122.0,HG12,VAL,530.0,86.74,86.354,101.572,0.09,1.32,0.0
ATOM,6123.0,HG13,VAL,530.0,86.718,86.003,99.978,0.09,1.32,0.0
ATOM,6124.0,HG21,VAL,530.0,84.238,83.902,101.854,0.09,1.32,0.0
ATOM,6125.0,HG22,VAL,530.0,85.674,83.718,101.093,0.09,1.32,0.0
ATOM,6126.0,HG23,VAL,530.0,85.6,84.515,102.519,0.09,1.32,0.0
ATOM,6127.0,N,ASP,531.0,84.192,86.284,104.068,-0.47,1.85,0.56
ATOM,6128.0,CA,ASP,531.0,84.742,86.609,105.387,0.07,2.275,4.13
ATOM,6129.0,C,ASP,531.0,86.111,85.914,105.325,0.51,2.0,0.0
ATOM,6130.0,O,ASP,531.0,86.181,84.686,105.305,-0.51,1.7,0.0
ATOM,6131.0,CB,ASP,531.0,83.871,85.996,106.495,-0.28,2.175,7.76
ATOM,6132.0,CG,ASP,531.0,84.457,86.177,107.894,0.62,2.0,3.11
ATOM,6133.0,OD1,ASP,531.0,85.644,86.543,108.032,-0.76,1.7,6.49
ATOM,6134.0,OD2,ASP,531.0,83.723,85.938,108.883,-0.76,1.7,23.32
ATOM,6135.0,H,ASP,531.0,83.577,85.462,103.896,0.31,0.2245,2.02
ATOM,6136.0,HA,ASP,531.0,84.912,87.566,105.405,0.09,1.32,1.59
ATOM,6137.0,HB2,ASP,531.0,82.981,86.438,106.465,0.09,1.32,11.4
ATOM,6138.0,HB3,ASP,531.0,83.781,85.024,106.312,0.09,1.32,0.0
ATOM,6139.0,N,PRO,532.0,87.209,86.693,105.338,-0.29,1.85,0.0
ATOM,6140.0,CA,PRO,532.0,88.583,86.163,105.27,0.02,2.275,0.0
ATOM,6141.0,C,PRO,532.0,88.932,85.096,106.317,0.51,2.0,0.0
ATOM,6142.0,O,PRO,532.0,89.77,84.218,106.069,-0.51,1.7,0.0
ATOM,6143.0,CB,PRO,532.0,89.451,87.416,105.444,-0.18,2.175,3.08
ATOM,6144.0,CG,PRO,532.0,88.562,88.538,105.042,-0.18,2.175,18.78
ATOM,6145.0,CD,PRO,532.0,87.217,88.15,105.557,0.0,2.175,10.67
ATOM,6146.0,HA,PRO,532.0,88.777,85.809,104.327,0.09,1.32,0.0
ATOM,6147.0,HB2,PRO,532.0,89.744,87.509,106.398,0.09,1.32,0.0
ATOM,6148.0,HB3,PRO,532.0,90.261,87.366,104.857,0.09,1.32,5.91
ATOM,6149.0,HG2,PRO,532.0,88.873,89.399,105.453,0.09,1.32,5.17
ATOM,6150.0,HG3,PRO,532.0,88.552,88.64,104.044,0.09,1.32,7.67
ATOM,6151.0,HD2,PRO,532.0,87.117,88.356,106.527,0.09,1.32,1.95
ATOM,6152.0,HD3,PRO,532.0,86.481,88.584,105.041,0.09,1.32,1.62
ATOM,6153.0,N,SER,533.0,88.314,85.182,107.493,-0.47,1.85,0.0
ATOM,6154.0,CA,SER,533.0,88.578,84.217,108.556,0.07,2.275,0.0
ATOM,6155.0,C,SER,533.0,88.016,82.839,108.21,0.51,2.0,0.0
ATOM,6156.0,O,SER,533.0,88.359,81.846,108.85,-0.51,1.7,7.67
ATOM,6157.0,CB,SER,533.0,88.002,84.704,109.901,0.05,2.175,3.12
ATOM,6158.0,OG,SER,533.0,86.582,84.614,109.944,-0.66,1.77,11.39
ATOM,6159.0,H,SER,533.0,87.65,85.97,107.584,0.31,0.2245,0.0
ATOM,6160.0,HA,SER,533.0,89.577,84.126,108.655,0.09,1.32,0.0
ATOM,6161.0,HB2,SER,533.0,88.385,84.142,110.632,0.09,1.32,1.88
ATOM,6162.0,HB3,SER,533.0,88.27,85.657,110.034,0.09,1.32,0.14
ATOM,6163.0,HG,SER,533.0,86.19,85.289,109.322,0.43,0.2245,0.07
ATOM,6164.0,N,ARG,534.0,87.162,82.779,107.191,-0.47,1.85,0.0
ATOM,6165.0,CA,ARG,534.0,86.554,81.522,106.776,0.07,2.275,0.0
ATOM,6166.0,C,ARG,534.0,87.216,80.92,105.536,0.51,2.0,0.0
ATOM,6167.0,O,ARG,534.0,86.631,80.06,104.852,-0.51,1.7,0.0
ATOM,6168.0,CB,ARG,534.0,85.052,81.71,106.561,-0.18,2.175,0.0
ATOM,6169.0,CG,ARG,534.0,84.34,82.104,107.821,-0.18,2.175,0.21
ATOM,6170.0,CD,ARG,534.0,82.846,82.078,107.608,0.2,2.175,8.34
ATOM,6171.0,NE,ARG,534.0,82.107,82.614,108.756,-0.7,1.85,4.43
ATOM,6172.0,CZ,ARG,534.0,82.172,82.14,110.005,0.64,2.0,1.19
ATOM,6173.0,NH1,ARG,534.0,82.947,81.1,110.305,-0.8,1.85,8.71
ATOM,6174.0,NH2,ARG,534.0,81.463,82.719,110.972,-0.8,1.85,26.53
ATOM,6175.0,H,ARG,534.0,86.972,83.689,106.728,0.31,0.2245,0.0
ATOM,6176.0,HA,ARG,534.0,86.634,80.854,107.536,0.09,1.32,0.0
ATOM,6177.0,HB2,ARG,534.0,84.926,82.425,105.887,0.09,1.32,0.0
ATOM,6178.0,HB3,ARG,534.0,84.678,80.851,106.24,0.09,1.32,0.0
ATOM,6179.0,HG2,ARG,534.0,84.562,81.464,108.55,0.09,1.32,0.41
ATOM,6180.0,HG3,ARG,534.0,84.6,83.028,108.082,0.09,1.32,0.0
ATOM,6181.0,HD2,ARG,534.0,82.632,82.626,106.801,0.09,1.32,2.33
ATOM,6182.0,HD3,ARG,534.0,82.566,81.131,107.456,0.09,1.32,0.24
ATOM,6183.0,HE,ARG,534.0,81.499,83.406,108.591,0.44,0.2245,10.41
ATOM,6184.0,HH11,ARG,534.0,83.508,80.671,109.6,0.46,0.2245,0.38
ATOM,6185.0,HH12,ARG,534.0,82.967,80.748,111.242,0.46,0.2245,11.07
ATOM,6186.0,HH21,ARG,534.0,80.9,83.52,110.758,0.46,0.2245,16.91
ATOM,6187.0,HH22,ARG,534.0,81.493,82.359,111.9,0.46,0.2245,18.17
ATOM,6188.0,N,ILE,535.0,88.419,81.397,105.235,-0.47,1.85,0.0
ATOM,6189.0,CA,ILE,535.0,89.178,80.894,104.105,0.07,2.275,0.0
ATOM,6190.0,C,ILE,535.0,90.388,80.126,104.616,0.51,2.0,0.0
ATOM,6191.0,O,ILE,535.0,91.137,80.632,105.455,-0.51,1.7,1.39
ATOM,6192.0,CB,ILE,535.0,89.726,82.039,103.211,-0.09,2.275,0.26
ATOM,6193.0,CG1,ILE,535.0,88.587,82.86,102.607,-0.18,2.175,0.0
ATOM,6194.0,CG2,ILE,535.0,90.631,81.459,102.104,-0.27,2.06,4.88
ATOM,6195.0,CD1,ILE,535.0,89.086,84.077,101.877,-0.27,2.06,7.61
ATOM,6196.0,H,ILE,535.0,88.76,82.147,105.869,0.31,0.2245,0.0
ATOM,6197.0,HA,ILE,535.0,88.593,80.229,103.642,0.09,1.32,0.0
ATOM,6198.0,HB,ILE,535.0,90.27,82.639,103.79,0.09,1.32,0.11
ATOM,6199.0,HG12,ILE,535.0,88.083,82.282,101.976,0.09,1.32,0.0
ATOM,6200.0,HG13,ILE,535.0,87.986,83.148,103.345,0.09,1.32,0.0
ATOM,6201.0,HG21,ILE,535.0,91.016,82.209,101.575,0.09,1.32,0.0
ATOM,6202.0,HG22,ILE,535.0,91.361,80.931,102.527,0.09,1.32,0.24
ATOM,6203.0,HG23,ILE,535.0,90.085,80.872,101.514,0.09,1.32,0.0
ATOM,6204.0,HD11,ILE,535.0,89.693,83.797,101.133,0.09,1.32,0.0
ATOM,6205.0,HD12,ILE,535.0,88.31,84.583,101.499,0.09,1.32,0.0
ATOM,6206.0,HD13,ILE,535.0,89.589,84.666,102.511,0.09,1.32,1.67
ATOM,6207.0,N,ASN,536.0,90.572,78.908,104.116,-0.47,1.85,0.0
ATOM,6208.0,CA,ASN,536.0,91.741,78.102,104.468,0.07,2.275,0.0
ATOM,6209.0,C,ASN,536.0,92.323,77.467,103.199,0.51,2.0,0.0
ATOM,6210.0,O,ASN,536.0,91.711,76.581,102.604,-0.51,1.7,0.0
ATOM,6211.0,CB,ASN,536.0,91.398,77.011,105.477,-0.18,2.175,0.06
ATOM,6212.0,CG,ASN,536.0,92.624,76.256,105.934,0.55,2.0,1.86
ATOM,6213.0,H,ASN,536.0,89.83,78.584,103.467,0.31,0.2245,0.0
ATOM,6214.0,HA,ASN,536.0,92.436,78.725,104.826,0.09,1.32,0.34
ATOM,6215.0,HB2,ASN,536.0,90.971,77.436,106.268,0.09,1.32,0.0
ATOM,6216.0,HB3,ASN,536.0,90.77,76.371,105.047,0.09,1.32,0.0
ATOM,6217.0,OD1,ASN,536.0,93.696,76.844,106.091,-0.55,1.7,21.48
ATOM,6218.0,ND2,ASN,536.0,92.485,74.95,106.136,-0.62,1.85,12.17
ATOM,6219.0,HD22,ASN,536.0,91.594,74.518,105.976,0.3,0.2245,0.0
ATOM,6220.0,HD21,ASN,536.0,93.259,74.403,106.443,0.32,0.2245,12.44
ATOM,6221.0,N,VAL,537.0,93.468,77.964,102.751,-0.47,1.85,0.0
ATOM,6222.0,CA,VAL,537.0,94.122,77.435,101.554,0.07,2.275,0.0
ATOM,6223.0,C,VAL,537.0,95.613,77.358,101.844,0.51,2.0,0.0
ATOM,6224.0,O,VAL,537.0,96.07,77.89,102.864,-0.51,1.7,17.6
ATOM,6225.0,CB,VAL,537.0,93.883,78.327,100.29,-0.09,2.275,0.0
ATOM,6226.0,CG1,VAL,537.0,92.409,78.38,99.951,-0.27,2.06,0.0
ATOM,6227.0,CG2,VAL,537.0,94.416,79.747,100.501,-0.27,2.06,4.75
ATOM,6228.0,H,VAL,537.0,93.855,78.748,103.312,0.31,0.2245,4.26
ATOM,6229.0,HA,VAL,537.0,93.787,76.513,101.399,0.09,1.32,0.0
ATOM,6230.0,HB,VAL,537.0,94.351,77.887,99.533,0.09,1.32,0.0
ATOM,6231.0,HG11,VAL,537.0,91.868,78.116,100.751,0.09,1.32,0.0
ATOM,6232.0,HG12,VAL,537.0,92.158,79.31,99.676,0.09,1.32,0.0
ATOM,6233.0,HG13,VAL,537.0,92.212,77.749,99.198,0.09,1.32,0.0
ATOM,6234.0,HG21,VAL,537.0,93.745,80.401,100.155,0.09,1.32,0.0
ATOM,6235.0,HG22,VAL,537.0,94.566,79.897,101.477,0.09,1.32,3.18
ATOM,6236.0,HG23,VAL,537.0,95.277,79.848,100.005,0.09,1.32,0.0
ATOM,6237.0,N,ALA,538.0,96.365,76.686,100.98,-0.47,1.85,0.0
ATOM,6238.0,CA,ALA,538.0,97.818,76.578,101.152,0.07,2.275,1.17
ATOM,6239.0,C,ALA,538.0,98.49,77.887,100.741,0.51,2.0,0.01
ATOM,6240.0,O,ALA,538.0,99.439,78.344,101.39,-0.51,1.7,29.65
ATOM,6241.0,CB,ALA,538.0,98.389,75.414,100.306,-0.27,2.06,15.84
ATOM,6242.0,H,ALA,538.0,95.852,76.254,100.191,0.31,0.2245,0.0
ATOM,6243.0,HA,ALA,538.0,98.016,76.405,102.119,0.09,1.32,6.93
ATOM,6244.0,HB1,ALA,538.0,98.644,74.669,100.915,0.09,1.32,4.12
ATOM,6245.0,HB2,ALA,538.0,97.69,75.109,99.666,0.09,1.32,0.0
ATOM,6246.0,HB3,ALA,538.0,99.188,75.739,99.81,0.09,1.32,4.48
ATOM,6247.0,N,ASN,539.0,97.993,78.486,99.662,-0.47,1.85,0.0
ATOM,6248.0,CA,ASN,539.0,98.573,79.721,99.158,0.07,2.275,0.54
ATOM,6249.0,C,ASN,539.0,97.515,80.468,98.351,0.51,2.0,0.0
ATOM,6250.0,O,ASN,539.0,96.742,79.854,97.618,-0.51,1.7,0.0
ATOM,6251.0,CB,ASN,539.0,99.797,79.366,98.295,-0.18,2.175,5.43
ATOM,6252.0,CG,ASN,539.0,100.64,80.575,97.889,0.55,2.0,2.08
ATOM,6253.0,H,ASN,539.0,97.184,78.009,99.229,0.31,0.2245,0.0
ATOM,6254.0,HA,ASN,539.0,98.795,80.292,99.947,0.09,1.32,3.17
ATOM,6255.0,HB2,ASN,539.0,100.376,78.739,98.815,0.09,1.32,5.43
ATOM,6256.0,HB3,ASN,539.0,99.474,78.914,97.464,0.09,1.32,0.0
ATOM,6257.0,OD1,ASN,539.0,101.438,80.48,96.944,-0.55,1.7,31.21
ATOM,6258.0,ND2,ASN,539.0,100.511,81.687,98.601,-0.62,1.85,14.99
ATOM,6259.0,HD22,ASN,539.0,99.871,81.689,99.38,0.3,0.2245,4.48
ATOM,6260.0,HD21,ASN,539.0,101.031,82.499,98.375,0.32,0.2245,13.8
ATOM,6261.0,N,LEU,540.0,97.442,81.782,98.563,-0.47,1.85,0.0
ATOM,6262.0,CA,LEU,540.0,96.5,82.67,97.878,0.07,2.275,0.0
ATOM,6263.0,C,LEU,540.0,97.333,83.832,97.317,0.51,2.0,0.03
ATOM,6264.0,O,LEU,540.0,98.082,84.476,98.065,-0.51,1.7,18.48
ATOM,6265.0,CB,LEU,540.0,95.464,83.196,98.871,-0.18,2.175,4.45
ATOM,6266.0,CG,LEU,540.0,94.247,83.918,98.289,-0.09,2.275,1.49
ATOM,6267.0,CD1,LEU,540.0,93.435,82.932,97.459,-0.27,2.06,0.05
ATOM,6268.0,CD2,LEU,540.0,93.378,84.474,99.419,-0.27,2.06,23.69
ATOM,6269.0,H,LEU,540.0,98.131,82.135,99.277,0.31,0.2245,4.46
ATOM,6270.0,HA,LEU,540.0,96.094,82.184,97.121,0.09,1.32,0.0
ATOM,6271.0,HB2,LEU,540.0,95.122,82.417,99.398,0.09,1.32,0.0
ATOM,6272.0,HB3,LEU,540.0,95.925,83.837,99.483,0.09,1.32,6.29
ATOM,6273.0,HG,LEU,540.0,94.557,84.662,97.71,0.09,1.32,0.78
ATOM,6274.0,HD11,LEU,540.0,93.132,82.176,98.04,0.09,1.32,0.0
ATOM,6275.0,HD12,LEU,540.0,92.637,83.397,97.075,0.09,1.32,0.06
ATOM,6276.0,HD13,LEU,540.0,94.002,82.575,96.717,0.09,1.32,0.0
ATOM,6277.0,HD21,LEU,540.0,93.915,85.118,99.963,0.09,1.32,10.62
ATOM,6278.0,HD22,LEU,540.0,92.587,84.943,99.028,0.09,1.32,4.99
ATOM,6279.0,HD23,LEU,540.0,93.069,83.721,99.999,0.09,1.32,0.1
ATOM,6280.0,N,ALA,541.0,97.235,84.094,96.013,-0.47,1.85,0.0
ATOM,6281.0,CA,ALA,541.0,98.043,85.171,95.425,0.07,2.275,0.42
ATOM,6282.0,C,ALA,541.0,97.515,85.754,94.131,0.51,2.0,0.0
ATOM,6283.0,O,ALA,541.0,96.904,85.042,93.324,-0.51,1.7,0.81
ATOM,6284.0,CB,ALA,541.0,99.478,84.668,95.194,-0.27,2.06,14.38
ATOM,6285.0,H,ALA,541.0,96.583,83.51,95.486,0.31,0.2245,0.0
ATOM,6286.0,HA,ALA,541.0,98.116,85.925,96.118,0.09,1.32,5.26
ATOM,6287.0,HB1,ALA,541.0,99.741,84.073,95.95,0.09,1.32,0.0
ATOM,6288.0,HB2,ALA,541.0,99.512,84.161,94.336,0.09,1.32,4.68
ATOM,6289.0,HB3,ALA,541.0,100.095,85.45,95.149,0.09,1.32,1.66
ATOM,6290.0,N,GLU,542.0,97.806,87.043,93.927,-0.47,1.85,0.0
ATOM,6291.0,CA,GLU,542.0,97.42,87.786,92.722,0.07,2.275,1.73
ATOM,6292.0,C,GLU,542.0,98.769,88.31,92.219,0.51,2.0,0.0
ATOM,6293.0,O,GLU,542.0,99.169,89.436,92.506,-0.51,1.7,17.25
ATOM,6294.0,CB,GLU,542.0,96.467,88.955,93.044,-0.18,2.175,0.48
ATOM,6295.0,CG,GLU,542.0,95.399,88.701,94.135,-0.28,2.175,17.99
ATOM,6296.0,CD,GLU,542.0,94.561,87.43,93.952,0.62,2.0,2.82
ATOM,6297.0,OE1,GLU,542.0,94.14,87.112,92.816,-0.76,1.7,6.68
ATOM,6298.0,OE2,GLU,542.0,94.319,86.744,94.967,-0.76,1.7,10.91
ATOM,6299.0,H,GLU,542.0,98.343,87.486,94.715,0.31,0.2245,8.08
ATOM,6300.0,HA,GLU,542.0,97.034,87.184,92.065,0.09,1.32,1.57
ATOM,6301.0,HB2,GLU,542.0,97.02,89.718,93.353,0.09,1.32,3.0
ATOM,6302.0,HB3,GLU,542.0,95.981,89.186,92.212,0.09,1.32,0.05
ATOM,6303.0,HG2,GLU,542.0,95.868,88.625,95.003,0.09,1.32,6.33
ATOM,6304.0,HG3,GLU,542.0,94.776,89.47,94.132,0.09,1.32,7.0
ATOM,6305.0,N,GLU,543.0,99.484,87.451,91.509,-0.47,1.85,0.0
ATOM,6306.0,CA,GLU,543.0,100.811,87.751,90.984,0.07,2.275,0.21
ATOM,6307.0,C,GLU,543.0,100.855,88.74,89.827,0.51,2.0,0.11
ATOM,6308.0,O,GLU,543.0,101.847,89.468,89.674,-0.51,1.7,30.48
ATOM,6309.0,CB,GLU,543.0,101.467,86.454,90.51,-0.18,2.175,11.74
ATOM,6310.0,CG,GLU,543.0,101.704,85.427,91.591,-0.28,2.175,16.22
ATOM,6311.0,CD,GLU,543.0,102.732,85.912,92.575,0.62,2.0,3.42
ATOM,6312.0,OE1,GLU,543.0,103.922,85.917,92.215,-0.76,1.7,41.57
ATOM,6313.0,OE2,GLU,543.0,102.357,86.342,93.684,-0.76,1.7,24.73
ATOM,6314.0,H,GLU,543.0,99.011,86.525,91.353,0.31,0.2245,2.89
ATOM,6315.0,HA,GLU,543.0,101.402,88.103,91.748,0.09,1.32,4.18
ATOM,6316.0,HB2,GLU,543.0,100.87,86.049,89.833,0.09,1.32,8.28
ATOM,6317.0,HB3,GLU,543.0,102.344,86.69,90.118,0.09,1.32,5.93
ATOM,6318.0,HG2,GLU,543.0,100.866,85.289,92.075,0.09,1.32,0.0
ATOM,6319.0,HG3,GLU,543.0,102.048,84.612,91.175,0.09,1.32,10.58
ATOM,6320.0,N,GLY,544.0,99.79,88.767,89.028,-0.47,1.85,1.37
ATOM,6321.0,CA,GLY,544.0,99.782,89.604,87.844,-0.02,2.175,16.7
ATOM,6322.0,C,GLY,544.0,98.789,90.734,87.68,0.51,2.0,0.45
ATOM,6323.0,O,GLY,544.0,98.261,90.921,86.589,-0.51,1.7,30.8
ATOM,6324.0,H,GLY,544.0,99.007,88.163,89.319,0.31,0.2245,7.01
ATOM,6325.0,HA2,GLY,544.0,100.753,89.999,87.717,0.09,1.32,7.47
ATOM,6326.0,HA3,GLY,544.0,99.705,88.974,87.0,0.09,1.32,12.62
ATOM,6327.0,N,LEU,545.0,98.542,91.509,88.731,-0.47,1.85,0.0
ATOM,6328.0,CA,LEU,545.0,97.631,92.649,88.613,0.07,2.275,0.0
ATOM,6329.0,C,LEU,545.0,98.41,93.827,88.064,0.51,2.0,0.18
ATOM,6330.0,O,LEU,545.0,99.644,93.829,88.097,-0.51,1.7,24.45
ATOM,6331.0,CB,LEU,545.0,97.054,93.026,89.969,-0.18,2.175,0.0
ATOM,6332.0,CG,LEU,545.0,96.341,91.861,90.628,-0.09,2.275,0.0
ATOM,6333.0,CD1,LEU,545.0,95.779,92.346,91.897,-0.27,2.06,16.69
ATOM,6334.0,CD2,LEU,545.0,95.248,91.3,89.724,-0.27,2.06,30.98
ATOM,6335.0,H,LEU,545.0,99.027,91.249,89.6,0.31,0.2245,2.36
ATOM,6336.0,HA,LEU,545.0,96.909,92.412,87.968,0.09,1.32,2.7
ATOM,6337.0,HB2,LEU,545.0,97.796,93.294,90.553,0.09,1.32,5.04
ATOM,6338.0,HB3,LEU,545.0,96.399,93.743,89.835,0.09,1.32,1.61
ATOM,6339.0,HG,LEU,545.0,97.0,91.134,90.789,0.09,1.32,0.0
ATOM,6340.0,HD11,LEU,545.0,95.126,93.099,91.737,0.09,1.32,5.69
ATOM,6341.0,HD12,LEU,545.0,95.29,91.607,92.38,0.09,1.32,0.72
ATOM,6342.0,HD13,LEU,545.0,96.507,92.689,92.506,0.09,1.32,5.18
ATOM,6343.0,HD21,LEU,545.0,95.655,90.982,88.868,0.09,1.32,2.53
ATOM,6344.0,HD22,LEU,545.0,94.796,90.535,90.183,0.09,1.32,4.37
ATOM,6345.0,HD23,LEU,545.0,94.577,92.016,89.529,0.09,1.32,9.57
ATOM,6346.0,N,GLY,546.0,97.706,94.81,87.526,-0.47,1.85,3.56
ATOM,6347.0,CA,GLY,546.0,98.384,95.978,87.003,-0.02,2.175,20.49
ATOM,6348.0,C,GLY,546.0,98.386,97.045,88.077,0.51,2.0,1.73
ATOM,6349.0,O,GLY,546.0,98.35,96.725,89.264,-0.51,1.7,7.74
ATOM,6350.0,H,GLY,546.0,96.687,94.675,87.514,0.31,0.2245,12.5
ATOM,6351.0,HA2,GLY,546.0,99.324,95.745,86.762,0.09,1.32,7.52
ATOM,6352.0,HA3,GLY,546.0,97.903,96.316,86.197,0.09,1.32,9.57
ATOM,6353.0,N,ASN,547.0,98.477,98.303,87.664,-0.47,1.85,2.65
ATOM,6354.0,CA,ASN,547.0,98.396,99.417,88.605,0.07,2.275,0.63
ATOM,6355.0,C,ASN,547.0,96.993,99.3,89.226,0.51,2.0,0.42
ATOM,6356.0,O,ASN,547.0,96.015,98.977,88.532,-0.51,1.7,23.79
ATOM,6357.0,CB,ASN,547.0,98.6,100.748,87.885,-0.18,2.175,15.31
ATOM,6358.0,CG,ASN,547.0,100.031,100.933,87.446,0.55,2.0,2.51
ATOM,6359.0,H,ASN,547.0,98.607,98.423,86.644,0.31,0.2245,6.05
ATOM,6360.0,HA,ASN,547.0,99.04,99.245,89.326,0.09,1.32,4.72
ATOM,6361.0,HB2,ASN,547.0,98.013,100.764,87.083,0.09,1.32,6.21
ATOM,6362.0,HB3,ASN,547.0,98.358,101.482,88.509,0.09,1.32,8.52
ATOM,6363.0,OD1,ASN,547.0,100.94,100.896,88.274,-0.55,1.7,38.23
ATOM,6364.0,ND2,ASN,547.0,100.252,101.068,86.152,-0.62,1.85,25.06
ATOM,6365.0,HD22,ASN,547.0,99.477,101.05,85.511,0.3,0.2245,15.8
ATOM,6366.0,HD21,ASN,547.0,101.18,101.188,85.804,0.32,0.2245,21.71
ATOM,6367.0,N,ILE,548.0,96.897,99.587,90.519,-0.47,1.85,0.28
ATOM,6368.0,CA,ILE,548.0,95.663,99.403,91.263,0.07,2.275,0.11
ATOM,6369.0,C,ILE,548.0,95.042,100.637,91.879,0.51,2.0,1.17
ATOM,6370.0,O,ILE,548.0,95.75,101.542,92.299,-0.51,1.7,26.71
ATOM,6371.0,CB,ILE,548.0,95.948,98.413,92.437,-0.09,2.275,0.37
ATOM,6372.0,CG1,ILE,548.0,96.25,97.014,91.886,-0.18,2.175,1.19
ATOM,6373.0,CG2,ILE,548.0,94.79,98.39,93.454,-0.27,2.06,13.75
ATOM,6374.0,CD1,ILE,548.0,96.824,96.072,92.922,-0.27,2.06,24.58
ATOM,6375.0,H,ILE,548.0,97.776,99.952,90.947,0.31,0.2245,9.44
ATOM,6376.0,HA,ILE,548.0,94.978,99.037,90.587,0.09,1.32,2.56
ATOM,6377.0,HB,ILE,548.0,96.752,98.74,92.914,0.09,1.32,7.41
ATOM,6378.0,HG12,ILE,548.0,95.404,96.628,91.528,0.09,1.32,6.99
ATOM,6379.0,HG13,ILE,548.0,96.905,97.109,91.14,0.09,1.32,0.0
ATOM,6380.0,HG21,ILE,548.0,95.038,97.797,94.214,0.09,1.32,5.42
ATOM,6381.0,HG22,ILE,548.0,94.63,99.316,93.783,0.09,1.32,0.54
ATOM,6382.0,HG23,ILE,548.0,93.972,98.043,93.006,0.09,1.32,5.73
ATOM,6383.0,HD11,ILE,548.0,96.172,95.966,93.671,0.09,1.32,5.83
ATOM,6384.0,HD12,ILE,548.0,96.997,95.183,92.501,0.09,1.32,0.0
ATOM,6385.0,HD13,ILE,548.0,97.68,96.448,93.274,0.09,1.32,10.61
ATOM,6386.0,N,ARG,549.0,93.716,100.664,91.912,-0.47,1.85,0.81
ATOM,6387.0,CA,ARG,549.0,92.995,101.72,92.603,0.07,2.275,0.08
ATOM,6388.0,C,ARG,549.0,91.95,101.067,93.515,0.51,2.0,0.0
ATOM,6389.0,O,ARG,549.0,91.199,100.178,93.072,-0.51,1.7,14.83
ATOM,6390.0,CB,ARG,549.0,92.3,102.7,91.665,-0.18,2.175,3.47
ATOM,6391.0,CG,ARG,549.0,91.505,103.745,92.447,-0.18,2.175,2.66
ATOM,6392.0,CD,ARG,549.0,90.789,104.717,91.562,0.2,2.175,9.71
ATOM,6393.0,NE,ARG,549.0,91.742,105.607,90.913,-0.7,1.85,5.68
ATOM,6394.0,CZ,ARG,549.0,92.193,105.463,89.672,0.64,2.0,1.78
ATOM,6395.0,NH1,ARG,549.0,91.781,104.446,88.916,-0.8,1.85,20.29
ATOM,6396.0,NH2,ARG,549.0,93.052,106.355,89.182,-0.8,1.85,29.0
ATOM,6397.0,H,ARG,549.0,93.25,99.882,91.412,0.31,0.2245,7.83
ATOM,6398.0,HA,ARG,549.0,93.63,102.237,93.17,0.09,1.32,3.09
ATOM,6399.0,HB2,ARG,549.0,92.984,103.17,91.137,0.09,1.32,2.84
ATOM,6400.0,HB3,ARG,549.0,91.67,102.202,91.097,0.09,1.32,3.4
ATOM,6401.0,HG2,ARG,549.0,90.83,103.274,93.022,0.09,1.32,0.0
ATOM,6402.0,HG3,ARG,549.0,92.136,104.254,93.04,0.09,1.32,8.53
ATOM,6403.0,HD2,ARG,549.0,90.292,104.211,90.868,0.09,1.32,1.15
ATOM,6404.0,HD3,ARG,549.0,90.167,105.255,92.118,0.09,1.32,5.92
ATOM,6405.0,HE,ARG,549.0,92.088,106.395,91.447,0.44,0.2245,15.38
ATOM,6406.0,HH11,ARG,549.0,91.115,103.792,89.263,0.46,0.2245,6.4
ATOM,6407.0,HH12,ARG,549.0,92.146,104.34,87.987,0.46,0.2245,18.57
ATOM,6408.0,HH21,ARG,549.0,93.336,107.134,89.741,0.46,0.2245,17.98
ATOM,6409.0,HH22,ARG,549.0,93.412,106.246,88.256,0.46,0.2245,18.65
ATOM,6410.0,N,ALA,550.0,91.977,101.441,94.796,-0.47,1.85,0.0
ATOM,6411.0,CA,ALA,550.0,91.013,100.962,95.773,0.07,2.275,2.2
ATOM,6412.0,C,ALA,550.0,89.951,102.071,95.9,0.51,2.0,0.04
ATOM,6413.0,O,ALA,550.0,90.246,103.188,96.344,-0.51,1.7,11.54
ATOM,6414.0,CB,ALA,550.0,91.692,100.69,97.125,-0.27,2.06,9.0
ATOM,6415.0,H,ALA,550.0,92.749,102.105,95.031,0.31,0.2245,7.78
ATOM,6416.0,HA,ALA,550.0,90.572,100.148,95.431,0.09,1.32,4.66
ATOM,6417.0,HB1,ALA,550.0,92.514,100.147,96.974,0.09,1.32,0.46
ATOM,6418.0,HB2,ALA,550.0,91.934,101.559,97.55,0.09,1.32,3.72
ATOM,6419.0,HB3,ALA,550.0,91.06,100.191,97.713,0.09,1.32,6.75
ATOM,6420.0,N,ASN,551.0,88.736,101.77,95.45,-0.47,1.85,0.75
ATOM,6421.0,CA,ASN,551.0,87.625,102.71,95.474,0.07,2.275,0.55
ATOM,6422.0,C,ASN,551.0,86.697,102.414,96.634,0.51,2.0,0.59
ATOM,6423.0,O,ASN,551.0,86.1,101.34,96.702,-0.51,1.7,20.14
ATOM,6424.0,CB,ASN,551.0,86.827,102.644,94.166,-0.18,2.175,3.84
ATOM,6425.0,CG,ASN,551.0,87.632,103.083,92.961,0.55,2.0,1.99
ATOM,6426.0,H,ASN,551.0,88.649,100.794,95.076,0.31,0.2245,6.66
ATOM,6427.0,HA,ASN,551.0,88.014,103.626,95.63,0.09,1.32,3.07
ATOM,6428.0,HB2,ASN,551.0,86.532,101.702,94.028,0.09,1.32,5.6
ATOM,6429.0,HB3,ASN,551.0,86.032,103.24,94.255,0.09,1.32,1.56
ATOM,6430.0,OD1,ASN,551.0,87.643,104.263,92.601,-0.55,1.7,25.57
ATOM,6431.0,ND2,ASN,551.0,88.276,102.126,92.3,-0.62,1.85,14.69
ATOM,6432.0,HD22,ASN,551.0,88.206,101.175,92.605,0.3,0.2245,8.54
ATOM,6433.0,HD21,ASN,551.0,88.828,102.354,91.499,0.32,0.2245,5.7
ATOM,6434.0,N,SER,552.0,86.568,103.377,97.538,-0.47,1.85,0.51
ATOM,6435.0,CA,SER,552.0,85.711,103.231,98.707,0.07,2.275,0.94
ATOM,6436.0,C,SER,552.0,84.39,103.998,98.589,0.51,2.0,0.0
ATOM,6437.0,O,SER,552.0,84.378,105.204,98.306,-0.51,1.7,23.22
ATOM,6438.0,CB,SER,552.0,86.44,103.692,99.96,0.05,2.175,3.54
ATOM,6439.0,OG,SER,552.0,85.619,103.444,101.085,-0.66,1.77,2.58
ATOM,6440.0,H,SER,552.0,87.125,104.235,97.342,0.31,0.2245,7.6
ATOM,6441.0,HA,SER,552.0,85.485,102.247,98.811,0.09,1.32,4.23
ATOM,6442.0,HB2,SER,552.0,87.28,103.18,100.052,0.09,1.32,0.98
ATOM,6443.0,HB3,SER,552.0,86.614,104.663,99.894,0.09,1.32,5.84
ATOM,6444.0,HG,SER,552.0,86.092,103.738,101.915,0.43,0.2245,0.06
ATOM,6445.0,N,PHE,553.0,83.29,103.29,98.82,-0.47,1.85,0.0
ATOM,6446.0,CA,PHE,553.0,81.938,103.857,98.753,0.07,2.275,0.0
ATOM,6447.0,C,PHE,553.0,81.243,103.738,100.109,0.51,2.0,0.11
ATOM,6448.0,O,PHE,553.0,81.366,102.718,100.786,-0.51,1.7,8.33
ATOM,6449.0,CB,PHE,553.0,81.08,103.126,97.701,-0.18,2.175,13.92
ATOM,6450.0,CG,PHE,553.0,81.507,103.37,96.293,0.0,1.9924,0.39
ATOM,6451.0,CD1,PHE,553.0,82.491,102.584,95.705,-0.115,1.9924,8.83
ATOM,6452.0,CD2,PHE,553.0,80.939,104.401,95.552,-0.115,1.9924,13.51
ATOM,6453.0,CE1,PHE,553.0,82.901,102.826,94.387,-0.115,1.9924,10.15
ATOM,6454.0,CE2,PHE,553.0,81.341,104.648,94.243,-0.115,1.9924,20.44
ATOM,6455.0,CZ,PHE,553.0,82.321,103.862,93.664,-0.115,1.9924,17.26
ATOM,6456.0,H,PHE,553.0,83.467,102.284,99.056,0.31,0.2245,5.64
ATOM,6457.0,HA,PHE,553.0,82.042,104.836,98.565,0.09,1.32,2.07
ATOM,6458.0,HB2,PHE,553.0,81.149,102.157,97.887,0.09,1.32,7.16
ATOM,6459.0,HB3,PHE,553.0,80.149,103.445,97.807,0.09,1.32,6.56
ATOM,6460.0,HD1,PHE,553.0,82.911,101.843,96.213,0.115,1.3582,5.27
ATOM,6461.0,HD2,PHE,553.0,80.23,104.974,95.966,0.115,1.3582,13.36
ATOM,6462.0,HE1,PHE,553.0,83.612,102.249,93.978,0.115,1.3582,6.69
ATOM,6463.0,HE2,PHE,553.0,80.913,105.404,93.724,0.115,1.3582,18.13
ATOM,6464.0,HZ,PHE,553.0,82.617,104.034,92.723,0.115,1.3582,17.45
ATOM,6465.0,N,GLY,554.0,80.537,104.793,100.493,-0.47,1.85,2.23
ATOM,6466.0,CA,GLY,554.0,79.802,104.786,101.743,-0.02,2.175,19.84
ATOM,6467.0,C,GLY,554.0,80.593,104.95,103.029,0.51,2.0,1.99
ATOM,6468.0,O,GLY,554.0,80.012,104.896,104.115,-0.51,1.7,26.5
ATOM,6469.0,H,GLY,554.0,80.558,105.596,99.839,0.31,0.2245,14.37
ATOM,6470.0,HA2,GLY,554.0,79.075,105.526,101.706,0.09,1.32,13.34
ATOM,6471.0,HA3,GLY,554.0,79.254,103.907,101.802,0.09,1.32,11.28
ATOM,6472.0,N,TYR,555.0,81.906,105.132,102.936,-0.47,1.85,0.61
ATOM,6473.0,CA,TYR,555.0,82.716,105.297,104.131,0.07,2.275,1.61
ATOM,6474.0,C,TYR,555.0,83.533,106.564,104.032,0.51,2.0,1.34
ATOM,6475.0,O,TYR,555.0,83.714,107.128,102.946,-0.51,1.7,18.49
ATOM,6476.0,CB,TYR,555.0,83.676,104.119,104.326,-0.18,2.175,1.93
ATOM,6477.0,CG,TYR,555.0,83.017,102.764,104.384,0.0,1.9924,0.44
ATOM,6478.0,CD1,TYR,555.0,82.219,102.408,105.465,-0.115,1.9924,9.38
ATOM,6479.0,CD2,TYR,555.0,83.213,101.824,103.367,-0.115,1.9924,7.6
ATOM,6480.0,CE1,TYR,555.0,81.625,101.147,105.543,-0.115,1.9924,19.11
ATOM,6481.0,CE2,TYR,555.0,82.627,100.559,103.43,-0.115,1.9924,12.58
ATOM,6482.0,CZ,TYR,555.0,81.834,100.225,104.526,0.11,1.9924,3.22
ATOM,6483.0,OH,TYR,555.0,81.249,98.977,104.628,-0.54,1.77,32.29
ATOM,6484.0,H,TYR,555.0,82.282,105.145,101.975,0.31,0.2245,0.0
ATOM,6485.0,HA,TYR,555.0,82.1,105.377,104.922,0.09,1.32,3.23
ATOM,6486.0,HB2,TYR,555.0,84.327,104.12,103.565,0.09,1.32,0.0
ATOM,6487.0,HB3,TYR,555.0,84.173,104.263,105.184,0.09,1.32,2.1
ATOM,6488.0,HD1,TYR,555.0,82.064,103.064,106.206,0.115,1.3582,11.42
ATOM,6489.0,HD2,TYR,555.0,83.78,102.062,102.583,0.115,1.3582,0.56
ATOM,6490.0,HE1,TYR,555.0,81.052,100.912,106.327,0.115,1.3582,17.09
ATOM,6491.0,HE2,TYR,555.0,82.774,99.9,102.698,0.115,1.3582,14.62
ATOM,6492.0,HH,TYR,555.0,80.863,98.726,103.743,0.43,0.2245,22.97
ATOM,6493.0,N,ASP,556.0,84.049,106.985,105.179,-0.47,1.85,0.33
ATOM,6494.0,CA,ASP,556.0,84.895,108.171,105.257,0.07,2.275,0.0
ATOM,6495.0,C,ASP,556.0,86.356,107.818,104.994,0.51,2.0,0.96
ATOM,6496.0,O,ASP,556.0,87.237,108.664,105.135,-0.51,1.7,0.03
ATOM,6497.0,CB,ASP,556.0,84.795,108.81,106.643,-0.28,2.175,11.37
ATOM,6498.0,CG,ASP,556.0,83.461,109.468,106.882,0.62,2.0,3.59
ATOM,6499.0,OD1,ASP,556.0,82.987,110.203,105.989,-0.76,1.7,26.94
ATOM,6500.0,OD2,ASP,556.0,82.888,109.251,107.97,-0.76,1.7,46.42
ATOM,6501.0,H,ASP,556.0,83.802,106.405,106.007,0.31,0.2245,6.49
ATOM,6502.0,HA,ASP,556.0,84.606,108.793,104.521,0.09,1.32,0.0
ATOM,6503.0,HB2,ASP,556.0,84.929,108.094,107.319,0.09,1.32,8.16
ATOM,6504.0,HB3,ASP,556.0,85.512,109.494,106.716,0.09,1.32,1.31
ATOM,6505.0,N,SER,557.0,86.621,106.558,104.674,-0.47,1.85,0.32
ATOM,6506.0,CA,SER,557.0,87.986,106.138,104.419,0.07,2.275,2.83
ATOM,6507.0,C,SER,557.0,88.049,105.027,103.392,0.51,2.0,0.62
ATOM,6508.0,O,SER,557.0,87.045,104.358,103.135,-0.51,1.7,3.52
ATOM,6509.0,CB,SER,557.0,88.628,105.654,105.717,0.05,2.175,0.27
ATOM,6510.0,OG,SER,557.0,87.889,104.585,106.272,-0.66,1.77,14.46
ATOM,6511.0,H,SER,557.0,85.803,105.932,104.625,0.31,0.2245,0.0
ATOM,6512.0,HA,SER,557.0,88.495,106.931,104.052,0.09,1.32,1.59
ATOM,6513.0,HB2,SER,557.0,89.553,105.344,105.522,0.09,1.32,0.0
ATOM,6514.0,HB3,SER,557.0,88.647,106.408,106.366,0.09,1.32,0.0
ATOM,6515.0,HG,SER,557.0,88.516,103.908,106.656,0.43,0.2245,7.98
ATOM,6516.0,N,ALA,558.0,89.228,104.88,102.787,-0.47,1.85,0.95
ATOM,6517.0,CA,ALA,558.0,89.516,103.825,101.816,0.07,2.275,0.29
ATOM,6518.0,C,ALA,558.0,90.623,103.042,102.51,0.51,2.0,0.29
ATOM,6519.0,O,ALA,558.0,91.383,103.613,103.293,-0.51,1.7,0.47
ATOM,6520.0,CB,ALA,558.0,90.012,104.408,100.49,-0.27,2.06,16.55
ATOM,6521.0,H,ALA,558.0,89.943,105.597,103.071,0.31,0.2245,0.0
ATOM,6522.0,HA,ALA,558.0,88.733,103.253,101.722,0.09,1.32,0.78
ATOM,6523.0,HB1,ALA,558.0,89.262,104.414,99.831,0.09,1.32,0.0
ATOM,6524.0,HB2,ALA,558.0,90.335,105.341,100.64,0.09,1.32,1.96
ATOM,6525.0,HB3,ALA,558.0,90.76,103.846,100.142,0.09,1.32,3.17
ATOM,6526.0,N,ALA,559.0,90.727,101.749,102.244,-0.47,1.85,0.95
ATOM,6527.0,CA,ALA,559.0,91.741,100.95,102.917,0.07,2.275,1.17
ATOM,6528.0,C,ALA,559.0,92.257,99.788,102.123,0.51,2.0,0.0
ATOM,6529.0,O,ALA,559.0,91.546,99.194,101.298,-0.51,1.7,17.78
ATOM,6530.0,CB,ALA,559.0,91.203,100.424,104.247,-0.27,2.06,5.04
ATOM,6531.0,H,ALA,559.0,90.062,101.378,101.555,0.31,0.2245,6.65
ATOM,6532.0,HA,ALA,559.0,92.528,101.567,103.151,0.09,1.32,0.0
ATOM,6533.0,HB1,ALA,559.0,90.255,100.716,104.359,0.09,1.32,6.51
ATOM,6534.0,HB2,ALA,559.0,91.248,99.426,104.251,0.09,1.32,0.36
ATOM,6535.0,HB3,ALA,559.0,91.756,100.787,104.995,0.09,1.32,0.0
ATOM,6536.0,N,ILE,560.0,93.521,99.49,102.373,-0.47,1.85,0.0
ATOM,6537.0,CA,ILE,560.0,94.194,98.357,101.782,0.07,2.275,0.05
ATOM,6538.0,C,ILE,560.0,94.763,97.693,103.033,0.51,2.0,0.0
ATOM,6539.0,O,ILE,560.0,95.641,98.246,103.706,-0.51,1.7,0.0
ATOM,6540.0,CB,ILE,560.0,95.288,98.794,100.817,-0.09,2.275,0.0
ATOM,6541.0,CG1,ILE,560.0,94.634,99.421,99.585,-0.18,2.175,0.48
ATOM,6542.0,CG2,ILE,560.0,96.137,97.603,100.425,-0.27,2.06,24.1
ATOM,6543.0,CD1,ILE,560.0,95.558,100.148,98.717,-0.27,2.06,24.47
ATOM,6544.0,H,ILE,560.0,93.992,100.152,103.04,0.31,0.2245,0.0
ATOM,6545.0,HA,ILE,560.0,93.503,97.761,101.449,0.09,1.32,2.85
ATOM,6546.0,HB,ILE,560.0,95.836,99.49,101.258,0.09,1.32,0.0
ATOM,6547.0,HG12,ILE,560.0,94.184,98.681,99.072,0.09,1.32,6.94
ATOM,6548.0,HG13,ILE,560.0,93.911,100.041,99.913,0.09,1.32,0.8
ATOM,6549.0,HG21,ILE,560.0,96.855,97.894,99.793,0.09,1.32,6.3
ATOM,6550.0,HG22,ILE,560.0,96.557,97.205,101.24,0.09,1.32,0.0
ATOM,6551.0,HG23,ILE,560.0,95.566,96.914,99.979,0.09,1.32,9.39
ATOM,6552.0,HD11,ILE,560.0,96.281,99.536,98.372,0.09,1.32,6.73
ATOM,6553.0,HD12,ILE,560.0,95.072,100.538,97.925,0.09,1.32,2.06
ATOM,6554.0,HD13,ILE,560.0,95.999,100.903,99.218,0.09,1.32,1.12
ATOM,6555.0,N,LYS,561.0,94.145,96.588,103.419,-0.47,1.85,0.0
ATOM,6556.0,CA,LYS,561.0,94.532,95.853,104.608,0.07,2.275,0.0
ATOM,6557.0,C,LYS,561.0,95.388,94.624,104.317,0.51,2.0,0.21
ATOM,6558.0,O,LYS,561.0,95.332,94.058,103.219,-0.51,1.7,22.43
ATOM,6559.0,CB,LYS,561.0,93.275,95.427,105.353,-0.18,2.175,1.76
ATOM,6560.0,CG,LYS,561.0,92.432,96.586,105.833,-0.18,2.175,0.9
ATOM,6561.0,CD,LYS,561.0,91.11,96.065,106.332,-0.18,2.175,12.16
ATOM,6562.0,CE,LYS,561.0,90.628,96.841,107.532,0.21,2.175,10.98
ATOM,6563.0,NZ,LYS,561.0,90.317,98.229,107.133,-0.3,1.85,3.31
ATOM,6564.0,H,LYS,561.0,93.358,96.293,102.795,0.31,0.2245,8.51
ATOM,6565.0,HA,LYS,561.0,95.06,96.473,105.221,0.09,1.32,0.0
ATOM,6566.0,HB2,LYS,561.0,92.722,94.867,104.739,0.09,1.32,7.6
ATOM,6567.0,HB3,LYS,561.0,93.55,94.885,106.146,0.09,1.32,0.0
ATOM,6568.0,HG2,LYS,561.0,92.904,97.048,106.576,0.09,1.32,0.0
ATOM,6569.0,HG3,LYS,561.0,92.274,97.212,105.078,0.09,1.32,0.0
ATOM,6570.0,HD2,LYS,561.0,90.432,96.148,105.605,0.09,1.32,9.41
ATOM,6571.0,HD3,LYS,561.0,91.213,95.107,106.592,0.09,1.32,0.54
ATOM,6572.0,HE2,LYS,561.0,89.806,96.408,107.894,0.05,1.32,10.51
ATOM,6573.0,HE3,LYS,561.0,91.343,96.848,108.227,0.05,1.32,1.97
ATOM,6574.0,HZ1,LYS,561.0,91.163,98.761,107.077,0.33,0.2245,0.0
ATOM,6575.0,HZ2,LYS,561.0,89.866,98.23,106.239,0.33,0.2245,7.52
ATOM,6576.0,HZ3,LYS,561.0,89.708,98.646,107.81,0.33,0.2245,12.88
ATOM,6577.0,N,LEU,562.0,96.168,94.215,105.314,-0.47,1.85,0.0
ATOM,6578.0,CA,LEU,562.0,97.037,93.043,105.22,0.07,2.275,0.64
ATOM,6579.0,C,LEU,562.0,96.709,92.116,106.393,0.51,2.0,0.0
ATOM,6580.0,O,LEU,562.0,96.484,92.575,107.517,-0.51,1.7,0.0
ATOM,6581.0,CB,LEU,562.0,98.516,93.447,105.256,-0.18,2.175,2.81
ATOM,6582.0,CG,LEU,562.0,99.035,94.33,104.107,-0.09,2.275,2.16
ATOM,6583.0,CD1,LEU,562.0,99.054,95.798,104.533,-0.27,2.06,9.17
ATOM,6584.0,CD2,LEU,562.0,100.439,93.895,103.729,-0.27,2.06,37.84
ATOM,6585.0,H,LEU,562.0,96.107,94.807,106.177,0.31,0.2245,0.0
ATOM,6586.0,HA,LEU,562.0,96.837,92.562,104.374,0.09,1.32,3.82
ATOM,6587.0,HB2,LEU,562.0,98.676,93.949,106.106,0.09,1.32,0.0
ATOM,6588.0,HB3,LEU,562.0,99.062,92.61,105.254,0.09,1.32,3.0
ATOM,6589.0,HG,LEU,562.0,98.433,94.221,103.32,0.09,1.32,3.76
ATOM,6590.0,HD11,LEU,562.0,99.654,95.905,105.325,0.09,1.32,4.24
ATOM,6591.0,HD12,LEU,562.0,99.393,96.357,103.778,0.09,1.32,7.63
ATOM,6592.0,HD13,LEU,562.0,98.128,96.085,104.773,0.09,1.32,0.0
ATOM,6593.0,HD21,LEU,562.0,100.427,92.938,103.433,0.09,1.32,10.72
ATOM,6594.0,HD22,LEU,562.0,100.779,94.468,102.981,0.09,1.32,10.31
ATOM,6595.0,HD23,LEU,562.0,101.045,93.989,104.52,0.09,1.32,10.01
ATOM,6596.0,N,ARG,563.0,96.614,90.824,106.116,-0.47,1.85,1.18
ATOM,6597.0,CA,ARG,563.0,96.292,89.85,107.148,0.07,2.275,0.0
ATOM,6598.0,C,ARG,563.0,97.169,88.622,106.954,0.51,2.0,0.08
ATOM,6599.0,O,ARG,563.0,97.153,87.999,105.893,-0.51,1.7,17.5
ATOM,6600.0,CB,ARG,563.0,94.803,89.456,107.087,-0.18,2.175,6.69
ATOM,6601.0,CG,ARG,563.0,94.346,88.555,108.252,-0.18,2.175,0.0
ATOM,6602.0,CD,ARG,563.0,92.837,88.27,108.25,0.2,2.175,0.0
ATOM,6603.0,NE,ARG,563.0,92.038,89.477,108.464,-0.7,1.85,0.82
ATOM,6604.0,CZ,ARG,563.0,90.745,89.493,108.795,0.64,2.0,0.0
ATOM,6605.0,NH1,ARG,563.0,90.079,88.363,108.978,-0.8,1.85,0.0
ATOM,6606.0,NH2,ARG,563.0,90.087,90.645,108.865,-0.8,1.85,9.01
ATOM,6607.0,H,ARG,563.0,96.785,90.574,105.124,0.31,0.2245,9.95
ATOM,6608.0,HA,ARG,563.0,96.488,90.247,108.044,0.09,1.32,0.0
ATOM,6609.0,HB2,ARG,563.0,94.26,90.285,107.115,0.09,1.32,0.0
ATOM,6610.0,HB3,ARG,563.0,94.646,88.961,106.243,0.09,1.32,2.81
ATOM,6611.0,HG2,ARG,563.0,94.826,87.679,108.195,0.09,1.32,0.0
ATOM,6612.0,HG3,ARG,563.0,94.574,89.001,109.119,0.09,1.32,0.0
ATOM,6613.0,HD2,ARG,563.0,92.605,87.871,107.367,0.09,1.32,0.0
ATOM,6614.0,HD3,ARG,563.0,92.652,87.616,108.979,0.09,1.32,0.0
ATOM,6615.0,HE,ARG,563.0,92.5,90.37,108.353,0.44,0.2245,0.0
ATOM,6616.0,HH11,ARG,563.0,90.537,87.48,108.891,0.46,0.2245,0.0
ATOM,6617.0,HH12,ARG,563.0,89.101,88.391,109.208,0.46,0.2245,3.33
ATOM,6618.0,HH21,ARG,563.0,90.577,91.503,108.686,0.46,0.2245,0.0
ATOM,6619.0,HH22,ARG,563.0,89.118,90.659,109.094,0.46,0.2245,14.36
ATOM,6620.0,N,ILE,564.0,97.974,88.318,107.966,-0.47,1.85,0.0
ATOM,6621.0,CA,ILE,564.0,98.866,87.167,107.955,0.07,2.275,0.27
ATOM,6622.0,C,ILE,564.0,98.076,86.114,108.725,0.51,2.0,0.0
ATOM,6623.0,O,ILE,564.0,97.953,86.195,109.942,-0.51,1.7,0.23
ATOM,6624.0,CB,ILE,564.0,100.176,87.475,108.704,-0.09,2.275,0.0
ATOM,6625.0,CG1,ILE,564.0,100.814,88.76,108.154,-0.18,2.175,8.01
ATOM,6626.0,CG2,ILE,564.0,101.138,86.268,108.617,-0.27,2.06,15.45
ATOM,6627.0,CD1,ILE,564.0,101.917,89.297,109.039,-0.27,2.06,29.26
ATOM,6628.0,H,ILE,564.0,97.911,88.981,108.777,0.31,0.2245,0.29
ATOM,6629.0,HA,ILE,564.0,98.911,86.858,107.028,0.09,1.32,3.95
ATOM,6630.0,HB,ILE,564.0,99.956,87.628,109.66,0.09,1.32,0.0
ATOM,6631.0,HG12,ILE,564.0,101.185,88.564,107.252,0.09,1.32,9.77
ATOM,6632.0,HG13,ILE,564.0,100.1,89.449,108.073,0.09,1.32,0.0
ATOM,6633.0,HG21,ILE,564.0,101.954,86.468,109.149,0.09,1.32,5.54
ATOM,6634.0,HG22,ILE,564.0,100.68,85.465,108.984,0.09,1.32,0.0
ATOM,6635.0,HG23,ILE,564.0,101.38,86.118,107.664,0.09,1.32,10.2
ATOM,6636.0,HD11,ILE,564.0,102.638,88.611,109.123,0.09,1.32,6.27
ATOM,6637.0,HD12,ILE,564.0,102.292,90.129,108.633,0.09,1.32,10.92
ATOM,6638.0,HD13,ILE,564.0,101.545,89.504,109.943,0.09,1.32,0.05
ATOM,6639.0,N,HIS,565.0,97.554,85.119,108.018,-0.47,1.85,0.0
ATOM,6640.0,CA,HIS,565.0,96.729,84.105,108.655,0.07,2.275,0.0
ATOM,6641.0,C,HIS,565.0,97.459,83.272,109.693,0.51,2.0,0.58
ATOM,6642.0,O,HIS,565.0,96.852,82.812,110.665,-0.51,1.7,8.26
ATOM,6643.0,CB,HIS,565.0,95.991,83.27,107.602,-0.08,2.175,13.01
ATOM,6644.0,CG,HIS,565.0,94.807,83.975,107.026,0.22,1.8,0.9
ATOM,6645.0,H,HIS,565.0,97.779,85.13,107.009,0.31,0.2245,6.13
ATOM,6646.0,HA,HIS,565.0,95.948,84.574,109.117,0.09,1.32,0.0
ATOM,6647.0,HB2,HIS,565.0,96.626,83.052,106.857,0.09,1.32,9.4
ATOM,6648.0,HB3,HIS,565.0,95.679,82.417,108.026,0.09,1.32,2.58
ATOM,6649.0,ND1,HIS,565.0,94.915,85.089,106.21,-0.7,1.85,9.83
ATOM,6650.0,CD2,HIS,565.0,93.474,83.782,107.21,-0.05,1.8,2.01
ATOM,6651.0,CE1,HIS,565.0,93.709,85.546,105.927,0.25,1.8,11.23
ATOM,6652.0,NE2,HIS,565.0,92.821,84.774,106.519,-0.36,1.85,0.32
ATOM,6653.0,HD2,HIS,565.0,93.051,83.058,107.746,0.09,1.468,0.0
ATOM,6654.0,HE1,HIS,565.0,93.506,86.342,105.362,0.13,0.9,6.73
ATOM,6655.0,HE2,HIS,565.0,91.825,84.89,106.473,0.32,0.2245,0.0
ATOM,6656.0,N,LYS,566.0,98.776,83.17,109.543,-0.47,1.85,1.99
ATOM,6657.0,CA,LYS,566.0,99.603,82.441,110.502,0.07,2.275,3.06
ATOM,6658.0,C,LYS,566.0,99.59,83.183,111.853,0.51,2.0,0.0
ATOM,6659.0,O,LYS,566.0,99.672,82.565,112.921,-0.51,1.7,23.87
ATOM,6660.0,CB,LYS,566.0,101.035,82.319,109.97,-0.18,2.175,5.21
ATOM,6661.0,CG,LYS,566.0,101.972,81.583,110.891,-0.18,2.175,6.38
ATOM,6662.0,CD,LYS,566.0,103.301,81.31,110.22,-0.18,2.175,9.98
ATOM,6663.0,CE,LYS,566.0,104.201,80.494,111.132,0.21,2.175,19.17
ATOM,6664.0,NZ,LYS,566.0,105.456,80.103,110.425,-0.3,1.85,14.92
ATOM,6665.0,H,LYS,566.0,99.158,83.644,108.702,0.31,0.2245,2.76
ATOM,6666.0,HA,LYS,566.0,99.221,81.529,110.64,0.09,1.32,8.99
ATOM,6667.0,HB2,LYS,566.0,100.998,81.835,109.096,0.09,1.32,9.27
ATOM,6668.0,HB3,LYS,566.0,101.387,83.244,109.824,0.09,1.32,0.18
ATOM,6669.0,HG2,LYS,566.0,102.132,82.135,111.712,0.09,1.32,5.42
ATOM,6670.0,HG3,LYS,566.0,101.559,80.71,111.157,0.09,1.32,8.59
ATOM,6671.0,HD2,LYS,566.0,103.144,80.795,109.387,0.09,1.32,9.28
ATOM,6672.0,HD3,LYS,566.0,103.749,82.172,110.023,0.09,1.32,9.27
ATOM,6673.0,HE2,LYS,566.0,104.434,81.04,111.935,0.05,1.32,10.58
ATOM,6674.0,HE3,LYS,566.0,103.716,79.669,111.417,0.05,1.32,10.15
ATOM,6675.0,HZ1,LYS,566.0,105.612,80.727,109.661,0.33,0.2245,15.51
ATOM,6676.0,HZ2,LYS,566.0,106.223,80.154,111.063,0.33,0.2245,20.51
ATOM,6677.0,HZ3,LYS,566.0,105.364,79.169,110.083,0.33,0.2245,20.36
ATOM,6678.0,N,LEU,567.0,99.478,84.506,111.804,-0.47,1.85,0.16
ATOM,6679.0,CA,LEU,567.0,99.428,85.314,113.016,0.07,2.275,1.22
ATOM,6680.0,C,LEU,567.0,98.012,85.331,113.597,0.51,2.0,0.1
ATOM,6681.0,O,LEU,567.0,97.82,85.111,114.804,-0.51,1.7,24.12
ATOM,6682.0,CB,LEU,567.0,99.88,86.741,112.721,-0.18,2.175,0.14
ATOM,6683.0,CG,LEU,567.0,99.874,87.668,113.946,-0.09,2.275,1.6
ATOM,6684.0,CD1,LEU,567.0,101.029,87.31,114.895,-0.27,2.06,36.1
ATOM,6685.0,CD2,LEU,567.0,99.981,89.114,113.481,-0.27,2.06,6.22
ATOM,6686.0,H,LEU,567.0,99.43,84.905,110.847,0.31,0.2245,0.0
ATOM,6687.0,HA,LEU,567.0,100.043,84.91,113.7,0.09,1.32,3.09
ATOM,6688.0,HB2,LEU,567.0,100.808,86.708,112.383,0.09,1.32,3.71
ATOM,6689.0,HB3,LEU,567.0,99.264,87.129,112.055,0.09,1.32,0.03
ATOM,6690.0,HG,LEU,567.0,99.009,87.563,114.43,0.09,1.32,1.96
ATOM,6691.0,HD11,LEU,567.0,101.895,87.414,114.41,0.09,1.32,9.65
ATOM,6692.0,HD12,LEU,567.0,101.007,87.923,115.682,0.09,1.32,10.24
ATOM,6693.0,HD13,LEU,567.0,100.922,86.365,115.198,0.09,1.32,5.5
ATOM,6694.0,HD21,LEU,567.0,99.204,89.334,112.891,0.09,1.32,0.47
ATOM,6695.0,HD22,LEU,567.0,99.977,89.722,114.276,0.09,1.32,2.98
ATOM,6696.0,HD23,LEU,567.0,100.832,89.239,112.97,0.09,1.32,4.21
ATOM,6697.0,N,SER,568.0,97.035,85.62,112.736,-0.47,1.85,0.0
ATOM,6698.0,CA,SER,568.0,95.622,85.675,113.104,0.07,2.275,0.5
ATOM,6699.0,C,SER,568.0,94.733,85.613,111.864,0.51,2.0,0.0
ATOM,6700.0,O,SER,568.0,94.965,86.309,110.874,-0.51,1.7,0.0
ATOM,6701.0,CB,SER,568.0,95.297,86.948,113.889,0.05,2.175,5.73
ATOM,6702.0,OG,SER,568.0,93.89,87.09,114.077,-0.66,1.77,3.43
ATOM,6703.0,H,SER,568.0,97.373,85.807,111.758,0.31,0.2245,0.0
ATOM,6704.0,HA,SER,568.0,95.416,84.871,113.672,0.09,1.32,6.67
ATOM,6705.0,HB2,SER,568.0,95.736,86.899,114.78,0.09,1.32,6.46
ATOM,6706.0,HB3,SER,568.0,95.633,87.734,113.381,0.09,1.32,0.21
ATOM,6707.0,HG,SER,568.0,93.709,87.933,114.578,0.43,0.2245,0.45
ATOM,6708.0,N,LYS,569.0,93.705,84.777,111.935,-0.47,1.85,0.0
ATOM,6709.0,CA,LYS,569.0,92.775,84.631,110.832,0.07,2.275,0.0
ATOM,6710.0,C,LYS,569.0,91.654,85.643,110.957,0.51,2.0,0.0
ATOM,6711.0,O,LYS,569.0,90.947,85.885,109.992,-0.51,1.7,0.0
ATOM,6712.0,CB,LYS,569.0,92.161,83.222,110.817,-0.18,2.175,1.21
ATOM,6713.0,CG,LYS,569.0,93.158,82.09,110.639,-0.18,2.175,3.23
ATOM,6714.0,CD,LYS,569.0,92.458,80.782,110.305,-0.18,2.175,17.91
ATOM,6715.0,CE,LYS,569.0,91.675,80.852,108.986,0.21,2.175,2.04
ATOM,6716.0,NZ,LYS,569.0,92.527,81.009,107.769,-0.3,1.85,2.55
ATOM,6717.0,H,LYS,569.0,93.63,84.252,112.827,0.31,0.2245,7.25
ATOM,6718.0,HA,LYS,569.0,93.263,84.793,109.967,0.09,1.32,0.0
ATOM,6719.0,HB2,LYS,569.0,91.68,83.086,111.685,0.09,1.32,4.65
ATOM,6720.0,HB3,LYS,569.0,91.499,83.183,110.065,0.09,1.32,0.0
ATOM,6721.0,HG2,LYS,569.0,93.785,82.32,109.894,0.09,1.32,0.0
ATOM,6722.0,HG3,LYS,569.0,93.676,81.972,111.486,0.09,1.32,6.36
ATOM,6723.0,HD2,LYS,569.0,93.141,80.059,110.223,0.09,1.32,10.76
ATOM,6724.0,HD3,LYS,569.0,91.816,80.56,111.035,0.09,1.32,10.47
ATOM,6725.0,HE2,LYS,569.0,91.125,80.007,108.896,0.05,1.32,2.43
ATOM,6726.0,HE3,LYS,569.0,91.029,81.63,109.039,0.05,1.32,0.0
ATOM,6727.0,HZ1,LYS,569.0,92.785,80.106,107.43,0.33,0.2245,2.73
ATOM,6728.0,HZ2,LYS,569.0,92.011,81.498,107.067,0.33,0.2245,0.0
ATOM,6729.0,HZ3,LYS,569.0,93.347,81.527,108.006,0.33,0.2245,0.0
ATOM,6730.0,N,THR,570.0,91.529,86.279,112.124,-0.47,1.85,0.0
ATOM,6731.0,CA,THR,570.0,90.43,87.221,112.367,0.07,2.275,0.39
ATOM,6732.0,C,THR,570.0,90.797,88.704,112.437,0.51,2.0,0.0
ATOM,6733.0,O,THR,570.0,89.923,89.571,112.315,-0.51,1.7,12.94
ATOM,6734.0,CB,THR,570.0,89.664,86.859,113.675,0.14,2.275,5.36
ATOM,6735.0,OG1,THR,570.0,90.583,86.842,114.77,-0.66,1.77,17.19
ATOM,6736.0,CG2,THR,570.0,89.001,85.478,113.571,-0.27,2.06,25.2
ATOM,6737.0,H,THR,570.0,92.256,86.056,112.825,0.31,0.2245,0.0
ATOM,6738.0,HA,THR,570.0,89.741,87.102,111.612,0.09,1.32,0.16
ATOM,6739.0,HB,THR,570.0,88.967,87.58,113.847,0.09,1.32,8.21
ATOM,6740.0,HG21,THR,570.0,88.009,85.578,113.646,0.09,1.32,10.87
ATOM,6741.0,HG22,THR,570.0,89.229,85.065,112.689,0.09,1.32,0.0
ATOM,6742.0,HG23,THR,570.0,89.334,84.892,114.31,0.09,1.32,9.98
ATOM,6743.0,HG1,THR,570.0,91.53,86.787,114.433,0.43,0.2245,0.79
ATOM,6744.0,N,LEU,571.0,92.081,88.988,112.625,-0.47,1.85,0.0
ATOM,6745.0,CA,LEU,571.0,92.543,90.368,112.741,0.07,2.275,0.0
ATOM,6746.0,C,LEU,571.0,93.556,90.746,111.677,0.51,2.0,0.0
ATOM,6747.0,O,LEU,571.0,94.469,89.977,111.369,-0.51,1.7,0.53
ATOM,6748.0,CB,LEU,571.0,93.185,90.588,114.116,-0.18,2.175,0.0
ATOM,6749.0,CG,LEU,571.0,92.311,90.333,115.337,-0.09,2.275,0.52
ATOM,6750.0,CD1,LEU,571.0,93.182,90.394,116.589,-0.27,2.06,8.73
ATOM,6751.0,CD2,LEU,571.0,91.169,91.34,115.396,-0.27,2.06,22.46
ATOM,6752.0,H,LEU,571.0,92.709,88.167,112.681,0.31,0.2245,0.0
ATOM,6753.0,HA,LEU,571.0,91.739,90.982,112.651,0.09,1.32,0.81
ATOM,6754.0,HB2,LEU,571.0,93.976,89.979,114.181,0.09,1.32,0.0
ATOM,6755.0,HB3,LEU,571.0,93.491,91.538,114.158,0.09,1.32,0.0
ATOM,6756.0,HG,LEU,571.0,91.901,89.432,115.266,0.09,1.32,0.0
ATOM,6757.0,HD11,LEU,571.0,93.603,91.298,116.657,0.09,1.32,0.0
ATOM,6758.0,HD12,LEU,571.0,92.616,90.228,117.396,0.09,1.32,8.86
ATOM,6759.0,HD13,LEU,571.0,93.895,89.696,116.532,0.09,1.32,3.35
ATOM,6760.0,HD21,LEU,571.0,90.608,91.257,114.572,0.09,1.32,1.87
ATOM,6761.0,HD22,LEU,571.0,90.606,91.159,116.203,0.09,1.32,10.43
ATOM,6762.0,HD23,LEU,571.0,91.543,92.266,115.452,0.09,1.32,0.0
ATOM,6763.0,N,ASP,572.0,93.401,91.948,111.135,-0.47,1.85,0.0
ATOM,6764.0,CA,ASP,572.0,94.343,92.439,110.143,0.07,2.275,0.0
ATOM,6765.0,C,ASP,572.0,95.602,92.874,110.883,0.51,2.0,0.0
ATOM,6766.0,O,ASP,572.0,95.52,93.475,111.961,-0.51,1.7,0.6
ATOM,6767.0,CB,ASP,572.0,93.732,93.584,109.335,-0.28,2.175,1.81
ATOM,6768.0,CG,ASP,572.0,92.523,93.132,108.534,0.62,2.0,0.0
ATOM,6769.0,OD1,ASP,572.0,92.61,92.119,107.827,-0.76,1.7,5.38
ATOM,6770.0,OD2,ASP,572.0,91.477,93.77,108.629,-0.76,1.7,10.23
ATOM,6771.0,H,ASP,572.0,92.583,92.481,111.469,0.31,0.2245,3.13
ATOM,6772.0,HA,ASP,572.0,94.596,91.671,109.564,0.09,1.32,0.0
ATOM,6773.0,HB2,ASP,572.0,93.448,94.291,109.968,0.09,1.32,2.93
ATOM,6774.0,HB3,ASP,572.0,94.42,93.922,108.71,0.09,1.32,0.0
ATOM,6775.0,N,SER,573.0,96.755,92.539,110.317,-0.47,1.85,0.0
ATOM,6776.0,CA,SER,573.0,98.046,92.852,110.927,0.07,2.275,0.01
ATOM,6777.0,C,SER,573.0,98.606,94.247,110.605,0.51,2.0,0.09
ATOM,6778.0,O,SER,573.0,99.506,94.741,111.289,-0.51,1.7,6.01
ATOM,6779.0,CB,SER,573.0,99.064,91.774,110.544,0.05,2.175,1.44
ATOM,6780.0,OG,SER,573.0,99.277,91.723,109.134,-0.66,1.77,3.89
ATOM,6781.0,H,SER,573.0,96.663,92.037,109.407,0.31,0.2245,0.0
ATOM,6782.0,HA,SER,573.0,97.935,92.796,111.942,0.09,1.32,0.0
ATOM,6783.0,HB2,SER,573.0,99.932,91.976,110.992,0.09,1.32,4.13
ATOM,6784.0,HB3,SER,573.0,98.724,90.887,110.848,0.09,1.32,0.11
ATOM,6785.0,HG,SER,573.0,98.441,92.0,108.665,0.43,0.2245,0.0
ATOM,6786.0,N,GLY,574.0,98.112,94.852,109.533,-0.47,1.85,0.26
ATOM,6787.0,CA,GLY,574.0,98.586,96.165,109.147,-0.02,2.175,1.34
ATOM,6788.0,C,GLY,574.0,97.67,96.719,108.077,0.51,2.0,0.12
ATOM,6789.0,O,GLY,574.0,96.842,95.985,107.509,-0.51,1.7,0.0
ATOM,6790.0,H,GLY,574.0,97.389,94.322,109.021,0.31,0.2245,0.0
ATOM,6791.0,HA2,GLY,574.0,98.58,96.774,109.94,0.09,1.32,0.0
ATOM,6792.0,HA3,GLY,574.0,99.517,96.097,108.788,0.09,1.32,8.04
ATOM,6793.0,N,ALA,575.0,97.802,98.009,107.796,-0.47,1.85,1.13
ATOM,6794.0,CA,ALA,575.0,96.96,98.636,106.792,0.07,2.275,0.0
ATOM,6795.0,C,ALA,575.0,97.488,99.968,106.273,0.51,2.0,0.3
ATOM,6796.0,O,ALA,575.0,98.349,100.607,106.889,-0.51,1.7,0.34
ATOM,6797.0,CB,ALA,575.0,95.54,98.835,107.351,-0.27,2.06,0.0
ATOM,6798.0,H,ALA,575.0,98.528,98.506,108.334,0.31,0.2245,0.0
ATOM,6799.0,HA,ALA,575.0,96.868,97.998,105.999,0.09,1.32,0.0
ATOM,6800.0,HB1,ALA,575.0,95.388,98.187,108.093,0.09,1.32,0.68
ATOM,6801.0,HB2,ALA,575.0,95.452,99.768,107.692,0.09,1.32,0.0
ATOM,6802.0,HB3,ALA,575.0,94.878,98.676,106.623,0.09,1.32,0.0
ATOM,6803.0,N,LEU,576.0,97.018,100.32,105.085,-0.47,1.85,0.0
ATOM,6804.0,CA,LEU,576.0,97.306,101.599,104.46,0.07,2.275,0.0
ATOM,6805.0,C,LEU,576.0,95.892,102.218,104.291,0.51,2.0,0.0
ATOM,6806.0,O,LEU,576.0,95.052,101.681,103.56,-0.51,1.7,1.66
ATOM,6807.0,CB,LEU,576.0,97.995,101.415,103.097,-0.18,2.175,2.38
ATOM,6808.0,CG,LEU,576.0,98.184,102.7,102.271,-0.09,2.275,1.56
ATOM,6809.0,CD1,LEU,576.0,98.912,103.726,103.101,-0.27,2.06,5.89
ATOM,6810.0,CD2,LEU,576.0,98.96,102.421,100.99,-0.27,2.06,33.98
ATOM,6811.0,H,LEU,576.0,96.414,99.588,104.631,0.31,0.2245,0.0
ATOM,6812.0,HA,LEU,576.0,97.805,102.161,105.077,0.09,1.32,0.0
ATOM,6813.0,HB2,LEU,576.0,98.896,101.034,103.261,0.09,1.32,2.71
ATOM,6814.0,HB3,LEU,576.0,97.442,100.795,102.557,0.09,1.32,0.0
ATOM,6815.0,HG,LEU,576.0,97.287,103.045,102.012,0.09,1.32,4.86
ATOM,6816.0,HD11,LEU,576.0,99.81,103.371,103.372,0.09,1.32,0.14
ATOM,6817.0,HD12,LEU,576.0,99.039,104.567,102.57,0.09,1.32,1.08
ATOM,6818.0,HD13,LEU,576.0,98.382,103.937,103.925,0.09,1.32,0.0
ATOM,6819.0,HD21,LEU,576.0,98.46,101.755,100.435,0.09,1.32,0.52
ATOM,6820.0,HD22,LEU,576.0,99.068,103.271,100.474,0.09,1.32,10.72
ATOM,6821.0,HD23,LEU,576.0,99.862,102.053,101.219,0.09,1.32,8.02
ATOM,6822.0,N,TYR,577.0,95.6,103.28,105.032,-0.47,1.85,0.0
ATOM,6823.0,CA,TYR,577.0,94.296,103.929,104.944,0.07,2.275,0.0
ATOM,6824.0,C,TYR,577.0,94.415,105.315,104.362,0.51,2.0,0.94
ATOM,6825.0,O,TYR,577.0,95.479,105.937,104.402,-0.51,1.7,0.7
ATOM,6826.0,CB,TYR,577.0,93.713,104.182,106.338,-0.18,2.175,0.0
ATOM,6827.0,CG,TYR,577.0,93.299,103.002,107.143,0.0,1.9924,0.0
ATOM,6828.0,CD1,TYR,577.0,92.067,102.401,106.934,-0.115,1.9924,0.0
ATOM,6829.0,CD2,TYR,577.0,94.111,102.522,108.168,-0.115,1.9924,0.0
ATOM,6830.0,CE1,TYR,577.0,91.645,101.354,107.728,-0.115,1.9924,5.5
ATOM,6831.0,CE2,TYR,577.0,93.699,101.468,108.98,-0.115,1.9924,1.44
ATOM,6832.0,CZ,TYR,577.0,92.463,100.889,108.75,0.11,1.9924,1.58
ATOM,6833.0,OH,TYR,577.0,92.016,99.866,109.551,-0.54,1.77,9.39
ATOM,6834.0,H,TYR,577.0,96.358,103.599,105.661,0.31,0.2245,0.0
ATOM,6835.0,HA,TYR,577.0,93.712,103.375,104.335,0.09,1.32,0.0
ATOM,6836.0,HB2,TYR,577.0,94.406,104.706,106.866,0.09,1.32,0.0
ATOM,6837.0,HB3,TYR,577.0,92.907,104.792,106.224,0.09,1.32,0.0
ATOM,6838.0,HD1,TYR,577.0,91.474,102.732,106.196,0.115,1.3582,0.0
ATOM,6839.0,HD2,TYR,577.0,95.004,102.939,108.324,0.115,1.3582,0.0
ATOM,6840.0,HE1,TYR,577.0,90.751,100.926,107.571,0.115,1.3582,3.01
ATOM,6841.0,HE2,TYR,577.0,94.285,101.139,109.713,0.115,1.3582,0.0
ATOM,6842.0,HH,TYR,577.0,92.444,99.942,110.45,0.43,0.2245,0.03
ATOM,6843.0,N,SER,578.0,93.282,105.829,103.913,-0.47,1.85,0.29
ATOM,6844.0,CA,SER,578.0,93.17,107.205,103.452,0.07,2.275,0.0
ATOM,6845.0,C,SER,578.0,91.882,107.629,104.159,0.51,2.0,0.29
ATOM,6846.0,O,SER,578.0,90.859,106.949,104.023,-0.51,1.7,1.26
ATOM,6847.0,CB,SER,578.0,93.012,107.282,101.948,0.05,2.175,15.21
ATOM,6848.0,OG,SER,578.0,92.835,108.639,101.59,-0.66,1.77,18.14
ATOM,6849.0,H,SER,578.0,92.473,105.163,103.917,0.31,0.2245,0.0
ATOM,6850.0,HA,SER,578.0,93.899,107.719,103.829,0.09,1.32,0.0
ATOM,6851.0,HB2,SER,578.0,93.829,106.938,101.516,0.09,1.32,8.41
ATOM,6852.0,HB3,SER,578.0,92.213,106.77,101.678,0.09,1.32,0.0
ATOM,6853.0,HG,SER,578.0,93.466,109.209,102.115,0.43,0.2245,1.11
ATOM,6854.0,N,HIS,579.0,91.939,108.67,104.991,-0.47,1.85,0.0
ATOM,6855.0,CA,HIS,579.0,90.75,109.131,105.732,0.07,2.275,0.61
ATOM,6856.0,C,HIS,579.0,90.419,110.581,105.434,0.51,2.0,0.34
ATOM,6857.0,O,HIS,579.0,91.316,111.418,105.342,-0.51,1.7,0.0
ATOM,6858.0,CB,HIS,579.0,90.953,109.05,107.245,-0.09,2.175,0.18
ATOM,6859.0,CG,HIS,579.0,91.28,107.683,107.761,-0.05,1.8,0.0
ATOM,6860.0,H,HIS,579.0,92.867,109.118,105.072,0.31,0.2245,0.0
ATOM,6861.0,HA,HIS,579.0,89.968,108.557,105.45,0.09,1.32,0.0
ATOM,6862.0,HB2,HIS,579.0,91.703,109.674,107.509,0.09,1.32,0.0
ATOM,6863.0,HB3,HIS,579.0,90.111,109.367,107.705,0.09,1.32,5.49
ATOM,6864.0,ND1,HIS,579.0,92.571,107.283,108.043,-0.36,1.85,0.0
ATOM,6865.0,CD2,HIS,579.0,90.483,106.658,108.142,0.22,1.8,10.18
ATOM,6866.0,CE1,HIS,579.0,92.552,106.083,108.582,0.25,1.8,0.29
ATOM,6867.0,NE2,HIS,579.0,91.296,105.675,108.653,-0.7,1.85,12.09
ATOM,6868.0,HD1,HIS,579.0,93.392,107.828,107.863,0.32,0.2245,0.0
ATOM,6869.0,HD2,HIS,579.0,89.489,106.62,108.066,0.1,1.468,5.45
ATOM,6870.0,HE1,HIS,579.0,93.348,105.564,108.886,0.13,0.9,0.0
ATOM,6871.0,N,ILE,580.0,89.124,110.888,105.37,-0.47,1.85,1.05
ATOM,6872.0,CA,ILE,580.0,88.673,112.252,105.108,0.07,2.275,0.0
ATOM,6873.0,C,ILE,580.0,89.041,113.203,106.253,0.51,2.0,0.0
ATOM,6874.0,O,ILE,580.0,88.95,112.831,107.426,-0.51,1.7,14.09
ATOM,6875.0,CB,ILE,580.0,87.118,112.309,104.915,-0.09,2.275,0.56
ATOM,6876.0,CG1,ILE,580.0,86.717,111.671,103.581,-0.18,2.175,10.26
ATOM,6877.0,CG2,ILE,580.0,86.612,113.758,104.969,-0.27,2.06,2.52
ATOM,6878.0,CD1,ILE,580.0,85.238,111.813,103.25,-0.27,2.06,15.25
ATOM,6879.0,H,ILE,580.0,88.479,110.09,105.519,0.31,0.2245,0.0
ATOM,6880.0,HA,ILE,580.0,89.183,112.57,104.3,0.09,1.32,0.0
ATOM,6881.0,HB,ILE,580.0,86.71,111.783,105.65,0.09,1.32,0.94
ATOM,6882.0,HG12,ILE,580.0,87.251,112.096,102.853,0.09,1.32,7.08
ATOM,6883.0,HG13,ILE,580.0,86.942,110.699,103.619,0.09,1.32,0.95
ATOM,6884.0,HG21,ILE,580.0,85.619,113.761,104.884,0.09,1.32,0.03
ATOM,6885.0,HG22,ILE,580.0,86.877,114.164,105.839,0.09,1.32,0.0
ATOM,6886.0,HG23,ILE,580.0,87.017,114.273,104.219,0.09,1.32,0.58
ATOM,6887.0,HD11,ILE,580.0,85.006,112.782,103.199,0.09,1.32,0.0
ATOM,6888.0,HD12,ILE,580.0,85.056,111.375,102.372,0.09,1.32,10.96
ATOM,6889.0,HD13,ILE,580.0,84.699,111.373,103.965,0.09,1.32,0.0
ATOM,6890.0,N,ASN,581.0,89.53,114.394,105.896,-0.47,1.85,0.0
ATOM,6891.0,CA,ASN,581.0,89.84,115.459,106.869,0.07,2.275,0.11
ATOM,6892.0,C,ASN,581.0,88.673,116.436,106.74,0.51,2.0,0.14
ATOM,6893.0,O,ASN,581.0,88.48,117.041,105.681,-0.51,1.7,1.71
ATOM,6894.0,CB,ASN,581.0,91.122,116.239,106.522,-0.18,2.175,0.47
ATOM,6895.0,CG,ASN,581.0,92.387,115.54,106.967,0.55,2.0,0.0
ATOM,6896.0,H,ASN,581.0,89.675,114.51,104.869,0.31,0.2245,0.0
ATOM,6897.0,HA,ASN,581.0,89.786,115.058,107.762,0.09,1.32,0.21
ATOM,6898.0,HB2,ASN,581.0,91.152,116.36,105.531,0.09,1.32,0.0
ATOM,6899.0,HB3,ASN,581.0,91.071,117.13,106.969,0.09,1.32,4.8
ATOM,6900.0,OD1,ASN,581.0,93.404,115.618,106.283,-0.55,1.7,0.0
ATOM,6901.0,ND2,ASN,581.0,92.35,114.877,108.118,-0.62,1.85,0.01
ATOM,6902.0,HD22,ASN,581.0,91.491,114.86,108.641,0.3,0.2245,4.83
ATOM,6903.0,HD21,ASN,581.0,93.155,114.406,108.457,0.32,0.2245,0.0
ATOM,6904.0,N,GLY,582.0,87.907,116.604,107.809,-0.47,1.85,3.6
ATOM,6905.0,CA,GLY,582.0,86.773,117.512,107.752,-0.02,2.175,23.74
ATOM,6906.0,C,GLY,582.0,85.537,116.782,107.259,0.51,2.0,2.06
ATOM,6907.0,O,GLY,582.0,84.969,115.962,107.985,-0.51,1.7,29.96
ATOM,6908.0,H,GLY,582.0,88.174,116.062,108.639,0.31,0.2245,13.1
ATOM,6909.0,HA2,GLY,582.0,86.596,117.888,108.668,0.09,1.32,12.17
ATOM,6910.0,HA3,GLY,582.0,86.982,118.273,107.129,0.09,1.32,4.69
ATOM,6911.0,N,GLY,583.0,85.14,117.038,106.016,-0.47,1.85,4.29
ATOM,6912.0,CA,GLY,583.0,83.973,116.37,105.473,-0.02,2.175,11.59
ATOM,6913.0,C,GLY,583.0,84.056,116.232,103.969,0.51,2.0,0.0
ATOM,6914.0,O,GLY,583.0,85.105,116.509,103.366,-0.51,1.7,0.56
ATOM,6915.0,H,GLY,583.0,85.711,117.722,105.501,0.31,0.2245,1.09
ATOM,6916.0,HA2,GLY,583.0,83.886,115.452,105.89,0.09,1.32,4.89
ATOM,6917.0,HA3,GLY,583.0,83.142,116.894,105.716,0.09,1.32,11.42
ATOM,6918.0,N,ALA,584.0,82.955,115.793,103.362,-0.47,1.85,1.83
ATOM,6919.0,CA,ALA,584.0,82.885,115.622,101.914,0.07,2.275,0.09
ATOM,6920.0,C,ALA,584.0,83.223,116.935,101.218,0.51,2.0,0.21
ATOM,6921.0,O,ALA,584.0,82.866,118.02,101.702,-0.51,1.7,23.05
ATOM,6922.0,CB,ALA,584.0,81.491,115.155,101.499,-0.27,2.06,40.36
ATOM,6923.0,H,ALA,584.0,82.161,115.586,104.001,0.31,0.2245,11.09
ATOM,6924.0,HA,ALA,584.0,83.556,114.93,101.636,0.09,1.32,1.6
ATOM,6925.0,HB1,ALA,584.0,81.473,114.157,101.464,0.09,1.32,9.88
ATOM,6926.0,HB2,ALA,584.0,80.821,115.478,102.165,0.09,1.32,9.05
ATOM,6927.0,HB3,ALA,584.0,81.272,115.526,100.598,0.09,1.32,8.88
ATOM,6928.0,N,GLY,585.0,83.953,116.831,100.11,-0.47,1.85,2.05
ATOM,6929.0,CA,GLY,585.0,84.326,118.009,99.352,-0.02,2.175,18.27
ATOM,6930.0,C,GLY,585.0,85.355,118.923,99.999,0.51,2.0,0.51
ATOM,6931.0,O,GLY,585.0,85.549,120.051,99.536,-0.51,1.7,31.37
ATOM,6932.0,H,GLY,585.0,84.219,115.866,99.851,0.31,0.2245,15.04
ATOM,6933.0,HA2,GLY,585.0,84.678,117.717,98.429,0.09,1.32,12.99
ATOM,6934.0,HA3,GLY,585.0,83.479,118.559,99.147,0.09,1.32,11.4
ATOM,6935.0,N,SER,586.0,86.026,118.456,101.049,-0.47,1.85,0.0
ATOM,6936.0,CA,SER,586.0,87.037,119.276,101.71,0.07,2.275,3.42
ATOM,6937.0,C,SER,586.0,88.347,119.297,100.906,0.51,2.0,0.41
ATOM,6938.0,O,SER,586.0,89.218,120.139,101.139,-0.51,1.7,23.61
ATOM,6939.0,CB,SER,586.0,87.308,118.753,103.124,0.05,2.175,9.35
ATOM,6940.0,OG,SER,586.0,87.891,117.461,103.087,-0.66,1.77,1.06
ATOM,6941.0,H,SER,586.0,85.778,117.5,101.343,0.31,0.2245,0.9
ATOM,6942.0,HA,SER,586.0,86.695,120.221,101.757,0.09,1.32,9.0
ATOM,6943.0,HB2,SER,586.0,87.932,119.378,103.582,0.09,1.32,7.21
ATOM,6944.0,HB3,SER,586.0,86.445,118.705,103.618,0.09,1.32,1.42
ATOM,6945.0,HG,SER,586.0,88.12,117.173,104.016,0.43,0.2245,0.0
ATOM,6946.0,N,GLY,587.0,88.476,118.375,99.956,-0.47,1.85,0.4
ATOM,6947.0,CA,GLY,587.0,89.686,118.287,99.155,-0.02,2.175,22.88
ATOM,6948.0,C,GLY,587.0,90.892,117.918,100.006,0.51,2.0,1.97
ATOM,6949.0,O,GLY,587.0,92.029,118.148,99.597,-0.51,1.7,33.69
ATOM,6950.0,H,GLY,587.0,87.662,117.746,99.843,0.31,0.2245,5.05
ATOM,6951.0,HA2,GLY,587.0,89.563,117.591,98.434,0.09,1.32,12.07
ATOM,6952.0,HA3,GLY,587.0,89.857,119.174,98.703,0.09,1.32,10.92
ATOM,6953.0,N,SER,588.0,90.651,117.346,101.184,-0.47,1.85,2.63
ATOM,6954.0,CA,SER,588.0,91.731,116.969,102.088,0.07,2.275,1.54
ATOM,6955.0,C,SER,588.0,91.509,115.597,102.753,0.51,2.0,0.45
ATOM,6956.0,O,SER,588.0,90.383,115.249,103.147,-0.51,1.7,2.75
ATOM,6957.0,CB,SER,588.0,91.885,118.054,103.165,0.05,2.175,4.81
ATOM,6958.0,OG,SER,588.0,92.892,117.734,104.115,-0.66,1.77,0.0
ATOM,6959.0,H,SER,588.0,89.646,117.195,101.397,0.31,0.2245,0.9
ATOM,6960.0,HA,SER,588.0,92.588,116.909,101.55,0.09,1.32,3.65
ATOM,6961.0,HB2,SER,588.0,92.124,118.916,102.718,0.09,1.32,3.97
ATOM,6962.0,HB3,SER,588.0,91.012,118.156,103.641,0.09,1.32,0.25
ATOM,6963.0,HG,SER,588.0,93.651,118.376,104.023,0.43,0.2245,0.0
ATOM,6964.0,N,ALA,589.0,92.598,114.844,102.907,-0.47,1.85,0.91
ATOM,6965.0,CA,ALA,589.0,92.563,113.527,103.532,0.07,2.275,0.0
ATOM,6966.0,C,ALA,589.0,93.937,113.256,104.12,0.51,2.0,0.03
ATOM,6967.0,O,ALA,589.0,94.902,113.935,103.79,-0.51,1.7,6.89
ATOM,6968.0,CB,ALA,589.0,92.221,112.434,102.5,-0.27,2.06,15.99
ATOM,6969.0,H,ALA,589.0,93.475,115.279,102.542,0.31,0.2245,3.88
ATOM,6970.0,HA,ALA,589.0,91.893,113.536,104.269,0.09,1.32,0.0
ATOM,6971.0,HB1,ALA,589.0,92.798,112.554,101.697,0.09,1.32,10.23
ATOM,6972.0,HB2,ALA,589.0,92.387,111.54,102.907,0.09,1.32,0.0
ATOM,6973.0,HB3,ALA,589.0,91.262,112.518,102.244,0.09,1.32,4.05
ATOM,6974.0,N,TYR,590.0,94.012,112.292,105.021,-0.47,1.85,0.0
ATOM,6975.0,CA,TYR,590.0,95.291,111.924,105.592,0.07,2.275,0.13
ATOM,6976.0,C,TYR,590.0,95.508,110.442,105.363,0.51,2.0,0.0
ATOM,6977.0,O,TYR,590.0,94.566,109.635,105.41,-0.51,1.7,0.0
ATOM,6978.0,CB,TYR,590.0,95.401,112.294,107.082,-0.18,2.175,0.0
ATOM,6979.0,CG,TYR,590.0,94.619,111.452,108.071,0.0,1.9924,0.0
ATOM,6980.0,CD1,TYR,590.0,93.313,111.8,108.429,-0.115,1.9924,0.0
ATOM,6981.0,CD2,TYR,590.0,95.221,110.376,108.733,-0.115,1.9924,0.0
ATOM,6982.0,CE1,TYR,590.0,92.629,111.115,109.424,-0.115,1.9924,1.16
ATOM,6983.0,CE2,TYR,590.0,94.544,109.678,109.736,-0.115,1.9924,0.15
ATOM,6984.0,CZ,TYR,590.0,93.249,110.06,110.072,0.11,1.9924,0.0
ATOM,6985.0,OH,TYR,590.0,92.589,109.396,111.078,-0.54,1.77,20.46
ATOM,6986.0,H,TYR,590.0,93.116,111.845,105.27,0.31,0.2245,0.0
ATOM,6987.0,HA,TYR,590.0,96.011,112.424,105.112,0.09,1.32,0.19
ATOM,6988.0,HB2,TYR,590.0,96.378,112.25,107.339,0.09,1.32,0.0
ATOM,6989.0,HB3,TYR,590.0,95.099,113.254,107.185,0.09,1.32,0.0
ATOM,6990.0,HD1,TYR,590.0,92.862,112.561,107.957,0.115,1.3582,0.0
ATOM,6991.0,HD2,TYR,590.0,96.145,110.103,108.485,0.115,1.3582,0.0
ATOM,6992.0,HE1,TYR,590.0,91.697,111.381,109.669,0.115,1.3582,8.19
ATOM,6993.0,HE2,TYR,590.0,94.983,108.919,110.203,0.115,1.3582,0.0
ATOM,6994.0,HH,TYR,590.0,93.197,108.709,111.472,0.43,0.2245,9.77
ATOM,6995.0,N,THR,591.0,96.755,110.102,105.088,-0.47,1.85,0.18
ATOM,6996.0,CA,THR,591.0,97.151,108.738,104.835,0.07,2.275,0.0
ATOM,6997.0,C,THR,591.0,97.748,108.173,106.114,0.51,2.0,0.0
ATOM,6998.0,O,THR,591.0,98.473,108.86,106.825,-0.51,1.7,0.31
ATOM,6999.0,CB,THR,591.0,98.126,108.704,103.656,0.14,2.275,3.35
ATOM,7000.0,OG1,THR,591.0,97.439,109.168,102.49,-0.66,1.77,23.77
ATOM,7001.0,CG2,THR,591.0,98.653,107.303,103.417,-0.27,2.06,11.41
ATOM,7002.0,H,THR,591.0,97.426,110.908,105.07,0.31,0.2245,0.6
ATOM,7003.0,HA,THR,591.0,96.342,108.201,104.603,0.09,1.32,0.0
ATOM,7004.0,HB,THR,591.0,98.897,109.34,103.844,0.09,1.32,0.0
ATOM,7005.0,HG21,THR,591.0,99.654,107.296,103.492,0.09,1.32,8.17
ATOM,7006.0,HG22,THR,591.0,98.271,106.672,104.097,0.09,1.32,0.0
ATOM,7007.0,HG23,THR,591.0,98.392,106.99,102.5,0.09,1.32,7.49
ATOM,7008.0,HG1,THR,591.0,96.526,109.513,102.735,0.43,0.2245,3.08
ATOM,7009.0,N,GLN,592.0,97.418,106.928,106.421,-0.47,1.85,0.0
ATOM,7010.0,CA,GLN,592.0,97.894,106.314,107.642,0.07,2.275,0.28
ATOM,7011.0,C,GLN,592.0,98.401,104.9,107.389,0.51,2.0,0.0
ATOM,7012.0,O,GLN,592.0,97.74,104.111,106.721,-0.51,1.7,0.0
ATOM,7013.0,CB,GLN,592.0,96.745,106.327,108.648,-0.18,2.175,0.0
ATOM,7014.0,CG,GLN,592.0,97.001,105.61,109.94,-0.18,2.175,0.0
ATOM,7015.0,CD,GLN,592.0,95.805,105.633,110.855,0.55,2.0,0.0
ATOM,7016.0,H,GLN,592.0,96.81,106.451,105.732,0.31,0.2245,0.0
ATOM,7017.0,HA,GLN,592.0,98.67,106.859,107.988,0.09,1.32,0.0
ATOM,7018.0,HB2,GLN,592.0,96.518,107.291,108.857,0.09,1.32,0.0
ATOM,7019.0,HB3,GLN,592.0,95.933,105.911,108.207,0.09,1.32,0.0
ATOM,7020.0,HG2,GLN,592.0,97.233,104.655,109.744,0.09,1.32,0.0
ATOM,7021.0,HG3,GLN,592.0,97.771,106.046,110.41,0.09,1.32,0.0
ATOM,7022.0,OE1,GLN,592.0,95.887,106.103,111.986,-0.55,1.7,13.18
ATOM,7023.0,NE2,GLN,592.0,94.688,105.109,110.386,-0.62,1.85,0.04
ATOM,7024.0,HE21,GLN,592.0,93.839,105.075,110.951,0.32,0.2245,11.86
ATOM,7025.0,HE22,GLN,592.0,94.678,104.732,109.436,0.3,0.2245,0.0
ATOM,7026.0,N,LEU,593.0,99.594,104.609,107.895,-0.47,1.85,0.42
ATOM,7027.0,CA,LEU,593.0,100.231,103.298,107.756,0.07,2.275,0.0
ATOM,7028.0,C,LEU,593.0,100.216,102.713,109.167,0.51,2.0,0.07
ATOM,7029.0,O,LEU,593.0,100.793,103.299,110.083,-0.51,1.7,3.39
ATOM,7030.0,CB,LEU,593.0,101.666,103.502,107.272,-0.18,2.175,0.08
ATOM,7031.0,CG,LEU,593.0,102.45,102.322,106.706,-0.09,2.275,3.88
ATOM,7032.0,CD1,LEU,593.0,101.761,101.815,105.449,-0.27,2.06,16.97
ATOM,7033.0,CD2,LEU,593.0,103.852,102.789,106.372,-0.27,2.06,32.24
ATOM,7034.0,H,LEU,593.0,100.048,105.405,108.408,0.31,0.2245,0.0
ATOM,7035.0,HA,LEU,593.0,99.676,102.734,107.176,0.09,1.32,0.0
ATOM,7036.0,HB2,LEU,593.0,101.646,104.216,106.554,0.09,1.32,3.65
ATOM,7037.0,HB3,LEU,593.0,102.2,103.868,108.05,0.09,1.32,0.19
ATOM,7038.0,HG,LEU,593.0,102.48,101.594,107.384,0.09,1.32,5.52
ATOM,7039.0,HD11,LEU,593.0,101.724,102.548,104.769,0.09,1.32,2.98
ATOM,7040.0,HD12,LEU,593.0,102.273,101.041,105.075,0.09,1.32,10.58
ATOM,7041.0,HD13,LEU,593.0,100.831,101.521,105.672,0.09,1.32,0.0
ATOM,7042.0,HD21,LEU,593.0,104.301,103.129,107.2,0.09,1.32,4.7
ATOM,7043.0,HD22,LEU,593.0,104.382,102.026,105.998,0.09,1.32,10.57
ATOM,7044.0,HD23,LEU,593.0,103.81,103.525,105.694,0.09,1.32,8.6
ATOM,7045.0,N,THR,594.0,99.59,101.553,109.35,-0.47,1.85,0.0
ATOM,7046.0,CA,THR,594.0,99.451,100.978,110.685,0.07,2.275,0.89
ATOM,7047.0,C,THR,594.0,100.052,99.587,110.898,0.51,2.0,0.82
ATOM,7048.0,O,THR,594.0,100.386,98.875,109.938,-0.51,1.7,10.0
ATOM,7049.0,CB,THR,594.0,97.96,100.885,111.086,0.14,2.275,0.0
ATOM,7050.0,OG1,THR,594.0,97.364,99.764,110.416,-0.66,1.77,0.0
ATOM,7051.0,CG2,THR,594.0,97.194,102.144,110.682,-0.27,2.06,0.0
ATOM,7052.0,H,THR,594.0,99.223,101.11,108.492,0.31,0.2245,0.0
ATOM,7053.0,HA,THR,594.0,99.898,101.619,111.356,0.09,1.32,0.0
ATOM,7054.0,HB,THR,594.0,97.901,100.725,112.089,0.09,1.32,0.0
ATOM,7055.0,HG21,THR,594.0,96.238,101.911,110.496,0.09,1.32,0.0
ATOM,7056.0,HG22,THR,594.0,97.233,102.815,111.425,0.09,1.32,0.0
ATOM,7057.0,HG23,THR,594.0,97.605,102.538,109.858,0.09,1.32,0.0
ATOM,7058.0,HG1,THR,594.0,96.444,99.588,110.782,0.43,0.2245,0.0
ATOM,7059.0,N,ALA,595.0,100.118,99.194,112.171,-0.47,1.85,0.0
ATOM,7060.0,CA,ALA,595.0,100.626,97.891,112.588,0.07,2.275,0.03
ATOM,7061.0,C,ALA,595.0,99.877,97.436,113.85,0.51,2.0,0.0
ATOM,7062.0,O,ALA,595.0,99.497,98.257,114.69,-0.51,1.7,0.0
ATOM,7063.0,CB,ALA,595.0,102.128,97.955,112.858,-0.27,2.06,28.11
ATOM,7064.0,H,ALA,595.0,99.769,99.912,112.855,0.31,0.2245,0.0
ATOM,7065.0,HA,ALA,595.0,100.455,97.225,111.863,0.09,1.32,0.06
ATOM,7066.0,HB1,ALA,595.0,102.584,97.212,112.37,0.09,1.32,11.16
ATOM,7067.0,HB2,ALA,595.0,102.485,98.832,112.541,0.09,1.32,7.08
ATOM,7068.0,HB3,ALA,595.0,102.293,97.862,113.839,0.09,1.32,1.82
ATOM,7069.0,N,ILE,596.0,99.62,96.137,113.945,-0.47,1.85,0.01
ATOM,7070.0,CA,ILE,596.0,98.933,95.566,115.103,0.07,2.275,0.0
ATOM,7071.0,C,ILE,596.0,99.919,95.356,116.26,0.51,2.0,0.0
ATOM,7072.0,O,ILE,596.0,101.078,94.996,116.049,-0.51,1.7,16.17
ATOM,7073.0,CB,ILE,596.0,98.269,94.195,114.753,-0.09,2.275,0.0
ATOM,7074.0,CG1,ILE,596.0,97.417,93.683,115.922,-0.18,2.175,0.09
ATOM,7075.0,CG2,ILE,596.0,99.333,93.15,114.406,-0.27,2.06,7.46
ATOM,7076.0,CD1,ILE,596.0,96.521,92.506,115.558,-0.27,2.06,3.94
ATOM,7077.0,H,ILE,596.0,99.944,95.567,113.137,0.31,0.2245,0.38
ATOM,7078.0,HA,ILE,596.0,98.277,96.257,115.412,0.09,1.32,0.0
ATOM,7079.0,HB,ILE,596.0,97.672,94.344,113.973,0.09,1.32,0.0
ATOM,7080.0,HG12,ILE,596.0,98.027,93.407,116.66,0.09,1.32,0.2
ATOM,7081.0,HG13,ILE,596.0,96.842,94.433,116.241,0.09,1.32,0.0
ATOM,7082.0,HG21,ILE,596.0,98.885,92.298,114.146,0.09,1.32,0.0
ATOM,7083.0,HG22,ILE,596.0,99.886,93.483,113.646,0.09,1.32,1.5
ATOM,7084.0,HG23,ILE,596.0,99.914,92.995,115.202,0.09,1.32,4.51
ATOM,7085.0,HD11,ILE,596.0,97.089,91.748,115.246,0.09,1.32,0.51
ATOM,7086.0,HD12,ILE,596.0,96.001,92.231,116.363,0.09,1.32,0.0
ATOM,7087.0,HD13,ILE,596.0,95.897,92.784,114.831,0.09,1.32,0.0
ATOM,7088.0,N,SER,597.0,99.461,95.615,117.475,-0.47,1.85,0.0
ATOM,7089.0,CA,SER,597.0,100.282,95.397,118.655,0.07,2.275,0.63
ATOM,7090.0,C,SER,597.0,99.321,95.0,119.759,0.51,2.0,0.14
ATOM,7091.0,O,SER,597.0,98.233,95.56,119.865,-0.51,1.7,3.0
ATOM,7092.0,CB,SER,597.0,101.032,96.664,119.052,0.05,2.175,8.17
ATOM,7093.0,OG,SER,597.0,101.821,96.418,120.199,-0.66,1.77,30.63
ATOM,7094.0,H,SER,597.0,98.49,95.978,117.51,0.31,0.2245,0.0
ATOM,7095.0,HA,SER,597.0,100.884,94.632,118.48,0.09,1.32,5.21
ATOM,7096.0,HB2,SER,597.0,101.622,96.937,118.303,0.09,1.32,2.01
ATOM,7097.0,HB3,SER,597.0,100.373,97.376,119.258,0.09,1.32,0.06
ATOM,7098.0,HG,SER,597.0,101.605,95.514,120.566,0.43,0.2245,7.41
ATOM,7099.0,N,GLY,598.0,99.703,94.002,120.543,-0.47,1.85,0.11
ATOM,7100.0,CA,GLY,598.0,98.859,93.541,121.632,-0.02,2.175,19.63
ATOM,7101.0,C,GLY,598.0,97.493,93.086,121.166,0.51,2.0,0.34
ATOM,7102.0,O,GLY,598.0,96.508,93.279,121.886,-0.51,1.7,17.7
ATOM,7103.0,H,GLY,598.0,100.627,93.593,120.317,0.31,0.2245,12.61
ATOM,7104.0,HA2,GLY,598.0,99.322,92.774,122.113,0.09,1.32,12.37
ATOM,7105.0,HA3,GLY,598.0,98.75,94.29,122.311,0.09,1.32,11.46
ATOM,7106.0,N,SER,599.0,97.438,92.485,119.974,-0.47,1.85,0.03
ATOM,7107.0,CA,SER,599.0,96.196,91.993,119.366,0.07,2.275,0.72
ATOM,7108.0,C,SER,599.0,95.168,93.091,119.102,0.51,2.0,0.0
ATOM,7109.0,O,SER,599.0,93.979,92.824,118.977,-0.51,1.7,11.19
ATOM,7110.0,CB,SER,599.0,95.564,90.875,120.209,0.05,2.175,18.9
ATOM,7111.0,OG,SER,599.0,96.379,89.716,120.202,-0.66,1.77,28.61
ATOM,7112.0,H,SER,599.0,98.372,92.393,119.502,0.31,0.2245,6.74
ATOM,7113.0,HA,SER,599.0,96.435,91.571,118.474,0.09,1.32,1.47
ATOM,7114.0,HB2,SER,599.0,95.465,91.199,121.143,0.09,1.32,4.25
ATOM,7115.0,HB3,SER,599.0,94.675,90.651,119.824,0.09,1.32,2.39
ATOM,7116.0,HG,SER,599.0,97.176,89.866,120.785,0.43,0.2245,17.28
ATOM,7117.0,N,THR,600.0,95.635,94.331,119.031,-0.47,1.85,0.0
ATOM,7118.0,CA,THR,600.0,94.762,95.458,118.767,0.07,2.275,0.28
ATOM,7119.0,C,THR,600.0,95.141,95.984,117.393,0.51,2.0,0.0
ATOM,7120.0,O,THR,600.0,96.214,96.565,117.207,-0.51,1.7,0.0
ATOM,7121.0,CB,THR,600.0,94.952,96.556,119.817,0.14,2.275,2.84
ATOM,7122.0,OG1,THR,600.0,94.687,96.011,121.113,-0.66,1.77,25.24
ATOM,7123.0,CG2,THR,600.0,94.016,97.711,119.559,-0.27,2.06,27.0
ATOM,7124.0,H,THR,600.0,96.661,94.419,119.179,0.31,0.2245,0.0
ATOM,7125.0,HA,THR,600.0,93.824,95.139,118.734,0.09,1.32,1.16
ATOM,7126.0,HB,THR,600.0,95.921,96.87,119.797,0.09,1.32,0.11
ATOM,7127.0,HG21,THR,600.0,93.068,97.382,119.5,0.09,1.32,8.78
ATOM,7128.0,HG22,THR,600.0,94.08,98.382,120.304,0.09,1.32,11.73
ATOM,7129.0,HG23,THR,600.0,94.255,98.164,118.695,0.09,1.32,0.08
ATOM,7130.0,HG1,THR,600.0,95.27,95.209,121.282,0.43,0.2245,0.97
ATOM,7131.0,N,PRO,601.0,94.301,95.713,116.385,-0.29,1.85,0.0
ATOM,7132.0,CA,PRO,601.0,94.644,96.202,115.045,0.02,2.275,0.0
ATOM,7133.0,C,PRO,601.0,94.81,97.73,115.0,0.51,2.0,0.0
ATOM,7134.0,O,PRO,601.0,94.158,98.453,115.754,-0.51,1.7,8.73
ATOM,7135.0,CB,PRO,601.0,93.481,95.688,114.176,-0.18,2.175,3.23
ATOM,7136.0,CG,PRO,601.0,92.364,95.456,115.157,-0.18,2.175,17.86
ATOM,7137.0,CD,PRO,601.0,93.041,94.944,116.384,0.0,2.175,3.14
ATOM,7138.0,HA,PRO,601.0,95.48,95.747,114.701,0.09,1.32,0.0
ATOM,7139.0,HB2,PRO,601.0,93.221,96.373,113.496,0.09,1.32,2.07
ATOM,7140.0,HB3,PRO,601.0,93.734,94.838,113.716,0.09,1.32,0.0
ATOM,7141.0,HG2,PRO,601.0,91.88,96.315,115.337,0.09,1.32,8.87
ATOM,7142.0,HG3,PRO,601.0,91.717,94.785,114.789,0.09,1.32,3.39
ATOM,7143.0,HD2,PRO,601.0,92.515,95.139,117.208,0.09,1.32,5.35
ATOM,7144.0,HD3,PRO,601.0,93.231,93.967,116.324,0.09,1.32,0.0
ATOM,7145.0,N,ASP,602.0,95.735,98.191,114.162,-0.47,1.85,0.0
ATOM,7146.0,CA,ASP,602.0,96.018,99.619,113.977,0.07,2.275,0.0
ATOM,7147.0,C,ASP,602.0,96.508,100.327,115.237,0.51,2.0,0.17
ATOM,7148.0,O,ASP,602.0,96.446,101.559,115.328,-0.51,1.7,15.05
ATOM,7149.0,CB,ASP,602.0,94.79,100.358,113.424,-0.28,2.175,9.31
ATOM,7150.0,CG,ASP,602.0,94.226,99.707,112.174,0.62,2.0,0.0
ATOM,7151.0,OD1,ASP,602.0,95.004,99.169,111.357,-0.76,1.7,3.53
ATOM,7152.0,OD2,ASP,602.0,92.993,99.732,112.013,-0.76,1.7,18.45
ATOM,7153.0,H,ASP,602.0,96.251,97.442,113.639,0.31,0.2245,0.12
ATOM,7154.0,HA,ASP,602.0,96.766,99.685,113.289,0.09,1.32,0.0
ATOM,7155.0,HB2,ASP,602.0,94.091,100.357,114.129,0.09,1.32,4.76
ATOM,7156.0,HB3,ASP,602.0,95.065,101.286,113.206,0.09,1.32,1.27
ATOM,7157.0,N,ALA,603.0,97.062,99.548,116.161,-0.47,1.85,0.0
ATOM,7158.0,CA,ALA,603.0,97.564,100.063,117.434,0.07,2.275,0.36
ATOM,7159.0,C,ALA,603.0,98.676,101.107,117.285,0.51,2.0,0.0
ATOM,7160.0,O,ALA,603.0,98.727,102.063,118.048,-0.51,1.7,30.48
ATOM,7161.0,CB,ALA,603.0,98.042,98.906,118.315,-0.27,2.06,5.77
ATOM,7162.0,H,ALA,603.0,97.108,98.536,115.901,0.31,0.2245,0.0
ATOM,7163.0,HA,ALA,603.0,96.79,100.492,117.938,0.09,1.32,8.41
ATOM,7164.0,HB1,ALA,603.0,98.762,98.405,117.839,0.09,1.32,0.0
ATOM,7165.0,HB2,ALA,603.0,98.398,99.27,119.173,0.09,1.32,8.37
ATOM,7166.0,HB3,ALA,603.0,97.275,98.295,118.502,0.09,1.32,0.0
ATOM,7167.0,N,VAL,604.0,99.544,100.935,116.29,-0.47,1.85,0.0
ATOM,7168.0,CA,VAL,604.0,100.676,101.846,116.068,0.07,2.275,0.09
ATOM,7169.0,C,VAL,604.0,100.587,102.38,114.643,0.51,2.0,0.0
ATOM,7170.0,O,VAL,604.0,100.349,101.605,113.724,-0.51,1.7,0.44
ATOM,7171.0,CB,VAL,604.0,102.031,101.076,116.179,-0.09,2.275,0.35
ATOM,7172.0,CG1,VAL,604.0,103.206,102.057,116.21,-0.27,2.06,14.97
ATOM,7173.0,CG2,VAL,604.0,102.051,100.161,117.408,-0.27,2.06,10.61
ATOM,7174.0,H,VAL,604.0,99.356,100.108,115.687,0.31,0.2245,0.0
ATOM,7175.0,HA,VAL,604.0,100.582,102.613,116.695,0.09,1.32,3.46
ATOM,7176.0,HB,VAL,604.0,102.128,100.53,115.357,0.09,1.32,0.0
ATOM,7177.0,HG11,VAL,604.0,103.39,102.321,117.155,0.09,1.32,7.52
ATOM,7178.0,HG12,VAL,604.0,104.013,101.617,115.821,0.09,1.32,11.51
ATOM,7179.0,HG13,VAL,604.0,102.973,102.867,115.674,0.09,1.32,0.0
ATOM,7180.0,HG21,VAL,604.0,101.955,100.719,118.23,0.09,1.32,8.03
ATOM,7181.0,HG22,VAL,604.0,101.293,99.515,117.345,0.09,1.32,0.0
ATOM,7182.0,HG23,VAL,604.0,102.918,99.667,117.431,0.09,1.32,9.87
ATOM,7183.0,N,SER,605.0,100.834,103.671,114.432,-0.47,1.85,0.37
ATOM,7184.0,CA,SER,605.0,100.75,104.202,113.072,0.07,2.275,1.56
ATOM,7185.0,C,SER,605.0,101.484,105.494,112.756,0.51,2.0,0.0
ATOM,7186.0,O,SER,605.0,101.721,106.33,113.633,-0.51,1.7,0.0
ATOM,7187.0,CB,SER,605.0,99.292,104.381,112.671,0.05,2.175,0.0
ATOM,7188.0,OG,SER,605.0,98.657,105.308,113.524,-0.66,1.77,5.68
ATOM,7189.0,H,SER,605.0,101.073,104.224,115.256,0.31,0.2245,3.21
ATOM,7190.0,HA,SER,605.0,101.117,103.471,112.435,0.09,1.32,1.58
ATOM,7191.0,HB2,SER,605.0,99.254,104.718,111.736,0.09,1.32,0.0
ATOM,7192.0,HB3,SER,605.0,98.829,103.504,112.741,0.09,1.32,0.0
ATOM,7193.0,HG,SER,605.0,97.792,105.601,113.117,0.43,0.2245,1.24
ATOM,7194.0,N,LEU,606.0,101.83,105.64,111.483,-0.47,1.85,0.8
ATOM,7195.0,CA,LEU,606.0,102.482,106.831,110.96,0.07,2.275,0.0
ATOM,7196.0,C,LEU,606.0,101.403,107.516,110.104,0.51,2.0,0.0
ATOM,7197.0,O,LEU,606.0,100.703,106.843,109.343,-0.51,1.7,0.0
ATOM,7198.0,CB,LEU,606.0,103.695,106.431,110.116,-0.18,2.175,3.64
ATOM,7199.0,CG,LEU,606.0,104.497,107.561,109.463,-0.09,2.275,0.0
ATOM,7200.0,CD1,LEU,606.0,105.976,107.233,109.497,-0.27,2.06,25.48
ATOM,7201.0,CD2,LEU,606.0,104.026,107.781,108.045,-0.27,2.06,11.63
ATOM,7202.0,H,LEU,606.0,101.59,104.813,110.879,0.31,0.2245,0.0
ATOM,7203.0,HA,LEU,606.0,102.71,107.43,111.703,0.09,1.32,0.0
ATOM,7204.0,HB2,LEU,606.0,104.324,105.925,110.707,0.09,1.32,2.87
ATOM,7205.0,HB3,LEU,606.0,103.373,105.833,109.382,0.09,1.32,0.0
ATOM,7206.0,HG,LEU,606.0,104.329,108.407,109.965,0.09,1.32,0.0
ATOM,7207.0,HD11,LEU,606.0,106.144,106.381,108.998,0.09,1.32,7.37
ATOM,7208.0,HD12,LEU,606.0,106.496,107.974,109.069,0.09,1.32,6.06
ATOM,7209.0,HD13,LEU,606.0,106.276,107.124,110.446,0.09,1.32,0.61
ATOM,7210.0,HD21,LEU,606.0,103.054,108.029,108.044,0.09,1.32,0.0
ATOM,7211.0,HD22,LEU,606.0,104.554,108.521,107.622,0.09,1.32,3.24
ATOM,7212.0,HD23,LEU,606.0,104.151,106.942,107.511,0.09,1.32,2.31
ATOM,7213.0,N,LYS,607.0,101.203,108.82,110.277,-0.47,1.85,0.0
ATOM,7214.0,CA,LYS,607.0,100.183,109.531,109.51,0.07,2.275,0.0
ATOM,7215.0,C,LYS,607.0,100.833,110.63,108.71,0.51,2.0,0.0
ATOM,7216.0,O,LYS,607.0,101.845,111.18,109.136,-0.51,1.7,0.0
ATOM,7217.0,CB,LYS,607.0,99.123,110.202,110.407,-0.18,2.175,0.0
ATOM,7218.0,CG,LYS,607.0,98.45,109.353,111.466,-0.18,2.175,0.2
ATOM,7219.0,CD,LYS,607.0,99.402,109.197,112.629,-0.18,2.175,0.0
ATOM,7220.0,CE,LYS,607.0,98.778,108.556,113.802,0.21,2.175,8.88
ATOM,7221.0,NZ,LYS,607.0,99.831,108.376,114.835,-0.3,1.85,6.01
ATOM,7222.0,H,LYS,607.0,101.812,109.27,110.978,0.31,0.2245,0.0
ATOM,7223.0,HA,LYS,607.0,99.741,108.883,108.884,0.09,1.32,0.0
ATOM,7224.0,HB2,LYS,607.0,99.568,110.989,110.866,0.09,1.32,0.0
ATOM,7225.0,HB3,LYS,607.0,98.405,110.579,109.797,0.09,1.32,0.0
ATOM,7226.0,HG2,LYS,607.0,97.628,109.809,111.776,0.09,1.32,1.12
ATOM,7227.0,HG3,LYS,607.0,98.246,108.462,111.09,0.09,1.32,0.0
ATOM,7228.0,HD2,LYS,607.0,100.186,108.644,112.322,0.09,1.32,0.0
ATOM,7229.0,HD3,LYS,607.0,99.739,110.11,112.886,0.09,1.32,0.0
ATOM,7230.0,HE2,LYS,607.0,98.062,109.136,114.172,0.05,1.32,7.84
ATOM,7231.0,HE3,LYS,607.0,98.415,107.665,113.557,0.05,1.32,0.0
ATOM,7232.0,HZ1,LYS,607.0,100.723,108.299,114.39,0.33,0.2245,0.0
ATOM,7233.0,HZ2,LYS,607.0,99.831,109.164,115.451,0.33,0.2245,1.74
ATOM,7234.0,HZ3,LYS,607.0,99.645,107.544,115.358,0.33,0.2245,10.01
ATOM,7235.0,N,VAL,608.0,100.225,110.955,107.573,-0.47,1.85,0.0
ATOM,7236.0,CA,VAL,608.0,100.664,112.024,106.685,0.07,2.275,0.0
ATOM,7237.0,C,VAL,608.0,99.432,112.911,106.411,0.51,2.0,0.0
ATOM,7238.0,O,VAL,608.0,98.41,112.419,105.941,-0.51,1.7,0.0
ATOM,7239.0,CB,VAL,608.0,101.219,111.454,105.334,-0.09,2.275,0.3
ATOM,7240.0,CG1,VAL,608.0,101.592,112.58,104.364,-0.27,2.06,29.9
ATOM,7241.0,CG2,VAL,608.0,102.413,110.566,105.596,-0.27,2.06,12.38
ATOM,7242.0,H,VAL,608.0,99.378,110.359,107.363,0.31,0.2245,0.0
ATOM,7243.0,HA,VAL,608.0,101.332,112.578,107.16,0.09,1.32,0.0
ATOM,7244.0,HB,VAL,608.0,100.484,110.934,104.911,0.09,1.32,0.0
ATOM,7245.0,HG11,VAL,608.0,101.319,112.322,103.439,0.09,1.32,10.78
ATOM,7246.0,HG12,VAL,608.0,101.119,113.417,104.634,0.09,1.32,0.18
ATOM,7247.0,HG13,VAL,608.0,102.579,112.727,104.394,0.09,1.32,7.15
ATOM,7248.0,HG21,VAL,608.0,102.418,109.809,104.94,0.09,1.32,8.31
ATOM,7249.0,HG22,VAL,608.0,103.256,111.098,105.496,0.09,1.32,3.66
ATOM,7250.0,HG23,VAL,608.0,102.36,110.199,106.527,0.09,1.32,0.0
ATOM,7251.0,N,ASN,609.0,99.509,114.191,106.789,-0.47,1.85,0.0
ATOM,7252.0,CA,ASN,609.0,98.438,115.18,106.572,0.07,2.275,0.0
ATOM,7253.0,C,ASN,609.0,97.208,115.094,107.486,0.51,2.0,0.0
ATOM,7254.0,O,ASN,609.0,96.107,115.472,107.102,-0.51,1.7,0.0
ATOM,7255.0,CB,ASN,609.0,98.003,115.216,105.089,-0.18,2.175,7.11
ATOM,7256.0,CG,ASN,609.0,97.361,116.553,104.686,0.55,2.0,2.03
ATOM,7257.0,OD1,ASN,609.0,97.821,117.635,105.074,-0.55,1.7,0.15
ATOM,7258.0,ND2,ASN,609.0,96.283,116.48,103.932,-0.62,1.85,12.02
ATOM,7259.0,H,ASN,609.0,100.413,114.44,107.263,0.31,0.2245,0.0
ATOM,7260.0,HA,ASN,609.0,98.858,116.105,106.729,0.09,1.32,0.0
ATOM,7261.0,HB2,ASN,609.0,98.807,115.072,104.524,0.09,1.32,3.47
ATOM,7262.0,HB3,ASN,609.0,97.338,114.492,104.941,0.09,1.32,0.0
ATOM,7263.0,HD22,ASN,609.0,95.919,115.586,103.655,0.3,0.2245,1.02
ATOM,7264.0,HD21,ASN,609.0,95.818,117.315,103.629,0.32,0.2245,2.06
ATOM,7265.0,N,HIS,610.0,97.382,114.62,108.708,-0.47,1.85,0.0
ATOM,7266.0,CA,HIS,610.0,96.262,114.542,109.644,0.07,2.275,0.0
ATOM,7267.0,C,HIS,610.0,95.794,115.99,109.892,0.51,2.0,0.0
ATOM,7268.0,O,HIS,610.0,96.623,116.892,110.073,-0.51,1.7,0.0
ATOM,7269.0,CB,HIS,610.0,96.708,113.85,110.942,-0.09,2.175,0.01
ATOM,7270.0,CG,HIS,610.0,95.674,113.857,112.018,-0.05,1.8,0.02
ATOM,7271.0,H,HIS,610.0,98.342,114.32,108.938,0.31,0.2245,0.55
ATOM,7272.0,HA,HIS,610.0,95.52,114.05,109.217,0.09,1.32,0.0
ATOM,7273.0,HB2,HIS,610.0,96.946,112.894,110.733,0.09,1.32,0.0
ATOM,7274.0,HB3,HIS,610.0,97.532,114.314,111.287,0.09,1.32,1.4
ATOM,7275.0,ND1,HIS,610.0,95.689,114.761,113.058,-0.36,1.85,0.91
ATOM,7276.0,CD2,HIS,610.0,94.56,113.11,112.189,0.22,1.8,5.92
ATOM,7277.0,CE1,HIS,610.0,94.632,114.574,113.821,0.25,1.8,14.43
ATOM,7278.0,NE2,HIS,610.0,93.926,113.578,113.316,-0.7,1.85,23.06
ATOM,7279.0,HD1,HIS,610.0,96.398,115.454,113.206,0.32,0.2245,11.68
ATOM,7280.0,HD2,HIS,610.0,94.253,112.36,111.61,0.1,1.468,0.0
ATOM,7281.0,HE1,HIS,610.0,94.402,115.092,114.64,0.13,0.9,7.57
ATOM,7282.0,N,LYS,611.0,94.479,116.215,109.854,-0.47,1.85,0.0
ATOM,7283.0,CA,LYS,611.0,93.889,117.561,110.026,0.07,2.275,1.84
ATOM,7284.0,C,LYS,611.0,94.474,118.6,109.07,0.51,2.0,0.49
ATOM,7285.0,O,LYS,611.0,94.584,119.775,109.409,-0.51,1.7,17.35
ATOM,7286.0,CB,LYS,611.0,93.951,118.05,111.483,-0.18,2.175,7.46
ATOM,7287.0,CG,LYS,611.0,92.989,117.274,112.338,-0.18,2.175,2.95
ATOM,7288.0,CD,LYS,611.0,92.64,117.941,113.634,-0.18,2.175,10.6
ATOM,7289.0,CE,LYS,611.0,91.619,117.075,114.39,0.21,2.175,15.41
ATOM,7290.0,NZ,LYS,611.0,91.338,117.52,115.793,-0.3,1.85,14.36
ATOM,7291.0,H,LYS,611.0,93.898,115.365,109.693,0.31,0.2245,0.0
ATOM,7292.0,HA,LYS,611.0,92.891,117.493,109.862,0.09,1.32,2.42
ATOM,7293.0,HB2,LYS,611.0,94.867,117.906,111.813,0.09,1.32,1.95
ATOM,7294.0,HB3,LYS,611.0,93.7,119.002,111.494,0.09,1.32,5.19
ATOM,7295.0,HG2,LYS,611.0,92.135,117.116,111.81,0.09,1.32,5.74
ATOM,7296.0,HG3,LYS,611.0,93.388,116.36,112.536,0.09,1.32,0.0
ATOM,7297.0,HD2,LYS,611.0,93.446,118.022,114.197,0.09,1.32,7.64
ATOM,7298.0,HD3,LYS,611.0,92.224,118.818,113.46,0.09,1.32,9.91
ATOM,7299.0,HE2,LYS,611.0,90.752,117.073,113.866,0.05,1.32,11.32
ATOM,7300.0,HE3,LYS,611.0,91.962,116.122,114.411,0.05,1.32,1.27
ATOM,7301.0,HZ1,LYS,611.0,91.381,118.516,115.834,0.33,0.2245,16.58
ATOM,7302.0,HZ2,LYS,611.0,90.428,117.209,116.058,0.33,0.2245,20.68
ATOM,7303.0,HZ3,LYS,611.0,92.022,117.126,116.404,0.33,0.2245,17.61
ATOM,7304.0,N,ASP,612.0,94.852,118.133,107.878,-0.47,1.85,0.0
ATOM,7305.0,CA,ASP,612.0,95.424,118.958,106.821,0.07,2.275,0.0
ATOM,7306.0,C,ASP,612.0,96.657,119.77,107.27,0.51,2.0,0.0
ATOM,7307.0,O,ASP,612.0,96.973,120.816,106.686,-0.51,1.7,10.37
ATOM,7308.0,CB,ASP,612.0,94.342,119.869,106.23,-0.28,2.175,9.92
ATOM,7309.0,CG,ASP,612.0,94.638,120.283,104.801,0.62,2.0,0.0
ATOM,7310.0,OD1,ASP,612.0,95.035,119.419,103.986,-0.76,1.7,7.57
ATOM,7311.0,OD2,ASP,612.0,94.457,121.478,104.478,-0.76,1.7,35.78
ATOM,7312.0,H,ASP,612.0,94.698,117.095,107.766,0.31,0.2245,0.0
ATOM,7313.0,HA,ASP,612.0,95.743,118.333,106.087,0.09,1.32,0.0
ATOM,7314.0,HB2,ASP,612.0,93.481,119.373,106.248,0.09,1.32,0.59
ATOM,7315.0,HB3,ASP,612.0,94.286,120.684,106.795,0.09,1.32,5.96
ATOM,7316.0,N,CYS,613.0,97.386,119.249,108.257,-0.47,1.85,0.0
ATOM,7317.0,CA,CYS,613.0,98.58,119.922,108.777,0.07,2.275,1.45
ATOM,7318.0,C,CYS,613.0,99.793,119.862,107.83,0.51,2.0,0.03
ATOM,7319.0,O,CYS,613.0,100.78,120.59,108.014,-0.51,1.7,22.13
ATOM,7320.0,CB,CYS,613.0,98.949,119.342,110.14,-0.11,2.175,18.61
ATOM,7321.0,SG,CYS,613.0,99.764,117.746,110.105,-0.23,2.0,19.19
ATOM,7322.0,H,CYS,613.0,97.041,118.34,108.62,0.31,0.2245,0.0
ATOM,7323.0,HA,CYS,613.0,98.352,120.901,108.923,0.09,1.32,10.23
ATOM,7324.0,HB2,CYS,613.0,99.553,120.001,110.6,0.09,1.32,10.55
ATOM,7325.0,HB3,CYS,613.0,98.102,119.258,110.676,0.09,1.32,2.95
ATOM,7326.0,HG,CYS,613.0,99.82,117.413,109.161,0.16,0.45,0.0
ATOM,7327.0,N,ARG,614.0,99.724,118.975,106.833,-0.47,1.85,0.0
ATOM,7328.0,CA,ARG,614.0,100.779,118.81,105.825,0.07,2.275,1.68
ATOM,7329.0,C,ARG,614.0,102.111,118.283,106.365,0.51,2.0,0.88
ATOM,7330.0,O,ARG,614.0,103.154,118.417,105.73,-0.51,1.7,29.68
ATOM,7331.0,CB,ARG,614.0,100.972,120.113,105.031,-0.18,2.175,6.31
ATOM,7332.0,CG,ARG,614.0,99.651,120.693,104.491,-0.18,2.175,0.7
ATOM,7333.0,CD,ARG,614.0,99.851,121.971,103.691,0.2,2.175,17.54
ATOM,7334.0,NE,ARG,614.0,100.566,121.717,102.44,-0.7,1.85,5.7
ATOM,7335.0,CZ,ARG,614.0,100.011,121.76,101.227,0.64,2.0,3.22
ATOM,7336.0,NH1,ARG,614.0,98.721,122.064,101.086,-0.8,1.85,24.75
ATOM,7337.0,NH2,ARG,614.0,100.736,121.457,100.151,-0.8,1.85,29.46
ATOM,7338.0,H,ARG,614.0,98.847,118.403,106.831,0.31,0.2245,0.0
ATOM,7339.0,HA,ARG,614.0,100.442,118.16,105.112,0.09,1.32,3.44
ATOM,7340.0,HB2,ARG,614.0,101.376,120.788,105.63,0.09,1.32,4.25
ATOM,7341.0,HB3,ARG,614.0,101.557,119.924,104.257,0.09,1.32,4.06
ATOM,7342.0,HG2,ARG,614.0,99.218,120.014,103.898,0.09,1.32,3.37
ATOM,7343.0,HG3,ARG,614.0,99.048,120.896,105.262,0.09,1.32,0.0
ATOM,7344.0,HD2,ARG,614.0,98.956,122.352,103.486,0.09,1.32,2.55
ATOM,7345.0,HD3,ARG,614.0,100.378,122.605,104.248,0.09,1.32,10.11
ATOM,7346.0,HE,ARG,614.0,101.548,121.493,102.497,0.44,0.2245,9.86
ATOM,7347.0,HH11,ARG,614.0,98.16,122.282,101.879,0.46,0.2245,5.86
ATOM,7348.0,HH12,ARG,614.0,98.312,122.074,100.169,0.46,0.2245,18.29
ATOM,7349.0,HH21,ARG,614.0,101.703,121.217,100.262,0.46,0.2245,18.39
ATOM,7350.0,HH22,ARG,614.0,100.321,121.47,99.247,0.46,0.2245,18.51
ATOM,7351.0,N,GLY,615.0,102.045,117.619,107.514,-0.47,1.85,0.0
ATOM,7352.0,CA,GLY,615.0,103.233,117.067,108.128,-0.02,2.175,12.45
ATOM,7353.0,C,GLY,615.0,103.051,115.603,108.467,0.51,2.0,1.55
ATOM,7354.0,O,GLY,615.0,101.925,115.082,108.419,-0.51,1.7,0.53
ATOM,7355.0,H,GLY,615.0,101.093,117.537,107.916,0.31,0.2245,0.0
ATOM,7356.0,HA2,GLY,615.0,104.018,117.169,107.499,0.09,1.32,5.91
ATOM,7357.0,HA3,GLY,615.0,103.448,117.581,108.972,0.09,1.32,10.8
ATOM,7358.0,N,ALA,616.0,104.153,114.918,108.754,-0.47,1.85,1.47
ATOM,7359.0,CA,ALA,616.0,104.085,113.504,109.114,0.07,2.275,0.0
ATOM,7360.0,C,ALA,616.0,104.135,113.344,110.629,0.51,2.0,0.49
ATOM,7361.0,O,ALA,616.0,104.991,113.942,111.297,-0.51,1.7,20.16
ATOM,7362.0,CB,ALA,616.0,105.229,112.704,108.448,-0.27,2.06,20.42
ATOM,7363.0,H,ALA,616.0,105.033,115.456,108.702,0.31,0.2245,10.87
ATOM,7364.0,HA,ALA,616.0,103.217,113.126,108.78,0.09,1.32,0.0
ATOM,7365.0,HB1,ALA,616.0,105.871,113.343,108.036,0.09,1.32,8.25
ATOM,7366.0,HB2,ALA,616.0,105.688,112.159,109.144,0.09,1.32,0.0
ATOM,7367.0,HB3,ALA,616.0,104.842,112.11,107.749,0.09,1.32,0.09
ATOM,7368.0,N,GLU,617.0,103.157,112.62,111.171,-0.47,1.85,0.5
ATOM,7369.0,CA,GLU,617.0,103.1,112.336,112.599,0.07,2.275,2.21
ATOM,7370.0,C,GLU,617.0,103.791,110.991,112.754,0.51,2.0,0.0
ATOM,7371.0,O,GLU,617.0,103.319,109.977,112.234,-0.51,1.7,0.0
ATOM,7372.0,CB,GLU,617.0,101.665,112.252,113.076,-0.18,2.175,2.5
ATOM,7373.0,CG,GLU,617.0,101.555,111.878,114.543,-0.28,2.175,10.8
ATOM,7374.0,CD,GLU,617.0,100.128,111.914,115.051,0.62,2.0,2.82
ATOM,7375.0,OE1,GLU,617.0,99.395,112.859,114.696,-0.76,1.7,20.58
ATOM,7376.0,OE2,GLU,617.0,99.737,110.995,115.801,-0.76,1.7,24.89
ATOM,7377.0,H,GLU,617.0,102.445,112.279,110.491,0.31,0.2245,0.1
ATOM,7378.0,HA,GLU,617.0,103.59,113.024,113.102,0.09,1.32,4.28
ATOM,7379.0,HB2,GLU,617.0,101.254,113.135,112.965,0.09,1.32,6.17
ATOM,7380.0,HB3,GLU,617.0,101.211,111.555,112.558,0.09,1.32,0.0
ATOM,7381.0,HG2,GLU,617.0,101.887,110.959,114.653,0.09,1.32,0.5
ATOM,7382.0,HG3,GLU,617.0,102.074,112.527,115.069,0.09,1.32,9.58
ATOM,7383.0,N,ILE,618.0,104.89,110.981,113.499,-0.47,1.85,0.0
ATOM,7384.0,CA,ILE,618.0,105.722,109.795,113.675,0.07,2.275,0.0
ATOM,7385.0,C,ILE,618.0,105.697,109.186,115.071,0.51,2.0,0.05
ATOM,7386.0,O,ILE,618.0,105.939,109.879,116.062,-0.51,1.7,13.01
ATOM,7387.0,CB,ILE,618.0,107.181,110.147,113.309,-0.09,2.275,0.31
ATOM,7388.0,CG1,ILE,618.0,107.217,110.76,111.904,-0.18,2.175,0.2
ATOM,7389.0,CG2,ILE,618.0,108.075,108.917,113.433,-0.27,2.06,13.55
ATOM,7390.0,CD1,ILE,618.0,108.525,111.375,111.526,-0.27,2.06,36.32
ATOM,7391.0,H,ILE,618.0,105.11,111.9,113.952,0.31,0.2245,8.4
ATOM,7392.0,HA,ILE,618.0,105.343,109.088,113.044,0.09,1.32,0.0
ATOM,7393.0,HB,ILE,618.0,107.5,110.829,113.95,0.09,1.32,7.06
ATOM,7394.0,HG12,ILE,618.0,106.984,110.038,111.246,0.09,1.32,0.0
ATOM,7395.0,HG13,ILE,618.0,106.497,111.46,111.858,0.09,1.32,0.0
ATOM,7396.0,HG21,ILE,618.0,109.019,109.171,113.232,0.09,1.32,3.94
ATOM,7397.0,HG22,ILE,618.0,108.017,108.557,114.362,0.09,1.32,0.0
ATOM,7398.0,HG23,ILE,618.0,107.772,108.22,112.786,0.09,1.32,1.17
ATOM,7399.0,HD11,ILE,618.0,109.248,110.682,111.555,0.09,1.32,6.6
ATOM,7400.0,HD12,ILE,618.0,108.469,111.752,110.599,0.09,1.32,6.0
ATOM,7401.0,HD13,ILE,618.0,108.753,112.112,112.166,0.09,1.32,11.13
ATOM,7402.0,N,PRO,619.0,105.419,107.867,115.168,-0.29,1.85,0.0
ATOM,7403.0,CA,PRO,619.0,105.377,107.2,116.468,0.02,2.275,1.98
ATOM,7404.0,C,PRO,619.0,106.78,106.881,117.011,0.51,2.0,0.2
ATOM,7405.0,O,PRO,619.0,107.662,106.449,116.261,-0.51,1.7,8.7
ATOM,7406.0,CB,PRO,619.0,104.585,105.92,116.164,-0.18,2.175,9.22
ATOM,7407.0,CG,PRO,619.0,105.023,105.576,114.782,-0.18,2.175,11.76
ATOM,7408.0,CD,PRO,619.0,105.023,106.937,114.087,0.0,2.175,0.34
ATOM,7409.0,HA,PRO,619.0,104.859,107.752,117.14,0.09,1.32,7.42
ATOM,7410.0,HB2,PRO,619.0,104.825,105.199,116.809,0.09,1.32,3.83
ATOM,7411.0,HB3,PRO,619.0,103.605,106.097,116.2,0.09,1.32,2.68
ATOM,7412.0,HG2,PRO,619.0,105.935,105.188,114.781,0.09,1.32,5.8
ATOM,7413.0,HG3,PRO,619.0,104.378,104.965,114.343,0.09,1.32,0.89
ATOM,7414.0,HD2,PRO,619.0,105.685,106.958,113.344,0.09,1.32,0.36
ATOM,7415.0,HD3,PRO,619.0,104.115,107.162,113.743,0.09,1.32,0.0
ATOM,7416.0,N,PHE,620.0,106.984,107.097,118.309,-0.47,1.85,0.0
ATOM,7417.0,CA,PHE,620.0,108.274,106.793,118.935,0.07,2.275,0.9
ATOM,7418.0,C,PHE,620.0,108.102,105.752,120.051,0.51,2.0,1.55
ATOM,7419.0,O,PHE,620.0,106.996,105.592,120.594,-0.51,1.7,10.73
ATOM,7420.0,CB,PHE,620.0,108.958,108.069,119.467,-0.18,2.175,0.0
ATOM,7421.0,CG,PHE,620.0,108.14,108.849,120.466,0.0,1.9924,0.0
ATOM,7422.0,CD1,PHE,620.0,108.039,108.426,121.79,-0.115,1.9924,0.0
ATOM,7423.0,CD2,PHE,620.0,107.483,110.018,120.084,-0.115,1.9924,0.54
ATOM,7424.0,CE1,PHE,620.0,107.295,109.154,122.724,-0.115,1.9924,6.27
ATOM,7425.0,CE2,PHE,620.0,106.737,110.759,121.014,-0.115,1.9924,12.94
ATOM,7426.0,CZ,PHE,620.0,106.643,110.32,122.338,-0.115,1.9924,11.61
ATOM,7427.0,H,PHE,620.0,106.177,107.487,118.823,0.31,0.2245,4.84
ATOM,7428.0,HA,PHE,620.0,108.848,106.367,118.232,0.09,1.32,0.09
ATOM,7429.0,HB2,PHE,620.0,109.8,107.794,119.908,0.09,1.32,0.0
ATOM,7430.0,HB3,PHE,620.0,109.137,108.657,118.691,0.09,1.32,0.94
ATOM,7431.0,HD1,PHE,620.0,108.502,107.595,122.082,0.115,1.3582,0.0
ATOM,7432.0,HD2,PHE,620.0,107.542,110.335,119.141,0.115,1.3582,4.45
ATOM,7433.0,HE1,PHE,620.0,107.237,108.825,123.672,0.115,1.3582,2.98
ATOM,7434.0,HE2,PHE,620.0,106.272,111.603,120.72,0.115,1.3582,17.89
ATOM,7435.0,HZ,PHE,620.0,106.113,110.84,123.001,0.115,1.3582,15.59
ATOM,7436.0,N,VAL,621.0,109.172,105.021,120.361,-0.47,1.85,0.81
ATOM,7437.0,CA,VAL,621.0,109.14,104.016,121.424,0.07,2.275,0.99
ATOM,7438.0,C,VAL,621.0,108.812,104.783,122.721,0.51,2.0,0.0
ATOM,7439.0,O,VAL,621.0,109.505,105.741,123.077,-0.51,1.7,0.0
ATOM,7440.0,CB,VAL,621.0,110.499,103.285,121.528,-0.09,2.275,0.0
ATOM,7441.0,CG1,VAL,621.0,110.437,102.162,122.567,-0.27,2.06,6.55
ATOM,7442.0,CG2,VAL,621.0,110.903,102.734,120.158,-0.27,2.06,6.78
ATOM,7443.0,H,VAL,621.0,110.017,105.223,119.792,0.31,0.2245,0.0
ATOM,7444.0,HA,VAL,621.0,108.396,103.394,121.247,0.09,1.32,2.46
ATOM,7445.0,HB,VAL,621.0,111.172,103.942,121.853,0.09,1.32,0.0
ATOM,7446.0,HG11,VAL,621.0,111.005,101.399,122.262,0.09,1.32,0.0
ATOM,7447.0,HG12,VAL,621.0,110.775,102.504,123.442,0.09,1.32,0.0
ATOM,7448.0,HG13,VAL,621.0,109.491,101.858,122.667,0.09,1.32,1.34
ATOM,7449.0,HG21,VAL,621.0,111.888,102.844,120.041,0.09,1.32,0.0
ATOM,7450.0,HG22,VAL,621.0,110.661,101.767,120.112,0.09,1.32,4.89
ATOM,7451.0,HG23,VAL,621.0,110.417,103.24,119.448,0.09,1.32,0.86
ATOM,7452.0,N,PRO,622.0,107.752,104.375,123.438,-0.29,1.85,0.0
ATOM,7453.0,CA,PRO,622.0,107.332,105.04,124.68,0.02,2.275,0.76
ATOM,7454.0,C,PRO,622.0,108.308,104.997,125.854,0.51,2.0,0.0
ATOM,7455.0,O,PRO,622.0,108.084,105.669,126.864,-0.51,1.7,12.99
ATOM,7456.0,CB,PRO,622.0,106.035,104.315,125.053,-0.18,2.175,16.69
ATOM,7457.0,CG,PRO,622.0,105.707,103.436,123.875,-0.18,2.175,21.56
ATOM,7458.0,CD,PRO,622.0,107.018,103.116,123.252,0.0,2.175,10.39
ATOM,7459.0,HA,PRO,622.0,107.063,106.018,124.479,0.09,1.32,1.02
ATOM,7460.0,HB2,PRO,622.0,106.163,103.761,125.883,0.09,1.32,6.41
ATOM,7461.0,HB3,PRO,622.0,105.294,104.974,125.221,0.09,1.32,11.97
ATOM,7462.0,HG2,PRO,622.0,105.234,102.606,124.187,0.09,1.32,12.03
ATOM,7463.0,HG3,PRO,622.0,105.106,103.928,123.238,0.09,1.32,9.39
ATOM,7464.0,HD2,PRO,622.0,107.482,102.369,123.721,0.09,1.32,4.73
ATOM,7465.0,HD3,PRO,622.0,106.928,102.904,122.281,0.09,1.32,5.12
ATOM,7466.0,N,ASP,623.0,109.374,104.212,125.736,-0.47,1.85,0.0
ATOM,7467.0,CA,ASP,623.0,110.342,104.078,126.817,0.07,2.275,0.0
ATOM,7468.0,C,ASP,623.0,111.736,103.924,126.205,0.51,2.0,0.0
ATOM,7469.0,O,ASP,623.0,111.915,104.071,124.992,-0.51,1.7,0.0
ATOM,7470.0,CB,ASP,623.0,109.982,102.837,127.656,-0.28,2.175,11.62
ATOM,7471.0,CG,ASP,623.0,110.538,102.88,129.097,0.62,2.0,3.96
ATOM,7472.0,OD1,ASP,623.0,111.348,103.771,129.447,-0.76,1.7,18.52
ATOM,7473.0,OD2,ASP,623.0,110.136,101.994,129.891,-0.76,1.7,48.0
ATOM,7474.0,H,ASP,623.0,109.454,103.716,124.829,0.31,0.2245,0.0
ATOM,7475.0,HA,ASP,623.0,110.342,104.935,127.328,0.09,1.32,0.74
ATOM,7476.0,HB2,ASP,623.0,108.992,102.776,127.708,0.09,1.32,5.54
ATOM,7477.0,HB3,ASP,623.0,110.357,102.037,127.203,0.09,1.32,4.78
ATOM,7478.0,N,ILE,624.0,112.718,103.626,127.045,-0.47,1.85,0.0
ATOM,7479.0,CA,ILE,624.0,114.074,103.442,126.58,0.07,2.275,0.0
ATOM,7480.0,C,ILE,624.0,114.077,102.267,125.608,0.51,2.0,0.0
ATOM,7481.0,O,ILE,624.0,113.608,101.172,125.935,-0.51,1.7,13.85
ATOM,7482.0,CB,ILE,624.0,115.036,103.17,127.763,-0.09,2.275,1.85
ATOM,7483.0,CG1,ILE,624.0,114.974,104.336,128.761,-0.18,2.175,14.98
ATOM,7484.0,CG2,ILE,624.0,116.469,102.915,127.257,-0.27,2.06,20.18
ATOM,7485.0,CD1,ILE,624.0,115.287,105.695,128.159,-0.27,2.06,7.02
ATOM,7486.0,H,ILE,624.0,112.43,103.54,128.039,0.31,0.2245,0.0
ATOM,7487.0,HA,ILE,624.0,114.307,104.249,126.047,0.09,1.32,0.0
ATOM,7488.0,HB,ILE,624.0,114.725,102.352,128.226,0.09,1.32,8.02
ATOM,7489.0,HG12,ILE,624.0,114.057,104.361,129.158,0.09,1.32,0.18
ATOM,7490.0,HG13,ILE,624.0,115.63,104.153,129.494,0.09,1.32,10.07
ATOM,7491.0,HG21,ILE,624.0,117.052,102.695,128.033,0.09,1.32,10.66
ATOM,7492.0,HG22,ILE,624.0,116.456,102.153,126.616,0.09,1.32,0.3
ATOM,7493.0,HG23,ILE,624.0,116.803,103.735,126.803,0.09,1.32,0.05
ATOM,7494.0,HD11,ILE,624.0,114.629,105.893,127.435,0.09,1.32,0.0
ATOM,7495.0,HD12,ILE,624.0,115.225,106.392,128.871,0.09,1.32,3.4
ATOM,7496.0,HD13,ILE,624.0,116.21,105.682,127.78,0.09,1.32,2.36
ATOM,7497.0,N,ALA,625.0,114.526,102.538,124.388,-0.47,1.85,0.0
ATOM,7498.0,CA,ALA,625.0,114.598,101.53,123.349,0.07,2.275,0.0
ATOM,7499.0,C,ALA,625.0,115.761,100.597,123.609,0.51,2.0,0.0
ATOM,7500.0,O,ALA,625.0,116.878,101.029,123.903,-0.51,1.7,0.01
ATOM,7501.0,CB,ALA,625.0,114.753,102.179,121.992,-0.27,2.06,0.0
ATOM,7502.0,H,ALA,625.0,114.819,103.53,124.247,0.31,0.2245,0.0
ATOM,7503.0,HA,ALA,625.0,113.746,100.994,123.354,0.09,1.32,0.0
ATOM,7504.0,HB1,ALA,625.0,115.528,102.813,122.006,0.09,1.32,0.0
ATOM,7505.0,HB2,ALA,625.0,114.916,101.477,121.297,0.09,1.32,0.0
ATOM,7506.0,HB3,ALA,625.0,113.92,102.683,121.76,0.09,1.32,0.0
ATOM,7507.0,N,SER,626.0,115.48,99.308,123.538,-0.47,1.85,0.0
ATOM,7508.0,CA,SER,626.0,116.492,98.292,123.727,0.07,2.275,2.2
ATOM,7509.0,C,SER,626.0,117.346,98.222,122.458,0.51,2.0,0.0
ATOM,7510.0,O,SER,626.0,116.877,98.552,121.374,-0.51,1.7,0.0
ATOM,7511.0,CB,SER,626.0,115.811,96.947,123.998,0.05,2.175,11.67
ATOM,7512.0,OG,SER,626.0,116.763,95.9,124.022,-0.66,1.77,19.98
ATOM,7513.0,H,SER,626.0,114.479,99.092,123.337,0.31,0.2245,0.0
ATOM,7514.0,HA,SER,626.0,117.088,98.57,124.477,0.09,1.32,5.26
ATOM,7515.0,HB2,SER,626.0,115.354,96.992,124.879,0.09,1.32,10.95
ATOM,7516.0,HB3,SER,626.0,115.152,96.772,123.274,0.09,1.32,0.0
ATOM,7517.0,HG,SER,626.0,116.636,95.315,123.222,0.43,0.2245,0.16
ATOM,7518.0,N,ASP,627.0,118.588,97.777,122.595,-0.47,1.85,0.0
ATOM,7519.0,CA,ASP,627.0,119.498,97.652,121.461,0.07,2.275,0.0
ATOM,7520.0,C,ASP,627.0,118.922,96.834,120.309,0.51,2.0,0.02
ATOM,7521.0,O,ASP,627.0,119.146,97.145,119.145,-0.51,1.7,3.0
ATOM,7522.0,CB,ASP,627.0,120.795,96.973,121.895,-0.28,2.175,10.67
ATOM,7523.0,CG,ASP,627.0,121.792,97.933,122.502,0.62,2.0,2.25
ATOM,7524.0,OD1,ASP,627.0,121.452,99.11,122.736,-0.76,1.7,5.16
ATOM,7525.0,OD2,ASP,627.0,122.94,97.502,122.726,-0.76,1.7,39.41
ATOM,7526.0,H,ASP,627.0,118.856,97.527,123.571,0.31,0.2245,5.42
ATOM,7527.0,HA,ASP,627.0,119.662,98.589,121.105,0.09,1.32,0.0
ATOM,7528.0,HB2,ASP,627.0,120.566,96.278,122.57,0.09,1.32,7.67
ATOM,7529.0,HB3,ASP,627.0,121.204,96.55,121.092,0.09,1.32,4.32
ATOM,7530.0,N,ASP,628.0,118.214,95.763,120.644,-0.47,1.85,0.0
ATOM,7531.0,CA,ASP,628.0,117.652,94.886,119.632,0.07,2.275,2.03
ATOM,7532.0,C,ASP,628.0,116.407,95.384,118.906,0.51,2.0,0.0
ATOM,7533.0,O,ASP,628.0,115.905,94.698,118.018,-0.51,1.7,20.93
ATOM,7534.0,CB,ASP,628.0,117.401,93.495,120.217,-0.28,2.175,18.14
ATOM,7535.0,CG,ASP,628.0,116.347,93.493,121.301,0.62,2.0,2.06
ATOM,7536.0,OD1,ASP,628.0,115.956,94.581,121.763,-0.76,1.7,0.8
ATOM,7537.0,OD2,ASP,628.0,115.908,92.388,121.688,-0.76,1.7,46.27
ATOM,7538.0,H,ASP,628.0,118.102,95.613,121.664,0.31,0.2245,0.63
ATOM,7539.0,HA,ASP,628.0,118.378,94.753,118.913,0.09,1.32,8.33
ATOM,7540.0,HB2,ASP,628.0,117.102,92.901,119.477,0.09,1.32,8.44
ATOM,7541.0,HB3,ASP,628.0,118.257,93.165,120.6,0.09,1.32,10.66
ATOM,7542.0,N,PHE,629.0,115.91,96.561,119.269,-0.47,1.85,0.0
ATOM,7543.0,CA,PHE,629.0,114.726,97.105,118.615,0.07,2.275,0.76
ATOM,7544.0,C,PHE,629.0,115.024,97.581,117.203,0.51,2.0,0.0
ATOM,7545.0,O,PHE,629.0,114.168,97.501,116.335,-0.51,1.7,22.41
ATOM,7546.0,CB,PHE,629.0,114.149,98.273,119.403,-0.18,2.175,2.35
ATOM,7547.0,CG,PHE,629.0,113.347,97.867,120.597,0.0,1.9924,0.44
ATOM,7548.0,CD1,PHE,629.0,113.114,96.526,120.883,-0.115,1.9924,7.9
ATOM,7549.0,CD2,PHE,629.0,112.804,98.833,121.429,-0.115,1.9924,2.62
ATOM,7550.0,CE1,PHE,629.0,112.351,96.157,121.974,-0.115,1.9924,12.34
ATOM,7551.0,CE2,PHE,629.0,112.04,98.475,122.522,-0.115,1.9924,5.89
ATOM,7552.0,CZ,PHE,629.0,111.812,97.132,122.797,-0.115,1.9924,15.44
ATOM,7553.0,H,PHE,629.0,116.419,97.04,120.029,0.31,0.2245,0.0
ATOM,7554.0,HA,PHE,629.0,114.061,96.348,118.535,0.09,1.32,4.03
ATOM,7555.0,HB2,PHE,629.0,114.906,98.832,119.716,0.09,1.32,0.0
ATOM,7556.0,HB3,PHE,629.0,113.558,98.787,118.795,0.09,1.32,1.34
ATOM,7557.0,HD1,PHE,629.0,113.503,95.822,120.294,0.115,1.3582,2.92
ATOM,7558.0,HD2,PHE,629.0,112.969,99.802,121.234,0.115,1.3582,0.0
ATOM,7559.0,HE1,PHE,629.0,112.189,95.182,122.165,0.115,1.3582,15.98
ATOM,7560.0,HE2,PHE,629.0,111.646,99.191,123.12,0.115,1.3582,3.3
ATOM,7561.0,HZ,PHE,629.0,111.26,96.868,123.588,0.115,1.3582,18.17
ATOM,7562.0,N,ILE,630.0,116.224,98.107,116.973,-0.47,1.85,0.0
ATOM,7563.0,CA,ILE,630.0,116.576,98.606,115.652,0.07,2.275,0.0
ATOM,7564.0,C,ILE,630.0,117.008,97.44,114.755,0.51,2.0,0.11
ATOM,7565.0,O,ILE,630.0,117.746,96.548,115.183,-0.51,1.7,8.63
ATOM,7566.0,CB,ILE,630.0,117.635,99.737,115.727,-0.09,2.275,0.0
ATOM,7567.0,CG1,ILE,630.0,117.765,100.43,114.364,-0.18,2.175,0.0
ATOM,7568.0,CG2,ILE,630.0,118.966,99.193,116.245,-0.27,2.06,0.96
ATOM,7569.0,CD1,ILE,630.0,118.429,101.776,114.42,-0.27,2.06,0.05
ATOM,7570.0,H,ILE,630.0,116.859,98.128,117.787,0.31,0.2245,0.0
ATOM,7571.0,HA,ILE,630.0,115.736,98.973,115.252,0.09,1.32,1.85
ATOM,7572.0,HB,ILE,630.0,117.316,100.407,116.385,0.09,1.32,0.0
ATOM,7573.0,HG12,ILE,630.0,118.287,99.828,113.758,0.09,1.32,0.0
ATOM,7574.0,HG13,ILE,630.0,116.844,100.535,113.984,0.09,1.32,3.65
ATOM,7575.0,HG21,ILE,630.0,119.614,99.945,116.345,0.09,1.32,0.0
ATOM,7576.0,HG22,ILE,630.0,118.822,98.755,117.13,0.09,1.32,0.0
ATOM,7577.0,HG23,ILE,630.0,119.325,98.526,115.596,0.09,1.32,0.12
ATOM,7578.0,HD11,ILE,630.0,119.355,101.68,114.788,0.09,1.32,0.0
ATOM,7579.0,HD12,ILE,630.0,118.479,102.166,113.499,0.09,1.32,0.0
ATOM,7580.0,HD13,ILE,630.0,117.901,102.388,115.01,0.09,1.32,0.0
ATOM,7581.0,N,LYS,631.0,116.53,97.456,113.514,-0.47,1.85,0.0
ATOM,7582.0,CA,LYS,631.0,116.783,96.393,112.567,0.07,2.275,1.02
ATOM,7583.0,C,LYS,631.0,117.95,96.623,111.611,0.51,2.0,0.0
ATOM,7584.0,O,LYS,631.0,118.901,95.848,111.603,-0.51,1.7,11.07
ATOM,7585.0,CB,LYS,631.0,115.5,96.136,111.779,-0.18,2.175,7.29
ATOM,7586.0,CG,LYS,631.0,115.533,94.97,110.811,-0.18,2.175,6.26
ATOM,7587.0,CD,LYS,631.0,114.185,94.852,110.111,-0.18,2.175,13.68
ATOM,7588.0,CE,LYS,631.0,114.152,93.725,109.083,0.21,2.175,22.45
ATOM,7589.0,NZ,LYS,631.0,114.948,94.02,107.843,-0.3,1.85,11.34
ATOM,7590.0,H,LYS,631.0,115.958,98.304,113.288,0.31,0.2245,5.2
ATOM,7591.0,HA,LYS,631.0,116.964,95.524,113.087,0.09,1.32,6.66
ATOM,7592.0,HB2,LYS,631.0,114.756,95.976,112.44,0.09,1.32,6.87
ATOM,7593.0,HB3,LYS,631.0,115.282,96.972,111.259,0.09,1.32,4.16
ATOM,7594.0,HG2,LYS,631.0,116.236,95.128,110.129,0.09,1.32,0.0
ATOM,7595.0,HG3,LYS,631.0,115.71,94.131,111.31,0.09,1.32,9.55
ATOM,7596.0,HD2,LYS,631.0,113.481,94.674,110.797,0.09,1.32,10.61
ATOM,7597.0,HD3,LYS,631.0,113.988,95.712,109.642,0.09,1.32,5.46
ATOM,7598.0,HE2,LYS,631.0,114.515,92.885,109.508,0.05,1.32,10.29
ATOM,7599.0,HE3,LYS,631.0,113.194,93.552,108.819,0.05,1.32,12.15
ATOM,7600.0,HZ1,LYS,631.0,114.875,94.992,107.634,0.33,0.2245,4.88
ATOM,7601.0,HZ2,LYS,631.0,115.902,93.778,108.004,0.33,0.2245,9.87
ATOM,7602.0,HZ3,LYS,631.0,114.583,93.481,107.087,0.33,0.2245,20.38
ATOM,7603.0,N,ASP,632.0,117.885,97.697,110.83,-0.47,1.85,0.0
ATOM,7604.0,CA,ASP,632.0,118.888,97.995,109.817,0.07,2.275,0.0
ATOM,7605.0,C,ASP,632.0,119.904,99.098,110.113,0.51,2.0,0.0
ATOM,7606.0,O,ASP,632.0,119.618,100.053,110.836,-0.51,1.7,0.0
ATOM,7607.0,CB,ASP,632.0,118.19,98.352,108.494,-0.28,2.175,6.09
ATOM,7608.0,CG,ASP,632.0,117.308,97.229,107.964,0.62,2.0,3.31
ATOM,7609.0,OD1,ASP,632.0,117.721,96.051,108.038,-0.76,1.7,18.58
ATOM,7610.0,OD2,ASP,632.0,116.201,97.524,107.461,-0.76,1.7,29.92
ATOM,7611.0,H,ASP,632.0,117.054,98.307,111.006,0.31,0.2245,2.2
ATOM,7612.0,HA,ASP,632.0,119.432,97.127,109.671,0.09,1.32,1.88
ATOM,7613.0,HB2,ASP,632.0,117.625,99.153,108.654,0.09,1.32,0.11
ATOM,7614.0,HB3,ASP,632.0,118.893,98.55,107.822,0.09,1.32,4.75
ATOM,7615.0,N,SER,633.0,121.068,98.978,109.471,-0.47,1.85,0.0
ATOM,7616.0,CA,SER,633.0,122.147,99.958,109.572,0.07,2.275,0.0
ATOM,7617.0,C,SER,633.0,121.689,101.223,108.861,0.51,2.0,0.0
ATOM,7618.0,O,SER,633.0,120.857,101.176,107.949,-0.51,1.7,7.92
ATOM,7619.0,CB,SER,633.0,123.4,99.445,108.857,0.05,2.175,7.79
ATOM,7620.0,OG,SER,633.0,123.88,98.239,109.43,-0.66,1.77,17.26
ATOM,7621.0,H,SER,633.0,121.141,98.112,108.883,0.31,0.2245,6.54
ATOM,7622.0,HA,SER,633.0,122.281,100.175,110.533,0.09,1.32,0.0
ATOM,7623.0,HB2,SER,633.0,123.178,99.281,107.897,0.09,1.32,9.37
ATOM,7624.0,HB3,SER,633.0,124.114,100.141,108.923,0.09,1.32,0.0
ATOM,7625.0,HG,SER,633.0,124.023,98.37,110.41,0.43,0.2245,0.0
ATOM,7626.0,N,SER,634.0,122.249,102.354,109.254,-0.47,1.85,0.0
ATOM,7627.0,CA,SER,634.0,121.896,103.621,108.635,0.07,2.275,1.16
ATOM,7628.0,C,SER,634.0,120.411,103.975,108.842,0.51,2.0,1.8
ATOM,7629.0,O,SER,634.0,119.767,104.57,107.968,-0.51,1.7,23.05
ATOM,7630.0,CB,SER,634.0,122.269,103.604,107.146,0.05,2.175,14.98
ATOM,7631.0,OG,SER,634.0,122.852,104.829,106.751,-0.66,1.77,21.41
ATOM,7632.0,H,SER,634.0,122.941,102.262,110.019,0.31,0.2245,0.0
ATOM,7633.0,HA,SER,634.0,122.443,104.351,109.069,0.09,1.32,2.39
ATOM,7634.0,HB2,SER,634.0,122.919,102.866,106.99,0.09,1.32,2.58
ATOM,7635.0,HB3,SER,634.0,121.441,103.449,106.614,0.09,1.32,6.04
ATOM,7636.0,HG,SER,634.0,123.089,105.364,107.562,0.43,0.2245,8.25
ATOM,7637.0,N,CYS,635.0,119.896,103.641,110.023,-0.47,1.85,0.93
ATOM,7638.0,CA,CYS,635.0,118.524,103.94,110.407,0.07,2.275,1.39
ATOM,7639.0,C,CYS,635.0,118.544,104.433,111.85,0.51,2.0,0.64
ATOM,7640.0,O,CYS,635.0,119.49,104.148,112.596,-0.51,1.7,0.0
ATOM,7641.0,CB,CYS,635.0,117.643,102.685,110.332,-0.11,2.175,5.24
ATOM,7642.0,SG,CYS,635.0,117.281,102.112,108.663,-0.23,2.0,36.23
ATOM,7643.0,H,CYS,635.0,120.568,103.141,110.655,0.31,0.2245,0.0
ATOM,7644.0,HA,CYS,635.0,118.187,104.678,109.832,0.09,1.32,4.38
ATOM,7645.0,HB2,CYS,635.0,118.113,101.952,110.826,0.09,1.32,0.0
ATOM,7646.0,HB3,CYS,635.0,116.778,102.892,110.792,0.09,1.32,5.2
ATOM,7647.0,HG,CYS,635.0,118.124,101.796,108.226,0.16,0.45,1.4
ATOM,7648.0,N,PHE,636.0,117.54,105.21,112.233,-0.47,1.85,0.0
ATOM,7649.0,CA,PHE,636.0,117.447,105.674,113.61,0.07,2.275,0.0
ATOM,7650.0,C,PHE,636.0,116.028,105.421,114.077,0.51,2.0,0.0
ATOM,7651.0,O,PHE,636.0,115.102,105.385,113.259,-0.51,1.7,17.95
ATOM,7652.0,CB,PHE,636.0,117.853,107.146,113.764,-0.18,2.175,1.64
ATOM,7653.0,CG,PHE,636.0,116.854,108.148,113.224,0.0,1.9924,0.27
ATOM,7654.0,CD1,PHE,636.0,116.943,108.602,111.908,-0.115,1.9924,11.2
ATOM,7655.0,CD2,PHE,636.0,115.88,108.701,114.056,-0.115,1.9924,1.02
ATOM,7656.0,CE1,PHE,636.0,116.089,109.608,111.43,-0.115,1.9924,20.84
ATOM,7657.0,CE2,PHE,636.0,115.021,109.705,113.592,-0.115,1.9924,3.88
ATOM,7658.0,CZ,PHE,636.0,115.126,110.158,112.272,-0.115,1.9924,17.43
ATOM,7659.0,H,PHE,636.0,116.857,105.447,111.497,0.31,0.2245,3.98
ATOM,7660.0,HA,PHE,636.0,118.041,105.092,114.155,0.09,1.32,0.0
ATOM,7661.0,HB2,PHE,636.0,117.97,107.329,114.732,0.09,1.32,0.0
ATOM,7662.0,HB3,PHE,636.0,118.707,107.278,113.276,0.09,1.32,2.76
ATOM,7663.0,HD1,PHE,636.0,117.619,108.211,111.292,0.115,1.3582,9.44
ATOM,7664.0,HD2,PHE,636.0,115.792,108.377,114.997,0.115,1.3582,0.0
ATOM,7665.0,HE1,PHE,636.0,116.182,109.923,110.482,0.115,1.3582,17.81
ATOM,7666.0,HE2,PHE,636.0,114.331,110.098,114.213,0.115,1.3582,2.48
ATOM,7667.0,HZ,PHE,636.0,114.516,110.869,111.937,0.115,1.3582,17.84
ATOM,7668.0,N,LEU,637.0,115.89,105.165,115.376,-0.47,1.85,0.0
ATOM,7669.0,CA,LEU,637.0,114.615,104.879,116.022,0.07,2.275,0.0
ATOM,7670.0,C,LEU,637.0,114.409,105.818,117.21,0.51,2.0,0.0
ATOM,7671.0,O,LEU,637.0,115.102,105.72,118.236,-0.51,1.7,0.0
ATOM,7672.0,CB,LEU,637.0,114.589,103.413,116.504,-0.18,2.175,0.0
ATOM,7673.0,CG,LEU,637.0,113.439,102.868,117.361,-0.09,2.275,0.0
ATOM,7674.0,CD1,LEU,637.0,112.157,102.801,116.545,-0.27,2.06,26.79
ATOM,7675.0,CD2,LEU,637.0,113.806,101.474,117.871,-0.27,2.06,1.58
ATOM,7676.0,H,LEU,637.0,116.801,105.187,115.909,0.31,0.2245,0.0
ATOM,7677.0,HA,LEU,637.0,113.876,105.038,115.363,0.09,1.32,0.41
ATOM,7678.0,HB2,LEU,637.0,114.643,102.825,115.673,0.09,1.32,3.0
ATOM,7679.0,HB3,LEU,637.0,115.448,103.256,117.027,0.09,1.32,0.0
ATOM,7680.0,HG,LEU,637.0,113.305,103.473,118.143,0.09,1.32,0.0
ATOM,7681.0,HD11,LEU,637.0,112.292,102.197,115.759,0.09,1.32,9.25
ATOM,7682.0,HD12,LEU,637.0,111.416,102.444,117.115,0.09,1.32,2.98
ATOM,7683.0,HD13,LEU,637.0,111.917,103.717,116.223,0.09,1.32,0.52
ATOM,7684.0,HD21,LEU,637.0,114.638,101.532,118.422,0.09,1.32,0.0
ATOM,7685.0,HD22,LEU,637.0,113.057,101.118,118.429,0.09,1.32,0.56
ATOM,7686.0,HD23,LEU,637.0,113.961,100.867,117.092,0.09,1.32,0.32
ATOM,7687.0,N,PRO,638.0,113.472,106.761,117.077,-0.29,1.85,0.0
ATOM,7688.0,CA,PRO,638.0,113.237,107.683,118.186,0.02,2.275,0.0
ATOM,7689.0,C,PRO,638.0,112.604,106.996,119.39,0.51,2.0,0.0
ATOM,7690.0,O,PRO,638.0,111.776,106.08,119.24,-0.51,1.7,0.0
ATOM,7691.0,CB,PRO,638.0,112.321,108.735,117.569,-0.18,2.175,2.34
ATOM,7692.0,CG,PRO,638.0,111.589,107.975,116.487,-0.18,2.175,1.86
ATOM,7693.0,CD,PRO,638.0,112.658,107.107,115.9,0.0,2.175,6.31
ATOM,7694.0,HA,PRO,638.0,114.098,108.148,118.453,0.09,1.32,0.0
ATOM,7695.0,HB2,PRO,638.0,111.677,109.091,118.243,0.09,1.32,0.0
ATOM,7696.0,HB3,PRO,638.0,112.847,109.484,117.175,0.09,1.32,0.0
ATOM,7697.0,HG2,PRO,638.0,110.857,107.432,116.885,0.09,1.32,0.0
ATOM,7698.0,HG3,PRO,638.0,111.222,108.608,115.813,0.09,1.32,3.39
ATOM,7699.0,HD2,PRO,638.0,112.278,106.284,115.484,0.09,1.32,3.26
ATOM,7700.0,HD3,PRO,638.0,113.207,107.601,115.227,0.09,1.32,0.0
ATOM,7701.0,N,TYR,639.0,113.028,107.413,120.585,-0.47,1.85,0.0
ATOM,7702.0,CA,TYR,639.0,112.485,106.875,121.821,0.07,2.275,0.0
ATOM,7703.0,C,TYR,639.0,112.378,107.931,122.921,0.51,2.0,0.0
ATOM,7704.0,O,TYR,639.0,113.101,108.927,122.921,-0.51,1.7,0.0
ATOM,7705.0,CB,TYR,639.0,113.254,105.639,122.298,-0.18,2.175,0.0
ATOM,7706.0,CG,TYR,639.0,114.649,105.872,122.825,0.0,1.9924,0.0
ATOM,7707.0,CD1,TYR,639.0,115.756,105.794,121.978,-0.115,1.9924,0.0
ATOM,7708.0,CD2,TYR,639.0,114.873,106.093,124.186,-0.115,1.9924,0.0
ATOM,7709.0,CE1,TYR,639.0,117.051,105.916,122.471,-0.115,1.9924,0.0
ATOM,7710.0,CE2,TYR,639.0,116.167,106.217,124.687,-0.115,1.9924,0.0
ATOM,7711.0,CZ,TYR,639.0,117.247,106.128,123.823,0.11,1.9924,0.0
ATOM,7712.0,OH,TYR,639.0,118.53,106.216,124.298,-0.54,1.77,5.02
ATOM,7713.0,H,TYR,639.0,113.767,108.143,120.55,0.31,0.2245,0.0
ATOM,7714.0,HA,TYR,639.0,111.552,106.525,121.635,0.09,1.32,0.0
ATOM,7715.0,HB2,TYR,639.0,112.713,105.199,123.027,0.09,1.32,0.0
ATOM,7716.0,HB3,TYR,639.0,113.317,104.995,121.524,0.09,1.32,0.0
ATOM,7717.0,HD1,TYR,639.0,115.617,105.647,120.997,0.115,1.3582,0.0
ATOM,7718.0,HD2,TYR,639.0,114.097,106.164,124.806,0.115,1.3582,0.0
ATOM,7719.0,HE1,TYR,639.0,117.832,105.852,121.85,0.115,1.3582,0.0
ATOM,7720.0,HE2,TYR,639.0,116.314,106.369,125.663,0.115,1.3582,0.0
ATOM,7721.0,HH,TYR,639.0,119.076,106.771,123.672,0.43,0.2245,0.0
ATOM,7722.0,N,TRP,640.0,111.465,107.691,123.848,-0.47,1.85,0.0
ATOM,7723.0,CA,TRP,640.0,111.204,108.604,124.925,0.07,2.275,0.0
ATOM,7724.0,C,TRP,640.0,112.085,108.39,126.152,0.51,2.0,0.0
ATOM,7725.0,O,TRP,640.0,112.331,107.257,126.571,-0.51,1.7,0.0
ATOM,7726.0,CB,TRP,640.0,109.725,108.51,125.304,-0.18,2.175,0.0
ATOM,7727.0,CG,TRP,640.0,109.271,109.548,126.282,-0.03,1.9924,0.0
ATOM,7728.0,CD1,TRP,640.0,108.785,109.334,127.542,0.035,1.9924,8.39
ATOM,7729.0,CD2,TRP,640.0,109.253,110.968,126.08,-0.02,1.8,0.3
ATOM,7730.0,NE1,TRP,640.0,108.465,110.536,128.138,-0.61,1.85,6.53
ATOM,7731.0,CE2,TRP,640.0,108.746,111.55,127.266,0.13,1.8,1.62
ATOM,7732.0,CE3,TRP,640.0,109.62,111.801,125.017,-0.115,1.9924,0.04
ATOM,7733.0,CZ2,TRP,640.0,108.601,112.934,127.412,-0.115,1.9924,10.48
ATOM,7734.0,CZ3,TRP,640.0,109.473,113.178,125.166,-0.115,1.9924,6.66
ATOM,7735.0,CH2,TRP,640.0,108.97,113.729,126.358,-0.115,1.9924,9.84
ATOM,7736.0,H,TRP,640.0,110.957,106.783,123.723,0.31,0.2245,0.0
ATOM,7737.0,HA,TRP,640.0,111.386,109.551,124.589,0.09,1.32,0.0
ATOM,7738.0,HB2,TRP,640.0,109.175,108.618,124.481,0.09,1.32,0.0
ATOM,7739.0,HB3,TRP,640.0,109.554,107.619,125.716,0.09,1.32,0.0
ATOM,7740.0,HD1,TRP,640.0,108.676,108.441,127.972,0.115,1.3582,2.65
ATOM,7741.0,HE1,TRP,640.0,108.09,110.644,129.057,0.38,0.2245,0.57
ATOM,7742.0,HE3,TRP,640.0,109.98,111.426,124.169,0.115,1.3582,0.0
ATOM,7743.0,HZ2,TRP,640.0,108.236,113.315,128.267,0.115,1.3582,8.03
ATOM,7744.0,HZ3,TRP,640.0,109.728,113.776,124.415,0.115,1.3582,6.6
ATOM,7745.0,HH2,TRP,640.0,108.885,114.723,126.427,0.115,1.3582,4.63
ATOM,7746.0,N,GLU,641.0,112.619,109.499,126.663,-0.47,1.85,0.0
ATOM,7747.0,CA,GLU,641.0,113.428,109.51,127.881,0.07,2.275,0.11
ATOM,7748.0,C,GLU,641.0,112.625,110.416,128.803,0.51,2.0,0.0
ATOM,7749.0,O,GLU,641.0,112.742,111.648,128.767,-0.51,1.7,0.0
ATOM,7750.0,CB,GLU,641.0,114.818,110.091,127.646,-0.18,2.175,0.0
ATOM,7751.0,CG,GLU,641.0,115.689,110.048,128.887,-0.28,2.175,0.82
ATOM,7752.0,CD,GLU,641.0,117.142,110.313,128.576,0.62,2.0,0.53
ATOM,7753.0,OE1,GLU,641.0,117.531,111.497,128.481,-0.76,1.7,12.22
ATOM,7754.0,OE2,GLU,641.0,117.898,109.332,128.412,-0.76,1.7,24.6
ATOM,7755.0,H,GLU,641.0,112.408,110.367,126.114,0.31,0.2245,0.0
ATOM,7756.0,HA,GLU,641.0,113.482,108.614,128.258,0.09,1.32,0.0
ATOM,7757.0,HB2,GLU,641.0,115.256,109.552,126.955,0.09,1.32,0.0
ATOM,7758.0,HB3,GLU,641.0,114.712,111.03,127.387,0.09,1.32,0.0
ATOM,7759.0,HG2,GLU,641.0,115.382,110.748,129.503,0.09,1.32,0.0
ATOM,7760.0,HG3,GLU,641.0,115.626,109.15,129.278,0.09,1.32,2.39
ATOM,7761.0,N,ASN,642.0,111.741,109.794,129.565,-0.47,1.85,0.02
ATOM,7762.0,CA,ASN,642.0,110.863,110.515,130.465,0.07,2.275,0.0
ATOM,7763.0,C,ASN,642.0,111.57,111.357,131.54,0.51,2.0,0.0
ATOM,7764.0,O,ASN,642.0,111.175,112.501,131.785,-0.51,1.7,7.8
ATOM,7765.0,CB,ASN,642.0,109.879,109.534,131.108,-0.18,2.175,13.18
ATOM,7766.0,CG,ASN,642.0,108.693,110.231,131.754,0.55,2.0,2.14
ATOM,7767.0,H,ASN,642.0,111.732,108.756,129.463,0.31,0.2245,3.36
ATOM,7768.0,HA,ASN,642.0,110.318,111.17,129.899,0.09,1.32,0.0
ATOM,7769.0,HB2,ASN,642.0,109.539,108.92,130.401,0.09,1.32,1.75
ATOM,7770.0,HB3,ASN,642.0,110.363,109.017,131.808,0.09,1.32,5.67
ATOM,7771.0,OD1,ASN,642.0,107.821,110.782,131.066,-0.55,1.7,23.7
ATOM,7772.0,ND2,ASN,642.0,108.641,110.192,133.08,-0.62,1.85,22.12
ATOM,7773.0,HD22,ASN,642.0,109.361,109.727,133.597,0.3,0.2245,13.31
ATOM,7774.0,HD21,ASN,642.0,107.882,110.628,133.565,0.32,0.2245,21.23
ATOM,7775.0,N,ASN,643.0,112.656,110.834,132.107,-0.47,1.85,0.2
ATOM,7776.0,CA,ASN,643.0,113.386,111.538,133.169,0.07,2.275,1.77
ATOM,7777.0,C,ASN,643.0,114.006,112.881,132.769,0.51,2.0,0.95
ATOM,7778.0,O,ASN,643.0,114.557,113.586,133.607,-0.51,1.7,26.93
ATOM,7779.0,CB,ASN,643.0,114.45,110.627,133.809,-0.18,2.175,15.65
ATOM,7780.0,CG,ASN,643.0,115.785,110.656,133.072,0.55,2.0,1.51
ATOM,7781.0,H,ASN,643.0,112.937,109.906,131.742,0.31,0.2245,3.87
ATOM,7782.0,HA,ASN,643.0,112.71,111.735,133.911,0.09,1.32,9.78
ATOM,7783.0,HB2,ASN,643.0,114.599,110.931,134.746,0.09,1.32,8.91
ATOM,7784.0,HB3,ASN,643.0,114.105,109.692,133.803,0.09,1.32,9.41
ATOM,7785.0,OD1,ASN,643.0,115.852,110.977,131.882,-0.55,1.7,0.49
ATOM,7786.0,ND2,ASN,643.0,116.858,110.315,133.782,-0.62,1.85,26.49
ATOM,7787.0,HD22,ASN,643.0,116.757,110.053,134.743,0.3,0.2245,17.55
ATOM,7788.0,HD21,ASN,643.0,117.762,110.319,133.357,0.32,0.2245,20.61
ATOM,7789.0,N,SER,644.0,113.944,113.227,131.495,-0.47,1.85,0.0
ATOM,7790.0,CA,SER,644.0,114.501,114.494,131.06,0.07,2.275,3.1
ATOM,7791.0,C,SER,644.0,113.597,115.197,130.061,0.51,2.0,0.21
ATOM,7792.0,O,SER,644.0,113.955,116.263,129.56,-0.51,1.7,11.27
ATOM,7793.0,CB,SER,644.0,115.898,114.293,130.463,0.05,2.175,18.82
ATOM,7794.0,OG,SER,644.0,115.848,113.474,129.309,-0.66,1.77,0.42
ATOM,7795.0,H,SER,644.0,113.487,112.55,130.869,0.31,0.2245,0.0
ATOM,7796.0,HA,SER,644.0,114.592,115.093,131.87,0.09,1.32,7.34
ATOM,7797.0,HB2,SER,644.0,116.271,115.182,130.215,0.09,1.32,7.63
ATOM,7798.0,HB3,SER,644.0,116.477,113.857,131.146,0.09,1.32,4.79
ATOM,7799.0,HG,SER,644.0,114.947,113.048,129.241,0.43,0.2245,0.0
ATOM,7800.0,N,THR,645.0,112.42,114.623,129.807,-0.47,1.85,0.0
ATOM,7801.0,CA,THR,645.0,111.47,115.182,128.845,0.07,2.275,0.0
ATOM,7802.0,C,THR,645.0,112.189,115.366,127.512,0.51,2.0,0.0
ATOM,7803.0,O,THR,645.0,112.154,116.436,126.894,-0.51,1.7,4.53
ATOM,7804.0,CB,THR,645.0,110.907,116.537,129.328,0.14,2.275,0.25
ATOM,7805.0,OG1,THR,645.0,110.518,116.41,130.695,-0.66,1.77,23.1
ATOM,7806.0,CG2,THR,645.0,109.68,116.938,128.517,-0.27,2.06,19.82
ATOM,7807.0,H,THR,645.0,112.238,113.752,130.347,0.31,0.2245,0.0
ATOM,7808.0,HA,THR,645.0,110.727,114.531,128.716,0.09,1.32,0.0
ATOM,7809.0,HB,THR,645.0,111.644,117.235,129.266,0.09,1.32,0.0
ATOM,7810.0,HG21,THR,645.0,109.962,117.475,127.719,0.09,1.32,2.0
ATOM,7811.0,HG22,THR,645.0,109.196,116.117,128.207,0.09,1.32,0.01
ATOM,7812.0,HG23,THR,645.0,109.064,117.489,129.084,0.09,1.32,8.48
ATOM,7813.0,HG1,THR,645.0,110.686,115.474,131.024,0.43,0.2245,5.63
ATOM,7814.0,N,SER,646.0,112.873,114.315,127.087,-0.47,1.85,0.0
ATOM,7815.0,CA,SER,646.0,113.62,114.367,125.844,0.07,2.275,0.06
ATOM,7816.0,C,SER,646.0,113.342,113.19,124.928,0.51,2.0,0.0
ATOM,7817.0,O,SER,646.0,113.015,112.091,125.382,-0.51,1.7,0.0
ATOM,7818.0,CB,SER,646.0,115.131,114.374,126.126,0.05,2.175,1.28
ATOM,7819.0,OG,SER,646.0,115.546,115.57,126.75,-0.66,1.77,5.96
ATOM,7820.0,H,SER,646.0,112.829,113.482,127.699,0.31,0.2245,0.0
ATOM,7821.0,HA,SER,646.0,113.35,115.215,125.351,0.09,1.32,0.67
ATOM,7822.0,HB2,SER,646.0,115.345,113.601,126.722,0.09,1.32,0.0
ATOM,7823.0,HB3,SER,646.0,115.615,114.272,125.258,0.09,1.32,0.0
ATOM,7824.0,HG,SER,646.0,114.994,115.731,127.568,0.43,0.2245,0.1
ATOM,7825.0,N,LEU,647.0,113.484,113.447,123.634,-0.47,1.85,0.43
ATOM,7826.0,CA,LEU,647.0,113.359,112.414,122.628,0.07,2.275,0.0
ATOM,7827.0,C,LEU,647.0,114.809,112.059,122.323,0.51,2.0,0.0
ATOM,7828.0,O,LEU,647.0,115.644,112.948,122.112,-0.51,1.7,0.0
ATOM,7829.0,CB,LEU,647.0,112.695,112.95,121.36,-0.18,2.175,0.04
ATOM,7830.0,CG,LEU,647.0,111.191,112.772,121.193,-0.09,2.275,1.71
ATOM,7831.0,CD1,LEU,647.0,110.779,113.333,119.827,-0.27,2.06,28.53
ATOM,7832.0,CD2,LEU,647.0,110.838,111.289,121.296,-0.27,2.06,0.0
ATOM,7833.0,H,LEU,647.0,113.691,114.445,123.412,0.31,0.2245,0.24
ATOM,7834.0,HA,LEU,647.0,112.923,111.631,123.019,0.09,1.32,0.0
ATOM,7835.0,HB2,LEU,647.0,112.885,113.939,121.312,0.09,1.32,0.0
ATOM,7836.0,HB3,LEU,647.0,113.138,112.504,120.573,0.09,1.32,0.0
ATOM,7837.0,HG,LEU,647.0,110.718,113.272,121.906,0.09,1.32,1.31
ATOM,7838.0,HD11,LEU,647.0,111.263,112.837,119.108,0.09,1.32,0.44
ATOM,7839.0,HD12,LEU,647.0,109.794,113.22,119.709,0.09,1.32,4.74
ATOM,7840.0,HD13,LEU,647.0,111.015,114.302,119.785,0.09,1.32,0.97
ATOM,7841.0,HD21,LEU,647.0,111.118,110.943,122.191,0.09,1.32,0.0
ATOM,7842.0,HD22,LEU,647.0,109.851,111.175,121.186,0.09,1.32,0.0
ATOM,7843.0,HD23,LEU,647.0,111.316,110.784,120.578,0.09,1.32,0.0
ATOM,7844.0,N,LYS,648.0,115.128,110.777,122.361,-0.47,1.85,0.0
ATOM,7845.0,CA,LYS,648.0,116.47,110.329,122.052,0.07,2.275,0.0
ATOM,7846.0,C,LYS,648.0,116.347,109.548,120.762,0.51,2.0,0.0
ATOM,7847.0,O,LYS,648.0,115.243,109.325,120.274,-0.51,1.7,0.0
ATOM,7848.0,CB,LYS,648.0,116.988,109.413,123.161,-0.18,2.175,0.0
ATOM,7849.0,CG,LYS,648.0,116.786,109.972,124.568,-0.18,2.175,0.0
ATOM,7850.0,CD,LYS,648.0,117.627,111.213,124.832,-0.18,2.175,0.16
ATOM,7851.0,CE,LYS,648.0,119.009,110.849,125.338,0.21,2.175,9.48
ATOM,7852.0,NZ,LYS,648.0,119.754,110.027,124.354,-0.3,1.85,0.52
ATOM,7853.0,H,LYS,648.0,114.353,110.139,122.624,0.31,0.2245,0.0
ATOM,7854.0,HA,LYS,648.0,117.052,111.114,121.901,0.09,1.32,0.0
ATOM,7855.0,HB2,LYS,648.0,116.506,108.543,123.1,0.09,1.32,0.0
ATOM,7856.0,HB3,LYS,648.0,117.965,109.271,123.02,0.09,1.32,0.0
ATOM,7857.0,HG2,LYS,648.0,115.817,110.206,124.687,0.09,1.32,0.0
ATOM,7858.0,HG3,LYS,648.0,117.032,109.265,125.237,0.09,1.32,0.0
ATOM,7859.0,HD2,LYS,648.0,117.722,111.722,123.982,0.09,1.32,0.0
ATOM,7860.0,HD3,LYS,648.0,117.171,111.769,125.519,0.09,1.32,0.0
ATOM,7861.0,HE2,LYS,648.0,119.522,111.693,125.52,0.05,1.32,4.0
ATOM,7862.0,HE3,LYS,648.0,118.917,110.335,126.196,0.05,1.32,0.0
ATOM,7863.0,HZ1,LYS,648.0,120.077,110.61,123.608,0.33,0.2245,0.0
ATOM,7864.0,HZ2,LYS,648.0,120.538,109.597,124.803,0.33,0.2245,12.03
ATOM,7865.0,HZ3,LYS,648.0,119.151,109.318,123.986,0.33,0.2245,0.0
ATOM,7866.0,N,ALA,649.0,117.471,109.137,120.202,-0.47,1.85,0.0
ATOM,7867.0,CA,ALA,649.0,117.453,108.357,118.977,0.07,2.275,0.0
ATOM,7868.0,C,ALA,649.0,118.466,107.223,119.054,0.51,2.0,0.0
ATOM,7869.0,O,ALA,649.0,119.652,107.455,119.328,-0.51,1.7,0.0
ATOM,7870.0,CB,ALA,649.0,117.756,109.246,117.766,-0.27,2.06,3.23
ATOM,7871.0,H,ALA,649.0,118.338,109.411,120.697,0.31,0.2245,0.0
ATOM,7872.0,HA,ALA,649.0,116.537,107.96,118.855,0.09,1.32,0.0
ATOM,7873.0,HB1,ALA,649.0,118.69,109.592,117.837,0.09,1.32,0.0
ATOM,7874.0,HB2,ALA,649.0,117.659,108.708,116.931,0.09,1.32,0.0
ATOM,7875.0,HB3,ALA,649.0,117.115,110.01,117.75,0.09,1.32,0.0
ATOM,7876.0,N,LEU,650.0,117.977,105.994,118.94,-0.47,1.85,0.0
ATOM,7877.0,CA,LEU,650.0,118.861,104.842,118.904,0.07,2.275,0.0
ATOM,7878.0,C,LEU,650.0,119.268,104.827,117.425,0.51,2.0,0.0
ATOM,7879.0,O,LEU,650.0,118.41,104.781,116.529,-0.51,1.7,0.0
ATOM,7880.0,CB,LEU,650.0,118.118,103.562,119.298,-0.18,2.175,0.0
ATOM,7881.0,CG,LEU,650.0,118.862,102.228,119.145,-0.09,2.275,0.0
ATOM,7882.0,CD1,LEU,650.0,120.215,102.26,119.846,-0.27,2.06,0.06
ATOM,7883.0,CD2,LEU,650.0,117.992,101.107,119.69,-0.27,2.06,0.0
ATOM,7884.0,H,LEU,650.0,116.947,105.934,118.881,0.31,0.2245,0.0
ATOM,7885.0,HA,LEU,650.0,119.651,105.024,119.436,0.09,1.32,0.0
ATOM,7886.0,HB2,LEU,650.0,117.857,103.645,120.263,0.09,1.32,0.0
ATOM,7887.0,HB3,LEU,650.0,117.29,103.504,118.738,0.09,1.32,0.0
ATOM,7888.0,HG,LEU,650.0,118.998,102.044,118.169,0.09,1.32,0.0
ATOM,7889.0,HD11,LEU,650.0,120.081,102.438,120.821,0.09,1.32,0.0
ATOM,7890.0,HD12,LEU,650.0,120.673,101.379,119.728,0.09,1.32,0.0
ATOM,7891.0,HD13,LEU,650.0,120.779,102.984,119.449,0.09,1.32,0.0
ATOM,7892.0,HD21,LEU,650.0,117.132,101.072,119.18,0.09,1.32,0.0
ATOM,7893.0,HD22,LEU,650.0,118.471,100.233,119.593,0.09,1.32,0.0
ATOM,7894.0,HD23,LEU,650.0,117.797,101.274,120.658,0.09,1.32,0.0
ATOM,7895.0,N,VAL,651.0,120.564,104.975,117.176,-0.47,1.85,0.0
ATOM,7896.0,CA,VAL,651.0,121.109,105.026,115.82,0.07,2.275,0.0
ATOM,7897.0,C,VAL,651.0,122.002,103.847,115.488,0.51,2.0,0.0
ATOM,7898.0,O,VAL,651.0,122.886,103.474,116.274,-0.51,1.7,0.0
ATOM,7899.0,CB,VAL,651.0,121.965,106.313,115.617,-0.09,2.275,0.0
ATOM,7900.0,CG1,VAL,651.0,122.709,106.268,114.29,-0.27,2.06,10.03
ATOM,7901.0,CG2,VAL,651.0,121.084,107.557,115.697,-0.27,2.06,3.73
ATOM,7902.0,H,VAL,651.0,121.162,105.052,118.03,0.31,0.2245,0.0
ATOM,7903.0,HA,VAL,651.0,120.326,105.021,115.171,0.09,1.32,0.0
ATOM,7904.0,HB,VAL,651.0,122.649,106.329,116.339,0.09,1.32,0.0
ATOM,7905.0,HG11,VAL,651.0,123.269,107.091,114.193,0.09,1.32,5.6
ATOM,7906.0,HG12,VAL,651.0,123.298,105.46,114.265,0.09,1.32,0.0
ATOM,7907.0,HG13,VAL,651.0,122.05,106.223,113.539,0.09,1.32,2.37
ATOM,7908.0,HG21,VAL,651.0,120.189,107.35,115.305,0.09,1.32,0.0
ATOM,7909.0,HG22,VAL,651.0,120.98,107.824,116.654,0.09,1.32,0.0
ATOM,7910.0,HG23,VAL,651.0,121.515,108.298,115.184,0.09,1.32,3.06
ATOM,7911.0,N,LYS,652.0,121.743,103.218,114.353,-0.47,1.85,0.0
ATOM,7912.0,CA,LYS,652.0,122.606,102.144,113.921,0.07,2.275,0.0
ATOM,7913.0,C,LYS,652.0,123.375,102.794,112.782,0.51,2.0,0.0
ATOM,7914.0,O,LYS,652.0,122.808,103.096,111.726,-0.51,1.7,0.02
ATOM,7915.0,CB,LYS,652.0,121.816,100.935,113.451,-0.18,2.175,0.0
ATOM,7916.0,CG,LYS,652.0,122.688,99.704,113.26,-0.18,2.175,0.0
ATOM,7917.0,CD,LYS,652.0,121.835,98.473,113.145,-0.18,2.175,0.0
ATOM,7918.0,CE,LYS,652.0,122.676,97.242,112.927,0.21,2.175,7.74
ATOM,7919.0,NZ,LYS,652.0,121.811,96.027,112.804,-0.3,1.85,9.32
ATOM,7920.0,H,LYS,652.0,120.917,103.548,113.838,0.31,0.2245,0.0
ATOM,7921.0,HA,LYS,652.0,123.231,101.914,114.634,0.09,1.32,0.0
ATOM,7922.0,HB2,LYS,652.0,121.125,100.724,114.132,0.09,1.32,0.0
ATOM,7923.0,HB3,LYS,652.0,121.391,101.154,112.58,0.09,1.32,0.0
ATOM,7924.0,HG2,LYS,652.0,123.224,99.815,112.426,0.09,1.32,0.0
ATOM,7925.0,HG3,LYS,652.0,123.296,99.614,114.045,0.09,1.32,0.0
ATOM,7926.0,HD2,LYS,652.0,121.313,98.357,113.987,0.09,1.32,0.09
ATOM,7927.0,HD3,LYS,652.0,121.214,98.576,112.371,0.09,1.32,0.0
ATOM,7928.0,HE2,LYS,652.0,123.208,97.346,112.087,0.05,1.32,0.02
ATOM,7929.0,HE3,LYS,652.0,123.295,97.12,113.702,0.05,1.32,3.52
ATOM,7930.0,HZ1,LYS,652.0,121.702,95.799,111.838,0.33,0.2245,8.97
ATOM,7931.0,HZ2,LYS,652.0,122.244,95.267,113.284,0.33,0.2245,20.26
ATOM,7932.0,HZ3,LYS,652.0,120.919,96.218,113.209,0.33,0.2245,1.19
ATOM,7933.0,N,LYS,653.0,124.638,103.115,113.047,-0.47,1.85,0.0
ATOM,7934.0,CA,LYS,653.0,125.498,103.77,112.07,0.07,2.275,0.0
ATOM,7935.0,C,LYS,653.0,125.661,102.956,110.805,0.51,2.0,0.0
ATOM,7936.0,O,LYS,653.0,125.358,101.76,110.783,-0.51,1.7,0.0
ATOM,7937.0,CB,LYS,653.0,126.868,104.053,112.688,-0.18,2.175,0.0
ATOM,7938.0,CG,LYS,653.0,126.781,104.982,113.892,-0.18,2.175,1.13
ATOM,7939.0,CD,LYS,653.0,128.145,105.456,114.365,-0.18,2.175,11.12
ATOM,7940.0,CE,LYS,653.0,128.984,104.316,114.904,0.21,2.175,0.52
ATOM,7941.0,NZ,LYS,653.0,130.259,104.826,115.477,-0.3,1.85,11.4
ATOM,7942.0,H,LYS,653.0,124.956,102.859,114.007,0.31,0.2245,0.0
ATOM,7943.0,HA,LYS,653.0,125.091,104.668,111.831,0.09,1.32,0.24
ATOM,7944.0,HB2,LYS,653.0,127.261,103.193,112.984,0.09,1.32,0.0
ATOM,7945.0,HB3,LYS,653.0,127.438,104.484,112.0,0.09,1.32,1.09
ATOM,7946.0,HG2,LYS,653.0,126.227,105.784,113.645,0.09,1.32,4.01
ATOM,7947.0,HG3,LYS,653.0,126.327,104.497,114.645,0.09,1.32,0.0
ATOM,7948.0,HD2,LYS,653.0,128.625,105.87,113.595,0.09,1.32,9.58
ATOM,7949.0,HD3,LYS,653.0,128.018,106.13,115.089,0.09,1.32,3.46
ATOM,7950.0,HE2,LYS,653.0,128.47,103.84,115.617,0.05,1.32,0.0
ATOM,7951.0,HE3,LYS,653.0,129.19,103.68,114.161,0.05,1.32,0.0
ATOM,7952.0,HZ1,LYS,653.0,130.224,104.761,116.474,0.33,0.2245,15.13
ATOM,7953.0,HZ2,LYS,653.0,131.02,104.278,115.132,0.33,0.2245,5.01
ATOM,7954.0,HZ3,LYS,653.0,130.385,105.781,115.208,0.33,0.2245,15.11
ATOM,7955.0,N,PRO,654.0,126.096,103.601,109.712,-0.29,1.85,0.0
ATOM,7956.0,CA,PRO,654.0,126.282,102.867,108.46,0.02,2.275,0.82
ATOM,7957.0,C,PRO,654.0,127.178,101.637,108.656,0.51,2.0,0.49
ATOM,7958.0,O,PRO,654.0,126.999,100.627,107.989,-0.51,1.7,21.4
ATOM,7959.0,CB,PRO,654.0,126.928,103.91,107.55,-0.18,2.175,17.31
ATOM,7960.0,CG,PRO,654.0,126.272,105.181,107.988,-0.18,2.175,18.33
ATOM,7961.0,CD,PRO,654.0,126.286,105.051,109.503,0.0,2.175,10.93
ATOM,7962.0,HA,PRO,654.0,125.394,102.597,108.066,0.09,1.32,0.07
ATOM,7963.0,HB2,PRO,654.0,127.913,103.948,107.697,0.09,1.32,7.8
ATOM,7964.0,HB3,PRO,654.0,126.731,103.718,106.593,0.09,1.32,10.93
ATOM,7965.0,HG2,PRO,654.0,126.799,105.97,107.7,0.09,1.32,11.48
ATOM,7966.0,HG3,PRO,654.0,125.342,105.234,107.65,0.09,1.32,0.0
ATOM,7967.0,HD2,PRO,654.0,127.157,105.35,109.881,0.09,1.32,6.8
ATOM,7968.0,HD3,PRO,654.0,125.539,105.568,109.915,0.09,1.32,5.55
ATOM,7969.0,N,ASN,655.0,128.092,101.702,109.62,-0.47,1.85,0.05
ATOM,7970.0,CA,ASN,655.0,128.998,100.591,109.889,0.07,2.275,3.7
ATOM,7971.0,C,ASN,655.0,128.433,99.525,110.819,0.51,2.0,1.68
ATOM,7972.0,O,ASN,655.0,129.132,98.576,111.191,-0.51,1.7,24.16
ATOM,7973.0,CB,ASN,655.0,130.346,101.095,110.425,-0.18,2.175,15.04
ATOM,7974.0,CG,ASN,655.0,130.276,101.632,111.86,0.55,2.0,0.99
ATOM,7975.0,OD1,ASN,655.0,129.18,101.779,112.402,-0.55,1.7,0.0
ATOM,7976.0,ND2,ASN,655.0,131.424,101.905,112.487,-0.62,1.85,15.11
ATOM,7977.0,H,ASN,655.0,128.103,102.593,110.152,0.31,0.2245,0.65
ATOM,7978.0,HA,ASN,655.0,129.184,100.135,108.995,0.09,1.32,8.93
ATOM,7979.0,HB2,ASN,655.0,130.996,100.338,110.407,0.09,1.32,8.71
ATOM,7980.0,HB3,ASN,655.0,130.666,101.831,109.832,0.09,1.32,10.42
ATOM,7981.0,HD22,ASN,655.0,132.284,101.75,111.984,0.3,0.2245,17.77
ATOM,7982.0,HD21,ASN,655.0,131.427,102.247,113.411,0.32,0.2245,0.01
ATOM,7983.0,N,GLY,656.0,127.186,99.706,111.233,-0.47,1.85,0.12
ATOM,7984.0,CA,GLY,656.0,126.552,98.734,112.097,-0.02,2.175,5.23
ATOM,7985.0,C,GLY,656.0,126.66,98.99,113.584,0.51,2.0,1.63
ATOM,7986.0,O,GLY,656.0,125.99,98.323,114.37,-0.51,1.7,12.91
ATOM,7987.0,H,GLY,656.0,126.73,100.569,110.895,0.31,0.2245,0.0
ATOM,7988.0,HA2,GLY,656.0,125.554,98.661,111.844,0.09,1.32,0.0
ATOM,7989.0,HA3,GLY,656.0,126.94,97.8,111.891,0.09,1.32,9.28
ATOM,7990.0,N,GLU,657.0,127.504,99.929,113.991,-0.47,1.85,0.0
ATOM,7991.0,CA,GLU,657.0,127.645,100.208,115.412,0.07,2.275,0.23
ATOM,7992.0,C,GLU,657.0,126.481,101.054,115.911,0.51,2.0,0.0
ATOM,7993.0,O,GLU,657.0,125.962,101.905,115.185,-0.51,1.7,0.0
ATOM,7994.0,CB,GLU,657.0,128.974,100.907,115.702,-0.18,2.175,1.92
ATOM,7995.0,CG,GLU,657.0,130.208,100.106,115.291,-0.28,2.175,10.98
ATOM,7996.0,CD,GLU,657.0,131.523,100.772,115.712,0.62,2.0,2.76
ATOM,7997.0,OE1,GLU,657.0,131.691,102.002,115.5,-0.76,1.7,13.44
ATOM,7998.0,OE2,GLU,657.0,132.394,100.054,116.254,-0.76,1.7,47.61
ATOM,7999.0,H,GLU,657.0,128.022,100.416,113.251,0.31,0.2245,0.0
ATOM,8000.0,HA,GLU,657.0,127.676,99.344,115.927,0.09,1.32,5.43
ATOM,8001.0,HB2,GLU,657.0,128.988,101.751,115.195,0.09,1.32,0.0
ATOM,8002.0,HB3,GLU,657.0,129.03,101.058,116.673,0.09,1.32,5.47
ATOM,8003.0,HG2,GLU,657.0,130.17,99.231,115.733,0.09,1.32,8.74
ATOM,8004.0,HG3,GLU,657.0,130.219,100.033,114.312,0.09,1.32,0.0
ATOM,8005.0,N,LEU,658.0,126.067,100.797,117.147,-0.47,1.85,0.0
ATOM,8006.0,CA,LEU,658.0,124.968,101.532,117.762,0.07,2.275,0.0
ATOM,8007.0,C,LEU,658.0,125.475,102.721,118.565,0.51,2.0,0.1
ATOM,8008.0,O,LEU,658.0,126.562,102.677,119.15,-0.51,1.7,22.19
ATOM,8009.0,CB,LEU,658.0,124.16,100.628,118.699,-0.18,2.175,4.04
ATOM,8010.0,CG,LEU,658.0,123.42,99.419,118.128,-0.09,2.275,2.66
ATOM,8011.0,CD1,LEU,658.0,122.724,98.677,119.243,-0.27,2.06,9.31
ATOM,8012.0,CD2,LEU,658.0,122.418,99.855,117.091,-0.27,2.06,0.22
ATOM,8013.0,H,LEU,658.0,126.588,100.037,117.631,0.31,0.2245,8.86
ATOM,8014.0,HA,LEU,658.0,124.363,101.876,117.031,0.09,1.32,0.0
ATOM,8015.0,HB2,LEU,658.0,124.795,100.281,119.406,0.09,1.32,7.53
ATOM,8016.0,HB3,LEU,658.0,123.472,101.207,119.16,0.09,1.32,0.11
ATOM,8017.0,HG,LEU,658.0,124.08,98.818,117.683,0.09,1.32,4.14
ATOM,8018.0,HD11,LEU,658.0,122.066,99.282,119.696,0.09,1.32,0.0
ATOM,8019.0,HD12,LEU,658.0,122.237,97.883,118.872,0.09,1.32,4.12
ATOM,8020.0,HD13,LEU,658.0,123.398,98.363,119.916,0.09,1.32,3.51
ATOM,8021.0,HD21,LEU,658.0,122.886,100.329,116.341,0.09,1.32,0.0
ATOM,8022.0,HD22,LEU,658.0,121.937,99.055,116.722,0.09,1.32,1.09
ATOM,8023.0,HD23,LEU,658.0,121.748,100.477,117.503,0.09,1.32,0.0
ATOM,8024.0,N,VAL,659.0,124.679,103.782,118.578,-0.47,1.85,0.0
ATOM,8025.0,CA,VAL,659.0,124.984,104.991,119.327,0.07,2.275,0.92
ATOM,8026.0,C,VAL,659.0,123.638,105.613,119.695,0.51,2.0,0.0
ATOM,8027.0,O,VAL,659.0,122.659,105.487,118.952,-0.51,1.7,0.0
ATOM,8028.0,CB,VAL,659.0,125.854,105.998,118.514,-0.09,2.275,0.63
ATOM,8029.0,CG1,VAL,659.0,125.105,106.552,117.33,-0.27,2.06,0.18
ATOM,8030.0,CG2,VAL,659.0,126.298,107.133,119.405,-0.27,2.06,20.82
ATOM,8031.0,H,VAL,659.0,123.81,103.674,118.001,0.31,0.2245,0.0
ATOM,8032.0,HA,VAL,659.0,125.442,104.736,120.166,0.09,1.32,5.2
ATOM,8033.0,HB,VAL,659.0,126.639,105.488,118.165,0.09,1.32,0.44
ATOM,8034.0,HG11,VAL,659.0,125.743,107.003,116.703,0.09,1.32,3.93
ATOM,8035.0,HG12,VAL,659.0,124.638,105.81,116.843,0.09,1.32,0.0
ATOM,8036.0,HG13,VAL,659.0,124.424,107.219,117.639,0.09,1.32,0.0
ATOM,8037.0,HG21,VAL,659.0,127.007,107.667,118.941,0.09,1.32,9.77
ATOM,8038.0,HG22,VAL,659.0,125.516,107.726,119.609,0.09,1.32,0.0
ATOM,8039.0,HG23,VAL,659.0,126.667,106.764,120.26,0.09,1.32,8.34
ATOM,8040.0,N,ARG,660.0,123.562,106.19,120.885,-0.47,1.85,0.0
ATOM,8041.0,CA,ARG,660.0,122.337,106.83,121.338,0.07,2.275,0.0
ATOM,8042.0,C,ARG,660.0,122.579,108.328,121.331,0.51,2.0,0.0
ATOM,8043.0,O,ARG,660.0,123.549,108.821,121.912,-0.51,1.7,17.72
ATOM,8044.0,CB,ARG,660.0,121.94,106.311,122.721,-0.18,2.175,3.8
ATOM,8045.0,CG,ARG,660.0,121.601,104.83,122.686,-0.18,2.175,1.11
ATOM,8046.0,CD,ARG,660.0,121.334,104.236,124.054,0.2,2.175,16.14
ATOM,8047.0,NE,ARG,660.0,121.021,102.809,123.952,-0.7,1.85,4.44
ATOM,8048.0,CZ,ARG,660.0,119.793,102.295,124.031,0.64,2.0,1.2
ATOM,8049.0,NH1,ARG,660.0,118.738,103.086,124.225,-0.8,1.85,0.21
ATOM,8050.0,NH2,ARG,660.0,119.617,100.984,123.889,-0.8,1.85,8.95
ATOM,8051.0,H,ARG,660.0,124.43,106.146,121.451,0.31,0.2245,6.73
ATOM,8052.0,HA,ARG,660.0,121.604,106.619,120.7,0.09,1.32,0.0
ATOM,8053.0,HB2,ARG,660.0,122.702,106.44,123.332,0.09,1.32,7.46
ATOM,8054.0,HB3,ARG,660.0,121.141,106.804,123.021,0.09,1.32,0.0
ATOM,8055.0,HG2,ARG,660.0,120.782,104.691,122.119,0.09,1.32,0.0
ATOM,8056.0,HG3,ARG,660.0,122.366,104.325,122.271,0.09,1.32,2.72
ATOM,8057.0,HD2,ARG,660.0,122.147,104.353,124.61,0.09,1.32,10.55
ATOM,8058.0,HD3,ARG,660.0,120.561,104.712,124.455,0.09,1.32,0.0
ATOM,8059.0,HE,ARG,660.0,121.788,102.17,123.812,0.44,0.2245,10.52
ATOM,8060.0,HH11,ARG,660.0,118.851,104.073,124.293,0.46,0.2245,0.0
ATOM,8061.0,HH12,ARG,660.0,117.823,102.682,124.301,0.46,0.2245,0.0
ATOM,8062.0,HH21,ARG,660.0,120.406,100.395,123.704,0.46,0.2245,0.87
ATOM,8063.0,HH22,ARG,660.0,118.704,100.59,123.965,0.46,0.2245,0.0
ATOM,8064.0,N,LEU,661.0,121.74,109.036,120.595,-0.47,1.85,0.0
ATOM,8065.0,CA,LEU,661.0,121.87,110.471,120.463,0.07,2.275,0.03
ATOM,8066.0,C,LEU,661.0,120.648,111.205,121.006,0.51,2.0,0.0
ATOM,8067.0,O,LEU,661.0,119.588,110.606,121.237,-0.51,1.7,0.0
ATOM,8068.0,CB,LEU,661.0,122.065,110.839,118.984,-0.18,2.175,1.39
ATOM,8069.0,CG,LEU,661.0,123.144,110.164,118.118,-0.09,2.275,0.0
ATOM,8070.0,CD1,LEU,661.0,123.107,110.791,116.721,-0.27,2.06,28.63
ATOM,8071.0,CD2,LEU,661.0,124.542,110.316,118.722,-0.27,2.06,19.64
ATOM,8072.0,H,LEU,661.0,120.993,108.48,120.128,0.31,0.2245,0.0
ATOM,8073.0,HA,LEU,661.0,122.679,110.776,120.989,0.09,1.32,3.08
ATOM,8074.0,HB2,LEU,661.0,121.174,110.682,118.513,0.09,1.32,0.43
ATOM,8075.0,HB3,LEU,661.0,122.242,111.841,118.942,0.09,1.32,3.07
ATOM,8076.0,HG,LEU,661.0,122.946,109.198,118.051,0.09,1.32,0.0
ATOM,8077.0,HD11,LEU,661.0,123.289,111.77,116.794,0.09,1.32,9.4
ATOM,8078.0,HD12,LEU,661.0,123.803,110.361,116.148,0.09,1.32,6.7
ATOM,8079.0,HD13,LEU,661.0,122.204,110.646,116.319,0.09,1.32,3.72
ATOM,8080.0,HD21,LEU,661.0,124.558,109.894,119.628,0.09,1.32,0.05
ATOM,8081.0,HD22,LEU,661.0,125.209,109.865,118.13,0.09,1.32,3.03
ATOM,8082.0,HD23,LEU,661.0,124.765,111.287,118.8,0.09,1.32,9.73
ATOM,8083.0,N,THR,662.0,120.812,112.498,121.256,-0.47,1.85,0.0
ATOM,8084.0,CA,THR,662.0,119.711,113.316,121.713,0.07,2.275,0.0
ATOM,8085.0,C,THR,662.0,119.073,113.879,120.444,0.51,2.0,0.0
ATOM,8086.0,O,THR,662.0,119.753,114.454,119.587,-0.51,1.7,22.78
ATOM,8087.0,CB,THR,662.0,120.196,114.437,122.636,0.14,2.275,5.67
ATOM,8088.0,OG1,THR,662.0,120.829,113.839,123.771,-0.66,1.77,18.39
ATOM,8089.0,CG2,THR,662.0,119.024,115.28,123.122,-0.27,2.06,9.47
ATOM,8090.0,H,THR,662.0,121.773,112.855,121.098,0.31,0.2245,8.03
ATOM,8091.0,HA,THR,662.0,119.046,112.745,122.166,0.09,1.32,0.0
ATOM,8092.0,HB,THR,662.0,120.888,114.996,122.144,0.09,1.32,9.42
ATOM,8093.0,HG21,THR,662.0,119.36,116.027,123.7,0.09,1.32,6.05
ATOM,8094.0,HG22,THR,662.0,118.535,115.666,122.337,0.09,1.32,1.13
ATOM,8095.0,HG23,THR,662.0,118.394,114.71,123.654,0.09,1.32,0.0
ATOM,8096.0,HG1,THR,662.0,121.205,112.938,123.529,0.43,0.2245,6.56
ATOM,8097.0,N,LEU,663.0,117.772,113.659,120.317,-0.47,1.85,0.0
ATOM,8098.0,CA,LEU,663.0,117.019,114.091,119.155,0.07,2.275,0.36
ATOM,8099.0,C,LEU,663.0,116.233,115.385,119.374,0.51,2.0,0.46
ATOM,8100.0,O,LEU,663.0,116.261,116.278,118.538,-0.51,1.7,24.57
ATOM,8101.0,CB,LEU,663.0,116.089,112.952,118.719,-0.18,2.175,0.0
ATOM,8102.0,CG,LEU,663.0,115.252,113.164,117.458,-0.09,2.275,1.81
ATOM,8103.0,CD1,LEU,663.0,116.147,113.33,116.256,-0.27,2.06,27.39
ATOM,8104.0,CD2,LEU,663.0,114.331,111.988,117.265,-0.27,2.06,3.49
ATOM,8105.0,H,LEU,663.0,117.34,113.15,121.123,0.31,0.2245,0.0
ATOM,8106.0,HA,LEU,663.0,117.668,114.246,118.386,0.09,1.32,2.05
ATOM,8107.0,HB2,LEU,663.0,116.656,112.139,118.567,0.09,1.32,0.0
ATOM,8108.0,HB3,LEU,663.0,115.454,112.774,119.473,0.09,1.32,0.0
ATOM,8109.0,HG,LEU,663.0,114.691,113.984,117.578,0.09,1.32,2.44
ATOM,8110.0,HD11,LEU,663.0,116.712,112.51,116.135,0.09,1.32,2.05
ATOM,8111.0,HD12,LEU,663.0,115.591,113.469,115.433,0.09,1.32,7.96
ATOM,8112.0,HD13,LEU,663.0,116.746,114.124,116.383,0.09,1.32,4.4
ATOM,8113.0,HD21,LEU,663.0,113.721,111.898,118.056,0.09,1.32,0.0
ATOM,8114.0,HD22,LEU,663.0,113.777,112.119,116.439,0.09,1.32,7.43
ATOM,8115.0,HD23,LEU,663.0,114.867,111.145,117.169,0.09,1.32,0.0
ATOM,8116.0,N,ALA,664.0,115.504,115.48,120.479,-0.47,1.85,0.0
ATOM,8117.0,CA,ALA,664.0,114.731,116.691,120.749,0.07,2.275,0.67
ATOM,8118.0,C,ALA,664.0,114.698,116.978,122.248,0.51,2.0,0.16
ATOM,8119.0,O,ALA,664.0,114.603,116.055,123.062,-0.51,1.7,0.54
ATOM,8120.0,CB,ALA,664.0,113.31,116.566,120.186,-0.27,2.06,20.93
ATOM,8121.0,H,ALA,664.0,115.529,114.663,121.102,0.31,0.2245,0.0
ATOM,8122.0,HA,ALA,664.0,115.17,117.466,120.284,0.09,1.32,4.8
ATOM,8123.0,HB1,ALA,664.0,112.675,117.048,120.786,0.09,1.32,8.12
ATOM,8124.0,HB2,ALA,664.0,113.282,116.968,119.273,0.09,1.32,10.13
ATOM,8125.0,HB3,ALA,664.0,113.06,115.601,120.137,0.09,1.32,0.0
ATOM,8126.0,N,THR,665.0,114.763,118.26,122.604,-0.47,1.85,0.09
ATOM,8127.0,CA,THR,665.0,114.768,118.676,124.006,0.07,2.275,1.91
ATOM,8128.0,C,THR,665.0,113.971,119.954,124.235,0.51,2.0,2.13
ATOM,8129.0,O,THR,665.0,113.615,120.657,123.295,-0.51,1.7,23.87
ATOM,8130.0,CB,THR,665.0,116.214,118.961,124.485,0.14,2.275,3.44
ATOM,8131.0,OG1,THR,665.0,116.817,119.938,123.619,-0.66,1.77,19.05
ATOM,8132.0,CG2,THR,665.0,117.058,117.702,124.478,-0.27,2.06,6.87
ATOM,8133.0,H,THR,665.0,114.809,118.93,121.81,0.31,0.2245,5.53
ATOM,8134.0,HA,THR,665.0,114.35,117.937,124.558,0.09,1.32,0.0
ATOM,8135.0,HB,THR,665.0,116.175,119.349,125.425,0.09,1.32,5.11
ATOM,8136.0,HG21,THR,665.0,116.467,116.893,124.424,0.09,1.32,0.0
ATOM,8137.0,HG22,THR,665.0,117.676,117.708,123.687,0.09,1.32,1.8
ATOM,8138.0,HG23,THR,665.0,117.604,117.651,125.318,0.09,1.32,10.07
ATOM,8139.0,HG1,THR,665.0,116.765,119.634,122.663,0.43,0.2245,11.7
ATOM,8140.0,N,LEU,666.0,113.721,120.257,125.501,-0.47,1.85,0.39
ATOM,8141.0,CA,LEU,666.0,113.02,121.482,125.876,0.07,2.275,0.74
ATOM,8142.0,C,LEU,666.0,113.94,122.673,125.602,0.34,2.0,0.64
ATOM,8143.0,O,LEU,666.0,115.17,122.543,125.694,-0.67,1.7,26.93
ATOM,8144.0,CB,LEU,666.0,112.658,121.453,127.361,-0.18,2.175,7.59
ATOM,8145.0,CG,LEU,666.0,111.348,120.756,127.702,-0.09,2.275,0.14
ATOM,8146.0,CD1,LEU,666.0,111.261,120.507,129.196,-0.27,2.06,24.7
ATOM,8147.0,CD2,LEU,666.0,110.184,121.606,127.222,-0.27,2.06,35.76
ATOM,8148.0,OXT,LEU,666.0,113.672,123.825,125.283,-0.67,1.7,44.14
ATOM,8149.0,H,LEU,666.0,114.061,119.56,126.194,0.31,0.2245,1.51
ATOM,8150.0,HA,LEU,666.0,112.207,121.575,125.307,0.09,1.32,3.96
ATOM,8151.0,HB2,LEU,666.0,113.386,120.976,127.842,0.09,1.32,6.13
ATOM,8152.0,HB3,LEU,666.0,112.59,122.392,127.676,0.09,1.32,6.41
ATOM,8153.0,HG,LEU,666.0,111.306,119.884,127.217,0.09,1.32,0.94
ATOM,8154.0,HD11,LEU,666.0,111.304,121.379,129.686,0.09,1.32,10.08
ATOM,8155.0,HD12,LEU,666.0,110.397,120.049,129.411,0.09,1.32,3.31
ATOM,8156.0,HD13,LEU,666.0,112.024,119.927,129.486,0.09,1.32,4.03
ATOM,8157.0,HD21,LEU,666.0,110.246,121.732,126.231,0.09,1.32,5.95
ATOM,8158.0,HD22,LEU,666.0,109.321,121.15,127.445,0.09,1.32,8.5
ATOM,8159.0,HD23,LEU,666.0,110.213,122.5,127.672,0.09,1.32,9.56
