atom,serial,name,resname,resid,x,y,z,charges,radius,sasa
ATOM,1.0,N,ALA,1.0,35.407,16.013,22.993,-0.3,1.85,0.3
ATOM,2.0,CA,ALA,1.0,35.024,17.082,22.031,0.21,2.275,0.0
ATOM,3.0,C,ALA,1.0,33.653,16.776,21.437,0.51,2.0,0.0
ATOM,4.0,O,ALA,1.0,32.992,15.811,21.838,-0.51,1.7,0.0
ATOM,5.0,CB,ALA,1.0,36.075,17.191,20.917,-0.27,2.06,0.65
ATOM,6.0,H,ALA,1.0,34.689,15.322,23.018,0.33,0.2245,0.0
ATOM,7.0,HA,ALA,1.0,34.979,17.948,22.529,0.1,1.32,0.0
ATOM,8.0,HB1,ALA,1.0,36.889,17.641,21.278,0.09,1.32,0.0
ATOM,9.0,HB2,ALA,1.0,36.309,16.276,20.597,0.09,1.32,0.0
ATOM,10.0,HB3,ALA,1.0,35.699,17.726,20.164,0.09,1.32,1.15
ATOM,11.0,H2,ALA,1.0,36.264,15.597,22.698,0.33,0.2245,0.05
ATOM,12.0,H3,ALA,1.0,35.522,16.413,23.899,0.33,0.2245,0.05
ATOM,13.0,N,VAL,2.0,33.225,17.603,20.49,-0.47,1.85,0.0
ATOM,14.0,CA,VAL,2.0,31.937,17.416,19.843,0.07,2.275,0.0
ATOM,15.0,C,VAL,2.0,31.903,16.118,19.035,0.51,2.0,0.0
ATOM,16.0,O,VAL,2.0,32.904,15.719,18.442,-0.51,1.7,2.17
ATOM,17.0,CB,VAL,2.0,31.614,18.618,18.921,-0.09,2.275,0.78
ATOM,18.0,CG1,VAL,2.0,30.561,18.235,17.9,-0.27,2.06,17.67
ATOM,19.0,CG2,VAL,2.0,31.117,19.785,19.764,-0.27,2.06,0.53
ATOM,20.0,H,VAL,2.0,33.878,18.377,20.259,0.31,0.2245,0.0
ATOM,21.0,HA,VAL,2.0,31.229,17.351,20.558,0.09,1.32,0.0
ATOM,22.0,HB,VAL,2.0,32.444,18.841,18.421,0.09,1.32,4.63
ATOM,23.0,HG11,VAL,2.0,31.0,18.03,17.024,0.09,1.32,5.08
ATOM,24.0,HG12,VAL,2.0,30.063,17.427,18.217,0.09,1.32,0.0
ATOM,25.0,HG13,VAL,2.0,29.918,18.993,17.778,0.09,1.32,7.93
ATOM,26.0,HG21,VAL,2.0,31.634,20.607,19.526,0.09,1.32,0.0
ATOM,27.0,HG22,VAL,2.0,30.145,19.933,19.581,0.09,1.32,5.93
ATOM,28.0,HG23,VAL,2.0,31.249,19.572,20.732,0.09,1.32,0.0
ATOM,29.0,N,ASN,3.0,30.748,15.456,19.034,-0.47,1.85,0.0
ATOM,30.0,CA,ASN,3.0,30.57,14.211,18.294,0.07,2.275,4.75
ATOM,31.0,C,ASN,3.0,31.414,13.05,18.828,0.51,2.0,2.05
ATOM,32.0,O,ASN,3.0,31.91,12.232,18.052,-0.51,1.7,15.69
ATOM,33.0,CB,ASN,3.0,30.905,14.432,16.812,-0.18,2.175,4.4
ATOM,34.0,CG,ASN,3.0,29.982,15.437,16.144,0.55,2.0,1.95
ATOM,35.0,H,ASN,3.0,29.994,15.898,19.599,0.31,0.2245,4.58
ATOM,36.0,HA,ASN,3.0,29.597,13.937,18.398,0.09,1.32,7.81
ATOM,37.0,HB2,ASN,3.0,31.84,14.768,16.749,0.09,1.32,0.08
ATOM,38.0,HB3,ASN,3.0,30.821,13.559,16.339,0.09,1.32,7.0
ATOM,39.0,OD1,ASN,3.0,30.259,15.907,15.038,-0.55,1.7,30.65
ATOM,40.0,ND2,ASN,3.0,28.878,15.765,16.806,-0.62,1.85,16.49
ATOM,41.0,HD22,ASN,3.0,28.698,15.355,17.703,0.3,0.2245,6.28
ATOM,42.0,HD21,ASN,3.0,28.231,16.416,16.415,0.32,0.2245,18.6
ATOM,43.0,N,GLY,4.0,31.588,12.989,20.146,-0.47,1.85,4.06
ATOM,44.0,CA,GLY,4.0,32.35,11.904,20.747,-0.02,2.175,1.36
ATOM,45.0,C,GLY,4.0,33.827,11.844,20.407,0.51,2.0,0.41
ATOM,46.0,O,GLY,4.0,34.508,10.87,20.739,-0.51,1.7,5.31
ATOM,47.0,H,GLY,4.0,31.149,13.753,20.683,0.31,0.2245,2.47
ATOM,48.0,HA2,GLY,4.0,32.246,11.954,21.773,0.09,1.32,0.0
ATOM,49.0,HA3,GLY,4.0,31.912,11.007,20.486,0.09,1.32,2.48
ATOM,50.0,N,LYS,5.0,34.329,12.884,19.751,-0.47,1.85,0.0
ATOM,51.0,CA,LYS,5.0,35.737,12.943,19.367,0.07,2.275,0.13
ATOM,52.0,C,LYS,5.0,36.568,13.639,20.444,0.51,2.0,0.0
ATOM,53.0,O,LYS,5.0,36.033,14.138,21.429,-0.51,1.7,0.0
ATOM,54.0,CB,LYS,5.0,35.887,13.702,18.048,-0.18,2.175,2.78
ATOM,55.0,CG,LYS,5.0,35.022,13.174,16.93,-0.18,2.175,3.31
ATOM,56.0,CD,LYS,5.0,35.228,13.973,15.657,-0.18,2.175,5.62
ATOM,57.0,CE,LYS,5.0,34.349,13.447,14.531,0.21,2.175,14.93
ATOM,58.0,NZ,LYS,5.0,34.593,14.162,13.242,-0.3,1.85,15.17
ATOM,59.0,H,LYS,5.0,33.647,13.638,19.538,0.31,0.2245,0.0
ATOM,60.0,HA,LYS,5.0,36.083,12.005,19.25,0.09,1.32,6.91
ATOM,61.0,HB2,LYS,5.0,35.647,14.658,18.213,0.09,1.32,0.8
ATOM,62.0,HB3,LYS,5.0,36.845,13.644,17.766,0.09,1.32,4.25
ATOM,63.0,HG2,LYS,5.0,35.258,12.218,16.752,0.09,1.32,9.61
ATOM,64.0,HG3,LYS,5.0,34.06,13.235,17.197,0.09,1.32,0.0
ATOM,65.0,HD2,LYS,5.0,34.988,14.922,15.828,0.09,1.32,5.89
ATOM,66.0,HD3,LYS,5.0,36.178,13.898,15.377,0.09,1.32,9.15
ATOM,67.0,HE2,LYS,5.0,34.535,12.468,14.403,0.05,1.32,10.44
ATOM,68.0,HE3,LYS,5.0,33.385,13.56,14.79,0.05,1.32,0.21
ATOM,69.0,HZ1,LYS,5.0,34.54,13.509,12.489,0.33,0.2245,20.45
ATOM,70.0,HZ2,LYS,5.0,33.899,14.871,13.123,0.33,0.2245,13.56
ATOM,71.0,HZ3,LYS,5.0,35.5,14.579,13.264,0.33,0.2245,11.78
ATOM,72.0,N,GLY,6.0,37.88,13.657,20.243,-0.47,1.85,2.07
ATOM,73.0,CA,GLY,6.0,38.769,14.317,21.18,-0.02,2.175,1.01
ATOM,74.0,C,GLY,6.0,39.351,15.544,20.509,0.51,2.0,0.0
ATOM,75.0,O,GLY,6.0,38.879,15.949,19.452,-0.51,1.7,4.17
ATOM,76.0,H,GLY,6.0,38.199,13.173,19.385,0.31,0.2245,10.75
ATOM,77.0,HA2,GLY,6.0,38.259,14.591,21.994,0.09,1.32,0.0
ATOM,78.0,HA3,GLY,6.0,39.507,13.697,21.44,0.09,1.32,0.0
ATOM,79.0,N,MET,7.0,40.376,16.139,21.108,-0.47,1.85,0.0
ATOM,80.0,CA,MET,7.0,41.001,17.321,20.53,0.07,2.275,0.0
ATOM,81.0,C,MET,7.0,41.723,16.958,19.239,0.51,2.0,0.0
ATOM,82.0,O,MET,7.0,42.057,15.797,19.005,-0.51,1.7,2.17
ATOM,83.0,CB,MET,7.0,41.996,17.946,21.522,-0.18,2.175,0.0
ATOM,84.0,CG,MET,7.0,43.21,17.091,21.812,-0.14,2.175,0.0
ATOM,85.0,SD,MET,7.0,44.377,17.851,22.973,-0.09,2.0,0.0
ATOM,86.0,CE,MET,7.0,45.154,19.076,21.892,-0.22,2.06,0.0
ATOM,87.0,H,MET,7.0,40.682,15.702,21.994,0.31,0.2245,0.0
ATOM,88.0,HA,MET,7.0,40.279,17.982,20.307,0.09,1.32,0.0
ATOM,89.0,HB2,MET,7.0,42.306,18.833,21.15,0.09,1.32,0.0
ATOM,90.0,HB3,MET,7.0,41.512,18.127,22.391,0.09,1.32,0.0
ATOM,91.0,HG2,MET,7.0,42.892,16.179,22.17,0.09,1.32,0.0
ATOM,92.0,HG3,MET,7.0,43.682,16.874,20.922,0.09,1.32,0.0
ATOM,93.0,HE1,MET,7.0,45.477,18.623,21.064,0.09,1.32,0.0
ATOM,94.0,HE2,MET,7.0,44.483,19.776,21.655,0.09,1.32,0.0
ATOM,95.0,HE3,MET,7.0,45.923,19.494,22.371,0.09,1.32,0.0
ATOM,96.0,N,ASN,8.0,41.963,17.963,18.399,-0.47,1.85,0.0
ATOM,97.0,CA,ASN,8.0,42.638,17.76,17.13,0.07,2.275,0.0
ATOM,98.0,C,ASN,8.0,44.106,17.403,17.365,0.51,2.0,0.0
ATOM,99.0,O,ASN,8.0,44.846,18.153,18.005,-0.51,1.7,0.0
ATOM,100.0,CB,ASN,8.0,42.539,19.033,16.284,-0.18,2.175,0.0
ATOM,101.0,CG,ASN,8.0,42.939,18.808,14.838,0.55,2.0,0.0
ATOM,102.0,H,ASN,8.0,41.628,18.892,18.731,0.31,0.2245,0.0
ATOM,103.0,HA,ASN,8.0,42.214,16.966,16.686,0.09,1.32,0.91
ATOM,104.0,HB2,ASN,8.0,41.596,19.353,16.307,0.09,1.32,0.0
ATOM,105.0,HB3,ASN,8.0,43.144,19.72,16.679,0.09,1.32,0.0
ATOM,106.0,OD1,ASN,8.0,43.983,18.222,14.556,-0.55,1.7,1.18
ATOM,107.0,ND2,ASN,8.0,42.112,19.285,13.914,-0.62,1.85,3.72
ATOM,108.0,HD22,ASN,8.0,41.28,19.768,14.192,0.3,0.2245,0.0
ATOM,109.0,HD21,ASN,8.0,42.318,19.163,12.944,0.32,0.2245,14.25
ATOM,110.0,N,PRO,9.0,44.547,16.253,16.848,-0.29,1.85,0.0
ATOM,111.0,CA,PRO,9.0,45.936,15.822,17.022,0.02,2.275,0.05
ATOM,112.0,C,PRO,9.0,46.991,16.74,16.409,0.51,2.0,0.0
ATOM,113.0,O,PRO,9.0,48.169,16.644,16.754,-0.51,1.7,12.35
ATOM,114.0,CB,PRO,9.0,45.944,14.425,16.402,-0.18,2.175,10.79
ATOM,115.0,CG,PRO,9.0,44.857,14.496,15.383,-0.18,2.175,19.27
ATOM,116.0,CD,PRO,9.0,43.771,15.235,16.12,0.0,2.175,12.17
ATOM,117.0,HA,PRO,9.0,46.136,15.668,18.018,0.09,1.32,0.0
ATOM,118.0,HB2,PRO,9.0,46.826,14.233,15.974,0.09,1.32,7.42
ATOM,119.0,HB3,PRO,9.0,45.746,13.73,17.091,0.09,1.32,0.0
ATOM,120.0,HG2,PRO,9.0,45.154,15.005,14.584,0.09,1.32,0.1
ATOM,121.0,HG3,PRO,9.0,44.556,13.586,15.125,0.09,1.32,9.51
ATOM,122.0,HD2,PRO,9.0,43.131,15.663,15.493,0.09,1.32,3.77
ATOM,123.0,HD3,PRO,9.0,43.29,14.639,16.754,0.09,1.32,1.44
ATOM,124.0,N,ASP,10.0,46.578,17.629,15.513,-0.47,1.85,0.0
ATOM,125.0,CA,ASP,10.0,47.523,18.542,14.877,0.07,2.275,0.0
ATOM,126.0,C,ASP,10.0,47.555,19.904,15.545,0.51,2.0,0.0
ATOM,127.0,O,ASP,10.0,48.215,20.819,15.058,-0.51,1.7,2.08
ATOM,128.0,CB,ASP,10.0,47.186,18.747,13.402,-0.28,2.175,8.77
ATOM,129.0,CG,ASP,10.0,47.124,17.454,12.631,0.62,2.0,3.12
ATOM,130.0,OD1,ASP,10.0,47.992,16.582,12.862,-0.76,1.7,31.28
ATOM,131.0,OD2,ASP,10.0,46.211,17.318,11.787,-0.76,1.7,36.56
ATOM,132.0,H,ASP,10.0,45.566,17.618,15.313,0.31,0.2245,0.0
ATOM,133.0,HA,ASP,10.0,48.445,18.135,14.983,0.09,1.32,1.16
ATOM,134.0,HB2,ASP,10.0,46.3,19.197,13.35,0.09,1.32,0.0
ATOM,135.0,HB3,ASP,10.0,47.89,19.327,13.005,0.09,1.32,5.96
ATOM,136.0,N,TYR,11.0,46.843,20.042,16.652,-0.47,1.85,0.0
ATOM,137.0,CA,TYR,11.0,46.809,21.319,17.344,0.07,2.275,0.0
ATOM,138.0,C,TYR,11.0,48.198,21.9,17.601,0.51,2.0,0.0
ATOM,139.0,O,TYR,11.0,49.133,21.186,17.957,-0.51,1.7,0.91
ATOM,140.0,CB,TYR,11.0,46.08,21.184,18.678,-0.18,2.175,0.0
ATOM,141.0,CG,TYR,11.0,46.149,22.438,19.51,0.0,1.9924,0.0
ATOM,142.0,CD1,TYR,11.0,45.275,23.501,19.279,-0.115,1.9924,0.0
ATOM,143.0,CD2,TYR,11.0,47.116,22.582,20.503,-0.115,1.9924,0.0
ATOM,144.0,CE1,TYR,11.0,45.362,24.676,20.02,-0.115,1.9924,0.0
ATOM,145.0,CE2,TYR,11.0,47.214,23.753,21.246,-0.115,1.9924,0.0
ATOM,146.0,CZ,TYR,11.0,46.333,24.793,20.999,0.11,1.9924,0.0
ATOM,147.0,OH,TYR,11.0,46.426,25.948,21.735,-0.54,1.77,0.0
ATOM,148.0,H,TYR,11.0,46.338,19.201,16.965,0.31,0.2245,0.0
ATOM,149.0,HA,TYR,11.0,46.297,21.981,16.768,0.09,1.32,0.0
ATOM,150.0,HB2,TYR,11.0,45.125,20.981,18.494,0.09,1.32,0.0
ATOM,151.0,HB3,TYR,11.0,46.501,20.445,19.191,0.09,1.32,0.0
ATOM,152.0,HD1,TYR,11.0,44.575,23.419,18.57,0.115,1.3582,0.0
ATOM,153.0,HD2,TYR,11.0,47.748,21.832,20.685,0.115,1.3582,0.0
ATOM,154.0,HE1,TYR,11.0,44.726,25.428,19.845,0.115,1.3582,0.0
ATOM,155.0,HE2,TYR,11.0,47.914,23.843,21.952,0.115,1.3582,0.0
ATOM,156.0,HH,TYR,11.0,47.07,25.809,22.486,0.43,0.2245,0.0
ATOM,157.0,N,LYS,12.0,48.318,23.206,17.413,-0.47,1.85,0.0
ATOM,158.0,CA,LYS,12.0,49.562,23.911,17.657,0.07,2.275,0.0
ATOM,159.0,C,LYS,12.0,49.238,25.319,18.108,0.51,2.0,0.0
ATOM,160.0,O,LYS,12.0,48.241,25.905,17.69,-0.51,1.7,0.0
ATOM,161.0,CB,LYS,12.0,50.436,23.927,16.404,-0.18,2.175,0.0
ATOM,162.0,CG,LYS,12.0,51.151,22.602,16.176,-0.18,2.175,0.73
ATOM,163.0,CD,LYS,12.0,51.902,22.578,14.866,-0.18,2.175,1.66
ATOM,164.0,CE,LYS,12.0,52.691,21.287,14.727,0.21,2.175,12.63
ATOM,165.0,NZ,LYS,12.0,51.81,20.092,14.811,-0.3,1.85,7.15
ATOM,166.0,H,LYS,12.0,47.448,23.677,17.078,0.31,0.2245,0.0
ATOM,167.0,HA,LYS,12.0,50.066,23.445,18.384,0.09,1.32,1.94
ATOM,168.0,HB2,LYS,12.0,49.857,24.108,15.62,0.09,1.32,0.0
ATOM,169.0,HB3,LYS,12.0,51.12,24.638,16.509,0.09,1.32,0.0
ATOM,170.0,HG2,LYS,12.0,51.799,22.451,16.929,0.09,1.32,6.32
ATOM,171.0,HG3,LYS,12.0,50.472,21.863,16.179,0.09,1.32,0.0
ATOM,172.0,HD2,LYS,12.0,51.253,22.633,14.117,0.09,1.32,4.61
ATOM,173.0,HD3,LYS,12.0,52.537,23.34,14.839,0.09,1.32,0.0
ATOM,174.0,HE2,LYS,12.0,53.162,21.288,13.841,0.05,1.32,6.41
ATOM,175.0,HE3,LYS,12.0,53.376,21.244,15.459,0.05,1.32,5.36
ATOM,176.0,HZ1,LYS,12.0,51.329,20.095,15.688,0.33,0.2245,3.68
ATOM,177.0,HZ2,LYS,12.0,51.145,20.117,14.065,0.33,0.2245,6.95
ATOM,178.0,HZ3,LYS,12.0,52.365,19.264,14.737,0.33,0.2245,20.37
ATOM,179.0,N,ALA,13.0,50.074,25.851,18.991,-0.47,1.85,0.0
ATOM,180.0,CA,ALA,13.0,49.874,27.191,19.514,0.07,2.275,0.0
ATOM,181.0,C,ALA,13.0,50.789,28.149,18.769,0.51,2.0,0.0
ATOM,182.0,O,ALA,13.0,51.939,27.821,18.483,-0.51,1.7,0.0
ATOM,183.0,CB,ALA,13.0,50.184,27.209,20.998,-0.27,2.06,0.0
ATOM,184.0,H,ALA,13.0,50.865,25.237,19.268,0.31,0.2245,1.78
ATOM,185.0,HA,ALA,13.0,48.925,27.465,19.356,0.09,1.32,0.0
ATOM,186.0,HB1,ALA,13.0,50.652,26.363,21.255,0.09,1.32,0.07
ATOM,187.0,HB2,ALA,13.0,50.773,27.989,21.21,0.09,1.32,0.0
ATOM,188.0,HB3,ALA,13.0,49.333,27.287,21.519,0.09,1.32,0.0
ATOM,189.0,N,TYR,14.0,50.271,29.331,18.45,-0.47,1.85,0.0
ATOM,190.0,CA,TYR,14.0,51.042,30.336,17.732,0.07,2.275,0.0
ATOM,191.0,C,TYR,14.0,51.033,31.645,18.514,0.51,2.0,0.0
ATOM,192.0,O,TYR,14.0,50.112,31.898,19.282,-0.51,1.7,0.0
ATOM,193.0,CB,TYR,14.0,50.448,30.553,16.341,-0.18,2.175,0.0
ATOM,194.0,CG,TYR,14.0,50.352,29.283,15.525,0.0,1.9924,0.0
ATOM,195.0,CD1,TYR,14.0,51.495,28.631,15.087,-0.115,1.9924,0.0
ATOM,196.0,CD2,TYR,14.0,49.118,28.725,15.21,-0.115,1.9924,1.08
ATOM,197.0,CE1,TYR,14.0,51.422,27.454,14.356,-0.115,1.9924,0.0
ATOM,198.0,CE2,TYR,14.0,49.03,27.544,14.477,-0.115,1.9924,1.35
ATOM,199.0,CZ,TYR,14.0,50.189,26.914,14.055,0.11,1.9924,0.0
ATOM,200.0,OH,TYR,14.0,50.126,25.751,13.325,-0.54,1.77,18.13
ATOM,201.0,H,TYR,14.0,49.287,29.471,18.753,0.31,0.2245,0.0
ATOM,202.0,HA,TYR,14.0,51.991,30.02,17.664,0.09,1.32,0.0
ATOM,203.0,HB2,TYR,14.0,49.532,30.926,16.446,0.09,1.32,0.0
ATOM,204.0,HB3,TYR,14.0,51.028,31.195,15.849,0.09,1.32,0.0
ATOM,205.0,HD1,TYR,14.0,52.398,29.017,15.301,0.115,1.3582,0.0
ATOM,206.0,HD2,TYR,14.0,48.281,29.175,15.514,0.115,1.3582,0.0
ATOM,207.0,HE1,TYR,14.0,52.262,27.0,14.051,0.115,1.3582,0.0
ATOM,208.0,HE2,TYR,14.0,48.137,27.156,14.258,0.115,1.3582,0.03
ATOM,209.0,HH,TYR,14.0,50.049,24.975,13.949,0.43,0.2245,0.9
ATOM,210.0,N,LEU,15.0,52.064,32.459,18.321,-0.47,1.85,0.0
ATOM,211.0,CA,LEU,15.0,52.159,33.74,19.012,0.07,2.275,0.0
ATOM,212.0,C,LEU,15.0,52.117,34.827,17.95,0.51,2.0,0.0
ATOM,213.0,O,LEU,15.0,52.859,34.771,16.97,-0.51,1.7,0.0
ATOM,214.0,CB,LEU,15.0,53.481,33.847,19.778,-0.18,2.175,0.01
ATOM,215.0,CG,LEU,15.0,53.535,34.544,21.143,-0.09,2.275,0.0
ATOM,216.0,CD1,LEU,15.0,54.966,34.992,21.409,-0.27,2.06,0.11
ATOM,217.0,CD2,LEU,15.0,52.603,35.734,21.191,-0.27,2.06,0.0
ATOM,218.0,H,LEU,15.0,52.777,32.113,17.653,0.31,0.2245,0.0
ATOM,219.0,HA,LEU,15.0,51.37,33.844,19.604,0.09,1.32,0.0
ATOM,220.0,HB2,LEU,15.0,53.829,32.903,19.916,0.09,1.32,0.0
ATOM,221.0,HB3,LEU,15.0,54.143,34.326,19.177,0.09,1.32,0.0
ATOM,222.0,HG,LEU,15.0,53.252,33.903,21.845,0.09,1.32,0.0
ATOM,223.0,HD11,LEU,15.0,55.256,35.627,20.693,0.09,1.32,0.0
ATOM,224.0,HD12,LEU,15.0,55.013,35.448,22.298,0.09,1.32,0.0
ATOM,225.0,HD13,LEU,15.0,55.57,34.195,21.412,0.09,1.32,0.0
ATOM,226.0,HD21,LEU,15.0,51.661,35.434,21.027,0.09,1.32,0.0
ATOM,227.0,HD22,LEU,15.0,52.657,36.171,22.091,0.09,1.32,0.0
ATOM,228.0,HD23,LEU,15.0,52.864,36.398,20.487,0.09,1.32,0.0
ATOM,229.0,N,MET,16.0,51.24,35.805,18.129,-0.47,1.85,0.0
ATOM,230.0,CA,MET,16.0,51.152,36.902,17.176,0.07,2.275,0.0
ATOM,231.0,C,MET,16.0,52.243,37.914,17.559,0.51,2.0,0.0
ATOM,232.0,O,MET,16.0,52.359,38.316,18.718,-0.51,1.7,0.0
ATOM,233.0,CB,MET,16.0,49.769,37.544,17.27,-0.18,2.175,0.0
ATOM,234.0,CG,MET,16.0,49.234,38.104,15.969,-0.14,2.175,1.2
ATOM,235.0,SD,MET,16.0,47.497,38.589,16.15,-0.09,2.0,5.54
ATOM,236.0,CE,MET,16.0,46.689,36.999,16.061,-0.22,2.06,0.53
ATOM,237.0,H,MET,16.0,50.649,35.723,18.97,0.31,0.2245,0.0
ATOM,238.0,HA,MET,16.0,51.364,36.556,16.273,0.09,1.32,0.0
ATOM,239.0,HB2,MET,16.0,49.112,36.854,17.616,0.09,1.32,0.0
ATOM,240.0,HB3,MET,16.0,49.804,38.294,17.951,0.09,1.32,0.0
ATOM,241.0,HG2,MET,16.0,49.799,38.902,15.694,0.09,1.32,0.67
ATOM,242.0,HG3,MET,16.0,49.333,37.404,15.239,0.09,1.32,0.0
ATOM,243.0,HE1,MET,16.0,45.8,37.096,15.608,0.09,1.32,0.03
ATOM,244.0,HE2,MET,16.0,47.257,36.359,15.539,0.09,1.32,0.0
ATOM,245.0,HE3,MET,16.0,46.55,36.638,16.985,0.09,1.32,0.0
ATOM,246.0,N,ALA,17.0,53.064,38.291,16.584,-0.47,1.85,0.08
ATOM,247.0,CA,ALA,17.0,54.144,39.254,16.796,0.07,2.275,0.0
ATOM,248.0,C,ALA,17.0,53.583,40.657,17.005,0.51,2.0,0.0
ATOM,249.0,O,ALA,17.0,52.381,40.88,16.877,-0.51,1.7,0.84
ATOM,250.0,CB,ALA,17.0,55.077,39.25,15.587,-0.27,2.06,0.03
ATOM,251.0,H,ALA,17.0,52.874,37.845,15.66,0.31,0.2245,0.0
ATOM,252.0,HA,ALA,17.0,54.658,38.988,17.619,0.09,1.32,0.0
ATOM,253.0,HB1,ALA,17.0,55.858,38.655,15.772,0.09,1.32,0.0
ATOM,254.0,HB2,ALA,17.0,54.582,38.913,14.787,0.09,1.32,0.0
ATOM,255.0,HB3,ALA,17.0,55.399,40.179,15.413,0.09,1.32,0.25
ATOM,256.0,N,PRO,18.0,54.449,41.625,17.329,-0.29,1.85,0.0
ATOM,257.0,CA,PRO,18.0,53.955,42.992,17.53,0.02,2.275,0.0
ATOM,258.0,C,PRO,18.0,53.56,43.575,16.181,0.51,2.0,0.0
ATOM,259.0,O,PRO,18.0,53.944,43.041,15.143,-0.51,1.7,2.7
ATOM,260.0,CB,PRO,18.0,55.17,43.722,18.108,-0.18,2.175,0.04
ATOM,261.0,CG,PRO,18.0,56.005,42.631,18.7,-0.18,2.175,0.0
ATOM,262.0,CD,PRO,18.0,55.874,41.528,17.689,0.0,2.175,0.0
ATOM,263.0,HA,PRO,18.0,53.186,43.003,18.166,0.09,1.32,0.0
ATOM,264.0,HB2,PRO,18.0,55.67,44.204,17.386,0.09,1.32,0.0
ATOM,265.0,HB3,PRO,18.0,54.889,44.378,18.809,0.09,1.32,2.66
ATOM,266.0,HG2,PRO,18.0,56.951,42.924,18.791,0.09,1.32,0.1
ATOM,267.0,HG3,PRO,18.0,55.643,42.353,19.583,0.09,1.32,0.0
ATOM,268.0,HD2,PRO,18.0,56.448,41.689,16.894,0.09,1.32,0.37
ATOM,269.0,HD3,PRO,18.0,56.075,40.639,18.088,0.09,1.32,0.0
ATOM,270.0,N,LEU,19.0,52.798,44.663,16.193,-0.47,1.85,0.0
ATOM,271.0,CA,LEU,19.0,52.402,45.313,14.95,0.07,2.275,0.0
ATOM,272.0,C,LEU,19.0,53.595,46.1,14.407,0.51,2.0,0.0
ATOM,273.0,O,LEU,19.0,53.819,46.143,13.197,-0.51,1.7,4.34
ATOM,274.0,CB,LEU,19.0,51.209,46.248,15.188,-0.18,2.175,0.0
ATOM,275.0,CG,LEU,19.0,49.873,45.543,15.444,-0.09,2.275,0.26
ATOM,276.0,CD1,LEU,19.0,48.821,46.56,15.831,-0.27,2.06,0.81
ATOM,277.0,CD2,LEU,19.0,49.45,44.771,14.198,-0.27,2.06,4.25
ATOM,278.0,H,LEU,19.0,52.52,44.996,17.131,0.31,0.2245,3.29
ATOM,279.0,HA,LEU,19.0,52.157,44.613,14.283,0.09,1.32,0.0
ATOM,280.0,HB2,LEU,19.0,51.41,46.801,15.985,0.09,1.32,0.0
ATOM,281.0,HB3,LEU,19.0,51.099,46.812,14.382,0.09,1.32,0.0
ATOM,282.0,HG,LEU,19.0,49.993,44.885,16.184,0.09,1.32,0.0
ATOM,283.0,HD11,LEU,19.0,48.705,47.225,15.091,0.09,1.32,0.0
ATOM,284.0,HD12,LEU,19.0,47.948,46.097,15.998,0.09,1.32,0.43
ATOM,285.0,HD13,LEU,19.0,49.104,47.04,16.664,0.09,1.32,1.19
ATOM,286.0,HD21,LEU,19.0,50.147,44.089,13.976,0.09,1.32,0.0
ATOM,287.0,HD22,LEU,19.0,48.578,44.313,14.37,0.09,1.32,2.06
ATOM,288.0,HD23,LEU,19.0,49.348,45.406,13.432,0.09,1.32,0.0
ATOM,289.0,N,LYS,20.0,54.356,46.717,15.305,-0.47,1.85,0.0
ATOM,290.0,CA,LYS,20.0,55.546,47.476,14.925,0.07,2.275,0.0
ATOM,291.0,C,LYS,20.0,56.67,46.5,14.611,0.51,2.0,0.04
ATOM,292.0,O,LYS,20.0,56.648,45.356,15.063,-0.51,1.7,1.86
ATOM,293.0,CB,LYS,20.0,56.015,48.371,16.072,-0.18,2.175,0.08
ATOM,294.0,CG,LYS,20.0,55.104,49.53,16.403,-0.18,2.175,0.29
ATOM,295.0,CD,LYS,20.0,55.63,50.292,17.613,-0.18,2.175,3.62
ATOM,296.0,CE,LYS,20.0,54.814,51.547,17.862,0.21,2.175,10.44
ATOM,297.0,NZ,LYS,20.0,54.841,52.452,16.672,-0.3,1.85,11.48
ATOM,298.0,H,LYS,20.0,54.036,46.615,16.29,0.31,0.2245,0.84
ATOM,299.0,HA,LYS,20.0,55.342,48.01,14.106,0.09,1.32,3.93
ATOM,300.0,HB2,LYS,20.0,56.111,47.798,16.892,0.09,1.32,0.19
ATOM,301.0,HB3,LYS,20.0,56.92,48.737,15.829,0.09,1.32,0.0
ATOM,302.0,HG2,LYS,20.0,55.064,50.153,15.626,0.09,1.32,2.16
ATOM,303.0,HG3,LYS,20.0,54.192,49.187,16.613,0.09,1.32,0.0
ATOM,304.0,HD2,LYS,20.0,55.567,49.706,18.412,0.09,1.32,4.83
ATOM,305.0,HD3,LYS,20.0,56.573,50.553,17.443,0.09,1.32,0.29
ATOM,306.0,HE2,LYS,20.0,53.867,51.29,18.054,0.05,1.32,0.0
ATOM,307.0,HE3,LYS,20.0,55.192,52.034,18.65,0.05,1.32,11.56
ATOM,308.0,HZ1,LYS,20.0,54.705,53.394,16.973,0.33,0.2245,19.86
ATOM,309.0,HZ2,LYS,20.0,55.725,52.368,16.216,0.33,0.2245,6.71
ATOM,310.0,HZ3,LYS,20.0,54.11,52.19,16.044,0.33,0.2245,0.52
ATOM,311.0,N,LYS,21.0,57.656,46.959,13.845,-0.47,1.85,0.1
ATOM,312.0,CA,LYS,21.0,58.788,46.107,13.511,0.07,2.275,0.62
ATOM,313.0,C,LYS,21.0,59.568,45.82,14.791,0.51,2.0,0.0
ATOM,314.0,O,LYS,21.0,59.582,46.638,15.709,-0.51,1.7,0.0
ATOM,315.0,CB,LYS,21.0,59.68,46.8,12.48,-0.18,2.175,0.24
ATOM,316.0,CG,LYS,21.0,58.978,47.061,11.156,-0.18,2.175,2.09
ATOM,317.0,CD,LYS,21.0,59.941,47.587,10.101,-0.18,2.175,5.21
ATOM,318.0,CE,LYS,21.0,59.229,47.886,8.784,0.21,2.175,2.48
ATOM,319.0,NZ,LYS,21.0,60.171,48.436,7.76,-0.3,1.85,10.49
ATOM,320.0,H,LYS,21.0,57.549,47.932,13.523,0.31,0.2245,0.12
ATOM,321.0,HA,LYS,21.0,58.452,45.244,13.141,0.09,1.32,0.97
ATOM,322.0,HB2,LYS,21.0,59.973,47.673,12.857,0.09,1.32,0.0
ATOM,323.0,HB3,LYS,21.0,60.469,46.217,12.308,0.09,1.32,0.0
ATOM,324.0,HG2,LYS,21.0,58.574,46.206,10.826,0.09,1.32,1.86
ATOM,325.0,HG3,LYS,21.0,58.253,47.737,11.297,0.09,1.32,3.63
ATOM,326.0,HD2,LYS,21.0,60.355,48.429,10.433,0.09,1.32,6.83
ATOM,327.0,HD3,LYS,21.0,60.641,46.901,9.931,0.09,1.32,0.0
ATOM,328.0,HE2,LYS,21.0,58.824,47.039,8.435,0.05,1.32,0.75
ATOM,329.0,HE3,LYS,21.0,58.502,48.554,8.952,0.05,1.32,5.88
ATOM,330.0,HZ1,LYS,21.0,60.165,47.843,6.957,0.33,0.2245,4.56
ATOM,331.0,HZ2,LYS,21.0,59.876,49.355,7.503,0.33,0.2245,13.09
ATOM,332.0,HZ3,LYS,21.0,61.091,48.472,8.147,0.33,0.2245,12.54
ATOM,333.0,N,ILE,22.0,60.204,44.656,14.859,-0.47,1.85,0.0
ATOM,334.0,CA,ILE,22.0,60.96,44.272,16.046,0.07,2.275,0.0
ATOM,335.0,C,ILE,22.0,61.95,45.343,16.514,0.51,2.0,0.0
ATOM,336.0,O,ILE,22.0,62.028,45.643,17.7,-0.51,1.7,0.0
ATOM,337.0,CB,ILE,22.0,61.722,42.95,15.823,-0.09,2.275,0.0
ATOM,338.0,CG1,ILE,22.0,60.731,41.824,15.498,-0.18,2.175,0.0
ATOM,339.0,CG2,ILE,22.0,62.538,42.611,17.047,-0.27,2.06,0.0
ATOM,340.0,CD1,ILE,22.0,59.585,41.692,16.492,-0.27,2.06,0.83
ATOM,341.0,H,ILE,22.0,60.118,44.059,14.016,0.31,0.2245,0.0
ATOM,342.0,HA,ILE,22.0,60.283,44.164,16.792,0.09,1.32,0.0
ATOM,343.0,HB,ILE,22.0,62.319,43.068,15.04,0.09,1.32,0.0
ATOM,344.0,HG12,ILE,22.0,60.351,41.99,14.589,0.09,1.32,0.0
ATOM,345.0,HG13,ILE,22.0,61.235,40.96,15.478,0.09,1.32,0.0
ATOM,346.0,HG21,ILE,22.0,63.054,41.768,16.889,0.09,1.32,0.0
ATOM,347.0,HG22,ILE,22.0,63.178,43.354,17.245,0.09,1.32,0.0
ATOM,348.0,HG23,ILE,22.0,61.933,42.482,17.834,0.09,1.32,0.0
ATOM,349.0,HD11,ILE,22.0,59.068,42.545,16.509,0.09,1.32,0.0
ATOM,350.0,HD12,ILE,22.0,58.992,40.942,16.208,0.09,1.32,0.0
ATOM,351.0,HD13,ILE,22.0,59.958,41.504,17.398,0.09,1.32,0.6
ATOM,352.0,N,PRO,23.0,62.724,45.928,15.588,-0.29,1.85,0.0
ATOM,353.0,CA,PRO,23.0,63.696,46.962,15.962,0.02,2.275,0.66
ATOM,354.0,C,PRO,23.0,63.08,48.212,16.589,0.51,2.0,0.0
ATOM,355.0,O,PRO,23.0,63.797,49.048,17.129,-0.51,1.7,26.75
ATOM,356.0,CB,PRO,23.0,64.396,47.271,14.641,-0.18,2.175,16.8
ATOM,357.0,CG,PRO,23.0,64.308,45.972,13.899,-0.18,2.175,3.87
ATOM,358.0,CD,PRO,23.0,62.89,45.544,14.175,0.0,2.175,0.0
ATOM,359.0,HA,PRO,23.0,64.409,46.57,16.58,0.09,1.32,0.7
ATOM,360.0,HB2,PRO,23.0,63.921,47.995,14.147,0.09,1.32,5.5
ATOM,361.0,HB3,PRO,23.0,65.346,47.53,14.793,0.09,1.32,11.63
ATOM,362.0,HG2,PRO,23.0,64.456,46.112,12.929,0.09,1.32,6.51
ATOM,363.0,HG3,PRO,23.0,64.956,45.316,14.264,0.09,1.32,0.0
ATOM,364.0,HD2,PRO,23.0,62.243,46.033,13.6,0.09,1.32,0.0
ATOM,365.0,HD3,PRO,23.0,62.777,44.561,14.062,0.09,1.32,0.0
ATOM,366.0,N,GLU,24.0,61.759,48.346,16.505,-0.47,1.85,0.0
ATOM,367.0,CA,GLU,24.0,61.063,49.495,17.08,0.07,2.275,2.81
ATOM,368.0,C,GLU,24.0,60.494,49.119,18.443,0.51,2.0,1.75
ATOM,369.0,O,GLU,24.0,59.834,49.922,19.101,-0.51,1.7,23.08
ATOM,370.0,CB,GLU,24.0,59.919,49.941,16.159,-0.18,2.175,1.69
ATOM,371.0,CG,GLU,24.0,60.37,50.437,14.793,-0.28,2.175,12.22
ATOM,372.0,CD,GLU,24.0,59.205,50.734,13.855,0.62,2.0,0.5
ATOM,373.0,OE1,GLU,24.0,58.432,49.801,13.536,-0.76,1.7,6.59
ATOM,374.0,OE2,GLU,24.0,59.064,51.902,13.431,-0.76,1.7,43.04
ATOM,375.0,H,GLU,24.0,61.274,47.576,16.004,0.31,0.2245,0.0
ATOM,376.0,HA,GLU,24.0,61.701,50.26,17.182,0.09,1.32,6.82
ATOM,377.0,HB2,GLU,24.0,59.332,49.163,16.016,0.09,1.32,0.0
ATOM,378.0,HB3,GLU,24.0,59.448,50.681,16.606,0.09,1.32,4.21
ATOM,379.0,HG2,GLU,24.0,60.869,51.274,14.917,0.09,1.32,9.65
ATOM,380.0,HG3,GLU,24.0,60.915,49.736,14.372,0.09,1.32,0.38
ATOM,381.0,N,VAL,25.0,60.767,47.885,18.86,-0.47,1.85,0.32
ATOM,382.0,CA,VAL,25.0,60.274,47.355,20.124,0.07,2.275,0.87
ATOM,383.0,C,VAL,25.0,61.412,46.919,21.038,0.51,2.0,1.91
ATOM,384.0,O,VAL,25.0,61.393,47.18,22.235,-0.51,1.7,25.45
ATOM,385.0,CB,VAL,25.0,59.353,46.147,19.874,-0.09,2.275,0.0
ATOM,386.0,CG1,VAL,25.0,58.944,45.518,21.188,-0.27,2.06,7.57
ATOM,387.0,CG2,VAL,25.0,58.133,46.588,19.082,-0.27,2.06,5.62
ATOM,388.0,H,VAL,25.0,61.364,47.332,18.203,0.31,0.2245,0.0
ATOM,389.0,HA,VAL,25.0,59.762,48.089,20.594,0.09,1.32,5.28
ATOM,390.0,HB,VAL,25.0,59.878,45.467,19.372,0.09,1.32,0.0
ATOM,391.0,HG11,VAL,25.0,59.23,46.105,21.948,0.09,1.32,3.01
ATOM,392.0,HG12,VAL,25.0,57.949,45.407,21.215,0.09,1.32,1.06
ATOM,393.0,HG13,VAL,25.0,59.378,44.621,21.283,0.09,1.32,0.26
ATOM,394.0,HG21,VAL,25.0,57.321,46.126,19.44,0.09,1.32,1.16
ATOM,395.0,HG22,VAL,25.0,58.022,47.578,19.169,0.09,1.32,0.55
ATOM,396.0,HG23,VAL,25.0,58.259,46.348,18.119,0.09,1.32,0.0
ATOM,397.0,N,THR,26.0,62.396,46.24,20.465,-0.47,1.85,0.48
ATOM,398.0,CA,THR,26.0,63.547,45.772,21.217,0.07,2.275,4.72
ATOM,399.0,C,THR,26.0,64.665,45.483,20.214,0.51,2.0,1.82
ATOM,400.0,O,THR,26.0,64.607,45.937,19.076,-0.51,1.7,3.51
ATOM,401.0,CB,THR,26.0,63.199,44.496,22.028,0.14,2.275,4.32
ATOM,402.0,OG1,THR,26.0,64.307,44.134,22.857,-0.66,1.77,8.11
ATOM,403.0,CG2,THR,26.0,62.865,43.344,21.102,-0.27,2.06,0.34
ATOM,404.0,H,THR,26.0,62.272,46.074,19.444,0.31,0.2245,0.0
ATOM,405.0,HA,THR,26.0,63.854,46.496,21.825,0.09,1.32,9.53
ATOM,406.0,HB,THR,26.0,62.401,44.703,22.629,0.09,1.32,1.25
ATOM,407.0,HG21,THR,26.0,62.013,43.536,20.608,0.09,1.32,0.23
ATOM,408.0,HG22,THR,26.0,63.605,43.213,20.436,0.09,1.32,0.0
ATOM,409.0,HG23,THR,26.0,62.751,42.499,21.632,0.09,1.32,0.0
ATOM,410.0,HG1,THR,26.0,64.978,43.598,22.332,0.43,0.2245,0.0
ATOM,411.0,N,ASN,27.0,65.689,44.752,20.627,-0.47,1.85,0.46
ATOM,412.0,CA,ASN,27.0,66.772,44.436,19.709,0.07,2.275,1.9
ATOM,413.0,C,ASN,27.0,66.627,42.982,19.294,0.51,2.0,0.0
ATOM,414.0,O,ASN,27.0,65.923,42.212,19.951,-0.51,1.7,0.0
ATOM,415.0,CB,ASN,27.0,68.129,44.646,20.37,-0.18,2.175,19.33
ATOM,416.0,CG,ASN,27.0,68.349,43.724,21.534,0.55,2.0,2.0
ATOM,417.0,OD1,ASN,27.0,69.03,42.708,21.406,-0.55,1.7,7.38
ATOM,418.0,ND2,ASN,27.0,67.799,44.083,22.689,-0.62,1.85,15.05
ATOM,419.0,H,ASN,27.0,65.652,44.443,21.606,0.31,0.2245,0.0
ATOM,420.0,HA,ASN,27.0,66.64,44.99,18.891,0.09,1.32,3.31
ATOM,421.0,HB2,ASN,27.0,68.839,44.481,19.688,0.09,1.32,6.71
ATOM,422.0,HB3,ASN,27.0,68.178,45.59,20.69,0.09,1.32,9.74
ATOM,423.0,HD22,ASN,27.0,67.266,44.928,22.745,0.3,0.2245,8.7
ATOM,424.0,HD21,ASN,27.0,67.916,43.512,23.5,0.32,0.2245,5.1
ATOM,425.0,N,TRP,28.0,67.303,42.608,18.214,-0.47,1.85,0.0
ATOM,426.0,CA,TRP,28.0,67.212,41.248,17.704,0.07,2.275,0.0
ATOM,427.0,C,TRP,28.0,67.662,40.144,18.657,0.51,2.0,0.0
ATOM,428.0,O,TRP,28.0,67.119,39.044,18.614,-0.51,1.7,0.0
ATOM,429.0,CB,TRP,28.0,67.981,41.125,16.386,-0.18,2.175,1.6
ATOM,430.0,CG,TRP,28.0,67.362,41.888,15.252,-0.03,1.9924,0.0
ATOM,431.0,CD1,TRP,28.0,67.894,42.96,14.603,0.035,1.9924,6.18
ATOM,432.0,CD2,TRP,28.0,66.101,41.627,14.628,-0.02,1.8,0.0
ATOM,433.0,NE1,TRP,28.0,67.041,43.385,13.61,-0.61,1.85,0.37
ATOM,434.0,CE2,TRP,28.0,65.934,42.581,13.603,0.13,1.8,0.0
ATOM,435.0,CE3,TRP,28.0,65.092,40.674,14.834,-0.115,1.9924,0.0
ATOM,436.0,CZ2,TRP,28.0,64.801,42.615,12.785,-0.115,1.9924,0.0
ATOM,437.0,CZ3,TRP,28.0,63.968,40.709,14.021,-0.115,1.9924,0.0
ATOM,438.0,CH2,TRP,28.0,63.834,41.673,13.007,-0.115,1.9924,0.0
ATOM,439.0,H,TRP,28.0,67.883,43.348,17.781,0.31,0.2245,3.21
ATOM,440.0,HA,TRP,28.0,66.227,41.069,17.478,0.09,1.32,0.0
ATOM,441.0,HB2,TRP,28.0,68.899,41.481,16.514,0.09,1.32,6.01
ATOM,442.0,HB3,TRP,28.0,68.01,40.169,16.118,0.09,1.32,0.0
ATOM,443.0,HD1,TRP,28.0,68.775,43.382,14.813,0.115,1.3582,12.83
ATOM,444.0,HE1,TRP,28.0,67.204,44.155,12.995,0.38,0.2245,11.69
ATOM,445.0,HE3,TRP,28.0,65.177,39.985,15.547,0.115,1.3582,0.0
ATOM,446.0,HZ2,TRP,28.0,64.717,43.312,12.068,0.115,1.3582,0.91
ATOM,447.0,HZ3,TRP,28.0,63.246,40.039,14.162,0.115,1.3582,0.0
ATOM,448.0,HH2,TRP,28.0,63.009,41.659,12.441,0.115,1.3582,0.0
ATOM,449.0,N,GLU,29.0,68.648,40.421,19.505,-0.47,1.85,1.17
ATOM,450.0,CA,GLU,29.0,69.14,39.404,20.442,0.07,2.275,2.09
ATOM,451.0,C,GLU,29.0,68.07,39.075,21.486,0.51,2.0,0.0
ATOM,452.0,O,GLU,29.0,67.818,37.913,21.787,-0.51,1.7,0.14
ATOM,453.0,CB,GLU,29.0,70.412,39.891,21.141,-0.18,2.175,3.55
ATOM,454.0,CG,GLU,29.0,71.151,38.822,21.94,-0.28,2.175,12.88
ATOM,455.0,CD,GLU,29.0,72.327,39.391,22.734,0.62,2.0,5.08
ATOM,456.0,OE1,GLU,29.0,73.081,40.226,22.183,-0.76,1.7,40.41
ATOM,457.0,OE2,GLU,29.0,72.502,38.995,23.907,-0.76,1.7,44.76
ATOM,458.0,H,GLU,29.0,69.025,41.378,19.451,0.31,0.2245,2.13
ATOM,459.0,HA,GLU,29.0,69.382,38.571,19.938,0.09,1.32,0.37
ATOM,460.0,HB2,GLU,29.0,71.029,40.221,20.446,0.09,1.32,8.41
ATOM,461.0,HB3,GLU,29.0,70.155,40.606,21.769,0.09,1.32,1.13
ATOM,462.0,HG2,GLU,29.0,70.525,38.43,22.584,0.09,1.32,0.05
ATOM,463.0,HG3,GLU,29.0,71.514,38.161,21.313,0.09,1.32,9.45
ATOM,464.0,N,THR,30.0,67.454,40.113,22.04,-0.47,1.85,0.07
ATOM,465.0,CA,THR,30.0,66.401,39.938,23.031,0.07,2.275,1.5
ATOM,466.0,C,THR,30.0,65.235,39.229,22.352,0.51,2.0,0.0
ATOM,467.0,O,THR,30.0,64.594,38.358,22.943,-0.51,1.7,0.0
ATOM,468.0,CB,THR,30.0,65.913,41.294,23.569,0.14,2.275,0.0
ATOM,469.0,OG1,THR,30.0,67.008,41.982,24.185,-0.66,1.77,16.77
ATOM,470.0,CG2,THR,30.0,64.801,41.099,24.584,-0.27,2.06,16.77
ATOM,471.0,H,THR,30.0,67.783,41.042,21.711,0.31,0.2245,0.0
ATOM,472.0,HA,THR,30.0,66.741,39.355,23.762,0.09,1.32,1.83
ATOM,473.0,HB,THR,30.0,65.582,41.858,22.787,0.09,1.32,0.0
ATOM,474.0,HG21,THR,30.0,65.185,40.788,25.457,0.09,1.32,11.19
ATOM,475.0,HG22,THR,30.0,64.317,41.965,24.731,0.09,1.32,4.16
ATOM,476.0,HG23,THR,30.0,64.15,40.413,24.25,0.09,1.32,0.0
ATOM,477.0,HG1,THR,30.0,67.695,42.235,23.495,0.43,0.2245,1.1
ATOM,478.0,N,PHE,31.0,64.963,39.611,21.105,-0.47,1.85,0.0
ATOM,479.0,CA,PHE,31.0,63.889,39.001,20.346,0.07,2.275,0.0
ATOM,480.0,C,PHE,31.0,64.144,37.507,20.187,0.51,2.0,0.0
ATOM,481.0,O,PHE,31.0,63.251,36.687,20.402,-0.51,1.7,0.0
ATOM,482.0,CB,PHE,31.0,63.771,39.647,18.963,-0.18,2.175,0.0
ATOM,483.0,CG,PHE,31.0,62.746,38.989,18.074,0.0,1.9924,0.0
ATOM,484.0,CD1,PHE,31.0,61.396,39.021,18.403,-0.115,1.9924,0.0
ATOM,485.0,CD2,PHE,31.0,63.135,38.33,16.908,-0.115,1.9924,0.0
ATOM,486.0,CE1,PHE,31.0,60.446,38.412,17.584,-0.115,1.9924,0.0
ATOM,487.0,CE2,PHE,31.0,62.191,37.721,16.084,-0.115,1.9924,0.0
ATOM,488.0,CZ,PHE,31.0,60.843,37.761,16.423,-0.115,1.9924,0.0
ATOM,489.0,H,PHE,31.0,65.575,40.365,20.739,0.31,0.2245,0.0
ATOM,490.0,HA,PHE,31.0,63.05,39.094,20.89,0.09,1.32,0.0
ATOM,491.0,HB2,PHE,31.0,63.504,40.589,19.09,0.09,1.32,0.0
ATOM,492.0,HB3,PHE,31.0,64.65,39.575,18.519,0.09,1.32,0.0
ATOM,493.0,HD1,PHE,31.0,61.097,39.484,19.232,0.115,1.3582,0.0
ATOM,494.0,HD2,PHE,31.0,64.102,38.295,16.661,0.115,1.3582,0.0
ATOM,495.0,HE1,PHE,31.0,59.474,38.448,17.843,0.115,1.3582,0.0
ATOM,496.0,HE2,PHE,31.0,62.493,37.25,15.241,0.115,1.3582,0.0
ATOM,497.0,HZ,PHE,31.0,60.163,37.326,15.838,0.115,1.3582,0.0
ATOM,498.0,N,GLU,32.0,65.365,37.147,19.806,-0.47,1.85,0.0
ATOM,499.0,CA,GLU,32.0,65.689,35.737,19.637,0.07,2.275,0.0
ATOM,500.0,C,GLU,32.0,65.525,34.991,20.953,0.51,2.0,0.0
ATOM,501.0,O,GLU,32.0,65.113,33.831,20.971,-0.51,1.7,0.0
ATOM,502.0,CB,GLU,32.0,67.109,35.583,19.098,-0.18,2.175,0.48
ATOM,503.0,CG,GLU,32.0,67.224,35.969,17.634,-0.28,2.175,0.0
ATOM,504.0,CD,GLU,32.0,68.651,35.992,17.146,0.62,2.0,0.14
ATOM,505.0,OE1,GLU,32.0,69.521,35.425,17.842,-0.76,1.7,15.13
ATOM,506.0,OE2,GLU,32.0,68.902,36.565,16.065,-0.76,1.7,5.31
ATOM,507.0,H,GLU,32.0,66.027,37.916,19.649,0.31,0.2245,0.0
ATOM,508.0,HA,GLU,32.0,65.085,35.331,18.943,0.09,1.32,0.0
ATOM,509.0,HB2,GLU,32.0,67.691,36.181,19.611,0.09,1.32,0.02
ATOM,510.0,HB3,GLU,32.0,67.361,34.641,19.179,0.09,1.32,0.0
ATOM,511.0,HG2,GLU,32.0,66.735,35.302,17.101,0.09,1.32,0.0
ATOM,512.0,HG3,GLU,32.0,66.854,36.874,17.524,0.09,1.32,0.0
ATOM,513.0,N,ASN,33.0,65.83,35.661,22.055,-0.47,1.85,0.0
ATOM,514.0,CA,ASN,33.0,65.69,35.051,23.37,0.07,2.275,0.08
ATOM,515.0,C,ASN,33.0,64.212,34.925,23.735,0.51,2.0,0.25
ATOM,516.0,O,ASN,33.0,63.809,33.951,24.374,-0.51,1.7,3.78
ATOM,517.0,CB,ASN,33.0,66.427,35.881,24.426,-0.18,2.175,11.12
ATOM,518.0,CG,ASN,33.0,67.909,35.561,24.479,0.55,2.0,2.09
ATOM,519.0,H,ASN,33.0,66.167,36.628,21.904,0.31,0.2245,0.0
ATOM,520.0,HA,ASN,33.0,66.056,34.119,23.309,0.09,1.32,0.0
ATOM,521.0,HB2,ASN,33.0,66.317,36.844,24.202,0.09,1.32,0.0
ATOM,522.0,HB3,ASN,33.0,66.026,35.684,25.315,0.09,1.32,9.52
ATOM,523.0,OD1,ASN,33.0,68.699,36.335,25.025,-0.55,1.7,26.76
ATOM,524.0,ND2,ASN,33.0,68.293,34.411,23.929,-0.62,1.85,8.59
ATOM,525.0,HD22,ASN,33.0,67.609,33.814,23.504,0.3,0.2245,0.0
ATOM,526.0,HD21,ASN,33.0,69.253,34.146,23.939,0.32,0.2245,16.39
ATOM,527.0,N,ASP,34.0,63.42,35.918,23.334,-0.47,1.85,0.0
ATOM,528.0,CA,ASP,34.0,61.978,35.894,23.588,0.07,2.275,0.0
ATOM,529.0,C,ASP,34.0,61.361,34.701,22.854,0.51,2.0,0.0
ATOM,530.0,O,ASP,34.0,60.443,34.058,23.363,-0.51,1.7,0.0
ATOM,531.0,CB,ASP,34.0,61.312,37.184,23.095,-0.28,2.175,0.0
ATOM,532.0,CG,ASP,34.0,61.528,38.356,24.035,0.62,2.0,0.0
ATOM,533.0,OD1,ASP,34.0,62.032,38.155,25.16,-0.76,1.7,16.22
ATOM,534.0,OD2,ASP,34.0,61.177,39.482,23.641,-0.76,1.7,0.0
ATOM,535.0,H,ASP,34.0,63.901,36.69,22.839,0.31,0.2245,0.0
ATOM,536.0,HA,ASP,34.0,61.851,35.733,24.565,0.09,1.32,0.5
ATOM,537.0,HB2,ASP,34.0,61.7,37.409,22.208,0.09,1.32,0.0
ATOM,538.0,HB3,ASP,34.0,60.337,37.014,23.014,0.09,1.32,0.0
ATOM,539.0,N,LEU,35.0,61.869,34.401,21.662,-0.47,1.85,0.0
ATOM,540.0,CA,LEU,35.0,61.354,33.268,20.898,0.07,2.275,0.0
ATOM,541.0,C,LEU,35.0,61.742,31.931,21.537,0.51,2.0,0.0
ATOM,542.0,O,LEU,35.0,60.944,30.993,21.543,-0.51,1.7,0.0
ATOM,543.0,CB,LEU,35.0,61.858,33.315,19.453,-0.18,2.175,0.0
ATOM,544.0,CG,LEU,35.0,61.34,34.457,18.58,-0.09,2.275,0.0
ATOM,545.0,CD1,LEU,35.0,61.82,34.259,17.148,-0.27,2.06,0.0
ATOM,546.0,CD2,LEU,35.0,59.824,34.492,18.624,-0.27,2.06,0.01
ATOM,547.0,H,LEU,35.0,62.63,35.016,21.338,0.31,0.2245,0.0
ATOM,548.0,HA,LEU,35.0,60.347,33.326,20.875,0.09,1.32,0.0
ATOM,549.0,HB2,LEU,35.0,62.854,33.389,19.48,0.09,1.32,0.0
ATOM,550.0,HB3,LEU,35.0,61.596,32.459,19.011,0.09,1.32,0.0
ATOM,551.0,HG,LEU,35.0,61.691,35.32,18.93,0.09,1.32,0.0
ATOM,552.0,HD11,LEU,35.0,61.474,33.388,16.798,0.09,1.32,0.0
ATOM,553.0,HD12,LEU,35.0,61.481,35.006,16.576,0.09,1.32,0.0
ATOM,554.0,HD13,LEU,35.0,62.82,34.252,17.129,0.09,1.32,0.0
ATOM,555.0,HD21,LEU,35.0,59.517,34.633,19.567,0.09,1.32,0.0
ATOM,556.0,HD22,LEU,35.0,59.487,35.241,18.051,0.09,1.32,0.0
ATOM,557.0,HD23,LEU,35.0,59.457,33.625,18.283,0.09,1.32,0.0
ATOM,558.0,N,ARG,36.0,62.963,31.833,22.063,-0.47,1.85,0.0
ATOM,559.0,CA,ARG,36.0,63.408,30.597,22.712,0.07,2.275,1.12
ATOM,560.0,C,ARG,36.0,62.519,30.36,23.93,0.51,2.0,0.0
ATOM,561.0,O,ARG,36.0,62.157,29.226,24.242,-0.51,1.7,1.75
ATOM,562.0,CB,ARG,36.0,64.863,30.706,23.18,-0.18,2.175,5.25
ATOM,563.0,CG,ARG,36.0,65.879,31.053,22.102,-0.18,2.175,0.76
ATOM,564.0,CD,ARG,36.0,67.237,31.313,22.752,0.2,2.175,11.07
ATOM,565.0,NE,ARG,36.0,68.188,31.969,21.859,-0.7,1.85,2.75
ATOM,566.0,CZ,ARG,36.0,68.702,31.405,20.773,0.64,2.0,1.75
ATOM,567.0,NH1,ARG,36.0,68.356,30.17,20.441,-0.8,1.85,13.6
ATOM,568.0,NH2,ARG,36.0,69.57,32.074,20.027,-0.8,1.85,14.73
ATOM,569.0,H,ARG,36.0,63.549,32.678,21.976,0.31,0.2245,0.0
ATOM,570.0,HA,ARG,36.0,63.293,29.84,22.078,0.09,1.32,0.28
ATOM,571.0,HB2,ARG,36.0,64.909,31.415,23.888,0.09,1.32,1.51
ATOM,572.0,HB3,ARG,36.0,65.127,29.826,23.581,0.09,1.32,7.37
ATOM,573.0,HG2,ARG,36.0,65.976,30.294,21.479,0.09,1.32,0.49
ATOM,574.0,HG3,ARG,36.0,65.6,31.876,21.634,0.09,1.32,0.0
ATOM,575.0,HD2,ARG,36.0,67.086,31.89,23.556,0.09,1.32,1.22
ATOM,576.0,HD3,ARG,36.0,67.61,30.43,23.043,0.09,1.32,8.8
ATOM,577.0,HE,ARG,36.0,68.471,32.909,22.082,0.44,0.2245,0.0
ATOM,578.0,HH11,ARG,36.0,67.697,29.653,20.979,0.46,0.2245,5.74
ATOM,579.0,HH12,ARG,36.0,68.767,29.742,19.624,0.46,0.2245,8.29
ATOM,580.0,HH21,ARG,36.0,69.82,33.013,20.277,0.46,0.2245,8.07
ATOM,581.0,HH22,ARG,36.0,69.974,31.649,19.22,0.46,0.2245,7.86
ATOM,582.0,N,TRP,37.0,62.177,31.45,24.609,-0.47,1.85,0.0
ATOM,583.0,CA,TRP,37.0,61.314,31.416,25.783,0.07,2.275,0.74
ATOM,584.0,C,TRP,37.0,59.888,31.019,25.382,0.51,2.0,0.0
ATOM,585.0,O,TRP,37.0,59.242,30.221,26.053,-0.51,1.7,0.0
ATOM,586.0,CB,TRP,37.0,61.306,32.793,26.456,-0.18,2.175,4.22
ATOM,587.0,CG,TRP,37.0,60.33,32.931,27.602,-0.03,1.9924,0.86
ATOM,588.0,CD1,TRP,37.0,59.385,33.902,27.754,0.035,1.9924,7.81
ATOM,589.0,CD2,TRP,37.0,60.221,32.083,28.754,-0.02,1.8,1.74
ATOM,590.0,NE1,TRP,37.0,58.697,33.719,28.926,-0.61,1.85,1.48
ATOM,591.0,CE2,TRP,37.0,59.188,32.609,29.561,0.13,1.8,1.59
ATOM,592.0,CE3,TRP,37.0,60.899,30.936,29.185,-0.115,1.9924,8.11
ATOM,593.0,CZ2,TRP,37.0,58.813,32.024,30.774,-0.115,1.9924,5.74
ATOM,594.0,CZ3,TRP,37.0,60.527,30.355,30.392,-0.115,1.9924,11.69
ATOM,595.0,CH2,TRP,37.0,59.494,30.9,31.172,-0.115,1.9924,13.62
ATOM,596.0,H,TRP,37.0,62.582,32.338,24.227,0.31,0.2245,0.0
ATOM,597.0,HA,TRP,37.0,61.659,30.706,26.401,0.09,1.32,0.0
ATOM,598.0,HB2,TRP,37.0,62.213,32.98,26.823,0.09,1.32,8.42
ATOM,599.0,HB3,TRP,37.0,61.06,33.483,25.781,0.09,1.32,0.0
ATOM,600.0,HD1,TRP,37.0,59.216,34.644,27.104,0.115,1.3582,0.0
ATOM,601.0,HE1,TRP,37.0,57.957,34.299,29.265,0.38,0.2245,0.0
ATOM,602.0,HE3,TRP,37.0,61.633,30.539,28.643,0.115,1.3582,0.28
ATOM,603.0,HZ2,TRP,37.0,58.073,32.423,31.321,0.115,1.3582,1.8
ATOM,604.0,HZ3,TRP,37.0,61.004,29.54,30.704,0.115,1.3582,7.65
ATOM,605.0,HH2,TRP,37.0,59.256,30.452,32.034,0.115,1.3582,17.64
ATOM,606.0,N,ALA,38.0,59.4,31.594,24.288,-0.47,1.85,0.0
ATOM,607.0,CA,ALA,38.0,58.063,31.284,23.802,0.07,2.275,0.0
ATOM,608.0,C,ALA,38.0,57.994,29.803,23.446,0.51,2.0,0.0
ATOM,609.0,O,ALA,38.0,57.031,29.108,23.778,-0.51,1.7,0.0
ATOM,610.0,CB,ALA,38.0,57.751,32.129,22.577,-0.27,2.06,0.0
ATOM,611.0,H,ALA,38.0,60.039,32.265,23.824,0.31,0.2245,0.0
ATOM,612.0,HA,ALA,38.0,57.401,31.469,24.528,0.09,1.32,0.0
ATOM,613.0,HB1,ALA,38.0,56.985,31.724,22.077,0.09,1.32,0.0
ATOM,614.0,HB2,ALA,38.0,57.508,33.056,22.863,0.09,1.32,0.0
ATOM,615.0,HB3,ALA,38.0,58.554,32.165,21.982,0.09,1.32,0.0
ATOM,616.0,N,LYS,39.0,59.021,29.319,22.761,-0.47,1.85,0.0
ATOM,617.0,CA,LYS,39.0,59.056,27.921,22.373,0.07,2.275,0.0
ATOM,618.0,C,LYS,39.0,58.982,27.041,23.62,0.51,2.0,0.0
ATOM,619.0,O,LYS,39.0,58.3,26.021,23.626,-0.51,1.7,10.56
ATOM,620.0,CB,LYS,39.0,60.329,27.631,21.586,-0.18,2.175,0.11
ATOM,621.0,CG,LYS,39.0,60.431,26.213,21.078,-0.18,2.175,5.45
ATOM,622.0,CD,LYS,39.0,61.59,26.097,20.106,-0.18,2.175,1.84
ATOM,623.0,CE,LYS,39.0,61.656,24.717,19.474,0.21,2.175,18.12
ATOM,624.0,NZ,LYS,39.0,62.762,24.633,18.482,-0.3,1.85,9.37
ATOM,625.0,H,LYS,39.0,59.764,30.0,22.538,0.31,0.2245,0.0
ATOM,626.0,HA,LYS,39.0,58.264,27.719,21.793,0.09,1.32,0.0
ATOM,627.0,HB2,LYS,39.0,60.359,28.252,20.802,0.09,1.32,0.0
ATOM,628.0,HB3,LYS,39.0,61.112,27.812,22.183,0.09,1.32,0.38
ATOM,629.0,HG2,LYS,39.0,60.59,25.598,21.844,0.09,1.32,6.12
ATOM,630.0,HG3,LYS,39.0,59.59,25.968,20.608,0.09,1.32,2.24
ATOM,631.0,HD2,LYS,39.0,61.474,26.772,19.382,0.09,1.32,0.0
ATOM,632.0,HD3,LYS,39.0,62.441,26.262,20.596,0.09,1.32,7.7
ATOM,633.0,HE2,LYS,39.0,61.806,24.037,20.193,0.05,1.32,11.07
ATOM,634.0,HE3,LYS,39.0,60.787,24.527,19.015,0.05,1.32,10.36
ATOM,635.0,HZ1,LYS,39.0,62.396,24.782,17.564,0.33,0.2245,8.35
ATOM,636.0,HZ2,LYS,39.0,63.445,25.333,18.687,0.33,0.2245,4.72
ATOM,637.0,HZ3,LYS,39.0,63.184,23.728,18.532,0.33,0.2245,20.7
ATOM,638.0,N,GLN,40.0,59.671,27.448,24.681,-0.47,1.85,0.0
ATOM,639.0,CA,GLN,40.0,59.658,26.692,25.934,0.07,2.275,0.83
ATOM,640.0,C,GLN,40.0,58.265,26.625,26.538,0.51,2.0,0.0
ATOM,641.0,O,GLN,40.0,57.981,25.745,27.349,-0.51,1.7,11.74
ATOM,642.0,CB,GLN,40.0,60.57,27.337,26.969,-0.18,2.175,0.61
ATOM,643.0,CG,GLN,40.0,62.006,26.893,26.952,-0.18,2.175,15.44
ATOM,644.0,CD,GLN,40.0,62.759,27.455,28.142,0.55,2.0,2.25
ATOM,645.0,H,GLN,40.0,60.205,28.325,24.548,0.31,0.2245,0.0
ATOM,646.0,HA,GLN,40.0,59.953,25.748,25.727,0.09,1.32,8.23
ATOM,647.0,HB2,GLN,40.0,60.547,28.341,26.833,0.09,1.32,0.0
ATOM,648.0,HB3,GLN,40.0,60.191,27.148,27.891,0.09,1.32,2.76
ATOM,649.0,HG2,GLN,40.0,62.044,25.901,26.996,0.09,1.32,10.12
ATOM,650.0,HG3,GLN,40.0,62.441,27.22,26.12,0.09,1.32,1.74
ATOM,651.0,OE1,GLN,40.0,62.402,27.187,29.295,-0.55,1.7,27.15
ATOM,652.0,NE2,GLN,40.0,63.793,28.251,27.872,-0.62,1.85,18.07
ATOM,653.0,HE21,GLN,40.0,64.334,28.674,28.618,0.32,0.2245,19.85
ATOM,654.0,HE22,GLN,40.0,64.032,28.428,26.897,0.3,0.2245,5.37
ATOM,655.0,N,ASN,41.0,57.402,27.562,26.167,-0.47,1.85,0.0
ATOM,656.0,CA,ASN,41.0,56.061,27.576,26.723,0.07,2.275,0.0
ATOM,657.0,C,ASN,41.0,54.978,26.993,25.826,0.51,2.0,0.0
ATOM,658.0,O,ASN,41.0,53.791,27.19,26.073,-0.51,1.7,0.0
ATOM,659.0,CB,ASN,41.0,55.691,28.991,27.167,-0.18,2.175,0.0
ATOM,660.0,CG,ASN,41.0,56.449,29.422,28.416,0.55,2.0,0.08
ATOM,661.0,OD1,ASN,41.0,55.981,29.245,29.544,-0.55,1.7,4.11
ATOM,662.0,ND2,ASN,41.0,57.614,30.01,28.212,-0.62,1.85,0.29
ATOM,663.0,H,ASN,41.0,57.754,28.244,25.482,0.31,0.2245,0.0
ATOM,664.0,HA,ASN,41.0,56.082,27.002,27.571,0.09,1.32,0.0
ATOM,665.0,HB2,ASN,41.0,55.912,29.622,26.431,0.09,1.32,0.0
ATOM,666.0,HB3,ASN,41.0,54.717,29.016,27.365,0.09,1.32,0.0
ATOM,667.0,HD22,ASN,41.0,57.954,30.157,27.282,0.3,0.2245,0.0
ATOM,668.0,HD21,ASN,41.0,58.168,30.314,28.992,0.32,0.2245,0.0
ATOM,669.0,N,GLY,42.0,55.384,26.278,24.786,-0.47,1.85,1.27
ATOM,670.0,CA,GLY,42.0,54.411,25.648,23.913,-0.02,2.175,4.61
ATOM,671.0,C,GLY,42.0,54.07,26.309,22.589,0.51,2.0,0.85
ATOM,672.0,O,GLY,42.0,53.201,25.824,21.866,-0.51,1.7,7.79
ATOM,673.0,H,GLY,42.0,56.403,26.214,24.661,0.31,0.2245,0.0
ATOM,674.0,HA2,GLY,42.0,54.722,24.67,23.722,0.09,1.32,9.48
ATOM,675.0,HA3,GLY,42.0,53.526,25.509,24.449,0.09,1.32,0.0
ATOM,676.0,N,PHE,43.0,54.724,27.413,22.259,-0.47,1.85,0.0
ATOM,677.0,CA,PHE,43.0,54.431,28.07,20.995,0.07,2.275,0.0
ATOM,678.0,C,PHE,43.0,55.228,27.402,19.897,0.51,2.0,0.22
ATOM,679.0,O,PHE,43.0,56.427,27.165,20.043,-0.51,1.7,2.77
ATOM,680.0,CB,PHE,43.0,54.765,29.553,21.077,-0.18,2.175,0.0
ATOM,681.0,CG,PHE,43.0,53.776,30.339,21.884,0.0,1.9924,0.0
ATOM,682.0,CD1,PHE,43.0,52.519,30.635,21.36,-0.115,1.9924,0.0
ATOM,683.0,CD2,PHE,43.0,54.099,30.782,23.16,-0.115,1.9924,0.0
ATOM,684.0,CE1,PHE,43.0,51.603,31.363,22.094,-0.115,1.9924,0.0
ATOM,685.0,CE2,PHE,43.0,53.187,31.512,23.907,-0.115,1.9924,0.0
ATOM,686.0,CZ,PHE,43.0,51.938,31.804,23.374,-0.115,1.9924,0.0
ATOM,687.0,H,PHE,43.0,55.417,27.744,22.938,0.31,0.2245,0.0
ATOM,688.0,HA,PHE,43.0,53.464,27.906,20.797,0.09,1.32,0.0
ATOM,689.0,HB2,PHE,43.0,55.65,29.643,21.505,0.09,1.32,0.0
ATOM,690.0,HB3,PHE,43.0,54.768,29.916,20.159,0.09,1.32,0.0
ATOM,691.0,HD1,PHE,43.0,52.279,30.317,20.447,0.115,1.3582,0.0
ATOM,692.0,HD2,PHE,43.0,54.998,30.571,23.544,0.115,1.3582,0.0
ATOM,693.0,HE1,PHE,43.0,50.7,31.575,21.706,0.115,1.3582,0.0
ATOM,694.0,HE2,PHE,43.0,53.435,31.83,24.834,0.115,1.3582,0.0
ATOM,695.0,HZ,PHE,43.0,51.274,32.33,23.904,0.115,1.3582,0.0
ATOM,696.0,N,TYR,44.0,54.548,27.087,18.802,-0.47,1.85,0.0
ATOM,697.0,CA,TYR,44.0,55.186,26.425,17.682,0.07,2.275,1.51
ATOM,698.0,C,TYR,44.0,55.798,27.398,16.686,0.51,2.0,0.0
ATOM,699.0,O,TYR,44.0,56.862,27.135,16.128,-0.51,1.7,2.81
ATOM,700.0,CB,TYR,44.0,54.173,25.549,16.955,-0.18,2.175,0.25
ATOM,701.0,CG,TYR,44.0,54.767,24.847,15.765,0.0,1.9924,0.0
ATOM,702.0,CD1,TYR,44.0,55.706,23.825,15.935,-0.115,1.9924,5.49
ATOM,703.0,CD2,TYR,44.0,54.4,25.205,14.473,-0.115,1.9924,0.0
ATOM,704.0,CE1,TYR,44.0,56.261,23.177,14.843,-0.115,1.9924,8.06
ATOM,705.0,CE2,TYR,44.0,54.949,24.563,13.371,-0.115,1.9924,2.27
ATOM,706.0,CZ,TYR,44.0,55.88,23.549,13.562,0.11,1.9924,0.0
ATOM,707.0,OH,TYR,44.0,56.424,22.907,12.471,-0.54,1.77,14.39
ATOM,708.0,H,TYR,44.0,53.544,27.351,18.821,0.31,0.2245,0.0
ATOM,709.0,HA,TYR,44.0,55.932,25.836,18.042,0.09,1.32,3.67
ATOM,710.0,HB2,TYR,44.0,53.839,24.864,17.59,0.09,1.32,3.49
ATOM,711.0,HB3,TYR,44.0,53.429,26.126,16.639,0.09,1.32,0.0
ATOM,712.0,HD1,TYR,44.0,55.98,23.559,16.86,0.115,1.3582,12.46
ATOM,713.0,HD2,TYR,44.0,53.732,25.933,14.335,0.115,1.3582,0.0
ATOM,714.0,HE1,TYR,44.0,56.93,22.445,14.976,0.115,1.3582,16.56
ATOM,715.0,HE2,TYR,44.0,54.679,24.827,12.447,0.115,1.3582,1.18
ATOM,716.0,HH,TYR,44.0,56.101,23.35,11.637,0.43,0.2245,7.65
ATOM,717.0,N,ALA,45.0,55.113,28.509,16.449,-0.47,1.85,0.0
ATOM,718.0,CA,ALA,45.0,55.602,29.508,15.507,0.07,2.275,0.0
ATOM,719.0,C,ALA,45.0,55.077,30.901,15.832,0.51,2.0,0.0
ATOM,720.0,O,ALA,45.0,54.088,31.065,16.555,-0.51,1.7,0.0
ATOM,721.0,CB,ALA,45.0,55.197,29.122,14.09,-0.27,2.06,0.0
ATOM,722.0,H,ALA,45.0,54.227,28.602,16.976,0.31,0.2245,0.0
ATOM,723.0,HA,ALA,45.0,56.612,29.528,15.55,0.09,1.32,0.0
ATOM,724.0,HB1,ALA,45.0,55.915,28.56,13.679,0.09,1.32,0.0
ATOM,725.0,HB2,ALA,45.0,54.343,28.603,14.117,0.09,1.32,0.0
ATOM,726.0,HB3,ALA,45.0,55.067,29.949,13.543,0.09,1.32,0.0
ATOM,727.0,N,ILE,46.0,55.754,31.905,15.288,-0.47,1.85,0.0
ATOM,728.0,CA,ILE,46.0,55.344,33.283,15.492,0.07,2.275,0.0
ATOM,729.0,C,ILE,46.0,54.753,33.793,14.182,0.51,2.0,0.0
ATOM,730.0,O,ILE,46.0,55.386,33.697,13.131,-0.51,1.7,0.0
ATOM,731.0,CB,ILE,46.0,56.544,34.165,15.913,-0.09,2.275,0.0
ATOM,732.0,CG1,ILE,46.0,56.066,35.594,16.181,-0.18,2.175,0.0
ATOM,733.0,CG2,ILE,46.0,57.618,34.139,14.835,-0.27,2.06,0.0
ATOM,734.0,CD1,ILE,46.0,57.126,36.497,16.763,-0.27,2.06,0.0
ATOM,735.0,H,ILE,46.0,56.575,31.625,14.723,0.31,0.2245,0.0
ATOM,736.0,HA,ILE,46.0,54.599,33.264,16.15,0.09,1.32,0.0
ATOM,737.0,HB,ILE,46.0,56.909,33.797,16.757,0.09,1.32,0.0
ATOM,738.0,HG12,ILE,46.0,55.742,35.984,15.319,0.09,1.32,0.0
ATOM,739.0,HG13,ILE,46.0,55.295,35.55,16.818,0.09,1.32,0.0
ATOM,740.0,HG21,ILE,46.0,58.399,34.687,15.129,0.09,1.32,0.0
ATOM,741.0,HG22,ILE,46.0,57.912,33.197,14.68,0.09,1.32,0.0
ATOM,742.0,HG23,ILE,46.0,57.249,34.516,13.987,0.09,1.32,0.0
ATOM,743.0,HD11,ILE,46.0,57.897,36.558,16.129,0.09,1.32,0.0
ATOM,744.0,HD12,ILE,46.0,56.743,37.409,16.91,0.09,1.32,0.0
ATOM,745.0,HD13,ILE,46.0,57.44,36.123,17.635,0.09,1.32,0.0
ATOM,746.0,N,THR,47.0,53.523,34.298,14.235,-0.47,1.85,0.0
ATOM,747.0,CA,THR,47.0,52.885,34.824,13.033,0.07,2.275,0.0
ATOM,748.0,C,THR,47.0,53.183,36.318,13.0,0.51,2.0,0.0
ATOM,749.0,O,THR,47.0,53.108,36.995,14.028,-0.51,1.7,0.06
ATOM,750.0,CB,THR,47.0,51.367,34.596,13.051,0.14,2.275,0.2
ATOM,751.0,OG1,THR,47.0,50.747,35.538,13.931,-0.66,1.77,0.32
ATOM,752.0,CG2,THR,47.0,51.061,33.193,13.529,-0.27,2.06,0.0
ATOM,753.0,H,THR,47.0,53.079,34.285,15.165,0.31,0.2245,0.0
ATOM,754.0,HA,THR,47.0,53.301,34.402,12.239,0.09,1.32,0.0
ATOM,755.0,HB,THR,47.0,50.999,34.749,12.11,0.09,1.32,0.0
ATOM,756.0,HG21,THR,47.0,51.793,32.566,13.248,0.09,1.32,0.0
ATOM,757.0,HG22,THR,47.0,50.987,33.179,14.53,0.09,1.32,0.0
ATOM,758.0,HG23,THR,47.0,50.194,32.877,13.135,0.09,1.32,0.07
ATOM,759.0,HG1,THR,47.0,51.178,35.506,14.839,0.43,0.2245,0.0
ATOM,760.0,N,VAL,48.0,53.521,36.831,11.823,-0.47,1.85,0.0
ATOM,761.0,CA,VAL,48.0,53.88,38.237,11.705,0.07,2.275,0.31
ATOM,762.0,C,VAL,48.0,53.374,38.889,10.433,0.51,2.0,0.0
ATOM,763.0,O,VAL,48.0,53.339,38.258,9.371,-0.51,1.7,0.0
ATOM,764.0,CB,VAL,48.0,55.424,38.384,11.756,-0.09,2.275,0.0
ATOM,765.0,CG1,VAL,48.0,56.054,37.482,10.709,-0.27,2.06,0.0
ATOM,766.0,CG2,VAL,48.0,55.841,39.827,11.51,-0.27,2.06,2.57
ATOM,767.0,H,VAL,48.0,53.507,36.17,11.032,0.31,0.2245,0.0
ATOM,768.0,HA,VAL,48.0,53.47,38.732,12.495,0.09,1.32,1.17
ATOM,769.0,HB,VAL,48.0,55.723,38.06,12.643,0.09,1.32,0.0
ATOM,770.0,HG11,VAL,48.0,55.761,37.771,9.797,0.09,1.32,0.0
ATOM,771.0,HG12,VAL,48.0,57.051,37.541,10.771,0.09,1.32,0.0
ATOM,772.0,HG13,VAL,48.0,55.768,36.536,10.865,0.09,1.32,0.0
ATOM,773.0,HG21,VAL,48.0,55.112,40.301,11.016,0.09,1.32,0.0
ATOM,774.0,HG22,VAL,48.0,56.002,40.278,12.388,0.09,1.32,1.0
ATOM,775.0,HG23,VAL,48.0,56.68,39.84,10.966,0.09,1.32,0.0
ATOM,776.0,N,ASP,49.0,52.989,40.157,10.552,-0.47,1.85,0.0
ATOM,777.0,CA,ASP,49.0,52.512,40.939,9.418,0.07,2.275,0.0
ATOM,778.0,C,ASP,49.0,53.69,41.536,8.664,0.51,2.0,0.0
ATOM,779.0,O,ASP,49.0,54.572,42.141,9.279,-0.51,1.7,4.77
ATOM,780.0,CB,ASP,49.0,51.657,42.143,9.85,-0.28,2.175,0.0
ATOM,781.0,CG,ASP,49.0,50.356,41.752,10.488,0.62,2.0,0.0
ATOM,782.0,OD1,ASP,49.0,50.325,41.624,11.726,-0.76,1.7,6.42
ATOM,783.0,OD2,ASP,49.0,49.365,41.577,9.748,-0.76,1.7,6.5
ATOM,784.0,H,ASP,49.0,53.058,40.54,11.521,0.31,0.2245,0.55
ATOM,785.0,HA,ASP,49.0,52.051,40.305,8.791,0.09,1.32,0.0
ATOM,786.0,HB2,ASP,49.0,52.195,42.674,10.5,0.09,1.32,0.4
ATOM,787.0,HB3,ASP,49.0,51.474,42.688,9.036,0.09,1.32,0.0
ATOM,788.0,N,PHE,50.0,53.704,41.361,7.347,-0.47,1.85,0.0
ATOM,789.0,CA,PHE,50.0,54.715,41.988,6.509,0.07,2.275,0.77
ATOM,790.0,C,PHE,50.0,53.854,42.93,5.674,0.51,2.0,0.0
ATOM,791.0,O,PHE,50.0,53.119,42.503,4.785,-0.51,1.7,0.0
ATOM,792.0,CB,PHE,50.0,55.455,40.957,5.651,-0.18,2.175,0.2
ATOM,793.0,CG,PHE,50.0,56.447,40.136,6.431,0.0,1.9924,0.0
ATOM,794.0,CD1,PHE,50.0,57.297,40.75,7.357,-0.115,1.9924,0.79
ATOM,795.0,CD2,PHE,50.0,56.53,38.759,6.263,-0.115,1.9924,0.0
ATOM,796.0,CE1,PHE,50.0,58.207,39.999,8.101,-0.115,1.9924,0.0
ATOM,797.0,CE2,PHE,50.0,57.439,37.994,7.004,-0.115,1.9924,0.0
ATOM,798.0,CZ,PHE,50.0,58.278,38.617,7.926,-0.115,1.9924,0.0
ATOM,799.0,H,PHE,50.0,52.949,40.753,6.979,0.31,0.2245,0.0
ATOM,800.0,HA,PHE,50.0,55.263,42.548,7.086,0.09,1.32,0.41
ATOM,801.0,HB2,PHE,50.0,54.784,40.344,5.269,0.09,1.32,0.0
ATOM,802.0,HB3,PHE,50.0,55.947,41.445,4.949,0.09,1.32,0.0
ATOM,803.0,HD1,PHE,50.0,57.253,41.734,7.49,0.115,1.3582,1.01
ATOM,804.0,HD2,PHE,50.0,55.932,38.302,5.604,0.115,1.3582,0.0
ATOM,805.0,HE1,PHE,50.0,58.809,40.46,8.76,0.115,1.3582,0.0
ATOM,806.0,HE2,PHE,50.0,57.481,36.996,6.864,0.115,1.3582,0.0
ATOM,807.0,HZ,PHE,50.0,58.926,38.082,8.46,0.115,1.3582,0.0
ATOM,808.0,N,TRP,51.0,53.914,44.216,6.011,-0.47,1.85,0.14
ATOM,809.0,CA,TRP,51.0,53.105,45.235,5.361,0.07,2.275,0.0
ATOM,810.0,C,TRP,51.0,53.447,45.554,3.918,0.51,2.0,0.0
ATOM,811.0,O,TRP,51.0,54.606,45.756,3.569,-0.51,1.7,0.0
ATOM,812.0,CB,TRP,51.0,53.143,46.527,6.185,-0.18,2.175,0.0
ATOM,813.0,CG,TRP,51.0,52.787,46.286,7.607,-0.03,1.9924,0.0
ATOM,814.0,CD1,TRP,51.0,53.648,46.154,8.66,0.035,1.9924,3.21
ATOM,815.0,CD2,TRP,51.0,51.477,46.029,8.124,-0.02,1.8,0.0
ATOM,816.0,NE1,TRP,51.0,52.955,45.823,9.797,-0.61,1.85,0.23
ATOM,817.0,CE2,TRP,51.0,51.621,45.737,9.496,0.13,1.8,0.0
ATOM,818.0,CE3,TRP,51.0,50.194,46.009,7.557,-0.115,1.9924,0.0
ATOM,819.0,CZ2,TRP,51.0,50.53,45.425,10.313,-0.115,1.9924,0.0
ATOM,820.0,CZ3,TRP,51.0,49.107,45.701,8.37,-0.115,1.9924,0.0
ATOM,821.0,CH2,TRP,51.0,49.283,45.415,9.732,-0.115,1.9924,0.0
ATOM,822.0,H,TRP,51.0,54.59,44.427,6.78,0.31,0.2245,1.63
ATOM,823.0,HA,TRP,51.0,52.129,44.907,5.379,0.09,1.32,0.0
ATOM,824.0,HB2,TRP,51.0,54.059,46.892,6.16,0.09,1.32,0.0
ATOM,825.0,HB3,TRP,51.0,52.486,47.161,5.811,0.09,1.32,0.0
ATOM,826.0,HD1,TRP,51.0,54.637,46.28,8.61,0.115,1.3582,1.84
ATOM,827.0,HE1,TRP,51.0,53.356,45.669,10.7,0.38,0.2245,1.71
ATOM,828.0,HE3,TRP,51.0,50.056,46.211,6.592,0.115,1.3582,0.0
ATOM,829.0,HZ2,TRP,51.0,50.667,45.218,11.284,0.115,1.3582,0.0
ATOM,830.0,HZ3,TRP,51.0,48.196,45.684,7.974,0.115,1.3582,0.0
ATOM,831.0,HH2,TRP,51.0,48.479,45.2,10.286,0.115,1.3582,3.76
ATOM,832.0,N,TRP,52.0,52.415,45.603,3.085,-0.47,1.85,0.0
ATOM,833.0,CA,TRP,52.0,52.591,45.917,1.68,0.07,2.275,0.0
ATOM,834.0,C,TRP,52.0,53.226,47.308,1.613,0.51,2.0,0.0
ATOM,835.0,O,TRP,52.0,54.115,47.564,0.8,-0.51,1.7,0.0
ATOM,836.0,CB,TRP,52.0,51.23,45.904,0.973,-0.18,2.175,0.03
ATOM,837.0,CG,TRP,52.0,51.317,46.002,-0.524,-0.03,1.9924,0.0
ATOM,838.0,CD1,TRP,52.0,52.442,45.881,-1.295,0.035,1.9924,0.0
ATOM,839.0,CD2,TRP,52.0,50.234,46.244,-1.43,-0.02,1.8,0.0
ATOM,840.0,NE1,TRP,52.0,52.128,46.041,-2.622,-0.61,1.85,0.0
ATOM,841.0,CE2,TRP,52.0,50.78,46.267,-2.736,0.13,1.8,0.0
ATOM,842.0,CE3,TRP,52.0,48.856,46.451,-1.265,-0.115,1.9924,0.0
ATOM,843.0,CZ2,TRP,52.0,49.996,46.485,-3.875,-0.115,1.9924,0.05
ATOM,844.0,CZ3,TRP,52.0,48.072,46.67,-2.402,-0.115,1.9924,0.0
ATOM,845.0,CH2,TRP,52.0,48.65,46.687,-3.689,-0.115,1.9924,0.0
ATOM,846.0,H,TRP,52.0,51.494,45.401,3.52,0.31,0.2245,0.0
ATOM,847.0,HA,TRP,52.0,53.242,45.275,1.297,0.09,1.32,0.0
ATOM,848.0,HB2,TRP,52.0,50.765,45.052,1.186,0.09,1.32,0.0
ATOM,849.0,HB3,TRP,52.0,50.696,46.681,1.289,0.09,1.32,0.0
ATOM,850.0,HD1,TRP,52.0,53.359,45.702,-0.943,0.115,1.3582,0.0
ATOM,851.0,HE1,TRP,52.0,52.774,46.0,-3.383,0.38,0.2245,0.0
ATOM,852.0,HE3,TRP,52.0,48.438,46.443,-0.365,0.115,1.3582,0.0
ATOM,853.0,HZ2,TRP,52.0,50.417,46.491,-4.785,0.115,1.3582,0.0
ATOM,854.0,HZ3,TRP,52.0,47.098,46.815,-2.296,0.115,1.3582,0.0
ATOM,855.0,HH2,TRP,52.0,48.056,46.85,-4.476,0.115,1.3582,0.0
ATOM,856.0,N,GLY,53.0,52.767,48.193,2.497,-0.47,1.85,0.0
ATOM,857.0,CA,GLY,53.0,53.294,49.544,2.551,-0.02,2.175,1.45
ATOM,858.0,C,GLY,53.0,54.793,49.581,2.783,0.51,2.0,0.0
ATOM,859.0,O,GLY,53.0,55.439,50.596,2.525,-0.51,1.7,0.17
ATOM,860.0,H,GLY,53.0,52.022,47.837,3.122,0.31,0.2245,0.0
ATOM,861.0,HA2,GLY,53.0,53.079,50.024,1.682,0.09,1.32,0.0
ATOM,862.0,HA3,GLY,53.0,52.829,50.058,3.294,0.09,1.32,0.0
ATOM,863.0,N,ASP,54.0,55.352,48.486,3.28,-0.47,1.85,0.0
ATOM,864.0,CA,ASP,54.0,56.787,48.409,3.516,0.07,2.275,0.59
ATOM,865.0,C,ASP,54.0,57.528,47.72,2.37,0.51,2.0,0.0
ATOM,866.0,O,ASP,54.0,58.619,48.138,1.989,-0.51,1.7,7.82
ATOM,867.0,CB,ASP,54.0,57.099,47.634,4.804,-0.28,2.175,4.66
ATOM,868.0,CG,ASP,54.0,56.868,48.449,6.053,0.62,2.0,0.0
ATOM,869.0,OD1,ASP,54.0,57.05,49.688,6.012,-0.76,1.7,8.27
ATOM,870.0,OD2,ASP,54.0,56.525,47.834,7.085,-0.76,1.7,1.46
ATOM,871.0,H,ASP,54.0,54.695,47.71,3.481,0.31,0.2245,0.0
ATOM,872.0,HA,ASP,54.0,57.136,49.358,3.562,0.09,1.32,0.01
ATOM,873.0,HB2,ASP,54.0,56.509,46.833,4.826,0.09,1.32,0.0
ATOM,874.0,HB3,ASP,54.0,58.054,47.358,4.768,0.09,1.32,2.85
ATOM,875.0,N,MET,55.0,56.929,46.672,1.817,-0.47,1.85,0.0
ATOM,876.0,CA,MET,55.0,57.571,45.897,0.762,0.07,2.275,0.0
ATOM,877.0,C,MET,55.0,57.55,46.444,-0.661,0.51,2.0,0.0
ATOM,878.0,O,MET,55.0,58.3,45.964,-1.514,-0.51,1.7,0.0
ATOM,879.0,CB,MET,55.0,57.001,44.479,0.771,-0.18,2.175,0.0
ATOM,880.0,CG,MET,55.0,57.146,43.8,2.126,-0.14,2.175,3.36
ATOM,881.0,SD,MET,55.0,56.629,42.088,2.123,-0.09,2.0,0.0
ATOM,882.0,CE,MET,55.0,54.821,42.295,2.06,-0.22,2.06,0.03
ATOM,883.0,H,MET,55.0,55.986,46.458,2.193,0.31,0.2245,0.0
ATOM,884.0,HA,MET,55.0,58.566,45.771,1.03,0.09,1.32,0.0
ATOM,885.0,HB2,MET,55.0,56.027,44.515,0.536,0.09,1.32,0.0
ATOM,886.0,HB3,MET,55.0,57.483,43.928,0.086,0.09,1.32,0.0
ATOM,887.0,HG2,MET,55.0,58.129,43.89,2.425,0.09,1.32,1.57
ATOM,888.0,HG3,MET,55.0,56.611,44.347,2.817,0.09,1.32,0.0
ATOM,889.0,HE1,MET,55.0,54.419,41.849,2.855,0.09,1.32,0.0
ATOM,890.0,HE2,MET,55.0,54.609,43.268,2.069,0.09,1.32,0.0
ATOM,891.0,HE3,MET,55.0,54.479,41.878,1.223,0.09,1.32,0.0
ATOM,892.0,N,GLU,56.0,56.711,47.437,-0.925,-0.47,1.85,0.0
ATOM,893.0,CA,GLU,56.0,56.624,48.02,-2.261,0.07,2.275,0.0
ATOM,894.0,C,GLU,56.0,56.258,49.495,-2.132,0.51,2.0,0.0
ATOM,895.0,O,GLU,56.0,55.426,50.003,-2.885,-0.51,1.7,0.0
ATOM,896.0,CB,GLU,56.0,55.549,47.289,-3.078,-0.18,2.175,0.0
ATOM,897.0,CG,GLU,56.0,55.848,47.169,-4.571,-0.28,2.175,0.0
ATOM,898.0,CD,GLU,56.0,54.711,46.522,-5.358,0.62,2.0,0.0
ATOM,899.0,OE1,GLU,56.0,54.084,45.573,-4.851,-0.76,1.7,0.0
ATOM,900.0,OE2,GLU,56.0,54.453,46.957,-6.499,-0.76,1.7,0.0
ATOM,901.0,H,GLU,56.0,56.138,47.755,-0.123,0.31,0.2245,0.0
ATOM,902.0,HA,GLU,56.0,57.502,47.933,-2.727,0.09,1.32,0.0
ATOM,903.0,HB2,GLU,56.0,55.47,46.374,-2.717,0.09,1.32,0.0
ATOM,904.0,HB3,GLU,56.0,54.707,47.793,-2.984,0.09,1.32,0.0
ATOM,905.0,HG2,GLU,56.0,55.979,48.073,-4.932,0.09,1.32,0.0
ATOM,906.0,HG3,GLU,56.0,56.643,46.602,-4.683,0.09,1.32,0.0
ATOM,907.0,N,LYS,57.0,56.891,50.184,-1.185,-0.47,1.85,0.0
ATOM,908.0,CA,LYS,57.0,56.602,51.592,-0.929,0.07,2.275,0.0
ATOM,909.0,C,LYS,57.0,56.902,52.564,-2.068,0.51,2.0,0.0
ATOM,910.0,O,LYS,57.0,56.019,53.292,-2.526,-0.51,1.7,3.67
ATOM,911.0,CB,LYS,57.0,57.348,52.068,0.324,-0.18,2.175,1.09
ATOM,912.0,CG,LYS,57.0,56.95,53.47,0.776,-0.18,2.175,8.2
ATOM,913.0,CD,LYS,57.0,57.889,54.022,1.846,-0.18,2.175,17.12
ATOM,914.0,CE,LYS,57.0,57.947,53.128,3.079,0.21,2.175,16.99
ATOM,915.0,NZ,LYS,57.0,56.635,53.008,3.791,-0.3,1.85,7.59
ATOM,916.0,H,LYS,57.0,57.599,49.64,-0.652,0.31,0.2245,1.23
ATOM,917.0,HA,LYS,57.0,55.605,51.679,-0.688,0.09,1.32,0.0
ATOM,918.0,HB2,LYS,57.0,57.15,51.433,1.064,0.09,1.32,0.0
ATOM,919.0,HB3,LYS,57.0,58.323,52.069,0.124,0.09,1.32,3.14
ATOM,920.0,HG2,LYS,57.0,56.968,54.085,-0.016,0.09,1.32,3.76
ATOM,921.0,HG3,LYS,57.0,56.02,53.441,1.148,0.09,1.32,3.69
ATOM,922.0,HD2,LYS,57.0,58.806,54.092,1.462,0.09,1.32,5.76
ATOM,923.0,HD3,LYS,57.0,57.566,54.923,2.123,0.09,1.32,10.53
ATOM,924.0,HE2,LYS,57.0,58.251,52.207,2.799,0.05,1.32,1.64
ATOM,925.0,HE3,LYS,57.0,58.632,53.501,3.72,0.05,1.32,12.19
ATOM,926.0,HZ1,LYS,57.0,56.803,52.893,4.768,0.33,0.2245,11.94
ATOM,927.0,HZ2,LYS,57.0,56.101,53.836,3.634,0.33,0.2245,14.3
ATOM,928.0,HZ3,LYS,57.0,56.142,52.216,3.437,0.33,0.2245,0.0
ATOM,929.0,N,ASN,58.0,58.155,52.574,-2.512,-0.47,1.85,0.0
ATOM,930.0,CA,ASN,58.0,58.604,53.484,-3.563,0.07,2.275,0.89
ATOM,931.0,C,ASN,58.0,57.717,53.539,-4.802,0.51,2.0,0.0
ATOM,932.0,O,ASN,58.0,57.223,54.604,-5.175,-0.51,1.7,25.1
ATOM,933.0,CB,ASN,58.0,60.042,53.144,-3.974,-0.18,2.175,2.81
ATOM,934.0,CG,ASN,58.0,61.025,53.237,-2.808,0.55,2.0,1.96
ATOM,935.0,H,ASN,58.0,58.784,51.883,-2.05,0.31,0.2245,0.57
ATOM,936.0,HA,ASN,58.0,58.607,54.424,-3.16,0.09,1.32,7.5
ATOM,937.0,HB2,ASN,58.0,60.058,52.214,-4.325,0.09,1.32,0.0
ATOM,938.0,HB3,ASN,58.0,60.329,53.785,-4.678,0.09,1.32,3.64
ATOM,939.0,OD1,ASN,58.0,60.967,54.171,-2.004,-0.55,1.7,28.86
ATOM,940.0,ND2,ASN,58.0,61.941,52.272,-2.722,-0.62,1.85,18.33
ATOM,941.0,HD22,ASN,58.0,61.956,51.544,-3.41,0.3,0.2245,5.21
ATOM,942.0,HD21,ASN,58.0,62.605,52.276,-1.98,0.32,0.2245,21.42
ATOM,943.0,N,GLY,59.0,57.519,52.397,-5.442,-0.47,1.85,0.0
ATOM,944.0,CA,GLY,59.0,56.697,52.375,-6.631,-0.02,2.175,3.53
ATOM,945.0,C,GLY,59.0,56.451,50.96,-7.101,0.51,2.0,0.0
ATOM,946.0,O,GLY,59.0,56.972,50.005,-6.524,-0.51,1.7,0.0
ATOM,947.0,H,GLY,59.0,57.98,51.573,-5.036,0.31,0.2245,0.0
ATOM,948.0,HA2,GLY,59.0,55.811,52.823,-6.439,0.09,1.32,0.0
ATOM,949.0,HA3,GLY,59.0,57.152,52.898,-7.367,0.09,1.32,5.69
ATOM,950.0,N,ASP,60.0,55.657,50.825,-8.152,-0.47,1.85,1.5
ATOM,951.0,CA,ASP,60.0,55.338,49.513,-8.688,0.07,2.275,0.0
ATOM,952.0,C,ASP,60.0,56.61,48.73,-9.006,0.51,2.0,0.0
ATOM,953.0,O,ASP,60.0,57.526,49.237,-9.657,-0.51,1.7,12.27
ATOM,954.0,CB,ASP,60.0,54.459,49.666,-9.936,-0.28,2.175,9.47
ATOM,955.0,CG,ASP,60.0,53.98,48.333,-10.484,0.62,2.0,0.0
ATOM,956.0,OD1,ASP,60.0,53.755,47.402,-9.686,-0.76,1.7,0.0
ATOM,957.0,OD2,ASP,60.0,53.813,48.222,-11.715,-0.76,1.7,18.08
ATOM,958.0,H,ASP,60.0,55.294,51.712,-8.546,0.31,0.2245,7.02
ATOM,959.0,HA,ASP,60.0,54.853,49.002,-7.968,0.09,1.32,0.0
ATOM,960.0,HB2,ASP,60.0,53.668,50.212,-9.688,0.09,1.32,0.45
ATOM,961.0,HB3,ASP,60.0,54.995,50.125,-10.634,0.09,1.32,8.73
ATOM,962.0,N,GLN,61.0,56.659,47.497,-8.51,-0.47,1.85,0.0
ATOM,963.0,CA,GLN,61.0,57.791,46.605,-8.72,0.07,2.275,0.0
ATOM,964.0,C,GLN,61.0,59.088,46.994,-8.014,0.51,2.0,0.0
ATOM,965.0,O,GLN,61.0,60.127,46.373,-8.241,-0.51,1.7,16.77
ATOM,966.0,CB,GLN,61.0,58.049,46.427,-10.214,-0.18,2.175,12.38
ATOM,967.0,CG,GLN,61.0,56.906,45.745,-10.948,-0.18,2.175,9.84
ATOM,968.0,CD,GLN,61.0,56.452,44.459,-10.274,0.55,2.0,0.0
ATOM,969.0,H,GLN,61.0,55.813,47.224,-7.956,0.31,0.2245,0.0
ATOM,970.0,HA,GLN,61.0,57.523,45.676,-8.376,0.09,1.32,0.0
ATOM,971.0,HB2,GLN,61.0,58.191,47.327,-10.626,0.09,1.32,3.59
ATOM,972.0,HB3,GLN,61.0,58.872,45.871,-10.335,0.09,1.32,6.32
ATOM,973.0,HG2,GLN,61.0,56.128,46.373,-10.987,0.09,1.32,0.0
ATOM,974.0,HG3,GLN,61.0,57.205,45.527,-11.878,0.09,1.32,9.1
ATOM,975.0,OE1,GLN,61.0,55.705,44.485,-9.294,-0.55,1.7,0.0
ATOM,976.0,NE2,GLN,61.0,56.91,43.325,-10.794,-0.62,1.85,12.92
ATOM,977.0,HE21,GLN,61.0,56.661,42.428,-10.388,0.32,0.2245,7.46
ATOM,978.0,HE22,GLN,61.0,57.518,43.37,-11.61,0.3,0.2245,17.02
ATOM,979.0,N,GLN,62.0,59.029,48.018,-7.165,-0.47,1.85,0.0
ATOM,980.0,CA,GLN,62.0,60.198,48.446,-6.397,0.07,2.275,2.33
ATOM,981.0,C,GLN,62.0,60.087,47.818,-5.009,0.51,2.0,0.25
ATOM,982.0,O,GLN,62.0,59.624,48.447,-4.056,-0.51,1.7,0.84
ATOM,983.0,CB,GLN,62.0,60.241,49.964,-6.29,-0.18,2.175,1.5
ATOM,984.0,CG,GLN,62.0,60.806,50.629,-7.52,-0.18,2.175,12.94
ATOM,985.0,CD,GLN,62.0,60.843,52.129,-7.38,0.55,2.0,1.95
ATOM,986.0,H,GLN,62.0,58.101,48.476,-7.097,0.31,0.2245,0.0
ATOM,987.0,HA,GLN,62.0,61.008,48.076,-6.835,0.09,1.32,4.37
ATOM,988.0,HB2,GLN,62.0,59.311,50.303,-6.147,0.09,1.32,0.0
ATOM,989.0,HB3,GLN,62.0,60.81,50.215,-5.506,0.09,1.32,0.2
ATOM,990.0,HG2,GLN,62.0,61.737,50.299,-7.668,0.09,1.32,7.86
ATOM,991.0,HG3,GLN,62.0,60.236,50.394,-8.306,0.09,1.32,1.45
ATOM,992.0,OE1,GLN,62.0,59.827,52.807,-7.549,-0.55,1.7,15.72
ATOM,993.0,NE2,GLN,62.0,62.016,52.66,-7.05,-0.62,1.85,16.91
ATOM,994.0,HE21,GLN,62.0,62.125,53.669,-6.95,0.32,0.2245,18.57
ATOM,995.0,HE22,GLN,62.0,62.81,52.042,-6.897,0.3,0.2245,15.06
ATOM,996.0,N,PHE,63.0,60.526,46.57,-4.913,-0.47,1.85,0.47
ATOM,997.0,CA,PHE,63.0,60.433,45.805,-3.683,0.07,2.275,0.0
ATOM,998.0,C,PHE,63.0,61.558,45.957,-2.673,0.51,2.0,0.09
ATOM,999.0,O,PHE,63.0,62.685,46.316,-3.013,-0.51,1.7,28.78
ATOM,1000.0,CB,PHE,63.0,60.274,44.324,-4.027,-0.18,2.175,1.33
ATOM,1001.0,CG,PHE,63.0,59.029,44.012,-4.809,0.0,1.9924,0.0
ATOM,1002.0,CD1,PHE,63.0,57.77,44.143,-4.226,-0.115,1.9924,0.0
ATOM,1003.0,CD2,PHE,63.0,59.11,43.588,-6.132,-0.115,1.9924,0.88
ATOM,1004.0,CE1,PHE,63.0,56.609,43.857,-4.948,-0.115,1.9924,0.0
ATOM,1005.0,CE2,PHE,63.0,57.957,43.299,-6.862,-0.115,1.9924,0.55
ATOM,1006.0,CZ,PHE,63.0,56.703,43.435,-6.265,-0.115,1.9924,0.0
ATOM,1007.0,H,PHE,63.0,60.941,46.19,-5.794,0.31,0.2245,4.64
ATOM,1008.0,HA,PHE,63.0,59.57,46.115,-3.207,0.09,1.32,0.0
ATOM,1009.0,HB2,PHE,63.0,61.053,44.054,-4.572,0.09,1.32,7.15
ATOM,1010.0,HB3,PHE,63.0,60.237,43.818,-3.178,0.09,1.32,0.0
ATOM,1011.0,HD1,PHE,63.0,57.69,44.446,-3.281,0.115,1.3582,0.0
ATOM,1012.0,HD2,PHE,63.0,60.005,43.49,-6.566,0.115,1.3582,10.86
ATOM,1013.0,HE1,PHE,63.0,55.714,43.959,-4.503,0.115,1.3582,0.0
ATOM,1014.0,HE2,PHE,63.0,58.035,42.991,-7.821,0.115,1.3582,3.42
ATOM,1015.0,HZ,PHE,63.0,55.877,43.229,-6.785,0.115,1.3582,0.0
ATOM,1016.0,N,ASP,64.0,61.226,45.661,-1.421,-0.47,1.85,0.0
ATOM,1017.0,CA,ASP,64.0,62.165,45.717,-0.316,0.07,2.275,0.41
ATOM,1018.0,C,ASP,64.0,61.734,44.656,0.682,0.51,2.0,0.0
ATOM,1019.0,O,ASP,64.0,60.806,44.873,1.463,-0.51,1.7,3.58
ATOM,1020.0,CB,ASP,64.0,62.137,47.089,0.358,-0.28,2.175,6.63
ATOM,1021.0,CG,ASP,64.0,63.229,47.24,1.399,0.62,2.0,5.67
ATOM,1022.0,OD1,ASP,64.0,63.718,46.205,1.892,-0.76,1.7,2.0
ATOM,1023.0,OD2,ASP,64.0,63.595,48.39,1.728,-0.76,1.7,44.07
ATOM,1024.0,H,ASP,64.0,60.22,45.382,-1.302,0.31,0.2245,0.0
ATOM,1025.0,HA,ASP,64.0,63.055,45.446,-0.665,0.09,1.32,4.65
ATOM,1026.0,HB2,ASP,64.0,62.266,47.779,-0.343,0.09,1.32,3.23
ATOM,1027.0,HB3,ASP,64.0,61.256,47.197,0.8,0.09,1.32,0.0
ATOM,1028.0,N,PHE,65.0,62.399,43.506,0.651,-0.47,1.85,0.0
ATOM,1029.0,CA,PHE,65.0,62.072,42.411,1.555,0.07,2.275,0.0
ATOM,1030.0,C,PHE,65.0,63.145,42.291,2.632,0.51,2.0,0.0
ATOM,1031.0,O,PHE,65.0,63.186,41.309,3.379,-0.51,1.7,0.0
ATOM,1032.0,CB,PHE,65.0,61.96,41.101,0.763,-0.18,2.175,0.0
ATOM,1033.0,CG,PHE,65.0,60.838,41.1,-0.256,0.0,1.9924,0.0
ATOM,1034.0,CD1,PHE,65.0,59.509,40.969,0.147,-0.115,1.9924,0.0
ATOM,1035.0,CD2,PHE,65.0,61.109,41.244,-1.614,-0.115,1.9924,0.42
ATOM,1036.0,CE1,PHE,65.0,58.467,40.984,-0.785,-0.115,1.9924,0.0
ATOM,1037.0,CE2,PHE,65.0,60.071,41.261,-2.557,-0.115,1.9924,0.53
ATOM,1038.0,CZ,PHE,65.0,58.748,41.13,-2.137,-0.115,1.9924,0.0
ATOM,1039.0,H,PHE,65.0,63.155,43.458,-0.058,0.31,0.2245,7.99
ATOM,1040.0,HA,PHE,65.0,61.22,42.659,2.022,0.09,1.32,0.0
ATOM,1041.0,HB2,PHE,65.0,62.808,40.966,0.278,0.09,1.32,1.34
ATOM,1042.0,HB3,PHE,65.0,61.785,40.373,1.405,0.09,1.32,0.0
ATOM,1043.0,HD1,PHE,65.0,59.293,40.864,1.113,0.115,1.3582,0.0
ATOM,1044.0,HD2,PHE,65.0,62.053,41.337,-1.925,0.115,1.3582,8.31
ATOM,1045.0,HE1,PHE,65.0,57.519,40.887,-0.466,0.115,1.3582,0.0
ATOM,1046.0,HE2,PHE,65.0,60.291,41.367,-3.536,0.115,1.3582,3.44
ATOM,1047.0,HZ,PHE,65.0,58.007,41.141,-2.803,0.115,1.3582,0.0
ATOM,1048.0,N,SER,66.0,64.0,43.307,2.719,-0.47,1.85,0.49
ATOM,1049.0,CA,SER,66.0,65.093,43.311,3.683,0.07,2.275,0.8
ATOM,1050.0,C,SER,66.0,64.618,43.084,5.117,0.51,2.0,0.13
ATOM,1051.0,O,SER,66.0,65.27,42.373,5.881,-0.51,1.7,4.12
ATOM,1052.0,CB,SER,66.0,65.877,44.622,3.598,0.05,2.175,25.06
ATOM,1053.0,OG,SER,66.0,65.143,45.698,4.157,-0.66,1.77,18.67
ATOM,1054.0,H,SER,66.0,63.822,44.083,2.051,0.31,0.2245,0.09
ATOM,1055.0,HA,SER,66.0,65.724,42.555,3.445,0.09,1.32,0.74
ATOM,1056.0,HB2,SER,66.0,66.732,44.518,4.099,0.09,1.32,10.97
ATOM,1057.0,HB3,SER,66.0,66.065,44.821,2.64,0.09,1.32,7.74
ATOM,1058.0,HG,SER,66.0,64.511,46.061,3.474,0.43,0.2245,1.28
ATOM,1059.0,N,TYR,67.0,63.494,43.683,5.493,-0.47,1.85,0.0
ATOM,1060.0,CA,TYR,67.0,63.0,43.477,6.845,0.07,2.275,2.12
ATOM,1061.0,C,TYR,67.0,62.526,42.04,7.016,0.51,2.0,0.0
ATOM,1062.0,O,TYR,67.0,62.897,41.37,7.972,-0.51,1.7,0.0
ATOM,1063.0,CB,TYR,67.0,61.843,44.419,7.187,-0.18,2.175,3.09
ATOM,1064.0,CG,TYR,67.0,61.308,44.159,8.58,0.0,1.9924,0.0
ATOM,1065.0,CD1,TYR,67.0,62.072,44.471,9.707,-0.115,1.9924,0.29
ATOM,1066.0,CD2,TYR,67.0,60.085,43.52,8.773,-0.115,1.9924,1.79
ATOM,1067.0,CE1,TYR,67.0,61.633,44.145,10.989,-0.115,1.9924,0.0
ATOM,1068.0,CE2,TYR,67.0,59.635,43.191,10.049,-0.115,1.9924,2.08
ATOM,1069.0,CZ,TYR,67.0,60.416,43.504,11.154,0.11,1.9924,0.0
ATOM,1070.0,OH,TYR,67.0,59.988,43.148,12.414,-0.54,1.77,0.0
ATOM,1071.0,H,TYR,67.0,63.038,44.265,4.788,0.31,0.2245,0.82
ATOM,1072.0,HA,TYR,67.0,63.755,43.635,7.488,0.09,1.32,1.83
ATOM,1073.0,HB2,TYR,67.0,62.174,45.348,7.149,0.09,1.32,4.15
ATOM,1074.0,HB3,TYR,67.0,61.113,44.265,6.541,0.09,1.32,3.94
ATOM,1075.0,HD1,TYR,67.0,62.951,44.936,9.594,0.115,1.3582,8.77
ATOM,1076.0,HD2,TYR,67.0,59.519,43.294,7.982,0.115,1.3582,3.18
ATOM,1077.0,HE1,TYR,67.0,62.195,44.375,11.784,0.115,1.3582,0.0
ATOM,1078.0,HE2,TYR,67.0,58.757,42.733,10.169,0.115,1.3582,0.59
ATOM,1079.0,HH,TYR,67.0,58.997,43.031,12.402,0.43,0.2245,2.6
ATOM,1080.0,N,ALA,68.0,61.701,41.567,6.087,-0.47,1.85,0.0
ATOM,1081.0,CA,ALA,68.0,61.187,40.203,6.167,0.07,2.275,0.0
ATOM,1082.0,C,ALA,68.0,62.328,39.195,6.286,0.51,2.0,0.0
ATOM,1083.0,O,ALA,68.0,62.248,38.236,7.052,-0.51,1.7,0.0
ATOM,1084.0,CB,ALA,68.0,60.335,39.89,4.937,-0.27,2.06,0.17
ATOM,1085.0,H,ALA,68.0,61.464,42.227,5.33,0.31,0.2245,0.76
ATOM,1086.0,HA,ALA,68.0,60.603,40.123,6.984,0.09,1.32,0.0
ATOM,1087.0,HB1,ALA,68.0,59.487,40.415,4.98,0.09,1.32,0.27
ATOM,1088.0,HB2,ALA,68.0,60.841,40.137,4.112,0.09,1.32,0.0
ATOM,1089.0,HB3,ALA,68.0,60.124,38.914,4.92,0.09,1.32,0.0
ATOM,1090.0,N,GLN,69.0,63.397,39.428,5.526,-0.47,1.85,0.0
ATOM,1091.0,CA,GLN,69.0,64.545,38.533,5.544,0.07,2.275,0.0
ATOM,1092.0,C,GLN,69.0,65.267,38.578,6.888,0.51,2.0,0.21
ATOM,1093.0,O,GLN,69.0,65.577,37.536,7.463,-0.51,1.7,0.02
ATOM,1094.0,CB,GLN,69.0,65.502,38.891,4.399,-0.18,2.175,7.03
ATOM,1095.0,CG,GLN,69.0,64.833,38.806,3.026,-0.18,2.175,0.0
ATOM,1096.0,CD,GLN,69.0,65.739,39.228,1.887,0.55,2.0,1.1
ATOM,1097.0,H,GLN,69.0,63.338,40.279,4.939,0.31,0.2245,0.0
ATOM,1098.0,HA,GLN,69.0,64.21,37.591,5.408,0.09,1.32,0.0
ATOM,1099.0,HB2,GLN,69.0,65.824,39.823,4.528,0.09,1.32,0.73
ATOM,1100.0,HB3,GLN,69.0,66.268,38.255,4.409,0.09,1.32,1.82
ATOM,1101.0,HG2,GLN,69.0,64.545,37.858,2.873,0.09,1.32,0.0
ATOM,1102.0,HG3,GLN,69.0,64.025,39.398,3.031,0.09,1.32,0.0
ATOM,1103.0,OE1,GLN,69.0,66.393,40.273,1.949,-0.55,1.7,23.14
ATOM,1104.0,NE2,GLN,69.0,65.772,38.421,0.828,-0.62,1.85,9.82
ATOM,1105.0,HE21,GLN,69.0,66.346,38.646,0.02,0.32,0.2245,19.22
ATOM,1106.0,HE22,GLN,69.0,65.211,37.572,0.842,0.3,0.2245,0.0
ATOM,1107.0,N,ARG,70.0,65.515,39.786,7.395,-0.47,1.85,0.65
ATOM,1108.0,CA,ARG,70.0,66.196,39.926,8.676,0.07,2.275,2.62
ATOM,1109.0,C,ARG,70.0,65.376,39.24,9.758,0.51,2.0,0.0
ATOM,1110.0,O,ARG,70.0,65.924,38.568,10.626,-0.51,1.7,0.0
ATOM,1111.0,CB,ARG,70.0,66.396,41.397,9.035,-0.18,2.175,4.36
ATOM,1112.0,CG,ARG,70.0,67.154,41.598,10.337,-0.18,2.175,1.99
ATOM,1113.0,CD,ARG,70.0,68.576,41.058,10.238,0.2,2.175,14.49
ATOM,1114.0,NE,ARG,70.0,69.28,41.119,11.516,-0.7,1.85,4.41
ATOM,1115.0,CZ,ARG,70.0,69.151,40.224,12.49,0.64,2.0,1.57
ATOM,1116.0,NH1,ARG,70.0,68.342,39.18,12.344,-0.8,1.85,0.28
ATOM,1117.0,NH2,ARG,70.0,69.842,40.369,13.615,-0.8,1.85,14.39
ATOM,1118.0,H,ARG,70.0,65.194,40.579,6.821,0.31,0.2245,0.0
ATOM,1119.0,HA,ARG,70.0,67.091,39.481,8.619,0.09,1.32,1.48
ATOM,1120.0,HB2,ARG,70.0,66.913,41.829,8.307,0.09,1.32,5.67
ATOM,1121.0,HB3,ARG,70.0,65.503,41.82,9.129,0.09,1.32,0.0
ATOM,1122.0,HG2,ARG,70.0,67.206,42.57,10.546,0.09,1.32,4.62
ATOM,1123.0,HG3,ARG,70.0,66.69,41.112,11.071,0.09,1.32,0.0
ATOM,1124.0,HD2,ARG,70.0,68.525,40.11,9.934,0.09,1.32,0.04
ATOM,1125.0,HD3,ARG,70.0,69.066,41.606,9.564,0.09,1.32,10.56
ATOM,1126.0,HE,ARG,70.0,69.907,41.894,11.67,0.44,0.2245,13.27
ATOM,1127.0,HH11,ARG,70.0,67.836,39.04,11.497,0.46,0.2245,0.0
ATOM,1128.0,HH12,ARG,70.0,68.24,38.521,13.097,0.46,0.2245,0.0
ATOM,1129.0,HH21,ARG,70.0,70.472,41.142,13.715,0.46,0.2245,12.98
ATOM,1130.0,HH22,ARG,70.0,69.736,39.711,14.358,0.46,0.2245,3.45
ATOM,1131.0,N,PHE,71.0,64.058,39.406,9.692,-0.47,1.85,0.0
ATOM,1132.0,CA,PHE,71.0,63.153,38.797,10.665,0.07,2.275,0.0
ATOM,1133.0,C,PHE,71.0,63.232,37.274,10.624,0.51,2.0,0.0
ATOM,1134.0,O,PHE,71.0,63.303,36.623,11.666,-0.51,1.7,0.0
ATOM,1135.0,CB,PHE,71.0,61.717,39.251,10.397,-0.18,2.175,0.0
ATOM,1136.0,CG,PHE,71.0,60.716,38.779,11.42,0.0,1.9924,0.0
ATOM,1137.0,CD1,PHE,71.0,60.233,37.47,11.4,-0.115,1.9924,0.0
ATOM,1138.0,CD2,PHE,71.0,60.243,39.657,12.399,-0.115,1.9924,0.0
ATOM,1139.0,CE1,PHE,71.0,59.292,37.04,12.339,-0.115,1.9924,0.0
ATOM,1140.0,CE2,PHE,71.0,59.303,39.234,13.34,-0.115,1.9924,0.0
ATOM,1141.0,CZ,PHE,71.0,58.828,37.924,13.309,-0.115,1.9924,0.0
ATOM,1142.0,H,PHE,71.0,63.732,39.997,8.901,0.31,0.2245,0.0
ATOM,1143.0,HA,PHE,71.0,63.471,39.08,11.578,0.09,1.32,0.0
ATOM,1144.0,HB2,PHE,71.0,61.707,40.241,10.396,0.09,1.32,0.0
ATOM,1145.0,HB3,PHE,71.0,61.444,38.891,9.516,0.09,1.32,0.0
ATOM,1146.0,HD1,PHE,71.0,60.56,36.831,10.712,0.115,1.3582,0.0
ATOM,1147.0,HD2,PHE,71.0,60.581,40.594,12.426,0.115,1.3582,0.0
ATOM,1148.0,HE1,PHE,71.0,58.956,36.095,12.306,0.115,1.3582,0.0
ATOM,1149.0,HE2,PHE,71.0,58.97,39.882,14.04,0.115,1.3582,0.07
ATOM,1150.0,HZ,PHE,71.0,58.156,37.617,13.981,0.115,1.3582,0.0
ATOM,1151.0,N,ALA,72.0,63.209,36.711,9.418,-0.47,1.85,0.0
ATOM,1152.0,CA,ALA,72.0,63.274,35.257,9.256,0.07,2.275,0.0
ATOM,1153.0,C,ALA,72.0,64.611,34.719,9.758,0.51,2.0,0.0
ATOM,1154.0,O,ALA,72.0,64.683,33.618,10.309,-0.51,1.7,0.0
ATOM,1155.0,CB,ALA,72.0,63.079,34.884,7.793,-0.27,2.06,0.0
ATOM,1156.0,H,ALA,72.0,63.143,37.372,8.625,0.31,0.2245,0.0
ATOM,1157.0,HA,ALA,72.0,62.536,34.839,9.796,0.09,1.32,0.0
ATOM,1158.0,HB1,ALA,72.0,62.153,34.534,7.658,0.09,1.32,0.0
ATOM,1159.0,HB2,ALA,72.0,63.215,35.693,7.221,0.09,1.32,0.0
ATOM,1160.0,HB3,ALA,72.0,63.741,34.18,7.537,0.09,1.32,0.0
ATOM,1161.0,N,GLN,73.0,65.662,35.505,9.56,-0.47,1.85,0.0
ATOM,1162.0,CA,GLN,73.0,67.002,35.127,9.988,0.07,2.275,0.0
ATOM,1163.0,C,GLN,73.0,67.033,34.912,11.502,0.51,2.0,0.0
ATOM,1164.0,O,GLN,73.0,67.609,33.932,11.978,-0.51,1.7,0.0
ATOM,1165.0,CB,GLN,73.0,67.994,36.223,9.585,-0.18,2.175,0.87
ATOM,1166.0,CG,GLN,73.0,69.456,35.869,9.787,-0.18,2.175,10.98
ATOM,1167.0,CD,GLN,73.0,69.814,34.508,9.206,0.55,2.0,2.08
ATOM,1168.0,OE1,GLN,73.0,69.959,34.359,7.988,-0.55,1.7,19.84
ATOM,1169.0,NE2,GLN,73.0,69.97,33.509,10.076,-0.62,1.85,8.56
ATOM,1170.0,H,GLN,73.0,65.448,36.404,9.078,0.31,0.2245,0.0
ATOM,1171.0,HA,GLN,73.0,67.235,34.254,9.552,0.09,1.32,0.0
ATOM,1172.0,HB2,GLN,73.0,67.855,36.437,8.612,0.09,1.32,0.21
ATOM,1173.0,HB3,GLN,73.0,67.794,37.049,10.125,0.09,1.32,0.0
ATOM,1174.0,HG2,GLN,73.0,70.021,36.561,9.34,0.09,1.32,10.17
ATOM,1175.0,HG3,GLN,73.0,69.653,35.856,10.766,0.09,1.32,0.0
ATOM,1176.0,HE21,GLN,73.0,70.195,32.575,9.758,0.32,0.2245,6.97
ATOM,1177.0,HE22,GLN,73.0,69.859,33.706,11.069,0.3,0.2245,0.0
ATOM,1178.0,N,SER,74.0,66.408,35.821,12.255,-0.47,1.85,0.0
ATOM,1179.0,CA,SER,74.0,66.371,35.703,13.712,0.07,2.275,0.0
ATOM,1180.0,C,SER,74.0,65.478,34.551,14.156,0.51,2.0,0.0
ATOM,1181.0,O,SER,74.0,65.77,33.887,15.147,-0.51,1.7,0.0
ATOM,1182.0,CB,SER,74.0,65.9,37.008,14.363,0.05,2.175,0.0
ATOM,1183.0,OG,SER,74.0,66.97,37.935,14.46,-0.66,1.77,0.0
ATOM,1184.0,H,SER,74.0,65.965,36.594,11.73,0.31,0.2245,0.0
ATOM,1185.0,HA,SER,74.0,67.308,35.511,14.032,0.09,1.32,0.0
ATOM,1186.0,HB2,SER,74.0,65.179,37.402,13.805,0.09,1.32,0.0
ATOM,1187.0,HB3,SER,74.0,65.563,36.806,15.276,0.09,1.32,0.0
ATOM,1188.0,HG,SER,74.0,67.687,37.555,15.043,0.43,0.2245,0.0
ATOM,1189.0,N,VAL,75.0,64.39,34.322,13.429,-0.47,1.85,0.0
ATOM,1190.0,CA,VAL,75.0,63.496,33.222,13.753,0.07,2.275,0.0
ATOM,1191.0,C,VAL,75.0,64.316,31.939,13.592,0.51,2.0,0.0
ATOM,1192.0,O,VAL,75.0,64.25,31.035,14.43,-0.51,1.7,0.0
ATOM,1193.0,CB,VAL,75.0,62.274,33.191,12.807,-0.09,2.275,0.0
ATOM,1194.0,CG1,VAL,75.0,61.521,31.87,12.958,-0.27,2.06,0.0
ATOM,1195.0,CG2,VAL,75.0,61.346,34.353,13.132,-0.27,2.06,0.0
ATOM,1196.0,H,VAL,75.0,64.242,34.973,12.641,0.31,0.2245,0.0
ATOM,1197.0,HA,VAL,75.0,63.233,33.297,14.704,0.09,1.32,0.0
ATOM,1198.0,HB,VAL,75.0,62.614,33.226,11.875,0.09,1.32,0.0
ATOM,1199.0,HG11,VAL,75.0,62.169,31.112,12.906,0.09,1.32,0.0
ATOM,1200.0,HG12,VAL,75.0,61.056,31.853,13.842,0.09,1.32,0.0
ATOM,1201.0,HG13,VAL,75.0,60.849,31.787,12.224,0.09,1.32,0.0
ATOM,1202.0,HG21,VAL,75.0,60.42,34.131,12.827,0.09,1.32,0.0
ATOM,1203.0,HG22,VAL,75.0,61.346,34.509,14.119,0.09,1.32,0.0
ATOM,1204.0,HG23,VAL,75.0,61.668,35.174,12.661,0.09,1.32,0.0
ATOM,1205.0,N,LYS,76.0,65.1,31.874,12.522,-0.47,1.85,0.0
ATOM,1206.0,CA,LYS,76.0,65.935,30.702,12.286,0.07,2.275,0.01
ATOM,1207.0,C,LYS,76.0,66.947,30.539,13.426,0.51,2.0,0.0
ATOM,1208.0,O,LYS,76.0,67.129,29.433,13.934,-0.51,1.7,8.77
ATOM,1209.0,CB,LYS,76.0,66.676,30.81,10.948,-0.18,2.175,0.0
ATOM,1210.0,CG,LYS,76.0,67.563,29.6,10.667,-0.18,2.175,8.65
ATOM,1211.0,CD,LYS,76.0,68.517,29.834,9.503,-0.18,2.175,9.79
ATOM,1212.0,CE,LYS,76.0,67.857,29.549,8.166,0.21,2.175,3.81
ATOM,1213.0,NZ,LYS,76.0,67.605,28.088,7.979,-0.3,1.85,4.4
ATOM,1214.0,H,LYS,76.0,65.067,32.693,11.898,0.31,0.2245,0.0
ATOM,1215.0,HA,LYS,76.0,65.354,29.885,12.257,0.09,1.32,0.86
ATOM,1216.0,HB2,LYS,76.0,66.003,30.879,10.224,0.09,1.32,0.0
ATOM,1217.0,HB3,LYS,76.0,67.249,31.619,10.974,0.09,1.32,0.0
ATOM,1218.0,HG2,LYS,76.0,68.101,29.394,11.489,0.09,1.32,3.53
ATOM,1219.0,HG3,LYS,76.0,66.98,28.812,10.454,0.09,1.32,1.58
ATOM,1220.0,HD2,LYS,76.0,68.812,30.786,9.517,0.09,1.32,0.0
ATOM,1221.0,HD3,LYS,76.0,69.303,29.231,9.606,0.09,1.32,9.79
ATOM,1222.0,HE2,LYS,76.0,66.984,30.039,8.12,0.05,1.32,0.0
ATOM,1223.0,HE3,LYS,76.0,68.454,29.874,7.43,0.05,1.32,9.44
ATOM,1224.0,HZ1,LYS,76.0,68.469,27.593,8.056,0.33,0.2245,17.81
ATOM,1225.0,HZ2,LYS,76.0,66.971,27.771,8.683,0.33,0.2245,1.92
ATOM,1226.0,HZ3,LYS,76.0,67.209,27.936,7.075,0.33,0.2245,3.29
ATOM,1227.0,N,ASN,77.0,67.589,31.637,13.83,-0.47,1.85,0.0
ATOM,1228.0,CA,ASN,77.0,68.572,31.595,14.92,0.07,2.275,0.86
ATOM,1229.0,C,ASN,77.0,67.978,31.078,16.223,0.51,2.0,0.0
ATOM,1230.0,O,ASN,77.0,68.658,30.402,16.998,-0.51,1.7,13.28
ATOM,1231.0,CB,ASN,77.0,69.165,32.98,15.193,-0.18,2.175,3.51
ATOM,1232.0,CG,ASN,77.0,69.992,33.5,14.04,0.55,2.0,2.04
ATOM,1233.0,H,ASN,77.0,67.34,32.502,13.32,0.31,0.2245,0.0
ATOM,1234.0,HA,ASN,77.0,69.292,30.942,14.641,0.09,1.32,7.31
ATOM,1235.0,HB2,ASN,77.0,68.414,33.614,15.361,0.09,1.32,0.0
ATOM,1236.0,HB3,ASN,77.0,69.745,32.917,16.002,0.09,1.32,3.0
ATOM,1237.0,OD1,ASN,77.0,70.637,32.73,13.329,-0.55,1.7,21.87
ATOM,1238.0,ND2,ASN,77.0,69.998,34.816,13.857,-0.62,1.85,9.49
ATOM,1239.0,HD22,ASN,77.0,69.474,35.406,14.475,0.3,0.2245,0.0
ATOM,1240.0,HD21,ASN,77.0,70.522,35.217,13.108,0.32,0.2245,8.86
ATOM,1241.0,N,ALA,78.0,66.719,31.409,16.472,-0.47,1.85,0.0
ATOM,1242.0,CA,ALA,78.0,66.056,30.979,17.691,0.07,2.275,0.0
ATOM,1243.0,C,ALA,78.0,65.541,29.554,17.571,0.51,2.0,0.29
ATOM,1244.0,O,ALA,78.0,65.084,28.978,18.549,-0.51,1.7,5.21
ATOM,1245.0,CB,ALA,78.0,64.905,31.921,18.018,-0.27,2.06,0.0
ATOM,1246.0,H,ALA,78.0,66.263,31.985,15.741,0.31,0.2245,0.0
ATOM,1247.0,HA,ALA,78.0,66.718,31.018,18.454,0.09,1.32,0.0
ATOM,1248.0,HB1,ALA,78.0,64.394,32.126,17.184,0.09,1.32,0.0
ATOM,1249.0,HB2,ALA,78.0,64.297,31.487,18.682,0.09,1.32,0.0
ATOM,1250.0,HB3,ALA,78.0,65.267,32.769,18.403,0.09,1.32,0.0
ATOM,1251.0,N,GLY,79.0,65.621,28.989,16.37,-0.47,1.85,0.02
ATOM,1252.0,CA,GLY,79.0,65.14,27.633,16.164,-0.02,2.175,17.51
ATOM,1253.0,C,GLY,79.0,63.622,27.545,16.173,0.51,2.0,1.16
ATOM,1254.0,O,GLY,79.0,63.042,26.556,16.614,-0.51,1.7,6.52
ATOM,1255.0,H,GLY,79.0,66.037,29.575,15.632,0.31,0.2245,0.0
ATOM,1256.0,HA2,GLY,79.0,65.488,27.283,15.278,0.09,1.32,8.15
ATOM,1257.0,HA3,GLY,79.0,65.512,27.03,16.89,0.09,1.32,7.19
ATOM,1258.0,N,MET,80.0,62.971,28.588,15.675,-0.47,1.85,0.0
ATOM,1259.0,CA,MET,80.0,61.519,28.643,15.633,0.07,2.275,0.0
ATOM,1260.0,C,MET,80.0,61.007,28.603,14.212,0.51,2.0,0.09
ATOM,1261.0,O,MET,80.0,61.781,28.491,13.268,-0.51,1.7,3.03
ATOM,1262.0,CB,MET,80.0,61.036,29.934,16.284,-0.18,2.175,0.0
ATOM,1263.0,CG,MET,80.0,60.839,29.832,17.765,-0.14,2.175,0.0
ATOM,1264.0,SD,MET,80.0,59.283,29.03,18.099,-0.09,2.0,0.53
ATOM,1265.0,CE,MET,80.0,58.187,30.446,18.177,-0.22,2.06,0.08
ATOM,1266.0,H,MET,80.0,63.584,29.354,15.322,0.31,0.2245,0.0
ATOM,1267.0,HA,MET,80.0,61.16,27.834,16.12,0.09,1.32,1.27
ATOM,1268.0,HB2,MET,80.0,61.709,30.664,16.093,0.09,1.32,0.0
ATOM,1269.0,HB3,MET,80.0,60.16,30.204,15.855,0.09,1.32,0.0
ATOM,1270.0,HG2,MET,80.0,61.61,29.311,18.169,0.09,1.32,0.0
ATOM,1271.0,HG3,MET,80.0,60.862,30.762,18.171,0.09,1.32,0.0
ATOM,1272.0,HE1,MET,80.0,58.539,31.175,17.588,0.09,1.32,0.0
ATOM,1273.0,HE2,MET,80.0,57.273,30.18,17.866,0.09,1.32,0.0
ATOM,1274.0,HE3,MET,80.0,58.134,30.777,19.12,0.09,1.32,0.0
ATOM,1275.0,N,LYS,81.0,59.689,28.691,14.082,-0.47,1.85,0.0
ATOM,1276.0,CA,LYS,81.0,59.026,28.719,12.79,0.07,2.275,0.0
ATOM,1277.0,C,LYS,81.0,58.226,30.023,12.747,0.51,2.0,0.0
ATOM,1278.0,O,LYS,81.0,57.864,30.588,13.785,-0.51,1.7,0.0
ATOM,1279.0,CB,LYS,81.0,58.076,27.529,12.631,-0.18,2.175,0.0
ATOM,1280.0,CG,LYS,81.0,58.753,26.17,12.621,-0.18,2.175,0.6
ATOM,1281.0,CD,LYS,81.0,59.734,26.051,11.47,-0.18,2.175,0.0
ATOM,1282.0,CE,LYS,81.0,60.28,24.632,11.36,0.21,2.175,17.56
ATOM,1283.0,NZ,LYS,81.0,59.185,23.645,11.127,-0.3,1.85,4.96
ATOM,1284.0,H,LYS,81.0,59.17,28.738,14.991,0.31,0.2245,0.0
ATOM,1285.0,HA,LYS,81.0,59.704,28.74,12.07,0.09,1.32,0.0
ATOM,1286.0,HB2,LYS,81.0,57.423,27.55,13.39,0.09,1.32,0.0
ATOM,1287.0,HB3,LYS,81.0,57.58,27.641,11.767,0.09,1.32,0.0
ATOM,1288.0,HG2,LYS,81.0,59.247,26.045,13.482,0.09,1.32,3.98
ATOM,1289.0,HG3,LYS,81.0,58.057,25.458,12.529,0.09,1.32,0.0
ATOM,1290.0,HD2,LYS,81.0,59.268,26.275,10.622,0.09,1.32,0.13
ATOM,1291.0,HD3,LYS,81.0,60.495,26.669,11.626,0.09,1.32,0.0
ATOM,1292.0,HE2,LYS,81.0,60.927,24.592,10.597,0.05,1.32,1.17
ATOM,1293.0,HE3,LYS,81.0,60.756,24.4,12.21,0.05,1.32,10.71
ATOM,1294.0,HZ1,LYS,81.0,59.449,22.762,11.513,0.33,0.2245,17.25
ATOM,1295.0,HZ2,LYS,81.0,58.35,23.969,11.569,0.33,0.2245,0.0
ATOM,1296.0,HZ3,LYS,81.0,59.031,23.55,10.145,0.33,0.2245,14.86
ATOM,1297.0,N,MET,82.0,57.961,30.512,11.547,-0.47,1.85,0.0
ATOM,1298.0,CA,MET,82.0,57.201,31.736,11.41,0.07,2.275,0.0
ATOM,1299.0,C,MET,82.0,56.078,31.538,10.414,0.51,2.0,0.0
ATOM,1300.0,O,MET,82.0,56.138,30.663,9.546,-0.51,1.7,0.0
ATOM,1301.0,CB,MET,82.0,58.102,32.883,10.949,-0.18,2.175,0.0
ATOM,1302.0,CG,MET,82.0,58.718,32.689,9.581,-0.14,2.175,0.0
ATOM,1303.0,SD,MET,82.0,59.706,34.121,9.096,-0.09,2.0,0.0
ATOM,1304.0,CE,MET,82.0,58.503,35.091,8.229,-0.22,2.06,0.0
ATOM,1305.0,H,MET,82.0,58.329,29.965,10.754,0.31,0.2245,0.0
ATOM,1306.0,HA,MET,82.0,56.793,31.957,12.301,0.09,1.32,0.0
ATOM,1307.0,HB2,MET,82.0,57.56,33.738,10.94,0.09,1.32,0.0
ATOM,1308.0,HB3,MET,82.0,58.847,33.001,11.624,0.09,1.32,0.0
ATOM,1309.0,HG2,MET,82.0,59.291,31.846,9.593,0.09,1.32,0.0
ATOM,1310.0,HG3,MET,82.0,57.974,32.521,8.903,0.09,1.32,0.0
ATOM,1311.0,HE1,MET,82.0,57.752,35.342,8.847,0.09,1.32,0.0
ATOM,1312.0,HE2,MET,82.0,58.926,35.93,7.875,0.09,1.32,0.0
ATOM,1313.0,HE3,MET,82.0,58.127,34.568,7.458,0.09,1.32,0.0
ATOM,1314.0,N,ILE,83.0,55.039,32.345,10.565,-0.47,1.85,0.0
ATOM,1315.0,CA,ILE,83.0,53.902,32.303,9.671,0.07,2.275,0.0
ATOM,1316.0,C,ILE,83.0,53.733,33.726,9.209,0.51,2.0,0.0
ATOM,1317.0,O,ILE,83.0,53.214,34.569,9.942,-0.51,1.7,0.0
ATOM,1318.0,CB,ILE,83.0,52.616,31.867,10.382,-0.09,2.275,0.0
ATOM,1319.0,CG1,ILE,83.0,52.674,30.37,10.702,-0.18,2.175,0.0
ATOM,1320.0,CG2,ILE,83.0,51.413,32.203,9.511,-0.27,2.06,0.0
ATOM,1321.0,CD1,ILE,83.0,51.579,29.901,11.642,-0.27,2.06,0.18
ATOM,1322.0,H,ILE,83.0,55.113,33.002,11.372,0.31,0.2245,0.0
ATOM,1323.0,HA,ILE,83.0,54.182,31.778,8.885,0.09,1.32,0.0
ATOM,1324.0,HB,ILE,83.0,52.554,32.361,11.241,0.09,1.32,0.0
ATOM,1325.0,HG12,ILE,83.0,52.606,29.861,9.846,0.09,1.32,0.0
ATOM,1326.0,HG13,ILE,83.0,53.56,30.174,11.121,0.09,1.32,0.0
ATOM,1327.0,HG21,ILE,83.0,50.574,31.949,9.989,0.09,1.32,0.0
ATOM,1328.0,HG22,ILE,83.0,51.403,33.183,9.32,0.09,1.32,0.0
ATOM,1329.0,HG23,ILE,83.0,51.472,31.698,8.652,0.09,1.32,0.0
ATOM,1330.0,HD11,ILE,83.0,50.689,30.083,11.228,0.09,1.32,0.0
ATOM,1331.0,HD12,ILE,83.0,51.681,28.921,11.803,0.09,1.32,0.25
ATOM,1332.0,HD13,ILE,83.0,51.654,30.394,12.507,0.09,1.32,0.0
ATOM,1333.0,N,PRO,84.0,54.206,34.03,7.998,-0.29,1.85,0.0
ATOM,1334.0,CA,PRO,84.0,54.075,35.387,7.479,0.02,2.275,0.0
ATOM,1335.0,C,PRO,84.0,52.659,35.687,7.006,0.51,2.0,0.0
ATOM,1336.0,O,PRO,84.0,51.964,34.816,6.482,-0.51,1.7,0.0
ATOM,1337.0,CB,PRO,84.0,55.073,35.407,6.328,-0.18,2.175,0.0
ATOM,1338.0,CG,PRO,84.0,55.013,34.006,5.824,-0.18,2.175,0.0
ATOM,1339.0,CD,PRO,84.0,55.021,33.196,7.1,0.0,2.175,0.0
ATOM,1340.0,HA,PRO,84.0,54.371,36.066,8.171,0.09,1.32,0.0
ATOM,1341.0,HB2,PRO,84.0,54.791,36.054,5.624,0.09,1.32,0.0
ATOM,1342.0,HB3,PRO,84.0,55.987,35.633,6.653,0.09,1.32,0.0
ATOM,1343.0,HG2,PRO,84.0,54.177,33.848,5.311,0.09,1.32,0.0
ATOM,1344.0,HG3,PRO,84.0,55.808,33.795,5.267,0.09,1.32,0.0
ATOM,1345.0,HD2,PRO,84.0,54.599,32.306,6.966,0.09,1.32,0.0
ATOM,1346.0,HD3,PRO,84.0,55.944,33.091,7.457,0.09,1.32,0.0
ATOM,1347.0,N,ILE,85.0,52.23,36.92,7.226,-0.47,1.85,0.0
ATOM,1348.0,CA,ILE,85.0,50.929,37.358,6.759,0.07,2.275,0.0
ATOM,1349.0,C,ILE,85.0,51.282,38.407,5.719,0.51,2.0,0.0
ATOM,1350.0,O,ILE,85.0,51.939,39.398,6.033,-0.51,1.7,0.0
ATOM,1351.0,CB,ILE,85.0,50.111,38.027,7.864,-0.09,2.275,0.0
ATOM,1352.0,CG1,ILE,85.0,49.986,37.086,9.066,-0.18,2.175,0.0
ATOM,1353.0,CG2,ILE,85.0,48.731,38.384,7.326,-0.27,2.06,0.57
ATOM,1354.0,CD1,ILE,85.0,49.243,37.687,10.239,-0.27,2.06,1.75
ATOM,1355.0,H,ILE,85.0,52.89,37.528,7.748,0.31,0.2245,0.0
ATOM,1356.0,HA,ILE,85.0,50.537,36.604,6.273,0.09,1.32,0.0
ATOM,1357.0,HB,ILE,85.0,50.597,38.84,8.163,0.09,1.32,0.0
ATOM,1358.0,HG12,ILE,85.0,49.512,36.258,8.77,0.09,1.32,0.0
ATOM,1359.0,HG13,ILE,85.0,50.907,36.837,9.363,0.09,1.32,0.0
ATOM,1360.0,HG21,ILE,85.0,48.202,38.837,8.041,0.09,1.32,0.72
ATOM,1361.0,HG22,ILE,85.0,48.827,38.997,6.544,0.09,1.32,0.0
ATOM,1362.0,HG23,ILE,85.0,48.26,37.552,7.04,0.09,1.32,0.0
ATOM,1363.0,HD11,ILE,85.0,48.317,37.93,9.955,0.09,1.32,0.01
ATOM,1364.0,HD12,ILE,85.0,49.201,37.02,10.981,0.09,1.32,0.2
ATOM,1365.0,HD13,ILE,85.0,49.723,38.505,10.551,0.09,1.32,0.0
ATOM,1366.0,N,ILE,86.0,50.883,38.179,4.475,-0.47,1.85,0.0
ATOM,1367.0,CA,ILE,86.0,51.174,39.141,3.431,0.07,2.275,0.0
ATOM,1368.0,C,ILE,86.0,50.064,40.16,3.511,0.51,2.0,0.0
ATOM,1369.0,O,ILE,86.0,49.081,40.106,2.781,-0.51,1.7,0.0
ATOM,1370.0,CB,ILE,86.0,51.228,38.469,2.058,-0.09,2.275,0.0
ATOM,1371.0,CG1,ILE,86.0,52.372,37.449,2.057,-0.18,2.175,0.0
ATOM,1372.0,CG2,ILE,86.0,51.44,39.51,0.979,-0.27,2.06,0.03
ATOM,1373.0,CD1,ILE,86.0,52.644,36.819,0.712,-0.27,2.06,0.0
ATOM,1374.0,H,ILE,86.0,50.372,37.298,4.327,0.31,0.2245,0.0
ATOM,1375.0,HA,ILE,86.0,52.006,39.602,3.698,0.09,1.32,0.0
ATOM,1376.0,HB,ILE,86.0,50.382,37.978,1.918,0.09,1.32,0.0
ATOM,1377.0,HG12,ILE,86.0,53.202,37.909,2.377,0.09,1.32,0.0
ATOM,1378.0,HG13,ILE,86.0,52.143,36.726,2.712,0.09,1.32,0.0
ATOM,1379.0,HG21,ILE,86.0,51.474,39.066,0.084,0.09,1.32,0.0
ATOM,1380.0,HG22,ILE,86.0,50.687,40.168,0.992,0.09,1.32,0.0
ATOM,1381.0,HG23,ILE,86.0,52.301,39.992,1.14,0.09,1.32,0.0
ATOM,1382.0,HD11,ILE,86.0,52.887,37.531,0.054,0.09,1.32,0.0
ATOM,1383.0,HD12,ILE,86.0,53.399,36.17,0.795,0.09,1.32,0.0
ATOM,1384.0,HD13,ILE,86.0,51.825,36.34,0.397,0.09,1.32,0.0
ATOM,1385.0,N,SER,87.0,50.244,41.085,4.44,-0.47,1.85,0.0
ATOM,1386.0,CA,SER,87.0,49.274,42.123,4.728,0.07,2.275,0.0
ATOM,1387.0,C,SER,87.0,49.186,43.209,3.677,0.51,2.0,0.0
ATOM,1388.0,O,SER,87.0,49.943,44.18,3.699,-0.51,1.7,0.0
ATOM,1389.0,CB,SER,87.0,49.589,42.735,6.086,0.05,2.175,0.0
ATOM,1390.0,OG,SER,87.0,49.578,41.725,7.086,-0.66,1.77,0.0
ATOM,1391.0,H,SER,87.0,51.158,41.001,4.955,0.31,0.2245,0.0
ATOM,1392.0,HA,SER,87.0,48.354,41.682,4.798,0.09,1.32,0.0
ATOM,1393.0,HB2,SER,87.0,50.49,43.147,6.056,0.09,1.32,0.0
ATOM,1394.0,HB3,SER,87.0,48.898,43.411,6.305,0.09,1.32,0.0
ATOM,1395.0,HG,SER,87.0,50.244,41.019,6.851,0.43,0.2245,0.0
ATOM,1396.0,N,THR,88.0,48.24,43.029,2.762,-0.47,1.85,0.0
ATOM,1397.0,CA,THR,88.0,48.005,43.983,1.69,0.07,2.275,0.0
ATOM,1398.0,C,THR,88.0,46.985,45.011,2.158,0.51,2.0,0.0
ATOM,1399.0,O,THR,88.0,46.325,45.652,1.351,-0.51,1.7,0.0
ATOM,1400.0,CB,THR,88.0,47.47,43.266,0.437,0.14,2.275,0.0
ATOM,1401.0,OG1,THR,88.0,46.541,42.251,0.835,-0.66,1.77,0.17
ATOM,1402.0,CG2,THR,88.0,48.614,42.624,-0.349,-0.27,2.06,0.0
ATOM,1403.0,H,THR,88.0,47.687,42.152,2.879,0.31,0.2245,0.0
ATOM,1404.0,HA,THR,88.0,48.862,44.458,1.488,0.09,1.32,0.0
ATOM,1405.0,HB,THR,88.0,46.974,43.942,-0.142,0.09,1.32,0.0
ATOM,1406.0,HG21,THR,88.0,49.429,42.565,0.23,0.09,1.32,0.0
ATOM,1407.0,HG22,THR,88.0,48.347,41.704,-0.64,0.09,1.32,0.0
ATOM,1408.0,HG23,THR,88.0,48.821,43.179,-1.156,0.09,1.32,0.0
ATOM,1409.0,HG1,THR,88.0,47.005,41.548,1.385,0.43,0.2245,0.0
ATOM,1410.0,N,HIS,89.0,46.848,45.152,3.471,-0.47,1.85,0.0
ATOM,1411.0,CA,HIS,89.0,45.913,46.117,4.041,0.07,2.275,0.0
ATOM,1412.0,C,HIS,89.0,46.679,47.125,4.888,0.51,2.0,0.0
ATOM,1413.0,O,HIS,89.0,47.853,46.924,5.198,-0.51,1.7,0.0
ATOM,1414.0,CB,HIS,89.0,44.857,45.413,4.904,-0.09,2.175,0.0
ATOM,1415.0,CG,HIS,89.0,45.422,44.681,6.086,-0.05,1.8,0.0
ATOM,1416.0,ND1,HIS,89.0,45.384,45.188,7.37,-0.36,1.85,0.0
ATOM,1417.0,CD2,HIS,89.0,46.029,43.474,6.178,0.22,1.8,0.0
ATOM,1418.0,CE1,HIS,89.0,45.946,44.328,8.198,0.25,1.8,0.75
ATOM,1419.0,NE2,HIS,89.0,46.347,43.28,7.499,-0.7,1.85,0.81
ATOM,1420.0,H,HIS,89.0,47.45,44.531,4.044,0.31,0.2245,0.0
ATOM,1421.0,HA,HIS,89.0,45.467,46.609,3.292,0.09,1.32,0.0
ATOM,1422.0,HB2,HIS,89.0,44.202,46.099,5.241,0.09,1.32,0.0
ATOM,1423.0,HB3,HIS,89.0,44.359,44.751,4.332,0.09,1.32,0.0
ATOM,1424.0,HD1,HIS,89.0,44.989,46.07,7.627,0.32,0.2245,0.0
ATOM,1425.0,HD2,HIS,89.0,46.212,42.845,5.428,0.1,1.468,0.0
ATOM,1426.0,HE1,HIS,89.0,46.052,44.446,9.181,0.13,0.9,6.31
ATOM,1427.0,N,GLN,90.0,46.008,48.206,5.263,-0.47,1.85,0.0
ATOM,1428.0,CA,GLN,90.0,46.618,49.255,6.067,0.07,2.275,0.0
ATOM,1429.0,C,GLN,90.0,46.736,48.916,7.551,0.51,2.0,0.0
ATOM,1430.0,O,GLN,90.0,45.828,48.32,8.132,-0.51,1.7,0.35
ATOM,1431.0,CB,GLN,90.0,45.808,50.546,5.914,-0.18,2.175,0.0
ATOM,1432.0,CG,GLN,90.0,46.158,51.641,6.921,-0.18,2.175,0.05
ATOM,1433.0,CD,GLN,90.0,45.332,52.898,6.72,0.55,2.0,0.35
ATOM,1434.0,H,GLN,90.0,45.019,48.239,4.936,0.31,0.2245,0.0
ATOM,1435.0,HA,GLN,90.0,47.561,49.411,5.713,0.09,1.32,0.0
ATOM,1436.0,HB2,GLN,90.0,45.96,50.914,4.993,0.09,1.32,0.0
ATOM,1437.0,HB3,GLN,90.0,44.833,50.329,6.021,0.09,1.32,0.0
ATOM,1438.0,HG2,GLN,90.0,45.991,51.292,7.841,0.09,1.32,0.0
ATOM,1439.0,HG3,GLN,90.0,47.123,51.871,6.817,0.09,1.32,0.0
ATOM,1440.0,OE1,GLN,90.0,45.325,53.482,5.638,-0.55,1.7,15.15
ATOM,1441.0,NE2,GLN,90.0,44.631,53.323,7.763,-0.62,1.85,8.91
ATOM,1442.0,HE21,GLN,90.0,44.066,54.165,7.707,0.32,0.2245,20.97
ATOM,1443.0,HE22,GLN,90.0,44.667,52.787,8.63,0.3,0.2245,0.0
ATOM,1444.0,N,CYS,91.0,47.861,49.291,8.153,-0.47,1.85,0.0
ATOM,1445.0,CA,CYS,91.0,48.077,49.075,9.586,0.07,2.275,0.0
ATOM,1446.0,C,CYS,91.0,47.744,50.392,10.268,0.51,2.0,0.0
ATOM,1447.0,O,CYS,91.0,48.328,51.424,9.94,-0.51,1.7,0.0
ATOM,1448.0,CB,CYS,91.0,49.533,48.736,9.909,-0.1,2.175,0.0
ATOM,1449.0,SG,CYS,91.0,49.745,48.035,11.584,-0.08,1.975,0.11
ATOM,1450.0,H,CYS,91.0,48.56,49.741,7.533,0.31,0.2245,0.0
ATOM,1451.0,HA,CYS,91.0,47.437,48.39,9.898,0.09,1.32,0.42
ATOM,1452.0,HB2,CYS,91.0,49.853,48.065,9.256,0.09,1.32,0.0
ATOM,1453.0,HB3,CYS,91.0,50.069,49.567,9.858,0.09,1.32,0.0
ATOM,1454.0,N,GLY,92.0,46.819,50.363,11.216,-0.47,1.85,0.0
ATOM,1455.0,CA,GLY,92.0,46.452,51.585,11.907,-0.02,2.175,4.76
ATOM,1456.0,C,GLY,92.0,45.034,51.979,11.549,0.51,2.0,1.68
ATOM,1457.0,O,GLY,92.0,44.647,51.923,10.382,-0.51,1.7,0.01
ATOM,1458.0,H,GLY,92.0,46.406,49.441,11.408,0.31,0.2245,0.0
ATOM,1459.0,HA2,GLY,92.0,46.52,51.445,12.9,0.09,1.32,0.0
ATOM,1460.0,HA3,GLY,92.0,47.081,52.323,11.644,0.09,1.32,1.22
ATOM,1461.0,N,GLY,93.0,44.252,52.366,12.551,-0.47,1.85,4.24
ATOM,1462.0,CA,GLY,93.0,42.876,52.75,12.29,-0.02,2.175,20.44
ATOM,1463.0,C,GLY,93.0,41.885,51.713,12.788,0.51,2.0,1.57
ATOM,1464.0,O,GLY,93.0,40.691,51.989,12.905,-0.51,1.7,19.74
ATOM,1465.0,H,GLY,93.0,44.69,52.368,13.481,0.31,0.2245,7.92
ATOM,1466.0,HA2,GLY,93.0,42.683,53.638,12.739,0.09,1.32,12.19
ATOM,1467.0,HA3,GLY,93.0,42.747,52.883,11.294,0.09,1.32,3.47
ATOM,1468.0,N,ASN,94.0,42.372,50.51,13.077,-0.47,1.85,0.0
ATOM,1469.0,CA,ASN,94.0,41.504,49.455,13.578,0.07,2.275,0.17
ATOM,1470.0,C,ASN,94.0,41.771,49.208,15.061,0.51,2.0,1.58
ATOM,1471.0,O,ASN,94.0,42.787,49.652,15.599,-0.51,1.7,6.84
ATOM,1472.0,CB,ASN,94.0,41.713,48.174,12.769,-0.18,2.175,2.02
ATOM,1473.0,CG,ASN,94.0,41.149,48.284,11.367,0.55,2.0,0.0
ATOM,1474.0,H,ASN,94.0,43.387,50.397,12.919,0.31,0.2245,0.0
ATOM,1475.0,HA,ASN,94.0,40.558,49.783,13.502,0.09,1.32,1.41
ATOM,1476.0,HB2,ASN,94.0,42.69,47.997,12.707,0.09,1.32,0.1
ATOM,1477.0,HB3,ASN,94.0,41.255,47.427,13.239,0.09,1.32,2.45
ATOM,1478.0,OD1,ASN,94.0,41.805,47.927,10.391,-0.55,1.7,0.07
ATOM,1479.0,ND2,ASN,94.0,39.923,48.779,11.26,-0.62,1.85,1.13
ATOM,1480.0,HD22,ASN,94.0,39.425,49.062,12.082,0.3,0.2245,4.61
ATOM,1481.0,HD21,ASN,94.0,39.494,48.871,10.362,0.32,0.2245,0.18
ATOM,1482.0,N,VAL,95.0,40.842,48.509,15.715,-0.47,1.85,3.77
ATOM,1483.0,CA,VAL,95.0,40.95,48.198,17.136,0.07,2.275,3.4
ATOM,1484.0,C,VAL,95.0,42.288,47.536,17.468,0.51,2.0,0.0
ATOM,1485.0,O,VAL,95.0,42.656,46.513,16.878,-0.51,1.7,12.09
ATOM,1486.0,CB,VAL,95.0,39.783,47.262,17.6,-0.09,2.275,3.7
ATOM,1487.0,CG1,VAL,95.0,39.871,45.906,16.894,-0.27,2.06,31.57
ATOM,1488.0,CG2,VAL,95.0,39.822,47.075,19.112,-0.27,2.06,26.96
ATOM,1489.0,H,VAL,95.0,40.037,48.207,15.124,0.31,0.2245,5.19
ATOM,1490.0,HA,VAL,95.0,40.898,49.063,17.653,0.09,1.32,7.17
ATOM,1491.0,HB,VAL,95.0,38.935,47.687,17.313,0.09,1.32,10.24
ATOM,1492.0,HG11,VAL,95.0,39.79,45.176,17.571,0.09,1.32,0.94
ATOM,1493.0,HG12,VAL,95.0,39.13,45.832,16.229,0.09,1.32,5.77
ATOM,1494.0,HG13,VAL,95.0,40.75,45.834,16.427,0.09,1.32,1.12
ATOM,1495.0,HG21,VAL,95.0,39.752,46.101,19.325,0.09,1.32,0.0
ATOM,1496.0,HG22,VAL,95.0,40.684,47.437,19.466,0.09,1.32,1.5
ATOM,1497.0,HG23,VAL,95.0,39.055,47.566,19.524,0.09,1.32,11.52
ATOM,1498.0,N,GLY,96.0,43.017,48.135,18.405,-0.47,1.85,0.65
ATOM,1499.0,CA,GLY,96.0,44.295,47.579,18.814,-0.02,2.175,17.89
ATOM,1500.0,C,GLY,96.0,45.493,48.014,17.992,0.51,2.0,0.49
ATOM,1501.0,O,GLY,96.0,46.633,47.73,18.359,-0.51,1.7,11.91
ATOM,1502.0,H,GLY,96.0,42.607,48.996,18.798,0.31,0.2245,13.21
ATOM,1503.0,HA2,GLY,96.0,44.463,47.819,19.8,0.09,1.32,13.05
ATOM,1504.0,HA3,GLY,96.0,44.234,46.553,18.796,0.09,1.32,8.26
ATOM,1505.0,N,ASP,97.0,45.253,48.703,16.882,-0.47,1.85,0.19
ATOM,1506.0,CA,ASP,97.0,46.354,49.152,16.042,0.07,2.275,0.0
ATOM,1507.0,C,ASP,97.0,47.213,50.209,16.726,0.51,2.0,0.01
ATOM,1508.0,O,ASP,97.0,46.72,51.118,17.39,-0.51,1.7,26.43
ATOM,1509.0,CB,ASP,97.0,45.831,49.677,14.702,-0.28,2.175,0.0
ATOM,1510.0,CG,ASP,97.0,45.462,48.559,13.741,0.62,2.0,0.0
ATOM,1511.0,OD1,ASP,97.0,45.374,47.392,14.184,-0.76,1.7,13.22
ATOM,1512.0,OD2,ASP,97.0,45.253,48.844,12.544,-0.76,1.7,2.91
ATOM,1513.0,H,ASP,97.0,44.26,48.883,16.678,0.31,0.2245,0.0
ATOM,1514.0,HA,ASP,97.0,46.95,48.351,15.875,0.09,1.32,0.0
ATOM,1515.0,HB2,ASP,97.0,45.022,50.223,14.881,0.09,1.32,0.29
ATOM,1516.0,HB3,ASP,97.0,46.543,50.23,14.289,0.09,1.32,0.0
ATOM,1517.0,N,ASP,98.0,48.516,50.05,16.561,-0.47,1.85,0.0
ATOM,1518.0,CA,ASP,98.0,49.514,50.94,17.13,0.07,2.275,2.11
ATOM,1519.0,C,ASP,98.0,50.641,50.891,16.101,0.51,2.0,0.0
ATOM,1520.0,O,ASP,98.0,51.702,50.304,16.313,-0.51,1.7,0.0
ATOM,1521.0,CB,ASP,98.0,49.926,50.394,18.499,-0.28,2.175,11.66
ATOM,1522.0,CG,ASP,98.0,51.367,50.664,18.835,0.62,2.0,2.8
ATOM,1523.0,OD1,ASP,98.0,51.797,51.836,18.749,-0.76,1.7,21.29
ATOM,1524.0,OD2,ASP,98.0,52.064,49.688,19.192,-0.76,1.7,25.64
ATOM,1525.0,H,ASP,98.0,48.773,49.213,15.974,0.31,0.2245,0.0
ATOM,1526.0,HA,ASP,98.0,49.149,51.848,17.11,0.09,1.32,6.62
ATOM,1527.0,HB2,ASP,98.0,49.346,50.825,19.185,0.09,1.32,9.77
ATOM,1528.0,HB3,ASP,98.0,49.772,49.41,18.493,0.09,1.32,2.16
ATOM,1529.0,N,CYS,99.0,50.357,51.507,14.958,-0.47,1.85,3.38
ATOM,1530.0,CA,CYS,99.0,51.259,51.537,13.813,0.07,2.275,3.77
ATOM,1531.0,C,CYS,99.0,50.611,52.47,12.812,0.51,2.0,0.76
ATOM,1532.0,O,CYS,99.0,49.474,52.9,12.993,-0.51,1.7,9.32
ATOM,1533.0,CB,CYS,99.0,51.308,50.156,13.179,-0.1,2.175,2.2
ATOM,1534.0,SG,CYS,99.0,49.596,49.596,12.873,-0.08,1.975,0.0
ATOM,1535.0,H,CYS,99.0,49.416,51.976,14.95,0.31,0.2245,2.74
ATOM,1536.0,HA,CYS,99.0,52.117,51.931,14.1,0.09,1.32,2.04
ATOM,1537.0,HB2,CYS,99.0,51.758,50.213,12.32,0.09,1.32,0.0
ATOM,1538.0,HB3,CYS,99.0,51.716,49.532,13.803,0.09,1.32,0.0
ATOM,1539.0,N,ASN,100.0,51.331,52.764,11.74,-0.47,1.85,1.03
ATOM,1540.0,CA,ASN,100.0,50.804,53.619,10.693,0.07,2.275,0.06
ATOM,1541.0,C,ASN,100.0,51.46,53.176,9.398,0.51,2.0,0.0
ATOM,1542.0,O,ASN,100.0,52.473,53.737,8.977,-0.51,1.7,17.45
ATOM,1543.0,CB,ASN,100.0,51.13,55.084,10.972,-0.18,2.175,15.85
ATOM,1544.0,CG,ASN,100.0,50.48,56.024,9.975,0.55,2.0,2.9
ATOM,1545.0,H,ASN,100.0,52.277,52.341,11.717,0.31,0.2245,6.08
ATOM,1546.0,HA,ASN,100.0,49.834,53.427,10.61,0.09,1.32,0.0
ATOM,1547.0,HB2,ASN,100.0,50.802,55.313,11.884,0.09,1.32,7.49
ATOM,1548.0,HB3,ASN,100.0,52.118,55.203,10.923,0.09,1.32,8.22
ATOM,1549.0,OD1,ASN,100.0,50.731,57.228,9.989,-0.55,1.7,44.04
ATOM,1550.0,ND2,ASN,100.0,49.634,55.48,9.107,-0.62,1.85,9.76
ATOM,1551.0,HD22,ASN,100.0,49.453,54.495,9.142,0.3,0.2245,0.01
ATOM,1552.0,HD21,ASN,100.0,49.18,56.048,8.424,0.32,0.2245,14.89
ATOM,1553.0,N,VAL,101.0,50.887,52.152,8.778,-0.47,1.85,0.0
ATOM,1554.0,CA,VAL,101.0,51.435,51.625,7.535,0.07,2.275,0.0
ATOM,1555.0,C,VAL,101.0,50.372,51.476,6.452,0.51,2.0,0.0
ATOM,1556.0,O,VAL,101.0,49.779,50.409,6.285,-0.51,1.7,0.0
ATOM,1557.0,CB,VAL,101.0,52.097,50.246,7.761,-0.09,2.275,0.0
ATOM,1558.0,CG1,VAL,101.0,52.888,49.839,6.517,-0.27,2.06,0.13
ATOM,1559.0,CG2,VAL,101.0,52.994,50.291,8.998,-0.27,2.06,14.72
ATOM,1560.0,H,VAL,101.0,50.043,51.773,9.241,0.31,0.2245,0.0
ATOM,1561.0,HA,VAL,101.0,52.132,52.277,7.197,0.09,1.32,1.05
ATOM,1562.0,HB,VAL,101.0,51.373,49.579,7.874,0.09,1.32,0.0
ATOM,1563.0,HG11,VAL,101.0,53.376,50.634,6.161,0.09,1.32,1.42
ATOM,1564.0,HG12,VAL,101.0,53.542,49.125,6.761,0.09,1.32,0.0
ATOM,1565.0,HG13,VAL,101.0,52.258,49.494,5.823,0.09,1.32,0.0
ATOM,1566.0,HG21,VAL,101.0,52.838,49.47,9.544,0.09,1.32,0.05
ATOM,1567.0,HG22,VAL,101.0,53.949,50.33,8.708,0.09,1.32,4.0
ATOM,1568.0,HG23,VAL,101.0,52.77,51.103,9.535,0.09,1.32,0.0
ATOM,1569.0,N,PRO,102.0,50.107,52.559,5.707,-0.29,1.85,0.0
ATOM,1570.0,CA,PRO,102.0,49.103,52.486,4.64,0.02,2.275,0.0
ATOM,1571.0,C,PRO,102.0,49.656,51.664,3.486,0.51,2.0,0.0
ATOM,1572.0,O,PRO,102.0,50.852,51.38,3.441,-0.51,1.7,1.52
ATOM,1573.0,CB,PRO,102.0,48.905,53.946,4.26,-0.18,2.175,12.91
ATOM,1574.0,CG,PRO,102.0,50.261,54.545,4.518,-0.18,2.175,21.03
ATOM,1575.0,CD,PRO,102.0,50.638,53.924,5.843,0.0,2.175,5.99
ATOM,1576.0,HA,PRO,102.0,48.248,52.097,4.981,0.09,1.32,0.0
ATOM,1577.0,HB2,PRO,102.0,48.658,54.037,3.299,0.09,1.32,2.66
ATOM,1578.0,HB3,PRO,102.0,48.215,54.377,4.834,0.09,1.32,3.03
ATOM,1579.0,HG2,PRO,102.0,50.899,54.282,3.807,0.09,1.32,5.82
ATOM,1580.0,HG3,PRO,102.0,50.197,55.531,4.592,0.09,1.32,10.99
ATOM,1581.0,HD2,PRO,102.0,51.625,53.908,5.968,0.09,1.32,5.58
ATOM,1582.0,HD3,PRO,102.0,50.203,54.399,6.603,0.09,1.32,0.0
ATOM,1583.0,N,ILE,103.0,48.798,51.265,2.559,-0.47,1.85,0.0
ATOM,1584.0,CA,ILE,103.0,49.283,50.505,1.419,0.07,2.275,0.0
ATOM,1585.0,C,ILE,103.0,49.982,51.519,0.503,0.51,2.0,0.0
ATOM,1586.0,O,ILE,103.0,49.708,52.711,0.585,-0.51,1.7,1.3
ATOM,1587.0,CB,ILE,103.0,48.122,49.795,0.685,-0.09,2.275,0.0
ATOM,1588.0,CG1,ILE,103.0,47.168,50.813,0.074,-0.18,2.175,0.0
ATOM,1589.0,CG2,ILE,103.0,47.352,48.927,1.666,-0.27,2.06,0.0
ATOM,1590.0,CD1,ILE,103.0,46.063,50.163,-0.741,-0.27,2.06,0.0
ATOM,1591.0,H,ILE,103.0,47.819,51.526,2.71,0.31,0.2245,0.26
ATOM,1592.0,HA,ILE,103.0,49.99,49.904,1.757,0.09,1.32,0.0
ATOM,1593.0,HB,ILE,103.0,48.516,49.254,-0.052,0.09,1.32,0.0
ATOM,1594.0,HG12,ILE,103.0,46.756,51.346,0.805,0.09,1.32,0.33
ATOM,1595.0,HG13,ILE,103.0,47.688,51.416,-0.522,0.09,1.32,0.0
ATOM,1596.0,HG21,ILE,103.0,46.615,48.453,1.187,0.09,1.32,0.0
ATOM,1597.0,HG22,ILE,103.0,47.968,48.255,2.074,0.09,1.32,0.0
ATOM,1598.0,HG23,ILE,103.0,46.964,49.5,2.387,0.09,1.32,0.0
ATOM,1599.0,HD11,ILE,103.0,45.532,49.558,-0.151,0.09,1.32,0.0
ATOM,1600.0,HD12,ILE,103.0,45.471,50.873,-1.116,0.09,1.32,0.0
ATOM,1601.0,HD13,ILE,103.0,46.47,49.636,-1.485,0.09,1.32,0.0
ATOM,1602.0,N,PRO,104.0,50.897,51.063,-0.365,-0.29,1.85,0.0
ATOM,1603.0,CA,PRO,104.0,51.613,51.979,-1.269,0.02,2.275,0.4
ATOM,1604.0,C,PRO,104.0,50.712,53.074,-1.854,0.51,2.0,0.0
ATOM,1605.0,O,PRO,104.0,49.684,52.791,-2.463,-0.51,1.7,0.0
ATOM,1606.0,CB,PRO,104.0,52.17,51.043,-2.335,-0.18,2.175,0.0
ATOM,1607.0,CG,PRO,104.0,52.453,49.785,-1.542,-0.18,2.175,0.0
ATOM,1608.0,CD,PRO,104.0,51.206,49.657,-0.683,0.0,2.175,0.0
ATOM,1609.0,HA,PRO,104.0,52.41,52.391,-0.796,0.09,1.32,1.2
ATOM,1610.0,HB2,PRO,104.0,51.498,50.864,-3.043,0.09,1.32,0.0
ATOM,1611.0,HB3,PRO,104.0,53.007,51.402,-2.728,0.09,1.32,0.0
ATOM,1612.0,HG2,PRO,104.0,52.547,49.009,-2.147,0.09,1.32,0.0
ATOM,1613.0,HG3,PRO,104.0,53.258,49.904,-0.981,0.09,1.32,0.0
ATOM,1614.0,HD2,PRO,104.0,50.462,49.238,-1.191,0.09,1.32,0.0
ATOM,1615.0,HD3,PRO,104.0,51.393,49.139,0.146,0.09,1.32,0.0
ATOM,1616.0,N,SER,105.0,51.108,54.327,-1.664,-0.47,1.85,0.26
ATOM,1617.0,CA,SER,105.0,50.316,55.448,-2.155,0.07,2.275,0.68
ATOM,1618.0,C,SER,105.0,50.127,55.475,-3.669,0.51,2.0,0.07
ATOM,1619.0,O,SER,105.0,49.15,56.039,-4.165,-0.51,1.7,3.98
ATOM,1620.0,CB,SER,105.0,50.948,56.767,-1.71,0.05,2.175,27.03
ATOM,1621.0,OG,SER,105.0,52.228,56.924,-2.294,-0.66,1.77,27.69
ATOM,1622.0,H,SER,105.0,52.001,54.434,-1.153,0.31,0.2245,5.2
ATOM,1623.0,HA,SER,105.0,49.39,55.387,-1.73,0.09,1.32,0.76
ATOM,1624.0,HB2,SER,105.0,50.364,57.516,-2.0,0.09,1.32,9.32
ATOM,1625.0,HB3,SER,105.0,51.041,56.76,-0.721,0.09,1.32,10.2
ATOM,1626.0,HG,SER,105.0,52.612,56.025,-2.503,0.43,0.2245,2.81
ATOM,1627.0,N,TRP,106.0,51.05,54.863,-4.402,-0.47,1.85,0.0
ATOM,1628.0,CA,TRP,106.0,50.973,54.861,-5.857,0.07,2.275,1.16
ATOM,1629.0,C,TRP,106.0,49.883,53.97,-6.441,0.51,2.0,0.0
ATOM,1630.0,O,TRP,106.0,49.416,54.209,-7.556,-0.51,1.7,0.88
ATOM,1631.0,CB,TRP,106.0,52.32,54.46,-6.464,-0.18,2.175,11.13
ATOM,1632.0,CG,TRP,106.0,52.834,53.151,-5.981,-0.03,1.9924,0.0
ATOM,1633.0,CD1,TRP,106.0,53.744,52.947,-4.981,0.035,1.9924,0.0
ATOM,1634.0,CD2,TRP,106.0,52.46,51.854,-6.455,-0.02,1.8,0.0
ATOM,1635.0,NE1,TRP,106.0,53.962,51.6,-4.807,-0.61,1.85,0.0
ATOM,1636.0,CE2,TRP,106.0,53.19,50.905,-5.701,0.13,1.8,0.0
ATOM,1637.0,CE3,TRP,106.0,51.583,51.399,-7.448,-0.115,1.9924,2.35
ATOM,1638.0,CZ2,TRP,106.0,53.061,49.527,-5.902,-0.115,1.9924,0.0
ATOM,1639.0,CZ3,TRP,106.0,51.455,50.024,-7.652,-0.115,1.9924,0.0
ATOM,1640.0,CH2,TRP,106.0,52.194,49.107,-6.881,-0.115,1.9924,0.0
ATOM,1641.0,H,TRP,106.0,51.804,54.402,-3.865,0.31,0.2245,0.0
ATOM,1642.0,HA,TRP,106.0,50.775,55.818,-6.155,0.09,1.32,0.0
ATOM,1643.0,HB2,TRP,106.0,52.218,54.397,-7.452,0.09,1.32,6.21
ATOM,1644.0,HB3,TRP,106.0,52.994,55.154,-6.23,0.09,1.32,7.45
ATOM,1645.0,HD1,TRP,106.0,54.187,53.668,-4.453,0.115,1.3582,0.56
ATOM,1646.0,HE1,TRP,106.0,54.582,51.193,-4.138,0.38,0.2245,0.0
ATOM,1647.0,HE3,TRP,106.0,51.056,52.036,-8.002,0.115,1.3582,1.24
ATOM,1648.0,HZ2,TRP,106.0,53.59,48.883,-5.344,0.115,1.3582,0.0
ATOM,1649.0,HZ3,TRP,106.0,50.834,49.695,-8.351,0.115,1.3582,0.0
ATOM,1650.0,HH2,TRP,106.0,52.077,48.13,-7.058,0.115,1.3582,0.0
ATOM,1651.0,N,VAL,107.0,49.476,52.948,-5.702,-0.47,1.85,0.0
ATOM,1652.0,CA,VAL,107.0,48.458,52.039,-6.207,0.07,2.275,0.0
ATOM,1653.0,C,VAL,107.0,47.169,52.771,-6.589,0.51,2.0,0.0
ATOM,1654.0,O,VAL,107.0,46.495,52.396,-7.546,-0.51,1.7,0.0
ATOM,1655.0,CB,VAL,107.0,48.138,50.929,-5.172,-0.09,2.275,0.0
ATOM,1656.0,CG1,VAL,107.0,47.417,51.514,-3.974,-0.27,2.06,0.0
ATOM,1657.0,CG2,VAL,107.0,47.296,49.849,-5.816,-0.27,2.06,0.0
ATOM,1658.0,H,VAL,107.0,49.924,52.859,-4.78,0.31,0.2245,0.0
ATOM,1659.0,HA,VAL,107.0,48.816,51.594,-7.041,0.09,1.32,0.0
ATOM,1660.0,HB,VAL,107.0,49.006,50.567,-4.848,0.09,1.32,0.0
ATOM,1661.0,HG11,VAL,107.0,46.436,51.569,-4.165,0.09,1.32,0.0
ATOM,1662.0,HG12,VAL,107.0,47.566,50.932,-3.174,0.09,1.32,0.0
ATOM,1663.0,HG13,VAL,107.0,47.768,52.432,-3.784,0.09,1.32,0.0
ATOM,1664.0,HG21,VAL,107.0,46.842,49.311,-5.105,0.09,1.32,0.0
ATOM,1665.0,HG22,VAL,107.0,46.606,50.271,-6.407,0.09,1.32,0.0
ATOM,1666.0,HG23,VAL,107.0,47.882,49.25,-6.364,0.09,1.32,0.0
ATOM,1667.0,N,TRP,108.0,46.84,53.83,-5.862,-0.47,1.85,0.0
ATOM,1668.0,CA,TRP,108.0,45.613,54.575,-6.131,0.07,2.275,0.0
ATOM,1669.0,C,TRP,108.0,45.602,55.303,-7.469,0.51,2.0,0.0
ATOM,1670.0,O,TRP,108.0,44.538,55.66,-7.972,-0.51,1.7,10.39
ATOM,1671.0,CB,TRP,108.0,45.345,55.581,-5.008,-0.18,2.175,6.37
ATOM,1672.0,CG,TRP,108.0,45.33,54.96,-3.649,-0.03,1.9924,0.0
ATOM,1673.0,CD1,TRP,108.0,46.218,55.183,-2.638,0.035,1.9924,6.09
ATOM,1674.0,CD2,TRP,108.0,44.394,53.995,-3.161,-0.02,1.8,0.0
ATOM,1675.0,NE1,TRP,108.0,45.893,54.414,-1.546,-0.61,1.85,2.17
ATOM,1676.0,CE2,TRP,108.0,44.778,53.676,-1.841,0.13,1.8,0.0
ATOM,1677.0,CE3,TRP,108.0,43.268,53.368,-3.709,-0.115,1.9924,0.0
ATOM,1678.0,CZ2,TRP,108.0,44.075,52.757,-1.055,-0.115,1.9924,0.0
ATOM,1679.0,CZ3,TRP,108.0,42.568,52.453,-2.93,-0.115,1.9924,0.0
ATOM,1680.0,CH2,TRP,108.0,42.976,52.157,-1.615,-0.115,1.9924,0.0
ATOM,1681.0,H,TRP,108.0,47.507,54.076,-5.111,0.31,0.2245,0.0
ATOM,1682.0,HA,TRP,108.0,44.845,53.905,-6.142,0.09,1.32,0.0
ATOM,1683.0,HB2,TRP,108.0,46.062,56.267,-5.015,0.09,1.32,2.26
ATOM,1684.0,HB3,TRP,108.0,44.457,55.997,-5.156,0.09,1.32,2.84
ATOM,1685.0,HD1,TRP,108.0,46.992,55.812,-2.681,0.115,1.3582,2.76
ATOM,1686.0,HE1,TRP,108.0,46.388,54.396,-0.679,0.38,0.2245,7.83
ATOM,1687.0,HE3,TRP,108.0,42.968,53.569,-4.637,0.115,1.3582,0.51
ATOM,1688.0,HZ2,TRP,108.0,44.377,52.556,-0.12,0.115,1.3582,0.0
ATOM,1689.0,HZ3,TRP,108.0,41.769,52.003,-3.31,0.115,1.3582,0.0
ATOM,1690.0,HH2,TRP,108.0,42.445,51.494,-1.088,0.115,1.3582,0.0
ATOM,1691.0,N,ASN,109.0,46.778,55.517,-8.049,-0.47,1.85,0.0
ATOM,1692.0,CA,ASN,109.0,46.872,56.23,-9.32,0.07,2.275,0.77
ATOM,1693.0,C,ASN,109.0,46.659,55.365,-10.546,0.51,2.0,0.19
ATOM,1694.0,O,ASN,109.0,46.541,55.877,-11.657,-0.51,1.7,23.39
ATOM,1695.0,CB,ASN,109.0,48.227,56.927,-9.435,-0.18,2.175,14.36
ATOM,1696.0,CG,ASN,109.0,48.481,57.882,-8.289,0.55,2.0,2.2
ATOM,1697.0,H,ASN,109.0,47.596,55.146,-7.537,0.31,0.2245,0.0
ATOM,1698.0,HA,ASN,109.0,46.133,56.934,-9.318,0.09,1.32,4.52
ATOM,1699.0,HB2,ASN,109.0,48.939,56.232,-9.435,0.09,1.32,2.9
ATOM,1700.0,HB3,ASN,109.0,48.245,57.44,-10.288,0.09,1.32,8.92
ATOM,1701.0,OD1,ASN,109.0,47.624,58.699,-7.941,-0.55,1.7,32.54
ATOM,1702.0,ND2,ASN,109.0,49.668,57.788,-7.695,-0.62,1.85,14.34
ATOM,1703.0,HD22,ASN,109.0,50.336,57.116,-8.017,0.3,0.2245,5.26
ATOM,1704.0,HD21,ASN,109.0,49.893,58.388,-6.928,0.32,0.2245,17.19
ATOM,1705.0,N,GLN,110.0,46.604,54.052,-10.352,-0.47,1.85,0.0
ATOM,1706.0,CA,GLN,110.0,46.415,53.152,-11.476,0.07,2.275,1.53
ATOM,1707.0,C,GLN,110.0,44.992,53.152,-12.023,0.51,2.0,1.61
ATOM,1708.0,O,GLN,110.0,44.674,52.375,-12.922,-0.51,1.7,17.05
ATOM,1709.0,CB,GLN,110.0,46.828,51.732,-11.088,-0.18,2.175,1.11
ATOM,1710.0,CG,GLN,110.0,48.328,51.544,-11.013,-0.18,2.175,9.28
ATOM,1711.0,CD,GLN,110.0,48.73,50.082,-11.028,0.55,2.0,1.53
ATOM,1712.0,H,GLN,110.0,46.703,53.745,-9.374,0.31,0.2245,0.0
ATOM,1713.0,HA,GLN,110.0,47.031,53.454,-12.227,0.09,1.32,7.07
ATOM,1714.0,HB2,GLN,110.0,46.439,51.519,-10.192,0.09,1.32,0.0
ATOM,1715.0,HB3,GLN,110.0,46.465,51.096,-11.769,0.09,1.32,2.27
ATOM,1716.0,HG2,GLN,110.0,48.751,51.997,-11.798,0.09,1.32,9.05
ATOM,1717.0,HG3,GLN,110.0,48.664,51.957,-10.167,0.09,1.32,0.0
ATOM,1718.0,OE1,GLN,110.0,49.913,49.753,-11.153,-0.55,1.7,7.24
ATOM,1719.0,NE2,GLN,110.0,47.748,49.193,-10.901,-0.62,1.85,4.69
ATOM,1720.0,HE21,GLN,110.0,47.941,48.197,-10.916,0.32,0.2245,0.0
ATOM,1721.0,HE22,GLN,110.0,46.793,49.531,-10.787,0.3,0.2245,0.0
ATOM,1722.0,N,LYS,111.0,44.145,54.029,-11.491,-0.47,1.85,0.13
ATOM,1723.0,CA,LYS,111.0,42.756,54.125,-11.934,0.07,2.275,0.77
ATOM,1724.0,C,LYS,111.0,42.216,55.545,-11.854,0.51,2.0,0.24
ATOM,1725.0,O,LYS,111.0,42.525,56.294,-10.925,-0.51,1.7,12.78
ATOM,1726.0,CB,LYS,111.0,41.863,53.207,-11.096,-0.18,2.175,0.13
ATOM,1727.0,CG,LYS,111.0,42.072,51.726,-11.35,-0.18,2.175,0.0
ATOM,1728.0,CD,LYS,111.0,41.546,51.299,-12.71,-0.18,2.175,3.67
ATOM,1729.0,CE,LYS,111.0,41.676,49.8,-12.886,0.21,2.175,1.12
ATOM,1730.0,NZ,LYS,111.0,41.032,49.332,-14.142,-0.3,1.85,10.77
ATOM,1731.0,H,LYS,111.0,44.55,54.629,-10.746,0.31,0.2245,0.0
ATOM,1732.0,HA,LYS,111.0,42.7,53.81,-12.896,0.09,1.32,1.62
ATOM,1733.0,HB2,LYS,111.0,42.048,53.391,-10.131,0.09,1.32,0.08
ATOM,1734.0,HB3,LYS,111.0,40.909,53.431,-11.3,0.09,1.32,0.0
ATOM,1735.0,HG2,LYS,111.0,43.053,51.521,-11.305,0.09,1.32,0.0
ATOM,1736.0,HG3,LYS,111.0,41.597,51.201,-10.64,0.09,1.32,0.0
ATOM,1737.0,HD2,LYS,111.0,40.588,51.546,-12.776,0.09,1.32,0.0
ATOM,1738.0,HD3,LYS,111.0,42.076,51.751,-13.416,0.09,1.32,3.5
ATOM,1739.0,HE2,LYS,111.0,42.65,49.556,-12.905,0.05,1.32,2.28
ATOM,1740.0,HE3,LYS,111.0,41.244,49.34,-12.104,0.05,1.32,0.04
ATOM,1741.0,HZ1,LYS,111.0,41.681,49.413,-14.898,0.33,0.2245,17.41
ATOM,1742.0,HZ2,LYS,111.0,40.757,48.376,-14.038,0.33,0.2245,3.14
ATOM,1743.0,HZ3,LYS,111.0,40.227,49.893,-14.331,0.33,0.2245,11.25
ATOM,1744.0,N,SER,112.0,41.394,55.905,-12.832,-0.47,1.85,0.0
ATOM,1745.0,CA,SER,112.0,40.8,57.235,-12.885,0.07,2.275,1.79
ATOM,1746.0,C,SER,112.0,39.403,57.204,-12.28,0.51,2.0,0.21
ATOM,1747.0,O,SER,112.0,38.903,58.221,-11.791,-0.51,1.7,29.57
ATOM,1748.0,CB,SER,112.0,40.723,57.713,-14.336,0.05,2.175,24.88
ATOM,1749.0,OG,SER,112.0,41.996,57.662,-14.95,-0.66,1.77,30.75
ATOM,1750.0,H,SER,112.0,41.214,55.169,-13.544,0.31,0.2245,5.24
ATOM,1751.0,HA,SER,112.0,41.363,57.852,-12.33,0.09,1.32,7.29
ATOM,1752.0,HB2,SER,112.0,40.097,57.123,-14.835,0.09,1.32,8.68
ATOM,1753.0,HB3,SER,112.0,40.394,58.652,-14.346,0.09,1.32,10.09
ATOM,1754.0,HG,SER,112.0,42.433,56.787,-14.743,0.43,0.2245,12.51
ATOM,1755.0,N,ASP,113.0,38.77,56.036,-12.322,-0.47,1.85,0.7
ATOM,1756.0,CA,ASP,113.0,37.432,55.885,-11.77,0.07,2.275,5.05
ATOM,1757.0,C,ASP,113.0,37.518,55.724,-10.254,0.51,2.0,1.14
ATOM,1758.0,O,ASP,113.0,38.514,56.118,-9.64,-0.51,1.7,7.41
ATOM,1759.0,CB,ASP,113.0,36.728,54.67,-12.389,-0.28,2.175,14.71
ATOM,1760.0,CG,ASP,113.0,37.513,53.383,-12.218,0.62,2.0,0.0
ATOM,1761.0,OD1,ASP,113.0,38.274,53.278,-11.229,-0.76,1.7,0.0
ATOM,1762.0,OD2,ASP,113.0,37.36,52.471,-13.061,-0.76,1.7,16.18
ATOM,1763.0,H,ASP,113.0,39.299,55.267,-12.769,0.31,0.2245,1.1
ATOM,1764.0,HA,ASP,113.0,36.936,56.738,-11.945,0.09,1.32,8.53
ATOM,1765.0,HB2,ASP,113.0,35.846,54.569,-11.943,0.09,1.32,2.42
ATOM,1766.0,HB3,ASP,113.0,36.609,54.847,-13.359,0.09,1.32,10.89
ATOM,1767.0,N,ASP,114.0,36.469,55.159,-9.657,-0.47,1.85,0.86
ATOM,1768.0,CA,ASP,114.0,36.439,54.942,-8.214,0.07,2.275,0.0
ATOM,1769.0,C,ASP,114.0,36.335,53.448,-7.918,0.51,2.0,0.0
ATOM,1770.0,O,ASP,114.0,35.791,53.039,-6.893,-0.51,1.7,0.0
ATOM,1771.0,CB,ASP,114.0,35.268,55.708,-7.564,-0.28,2.175,2.83
ATOM,1772.0,CG,ASP,114.0,33.897,55.294,-8.102,0.62,2.0,1.31
ATOM,1773.0,OD1,ASP,114.0,33.804,54.323,-8.879,-0.76,1.7,0.2
ATOM,1774.0,OD2,ASP,114.0,32.901,55.951,-7.732,-0.76,1.7,6.87
ATOM,1775.0,H,ASP,114.0,35.695,54.894,-10.294,0.31,0.2245,0.86
ATOM,1776.0,HA,ASP,114.0,37.318,55.253,-7.847,0.09,1.32,0.0
ATOM,1777.0,HB2,ASP,114.0,35.292,55.529,-6.587,0.09,1.32,0.0
ATOM,1778.0,HB3,ASP,114.0,35.4,56.676,-7.743,0.09,1.32,6.0
ATOM,1779.0,N,SER,115.0,36.886,52.648,-8.826,-0.47,1.85,0.0
ATOM,1780.0,CA,SER,115.0,36.867,51.196,-8.714,0.07,2.275,0.0
ATOM,1781.0,C,SER,115.0,37.779,50.622,-7.625,0.51,2.0,0.0
ATOM,1782.0,O,SER,115.0,37.576,49.497,-7.172,-0.51,1.7,0.0
ATOM,1783.0,CB,SER,115.0,37.261,50.582,-10.053,0.05,2.175,1.3
ATOM,1784.0,OG,SER,115.0,38.573,50.978,-10.423,-0.66,1.77,0.0
ATOM,1785.0,H,SER,115.0,37.334,53.152,-9.627,0.31,0.2245,0.0
ATOM,1786.0,HA,SER,115.0,35.911,50.91,-8.494,0.09,1.32,0.0
ATOM,1787.0,HB2,SER,115.0,37.233,49.591,-9.975,0.09,1.32,0.0
ATOM,1788.0,HB3,SER,115.0,36.623,50.891,-10.751,0.09,1.32,0.0
ATOM,1789.0,HG,SER,115.0,38.547,51.904,-10.796,0.43,0.2245,0.0
ATOM,1790.0,N,LEU,116.0,38.769,51.398,-7.203,-0.47,1.85,0.0
ATOM,1791.0,CA,LEU,116.0,39.733,50.947,-6.203,0.07,2.275,0.0
ATOM,1792.0,C,LEU,116.0,39.36,51.01,-4.72,0.51,2.0,0.0
ATOM,1793.0,O,LEU,116.0,39.865,50.221,-3.929,-0.51,1.7,0.0
ATOM,1794.0,CB,LEU,116.0,41.053,51.7,-6.401,-0.18,2.175,0.02
ATOM,1795.0,CG,LEU,116.0,42.144,51.079,-7.271,-0.09,2.275,0.0
ATOM,1796.0,CD1,LEU,116.0,41.556,50.366,-8.457,-0.27,2.06,0.0
ATOM,1797.0,CD2,LEU,116.0,43.086,52.177,-7.714,-0.27,2.06,0.64
ATOM,1798.0,H,LEU,116.0,38.8,52.342,-7.639,0.31,0.2245,0.0
ATOM,1799.0,HA,LEU,116.0,39.978,49.959,-6.422,0.09,1.32,0.0
ATOM,1800.0,HB2,LEU,116.0,40.83,52.601,-6.801,0.09,1.32,1.66
ATOM,1801.0,HB3,LEU,116.0,41.453,51.856,-5.488,0.09,1.32,0.0
ATOM,1802.0,HG,LEU,116.0,42.671,50.431,-6.712,0.09,1.32,0.0
ATOM,1803.0,HD11,LEU,116.0,41.033,51.011,-9.021,0.09,1.32,0.0
ATOM,1804.0,HD12,LEU,116.0,42.288,49.966,-9.015,0.09,1.32,0.0
ATOM,1805.0,HD13,LEU,116.0,40.944,49.633,-8.148,0.09,1.32,0.0
ATOM,1806.0,HD21,LEU,116.0,43.498,52.614,-6.912,0.09,1.32,0.0
ATOM,1807.0,HD22,LEU,116.0,43.811,51.79,-8.287,0.09,1.32,0.0
ATOM,1808.0,HD23,LEU,116.0,42.582,52.865,-8.24,0.09,1.32,0.6
ATOM,1809.0,N,TYR,117.0,38.492,51.931,-4.331,-0.47,1.85,0.0
ATOM,1810.0,CA,TYR,117.0,38.155,52.048,-2.916,0.07,2.275,0.0
ATOM,1811.0,C,TYR,117.0,36.695,51.798,-2.562,0.51,2.0,0.0
ATOM,1812.0,O,TYR,117.0,35.917,51.321,-3.391,-0.51,1.7,0.0
ATOM,1813.0,CB,TYR,117.0,38.607,53.42,-2.412,-0.18,2.175,0.0
ATOM,1814.0,CG,TYR,117.0,38.146,54.576,-3.268,0.0,1.9924,0.0
ATOM,1815.0,CD1,TYR,117.0,36.883,55.138,-3.094,-0.115,1.9924,0.0
ATOM,1816.0,CD2,TYR,117.0,38.981,55.119,-4.246,-0.115,1.9924,0.24
ATOM,1817.0,CE1,TYR,117.0,36.459,56.224,-3.87,-0.115,1.9924,0.01
ATOM,1818.0,CE2,TYR,117.0,38.567,56.202,-5.029,-0.115,1.9924,2.83
ATOM,1819.0,CZ,TYR,117.0,37.307,56.75,-4.831,0.11,1.9924,0.86
ATOM,1820.0,OH,TYR,117.0,36.902,57.84,-5.567,-0.54,1.77,24.83
ATOM,1821.0,H,TYR,117.0,38.099,52.522,-5.069,0.31,0.2245,0.0
ATOM,1822.0,HA,TYR,117.0,38.724,51.367,-2.4,0.09,1.32,0.0
ATOM,1823.0,HB2,TYR,117.0,38.245,53.549,-1.491,0.09,1.32,0.0
ATOM,1824.0,HB3,TYR,117.0,39.605,53.43,-2.386,0.09,1.32,0.0
ATOM,1825.0,HD1,TYR,117.0,36.263,54.763,-2.405,0.115,1.3582,0.0
ATOM,1826.0,HD2,TYR,117.0,39.887,54.732,-4.39,0.115,1.3582,0.66
ATOM,1827.0,HE1,TYR,117.0,35.551,56.614,-3.726,0.115,1.3582,0.97
ATOM,1828.0,HE2,TYR,117.0,39.176,56.576,-5.725,0.115,1.3582,10.03
ATOM,1829.0,HH,TYR,117.0,37.354,57.821,-6.457,0.43,0.2245,9.99
ATOM,1830.0,N,PHE,118.0,36.339,52.105,-1.315,-0.47,1.85,0.0
ATOM,1831.0,CA,PHE,118.0,34.982,51.905,-0.829,0.07,2.275,0.0
ATOM,1832.0,C,PHE,118.0,34.306,53.22,-0.501,0.51,2.0,0.0
ATOM,1833.0,O,PHE,118.0,34.964,54.195,-0.138,-0.51,1.7,0.0
ATOM,1834.0,CB,PHE,118.0,34.96,51.041,0.443,-0.18,2.175,0.0
ATOM,1835.0,CG,PHE,118.0,35.624,49.698,0.295,0.0,1.9924,0.0
ATOM,1836.0,CD1,PHE,118.0,36.998,49.566,0.443,-0.115,1.9924,0.0
ATOM,1837.0,CD2,PHE,118.0,34.868,48.56,0.024,-0.115,1.9924,0.0
ATOM,1838.0,CE1,PHE,118.0,37.616,48.321,0.323,-0.115,1.9924,0.0
ATOM,1839.0,CE2,PHE,118.0,35.479,47.307,-0.098,-0.115,1.9924,0.01
ATOM,1840.0,CZ,PHE,118.0,36.854,47.188,0.052,-0.115,1.9924,0.0
ATOM,1841.0,H,PHE,118.0,37.107,52.494,-0.73,0.31,0.2245,0.0
ATOM,1842.0,HA,PHE,118.0,34.459,51.486,-1.584,0.09,1.32,0.17
ATOM,1843.0,HB2,PHE,118.0,35.435,51.541,1.153,0.09,1.32,0.0
ATOM,1844.0,HB3,PHE,118.0,34.012,50.89,0.686,0.09,1.32,0.0
ATOM,1845.0,HD1,PHE,118.0,37.557,50.367,0.639,0.115,1.3582,0.0
ATOM,1846.0,HD2,PHE,118.0,33.879,48.636,-0.084,0.115,1.3582,0.0
ATOM,1847.0,HE1,PHE,118.0,38.613,48.251,0.432,0.115,1.3582,0.0
ATOM,1848.0,HE2,PHE,118.0,34.91,46.495,-0.297,0.115,1.3582,0.0
ATOM,1849.0,HZ,PHE,118.0,37.298,46.3,-0.032,0.115,1.3582,0.37
ATOM,1850.0,N,LYS,119.0,32.983,53.224,-0.606,-0.47,1.85,0.0
ATOM,1851.0,CA,LYS,119.0,32.16,54.391,-0.306,0.07,2.275,0.0
ATOM,1852.0,C,LYS,119.0,30.92,53.84,0.384,0.51,2.0,0.0
ATOM,1853.0,O,LYS,119.0,30.233,52.982,-0.165,-0.51,1.7,0.0
ATOM,1854.0,CB,LYS,119.0,31.78,55.112,-1.601,-0.18,2.175,0.0
ATOM,1855.0,CG,LYS,119.0,31.458,56.573,-1.425,-0.18,2.175,0.01
ATOM,1856.0,CD,LYS,119.0,31.293,57.237,-2.774,-0.18,2.175,1.14
ATOM,1857.0,CE,LYS,119.0,31.352,58.744,-2.649,0.21,2.175,11.16
ATOM,1858.0,NZ,LYS,119.0,30.998,59.416,-3.93,-0.3,1.85,12.83
ATOM,1859.0,H,LYS,119.0,32.576,52.311,-0.925,0.31,0.2245,0.16
ATOM,1860.0,HA,LYS,119.0,32.643,54.977,0.322,0.09,1.32,0.0
ATOM,1861.0,HB2,LYS,119.0,32.548,55.028,-2.237,0.09,1.32,0.0
ATOM,1862.0,HB3,LYS,119.0,30.979,54.651,-1.986,0.09,1.32,0.0
ATOM,1863.0,HG2,LYS,119.0,30.607,56.665,-0.913,0.09,1.32,0.03
ATOM,1864.0,HG3,LYS,119.0,32.201,57.02,-0.933,0.09,1.32,0.0
ATOM,1865.0,HD2,LYS,119.0,32.028,56.938,-3.374,0.09,1.32,0.22
ATOM,1866.0,HD3,LYS,119.0,30.41,56.984,-3.155,0.09,1.32,0.58
ATOM,1867.0,HE2,LYS,119.0,30.711,59.04,-1.936,0.05,1.32,1.48
ATOM,1868.0,HE3,LYS,119.0,32.281,59.016,-2.383,0.05,1.32,1.91
ATOM,1869.0,HZ1,LYS,119.0,30.632,60.326,-3.737,0.33,0.2245,20.39
ATOM,1870.0,HZ2,LYS,119.0,31.816,59.498,-4.498,0.33,0.2245,17.54
ATOM,1871.0,HZ3,LYS,119.0,30.31,58.873,-4.41,0.33,0.2245,8.53
ATOM,1872.0,N,SER,120.0,30.639,54.323,1.588,-0.47,1.85,0.0
ATOM,1873.0,CA,SER,120.0,29.504,53.834,2.358,0.07,2.275,0.0
ATOM,1874.0,C,SER,120.0,28.172,54.465,2.005,0.51,2.0,0.0
ATOM,1875.0,O,SER,120.0,28.094,55.411,1.227,-0.51,1.7,0.82
ATOM,1876.0,CB,SER,120.0,29.754,54.044,3.852,0.05,2.175,0.0
ATOM,1877.0,OG,SER,120.0,29.616,55.41,4.199,-0.66,1.77,0.0
ATOM,1878.0,H,SER,120.0,31.285,55.063,1.924,0.31,0.2245,0.0
ATOM,1879.0,HA,SER,120.0,29.427,52.827,2.191,0.09,1.32,0.0
ATOM,1880.0,HB2,SER,120.0,29.091,53.509,4.366,0.09,1.32,0.0
ATOM,1881.0,HB3,SER,120.0,30.679,53.746,4.067,0.09,1.32,0.13
ATOM,1882.0,HG,SER,120.0,29.914,55.546,5.143,0.43,0.2245,0.0
ATOM,1883.0,N,GLU,121.0,27.122,53.928,2.612,-0.47,1.85,0.0
ATOM,1884.0,CA,GLU,121.0,25.768,54.407,2.412,0.07,2.275,0.21
ATOM,1885.0,C,GLU,121.0,25.709,55.922,2.503,0.51,2.0,0.0
ATOM,1886.0,O,GLU,121.0,24.888,56.555,1.849,-0.51,1.7,24.59
ATOM,1887.0,CB,GLU,121.0,24.846,53.835,3.486,-0.18,2.175,0.62
ATOM,1888.0,CG,GLU,121.0,24.703,52.338,3.494,-0.28,2.175,0.0
ATOM,1889.0,CD,GLU,121.0,24.024,51.852,4.753,0.62,2.0,0.0
ATOM,1890.0,OE1,GLU,121.0,23.211,52.617,5.308,-0.76,1.7,2.09
ATOM,1891.0,OE2,GLU,121.0,24.289,50.711,5.187,-0.76,1.7,0.0
ATOM,1892.0,H,GLU,121.0,27.357,53.128,3.248,0.31,0.2245,0.0
ATOM,1893.0,HA,GLU,121.0,25.431,54.112,1.508,0.09,1.32,0.0
ATOM,1894.0,HB2,GLU,121.0,25.211,54.111,4.368,0.09,1.32,0.0
ATOM,1895.0,HB3,GLU,121.0,23.945,54.227,3.343,0.09,1.32,2.2
ATOM,1896.0,HG2,GLU,121.0,24.144,52.072,2.734,0.09,1.32,0.0
ATOM,1897.0,HG3,GLU,121.0,25.596,51.936,3.466,0.09,1.32,0.0
ATOM,1898.0,N,THR,122.0,26.582,56.503,3.317,-0.47,1.85,0.0
ATOM,1899.0,CA,THR,122.0,26.569,57.942,3.508,0.07,2.275,2.36
ATOM,1900.0,C,THR,122.0,27.751,58.706,2.925,0.51,2.0,1.66
ATOM,1901.0,O,THR,122.0,28.01,59.846,3.317,-0.51,1.7,24.91
ATOM,1902.0,CB,THR,122.0,26.437,58.274,5.004,0.14,2.275,6.29
ATOM,1903.0,OG1,THR,122.0,27.534,57.705,5.721,-0.66,1.77,3.28
ATOM,1904.0,CG2,THR,122.0,25.144,57.689,5.555,-0.27,2.06,24.6
ATOM,1905.0,H,THR,122.0,27.244,55.863,3.783,0.31,0.2245,0.0
ATOM,1906.0,HA,THR,122.0,25.711,58.315,3.079,0.09,1.32,5.84
ATOM,1907.0,HB,THR,122.0,26.471,59.288,5.12,0.09,1.32,8.43
ATOM,1908.0,HG21,THR,122.0,24.362,58.221,5.224,0.09,1.32,11.25
ATOM,1909.0,HG22,THR,122.0,25.046,56.738,5.253,0.09,1.32,0.0
ATOM,1910.0,HG23,THR,122.0,25.159,57.716,6.557,0.09,1.32,3.64
ATOM,1911.0,HG1,THR,122.0,28.078,57.111,5.118,0.43,0.2245,0.0
ATOM,1912.0,N,GLY,123.0,28.473,58.074,2.004,-0.47,1.85,2.69
ATOM,1913.0,CA,GLY,123.0,29.587,58.746,1.351,-0.02,2.175,9.92
ATOM,1914.0,C,GLY,123.0,30.98,58.617,1.935,0.51,2.0,1.77
ATOM,1915.0,O,GLY,123.0,31.95,59.042,1.307,-0.51,1.7,9.88
ATOM,1916.0,H,GLY,123.0,28.184,57.106,1.803,0.31,0.2245,0.0
ATOM,1917.0,HA2,GLY,123.0,29.616,58.437,0.353,0.09,1.32,0.86
ATOM,1918.0,HA3,GLY,123.0,29.355,59.762,1.269,0.09,1.32,9.75
ATOM,1919.0,N,THR,124.0,31.102,58.048,3.124,-0.47,1.85,0.87
ATOM,1920.0,CA,THR,124.0,32.418,57.891,3.728,0.07,2.275,1.92
ATOM,1921.0,C,THR,124.0,33.317,57.043,2.836,0.51,2.0,0.0
ATOM,1922.0,O,THR,124.0,32.973,55.912,2.504,-0.51,1.7,0.33
ATOM,1923.0,CB,THR,124.0,32.318,57.21,5.092,0.14,2.275,0.04
ATOM,1924.0,OG1,THR,124.0,31.372,57.91,5.904,-0.66,1.77,10.21
ATOM,1925.0,CG2,THR,124.0,33.672,57.204,5.78,-0.27,2.06,7.36
ATOM,1926.0,H,THR,124.0,30.225,57.74,3.564,0.31,0.2245,0.0
ATOM,1927.0,HA,THR,124.0,32.837,58.8,3.826,0.09,1.32,6.65
ATOM,1928.0,HB,THR,124.0,31.98,56.255,4.964,0.09,1.32,0.07
ATOM,1929.0,HG21,THR,124.0,33.711,57.937,6.464,0.09,1.32,1.64
ATOM,1930.0,HG22,THR,124.0,33.819,56.323,6.236,0.09,1.32,0.85
ATOM,1931.0,HG23,THR,124.0,34.399,57.348,5.104,0.09,1.32,0.04
ATOM,1932.0,HG1,THR,124.0,30.808,57.26,6.425,0.43,0.2245,0.21
ATOM,1933.0,N,VAL,125.0,34.466,57.588,2.448,-0.47,1.85,0.0
ATOM,1934.0,CA,VAL,125.0,35.409,56.861,1.602,0.07,2.275,0.0
ATOM,1935.0,C,VAL,125.0,36.388,56.073,2.468,0.51,2.0,0.0
ATOM,1936.0,O,VAL,125.0,36.784,56.526,3.536,-0.51,1.7,16.44
ATOM,1937.0,CB,VAL,125.0,36.216,57.824,0.696,-0.09,2.275,2.56
ATOM,1938.0,CG1,VAL,125.0,37.25,57.044,-0.115,-0.27,2.06,4.64
ATOM,1939.0,CG2,VAL,125.0,35.276,58.562,-0.235,-0.27,2.06,16.97
ATOM,1940.0,H,VAL,125.0,34.631,58.553,2.791,0.31,0.2245,7.98
ATOM,1941.0,HA,VAL,125.0,34.891,56.206,1.046,0.09,1.32,0.0
ATOM,1942.0,HB,VAL,125.0,36.718,58.443,1.288,0.09,1.32,8.83
ATOM,1943.0,HG11,VAL,125.0,38.093,56.963,0.415,0.09,1.32,2.39
ATOM,1944.0,HG12,VAL,125.0,36.893,56.134,-0.318,0.09,1.32,0.0
ATOM,1945.0,HG13,VAL,125.0,37.436,57.529,-0.968,0.09,1.32,2.26
ATOM,1946.0,HG21,VAL,125.0,34.781,57.902,-0.802,0.09,1.32,0.0
ATOM,1947.0,HG22,VAL,125.0,34.623,59.095,0.304,0.09,1.32,1.77
ATOM,1948.0,HG23,VAL,125.0,35.803,59.177,-0.823,0.09,1.32,10.26
ATOM,1949.0,N,ASN,126.0,36.775,54.895,2.004,-0.47,1.85,0.0
ATOM,1950.0,CA,ASN,126.0,37.707,54.062,2.749,0.07,2.275,0.2
ATOM,1951.0,C,ASN,126.0,38.794,53.539,1.812,0.51,2.0,0.0
ATOM,1952.0,O,ASN,126.0,38.496,53.0,0.744,-0.51,1.7,0.0
ATOM,1953.0,CB,ASN,126.0,36.957,52.898,3.397,-0.18,2.175,0.0
ATOM,1954.0,CG,ASN,126.0,37.855,52.023,4.249,0.55,2.0,0.0
ATOM,1955.0,H,ASN,126.0,36.368,54.626,1.09,0.31,0.2245,0.0
ATOM,1956.0,HA,ASN,126.0,38.161,54.648,3.423,0.09,1.32,2.89
ATOM,1957.0,HB2,ASN,126.0,36.235,53.271,3.975,0.09,1.32,1.99
ATOM,1958.0,HB3,ASN,126.0,36.56,52.338,2.674,0.09,1.32,0.0
ATOM,1959.0,OD1,ASN,126.0,38.7,51.288,3.732,-0.55,1.7,0.0
ATOM,1960.0,ND2,ASN,126.0,37.681,52.102,5.563,-0.62,1.85,5.77
ATOM,1961.0,HD22,ASN,126.0,36.981,52.712,5.939,0.3,0.2245,3.41
ATOM,1962.0,HD21,ASN,126.0,38.247,51.553,6.178,0.32,0.2245,0.0
ATOM,1963.0,N,LYS,127.0,40.05,53.713,2.211,-0.47,1.85,0.23
ATOM,1964.0,CA,LYS,127.0,41.181,53.256,1.409,0.07,2.275,0.0
ATOM,1965.0,C,LYS,127.0,42.129,52.36,2.201,0.51,2.0,0.64
ATOM,1966.0,O,LYS,127.0,43.335,52.354,1.952,-0.51,1.7,2.32
ATOM,1967.0,CB,LYS,127.0,41.965,54.45,0.852,-0.18,2.175,4.36
ATOM,1968.0,CG,LYS,127.0,41.229,55.264,-0.196,-0.18,2.175,1.6
ATOM,1969.0,CD,LYS,127.0,42.163,56.295,-0.804,-0.18,2.175,5.52
ATOM,1970.0,CE,LYS,127.0,41.48,57.111,-1.888,0.21,2.175,4.78
ATOM,1971.0,NZ,LYS,127.0,42.45,58.026,-2.551,-0.3,1.85,10.94
ATOM,1972.0,H,LYS,127.0,40.155,54.193,3.126,0.31,0.2245,9.34
ATOM,1973.0,HA,LYS,127.0,40.828,52.732,0.617,0.09,1.32,0.0
ATOM,1974.0,HB2,LYS,127.0,42.194,55.054,1.618,0.09,1.32,9.48
ATOM,1975.0,HB3,LYS,127.0,42.812,54.101,0.445,0.09,1.32,0.0
ATOM,1976.0,HG2,LYS,127.0,40.906,54.657,-0.915,0.09,1.32,0.0
ATOM,1977.0,HG3,LYS,127.0,40.463,55.733,0.231,0.09,1.32,0.46
ATOM,1978.0,HD2,LYS,127.0,42.47,56.915,-0.086,0.09,1.32,10.4
ATOM,1979.0,HD3,LYS,127.0,42.945,55.826,-1.206,0.09,1.32,0.0
ATOM,1980.0,HE2,LYS,127.0,41.095,56.49,-2.57,0.05,1.32,0.0
ATOM,1981.0,HE3,LYS,127.0,40.747,57.651,-1.476,0.05,1.32,3.93
ATOM,1982.0,HZ1,LYS,127.0,42.183,58.156,-3.505,0.33,0.2245,13.53
ATOM,1983.0,HZ2,LYS,127.0,42.449,58.907,-2.08,0.33,0.2245,20.23
ATOM,1984.0,HZ3,LYS,127.0,43.365,57.625,-2.51,0.33,0.2245,3.88
ATOM,1985.0,N,GLU,128.0,41.579,51.607,3.149,-0.47,1.85,0.26
ATOM,1986.0,CA,GLU,128.0,42.373,50.7,3.972,0.07,2.275,0.0
ATOM,1987.0,C,GLU,128.0,42.892,49.532,3.158,0.51,2.0,0.0
ATOM,1988.0,O,GLU,128.0,43.906,48.917,3.504,-0.51,1.7,0.0
ATOM,1989.0,CB,GLU,128.0,41.532,50.103,5.086,-0.18,2.175,0.0
ATOM,1990.0,CG,GLU,128.0,41.201,51.0,6.227,-0.28,2.175,7.94
ATOM,1991.0,CD,GLU,128.0,40.424,50.245,7.274,0.62,2.0,1.01
ATOM,1992.0,OE1,GLU,128.0,40.985,49.273,7.825,-0.76,1.7,0.02
ATOM,1993.0,OE2,GLU,128.0,39.256,50.606,7.532,-0.76,1.7,4.46
ATOM,1994.0,H,GLU,128.0,40.55,51.719,3.251,0.31,0.2245,0.0
ATOM,1995.0,HA,GLU,128.0,43.149,51.204,4.375,0.09,1.32,0.0
ATOM,1996.0,HB2,GLU,128.0,40.674,49.795,4.676,0.09,1.32,0.0
ATOM,1997.0,HB3,GLU,128.0,42.032,49.316,5.446,0.09,1.32,0.0
ATOM,1998.0,HG2,GLU,128.0,42.03,51.309,6.642,0.09,1.32,0.0
ATOM,1999.0,HG3,GLU,128.0,40.633,51.728,5.909,0.09,1.32,0.67
ATOM,2000.0,N,THR,129.0,42.174,49.209,2.09,-0.47,1.85,0.0
ATOM,2001.0,CA,THR,129.0,42.547,48.084,1.261,0.07,2.275,0.0
ATOM,2002.0,C,THR,129.0,41.86,48.188,-0.1,0.51,2.0,0.0
ATOM,2003.0,O,THR,129.0,40.832,48.846,-0.239,-0.51,1.7,0.0
ATOM,2004.0,CB,THR,129.0,42.134,46.771,1.968,0.14,2.275,0.0
ATOM,2005.0,OG1,THR,129.0,42.525,45.647,1.18,-0.66,1.77,0.79
ATOM,2006.0,CG2,THR,129.0,40.631,46.739,2.176,-0.27,2.06,0.0
ATOM,2007.0,H,THR,129.0,41.354,49.814,1.913,0.31,0.2245,0.0
ATOM,2008.0,HA,THR,129.0,43.54,48.103,1.111,0.09,1.32,0.0
ATOM,2009.0,HB,THR,129.0,42.619,46.72,2.866,0.09,1.32,0.0
ATOM,2010.0,HG21,THR,129.0,40.422,46.471,3.12,0.09,1.32,0.0
ATOM,2011.0,HG22,THR,129.0,40.242,47.647,2.0,0.09,1.32,0.0
ATOM,2012.0,HG23,THR,129.0,40.213,46.077,1.548,0.09,1.32,0.22
ATOM,2013.0,HG1,THR,129.0,41.96,45.585,0.349,0.43,0.2245,1.18
ATOM,2014.0,N,LEU,130.0,42.437,47.545,-1.107,-0.47,1.85,0.0
ATOM,2015.0,CA,LEU,130.0,41.855,47.572,-2.44,0.07,2.275,0.0
ATOM,2016.0,C,LEU,130.0,40.473,46.934,-2.438,0.51,2.0,0.0
ATOM,2017.0,O,LEU,130.0,40.257,45.886,-1.832,-0.51,1.7,1.78
ATOM,2018.0,CB,LEU,130.0,42.757,46.828,-3.424,-0.18,2.175,0.0
ATOM,2019.0,CG,LEU,130.0,43.788,47.627,-4.227,-0.09,2.275,0.0
ATOM,2020.0,CD1,LEU,130.0,44.118,48.943,-3.545,-0.27,2.06,0.0
ATOM,2021.0,CD2,LEU,130.0,45.03,46.764,-4.426,-0.27,2.06,0.0
ATOM,2022.0,H,LEU,130.0,43.307,47.041,-0.868,0.31,0.2245,0.0
ATOM,2023.0,HA,LEU,130.0,41.762,48.531,-2.732,0.09,1.32,0.0
ATOM,2024.0,HB2,LEU,130.0,43.265,46.129,-2.905,0.09,1.32,0.0
ATOM,2025.0,HB3,LEU,130.0,42.164,46.359,-4.089,0.09,1.32,0.0
ATOM,2026.0,HG,LEU,130.0,43.416,47.808,-5.14,0.09,1.32,0.0
ATOM,2027.0,HD11,LEU,130.0,44.494,48.765,-2.635,0.09,1.32,0.0
ATOM,2028.0,HD12,LEU,130.0,44.792,49.444,-4.089,0.09,1.32,0.0
ATOM,2029.0,HD13,LEU,130.0,43.287,49.494,-3.458,0.09,1.32,0.0
ATOM,2030.0,HD21,LEU,130.0,44.782,45.933,-4.924,0.09,1.32,0.0
ATOM,2031.0,HD22,LEU,130.0,45.711,47.276,-4.95,0.09,1.32,0.0
ATOM,2032.0,HD23,LEU,130.0,45.411,46.518,-3.534,0.09,1.32,0.0
ATOM,2033.0,N,ASN,131.0,39.539,47.591,-3.11,-0.47,1.85,0.0
ATOM,2034.0,CA,ASN,131.0,38.175,47.098,-3.224,0.07,2.275,0.0
ATOM,2035.0,C,ASN,131.0,38.251,45.812,-4.051,0.51,2.0,0.0
ATOM,2036.0,O,ASN,131.0,38.777,45.819,-5.159,-0.51,1.7,0.0
ATOM,2037.0,CB,ASN,131.0,37.316,48.142,-3.942,-0.18,2.175,0.0
ATOM,2038.0,CG,ASN,131.0,35.868,47.74,-4.024,0.55,2.0,0.0
ATOM,2039.0,H,ASN,131.0,39.863,48.482,-3.545,0.31,0.2245,0.0
ATOM,2040.0,HA,ASN,131.0,37.873,46.839,-2.318,0.09,1.32,0.0
ATOM,2041.0,HB2,ASN,131.0,37.385,49.001,-3.44,0.09,1.32,0.0
ATOM,2042.0,HB3,ASN,131.0,37.673,48.256,-4.866,0.09,1.32,0.0
ATOM,2043.0,OD1,ASN,131.0,35.554,46.59,-4.31,-0.55,1.7,0.0
ATOM,2044.0,ND2,ASN,131.0,34.973,48.69,-3.79,-0.62,1.85,0.06
ATOM,2045.0,HD22,ASN,131.0,35.277,49.621,-3.578,0.3,0.2245,0.0
ATOM,2046.0,HD21,ASN,131.0,33.996,48.481,-3.825,0.32,0.2245,0.38
ATOM,2047.0,N,PRO,132.0,37.73,44.69,-3.524,-0.29,1.85,0.0
ATOM,2048.0,CA,PRO,132.0,37.783,43.43,-4.278,0.02,2.275,0.0
ATOM,2049.0,C,PRO,132.0,37.089,43.457,-5.644,0.51,2.0,0.0
ATOM,2050.0,O,PRO,132.0,37.243,42.538,-6.445,-0.51,1.7,5.63
ATOM,2051.0,CB,PRO,132.0,37.178,42.417,-3.301,-0.18,2.175,0.0
ATOM,2052.0,CG,PRO,132.0,36.264,43.252,-2.467,-0.18,2.175,0.55
ATOM,2053.0,CD,PRO,132.0,37.066,44.497,-2.225,0.0,2.175,0.52
ATOM,2054.0,HA,PRO,132.0,38.755,43.121,-4.382,0.09,1.32,0.0
ATOM,2055.0,HB2,PRO,132.0,36.672,41.712,-3.793,0.09,1.32,0.0
ATOM,2056.0,HB3,PRO,132.0,37.89,41.996,-2.744,0.09,1.32,0.0
ATOM,2057.0,HG2,PRO,132.0,35.424,43.457,-2.963,0.09,1.32,0.0
ATOM,2058.0,HG3,PRO,132.0,36.05,42.79,-1.61,0.09,1.32,0.0
ATOM,2059.0,HD2,PRO,132.0,36.482,45.274,-2.011,0.09,1.32,0.0
ATOM,2060.0,HD3,PRO,132.0,37.74,44.366,-1.502,0.09,1.32,3.41
ATOM,2061.0,N,LEU,133.0,36.336,44.519,-5.91,-0.47,1.85,0.0
ATOM,2062.0,CA,LEU,133.0,35.654,44.676,-7.189,0.07,2.275,0.05
ATOM,2063.0,C,LEU,133.0,36.686,44.848,-8.31,0.51,2.0,0.0
ATOM,2064.0,O,LEU,133.0,36.462,44.421,-9.441,-0.51,1.7,9.15
ATOM,2065.0,CB,LEU,133.0,34.749,45.91,-7.145,-0.18,2.175,0.0
ATOM,2066.0,CG,LEU,133.0,33.228,45.776,-7.239,-0.09,2.275,0.0
ATOM,2067.0,CD1,LEU,133.0,32.772,44.415,-6.791,-0.27,2.06,0.72
ATOM,2068.0,CD2,LEU,133.0,32.588,46.881,-6.395,-0.27,2.06,2.22
ATOM,2069.0,H,LEU,133.0,36.277,45.215,-5.14,0.31,0.2245,0.0
ATOM,2070.0,HA,LEU,133.0,35.123,43.848,-7.377,0.09,1.32,1.91
ATOM,2071.0,HB2,LEU,133.0,34.948,46.401,-6.275,0.09,1.32,0.0
ATOM,2072.0,HB3,LEU,133.0,35.038,46.525,-7.901,0.09,1.32,0.0
ATOM,2073.0,HG,LEU,133.0,32.951,45.931,-8.192,0.09,1.32,0.0
ATOM,2074.0,HD11,LEU,133.0,33.044,44.258,-5.838,0.09,1.32,0.0
ATOM,2075.0,HD12,LEU,133.0,31.773,44.347,-6.86,0.09,1.32,0.0
ATOM,2076.0,HD13,LEU,133.0,33.187,43.707,-7.368,0.09,1.32,3.31
ATOM,2077.0,HD21,LEU,133.0,32.875,47.772,-6.745,0.09,1.32,0.0
ATOM,2078.0,HD22,LEU,133.0,31.593,46.803,-6.449,0.09,1.32,0.0
ATOM,2079.0,HD23,LEU,133.0,32.882,46.783,-5.445,0.09,1.32,0.05
ATOM,2080.0,N,ALA,134.0,37.812,45.489,-7.991,-0.47,1.85,0.0
ATOM,2081.0,CA,ALA,134.0,38.869,45.727,-8.97,0.07,2.275,0.0
ATOM,2082.0,C,ALA,134.0,39.777,44.504,-9.114,0.51,2.0,0.0
ATOM,2083.0,O,ALA,134.0,40.979,44.582,-8.862,-0.51,1.7,0.0
ATOM,2084.0,CB,ALA,134.0,39.693,46.944,-8.557,-0.27,2.06,0.0
ATOM,2085.0,H,ALA,134.0,37.868,45.798,-7.001,0.31,0.2245,0.0
ATOM,2086.0,HA,ALA,134.0,38.447,45.917,-9.865,0.09,1.32,0.95
ATOM,2087.0,HB1,ALA,134.0,39.613,47.08,-7.571,0.09,1.32,0.0
ATOM,2088.0,HB2,ALA,134.0,40.651,46.793,-8.796,0.09,1.32,0.0
ATOM,2089.0,HB3,ALA,134.0,39.353,47.753,-9.035,0.09,1.32,0.0
ATOM,2090.0,N,SER,135.0,39.196,43.385,-9.537,-0.47,1.85,0.0
ATOM,2091.0,CA,SER,135.0,39.944,42.145,-9.68,0.07,2.275,0.0
ATOM,2092.0,C,SER,135.0,41.096,42.233,-10.665,0.51,2.0,0.22
ATOM,2093.0,O,SER,135.0,42.035,41.438,-10.593,-0.51,1.7,0.84
ATOM,2094.0,CB,SER,135.0,39.011,41.007,-10.085,0.05,2.175,16.26
ATOM,2095.0,OG,SER,135.0,38.359,41.304,-11.303,-0.66,1.77,27.01
ATOM,2096.0,H,SER,135.0,38.184,43.474,-9.751,0.31,0.2245,0.0
ATOM,2097.0,HA,SER,135.0,40.332,41.907,-8.768,0.09,1.32,0.0
ATOM,2098.0,HB2,SER,135.0,39.547,40.176,-10.196,0.09,1.32,1.58
ATOM,2099.0,HB3,SER,135.0,38.328,40.883,-9.372,0.09,1.32,4.92
ATOM,2100.0,HG,SER,135.0,38.72,42.158,-11.677,0.43,0.2245,5.49
ATOM,2101.0,N,ASP,136.0,41.033,43.195,-11.578,-0.47,1.85,0.0
ATOM,2102.0,CA,ASP,136.0,42.096,43.339,-12.558,0.07,2.275,3.0
ATOM,2103.0,C,ASP,136.0,43.366,43.908,-11.924,0.51,2.0,0.28
ATOM,2104.0,O,ASP,136.0,44.478,43.478,-12.247,-0.51,1.7,8.71
ATOM,2105.0,CB,ASP,136.0,41.62,44.202,-13.742,-0.28,2.175,19.53
ATOM,2106.0,CG,ASP,136.0,41.305,45.639,-13.355,0.62,2.0,2.8
ATOM,2107.0,OD1,ASP,136.0,40.676,45.877,-12.298,-0.76,1.7,5.89
ATOM,2108.0,OD2,ASP,136.0,41.678,46.541,-14.136,-0.76,1.7,17.66
ATOM,2109.0,H,ASP,136.0,40.202,43.8,-11.53,0.31,0.2245,0.5
ATOM,2110.0,HA,ASP,136.0,42.326,42.416,-12.893,0.09,1.32,4.91
ATOM,2111.0,HB2,ASP,136.0,42.344,44.206,-14.425,0.09,1.32,9.79
ATOM,2112.0,HB3,ASP,136.0,40.798,43.782,-14.113,0.09,1.32,9.52
ATOM,2113.0,N,VAL,137.0,43.205,44.857,-11.01,-0.47,1.85,0.0
ATOM,2114.0,CA,VAL,137.0,44.347,45.458,-10.326,0.07,2.275,0.36
ATOM,2115.0,C,VAL,137.0,44.881,44.509,-9.254,0.51,2.0,0.0
ATOM,2116.0,O,VAL,137.0,46.094,44.412,-9.039,-0.51,1.7,0.0
ATOM,2117.0,CB,VAL,137.0,43.953,46.797,-9.669,-0.09,2.275,0.0
ATOM,2118.0,CG1,VAL,137.0,45.044,47.256,-8.703,-0.27,2.06,0.0
ATOM,2119.0,CG2,VAL,137.0,43.72,47.847,-10.751,-0.27,2.06,5.16
ATOM,2120.0,H,VAL,137.0,42.221,45.129,-10.828,0.31,0.2245,0.0
ATOM,2121.0,HA,VAL,137.0,45.076,45.603,-11.0,0.09,1.32,1.38
ATOM,2122.0,HB,VAL,137.0,43.135,46.64,-9.128,0.09,1.32,0.0
ATOM,2123.0,HG11,VAL,137.0,44.772,48.121,-8.283,0.09,1.32,0.0
ATOM,2124.0,HG12,VAL,137.0,45.171,46.564,-7.994,0.09,1.32,0.0
ATOM,2125.0,HG13,VAL,137.0,45.899,47.382,-9.204,0.09,1.32,0.0
ATOM,2126.0,HG21,VAL,137.0,43.078,48.533,-10.41,0.09,1.32,0.0
ATOM,2127.0,HG22,VAL,137.0,44.59,48.282,-10.979,0.09,1.32,0.0
ATOM,2128.0,HG23,VAL,137.0,43.341,47.404,-11.562,0.09,1.32,0.0
ATOM,2129.0,N,ILE,138.0,43.967,43.809,-8.59,-0.47,1.85,0.0
ATOM,2130.0,CA,ILE,138.0,44.338,42.863,-7.547,0.07,2.275,0.0
ATOM,2131.0,C,ILE,138.0,45.121,41.69,-8.128,0.51,2.0,0.0
ATOM,2132.0,O,ILE,138.0,46.102,41.229,-7.539,-0.51,1.7,0.0
ATOM,2133.0,CB,ILE,138.0,43.08,42.356,-6.814,-0.09,2.275,0.0
ATOM,2134.0,CG1,ILE,138.0,42.486,43.509,-5.994,-0.18,2.175,0.0
ATOM,2135.0,CG2,ILE,138.0,43.418,41.142,-5.952,-0.27,2.06,0.0
ATOM,2136.0,CD1,ILE,138.0,41.198,43.182,-5.3,-0.27,2.06,0.0
ATOM,2137.0,H,ILE,138.0,42.985,43.993,-8.875,0.31,0.2245,0.0
ATOM,2138.0,HA,ILE,138.0,44.966,43.35,-6.932,0.09,1.32,0.0
ATOM,2139.0,HB,ILE,138.0,42.416,42.09,-7.494,0.09,1.32,0.0
ATOM,2140.0,HG12,ILE,138.0,43.168,43.789,-5.314,0.09,1.32,0.0
ATOM,2141.0,HG13,ILE,138.0,42.336,44.282,-6.617,0.09,1.32,0.0
ATOM,2142.0,HG21,ILE,138.0,42.588,40.81,-5.508,0.09,1.32,0.0
ATOM,2143.0,HG22,ILE,138.0,43.799,40.422,-6.528,0.09,1.32,0.0
ATOM,2144.0,HG23,ILE,138.0,44.086,41.404,-5.259,0.09,1.32,0.0
ATOM,2145.0,HD11,ILE,138.0,41.34,42.421,-4.665,0.09,1.32,0.0
ATOM,2146.0,HD12,ILE,138.0,40.877,43.981,-4.789,0.09,1.32,0.0
ATOM,2147.0,HD13,ILE,138.0,40.506,42.923,-5.976,0.09,1.32,0.0
ATOM,2148.0,N,ARG,139.0,44.689,41.204,-9.288,-0.47,1.85,0.0
ATOM,2149.0,CA,ARG,139.0,45.37,40.091,-9.938,0.07,2.275,0.0
ATOM,2150.0,C,ARG,139.0,46.804,40.495,-10.251,0.51,2.0,0.0
ATOM,2151.0,O,ARG,139.0,47.749,39.74,-10.002,-0.51,1.7,2.29
ATOM,2152.0,CB,ARG,139.0,44.642,39.717,-11.225,-0.18,2.175,0.0
ATOM,2153.0,CG,ARG,139.0,45.378,38.729,-12.098,-0.18,2.175,8.47
ATOM,2154.0,CD,ARG,139.0,44.381,37.921,-12.905,0.2,2.175,13.86
ATOM,2155.0,NE,ARG,139.0,44.541,36.501,-12.616,-0.7,1.85,5.15
ATOM,2156.0,CZ,ARG,139.0,43.542,35.635,-12.518,0.64,2.0,1.56
ATOM,2157.0,NH1,ARG,139.0,42.289,36.036,-12.685,-0.8,1.85,16.59
ATOM,2158.0,NH2,ARG,139.0,43.802,34.364,-12.239,-0.8,1.85,10.17
ATOM,2159.0,H,ARG,139.0,43.852,41.672,-9.676,0.31,0.2245,0.0
ATOM,2160.0,HA,ARG,139.0,45.385,39.309,-9.314,0.09,1.32,0.0
ATOM,2161.0,HB2,ARG,139.0,43.759,39.319,-10.978,0.09,1.32,0.0
ATOM,2162.0,HB3,ARG,139.0,44.496,40.552,-11.754,0.09,1.32,0.56
ATOM,2163.0,HG2,ARG,139.0,45.969,39.213,-12.729,0.09,1.32,7.88
ATOM,2164.0,HG3,ARG,139.0,45.898,38.104,-11.532,0.09,1.32,0.0
ATOM,2165.0,HD2,ARG,139.0,43.47,38.209,-12.651,0.09,1.32,0.85
ATOM,2166.0,HD3,ARG,139.0,44.555,38.084,-13.865,0.09,1.32,11.26
ATOM,2167.0,HE,ARG,139.0,45.48,36.153,-12.481,0.44,0.2245,7.27
ATOM,2168.0,HH11,ARG,139.0,42.077,36.985,-12.906,0.46,0.2245,10.06
ATOM,2169.0,HH12,ARG,139.0,41.537,35.372,-12.589,0.46,0.2245,16.54
ATOM,2170.0,HH21,ARG,139.0,44.75,34.061,-12.123,0.46,0.2245,6.16
ATOM,2171.0,HH22,ARG,139.0,43.054,33.707,-12.145,0.46,0.2245,6.05
ATOM,2172.0,N,LYS,140.0,46.956,41.698,-10.789,-0.47,1.85,0.06
ATOM,2173.0,CA,LYS,140.0,48.264,42.216,-11.133,0.07,2.275,1.72
ATOM,2174.0,C,LYS,140.0,49.141,42.415,-9.902,0.51,2.0,0.0
ATOM,2175.0,O,LYS,140.0,50.137,41.72,-9.725,-0.51,1.7,0.21
ATOM,2176.0,CB,LYS,140.0,48.137,43.55,-11.865,-0.18,2.175,2.53
ATOM,2177.0,CG,LYS,140.0,49.482,44.151,-12.219,-0.18,2.175,1.61
ATOM,2178.0,CD,LYS,140.0,49.367,45.6,-12.646,-0.18,2.175,6.37
ATOM,2179.0,CE,LYS,140.0,50.737,46.182,-12.989,0.21,2.175,15.34
ATOM,2180.0,NZ,LYS,140.0,51.664,46.221,-11.817,-0.3,1.85,0.0
ATOM,2181.0,H,LYS,140.0,46.07,42.223,-10.938,0.31,0.2245,0.0
ATOM,2182.0,HA,LYS,140.0,48.726,41.562,-11.753,0.09,1.32,8.45
ATOM,2183.0,HB2,LYS,140.0,47.628,43.398,-12.704,0.09,1.32,6.96
ATOM,2184.0,HB3,LYS,140.0,47.652,44.185,-11.274,0.09,1.32,0.0
ATOM,2185.0,HG2,LYS,140.0,50.086,44.096,-11.418,0.09,1.32,0.0
ATOM,2186.0,HG3,LYS,140.0,49.89,43.623,-12.969,0.09,1.32,7.85
ATOM,2187.0,HD2,LYS,140.0,48.792,45.657,-13.453,0.09,1.32,10.22
ATOM,2188.0,HD3,LYS,140.0,48.98,46.131,-11.902,0.09,1.32,0.0
ATOM,2189.0,HE2,LYS,140.0,51.152,45.624,-13.717,0.05,1.32,7.9
ATOM,2190.0,HE3,LYS,140.0,50.613,47.118,-13.34,0.05,1.32,7.51
ATOM,2191.0,HZ1,LYS,140.0,52.604,46.115,-12.138,0.33,0.2245,1.46
ATOM,2192.0,HZ2,LYS,140.0,51.565,47.097,-11.349,0.33,0.2245,0.0
ATOM,2193.0,HZ3,LYS,140.0,51.435,45.477,-11.192,0.33,0.2245,0.0
ATOM,2194.0,N,GLU,141.0,48.757,43.365,-9.049,-0.47,1.85,0.0
ATOM,2195.0,CA,GLU,141.0,49.532,43.683,-7.854,0.07,2.275,0.0
ATOM,2196.0,C,GLU,141.0,49.784,42.538,-6.874,0.51,2.0,0.0
ATOM,2197.0,O,GLU,141.0,50.929,42.307,-6.486,-0.51,1.7,0.0
ATOM,2198.0,CB,GLU,141.0,48.898,44.864,-7.11,-0.18,2.175,0.0
ATOM,2199.0,CG,GLU,141.0,48.822,46.151,-7.922,-0.28,2.175,0.0
ATOM,2200.0,CD,GLU,141.0,50.111,46.463,-8.67,0.62,2.0,0.0
ATOM,2201.0,OE1,GLU,141.0,51.203,46.342,-8.078,-0.76,1.7,0.0
ATOM,2202.0,OE2,GLU,141.0,50.029,46.843,-9.855,-0.76,1.7,0.0
ATOM,2203.0,H,GLU,141.0,47.875,43.849,-9.306,0.31,0.2245,0.0
ATOM,2204.0,HA,GLU,141.0,50.44,44.081,-8.14,0.09,1.32,0.0
ATOM,2205.0,HB2,GLU,141.0,47.977,44.607,-6.872,0.09,1.32,0.0
ATOM,2206.0,HB3,GLU,141.0,49.448,45.046,-6.314,0.09,1.32,0.0
ATOM,2207.0,HG2,GLU,141.0,48.109,46.052,-8.591,0.09,1.32,0.0
ATOM,2208.0,HG3,GLU,141.0,48.651,46.897,-7.305,0.09,1.32,0.0
ATOM,2209.0,N,TYR,142.0,48.741,41.82,-6.46,-0.47,1.85,0.0
ATOM,2210.0,CA,TYR,142.0,48.942,40.712,-5.522,0.07,2.275,0.0
ATOM,2211.0,C,TYR,142.0,49.752,39.637,-6.225,0.51,2.0,0.0
ATOM,2212.0,O,TYR,142.0,50.622,39.007,-5.613,-0.51,1.7,0.0
ATOM,2213.0,CB,TYR,142.0,47.606,40.126,-5.045,-0.18,2.175,0.0
ATOM,2214.0,CG,TYR,142.0,46.83,40.998,-4.071,0.0,1.9924,0.0
ATOM,2215.0,CD1,TYR,142.0,46.853,42.394,-4.171,-0.115,1.9924,0.02
ATOM,2216.0,CD2,TYR,142.0,46.004,40.428,-3.097,-0.115,1.9924,0.0
ATOM,2217.0,CE1,TYR,142.0,46.066,43.202,-3.326,-0.115,1.9924,0.0
ATOM,2218.0,CE2,TYR,142.0,45.21,41.225,-2.25,-0.115,1.9924,0.0
ATOM,2219.0,CZ,TYR,142.0,45.244,42.611,-2.376,0.11,1.9924,0.0
ATOM,2220.0,OH,TYR,142.0,44.421,43.403,-1.598,-0.54,1.77,1.89
ATOM,2221.0,H,TYR,142.0,47.83,42.097,-6.837,0.31,0.2245,0.0
ATOM,2222.0,HA,TYR,142.0,49.47,41.05,-4.748,0.09,1.32,0.01
ATOM,2223.0,HB2,TYR,142.0,47.029,39.97,-5.848,0.09,1.32,0.0
ATOM,2224.0,HB3,TYR,142.0,47.792,39.251,-4.595,0.09,1.32,0.0
ATOM,2225.0,HD1,TYR,142.0,47.437,42.833,-4.852,0.115,1.3582,0.0
ATOM,2226.0,HD2,TYR,142.0,45.972,39.437,-2.996,0.115,1.3582,0.0
ATOM,2227.0,HE1,TYR,142.0,46.104,44.196,-3.418,0.115,1.3582,0.0
ATOM,2228.0,HE2,TYR,142.0,44.629,40.794,-1.566,0.115,1.3582,0.0
ATOM,2229.0,HH,TYR,142.0,44.978,43.896,-0.934,0.43,0.2245,0.0
ATOM,2230.0,N,GLY,143.0,49.463,39.434,-7.509,-0.47,1.85,0.0
ATOM,2231.0,CA,GLY,143.0,50.186,38.444,-8.285,-0.02,2.175,7.29
ATOM,2232.0,C,GLY,143.0,51.679,38.735,-8.24,0.51,2.0,2.01
ATOM,2233.0,O,GLY,143.0,52.488,37.855,-7.932,-0.51,1.7,0.04
ATOM,2234.0,H,GLY,143.0,48.704,40.025,-7.886,0.31,0.2245,0.0
ATOM,2235.0,HA2,GLY,143.0,50.015,37.528,-7.91,0.09,1.32,0.75
ATOM,2236.0,HA3,GLY,143.0,49.873,38.465,-9.239,0.09,1.32,3.72
ATOM,2237.0,N,GLU,144.0,52.045,39.982,-8.53,-0.47,1.85,0.11
ATOM,2238.0,CA,GLU,144.0,53.443,40.383,-8.516,0.07,2.275,0.49
ATOM,2239.0,C,GLU,144.0,54.037,40.331,-7.107,0.51,2.0,0.0
ATOM,2240.0,O,GLU,144.0,55.119,39.776,-6.91,-0.51,1.7,0.42
ATOM,2241.0,CB,GLU,144.0,53.582,41.785,-9.115,-0.18,2.175,0.0
ATOM,2242.0,CG,GLU,144.0,53.155,41.825,-10.575,-0.28,2.175,11.06
ATOM,2243.0,CD,GLU,144.0,53.075,43.226,-11.122,0.62,2.0,0.0
ATOM,2244.0,OE1,GLU,144.0,52.693,44.135,-10.358,-0.76,1.7,0.0
ATOM,2245.0,OE2,GLU,144.0,53.374,43.419,-12.316,-0.76,1.7,20.44
ATOM,2246.0,H,GLU,144.0,51.264,40.623,-8.76,0.31,0.2245,0.0
ATOM,2247.0,HA,GLU,144.0,53.978,39.778,-9.124,0.09,1.32,2.47
ATOM,2248.0,HB2,GLU,144.0,52.994,42.383,-8.616,0.09,1.32,0.0
ATOM,2249.0,HB3,GLU,144.0,54.523,42.037,-9.073,0.09,1.32,0.0
ATOM,2250.0,HG2,GLU,144.0,53.824,41.332,-11.102,0.09,1.32,7.73
ATOM,2251.0,HG3,GLU,144.0,52.26,41.422,-10.644,0.09,1.32,0.72
ATOM,2252.0,N,LEU,145.0,53.325,40.889,-6.127,-0.47,1.85,0.0
ATOM,2253.0,CA,LEU,145.0,53.811,40.876,-4.752,0.07,2.275,0.0
ATOM,2254.0,C,LEU,145.0,54.096,39.464,-4.248,0.51,2.0,0.0
ATOM,2255.0,O,LEU,145.0,55.187,39.193,-3.757,-0.51,1.7,0.0
ATOM,2256.0,CB,LEU,145.0,52.809,41.547,-3.812,-0.18,2.175,0.0
ATOM,2257.0,CG,LEU,145.0,53.261,41.62,-2.346,-0.09,2.275,0.0
ATOM,2258.0,CD1,LEU,145.0,54.597,42.346,-2.268,-0.27,2.06,0.0
ATOM,2259.0,CD2,LEU,145.0,52.206,42.339,-1.506,-0.27,2.06,0.04
ATOM,2260.0,H,LEU,145.0,52.432,41.315,-6.42,0.31,0.2245,0.0
ATOM,2261.0,HA,LEU,145.0,54.672,41.407,-4.71,0.09,1.32,0.0
ATOM,2262.0,HB2,LEU,145.0,52.669,42.475,-4.123,0.09,1.32,0.0
ATOM,2263.0,HB3,LEU,145.0,51.969,41.028,-3.836,0.09,1.32,0.0
ATOM,2264.0,HG,LEU,145.0,53.363,40.697,-1.994,0.09,1.32,0.0
ATOM,2265.0,HD11,LEU,145.0,54.496,43.271,-2.634,0.09,1.32,0.0
ATOM,2266.0,HD12,LEU,145.0,54.895,42.396,-1.314,0.09,1.32,0.0
ATOM,2267.0,HD13,LEU,145.0,55.279,41.849,-2.804,0.09,1.32,0.0
ATOM,2268.0,HD21,LEU,145.0,51.342,41.838,-1.559,0.09,1.32,0.0
ATOM,2269.0,HD22,LEU,145.0,52.511,42.38,-0.555,0.09,1.32,0.0
ATOM,2270.0,HD23,LEU,145.0,52.078,43.266,-1.857,0.09,1.32,0.0
ATOM,2271.0,N,TYR,146.0,53.124,38.564,-4.373,-0.47,1.85,0.0
ATOM,2272.0,CA,TYR,146.0,53.301,37.19,-3.904,0.07,2.275,0.0
ATOM,2273.0,C,TYR,146.0,54.49,36.477,-4.529,0.51,2.0,0.0
ATOM,2274.0,O,TYR,146.0,55.247,35.794,-3.837,-0.51,1.7,0.0
ATOM,2275.0,CB,TYR,146.0,52.064,36.337,-4.186,-0.18,2.175,0.0
ATOM,2276.0,CG,TYR,146.0,50.803,36.723,-3.451,0.0,1.9924,0.0
ATOM,2277.0,CD1,TYR,146.0,50.817,37.657,-2.409,-0.115,1.9924,0.0
ATOM,2278.0,CD2,TYR,146.0,49.584,36.139,-3.795,-0.115,1.9924,0.0
ATOM,2279.0,CE1,TYR,146.0,49.639,37.999,-1.729,-0.115,1.9924,0.0
ATOM,2280.0,CE2,TYR,146.0,48.408,36.47,-3.126,-0.115,1.9924,0.0
ATOM,2281.0,CZ,TYR,146.0,48.441,37.398,-2.098,0.11,1.9924,0.0
ATOM,2282.0,OH,TYR,146.0,47.27,37.718,-1.457,-0.54,1.77,0.0
ATOM,2283.0,H,TYR,146.0,52.258,38.911,-4.818,0.31,0.2245,0.0
ATOM,2284.0,HA,TYR,146.0,53.444,37.219,-2.896,0.09,1.32,0.0
ATOM,2285.0,HB2,TYR,146.0,51.875,36.38,-5.175,0.09,1.32,0.03
ATOM,2286.0,HB3,TYR,146.0,52.283,35.382,-3.948,0.09,1.32,0.0
ATOM,2287.0,HD1,TYR,146.0,51.676,38.088,-2.142,0.115,1.3582,0.0
ATOM,2288.0,HD2,TYR,146.0,49.553,35.471,-4.537,0.115,1.3582,0.0
ATOM,2289.0,HE1,TYR,146.0,49.665,38.667,-0.991,0.115,1.3582,0.0
ATOM,2290.0,HE2,TYR,146.0,47.545,36.039,-3.387,0.115,1.3582,0.0
ATOM,2291.0,HH,TYR,146.0,47.189,37.169,-0.626,0.43,0.2245,0.0
ATOM,2292.0,N,THR,147.0,54.638,36.618,-5.845,-0.47,1.85,0.0
ATOM,2293.0,CA,THR,147.0,55.733,35.958,-6.548,0.07,2.275,0.39
ATOM,2294.0,C,THR,147.0,57.077,36.578,-6.182,0.51,2.0,0.28
ATOM,2295.0,O,THR,147.0,58.081,35.874,-6.089,-0.51,1.7,5.79
ATOM,2296.0,CB,THR,147.0,55.535,36.01,-8.085,0.14,2.275,7.25
ATOM,2297.0,OG1,THR,147.0,55.638,37.364,-8.54,-0.66,1.77,14.06
ATOM,2298.0,CG2,THR,147.0,54.168,35.46,-8.469,-0.27,2.06,21.08
ATOM,2299.0,H,THR,147.0,53.934,37.215,-6.306,0.31,0.2245,0.0
ATOM,2300.0,HA,THR,147.0,55.748,34.987,-6.277,0.09,1.32,0.35
ATOM,2301.0,HB,THR,147.0,56.276,35.466,-8.526,0.09,1.32,11.06
ATOM,2302.0,HG21,THR,147.0,53.452,35.948,-7.965,0.09,1.32,0.0
ATOM,2303.0,HG22,THR,147.0,54.018,35.581,-9.453,0.09,1.32,11.73
ATOM,2304.0,HG23,THR,147.0,54.12,34.484,-8.247,0.09,1.32,0.15
ATOM,2305.0,HG1,THR,147.0,55.406,38.001,-7.798,0.43,0.2245,0.0
ATOM,2306.0,N,ALA,148.0,57.102,37.89,-5.966,-0.47,1.85,0.0
ATOM,2307.0,CA,ALA,148.0,58.34,38.563,-5.589,0.07,2.275,3.73
ATOM,2308.0,C,ALA,148.0,58.729,38.087,-4.189,0.51,2.0,0.0
ATOM,2309.0,O,ALA,148.0,59.896,37.787,-3.919,-0.51,1.7,1.39
ATOM,2310.0,CB,ALA,148.0,58.139,40.075,-5.594,-0.27,2.06,3.36
ATOM,2311.0,H,ALA,148.0,56.197,38.373,-6.085,0.31,0.2245,0.0
ATOM,2312.0,HA,ALA,148.0,59.06,38.302,-6.225,0.09,1.32,5.91
ATOM,2313.0,HB1,ALA,148.0,57.285,40.295,-6.064,0.09,1.32,0.0
ATOM,2314.0,HB2,ALA,148.0,58.098,40.408,-4.653,0.09,1.32,0.0
ATOM,2315.0,HB3,ALA,148.0,58.903,40.51,-6.069,0.09,1.32,4.81
ATOM,2316.0,N,PHE,149.0,57.734,38.008,-3.311,-0.47,1.85,0.0
ATOM,2317.0,CA,PHE,149.0,57.938,37.573,-1.935,0.07,2.275,0.0
ATOM,2318.0,C,PHE,149.0,58.482,36.147,-1.891,0.51,2.0,0.0
ATOM,2319.0,O,PHE,149.0,59.402,35.85,-1.127,-0.51,1.7,0.0
ATOM,2320.0,CB,PHE,149.0,56.615,37.631,-1.164,-0.18,2.175,0.0
ATOM,2321.0,CG,PHE,149.0,56.751,37.324,0.295,0.0,1.9924,0.0
ATOM,2322.0,CD1,PHE,149.0,57.192,38.299,1.185,-0.115,1.9924,0.0
ATOM,2323.0,CD2,PHE,149.0,56.435,36.063,0.784,-0.115,1.9924,0.0
ATOM,2324.0,CE1,PHE,149.0,57.315,38.024,2.542,-0.115,1.9924,0.0
ATOM,2325.0,CE2,PHE,149.0,56.553,35.774,2.137,-0.115,1.9924,0.0
ATOM,2326.0,CZ,PHE,149.0,56.996,36.76,3.02,-0.115,1.9924,0.0
ATOM,2327.0,H,PHE,149.0,56.801,38.283,-3.69,0.31,0.2245,0.0
ATOM,2328.0,HA,PHE,149.0,58.648,38.165,-1.54,0.09,1.32,0.0
ATOM,2329.0,HB2,PHE,149.0,56.255,38.548,-1.255,0.09,1.32,0.0
ATOM,2330.0,HB3,PHE,149.0,56.005,36.964,-1.565,0.09,1.32,0.0
ATOM,2331.0,HD1,PHE,149.0,57.422,39.208,0.849,0.115,1.3582,0.0
ATOM,2332.0,HD2,PHE,149.0,56.117,35.354,0.153,0.115,1.3582,0.0
ATOM,2333.0,HE1,PHE,149.0,57.635,38.742,3.168,0.115,1.3582,0.0
ATOM,2334.0,HE2,PHE,149.0,56.32,34.852,2.478,0.115,1.3582,0.0
ATOM,2335.0,HZ,PHE,149.0,57.083,36.557,3.993,0.115,1.3582,0.0
ATOM,2336.0,N,ALA,150.0,57.905,35.268,-2.705,-0.47,1.85,0.0
ATOM,2337.0,CA,ALA,150.0,58.344,33.877,-2.752,0.07,2.275,0.0
ATOM,2338.0,C,ALA,150.0,59.829,33.801,-3.113,0.51,2.0,0.09
ATOM,2339.0,O,ALA,150.0,60.599,33.101,-2.457,-0.51,1.7,0.0
ATOM,2340.0,CB,ALA,150.0,57.515,33.1,-3.77,-0.27,2.06,4.13
ATOM,2341.0,H,ALA,150.0,57.137,35.647,-3.287,0.31,0.2245,0.0
ATOM,2342.0,HA,ALA,150.0,58.215,33.464,-1.846,0.09,1.32,0.0
ATOM,2343.0,HB1,ALA,150.0,57.68,33.468,-4.684,0.09,1.32,1.82
ATOM,2344.0,HB2,ALA,150.0,57.778,32.136,-3.746,0.09,1.32,0.0
ATOM,2345.0,HB3,ALA,150.0,56.545,33.187,-3.545,0.09,1.32,0.0
ATOM,2346.0,N,ALA,151.0,60.228,34.527,-4.151,-0.47,1.85,0.67
ATOM,2347.0,CA,ALA,151.0,61.625,34.526,-4.573,0.07,2.275,2.8
ATOM,2348.0,C,ALA,151.0,62.533,34.996,-3.432,0.51,2.0,0.49
ATOM,2349.0,O,ALA,151.0,63.463,34.289,-3.033,-0.51,1.7,9.43
ATOM,2350.0,CB,ALA,151.0,61.803,35.422,-5.788,-0.27,2.06,32.09
ATOM,2351.0,H,ALA,151.0,59.487,35.074,-4.618,0.31,0.2245,0.0
ATOM,2352.0,HA,ALA,151.0,61.889,33.589,-4.824,0.09,1.32,0.0
ATOM,2353.0,HB1,ALA,151.0,60.991,35.365,-6.368,0.09,1.32,3.8
ATOM,2354.0,HB2,ALA,151.0,61.932,36.368,-5.491,0.09,1.32,3.86
ATOM,2355.0,HB3,ALA,151.0,62.604,35.126,-6.309,0.09,1.32,10.22
ATOM,2356.0,N,ALA,152.0,62.245,36.183,-2.9,-0.47,1.85,0.1
ATOM,2357.0,CA,ALA,152.0,63.031,36.763,-1.814,0.07,2.275,2.34
ATOM,2358.0,C,ALA,152.0,63.065,35.929,-0.528,0.51,2.0,0.0
ATOM,2359.0,O,ALA,152.0,64.037,35.985,0.219,-0.51,1.7,0.56
ATOM,2360.0,CB,ALA,152.0,62.521,38.166,-1.503,-0.27,2.06,5.12
ATOM,2361.0,H,ALA,152.0,61.418,36.657,-3.322,0.31,0.2245,0.0
ATOM,2362.0,HA,ALA,152.0,63.993,36.885,-2.139,0.09,1.32,8.95
ATOM,2363.0,HB1,ALA,152.0,61.742,38.375,-2.093,0.09,1.32,0.0
ATOM,2364.0,HB2,ALA,152.0,62.237,38.212,-0.546,0.09,1.32,0.0
ATOM,2365.0,HB3,ALA,152.0,63.25,38.829,-1.667,0.09,1.32,4.92
ATOM,2366.0,N,MET,153.0,62.017,35.153,-0.27,-0.47,1.85,0.0
ATOM,2367.0,CA,MET,153.0,61.969,34.342,0.944,0.07,2.275,0.0
ATOM,2368.0,C,MET,153.0,62.271,32.866,0.715,0.51,2.0,0.0
ATOM,2369.0,O,MET,153.0,62.132,32.052,1.624,-0.51,1.7,0.0
ATOM,2370.0,CB,MET,153.0,60.601,34.474,1.618,-0.18,2.175,0.0
ATOM,2371.0,CG,MET,153.0,60.273,35.872,2.111,-0.14,2.175,0.0
ATOM,2372.0,SD,MET,153.0,61.483,36.493,3.297,-0.09,2.0,0.0
ATOM,2373.0,CE,MET,153.0,60.963,35.678,4.784,-0.22,2.06,0.0
ATOM,2374.0,H,MET,153.0,61.267,35.173,-0.978,0.31,0.2245,0.0
ATOM,2375.0,HA,MET,153.0,62.666,34.706,1.591,0.09,1.32,0.0
ATOM,2376.0,HB2,MET,153.0,59.886,34.191,0.962,0.09,1.32,0.0
ATOM,2377.0,HB3,MET,153.0,60.564,33.841,2.406,0.09,1.32,0.0
ATOM,2378.0,HG2,MET,153.0,60.208,36.497,1.3,0.09,1.32,0.0
ATOM,2379.0,HG3,MET,153.0,59.334,35.861,2.524,0.09,1.32,0.0
ATOM,2380.0,HE1,MET,153.0,61.648,35.809,5.506,0.09,1.32,0.0
ATOM,2381.0,HE2,MET,153.0,60.087,36.056,5.096,0.09,1.32,0.0
ATOM,2382.0,HE3,MET,153.0,60.851,34.694,4.617,0.09,1.32,0.0
ATOM,2383.0,N,LYS,154.0,62.691,32.521,-0.499,-0.47,1.85,0.0
ATOM,2384.0,CA,LYS,154.0,63.01,31.13,-0.822,0.07,2.275,0.0
ATOM,2385.0,C,LYS,154.0,64.06,30.53,0.126,0.51,2.0,0.0
ATOM,2386.0,O,LYS,154.0,63.927,29.386,0.564,-0.51,1.7,2.12
ATOM,2387.0,CB,LYS,154.0,63.511,31.022,-2.267,-0.18,2.175,0.0
ATOM,2388.0,CG,LYS,154.0,63.734,29.591,-2.728,-0.18,2.175,6.41
ATOM,2389.0,CD,LYS,154.0,64.308,29.537,-4.135,-0.18,2.175,13.81
ATOM,2390.0,CE,LYS,154.0,63.393,30.215,-5.147,0.21,2.175,7.59
ATOM,2391.0,NZ,LYS,154.0,63.951,30.167,-6.534,-0.3,1.85,14.5
ATOM,2392.0,H,LYS,154.0,62.77,33.299,-1.175,0.31,0.2245,0.0
ATOM,2393.0,HA,LYS,154.0,62.165,30.576,-0.753,0.09,1.32,0.0
ATOM,2394.0,HB2,LYS,154.0,62.833,31.443,-2.863,0.09,1.32,0.0
ATOM,2395.0,HB3,LYS,154.0,64.375,31.513,-2.333,0.09,1.32,1.15
ATOM,2396.0,HG2,LYS,154.0,64.373,29.142,-2.101,0.09,1.32,4.86
ATOM,2397.0,HG3,LYS,154.0,62.86,29.103,-2.716,0.09,1.32,0.0
ATOM,2398.0,HD2,LYS,154.0,65.188,30.004,-4.143,0.09,1.32,9.81
ATOM,2399.0,HD3,LYS,154.0,64.422,28.584,-4.402,0.09,1.32,11.02
ATOM,2400.0,HE2,LYS,154.0,62.5,29.755,-5.138,0.05,1.32,0.84
ATOM,2401.0,HE3,LYS,154.0,63.265,31.174,-4.879,0.05,1.32,0.0
ATOM,2402.0,HZ1,LYS,154.0,64.727,29.539,-6.554,0.33,0.2245,15.22
ATOM,2403.0,HZ2,LYS,154.0,63.243,29.849,-7.161,0.33,0.2245,20.33
ATOM,2404.0,HZ3,LYS,154.0,64.251,31.082,-6.799,0.33,0.2245,17.47
ATOM,2405.0,N,PRO,155.0,65.115,31.297,0.452,-0.29,1.85,0.0
ATOM,2406.0,CA,PRO,155.0,66.174,30.826,1.349,0.02,2.275,2.08
ATOM,2407.0,C,PRO,155.0,65.687,30.493,2.757,0.51,2.0,0.0
ATOM,2408.0,O,PRO,155.0,66.38,29.812,3.514,-0.51,1.7,14.77
ATOM,2409.0,CB,PRO,155.0,67.156,31.995,1.37,-0.18,2.175,12.48
ATOM,2410.0,CG,PRO,155.0,66.928,32.667,0.058,-0.18,2.175,20.11
ATOM,2411.0,CD,PRO,155.0,65.434,32.642,-0.057,0.0,2.175,0.78
ATOM,2412.0,HA,PRO,155.0,66.655,30.025,0.941,0.09,1.32,11.42
ATOM,2413.0,HB2,PRO,155.0,66.955,32.613,2.13,0.09,1.32,0.0
ATOM,2414.0,HB3,PRO,155.0,68.097,31.667,1.447,0.09,1.32,11.73
ATOM,2415.0,HG2,PRO,155.0,67.271,33.599,0.076,0.09,1.32,9.01
ATOM,2416.0,HG3,PRO,155.0,67.354,32.153,-0.678,0.09,1.32,10.36
ATOM,2417.0,HD2,PRO,155.0,65.009,33.34,0.51,0.09,1.32,0.0
ATOM,2418.0,HD3,PRO,155.0,65.135,32.738,-1.002,0.09,1.32,0.03
ATOM,2419.0,N,TYR,156.0,64.499,30.966,3.11,-0.47,1.85,0.0
ATOM,2420.0,CA,TYR,156.0,63.965,30.728,4.446,0.07,2.275,0.0
ATOM,2421.0,C,TYR,156.0,62.789,29.769,4.491,0.51,2.0,0.0
ATOM,2422.0,O,TYR,156.0,62.155,29.599,5.532,-0.51,1.7,0.0
ATOM,2423.0,CB,TYR,156.0,63.578,32.067,5.065,-0.18,2.175,0.0
ATOM,2424.0,CG,TYR,156.0,64.765,32.977,5.227,0.0,1.9924,0.0
ATOM,2425.0,CD1,TYR,156.0,65.743,32.708,6.185,-0.115,1.9924,0.0
ATOM,2426.0,CD2,TYR,156.0,64.946,34.085,4.394,-0.115,1.9924,0.0
ATOM,2427.0,CE1,TYR,156.0,66.868,33.513,6.313,-0.115,1.9924,4.05
ATOM,2428.0,CE2,TYR,156.0,66.068,34.901,4.512,-0.115,1.9924,1.79
ATOM,2429.0,CZ,TYR,156.0,67.024,34.608,5.476,0.11,1.9924,0.47
ATOM,2430.0,OH,TYR,156.0,68.141,35.403,5.611,-0.54,1.77,21.75
ATOM,2431.0,H,TYR,156.0,64.001,31.501,2.379,0.31,0.2245,0.0
ATOM,2432.0,HA,TYR,156.0,64.715,30.335,5.019,0.09,1.32,0.0
ATOM,2433.0,HB2,TYR,156.0,62.921,32.509,4.47,0.09,1.32,0.0
ATOM,2434.0,HB3,TYR,156.0,63.189,31.897,5.96,0.09,1.32,0.0
ATOM,2435.0,HD1,TYR,156.0,65.632,31.919,6.793,0.115,1.3582,0.0
ATOM,2436.0,HD2,TYR,156.0,64.259,34.293,3.702,0.115,1.3582,0.0
ATOM,2437.0,HE1,TYR,156.0,67.561,33.304,7.003,0.115,1.3582,0.0
ATOM,2438.0,HE2,TYR,156.0,66.184,35.687,3.911,0.115,1.3582,1.58
ATOM,2439.0,HH,TYR,156.0,68.718,35.036,6.338,0.43,0.2245,1.26
ATOM,2440.0,N,LYS,157.0,62.51,29.126,3.365,-0.47,1.85,0.0
ATOM,2441.0,CA,LYS,157.0,61.391,28.201,3.282,0.07,2.275,0.0
ATOM,2442.0,C,LYS,157.0,61.338,27.216,4.44,0.51,2.0,0.0
ATOM,2443.0,O,LYS,157.0,60.265,26.753,4.82,-0.51,1.7,4.26
ATOM,2444.0,CB,LYS,157.0,61.436,27.42,1.966,-0.18,2.175,0.0
ATOM,2445.0,CG,LYS,157.0,62.53,26.372,1.892,-0.18,2.175,6.41
ATOM,2446.0,CD,LYS,157.0,62.146,25.285,0.899,-0.18,2.175,13.72
ATOM,2447.0,CE,LYS,157.0,60.879,24.563,1.355,0.21,2.175,6.1
ATOM,2448.0,NZ,LYS,157.0,60.394,23.571,0.352,-0.3,1.85,4.98
ATOM,2449.0,H,LYS,157.0,63.143,29.336,2.571,0.31,0.2245,0.0
ATOM,2450.0,HA,LYS,157.0,60.525,28.736,3.273,0.09,1.32,0.0
ATOM,2451.0,HB2,LYS,157.0,60.554,26.964,1.845,0.09,1.32,0.0
ATOM,2452.0,HB3,LYS,157.0,61.574,28.075,1.222,0.09,1.32,0.0
ATOM,2453.0,HG2,LYS,157.0,63.375,26.801,1.589,0.09,1.32,3.42
ATOM,2454.0,HG3,LYS,157.0,62.653,25.96,2.789,0.09,1.32,0.0
ATOM,2455.0,HD2,LYS,157.0,61.971,25.7,0.017,0.09,1.32,1.64
ATOM,2456.0,HD3,LYS,157.0,62.881,24.624,0.842,0.09,1.32,11.11
ATOM,2457.0,HE2,LYS,157.0,61.072,24.089,2.221,0.05,1.32,7.24
ATOM,2458.0,HE3,LYS,157.0,60.159,25.246,1.517,0.05,1.32,0.0
ATOM,2459.0,HZ1,LYS,157.0,59.396,23.605,0.31,0.33,0.2245,0.01
ATOM,2460.0,HZ2,LYS,157.0,60.776,23.794,-0.544,0.33,0.2245,8.57
ATOM,2461.0,HZ3,LYS,157.0,60.688,22.656,0.624,0.33,0.2245,17.49
ATOM,2462.0,N,ASP,158.0,62.494,26.898,5.007,-0.47,1.85,0.0
ATOM,2463.0,CA,ASP,158.0,62.546,25.939,6.098,0.07,2.275,0.79
ATOM,2464.0,C,ASP,158.0,61.995,26.441,7.433,0.51,2.0,0.0
ATOM,2465.0,O,ASP,158.0,61.717,25.637,8.318,-0.51,1.7,9.63
ATOM,2466.0,CB,ASP,158.0,63.979,25.437,6.273,-0.28,2.175,19.23
ATOM,2467.0,CG,ASP,158.0,64.965,26.561,6.535,0.62,2.0,2.77
ATOM,2468.0,OD1,ASP,158.0,64.977,27.546,5.757,-0.76,1.7,3.13
ATOM,2469.0,OD2,ASP,158.0,65.734,26.45,7.518,-0.76,1.7,15.2
ATOM,2470.0,H,ASP,158.0,63.323,27.375,4.618,0.31,0.2245,0.0
ATOM,2471.0,HA,ASP,158.0,61.968,25.14,5.825,0.09,1.32,7.72
ATOM,2472.0,HB2,ASP,158.0,63.995,24.813,7.046,0.09,1.32,7.73
ATOM,2473.0,HB3,ASP,158.0,64.245,24.967,5.44,0.09,1.32,7.96
ATOM,2474.0,N,VAL,159.0,61.837,27.751,7.591,-0.47,1.85,0.0
ATOM,2475.0,CA,VAL,159.0,61.291,28.276,8.842,0.07,2.275,0.0
ATOM,2476.0,C,VAL,159.0,59.852,28.762,8.662,0.51,2.0,0.0
ATOM,2477.0,O,VAL,159.0,59.213,29.201,9.614,-0.51,1.7,0.0
ATOM,2478.0,CB,VAL,159.0,62.143,29.438,9.416,-0.09,2.275,0.0
ATOM,2479.0,CG1,VAL,159.0,63.56,28.96,9.665,-0.27,2.06,2.8
ATOM,2480.0,CG2,VAL,159.0,62.129,30.621,8.474,-0.27,2.06,0.0
ATOM,2481.0,H,VAL,159.0,62.119,28.334,6.795,0.31,0.2245,0.0
ATOM,2482.0,HA,VAL,159.0,61.282,27.529,9.518,0.09,1.32,0.0
ATOM,2483.0,HB,VAL,159.0,61.755,29.684,10.295,0.09,1.32,0.0
ATOM,2484.0,HG11,VAL,159.0,63.56,27.971,9.816,0.09,1.32,3.54
ATOM,2485.0,HG12,VAL,159.0,64.132,29.173,8.872,0.09,1.32,0.0
ATOM,2486.0,HG13,VAL,159.0,63.933,29.417,10.473,0.09,1.32,0.0
ATOM,2487.0,HG21,VAL,159.0,61.628,30.38,7.641,0.09,1.32,0.0
ATOM,2488.0,HG22,VAL,159.0,61.681,31.398,8.919,0.09,1.32,0.0
ATOM,2489.0,HG23,VAL,159.0,63.069,30.871,8.236,0.09,1.32,0.0
ATOM,2490.0,N,ILE,160.0,59.348,28.669,7.436,-0.47,1.85,0.0
ATOM,2491.0,CA,ILE,160.0,57.987,29.083,7.12,0.07,2.275,0.0
ATOM,2492.0,C,ILE,160.0,57.054,27.88,7.227,0.51,2.0,0.11
ATOM,2493.0,O,ILE,160.0,57.063,26.991,6.376,-0.51,1.7,4.92
ATOM,2494.0,CB,ILE,160.0,57.927,29.679,5.697,-0.09,2.275,0.0
ATOM,2495.0,CG1,ILE,160.0,58.726,30.986,5.667,-0.18,2.175,0.0
ATOM,2496.0,CG2,ILE,160.0,56.479,29.9,5.271,-0.27,2.06,0.0
ATOM,2497.0,CD1,ILE,160.0,58.823,31.622,4.301,-0.27,2.06,0.0
ATOM,2498.0,H,ILE,160.0,60.005,28.278,6.727,0.31,0.2245,0.0
ATOM,2499.0,HA,ILE,160.0,57.712,29.722,7.837,0.09,1.32,0.0
ATOM,2500.0,HB,ILE,160.0,58.36,29.04,5.08,0.09,1.32,0.0
ATOM,2501.0,HG12,ILE,160.0,58.295,31.632,6.298,0.09,1.32,0.0
ATOM,2502.0,HG13,ILE,160.0,59.651,30.792,5.999,0.09,1.32,0.0
ATOM,2503.0,HG21,ILE,160.0,56.458,30.262,4.341,0.09,1.32,0.0
ATOM,2504.0,HG22,ILE,160.0,55.988,29.032,5.301,0.09,1.32,0.0
ATOM,2505.0,HG23,ILE,160.0,56.046,30.55,5.892,0.09,1.32,0.0
ATOM,2506.0,HD11,ILE,160.0,57.905,31.832,3.966,0.09,1.32,0.0
ATOM,2507.0,HD12,ILE,160.0,59.356,32.465,4.364,0.09,1.32,0.0
ATOM,2508.0,HD13,ILE,160.0,59.272,30.99,3.671,0.09,1.32,0.0
ATOM,2509.0,N,ALA,161.0,56.252,27.853,8.282,-0.47,1.85,0.0
ATOM,2510.0,CA,ALA,161.0,55.333,26.745,8.508,0.07,2.275,0.85
ATOM,2511.0,C,ALA,161.0,54.005,26.945,7.794,0.51,2.0,0.0
ATOM,2512.0,O,ALA,161.0,53.284,25.979,7.522,-0.51,1.7,9.4
ATOM,2513.0,CB,ALA,161.0,55.089,26.568,10.001,-0.27,2.06,2.6
ATOM,2514.0,H,ALA,161.0,56.333,28.669,8.917,0.31,0.2245,0.0
ATOM,2515.0,HA,ALA,161.0,55.76,25.894,8.162,0.09,1.32,6.21
ATOM,2516.0,HB1,ALA,161.0,54.614,25.704,10.161,0.09,1.32,4.41
ATOM,2517.0,HB2,ALA,161.0,55.964,26.561,10.484,0.09,1.32,0.0
ATOM,2518.0,HB3,ALA,161.0,54.529,27.323,10.339,0.09,1.32,0.0
ATOM,2519.0,N,LYS,162.0,53.687,28.194,7.476,-0.47,1.85,0.0
ATOM,2520.0,CA,LYS,162.0,52.428,28.497,6.822,0.07,2.275,0.0
ATOM,2521.0,C,LYS,162.0,52.434,29.934,6.299,0.51,2.0,0.0
ATOM,2522.0,O,LYS,162.0,53.234,30.757,6.741,-0.51,1.7,0.0
ATOM,2523.0,CB,LYS,162.0,51.31,28.308,7.844,-0.18,2.175,0.68
ATOM,2524.0,CG,LYS,162.0,49.922,28.444,7.314,-0.18,2.175,0.0
ATOM,2525.0,CD,LYS,162.0,48.934,28.286,8.451,-0.18,2.175,0.51
ATOM,2526.0,CE,LYS,162.0,47.497,28.216,7.949,0.21,2.175,0.98
ATOM,2527.0,NZ,LYS,162.0,46.529,28.375,9.082,-0.3,1.85,0.31
ATOM,2528.0,H,LYS,162.0,54.394,28.905,7.728,0.31,0.2245,0.0
ATOM,2529.0,HA,LYS,162.0,52.301,27.875,6.042,0.09,1.32,0.0
ATOM,2530.0,HB2,LYS,162.0,51.416,27.39,8.247,0.09,1.32,2.51
ATOM,2531.0,HB3,LYS,162.0,51.448,28.988,8.576,0.09,1.32,0.0
ATOM,2532.0,HG2,LYS,162.0,49.801,29.345,6.91,0.09,1.32,0.0
ATOM,2533.0,HG3,LYS,162.0,49.747,27.736,6.638,0.09,1.32,0.0
ATOM,2534.0,HD2,LYS,162.0,49.136,27.443,8.943,0.09,1.32,6.26
ATOM,2535.0,HD3,LYS,162.0,49.015,29.067,9.064,0.09,1.32,0.0
ATOM,2536.0,HE2,LYS,162.0,47.347,28.947,7.287,0.05,1.32,0.0
ATOM,2537.0,HE3,LYS,162.0,47.346,27.331,7.514,0.05,1.32,0.0
ATOM,2538.0,HZ1,LYS,162.0,46.274,27.472,9.423,0.33,0.2245,2.81
ATOM,2539.0,HZ2,LYS,162.0,46.962,28.902,9.81,0.33,0.2245,0.01
ATOM,2540.0,HZ3,LYS,162.0,45.718,28.854,8.753,0.33,0.2245,0.12
ATOM,2541.0,N,ILE,163.0,51.543,30.231,5.358,-0.47,1.85,0.0
ATOM,2542.0,CA,ILE,163.0,51.45,31.57,4.795,0.07,2.275,0.0
ATOM,2543.0,C,ILE,163.0,50.012,32.084,4.842,0.51,2.0,0.0
ATOM,2544.0,O,ILE,163.0,49.101,31.413,4.361,-0.51,1.7,0.0
ATOM,2545.0,CB,ILE,163.0,51.923,31.589,3.333,-0.09,2.275,0.0
ATOM,2546.0,CG1,ILE,163.0,53.425,31.311,3.275,-0.18,2.175,0.0
ATOM,2547.0,CG2,ILE,163.0,51.58,32.927,2.686,-0.27,2.06,0.0
ATOM,2548.0,CD1,ILE,163.0,53.996,31.302,1.873,-0.27,2.06,0.0
ATOM,2549.0,H,ILE,163.0,50.935,29.442,5.068,0.31,0.2245,0.0
ATOM,2550.0,HA,ILE,163.0,51.987,32.17,5.397,0.09,1.32,0.0
ATOM,2551.0,HB,ILE,163.0,51.456,30.86,2.849,0.09,1.32,0.0
ATOM,2552.0,HG12,ILE,163.0,53.897,32.009,3.813,0.09,1.32,0.0
ATOM,2553.0,HG13,ILE,163.0,53.595,30.419,3.695,0.09,1.32,0.0
ATOM,2554.0,HG21,ILE,163.0,51.864,32.915,1.729,0.09,1.32,0.0
ATOM,2555.0,HG22,ILE,163.0,50.595,33.079,2.74,0.09,1.32,0.0
ATOM,2556.0,HG23,ILE,163.0,52.057,33.66,3.167,0.09,1.32,0.0
ATOM,2557.0,HD11,ILE,163.0,53.843,32.193,1.448,0.09,1.32,0.0
ATOM,2558.0,HD12,ILE,163.0,54.976,31.115,1.916,0.09,1.32,0.0
ATOM,2559.0,HD13,ILE,163.0,53.543,30.592,1.336,0.09,1.32,0.0
ATOM,2560.0,N,PHE,164.0,49.814,33.268,5.422,-0.47,1.85,0.0
ATOM,2561.0,CA,PHE,164.0,48.481,33.865,5.506,0.07,2.275,0.0
ATOM,2562.0,C,PHE,164.0,48.316,34.987,4.503,0.51,2.0,0.0
ATOM,2563.0,O,PHE,164.0,49.27,35.699,4.181,-0.51,1.7,0.0
ATOM,2564.0,CB,PHE,164.0,48.212,34.432,6.897,-0.18,2.175,0.0
ATOM,2565.0,CG,PHE,164.0,47.825,33.404,7.912,0.0,1.9924,0.0
ATOM,2566.0,CD1,PHE,164.0,47.648,33.761,9.243,-0.115,1.9924,0.13
ATOM,2567.0,CD2,PHE,164.0,47.644,32.078,7.551,-0.115,1.9924,0.22
ATOM,2568.0,CE1,PHE,164.0,47.298,32.811,10.204,-0.115,1.9924,0.04
ATOM,2569.0,CE2,PHE,164.0,47.291,31.128,8.504,-0.115,1.9924,0.25
ATOM,2570.0,CZ,PHE,164.0,47.117,31.494,9.83,-0.115,1.9924,0.25
ATOM,2571.0,H,PHE,164.0,50.668,33.718,5.799,0.31,0.2245,0.0
ATOM,2572.0,HA,PHE,164.0,47.824,33.143,5.254,0.09,1.32,0.0
ATOM,2573.0,HB2,PHE,164.0,49.042,34.876,7.208,0.09,1.32,0.0
ATOM,2574.0,HB3,PHE,164.0,47.469,35.084,6.819,0.09,1.32,0.0
ATOM,2575.0,HD1,PHE,164.0,47.77,34.71,9.524,0.115,1.3582,0.0
ATOM,2576.0,HD2,PHE,164.0,47.767,31.8,6.6,0.115,1.3582,0.0
ATOM,2577.0,HE1,PHE,164.0,47.183,33.097,11.16,0.115,1.3582,0.54
ATOM,2578.0,HE2,PHE,164.0,47.163,30.161,8.219,0.115,1.3582,0.0
ATOM,2579.0,HZ,PHE,164.0,46.862,30.81,10.512,0.115,1.3582,1.61
ATOM,2580.0,N,LEU,165.0,47.093,35.151,4.022,-0.47,1.85,0.0
ATOM,2581.0,CA,LEU,165.0,46.795,36.193,3.063,0.07,2.275,0.0
ATOM,2582.0,C,LEU,165.0,45.85,37.194,3.704,0.51,2.0,0.0
ATOM,2583.0,O,LEU,165.0,45.09,36.854,4.61,-0.51,1.7,0.26
ATOM,2584.0,CB,LEU,165.0,46.118,35.592,1.835,-0.18,2.175,0.0
ATOM,2585.0,CG,LEU,165.0,46.891,34.83,0.754,-0.09,2.275,0.0
ATOM,2586.0,CD1,LEU,165.0,48.128,34.164,1.296,-0.27,2.06,0.0
ATOM,2587.0,CD2,LEU,165.0,45.942,33.823,0.138,-0.27,2.06,0.0
ATOM,2588.0,H,LEU,165.0,46.387,34.482,4.386,0.31,0.2245,0.0
ATOM,2589.0,HA,LEU,165.0,47.643,36.666,2.823,0.09,1.32,0.0
ATOM,2590.0,HB2,LEU,165.0,45.386,34.956,2.172,0.09,1.32,0.0
ATOM,2591.0,HB3,LEU,165.0,45.623,36.352,1.358,0.09,1.32,0.0
ATOM,2592.0,HG,LEU,165.0,47.146,35.48,0.026,0.09,1.32,0.0
ATOM,2593.0,HD11,LEU,165.0,47.878,33.508,2.012,0.09,1.32,0.0
ATOM,2594.0,HD12,LEU,165.0,48.605,33.677,0.56,0.09,1.32,0.0
ATOM,2595.0,HD13,LEU,165.0,48.745,34.853,1.685,0.09,1.32,0.0
ATOM,2596.0,HD21,LEU,165.0,45.158,34.3,-0.266,0.09,1.32,0.0
ATOM,2597.0,HD22,LEU,165.0,46.416,33.304,-0.576,0.09,1.32,0.0
ATOM,2598.0,HD23,LEU,165.0,45.616,33.19,0.843,0.09,1.32,0.0
ATOM,2599.0,N,SER,166.0,45.9,38.431,3.231,-0.47,1.85,0.0
ATOM,2600.0,CA,SER,166.0,45.017,39.468,3.736,0.07,2.275,0.0
ATOM,2601.0,C,SER,166.0,43.883,39.644,2.73,0.51,2.0,0.0
ATOM,2602.0,O,SER,166.0,44.107,40.081,1.598,-0.51,1.7,0.46
ATOM,2603.0,CB,SER,166.0,45.775,40.781,3.897,0.05,2.175,0.0
ATOM,2604.0,OG,SER,166.0,44.87,41.839,4.136,-0.66,1.77,0.11
ATOM,2605.0,H,SER,166.0,46.607,38.588,2.488,0.31,0.2245,0.0
ATOM,2606.0,HA,SER,166.0,44.619,39.155,4.592,0.09,1.32,0.0
ATOM,2607.0,HB2,SER,166.0,46.395,40.702,4.668,0.09,1.32,0.0
ATOM,2608.0,HB3,SER,166.0,46.278,40.966,3.061,0.09,1.32,0.0
ATOM,2609.0,HG,SER,166.0,45.145,42.337,4.958,0.43,0.2245,0.0
ATOM,2610.0,N,GLY,167.0,42.668,39.305,3.14,-0.47,1.85,0.0
ATOM,2611.0,CA,GLY,167.0,41.537,39.43,2.237,-0.02,2.175,0.0
ATOM,2612.0,C,GLY,167.0,40.749,40.716,2.369,0.51,2.0,0.44
ATOM,2613.0,O,GLY,167.0,39.7,40.865,1.744,-0.51,1.7,2.13
ATOM,2614.0,H,GLY,167.0,42.603,38.963,4.107,0.31,0.2245,0.0
ATOM,2615.0,HA2,GLY,167.0,41.87,39.34,1.271,0.09,1.32,0.0
ATOM,2616.0,HA3,GLY,167.0,40.905,38.634,2.382,0.09,1.32,0.0
ATOM,2617.0,N,GLY,168.0,41.25,41.651,3.168,-0.47,1.85,0.68
ATOM,2618.0,CA,GLY,168.0,40.546,42.909,3.357,-0.02,2.175,2.11
ATOM,2619.0,C,GLY,168.0,41.073,43.67,4.564,0.51,2.0,0.0
ATOM,2620.0,O,GLY,168.0,42.216,43.459,4.979,-0.51,1.7,0.0
ATOM,2621.0,H,GLY,168.0,42.144,41.414,3.622,0.31,0.2245,0.0
ATOM,2622.0,HA2,GLY,168.0,40.651,43.482,2.531,0.09,1.32,0.87
ATOM,2623.0,HA3,GLY,168.0,39.56,42.728,3.483,0.09,1.32,0.0
ATOM,2624.0,N,PRO,169.0,40.25,44.547,5.162,-0.29,1.85,0.0
ATOM,2625.0,CA,PRO,169.0,40.612,45.359,6.329,0.02,2.275,0.0
ATOM,2626.0,C,PRO,169.0,41.092,44.482,7.481,0.51,2.0,0.0
ATOM,2627.0,O,PRO,169.0,40.535,43.408,7.724,-0.51,1.7,0.0
ATOM,2628.0,CB,PRO,169.0,39.303,46.064,6.693,-0.18,2.175,0.06
ATOM,2629.0,CG,PRO,169.0,38.501,46.022,5.433,-0.18,2.175,0.0
ATOM,2630.0,CD,PRO,169.0,38.809,44.667,4.879,0.0,2.175,0.0
ATOM,2631.0,HA,PRO,169.0,41.31,46.042,6.085,0.09,1.32,0.0
ATOM,2632.0,HB2,PRO,169.0,38.834,45.578,7.433,0.09,1.32,0.0
ATOM,2633.0,HB3,PRO,169.0,39.476,47.008,6.977,0.09,1.32,0.0
ATOM,2634.0,HG2,PRO,169.0,37.529,46.118,5.633,0.09,1.32,0.0
ATOM,2635.0,HG3,PRO,169.0,38.793,46.743,4.809,0.09,1.32,0.0
ATOM,2636.0,HD2,PRO,169.0,38.301,43.952,5.348,0.09,1.32,0.0
ATOM,2637.0,HD3,PRO,169.0,38.641,44.621,3.898,0.09,1.32,0.0
ATOM,2638.0,N,ALA,170.0,42.116,44.949,8.189,-0.47,1.85,0.0
ATOM,2639.0,CA,ALA,170.0,42.656,44.216,9.326,0.07,2.275,0.94
ATOM,2640.0,C,ALA,170.0,43.062,42.806,8.941,0.51,2.0,0.0
ATOM,2641.0,O,ALA,170.0,43.159,41.93,9.8,-0.51,1.7,11.21
ATOM,2642.0,CB,ALA,170.0,41.627,44.171,10.443,-0.27,2.06,8.73
ATOM,2643.0,H,ALA,170.0,42.488,45.863,7.866,0.31,0.2245,0.0
ATOM,2644.0,HA,ALA,170.0,43.472,44.706,9.669,0.09,1.32,3.18
ATOM,2645.0,HB1,ALA,170.0,41.105,43.32,10.384,0.09,1.32,0.0
ATOM,2646.0,HB2,ALA,170.0,42.091,44.215,11.328,0.09,1.32,10.01
ATOM,2647.0,HB3,ALA,170.0,41.004,44.948,10.357,0.09,1.32,0.0
ATOM,2648.0,N,GLY,171.0,43.297,42.588,7.647,-0.47,1.85,0.0
ATOM,2649.0,CA,GLY,171.0,43.696,41.278,7.163,-0.02,2.175,0.01
ATOM,2650.0,C,GLY,171.0,42.568,40.264,7.191,0.51,2.0,0.0
ATOM,2651.0,O,GLY,171.0,42.804,39.057,7.227,-0.51,1.7,0.51
ATOM,2652.0,H,GLY,171.0,43.172,43.416,7.037,0.31,0.2245,0.0
ATOM,2653.0,HA2,GLY,171.0,44.044,41.363,6.211,0.09,1.32,0.0
ATOM,2654.0,HA3,GLY,171.0,44.469,40.933,7.727,0.09,1.32,1.17
ATOM,2655.0,N,GLU,172.0,41.336,40.758,7.161,-0.47,1.85,0.0
ATOM,2656.0,CA,GLU,172.0,40.159,39.907,7.205,0.07,2.275,0.0
ATOM,2657.0,C,GLU,172.0,39.326,40.032,5.935,0.51,2.0,0.0
ATOM,2658.0,O,GLU,172.0,39.188,41.127,5.382,-0.51,1.7,0.0
ATOM,2659.0,CB,GLU,172.0,39.305,40.287,8.417,-0.18,2.175,0.0
ATOM,2660.0,CG,GLU,172.0,40.055,40.203,9.734,-0.28,2.175,1.1
ATOM,2661.0,CD,GLU,172.0,39.258,40.755,10.894,0.62,2.0,0.73
ATOM,2662.0,OE1,GLU,172.0,38.733,41.884,10.778,-0.76,1.7,3.56
ATOM,2663.0,OE2,GLU,172.0,39.165,40.063,11.925,-0.76,1.7,21.33
ATOM,2664.0,H,GLU,172.0,41.289,41.799,7.104,0.31,0.2245,0.0
ATOM,2665.0,HA,GLU,172.0,40.439,38.943,7.327,0.09,1.32,0.0
ATOM,2666.0,HB2,GLU,172.0,39.014,41.217,8.297,0.09,1.32,0.0
ATOM,2667.0,HB3,GLU,172.0,38.552,39.66,8.46,0.09,1.32,0.0
ATOM,2668.0,HG2,GLU,172.0,40.241,39.256,9.923,0.09,1.32,0.0
ATOM,2669.0,HG3,GLU,172.0,40.877,40.736,9.656,0.09,1.32,0.0
ATOM,2670.0,N,LEU,173.0,38.781,38.912,5.47,-0.47,1.85,0.0
ATOM,2671.0,CA,LEU,173.0,37.945,38.92,4.274,0.07,2.275,0.0
ATOM,2672.0,C,LEU,173.0,36.612,39.584,4.633,0.51,2.0,0.0
ATOM,2673.0,O,LEU,173.0,35.734,38.956,5.22,-0.51,1.7,0.0
ATOM,2674.0,CB,LEU,173.0,37.688,37.497,3.782,-0.18,2.175,0.0
ATOM,2675.0,CG,LEU,173.0,36.817,37.431,2.519,-0.09,2.275,0.0
ATOM,2676.0,CD1,LEU,173.0,37.657,37.796,1.303,-0.27,2.06,0.0
ATOM,2677.0,CD2,LEU,173.0,36.225,36.042,2.371,-0.27,2.06,0.0
ATOM,2678.0,H,LEU,173.0,38.996,38.059,6.015,0.31,0.2245,0.0
ATOM,2679.0,HA,LEU,173.0,38.389,39.468,3.573,0.09,1.32,0.0
ATOM,2680.0,HB2,LEU,173.0,38.556,37.085,3.562,0.09,1.32,0.0
ATOM,2681.0,HB3,LEU,173.0,37.215,37.006,4.492,0.09,1.32,0.0
ATOM,2682.0,HG,LEU,173.0,36.066,38.077,2.611,0.09,1.32,0.0
ATOM,2683.0,HD11,LEU,173.0,38.418,37.152,1.217,0.09,1.32,0.32
ATOM,2684.0,HD12,LEU,173.0,37.09,37.753,0.48,0.09,1.32,0.0
ATOM,2685.0,HD13,LEU,173.0,38.017,38.723,1.411,0.09,1.32,0.0
ATOM,2686.0,HD21,LEU,173.0,35.661,35.829,3.171,0.09,1.32,0.0
ATOM,2687.0,HD22,LEU,173.0,35.658,36.004,1.546,0.09,1.32,0.0
ATOM,2688.0,HD23,LEU,173.0,36.962,35.368,2.297,0.09,1.32,0.05
ATOM,2689.0,N,ARG,174.0,36.462,40.853,4.283,-0.47,1.85,0.0
ATOM,2690.0,CA,ARG,174.0,35.236,41.557,4.606,0.07,2.275,0.0
ATOM,2691.0,C,ARG,174.0,35.27,42.951,4.036,0.51,2.0,0.0
ATOM,2692.0,O,ARG,174.0,36.265,43.366,3.444,-0.51,1.7,1.62
ATOM,2693.0,CB,ARG,174.0,35.072,41.665,6.132,-0.18,2.175,0.0
ATOM,2694.0,CG,ARG,174.0,36.142,42.519,6.829,-0.18,2.175,0.0
ATOM,2695.0,CD,ARG,174.0,35.919,42.535,8.334,0.2,2.175,0.0
ATOM,2696.0,NE,ARG,174.0,36.925,43.276,9.092,-0.7,1.85,0.0
ATOM,2697.0,CZ,ARG,174.0,36.946,44.601,9.223,0.64,2.0,0.0
ATOM,2698.0,NH1,ARG,174.0,36.018,45.346,8.642,-0.8,1.85,0.0
ATOM,2699.0,NH2,ARG,174.0,37.88,45.179,9.964,-0.8,1.85,0.84
ATOM,2700.0,H,ARG,174.0,37.259,41.274,3.784,0.31,0.2245,0.0
ATOM,2701.0,HA,ARG,174.0,34.459,41.058,4.204,0.09,1.32,0.0
ATOM,2702.0,HB2,ARG,174.0,34.185,42.074,6.322,0.09,1.32,0.0
ATOM,2703.0,HB3,ARG,174.0,35.117,40.748,6.516,0.09,1.32,0.0
ATOM,2704.0,HG2,ARG,174.0,37.036,42.132,6.648,0.09,1.32,0.0
ATOM,2705.0,HG3,ARG,174.0,36.084,43.45,6.494,0.09,1.32,0.0
ATOM,2706.0,HD2,ARG,174.0,35.013,42.94,8.508,0.09,1.32,0.0
ATOM,2707.0,HD3,ARG,174.0,35.905,41.579,8.653,0.09,1.32,0.0
ATOM,2708.0,HE,ARG,174.0,37.654,42.748,9.547,0.44,0.2245,0.0
ATOM,2709.0,HH11,ARG,174.0,35.279,44.932,8.116,0.46,0.2245,0.0
ATOM,2710.0,HH12,ARG,174.0,36.055,46.349,8.732,0.46,0.2245,0.3
ATOM,2711.0,HH21,ARG,174.0,38.557,44.612,10.44,0.46,0.2245,2.04
ATOM,2712.0,HH22,ARG,174.0,37.912,46.173,10.051,0.46,0.2245,0.03
ATOM,2713.0,N,TYR,175.0,34.164,43.66,4.217,-0.47,1.85,0.0
ATOM,2714.0,CA,TYR,175.0,34.04,45.038,3.783,0.07,2.275,0.0
ATOM,2715.0,C,TYR,175.0,34.385,45.854,5.032,0.51,2.0,0.0
ATOM,2716.0,O,TYR,175.0,34.293,45.343,6.156,-0.51,1.7,0.0
ATOM,2717.0,CB,TYR,175.0,32.596,45.326,3.362,-0.18,2.175,0.0
ATOM,2718.0,CG,TYR,175.0,32.212,44.734,2.022,0.0,1.9924,0.0
ATOM,2719.0,CD1,TYR,175.0,32.605,45.354,0.83,-0.115,1.9924,0.08
ATOM,2720.0,CD2,TYR,175.0,31.455,43.558,1.943,-0.115,1.9924,0.0
ATOM,2721.0,CE1,TYR,175.0,32.246,44.824,-0.41,-0.115,1.9924,0.19
ATOM,2722.0,CE2,TYR,175.0,31.092,43.017,0.709,-0.115,1.9924,0.0
ATOM,2723.0,CZ,TYR,175.0,31.487,43.658,-0.461,0.11,1.9924,0.0
ATOM,2724.0,OH,TYR,175.0,31.122,43.147,-1.681,-0.54,1.77,0.7
ATOM,2725.0,H,TYR,175.0,33.393,43.14,4.698,0.31,0.2245,0.0
ATOM,2726.0,HA,TYR,175.0,34.722,45.222,3.102,0.09,1.32,0.0
ATOM,2727.0,HB2,TYR,175.0,31.987,44.948,4.056,0.09,1.32,0.0
ATOM,2728.0,HB3,TYR,175.0,32.477,46.315,3.31,0.09,1.32,0.0
ATOM,2729.0,HD1,TYR,175.0,33.151,46.19,0.866,0.115,1.3582,0.0
ATOM,2730.0,HD2,TYR,175.0,31.173,43.101,2.781,0.115,1.3582,0.0
ATOM,2731.0,HE1,TYR,175.0,32.532,45.276,-1.252,0.115,1.3582,1.43
ATOM,2732.0,HE2,TYR,175.0,30.555,42.18,0.666,0.115,1.3582,0.0
ATOM,2733.0,HH,TYR,175.0,30.594,42.31,-1.543,0.43,0.2245,0.0
ATOM,2734.0,N,PRO,176.0,34.804,47.121,4.856,-0.29,1.85,0.0
ATOM,2735.0,CA,PRO,176.0,35.143,47.973,6.001,0.02,2.275,0.0
ATOM,2736.0,C,PRO,176.0,33.858,48.651,6.476,0.51,2.0,0.0
ATOM,2737.0,O,PRO,176.0,33.714,49.872,6.38,-0.51,1.7,1.19
ATOM,2738.0,CB,PRO,176.0,36.139,48.96,5.402,-0.18,2.175,0.0
ATOM,2739.0,CG,PRO,176.0,35.587,49.162,4.022,-0.18,2.175,0.0
ATOM,2740.0,CD,PRO,176.0,35.207,47.756,3.583,0.0,2.175,0.0
ATOM,2741.0,HA,PRO,176.0,35.558,47.444,6.731,0.09,1.32,0.0
ATOM,2742.0,HB2,PRO,176.0,36.144,49.814,5.91,0.09,1.32,0.0
ATOM,2743.0,HB3,PRO,176.0,37.051,48.57,5.366,0.09,1.32,0.0
ATOM,2744.0,HG2,PRO,176.0,34.786,49.751,4.045,0.09,1.32,0.0
ATOM,2745.0,HG3,PRO,176.0,36.279,49.543,3.418,0.09,1.32,0.0
ATOM,2746.0,HD2,PRO,176.0,34.447,47.773,2.942,0.09,1.32,0.0
ATOM,2747.0,HD3,PRO,176.0,35.985,47.281,3.183,0.09,1.32,0.0
ATOM,2748.0,N,SER,177.0,32.93,47.845,6.983,-0.47,1.85,0.0
ATOM,2749.0,CA,SER,177.0,31.629,48.34,7.425,0.07,2.275,0.0
ATOM,2750.0,C,SER,177.0,31.553,48.929,8.83,0.51,2.0,0.0
ATOM,2751.0,O,SER,177.0,30.566,49.577,9.167,-0.51,1.7,0.0
ATOM,2752.0,CB,SER,177.0,30.58,47.241,7.275,0.05,2.175,0.0
ATOM,2753.0,OG,SER,177.0,30.929,46.094,8.026,-0.66,1.77,0.0
ATOM,2754.0,H,SER,177.0,33.207,46.843,7.037,0.31,0.2245,0.0
ATOM,2755.0,HA,SER,177.0,31.337,49.076,6.765,0.09,1.32,0.0
ATOM,2756.0,HB2,SER,177.0,29.703,47.587,7.599,0.09,1.32,0.0
ATOM,2757.0,HB3,SER,177.0,30.513,46.99,6.312,0.09,1.32,0.0
ATOM,2758.0,HG,SER,177.0,31.782,45.71,7.674,0.43,0.2245,0.0
ATOM,2759.0,N,TYR,178.0,32.574,48.688,9.651,-0.47,1.85,0.0
ATOM,2760.0,CA,TYR,178.0,32.603,49.248,11.0,0.07,2.275,0.0
ATOM,2761.0,C,TYR,178.0,33.874,50.061,11.24,0.51,2.0,0.0
ATOM,2762.0,O,TYR,178.0,34.924,49.521,11.584,-0.51,1.7,3.13
ATOM,2763.0,CB,TYR,178.0,32.463,48.16,12.085,-0.18,2.175,0.0
ATOM,2764.0,CG,TYR,178.0,33.336,46.92,11.935,0.0,1.9924,0.0
ATOM,2765.0,CD1,TYR,178.0,32.933,45.852,11.134,-0.115,1.9924,0.0
ATOM,2766.0,CD2,TYR,178.0,34.529,46.792,12.647,-0.115,1.9924,1.73
ATOM,2767.0,CE1,TYR,178.0,33.689,44.676,11.055,-0.115,1.9924,0.0
ATOM,2768.0,CE2,TYR,178.0,35.3,45.62,12.574,-0.115,1.9924,3.09
ATOM,2769.0,CZ,TYR,178.0,34.869,44.568,11.781,0.11,1.9924,0.0
ATOM,2770.0,OH,TYR,178.0,35.592,43.392,11.743,-0.54,1.77,1.65
ATOM,2771.0,H,TYR,178.0,33.32,48.089,9.261,0.31,0.2245,0.0
ATOM,2772.0,HA,TYR,178.0,31.813,49.866,11.103,0.09,1.32,0.0
ATOM,2773.0,HB2,TYR,178.0,32.675,48.582,12.975,0.09,1.32,0.0
ATOM,2774.0,HB3,TYR,178.0,31.501,47.86,12.099,0.09,1.32,0.13
ATOM,2775.0,HD1,TYR,178.0,32.087,45.921,10.603,0.115,1.3582,0.25
ATOM,2776.0,HD2,TYR,178.0,34.846,47.544,13.219,0.115,1.3582,7.31
ATOM,2777.0,HE1,TYR,178.0,33.38,43.922,10.478,0.115,1.3582,0.0
ATOM,2778.0,HE2,TYR,178.0,36.148,45.552,13.091,0.115,1.3582,9.31
ATOM,2779.0,HH,TYR,178.0,35.286,42.798,12.484,0.43,0.2245,5.73
ATOM,2780.0,N,THR,179.0,33.766,51.372,11.049,-0.47,1.85,0.0
ATOM,2781.0,CA,THR,179.0,34.894,52.274,11.251,0.07,2.275,0.53
ATOM,2782.0,C,THR,179.0,34.43,53.522,11.985,0.51,2.0,0.0
ATOM,2783.0,O,THR,179.0,33.258,53.901,11.915,-0.51,1.7,0.0
ATOM,2784.0,CB,THR,179.0,35.519,52.715,9.921,0.14,2.275,1.82
ATOM,2785.0,OG1,THR,179.0,34.566,53.501,9.19,-0.66,1.77,0.44
ATOM,2786.0,CG2,THR,179.0,35.927,51.494,9.09,-0.27,2.06,1.9
ATOM,2787.0,H,THR,179.0,32.824,51.692,10.748,0.31,0.2245,0.0
ATOM,2788.0,HA,THR,179.0,35.578,51.808,11.817,0.09,1.32,4.16
ATOM,2789.0,HB,THR,179.0,36.33,53.301,10.114,0.09,1.32,5.71
ATOM,2790.0,HG21,THR,179.0,35.874,50.671,9.656,0.09,1.32,0.0
ATOM,2791.0,HG22,THR,179.0,35.31,51.4,8.308,0.09,1.32,0.07
ATOM,2792.0,HG23,THR,179.0,36.865,51.611,8.761,0.09,1.32,0.65
ATOM,2793.0,HG1,THR,179.0,34.92,54.43,9.043,0.43,0.2245,0.0
ATOM,2794.0,N,THR,180.0,35.364,54.165,12.68,-0.47,1.85,0.47
ATOM,2795.0,CA,THR,180.0,35.054,55.366,13.436,0.07,2.275,0.11
ATOM,2796.0,C,THR,180.0,34.519,56.478,12.543,0.51,2.0,0.0
ATOM,2797.0,O,THR,180.0,33.447,57.027,12.798,-0.51,1.7,8.18
ATOM,2798.0,CB,THR,180.0,36.298,55.904,14.173,0.14,2.275,5.22
ATOM,2799.0,OG1,THR,180.0,36.863,54.869,14.986,-0.66,1.77,24.3
ATOM,2800.0,CG2,THR,180.0,35.919,57.079,15.065,-0.27,2.06,38.7
ATOM,2801.0,H,THR,180.0,36.31,53.741,12.634,0.31,0.2245,1.8
ATOM,2802.0,HA,THR,180.0,34.343,55.142,14.12,0.09,1.32,3.41
ATOM,2803.0,HB,THR,180.0,36.994,56.182,13.481,0.09,1.32,7.38
ATOM,2804.0,HG21,THR,180.0,34.931,57.239,15.014,0.09,1.32,4.39
ATOM,2805.0,HG22,THR,180.0,36.171,56.879,16.014,0.09,1.32,10.04
ATOM,2806.0,HG23,THR,180.0,36.402,57.904,14.763,0.09,1.32,11.43
ATOM,2807.0,HG1,THR,180.0,37.151,54.093,14.415,0.43,0.2245,8.77
ATOM,2808.0,N,SER,181.0,35.259,56.797,11.486,-0.47,1.85,0.12
ATOM,2809.0,CA,SER,181.0,34.863,57.875,10.584,0.07,2.275,1.86
ATOM,2810.0,C,SER,181.0,33.527,57.674,9.866,0.51,2.0,0.0
ATOM,2811.0,O,SER,181.0,32.94,58.636,9.373,-0.51,1.7,22.55
ATOM,2812.0,CB,SER,181.0,35.964,58.122,9.551,0.05,2.175,23.45
ATOM,2813.0,OG,SER,181.0,36.139,56.994,8.716,-0.66,1.77,12.27
ATOM,2814.0,H,SER,181.0,36.116,56.231,11.362,0.31,0.2245,2.66
ATOM,2815.0,HA,SER,181.0,34.788,58.733,11.137,0.09,1.32,10.48
ATOM,2816.0,HB2,SER,181.0,35.709,58.905,8.992,0.09,1.32,7.98
ATOM,2817.0,HB3,SER,181.0,36.817,58.307,10.031,0.09,1.32,10.8
ATOM,2818.0,HG,SER,181.0,35.824,57.21,7.792,0.43,0.2245,3.58
ATOM,2819.0,N,ASP,182.0,33.046,56.438,9.803,-0.47,1.85,0.0
ATOM,2820.0,CA,ASP,182.0,31.777,56.159,9.135,0.07,2.275,0.5
ATOM,2821.0,C,ASP,182.0,30.648,56.092,10.176,0.51,2.0,1.56
ATOM,2822.0,O,ASP,182.0,29.472,55.947,9.834,-0.51,1.7,0.82
ATOM,2823.0,CB,ASP,182.0,31.886,54.841,8.345,-0.28,2.175,1.15
ATOM,2824.0,CG,ASP,182.0,30.861,54.735,7.224,0.62,2.0,0.07
ATOM,2825.0,OD1,ASP,182.0,30.366,55.786,6.765,-0.76,1.7,0.0
ATOM,2826.0,OD2,ASP,182.0,30.563,53.599,6.792,-0.76,1.7,0.46
ATOM,2827.0,H,ASP,182.0,33.629,55.713,10.253,0.31,0.2245,0.0
ATOM,2828.0,HA,ASP,182.0,31.574,56.937,8.539,0.09,1.32,0.27
ATOM,2829.0,HB2,ASP,182.0,32.796,54.797,7.951,0.09,1.32,0.43
ATOM,2830.0,HB3,ASP,182.0,31.744,54.093,8.981,0.09,1.32,0.0
ATOM,2831.0,N,GLY,183.0,31.02,56.216,11.444,-0.47,1.85,0.93
ATOM,2832.0,CA,GLY,183.0,30.041,56.177,12.517,-0.02,2.175,18.4
ATOM,2833.0,C,GLY,183.0,29.436,54.798,12.678,0.51,2.0,0.0
ATOM,2834.0,O,GLY,183.0,28.294,54.653,13.124,-0.51,1.7,17.64
ATOM,2835.0,H,GLY,183.0,32.036,56.339,11.594,0.31,0.2245,0.0
ATOM,2836.0,HA2,GLY,183.0,30.483,56.453,13.385,0.09,1.32,8.08
ATOM,2837.0,HA3,GLY,183.0,29.306,56.845,12.325,0.09,1.32,8.58
ATOM,2838.0,N,THR,184.0,30.212,53.781,12.324,-0.47,1.85,0.0
ATOM,2839.0,CA,THR,184.0,29.75,52.402,12.41,0.07,2.275,0.0
ATOM,2840.0,C,THR,184.0,30.623,51.556,13.338,0.51,2.0,0.0
ATOM,2841.0,O,THR,184.0,30.619,50.328,13.264,-0.51,1.7,0.0
ATOM,2842.0,CB,THR,184.0,29.721,51.762,11.016,0.14,2.275,0.0
ATOM,2843.0,OG1,THR,184.0,31.011,51.894,10.413,-0.66,1.77,0.0
ATOM,2844.0,CG2,THR,184.0,28.686,52.461,10.134,-0.27,2.06,0.7
ATOM,2845.0,H,THR,184.0,31.157,54.049,11.987,0.31,0.2245,0.0
ATOM,2846.0,HA,THR,184.0,28.808,52.401,12.778,0.09,1.32,0.0
ATOM,2847.0,HB,THR,184.0,29.515,50.768,11.113,0.09,1.32,0.0
ATOM,2848.0,HG21,THR,184.0,27.771,52.121,10.356,0.09,1.32,0.6
ATOM,2849.0,HG22,THR,184.0,28.72,53.449,10.294,0.09,1.32,0.0
ATOM,2850.0,HG23,THR,184.0,28.884,52.274,9.17,0.09,1.32,0.0
ATOM,2851.0,HG1,THR,184.0,31.165,52.843,10.117,0.43,0.2245,0.0
ATOM,2852.0,N,GLY,185.0,31.371,52.222,14.209,-0.47,1.85,0.22
ATOM,2853.0,CA,GLY,185.0,32.213,51.503,15.147,-0.02,2.175,9.8
ATOM,2854.0,C,GLY,185.0,31.374,50.697,16.124,0.51,2.0,0.03
ATOM,2855.0,O,GLY,185.0,30.191,50.99,16.334,-0.51,1.7,1.46
ATOM,2856.0,H,GLY,185.0,31.302,53.248,14.16,0.31,0.2245,2.81
ATOM,2857.0,HA2,GLY,185.0,32.826,50.881,14.643,0.09,1.32,0.7
ATOM,2858.0,HA3,GLY,185.0,32.784,52.157,15.66,0.09,1.32,8.58
ATOM,2859.0,N,TYR,186.0,31.982,49.673,16.716,-0.47,1.85,1.23
ATOM,2860.0,CA,TYR,186.0,31.299,48.816,17.677,0.07,2.275,0.0
ATOM,2861.0,C,TYR,186.0,30.619,49.662,18.751,0.51,2.0,0.0
ATOM,2862.0,O,TYR,186.0,31.194,50.629,19.238,-0.51,1.7,22.08
ATOM,2863.0,CB,TYR,186.0,32.312,47.856,18.306,-0.18,2.175,11.92
ATOM,2864.0,CG,TYR,186.0,31.819,47.116,19.528,0.0,1.9924,0.47
ATOM,2865.0,CD1,TYR,186.0,31.864,47.71,20.791,-0.115,1.9924,8.85
ATOM,2866.0,CD2,TYR,186.0,31.315,45.819,19.428,-0.115,1.9924,3.92
ATOM,2867.0,CE1,TYR,186.0,31.425,47.031,21.92,-0.115,1.9924,11.17
ATOM,2868.0,CE2,TYR,186.0,30.868,45.131,20.558,-0.115,1.9924,2.53
ATOM,2869.0,CZ,TYR,186.0,30.928,45.747,21.796,0.11,1.9924,1.85
ATOM,2870.0,OH,TYR,186.0,30.469,45.092,22.912,-0.54,1.77,20.08
ATOM,2871.0,H,TYR,186.0,32.977,49.539,16.436,0.31,0.2245,7.15
ATOM,2872.0,HA,TYR,186.0,30.588,48.298,17.192,0.09,1.32,0.0
ATOM,2873.0,HB2,TYR,186.0,32.571,47.179,17.614,0.09,1.32,0.44
ATOM,2874.0,HB3,TYR,186.0,33.122,48.385,18.568,0.09,1.32,8.31
ATOM,2875.0,HD1,TYR,186.0,32.219,48.641,20.884,0.115,1.3582,8.37
ATOM,2876.0,HD2,TYR,186.0,31.271,45.375,18.537,0.115,1.3582,0.0
ATOM,2877.0,HE1,TYR,186.0,31.468,47.471,22.819,0.115,1.3582,16.83
ATOM,2878.0,HE2,TYR,186.0,30.51,44.205,20.47,0.115,1.3582,0.0
ATOM,2879.0,HH,TYR,186.0,29.703,44.504,22.657,0.43,0.2245,0.4
ATOM,2880.0,N,PRO,187.0,29.388,49.295,19.147,-0.29,1.85,0.0
ATOM,2881.0,CA,PRO,187.0,28.602,48.153,18.668,0.02,2.275,0.0
ATOM,2882.0,C,PRO,187.0,27.486,48.54,17.696,0.51,2.0,0.0
ATOM,2883.0,O,PRO,187.0,26.441,47.895,17.669,-0.51,1.7,0.11
ATOM,2884.0,CB,PRO,187.0,28.036,47.594,19.959,-0.18,2.175,0.0
ATOM,2885.0,CG,PRO,187.0,27.628,48.874,20.664,-0.18,2.175,6.46
ATOM,2886.0,CD,PRO,187.0,28.809,49.822,20.4,0.0,2.175,13.85
ATOM,2887.0,HA,PRO,187.0,29.211,47.454,18.248,0.09,1.32,0.0
ATOM,2888.0,HB2,PRO,187.0,27.246,47.026,19.793,0.09,1.32,0.0
ATOM,2889.0,HB3,PRO,187.0,28.724,47.118,20.481,0.09,1.32,0.0
ATOM,2890.0,HG2,PRO,187.0,26.795,49.239,20.27,0.09,1.32,5.11
ATOM,2891.0,HG3,PRO,187.0,27.52,48.716,21.636,0.09,1.32,1.92
ATOM,2892.0,HD2,PRO,187.0,28.49,50.756,20.279,0.09,1.32,9.36
ATOM,2893.0,HD3,PRO,187.0,29.469,49.778,21.144,0.09,1.32,4.04
ATOM,2894.0,N,SER,188.0,27.71,49.583,16.901,-0.47,1.85,0.0
ATOM,2895.0,CA,SER,188.0,26.704,50.056,15.948,0.07,2.275,1.12
ATOM,2896.0,C,SER,188.0,26.449,49.088,14.799,0.51,2.0,0.0
ATOM,2897.0,O,SER,188.0,27.221,48.156,14.562,-0.51,1.7,0.0
ATOM,2898.0,CB,SER,188.0,27.132,51.4,15.351,0.05,2.175,5.03
ATOM,2899.0,OG,SER,188.0,27.479,52.326,16.364,-0.66,1.77,19.61
ATOM,2900.0,H,SER,188.0,28.642,50.025,17.012,0.31,0.2245,0.0
ATOM,2901.0,HA,SER,188.0,25.83,50.175,16.454,0.09,1.32,7.82
ATOM,2902.0,HB2,SER,188.0,27.921,51.251,14.762,0.09,1.32,0.0
ATOM,2903.0,HB3,SER,188.0,26.374,51.769,14.819,0.09,1.32,5.09
ATOM,2904.0,HG,SER,188.0,28.17,52.958,16.016,0.43,0.2245,8.82
ATOM,2905.0,N,ARG,189.0,25.357,49.318,14.081,-0.47,1.85,0.65
ATOM,2906.0,CA,ARG,189.0,25.046,48.488,12.932,0.07,2.275,0.0
ATOM,2907.0,C,ARG,189.0,26.121,48.873,11.927,0.51,2.0,0.0
ATOM,2908.0,O,ARG,189.0,26.746,49.925,12.056,-0.51,1.7,0.33
ATOM,2909.0,CB,ARG,189.0,23.665,48.828,12.358,-0.18,2.175,0.03
ATOM,2910.0,CG,ARG,189.0,23.639,50.062,11.452,-0.18,2.175,2.89
ATOM,2911.0,CD,ARG,189.0,22.277,50.243,10.767,0.2,2.175,1.92
ATOM,2912.0,NE,ARG,189.0,22.221,51.454,9.947,-0.7,1.85,1.66
ATOM,2913.0,CZ,ARG,189.0,22.629,51.535,8.681,0.64,2.0,0.0
ATOM,2914.0,NH1,ARG,189.0,23.125,50.473,8.062,-0.8,1.85,0.0
ATOM,2915.0,NH2,ARG,189.0,22.545,52.69,8.031,-0.8,1.85,3.78
ATOM,2916.0,H,ARG,189.0,24.775,50.107,14.401,0.31,0.2245,6.73
ATOM,2917.0,HA,ARG,189.0,25.157,47.545,13.17,0.09,1.32,0.0
ATOM,2918.0,HB2,ARG,189.0,23.349,48.05,11.823,0.09,1.32,0.0
ATOM,2919.0,HB3,ARG,189.0,23.043,48.995,13.118,0.09,1.32,1.8
ATOM,2920.0,HG2,ARG,189.0,23.82,50.876,11.996,0.09,1.32,6.71
ATOM,2921.0,HG3,ARG,189.0,24.329,49.965,10.74,0.09,1.32,0.0
ATOM,2922.0,HD2,ARG,189.0,22.118,49.445,10.192,0.09,1.32,0.0
ATOM,2923.0,HD3,ARG,189.0,21.583,50.293,11.481,0.09,1.32,0.96
ATOM,2924.0,HE,ARG,189.0,21.846,52.29,10.372,0.44,0.2245,10.68
ATOM,2925.0,HH11,ARG,189.0,23.183,49.591,8.526,0.46,0.2245,0.0
ATOM,2926.0,HH12,ARG,189.0,23.447,50.554,7.112,0.46,0.2245,0.0
ATOM,2927.0,HH21,ARG,189.0,22.156,53.491,8.492,0.46,0.2245,14.59
ATOM,2928.0,HH22,ARG,189.0,22.866,52.762,7.089,0.46,0.2245,0.0
ATOM,2929.0,N,GLY,190.0,26.352,48.025,10.937,-0.47,1.85,0.0
ATOM,2930.0,CA,GLY,190.0,27.346,48.358,9.94,-0.02,2.175,0.23
ATOM,2931.0,C,GLY,190.0,26.679,49.092,8.793,0.51,2.0,0.0
ATOM,2932.0,O,GLY,190.0,25.456,49.117,8.702,-0.51,1.7,0.0
ATOM,2933.0,H,GLY,190.0,25.796,47.165,10.943,0.31,0.2245,0.0
ATOM,2934.0,HA2,GLY,190.0,28.051,48.944,10.345,0.09,1.32,0.0
ATOM,2935.0,HA3,GLY,190.0,27.775,47.521,9.595,0.09,1.32,0.0
ATOM,2936.0,N,LYS,191.0,27.472,49.71,7.929,-0.47,1.85,0.0
ATOM,2937.0,CA,LYS,191.0,26.937,50.401,6.761,0.07,2.275,0.0
ATOM,2938.0,C,LYS,191.0,27.467,49.674,5.542,0.51,2.0,0.0
ATOM,2939.0,O,LYS,191.0,28.645,49.326,5.491,-0.51,1.7,0.0
ATOM,2940.0,CB,LYS,191.0,27.41,51.855,6.692,-0.18,2.175,0.0
ATOM,2941.0,CG,LYS,191.0,26.55,52.849,7.444,-0.18,2.175,0.04
ATOM,2942.0,CD,LYS,191.0,27.174,54.231,7.389,-0.18,2.175,0.0
ATOM,2943.0,CE,LYS,191.0,26.491,55.181,8.357,0.21,2.175,9.51
ATOM,2944.0,NZ,LYS,191.0,27.242,56.461,8.499,-0.3,1.85,6.94
ATOM,2945.0,H,LYS,191.0,28.485,49.661,8.15,0.31,0.2245,0.0
ATOM,2946.0,HA,LYS,191.0,25.947,50.339,6.772,0.09,1.32,0.0
ATOM,2947.0,HB2,LYS,191.0,28.341,51.896,7.065,0.09,1.32,0.0
ATOM,2948.0,HB3,LYS,191.0,27.437,52.126,5.725,0.09,1.32,0.0
ATOM,2949.0,HG2,LYS,191.0,25.647,52.885,7.025,0.09,1.32,0.0
ATOM,2950.0,HG3,LYS,191.0,26.475,52.566,8.396,0.09,1.32,0.12
ATOM,2951.0,HD2,LYS,191.0,28.134,54.162,7.637,0.09,1.32,0.0
ATOM,2952.0,HD3,LYS,191.0,27.078,54.593,6.468,0.09,1.32,0.0
ATOM,2953.0,HE2,LYS,191.0,25.566,55.379,8.022,0.05,1.32,1.56
ATOM,2954.0,HE3,LYS,191.0,26.423,54.739,9.256,0.05,1.32,4.01
ATOM,2955.0,HZ1,LYS,191.0,28.19,56.321,8.215,0.33,0.2245,0.0
ATOM,2956.0,HZ2,LYS,191.0,26.818,57.158,7.922,0.33,0.2245,2.61
ATOM,2957.0,HZ3,LYS,191.0,27.217,56.754,9.454,0.33,0.2245,10.63
ATOM,2958.0,N,PHE,192.0,26.598,49.44,4.568,-0.47,1.85,0.0
ATOM,2959.0,CA,PHE,192.0,27.011,48.785,3.34,0.07,2.275,0.0
ATOM,2960.0,C,PHE,192.0,28.075,49.641,2.655,0.51,2.0,0.0
ATOM,2961.0,O,PHE,192.0,28.058,50.867,2.745,-0.51,1.7,0.0
ATOM,2962.0,CB,PHE,192.0,25.792,48.57,2.445,-0.18,2.175,0.0
ATOM,2963.0,CG,PHE,192.0,24.87,47.501,2.96,0.0,1.9924,0.0
ATOM,2964.0,CD1,PHE,192.0,25.162,46.155,2.753,-0.115,1.9924,0.0
ATOM,2965.0,CD2,PHE,192.0,23.749,47.832,3.709,-0.115,1.9924,0.0
ATOM,2966.0,CE1,PHE,192.0,24.35,45.152,3.284,-0.115,1.9924,0.0
ATOM,2967.0,CE2,PHE,192.0,22.929,46.836,4.248,-0.115,1.9924,0.0
ATOM,2968.0,CZ,PHE,192.0,23.233,45.49,4.033,-0.115,1.9924,0.0
ATOM,2969.0,H,PHE,192.0,25.631,49.756,4.756,0.31,0.2245,0.0
ATOM,2970.0,HA,PHE,192.0,27.455,47.927,3.595,0.09,1.32,0.0
ATOM,2971.0,HB2,PHE,192.0,25.289,49.416,2.409,0.09,1.32,0.0
ATOM,2972.0,HB3,PHE,192.0,26.113,48.294,1.556,0.09,1.32,0.0
ATOM,2973.0,HD1,PHE,192.0,25.963,45.898,2.219,0.115,1.3582,0.0
ATOM,2974.0,HD2,PHE,192.0,23.522,48.792,3.868,0.115,1.3582,0.0
ATOM,2975.0,HE1,PHE,192.0,24.583,44.188,3.117,0.115,1.3582,0.0
ATOM,2976.0,HE2,PHE,192.0,22.118,47.096,4.79,0.115,1.3582,0.0
ATOM,2977.0,HZ,PHE,192.0,22.651,44.778,4.416,0.115,1.3582,0.0
ATOM,2978.0,N,GLN,193.0,29.009,48.971,1.983,-0.47,1.85,0.0
ATOM,2979.0,CA,GLN,193.0,30.127,49.624,1.332,0.07,2.275,0.0
ATOM,2980.0,C,GLN,193.0,30.173,49.374,-0.174,0.51,2.0,0.0
ATOM,2981.0,O,GLN,193.0,31.194,48.933,-0.702,-0.51,1.7,0.65
ATOM,2982.0,CB,GLN,193.0,31.426,49.117,1.962,-0.18,2.175,0.0
ATOM,2983.0,CG,GLN,193.0,31.484,49.23,3.478,-0.18,2.175,0.0
ATOM,2984.0,CD,GLN,193.0,31.62,50.662,3.943,0.55,2.0,0.0
ATOM,2985.0,H,GLN,193.0,28.862,47.934,1.968,0.31,0.2245,0.0
ATOM,2986.0,HA,GLN,193.0,30.032,50.626,1.471,0.09,1.32,0.0
ATOM,2987.0,HB2,GLN,193.0,31.545,48.15,1.717,0.09,1.32,0.0
ATOM,2988.0,HB3,GLN,193.0,32.194,49.643,1.581,0.09,1.32,0.0
ATOM,2989.0,HG2,GLN,193.0,30.644,48.847,3.859,0.09,1.32,0.0
ATOM,2990.0,HG3,GLN,193.0,32.27,48.709,3.807,0.09,1.32,0.0
ATOM,2991.0,OE1,GLN,193.0,32.416,51.421,3.392,-0.55,1.7,1.71
ATOM,2992.0,NE2,GLN,193.0,30.857,51.035,4.966,-0.62,1.85,0.0
ATOM,2993.0,HE21,GLN,193.0,30.905,51.977,5.341,0.32,0.2245,0.1
ATOM,2994.0,HE22,GLN,193.0,30.216,50.353,5.372,0.3,0.2245,0.0
ATOM,2995.0,N,ALA,194.0,29.073,49.648,-0.862,-0.47,1.85,0.0
ATOM,2996.0,CA,ALA,194.0,29.024,49.443,-2.304,0.07,2.275,0.07
ATOM,2997.0,C,ALA,194.0,28.395,50.66,-2.954,0.51,2.0,0.0
ATOM,2998.0,O,ALA,194.0,27.502,50.526,-3.793,-0.51,1.7,0.0
ATOM,2999.0,CB,ALA,194.0,28.211,48.194,-2.627,-0.27,2.06,0.0
ATOM,3000.0,H,ALA,194.0,28.281,50.007,-0.305,0.31,0.2245,0.0
ATOM,3001.0,HA,ALA,194.0,29.958,49.339,-2.648,0.09,1.32,0.35
ATOM,3002.0,HB1,ALA,194.0,27.583,48.391,-3.379,0.09,1.32,0.0
ATOM,3003.0,HB2,ALA,194.0,28.828,47.455,-2.893,0.09,1.32,1.38
ATOM,3004.0,HB3,ALA,194.0,27.689,47.919,-1.821,0.09,1.32,0.0
ATOM,3005.0,N,TYR,195.0,28.859,51.848,-2.576,-0.47,1.85,0.0
ATOM,3006.0,CA,TYR,195.0,28.281,53.066,-3.127,0.07,2.275,0.0
ATOM,3007.0,C,TYR,195.0,29.127,53.907,-4.067,0.51,2.0,0.0
ATOM,3008.0,O,TYR,195.0,28.784,55.053,-4.365,-0.51,1.7,1.85
ATOM,3009.0,CB,TYR,195.0,27.716,53.919,-1.997,-0.18,2.175,2.41
ATOM,3010.0,CG,TYR,195.0,26.597,53.194,-1.305,0.0,1.9924,0.0
ATOM,3011.0,CD1,TYR,195.0,26.851,52.353,-0.223,-0.115,1.9924,0.0
ATOM,3012.0,CD2,TYR,195.0,25.298,53.257,-1.8,-0.115,1.9924,5.46
ATOM,3013.0,CE1,TYR,195.0,25.844,51.591,0.339,-0.115,1.9924,0.0
ATOM,3014.0,CE2,TYR,195.0,24.283,52.502,-1.248,-0.115,1.9924,3.54
ATOM,3015.0,CZ,TYR,195.0,24.561,51.667,-0.179,0.11,1.9924,0.0
ATOM,3016.0,OH,TYR,195.0,23.556,50.899,0.357,-0.54,1.77,0.0
ATOM,3017.0,H,TYR,195.0,29.626,51.828,-1.892,0.31,0.2245,0.0
ATOM,3018.0,HA,TYR,195.0,27.417,52.798,-3.638,0.09,1.32,0.0
ATOM,3019.0,HB2,TYR,195.0,28.433,54.089,-1.345,0.09,1.32,0.0
ATOM,3020.0,HB3,TYR,195.0,27.36,54.752,-2.382,0.09,1.32,4.42
ATOM,3021.0,HD1,TYR,195.0,27.779,52.301,0.152,0.115,1.3582,0.0
ATOM,3022.0,HD2,TYR,195.0,25.099,53.864,-2.571,0.115,1.3582,3.42
ATOM,3023.0,HE1,TYR,195.0,26.037,50.989,1.115,0.115,1.3582,0.0
ATOM,3024.0,HE2,TYR,195.0,23.355,52.555,-1.614,0.115,1.3582,2.22
ATOM,3025.0,HH,TYR,195.0,22.673,51.274,0.081,0.43,0.2245,0.0
ATOM,3026.0,N,THR,196.0,30.232,53.342,-4.534,-0.47,1.85,0.0
ATOM,3027.0,CA,THR,196.0,31.067,54.03,-5.5,0.07,2.275,0.0
ATOM,3028.0,C,THR,196.0,30.338,53.802,-6.825,0.51,2.0,0.0
ATOM,3029.0,O,THR,196.0,29.516,52.88,-6.94,-0.51,1.7,0.0
ATOM,3030.0,CB,THR,196.0,32.46,53.398,-5.589,0.14,2.275,0.0
ATOM,3031.0,OG1,THR,196.0,32.328,51.971,-5.591,-0.66,1.77,0.26
ATOM,3032.0,CG2,THR,196.0,33.342,53.852,-4.418,-0.27,2.06,0.0
ATOM,3033.0,H,THR,196.0,30.437,52.4,-4.16,0.31,0.2245,0.0
ATOM,3034.0,HA,THR,196.0,31.062,54.99,-5.307,0.09,1.32,0.0
ATOM,3035.0,HB,THR,196.0,32.896,53.677,-6.467,0.09,1.32,0.0
ATOM,3036.0,HG21,THR,196.0,34.175,54.276,-4.773,0.09,1.32,0.0
ATOM,3037.0,HG22,THR,196.0,32.841,54.515,-3.861,0.09,1.32,0.0
ATOM,3038.0,HG23,THR,196.0,33.584,53.06,-3.856,0.09,1.32,0.0
ATOM,3039.0,HG1,THR,196.0,33.152,51.544,-5.977,0.43,0.2245,0.0
ATOM,3040.0,N,GLU,197.0,30.619,54.631,-7.827,-0.47,1.85,0.23
ATOM,3041.0,CA,GLU,197.0,29.958,54.463,-9.106,0.07,2.275,0.0
ATOM,3042.0,C,GLU,197.0,30.274,53.096,-9.68,0.51,2.0,0.24
ATOM,3043.0,O,GLU,197.0,29.422,52.462,-10.305,-0.51,1.7,1.66
ATOM,3044.0,CB,GLU,197.0,30.401,55.55,-10.091,-0.18,2.175,13.1
ATOM,3045.0,CG,GLU,197.0,29.801,56.902,-9.787,-0.28,2.175,20.31
ATOM,3046.0,CD,GLU,197.0,28.319,56.808,-9.489,0.62,2.0,3.01
ATOM,3047.0,OE1,GLU,197.0,27.585,56.166,-10.278,-0.76,1.7,23.04
ATOM,3048.0,OE2,GLU,197.0,27.887,57.376,-8.464,-0.76,1.7,19.25
ATOM,3049.0,H,GLU,197.0,31.31,55.36,-7.619,0.31,0.2245,0.16
ATOM,3050.0,HA,GLU,197.0,28.964,54.558,-8.992,0.09,1.32,0.0
ATOM,3051.0,HB2,GLU,197.0,31.376,55.629,-10.025,0.09,1.32,1.15
ATOM,3052.0,HB3,GLU,197.0,30.103,55.279,-10.985,0.09,1.32,8.07
ATOM,3053.0,HG2,GLU,197.0,30.24,57.266,-8.99,0.09,1.32,3.66
ATOM,3054.0,HG3,GLU,197.0,29.908,57.477,-10.574,0.09,1.32,10.59
ATOM,3055.0,N,PHE,198.0,31.501,52.64,-9.452,-0.47,1.85,0.27
ATOM,3056.0,CA,PHE,198.0,31.921,51.348,-9.97,0.07,2.275,1.69
ATOM,3057.0,C,PHE,198.0,31.082,50.221,-9.381,0.51,2.0,0.0
ATOM,3058.0,O,PHE,198.0,30.609,49.349,-10.102,-0.51,1.7,0.0
ATOM,3059.0,CB,PHE,198.0,33.393,51.108,-9.657,-0.18,2.175,0.04
ATOM,3060.0,CG,PHE,198.0,34.002,49.996,-10.455,0.0,1.9924,0.0
ATOM,3061.0,CD1,PHE,198.0,34.193,50.135,-11.821,-0.115,1.9924,1.28
ATOM,3062.0,CD2,PHE,198.0,34.379,48.809,-9.842,-0.115,1.9924,0.0
ATOM,3063.0,CE1,PHE,198.0,34.751,49.106,-12.566,-0.115,1.9924,6.27
ATOM,3064.0,CE2,PHE,198.0,34.938,47.772,-10.576,-0.115,1.9924,0.0
ATOM,3065.0,CZ,PHE,198.0,35.125,47.919,-11.938,-0.115,1.9924,4.56
ATOM,3066.0,H,PHE,198.0,32.106,53.264,-8.894,0.31,0.2245,0.0
ATOM,3067.0,HA,PHE,198.0,31.742,51.354,-10.961,0.09,1.32,1.41
ATOM,3068.0,HB2,PHE,198.0,33.887,51.939,-9.862,0.09,1.32,0.0
ATOM,3069.0,HB3,PHE,198.0,33.466,50.874,-8.699,0.09,1.32,0.0
ATOM,3070.0,HD1,PHE,198.0,33.93,50.98,-12.277,0.115,1.3582,8.37
ATOM,3071.0,HD2,PHE,198.0,34.246,48.699,-8.855,0.115,1.3582,0.0
ATOM,3072.0,HE1,PHE,198.0,34.882,49.22,-13.556,0.115,1.3582,16.88
ATOM,3073.0,HE2,PHE,198.0,35.204,46.914,-10.109,0.115,1.3582,0.0
ATOM,3074.0,HZ,PHE,198.0,35.527,47.181,-12.479,0.115,1.3582,11.85
ATOM,3075.0,N,ALA,199.0,30.895,50.249,-8.065,-0.47,1.85,0.0
ATOM,3076.0,CA,ALA,199.0,30.119,49.219,-7.384,0.07,2.275,0.0
ATOM,3077.0,C,ALA,199.0,28.677,49.208,-7.873,0.51,2.0,0.0
ATOM,3078.0,O,ALA,199.0,28.1,48.148,-8.106,-0.51,1.7,0.0
ATOM,3079.0,CB,ALA,199.0,30.16,49.441,-5.875,-0.27,2.06,0.0
ATOM,3080.0,H,ALA,199.0,31.339,51.049,-7.577,0.31,0.2245,0.0
ATOM,3081.0,HA,ALA,199.0,30.531,48.32,-7.579,0.09,1.32,0.0
ATOM,3082.0,HB1,ALA,199.0,30.979,49.011,-5.498,0.09,1.32,0.0
ATOM,3083.0,HB2,ALA,199.0,30.18,50.421,-5.684,0.09,1.32,0.0
ATOM,3084.0,HB3,ALA,199.0,29.348,49.036,-5.457,0.09,1.32,0.0
ATOM,3085.0,N,LYS,200.0,28.096,50.394,-8.023,-0.47,1.85,0.0
ATOM,3086.0,CA,LYS,200.0,26.718,50.499,-8.474,0.07,2.275,0.0
ATOM,3087.0,C,LYS,200.0,26.514,49.877,-9.855,0.51,2.0,0.0
ATOM,3088.0,O,LYS,200.0,25.573,49.113,-10.067,-0.51,1.7,0.0
ATOM,3089.0,CB,LYS,200.0,26.285,51.963,-8.504,-0.18,2.175,0.0
ATOM,3090.0,CG,LYS,200.0,26.149,52.609,-7.146,-0.18,2.175,0.0
ATOM,3091.0,CD,LYS,200.0,25.775,54.065,-7.321,-0.18,2.175,1.27
ATOM,3092.0,CE,LYS,200.0,25.665,54.789,-6.001,0.21,2.175,0.81
ATOM,3093.0,NZ,LYS,200.0,25.311,56.207,-6.243,-0.3,1.85,11.11
ATOM,3094.0,H,LYS,200.0,28.693,51.207,-7.797,0.31,0.2245,0.0
ATOM,3095.0,HA,LYS,200.0,26.118,50.018,-7.815,0.09,1.32,0.0
ATOM,3096.0,HB2,LYS,200.0,26.964,52.476,-9.034,0.09,1.32,0.0
ATOM,3097.0,HB3,LYS,200.0,25.399,52.014,-8.971,0.09,1.32,0.0
ATOM,3098.0,HG2,LYS,200.0,25.433,52.15,-6.633,0.09,1.32,0.0
ATOM,3099.0,HG3,LYS,200.0,27.015,52.552,-6.665,0.09,1.32,0.0
ATOM,3100.0,HD2,LYS,200.0,26.476,54.514,-7.875,0.09,1.32,0.0
ATOM,3101.0,HD3,LYS,200.0,24.894,54.118,-7.79,0.09,1.32,0.28
ATOM,3102.0,HE2,LYS,200.0,24.955,54.361,-5.45,0.05,1.32,1.89
ATOM,3103.0,HE3,LYS,200.0,26.54,54.743,-5.527,0.05,1.32,0.0
ATOM,3104.0,HZ1,LYS,200.0,26.141,56.766,-6.235,0.33,0.2245,6.94
ATOM,3105.0,HZ2,LYS,200.0,24.861,56.293,-7.133,0.33,0.2245,10.84
ATOM,3106.0,HZ3,LYS,200.0,24.69,56.525,-5.525,0.33,0.2245,19.85
ATOM,3107.0,N,SER,201.0,27.391,50.204,-10.798,-0.47,1.85,0.0
ATOM,3108.0,CA,SER,201.0,27.26,49.655,-12.138,0.07,2.275,0.0
ATOM,3109.0,C,SER,201.0,27.526,48.15,-12.146,0.51,2.0,0.0
ATOM,3110.0,O,SER,201.0,26.893,47.41,-12.899,-0.51,1.7,0.0
ATOM,3111.0,CB,SER,201.0,28.21,50.366,-13.105,0.05,2.175,17.15
ATOM,3112.0,OG,SER,201.0,29.551,50.212,-12.702,-0.66,1.77,8.76
ATOM,3113.0,H,SER,201.0,28.136,50.851,-10.507,0.31,0.2245,0.0
ATOM,3114.0,HA,SER,201.0,26.312,49.8,-12.447,0.09,1.32,0.0
ATOM,3115.0,HB2,SER,201.0,28.092,49.974,-14.013,0.09,1.32,2.73
ATOM,3116.0,HB3,SER,201.0,27.981,51.336,-13.12,0.09,1.32,4.81
ATOM,3117.0,HG,SER,201.0,29.584,49.889,-11.756,0.43,0.2245,0.0
ATOM,3118.0,N,LYS,202.0,28.452,47.693,-11.309,-0.47,1.85,0.0
ATOM,3119.0,CA,LYS,202.0,28.751,46.264,-11.257,0.07,2.275,0.0
ATOM,3120.0,C,LYS,202.0,27.523,45.496,-10.789,0.51,2.0,0.0
ATOM,3121.0,O,LYS,202.0,27.213,44.435,-11.323,-0.51,1.7,1.78
ATOM,3122.0,CB,LYS,202.0,29.92,45.977,-10.315,-0.18,2.175,0.0
ATOM,3123.0,CG,LYS,202.0,31.213,46.663,-10.707,-0.18,2.175,0.0
ATOM,3124.0,CD,LYS,202.0,31.613,46.359,-12.139,-0.18,2.175,2.79
ATOM,3125.0,CE,LYS,202.0,31.922,44.89,-12.337,0.21,2.175,11.41
ATOM,3126.0,NZ,LYS,202.0,32.581,44.663,-13.655,-0.3,1.85,12.14
ATOM,3127.0,H,LYS,202.0,28.917,48.401,-10.729,0.31,0.2245,0.0
ATOM,3128.0,HA,LYS,202.0,28.998,45.95,-12.177,0.09,1.32,0.0
ATOM,3129.0,HB2,LYS,202.0,29.664,46.284,-9.4,0.09,1.32,0.0
ATOM,3130.0,HB3,LYS,202.0,30.076,44.99,-10.305,0.09,1.32,0.73
ATOM,3131.0,HG2,LYS,202.0,31.101,47.656,-10.607,0.09,1.32,0.0
ATOM,3132.0,HG3,LYS,202.0,31.947,46.357,-10.094,0.09,1.32,0.0
ATOM,3133.0,HD2,LYS,202.0,30.861,46.612,-12.744,0.09,1.32,0.0
ATOM,3134.0,HD3,LYS,202.0,32.426,46.89,-12.367,0.09,1.32,0.0
ATOM,3135.0,HE2,LYS,202.0,32.533,44.582,-11.609,0.05,1.32,2.66
ATOM,3136.0,HE3,LYS,202.0,31.071,44.367,-12.303,0.05,1.32,4.39
ATOM,3137.0,HZ1,LYS,202.0,33.23,43.908,-13.574,0.33,0.2245,20.69
ATOM,3138.0,HZ2,LYS,202.0,31.886,44.438,-14.337,0.33,0.2245,11.0
ATOM,3139.0,HZ3,LYS,202.0,33.065,45.493,-13.93,0.33,0.2245,9.16
ATOM,3140.0,N,PHE,203.0,26.825,46.03,-9.789,-0.47,1.85,0.0
ATOM,3141.0,CA,PHE,203.0,25.622,45.376,-9.291,0.07,2.275,0.0
ATOM,3142.0,C,PHE,203.0,24.553,45.429,-10.382,0.51,2.0,0.0
ATOM,3143.0,O,PHE,203.0,23.851,44.447,-10.617,-0.51,1.7,0.0
ATOM,3144.0,CB,PHE,203.0,25.103,46.062,-8.025,-0.18,2.175,0.0
ATOM,3145.0,CG,PHE,203.0,23.8,45.505,-7.525,0.0,1.9924,0.0
ATOM,3146.0,CD1,PHE,203.0,23.676,44.153,-7.207,-0.115,1.9924,0.0
ATOM,3147.0,CD2,PHE,203.0,22.679,46.323,-7.396,-0.115,1.9924,0.0
ATOM,3148.0,CE1,PHE,203.0,22.458,43.627,-6.774,-0.115,1.9924,0.0
ATOM,3149.0,CE2,PHE,203.0,21.461,45.808,-6.965,-0.115,1.9924,0.0
ATOM,3150.0,CZ,PHE,203.0,21.348,44.456,-6.656,-0.115,1.9924,0.0
ATOM,3151.0,H,PHE,203.0,27.199,46.915,-9.414,0.31,0.2245,0.0
ATOM,3152.0,HA,PHE,203.0,25.844,44.414,-9.154,0.09,1.32,0.0
ATOM,3153.0,HB2,PHE,203.0,25.781,45.94,-7.316,0.09,1.32,0.0
ATOM,3154.0,HB3,PHE,203.0,24.967,47.019,-8.234,0.09,1.32,0.0
ATOM,3155.0,HD1,PHE,203.0,24.464,43.551,-7.287,0.115,1.3582,0.0
ATOM,3156.0,HD2,PHE,203.0,22.753,47.297,-7.617,0.115,1.3582,0.0
ATOM,3157.0,HE1,PHE,203.0,22.392,42.649,-6.551,0.115,1.3582,0.0
ATOM,3158.0,HE2,PHE,203.0,20.66,46.42,-6.879,0.115,1.3582,0.0
ATOM,3159.0,HZ,PHE,203.0,20.476,44.08,-6.35,0.115,1.3582,0.0
ATOM,3160.0,N,ARG,204.0,24.438,46.574,-11.046,-0.47,1.85,0.0
ATOM,3161.0,CA,ARG,204.0,23.452,46.728,-12.103,0.07,2.275,0.0
ATOM,3162.0,C,ARG,204.0,23.692,45.702,-13.207,0.51,2.0,0.0
ATOM,3163.0,O,ARG,204.0,22.761,45.024,-13.642,-0.51,1.7,0.0
ATOM,3164.0,CB,ARG,204.0,23.503,48.15,-12.669,-0.18,2.175,0.0
ATOM,3165.0,CG,ARG,204.0,22.505,48.404,-13.783,-0.18,2.175,0.0
ATOM,3166.0,CD,ARG,204.0,22.143,49.882,-13.874,0.2,2.175,2.97
ATOM,3167.0,NE,ARG,204.0,23.307,50.724,-13.672,-0.7,1.85,0.48
ATOM,3168.0,CZ,ARG,204.0,23.464,51.553,-12.644,0.64,2.0,0.0
ATOM,3169.0,NH1,ARG,204.0,22.522,51.661,-11.717,-0.8,1.85,0.01
ATOM,3170.0,NH2,ARG,204.0,24.577,52.257,-12.535,-0.8,1.85,5.86
ATOM,3171.0,H,ARG,204.0,25.091,47.32,-10.753,0.31,0.2245,0.0
ATOM,3172.0,HA,ARG,204.0,22.535,46.577,-11.721,0.09,1.32,0.0
ATOM,3173.0,HB2,ARG,204.0,23.311,48.786,-11.928,0.09,1.32,0.0
ATOM,3174.0,HB3,ARG,204.0,24.417,48.308,-13.029,0.09,1.32,0.0
ATOM,3175.0,HG2,ARG,204.0,22.899,48.129,-14.655,0.09,1.32,0.79
ATOM,3176.0,HG3,ARG,204.0,21.669,47.893,-13.606,0.09,1.32,0.0
ATOM,3177.0,HD2,ARG,204.0,21.762,50.048,-14.777,0.09,1.32,1.74
ATOM,3178.0,HD3,ARG,204.0,21.465,50.073,-13.172,0.09,1.32,0.0
ATOM,3179.0,HE,ARG,204.0,24.049,50.681,-14.355,0.44,0.2245,7.4
ATOM,3180.0,HH11,ARG,204.0,21.692,51.111,-11.763,0.46,0.2245,0.0
ATOM,3181.0,HH12,ARG,204.0,22.645,52.306,-10.955,0.46,0.2245,0.43
ATOM,3182.0,HH21,ARG,204.0,25.308,52.151,-13.214,0.46,0.2245,6.52
ATOM,3183.0,HH22,ARG,204.0,24.697,52.897,-11.775,0.46,0.2245,4.75
ATOM,3184.0,N,LEU,205.0,24.939,45.573,-13.653,-0.47,1.85,0.0
ATOM,3185.0,CA,LEU,205.0,25.282,44.608,-14.694,0.07,2.275,0.81
ATOM,3186.0,C,LEU,205.0,25.046,43.159,-14.237,0.51,2.0,0.19
ATOM,3187.0,O,LEU,205.0,24.61,42.312,-15.016,-0.51,1.7,2.22
ATOM,3188.0,CB,LEU,205.0,26.739,44.798,-15.109,-0.18,2.175,5.47
ATOM,3189.0,CG,LEU,205.0,27.029,45.89,-16.145,-0.09,2.275,4.54
ATOM,3190.0,CD1,LEU,205.0,26.138,47.101,-15.919,-0.27,2.06,12.03
ATOM,3191.0,CD2,LEU,205.0,28.49,46.278,-16.056,-0.27,2.06,21.65
ATOM,3192.0,H,LEU,205.0,25.63,46.204,-13.206,0.31,0.2245,0.0
ATOM,3193.0,HA,LEU,205.0,24.699,44.78,-15.499,0.09,1.32,0.27
ATOM,3194.0,HB2,LEU,205.0,27.265,45.023,-14.289,0.09,1.32,0.0
ATOM,3195.0,HB3,LEU,205.0,27.065,43.935,-15.491,0.09,1.32,8.84
ATOM,3196.0,HG,LEU,205.0,26.863,45.52,-17.06,0.09,1.32,11.68
ATOM,3197.0,HD11,LEU,205.0,26.304,47.473,-15.005,0.09,1.32,0.0
ATOM,3198.0,HD12,LEU,205.0,26.343,47.8,-16.604,0.09,1.32,10.42
ATOM,3199.0,HD13,LEU,205.0,25.178,46.83,-15.998,0.09,1.32,0.0
ATOM,3200.0,HD21,LEU,205.0,29.064,45.478,-16.241,0.09,1.32,7.12
ATOM,3201.0,HD22,LEU,205.0,28.692,46.992,-16.729,0.09,1.32,10.57
ATOM,3202.0,HD23,LEU,205.0,28.693,46.624,-15.138,0.09,1.32,0.0
ATOM,3203.0,N,TRP,206.0,25.326,42.88,-12.969,-0.47,1.85,0.42
ATOM,3204.0,CA,TRP,206.0,25.136,41.54,-12.419,0.07,2.275,3.08
ATOM,3205.0,C,TRP,206.0,23.647,41.188,-12.426,0.51,2.0,0.0
ATOM,3206.0,O,TRP,206.0,23.267,40.074,-12.784,-0.51,1.7,0.45
ATOM,3207.0,CB,TRP,206.0,25.677,41.481,-10.989,-0.18,2.175,0.77
ATOM,3208.0,CG,TRP,206.0,25.543,40.145,-10.333,-0.03,1.9924,0.0
ATOM,3209.0,CD1,TRP,206.0,26.419,39.099,-10.407,0.035,1.9924,11.02
ATOM,3210.0,CD2,TRP,206.0,24.467,39.712,-9.497,-0.02,1.8,0.0
ATOM,3211.0,NE1,TRP,206.0,25.957,38.042,-9.66,-0.61,1.85,9.01
ATOM,3212.0,CE2,TRP,206.0,24.758,38.39,-9.093,0.13,1.8,0.0
ATOM,3213.0,CE3,TRP,206.0,23.283,40.312,-9.049,-0.115,1.9924,0.0
ATOM,3214.0,CZ2,TRP,206.0,23.907,37.657,-8.258,-0.115,1.9924,3.4
ATOM,3215.0,CZ3,TRP,206.0,22.435,39.583,-8.221,-0.115,1.9924,0.0
ATOM,3216.0,CH2,TRP,206.0,22.753,38.267,-7.835,-0.115,1.9924,0.0
ATOM,3217.0,H,TRP,206.0,25.684,43.68,-12.413,0.31,0.2245,0.0
ATOM,3218.0,HA,TRP,206.0,25.601,40.891,-13.022,0.09,1.32,2.39
ATOM,3219.0,HB2,TRP,206.0,26.647,41.709,-11.003,0.09,1.32,2.9
ATOM,3220.0,HB3,TRP,206.0,25.179,42.138,-10.43,0.09,1.32,0.0
ATOM,3221.0,HD1,TRP,206.0,27.271,39.1,-10.927,0.115,1.3582,15.89
ATOM,3222.0,HE1,TRP,206.0,26.418,37.163,-9.547,0.38,0.2245,21.0
ATOM,3223.0,HE3,TRP,206.0,23.047,41.242,-9.313,0.115,1.3582,0.0
ATOM,3224.0,HZ2,TRP,206.0,24.147,36.721,-7.989,0.115,1.3582,2.01
ATOM,3225.0,HZ3,TRP,206.0,21.593,40.001,-7.9,0.115,1.3582,0.0
ATOM,3226.0,HH2,TRP,206.0,22.117,37.777,-7.24,0.115,1.3582,0.0
ATOM,3227.0,N,VAL,207.0,22.808,42.137,-12.025,-0.47,1.85,0.0
ATOM,3228.0,CA,VAL,207.0,21.365,41.916,-12.01,0.07,2.275,0.0
ATOM,3229.0,C,VAL,207.0,20.858,41.673,-13.434,0.51,2.0,0.0
ATOM,3230.0,O,VAL,207.0,20.038,40.785,-13.667,-0.51,1.7,0.0
ATOM,3231.0,CB,VAL,207.0,20.604,43.135,-11.411,-0.09,2.275,0.0
ATOM,3232.0,CG1,VAL,207.0,19.108,42.989,-11.647,-0.27,2.06,0.0
ATOM,3233.0,CG2,VAL,207.0,20.877,43.242,-9.914,-0.27,2.06,0.0
ATOM,3234.0,H,VAL,207.0,23.255,43.024,-11.732,0.31,0.2245,0.0
ATOM,3235.0,HA,VAL,207.0,21.178,41.091,-11.473,0.09,1.32,0.0
ATOM,3236.0,HB,VAL,207.0,20.904,43.942,-11.905,0.09,1.32,0.0
ATOM,3237.0,HG11,VAL,207.0,18.61,43.311,-10.842,0.09,1.32,0.0
ATOM,3238.0,HG12,VAL,207.0,18.841,43.532,-12.443,0.09,1.32,0.0
ATOM,3239.0,HG13,VAL,207.0,18.888,42.028,-11.812,0.09,1.32,0.0
ATOM,3240.0,HG21,VAL,207.0,20.161,43.794,-9.488,0.09,1.32,0.0
ATOM,3241.0,HG22,VAL,207.0,20.88,42.326,-9.515,0.09,1.32,0.0
ATOM,3242.0,HG23,VAL,207.0,21.766,43.675,-9.773,0.09,1.32,0.0
ATOM,3243.0,N,LEU,208.0,21.345,42.468,-14.383,-0.47,1.85,0.0
ATOM,3244.0,CA,LEU,208.0,20.937,42.338,-15.771,0.07,2.275,0.0
ATOM,3245.0,C,LEU,208.0,21.448,41.039,-16.369,0.51,2.0,0.0
ATOM,3246.0,O,LEU,208.0,20.791,40.432,-17.211,-0.51,1.7,1.99
ATOM,3247.0,CB,LEU,208.0,21.457,43.518,-16.591,-0.18,2.175,4.35
ATOM,3248.0,CG,LEU,208.0,20.509,44.691,-16.87,-0.09,2.275,0.82
ATOM,3249.0,CD1,LEU,208.0,19.227,44.555,-16.084,-0.27,2.06,0.0
ATOM,3250.0,CD2,LEU,208.0,21.224,45.994,-16.537,-0.27,2.06,8.42
ATOM,3251.0,H,LEU,208.0,22.029,43.175,-14.048,0.31,0.2245,0.0
ATOM,3252.0,HA,LEU,208.0,19.93,42.333,-15.812,0.09,1.32,0.0
ATOM,3253.0,HB2,LEU,208.0,22.258,43.895,-16.111,0.09,1.32,0.0
ATOM,3254.0,HB3,LEU,208.0,21.757,43.163,-17.483,0.09,1.32,7.21
ATOM,3255.0,HG,LEU,208.0,20.304,44.71,-17.852,0.09,1.32,7.43
ATOM,3256.0,HD11,LEU,208.0,19.43,44.538,-15.103,0.09,1.32,0.0
ATOM,3257.0,HD12,LEU,208.0,18.623,45.33,-16.281,0.09,1.32,0.0
ATOM,3258.0,HD13,LEU,208.0,18.761,43.704,-16.337,0.09,1.32,0.0
ATOM,3259.0,HD21,LEU,208.0,22.044,46.08,-17.104,0.09,1.32,6.5
ATOM,3260.0,HD22,LEU,208.0,20.613,46.766,-16.716,0.09,1.32,0.0
ATOM,3261.0,HD23,LEU,208.0,21.486,45.994,-15.571,0.09,1.32,0.0
ATOM,3262.0,N,ASN,209.0,22.629,40.611,-15.936,-0.47,1.85,0.26
ATOM,3263.0,CA,ASN,209.0,23.178,39.373,-16.451,0.07,2.275,2.72
ATOM,3264.0,C,ASN,209.0,22.322,38.23,-15.944,0.51,2.0,0.0
ATOM,3265.0,O,ASN,209.0,22.035,37.289,-16.679,-0.51,1.7,16.45
ATOM,3266.0,CB,ASN,209.0,24.617,39.175,-15.988,-0.18,2.175,6.09
ATOM,3267.0,CG,ASN,209.0,25.191,37.845,-16.437,0.55,2.0,2.21
ATOM,3268.0,H,ASN,209.0,23.09,41.209,-15.24,0.31,0.2245,0.0
ATOM,3269.0,HA,ASN,209.0,23.083,39.393,-17.444,0.09,1.32,4.5
ATOM,3270.0,HB2,ASN,209.0,25.176,39.906,-16.369,0.09,1.32,7.14
ATOM,3271.0,HB3,ASN,209.0,24.637,39.209,-14.993,0.09,1.32,0.0
ATOM,3272.0,OD1,ASN,209.0,25.628,37.034,-15.619,-0.55,1.7,36.97
ATOM,3273.0,ND2,ASN,209.0,25.188,37.606,-17.744,-0.62,1.85,21.61
ATOM,3274.0,HD22,ASN,209.0,24.823,38.295,-18.374,0.3,0.2245,13.26
ATOM,3275.0,HD21,ASN,209.0,25.548,36.746,-18.099,0.32,0.2245,21.64
ATOM,3276.0,N,LYS,210.0,21.895,38.325,-14.689,-0.47,1.85,0.09
ATOM,3277.0,CA,LYS,210.0,21.081,37.263,-14.108,0.07,2.275,0.92
ATOM,3278.0,C,LYS,210.0,19.692,37.13,-14.718,0.51,2.0,0.0
ATOM,3279.0,O,LYS,210.0,19.249,36.022,-15.004,-0.51,1.7,24.33
ATOM,3280.0,CB,LYS,210.0,20.938,37.453,-12.593,-0.18,2.175,1.83
ATOM,3281.0,CG,LYS,210.0,19.871,36.55,-11.972,-0.18,2.175,2.91
ATOM,3282.0,CD,LYS,210.0,19.973,36.483,-10.46,-0.18,2.175,1.72
ATOM,3283.0,CE,LYS,210.0,18.87,35.606,-9.877,0.21,2.175,9.02
ATOM,3284.0,NZ,LYS,210.0,19.076,35.328,-8.431,-0.3,1.85,3.36
ATOM,3285.0,H,LYS,210.0,22.177,39.177,-14.187,0.31,0.2245,0.0
ATOM,3286.0,HA,LYS,210.0,21.573,36.375,-14.228,0.09,1.32,9.03
ATOM,3287.0,HB2,LYS,210.0,21.81,37.241,-12.168,0.09,1.32,3.86
ATOM,3288.0,HB3,LYS,210.0,20.686,38.398,-12.42,0.09,1.32,0.0
ATOM,3289.0,HG2,LYS,210.0,18.965,36.903,-12.223,0.09,1.32,0.0
ATOM,3290.0,HG3,LYS,210.0,19.973,35.625,-12.348,0.09,1.32,6.57
ATOM,3291.0,HD2,LYS,210.0,20.851,36.092,-10.211,0.09,1.32,3.95
ATOM,3292.0,HD3,LYS,210.0,19.878,37.397,-10.086,0.09,1.32,0.0
ATOM,3293.0,HE2,LYS,210.0,17.988,36.071,-10.002,0.05,1.32,0.0
ATOM,3294.0,HE3,LYS,210.0,18.848,34.737,-10.381,0.05,1.32,10.09
ATOM,3295.0,HZ1,LYS,210.0,20.051,35.192,-8.254,0.33,0.2245,2.26
ATOM,3296.0,HZ2,LYS,210.0,18.744,36.103,-7.893,0.33,0.2245,0.0
ATOM,3297.0,HZ3,LYS,210.0,18.572,34.503,-8.176,0.33,0.2245,18.67
ATOM,3298.0,N,TYR,211.0,19.019,38.259,-14.918,-0.47,1.85,0.0
ATOM,3299.0,CA,TYR,211.0,17.659,38.249,-15.446,0.07,2.275,0.41
ATOM,3300.0,C,TYR,211.0,17.491,38.549,-16.929,0.51,2.0,1.46
ATOM,3301.0,O,TYR,211.0,16.446,38.253,-17.509,-0.51,1.7,9.21
ATOM,3302.0,CB,TYR,211.0,16.802,39.206,-14.617,-0.18,2.175,0.0
ATOM,3303.0,CG,TYR,211.0,16.678,38.746,-13.184,0.0,1.9924,0.0
ATOM,3304.0,CD1,TYR,211.0,16.09,37.518,-12.883,-0.115,1.9924,2.45
ATOM,3305.0,CD2,TYR,211.0,17.169,39.52,-12.133,-0.115,1.9924,0.0
ATOM,3306.0,CE1,TYR,211.0,15.993,37.067,-11.569,-0.115,1.9924,2.15
ATOM,3307.0,CE2,TYR,211.0,17.076,39.079,-10.812,-0.115,1.9924,0.0
ATOM,3308.0,CZ,TYR,211.0,16.487,37.855,-10.54,0.11,1.9924,0.0
ATOM,3309.0,OH,TYR,211.0,16.372,37.418,-9.248,-0.54,1.77,0.97
ATOM,3310.0,H,TYR,211.0,19.533,39.125,-14.672,0.31,0.2245,0.0
ATOM,3311.0,HA,TYR,211.0,17.261,37.313,-15.268,0.09,1.32,2.5
ATOM,3312.0,HB2,TYR,211.0,17.231,40.096,-14.624,0.09,1.32,0.0
ATOM,3313.0,HB3,TYR,211.0,15.897,39.238,-15.014,0.09,1.32,0.0
ATOM,3314.0,HD1,TYR,211.0,15.729,36.948,-13.623,0.115,1.3582,9.75
ATOM,3315.0,HD2,TYR,211.0,17.593,40.4,-12.326,0.115,1.3582,0.0
ATOM,3316.0,HE1,TYR,211.0,15.572,36.183,-11.371,0.115,1.3582,13.23
ATOM,3317.0,HE2,TYR,211.0,17.432,39.644,-10.071,0.115,1.3582,0.0
ATOM,3318.0,HH,TYR,211.0,16.791,38.086,-8.634,0.43,0.2245,0.0
ATOM,3319.0,N,GLY,212.0,18.504,39.139,-17.545,-0.47,1.85,0.58
ATOM,3320.0,CA,GLY,212.0,18.415,39.434,-18.961,-0.02,2.175,17.16
ATOM,3321.0,C,GLY,212.0,17.997,40.854,-19.26,0.51,2.0,0.8
ATOM,3322.0,O,GLY,212.0,18.742,41.597,-19.898,-0.51,1.7,23.11
ATOM,3323.0,H,GLY,212.0,19.318,39.357,-16.956,0.31,0.2245,0.0
ATOM,3324.0,HA2,GLY,212.0,19.319,39.251,-19.399,0.09,1.32,8.95
ATOM,3325.0,HA3,GLY,212.0,17.753,38.79,-19.397,0.09,1.32,7.54
ATOM,3326.0,N,SER,213.0,16.807,41.237,-18.804,-0.47,1.85,0.0
ATOM,3327.0,CA,SER,213.0,16.311,42.586,-19.053,0.07,2.275,0.04
ATOM,3328.0,C,SER,213.0,15.558,43.177,-17.869,0.51,2.0,0.0
ATOM,3329.0,O,SER,213.0,15.145,42.465,-16.947,-0.51,1.7,0.0
ATOM,3330.0,CB,SER,213.0,15.388,42.588,-20.266,0.05,2.175,21.29
ATOM,3331.0,OG,SER,213.0,14.24,41.805,-20.003,-0.66,1.77,6.08
ATOM,3332.0,H,SER,213.0,16.285,40.519,-18.277,0.31,0.2245,0.0
ATOM,3333.0,HA,SER,213.0,17.111,43.183,-19.241,0.09,1.32,2.8
ATOM,3334.0,HB2,SER,213.0,15.108,43.521,-20.457,0.09,1.32,4.91
ATOM,3335.0,HB3,SER,213.0,15.874,42.202,-21.041,0.09,1.32,8.3
ATOM,3336.0,HG,SER,213.0,14.447,40.841,-20.169,0.43,0.2245,8.38
ATOM,3337.0,N,LEU,214.0,15.375,44.494,-17.915,-0.47,1.85,0.0
ATOM,3338.0,CA,LEU,214.0,14.669,45.209,-16.863,0.07,2.275,0.0
ATOM,3339.0,C,LEU,214.0,13.305,44.582,-16.587,0.51,2.0,0.0
ATOM,3340.0,O,LEU,214.0,12.891,44.465,-15.436,-0.51,1.7,0.0
ATOM,3341.0,CB,LEU,214.0,14.489,46.67,-17.26,-0.18,2.175,0.52
ATOM,3342.0,CG,LEU,214.0,13.937,47.592,-16.177,-0.09,2.275,0.19
ATOM,3343.0,CD1,LEU,214.0,14.922,47.656,-15.016,-0.27,2.06,0.0
ATOM,3344.0,CD2,LEU,214.0,13.712,48.978,-16.754,-0.27,2.06,5.45
ATOM,3345.0,H,LEU,214.0,15.775,44.958,-18.756,0.31,0.2245,2.23
ATOM,3346.0,HA,LEU,214.0,15.215,45.162,-16.017,0.09,1.32,0.0
ATOM,3347.0,HB2,LEU,214.0,15.38,47.027,-17.529,0.09,1.32,0.0
ATOM,3348.0,HB3,LEU,214.0,13.859,46.704,-18.03,0.09,1.32,1.61
ATOM,3349.0,HG,LEU,214.0,13.068,47.232,-15.853,0.09,1.32,0.0
ATOM,3350.0,HD11,LEU,214.0,15.798,48.011,-15.342,0.09,1.32,0.0
ATOM,3351.0,HD12,LEU,214.0,14.561,48.26,-14.306,0.09,1.32,0.0
ATOM,3352.0,HD13,LEU,214.0,15.053,46.739,-14.639,0.09,1.32,0.0
ATOM,3353.0,HD21,LEU,214.0,13.057,48.926,-17.51,0.09,1.32,9.11
ATOM,3354.0,HD22,LEU,214.0,13.35,49.584,-16.044,0.09,1.32,0.0
ATOM,3355.0,HD23,LEU,214.0,14.579,49.347,-17.092,0.09,1.32,0.0
ATOM,3356.0,N,ASN,215.0,12.606,44.177,-17.644,-0.47,1.85,0.0
ATOM,3357.0,CA,ASN,215.0,11.295,43.568,-17.484,0.07,2.275,0.81
ATOM,3358.0,C,ASN,215.0,11.369,42.282,-16.69,0.51,2.0,0.0
ATOM,3359.0,O,ASN,215.0,10.485,41.995,-15.887,-0.51,1.7,3.21
ATOM,3360.0,CB,ASN,215.0,10.66,43.291,-18.843,-0.18,2.175,11.06
ATOM,3361.0,CG,ASN,215.0,10.266,44.556,-19.553,0.55,2.0,2.78
ATOM,3362.0,H,ASN,215.0,13.064,44.33,-18.558,0.31,0.2245,0.03
ATOM,3363.0,HA,ASN,215.0,10.729,44.215,-16.952,0.09,1.32,0.74
ATOM,3364.0,HB2,ASN,215.0,11.32,42.799,-19.403,0.09,1.32,1.98
ATOM,3365.0,HB3,ASN,215.0,9.847,42.733,-18.701,0.09,1.32,5.05
ATOM,3366.0,OD1,ASN,215.0,11.118,45.307,-20.038,-0.55,1.7,27.21
ATOM,3367.0,ND2,ASN,215.0,8.966,44.817,-19.605,-0.62,1.85,26.43
ATOM,3368.0,HD22,ASN,215.0,8.309,44.193,-19.182,0.3,0.2245,17.18
ATOM,3369.0,HD21,ASN,215.0,8.639,45.642,-20.069,0.32,0.2245,21.34
ATOM,3370.0,N,GLU,216.0,12.412,41.497,-16.923,-0.47,1.85,0.0
ATOM,3371.0,CA,GLU,216.0,12.572,40.255,-16.184,0.07,2.275,0.0
ATOM,3372.0,C,GLU,216.0,12.952,40.586,-14.746,0.51,2.0,0.0
ATOM,3373.0,O,GLU,216.0,12.584,39.872,-13.812,-0.51,1.7,1.6
ATOM,3374.0,CB,GLU,216.0,13.638,39.374,-16.832,-0.18,2.175,0.24
ATOM,3375.0,CG,GLU,216.0,13.147,38.668,-18.083,-0.28,2.175,11.64
ATOM,3376.0,CD,GLU,216.0,11.796,38.001,-17.869,0.62,2.0,3.49
ATOM,3377.0,OE1,GLU,216.0,10.774,38.723,-17.829,-0.76,1.7,9.49
ATOM,3378.0,OE2,GLU,216.0,11.752,36.76,-17.725,-0.76,1.7,33.38
ATOM,3379.0,H,GLU,216.0,13.068,41.831,-17.642,0.31,0.2245,0.0
ATOM,3380.0,HA,GLU,216.0,11.717,39.739,-16.193,0.09,1.32,0.0
ATOM,3381.0,HB2,GLU,216.0,14.388,39.951,-17.09,0.09,1.32,0.0
ATOM,3382.0,HB3,GLU,216.0,13.895,38.687,-16.182,0.09,1.32,1.66
ATOM,3383.0,HG2,GLU,216.0,13.037,39.334,-18.793,0.09,1.32,1.31
ATOM,3384.0,HG3,GLU,216.0,13.788,37.965,-18.316,0.09,1.32,4.61
ATOM,3385.0,N,VAL,217.0,13.682,41.682,-14.576,-0.47,1.85,0.0
ATOM,3386.0,CA,VAL,217.0,14.078,42.113,-13.249,0.07,2.275,0.0
ATOM,3387.0,C,VAL,217.0,12.808,42.501,-12.5,0.51,2.0,0.0
ATOM,3388.0,O,VAL,217.0,12.502,41.94,-11.446,-0.51,1.7,0.0
ATOM,3389.0,CB,VAL,217.0,15.033,43.329,-13.314,-0.09,2.275,0.0
ATOM,3390.0,CG1,VAL,217.0,15.291,43.874,-11.913,-0.27,2.06,0.0
ATOM,3391.0,CG2,VAL,217.0,16.344,42.917,-13.967,-0.27,2.06,0.0
ATOM,3392.0,H,VAL,217.0,13.933,42.182,-15.446,0.31,0.2245,0.0
ATOM,3393.0,HA,VAL,217.0,14.49,41.343,-12.775,0.09,1.32,0.0
ATOM,3394.0,HB,VAL,217.0,14.573,44.045,-13.825,0.09,1.32,0.0
ATOM,3395.0,HG11,VAL,217.0,15.567,43.126,-11.311,0.09,1.32,0.0
ATOM,3396.0,HG12,VAL,217.0,16.019,44.558,-11.951,0.09,1.32,0.0
ATOM,3397.0,HG13,VAL,217.0,14.456,44.295,-11.561,0.09,1.32,0.0
ATOM,3398.0,HG21,VAL,217.0,16.844,42.311,-13.349,0.09,1.32,0.0
ATOM,3399.0,HG22,VAL,217.0,16.15,42.439,-14.824,0.09,1.32,0.0
ATOM,3400.0,HG23,VAL,217.0,16.891,43.733,-14.153,0.09,1.32,0.0
ATOM,3401.0,N,ASN,218.0,12.059,43.45,-13.057,-0.47,1.85,0.0
ATOM,3402.0,CA,ASN,218.0,10.828,43.9,-12.424,0.07,2.275,0.0
ATOM,3403.0,C,ASN,218.0,9.901,42.746,-12.135,0.51,2.0,0.12
ATOM,3404.0,O,ASN,218.0,9.161,42.772,-11.161,-0.51,1.7,2.17
ATOM,3405.0,CB,ASN,218.0,10.102,44.922,-13.297,-0.18,2.175,7.24
ATOM,3406.0,CG,ASN,218.0,10.654,46.309,-13.126,0.55,2.0,0.0
ATOM,3407.0,H,ASN,218.0,12.419,43.825,-13.95,0.31,0.2245,0.0
ATOM,3408.0,HA,ASN,218.0,11.084,44.31,-11.537,0.09,1.32,0.0
ATOM,3409.0,HB2,ASN,218.0,10.204,44.648,-14.249,0.09,1.32,0.0
ATOM,3410.0,HB3,ASN,218.0,9.139,44.922,-13.041,0.09,1.32,1.77
ATOM,3411.0,OD1,ASN,218.0,11.002,46.706,-12.016,-0.55,1.7,0.0
ATOM,3412.0,ND2,ASN,218.0,10.729,47.064,-14.22,-0.62,1.85,4.53
ATOM,3413.0,HD22,ASN,218.0,10.417,46.694,-15.097,0.3,0.2245,7.57
ATOM,3414.0,HD21,ASN,218.0,11.092,47.991,-14.166,0.32,0.2245,0.0
ATOM,3415.0,N,LYS,219.0,9.949,41.726,-12.981,-0.47,1.85,0.22
ATOM,3416.0,CA,LYS,219.0,9.096,40.566,-12.803,0.07,2.275,2.35
ATOM,3417.0,C,LYS,219.0,9.568,39.74,-11.603,0.51,2.0,0.06
ATOM,3418.0,O,LYS,219.0,8.76,39.291,-10.79,-0.51,1.7,18.03
ATOM,3419.0,CB,LYS,219.0,9.103,39.72,-14.082,-0.18,2.175,1.34
ATOM,3420.0,CG,LYS,219.0,7.855,38.869,-14.28,-0.18,2.175,9.9
ATOM,3421.0,CD,LYS,219.0,7.643,38.506,-15.752,-0.18,2.175,18.14
ATOM,3422.0,CE,LYS,219.0,8.569,37.39,-16.216,0.21,2.175,3.09
ATOM,3423.0,NZ,LYS,219.0,8.204,36.075,-15.611,-0.3,1.85,13.1
ATOM,3424.0,H,LYS,219.0,10.629,41.829,-13.755,0.31,0.2245,0.0
ATOM,3425.0,HA,LYS,219.0,8.154,40.87,-12.628,0.09,1.32,6.34
ATOM,3426.0,HB2,LYS,219.0,9.188,40.337,-14.862,0.09,1.32,0.0
ATOM,3427.0,HB3,LYS,219.0,9.896,39.112,-14.048,0.09,1.32,1.18
ATOM,3428.0,HG2,LYS,219.0,7.948,38.024,-13.753,0.09,1.32,4.32
ATOM,3429.0,HG3,LYS,219.0,7.057,39.377,-13.958,0.09,1.32,9.08
ATOM,3430.0,HD2,LYS,219.0,6.699,38.208,-15.873,0.09,1.32,10.81
ATOM,3431.0,HD3,LYS,219.0,7.817,39.316,-16.308,0.09,1.32,5.49
ATOM,3432.0,HE2,LYS,219.0,8.515,37.317,-17.215,0.05,1.32,8.42
ATOM,3433.0,HE3,LYS,219.0,9.511,37.62,-15.957,0.05,1.32,0.72
ATOM,3434.0,HZ1,LYS,219.0,9.027,35.64,-15.248,0.33,0.2245,18.1
ATOM,3435.0,HZ2,LYS,219.0,7.548,36.223,-14.873,0.33,0.2245,11.23
ATOM,3436.0,HZ3,LYS,219.0,7.796,35.492,-16.312,0.33,0.2245,20.53
ATOM,3437.0,N,ALA,220.0,10.878,39.555,-11.489,-0.47,1.85,0.12
ATOM,3438.0,CA,ALA,220.0,11.448,38.774,-10.396,0.07,2.275,3.02
ATOM,3439.0,C,ALA,220.0,11.348,39.483,-9.042,0.51,2.0,0.0
ATOM,3440.0,O,ALA,220.0,11.0,38.866,-8.036,-0.51,1.7,10.43
ATOM,3441.0,CB,ALA,220.0,12.907,38.443,-10.708,-0.27,2.06,7.32
ATOM,3442.0,H,ALA,220.0,11.45,40.005,-12.23,0.31,0.2245,0.0
ATOM,3443.0,HA,ALA,220.0,10.949,37.893,-10.331,0.09,1.32,9.97
ATOM,3444.0,HB1,ALA,220.0,13.486,39.21,-10.436,0.09,1.32,0.0
ATOM,3445.0,HB2,ALA,220.0,13.176,37.625,-10.203,0.09,1.32,4.17
ATOM,3446.0,HB3,ALA,220.0,13.007,38.279,-11.688,0.09,1.32,1.27
ATOM,3447.0,N,TRP,221.0,11.655,40.772,-9.021,-0.47,1.85,0.0
ATOM,3448.0,CA,TRP,221.0,11.608,41.546,-7.786,0.07,2.275,0.0
ATOM,3449.0,C,TRP,221.0,10.201,42.046,-7.47,0.51,2.0,0.84
ATOM,3450.0,O,TRP,221.0,9.97,42.625,-6.408,-0.51,1.7,14.56
ATOM,3451.0,CB,TRP,221.0,12.563,42.745,-7.867,-0.18,2.175,0.0
ATOM,3452.0,CG,TRP,221.0,14.029,42.382,-7.918,-0.03,1.9924,0.0
ATOM,3453.0,CD1,TRP,221.0,14.577,41.143,-7.728,0.035,1.9924,0.0
ATOM,3454.0,CD2,TRP,221.0,15.128,43.276,-8.145,-0.02,1.8,0.0
ATOM,3455.0,NE1,TRP,221.0,15.949,41.212,-7.823,-0.61,1.85,0.0
ATOM,3456.0,CE2,TRP,221.0,16.312,42.509,-8.076,0.13,1.8,0.0
ATOM,3457.0,CE3,TRP,221.0,15.226,44.652,-8.4,-0.115,1.9924,1.12
ATOM,3458.0,CZ2,TRP,221.0,17.583,43.072,-8.254,-0.115,1.9924,0.0
ATOM,3459.0,CZ3,TRP,221.0,16.484,45.212,-8.576,-0.115,1.9924,0.99
ATOM,3460.0,CH2,TRP,221.0,17.648,44.42,-8.502,-0.115,1.9924,0.0
ATOM,3461.0,H,TRP,221.0,11.926,41.174,-9.938,0.31,0.2245,0.0
ATOM,3462.0,HA,TRP,221.0,11.89,40.936,-7.03,0.09,1.32,0.0
ATOM,3463.0,HB2,TRP,221.0,12.363,43.262,-8.694,0.09,1.32,0.0
ATOM,3464.0,HB3,TRP,221.0,12.433,43.317,-7.063,0.09,1.32,0.0
ATOM,3465.0,HD1,TRP,221.0,14.061,40.309,-7.547,0.115,1.3582,0.0
ATOM,3466.0,HE1,TRP,221.0,16.577,40.443,-7.724,0.38,0.2245,0.0
ATOM,3467.0,HE3,TRP,221.0,14.41,45.221,-8.456,0.115,1.3582,0.0
ATOM,3468.0,HZ2,TRP,221.0,18.402,42.497,-8.198,0.115,1.3582,0.0
ATOM,3469.0,HZ3,TRP,221.0,16.563,46.185,-8.756,0.115,1.3582,0.69
ATOM,3470.0,HH2,TRP,221.0,18.534,44.862,-8.635,0.115,1.3582,0.0
ATOM,3471.0,N,GLY,222.0,9.264,41.813,-8.382,-0.47,1.85,0.12
ATOM,3472.0,CA,GLY,222.0,7.908,42.277,-8.163,-0.02,2.175,18.44
ATOM,3473.0,C,GLY,222.0,7.927,43.781,-8.001,0.51,2.0,0.74
ATOM,3474.0,O,GLY,222.0,7.135,44.354,-7.261,-0.51,1.7,32.41
ATOM,3475.0,H,GLY,222.0,9.575,41.298,-9.216,0.31,0.2245,0.0
ATOM,3476.0,HA2,GLY,222.0,7.336,42.032,-8.946,0.09,1.32,6.94
ATOM,3477.0,HA3,GLY,222.0,7.536,41.856,-7.336,0.09,1.32,10.59
ATOM,3478.0,N,THR,223.0,8.849,44.427,-8.7,-0.47,1.85,0.0
ATOM,3479.0,CA,THR,223.0,8.99,45.871,-8.627,0.07,2.275,0.75
ATOM,3480.0,C,THR,223.0,8.464,46.556,-9.882,0.51,2.0,0.54
ATOM,3481.0,O,THR,223.0,7.919,45.907,-10.778,-0.51,1.7,1.74
ATOM,3482.0,CB,THR,223.0,10.458,46.252,-8.437,0.14,2.275,0.69
ATOM,3483.0,OG1,THR,223.0,11.246,45.616,-9.451,-0.66,1.77,0.0
ATOM,3484.0,CG2,THR,223.0,10.949,45.808,-7.064,-0.27,2.06,18.21
ATOM,3485.0,H,THR,223.0,9.451,43.821,-9.294,0.31,0.2245,0.0
ATOM,3486.0,HA,THR,223.0,8.456,46.208,-7.837,0.09,1.32,5.97
ATOM,3487.0,HB,THR,223.0,10.558,47.261,-8.546,0.09,1.32,0.18
ATOM,3488.0,HG21,THR,223.0,11.432,44.933,-7.143,0.09,1.32,0.0
ATOM,3489.0,HG22,THR,223.0,11.574,46.496,-6.689,0.09,1.32,8.12
ATOM,3490.0,HG23,THR,223.0,10.169,45.699,-6.444,0.09,1.32,5.63
ATOM,3491.0,HG1,THR,223.0,10.716,44.89,-9.902,0.43,0.2245,0.0
ATOM,3492.0,N,LYS,224.0,8.653,47.868,-9.949,-0.47,1.85,0.61
ATOM,3493.0,CA,LYS,224.0,8.182,48.654,-11.077,0.07,2.275,0.0
ATOM,3494.0,C,LYS,224.0,9.239,49.676,-11.479,0.51,2.0,0.8
ATOM,3495.0,O,LYS,224.0,8.924,50.844,-11.717,-0.51,1.7,8.2
ATOM,3496.0,CB,LYS,224.0,6.892,49.376,-10.69,-0.18,2.175,11.82
ATOM,3497.0,CG,LYS,224.0,5.981,49.733,-11.849,-0.18,2.175,9.86
ATOM,3498.0,CD,LYS,224.0,4.849,48.715,-12.004,-0.18,2.175,14.29
ATOM,3499.0,CE,LYS,224.0,5.367,47.332,-12.39,0.21,2.175,5.71
ATOM,3500.0,NZ,LYS,224.0,4.251,46.352,-12.541,-0.3,1.85,14.25
ATOM,3501.0,H,LYS,224.0,9.159,48.276,-9.136,0.31,0.2245,6.58
ATOM,3502.0,HA,LYS,224.0,8.013,48.043,-11.856,0.09,1.32,0.0
ATOM,3503.0,HB2,LYS,224.0,6.382,48.786,-10.059,0.09,1.32,5.37
ATOM,3504.0,HB3,LYS,224.0,7.141,50.223,-10.212,0.09,1.32,8.47
ATOM,3505.0,HG2,LYS,224.0,5.579,50.634,-11.688,0.09,1.32,11.69
ATOM,3506.0,HG3,LYS,224.0,6.512,49.75,-12.695,0.09,1.32,4.82
ATOM,3507.0,HD2,LYS,224.0,4.365,48.641,-11.136,0.09,1.32,9.24
ATOM,3508.0,HD3,LYS,224.0,4.23,49.031,-12.717,0.09,1.32,11.23
ATOM,3509.0,HE2,LYS,224.0,5.862,47.403,-13.257,0.05,1.32,8.42
ATOM,3510.0,HE3,LYS,224.0,5.993,47.01,-11.678,0.05,1.32,0.0
ATOM,3511.0,HZ1,LYS,224.0,4.51,45.489,-12.109,0.33,0.2245,17.95
ATOM,3512.0,HZ2,LYS,224.0,3.431,46.716,-12.101,0.33,0.2245,14.95
ATOM,3513.0,HZ3,LYS,224.0,4.073,46.202,-13.512,0.33,0.2245,20.45
ATOM,3514.0,N,LEU,225.0,10.489,49.236,-11.545,-0.47,1.85,0.0
ATOM,3515.0,CA,LEU,225.0,11.584,50.118,-11.923,0.07,2.275,0.14
ATOM,3516.0,C,LEU,225.0,11.336,50.71,-13.306,0.51,2.0,0.0
ATOM,3517.0,O,LEU,225.0,11.019,49.998,-14.259,-0.51,1.7,6.11
ATOM,3518.0,CB,LEU,225.0,12.913,49.354,-11.907,-0.18,2.175,0.0
ATOM,3519.0,CG,LEU,225.0,13.519,49.017,-10.539,-0.09,2.275,1.07
ATOM,3520.0,CD1,LEU,225.0,12.48,48.394,-9.642,-0.27,2.06,10.79
ATOM,3521.0,CD2,LEU,225.0,14.695,48.062,-10.722,-0.27,2.06,0.17
ATOM,3522.0,H,LEU,225.0,10.614,48.234,-11.31,0.31,0.2245,0.0
ATOM,3523.0,HA,LEU,225.0,11.635,50.872,-11.261,0.09,1.32,5.19
ATOM,3524.0,HB2,LEU,225.0,12.772,48.488,-12.389,0.09,1.32,0.0
ATOM,3525.0,HB3,LEU,225.0,13.587,49.903,-12.402,0.09,1.32,0.0
ATOM,3526.0,HG,LEU,225.0,13.863,49.86,-10.126,0.09,1.32,1.71
ATOM,3527.0,HD11,LEU,225.0,12.132,47.55,-10.057,0.09,1.32,0.0
ATOM,3528.0,HD12,LEU,225.0,12.884,48.177,-8.75,0.09,1.32,4.77
ATOM,3529.0,HD13,LEU,225.0,11.717,49.031,-9.509,0.09,1.32,2.41
ATOM,3530.0,HD21,LEU,225.0,15.39,48.496,-11.296,0.09,1.32,0.0
ATOM,3531.0,HD22,LEU,225.0,15.088,47.844,-9.829,0.09,1.32,1.32
ATOM,3532.0,HD23,LEU,225.0,14.376,47.222,-11.161,0.09,1.32,0.0
ATOM,3533.0,N,ILE,226.0,11.485,52.022,-13.406,-0.47,1.85,0.0
ATOM,3534.0,CA,ILE,226.0,11.254,52.723,-14.657,0.07,2.275,0.0
ATOM,3535.0,C,ILE,226.0,12.376,52.504,-15.676,0.51,2.0,0.0
ATOM,3536.0,O,ILE,226.0,12.11,52.352,-16.867,-0.51,1.7,21.8
ATOM,3537.0,CB,ILE,226.0,11.038,54.24,-14.381,-0.09,2.275,2.19
ATOM,3538.0,CG1,ILE,226.0,9.702,54.681,-14.975,-0.18,2.175,13.52
ATOM,3539.0,CG2,ILE,226.0,12.183,55.066,-14.929,-0.27,2.06,25.83
ATOM,3540.0,CD1,ILE,226.0,8.502,53.984,-14.357,-0.27,2.06,31.47
ATOM,3541.0,H,ILE,226.0,11.776,52.497,-12.527,0.31,0.2245,4.79
ATOM,3542.0,HA,ILE,226.0,10.42,52.32,-15.063,0.09,1.32,2.37
ATOM,3543.0,HB,ILE,226.0,11.0,54.362,-13.4,0.09,1.32,6.33
ATOM,3544.0,HG12,ILE,226.0,9.605,55.665,-14.845,0.09,1.32,10.04
ATOM,3545.0,HG13,ILE,226.0,9.713,54.486,-15.954,0.09,1.32,8.25
ATOM,3546.0,HG21,ILE,226.0,12.041,56.03,-14.705,0.09,1.32,10.4
ATOM,3547.0,HG22,ILE,226.0,13.044,54.758,-14.525,0.09,1.32,0.72
ATOM,3548.0,HG23,ILE,226.0,12.229,54.962,-15.922,0.09,1.32,3.44
ATOM,3549.0,HD11,ILE,226.0,8.476,54.181,-13.379,0.09,1.32,8.81
ATOM,3550.0,HD12,ILE,226.0,7.668,54.319,-14.791,0.09,1.32,11.33
ATOM,3551.0,HD13,ILE,226.0,8.584,53.0,-14.5,0.09,1.32,2.6
ATOM,3552.0,N,SER,227.0,13.624,52.484,-15.212,-0.47,1.85,0.0
ATOM,3553.0,CA,SER,227.0,14.753,52.274,-16.112,0.07,2.275,0.08
ATOM,3554.0,C,SER,227.0,15.878,51.491,-15.447,0.51,2.0,0.0
ATOM,3555.0,O,SER,227.0,15.865,51.273,-14.235,-0.51,1.7,0.0
ATOM,3556.0,CB,SER,227.0,15.3,53.608,-16.603,0.05,2.175,18.84
ATOM,3557.0,OG,SER,227.0,16.243,54.142,-15.694,-0.66,1.77,8.32
ATOM,3558.0,H,SER,227.0,13.717,52.625,-14.194,0.31,0.2245,0.0
ATOM,3559.0,HA,SER,227.0,14.426,51.735,-16.903,0.09,1.32,1.2
ATOM,3560.0,HB2,SER,227.0,15.743,53.471,-17.486,0.09,1.32,5.06
ATOM,3561.0,HB3,SER,227.0,14.544,54.251,-16.7,0.09,1.32,1.85
ATOM,3562.0,HG,SER,227.0,16.814,53.405,-15.333,0.43,0.2245,0.0
ATOM,3563.0,N,GLU,228.0,16.856,51.08,-16.249,-0.47,1.85,0.0
ATOM,3564.0,CA,GLU,228.0,17.987,50.312,-15.749,0.07,2.275,0.0
ATOM,3565.0,C,GLU,228.0,18.775,51.056,-14.666,0.51,2.0,0.0
ATOM,3566.0,O,GLU,228.0,19.324,50.431,-13.759,-0.51,1.7,0.0
ATOM,3567.0,CB,GLU,228.0,18.922,49.929,-16.901,-0.18,2.175,8.0
ATOM,3568.0,CG,GLU,228.0,18.384,48.856,-17.847,-0.28,2.175,5.46
ATOM,3569.0,CD,GLU,228.0,17.354,49.376,-18.846,0.62,2.0,3.38
ATOM,3570.0,OE1,GLU,228.0,17.168,50.608,-18.947,-0.76,1.7,20.84
ATOM,3571.0,OE2,GLU,228.0,16.737,48.542,-19.544,-0.76,1.7,28.03
ATOM,3572.0,H,GLU,228.0,16.743,51.351,-17.247,0.31,0.2245,0.0
ATOM,3573.0,HA,GLU,228.0,17.66,49.429,-15.372,0.09,1.32,0.0
ATOM,3574.0,HB2,GLU,228.0,19.085,50.742,-17.439,0.09,1.32,1.89
ATOM,3575.0,HB3,GLU,228.0,19.759,49.583,-16.507,0.09,1.32,0.06
ATOM,3576.0,HG2,GLU,228.0,19.141,48.495,-18.364,0.09,1.32,7.0
ATOM,3577.0,HG3,GLU,228.0,17.944,48.16,-17.306,0.09,1.32,0.0
ATOM,3578.0,N,LEU,229.0,18.829,52.382,-14.756,-0.47,1.85,0.0
ATOM,3579.0,CA,LEU,229.0,19.552,53.174,-13.761,0.07,2.275,0.0
ATOM,3580.0,C,LEU,229.0,18.909,53.084,-12.378,0.51,2.0,0.22
ATOM,3581.0,O,LEU,229.0,19.524,53.44,-11.379,-0.51,1.7,3.93
ATOM,3582.0,CB,LEU,229.0,19.634,54.653,-14.176,-0.18,2.175,10.95
ATOM,3583.0,CG,LEU,229.0,20.566,55.071,-15.318,-0.09,2.275,5.06
ATOM,3584.0,CD1,LEU,229.0,21.953,54.492,-15.09,-0.27,2.06,22.66
ATOM,3585.0,CD2,LEU,229.0,19.998,54.605,-16.645,-0.27,2.06,26.16
ATOM,3586.0,H,LEU,229.0,18.332,52.79,-15.563,0.31,0.2245,0.0
ATOM,3587.0,HA,LEU,229.0,20.496,52.821,-13.695,0.09,1.32,0.0
ATOM,3588.0,HB2,LEU,229.0,18.701,54.946,-14.433,0.09,1.32,1.97
ATOM,3589.0,HB3,LEU,229.0,19.909,55.18,-13.36,0.09,1.32,7.54
ATOM,3590.0,HG,LEU,229.0,20.62,56.066,-15.344,0.09,1.32,11.55
ATOM,3591.0,HD11,LEU,229.0,21.898,53.493,-15.058,0.09,1.32,0.07
ATOM,3592.0,HD12,LEU,229.0,22.558,54.767,-15.838,0.09,1.32,10.62
ATOM,3593.0,HD13,LEU,229.0,22.32,54.832,-14.224,0.09,1.32,6.96
ATOM,3594.0,HD21,LEU,229.0,19.096,55.017,-16.789,0.09,1.32,4.52
ATOM,3595.0,HD22,LEU,229.0,20.61,54.88,-17.389,0.09,1.32,10.37
ATOM,3596.0,HD23,LEU,229.0,19.909,53.607,-16.642,0.09,1.32,0.0
ATOM,3597.0,N,ALA,230.0,17.67,52.611,-12.327,-0.47,1.85,0.51
ATOM,3598.0,CA,ALA,230.0,16.945,52.472,-11.068,0.07,2.275,2.89
ATOM,3599.0,C,ALA,230.0,17.412,51.246,-10.286,0.51,2.0,0.0
ATOM,3600.0,O,ALA,230.0,17.046,51.064,-9.117,-0.51,1.7,11.77
ATOM,3601.0,CB,ALA,230.0,15.447,52.385,-11.333,-0.27,2.06,10.72
ATOM,3602.0,H,ALA,230.0,17.265,52.351,-13.25,0.31,0.2245,0.0
ATOM,3603.0,HA,ALA,230.0,17.111,53.293,-10.505,0.09,1.32,4.81
ATOM,3604.0,HB1,ALA,230.0,15.143,51.439,-11.221,0.09,1.32,0.0
ATOM,3605.0,HB2,ALA,230.0,14.959,52.97,-10.686,0.09,1.32,11.84
ATOM,3606.0,HB3,ALA,230.0,15.255,52.688,-12.266,0.09,1.32,0.0
ATOM,3607.0,N,ILE,231.0,18.192,50.389,-10.936,-0.47,1.85,0.0
ATOM,3608.0,CA,ILE,231.0,18.725,49.207,-10.268,0.07,2.275,0.0
ATOM,3609.0,C,ILE,231.0,19.873,49.758,-9.42,0.51,2.0,0.0
ATOM,3610.0,O,ILE,231.0,20.886,50.208,-9.959,-0.51,1.7,0.0
ATOM,3611.0,CB,ILE,231.0,19.261,48.173,-11.284,-0.09,2.275,0.0
ATOM,3612.0,CG1,ILE,231.0,18.114,47.664,-12.165,-0.18,2.175,0.0
ATOM,3613.0,CG2,ILE,231.0,19.896,47.008,-10.551,-0.27,2.06,0.0
ATOM,3614.0,CD1,ILE,231.0,18.544,46.635,-13.206,-0.27,2.06,0.0
ATOM,3615.0,H,ILE,231.0,18.381,50.626,-11.923,0.31,0.2245,0.0
ATOM,3616.0,HA,ILE,231.0,18.036,48.906,-9.64,0.09,1.32,0.05
ATOM,3617.0,HB,ILE,231.0,19.918,48.632,-11.868,0.09,1.32,0.0
ATOM,3618.0,HG12,ILE,231.0,17.42,47.254,-11.577,0.09,1.32,0.0
ATOM,3619.0,HG13,ILE,231.0,17.713,48.445,-12.64,0.09,1.32,0.0
ATOM,3620.0,HG21,ILE,231.0,20.255,46.35,-11.212,0.09,1.32,0.0
ATOM,3621.0,HG22,ILE,231.0,20.644,47.339,-9.976,0.09,1.32,0.0
ATOM,3622.0,HG23,ILE,231.0,19.212,46.559,-9.976,0.09,1.32,0.0
ATOM,3623.0,HD11,ILE,231.0,18.936,45.846,-12.74,0.09,1.32,0.0
ATOM,3624.0,HD12,ILE,231.0,17.747,46.355,-13.735,0.09,1.32,0.0
ATOM,3625.0,HD13,ILE,231.0,19.224,47.046,-13.808,0.09,1.32,0.0
ATOM,3626.0,N,LEU,232.0,19.701,49.729,-8.1,-0.47,1.85,0.0
ATOM,3627.0,CA,LEU,232.0,20.69,50.289,-7.186,0.07,2.275,0.0
ATOM,3628.0,C,LEU,232.0,20.805,49.558,-5.858,0.51,2.0,0.0
ATOM,3629.0,O,LEU,232.0,19.939,48.763,-5.491,-0.51,1.7,2.61
ATOM,3630.0,CB,LEU,232.0,20.326,51.745,-6.883,-0.18,2.175,0.0
ATOM,3631.0,CG,LEU,232.0,20.317,52.781,-8.003,-0.09,2.275,0.0
ATOM,3632.0,CD1,LEU,232.0,19.583,54.022,-7.527,-0.27,2.06,25.04
ATOM,3633.0,CD2,LEU,232.0,21.736,53.118,-8.405,-0.27,2.06,3.5
ATOM,3634.0,H,LEU,232.0,18.818,49.281,-7.786,0.31,0.2245,2.91
ATOM,3635.0,HA,LEU,232.0,21.602,50.261,-7.646,0.09,1.32,0.0
ATOM,3636.0,HB2,LEU,232.0,19.399,51.745,-6.471,0.09,1.32,4.42
ATOM,3637.0,HB3,LEU,232.0,20.971,52.077,-6.175,0.09,1.32,1.08
ATOM,3638.0,HG,LEU,232.0,19.85,52.401,-8.794,0.09,1.32,0.0
ATOM,3639.0,HD11,LEU,232.0,20.047,54.4,-6.725,0.09,1.32,9.19
ATOM,3640.0,HD12,LEU,232.0,19.573,54.707,-8.257,0.09,1.32,7.32
ATOM,3641.0,HD13,LEU,232.0,18.642,53.783,-7.284,0.09,1.32,7.41
ATOM,3642.0,HD21,LEU,232.0,22.203,52.291,-8.727,0.09,1.32,0.0
ATOM,3643.0,HD22,LEU,232.0,21.727,53.799,-9.141,0.09,1.32,5.73
ATOM,3644.0,HD23,LEU,232.0,22.232,53.491,-7.618,0.09,1.32,0.62
ATOM,3645.0,N,PRO,233.0,21.894,49.816,-5.119,-0.29,1.85,0.0
ATOM,3646.0,CA,PRO,233.0,22.083,49.169,-3.817,0.02,2.275,0.0
ATOM,3647.0,C,PRO,233.0,21.078,49.864,-2.908,0.51,2.0,0.0
ATOM,3648.0,O,PRO,233.0,20.465,50.853,-3.316,-0.51,1.7,3.46
ATOM,3649.0,CB,PRO,233.0,23.524,49.533,-3.454,-0.18,2.175,0.0
ATOM,3650.0,CG,PRO,233.0,24.173,49.757,-4.777,-0.18,2.175,0.0
ATOM,3651.0,CD,PRO,233.0,23.117,50.528,-5.521,0.0,2.175,0.0
ATOM,3652.0,HA,PRO,233.0,21.915,48.207,-3.867,0.09,1.32,0.0
ATOM,3653.0,HB2,PRO,233.0,23.549,50.362,-2.896,0.09,1.32,0.0
ATOM,3654.0,HB3,PRO,233.0,23.964,48.785,-2.959,0.09,1.32,0.0
ATOM,3655.0,HG2,PRO,233.0,25.002,50.294,-4.678,0.09,1.32,0.0
ATOM,3656.0,HG3,PRO,233.0,24.366,48.893,-5.226,0.09,1.32,0.0
ATOM,3657.0,HD2,PRO,233.0,23.084,51.477,-5.228,0.09,1.32,1.21
ATOM,3658.0,HD3,PRO,233.0,23.249,50.473,-6.505,0.09,1.32,0.0
ATOM,3659.0,N,PRO,234.0,20.902,49.377,-1.671,-0.29,1.85,0.0
ATOM,3660.0,CA,PRO,234.0,19.944,50.001,-0.752,0.02,2.275,0.13
ATOM,3661.0,C,PRO,234.0,20.172,51.5,-0.544,0.51,2.0,0.0
ATOM,3662.0,O,PRO,234.0,21.305,51.945,-0.363,-0.51,1.7,0.03
ATOM,3663.0,CB,PRO,234.0,20.139,49.213,0.54,-0.18,2.175,0.53
ATOM,3664.0,CG,PRO,234.0,20.586,47.874,0.06,-0.18,2.175,0.0
ATOM,3665.0,CD,PRO,234.0,21.557,48.22,-1.038,0.0,2.175,0.0
ATOM,3666.0,HA,PRO,234.0,18.989,49.828,-1.063,0.09,1.32,4.77
ATOM,3667.0,HB2,PRO,234.0,20.836,49.64,1.114,0.09,1.32,0.0
ATOM,3668.0,HB3,PRO,234.0,19.282,49.145,1.048,0.09,1.32,0.79
ATOM,3669.0,HG2,PRO,234.0,21.038,47.369,0.789,0.09,1.32,0.0
ATOM,3670.0,HG3,PRO,234.0,19.818,47.352,-0.296,0.09,1.32,0.0
ATOM,3671.0,HD2,PRO,234.0,22.445,48.476,-0.672,0.09,1.32,0.0
ATOM,3672.0,HD3,PRO,234.0,21.655,47.472,-1.688,0.09,1.32,0.0
ATOM,3673.0,N,SER,235.0,19.095,52.277,-0.58,-0.47,1.85,0.0
ATOM,3674.0,CA,SER,235.0,19.187,53.717,-0.366,0.07,2.275,2.8
ATOM,3675.0,C,SER,235.0,19.238,53.953,1.135,0.51,2.0,0.01
ATOM,3676.0,O,SER,235.0,19.905,54.866,1.618,-0.51,1.7,23.64
ATOM,3677.0,CB,SER,235.0,17.954,54.427,-0.932,0.05,2.175,22.83
ATOM,3678.0,OG,SER,235.0,17.834,54.218,-2.329,-0.66,1.77,25.68
ATOM,3679.0,H,SER,235.0,18.204,51.782,-0.769,0.31,0.2245,7.0
ATOM,3680.0,HA,SER,235.0,20.042,54.036,-0.758,0.09,1.32,6.24
ATOM,3681.0,HB2,SER,235.0,17.142,54.069,-0.479,0.09,1.32,6.66
ATOM,3682.0,HB3,SER,235.0,18.039,55.404,-0.757,0.09,1.32,10.36
ATOM,3683.0,HG,SER,235.0,17.953,53.247,-2.532,0.43,0.2245,7.92
ATOM,3684.0,N,ASP,236.0,18.525,53.104,1.864,-0.47,1.85,0.0
ATOM,3685.0,CA,ASP,236.0,18.44,53.191,3.312,0.07,2.275,0.74
ATOM,3686.0,C,ASP,236.0,18.905,51.863,3.916,0.51,2.0,0.0
ATOM,3687.0,O,ASP,236.0,18.14,50.904,3.966,-0.51,1.7,0.0
ATOM,3688.0,CB,ASP,236.0,16.985,53.472,3.706,-0.28,2.175,10.6
ATOM,3689.0,CG,ASP,236.0,16.805,53.659,5.194,0.62,2.0,2.69
ATOM,3690.0,OD1,ASP,236.0,17.569,53.039,5.967,-0.76,1.7,3.86
ATOM,3691.0,OD2,ASP,236.0,15.889,54.418,5.589,-0.76,1.7,38.48
ATOM,3692.0,H,ASP,236.0,18.031,52.368,1.306,0.31,0.2245,1.53
ATOM,3693.0,HA,ASP,236.0,19.09,53.888,3.612,0.09,1.32,4.4
ATOM,3694.0,HB2,ASP,236.0,16.699,54.302,3.239,0.09,1.32,8.45
ATOM,3695.0,HB3,ASP,236.0,16.435,52.7,3.408,0.09,1.32,0.0
ATOM,3696.0,N,GLY,237.0,20.151,51.815,4.371,-0.47,1.85,0.0
ATOM,3697.0,CA,GLY,237.0,20.688,50.591,4.948,-0.02,2.175,0.0
ATOM,3698.0,C,GLY,237.0,19.897,50.062,6.126,0.51,2.0,0.0
ATOM,3699.0,O,GLY,237.0,19.727,48.848,6.286,-0.51,1.7,0.0
ATOM,3700.0,H,GLY,237.0,20.687,52.694,4.282,0.31,0.2245,2.18
ATOM,3701.0,HA2,GLY,237.0,20.731,49.872,4.223,0.09,1.32,0.0
ATOM,3702.0,HA3,GLY,237.0,21.653,50.756,5.239,0.09,1.32,0.0
ATOM,3703.0,N,GLU,238.0,19.409,50.975,6.962,-0.47,1.85,0.0
ATOM,3704.0,CA,GLU,238.0,18.636,50.599,8.137,0.07,2.275,0.0
ATOM,3705.0,C,GLU,238.0,17.341,49.898,7.766,0.51,2.0,0.0
ATOM,3706.0,O,GLU,238.0,17.019,48.843,8.307,-0.51,1.7,0.0
ATOM,3707.0,CB,GLU,238.0,18.319,51.833,8.976,-0.18,2.175,8.53
ATOM,3708.0,CG,GLU,238.0,17.263,51.588,10.031,-0.28,2.175,1.56
ATOM,3709.0,CD,GLU,238.0,17.785,51.798,11.43,0.62,2.0,1.17
ATOM,3710.0,OE1,GLU,238.0,18.706,51.059,11.838,-0.76,1.7,10.06
ATOM,3711.0,OE2,GLU,238.0,17.274,52.708,12.119,-0.76,1.7,45.66
ATOM,3712.0,H,GLU,238.0,19.624,51.958,6.706,0.31,0.2245,0.62
ATOM,3713.0,HA,GLU,238.0,19.191,49.991,8.727,0.09,1.32,0.0
ATOM,3714.0,HB2,GLU,238.0,19.145,52.103,9.435,0.09,1.32,0.15
ATOM,3715.0,HB3,GLU,238.0,17.983,52.529,8.37,0.09,1.32,0.85
ATOM,3716.0,HG2,GLU,238.0,16.528,52.225,9.887,0.09,1.32,8.65
ATOM,3717.0,HG3,GLU,238.0,16.964,50.654,9.961,0.09,1.32,0.0
ATOM,3718.0,N,GLN,239.0,16.591,50.501,6.855,-0.47,1.85,0.0
ATOM,3719.0,CA,GLN,239.0,15.333,49.929,6.414,0.07,2.275,0.29
ATOM,3720.0,C,GLN,239.0,15.605,48.584,5.743,0.51,2.0,0.0
ATOM,3721.0,O,GLN,239.0,14.846,47.635,5.921,-0.51,1.7,0.0
ATOM,3722.0,CB,GLN,239.0,14.629,50.889,5.452,-0.18,2.175,2.32
ATOM,3723.0,CG,GLN,239.0,13.269,50.402,4.979,-0.18,2.175,19.12
ATOM,3724.0,CD,GLN,239.0,13.356,49.513,3.745,0.55,2.0,2.04
ATOM,3725.0,H,GLN,239.0,16.975,51.396,6.495,0.31,0.2245,0.0
ATOM,3726.0,HA,GLN,239.0,14.765,49.757,7.219,0.09,1.32,0.0
ATOM,3727.0,HB2,GLN,239.0,14.502,51.769,5.913,0.09,1.32,4.2
ATOM,3728.0,HB3,GLN,239.0,15.211,51.02,4.646,0.09,1.32,0.0
ATOM,3729.0,HG2,GLN,239.0,12.84,49.879,5.715,0.09,1.32,2.08
ATOM,3730.0,HG3,GLN,239.0,12.701,51.195,4.758,0.09,1.32,11.47
ATOM,3731.0,OE1,GLN,239.0,12.511,48.637,3.536,-0.55,1.7,18.34
ATOM,3732.0,NE2,GLN,239.0,14.369,49.746,2.914,-0.62,1.85,14.04
ATOM,3733.0,HE21,GLN,239.0,14.497,49.184,2.081,0.32,0.2245,14.0
ATOM,3734.0,HE22,GLN,239.0,15.016,50.503,3.131,0.3,0.2245,0.01
ATOM,3735.0,N,PHE,240.0,16.703,48.497,4.993,-0.47,1.85,0.0
ATOM,3736.0,CA,PHE,240.0,17.048,47.246,4.327,0.07,2.275,0.0
ATOM,3737.0,C,PHE,240.0,17.291,46.138,5.349,0.51,2.0,0.0
ATOM,3738.0,O,PHE,240.0,16.863,44.997,5.148,-0.51,1.7,0.0
ATOM,3739.0,CB,PHE,240.0,18.305,47.404,3.479,-0.18,2.175,0.0
ATOM,3740.0,CG,PHE,240.0,18.705,46.145,2.771,0.0,1.9924,0.0
ATOM,3741.0,CD1,PHE,240.0,18.078,45.773,1.589,-0.115,1.9924,0.0
ATOM,3742.0,CD2,PHE,240.0,19.674,45.306,3.309,-0.115,1.9924,0.0
ATOM,3743.0,CE1,PHE,240.0,18.408,44.578,0.952,-0.115,1.9924,0.0
ATOM,3744.0,CE2,PHE,240.0,20.01,44.107,2.678,-0.115,1.9924,0.0
ATOM,3745.0,CZ,PHE,240.0,19.375,43.744,1.499,-0.115,1.9924,0.0
ATOM,3746.0,H,PHE,240.0,17.263,49.359,4.929,0.31,0.2245,0.0
ATOM,3747.0,HA,PHE,240.0,16.247,46.97,3.786,0.09,1.32,0.0
ATOM,3748.0,HB2,PHE,240.0,18.127,48.096,2.797,0.09,1.32,0.06
ATOM,3749.0,HB3,PHE,240.0,19.045,47.667,4.078,0.09,1.32,0.0
ATOM,3750.0,HD1,PHE,240.0,17.385,46.363,1.186,0.115,1.3582,2.62
ATOM,3751.0,HD2,PHE,240.0,20.137,45.562,4.156,0.115,1.3582,0.0
ATOM,3752.0,HE1,PHE,240.0,17.94,44.327,0.098,0.115,1.3582,0.0
ATOM,3753.0,HE2,PHE,240.0,20.715,43.509,3.088,0.115,1.3582,0.0
ATOM,3754.0,HZ,PHE,240.0,19.609,42.888,1.042,0.115,1.3582,0.0
ATOM,3755.0,N,LEU,241.0,17.982,46.479,6.435,-0.47,1.85,0.0
ATOM,3756.0,CA,LEU,241.0,18.293,45.517,7.489,0.07,2.275,0.0
ATOM,3757.0,C,LEU,241.0,17.082,45.16,8.345,0.51,2.0,0.0
ATOM,3758.0,O,LEU,241.0,17.031,44.08,8.94,-0.51,1.7,0.0
ATOM,3759.0,CB,LEU,241.0,19.413,46.057,8.383,-0.18,2.175,0.0
ATOM,3760.0,CG,LEU,241.0,20.785,46.162,7.716,-0.09,2.275,0.0
ATOM,3761.0,CD1,LEU,241.0,21.752,46.884,8.641,-0.27,2.06,0.0
ATOM,3762.0,CD2,LEU,241.0,21.299,44.768,7.376,-0.27,2.06,0.0
ATOM,3763.0,H,LEU,241.0,18.277,47.476,6.466,0.31,0.2245,0.0
ATOM,3764.0,HA,LEU,241.0,18.637,44.667,7.055,0.09,1.32,0.0
ATOM,3765.0,HB2,LEU,241.0,19.155,46.969,8.678,0.09,1.32,0.0
ATOM,3766.0,HB3,LEU,241.0,19.504,45.448,9.159,0.09,1.32,0.0
ATOM,3767.0,HG,LEU,241.0,20.694,46.673,6.865,0.09,1.32,0.0
ATOM,3768.0,HD11,LEU,241.0,21.839,46.375,9.498,0.09,1.32,0.0
ATOM,3769.0,HD12,LEU,241.0,22.649,46.951,8.202,0.09,1.32,0.0
ATOM,3770.0,HD13,LEU,241.0,21.407,47.803,8.835,0.09,1.32,0.0
ATOM,3771.0,HD21,LEU,241.0,20.66,44.32,6.75,0.09,1.32,0.0
ATOM,3772.0,HD22,LEU,241.0,22.196,44.841,6.94,0.09,1.32,0.0
ATOM,3773.0,HD23,LEU,241.0,21.378,44.228,8.214,0.09,1.32,0.0
ATOM,3774.0,N,MET,242.0,16.111,46.071,8.407,-0.47,1.85,0.0
ATOM,3775.0,CA,MET,242.0,14.895,45.846,9.174,0.07,2.275,0.0
ATOM,3776.0,C,MET,242.0,13.961,44.837,8.492,0.51,2.0,0.0
ATOM,3777.0,O,MET,242.0,13.355,43.995,9.159,-0.51,1.7,13.13
ATOM,3778.0,CB,MET,242.0,14.149,47.166,9.394,-0.18,2.175,0.13
ATOM,3779.0,CG,MET,242.0,14.739,48.047,10.489,-0.14,2.175,0.0
ATOM,3780.0,SD,MET,242.0,13.823,49.598,10.706,-0.09,2.0,14.16
ATOM,3781.0,CE,MET,242.0,12.175,48.957,11.068,-0.22,2.06,34.02
ATOM,3782.0,H,MET,242.0,16.298,46.94,7.868,0.31,0.2245,0.0
ATOM,3783.0,HA,MET,242.0,15.152,45.465,10.074,0.09,1.32,0.0
ATOM,3784.0,HB2,MET,242.0,14.15,47.689,8.531,0.09,1.32,0.0
ATOM,3785.0,HB3,MET,242.0,13.189,46.962,9.633,0.09,1.32,0.51
ATOM,3786.0,HG2,MET,242.0,14.754,47.514,11.363,0.09,1.32,0.0
ATOM,3787.0,HG3,MET,242.0,15.719,48.238,10.262,0.09,1.32,0.0
ATOM,3788.0,HE1,MET,242.0,11.589,49.086,10.27,0.09,1.32,7.72
ATOM,3789.0,HE2,MET,242.0,12.241,47.984,11.284,0.09,1.32,4.53
ATOM,3790.0,HE3,MET,242.0,11.794,49.45,11.849,0.09,1.32,11.42
ATOM,3791.0,N,ASN,243.0,13.833,44.918,7.171,-0.47,1.85,0.0
ATOM,3792.0,CA,ASN,243.0,12.967,43.978,6.469,0.07,2.275,0.0
ATOM,3793.0,C,ASN,243.0,13.167,43.9,4.959,0.51,2.0,0.0
ATOM,3794.0,O,ASN,243.0,12.678,42.975,4.318,-0.51,1.7,5.29
ATOM,3795.0,CB,ASN,243.0,11.508,44.289,6.789,-0.18,2.175,11.44
ATOM,3796.0,CG,ASN,243.0,11.175,45.746,6.594,0.55,2.0,2.01
ATOM,3797.0,H,ASN,243.0,14.37,45.662,6.715,0.31,0.2245,0.0
ATOM,3798.0,HA,ASN,243.0,13.173,43.047,6.842,0.09,1.32,0.0
ATOM,3799.0,HB2,ASN,243.0,10.931,43.744,6.186,0.09,1.32,6.3
ATOM,3800.0,HB3,ASN,243.0,11.336,44.044,7.74,0.09,1.32,5.31
ATOM,3801.0,OD1,ASN,243.0,10.415,46.32,7.372,-0.55,1.7,30.44
ATOM,3802.0,ND2,ASN,243.0,11.732,46.354,5.554,-0.62,1.85,9.02
ATOM,3803.0,HD22,ASN,243.0,12.336,45.837,4.943,0.3,0.2245,0.0
ATOM,3804.0,HD21,ASN,243.0,11.552,47.319,5.379,0.32,0.2245,3.92
ATOM,3805.0,N,GLY,244.0,13.886,44.858,4.388,-0.47,1.85,0.0
ATOM,3806.0,CA,GLY,244.0,14.118,44.818,2.956,-0.02,2.175,5.84
ATOM,3807.0,C,GLY,244.0,14.877,43.56,2.551,0.51,2.0,0.0
ATOM,3808.0,O,GLY,244.0,14.705,43.04,1.443,-0.51,1.7,0.0
ATOM,3809.0,H,GLY,244.0,14.241,45.586,5.016,0.31,0.2245,0.0
ATOM,3810.0,HA2,GLY,244.0,13.235,44.842,2.468,0.09,1.32,7.36
ATOM,3811.0,HA3,GLY,244.0,14.649,45.629,2.676,0.09,1.32,0.1
ATOM,3812.0,N,TYR,245.0,15.709,43.067,3.462,-0.47,1.85,0.0
ATOM,3813.0,CA,TYR,245.0,16.507,41.876,3.204,0.07,2.275,0.0
ATOM,3814.0,C,TYR,245.0,15.648,40.642,2.949,0.51,2.0,0.0
ATOM,3815.0,O,TYR,245.0,16.113,39.671,2.367,-0.51,1.7,2.67
ATOM,3816.0,CB,TYR,245.0,17.449,41.597,4.38,-0.18,2.175,0.0
ATOM,3817.0,CG,TYR,245.0,16.756,41.117,5.641,0.0,1.9924,0.0
ATOM,3818.0,CD1,TYR,245.0,16.168,42.016,6.536,-0.115,1.9924,0.0
ATOM,3819.0,CD2,TYR,245.0,16.69,39.755,5.939,-0.115,1.9924,0.25
ATOM,3820.0,CE1,TYR,245.0,15.531,41.562,7.7,-0.115,1.9924,0.0
ATOM,3821.0,CE2,TYR,245.0,16.059,39.291,7.095,-0.115,1.9924,1.03
ATOM,3822.0,CZ,TYR,245.0,15.486,40.196,7.969,0.11,1.9924,0.0
ATOM,3823.0,OH,TYR,245.0,14.89,39.727,9.115,-0.54,1.77,12.64
ATOM,3824.0,H,TYR,245.0,15.739,43.595,4.356,0.31,0.2245,0.0
ATOM,3825.0,HA,TYR,245.0,17.068,42.043,2.377,0.09,1.32,0.0
ATOM,3826.0,HB2,TYR,245.0,18.102,40.896,4.098,0.09,1.32,0.0
ATOM,3827.0,HB3,TYR,245.0,17.936,42.442,4.597,0.09,1.32,0.0
ATOM,3828.0,HD1,TYR,245.0,16.2,42.995,6.349,0.115,1.3582,0.0
ATOM,3829.0,HD2,TYR,245.0,17.102,39.096,5.311,0.115,1.3582,7.93
ATOM,3830.0,HE1,TYR,245.0,15.113,42.214,8.327,0.115,1.3582,0.0
ATOM,3831.0,HE2,TYR,245.0,16.025,38.312,7.285,0.115,1.3582,10.66
ATOM,3832.0,HH,TYR,245.0,14.452,40.487,9.592,0.43,0.2245,7.77
ATOM,3833.0,N,LEU,246.0,14.396,40.674,3.394,-0.47,1.85,0.0
ATOM,3834.0,CA,LEU,246.0,13.506,39.534,3.211,0.07,2.275,0.0
ATOM,3835.0,C,LEU,246.0,12.922,39.388,1.805,0.51,2.0,0.37
ATOM,3836.0,O,LEU,246.0,12.403,38.327,1.468,-0.51,1.7,14.09
ATOM,3837.0,CB,LEU,246.0,12.372,39.591,4.241,-0.18,2.175,8.06
ATOM,3838.0,CG,LEU,246.0,12.822,39.313,5.682,-0.09,2.275,0.0
ATOM,3839.0,CD1,LEU,246.0,11.696,39.611,6.641,-0.27,2.06,28.23
ATOM,3840.0,CD2,LEU,246.0,13.261,37.868,5.818,-0.27,2.06,22.16
ATOM,3841.0,H,LEU,246.0,14.119,41.551,3.866,0.31,0.2245,0.0
ATOM,3842.0,HA,LEU,246.0,14.028,38.681,3.425,0.09,1.32,0.0
ATOM,3843.0,HB2,LEU,246.0,11.987,40.499,4.222,0.09,1.32,1.31
ATOM,3844.0,HB3,LEU,246.0,11.706,38.905,4.001,0.09,1.32,5.55
ATOM,3845.0,HG,LEU,246.0,13.607,39.894,5.889,0.09,1.32,0.0
ATOM,3846.0,HD11,LEU,246.0,10.905,39.032,6.429,0.09,1.32,9.76
ATOM,3847.0,HD12,LEU,246.0,11.992,39.429,7.581,0.09,1.32,4.3
ATOM,3848.0,HD13,LEU,246.0,11.428,40.574,6.563,0.09,1.32,0.12
ATOM,3849.0,HD21,LEU,246.0,14.025,37.687,5.195,0.09,1.32,1.77
ATOM,3850.0,HD22,LEU,246.0,13.554,37.691,6.76,0.09,1.32,4.56
ATOM,3851.0,HD23,LEU,246.0,12.498,37.261,5.59,0.09,1.32,9.56
ATOM,3852.0,N,SER,247.0,13.024,40.435,0.989,-0.47,1.85,0.55
ATOM,3853.0,CA,SER,247.0,12.485,40.414,-0.37,0.07,2.275,2.02
ATOM,3854.0,C,SER,247.0,13.42,39.794,-1.406,0.51,2.0,0.0
ATOM,3855.0,O,SER,247.0,14.601,39.554,-1.143,-0.51,1.7,0.0
ATOM,3856.0,CB,SER,247.0,12.137,41.832,-0.822,0.05,2.175,22.09
ATOM,3857.0,OG,SER,247.0,13.308,42.602,-1.011,-0.66,1.77,4.3
ATOM,3858.0,H,SER,247.0,13.513,41.257,1.396,0.31,0.2245,0.0
ATOM,3859.0,HA,SER,247.0,11.629,39.861,-0.357,0.09,1.32,7.93
ATOM,3860.0,HB2,SER,247.0,11.638,41.781,-1.682,0.09,1.32,4.35
ATOM,3861.0,HB3,SER,247.0,11.574,42.262,-0.122,0.09,1.32,8.69
ATOM,3862.0,HG,SER,247.0,13.75,42.761,-0.129,0.43,0.2245,0.0
ATOM,3863.0,N,MET,248.0,12.879,39.545,-2.595,-0.47,1.85,1.55
ATOM,3864.0,CA,MET,248.0,13.662,38.959,-3.671,0.07,2.275,0.0
ATOM,3865.0,C,MET,248.0,14.822,39.864,-4.034,0.51,2.0,0.0
ATOM,3866.0,O,MET,248.0,15.899,39.391,-4.407,-0.51,1.7,0.0
ATOM,3867.0,CB,MET,248.0,12.79,38.709,-4.9,-0.18,2.175,0.06
ATOM,3868.0,CG,MET,248.0,12.232,37.297,-4.954,-0.14,2.175,17.6
ATOM,3869.0,SD,MET,248.0,13.539,36.063,-4.659,-0.09,2.0,23.32
ATOM,3870.0,CE,MET,248.0,14.837,36.613,-5.805,-0.22,2.06,9.94
ATOM,3871.0,H,MET,248.0,11.879,39.799,-2.682,0.31,0.2245,6.28
ATOM,3872.0,HA,MET,248.0,14.037,38.084,-3.347,0.09,1.32,0.0
ATOM,3873.0,HB2,MET,248.0,12.021,39.356,-4.893,0.09,1.32,1.97
ATOM,3874.0,HB3,MET,248.0,13.337,38.867,-5.728,0.09,1.32,0.0
ATOM,3875.0,HG2,MET,248.0,11.496,37.205,-4.259,0.09,1.32,10.56
ATOM,3876.0,HG3,MET,248.0,11.801,37.145,-5.862,0.09,1.32,3.78
ATOM,3877.0,HE1,MET,248.0,14.745,36.112,-6.662,0.09,1.32,6.68
ATOM,3878.0,HE2,MET,248.0,14.731,37.591,-5.968,0.09,1.32,0.0
ATOM,3879.0,HE3,MET,248.0,15.728,36.43,-5.396,0.09,1.32,1.78
ATOM,3880.0,N,TYR,249.0,14.591,41.165,-3.925,-0.47,1.85,0.0
ATOM,3881.0,CA,TYR,249.0,15.628,42.144,-4.215,0.07,2.275,0.0
ATOM,3882.0,C,TYR,249.0,16.742,42.01,-3.185,0.51,2.0,0.0
ATOM,3883.0,O,TYR,249.0,17.918,41.968,-3.525,-0.51,1.7,0.0
ATOM,3884.0,CB,TYR,249.0,15.063,43.558,-4.132,-0.18,2.175,7.02
ATOM,3885.0,CG,TYR,249.0,16.143,44.604,-4.001,0.0,1.9924,0.69
ATOM,3886.0,CD1,TYR,249.0,16.909,44.981,-5.101,-0.115,1.9924,3.29
ATOM,3887.0,CD2,TYR,249.0,16.447,45.169,-2.763,-0.115,1.9924,8.98
ATOM,3888.0,CE1,TYR,249.0,17.958,45.898,-4.971,-0.115,1.9924,4.36
ATOM,3889.0,CE2,TYR,249.0,17.49,46.083,-2.624,-0.115,1.9924,8.53
ATOM,3890.0,CZ,TYR,249.0,18.239,46.442,-3.736,0.11,1.9924,1.66
ATOM,3891.0,OH,TYR,249.0,19.264,47.348,-3.615,-0.54,1.77,1.15
ATOM,3892.0,H,TYR,249.0,13.632,41.417,-3.623,0.31,0.2245,0.15
ATOM,3893.0,HA,TYR,249.0,16.011,41.944,-5.117,0.09,1.32,0.0
ATOM,3894.0,HB2,TYR,249.0,14.55,43.74,-4.961,0.09,1.32,0.0
ATOM,3895.0,HB3,TYR,249.0,14.476,43.615,-3.335,0.09,1.32,0.37
ATOM,3896.0,HD1,TYR,249.0,16.712,44.593,-6.001,0.115,1.3582,0.0
ATOM,3897.0,HD2,TYR,249.0,15.909,44.916,-1.962,0.115,1.3582,2.11
ATOM,3898.0,HE1,TYR,249.0,18.496,46.153,-5.776,0.115,1.3582,0.0
ATOM,3899.0,HE2,TYR,249.0,17.696,46.476,-1.73,0.115,1.3582,0.56
ATOM,3900.0,HH,TYR,249.0,19.408,47.802,-4.493,0.43,0.2245,0.0
ATOM,3901.0,N,GLY,250.0,16.35,41.959,-1.916,-0.47,1.85,0.0
ATOM,3902.0,CA,GLY,250.0,17.318,41.85,-0.841,-0.02,2.175,0.0
ATOM,3903.0,C,GLY,250.0,18.197,40.628,-0.996,0.51,2.0,0.0
ATOM,3904.0,O,GLY,250.0,19.412,40.703,-0.858,-0.51,1.7,0.0
ATOM,3905.0,H,GLY,250.0,15.327,42.003,-1.771,0.31,0.2245,0.0
ATOM,3906.0,HA2,GLY,250.0,17.898,42.68,-0.825,0.09,1.32,0.0
ATOM,3907.0,HA3,GLY,250.0,16.832,41.803,0.046,0.09,1.32,0.0
ATOM,3908.0,N,LYS,251.0,17.569,39.496,-1.282,-0.47,1.85,0.0
ATOM,3909.0,CA,LYS,251.0,18.306,38.263,-1.466,0.07,2.275,0.94
ATOM,3910.0,C,LYS,251.0,19.328,38.42,-2.586,0.51,2.0,0.08
ATOM,3911.0,O,LYS,251.0,20.473,37.995,-2.44,-0.51,1.7,3.23
ATOM,3912.0,CB,LYS,251.0,17.347,37.121,-1.791,-0.18,2.175,2.57
ATOM,3913.0,CG,LYS,251.0,16.489,36.672,-0.617,-0.18,2.175,2.4
ATOM,3914.0,CD,LYS,251.0,15.52,35.584,-1.065,-0.18,2.175,3.91
ATOM,3915.0,CE,LYS,251.0,14.98,34.784,0.108,0.21,2.175,21.73
ATOM,3916.0,NZ,LYS,251.0,14.29,35.643,1.097,-0.3,1.85,3.55
ATOM,3917.0,H,LYS,251.0,16.539,39.572,-1.359,0.31,0.2245,0.0
ATOM,3918.0,HA,LYS,251.0,18.795,38.039,-0.616,0.09,1.32,1.65
ATOM,3919.0,HB2,LYS,251.0,16.739,37.421,-2.525,0.09,1.32,0.0
ATOM,3920.0,HB3,LYS,251.0,17.886,36.338,-2.102,0.09,1.32,8.83
ATOM,3921.0,HG2,LYS,251.0,17.077,36.306,0.096,0.09,1.32,8.33
ATOM,3922.0,HG3,LYS,251.0,15.969,37.447,-0.276,0.09,1.32,0.0
ATOM,3923.0,HD2,LYS,251.0,14.754,36.013,-1.538,0.09,1.32,0.68
ATOM,3924.0,HD3,LYS,251.0,15.997,34.963,-1.681,0.09,1.32,8.37
ATOM,3925.0,HE2,LYS,251.0,14.336,34.094,-0.24,0.05,1.32,11.91
ATOM,3926.0,HE3,LYS,251.0,15.745,34.31,0.556,0.05,1.32,10.8
ATOM,3927.0,HZ1,LYS,251.0,14.067,36.524,0.678,0.33,0.2245,0.19
ATOM,3928.0,HZ2,LYS,251.0,13.447,35.196,1.399,0.33,0.2245,17.58
ATOM,3929.0,HZ3,LYS,251.0,14.887,35.792,1.886,0.33,0.2245,9.61
ATOM,3930.0,N,ASP,252.0,18.922,39.024,-3.7,-0.47,1.85,0.0
ATOM,3931.0,CA,ASP,252.0,19.85,39.21,-4.811,0.07,2.275,0.0
ATOM,3932.0,C,ASP,252.0,20.962,40.174,-4.433,0.51,2.0,0.0
ATOM,3933.0,O,ASP,252.0,22.134,39.902,-4.678,-0.51,1.7,0.0
ATOM,3934.0,CB,ASP,252.0,19.132,39.717,-6.059,-0.28,2.175,0.0
ATOM,3935.0,CG,ASP,252.0,18.378,38.617,-6.793,0.62,2.0,0.0
ATOM,3936.0,OD1,ASP,252.0,18.741,37.426,-6.629,-0.76,1.7,1.49
ATOM,3937.0,OD2,ASP,252.0,17.435,38.938,-7.545,-0.76,1.7,0.0
ATOM,3938.0,H,ASP,252.0,17.943,39.333,-3.707,0.31,0.2245,0.0
ATOM,3939.0,HA,ASP,252.0,20.279,38.317,-4.992,0.09,1.32,0.0
ATOM,3940.0,HB2,ASP,252.0,18.482,40.415,-5.781,0.09,1.32,0.0
ATOM,3941.0,HB3,ASP,252.0,19.811,40.1,-6.674,0.09,1.32,0.0
ATOM,3942.0,N,TYR,253.0,20.608,41.301,-3.831,-0.47,1.85,0.0
ATOM,3943.0,CA,TYR,253.0,21.629,42.253,-3.436,0.07,2.275,0.0
ATOM,3944.0,C,TYR,253.0,22.649,41.582,-2.504,0.51,2.0,0.0
ATOM,3945.0,O,TYR,253.0,23.852,41.669,-2.724,-0.51,1.7,0.0
ATOM,3946.0,CB,TYR,253.0,21.011,43.472,-2.737,-0.18,2.175,0.0
ATOM,3947.0,CG,TYR,253.0,22.07,44.407,-2.219,0.0,1.9924,0.0
ATOM,3948.0,CD1,TYR,253.0,22.855,45.152,-3.097,-0.115,1.9924,0.0
ATOM,3949.0,CD2,TYR,253.0,22.365,44.46,-0.858,-0.115,1.9924,0.0
ATOM,3950.0,CE1,TYR,253.0,23.919,45.923,-2.627,-0.115,1.9924,0.0
ATOM,3951.0,CE2,TYR,253.0,23.423,45.219,-0.379,-0.115,1.9924,0.0
ATOM,3952.0,CZ,TYR,253.0,24.198,45.945,-1.268,0.11,1.9924,0.0
ATOM,3953.0,OH,TYR,253.0,25.269,46.664,-0.787,-0.54,1.77,0.0
ATOM,3954.0,H,TYR,253.0,19.602,41.43,-3.679,0.31,0.2245,0.0
ATOM,3955.0,HA,TYR,253.0,22.12,42.559,-4.256,0.09,1.32,0.0
ATOM,3956.0,HB2,TYR,253.0,20.455,43.955,-3.394,0.09,1.32,0.0
ATOM,3957.0,HB3,TYR,253.0,20.473,43.15,-1.974,0.09,1.32,0.0
ATOM,3958.0,HD1,TYR,253.0,22.658,45.136,-4.076,0.115,1.3582,0.0
ATOM,3959.0,HD2,TYR,253.0,21.802,43.941,-0.215,0.115,1.3582,0.0
ATOM,3960.0,HE1,TYR,253.0,24.473,46.455,-3.266,0.115,1.3582,0.0
ATOM,3961.0,HE2,TYR,253.0,23.625,45.242,0.599,0.115,1.3582,0.0
ATOM,3962.0,HH,TYR,253.0,26.106,46.139,-0.929,0.43,0.2245,0.0
ATOM,3963.0,N,LEU,254.0,22.175,40.901,-1.467,-0.47,1.85,0.0
ATOM,3964.0,CA,LEU,254.0,23.097,40.248,-0.545,0.07,2.275,0.0
ATOM,3965.0,C,LEU,254.0,23.903,39.138,-1.216,0.51,2.0,0.0
ATOM,3966.0,O,LEU,254.0,25.068,38.919,-0.88,-0.51,1.7,0.09
ATOM,3967.0,CB,LEU,254.0,22.345,39.714,0.673,-0.18,2.175,0.23
ATOM,3968.0,CG,LEU,254.0,21.864,40.789,1.658,-0.09,2.275,0.0
ATOM,3969.0,CD1,LEU,254.0,21.14,40.148,2.831,-0.27,2.06,0.68
ATOM,3970.0,CD2,LEU,254.0,23.059,41.589,2.154,-0.27,2.06,0.04
ATOM,3971.0,H,LEU,254.0,21.153,40.877,-1.377,0.31,0.2245,0.0
ATOM,3972.0,HA,LEU,254.0,23.745,40.941,-0.193,0.09,1.32,0.0
ATOM,3973.0,HB2,LEU,254.0,21.543,39.23,0.352,0.09,1.32,0.0
ATOM,3974.0,HB3,LEU,254.0,22.951,39.11,1.169,0.09,1.32,0.0
ATOM,3975.0,HG,LEU,254.0,21.243,41.409,1.18,0.09,1.32,0.0
ATOM,3976.0,HD11,LEU,254.0,21.761,39.525,3.308,0.09,1.32,0.0
ATOM,3977.0,HD12,LEU,254.0,20.832,40.859,3.464,0.09,1.32,0.0
ATOM,3978.0,HD13,LEU,254.0,20.348,39.636,2.497,0.09,1.32,1.56
ATOM,3979.0,HD21,LEU,254.0,23.514,42.027,1.378,0.09,1.32,0.0
ATOM,3980.0,HD22,LEU,254.0,22.749,42.291,2.797,0.09,1.32,0.0
ATOM,3981.0,HD23,LEU,254.0,23.703,40.978,2.615,0.09,1.32,0.23
ATOM,3982.0,N,GLU,255.0,23.297,38.444,-2.176,-0.47,1.85,0.23
ATOM,3983.0,CA,GLU,255.0,24.009,37.386,-2.88,0.07,2.275,1.95
ATOM,3984.0,C,GLU,255.0,25.186,37.997,-3.631,0.51,2.0,0.0
ATOM,3985.0,O,GLU,255.0,26.303,37.495,-3.572,-0.51,1.7,2.02
ATOM,3986.0,CB,GLU,255.0,23.1,36.678,-3.879,-0.18,2.175,1.82
ATOM,3987.0,CG,GLU,255.0,23.804,35.512,-4.566,-0.28,2.175,10.56
ATOM,3988.0,CD,GLU,255.0,22.939,34.829,-5.599,0.62,2.0,3.01
ATOM,3989.0,OE1,GLU,255.0,21.702,34.843,-5.438,-0.76,1.7,18.81
ATOM,3990.0,OE2,GLU,255.0,23.5,34.263,-6.56,-0.76,1.7,33.78
ATOM,3991.0,H,GLU,255.0,22.322,38.711,-2.367,0.31,0.2245,0.0
ATOM,3992.0,HA,GLU,255.0,24.344,36.708,-2.227,0.09,1.32,6.13
ATOM,3993.0,HB2,GLU,255.0,22.338,36.315,-3.39,0.09,1.32,3.35
ATOM,3994.0,HB3,GLU,255.0,22.85,37.32,-4.57,0.09,1.32,0.0
ATOM,3995.0,HG2,GLU,255.0,24.6,35.864,-5.024,0.09,1.32,2.38
ATOM,3996.0,HG3,GLU,255.0,24.035,34.847,-3.879,0.09,1.32,8.2
ATOM,3997.0,N,TRP,256.0,24.92,39.081,-4.35,-0.47,1.85,0.0
ATOM,3998.0,CA,TRP,256.0,25.957,39.769,-5.1,0.07,2.275,0.0
ATOM,3999.0,C,TRP,256.0,27.018,40.305,-4.154,0.51,2.0,0.0
ATOM,4000.0,O,TRP,256.0,28.212,40.105,-4.368,-0.51,1.7,0.32
ATOM,4001.0,CB,TRP,256.0,25.37,40.953,-5.863,-0.18,2.175,0.0
ATOM,4002.0,CG,TRP,256.0,26.425,41.846,-6.479,-0.03,1.9924,0.0
ATOM,4003.0,CD1,TRP,256.0,27.141,41.604,-7.615,0.035,1.9924,2.14
ATOM,4004.0,CD2,TRP,256.0,26.869,43.122,-5.992,-0.02,1.8,0.0
ATOM,4005.0,NE1,TRP,256.0,27.995,42.648,-7.872,-0.61,1.85,0.04
ATOM,4006.0,CE2,TRP,256.0,27.848,43.595,-6.892,0.13,1.8,0.0
ATOM,4007.0,CE3,TRP,256.0,26.531,43.911,-4.883,-0.115,1.9924,0.0
ATOM,4008.0,CZ2,TRP,256.0,28.493,44.824,-6.72,-0.115,1.9924,0.0
ATOM,4009.0,CZ3,TRP,256.0,27.175,45.138,-4.712,-0.115,1.9924,0.0
ATOM,4010.0,CH2,TRP,256.0,28.144,45.579,-5.629,-0.115,1.9924,0.5
ATOM,4011.0,H,TRP,256.0,23.927,39.386,-4.329,0.31,0.2245,0.0
ATOM,4012.0,HA,TRP,256.0,26.398,39.098,-5.703,0.09,1.32,1.78
ATOM,4013.0,HB2,TRP,256.0,24.807,40.618,-6.605,0.09,1.32,0.0
ATOM,4014.0,HB3,TRP,256.0,24.844,41.515,-5.241,0.09,1.32,0.0
ATOM,4015.0,HD1,TRP,256.0,27.058,40.784,-8.182,0.115,1.3582,0.11
ATOM,4016.0,HE1,TRP,256.0,28.623,42.71,-8.647,0.38,0.2245,4.65
ATOM,4017.0,HE3,TRP,256.0,25.847,43.611,-4.227,0.115,1.3582,0.0
ATOM,4018.0,HZ2,TRP,256.0,29.185,45.128,-7.381,0.115,1.3582,0.0
ATOM,4019.0,HZ3,TRP,256.0,26.94,45.701,-3.929,0.115,1.3582,0.0
ATOM,4020.0,HH2,TRP,256.0,28.582,46.464,-5.474,0.115,1.3582,0.0
ATOM,4021.0,N,TYR,257.0,26.555,41.002,-3.115,-0.47,1.85,0.0
ATOM,4022.0,CA,TYR,257.0,27.43,41.632,-2.126,0.07,2.275,0.0
ATOM,4023.0,C,TYR,257.0,28.403,40.64,-1.496,0.51,2.0,0.0
ATOM,4024.0,O,TYR,257.0,29.609,40.89,-1.478,-0.51,1.7,0.0
ATOM,4025.0,CB,TYR,257.0,26.572,42.319,-1.054,-0.18,2.175,0.0
ATOM,4026.0,CG,TYR,257.0,27.312,43.273,-0.131,0.0,1.9924,0.0
ATOM,4027.0,CD1,TYR,257.0,27.915,44.433,-0.621,-0.115,1.9924,0.0
ATOM,4028.0,CD2,TYR,257.0,27.354,43.044,1.248,-0.115,1.9924,0.0
ATOM,4029.0,CE1,TYR,257.0,28.534,45.351,0.237,-0.115,1.9924,0.0
ATOM,4030.0,CE2,TYR,257.0,27.97,43.954,2.121,-0.115,1.9924,0.0
ATOM,4031.0,CZ,TYR,257.0,28.554,45.107,1.605,0.11,1.9924,0.0
ATOM,4032.0,OH,TYR,257.0,29.146,46.013,2.457,-0.54,1.77,0.0
ATOM,4033.0,H,TYR,257.0,25.512,41.059,-3.068,0.31,0.2245,0.0
ATOM,4034.0,HA,TYR,257.0,27.971,42.347,-2.595,0.09,1.32,0.0
ATOM,4035.0,HB2,TYR,257.0,25.848,42.836,-1.518,0.09,1.32,0.0
ATOM,4036.0,HB3,TYR,257.0,26.151,41.606,-0.488,0.09,1.32,0.0
ATOM,4037.0,HD1,TYR,257.0,27.908,44.617,-1.605,0.115,1.3582,0.0
ATOM,4038.0,HD2,TYR,257.0,26.938,42.219,1.622,0.115,1.3582,0.74
ATOM,4039.0,HE1,TYR,257.0,28.956,46.175,-0.136,0.115,1.3582,0.0
ATOM,4040.0,HE2,TYR,257.0,27.987,43.773,3.099,0.115,1.3582,0.0
ATOM,4041.0,HH,TYR,257.0,29.173,45.627,3.377,0.43,0.2245,0.0
ATOM,4042.0,N,GLN,258.0,27.889,39.524,-0.972,-0.47,1.85,0.0
ATOM,4043.0,CA,GLN,258.0,28.749,38.508,-0.374,0.07,2.275,0.0
ATOM,4044.0,C,GLN,258.0,29.543,37.843,-1.491,0.51,2.0,0.0
ATOM,4045.0,O,GLN,258.0,30.688,37.442,-1.3,-0.51,1.7,0.0
ATOM,4046.0,CB,GLN,258.0,27.924,37.443,0.368,-0.18,2.175,1.15
ATOM,4047.0,CG,GLN,258.0,28.79,36.392,1.051,-0.18,2.175,0.04
ATOM,4048.0,CD,GLN,258.0,28.01,35.418,1.919,0.55,2.0,0.68
ATOM,4049.0,H,GLN,258.0,26.86,39.449,-1.027,0.31,0.2245,0.0
ATOM,4050.0,HA,GLN,258.0,29.395,38.965,0.231,0.09,1.32,0.0
ATOM,4051.0,HB2,GLN,258.0,27.374,37.895,1.064,0.09,1.32,0.47
ATOM,4052.0,HB3,GLN,258.0,27.334,36.982,-0.29,0.09,1.32,2.24
ATOM,4053.0,HG2,GLN,258.0,29.275,35.868,0.344,0.09,1.32,0.0
ATOM,4054.0,HG3,GLN,258.0,29.467,36.86,1.627,0.09,1.32,0.0
ATOM,4055.0,OE1,GLN,258.0,27.275,35.82,2.82,-0.55,1.7,0.02
ATOM,4056.0,NE2,GLN,258.0,28.186,34.12,1.661,-0.62,1.85,2.5
ATOM,4057.0,HE21,GLN,258.0,27.709,33.414,2.209,0.32,0.2245,0.0
ATOM,4058.0,HE22,GLN,258.0,28.809,33.854,0.902,0.3,0.2245,0.0
ATOM,4059.0,N,GLY,259.0,28.919,37.741,-2.665,-0.47,1.85,0.05
ATOM,4060.0,CA,GLY,259.0,29.568,37.139,-3.818,-0.02,2.175,7.49
ATOM,4061.0,C,GLY,259.0,30.913,37.763,-4.143,0.51,2.0,0.0
ATOM,4062.0,O,GLY,259.0,31.87,37.065,-4.469,-0.51,1.7,0.1
ATOM,4063.0,H,GLY,259.0,27.954,38.121,-2.678,0.31,0.2245,0.0
ATOM,4064.0,HA2,GLY,259.0,29.694,36.143,-3.65,0.09,1.32,0.0
ATOM,4065.0,HA3,GLY,259.0,28.957,37.222,-4.628,0.09,1.32,5.16
ATOM,4066.0,N,ILE,260.0,30.999,39.086,-4.057,-0.47,1.85,0.0
ATOM,4067.0,CA,ILE,260.0,32.259,39.765,-4.343,0.07,2.275,0.0
ATOM,4068.0,C,ILE,260.0,33.382,39.203,-3.468,0.51,2.0,0.0
ATOM,4069.0,O,ILE,260.0,34.494,38.987,-3.94,-0.51,1.7,0.61
ATOM,4070.0,CB,ILE,260.0,32.148,41.28,-4.088,-0.09,2.275,0.0
ATOM,4071.0,CG1,ILE,260.0,31.017,41.874,-4.943,-0.18,2.175,0.0
ATOM,4072.0,CG2,ILE,260.0,33.485,41.955,-4.368,-0.27,2.06,0.22
ATOM,4073.0,CD1,ILE,260.0,31.117,41.55,-6.432,-0.27,2.06,12.67
ATOM,4074.0,H,ILE,260.0,30.133,39.57,-3.782,0.31,0.2245,0.0
ATOM,4075.0,HA,ILE,260.0,32.495,39.537,-5.29,0.09,1.32,0.21
ATOM,4076.0,HB,ILE,260.0,31.913,41.415,-3.135,0.09,1.32,0.0
ATOM,4077.0,HG12,ILE,260.0,30.146,41.529,-4.598,0.09,1.32,0.0
ATOM,4078.0,HG13,ILE,260.0,31.032,42.868,-4.834,0.09,1.32,0.1
ATOM,4079.0,HG21,ILE,260.0,33.415,42.929,-4.162,0.09,1.32,0.0
ATOM,4080.0,HG22,ILE,260.0,34.192,41.543,-3.796,0.09,1.32,0.0
ATOM,4081.0,HG23,ILE,260.0,33.724,41.835,-5.33,0.09,1.32,1.97
ATOM,4082.0,HD11,ILE,260.0,31.089,40.561,-6.551,0.09,1.32,0.83
ATOM,4083.0,HD12,ILE,260.0,30.349,41.971,-6.908,0.09,1.32,0.0
ATOM,4084.0,HD13,ILE,260.0,31.976,41.911,-6.785,0.09,1.32,0.68
ATOM,4085.0,N,LEU,261.0,33.087,38.963,-2.196,-0.47,1.85,0.0
ATOM,4086.0,CA,LEU,261.0,34.089,38.432,-1.28,0.07,2.275,0.0
ATOM,4087.0,C,LEU,261.0,34.45,36.993,-1.609,0.51,2.0,0.0
ATOM,4088.0,O,LEU,261.0,35.595,36.588,-1.436,-0.51,1.7,0.0
ATOM,4089.0,CB,LEU,261.0,33.599,38.526,0.166,-0.18,2.175,0.0
ATOM,4090.0,CG,LEU,261.0,33.331,39.947,0.68,-0.09,2.275,0.0
ATOM,4091.0,CD1,LEU,261.0,32.89,39.868,2.13,-0.27,2.06,0.0
ATOM,4092.0,CD2,LEU,261.0,34.578,40.812,0.548,-0.27,2.06,0.41
ATOM,4093.0,H,LEU,261.0,32.114,39.179,-1.921,0.31,0.2245,0.0
ATOM,4094.0,HA,LEU,261.0,34.924,38.996,-1.356,0.09,1.32,0.0
ATOM,4095.0,HB2,LEU,261.0,32.746,38.022,0.234,0.09,1.32,0.0
ATOM,4096.0,HB3,LEU,261.0,34.292,38.126,0.752,0.09,1.32,0.0
ATOM,4097.0,HG,LEU,261.0,32.612,40.356,0.133,0.09,1.32,0.0
ATOM,4098.0,HD11,LEU,261.0,33.611,39.441,2.678,0.09,1.32,0.0
ATOM,4099.0,HD12,LEU,261.0,32.712,40.789,2.478,0.09,1.32,0.0
ATOM,4100.0,HD13,LEU,261.0,32.054,39.321,2.198,0.09,1.32,0.0
ATOM,4101.0,HD21,LEU,261.0,34.849,40.862,-0.414,0.09,1.32,0.0
ATOM,4102.0,HD22,LEU,261.0,34.383,41.733,0.888,0.09,1.32,0.03
ATOM,4103.0,HD23,LEU,261.0,35.321,40.41,1.083,0.09,1.32,0.0
ATOM,4104.0,N,GLU,262.0,33.474,36.221,-2.084,-0.47,1.85,0.0
ATOM,4105.0,CA,GLU,262.0,33.731,34.832,-2.432,0.07,2.275,0.0
ATOM,4106.0,C,GLU,262.0,34.614,34.775,-3.666,0.51,2.0,0.0
ATOM,4107.0,O,GLU,262.0,35.546,33.981,-3.727,-0.51,1.7,0.0
ATOM,4108.0,CB,GLU,262.0,32.411,34.092,-2.671,-0.18,2.175,2.09
ATOM,4109.0,CG,GLU,262.0,31.517,34.102,-1.438,-0.28,2.175,0.0
ATOM,4110.0,CD,GLU,262.0,30.191,33.399,-1.644,0.62,2.0,0.49
ATOM,4111.0,OE1,GLU,262.0,29.627,33.493,-2.752,-0.76,1.7,8.58
ATOM,4112.0,OE2,GLU,262.0,29.7,32.769,-0.684,-0.76,1.7,0.0
ATOM,4113.0,H,GLU,262.0,32.556,36.681,-2.178,0.31,0.2245,0.0
ATOM,4114.0,HA,GLU,262.0,34.188,34.37,-1.669,0.09,1.32,0.0
ATOM,4115.0,HB2,GLU,262.0,31.935,34.554,-3.387,0.09,1.32,0.74
ATOM,4116.0,HB3,GLU,262.0,32.622,33.163,-2.878,0.09,1.32,0.28
ATOM,4117.0,HG2,GLU,262.0,31.993,33.636,-0.711,0.09,1.32,0.0
ATOM,4118.0,HG3,GLU,262.0,31.324,35.041,-1.205,0.09,1.32,0.0
ATOM,4119.0,N,ASN,263.0,34.333,35.623,-4.649,-0.47,1.85,0.0
ATOM,4120.0,CA,ASN,263.0,35.139,35.648,-5.862,0.07,2.275,0.9
ATOM,4121.0,C,ASN,263.0,36.558,36.111,-5.554,0.51,2.0,0.27
ATOM,4122.0,O,ASN,263.0,37.529,35.622,-6.138,-0.51,1.7,3.77
ATOM,4123.0,CB,ASN,263.0,34.504,36.56,-6.916,-0.18,2.175,13.09
ATOM,4124.0,CG,ASN,263.0,33.258,35.954,-7.524,0.55,2.0,1.76
ATOM,4125.0,H,ASN,263.0,33.523,36.24,-4.482,0.31,0.2245,0.0
ATOM,4126.0,HA,ASN,263.0,35.205,34.702,-6.197,0.09,1.32,0.11
ATOM,4127.0,HB2,ASN,263.0,34.261,37.421,-6.48,0.09,1.32,0.27
ATOM,4128.0,HB3,ASN,263.0,35.171,36.714,-7.638,0.09,1.32,9.44
ATOM,4129.0,OD1,ASN,263.0,33.196,34.741,-7.735,-0.55,1.7,24.88
ATOM,4130.0,ND2,ASN,263.0,32.264,36.785,-7.817,-0.62,1.85,16.77
ATOM,4131.0,HD22,ASN,263.0,32.373,37.766,-7.635,0.3,0.2245,3.84
ATOM,4132.0,HD21,ASN,263.0,31.418,36.44,-8.214,0.32,0.2245,20.77
ATOM,4133.0,N,HIS,264.0,36.669,37.055,-4.626,-0.47,1.85,0.4
ATOM,4134.0,CA,HIS,264.0,37.965,37.578,-4.223,0.07,2.275,2.2
ATOM,4135.0,C,HIS,264.0,38.783,36.463,-3.56,0.51,2.0,0.0
ATOM,4136.0,O,HIS,264.0,39.986,36.327,-3.804,-0.51,1.7,0.0
ATOM,4137.0,CB,HIS,264.0,37.762,38.736,-3.249,-0.09,2.175,0.02
ATOM,4138.0,CG,HIS,264.0,39.033,39.39,-2.819,-0.05,1.8,0.0
ATOM,4139.0,H,HIS,264.0,35.768,37.379,-4.223,0.31,0.2245,0.0
ATOM,4140.0,HA,HIS,264.0,38.459,37.881,-5.039,0.09,1.32,0.98
ATOM,4141.0,HB2,HIS,264.0,37.178,39.432,-3.684,0.09,1.32,0.0
ATOM,4142.0,HB3,HIS,264.0,37.288,38.394,-2.429,0.09,1.32,0.0
ATOM,4143.0,ND1,HIS,264.0,39.905,39.973,-3.71,-0.36,1.85,0.0
ATOM,4144.0,CD2,HIS,264.0,39.568,39.578,-1.59,0.22,1.8,0.03
ATOM,4145.0,CE1,HIS,264.0,40.924,40.495,-3.048,0.25,1.8,0.09
ATOM,4146.0,NE2,HIS,264.0,40.743,40.269,-1.76,-0.7,1.85,2.94
ATOM,4147.0,HD1,HIS,264.0,39.786,39.998,-4.703,0.32,0.2245,0.2
ATOM,4148.0,HD2,HIS,264.0,39.184,39.272,-0.723,0.1,1.468,0.0
ATOM,4149.0,HE1,HIS,264.0,41.697,40.975,-3.452,0.13,0.9,0.0
ATOM,4150.0,N,THR,265.0,38.116,35.663,-2.725,-0.47,1.85,0.0
ATOM,4151.0,CA,THR,265.0,38.762,34.562,-2.023,0.07,2.275,0.0
ATOM,4152.0,C,THR,265.0,39.373,33.59,-3.035,0.51,2.0,0.0
ATOM,4153.0,O,THR,265.0,40.531,33.19,-2.913,-0.51,1.7,0.0
ATOM,4154.0,CB,THR,265.0,37.746,33.806,-1.128,0.14,2.275,0.0
ATOM,4155.0,OG1,THR,265.0,37.257,34.694,-0.111,-0.66,1.77,0.01
ATOM,4156.0,CG2,THR,265.0,38.403,32.59,-0.455,-0.27,2.06,0.0
ATOM,4157.0,H,THR,265.0,37.106,35.894,-2.623,0.31,0.2245,0.0
ATOM,4158.0,HA,THR,265.0,39.502,34.93,-1.457,0.09,1.32,0.0
ATOM,4159.0,HB,THR,265.0,36.959,33.516,-1.704,0.09,1.32,0.0
ATOM,4160.0,HG21,THR,265.0,38.999,32.902,0.285,0.09,1.32,0.23
ATOM,4161.0,HG22,THR,265.0,37.693,31.992,-0.083,0.09,1.32,0.0
ATOM,4162.0,HG23,THR,265.0,38.943,32.088,-1.131,0.09,1.32,0.0
ATOM,4163.0,HG1,THR,265.0,36.656,35.39,-0.516,0.43,0.2245,0.0
ATOM,4164.0,N,LYS,266.0,38.593,33.228,-4.046,-0.47,1.85,0.0
ATOM,4165.0,CA,LYS,266.0,39.073,32.312,-5.068,0.07,2.275,0.16
ATOM,4166.0,C,LYS,266.0,40.242,32.913,-5.849,0.51,2.0,0.09
ATOM,4167.0,O,LYS,266.0,41.179,32.206,-6.217,-0.51,1.7,4.23
ATOM,4168.0,CB,LYS,266.0,37.926,31.944,-6.008,-0.18,2.175,9.48
ATOM,4169.0,CG,LYS,266.0,36.792,31.26,-5.278,-0.18,2.175,0.02
ATOM,4170.0,CD,LYS,266.0,35.601,31.0,-6.178,-0.18,2.175,6.69
ATOM,4171.0,CE,LYS,266.0,34.473,30.366,-5.384,0.21,2.175,1.25
ATOM,4172.0,NZ,LYS,266.0,33.382,29.878,-6.263,-0.3,1.85,12.87
ATOM,4173.0,H,LYS,266.0,37.646,33.642,-4.041,0.31,0.2245,0.0
ATOM,4174.0,HA,LYS,266.0,39.388,31.461,-4.626,0.09,1.32,0.0
ATOM,4175.0,HB2,LYS,266.0,37.582,32.777,-6.419,0.09,1.32,1.02
ATOM,4176.0,HB3,LYS,266.0,38.277,31.327,-6.699,0.09,1.32,9.28
ATOM,4177.0,HG2,LYS,266.0,37.119,30.382,-4.912,0.09,1.32,0.0
ATOM,4178.0,HG3,LYS,266.0,36.498,31.838,-4.51,0.09,1.32,0.0
ATOM,4179.0,HD2,LYS,266.0,35.282,31.861,-6.55,0.09,1.32,0.29
ATOM,4180.0,HD3,LYS,266.0,35.869,30.377,-6.9,0.09,1.32,7.7
ATOM,4181.0,HE2,LYS,266.0,34.841,29.595,-4.855,0.05,1.32,0.0
ATOM,4182.0,HE3,LYS,266.0,34.103,31.047,-4.744,0.05,1.32,0.0
ATOM,4183.0,HZ1,LYS,266.0,33.083,28.975,-5.954,0.33,0.2245,15.07
ATOM,4184.0,HZ2,LYS,266.0,32.612,30.515,-6.225,0.33,0.2245,15.84
ATOM,4185.0,HZ3,LYS,266.0,33.715,29.814,-7.204,0.33,0.2245,15.24
ATOM,4186.0,N,LEU,267.0,40.195,34.217,-6.095,-0.47,1.85,0.43
ATOM,4187.0,CA,LEU,267.0,41.277,34.864,-6.822,0.07,2.275,2.37
ATOM,4188.0,C,LEU,267.0,42.587,34.83,-6.024,0.51,2.0,0.0
ATOM,4189.0,O,LEU,267.0,43.571,34.235,-6.47,-0.51,1.7,0.0
ATOM,4190.0,CB,LEU,267.0,40.905,36.316,-7.174,-0.18,2.175,0.38
ATOM,4191.0,CG,LEU,267.0,41.968,37.162,-7.897,-0.09,2.275,0.0
ATOM,4192.0,CD1,LEU,267.0,42.439,36.445,-9.16,-0.27,2.06,0.93
ATOM,4193.0,CD2,LEU,267.0,41.4,38.526,-8.249,-0.27,2.06,1.09
ATOM,4194.0,H,LEU,267.0,39.362,34.706,-5.741,0.31,0.2245,0.0
ATOM,4195.0,HA,LEU,267.0,41.426,34.372,-7.689,0.09,1.32,2.41
ATOM,4196.0,HB2,LEU,267.0,40.099,36.288,-7.764,0.09,1.32,5.17
ATOM,4197.0,HB3,LEU,267.0,40.681,36.787,-6.322,0.09,1.32,0.0
ATOM,4198.0,HG,LEU,267.0,42.742,37.299,-7.285,0.09,1.32,0.0
ATOM,4199.0,HD11,LEU,267.0,41.661,36.303,-9.771,0.09,1.32,3.52
ATOM,4200.0,HD12,LEU,267.0,43.128,37.003,-9.621,0.09,1.32,0.0
ATOM,4201.0,HD13,LEU,267.0,42.835,35.561,-8.912,0.09,1.32,0.0
ATOM,4202.0,HD21,LEU,267.0,41.119,38.999,-7.413,0.09,1.32,0.0
ATOM,4203.0,HD22,LEU,267.0,42.097,39.069,-8.719,0.09,1.32,0.0
ATOM,4204.0,HD23,LEU,267.0,40.607,38.415,-8.849,0.09,1.32,2.64
ATOM,4205.0,N,ILE,268.0,42.605,35.44,-4.838,-0.47,1.85,0.0
ATOM,4206.0,CA,ILE,268.0,43.838,35.465,-4.046,0.07,2.275,0.0
ATOM,4207.0,C,ILE,268.0,44.316,34.059,-3.711,0.51,2.0,0.0
ATOM,4208.0,O,ILE,268.0,45.519,33.821,-3.602,-0.51,1.7,0.0
ATOM,4209.0,CB,ILE,268.0,43.688,36.279,-2.729,-0.09,2.275,0.0
ATOM,4210.0,CG1,ILE,268.0,42.705,35.588,-1.778,-0.18,2.175,0.0
ATOM,4211.0,CG2,ILE,268.0,43.239,37.705,-3.049,-0.27,2.06,0.0
ATOM,4212.0,CD1,ILE,268.0,42.63,36.242,-0.405,-0.27,2.06,0.0
ATOM,4213.0,H,ILE,268.0,41.722,35.869,-4.544,0.31,0.2245,0.0
ATOM,4214.0,HA,ILE,268.0,44.541,35.877,-4.637,0.09,1.32,0.0
ATOM,4215.0,HB,ILE,268.0,44.578,36.307,-2.29,0.09,1.32,0.0
ATOM,4216.0,HG12,ILE,268.0,41.799,35.604,-2.191,0.09,1.32,0.0
ATOM,4217.0,HG13,ILE,268.0,42.994,34.641,-1.663,0.09,1.32,0.0
ATOM,4218.0,HG21,ILE,268.0,43.188,38.233,-2.204,0.09,1.32,0.0
ATOM,4219.0,HG22,ILE,268.0,43.897,38.127,-3.668,0.09,1.32,0.0
ATOM,4220.0,HG23,ILE,268.0,42.341,37.679,-3.482,0.09,1.32,0.0
ATOM,4221.0,HD11,ILE,268.0,42.335,37.189,-0.51,0.09,1.32,0.0
ATOM,4222.0,HD12,ILE,268.0,41.975,35.744,0.159,0.09,1.32,0.1
ATOM,4223.0,HD13,ILE,268.0,43.532,36.214,0.02,0.09,1.32,0.0
ATOM,4224.0,N,GLY,269.0,43.376,33.132,-3.555,-0.47,1.85,0.0
ATOM,4225.0,CA,GLY,269.0,43.753,31.769,-3.257,-0.02,2.175,0.0
ATOM,4226.0,C,GLY,269.0,44.537,31.189,-4.421,0.51,2.0,0.11
ATOM,4227.0,O,GLY,269.0,45.525,30.482,-4.237,-0.51,1.7,0.0
ATOM,4228.0,H,GLY,269.0,42.408,33.461,-3.661,0.31,0.2245,0.0
ATOM,4229.0,HA2,GLY,269.0,44.321,31.745,-2.43,0.09,1.32,0.0
ATOM,4230.0,HA3,GLY,269.0,42.932,31.214,-3.101,0.09,1.32,0.0
ATOM,4231.0,N,GLU,270.0,44.101,31.501,-5.632,-0.47,1.85,0.96
ATOM,4232.0,CA,GLU,270.0,44.774,31.004,-6.819,0.07,2.275,2.16
ATOM,4233.0,C,GLU,270.0,46.132,31.675,-7.029,0.51,2.0,0.0
ATOM,4234.0,O,GLU,270.0,47.118,31.007,-7.334,-0.51,1.7,0.0
ATOM,4235.0,CB,GLU,270.0,43.892,31.224,-8.044,-0.18,2.175,1.76
ATOM,4236.0,CG,GLU,270.0,44.549,30.799,-9.335,-0.28,2.175,3.22
ATOM,4237.0,CD,GLU,270.0,43.696,31.128,-10.534,0.62,2.0,3.47
ATOM,4238.0,OE1,GLU,270.0,42.635,30.482,-10.698,-0.76,1.7,40.43
ATOM,4239.0,OE2,GLU,270.0,44.082,32.041,-11.299,-0.76,1.7,10.03
ATOM,4240.0,H,GLU,270.0,43.265,32.111,-5.656,0.31,0.2245,0.0
ATOM,4241.0,HA,GLU,270.0,44.907,30.004,-6.744,0.09,1.32,4.12
ATOM,4242.0,HB2,GLU,270.0,43.079,30.685,-7.927,0.09,1.32,5.62
ATOM,4243.0,HB3,GLU,270.0,43.699,32.185,-8.105,0.09,1.32,0.0
ATOM,4244.0,HG2,GLU,270.0,45.395,31.286,-9.428,0.09,1.32,0.0
ATOM,4245.0,HG3,GLU,270.0,44.674,29.826,-9.316,0.09,1.32,7.03
ATOM,4246.0,N,LEU,271.0,46.184,32.993,-6.878,-0.47,1.85,0.0
ATOM,4247.0,CA,LEU,271.0,47.449,33.707,-7.042,0.07,2.275,0.69
ATOM,4248.0,C,LEU,271.0,48.466,33.18,-6.025,0.51,2.0,0.0
ATOM,4249.0,O,LEU,271.0,49.629,32.955,-6.352,-0.51,1.7,1.78
ATOM,4250.0,CB,LEU,271.0,47.249,35.21,-6.835,-0.18,2.175,0.05
ATOM,4251.0,CG,LEU,271.0,46.261,35.908,-7.764,-0.09,2.275,0.0
ATOM,4252.0,CD1,LEU,271.0,46.147,37.379,-7.397,-0.27,2.06,0.0
ATOM,4253.0,CD2,LEU,271.0,46.726,35.752,-9.191,-0.27,2.06,10.83
ATOM,4254.0,H,LEU,271.0,45.292,33.45,-6.645,0.31,0.2245,0.0
ATOM,4255.0,HA,LEU,271.0,47.802,33.53,-7.96,0.09,1.32,0.51
ATOM,4256.0,HB2,LEU,271.0,46.927,35.348,-5.898,0.09,1.32,0.0
ATOM,4257.0,HB3,LEU,271.0,48.136,35.654,-6.953,0.09,1.32,0.0
ATOM,4258.0,HG,LEU,271.0,45.366,35.474,-7.675,0.09,1.32,0.0
ATOM,4259.0,HD11,LEU,271.0,47.043,37.816,-7.484,0.09,1.32,0.0
ATOM,4260.0,HD12,LEU,271.0,45.497,37.828,-8.011,0.09,1.32,0.0
ATOM,4261.0,HD13,LEU,271.0,45.826,37.465,-6.453,0.09,1.32,0.0
ATOM,4262.0,HD21,LEU,271.0,46.776,34.779,-9.429,0.09,1.32,0.44
ATOM,4263.0,HD22,LEU,271.0,46.083,36.208,-9.811,0.09,1.32,0.0
ATOM,4264.0,HD23,LEU,271.0,47.634,36.163,-9.301,0.09,1.32,1.29
ATOM,4265.0,N,ALA,272.0,48.004,32.975,-4.792,-0.47,1.85,0.0
ATOM,4266.0,CA,ALA,272.0,48.854,32.484,-3.711,0.07,2.275,0.0
ATOM,4267.0,C,ALA,272.0,49.403,31.091,-3.985,0.51,2.0,0.0
ATOM,4268.0,O,ALA,272.0,50.603,30.856,-3.846,-0.51,1.7,0.0
ATOM,4269.0,CB,ALA,272.0,48.081,32.487,-2.396,-0.27,2.06,0.0
ATOM,4270.0,H,ALA,272.0,46.992,33.194,-4.668,0.31,0.2245,0.0
ATOM,4271.0,HA,ALA,272.0,49.635,33.122,-3.599,0.09,1.32,0.0
ATOM,4272.0,HB1,ALA,272.0,47.568,31.634,-2.31,0.09,1.32,0.0
ATOM,4273.0,HB2,ALA,272.0,48.722,32.569,-1.634,0.09,1.32,0.0
ATOM,4274.0,HB3,ALA,272.0,47.448,33.26,-2.384,0.09,1.32,0.0
ATOM,4275.0,N,HIS,273.0,48.528,30.156,-4.349,-0.47,1.85,0.0
ATOM,4276.0,CA,HIS,273.0,48.98,28.803,-4.644,0.07,2.275,0.0
ATOM,4277.0,C,HIS,273.0,49.95,28.792,-5.82,0.51,2.0,0.0
ATOM,4278.0,O,HIS,273.0,50.969,28.107,-5.787,-0.51,1.7,0.77
ATOM,4279.0,CB,HIS,273.0,47.788,27.899,-4.937,-0.09,2.175,5.46
ATOM,4280.0,CG,HIS,273.0,47.101,27.407,-3.707,-0.05,1.8,0.0
ATOM,4281.0,H,HIS,273.0,47.548,30.463,-4.4,0.31,0.2245,0.0
ATOM,4282.0,HA,HIS,273.0,49.462,28.443,-3.835,0.09,1.32,0.0
ATOM,4283.0,HB2,HIS,273.0,47.12,28.406,-5.492,0.09,1.32,0.0
ATOM,4284.0,HB3,HIS,273.0,48.103,27.102,-5.464,0.09,1.32,1.96
ATOM,4285.0,ND1,HIS,273.0,47.682,26.501,-2.848,-0.36,1.85,0.42
ATOM,4286.0,CD2,HIS,273.0,45.905,27.728,-3.162,0.22,1.8,1.04
ATOM,4287.0,CE1,HIS,273.0,46.875,26.288,-1.825,0.25,1.8,4.8
ATOM,4288.0,NE2,HIS,273.0,45.789,27.02,-1.992,-0.7,1.85,0.0
ATOM,4289.0,HD1,HIS,273.0,48.577,26.073,-2.98,0.32,0.2245,0.1
ATOM,4290.0,HD2,HIS,273.0,45.232,28.36,-3.539,0.1,1.468,0.25
ATOM,4291.0,HE1,HIS,273.0,47.053,25.678,-1.058,0.13,0.9,9.96
ATOM,4292.0,N,ASN,274.0,49.645,29.564,-6.857,-0.47,1.85,0.0
ATOM,4293.0,CA,ASN,274.0,50.527,29.617,-8.012,0.07,2.275,0.88
ATOM,4294.0,C,ASN,274.0,51.91,30.12,-7.612,0.51,2.0,0.21
ATOM,4295.0,O,ASN,274.0,52.913,29.643,-8.132,-0.51,1.7,22.18
ATOM,4296.0,CB,ASN,274.0,49.943,30.528,-9.096,-0.18,2.175,13.57
ATOM,4297.0,CG,ASN,274.0,48.731,29.911,-9.786,0.55,2.0,1.9
ATOM,4298.0,H,ASN,274.0,48.769,30.096,-6.772,0.31,0.2245,0.0
ATOM,4299.0,HA,ASN,274.0,50.643,28.675,-8.345,0.09,1.32,5.18
ATOM,4300.0,HB2,ASN,274.0,49.663,31.383,-8.673,0.09,1.32,0.04
ATOM,4301.0,HB3,ASN,274.0,50.645,30.694,-9.781,0.09,1.32,9.55
ATOM,4302.0,OD1,ASN,274.0,48.037,30.576,-10.556,-0.55,1.7,21.97
ATOM,4303.0,ND2,ASN,274.0,48.481,28.632,-9.514,-0.62,1.85,17.03
ATOM,4304.0,HD22,ASN,274.0,49.076,28.135,-8.88,0.3,0.2245,5.17
ATOM,4305.0,HD21,ASN,274.0,47.705,28.171,-9.939,0.32,0.2245,16.87
ATOM,4306.0,N,ALA,275.0,51.962,31.059,-6.67,-0.47,1.85,0.0
ATOM,4307.0,CA,ALA,275.0,53.236,31.631,-6.24,0.07,2.275,0.33
ATOM,4308.0,C,ALA,275.0,54.001,30.892,-5.149,0.51,2.0,0.0
ATOM,4309.0,O,ALA,275.0,55.223,31.001,-5.085,-0.51,1.7,4.01
ATOM,4310.0,CB,ALA,275.0,53.03,33.077,-5.804,-0.27,2.06,0.18
ATOM,4311.0,H,ALA,275.0,51.046,31.34,-6.28,0.31,0.2245,0.0
ATOM,4312.0,HA,ALA,275.0,53.85,31.704,-7.069,0.09,1.32,5.23
ATOM,4313.0,HB1,ALA,275.0,53.774,33.35,-5.195,0.09,1.32,0.0
ATOM,4314.0,HB2,ALA,275.0,53.023,33.67,-6.609,0.09,1.32,0.0
ATOM,4315.0,HB3,ALA,275.0,52.158,33.159,-5.323,0.09,1.32,0.0
ATOM,4316.0,N,PHE,276.0,53.31,30.127,-4.308,-0.47,1.85,0.0
ATOM,4317.0,CA,PHE,276.0,53.991,29.45,-3.204,0.07,2.275,0.0
ATOM,4318.0,C,PHE,276.0,54.022,27.923,-3.169,0.51,2.0,0.0
ATOM,4319.0,O,PHE,276.0,54.92,27.342,-2.554,-0.51,1.7,0.0
ATOM,4320.0,CB,PHE,276.0,53.399,29.919,-1.868,-0.18,2.175,0.41
ATOM,4321.0,CG,PHE,276.0,53.299,31.404,-1.731,0.0,1.9924,0.0
ATOM,4322.0,CD1,PHE,276.0,54.432,32.201,-1.807,-0.115,1.9924,0.0
ATOM,4323.0,CD2,PHE,276.0,52.065,32.008,-1.523,-0.115,1.9924,0.0
ATOM,4324.0,CE1,PHE,276.0,54.335,33.586,-1.678,-0.115,1.9924,0.0
ATOM,4325.0,CE2,PHE,276.0,51.957,33.388,-1.391,-0.115,1.9924,0.0
ATOM,4326.0,CZ,PHE,276.0,53.095,34.179,-1.471,-0.115,1.9924,0.0
ATOM,4327.0,H,PHE,276.0,52.303,30.057,-4.494,0.31,0.2245,0.0
ATOM,4328.0,HA,PHE,276.0,54.981,29.76,-3.239,0.09,1.32,0.0
ATOM,4329.0,HB2,PHE,276.0,52.488,29.538,-1.795,0.09,1.32,0.0
ATOM,4330.0,HB3,PHE,276.0,53.986,29.579,-1.146,0.09,1.32,0.0
ATOM,4331.0,HD1,PHE,276.0,55.324,31.789,-1.956,0.115,1.3582,0.0
ATOM,4332.0,HD2,PHE,276.0,51.241,31.442,-1.468,0.115,1.3582,0.0
ATOM,4333.0,HE1,PHE,276.0,55.167,34.148,-1.735,0.115,1.3582,0.0
ATOM,4334.0,HE2,PHE,276.0,51.05,33.807,-1.236,0.115,1.3582,0.0
ATOM,4335.0,HZ,PHE,276.0,53.028,35.171,-1.381,0.115,1.3582,0.0
ATOM,4336.0,N,ASP,277.0,53.055,27.276,-3.808,-0.47,1.85,0.0
ATOM,4337.0,CA,ASP,277.0,52.968,25.817,-3.772,0.07,2.275,0.1
ATOM,4338.0,C,ASP,277.0,54.224,25.018,-4.101,0.51,2.0,0.13
ATOM,4339.0,O,ASP,277.0,54.591,24.105,-3.358,-0.51,1.7,2.92
ATOM,4340.0,CB,ASP,277.0,51.803,25.344,-4.643,-0.28,2.175,10.54
ATOM,4341.0,CG,ASP,277.0,50.453,25.582,-3.985,0.62,2.0,3.15
ATOM,4342.0,OD1,ASP,277.0,50.432,26.086,-2.844,-0.76,1.7,5.15
ATOM,4343.0,OD2,ASP,277.0,49.415,25.262,-4.603,-0.76,1.7,17.2
ATOM,4344.0,H,ASP,277.0,52.386,27.877,-4.32,0.31,0.2245,0.0
ATOM,4345.0,HA,ASP,277.0,52.698,25.561,-2.807,0.09,1.32,0.13
ATOM,4346.0,HB2,ASP,277.0,51.833,25.847,-5.497,0.09,1.32,1.6
ATOM,4347.0,HB3,ASP,277.0,51.912,24.372,-4.803,0.09,1.32,9.05
ATOM,4348.0,N,THR,278.0,54.886,25.345,-5.204,-0.47,1.85,0.0
ATOM,4349.0,CA,THR,278.0,56.09,24.61,-5.573,0.07,2.275,0.94
ATOM,4350.0,C,THR,278.0,57.281,24.992,-4.701,0.51,2.0,0.2
ATOM,4351.0,O,THR,278.0,58.065,24.131,-4.301,-0.51,1.7,18.7
ATOM,4352.0,CB,THR,278.0,56.454,24.832,-7.06,0.14,2.275,7.16
ATOM,4353.0,OG1,THR,278.0,56.602,26.233,-7.32,-0.66,1.77,17.78
ATOM,4354.0,CG2,THR,278.0,55.371,24.263,-7.962,-0.27,2.06,40.21
ATOM,4355.0,H,THR,278.0,54.494,26.123,-5.747,0.31,0.2245,0.11
ATOM,4356.0,HA,THR,278.0,55.912,23.622,-5.45,0.09,1.32,5.93
ATOM,4357.0,HB,THR,278.0,57.347,24.375,-7.248,0.09,1.32,10.64
ATOM,4358.0,HG21,THR,278.0,54.471,24.401,-7.542,0.09,1.32,1.78
ATOM,4359.0,HG22,THR,278.0,55.392,24.724,-8.852,0.09,1.32,11.55
ATOM,4360.0,HG23,THR,278.0,55.522,23.281,-8.098,0.09,1.32,11.87
ATOM,4361.0,HG1,THR,278.0,55.81,26.74,-6.964,0.43,0.2245,1.27
ATOM,4362.0,N,THR,279.0,57.403,26.281,-4.393,-0.47,1.85,0.0
ATOM,4363.0,CA,THR,279.0,58.505,26.783,-3.579,0.07,2.275,1.18
ATOM,4364.0,C,THR,279.0,58.48,26.4,-2.097,0.51,2.0,0.0
ATOM,4365.0,O,THR,279.0,59.457,25.87,-1.579,-0.51,1.7,2.59
ATOM,4366.0,CB,THR,279.0,58.581,28.312,-3.645,0.14,2.275,0.0
ATOM,4367.0,OG1,THR,279.0,58.661,28.73,-5.01,-0.66,1.77,13.2
ATOM,4368.0,CG2,THR,279.0,59.809,28.812,-2.895,-0.27,2.06,0.91
ATOM,4369.0,H,THR,279.0,56.653,26.892,-4.779,0.31,0.2245,0.0
ATOM,4370.0,HA,THR,279.0,59.384,26.43,-3.979,0.09,1.32,8.33
ATOM,4371.0,HB,THR,279.0,57.728,28.704,-3.242,0.09,1.32,0.0
ATOM,4372.0,HG21,THR,279.0,59.735,29.8,-2.743,0.09,1.32,0.0
ATOM,4373.0,HG22,THR,279.0,59.878,28.348,-2.01,0.09,1.32,0.0
ATOM,4374.0,HG23,THR,279.0,60.634,28.623,-3.431,0.09,1.32,1.19
ATOM,4375.0,HG1,THR,279.0,57.891,29.337,-5.237,0.43,0.2245,5.18
ATOM,4376.0,N,PHE,280.0,57.369,26.673,-1.418,-0.47,1.85,0.0
ATOM,4377.0,CA,PHE,280.0,57.257,26.39,0.013,0.07,2.275,0.0
ATOM,4378.0,C,PHE,280.0,56.482,25.138,0.414,0.51,2.0,0.0
ATOM,4379.0,O,PHE,280.0,56.824,24.49,1.399,-0.51,1.7,4.75
ATOM,4380.0,CB,PHE,280.0,56.648,27.604,0.714,-0.18,2.175,0.0
ATOM,4381.0,CG,PHE,280.0,57.445,28.858,0.535,0.0,1.9924,0.0
ATOM,4382.0,CD1,PHE,280.0,58.652,29.03,1.2,-0.115,1.9924,0.0
ATOM,4383.0,CD2,PHE,280.0,57.007,29.856,-0.328,-0.115,1.9924,0.0
ATOM,4384.0,CE1,PHE,280.0,59.416,30.176,1.008,-0.115,1.9924,0.0
ATOM,4385.0,CE2,PHE,280.0,57.763,31.01,-0.53,-0.115,1.9924,0.0
ATOM,4386.0,CZ,PHE,280.0,58.971,31.17,0.139,-0.115,1.9924,0.0
ATOM,4387.0,H,PHE,280.0,56.606,27.095,-1.979,0.31,0.2245,0.0
ATOM,4388.0,HA,PHE,280.0,58.217,26.263,0.361,0.09,1.32,0.0
ATOM,4389.0,HB2,PHE,280.0,55.749,27.753,0.333,0.09,1.32,0.0
ATOM,4390.0,HB3,PHE,280.0,56.602,27.403,1.68,0.09,1.32,0.0
ATOM,4391.0,HD1,PHE,280.0,58.98,28.325,1.823,0.115,1.3582,0.0
ATOM,4392.0,HD2,PHE,280.0,56.139,29.746,-0.812,0.115,1.3582,0.0
ATOM,4393.0,HE1,PHE,280.0,60.287,30.282,1.499,0.115,1.3582,0.0
ATOM,4394.0,HE2,PHE,280.0,57.427,31.724,-1.161,0.115,1.3582,0.0
ATOM,4395.0,HZ,PHE,280.0,59.52,31.99,0.001,0.115,1.3582,0.0
ATOM,4396.0,N,GLN,281.0,55.433,24.802,-0.331,-0.47,1.85,0.0
ATOM,4397.0,CA,GLN,281.0,54.631,23.625,-0.012,0.07,2.275,2.91
ATOM,4398.0,C,GLN,281.0,54.023,23.68,1.386,0.51,2.0,1.93
ATOM,4399.0,O,GLN,281.0,54.019,22.681,2.115,-0.51,1.7,22.82
ATOM,4400.0,CB,GLN,281.0,55.472,22.355,-0.133,-0.18,2.175,6.27
ATOM,4401.0,CG,GLN,281.0,55.849,21.985,-1.548,-0.18,2.175,0.71
ATOM,4402.0,CD,GLN,281.0,56.611,20.679,-1.604,0.55,2.0,1.87
ATOM,4403.0,H,GLN,281.0,55.242,25.428,-1.13,0.31,0.2245,0.0
ATOM,4404.0,HA,GLN,281.0,53.867,23.58,-0.678,0.09,1.32,4.17
ATOM,4405.0,HB2,GLN,281.0,56.317,22.48,0.396,0.09,1.32,1.43
ATOM,4406.0,HB3,GLN,281.0,54.954,21.59,0.266,0.09,1.32,6.51
ATOM,4407.0,HG2,GLN,281.0,55.018,21.891,-2.091,0.09,1.32,3.13
ATOM,4408.0,HG3,GLN,281.0,56.424,22.706,-1.93,0.09,1.32,0.0
ATOM,4409.0,OE1,GLN,281.0,57.728,20.577,-1.093,-0.55,1.7,27.35
ATOM,4410.0,NE2,GLN,281.0,56.006,19.664,-2.217,-0.62,1.85,28.19
ATOM,4411.0,HE21,GLN,281.0,56.462,18.761,-2.306,0.32,0.2245,22.11
ATOM,4412.0,HE22,GLN,281.0,55.072,19.808,-2.598,0.3,0.2245,17.34
ATOM,4413.0,N,VAL,282.0,53.51,24.843,1.766,-0.47,1.85,0.41
ATOM,4414.0,CA,VAL,282.0,52.901,24.993,3.077,0.07,2.275,0.47
ATOM,4415.0,C,VAL,282.0,51.453,25.431,2.93,0.51,2.0,1.77
ATOM,4416.0,O,VAL,282.0,51.07,26.017,1.92,-0.51,1.7,4.77
ATOM,4417.0,CB,VAL,282.0,53.638,26.049,3.93,-0.09,2.275,0.0
ATOM,4418.0,CG1,VAL,282.0,55.082,25.623,4.151,-0.27,2.06,8.2
ATOM,4419.0,CG2,VAL,282.0,53.581,27.401,3.24,-0.27,2.06,0.0
ATOM,4420.0,H,VAL,282.0,53.58,25.604,1.071,0.31,0.2245,0.12
ATOM,4421.0,HA,VAL,282.0,52.91,24.099,3.533,0.09,1.32,0.29
ATOM,4422.0,HB,VAL,282.0,53.201,26.074,4.821,0.09,1.32,0.0
ATOM,4423.0,HG11,VAL,282.0,55.127,24.628,4.238,0.09,1.32,5.66
ATOM,4424.0,HG12,VAL,282.0,55.639,25.915,3.374,0.09,1.32,0.0
ATOM,4425.0,HG13,VAL,282.0,55.431,26.046,4.987,0.09,1.32,0.0
ATOM,4426.0,HG21,VAL,282.0,52.998,27.335,2.43,0.09,1.32,0.0
ATOM,4427.0,HG22,VAL,282.0,53.204,28.079,3.871,0.09,1.32,0.0
ATOM,4428.0,HG23,VAL,282.0,54.504,27.673,2.967,0.09,1.32,0.0
ATOM,4429.0,N,PRO,283.0,50.631,25.136,3.939,-0.29,1.85,0.57
ATOM,4430.0,CA,PRO,283.0,49.218,25.514,3.914,0.02,2.275,1.85
ATOM,4431.0,C,PRO,283.0,49.076,27.027,3.749,0.51,2.0,0.0
ATOM,4432.0,O,PRO,283.0,49.952,27.797,4.158,-0.51,1.7,0.0
ATOM,4433.0,CB,PRO,283.0,48.72,25.055,5.277,-0.18,2.175,2.39
ATOM,4434.0,CG,PRO,283.0,49.578,23.868,5.565,-0.18,2.175,20.81
ATOM,4435.0,CD,PRO,283.0,50.94,24.333,5.134,0.0,2.175,8.77
ATOM,4436.0,HA,PRO,283.0,48.729,25.03,3.183,0.09,1.32,8.4
ATOM,4437.0,HB2,PRO,283.0,48.853,25.767,5.964,0.09,1.32,0.0
ATOM,4438.0,HB3,PRO,283.0,47.757,24.799,5.238,0.09,1.32,1.58
ATOM,4439.0,HG2,PRO,283.0,49.565,23.651,6.536,0.09,1.32,11.88
ATOM,4440.0,HG3,PRO,283.0,49.282,23.083,5.031,0.09,1.32,11.42
ATOM,4441.0,HD2,PRO,283.0,51.373,24.896,5.832,0.09,1.32,0.0
ATOM,4442.0,HD3,PRO,283.0,51.532,23.566,4.898,0.09,1.32,5.69
ATOM,4443.0,N,ILE,284.0,47.982,27.448,3.133,-0.47,1.85,0.0
ATOM,4444.0,CA,ILE,284.0,47.714,28.864,2.956,0.07,2.275,0.0
ATOM,4445.0,C,ILE,284.0,46.335,29.104,3.562,0.51,2.0,0.0
ATOM,4446.0,O,ILE,284.0,45.437,28.271,3.439,-0.51,1.7,0.17
ATOM,4447.0,CB,ILE,284.0,47.708,29.267,1.458,-0.09,2.275,0.0
ATOM,4448.0,CG1,ILE,284.0,49.038,28.877,0.806,-0.18,2.175,0.0
ATOM,4449.0,CG2,ILE,284.0,47.492,30.767,1.328,-0.27,2.06,0.0
ATOM,4450.0,CD1,ILE,284.0,49.104,29.156,-0.68,-0.27,2.06,0.0
ATOM,4451.0,H,ILE,284.0,47.35,26.696,2.797,0.31,0.2245,2.86
ATOM,4452.0,HA,ILE,284.0,48.359,29.348,3.526,0.09,1.32,0.0
ATOM,4453.0,HB,ILE,284.0,46.983,28.759,1.012,0.09,1.32,0.0
ATOM,4454.0,HG12,ILE,284.0,49.772,29.378,1.264,0.09,1.32,0.0
ATOM,4455.0,HG13,ILE,284.0,49.183,27.898,0.955,0.09,1.32,0.0
ATOM,4456.0,HG21,ILE,284.0,47.472,31.019,0.362,0.09,1.32,0.0
ATOM,4457.0,HG22,ILE,284.0,46.624,31.018,1.754,0.09,1.32,0.0
ATOM,4458.0,HG23,ILE,284.0,48.237,31.252,1.782,0.09,1.32,0.0
ATOM,4459.0,HD11,ILE,284.0,48.973,30.133,-0.839,0.09,1.32,0.0
ATOM,4460.0,HD12,ILE,284.0,49.997,28.876,-1.03,0.09,1.32,0.03
ATOM,4461.0,HD13,ILE,284.0,48.385,28.641,-1.146,0.09,1.32,0.0
ATOM,4462.0,N,GLY,285.0,46.167,30.235,4.231,-0.47,1.85,0.0
ATOM,4463.0,CA,GLY,285.0,44.88,30.521,4.829,-0.02,2.175,0.0
ATOM,4464.0,C,GLY,285.0,44.53,31.992,4.827,0.51,2.0,0.0
ATOM,4465.0,O,GLY,285.0,45.368,32.844,4.517,-0.51,1.7,0.0
ATOM,4466.0,H,GLY,285.0,46.985,30.851,4.282,0.31,0.2245,0.0
ATOM,4467.0,HA2,GLY,285.0,44.155,30.004,4.332,0.09,1.32,0.0
ATOM,4468.0,HA3,GLY,285.0,44.87,30.176,5.789,0.09,1.32,0.23
ATOM,4469.0,N,ALA,286.0,43.282,32.285,5.166,-0.47,1.85,0.0
ATOM,4470.0,CA,ALA,286.0,42.801,33.654,5.224,0.07,2.275,0.07
ATOM,4471.0,C,ALA,286.0,41.95,33.785,6.47,0.51,2.0,0.14
ATOM,4472.0,O,ALA,286.0,41.639,32.786,7.119,-0.51,1.7,0.13
ATOM,4473.0,CB,ALA,286.0,41.988,33.985,3.98,-0.27,2.06,0.29
ATOM,4474.0,H,ALA,286.0,42.686,31.458,5.384,0.31,0.2245,0.0
ATOM,4475.0,HA,ALA,286.0,43.58,34.27,5.299,0.09,1.32,0.0
ATOM,4476.0,HB1,ALA,286.0,42.447,34.708,3.464,0.09,1.32,0.0
ATOM,4477.0,HB2,ALA,286.0,41.905,33.169,3.408,0.09,1.32,0.0
ATOM,4478.0,HB3,ALA,286.0,41.077,34.296,4.249,0.09,1.32,0.0
ATOM,4479.0,N,LYS,287.0,41.565,35.007,6.809,-0.47,1.85,0.0
ATOM,4480.0,CA,LYS,287.0,40.784,35.218,8.018,0.07,2.275,0.0
ATOM,4481.0,C,LYS,287.0,39.387,35.756,7.791,0.51,2.0,0.0
ATOM,4482.0,O,LYS,287.0,39.153,36.591,6.918,-0.51,1.7,0.0
ATOM,4483.0,CB,LYS,287.0,41.492,36.194,8.958,-0.18,2.175,0.0
ATOM,4484.0,CG,LYS,287.0,42.911,35.852,9.333,-0.18,2.175,0.24
ATOM,4485.0,CD,LYS,287.0,43.439,36.899,10.312,-0.18,2.175,1.64
ATOM,4486.0,CE,LYS,287.0,44.878,36.605,10.723,0.21,2.175,0.19
ATOM,4487.0,NZ,LYS,287.0,45.373,37.573,11.746,-0.3,1.85,4.47
ATOM,4488.0,H,LYS,287.0,41.855,35.759,6.169,0.31,0.2245,0.0
ATOM,4489.0,HA,LYS,287.0,40.712,34.325,8.517,0.09,1.32,0.0
ATOM,4490.0,HB2,LYS,287.0,41.489,37.103,8.518,0.09,1.32,0.0
ATOM,4491.0,HB3,LYS,287.0,40.944,36.258,9.804,0.09,1.32,1.55
ATOM,4492.0,HG2,LYS,287.0,42.935,34.964,9.775,0.09,1.32,0.0
ATOM,4493.0,HG3,LYS,287.0,43.482,35.859,8.523,0.09,1.32,0.11
ATOM,4494.0,HD2,LYS,287.0,43.411,37.79,9.873,0.09,1.32,0.0
ATOM,4495.0,HD3,LYS,287.0,42.87,36.893,11.126,0.09,1.32,1.68
ATOM,4496.0,HE2,LYS,287.0,44.924,35.677,11.1,0.05,1.32,0.0
ATOM,4497.0,HE3,LYS,287.0,45.464,36.657,9.911,0.05,1.32,0.39
ATOM,4498.0,HZ1,LYS,287.0,45.455,38.478,11.331,0.33,0.2245,8.37
ATOM,4499.0,HZ2,LYS,287.0,44.726,37.609,12.506,0.33,0.2245,3.31
ATOM,4500.0,HZ3,LYS,287.0,46.266,37.273,12.078,0.33,0.2245,0.57
ATOM,4501.0,N,ILE,288.0,38.463,35.276,8.61,-0.47,1.85,0.0
ATOM,4502.0,CA,ILE,288.0,37.096,35.75,8.572,0.07,2.275,0.0
ATOM,4503.0,C,ILE,288.0,36.938,36.467,9.914,0.51,2.0,0.0
ATOM,4504.0,O,ILE,288.0,37.343,35.942,10.952,-0.51,1.7,0.77
ATOM,4505.0,CB,ILE,288.0,36.088,34.589,8.488,-0.09,2.275,0.0
ATOM,4506.0,CG1,ILE,288.0,36.213,33.895,7.129,-0.18,2.175,0.0
ATOM,4507.0,CG2,ILE,288.0,34.67,35.118,8.707,-0.27,2.06,0.0
ATOM,4508.0,CD1,ILE,288.0,35.277,32.722,6.955,-0.27,2.06,0.0
ATOM,4509.0,H,ILE,288.0,38.802,34.544,9.268,0.31,0.2245,0.0
ATOM,4510.0,HA,ILE,288.0,37.055,36.445,7.883,0.09,1.32,0.0
ATOM,4511.0,HB,ILE,288.0,36.319,33.931,9.192,0.09,1.32,0.0
ATOM,4512.0,HG12,ILE,288.0,36.029,34.568,6.414,0.09,1.32,0.0
ATOM,4513.0,HG13,ILE,288.0,37.154,33.573,7.029,0.09,1.32,0.0
ATOM,4514.0,HG21,ILE,288.0,34.026,34.357,8.675,0.09,1.32,0.0
ATOM,4515.0,HG22,ILE,288.0,34.618,35.564,9.598,0.09,1.32,0.0
ATOM,4516.0,HG23,ILE,288.0,34.449,35.775,7.99,0.09,1.32,0.0
ATOM,4517.0,HD11,ILE,288.0,34.332,33.035,7.043,0.09,1.32,0.0
ATOM,4518.0,HD12,ILE,288.0,35.413,32.32,6.05,0.09,1.32,0.0
ATOM,4519.0,HD13,ILE,288.0,35.468,32.037,7.657,0.09,1.32,0.0
ATOM,4520.0,N,ALA,289.0,36.372,37.668,9.892,-0.47,1.85,0.0
ATOM,4521.0,CA,ALA,289.0,36.197,38.431,11.121,0.07,2.275,0.0
ATOM,4522.0,C,ALA,289.0,35.064,37.897,11.99,0.51,2.0,0.0
ATOM,4523.0,O,ALA,289.0,34.155,37.221,11.509,-0.51,1.7,0.02
ATOM,4524.0,CB,ALA,289.0,35.948,39.891,10.785,-0.27,2.06,0.12
ATOM,4525.0,H,ALA,289.0,36.078,38.001,8.96,0.31,0.2245,0.0
ATOM,4526.0,HA,ALA,289.0,37.059,38.388,11.656,0.09,1.32,0.0
ATOM,4527.0,HB1,ALA,289.0,35.348,39.954,9.987,0.09,1.32,0.0
ATOM,4528.0,HB2,ALA,289.0,35.513,40.345,11.563,0.09,1.32,0.0
ATOM,4529.0,HB3,ALA,289.0,36.817,40.342,10.582,0.09,1.32,0.0
ATOM,4530.0,N,GLY,290.0,35.139,38.193,13.282,-0.47,1.85,0.0
ATOM,4531.0,CA,GLY,290.0,34.105,37.775,14.205,-0.02,2.175,0.04
ATOM,4532.0,C,GLY,290.0,33.243,38.99,14.506,0.51,2.0,0.0
ATOM,4533.0,O,GLY,290.0,33.459,39.675,15.505,-0.51,1.7,5.02
ATOM,4534.0,H,GLY,290.0,35.979,38.733,13.559,0.31,0.2245,5.53
ATOM,4535.0,HA2,GLY,290.0,33.544,37.066,13.791,0.09,1.32,0.0
ATOM,4536.0,HA3,GLY,290.0,34.514,37.443,15.048,0.09,1.32,0.0
ATOM,4537.0,N,VAL,291.0,32.28,39.271,13.633,-0.47,1.85,0.0
ATOM,4538.0,CA,VAL,291.0,31.387,40.415,13.809,0.07,2.275,0.0
ATOM,4539.0,C,VAL,291.0,30.222,39.928,14.662,0.51,2.0,0.0
ATOM,4540.0,O,VAL,291.0,29.126,39.643,14.16,-0.51,1.7,0.0
ATOM,4541.0,CB,VAL,291.0,30.891,40.924,12.436,-0.09,2.275,0.0
ATOM,4542.0,CG1,VAL,291.0,30.092,42.2,12.606,-0.27,2.06,0.0
ATOM,4543.0,CG2,VAL,291.0,32.09,41.157,11.513,-0.27,2.06,0.0
ATOM,4544.0,H,VAL,291.0,32.218,38.617,12.827,0.31,0.2245,0.0
ATOM,4545.0,HA,VAL,291.0,31.871,41.113,14.317,0.09,1.32,0.0
ATOM,4546.0,HB,VAL,291.0,30.275,40.236,12.068,0.09,1.32,0.0
ATOM,4547.0,HG11,VAL,291.0,29.122,42.015,12.442,0.09,1.32,0.0
ATOM,4548.0,HG12,VAL,291.0,30.208,42.55,13.537,0.09,1.32,0.0
ATOM,4549.0,HG13,VAL,291.0,30.412,42.888,11.953,0.09,1.32,0.0
ATOM,4550.0,HG21,VAL,291.0,32.61,40.309,11.435,0.09,1.32,0.0
ATOM,4551.0,HG22,VAL,291.0,31.759,41.437,10.614,0.09,1.32,0.0
ATOM,4552.0,HG23,VAL,291.0,32.666,41.874,11.902,0.09,1.32,0.0
ATOM,4553.0,N,HIS,292.0,30.471,39.854,15.963,-0.47,1.85,0.0
ATOM,4554.0,CA,HIS,292.0,29.507,39.334,16.92,0.07,2.275,0.0
ATOM,4555.0,C,HIS,292.0,28.432,40.273,17.463,0.51,2.0,0.0
ATOM,4556.0,O,HIS,292.0,27.493,39.816,18.122,-0.51,1.7,0.0
ATOM,4557.0,CB,HIS,292.0,30.258,38.731,18.105,-0.08,2.175,0.0
ATOM,4558.0,CG,HIS,292.0,31.036,39.736,18.887,0.22,1.8,0.0
ATOM,4559.0,ND1,HIS,292.0,30.486,40.474,19.911,-0.7,1.85,0.0
ATOM,4560.0,CD2,HIS,292.0,32.343,40.084,18.834,-0.05,1.8,0.85
ATOM,4561.0,CE1,HIS,292.0,31.42,41.233,20.455,0.25,1.8,2.97
ATOM,4562.0,NE2,HIS,292.0,32.557,41.017,19.819,-0.36,1.85,0.0
ATOM,4563.0,H,HIS,292.0,31.419,40.201,16.24,0.31,0.2245,0.0
ATOM,4564.0,HA,HIS,292.0,29.022,38.529,16.476,0.09,1.32,0.0
ATOM,4565.0,HB2,HIS,292.0,29.597,38.291,18.722,0.09,1.32,0.0
ATOM,4566.0,HB3,HIS,292.0,30.895,38.031,17.766,0.09,1.32,0.0
ATOM,4567.0,HD2,HIS,292.0,33.025,39.731,18.198,0.09,1.468,0.17
ATOM,4568.0,HE1,HIS,292.0,31.29,41.863,21.216,0.13,0.9,3.67
ATOM,4569.0,HE2,HIS,292.0,33.432,41.46,20.022,0.32,0.2245,8.54
ATOM,4570.0,N,TRP,293.0,28.547,41.574,17.215,-0.47,1.85,0.0
ATOM,4571.0,CA,TRP,293.0,27.54,42.482,17.743,0.07,2.275,0.0
ATOM,4572.0,C,TRP,293.0,26.342,42.65,16.809,0.51,2.0,0.0
ATOM,4573.0,O,TRP,293.0,26.461,42.495,15.593,-0.51,1.7,0.0
ATOM,4574.0,CB,TRP,293.0,28.17,43.837,18.092,-0.18,2.175,0.0
ATOM,4575.0,CG,TRP,293.0,28.885,44.513,16.977,-0.03,1.9924,0.0
ATOM,4576.0,CD1,TRP,293.0,28.423,45.545,16.211,0.035,1.9924,0.0
ATOM,4577.0,CD2,TRP,293.0,30.204,44.226,16.511,-0.02,1.8,0.0
ATOM,4578.0,NE1,TRP,293.0,29.381,45.925,15.299,-0.61,1.85,0.0
ATOM,4579.0,CE2,TRP,293.0,30.484,45.131,15.459,0.13,1.8,0.0
ATOM,4580.0,CE3,TRP,293.0,31.182,43.291,16.878,-0.115,1.9924,0.0
ATOM,4581.0,CZ2,TRP,293.0,31.7,45.126,14.77,-0.115,1.9924,0.0
ATOM,4582.0,CZ3,TRP,293.0,32.391,43.287,16.192,-0.115,1.9924,5.32
ATOM,4583.0,CH2,TRP,293.0,32.639,44.2,15.149,-0.115,1.9924,4.38
ATOM,4584.0,H,TRP,293.0,29.353,41.857,16.658,0.31,0.2245,0.0
ATOM,4585.0,HA,TRP,293.0,27.193,42.088,18.61,0.09,1.32,0.0
ATOM,4586.0,HB2,TRP,293.0,27.445,44.453,18.402,0.09,1.32,0.0
ATOM,4587.0,HB3,TRP,293.0,28.829,43.699,18.833,0.09,1.32,0.0
ATOM,4588.0,HD1,TRP,293.0,27.521,45.965,16.297,0.115,1.3582,0.0
ATOM,4589.0,HE1,TRP,293.0,29.286,46.66,14.63,0.38,0.2245,0.0
ATOM,4590.0,HE3,TRP,293.0,31.021,42.642,17.614,0.115,1.3582,0.0
ATOM,4591.0,HZ2,TRP,293.0,31.864,45.781,14.028,0.115,1.3582,0.0
ATOM,4592.0,HZ3,TRP,293.0,33.09,42.627,16.444,0.115,1.3582,4.98
ATOM,4593.0,HH2,TRP,293.0,33.522,44.164,14.682,0.115,1.3582,1.74
ATOM,4594.0,N,GLN,294.0,25.188,42.951,17.4,-0.47,1.85,0.0
ATOM,4595.0,CA,GLN,294.0,23.938,43.126,16.673,0.07,2.275,0.0
ATOM,4596.0,C,GLN,294.0,23.479,41.802,16.074,0.51,2.0,0.0
ATOM,4597.0,O,GLN,294.0,22.631,41.771,15.19,-0.51,1.7,0.0
ATOM,4598.0,CB,GLN,294.0,24.099,44.163,15.562,-0.18,2.175,0.0
ATOM,4599.0,CG,GLN,294.0,24.43,45.556,16.059,-0.18,2.175,0.0
ATOM,4600.0,CD,GLN,294.0,23.518,46.001,17.183,0.55,2.0,0.37
ATOM,4601.0,H,GLN,294.0,25.258,43.052,18.443,0.31,0.2245,0.0
ATOM,4602.0,HA,GLN,294.0,23.236,43.427,17.327,0.09,1.32,0.0
ATOM,4603.0,HB2,GLN,294.0,24.835,43.866,14.95,0.09,1.32,0.0
ATOM,4604.0,HB3,GLN,294.0,23.242,44.211,15.042,0.09,1.32,0.0
ATOM,4605.0,HG2,GLN,294.0,25.373,45.564,16.392,0.09,1.32,0.0
ATOM,4606.0,HG3,GLN,294.0,24.338,46.2,15.3,0.09,1.32,0.0
ATOM,4607.0,OE1,GLN,294.0,22.338,45.664,17.202,-0.55,1.7,0.0
ATOM,4608.0,NE2,GLN,294.0,24.056,46.77,18.125,-0.62,1.85,6.23
ATOM,4609.0,HE21,GLN,294.0,23.502,47.116,18.899,0.32,0.2245,4.23
ATOM,4610.0,HE22,GLN,294.0,25.046,47.008,18.055,0.3,0.2245,0.0
ATOM,4611.0,N,TYR,295.0,24.049,40.71,16.568,-0.47,1.85,0.0
ATOM,4612.0,CA,TYR,295.0,23.726,39.373,16.091,0.07,2.275,0.0
ATOM,4613.0,C,TYR,295.0,22.243,39.066,16.253,0.51,2.0,0.0
ATOM,4614.0,O,TYR,295.0,21.572,38.682,15.292,-0.51,1.7,1.32
ATOM,4615.0,CB,TYR,295.0,24.564,38.357,16.866,-0.18,2.175,0.0
ATOM,4616.0,CG,TYR,295.0,24.455,36.92,16.412,0.0,1.9924,0.0
ATOM,4617.0,CD1,TYR,295.0,23.429,36.089,16.875,-0.115,1.9924,0.49
ATOM,4618.0,CD2,TYR,295.0,25.422,36.367,15.566,-0.115,1.9924,0.0
ATOM,4619.0,CE1,TYR,295.0,23.38,34.742,16.513,-0.115,1.9924,4.89
ATOM,4620.0,CE2,TYR,295.0,25.381,35.034,15.201,-0.115,1.9924,0.92
ATOM,4621.0,CZ,TYR,295.0,24.364,34.224,15.677,0.11,1.9924,0.0
ATOM,4622.0,OH,TYR,295.0,24.346,32.898,15.32,-0.54,1.77,14.26
ATOM,4623.0,H,TYR,295.0,24.746,40.892,17.325,0.31,0.2245,0.0
ATOM,4624.0,HA,TYR,295.0,23.95,39.324,15.108,0.09,1.32,0.0
ATOM,4625.0,HB2,TYR,295.0,25.53,38.633,16.799,0.09,1.32,0.0
ATOM,4626.0,HB3,TYR,295.0,24.289,38.398,17.834,0.09,1.32,0.0
ATOM,4627.0,HD1,TYR,295.0,22.723,36.462,17.472,0.115,1.3582,0.0
ATOM,4628.0,HD2,TYR,295.0,26.155,36.953,15.22,0.115,1.3582,0.0
ATOM,4629.0,HE1,TYR,295.0,22.646,34.157,16.85,0.115,1.3582,12.9
ATOM,4630.0,HE2,TYR,295.0,26.082,34.654,14.596,0.115,1.3582,0.35
ATOM,4631.0,HH,TYR,295.0,24.793,32.359,16.032,0.43,0.2245,0.0
ATOM,4632.0,N,ASN,296.0,21.734,39.251,17.467,-0.47,1.85,0.0
ATOM,4633.0,CA,ASN,296.0,20.334,38.972,17.755,0.07,2.275,2.67
ATOM,4634.0,C,ASN,296.0,19.492,40.225,17.993,0.51,2.0,0.41
ATOM,4635.0,O,ASN,296.0,18.552,40.206,18.778,-0.51,1.7,6.43
ATOM,4636.0,CB,ASN,296.0,20.229,38.027,18.957,-0.18,2.175,13.05
ATOM,4637.0,CG,ASN,296.0,20.75,38.646,20.241,0.55,2.0,0.0
ATOM,4638.0,H,ASN,296.0,22.407,39.603,18.174,0.31,0.2245,0.0
ATOM,4639.0,HA,ASN,296.0,19.946,38.509,16.937,0.09,1.32,6.01
ATOM,4640.0,HB2,ASN,296.0,19.27,37.788,19.085,0.09,1.32,6.48
ATOM,4641.0,HB3,ASN,296.0,20.762,37.208,18.759,0.09,1.32,1.06
ATOM,4642.0,OD1,ASN,296.0,21.756,39.351,20.243,-0.55,1.7,0.0
ATOM,4643.0,ND2,ASN,296.0,20.072,38.371,21.347,-0.62,1.85,7.73
ATOM,4644.0,HD22,ASN,296.0,19.266,37.777,21.305,0.3,0.2245,16.66
ATOM,4645.0,HD21,ASN,296.0,20.363,38.754,22.224,0.32,0.2245,0.0
ATOM,4646.0,N,ASN,297.0,19.839,41.321,17.327,-0.47,1.85,0.0
ATOM,4647.0,CA,ASN,297.0,19.062,42.547,17.453,0.07,2.275,0.0
ATOM,4648.0,C,ASN,297.0,17.743,42.234,16.737,0.51,2.0,0.0
ATOM,4649.0,O,ASN,297.0,17.731,41.934,15.539,-0.51,1.7,0.48
ATOM,4650.0,CB,ASN,297.0,19.784,43.707,16.761,-0.18,2.175,0.0
ATOM,4651.0,CG,ASN,297.0,19.086,45.04,16.961,0.55,2.0,0.0
ATOM,4652.0,OD1,ASN,297.0,17.861,45.135,16.85,-0.55,1.7,1.62
ATOM,4653.0,ND2,ASN,297.0,19.856,46.07,17.27,-0.62,1.85,2.12
ATOM,4654.0,H,ASN,297.0,20.679,41.229,16.733,0.31,0.2245,0.0
ATOM,4655.0,HA,ASN,297.0,18.848,42.667,18.404,0.09,1.32,0.0
ATOM,4656.0,HB2,ASN,297.0,20.706,43.772,17.135,0.09,1.32,0.0
ATOM,4657.0,HB3,ASN,297.0,19.825,43.513,15.784,0.09,1.32,0.0
ATOM,4658.0,HD22,ASN,297.0,20.848,45.947,17.354,0.3,0.2245,0.0
ATOM,4659.0,HD21,ASN,297.0,19.455,46.974,17.419,0.32,0.2245,16.7
ATOM,4660.0,N,PRO,298.0,16.621,42.273,17.468,-0.29,1.85,0.0
ATOM,4661.0,CA,PRO,298.0,15.322,41.979,16.851,0.02,2.275,1.48
ATOM,4662.0,C,PRO,298.0,14.929,42.925,15.714,0.51,2.0,0.2
ATOM,4663.0,O,PRO,298.0,14.288,42.509,14.75,-0.51,1.7,22.54
ATOM,4664.0,CB,PRO,298.0,14.357,42.04,18.04,-0.18,2.175,20.38
ATOM,4665.0,CG,PRO,298.0,15.026,43.02,18.969,-0.18,2.175,13.85
ATOM,4666.0,CD,PRO,298.0,16.469,42.6,18.897,0.0,2.175,0.8
ATOM,4667.0,HA,PRO,298.0,15.294,41.009,16.53,0.09,1.32,10.55
ATOM,4668.0,HB2,PRO,298.0,13.464,42.376,17.756,0.09,1.32,9.09
ATOM,4669.0,HB3,PRO,298.0,14.268,41.149,18.472,0.09,1.32,10.97
ATOM,4670.0,HG2,PRO,298.0,14.904,43.947,18.639,0.09,1.32,1.22
ATOM,4671.0,HG3,PRO,298.0,14.669,42.923,19.889,0.09,1.32,10.46
ATOM,4672.0,HD2,PRO,298.0,17.079,43.342,19.153,0.09,1.32,0.0
ATOM,4673.0,HD3,PRO,298.0,16.646,41.799,19.461,0.09,1.32,3.31
ATOM,4674.0,N,THR,299.0,15.334,44.189,15.819,-0.47,1.85,0.0
ATOM,4675.0,CA,THR,299.0,15.005,45.186,14.804,0.07,2.275,0.14
ATOM,4676.0,C,THR,299.0,15.834,45.06,13.524,0.51,2.0,0.0
ATOM,4677.0,O,THR,299.0,15.293,45.106,12.421,-0.51,1.7,2.49
ATOM,4678.0,CB,THR,299.0,15.146,46.597,15.397,0.14,2.275,4.48
ATOM,4679.0,OG1,THR,299.0,14.151,46.766,16.407,-0.66,1.77,25.61
ATOM,4680.0,CG2,THR,299.0,14.958,47.67,14.332,-0.27,2.06,11.19
ATOM,4681.0,H,THR,299.0,15.892,44.399,16.668,0.31,0.2245,0.0
ATOM,4682.0,HA,THR,299.0,14.024,45.078,14.555,0.09,1.32,8.25
ATOM,4683.0,HB,THR,299.0,16.061,46.68,15.832,0.09,1.32,0.73
ATOM,4684.0,HG21,THR,299.0,13.992,47.93,14.28,0.09,1.32,5.09
ATOM,4685.0,HG22,THR,299.0,15.504,48.478,14.564,0.09,1.32,9.97
ATOM,4686.0,HG23,THR,299.0,15.253,47.319,13.441,0.09,1.32,0.0
ATOM,4687.0,HG1,THR,299.0,13.883,45.875,16.79,0.43,0.2245,8.02
ATOM,4688.0,N,ILE,300.0,17.143,44.904,13.666,-0.47,1.85,0.0
ATOM,4689.0,CA,ILE,300.0,18.02,44.753,12.506,0.07,2.275,0.0
ATOM,4690.0,C,ILE,300.0,18.887,43.506,12.686,0.51,2.0,0.0
ATOM,4691.0,O,ILE,300.0,20.095,43.606,12.903,-0.51,1.7,0.0
ATOM,4692.0,CB,ILE,300.0,18.939,45.986,12.321,-0.09,2.275,0.0
ATOM,4693.0,CG1,ILE,300.0,19.634,46.326,13.642,-0.18,2.175,0.14
ATOM,4694.0,CG2,ILE,300.0,18.128,47.169,11.823,-0.27,2.06,0.18
ATOM,4695.0,CD1,ILE,300.0,20.712,47.386,13.495,-0.27,2.06,8.29
ATOM,4696.0,H,ILE,300.0,17.483,44.898,14.644,0.31,0.2245,0.0
ATOM,4697.0,HA,ILE,300.0,17.425,44.575,11.724,0.09,1.32,0.0
ATOM,4698.0,HB,ILE,300.0,19.636,45.747,11.657,0.09,1.32,0.0
ATOM,4699.0,HG12,ILE,300.0,18.948,46.65,14.286,0.09,1.32,0.53
ATOM,4700.0,HG13,ILE,300.0,20.051,45.495,13.999,0.09,1.32,0.0
ATOM,4701.0,HG21,ILE,300.0,18.732,47.952,11.677,0.09,1.32,0.0
ATOM,4702.0,HG22,ILE,300.0,17.682,46.931,10.961,0.09,1.32,0.0
ATOM,4703.0,HG23,ILE,300.0,17.433,47.408,12.5,0.09,1.32,0.0
ATOM,4704.0,HD11,ILE,300.0,20.302,48.225,13.143,0.09,1.32,0.0
ATOM,4705.0,HD12,ILE,300.0,21.124,47.561,14.387,0.09,1.32,2.58
ATOM,4706.0,HD13,ILE,300.0,21.409,47.059,12.86,0.09,1.32,0.0
ATOM,4707.0,N,PRO,301.0,18.278,42.311,12.592,-0.29,1.85,0.0
ATOM,4708.0,CA,PRO,301.0,19.009,41.05,12.757,0.02,2.275,0.0
ATOM,4709.0,C,PRO,301.0,20.325,41.006,11.987,0.51,2.0,0.0
ATOM,4710.0,O,PRO,301.0,20.383,41.364,10.81,-0.51,1.7,0.0
ATOM,4711.0,CB,PRO,301.0,17.997,39.996,12.29,-0.18,2.175,13.56
ATOM,4712.0,CG,PRO,301.0,17.106,40.76,11.355,-0.18,2.175,2.59
ATOM,4713.0,CD,PRO,301.0,16.92,42.06,12.081,0.0,2.175,1.17
ATOM,4714.0,HA,PRO,301.0,19.167,40.859,13.744,0.09,1.32,0.0
ATOM,4715.0,HB2,PRO,301.0,18.458,39.251,11.813,0.09,1.32,0.7
ATOM,4716.0,HB3,PRO,301.0,17.479,39.636,13.062,0.09,1.32,8.3
ATOM,4717.0,HG2,PRO,301.0,17.555,40.897,10.48,0.09,1.32,0.0
ATOM,4718.0,HG3,PRO,301.0,16.241,40.287,11.235,0.09,1.32,2.73
ATOM,4719.0,HD2,PRO,301.0,16.638,42.787,11.465,0.09,1.32,0.0
ATOM,4720.0,HD3,PRO,301.0,16.273,41.972,12.832,0.09,1.32,0.0
ATOM,4721.0,N,HIS,302.0,21.381,40.588,12.68,-0.47,1.85,0.0
ATOM,4722.0,CA,HIS,302.0,22.7,40.503,12.081,0.07,2.275,0.0
ATOM,4723.0,C,HIS,302.0,23.049,41.833,11.435,0.51,2.0,0.0
ATOM,4724.0,O,HIS,302.0,23.641,41.888,10.359,-0.51,1.7,0.0
ATOM,4725.0,CB,HIS,302.0,22.706,39.361,11.071,-0.09,2.175,1.98
ATOM,4726.0,CG,HIS,302.0,22.41,38.034,11.699,-0.05,1.8,1.09
ATOM,4727.0,H,HIS,302.0,21.179,40.334,13.667,0.31,0.2245,0.0
ATOM,4728.0,HA,HIS,302.0,23.37,40.318,12.803,0.09,1.32,0.0
ATOM,4729.0,HB2,HIS,302.0,22.014,39.538,10.368,0.09,1.32,0.0
ATOM,4730.0,HB3,HIS,302.0,23.608,39.31,10.638,0.09,1.32,0.0
ATOM,4731.0,ND1,HIS,302.0,23.28,37.416,12.571,-0.36,1.85,1.2
ATOM,4732.0,CD2,HIS,302.0,21.304,37.254,11.656,0.22,1.8,12.21
ATOM,4733.0,CE1,HIS,302.0,22.722,36.317,13.044,0.25,1.8,7.32
ATOM,4734.0,NE2,HIS,302.0,21.522,36.197,12.505,-0.7,1.85,27.81
ATOM,4735.0,HD1,HIS,302.0,24.193,37.751,12.808,0.32,0.2245,0.0
ATOM,4736.0,HD2,HIS,302.0,20.486,37.415,11.111,0.1,1.468,4.99
ATOM,4737.0,HE1,HIS,302.0,23.134,35.686,13.694,0.13,0.9,0.0
ATOM,4738.0,N,GLY,303.0,22.692,42.9,12.138,-0.47,1.85,0.0
ATOM,4739.0,CA,GLY,303.0,22.914,44.251,11.658,-0.02,2.175,0.0
ATOM,4740.0,C,GLY,303.0,24.343,44.683,11.433,0.51,2.0,0.0
ATOM,4741.0,O,GLY,303.0,24.579,45.692,10.775,-0.51,1.7,0.0
ATOM,4742.0,H,GLY,303.0,22.243,42.683,13.055,0.31,0.2245,0.0
ATOM,4743.0,HA2,GLY,303.0,22.383,44.38,10.776,0.09,1.32,0.0
ATOM,4744.0,HA3,GLY,303.0,22.464,44.914,12.316,0.09,1.32,0.0
ATOM,4745.0,N,ALA,304.0,25.305,43.943,11.977,-0.47,1.85,0.0
ATOM,4746.0,CA,ALA,304.0,26.702,44.295,11.788,0.07,2.275,0.0
ATOM,4747.0,C,ALA,304.0,27.373,43.328,10.809,0.51,2.0,0.0
ATOM,4748.0,O,ALA,304.0,28.254,43.719,10.051,-0.51,1.7,0.07
ATOM,4749.0,CB,ALA,304.0,27.441,44.297,13.13,-0.27,2.06,0.41
ATOM,4750.0,H,ALA,304.0,24.981,43.13,12.522,0.31,0.2245,0.0
ATOM,4751.0,HA,ALA,304.0,26.758,45.223,11.405,0.09,1.32,0.0
ATOM,4752.0,HB1,ALA,304.0,27.129,45.072,13.676,0.09,1.32,0.0
ATOM,4753.0,HB2,ALA,304.0,27.248,43.446,13.613,0.09,1.32,0.0
ATOM,4754.0,HB3,ALA,304.0,28.422,44.375,12.965,0.09,1.32,0.0
ATOM,4755.0,N,GLU,305.0,26.939,42.074,10.821,-0.47,1.85,0.0
ATOM,4756.0,CA,GLU,305.0,27.502,41.051,9.93,0.07,2.275,0.0
ATOM,4757.0,C,GLU,305.0,27.206,41.273,8.445,0.51,2.0,0.0
ATOM,4758.0,O,GLU,305.0,28.116,41.27,7.625,-0.51,1.7,0.0
ATOM,4759.0,CB,GLU,305.0,26.972,39.674,10.308,-0.18,2.175,0.23
ATOM,4760.0,CG,GLU,305.0,27.51,39.105,11.593,-0.28,2.175,0.0
ATOM,4761.0,CD,GLU,305.0,26.582,38.055,12.144,0.62,2.0,0.0
ATOM,4762.0,OE1,GLU,305.0,25.596,38.432,12.81,-0.76,1.7,0.0
ATOM,4763.0,OE2,GLU,305.0,26.826,36.861,11.896,-0.76,1.7,1.3
ATOM,4764.0,H,GLU,305.0,26.18,41.878,11.501,0.31,0.2245,0.0
ATOM,4765.0,HA,GLU,305.0,28.512,41.009,10.067,0.09,1.32,0.0
ATOM,4766.0,HB2,GLU,305.0,25.987,39.748,10.398,0.09,1.32,0.0
ATOM,4767.0,HB3,GLU,305.0,27.212,39.05,9.576,0.09,1.32,0.0
ATOM,4768.0,HG2,GLU,305.0,28.369,38.677,11.409,0.09,1.32,0.0
ATOM,4769.0,HG3,GLU,305.0,27.572,39.824,12.253,0.09,1.32,0.0
ATOM,4770.0,N,LYS,306.0,25.93,41.444,8.106,-0.47,1.85,0.0
ATOM,4771.0,CA,LYS,306.0,25.521,41.645,6.721,0.07,2.275,0.0
ATOM,4772.0,C,LYS,306.0,26.266,42.783,6.007,0.51,2.0,0.0
ATOM,4773.0,O,LYS,306.0,26.73,42.603,4.886,-0.51,1.7,0.15
ATOM,4774.0,CB,LYS,306.0,23.996,41.832,6.646,-0.18,2.175,0.0
ATOM,4775.0,CG,LYS,306.0,23.228,40.583,7.114,-0.18,2.175,0.12
ATOM,4776.0,CD,LYS,306.0,21.718,40.73,7.002,-0.18,2.175,0.0
ATOM,4777.0,CE,LYS,306.0,21.011,39.519,7.606,0.21,2.175,4.43
ATOM,4778.0,NZ,LYS,306.0,19.526,39.634,7.56,-0.3,1.85,0.14
ATOM,4779.0,H,LYS,306.0,25.262,41.422,8.903,0.31,0.2245,0.0
ATOM,4780.0,HA,LYS,306.0,25.686,40.784,6.202,0.09,1.32,0.0
ATOM,4781.0,HB2,LYS,306.0,23.744,42.586,7.233,0.09,1.32,0.0
ATOM,4782.0,HB3,LYS,306.0,23.749,42.011,5.705,0.09,1.32,0.0
ATOM,4783.0,HG2,LYS,306.0,23.523,39.8,6.555,0.09,1.32,0.0
ATOM,4784.0,HG3,LYS,306.0,23.469,40.401,8.073,0.09,1.32,0.0
ATOM,4785.0,HD2,LYS,306.0,21.435,41.54,7.498,0.09,1.32,0.0
ATOM,4786.0,HD3,LYS,306.0,21.469,40.795,6.045,0.09,1.32,0.0
ATOM,4787.0,HE2,LYS,306.0,21.294,38.695,7.101,0.05,1.32,1.11
ATOM,4788.0,HE3,LYS,306.0,21.304,39.419,8.564,0.05,1.32,0.0
ATOM,4789.0,HZ1,LYS,306.0,19.208,40.137,8.363,0.33,0.2245,0.0
ATOM,4790.0,HZ2,LYS,306.0,19.258,40.122,6.73,0.33,0.2245,0.0
ATOM,4791.0,HZ3,LYS,306.0,19.123,38.719,7.556,0.33,0.2245,9.52
ATOM,4792.0,N,PRO,307.0,26.385,43.967,6.64,-0.29,1.85,0.0
ATOM,4793.0,CA,PRO,307.0,27.106,45.068,5.986,0.02,2.275,0.0
ATOM,4794.0,C,PRO,307.0,28.584,44.695,5.841,0.51,2.0,0.0
ATOM,4795.0,O,PRO,307.0,29.261,45.177,4.936,-0.51,1.7,0.0
ATOM,4796.0,CB,PRO,307.0,26.906,46.242,6.947,-0.18,2.175,0.0
ATOM,4797.0,CG,PRO,307.0,25.583,45.94,7.557,-0.18,2.175,0.0
ATOM,4798.0,CD,PRO,307.0,25.658,44.453,7.822,0.0,2.175,0.0
ATOM,4799.0,HA,PRO,307.0,26.704,45.28,5.097,0.09,1.32,0.0
ATOM,4800.0,HB2,PRO,307.0,27.626,46.259,7.636,0.09,1.32,0.0
ATOM,4801.0,HB3,PRO,307.0,26.887,47.105,6.45,0.09,1.32,0.0
ATOM,4802.0,HG2,PRO,307.0,25.459,46.444,8.407,0.09,1.32,0.0
ATOM,4803.0,HG3,PRO,307.0,24.843,46.148,6.924,0.09,1.32,0.0
ATOM,4804.0,HD2,PRO,307.0,26.167,44.26,8.654,0.09,1.32,0.0
ATOM,4805.0,HD3,PRO,307.0,24.75,44.048,7.871,0.09,1.32,0.0
ATOM,4806.0,N,ALA,308.0,29.082,43.852,6.748,-0.47,1.85,0.0
ATOM,4807.0,CA,ALA,308.0,30.48,43.416,6.675,0.07,2.275,0.0
ATOM,4808.0,C,ALA,308.0,30.64,42.444,5.507,0.51,2.0,0.0
ATOM,4809.0,O,ALA,308.0,31.749,42.205,5.04,-0.51,1.7,0.0
ATOM,4810.0,CB,ALA,308.0,30.901,42.742,7.98,-0.27,2.06,0.0
ATOM,4811.0,H,ALA,308.0,28.422,43.546,7.476,0.31,0.2245,0.0
ATOM,4812.0,HA,ALA,308.0,31.058,44.214,6.51,0.09,1.32,0.0
ATOM,4813.0,HB1,ALA,308.0,30.312,43.059,8.721,0.09,1.32,0.0
ATOM,4814.0,HB2,ALA,308.0,30.815,41.752,7.884,0.09,1.32,0.0
ATOM,4815.0,HB3,ALA,308.0,31.85,42.977,8.183,0.09,1.32,0.0
ATOM,4816.0,N,GLY,309.0,29.523,41.882,5.048,-0.47,1.85,0.0
ATOM,4817.0,CA,GLY,309.0,29.561,40.954,3.925,-0.02,2.175,0.06
ATOM,4818.0,C,GLY,309.0,29.211,39.521,4.269,0.51,2.0,0.32
ATOM,4819.0,O,GLY,309.0,29.259,38.635,3.41,-0.51,1.7,0.0
ATOM,4820.0,H,GLY,309.0,28.659,42.154,5.543,0.31,0.2245,0.0
ATOM,4821.0,HA2,GLY,309.0,28.923,41.289,3.196,0.09,1.32,0.0
ATOM,4822.0,HA3,GLY,309.0,30.496,40.979,3.505,0.09,1.32,0.0
ATOM,4823.0,N,TYR,310.0,28.841,39.285,5.519,-0.47,1.85,0.0
ATOM,4824.0,CA,TYR,310.0,28.508,37.94,5.964,0.07,2.275,0.03
ATOM,4825.0,C,TYR,310.0,27.016,37.688,6.067,0.51,2.0,0.0
ATOM,4826.0,O,TYR,310.0,26.403,37.995,7.086,-0.51,1.7,3.02
ATOM,4827.0,CB,TYR,310.0,29.145,37.659,7.328,-0.18,2.175,0.0
ATOM,4828.0,CG,TYR,310.0,30.63,37.899,7.374,0.0,1.9924,0.0
ATOM,4829.0,CD1,TYR,310.0,31.433,37.622,6.268,-0.115,1.9924,0.0
ATOM,4830.0,CD2,TYR,310.0,31.242,38.369,8.535,-0.115,1.9924,0.0
ATOM,4831.0,CE1,TYR,310.0,32.807,37.805,6.318,-0.115,1.9924,0.0
ATOM,4832.0,CE2,TYR,310.0,32.618,38.553,8.594,-0.115,1.9924,0.0
ATOM,4833.0,CZ,TYR,310.0,33.393,38.268,7.485,0.11,1.9924,0.0
ATOM,4834.0,OH,TYR,310.0,34.753,38.424,7.545,-0.54,1.77,0.0
ATOM,4835.0,H,TYR,310.0,28.81,40.118,6.134,0.31,0.2245,0.0
ATOM,4836.0,HA,TYR,310.0,28.894,37.28,5.291,0.09,1.32,0.05
ATOM,4837.0,HB2,TYR,310.0,28.708,38.252,8.002,0.09,1.32,0.0
ATOM,4838.0,HB3,TYR,310.0,28.973,36.703,7.559,0.09,1.32,0.0
ATOM,4839.0,HD1,TYR,310.0,31.011,37.285,5.425,0.115,1.3582,0.0
ATOM,4840.0,HD2,TYR,310.0,30.684,38.577,9.334,0.115,1.3582,0.0
ATOM,4841.0,HE1,TYR,310.0,33.372,37.605,5.516,0.115,1.3582,0.0
ATOM,4842.0,HE2,TYR,310.0,33.044,38.889,9.434,0.115,1.3582,0.0
ATOM,4843.0,HH,TYR,310.0,35.102,38.637,6.633,0.43,0.2245,0.0
ATOM,4844.0,N,ASN,311.0,26.43,37.124,5.021,-0.47,1.85,0.0
ATOM,4845.0,CA,ASN,311.0,25.01,36.838,5.058,0.07,2.275,0.0
ATOM,4846.0,C,ASN,311.0,24.741,35.342,5.167,0.51,2.0,0.04
ATOM,4847.0,O,ASN,311.0,23.815,34.916,5.85,-0.51,1.7,25.14
ATOM,4848.0,CB,ASN,311.0,24.32,37.385,3.814,-0.18,2.175,0.14
ATOM,4849.0,CG,ASN,311.0,22.821,37.211,3.878,0.55,2.0,0.0
ATOM,4850.0,H,ASN,311.0,27.044,36.919,4.223,0.31,0.2245,0.0
ATOM,4851.0,HA,ASN,311.0,24.638,37.264,5.894,0.09,1.32,1.17
ATOM,4852.0,HB2,ASN,311.0,24.526,38.355,3.739,0.09,1.32,0.65
ATOM,4853.0,HB3,ASN,311.0,24.665,36.895,3.021,0.09,1.32,0.28
ATOM,4854.0,OD1,ASN,311.0,22.175,37.698,4.807,-0.55,1.7,5.16
ATOM,4855.0,ND2,ASN,311.0,22.259,36.503,2.904,-0.62,1.85,9.1
ATOM,4856.0,HD22,ASN,311.0,22.833,36.112,2.181,0.3,0.2245,7.7
ATOM,4857.0,HD21,ASN,311.0,21.272,36.36,2.891,0.32,0.2245,17.05
ATOM,4858.0,N,ASP,312.0,25.563,34.553,4.485,-0.47,1.85,0.0
ATOM,4859.0,CA,ASP,312.0,25.439,33.102,4.478,0.07,2.275,0.87
ATOM,4860.0,C,ASP,312.0,26.837,32.52,4.666,0.51,2.0,0.04
ATOM,4861.0,O,ASP,312.0,27.581,32.388,3.699,-0.51,1.7,0.0
ATOM,4862.0,CB,ASP,312.0,24.868,32.645,3.135,-0.28,2.175,8.71
ATOM,4863.0,CG,ASP,312.0,24.676,31.14,3.052,0.62,2.0,3.02
ATOM,4864.0,OD1,ASP,312.0,25.317,30.398,3.829,-0.76,1.7,5.22
ATOM,4865.0,OD2,ASP,312.0,23.888,30.696,2.192,-0.76,1.7,35.22
ATOM,4866.0,H,ASP,312.0,26.307,35.063,3.954,0.31,0.2245,0.0
ATOM,4867.0,HA,ASP,312.0,24.906,32.843,5.277,0.09,1.32,4.3
ATOM,4868.0,HB2,ASP,312.0,23.985,33.086,3.01,0.09,1.32,3.8
ATOM,4869.0,HB3,ASP,312.0,25.499,32.926,2.42,0.09,1.32,0.39
ATOM,4870.0,N,TYR,313.0,27.184,32.171,5.905,-0.47,1.85,0.0
ATOM,4871.0,CA,TYR,313.0,28.507,31.629,6.221,0.07,2.275,0.01
ATOM,4872.0,C,TYR,313.0,28.782,30.297,5.542,0.51,2.0,0.0
ATOM,4873.0,O,TYR,313.0,29.923,29.991,5.198,-0.51,1.7,0.0
ATOM,4874.0,CB,TYR,313.0,28.668,31.456,7.731,-0.18,2.175,0.0
ATOM,4875.0,CG,TYR,313.0,28.739,32.751,8.51,0.0,1.9924,0.0
ATOM,4876.0,CD1,TYR,313.0,29.847,33.587,8.405,-0.115,1.9924,0.0
ATOM,4877.0,CD2,TYR,313.0,27.708,33.126,9.373,-0.115,1.9924,3.78
ATOM,4878.0,CE1,TYR,313.0,29.932,34.773,9.15,-0.115,1.9924,0.0
ATOM,4879.0,CE2,TYR,313.0,27.781,34.31,10.121,-0.115,1.9924,4.76
ATOM,4880.0,CZ,TYR,313.0,28.899,35.124,10.003,0.11,1.9924,0.0
ATOM,4881.0,OH,TYR,313.0,28.98,36.283,10.739,-0.54,1.77,0.01
ATOM,4882.0,H,TYR,313.0,26.442,32.315,6.62,0.31,0.2245,3.96
ATOM,4883.0,HA,TYR,313.0,29.203,32.296,5.902,0.09,1.32,0.0
ATOM,4884.0,HB2,TYR,313.0,27.888,30.93,8.071,0.09,1.32,1.18
ATOM,4885.0,HB3,TYR,313.0,29.512,30.946,7.9,0.09,1.32,0.0
ATOM,4886.0,HD1,TYR,313.0,30.598,33.346,7.792,0.115,1.3582,0.0
ATOM,4887.0,HD2,TYR,313.0,26.903,32.545,9.461,0.115,1.3582,12.64
ATOM,4888.0,HE1,TYR,313.0,30.737,35.358,9.059,0.115,1.3582,0.0
ATOM,4889.0,HE2,TYR,313.0,27.035,34.56,10.731,0.115,1.3582,4.21
ATOM,4890.0,HH,TYR,313.0,28.106,36.444,11.195,0.43,0.2245,0.0
ATOM,4891.0,N,SER,314.0,27.739,29.501,5.352,-0.47,1.85,0.0
ATOM,4892.0,CA,SER,314.0,27.917,28.206,4.713,0.07,2.275,0.0
ATOM,4893.0,C,SER,314.0,28.442,28.411,3.295,0.51,2.0,0.0
ATOM,4894.0,O,SER,314.0,29.395,27.758,2.855,-0.51,1.7,0.0
ATOM,4895.0,CB,SER,314.0,26.587,27.456,4.671,0.05,2.175,16.39
ATOM,4896.0,OG,SER,314.0,26.78,26.149,4.169,-0.66,1.77,17.96
ATOM,4897.0,H,SER,314.0,26.835,29.864,5.681,0.31,0.2245,2.52
ATOM,4898.0,HA,SER,314.0,28.608,27.695,5.225,0.09,1.32,0.0
ATOM,4899.0,HB2,SER,314.0,26.221,27.401,5.592,0.09,1.32,3.42
ATOM,4900.0,HB3,SER,314.0,25.962,27.945,4.074,0.09,1.32,1.64
ATOM,4901.0,HG,SER,314.0,27.474,25.679,4.715,0.43,0.2245,0.89
ATOM,4902.0,N,HIS,315.0,27.813,29.344,2.594,-0.47,1.85,0.21
ATOM,4903.0,CA,HIS,315.0,28.179,29.661,1.227,0.07,2.275,1.58
ATOM,4904.0,C,HIS,315.0,29.56,30.313,1.206,0.51,2.0,0.0
ATOM,4905.0,O,HIS,315.0,30.347,30.092,0.283,-0.51,1.7,1.23
ATOM,4906.0,CB,HIS,315.0,27.115,30.6,0.631,-0.09,2.175,2.07
ATOM,4907.0,CG,HIS,315.0,27.074,30.606,-0.865,-0.05,1.8,0.82
ATOM,4908.0,H,HIS,315.0,27.041,29.824,3.107,0.31,0.2245,0.0
ATOM,4909.0,HA,HIS,315.0,28.228,28.811,0.699,0.09,1.32,0.0
ATOM,4910.0,HB2,HIS,315.0,26.21,30.321,0.973,0.09,1.32,0.16
ATOM,4911.0,HB3,HIS,315.0,27.299,31.538,0.948,0.09,1.32,0.0
ATOM,4912.0,ND1,HIS,315.0,27.964,31.323,-1.635,-0.36,1.85,2.3
ATOM,4913.0,CD2,HIS,315.0,26.252,29.971,-1.736,0.22,1.8,18.5
ATOM,4914.0,CE1,HIS,315.0,27.696,31.129,-2.915,0.25,1.8,18.2
ATOM,4915.0,NE2,HIS,315.0,26.661,30.313,-3.005,-0.7,1.85,29.5
ATOM,4916.0,HD1,HIS,315.0,28.699,31.9,-1.278,0.32,0.2245,0.0
ATOM,4917.0,HD2,HIS,315.0,25.493,29.37,-1.504,0.1,1.468,15.23
ATOM,4918.0,HE1,HIS,315.0,28.189,31.53,-3.681,0.13,0.9,10.52
ATOM,4919.0,N,LEU,316.0,29.855,31.108,2.23,-0.47,1.85,0.0
ATOM,4920.0,CA,LEU,316.0,31.143,31.796,2.316,0.07,2.275,0.0
ATOM,4921.0,C,LEU,316.0,32.273,30.774,2.454,0.51,2.0,0.0
ATOM,4922.0,O,LEU,316.0,33.283,30.847,1.755,-0.51,1.7,0.0
ATOM,4923.0,CB,LEU,316.0,31.166,32.73,3.53,-0.18,2.175,0.0
ATOM,4924.0,CG,LEU,316.0,32.034,33.998,3.503,-0.09,2.275,0.0
ATOM,4925.0,CD1,LEU,316.0,32.355,34.421,4.938,-0.27,2.06,0.0
ATOM,4926.0,CD2,LEU,316.0,33.313,33.759,2.749,-0.27,2.06,0.0
ATOM,4927.0,H,LEU,316.0,29.111,31.196,2.946,0.31,0.2245,0.0
ATOM,4928.0,HA,LEU,316.0,31.287,32.314,1.471,0.09,1.32,0.0
ATOM,4929.0,HB2,LEU,316.0,30.215,33.03,3.702,0.09,1.32,0.04
ATOM,4930.0,HB3,LEU,316.0,31.466,32.186,4.328,0.09,1.32,0.0
ATOM,4931.0,HG,LEU,316.0,31.532,34.724,3.05,0.09,1.32,0.0
ATOM,4932.0,HD11,LEU,316.0,32.85,33.684,5.396,0.09,1.32,0.0
ATOM,4933.0,HD12,LEU,316.0,32.919,35.245,4.921,0.09,1.32,0.0
ATOM,4934.0,HD13,LEU,316.0,31.503,34.607,5.426,0.09,1.32,0.01
ATOM,4935.0,HD21,LEU,316.0,33.109,33.494,1.803,0.09,1.32,0.0
ATOM,4936.0,HD22,LEU,316.0,33.868,34.595,2.74,0.09,1.32,0.0
ATOM,4937.0,HD23,LEU,316.0,33.838,33.024,3.187,0.09,1.32,0.0
ATOM,4938.0,N,LEU,317.0,32.091,29.824,3.361,-0.47,1.85,0.0
ATOM,4939.0,CA,LEU,317.0,33.099,28.802,3.601,0.07,2.275,0.0
ATOM,4940.0,C,LEU,317.0,33.356,27.917,2.391,0.51,2.0,0.0
ATOM,4941.0,O,LEU,317.0,34.467,27.413,2.22,-0.51,1.7,0.0
ATOM,4942.0,CB,LEU,317.0,32.695,27.95,4.809,-0.18,2.175,0.0
ATOM,4943.0,CG,LEU,317.0,32.783,28.696,6.145,-0.09,2.275,0.0
ATOM,4944.0,CD1,LEU,317.0,32.265,27.824,7.257,-0.27,2.06,0.0
ATOM,4945.0,CD2,LEU,317.0,34.221,29.087,6.417,-0.27,2.06,0.0
ATOM,4946.0,H,LEU,317.0,31.189,29.872,3.872,0.31,0.2245,0.0
ATOM,4947.0,HA,LEU,317.0,33.971,29.262,3.849,0.09,1.32,0.0
ATOM,4948.0,HB2,LEU,317.0,31.758,27.671,4.686,0.09,1.32,0.0
ATOM,4949.0,HB3,LEU,317.0,33.306,27.18,4.858,0.09,1.32,0.0
ATOM,4950.0,HG,LEU,317.0,32.235,29.529,6.082,0.09,1.32,0.0
ATOM,4951.0,HD11,LEU,317.0,32.81,26.984,7.316,0.09,1.32,0.0
ATOM,4952.0,HD12,LEU,317.0,32.323,28.313,8.131,0.09,1.32,0.0
ATOM,4953.0,HD13,LEU,317.0,31.308,27.579,7.083,0.09,1.32,0.0
ATOM,4954.0,HD21,LEU,317.0,34.554,29.683,5.684,0.09,1.32,0.0
ATOM,4955.0,HD22,LEU,317.0,34.279,29.575,7.29,0.09,1.32,0.0
ATOM,4956.0,HD23,LEU,317.0,34.793,28.265,6.459,0.09,1.32,0.0
ATOM,4957.0,N,ASP,318.0,32.338,27.724,1.551,-0.47,1.85,0.0
ATOM,4958.0,CA,ASP,318.0,32.511,26.906,0.353,0.07,2.275,0.59
ATOM,4959.0,C,ASP,318.0,33.57,27.545,-0.531,0.51,2.0,0.48
ATOM,4960.0,O,ASP,318.0,34.33,26.854,-1.195,-0.51,1.7,1.36
ATOM,4961.0,CB,ASP,318.0,31.203,26.781,-0.441,-0.28,2.175,14.64
ATOM,4962.0,CG,ASP,318.0,30.189,25.883,0.234,0.62,2.0,2.96
ATOM,4963.0,OD1,ASP,318.0,30.6,24.917,0.908,-0.76,1.7,12.97
ATOM,4964.0,OD2,ASP,318.0,28.975,26.135,0.075,-0.76,1.7,23.13
ATOM,4965.0,H,ASP,318.0,31.456,28.185,1.813,0.31,0.2245,0.0
ATOM,4966.0,HA,ASP,318.0,32.867,26.02,0.648,0.09,1.32,0.05
ATOM,4967.0,HB2,ASP,318.0,30.816,27.692,-0.534,0.09,1.32,0.05
ATOM,4968.0,HB3,ASP,318.0,31.424,26.405,-1.334,0.09,1.32,9.38
ATOM,4969.0,N,ALA,319.0,33.616,28.872,-0.534,-0.47,1.85,0.45
ATOM,4970.0,CA,ALA,319.0,34.598,29.585,-1.342,0.07,2.275,1.46
ATOM,4971.0,C,ALA,319.0,36.004,29.274,-0.838,0.51,2.0,0.0
ATOM,4972.0,O,ALA,319.0,36.943,29.192,-1.623,-0.51,1.7,0.0
ATOM,4973.0,CB,ALA,319.0,34.334,31.082,-1.288,-0.27,2.06,0.02
ATOM,4974.0,H,ALA,319.0,32.917,29.339,0.067,0.31,0.2245,0.0
ATOM,4975.0,HA,ALA,319.0,34.523,29.276,-2.293,0.09,1.32,0.03
ATOM,4976.0,HB1,ALA,319.0,33.472,31.287,-1.751,0.09,1.32,1.26
ATOM,4977.0,HB2,ALA,319.0,34.277,31.378,-0.335,0.09,1.32,0.0
ATOM,4978.0,HB3,ALA,319.0,35.079,31.57,-1.743,0.09,1.32,0.0
ATOM,4979.0,N,PHE,320.0,36.142,29.103,0.477,-0.47,1.85,0.0
ATOM,4980.0,CA,PHE,320.0,37.436,28.786,1.08,0.07,2.275,0.0
ATOM,4981.0,C,PHE,320.0,37.865,27.379,0.721,0.51,2.0,0.0
ATOM,4982.0,O,PHE,320.0,39.006,27.152,0.344,-0.51,1.7,0.0
ATOM,4983.0,CB,PHE,320.0,37.375,28.903,2.607,-0.18,2.175,0.0
ATOM,4984.0,CG,PHE,320.0,37.559,30.298,3.111,0.0,1.9924,0.0
ATOM,4985.0,CD1,PHE,320.0,36.571,31.256,2.923,-0.115,1.9924,0.0
ATOM,4986.0,CD2,PHE,320.0,38.738,30.666,3.754,-0.115,1.9924,0.0
ATOM,4987.0,CE1,PHE,320.0,36.756,32.56,3.366,-0.115,1.9924,0.0
ATOM,4988.0,CE2,PHE,320.0,38.933,31.967,4.199,-0.115,1.9924,0.0
ATOM,4989.0,CZ,PHE,320.0,37.94,32.917,4.003,-0.115,1.9924,0.08
ATOM,4990.0,H,PHE,320.0,35.267,29.213,1.024,0.31,0.2245,0.0
ATOM,4991.0,HA,PHE,320.0,38.108,29.413,0.671,0.09,1.32,0.0
ATOM,4992.0,HB2,PHE,320.0,36.485,28.583,2.896,0.09,1.32,0.0
ATOM,4993.0,HB3,PHE,320.0,38.098,28.34,2.979,0.09,1.32,0.0
ATOM,4994.0,HD1,PHE,320.0,35.721,31.011,2.469,0.115,1.3582,0.0
ATOM,4995.0,HD2,PHE,320.0,39.454,29.982,3.898,0.115,1.3582,0.0
ATOM,4996.0,HE1,PHE,320.0,36.03,33.242,3.222,0.115,1.3582,0.0
ATOM,4997.0,HE2,PHE,320.0,39.797,32.216,4.662,0.115,1.3582,0.0
ATOM,4998.0,HZ,PHE,320.0,38.07,33.856,4.317,0.115,1.3582,0.0
ATOM,4999.0,N,LYS,321.0,36.951,26.427,0.858,-0.47,1.85,0.0
ATOM,5000.0,CA,LYS,321.0,37.286,25.054,0.523,0.07,2.275,0.0
ATOM,5001.0,C,LYS,321.0,37.632,24.995,-0.954,0.51,2.0,0.0
ATOM,5002.0,O,LYS,321.0,38.594,24.344,-1.362,-0.51,1.7,6.59
ATOM,5003.0,CB,LYS,321.0,36.113,24.122,0.819,-0.18,2.175,0.18
ATOM,5004.0,CG,LYS,321.0,36.417,22.696,0.429,-0.18,2.175,3.31
ATOM,5005.0,CD,LYS,321.0,35.497,21.701,1.094,-0.18,2.175,4.22
ATOM,5006.0,CE,LYS,321.0,36.14,20.323,1.053,0.21,2.175,20.19
ATOM,5007.0,NZ,LYS,321.0,37.517,20.376,1.641,-0.3,1.85,7.89
ATOM,5008.0,H,LYS,321.0,36.035,26.734,1.204,0.31,0.2245,0.0
ATOM,5009.0,HA,LYS,321.0,38.083,24.772,1.053,0.09,1.32,3.61
ATOM,5010.0,HB2,LYS,321.0,35.929,24.154,1.791,0.09,1.32,0.0
ATOM,5011.0,HB3,LYS,321.0,35.33,24.435,0.299,0.09,1.32,1.32
ATOM,5012.0,HG2,LYS,321.0,36.329,22.603,-0.571,0.09,1.32,6.85
ATOM,5013.0,HG3,LYS,321.0,37.368,22.481,0.683,0.09,1.32,0.94
ATOM,5014.0,HD2,LYS,321.0,35.365,21.958,2.037,0.09,1.32,0.0
ATOM,5015.0,HD3,LYS,321.0,34.643,21.664,0.602,0.09,1.32,10.98
ATOM,5016.0,HE2,LYS,321.0,35.585,19.687,1.581,0.05,1.32,4.73
ATOM,5017.0,HE3,LYS,321.0,36.202,20.019,0.107,0.05,1.32,10.7
ATOM,5018.0,HZ1,LYS,321.0,38.189,20.273,0.91,0.33,0.2245,17.72
ATOM,5019.0,HZ2,LYS,321.0,37.644,21.255,2.097,0.33,0.2245,2.1
ATOM,5020.0,HZ3,LYS,321.0,37.619,19.634,2.301,0.33,0.2245,8.21
ATOM,5021.0,N,SER,322.0,36.845,25.698,-1.758,-0.47,1.85,0.24
ATOM,5022.0,CA,SER,322.0,37.061,25.745,-3.194,0.07,2.275,2.63
ATOM,5023.0,C,SER,322.0,38.421,26.366,-3.541,0.51,2.0,0.0
ATOM,5024.0,O,SER,322.0,39.11,25.924,-4.462,-0.51,1.7,17.98
ATOM,5025.0,CB,SER,322.0,35.93,26.543,-3.849,0.05,2.175,7.39
ATOM,5026.0,OG,SER,322.0,36.209,26.785,-5.212,-0.66,1.77,18.81
ATOM,5027.0,H,SER,322.0,36.073,26.204,-1.277,0.31,0.2245,0.0
ATOM,5028.0,HA,SER,322.0,37.061,24.8,-3.547,0.09,1.32,9.88
ATOM,5029.0,HB2,SER,322.0,35.087,26.02,-3.775,0.09,1.32,8.54
ATOM,5030.0,HB3,SER,322.0,35.838,27.413,-3.375,0.09,1.32,0.0
ATOM,5031.0,HG,SER,322.0,36.839,27.557,-5.294,0.43,0.2245,4.03
ATOM,5032.0,N,ALA,323.0,38.812,27.389,-2.791,-0.47,1.85,0.0
ATOM,5033.0,CA,ALA,323.0,40.084,28.054,-3.042,0.07,2.275,0.47
ATOM,5034.0,C,ALA,323.0,41.261,27.327,-2.379,0.51,2.0,0.0
ATOM,5035.0,O,ALA,323.0,42.418,27.673,-2.604,-0.51,1.7,1.68
ATOM,5036.0,CB,ALA,323.0,40.011,29.497,-2.552,-0.27,2.06,0.0
ATOM,5037.0,H,ALA,323.0,38.158,27.662,-2.04,0.31,0.2245,0.0
ATOM,5038.0,HA,ALA,323.0,40.249,28.078,-4.04,0.09,1.32,6.86
ATOM,5039.0,HB1,ALA,323.0,40.807,29.695,-1.981,0.09,1.32,0.0
ATOM,5040.0,HB2,ALA,323.0,40.002,30.115,-3.337,0.09,1.32,0.0
ATOM,5041.0,HB3,ALA,323.0,39.177,29.625,-2.017,0.09,1.32,0.0
ATOM,5042.0,N,LYS,324.0,40.961,26.317,-1.566,-0.47,1.85,0.0
ATOM,5043.0,CA,LYS,324.0,41.991,25.557,-0.865,0.07,2.275,2.45
ATOM,5044.0,C,LYS,324.0,42.743,26.423,0.136,0.51,2.0,1.75
ATOM,5045.0,O,LYS,324.0,43.979,26.455,0.161,-0.51,1.7,5.45
ATOM,5046.0,CB,LYS,324.0,42.972,24.929,-1.86,-0.18,2.175,1.6
ATOM,5047.0,CG,LYS,324.0,42.478,23.615,-2.442,-0.18,2.175,10.21
ATOM,5048.0,CD,LYS,324.0,43.421,23.077,-3.503,-0.18,2.175,14.82
ATOM,5049.0,CE,LYS,324.0,43.463,23.991,-4.727,0.21,2.175,11.29
ATOM,5050.0,NZ,LYS,324.0,44.427,23.513,-5.768,-0.3,1.85,14.55
ATOM,5051.0,H,LYS,324.0,39.944,26.12,-1.475,0.31,0.2245,0.0
ATOM,5052.0,HA,LYS,324.0,41.552,24.795,-0.368,0.09,1.32,5.25
ATOM,5053.0,HB2,LYS,324.0,43.111,25.571,-2.606,0.09,1.32,0.0
ATOM,5054.0,HB3,LYS,324.0,43.83,24.761,-1.385,0.09,1.32,2.47
ATOM,5055.0,HG2,LYS,324.0,42.401,22.94,-1.705,0.09,1.32,11.11
ATOM,5056.0,HG3,LYS,324.0,41.575,23.758,-2.852,0.09,1.32,1.49
ATOM,5057.0,HD2,LYS,324.0,44.338,23.019,-3.124,0.09,1.32,6.86
ATOM,5058.0,HD3,LYS,324.0,43.107,22.18,-3.793,0.09,1.32,10.68
ATOM,5059.0,HE2,LYS,324.0,42.543,24.036,-5.129,0.05,1.32,6.17
ATOM,5060.0,HE3,LYS,324.0,43.73,24.914,-4.433,0.05,1.32,0.13
ATOM,5061.0,HZ1,LYS,324.0,44.082,23.759,-6.671,0.33,0.2245,20.73
ATOM,5062.0,HZ2,LYS,324.0,45.314,23.945,-5.616,0.33,0.2245,7.1
ATOM,5063.0,HZ3,LYS,324.0,44.517,22.521,-5.699,0.33,0.2245,16.01
ATOM,5064.0,N,LEU,325.0,41.978,27.13,0.962,-0.47,1.85,1.23
ATOM,5065.0,CA,LEU,325.0,42.538,27.989,1.993,0.07,2.275,0.0
ATOM,5066.0,C,LEU,325.0,42.011,27.559,3.357,0.51,2.0,0.43
ATOM,5067.0,O,LEU,325.0,40.82,27.276,3.502,-0.51,1.7,2.3
ATOM,5068.0,CB,LEU,325.0,42.14,29.444,1.752,-0.18,2.175,0.0
ATOM,5069.0,CG,LEU,325.0,42.598,30.079,0.443,-0.09,2.275,0.0
ATOM,5070.0,CD1,LEU,325.0,42.031,31.49,0.34,-0.27,2.06,0.0
ATOM,5071.0,CD2,LEU,325.0,44.118,30.096,0.383,-0.27,2.06,0.0
ATOM,5072.0,H,LEU,325.0,40.953,27.015,0.806,0.31,0.2245,0.0
ATOM,5073.0,HA,LEU,325.0,43.534,27.887,1.993,0.09,1.32,0.0
ATOM,5074.0,HB2,LEU,325.0,41.141,29.495,1.774,0.09,1.32,0.0
ATOM,5075.0,HB3,LEU,325.0,42.518,29.992,2.498,0.09,1.32,0.0
ATOM,5076.0,HG,LEU,325.0,42.265,29.533,-0.319,0.09,1.32,0.0
ATOM,5077.0,HD11,LEU,325.0,42.359,32.038,1.11,0.09,1.32,0.0
ATOM,5078.0,HD12,LEU,325.0,42.33,31.908,-0.518,0.09,1.32,0.0
ATOM,5079.0,HD13,LEU,325.0,41.032,31.45,0.36,0.09,1.32,0.0
ATOM,5080.0,HD21,LEU,325.0,44.466,29.159,0.435,0.09,1.32,0.0
ATOM,5081.0,HD22,LEU,325.0,44.415,30.513,-0.477,0.09,1.32,0.0
ATOM,5082.0,HD23,LEU,325.0,44.478,30.627,1.151,0.09,1.32,0.0
ATOM,5083.0,N,ASP,326.0,42.892,27.494,4.351,-0.47,1.85,0.0
ATOM,5084.0,CA,ASP,326.0,42.449,27.142,5.689,0.07,2.275,0.0
ATOM,5085.0,C,ASP,326.0,41.776,28.405,6.205,0.51,2.0,0.09
ATOM,5086.0,O,ASP,326.0,42.051,29.503,5.707,-0.51,1.7,0.17
ATOM,5087.0,CB,ASP,326.0,43.627,26.771,6.588,-0.28,2.175,0.0
ATOM,5088.0,CG,ASP,326.0,44.379,25.556,6.085,0.62,2.0,0.0
ATOM,5089.0,OD1,ASP,326.0,43.75,24.693,5.43,-0.76,1.7,15.85
ATOM,5090.0,OD2,ASP,326.0,45.594,25.459,6.354,-0.76,1.7,3.19
ATOM,5091.0,H,ASP,326.0,43.864,27.705,4.097,0.31,0.2245,0.0
ATOM,5092.0,HA,ASP,326.0,41.749,26.456,5.6,0.09,1.32,0.08
ATOM,5093.0,HB2,ASP,326.0,44.249,27.544,6.614,0.09,1.32,0.0
ATOM,5094.0,HB3,ASP,326.0,43.273,26.576,7.494,0.09,1.32,0.0
ATOM,5095.0,N,VAL,327.0,40.902,28.258,7.19,-0.47,1.85,0.0
ATOM,5096.0,CA,VAL,327.0,40.179,29.4,7.736,0.07,2.275,0.0
ATOM,5097.0,C,VAL,327.0,40.551,29.708,9.182,0.51,2.0,0.0
ATOM,5098.0,O,VAL,327.0,40.763,28.802,9.996,-0.51,1.7,0.0
ATOM,5099.0,CB,VAL,327.0,38.638,29.165,7.657,-0.09,2.275,0.0
ATOM,5100.0,CG1,VAL,327.0,38.257,27.958,8.499,-0.27,2.06,0.0
ATOM,5101.0,CG2,VAL,327.0,37.88,30.39,8.135,-0.27,2.06,0.0
ATOM,5102.0,H,VAL,327.0,40.78,27.287,7.53,0.31,0.2245,0.0
ATOM,5103.0,HA,VAL,327.0,40.41,30.215,7.176,0.09,1.32,0.0
ATOM,5104.0,HB,VAL,327.0,38.423,28.949,6.715,0.09,1.32,0.0
ATOM,5105.0,HG11,VAL,327.0,38.971,27.261,8.428,0.09,1.32,0.0
ATOM,5106.0,HG12,VAL,327.0,38.157,28.235,9.455,0.09,1.32,0.0
ATOM,5107.0,HG13,VAL,327.0,37.391,27.58,8.171,0.09,1.32,0.0
ATOM,5108.0,HG21,VAL,327.0,37.757,31.024,7.371,0.09,1.32,0.0
ATOM,5109.0,HG22,VAL,327.0,36.985,30.111,8.486,0.09,1.32,0.0
ATOM,5110.0,HG23,VAL,327.0,38.4,30.839,8.862,0.09,1.32,0.0
ATOM,5111.0,N,THR,328.0,40.639,30.998,9.488,-0.47,1.85,0.0
ATOM,5112.0,CA,THR,328.0,40.93,31.452,10.839,0.07,2.275,0.0
ATOM,5113.0,C,THR,328.0,39.744,32.281,11.316,0.51,2.0,0.0
ATOM,5114.0,O,THR,328.0,39.267,33.162,10.602,-0.51,1.7,0.02
ATOM,5115.0,CB,THR,328.0,42.186,32.359,10.906,0.14,2.275,0.0
ATOM,5116.0,OG1,THR,328.0,43.358,31.587,10.649,-0.66,1.77,0.77
ATOM,5117.0,CG2,THR,328.0,42.302,33.003,12.292,-0.27,2.06,0.0
ATOM,5118.0,H,THR,328.0,40.483,31.645,8.687,0.31,0.2245,0.0
ATOM,5119.0,HA,THR,328.0,41.018,30.659,11.433,0.09,1.32,0.0
ATOM,5120.0,HB,THR,328.0,42.106,33.076,10.183,0.09,1.32,0.0
ATOM,5121.0,HG21,THR,328.0,41.897,33.918,12.271,0.09,1.32,0.42
ATOM,5122.0,HG22,THR,328.0,41.819,32.44,12.964,0.09,1.32,0.0
ATOM,5123.0,HG23,THR,328.0,43.267,33.072,12.549,0.09,1.32,0.0
ATOM,5124.0,HG1,THR,328.0,43.946,31.556,11.465,0.43,0.2245,0.0
ATOM,5125.0,N,PHE,329.0,39.268,31.988,12.519,-0.47,1.85,0.0
ATOM,5126.0,CA,PHE,329.0,38.151,32.719,13.091,0.07,2.275,0.04
ATOM,5127.0,C,PHE,329.0,38.603,33.27,14.444,0.51,2.0,0.0
ATOM,5128.0,O,PHE,329.0,39.627,32.853,14.973,-0.51,1.7,0.0
ATOM,5129.0,CB,PHE,329.0,36.936,31.801,13.249,-0.18,2.175,0.23
ATOM,5130.0,CG,PHE,329.0,35.644,32.545,13.398,0.0,1.9924,0.0
ATOM,5131.0,CD1,PHE,329.0,35.206,33.406,12.391,-0.115,1.9924,0.0
ATOM,5132.0,CD2,PHE,329.0,34.872,32.417,14.552,-0.115,1.9924,0.21
ATOM,5133.0,CE1,PHE,329.0,34.013,34.132,12.53,-0.115,1.9924,0.0
ATOM,5134.0,CE2,PHE,329.0,33.678,33.138,14.701,-0.115,1.9924,0.0
ATOM,5135.0,CZ,PHE,329.0,33.249,33.997,13.686,-0.115,1.9924,0.0
ATOM,5136.0,H,PHE,329.0,39.754,31.208,13.003,0.31,0.2245,0.0
ATOM,5137.0,HA,PHE,329.0,37.98,33.505,12.507,0.09,1.32,0.0
ATOM,5138.0,HB2,PHE,329.0,36.877,31.238,12.44,0.09,1.32,0.0
ATOM,5139.0,HB3,PHE,329.0,37.074,31.257,14.061,0.09,1.32,0.0
ATOM,5140.0,HD1,PHE,329.0,35.74,33.511,11.56,0.115,1.3582,0.0
ATOM,5141.0,HD2,PHE,329.0,35.169,31.806,15.282,0.115,1.3582,0.0
ATOM,5142.0,HE1,PHE,329.0,33.722,34.745,11.791,0.115,1.3582,0.0
ATOM,5143.0,HE2,PHE,329.0,33.135,33.032,15.545,0.115,1.3582,0.0
ATOM,5144.0,HZ,PHE,329.0,32.402,34.51,13.787,0.115,1.3582,0.0
ATOM,5145.0,N,THR,330.0,37.847,34.207,15.003,-0.47,1.85,0.0
ATOM,5146.0,CA,THR,330.0,38.219,34.814,16.283,0.07,2.275,0.0
ATOM,5147.0,C,THR,330.0,37.097,34.797,17.318,0.51,2.0,0.0
ATOM,5148.0,O,THR,330.0,36.06,34.179,17.109,-0.51,1.7,0.0
ATOM,5149.0,CB,THR,330.0,38.676,36.28,16.08,0.14,2.275,1.72
ATOM,5150.0,OG1,THR,330.0,39.814,36.31,15.212,-0.66,1.77,4.81
ATOM,5151.0,CG2,THR,330.0,39.071,36.915,17.397,-0.27,2.06,3.63
ATOM,5152.0,H,THR,330.0,36.998,34.465,14.474,0.31,0.2245,0.0
ATOM,5153.0,HA,THR,330.0,39.008,34.296,16.662,0.09,1.32,0.0
ATOM,5154.0,HB,THR,330.0,37.919,36.797,15.635,0.09,1.32,0.08
ATOM,5155.0,HG21,THR,330.0,39.851,37.532,17.261,0.09,1.32,2.19
ATOM,5156.0,HG22,THR,330.0,38.301,37.44,17.77,0.09,1.32,0.0
ATOM,5157.0,HG23,THR,330.0,39.33,36.204,18.057,0.09,1.32,0.0
ATOM,5158.0,HG1,THR,330.0,40.411,35.52,15.39,0.43,0.2245,0.0
ATOM,5159.0,N,CYS,331.0,37.338,35.475,18.439,-0.47,1.85,0.0
ATOM,5160.0,CA,CYS,331.0,36.386,35.591,19.538,0.07,2.275,0.0
ATOM,5161.0,C,CYS,331.0,36.308,34.33,20.376,0.51,2.0,0.0
ATOM,5162.0,O,CYS,331.0,35.368,34.157,21.147,-0.51,1.7,0.29
ATOM,5163.0,CB,CYS,331.0,34.993,35.939,19.011,-0.11,2.175,0.0
ATOM,5164.0,SG,CYS,331.0,34.904,37.481,18.093,-0.23,2.0,1.92
ATOM,5165.0,H,CYS,331.0,38.289,35.927,18.464,0.31,0.2245,0.0
ATOM,5166.0,HA,CYS,331.0,36.689,36.351,20.137,0.09,1.32,0.0
ATOM,5167.0,HB2,CYS,331.0,34.696,35.194,18.413,0.09,1.32,0.0
ATOM,5168.0,HB3,CYS,331.0,34.374,35.999,19.796,0.09,1.32,0.0
ATOM,5169.0,HG,CYS,331.0,33.996,37.89,18.205,0.16,0.45,0.0
ATOM,5170.0,N,LEU,332.0,37.291,33.446,20.233,-0.47,1.85,0.0
ATOM,5171.0,CA,LEU,332.0,37.285,32.212,21.009,0.07,2.275,0.05
ATOM,5172.0,C,LEU,332.0,37.305,32.466,22.515,0.51,2.0,0.0
ATOM,5173.0,O,LEU,332.0,36.887,31.61,23.293,-0.51,1.7,0.07
ATOM,5174.0,CB,LEU,332.0,38.471,31.323,20.63,-0.18,2.175,0.0
ATOM,5175.0,CG,LEU,332.0,38.294,30.383,19.43,-0.09,2.275,0.0
ATOM,5176.0,CD1,LEU,332.0,38.067,31.182,18.162,-0.27,2.06,0.0
ATOM,5177.0,CD2,LEU,332.0,39.531,29.511,19.302,-0.27,2.06,0.0
ATOM,5178.0,H,LEU,332.0,38.022,33.7,19.557,0.31,0.2245,0.0
ATOM,5179.0,HA,LEU,332.0,36.442,31.696,20.787,0.09,1.32,0.03
ATOM,5180.0,HB2,LEU,332.0,39.248,31.92,20.424,0.09,1.32,0.0
ATOM,5181.0,HB3,LEU,332.0,38.692,30.753,21.421,0.09,1.32,0.0
ATOM,5182.0,HG,LEU,332.0,37.508,29.791,19.599,0.09,1.32,0.0
ATOM,5183.0,HD11,LEU,332.0,38.854,31.778,17.994,0.09,1.32,0.0
ATOM,5184.0,HD12,LEU,332.0,37.953,30.559,17.386,0.09,1.32,0.0
ATOM,5185.0,HD13,LEU,332.0,37.243,31.742,18.259,0.09,1.32,0.0
ATOM,5186.0,HD21,LEU,332.0,39.651,28.973,20.138,0.09,1.32,0.0
ATOM,5187.0,HD22,LEU,332.0,39.427,28.893,18.521,0.09,1.32,0.0
ATOM,5188.0,HD23,LEU,332.0,40.337,30.089,19.162,0.09,1.32,0.0
ATOM,5189.0,N,GLU,333.0,37.777,33.64,22.926,-0.47,1.85,0.0
ATOM,5190.0,CA,GLU,333.0,37.852,33.959,24.35,0.07,2.275,0.0
ATOM,5191.0,C,GLU,333.0,36.565,34.552,24.933,0.51,2.0,0.0
ATOM,5192.0,O,GLU,333.0,36.402,34.615,26.147,-0.51,1.7,0.0
ATOM,5193.0,CB,GLU,333.0,38.998,34.946,24.622,-0.18,2.175,0.0
ATOM,5194.0,CG,GLU,333.0,38.611,36.416,24.465,-0.28,2.175,3.55
ATOM,5195.0,CD,GLU,333.0,38.665,36.904,23.023,0.62,2.0,0.0
ATOM,5196.0,OE1,GLU,333.0,38.55,36.073,22.086,-0.76,1.7,0.0
ATOM,5197.0,OE2,GLU,333.0,38.814,38.134,22.835,-0.76,1.7,0.15
ATOM,5198.0,H,GLU,333.0,38.075,34.283,22.176,0.31,0.2245,0.0
ATOM,5199.0,HA,GLU,333.0,38.095,33.117,24.872,0.09,1.32,0.0
ATOM,5200.0,HB2,GLU,333.0,39.291,34.814,25.552,0.09,1.32,0.0
ATOM,5201.0,HB3,GLU,333.0,39.715,34.757,23.976,0.09,1.32,0.0
ATOM,5202.0,HG2,GLU,333.0,37.686,36.525,24.78,0.09,1.32,0.25
ATOM,5203.0,HG3,GLU,333.0,39.246,36.959,24.985,0.09,1.32,0.08
ATOM,5204.0,N,MET,334.0,35.647,34.977,24.076,-0.47,1.85,0.0
ATOM,5205.0,CA,MET,334.0,34.417,35.602,24.555,0.07,2.275,0.0
ATOM,5206.0,C,MET,334.0,33.243,34.667,24.842,0.51,2.0,0.0
ATOM,5207.0,O,MET,334.0,33.246,33.495,24.47,-0.51,1.7,1.45
ATOM,5208.0,CB,MET,334.0,33.979,36.674,23.558,-0.18,2.175,1.23
ATOM,5209.0,CG,MET,334.0,35.064,37.65,23.2,-0.14,2.175,2.11
ATOM,5210.0,SD,MET,334.0,34.512,38.791,21.935,-0.09,2.0,2.06
ATOM,5211.0,CE,MET,334.0,35.717,40.116,22.103,-0.22,2.06,8.03
ATOM,5212.0,H,MET,334.0,35.868,34.834,23.08,0.31,0.2245,0.0
ATOM,5213.0,HA,MET,334.0,34.638,36.098,25.429,0.09,1.32,2.72
ATOM,5214.0,HB2,MET,334.0,33.658,36.22,22.715,0.09,1.32,0.0
ATOM,5215.0,HB3,MET,334.0,33.2,37.182,23.952,0.09,1.32,2.02
ATOM,5216.0,HG2,MET,334.0,35.349,38.153,24.042,0.09,1.32,6.63
ATOM,5217.0,HG3,MET,334.0,35.887,37.132,22.887,0.09,1.32,0.0
ATOM,5218.0,HE1,MET,334.0,36.415,40.021,21.394,0.09,1.32,0.0
ATOM,5219.0,HE2,MET,334.0,35.257,40.998,22.004,0.09,1.32,3.18
ATOM,5220.0,HE3,MET,334.0,36.146,40.062,23.004,0.09,1.32,2.02
ATOM,5221.0,N,THR,335.0,32.233,35.206,25.515,-0.47,1.85,0.0
ATOM,5222.0,CA,THR,335.0,31.031,34.45,25.851,0.07,2.275,0.0
ATOM,5223.0,C,THR,335.0,29.818,35.214,25.36,0.51,2.0,0.0
ATOM,5224.0,O,THR,335.0,29.917,36.395,25.031,-0.51,1.7,0.0
ATOM,5225.0,CB,THR,335.0,30.902,34.246,27.363,0.14,2.275,4.27
ATOM,5226.0,OG1,THR,335.0,31.015,35.51,28.021,-0.66,1.77,10.7
ATOM,5227.0,CG2,THR,335.0,31.989,33.306,27.866,-0.27,2.06,8.07
ATOM,5228.0,H,THR,335.0,32.371,36.205,25.78,0.31,0.2245,2.61
ATOM,5229.0,HA,THR,335.0,31.067,33.569,25.379,0.09,1.32,0.0
ATOM,5230.0,HB,THR,335.0,29.979,33.862,27.568,0.09,1.32,6.03
ATOM,5231.0,HG21,THR,335.0,32.874,33.777,27.863,0.09,1.32,0.0
ATOM,5232.0,HG22,THR,335.0,31.777,33.011,28.8,0.09,1.32,8.58
ATOM,5233.0,HG23,THR,335.0,32.044,32.501,27.271,0.09,1.32,0.6
ATOM,5234.0,HG1,THR,335.0,31.98,35.787,28.086,0.43,0.2245,4.34
ATOM,5235.0,N,ASP,336.0,28.673,34.543,25.308,-0.47,1.85,0.05
ATOM,5236.0,CA,ASP,336.0,27.459,35.184,24.835,0.07,2.275,0.0
ATOM,5237.0,C,ASP,336.0,26.849,36.148,25.837,0.51,2.0,0.16
ATOM,5238.0,O,ASP,336.0,26.986,35.978,27.048,-0.51,1.7,19.95
ATOM,5239.0,CB,ASP,336.0,26.404,34.144,24.464,-0.28,2.175,9.35
ATOM,5240.0,CG,ASP,336.0,26.715,33.428,23.165,0.62,2.0,0.0
ATOM,5241.0,OD1,ASP,336.0,27.398,34.005,22.294,-0.76,1.7,0.0
ATOM,5242.0,OD2,ASP,336.0,26.246,32.281,23.013,-0.76,1.7,12.38
ATOM,5243.0,H,ASP,336.0,28.724,33.561,25.623,0.31,0.2245,2.57
ATOM,5244.0,HA,ASP,336.0,27.709,35.73,24.012,0.09,1.32,0.0
ATOM,5245.0,HB2,ASP,336.0,26.362,33.473,25.197,0.09,1.32,9.29
ATOM,5246.0,HB3,ASP,336.0,25.531,34.61,24.371,0.09,1.32,0.72
ATOM,5247.0,N,LYS,337.0,26.178,37.164,25.307,-0.47,1.85,0.0
ATOM,5248.0,CA,LYS,337.0,25.482,38.164,26.111,0.07,2.275,3.1
ATOM,5249.0,C,LYS,337.0,24.115,38.314,25.462,0.51,2.0,0.0
ATOM,5250.0,O,LYS,337.0,23.094,38.01,26.071,-0.51,1.7,23.93
ATOM,5251.0,CB,LYS,337.0,26.225,39.496,26.085,-0.18,2.175,1.91
ATOM,5252.0,CG,LYS,337.0,27.607,39.412,26.679,-0.18,2.175,1.38
ATOM,5253.0,CD,LYS,337.0,28.297,40.762,26.649,-0.18,2.175,5.04
ATOM,5254.0,CE,LYS,337.0,29.744,40.651,27.137,0.21,2.175,20.94
ATOM,5255.0,NZ,LYS,337.0,29.826,40.084,28.517,-0.3,1.85,11.87
ATOM,5256.0,H,LYS,337.0,26.19,37.187,24.259,0.31,0.2245,0.0
ATOM,5257.0,HA,LYS,337.0,25.368,37.822,27.028,0.09,1.32,6.95
ATOM,5258.0,HB2,LYS,337.0,26.302,39.79,25.137,0.09,1.32,0.0
ATOM,5259.0,HB3,LYS,337.0,25.693,40.158,26.606,0.09,1.32,1.56
ATOM,5260.0,HG2,LYS,337.0,27.542,39.105,27.629,0.09,1.32,4.05
ATOM,5261.0,HG3,LYS,337.0,28.155,38.759,26.156,0.09,1.32,0.0
ATOM,5262.0,HD2,LYS,337.0,28.308,41.102,25.717,0.09,1.32,0.08
ATOM,5263.0,HD3,LYS,337.0,27.814,41.39,27.247,0.09,1.32,9.59
ATOM,5264.0,HE2,LYS,337.0,30.251,40.059,26.507,0.05,1.32,4.47
ATOM,5265.0,HE3,LYS,337.0,30.157,41.565,27.131,0.05,1.32,11.82
ATOM,5266.0,HZ1,LYS,337.0,29.74,40.824,29.182,0.33,0.2245,20.27
ATOM,5267.0,HZ2,LYS,337.0,29.086,39.427,28.647,0.33,0.2245,6.91
ATOM,5268.0,HZ3,LYS,337.0,30.707,39.627,28.633,0.33,0.2245,14.32
ATOM,5269.0,N,GLY,338.0,24.111,38.768,24.215,-0.47,1.85,0.0
ATOM,5270.0,CA,GLY,338.0,22.873,38.925,23.475,-0.02,2.175,0.16
ATOM,5271.0,C,GLY,338.0,21.828,39.834,24.093,0.51,2.0,0.0
ATOM,5272.0,O,GLY,338.0,20.628,39.631,23.905,-0.51,1.7,13.81
ATOM,5273.0,H,GLY,338.0,25.047,38.994,23.829,0.31,0.2245,0.0
ATOM,5274.0,HA2,GLY,338.0,23.092,39.268,22.527,0.09,1.32,0.0
ATOM,5275.0,HA3,GLY,338.0,22.455,37.994,23.323,0.09,1.32,1.68
ATOM,5276.0,N,SER,339.0,22.266,40.842,24.828,-0.47,1.85,0.0
ATOM,5277.0,CA,SER,339.0,21.336,41.769,25.443,0.07,2.275,1.06
ATOM,5278.0,C,SER,339.0,21.528,43.154,24.849,0.51,2.0,0.0
ATOM,5279.0,O,SER,339.0,22.6,43.47,24.327,-0.51,1.7,0.0
ATOM,5280.0,CB,SER,339.0,21.577,41.831,26.952,0.05,2.175,25.01
ATOM,5281.0,OG,SER,339.0,22.866,42.359,27.226,-0.66,1.77,14.91
ATOM,5282.0,H,SER,339.0,23.294,40.908,24.922,0.31,0.2245,0.0
ATOM,5283.0,HA,SER,339.0,20.403,41.468,25.23,0.09,1.32,3.59
ATOM,5284.0,HB2,SER,339.0,20.892,42.42,27.363,0.09,1.32,7.43
ATOM,5285.0,HB3,SER,339.0,21.518,40.913,27.324,0.09,1.32,6.55
ATOM,5286.0,HG,SER,339.0,22.868,43.341,27.043,0.43,0.2245,3.68
ATOM,5287.0,N,TYR,340.0,20.482,43.973,24.923,-0.47,1.85,0.0
ATOM,5288.0,CA,TYR,340.0,20.526,45.345,24.435,0.07,2.275,0.0
ATOM,5289.0,C,TYR,340.0,21.661,46.021,25.211,0.51,2.0,0.0
ATOM,5290.0,O,TYR,340.0,21.843,45.751,26.398,-0.51,1.7,13.27
ATOM,5291.0,CB,TYR,340.0,19.188,46.031,24.746,-0.18,2.175,12.04
ATOM,5292.0,CG,TYR,340.0,19.154,47.518,24.467,0.0,1.9924,0.57
ATOM,5293.0,CD1,TYR,340.0,18.817,48.002,23.206,-0.115,1.9924,7.62
ATOM,5294.0,CD2,TYR,340.0,19.49,48.437,25.458,-0.115,1.9924,9.21
ATOM,5295.0,CE1,TYR,340.0,18.82,49.369,22.941,-0.115,1.9924,14.17
ATOM,5296.0,CE2,TYR,340.0,19.498,49.802,25.204,-0.115,1.9924,12.17
ATOM,5297.0,CZ,TYR,340.0,19.165,50.263,23.946,0.11,1.9924,1.88
ATOM,5298.0,OH,TYR,340.0,19.201,51.613,23.684,-0.54,1.77,30.98
ATOM,5299.0,H,TYR,340.0,19.633,43.549,25.359,0.31,0.2245,7.14
ATOM,5300.0,HA,TYR,340.0,20.771,45.336,23.48,0.09,1.32,0.0
ATOM,5301.0,HB2,TYR,340.0,18.479,45.592,24.193,0.09,1.32,0.52
ATOM,5302.0,HB3,TYR,340.0,18.986,45.891,25.716,0.09,1.32,7.2
ATOM,5303.0,HD1,TYR,340.0,18.57,47.363,22.479,0.115,1.3582,0.46
ATOM,5304.0,HD2,TYR,340.0,19.729,48.107,26.371,0.115,1.3582,9.77
ATOM,5305.0,HE1,TYR,340.0,18.574,49.705,22.032,0.115,1.3582,14.64
ATOM,5306.0,HE2,TYR,340.0,19.744,50.446,25.929,0.115,1.3582,16.53
ATOM,5307.0,HH,TYR,340.0,18.775,51.787,22.798,0.43,0.2245,20.84
ATOM,5308.0,N,PRO,341.0,22.445,46.899,24.565,-0.29,1.85,0.0
ATOM,5309.0,CA,PRO,341.0,22.383,47.329,23.167,0.02,2.275,0.0
ATOM,5310.0,C,PRO,341.0,23.339,46.617,22.199,0.51,2.0,0.0
ATOM,5311.0,O,PRO,341.0,23.189,46.748,20.982,-0.51,1.7,1.65
ATOM,5312.0,CB,PRO,341.0,22.698,48.812,23.269,-0.18,2.175,11.26
ATOM,5313.0,CG,PRO,341.0,23.763,48.823,24.299,-0.18,2.175,12.13
ATOM,5314.0,CD,PRO,341.0,23.244,47.855,25.355,0.0,2.175,11.26
ATOM,5315.0,HA,PRO,341.0,21.417,47.262,22.817,0.09,1.32,0.0
ATOM,5316.0,HB2,PRO,341.0,23.031,49.165,22.4,0.09,1.32,6.85
ATOM,5317.0,HB3,PRO,341.0,21.901,49.325,23.567,0.09,1.32,0.0
ATOM,5318.0,HG2,PRO,341.0,24.629,48.498,23.928,0.09,1.32,0.0
ATOM,5319.0,HG3,PRO,341.0,23.879,49.732,24.69,0.09,1.32,11.51
ATOM,5320.0,HD2,PRO,341.0,23.996,47.392,25.816,0.09,1.32,1.5
ATOM,5321.0,HD3,PRO,341.0,22.673,48.327,26.023,0.09,1.32,4.69
ATOM,5322.0,N,GLU,342.0,24.31,45.864,22.711,-0.47,1.85,0.0
ATOM,5323.0,CA,GLU,342.0,25.261,45.198,21.822,0.07,2.275,0.0
ATOM,5324.0,C,GLU,342.0,24.708,43.983,21.08,0.51,2.0,0.0
ATOM,5325.0,O,GLU,342.0,25.091,43.733,19.94,-0.51,1.7,0.0
ATOM,5326.0,CB,GLU,342.0,26.511,44.739,22.581,-0.18,2.175,0.0
ATOM,5327.0,CG,GLU,342.0,27.189,45.776,23.449,-0.28,2.175,3.89
ATOM,5328.0,CD,GLU,342.0,26.42,46.037,24.726,0.62,2.0,2.97
ATOM,5329.0,OE1,GLU,342.0,25.736,45.106,25.21,-0.76,1.7,8.29
ATOM,5330.0,OE2,GLU,342.0,26.512,47.168,25.251,-0.76,1.7,26.05
ATOM,5331.0,H,GLU,342.0,24.33,45.796,23.733,0.31,0.2245,0.0
ATOM,5332.0,HA,GLU,342.0,25.612,45.875,21.139,0.09,1.32,0.0
ATOM,5333.0,HB2,GLU,342.0,26.24,43.984,23.169,0.09,1.32,0.0
ATOM,5334.0,HB3,GLU,342.0,27.172,44.431,21.905,0.09,1.32,0.0
ATOM,5335.0,HG2,GLU,342.0,28.076,45.44,23.7,0.09,1.32,0.71
ATOM,5336.0,HG3,GLU,342.0,27.232,46.62,22.951,0.09,1.32,0.0
ATOM,5337.0,N,TYR,343.0,23.821,43.233,21.728,-0.47,1.85,0.0
ATOM,5338.0,CA,TYR,343.0,23.263,42.021,21.135,0.07,2.275,0.0
ATOM,5339.0,C,TYR,343.0,24.435,41.187,20.635,0.51,2.0,0.0
ATOM,5340.0,O,TYR,343.0,24.455,40.732,19.494,-0.51,1.7,0.0
ATOM,5341.0,CB,TYR,343.0,22.312,42.367,19.982,-0.18,2.175,0.0
ATOM,5342.0,CG,TYR,343.0,21.015,42.986,20.45,0.0,1.9924,0.0
ATOM,5343.0,CD1,TYR,343.0,20.095,42.242,21.191,-0.115,1.9924,0.0
ATOM,5344.0,CD2,TYR,343.0,20.724,44.326,20.188,-0.115,1.9924,0.0
ATOM,5345.0,CE1,TYR,343.0,18.918,42.818,21.664,-0.115,1.9924,0.16
ATOM,5346.0,CE2,TYR,343.0,19.552,44.912,20.654,-0.115,1.9924,0.0
ATOM,5347.0,CZ,TYR,343.0,18.656,44.153,21.393,0.11,1.9924,0.0
ATOM,5348.0,OH,TYR,343.0,17.504,44.727,21.868,-0.54,1.77,11.59
ATOM,5349.0,H,TYR,343.0,23.565,43.578,22.673,0.31,0.2245,0.0
ATOM,5350.0,HA,TYR,343.0,22.796,41.509,21.845,0.09,1.32,0.0
ATOM,5351.0,HB2,TYR,343.0,22.771,43.014,19.385,0.09,1.32,0.0
ATOM,5352.0,HB3,TYR,343.0,22.1,41.529,19.493,0.09,1.32,0.0
ATOM,5353.0,HD1,TYR,343.0,20.282,41.279,21.386,0.115,1.3582,0.0
ATOM,5354.0,HD2,TYR,343.0,21.369,44.872,19.658,0.115,1.3582,0.0
ATOM,5355.0,HE1,TYR,343.0,18.27,42.274,22.194,0.115,1.3582,11.77
ATOM,5356.0,HE2,TYR,343.0,19.357,45.871,20.458,0.115,1.3582,2.85
ATOM,5357.0,HH,TYR,343.0,17.014,45.158,21.111,0.43,0.2245,10.02
ATOM,5358.0,N,SER,344.0,25.407,40.992,21.517,-0.47,1.85,0.0
ATOM,5359.0,CA,SER,344.0,26.615,40.246,21.202,0.07,2.275,0.0
ATOM,5360.0,C,SER,344.0,26.515,38.748,21.474,0.51,2.0,0.0
ATOM,5361.0,O,SER,344.0,26.211,38.329,22.589,-0.51,1.7,0.0
ATOM,5362.0,CB,SER,344.0,27.777,40.833,21.994,0.05,2.175,0.37
ATOM,5363.0,OG,SER,344.0,28.94,40.058,21.808,-0.66,1.77,1.45
ATOM,5364.0,H,SER,344.0,25.229,41.42,22.455,0.31,0.2245,0.0
ATOM,5365.0,HA,SER,344.0,26.808,40.366,20.208,0.09,1.32,0.0
ATOM,5366.0,HB2,SER,344.0,27.947,41.759,21.676,0.09,1.32,0.0
ATOM,5367.0,HB3,SER,344.0,27.538,40.837,22.959,0.09,1.32,0.0
ATOM,5368.0,HG,SER,344.0,29.414,40.355,20.979,0.43,0.2245,0.0
ATOM,5369.0,N,MET,345.0,26.797,37.946,20.453,-0.47,1.85,0.0
ATOM,5370.0,CA,MET,345.0,26.736,36.491,20.572,0.07,2.275,0.0
ATOM,5371.0,C,MET,345.0,27.976,35.836,19.951,0.51,2.0,0.0
ATOM,5372.0,O,MET,345.0,27.864,34.994,19.054,-0.51,1.7,0.0
ATOM,5373.0,CB,MET,345.0,25.475,35.962,19.878,-0.18,2.175,0.0
ATOM,5374.0,CG,MET,345.0,24.165,36.491,20.441,-0.14,2.175,0.0
ATOM,5375.0,SD,MET,345.0,23.841,35.906,22.115,-0.09,2.0,0.97
ATOM,5376.0,CE,MET,345.0,23.134,34.265,21.735,-0.22,2.06,25.43
ATOM,5377.0,H,MET,345.0,27.061,38.436,19.574,0.31,0.2245,0.0
ATOM,5378.0,HA,MET,345.0,26.721,36.255,21.549,0.09,1.32,0.0
ATOM,5379.0,HB2,MET,345.0,25.52,36.202,18.896,0.09,1.32,0.0
ATOM,5380.0,HB3,MET,345.0,25.467,34.952,19.946,0.09,1.32,0.0
ATOM,5381.0,HG2,MET,345.0,24.19,37.516,20.413,0.09,1.32,0.0
ATOM,5382.0,HG3,MET,345.0,23.405,36.219,19.808,0.09,1.32,0.0
ATOM,5383.0,HE1,MET,345.0,23.409,33.627,22.448,0.09,1.32,3.83
ATOM,5384.0,HE2,MET,345.0,22.142,34.345,21.707,0.09,1.32,9.03
ATOM,5385.0,HE3,MET,345.0,23.482,33.966,20.852,0.09,1.32,0.0
ATOM,5386.0,N,PRO,346.0,29.174,36.195,20.444,-0.29,1.85,0.0
ATOM,5387.0,CA,PRO,346.0,30.454,35.668,19.955,0.02,2.275,0.0
ATOM,5388.0,C,PRO,346.0,30.568,34.15,20.012,0.51,2.0,0.0
ATOM,5389.0,O,PRO,346.0,30.922,33.511,19.025,-0.51,1.7,0.0
ATOM,5390.0,CB,PRO,346.0,31.49,36.315,20.875,-0.18,2.175,0.0
ATOM,5391.0,CG,PRO,346.0,30.77,37.476,21.497,-0.18,2.175,0.27
ATOM,5392.0,CD,PRO,346.0,29.369,36.993,21.667,0.0,2.175,0.0
ATOM,5393.0,HA,PRO,346.0,30.635,36.005,19.008,0.09,1.32,0.0
ATOM,5394.0,HB2,PRO,346.0,31.795,35.668,21.578,0.09,1.32,0.0
ATOM,5395.0,HB3,PRO,346.0,32.285,36.628,20.352,0.09,1.32,0.0
ATOM,5396.0,HG2,PRO,346.0,31.185,37.71,22.378,0.09,1.32,1.05
ATOM,5397.0,HG3,PRO,346.0,30.811,38.273,20.892,0.09,1.32,0.0
ATOM,5398.0,HD2,PRO,346.0,29.269,36.421,22.476,0.09,1.32,0.0
ATOM,5399.0,HD3,PRO,346.0,28.717,37.747,21.699,0.09,1.32,0.0
ATOM,5400.0,N,LYS,347.0,30.287,33.575,21.18,-0.47,1.85,0.0
ATOM,5401.0,CA,LYS,347.0,30.409,32.13,21.351,0.07,2.275,0.0
ATOM,5402.0,C,LYS,347.0,29.49,31.363,20.42,0.51,2.0,0.0
ATOM,5403.0,O,LYS,347.0,29.901,30.381,19.808,-0.51,1.7,0.0
ATOM,5404.0,CB,LYS,347.0,30.138,31.72,22.8,-0.18,2.175,0.0
ATOM,5405.0,CG,LYS,347.0,30.446,30.259,23.076,-0.18,2.175,0.04
ATOM,5406.0,CD,LYS,347.0,30.232,29.911,24.535,-0.18,2.175,3.57
ATOM,5407.0,CE,LYS,347.0,30.605,28.461,24.805,0.21,2.175,3.5
ATOM,5408.0,NZ,LYS,347.0,30.31,28.082,26.21,-0.3,1.85,10.31
ATOM,5409.0,H,LYS,347.0,29.986,34.22,21.927,0.31,0.2245,0.0
ATOM,5410.0,HA,LYS,347.0,31.367,31.861,21.159,0.09,1.32,0.52
ATOM,5411.0,HB2,LYS,347.0,30.707,32.28,23.393,0.09,1.32,0.0
ATOM,5412.0,HB3,LYS,347.0,29.175,31.882,22.994,0.09,1.32,0.0
ATOM,5413.0,HG2,LYS,347.0,29.846,29.687,22.514,0.09,1.32,0.0
ATOM,5414.0,HG3,LYS,347.0,31.4,30.074,22.834,0.09,1.32,0.06
ATOM,5415.0,HD2,LYS,347.0,30.807,30.494,25.096,0.09,1.32,0.31
ATOM,5416.0,HD3,LYS,347.0,29.275,30.038,24.763,0.09,1.32,5.21
ATOM,5417.0,HE2,LYS,347.0,30.083,27.872,24.186,0.05,1.32,0.0
ATOM,5418.0,HE3,LYS,347.0,31.583,28.34,24.628,0.05,1.32,0.31
ATOM,5419.0,HZ1,LYS,347.0,30.23,27.087,26.277,0.33,0.2245,7.58
ATOM,5420.0,HZ2,LYS,347.0,31.051,28.398,26.803,0.33,0.2245,6.03
ATOM,5421.0,HZ3,LYS,347.0,29.45,28.505,26.496,0.33,0.2245,16.5
ATOM,5422.0,N,THR,348.0,28.243,31.81,20.314,-0.47,1.85,0.0
ATOM,5423.0,CA,THR,348.0,27.292,31.151,19.426,0.07,2.275,0.0
ATOM,5424.0,C,THR,348.0,27.827,31.225,18.001,0.51,2.0,0.0
ATOM,5425.0,O,THR,348.0,27.749,30.258,17.244,-0.51,1.7,0.0
ATOM,5426.0,CB,THR,348.0,25.909,31.829,19.475,0.14,2.275,0.0
ATOM,5427.0,OG1,THR,348.0,25.353,31.681,20.783,-0.66,1.77,7.93
ATOM,5428.0,CG2,THR,348.0,24.966,31.201,18.458,-0.27,2.06,13.84
ATOM,5429.0,H,THR,348.0,28.017,32.632,20.893,0.31,0.2245,0.0
ATOM,5430.0,HA,THR,348.0,27.222,30.191,19.687,0.09,1.32,0.0
ATOM,5431.0,HB,THR,348.0,26.026,32.825,19.287,0.09,1.32,0.0
ATOM,5432.0,HG21,THR,348.0,24.018,31.301,18.767,0.09,1.32,7.6
ATOM,5433.0,HG22,THR,348.0,25.072,31.655,17.571,0.09,1.32,0.0
ATOM,5434.0,HG23,THR,348.0,25.177,30.227,18.355,0.09,1.32,0.91
ATOM,5435.0,HG1,THR,348.0,25.843,32.264,21.441,0.43,0.2245,0.0
ATOM,5436.0,N,LEU,349.0,28.381,32.377,17.65,-0.47,1.85,0.0
ATOM,5437.0,CA,LEU,349.0,28.941,32.603,16.321,0.07,2.275,0.0
ATOM,5438.0,C,LEU,349.0,30.103,31.637,16.066,0.51,2.0,0.0
ATOM,5439.0,O,LEU,349.0,30.143,30.954,15.039,-0.51,1.7,0.0
ATOM,5440.0,CB,LEU,349.0,29.412,34.058,16.219,-0.18,2.175,0.0
ATOM,5441.0,CG,LEU,349.0,29.91,34.644,14.897,-0.09,2.275,0.0
ATOM,5442.0,CD1,LEU,349.0,28.902,34.415,13.784,-0.27,2.06,0.99
ATOM,5443.0,CD2,LEU,349.0,30.146,36.138,15.101,-0.27,2.06,0.0
ATOM,5444.0,H,LEU,349.0,28.383,33.104,18.399,0.31,0.2245,0.0
ATOM,5445.0,HA,LEU,349.0,28.23,32.426,15.637,0.09,1.32,0.0
ATOM,5446.0,HB2,LEU,349.0,28.64,34.647,16.53,0.09,1.32,0.0
ATOM,5447.0,HB3,LEU,349.0,30.162,34.181,16.898,0.09,1.32,0.0
ATOM,5448.0,HG,LEU,349.0,30.779,34.207,14.655,0.09,1.32,0.0
ATOM,5449.0,HD11,LEU,349.0,28.034,34.854,14.021,0.09,1.32,0.0
ATOM,5450.0,HD12,LEU,349.0,29.249,34.806,12.931,0.09,1.32,0.0
ATOM,5451.0,HD13,LEU,349.0,28.754,33.433,13.662,0.09,1.32,0.1
ATOM,5452.0,HD21,LEU,349.0,30.831,36.272,15.818,0.09,1.32,0.0
ATOM,5453.0,HD22,LEU,349.0,30.473,36.543,14.247,0.09,1.32,0.0
ATOM,5454.0,HD23,LEU,349.0,29.289,36.576,15.372,0.09,1.32,0.0
ATOM,5455.0,N,VAL,350.0,31.041,31.573,17.01,-0.47,1.85,0.0
ATOM,5456.0,CA,VAL,350.0,32.196,30.689,16.872,0.07,2.275,0.0
ATOM,5457.0,C,VAL,350.0,31.77,29.237,16.706,0.51,2.0,0.0
ATOM,5458.0,O,VAL,350.0,32.324,28.508,15.885,-0.51,1.7,0.2
ATOM,5459.0,CB,VAL,350.0,33.132,30.782,18.097,-0.09,2.275,0.0
ATOM,5460.0,CG1,VAL,350.0,34.255,29.757,17.977,-0.27,2.06,0.0
ATOM,5461.0,CG2,VAL,350.0,33.697,32.192,18.211,-0.27,2.06,0.0
ATOM,5462.0,H,VAL,350.0,30.883,32.188,17.827,0.31,0.2245,0.0
ATOM,5463.0,HA,VAL,350.0,32.701,30.962,16.043,0.09,1.32,0.0
ATOM,5464.0,HB,VAL,350.0,32.602,30.54,18.9,0.09,1.32,0.0
ATOM,5465.0,HG11,VAL,350.0,34.628,29.565,18.884,0.09,1.32,0.0
ATOM,5466.0,HG12,VAL,350.0,33.895,28.914,17.579,0.09,1.32,0.0
ATOM,5467.0,HG13,VAL,350.0,34.977,30.122,17.389,0.09,1.32,0.0
ATOM,5468.0,HG21,VAL,350.0,33.04,32.842,17.83,0.09,1.32,0.0
ATOM,5469.0,HG22,VAL,350.0,33.861,32.404,19.174,0.09,1.32,0.19
ATOM,5470.0,HG23,VAL,350.0,34.556,32.245,17.703,0.09,1.32,0.0
ATOM,5471.0,N,GLN,351.0,30.782,28.821,17.492,-0.47,1.85,0.0
ATOM,5472.0,CA,GLN,351.0,30.285,27.452,17.422,0.07,2.275,0.0
ATOM,5473.0,C,GLN,351.0,29.705,27.125,16.052,0.51,2.0,0.0
ATOM,5474.0,O,GLN,351.0,29.962,26.051,15.509,-0.51,1.7,0.0
ATOM,5475.0,CB,GLN,351.0,29.223,27.22,18.497,-0.18,2.175,0.47
ATOM,5476.0,CG,GLN,351.0,29.791,27.192,19.907,-0.18,2.175,0.0
ATOM,5477.0,CD,GLN,351.0,28.737,26.947,20.964,0.55,2.0,0.21
ATOM,5478.0,H,GLN,351.0,30.407,29.536,18.141,0.31,0.2245,0.0
ATOM,5479.0,HA,GLN,351.0,31.065,26.829,17.583,0.09,1.32,0.0
ATOM,5480.0,HB2,GLN,351.0,28.549,27.955,18.447,0.09,1.32,0.0
ATOM,5481.0,HB3,GLN,351.0,28.776,26.343,18.324,0.09,1.32,4.58
ATOM,5482.0,HG2,GLN,351.0,30.475,26.462,19.962,0.09,1.32,0.0
ATOM,5483.0,HG3,GLN,351.0,30.232,28.072,20.092,0.09,1.32,0.0
ATOM,5484.0,OE1,GLN,351.0,29.012,26.327,21.989,-0.55,1.7,6.47
ATOM,5485.0,NE2,GLN,351.0,27.529,27.444,20.731,-0.62,1.85,12.37
ATOM,5486.0,HE21,GLN,351.0,26.768,27.307,21.389,0.32,0.2245,21.28
ATOM,5487.0,HE22,GLN,351.0,27.373,27.973,19.871,0.3,0.2245,0.06
ATOM,5488.0,N,ASN,352.0,28.928,28.051,15.497,-0.47,1.85,0.0
ATOM,5489.0,CA,ASN,352.0,28.319,27.838,14.188,0.07,2.275,1.04
ATOM,5490.0,C,ASN,352.0,29.386,27.753,13.107,0.51,2.0,0.0
ATOM,5491.0,O,ASN,352.0,29.363,26.841,12.285,-0.51,1.7,0.04
ATOM,5492.0,CB,ASN,352.0,27.336,28.969,13.867,-0.18,2.175,8.27
ATOM,5493.0,CG,ASN,352.0,26.149,29.006,14.828,0.55,2.0,2.13
ATOM,5494.0,H,ASN,352.0,28.798,28.909,16.059,0.31,0.2245,0.0
ATOM,5495.0,HA,ASN,352.0,27.856,26.946,14.217,0.09,1.32,1.13
ATOM,5496.0,HB2,ASN,352.0,27.819,29.836,13.932,0.09,1.32,0.0
ATOM,5497.0,HB3,ASN,352.0,26.989,28.834,12.945,0.09,1.32,5.67
ATOM,5498.0,OD1,ASN,352.0,25.365,29.959,14.834,-0.55,1.7,15.33
ATOM,5499.0,ND2,ASN,352.0,26.015,27.961,15.643,-0.62,1.85,15.39
ATOM,5500.0,HD22,ASN,352.0,26.679,27.213,15.604,0.3,0.2245,3.12
ATOM,5501.0,HD21,ASN,352.0,25.256,27.924,16.29,0.32,0.2245,14.2
ATOM,5502.0,N,ILE,353.0,30.322,28.701,13.118,-0.47,1.85,0.0
ATOM,5503.0,CA,ILE,353.0,31.408,28.731,12.133,0.07,2.275,0.0
ATOM,5504.0,C,ILE,353.0,32.247,27.458,12.202,0.51,2.0,0.0
ATOM,5505.0,O,ILE,353.0,32.644,26.906,11.175,-0.51,1.7,0.0
ATOM,5506.0,CB,ILE,353.0,32.337,29.952,12.36,-0.09,2.275,0.06
ATOM,5507.0,CG1,ILE,353.0,31.567,31.249,12.107,-0.18,2.175,0.0
ATOM,5508.0,CG2,ILE,353.0,33.544,29.877,11.442,-0.27,2.06,0.41
ATOM,5509.0,CD1,ILE,353.0,31.075,31.387,10.692,-0.27,2.06,0.03
ATOM,5510.0,H,ILE,353.0,30.219,29.407,13.873,0.31,0.2245,0.0
ATOM,5511.0,HA,ILE,353.0,30.967,28.737,11.231,0.09,1.32,0.0
ATOM,5512.0,HB,ILE,353.0,32.624,29.94,13.309,0.09,1.32,0.0
ATOM,5513.0,HG12,ILE,353.0,30.788,31.278,12.73,0.09,1.32,0.0
ATOM,5514.0,HG13,ILE,353.0,32.173,32.015,12.316,0.09,1.32,0.0
ATOM,5515.0,HG21,ILE,353.0,34.147,30.655,11.616,0.09,1.32,0.0
ATOM,5516.0,HG22,ILE,353.0,34.043,29.028,11.612,0.09,1.32,0.0
ATOM,5517.0,HG23,ILE,353.0,33.243,29.899,10.49,0.09,1.32,0.0
ATOM,5518.0,HD11,ILE,353.0,30.461,30.628,10.475,0.09,1.32,0.0
ATOM,5519.0,HD12,ILE,353.0,30.582,32.252,10.591,0.09,1.32,0.0
ATOM,5520.0,HD13,ILE,353.0,31.853,31.374,10.063,0.09,1.32,0.0
ATOM,5521.0,N,ALA,354.0,32.517,27.001,13.419,-0.47,1.85,0.11
ATOM,5522.0,CA,ALA,354.0,33.307,25.794,13.634,0.07,2.275,0.0
ATOM,5523.0,C,ALA,354.0,32.561,24.558,13.125,0.51,2.0,0.0
ATOM,5524.0,O,ALA,354.0,33.142,23.696,12.468,-0.51,1.7,0.0
ATOM,5525.0,CB,ALA,354.0,33.62,25.64,15.113,-0.27,2.06,0.03
ATOM,5526.0,H,ALA,354.0,32.122,27.571,14.196,0.31,0.2245,0.0
ATOM,5527.0,HA,ALA,354.0,34.172,25.875,13.126,0.09,1.32,0.0
ATOM,5528.0,HB1,ALA,354.0,33.162,24.826,15.47,0.09,1.32,0.0
ATOM,5529.0,HB2,ALA,354.0,34.608,25.546,15.239,0.09,1.32,0.0
ATOM,5530.0,HB3,ALA,354.0,33.298,26.446,15.61,0.09,1.32,0.0
ATOM,5531.0,N,THR,355.0,31.275,24.474,13.443,-0.47,1.85,0.0
ATOM,5532.0,CA,THR,355.0,30.459,23.349,13.005,0.07,2.275,0.0
ATOM,5533.0,C,THR,355.0,30.462,23.273,11.48,0.51,2.0,0.0
ATOM,5534.0,O,THR,355.0,30.653,22.206,10.905,-0.51,1.7,0.15
ATOM,5535.0,CB,THR,355.0,29.017,23.49,13.501,0.14,2.275,1.58
ATOM,5536.0,OG1,THR,355.0,29.007,23.441,14.931,-0.66,1.77,14.08
ATOM,5537.0,CG2,THR,355.0,28.15,22.369,12.954,-0.27,2.06,25.12
ATOM,5538.0,H,THR,355.0,30.912,25.258,14.015,0.31,0.2245,0.0
ATOM,5539.0,HA,THR,355.0,30.859,22.503,13.363,0.09,1.32,2.92
ATOM,5540.0,HB,THR,355.0,28.654,24.398,13.212,0.09,1.32,0.55
ATOM,5541.0,HG21,THR,355.0,28.726,21.673,12.518,0.09,1.32,1.29
ATOM,5542.0,HG22,THR,355.0,27.631,21.944,13.7,0.09,1.32,10.63
ATOM,5543.0,HG23,THR,355.0,27.508,22.734,12.275,0.09,1.32,5.08
ATOM,5544.0,HG1,THR,355.0,29.297,24.325,15.314,0.43,0.2245,0.05
ATOM,5545.0,N,LEU,356.0,30.259,24.415,10.832,-0.47,1.85,0.0
ATOM,5546.0,CA,LEU,356.0,30.253,24.47,9.376,0.07,2.275,0.0
ATOM,5547.0,C,LEU,356.0,31.604,24.072,8.806,0.51,2.0,0.0
ATOM,5548.0,O,LEU,356.0,31.684,23.284,7.866,-0.51,1.7,0.0
ATOM,5549.0,CB,LEU,356.0,29.906,25.883,8.901,-0.18,2.175,0.0
ATOM,5550.0,CG,LEU,356.0,28.451,26.323,9.037,-0.09,2.275,1.56
ATOM,5551.0,CD1,LEU,356.0,28.318,27.804,8.693,-0.27,2.06,1.65
ATOM,5552.0,CD2,LEU,356.0,27.606,25.474,8.113,-0.27,2.06,14.24
ATOM,5553.0,H,LEU,356.0,30.109,25.242,11.439,0.31,0.2245,0.0
ATOM,5554.0,HA,LEU,356.0,29.559,23.824,9.033,0.09,1.32,0.0
ATOM,5555.0,HB2,LEU,356.0,30.463,26.526,9.428,0.09,1.32,0.0
ATOM,5556.0,HB3,LEU,356.0,30.149,25.947,7.934,0.09,1.32,0.0
ATOM,5557.0,HG,LEU,356.0,28.151,26.175,9.976,0.09,1.32,2.13
ATOM,5558.0,HD11,LEU,356.0,28.621,27.955,7.752,0.09,1.32,0.0
ATOM,5559.0,HD12,LEU,356.0,27.362,28.082,8.785,0.09,1.32,8.75
ATOM,5560.0,HD13,LEU,356.0,28.884,28.342,9.317,0.09,1.32,0.0
ATOM,5561.0,HD21,LEU,356.0,27.694,24.508,8.365,0.09,1.32,0.0
ATOM,5562.0,HD22,LEU,356.0,26.644,25.747,8.187,0.09,1.32,9.21
ATOM,5563.0,HD23,LEU,356.0,27.911,25.596,7.166,0.09,1.32,0.0
ATOM,5564.0,N,ALA,357.0,32.669,24.633,9.374,-0.47,1.85,0.0
ATOM,5565.0,CA,ALA,357.0,34.018,24.346,8.905,0.07,2.275,0.0
ATOM,5566.0,C,ALA,357.0,34.326,22.856,8.982,0.51,2.0,0.0
ATOM,5567.0,O,ALA,357.0,34.842,22.272,8.026,-0.51,1.7,0.0
ATOM,5568.0,CB,ALA,357.0,35.038,25.139,9.721,-0.27,2.06,0.0
ATOM,5569.0,H,ALA,357.0,32.458,25.275,10.159,0.31,0.2245,0.0
ATOM,5570.0,HA,ALA,357.0,34.098,24.641,7.943,0.09,1.32,0.0
ATOM,5571.0,HB1,ALA,357.0,35.774,24.53,10.013,0.09,1.32,0.0
ATOM,5572.0,HB2,ALA,357.0,35.415,25.872,9.158,0.09,1.32,0.0
ATOM,5573.0,HB3,ALA,357.0,34.589,25.53,10.523,0.09,1.32,0.0
ATOM,5574.0,N,ASN,358.0,34.008,22.242,10.117,-0.47,1.85,0.0
ATOM,5575.0,CA,ASN,358.0,34.268,20.819,10.292,0.07,2.275,0.58
ATOM,5576.0,C,ASN,358.0,33.471,19.959,9.318,0.51,2.0,0.14
ATOM,5577.0,O,ASN,358.0,33.967,18.937,8.836,-0.51,1.7,17.11
ATOM,5578.0,CB,ASN,358.0,33.977,20.384,11.736,-0.18,2.175,11.6
ATOM,5579.0,CG,ASN,358.0,34.958,20.982,12.735,0.55,2.0,0.13
ATOM,5580.0,H,ASN,358.0,33.576,22.842,10.837,0.31,0.2245,0.0
ATOM,5581.0,HA,ASN,358.0,35.247,20.667,10.086,0.09,1.32,2.58
ATOM,5582.0,HB2,ASN,358.0,33.059,20.684,11.975,0.09,1.32,0.58
ATOM,5583.0,HB3,ASN,358.0,34.041,19.392,11.783,0.09,1.32,7.03
ATOM,5584.0,OD1,ASN,358.0,36.165,21.005,12.497,-0.55,1.7,1.8
ATOM,5585.0,ND2,ASN,358.0,34.444,21.462,13.86,-0.62,1.85,4.19
ATOM,5586.0,HD22,ASN,358.0,33.454,21.412,14.015,0.3,0.2245,5.38
ATOM,5587.0,HD21,ASN,358.0,35.037,21.871,14.551,0.32,0.2245,0.0
ATOM,5588.0,N,GLU,359.0,32.239,20.371,9.017,-0.47,1.85,0.01
ATOM,5589.0,CA,GLU,359.0,31.401,19.62,8.091,0.07,2.275,1.38
ATOM,5590.0,C,GLU,359.0,31.985,19.593,6.685,0.51,2.0,0.23
ATOM,5591.0,O,GLU,359.0,31.989,18.556,6.023,-0.51,1.7,30.1
ATOM,5592.0,CB,GLU,359.0,30.005,20.228,8.027,-0.18,2.175,3.08
ATOM,5593.0,CG,GLU,359.0,29.229,20.135,9.324,-0.28,2.175,10.32
ATOM,5594.0,CD,GLU,359.0,27.811,20.651,9.182,0.62,2.0,3.12
ATOM,5595.0,OE1,GLU,359.0,27.047,20.573,10.174,-0.76,1.7,28.12
ATOM,5596.0,OE2,GLU,359.0,27.46,21.13,8.078,-0.76,1.7,26.51
ATOM,5597.0,H,GLU,359.0,31.943,21.243,9.485,0.31,0.2245,0.0
ATOM,5598.0,HA,GLU,359.0,31.291,18.671,8.427,0.09,1.32,9.02
ATOM,5599.0,HB2,GLU,359.0,30.103,21.183,7.805,0.09,1.32,0.0
ATOM,5600.0,HB3,GLU,359.0,29.496,19.742,7.338,0.09,1.32,7.85
ATOM,5601.0,HG2,GLU,359.0,29.176,19.191,9.587,0.09,1.32,9.75
ATOM,5602.0,HG3,GLU,359.0,29.679,20.689,9.998,0.09,1.32,0.0
ATOM,5603.0,N,LYS,360.0,32.473,20.737,6.236,-0.47,1.85,0.0
ATOM,5604.0,CA,LYS,360.0,33.035,20.859,4.898,0.07,2.275,1.36
ATOM,5605.0,C,LYS,360.0,34.47,20.369,4.8,0.51,2.0,1.11
ATOM,5606.0,O,LYS,360.0,35.032,20.323,3.715,-0.51,1.7,2.59
ATOM,5607.0,CB,LYS,360.0,32.96,22.32,4.45,-0.18,2.175,1.09
ATOM,5608.0,CG,LYS,360.0,31.548,22.876,4.47,-0.18,2.175,4.06
ATOM,5609.0,CD,LYS,360.0,31.55,24.389,4.491,-0.18,2.175,0.0
ATOM,5610.0,CE,LYS,360.0,30.134,24.931,4.558,0.21,2.175,0.03
ATOM,5611.0,NZ,LYS,360.0,29.365,24.59,3.33,-0.3,1.85,3.6
ATOM,5612.0,H,LYS,360.0,32.422,21.529,6.909,0.31,0.2245,0.0
ATOM,5613.0,HA,LYS,360.0,32.463,20.316,4.254,0.09,1.32,8.62
ATOM,5614.0,HB2,LYS,360.0,33.521,22.863,5.065,0.09,1.32,0.0
ATOM,5615.0,HB3,LYS,360.0,33.309,22.378,3.52,0.09,1.32,0.0
ATOM,5616.0,HG2,LYS,360.0,31.062,22.562,3.652,0.09,1.32,6.16
ATOM,5617.0,HG3,LYS,360.0,31.076,22.539,5.285,0.09,1.32,0.0
ATOM,5618.0,HD2,LYS,360.0,32.047,24.702,5.292,0.09,1.32,0.0
ATOM,5619.0,HD3,LYS,360.0,31.979,24.726,3.661,0.09,1.32,0.0
ATOM,5620.0,HE2,LYS,360.0,29.672,24.538,5.355,0.05,1.32,0.2
ATOM,5621.0,HE3,LYS,360.0,30.17,25.927,4.657,0.05,1.32,0.0
ATOM,5622.0,HZ1,LYS,360.0,28.837,23.757,3.49,0.33,0.2245,14.17
ATOM,5623.0,HZ2,LYS,360.0,28.745,25.342,3.108,0.33,0.2245,0.0
ATOM,5624.0,HZ3,LYS,360.0,29.999,24.444,2.572,0.33,0.2245,0.06
ATOM,5625.0,N,GLY,361.0,35.063,20.011,5.932,-0.47,1.85,0.03
ATOM,5626.0,CA,GLY,361.0,36.433,19.54,5.929,-0.02,2.175,18.08
ATOM,5627.0,C,GLY,361.0,37.446,20.666,5.794,0.51,2.0,1.33
ATOM,5628.0,O,GLY,361.0,38.486,20.496,5.166,-0.51,1.7,17.57
ATOM,5629.0,H,GLY,361.0,34.48,20.096,6.781,0.31,0.2245,0.0
ATOM,5630.0,HA2,GLY,361.0,36.618,19.03,6.789,0.09,1.32,8.5
ATOM,5631.0,HA3,GLY,361.0,36.564,18.883,5.164,0.09,1.32,6.9
ATOM,5632.0,N,ILE,362.0,37.152,21.82,6.379,-0.47,1.85,0.17
ATOM,5633.0,CA,ILE,362.0,38.064,22.954,6.305,0.07,2.275,0.0
ATOM,5634.0,C,ILE,362.0,38.898,23.046,7.571,0.51,2.0,0.7
ATOM,5635.0,O,ILE,362.0,38.358,22.995,8.675,-0.51,1.7,4.17
ATOM,5636.0,CB,ILE,362.0,37.293,24.278,6.12,-0.09,2.275,0.0
ATOM,5637.0,CG1,ILE,362.0,36.495,24.222,4.815,-0.18,2.175,0.0
ATOM,5638.0,CG2,ILE,362.0,38.264,25.46,6.099,-0.27,2.06,0.0
ATOM,5639.0,CD1,ILE,362.0,35.507,25.346,4.659,-0.27,2.06,0.0
ATOM,5640.0,H,ILE,362.0,36.246,21.843,6.877,0.31,0.2245,0.0
ATOM,5641.0,HA,ILE,362.0,38.7,22.756,5.554,0.09,1.32,2.6
ATOM,5642.0,HB,ILE,362.0,36.653,24.365,6.869,0.09,1.32,0.0
ATOM,5643.0,HG12,ILE,362.0,37.14,24.243,4.052,0.09,1.32,0.44
ATOM,5644.0,HG13,ILE,362.0,36.003,23.351,4.79,0.09,1.32,0.0
ATOM,5645.0,HG21,ILE,362.0,37.749,26.308,5.994,0.09,1.32,0.0
ATOM,5646.0,HG22,ILE,362.0,38.775,25.482,6.955,0.09,1.32,0.0
ATOM,5647.0,HG23,ILE,362.0,38.895,25.354,5.334,0.09,1.32,1.31
ATOM,5648.0,HD11,ILE,362.0,35.99,26.222,4.673,0.09,1.32,0.0
ATOM,5649.0,HD12,ILE,362.0,35.023,25.249,3.789,0.09,1.32,0.0
ATOM,5650.0,HD13,ILE,362.0,34.847,25.319,5.411,0.09,1.32,0.0
ATOM,5651.0,N,VAL,363.0,40.213,23.173,7.407,-0.47,1.85,0.25
ATOM,5652.0,CA,VAL,363.0,41.119,23.276,8.549,0.07,2.275,0.68
ATOM,5653.0,C,VAL,363.0,40.787,24.556,9.305,0.51,2.0,0.0
ATOM,5654.0,O,VAL,363.0,40.786,25.647,8.737,-0.51,1.7,0.0
ATOM,5655.0,CB,VAL,363.0,42.591,23.298,8.096,-0.09,2.275,0.0
ATOM,5656.0,CG1,VAL,363.0,43.51,23.478,9.29,-0.27,2.06,7.58
ATOM,5657.0,CG2,VAL,363.0,42.92,22.0,7.375,-0.27,2.06,33.24
ATOM,5658.0,H,VAL,363.0,40.531,23.192,6.421,0.31,0.2245,2.82
ATOM,5659.0,HA,VAL,363.0,40.947,22.504,9.155,0.09,1.32,5.87
ATOM,5660.0,HB,VAL,363.0,42.714,24.092,7.509,0.09,1.32,0.0
ATOM,5661.0,HG11,VAL,363.0,43.663,22.594,9.733,0.09,1.32,2.7
ATOM,5662.0,HG12,VAL,363.0,44.387,23.852,8.986,0.09,1.32,3.21
ATOM,5663.0,HG13,VAL,363.0,43.091,24.108,9.945,0.09,1.32,0.0
ATOM,5664.0,HG21,VAL,363.0,42.111,21.681,6.882,0.09,1.32,1.87
ATOM,5665.0,HG22,VAL,363.0,43.666,22.161,6.729,0.09,1.32,5.71
ATOM,5666.0,HG23,VAL,363.0,43.198,21.311,8.045,0.09,1.32,8.72
ATOM,5667.0,N,LEU,364.0,40.506,24.41,10.592,-0.47,1.85,0.0
ATOM,5668.0,CA,LEU,364.0,40.124,25.539,11.422,0.07,2.275,0.0
ATOM,5669.0,C,LEU,364.0,41.192,26.01,12.401,0.51,2.0,0.0
ATOM,5670.0,O,LEU,364.0,41.775,25.218,13.146,-0.51,1.7,0.0
ATOM,5671.0,CB,LEU,364.0,38.849,25.175,12.181,-0.18,2.175,0.06
ATOM,5672.0,CG,LEU,364.0,38.039,26.306,12.8,-0.09,2.275,0.0
ATOM,5673.0,CD1,LEU,364.0,37.644,27.308,11.727,-0.27,2.06,0.0
ATOM,5674.0,CD2,LEU,364.0,36.804,25.718,13.461,-0.27,2.06,0.0
ATOM,5675.0,H,LEU,364.0,40.582,23.435,10.947,0.31,0.2245,3.01
ATOM,5676.0,HA,LEU,364.0,39.889,26.325,10.809,0.09,1.32,0.0
ATOM,5677.0,HB2,LEU,364.0,38.244,24.689,11.543,0.09,1.32,0.0
ATOM,5678.0,HB3,LEU,364.0,39.105,24.549,12.923,0.09,1.32,0.0
ATOM,5679.0,HG,LEU,364.0,38.592,26.764,13.493,0.09,1.32,0.0
ATOM,5680.0,HD11,LEU,364.0,37.091,26.851,11.029,0.09,1.32,0.0
ATOM,5681.0,HD12,LEU,364.0,37.112,28.048,12.139,0.09,1.32,0.0
ATOM,5682.0,HD13,LEU,364.0,38.467,27.687,11.303,0.09,1.32,0.0
ATOM,5683.0,HD21,LEU,364.0,37.08,25.071,14.173,0.09,1.32,0.0
ATOM,5684.0,HD22,LEU,364.0,36.262,26.452,13.873,0.09,1.32,0.25
ATOM,5685.0,HD23,LEU,364.0,36.251,25.241,12.776,0.09,1.32,0.0
ATOM,5686.0,N,ASN,365.0,41.438,27.314,12.391,-0.47,1.85,0.0
ATOM,5687.0,CA,ASN,365.0,42.415,27.926,13.282,0.07,2.275,0.0
ATOM,5688.0,C,ASN,365.0,41.719,29.084,13.986,0.51,2.0,0.0
ATOM,5689.0,O,ASN,365.0,40.905,29.778,13.38,-0.51,1.7,0.0
ATOM,5690.0,CB,ASN,365.0,43.612,28.421,12.477,-0.18,2.175,0.41
ATOM,5691.0,CG,ASN,365.0,44.273,27.307,11.685,0.55,2.0,0.0
ATOM,5692.0,H,ASN,365.0,40.878,27.856,11.699,0.31,0.2245,0.0
ATOM,5693.0,HA,ASN,365.0,42.643,27.256,13.978,0.09,1.32,0.0
ATOM,5694.0,HB2,ASN,365.0,43.3,29.119,11.841,0.09,1.32,0.0
ATOM,5695.0,HB3,ASN,365.0,44.282,28.802,13.107,0.09,1.32,0.23
ATOM,5696.0,OD1,ASN,365.0,44.904,26.416,12.256,-0.55,1.7,4.32
ATOM,5697.0,ND2,ASN,365.0,44.113,27.341,10.361,-0.62,1.85,0.0
ATOM,5698.0,HD22,ASN,365.0,43.583,28.082,9.947,0.3,0.2245,0.0
ATOM,5699.0,HD21,ASN,365.0,44.519,26.633,9.79,0.32,0.2245,0.06
ATOM,5700.0,N,GLY,366.0,42.021,29.288,15.261,-0.47,1.85,0.0
ATOM,5701.0,CA,GLY,366.0,41.366,30.363,15.982,-0.02,2.175,0.0
ATOM,5702.0,C,GLY,366.0,42.297,31.409,16.56,0.51,2.0,0.0
ATOM,5703.0,O,GLY,366.0,43.507,31.215,16.611,-0.51,1.7,0.0
ATOM,5704.0,H,GLY,366.0,42.717,28.655,15.664,0.31,0.2245,0.0
ATOM,5705.0,HA2,GLY,366.0,40.694,30.823,15.358,0.09,1.32,0.0
ATOM,5706.0,HA3,GLY,366.0,40.802,29.963,16.74,0.09,1.32,0.0
ATOM,5707.0,N,GLU,367.0,41.716,32.53,16.982,-0.47,1.85,0.0
ATOM,5708.0,CA,GLU,367.0,42.46,33.632,17.596,0.07,2.275,0.0
ATOM,5709.0,C,GLU,367.0,41.56,34.261,18.651,0.51,2.0,0.0
ATOM,5710.0,O,GLU,367.0,40.358,34.002,18.687,-0.51,1.7,0.0
ATOM,5711.0,CB,GLU,367.0,42.784,34.738,16.587,-0.18,2.175,0.0
ATOM,5712.0,CG,GLU,367.0,43.498,34.324,15.329,-0.28,2.175,0.0
ATOM,5713.0,CD,GLU,367.0,43.866,35.528,14.469,0.62,2.0,0.0
ATOM,5714.0,OE1,GLU,367.0,43.116,36.526,14.473,-0.76,1.7,9.41
ATOM,5715.0,OE2,GLU,367.0,44.9,35.472,13.779,-0.76,1.7,0.16
ATOM,5716.0,H,GLU,367.0,40.68,32.558,16.838,0.31,0.2245,0.0
ATOM,5717.0,HA,GLU,367.0,43.286,33.284,18.022,0.09,1.32,0.0
ATOM,5718.0,HB2,GLU,367.0,41.918,35.158,16.323,0.09,1.32,0.0
ATOM,5719.0,HB3,GLU,367.0,43.355,35.407,17.057,0.09,1.32,0.0
ATOM,5720.0,HG2,GLU,367.0,44.334,33.875,15.572,0.09,1.32,0.0
ATOM,5721.0,HG3,GLU,367.0,42.902,33.759,14.796,0.09,1.32,0.0
ATOM,5722.0,N,ASN,368.0,42.142,35.085,19.51,-0.47,1.85,0.0
ATOM,5723.0,CA,ASN,368.0,41.348,35.79,20.499,0.07,2.275,0.0
ATOM,5724.0,C,ASN,368.0,41.146,37.165,19.874,0.51,2.0,0.0
ATOM,5725.0,O,ASN,368.0,42.003,37.637,19.135,-0.51,1.7,0.55
ATOM,5726.0,CB,ASN,368.0,42.079,35.893,21.844,-0.18,2.175,0.0
ATOM,5727.0,CG,ASN,368.0,43.493,36.442,21.71,0.55,2.0,0.0
ATOM,5728.0,H,ASN,368.0,43.164,35.175,19.416,0.31,0.2245,0.0
ATOM,5729.0,HA,ASN,368.0,40.467,35.36,20.536,0.09,1.32,0.0
ATOM,5730.0,HB2,ASN,368.0,41.559,36.5,22.439,0.09,1.32,0.0
ATOM,5731.0,HB3,ASN,368.0,42.13,34.982,22.244,0.09,1.32,0.0
ATOM,5732.0,OD1,ASN,368.0,44.359,35.825,21.083,-0.55,1.7,0.0
ATOM,5733.0,ND2,ASN,368.0,43.734,37.607,22.312,-0.62,1.85,0.0
ATOM,5734.0,HD22,ASN,368.0,43.003,38.063,22.82,0.3,0.2245,0.0
ATOM,5735.0,HD21,ASN,368.0,44.64,38.021,22.256,0.32,0.2245,0.0
ATOM,5736.0,N,ALA,369.0,40.006,37.789,20.143,-0.47,1.85,0.0
ATOM,5737.0,CA,ALA,369.0,39.713,39.102,19.588,0.07,2.275,1.03
ATOM,5738.0,C,ALA,369.0,40.501,40.2,20.298,0.51,2.0,0.0
ATOM,5739.0,O,ALA,369.0,41.205,40.976,19.658,-0.51,1.7,8.04
ATOM,5740.0,CB,ALA,369.0,38.213,39.379,19.68,-0.27,2.06,2.55
ATOM,5741.0,H,ALA,369.0,39.36,37.272,20.767,0.31,0.2245,0.0
ATOM,5742.0,HA,ALA,369.0,39.968,39.108,18.611,0.09,1.32,2.89
ATOM,5743.0,HB1,ALA,369.0,37.71,38.526,19.548,0.09,1.32,0.0
ATOM,5744.0,HB2,ALA,369.0,38.001,39.757,20.58,0.09,1.32,0.0
ATOM,5745.0,HB3,ALA,369.0,37.953,40.034,18.972,0.09,1.32,11.03
ATOM,5746.0,N,LEU,370.0,40.377,40.253,21.621,-0.47,1.85,0.0
ATOM,5747.0,CA,LEU,370.0,41.069,41.25,22.43,0.07,2.275,0.0
ATOM,5748.0,C,LEU,370.0,42.154,40.608,23.288,0.51,2.0,0.0
ATOM,5749.0,O,LEU,370.0,42.173,39.394,23.463,-0.51,1.7,0.01
ATOM,5750.0,CB,LEU,370.0,40.07,41.971,23.342,-0.18,2.175,5.23
ATOM,5751.0,CG,LEU,370.0,39.153,43.063,22.778,-0.09,2.275,4.66
ATOM,5752.0,CD1,LEU,370.0,39.307,43.191,21.272,-0.27,2.06,8.06
ATOM,5753.0,CD2,LEU,370.0,37.716,42.743,23.153,-0.27,2.06,20.47
ATOM,5754.0,H,LEU,370.0,39.748,39.526,22.026,0.31,0.2245,0.0
ATOM,5755.0,HA,LEU,370.0,41.505,41.917,21.814,0.09,1.32,1.57
ATOM,5756.0,HB2,LEU,370.0,39.468,41.264,23.751,0.09,1.32,2.32
ATOM,5757.0,HB3,LEU,370.0,40.598,42.391,24.098,0.09,1.32,4.75
ATOM,5758.0,HG,LEU,370.0,39.386,43.936,23.213,0.09,1.32,11.34
ATOM,5759.0,HD11,LEU,370.0,39.071,42.322,20.835,0.09,1.32,0.0
ATOM,5760.0,HD12,LEU,370.0,38.698,43.909,20.932,0.09,1.32,4.72
ATOM,5761.0,HD13,LEU,370.0,40.254,43.427,21.05,0.09,1.32,4.64
ATOM,5762.0,HD21,LEU,370.0,37.628,42.711,24.15,0.09,1.32,10.78
ATOM,5763.0,HD22,LEU,370.0,37.108,43.451,22.789,0.09,1.32,10.49
ATOM,5764.0,HD23,LEU,370.0,37.458,41.855,22.769,0.09,1.32,0.0
ATOM,5765.0,N,SER,371.0,43.048,41.434,23.829,-0.47,1.85,0.01
ATOM,5766.0,CA,SER,371.0,44.126,40.946,24.682,0.07,2.275,0.0
ATOM,5767.0,C,SER,371.0,43.543,40.24,25.894,0.51,2.0,0.0
ATOM,5768.0,O,SER,371.0,42.506,40.644,26.408,-0.51,1.7,13.85
ATOM,5769.0,CB,SER,371.0,45.018,42.102,25.146,0.05,2.175,15.96
ATOM,5770.0,OG,SER,371.0,45.796,42.602,24.069,-0.66,1.77,16.16
ATOM,5771.0,H,SER,371.0,42.912,42.436,23.594,0.31,0.2245,7.37
ATOM,5772.0,HA,SER,371.0,44.659,40.277,24.159,0.09,1.32,0.0
ATOM,5773.0,HB2,SER,371.0,44.441,42.832,25.495,0.09,1.32,9.63
ATOM,5774.0,HB3,SER,371.0,45.627,41.77,25.858,0.09,1.32,1.71
ATOM,5775.0,HG,SER,371.0,46.647,42.083,24.005,0.43,0.2245,0.71
ATOM,5776.0,N,ILE,372.0,44.21,39.178,26.337,-0.47,1.85,0.0
ATOM,5777.0,CA,ILE,372.0,43.754,38.42,27.493,0.07,2.275,0.0
ATOM,5778.0,C,ILE,372.0,44.587,38.794,28.703,0.51,2.0,0.35
ATOM,5779.0,O,ILE,372.0,45.814,38.818,28.637,-0.51,1.7,3.03
ATOM,5780.0,CB,ILE,372.0,43.867,36.902,27.262,-0.09,2.275,0.0
ATOM,5781.0,CG1,ILE,372.0,42.855,36.459,26.197,-0.18,2.175,0.0
ATOM,5782.0,CG2,ILE,372.0,43.668,36.164,28.585,-0.27,2.06,0.0
ATOM,5783.0,CD1,ILE,372.0,42.93,34.975,25.829,-0.27,2.06,0.0
ATOM,5784.0,H,ILE,372.0,45.065,38.944,25.797,0.31,0.2245,0.05
ATOM,5785.0,HA,ILE,372.0,42.82,38.726,27.68,0.09,1.32,0.0
ATOM,5786.0,HB,ILE,372.0,44.777,36.71,26.918,0.09,1.32,0.29
ATOM,5787.0,HG12,ILE,372.0,41.934,36.658,26.531,0.09,1.32,0.0
ATOM,5788.0,HG13,ILE,372.0,43.015,36.996,25.369,0.09,1.32,0.0
ATOM,5789.0,HG21,ILE,372.0,43.78,35.184,28.437,0.09,1.32,0.0
ATOM,5790.0,HG22,ILE,372.0,44.344,36.482,29.246,0.09,1.32,0.0
ATOM,5791.0,HG23,ILE,372.0,42.75,36.347,28.931,0.09,1.32,0.0
ATOM,5792.0,HD11,ILE,372.0,42.757,34.431,26.645,0.09,1.32,0.0
ATOM,5793.0,HD12,ILE,372.0,42.242,34.78,25.136,0.09,1.32,0.0
ATOM,5794.0,HD13,ILE,372.0,43.839,34.777,25.473,0.09,1.32,0.0
ATOM,5795.0,N,GLY,373.0,43.913,39.081,29.811,-0.47,1.85,2.47
ATOM,5796.0,CA,GLY,373.0,44.611,39.471,31.016,-0.02,2.175,17.97
ATOM,5797.0,C,GLY,373.0,44.345,38.567,32.197,0.51,2.0,0.24
ATOM,5798.0,O,GLY,373.0,44.868,38.805,33.28,-0.51,1.7,23.33
ATOM,5799.0,H,GLY,373.0,42.886,39.002,29.733,0.31,0.2245,0.89
ATOM,5800.0,HA2,GLY,373.0,45.616,39.493,30.831,0.09,1.32,0.85
ATOM,5801.0,HA3,GLY,373.0,44.35,40.428,31.262,0.09,1.32,12.66
ATOM,5802.0,N,ASN,374.0,43.533,37.535,32.009,-0.47,1.85,0.0
ATOM,5803.0,CA,ASN,374.0,43.249,36.633,33.111,0.07,2.275,0.34
ATOM,5804.0,C,ASN,374.0,43.08,35.193,32.672,0.51,2.0,0.0
ATOM,5805.0,O,ASN,374.0,42.547,34.91,31.601,-0.51,1.7,0.0
ATOM,5806.0,CB,ASN,374.0,42.007,37.094,33.884,-0.18,2.175,15.55
ATOM,5807.0,CG,ASN,374.0,40.782,37.191,33.01,0.55,2.0,0.32
ATOM,5808.0,H,ASN,374.0,43.145,37.438,31.064,0.31,0.2245,0.0
ATOM,5809.0,HA,ASN,374.0,44.05,36.662,33.735,0.09,1.32,2.56
ATOM,5810.0,HB2,ASN,374.0,41.833,36.437,34.613,0.09,1.32,5.54
ATOM,5811.0,HB3,ASN,374.0,42.199,37.992,34.273,0.09,1.32,4.87
ATOM,5812.0,OD1,ASN,374.0,40.392,36.224,32.353,-0.55,1.7,0.18
ATOM,5813.0,ND2,ASN,374.0,40.158,38.365,32.998,-0.62,1.85,18.34
ATOM,5814.0,HD22,ASN,374.0,40.511,39.125,33.545,0.3,0.2245,16.07
ATOM,5815.0,HD21,ASN,374.0,39.336,38.49,32.442,0.32,0.2245,12.03
ATOM,5816.0,N,GLU,375.0,43.552,34.294,33.521,-0.47,1.85,0.0
ATOM,5817.0,CA,GLU,375.0,43.498,32.861,33.295,0.07,2.275,0.0
ATOM,5818.0,C,GLU,375.0,42.125,32.357,32.872,0.51,2.0,0.0
ATOM,5819.0,O,GLU,375.0,42.02,31.39,32.125,-0.51,1.7,0.0
ATOM,5820.0,CB,GLU,375.0,43.941,32.138,34.57,-0.18,2.175,0.29
ATOM,5821.0,CG,GLU,375.0,43.555,30.669,34.656,-0.28,2.175,0.82
ATOM,5822.0,CD,GLU,375.0,44.017,30.025,35.957,0.62,2.0,0.15
ATOM,5823.0,OE1,GLU,375.0,43.854,30.661,37.024,-0.76,1.7,26.54
ATOM,5824.0,OE2,GLU,375.0,44.533,28.886,35.915,-0.76,1.7,24.52
ATOM,5825.0,H,GLU,375.0,43.978,34.714,34.391,0.31,0.2245,4.34
ATOM,5826.0,HA,GLU,375.0,44.182,32.603,32.583,0.09,1.32,0.0
ATOM,5827.0,HB2,GLU,375.0,44.928,32.19,34.615,0.09,1.32,0.0
ATOM,5828.0,HB3,GLU,375.0,43.523,32.602,35.338,0.09,1.32,5.76
ATOM,5829.0,HG2,GLU,375.0,42.578,30.604,34.626,0.09,1.32,0.13
ATOM,5830.0,HG3,GLU,375.0,43.99,30.19,33.92,0.09,1.32,0.0
ATOM,5831.0,N,GLU,376.0,41.071,33.015,33.345,-0.47,1.85,0.49
ATOM,5832.0,CA,GLU,376.0,39.718,32.589,33.023,0.07,2.275,0.5
ATOM,5833.0,C,GLU,376.0,39.401,32.617,31.529,0.51,2.0,0.0
ATOM,5834.0,O,GLU,376.0,38.691,31.746,31.029,-0.51,1.7,0.0
ATOM,5835.0,CB,GLU,376.0,38.704,33.437,33.792,-0.18,2.175,8.66
ATOM,5836.0,CG,GLU,376.0,37.255,33.022,33.573,-0.28,2.175,8.29
ATOM,5837.0,CD,GLU,376.0,37.022,31.53,33.801,0.62,2.0,3.1
ATOM,5838.0,OE1,GLU,376.0,37.371,31.019,34.892,-0.76,1.7,20.6
ATOM,5839.0,OE2,GLU,376.0,36.481,30.868,32.881,-0.76,1.7,17.19
ATOM,5840.0,H,GLU,376.0,41.293,33.829,33.942,0.31,0.2245,1.24
ATOM,5841.0,HA,GLU,376.0,39.566,31.645,33.377,0.09,1.32,0.0
ATOM,5842.0,HB2,GLU,376.0,38.899,33.341,34.752,0.09,1.32,9.02
ATOM,5843.0,HB3,GLU,376.0,38.796,34.367,33.486,0.09,1.32,0.74
ATOM,5844.0,HG2,GLU,376.0,36.693,33.508,34.215,0.09,1.32,10.94
ATOM,5845.0,HG3,GLU,376.0,37.013,33.217,32.641,0.09,1.32,0.0
ATOM,5846.0,N,GLU,377.0,39.927,33.612,30.819,-0.47,1.85,0.0
ATOM,5847.0,CA,GLU,377.0,39.69,33.719,29.386,0.07,2.275,0.0
ATOM,5848.0,C,GLU,377.0,40.434,32.628,28.627,0.51,2.0,0.0
ATOM,5849.0,O,GLU,377.0,39.983,32.178,27.578,-0.51,1.7,0.0
ATOM,5850.0,CB,GLU,377.0,40.112,35.095,28.886,-0.18,2.175,0.0
ATOM,5851.0,CG,GLU,377.0,39.301,36.229,29.486,-0.28,2.175,2.22
ATOM,5852.0,CD,GLU,377.0,39.835,37.584,29.086,0.62,2.0,3.15
ATOM,5853.0,OE1,GLU,377.0,39.908,37.856,27.871,-0.76,1.7,9.8
ATOM,5854.0,OE2,GLU,377.0,40.188,38.377,29.978,-0.76,1.7,12.81
ATOM,5855.0,H,GLU,377.0,40.501,34.281,31.36,0.31,0.2245,0.0
ATOM,5856.0,HA,GLU,377.0,38.703,33.644,29.199,0.09,1.32,0.0
ATOM,5857.0,HB2,GLU,377.0,41.051,35.233,29.14,0.09,1.32,0.0
ATOM,5858.0,HB3,GLU,377.0,39.98,35.116,27.913,0.09,1.32,0.0
ATOM,5859.0,HG2,GLU,377.0,38.381,36.159,29.153,0.09,1.32,0.0
ATOM,5860.0,HG3,GLU,377.0,39.354,36.163,30.464,0.09,1.32,0.0
ATOM,5861.0,N,TYR,378.0,41.583,32.2,29.149,-0.47,1.85,0.0
ATOM,5862.0,CA,TYR,378.0,42.332,31.135,28.502,0.07,2.275,0.0
ATOM,5863.0,C,TYR,378.0,41.48,29.87,28.552,0.51,2.0,0.0
ATOM,5864.0,O,TYR,378.0,41.515,29.046,27.639,-0.51,1.7,0.0
ATOM,5865.0,CB,TYR,378.0,43.656,30.865,29.218,-0.18,2.175,0.0
ATOM,5866.0,CG,TYR,378.0,44.743,31.895,28.993,0.0,1.9924,0.0
ATOM,5867.0,CD1,TYR,378.0,44.819,32.622,27.807,-0.115,1.9924,0.0
ATOM,5868.0,CD2,TYR,378.0,45.737,32.097,29.952,-0.115,1.9924,0.0
ATOM,5869.0,CE1,TYR,378.0,45.856,33.524,27.581,-0.115,1.9924,0.0
ATOM,5870.0,CE2,TYR,378.0,46.775,32.991,29.735,-0.115,1.9924,0.0
ATOM,5871.0,CZ,TYR,378.0,46.832,33.702,28.551,0.11,1.9924,0.0
ATOM,5872.0,OH,TYR,378.0,47.869,34.585,28.34,-0.54,1.77,0.46
ATOM,5873.0,H,TYR,378.0,41.877,32.673,30.015,0.31,0.2245,0.0
ATOM,5874.0,HA,TYR,378.0,42.471,31.377,27.547,0.09,1.32,0.0
ATOM,5875.0,HB2,TYR,378.0,43.474,30.815,30.204,0.09,1.32,0.0
ATOM,5876.0,HB3,TYR,378.0,44.004,29.975,28.908,0.09,1.32,0.0
ATOM,5877.0,HD1,TYR,378.0,44.119,32.496,27.103,0.115,1.3582,0.0
ATOM,5878.0,HD2,TYR,378.0,45.697,31.588,30.81,0.115,1.3582,0.0
ATOM,5879.0,HE1,TYR,378.0,45.895,34.04,26.726,0.115,1.3582,0.0
ATOM,5880.0,HE2,TYR,378.0,47.48,33.12,30.434,0.115,1.3582,0.0
ATOM,5881.0,HH,TYR,378.0,48.619,34.361,28.959,0.43,0.2245,0.0
ATOM,5882.0,N,LYS,379.0,40.725,29.721,29.637,-0.47,1.85,0.0
ATOM,5883.0,CA,LYS,379.0,39.858,28.562,29.805,0.07,2.275,0.7
ATOM,5884.0,C,LYS,379.0,38.768,28.538,28.735,0.51,2.0,0.28
ATOM,5885.0,O,LYS,379.0,38.451,27.482,28.183,-0.51,1.7,2.89
ATOM,5886.0,CB,LYS,379.0,39.211,28.574,31.195,-0.18,2.175,2.9
ATOM,5887.0,CG,LYS,379.0,40.142,28.24,32.353,-0.18,2.175,1.75
ATOM,5888.0,CD,LYS,379.0,39.346,28.151,33.652,-0.18,2.175,5.31
ATOM,5889.0,CE,LYS,379.0,40.244,27.965,34.863,0.21,2.175,5.36
ATOM,5890.0,NZ,LYS,379.0,39.455,27.925,36.135,-0.3,1.85,13.07
ATOM,5891.0,H,LYS,379.0,40.807,30.484,30.334,0.31,0.2245,0.0
ATOM,5892.0,HA,LYS,379.0,40.41,27.724,29.719,0.09,1.32,0.29
ATOM,5893.0,HB2,LYS,379.0,38.831,29.489,31.353,0.09,1.32,0.0
ATOM,5894.0,HB3,LYS,379.0,38.46,27.907,31.193,0.09,1.32,8.14
ATOM,5895.0,HG2,LYS,379.0,40.575,27.363,32.181,0.09,1.32,2.08
ATOM,5896.0,HG3,LYS,379.0,40.824,28.956,32.442,0.09,1.32,0.0
ATOM,5897.0,HD2,LYS,379.0,38.827,28.995,33.766,0.09,1.32,0.0
ATOM,5898.0,HD3,LYS,379.0,38.724,27.374,33.594,0.09,1.32,10.33
ATOM,5899.0,HE2,LYS,379.0,40.75,27.105,34.767,0.05,1.32,7.05
ATOM,5900.0,HE3,LYS,379.0,40.895,28.725,34.909,0.05,1.32,0.0
ATOM,5901.0,HZ1,LYS,379.0,39.372,26.978,36.438,0.33,0.2245,20.56
ATOM,5902.0,HZ2,LYS,379.0,39.928,28.463,36.83,0.33,0.2245,17.05
ATOM,5903.0,HZ3,LYS,379.0,38.548,28.308,35.97,0.33,0.2245,7.95
ATOM,5904.0,N,ARG,380.0,38.191,29.701,28.447,-0.47,1.85,0.12
ATOM,5905.0,CA,ARG,380.0,37.149,29.798,27.43,0.07,2.275,1.5
ATOM,5906.0,C,ARG,380.0,37.749,29.411,26.089,0.51,2.0,0.0
ATOM,5907.0,O,ARG,380.0,37.139,28.674,25.311,-0.51,1.7,0.13
ATOM,5908.0,CB,ARG,380.0,36.615,31.228,27.336,-0.18,2.175,0.15
ATOM,5909.0,CG,ARG,380.0,36.365,31.892,28.669,-0.18,2.175,0.21
ATOM,5910.0,CD,ARG,380.0,34.894,32.132,28.908,0.2,2.175,2.57
ATOM,5911.0,NE,ARG,380.0,34.704,33.142,29.946,-0.7,1.85,0.0
ATOM,5912.0,CZ,ARG,380.0,35.053,34.417,29.811,0.64,2.0,0.0
ATOM,5913.0,NH1,ARG,380.0,35.605,34.841,28.681,-0.8,1.85,0.09
ATOM,5914.0,NH2,ARG,380.0,34.869,35.271,30.809,-0.8,1.85,13.22
ATOM,5915.0,H,ARG,380.0,38.537,30.51,28.993,0.31,0.2245,0.0
ATOM,5916.0,HA,ARG,380.0,36.417,29.158,27.654,0.09,1.32,0.76
ATOM,5917.0,HB2,ARG,380.0,37.283,31.775,26.834,0.09,1.32,0.0
ATOM,5918.0,HB3,ARG,380.0,35.754,31.204,26.832,0.09,1.32,2.85
ATOM,5919.0,HG2,ARG,380.0,36.711,31.308,29.404,0.09,1.32,0.04
ATOM,5920.0,HG3,ARG,380.0,36.834,32.775,28.696,0.09,1.32,0.0
ATOM,5921.0,HD2,ARG,380.0,34.486,32.451,28.063,0.09,1.32,0.0
ATOM,5922.0,HD3,ARG,380.0,34.481,31.28,29.201,0.09,1.32,8.64
ATOM,5923.0,HE,ARG,380.0,34.285,32.855,30.812,0.44,0.2245,9.01
ATOM,5924.0,HH11,ARG,380.0,35.748,34.223,27.913,0.46,0.2245,0.0
ATOM,5925.0,HH12,ARG,380.0,35.884,35.806,28.596,0.46,0.2245,6.85
ATOM,5926.0,HH21,ARG,380.0,34.445,34.949,31.661,0.46,0.2245,13.29
ATOM,5927.0,HH22,ARG,380.0,35.146,36.223,30.717,0.46,0.2245,15.5
ATOM,5928.0,N,VAL,381.0,38.946,29.91,25.81,-0.47,1.85,0.0
ATOM,5929.0,CA,VAL,381.0,39.597,29.577,24.556,0.07,2.275,0.0
ATOM,5930.0,C,VAL,381.0,39.807,28.069,24.486,0.51,2.0,0.0
ATOM,5931.0,O,VAL,381.0,39.515,27.44,23.465,-0.51,1.7,0.0
ATOM,5932.0,CB,VAL,381.0,40.968,30.271,24.416,-0.09,2.275,0.0
ATOM,5933.0,CG1,VAL,381.0,41.706,29.7,23.219,-0.27,2.06,0.0
ATOM,5934.0,CG2,VAL,381.0,40.779,31.773,24.25,-0.27,2.06,0.0
ATOM,5935.0,H,VAL,381.0,39.35,30.524,26.529,0.31,0.2245,0.0
ATOM,5936.0,HA,VAL,381.0,38.99,29.838,23.804,0.09,1.32,0.0
ATOM,5937.0,HB,VAL,381.0,41.5,30.049,25.222,0.09,1.32,0.0
ATOM,5938.0,HG11,VAL,381.0,41.654,28.701,23.237,0.09,1.32,0.0
ATOM,5939.0,HG12,VAL,381.0,41.289,30.038,22.374,0.09,1.32,0.0
ATOM,5940.0,HG13,VAL,381.0,42.666,29.982,23.25,0.09,1.32,0.0
ATOM,5941.0,HG21,VAL,381.0,41.245,32.074,23.419,0.09,1.32,0.0
ATOM,5942.0,HG22,VAL,381.0,39.803,31.977,24.181,0.09,1.32,0.0
ATOM,5943.0,HG23,VAL,381.0,41.166,32.243,25.043,0.09,1.32,0.0
ATOM,5944.0,N,ALA,382.0,40.308,27.498,25.577,-0.47,1.85,0.0
ATOM,5945.0,CA,ALA,382.0,40.566,26.061,25.646,0.07,2.275,0.0
ATOM,5946.0,C,ALA,382.0,39.308,25.25,25.344,0.51,2.0,0.0
ATOM,5947.0,O,ALA,382.0,39.36,24.283,24.587,-0.51,1.7,0.0
ATOM,5948.0,CB,ALA,382.0,41.117,25.687,27.034,-0.27,2.06,1.84
ATOM,5949.0,H,ALA,382.0,40.497,28.15,26.363,0.31,0.2245,0.0
ATOM,5950.0,HA,ALA,382.0,41.271,25.825,24.963,0.09,1.32,0.0
ATOM,5951.0,HB1,ALA,382.0,41.948,25.149,26.92,0.09,1.32,0.0
ATOM,5952.0,HB2,ALA,382.0,41.32,26.522,27.539,0.09,1.32,0.0
ATOM,5953.0,HB3,ALA,382.0,40.432,25.153,27.523,0.09,1.32,0.05
ATOM,5954.0,N,GLU,383.0,38.183,25.651,25.931,-0.47,1.85,0.0
ATOM,5955.0,CA,GLU,383.0,36.922,24.944,25.728,0.07,2.275,0.0
ATOM,5956.0,C,GLU,383.0,36.542,24.887,24.253,0.51,2.0,0.0
ATOM,5957.0,O,GLU,383.0,36.196,23.826,23.735,-0.51,1.7,0.0
ATOM,5958.0,CB,GLU,383.0,35.785,25.61,26.513,-0.18,2.175,0.2
ATOM,5959.0,CG,GLU,383.0,34.425,24.984,26.221,-0.28,2.175,2.6
ATOM,5960.0,CD,GLU,383.0,33.252,25.798,26.745,0.62,2.0,2.53
ATOM,5961.0,OE1,GLU,383.0,32.097,25.497,26.351,-0.76,1.7,6.11
ATOM,5962.0,OE2,GLU,383.0,33.478,26.734,27.55,-0.76,1.7,20.72
ATOM,5963.0,H,GLU,383.0,38.279,26.491,26.532,0.31,0.2245,0.0
ATOM,5964.0,HA,GLU,383.0,36.999,24.005,26.091,0.09,1.32,0.0
ATOM,5965.0,HB2,GLU,383.0,35.969,25.489,27.465,0.09,1.32,5.75
ATOM,5966.0,HB3,GLU,383.0,35.744,26.548,26.243,0.09,1.32,0.0
ATOM,5967.0,HG2,GLU,383.0,34.323,24.913,25.243,0.09,1.32,0.0
ATOM,5968.0,HG3,GLU,383.0,34.391,24.101,26.658,0.09,1.32,1.56
ATOM,5969.0,N,MET,384.0,36.612,26.035,23.587,-0.47,1.85,0.0
ATOM,5970.0,CA,MET,384.0,36.274,26.127,22.17,0.07,2.275,0.0
ATOM,5971.0,C,MET,384.0,37.292,25.415,21.295,0.51,2.0,0.0
ATOM,5972.0,O,MET,384.0,36.942,24.594,20.445,-0.51,1.7,0.0
ATOM,5973.0,CB,MET,384.0,36.205,27.594,21.728,-0.18,2.175,0.0
ATOM,5974.0,CG,MET,384.0,35.21,28.445,22.494,-0.14,2.175,2.02
ATOM,5975.0,SD,MET,384.0,33.544,27.744,22.481,-0.09,2.0,0.0
ATOM,5976.0,CE,MET,384.0,33.15,27.856,20.745,-0.22,2.06,0.0
ATOM,5977.0,H,MET,384.0,36.924,26.849,24.154,0.31,0.2245,0.0
ATOM,5978.0,HA,MET,384.0,35.377,25.681,22.033,0.09,1.32,0.0
ATOM,5979.0,HB2,MET,384.0,37.124,28.006,21.829,0.09,1.32,0.0
ATOM,5980.0,HB3,MET,384.0,35.964,27.625,20.745,0.09,1.32,0.0
ATOM,5981.0,HG2,MET,384.0,35.546,28.556,23.456,0.09,1.32,0.0
ATOM,5982.0,HG3,MET,384.0,35.207,29.388,22.093,0.09,1.32,0.63
ATOM,5983.0,HE1,MET,384.0,33.608,28.652,20.344,0.09,1.32,0.0
ATOM,5984.0,HE2,MET,384.0,33.458,27.027,20.273,0.09,1.32,0.0
ATOM,5985.0,HE3,MET,384.0,32.159,27.952,20.627,0.09,1.32,0.0
ATOM,5986.0,N,ALA,385.0,38.559,25.754,21.502,-0.47,1.85,0.0
ATOM,5987.0,CA,ALA,385.0,39.639,25.183,20.72,0.07,2.275,0.0
ATOM,5988.0,C,ALA,385.0,39.71,23.666,20.784,0.51,2.0,0.0
ATOM,5989.0,O,ALA,385.0,39.803,22.994,19.754,-0.51,1.7,0.0
ATOM,5990.0,CB,ALA,385.0,40.975,25.785,21.164,-0.27,2.06,0.0
ATOM,5991.0,H,ALA,385.0,38.704,26.452,22.26,0.31,0.2245,0.0
ATOM,5992.0,HA,ALA,385.0,39.516,25.457,19.744,0.09,1.32,0.0
ATOM,5993.0,HB1,ALA,385.0,41.588,25.051,21.451,0.09,1.32,0.0
ATOM,5994.0,HB2,ALA,385.0,41.382,26.283,20.401,0.09,1.32,0.0
ATOM,5995.0,HB3,ALA,385.0,40.818,26.409,21.927,0.09,1.32,0.0
ATOM,5996.0,N,PHE,386.0,39.657,23.118,21.988,-0.47,1.85,0.0
ATOM,5997.0,CA,PHE,386.0,39.772,21.68,22.135,0.07,2.275,0.0
ATOM,5998.0,C,PHE,386.0,38.487,20.868,21.992,0.51,2.0,0.0
ATOM,5999.0,O,PHE,386.0,38.542,19.642,21.962,-0.51,1.7,0.34
ATOM,6000.0,CB,PHE,386.0,40.484,21.361,23.453,-0.18,2.175,0.0
ATOM,6001.0,CG,PHE,386.0,41.845,22.007,23.569,0.0,1.9924,0.0
ATOM,6002.0,CD1,PHE,386.0,42.766,21.905,22.527,-0.115,1.9924,0.0
ATOM,6003.0,CD2,PHE,386.0,42.202,22.717,24.713,-0.115,1.9924,0.0
ATOM,6004.0,CE1,PHE,386.0,44.028,22.502,22.622,-0.115,1.9924,0.0
ATOM,6005.0,CE2,PHE,386.0,43.46,23.317,24.82,-0.115,1.9924,0.0
ATOM,6006.0,CZ,PHE,386.0,44.374,23.208,23.771,-0.115,1.9924,0.0
ATOM,6007.0,H,PHE,386.0,39.533,23.774,22.771,0.31,0.2245,0.0
ATOM,6008.0,HA,PHE,386.0,40.403,21.354,21.39,0.09,1.32,0.0
ATOM,6009.0,HB2,PHE,386.0,39.924,21.699,24.19,0.09,1.32,0.0
ATOM,6010.0,HB3,PHE,386.0,40.607,20.384,23.503,0.09,1.32,0.0
ATOM,6011.0,HD1,PHE,386.0,42.529,21.404,21.702,0.115,1.3582,0.0
ATOM,6012.0,HD2,PHE,386.0,41.553,22.8,25.467,0.115,1.3582,0.0
ATOM,6013.0,HE1,PHE,386.0,44.675,22.415,21.86,0.115,1.3582,0.0
ATOM,6014.0,HE2,PHE,386.0,43.701,23.826,25.658,0.115,1.3582,0.0
ATOM,6015.0,HZ,PHE,386.0,45.272,23.634,23.842,0.115,1.3582,0.0
ATOM,6016.0,N,ASN,387.0,37.338,21.527,21.891,-0.47,1.85,0.0
ATOM,6017.0,CA,ASN,387.0,36.1,20.779,21.715,0.07,2.275,0.0
ATOM,6018.0,C,ASN,387.0,35.429,21.017,20.372,0.51,2.0,0.0
ATOM,6019.0,O,ASN,387.0,34.428,20.378,20.054,-0.51,1.7,0.12
ATOM,6020.0,CB,ASN,387.0,35.127,21.058,22.85,-0.18,2.175,0.0
ATOM,6021.0,CG,ASN,387.0,35.557,20.402,24.133,0.55,2.0,0.0
ATOM,6022.0,OD1,ASN,387.0,35.29,19.224,24.36,-0.55,1.7,0.19
ATOM,6023.0,ND2,ASN,387.0,36.201,21.171,25.004,-0.62,1.85,0.29
ATOM,6024.0,H,ASN,387.0,37.398,22.546,21.945,0.31,0.2245,0.0
ATOM,6025.0,HA,ASN,387.0,36.341,19.792,21.756,0.09,1.32,0.0
ATOM,6026.0,HB2,ASN,387.0,35.081,22.042,22.992,0.09,1.32,0.0
ATOM,6027.0,HB3,ASN,387.0,34.232,20.705,22.592,0.09,1.32,0.0
ATOM,6028.0,HD22,ASN,387.0,36.371,22.134,24.79,0.3,0.2245,0.0
ATOM,6029.0,HD21,ASN,387.0,36.517,20.79,25.872,0.32,0.2245,0.0
ATOM,6030.0,N,TYR,388.0,35.977,21.933,19.578,-0.47,1.85,0.0
ATOM,6031.0,CA,TYR,388.0,35.411,22.194,18.261,0.07,2.275,0.53
ATOM,6032.0,C,TYR,388.0,36.394,21.92,17.139,0.51,2.0,0.0
ATOM,6033.0,O,TYR,388.0,36.276,22.447,16.036,-0.51,1.7,0.0
ATOM,6034.0,CB,TYR,388.0,34.836,23.61,18.185,-0.18,2.175,0.0
ATOM,6035.0,CG,TYR,388.0,33.528,23.702,18.932,0.0,1.9924,0.0
ATOM,6036.0,CD1,TYR,388.0,33.499,23.884,20.312,-0.115,1.9924,0.0
ATOM,6037.0,CD2,TYR,388.0,32.317,23.52,18.269,-0.115,1.9924,1.31
ATOM,6038.0,CE1,TYR,388.0,32.292,23.878,21.015,-0.115,1.9924,0.0
ATOM,6039.0,CE2,TYR,388.0,31.109,23.511,18.958,-0.115,1.9924,0.22
ATOM,6040.0,CZ,TYR,388.0,31.103,23.69,20.327,0.11,1.9924,0.0
ATOM,6041.0,OH,TYR,388.0,29.908,23.673,21.004,-0.54,1.77,4.93
ATOM,6042.0,H,TYR,388.0,36.799,22.418,19.961,0.31,0.2245,0.0
ATOM,6043.0,HA,TYR,388.0,34.61,21.584,18.136,0.09,1.32,0.49
ATOM,6044.0,HB2,TYR,388.0,35.479,24.23,18.6,0.09,1.32,0.0
ATOM,6045.0,HB3,TYR,388.0,34.672,23.829,17.239,0.09,1.32,0.0
ATOM,6046.0,HD1,TYR,388.0,34.353,24.021,20.813,0.115,1.3582,0.0
ATOM,6047.0,HD2,TYR,388.0,32.315,23.394,17.277,0.115,1.3582,0.55
ATOM,6048.0,HE1,TYR,388.0,32.289,24.01,22.005,0.115,1.3582,0.0
ATOM,6049.0,HE2,TYR,388.0,30.251,23.375,18.462,0.115,1.3582,5.28
ATOM,6050.0,HH,TYR,388.0,29.677,24.602,21.287,0.43,0.2245,0.0
ATOM,6051.0,N,ASN,389.0,37.373,21.077,17.452,-0.47,1.85,0.07
ATOM,6052.0,CA,ASN,389.0,38.364,20.627,16.495,0.07,2.275,0.03
ATOM,6053.0,C,ASN,389.0,39.341,21.63,15.89,0.51,2.0,0.0
ATOM,6054.0,O,ASN,389.0,39.802,21.423,14.764,-0.51,1.7,0.34
ATOM,6055.0,CB,ASN,389.0,37.644,19.901,15.365,-0.18,2.175,3.51
ATOM,6056.0,CG,ASN,389.0,38.535,18.908,14.666,0.55,2.0,0.31
ATOM,6057.0,OD1,ASN,389.0,39.382,18.271,15.29,-0.55,1.7,9.32
ATOM,6058.0,ND2,ASN,389.0,38.358,18.779,13.363,-0.62,1.85,15.09
ATOM,6059.0,H,ASN,389.0,37.363,20.767,18.455,0.31,0.2245,0.0
ATOM,6060.0,HA,ASN,389.0,38.945,19.911,16.98,0.09,1.32,0.0
ATOM,6061.0,HB2,ASN,389.0,36.863,19.417,15.749,0.09,1.32,7.77
ATOM,6062.0,HB3,ASN,389.0,37.335,20.578,14.703,0.09,1.32,0.0
ATOM,6063.0,HD22,ASN,389.0,37.668,19.328,12.888,0.3,0.2245,1.1
ATOM,6064.0,HD21,ASN,389.0,38.917,18.13,12.84,0.32,0.2245,16.84
ATOM,6065.0,N,PHE,390.0,39.673,22.702,16.606,-0.47,1.85,0.0
ATOM,6066.0,CA,PHE,390.0,40.631,23.668,16.066,0.07,2.275,0.0
ATOM,6067.0,C,PHE,390.0,42.013,23.019,15.912,0.51,2.0,0.0
ATOM,6068.0,O,PHE,390.0,42.467,22.279,16.785,-0.51,1.7,0.0
ATOM,6069.0,CB,PHE,390.0,40.737,24.905,16.965,-0.18,2.175,0.0
ATOM,6070.0,CG,PHE,390.0,39.591,25.868,16.81,0.0,1.9924,0.0
ATOM,6071.0,CD1,PHE,390.0,38.369,25.629,17.434,-0.115,1.9924,0.0
ATOM,6072.0,CD2,PHE,390.0,39.727,27.01,16.018,-0.115,1.9924,0.0
ATOM,6073.0,CE1,PHE,390.0,37.297,26.51,17.278,-0.115,1.9924,0.0
ATOM,6074.0,CE2,PHE,390.0,38.656,27.899,15.856,-0.115,1.9924,0.0
ATOM,6075.0,CZ,PHE,390.0,37.438,27.643,16.491,-0.115,1.9924,0.0
ATOM,6076.0,H,PHE,390.0,39.222,22.786,17.521,0.31,0.2245,0.0
ATOM,6077.0,HA,PHE,390.0,40.321,23.905,15.143,0.09,1.32,0.0
ATOM,6078.0,HB2,PHE,390.0,40.752,24.596,17.903,0.09,1.32,0.0
ATOM,6079.0,HB3,PHE,390.0,41.57,25.38,16.727,0.09,1.32,0.0
ATOM,6080.0,HD1,PHE,390.0,38.252,24.82,18.002,0.115,1.3582,0.0
ATOM,6081.0,HD2,PHE,390.0,40.593,27.197,15.563,0.115,1.3582,0.0
ATOM,6082.0,HE1,PHE,390.0,36.425,26.312,17.741,0.115,1.3582,0.0
ATOM,6083.0,HE2,PHE,390.0,38.771,28.718,15.28,0.115,1.3582,0.0
ATOM,6084.0,HZ,PHE,390.0,36.674,28.274,16.378,0.115,1.3582,0.53
ATOM,6085.0,N,ALA,391.0,42.67,23.296,14.787,-0.47,1.85,0.0
ATOM,6086.0,CA,ALA,391.0,43.992,22.738,14.525,0.07,2.275,0.0
ATOM,6087.0,C,ALA,391.0,45.062,23.69,15.032,0.51,2.0,0.0
ATOM,6088.0,O,ALA,391.0,46.239,23.35,15.092,-0.51,1.7,2.03
ATOM,6089.0,CB,ALA,391.0,44.177,22.494,13.039,-0.27,2.06,5.14
ATOM,6090.0,H,ALA,391.0,42.172,23.926,14.133,0.31,0.2245,0.0
ATOM,6091.0,HA,ALA,391.0,44.078,21.866,15.014,0.09,1.32,0.0
ATOM,6092.0,HB1,ALA,391.0,44.32,21.518,12.873,0.09,1.32,0.79
ATOM,6093.0,HB2,ALA,391.0,43.362,22.797,12.544,0.09,1.32,0.0
ATOM,6094.0,HB3,ALA,391.0,44.972,23.005,12.71,0.09,1.32,4.14
ATOM,6095.0,N,GLY,392.0,44.647,24.887,15.413,-0.47,1.85,0.0
ATOM,6096.0,CA,GLY,392.0,45.619,25.831,15.915,-0.02,2.175,0.0
ATOM,6097.0,C,GLY,392.0,44.992,27.029,16.583,0.51,2.0,0.0
ATOM,6098.0,O,GLY,392.0,43.841,27.382,16.318,-0.51,1.7,0.0
ATOM,6099.0,H,GLY,392.0,43.646,25.067,15.325,0.31,0.2245,0.0
ATOM,6100.0,HA2,GLY,392.0,46.234,25.361,16.578,0.09,1.32,0.0
ATOM,6101.0,HA3,GLY,392.0,46.211,26.146,15.147,0.09,1.32,0.0
ATOM,6102.0,N,PHE,393.0,45.756,27.634,17.472,-0.47,1.85,0.0
ATOM,6103.0,CA,PHE,393.0,45.309,28.821,18.171,0.07,2.275,0.0
ATOM,6104.0,C,PHE,393.0,46.453,29.821,18.158,0.51,2.0,0.0
ATOM,6105.0,O,PHE,393.0,47.581,29.49,18.511,-0.51,1.7,0.0
ATOM,6106.0,CB,PHE,393.0,44.924,28.522,19.621,-0.18,2.175,0.0
ATOM,6107.0,CG,PHE,393.0,44.589,29.763,20.407,0.0,1.9924,0.0
ATOM,6108.0,CD1,PHE,393.0,43.414,30.47,20.148,-0.115,1.9924,0.0
ATOM,6109.0,CD2,PHE,393.0,45.489,30.278,21.338,-0.115,1.9924,0.0
ATOM,6110.0,CE1,PHE,393.0,43.142,31.681,20.798,-0.115,1.9924,0.0
ATOM,6111.0,CE2,PHE,393.0,45.227,31.487,21.997,-0.115,1.9924,0.0
ATOM,6112.0,CZ,PHE,393.0,44.051,32.191,21.725,-0.115,1.9924,0.0
ATOM,6113.0,H,PHE,393.0,46.687,27.194,17.624,0.31,0.2245,0.0
ATOM,6114.0,HA,PHE,393.0,44.571,29.221,17.635,0.09,1.32,0.0
ATOM,6115.0,HB2,PHE,393.0,44.127,27.944,19.611,0.09,1.32,0.0
ATOM,6116.0,HB3,PHE,393.0,45.692,28.085,20.055,0.09,1.32,0.0
ATOM,6117.0,HD1,PHE,393.0,42.755,30.114,19.494,0.115,1.3582,0.0
ATOM,6118.0,HD2,PHE,393.0,46.331,29.782,21.541,0.115,1.3582,0.0
ATOM,6119.0,HE1,PHE,393.0,42.294,32.174,20.59,0.115,1.3582,0.0
ATOM,6120.0,HE2,PHE,393.0,45.893,31.844,22.666,0.115,1.3582,0.0
ATOM,6121.0,HZ,PHE,393.0,43.861,33.05,22.188,0.115,1.3582,0.0
ATOM,6122.0,N,THR,394.0,46.154,31.041,17.733,-0.47,1.85,0.0
ATOM,6123.0,CA,THR,394.0,47.142,32.103,17.681,0.07,2.275,0.0
ATOM,6124.0,C,THR,394.0,46.78,33.149,18.728,0.51,2.0,0.0
ATOM,6125.0,O,THR,394.0,45.692,33.737,18.685,-0.51,1.7,0.0
ATOM,6126.0,CB,THR,394.0,47.154,32.752,16.297,0.14,2.275,0.0
ATOM,6127.0,OG1,THR,394.0,47.344,31.731,15.311,-0.66,1.77,0.23
ATOM,6128.0,CG2,THR,394.0,48.289,33.778,16.185,-0.27,2.06,0.0
ATOM,6129.0,H,THR,394.0,45.16,31.168,17.444,0.31,0.2245,0.0
ATOM,6130.0,HA,THR,394.0,48.036,31.724,17.911,0.09,1.32,0.0
ATOM,6131.0,HB,THR,394.0,46.251,33.192,16.127,0.09,1.32,0.0
ATOM,6132.0,HG21,THR,394.0,49.17,33.311,16.266,0.09,1.32,0.0
ATOM,6133.0,HG22,THR,394.0,48.236,34.239,15.298,0.09,1.32,0.54
ATOM,6134.0,HG23,THR,394.0,48.201,34.454,16.917,0.09,1.32,0.0
ATOM,6135.0,HG1,THR,394.0,46.456,31.377,14.999,0.43,0.2245,0.21
ATOM,6136.0,N,LEU,395.0,47.68,33.377,19.673,-0.47,1.85,0.0
ATOM,6137.0,CA,LEU,395.0,47.426,34.354,20.72,0.07,2.275,0.0
ATOM,6138.0,C,LEU,395.0,47.886,35.752,20.344,0.51,2.0,0.0
ATOM,6139.0,O,LEU,395.0,49.032,35.955,19.942,-0.51,1.7,0.0
ATOM,6140.0,CB,LEU,395.0,48.124,33.947,22.021,-0.18,2.175,0.0
ATOM,6141.0,CG,LEU,395.0,48.027,34.95,23.184,-0.09,2.275,0.0
ATOM,6142.0,CD1,LEU,395.0,46.653,34.851,23.837,-0.27,2.06,0.0
ATOM,6143.0,CD2,LEU,395.0,49.116,34.665,24.217,-0.27,2.06,0.0
ATOM,6144.0,H,LEU,395.0,48.547,32.819,19.603,0.31,0.2245,0.0
ATOM,6145.0,HA,LEU,395.0,46.427,34.384,20.896,0.09,1.32,0.0
ATOM,6146.0,HB2,LEU,395.0,47.717,33.095,22.334,0.09,1.32,0.0
ATOM,6147.0,HB3,LEU,395.0,49.09,33.818,21.824,0.09,1.32,0.0
ATOM,6148.0,HG,LEU,395.0,48.161,35.869,22.827,0.09,1.32,0.0
ATOM,6149.0,HD11,LEU,395.0,46.517,33.924,24.187,0.09,1.32,0.0
ATOM,6150.0,HD12,LEU,395.0,46.595,35.504,24.592,0.09,1.32,0.45
ATOM,6151.0,HD13,LEU,395.0,45.947,35.059,23.16,0.09,1.32,0.0
ATOM,6152.0,HD21,LEU,395.0,50.013,34.749,23.785,0.09,1.32,0.0
ATOM,6153.0,HD22,LEU,395.0,49.042,35.322,24.966,0.09,1.32,0.1
ATOM,6154.0,HD23,LEU,395.0,49.001,33.738,24.573,0.09,1.32,0.0
ATOM,6155.0,N,LEU,396.0,46.975,36.716,20.452,-0.47,1.85,0.0
ATOM,6156.0,CA,LEU,396.0,47.312,38.106,20.2,0.07,2.275,0.0
ATOM,6157.0,C,LEU,396.0,47.32,38.682,21.614,0.51,2.0,0.0
ATOM,6158.0,O,LEU,396.0,46.344,38.535,22.338,-0.51,1.7,0.0
ATOM,6159.0,CB,LEU,396.0,46.249,38.78,19.316,-0.18,2.175,0.0
ATOM,6160.0,CG,LEU,396.0,45.327,39.908,19.801,-0.09,2.275,0.0
ATOM,6161.0,CD1,LEU,396.0,46.118,41.113,20.306,-0.27,2.06,5.44
ATOM,6162.0,CD2,LEU,396.0,44.442,40.326,18.633,-0.27,2.06,16.38
ATOM,6163.0,H,LEU,396.0,46.028,36.392,20.725,0.31,0.2245,0.0
ATOM,6164.0,HA,LEU,396.0,48.213,38.159,19.84,0.09,1.32,0.0
ATOM,6165.0,HB2,LEU,396.0,46.737,39.14,18.484,0.09,1.32,0.0
ATOM,6166.0,HB3,LEU,396.0,45.636,38.033,18.963,0.09,1.32,0.0
ATOM,6167.0,HG,LEU,396.0,44.749,39.557,20.543,0.09,1.32,0.0
ATOM,6168.0,HD11,LEU,396.0,46.687,41.47,19.566,0.09,1.32,0.0
ATOM,6169.0,HD12,LEU,396.0,45.483,41.822,20.611,0.09,1.32,4.86
ATOM,6170.0,HD13,LEU,396.0,46.699,40.832,21.07,0.09,1.32,0.0
ATOM,6171.0,HD21,LEU,396.0,43.899,39.543,18.329,0.09,1.32,0.46
ATOM,6172.0,HD22,LEU,396.0,43.83,41.062,18.925,0.09,1.32,2.78
ATOM,6173.0,HD23,LEU,396.0,45.015,40.648,17.879,0.09,1.32,0.22
ATOM,6174.0,N,ARG,397.0,48.411,39.322,22.021,-0.47,1.85,0.0
ATOM,6175.0,CA,ARG,397.0,49.582,39.524,21.188,0.07,2.275,0.0
ATOM,6176.0,C,ARG,397.0,50.874,39.447,22.025,0.51,2.0,0.0
ATOM,6177.0,O,ARG,397.0,50.844,39.59,23.247,-0.51,1.7,0.0
ATOM,6178.0,CB,ARG,397.0,49.462,40.902,20.518,-0.18,2.175,0.48
ATOM,6179.0,CG,ARG,397.0,50.508,41.229,19.472,-0.18,2.175,0.0
ATOM,6180.0,CD,ARG,397.0,50.286,42.637,18.893,0.2,2.175,3.58
ATOM,6181.0,NE,ARG,397.0,48.986,42.779,18.24,-0.7,1.85,0.14
ATOM,6182.0,CZ,ARG,397.0,48.697,42.314,17.028,0.64,2.0,0.0
ATOM,6183.0,NH1,ARG,397.0,49.615,41.672,16.318,-0.8,1.85,0.0
ATOM,6184.0,NH2,ARG,397.0,47.476,42.473,16.531,-0.8,1.85,4.66
ATOM,6185.0,H,ARG,397.0,48.35,39.674,23.012,0.31,0.2245,0.0
ATOM,6186.0,HA,ARG,397.0,49.621,38.802,20.488,0.09,1.32,0.0
ATOM,6187.0,HB2,ARG,397.0,48.558,40.954,20.083,0.09,1.32,0.0
ATOM,6188.0,HB3,ARG,397.0,49.513,41.599,21.239,0.09,1.32,1.53
ATOM,6189.0,HG2,ARG,397.0,51.413,41.21,19.88,0.09,1.32,0.0
ATOM,6190.0,HG3,ARG,397.0,50.45,40.582,18.72,0.09,1.32,0.0
ATOM,6191.0,HD2,ARG,397.0,50.353,43.287,19.646,0.09,1.32,4.45
ATOM,6192.0,HD3,ARG,397.0,51.012,42.808,18.231,0.09,1.32,0.0
ATOM,6193.0,HE,ARG,397.0,48.258,43.263,18.743,0.44,0.2245,5.75
ATOM,6194.0,HH11,ARG,397.0,50.527,41.509,16.686,0.46,0.2245,0.0
ATOM,6195.0,HH12,ARG,397.0,49.389,41.342,15.394,0.46,0.2245,0.29
ATOM,6196.0,HH21,ARG,397.0,46.772,42.927,17.082,0.46,0.2245,6.01
ATOM,6197.0,HH22,ARG,397.0,47.258,42.143,15.616,0.46,0.2245,10.32
ATOM,6198.0,N,TYR,398.0,51.99,39.215,21.332,-0.47,1.85,0.0
ATOM,6199.0,CA,TYR,398.0,53.352,39.121,21.88,0.07,2.275,0.0
ATOM,6200.0,C,TYR,398.0,53.6,39.623,23.322,0.51,2.0,0.0
ATOM,6201.0,O,TYR,398.0,53.8,38.827,24.247,-0.51,1.7,0.0
ATOM,6202.0,CB,TYR,398.0,54.29,39.871,20.925,-0.18,2.175,0.0
ATOM,6203.0,CG,TYR,398.0,55.777,39.635,21.108,0.0,1.9924,0.0
ATOM,6204.0,CD1,TYR,398.0,56.428,38.61,20.422,-0.115,1.9924,0.0
ATOM,6205.0,CD2,TYR,398.0,56.542,40.476,21.915,-0.115,1.9924,0.0
ATOM,6206.0,CE1,TYR,398.0,57.804,38.434,20.528,-0.115,1.9924,0.0
ATOM,6207.0,CE2,TYR,398.0,57.926,40.307,22.028,-0.115,1.9924,0.72
ATOM,6208.0,CZ,TYR,398.0,58.549,39.289,21.328,0.11,1.9924,0.0
ATOM,6209.0,OH,TYR,398.0,59.916,39.14,21.398,-0.54,1.77,0.06
ATOM,6210.0,H,TYR,398.0,51.807,39.096,20.286,0.31,0.2245,0.0
ATOM,6211.0,HA,TYR,398.0,53.633,38.126,21.85,0.09,1.32,0.0
ATOM,6212.0,HB2,TYR,398.0,54.048,39.61,19.982,0.09,1.32,0.0
ATOM,6213.0,HB3,TYR,398.0,54.118,40.858,21.032,0.09,1.32,0.0
ATOM,6214.0,HD1,TYR,398.0,55.898,37.989,19.843,0.115,1.3582,0.0
ATOM,6215.0,HD2,TYR,398.0,56.099,41.212,22.42,0.115,1.3582,0.0
ATOM,6216.0,HE1,TYR,398.0,58.255,37.693,20.027,0.115,1.3582,0.0
ATOM,6217.0,HE2,TYR,398.0,58.456,40.919,22.611,0.115,1.3582,0.0
ATOM,6218.0,HH,TYR,398.0,60.214,39.289,22.339,0.43,0.2245,0.0
ATOM,6219.0,N,GLN,399.0,53.598,40.945,23.494,-0.47,1.85,0.0
ATOM,6220.0,CA,GLN,399.0,53.857,41.566,24.791,0.07,2.275,0.0
ATOM,6221.0,C,GLN,399.0,52.997,41.057,25.945,0.51,2.0,0.18
ATOM,6222.0,O,GLN,399.0,53.47,40.988,27.077,-0.51,1.7,3.11
ATOM,6223.0,CB,GLN,399.0,53.699,43.09,24.702,-0.18,2.175,10.94
ATOM,6224.0,CG,GLN,399.0,54.105,43.69,23.365,-0.18,2.175,6.13
ATOM,6225.0,CD,GLN,399.0,53.083,43.412,22.269,0.55,2.0,2.11
ATOM,6226.0,H,GLN,399.0,53.397,41.492,22.63,0.31,0.2245,0.0
ATOM,6227.0,HA,GLN,399.0,54.835,41.382,25.032,0.09,1.32,0.0
ATOM,6228.0,HB2,GLN,399.0,52.737,43.321,24.869,0.09,1.32,3.02
ATOM,6229.0,HB3,GLN,399.0,54.263,43.512,25.418,0.09,1.32,0.07
ATOM,6230.0,HG2,GLN,399.0,54.194,44.678,23.469,0.09,1.32,11.3
ATOM,6231.0,HG3,GLN,399.0,54.98,43.298,23.088,0.09,1.32,0.0
ATOM,6232.0,OE1,GLN,399.0,53.295,43.75,21.103,-0.55,1.7,8.29
ATOM,6233.0,NE2,GLN,399.0,51.965,42.801,22.643,-0.62,1.85,8.19
ATOM,6234.0,HE21,GLN,399.0,51.234,42.596,21.97,0.32,0.2245,0.27
ATOM,6235.0,HE22,GLN,399.0,51.852,42.539,23.621,0.3,0.2245,0.0
ATOM,6236.0,N,ASP,400.0,51.743,40.706,25.664,-0.47,1.85,0.0
ATOM,6237.0,CA,ASP,400.0,50.841,40.241,26.711,0.07,2.275,0.72
ATOM,6238.0,C,ASP,400.0,51.392,39.096,27.571,0.51,2.0,0.0
ATOM,6239.0,O,ASP,400.0,51.176,39.068,28.784,-0.51,1.7,2.06
ATOM,6240.0,CB,ASP,400.0,49.491,39.84,26.112,-0.28,2.175,2.7
ATOM,6241.0,CG,ASP,400.0,48.821,40.981,25.373,0.62,2.0,0.2
ATOM,6242.0,OD1,ASP,400.0,49.128,42.156,25.675,-0.76,1.7,21.16
ATOM,6243.0,OD2,ASP,400.0,47.977,40.7,24.497,-0.76,1.7,0.0
ATOM,6244.0,H,ASP,400.0,51.476,40.79,24.669,0.31,0.2245,0.0
ATOM,6245.0,HA,ASP,400.0,50.681,41.027,27.341,0.09,1.32,8.77
ATOM,6246.0,HB2,ASP,400.0,49.647,39.094,25.475,0.09,1.32,0.0
ATOM,6247.0,HB3,ASP,400.0,48.901,39.548,26.854,0.09,1.32,0.02
ATOM,6248.0,N,VAL,401.0,52.097,38.155,26.958,-0.47,1.85,0.0
ATOM,6249.0,CA,VAL,401.0,52.655,37.046,27.728,0.07,2.275,0.0
ATOM,6250.0,C,VAL,401.0,54.164,37.125,27.854,0.51,2.0,0.0
ATOM,6251.0,O,VAL,401.0,54.745,36.516,28.749,-0.51,1.7,0.0
ATOM,6252.0,CB,VAL,401.0,52.303,35.663,27.117,-0.09,2.275,0.0
ATOM,6253.0,CG1,VAL,401.0,50.847,35.357,27.338,-0.27,2.06,0.0
ATOM,6254.0,CG2,VAL,401.0,52.634,35.644,25.636,-0.27,2.06,0.0
ATOM,6255.0,H,VAL,401.0,52.211,38.268,25.945,0.31,0.2245,0.0
ATOM,6256.0,HA,VAL,401.0,52.259,37.085,28.661,0.09,1.32,0.0
ATOM,6257.0,HB,VAL,401.0,52.833,34.982,27.61,0.09,1.32,0.0
ATOM,6258.0,HG11,VAL,401.0,50.749,34.48,27.814,0.09,1.32,0.0
ATOM,6259.0,HG12,VAL,401.0,50.426,36.078,27.894,0.09,1.32,0.0
ATOM,6260.0,HG13,VAL,401.0,50.37,35.305,26.457,0.09,1.32,0.0
ATOM,6261.0,HG21,VAL,401.0,53.299,34.919,25.454,0.09,1.32,0.0
ATOM,6262.0,HG22,VAL,401.0,51.8,35.473,25.111,0.09,1.32,0.0
ATOM,6263.0,HG23,VAL,401.0,53.021,36.528,25.371,0.09,1.32,0.0
ATOM,6264.0,N,MET,402.0,54.802,37.874,26.969,-0.47,1.85,0.0
ATOM,6265.0,CA,MET,402.0,56.25,37.981,27.009,0.07,2.275,0.0
ATOM,6266.0,C,MET,402.0,56.741,38.779,28.215,0.51,2.0,0.0
ATOM,6267.0,O,MET,402.0,57.816,38.507,28.749,-0.51,1.7,8.95
ATOM,6268.0,CB,MET,402.0,56.763,38.621,25.72,-0.18,2.175,0.0
ATOM,6269.0,CG,MET,402.0,58.163,38.177,25.336,-0.14,2.175,0.11
ATOM,6270.0,SD,MET,402.0,58.252,36.394,25.026,-0.09,2.0,0.0
ATOM,6271.0,CE,MET,402.0,57.592,36.295,23.38,-0.22,2.06,0.0
ATOM,6272.0,H,MET,402.0,54.205,38.354,26.279,0.31,0.2245,0.0
ATOM,6273.0,HA,MET,402.0,56.636,37.047,27.079,0.09,1.32,0.0
ATOM,6274.0,HB2,MET,402.0,56.136,38.387,24.967,0.09,1.32,0.0
ATOM,6275.0,HB3,MET,402.0,56.765,39.623,25.831,0.09,1.32,0.0
ATOM,6276.0,HG2,MET,402.0,58.458,38.699,24.508,0.09,1.32,0.0
ATOM,6277.0,HG3,MET,402.0,58.809,38.443,26.082,0.09,1.32,1.04
ATOM,6278.0,HE1,MET,402.0,58.12,35.636,22.837,0.09,1.32,0.0
ATOM,6279.0,HE2,MET,402.0,56.634,35.997,23.412,0.09,1.32,0.0
ATOM,6280.0,HE3,MET,402.0,57.639,37.194,22.937,0.09,1.32,0.0
ATOM,6281.0,N,TYR,403.0,55.95,39.757,28.648,-0.47,1.85,0.0
ATOM,6282.0,CA,TYR,403.0,56.333,40.585,29.785,0.07,2.275,2.38
ATOM,6283.0,C,TYR,403.0,55.498,40.298,31.026,0.51,2.0,1.07
ATOM,6284.0,O,TYR,403.0,55.395,41.131,31.922,-0.51,1.7,26.34
ATOM,6285.0,CB,TYR,403.0,56.218,42.065,29.419,-0.18,2.175,10.95
ATOM,6286.0,CG,TYR,403.0,56.99,42.427,28.176,0.0,1.9924,0.47
ATOM,6287.0,CD1,TYR,403.0,58.182,41.776,27.861,-0.115,1.9924,8.59
ATOM,6288.0,CD2,TYR,403.0,56.54,43.431,27.323,-0.115,1.9924,9.06
ATOM,6289.0,CE1,TYR,403.0,58.904,42.11,26.727,-0.115,1.9924,10.21
ATOM,6290.0,CE2,TYR,403.0,57.258,43.778,26.183,-0.115,1.9924,10.46
ATOM,6291.0,CZ,TYR,403.0,58.438,43.112,25.889,0.11,1.9924,1.8
ATOM,6292.0,OH,TYR,403.0,59.153,43.441,24.758,-0.54,1.77,7.39
ATOM,6293.0,H,TYR,403.0,55.067,39.873,28.122,0.31,0.2245,0.0
ATOM,6294.0,HA,TYR,403.0,57.303,40.389,30.007,0.09,1.32,4.6
ATOM,6295.0,HB2,TYR,403.0,55.259,42.275,29.266,0.09,1.32,4.34
ATOM,6296.0,HB3,TYR,403.0,56.574,42.602,30.176,0.09,1.32,8.78
ATOM,6297.0,HD1,TYR,403.0,58.523,41.054,28.467,0.115,1.3582,4.38
ATOM,6298.0,HD2,TYR,403.0,55.69,43.909,27.531,0.115,1.3582,9.18
ATOM,6299.0,HE1,TYR,403.0,59.757,41.631,26.511,0.115,1.3582,5.35
ATOM,6300.0,HE2,TYR,403.0,56.926,44.502,25.581,0.115,1.3582,7.47
ATOM,6301.0,HH,TYR,403.0,59.846,42.742,24.594,0.43,0.2245,1.12
ATOM,6302.0,N,ASN,404.0,54.902,39.118,31.069,-0.47,1.85,0.0
ATOM,6303.0,CA,ASN,404.0,54.085,38.727,32.204,0.07,2.275,0.3
ATOM,6304.0,C,ASN,404.0,54.254,37.23,32.389,0.51,2.0,0.0
ATOM,6305.0,O,ASN,404.0,53.539,36.434,31.785,-0.51,1.7,0.0
ATOM,6306.0,CB,ASN,404.0,52.626,39.089,31.944,-0.18,2.175,1.57
ATOM,6307.0,CG,ASN,404.0,51.731,38.796,33.133,0.55,2.0,1.85
ATOM,6308.0,OD1,ASN,404.0,52.074,37.983,33.991,-0.55,1.7,5.68
ATOM,6309.0,ND2,ASN,404.0,50.584,39.464,33.195,-0.62,1.85,15.75
ATOM,6310.0,H,ASN,404.0,55.065,38.512,30.242,0.31,0.2245,0.0
ATOM,6311.0,HA,ASN,404.0,54.465,39.167,33.011,0.09,1.32,4.28
ATOM,6312.0,HB2,ASN,404.0,52.573,40.063,31.74,0.09,1.32,5.93
ATOM,6313.0,HB3,ASN,404.0,52.302,38.558,31.165,0.09,1.32,0.0
ATOM,6314.0,HD22,ASN,404.0,50.351,40.117,32.471,0.3,0.2245,11.52
ATOM,6315.0,HD21,ASN,404.0,49.957,39.317,33.957,0.32,0.2245,13.99
ATOM,6316.0,N,ASN,405.0,55.219,36.869,33.224,-0.47,1.85,0.01
ATOM,6317.0,CA,ASN,405.0,55.56,35.48,33.517,0.07,2.275,0.0
ATOM,6318.0,C,ASN,405.0,54.421,34.624,34.052,0.51,2.0,0.15
ATOM,6319.0,O,ASN,405.0,54.312,33.455,33.695,-0.51,1.7,6.03
ATOM,6320.0,CB,ASN,405.0,56.721,35.435,34.515,-0.18,2.175,12.98
ATOM,6321.0,CG,ASN,405.0,57.983,36.078,33.975,0.55,2.0,2.06
ATOM,6322.0,H,ASN,405.0,55.727,37.679,33.665,0.31,0.2245,7.03
ATOM,6323.0,HA,ASN,405.0,55.86,35.056,32.635,0.09,1.32,0.0
ATOM,6324.0,HB2,ASN,405.0,56.444,35.92,35.34,0.09,1.32,8.06
ATOM,6325.0,HB3,ASN,405.0,56.915,34.481,34.727,0.09,1.32,9.1
ATOM,6326.0,OD1,ASN,405.0,58.827,36.552,34.739,-0.55,1.7,43.21
ATOM,6327.0,ND2,ASN,405.0,58.131,36.086,32.655,-0.62,1.85,4.7
ATOM,6328.0,HD22,ASN,405.0,57.42,35.683,32.074,0.3,0.2245,0.0
ATOM,6329.0,HD21,ASN,405.0,58.944,36.491,32.242,0.32,0.2245,16.2
ATOM,6330.0,N,SER,406.0,53.579,35.182,34.915,-0.47,1.85,0.78
ATOM,6331.0,CA,SER,406.0,52.492,34.385,35.466,0.07,2.275,3.47
ATOM,6332.0,C,SER,406.0,51.426,34.114,34.412,0.51,2.0,0.0
ATOM,6333.0,O,SER,406.0,50.844,33.03,34.374,-0.51,1.7,1.42
ATOM,6334.0,CB,SER,406.0,51.865,35.07,36.69,0.05,2.175,24.53
ATOM,6335.0,OG,SER,406.0,51.074,36.181,36.316,-0.66,1.77,18.87
ATOM,6336.0,H,SER,406.0,53.754,36.163,35.143,0.31,0.2245,3.36
ATOM,6337.0,HA,SER,406.0,52.87,33.498,35.758,0.09,1.32,7.53
ATOM,6338.0,HB2,SER,406.0,51.293,34.407,37.167,0.09,1.32,4.75
ATOM,6339.0,HB3,SER,406.0,52.599,35.379,37.291,0.09,1.32,10.89
ATOM,6340.0,HG,SER,406.0,51.522,36.675,35.571,0.43,0.2245,0.42
ATOM,6341.0,N,LEU,407.0,51.174,35.095,33.549,-0.47,1.85,0.0
ATOM,6342.0,CA,LEU,407.0,50.179,34.915,32.505,0.07,2.275,0.0
ATOM,6343.0,C,LEU,407.0,50.717,33.877,31.52,0.51,2.0,0.0
ATOM,6344.0,O,LEU,407.0,49.989,32.996,31.067,-0.51,1.7,0.0
ATOM,6345.0,CB,LEU,407.0,49.899,36.247,31.801,-0.18,2.175,0.0
ATOM,6346.0,CG,LEU,407.0,48.487,36.378,31.23,-0.09,2.275,0.0
ATOM,6347.0,CD1,LEU,407.0,47.473,35.972,32.298,-0.27,2.06,0.89
ATOM,6348.0,CD2,LEU,407.0,48.242,37.809,30.773,-0.27,2.06,3.59
ATOM,6349.0,H,LEU,407.0,51.725,35.954,33.684,0.31,0.2245,0.0
ATOM,6350.0,HA,LEU,407.0,49.344,34.559,32.91,0.09,1.32,0.0
ATOM,6351.0,HB2,LEU,407.0,50.022,36.972,32.463,0.09,1.32,0.0
ATOM,6352.0,HB3,LEU,407.0,50.535,36.334,31.049,0.09,1.32,0.0
ATOM,6353.0,HG,LEU,407.0,48.396,35.777,30.444,0.09,1.32,0.0
ATOM,6354.0,HD11,LEU,407.0,47.571,36.57,33.093,0.09,1.32,4.35
ATOM,6355.0,HD12,LEU,407.0,46.549,36.057,31.927,0.09,1.32,0.0
ATOM,6356.0,HD13,LEU,407.0,47.639,35.025,32.57,0.09,1.32,0.0
ATOM,6357.0,HD21,LEU,407.0,48.907,38.053,30.066,0.09,1.32,0.0
ATOM,6358.0,HD22,LEU,407.0,47.316,37.887,30.401,0.09,1.32,0.0
ATOM,6359.0,HD23,LEU,407.0,48.341,38.43,31.551,0.09,1.32,0.78
ATOM,6360.0,N,MET,408.0,52.01,33.981,31.218,-0.47,1.85,0.0
ATOM,6361.0,CA,MET,408.0,52.685,33.057,30.314,0.07,2.275,0.0
ATOM,6362.0,C,MET,408.0,52.607,31.631,30.867,0.51,2.0,0.0
ATOM,6363.0,O,MET,408.0,52.379,30.678,30.125,-0.51,1.7,0.0
ATOM,6364.0,CB,MET,408.0,54.156,33.459,30.157,-0.18,2.175,0.0
ATOM,6365.0,CG,MET,408.0,55.004,32.486,29.334,-0.14,2.175,0.16
ATOM,6366.0,SD,MET,408.0,54.519,32.379,27.582,-0.09,2.0,0.0
ATOM,6367.0,CE,MET,408.0,55.524,33.658,26.884,-0.22,2.06,0.0
ATOM,6368.0,H,MET,408.0,52.497,34.78,31.684,0.31,0.2245,0.0
ATOM,6369.0,HA,MET,408.0,52.208,33.071,29.433,0.09,1.32,0.0
ATOM,6370.0,HB2,MET,408.0,54.202,34.367,29.716,0.09,1.32,0.0
ATOM,6371.0,HB3,MET,408.0,54.573,33.541,31.075,0.09,1.32,0.0
ATOM,6372.0,HG2,MET,408.0,55.99,32.768,29.417,0.09,1.32,0.0
ATOM,6373.0,HG3,MET,408.0,54.954,31.559,29.777,0.09,1.32,0.0
ATOM,6374.0,HE1,MET,408.0,55.856,33.382,25.977,0.09,1.32,0.0
ATOM,6375.0,HE2,MET,408.0,54.991,34.504,26.789,0.09,1.32,0.0
ATOM,6376.0,HE3,MET,408.0,56.315,33.839,27.476,0.09,1.32,0.0
ATOM,6377.0,N,GLY,409.0,52.81,31.501,32.175,-0.47,1.85,0.06
ATOM,6378.0,CA,GLY,409.0,52.761,30.198,32.811,-0.02,2.175,15.62
ATOM,6379.0,C,GLY,409.0,51.383,29.573,32.705,0.51,2.0,1.56
ATOM,6380.0,O,GLY,409.0,51.257,28.352,32.587,-0.51,1.7,7.35
ATOM,6381.0,H,GLY,409.0,52.999,32.385,32.679,0.31,0.2245,0.0
ATOM,6382.0,HA2,GLY,409.0,53.439,29.585,32.378,0.09,1.32,0.99
ATOM,6383.0,HA3,GLY,409.0,53.012,30.289,33.787,0.09,1.32,8.7
ATOM,6384.0,N,LYS,410.0,50.348,30.405,32.747,-0.47,1.85,0.02
ATOM,6385.0,CA,LYS,410.0,48.984,29.914,32.649,0.07,2.275,0.81
ATOM,6386.0,C,LYS,410.0,48.682,29.489,31.216,0.51,2.0,0.0
ATOM,6387.0,O,LYS,410.0,47.972,28.503,30.996,-0.51,1.7,0.0
ATOM,6388.0,CB,LYS,410.0,47.997,30.981,33.113,-0.18,2.175,0.02
ATOM,6389.0,CG,LYS,410.0,48.173,31.346,34.575,-0.18,2.175,4.0
ATOM,6390.0,CD,LYS,410.0,47.185,32.404,35.021,-0.18,2.175,0.0
ATOM,6391.0,CE,LYS,410.0,47.442,32.812,36.468,0.21,2.175,14.2
ATOM,6392.0,NZ,LYS,410.0,47.502,31.616,37.359,-0.3,1.85,10.57
ATOM,6393.0,H,LYS,410.0,50.595,31.406,32.853,0.31,0.2245,0.0
ATOM,6394.0,HA,LYS,410.0,48.877,29.116,33.25,0.09,1.32,3.0
ATOM,6395.0,HB2,LYS,410.0,48.139,31.798,32.566,0.09,1.32,0.0
ATOM,6396.0,HB3,LYS,410.0,47.076,30.631,32.984,0.09,1.32,0.0
ATOM,6397.0,HG2,LYS,410.0,48.043,30.523,35.135,0.09,1.32,3.0
ATOM,6398.0,HG3,LYS,410.0,49.105,31.691,34.717,0.09,1.32,0.0
ATOM,6399.0,HD2,LYS,410.0,47.286,33.207,34.446,0.09,1.32,0.0
ATOM,6400.0,HD3,LYS,410.0,46.265,32.039,34.957,0.09,1.32,0.0
ATOM,6401.0,HE2,LYS,410.0,48.311,33.302,36.517,0.05,1.32,0.0
ATOM,6402.0,HE3,LYS,410.0,46.702,33.412,36.772,0.05,1.32,8.45
ATOM,6403.0,HZ1,LYS,410.0,47.434,30.788,36.804,0.33,0.2245,3.61
ATOM,6404.0,HZ2,LYS,410.0,48.369,31.618,37.855,0.33,0.2245,17.69
ATOM,6405.0,HZ3,LYS,410.0,46.743,31.65,38.007,0.33,0.2245,12.55
ATOM,6406.0,N,PHE,411.0,49.22,30.23,30.246,-0.47,1.85,0.0
ATOM,6407.0,CA,PHE,411.0,49.007,29.876,28.849,0.07,2.275,0.0
ATOM,6408.0,C,PHE,411.0,49.695,28.545,28.541,0.51,2.0,0.0
ATOM,6409.0,O,PHE,411.0,49.139,27.699,27.845,-0.51,1.7,0.0
ATOM,6410.0,CB,PHE,411.0,49.551,30.952,27.911,-0.18,2.175,0.0
ATOM,6411.0,CG,PHE,411.0,49.455,30.579,26.46,0.0,1.9924,0.0
ATOM,6412.0,CD1,PHE,411.0,50.404,29.74,25.874,-0.115,1.9924,0.0
ATOM,6413.0,CD2,PHE,411.0,48.372,31.006,25.692,-0.115,1.9924,0.0
ATOM,6414.0,CE1,PHE,411.0,50.275,29.325,24.545,-0.115,1.9924,0.0
ATOM,6415.0,CE2,PHE,411.0,48.231,30.598,24.364,-0.115,1.9924,0.0
ATOM,6416.0,CZ,PHE,411.0,49.186,29.754,23.79,-0.115,1.9924,0.0
ATOM,6417.0,H,PHE,411.0,49.773,31.037,30.562,0.31,0.2245,0.0
ATOM,6418.0,HA,PHE,411.0,48.024,29.725,28.728,0.09,1.32,0.0
ATOM,6419.0,HB2,PHE,411.0,49.022,31.773,28.052,0.09,1.32,0.0
ATOM,6420.0,HB3,PHE,411.0,50.503,31.091,28.129,0.09,1.32,0.0
ATOM,6421.0,HD1,PHE,411.0,51.185,29.428,26.405,0.115,1.3582,0.0
ATOM,6422.0,HD2,PHE,411.0,47.688,31.611,26.096,0.115,1.3582,0.0
ATOM,6423.0,HE1,PHE,411.0,50.969,28.722,24.145,0.115,1.3582,0.0
ATOM,6424.0,HE2,PHE,411.0,47.44,30.916,23.823,0.115,1.3582,0.0
ATOM,6425.0,HZ,PHE,411.0,49.089,29.459,22.843,0.115,1.3582,0.0
ATOM,6426.0,N,LYS,412.0,50.91,28.367,29.054,-0.47,1.85,0.0
ATOM,6427.0,CA,LYS,412.0,51.649,27.129,28.826,0.07,2.275,0.0
ATOM,6428.0,C,LYS,412.0,50.827,25.932,29.297,0.51,2.0,0.0
ATOM,6429.0,O,LYS,412.0,50.708,24.927,28.594,-0.51,1.7,0.0
ATOM,6430.0,CB,LYS,412.0,52.975,27.158,29.589,-0.18,2.175,0.0
ATOM,6431.0,CG,LYS,412.0,53.815,25.906,29.436,-0.18,2.175,0.12
ATOM,6432.0,CD,LYS,412.0,54.974,25.913,30.427,-0.18,2.175,9.68
ATOM,6433.0,CE,LYS,412.0,56.017,24.874,30.062,0.21,2.175,14.65
ATOM,6434.0,NZ,LYS,412.0,55.374,23.57,29.75,-0.3,1.85,4.92
ATOM,6435.0,H,LYS,412.0,51.272,29.159,29.611,0.31,0.2245,0.0
ATOM,6436.0,HA,LYS,412.0,51.826,27.031,27.843,0.09,1.32,0.0
ATOM,6437.0,HB2,LYS,412.0,53.507,27.938,29.258,0.09,1.32,0.0
ATOM,6438.0,HB3,LYS,412.0,52.771,27.286,30.561,0.09,1.32,0.0
ATOM,6439.0,HG2,LYS,412.0,53.248,25.105,29.612,0.09,1.32,0.0
ATOM,6440.0,HG3,LYS,412.0,54.184,25.866,28.511,0.09,1.32,0.0
ATOM,6441.0,HD2,LYS,412.0,55.399,26.811,30.414,0.09,1.32,0.01
ATOM,6442.0,HD3,LYS,412.0,54.621,25.708,31.333,0.09,1.32,10.36
ATOM,6443.0,HE2,LYS,412.0,56.526,25.19,29.262,0.05,1.32,0.0
ATOM,6444.0,HE3,LYS,412.0,56.644,24.756,30.832,0.05,1.32,11.53
ATOM,6445.0,HZ1,LYS,412.0,55.952,22.826,30.084,0.33,0.2245,15.91
ATOM,6446.0,HZ2,LYS,412.0,54.48,23.525,30.196,0.33,0.2245,3.76
ATOM,6447.0,HZ3,LYS,412.0,55.259,23.485,28.761,0.33,0.2245,6.92
ATOM,6448.0,N,ASP,413.0,50.251,26.06,30.489,-0.47,1.85,0.0
ATOM,6449.0,CA,ASP,413.0,49.45,25.004,31.096,0.07,2.275,1.27
ATOM,6450.0,C,ASP,413.0,48.143,24.705,30.376,0.51,2.0,0.0
ATOM,6451.0,O,ASP,413.0,47.822,23.547,30.113,-0.51,1.7,0.0
ATOM,6452.0,CB,ASP,413.0,49.156,25.357,32.563,-0.28,2.175,8.11
ATOM,6453.0,CG,ASP,413.0,48.25,24.327,33.254,0.62,2.0,3.44
ATOM,6454.0,OD1,ASP,413.0,48.548,23.114,33.197,-0.76,1.7,15.08
ATOM,6455.0,OD2,ASP,413.0,47.241,24.733,33.867,-0.76,1.7,25.59
ATOM,6456.0,H,ASP,413.0,50.422,26.982,30.952,0.31,0.2245,0.0
ATOM,6457.0,HA,ASP,413.0,50.009,24.15,31.063,0.09,1.32,0.17
ATOM,6458.0,HB2,ASP,413.0,50.018,25.392,33.051,0.09,1.32,8.55
ATOM,6459.0,HB3,ASP,413.0,48.702,26.237,32.584,0.09,1.32,0.0
ATOM,6460.0,N,LEU,414.0,47.389,25.748,30.047,-0.47,1.85,0.0
ATOM,6461.0,CA,LEU,414.0,46.097,25.563,29.403,0.07,2.275,0.0
ATOM,6462.0,C,LEU,414.0,46.091,25.477,27.887,0.51,2.0,0.0
ATOM,6463.0,O,LEU,414.0,45.282,24.747,27.316,-0.51,1.7,0.38
ATOM,6464.0,CB,LEU,414.0,45.142,26.681,29.836,-0.18,2.175,0.0
ATOM,6465.0,CG,LEU,414.0,44.756,26.71,31.316,-0.09,2.275,0.02
ATOM,6466.0,CD1,LEU,414.0,44.043,28.022,31.644,-0.27,2.06,0.04
ATOM,6467.0,CD2,LEU,414.0,43.87,25.506,31.63,-0.27,2.06,12.88
ATOM,6468.0,H,LEU,414.0,47.789,26.672,30.282,0.31,0.2245,0.0
ATOM,6469.0,HA,LEU,414.0,45.679,24.695,29.773,0.09,1.32,0.0
ATOM,6470.0,HB2,LEU,414.0,45.579,27.552,29.625,0.09,1.32,0.0
ATOM,6471.0,HB3,LEU,414.0,44.302,26.584,29.31,0.09,1.32,0.0
ATOM,6472.0,HG,LEU,414.0,45.581,26.637,31.87,0.09,1.32,0.17
ATOM,6473.0,HD11,LEU,414.0,43.218,28.098,31.086,0.09,1.32,0.0
ATOM,6474.0,HD12,LEU,414.0,43.795,28.031,32.612,0.09,1.32,0.0
ATOM,6475.0,HD13,LEU,414.0,44.653,28.788,31.447,0.09,1.32,0.0
ATOM,6476.0,HD21,LEU,414.0,44.371,24.664,31.43,0.09,1.32,0.0
ATOM,6477.0,HD22,LEU,414.0,43.617,25.524,32.597,0.09,1.32,6.84
ATOM,6478.0,HD23,LEU,414.0,43.045,25.546,31.067,0.09,1.32,1.55
ATOM,6479.0,N,LEU,415.0,46.99,26.208,27.234,-0.47,1.85,0.0
ATOM,6480.0,CA,LEU,415.0,47.012,26.238,25.778,0.07,2.275,0.0
ATOM,6481.0,C,LEU,415.0,48.283,25.818,25.044,0.51,2.0,0.0
ATOM,6482.0,O,LEU,415.0,48.211,25.415,23.886,-0.51,1.7,0.0
ATOM,6483.0,CB,LEU,415.0,46.607,27.635,25.313,-0.18,2.175,0.0
ATOM,6484.0,CG,LEU,415.0,45.195,28.025,25.736,-0.09,2.275,0.0
ATOM,6485.0,CD1,LEU,415.0,44.989,29.513,25.544,-0.27,2.06,0.0
ATOM,6486.0,CD2,LEU,415.0,44.187,27.206,24.938,-0.27,2.06,0.0
ATOM,6487.0,H,LEU,415.0,47.648,26.734,27.832,0.31,0.2245,0.0
ATOM,6488.0,HA,LEU,415.0,46.237,25.632,25.436,0.09,1.32,0.0
ATOM,6489.0,HB2,LEU,415.0,47.229,28.284,25.716,0.09,1.32,0.0
ATOM,6490.0,HB3,LEU,415.0,46.64,27.652,24.33,0.09,1.32,0.0
ATOM,6491.0,HG,LEU,415.0,45.068,27.791,26.698,0.09,1.32,0.0
ATOM,6492.0,HD11,LEU,415.0,45.119,29.751,24.58,0.09,1.32,0.0
ATOM,6493.0,HD12,LEU,415.0,44.061,29.765,25.823,0.09,1.32,0.0
ATOM,6494.0,HD13,LEU,415.0,45.649,30.02,26.101,0.09,1.32,0.0
ATOM,6495.0,HD21,LEU,415.0,44.333,26.233,25.115,0.09,1.32,0.0
ATOM,6496.0,HD22,LEU,415.0,43.259,27.459,25.213,0.09,1.32,0.0
ATOM,6497.0,HD23,LEU,415.0,44.307,27.389,23.962,0.09,1.32,0.0
ATOM,6498.0,N,GLY,416.0,49.441,25.917,25.689,-0.47,1.85,0.0
ATOM,6499.0,CA,GLY,416.0,50.672,25.541,25.021,-0.02,2.175,0.0
ATOM,6500.0,C,GLY,416.0,50.916,24.052,25.117,0.51,2.0,0.03
ATOM,6501.0,O,GLY,416.0,52.026,23.614,25.393,-0.51,1.7,2.49
ATOM,6502.0,H,GLY,416.0,49.384,26.266,26.653,0.31,0.2245,0.0
ATOM,6503.0,HA2,GLY,416.0,50.624,25.811,24.049,0.09,1.32,0.0
ATOM,6504.0,HA3,GLY,416.0,51.447,26.036,25.44,0.09,1.32,0.0
ATOM,6505.0,N,VAL,417.0,49.875,23.268,24.865,-0.47,1.85,0.0
ATOM,6506.0,CA,VAL,417.0,49.962,21.819,24.968,0.07,2.275,0.0
ATOM,6507.0,C,VAL,417.0,50.338,21.083,23.688,0.51,2.0,0.18
ATOM,6508.0,O,VAL,417.0,50.013,21.506,22.579,-0.51,1.7,4.61
ATOM,6509.0,CB,VAL,417.0,48.625,21.223,25.492,-0.09,2.275,0.0
ATOM,6510.0,CG1,VAL,417.0,48.312,21.768,26.87,-0.27,2.06,0.0
ATOM,6511.0,CG2,VAL,417.0,47.497,21.557,24.549,-0.27,2.06,0.0
ATOM,6512.0,H,VAL,417.0,49.006,23.772,24.592,0.31,0.2245,0.0
ATOM,6513.0,HA,VAL,417.0,50.675,21.597,25.673,0.09,1.32,0.06
ATOM,6514.0,HB,VAL,417.0,48.755,20.242,25.582,0.09,1.32,0.0
ATOM,6515.0,HG11,VAL,417.0,49.047,21.525,27.504,0.09,1.32,0.0
ATOM,6516.0,HG12,VAL,417.0,48.229,22.765,26.828,0.09,1.32,0.0
ATOM,6517.0,HG13,VAL,417.0,47.45,21.379,27.199,0.09,1.32,0.0
ATOM,6518.0,HG21,VAL,417.0,47.666,22.449,24.124,0.09,1.32,0.0
ATOM,6519.0,HG22,VAL,417.0,47.436,20.856,23.835,0.09,1.32,0.0
ATOM,6520.0,HG23,VAL,417.0,46.633,21.59,25.055,0.09,1.32,0.0
ATOM,6521.0,N,THR,418.0,51.051,19.98,23.867,-0.47,1.85,0.0
ATOM,6522.0,CA,THR,418.0,51.458,19.132,22.763,0.07,2.275,0.57
ATOM,6523.0,C,THR,418.0,50.512,17.955,22.83,0.51,2.0,0.0
ATOM,6524.0,O,THR,418.0,50.46,17.249,23.832,-0.51,1.7,0.0
ATOM,6525.0,CB,THR,418.0,52.9,18.616,22.938,0.14,2.275,4.37
ATOM,6526.0,OG1,THR,418.0,53.819,19.704,22.786,-0.66,1.77,25.99
ATOM,6527.0,CG2,THR,418.0,53.212,17.543,21.905,-0.27,2.06,27.89
ATOM,6528.0,H,THR,418.0,51.291,19.778,24.864,0.31,0.2245,1.8
ATOM,6529.0,HA,THR,418.0,51.307,19.612,21.918,0.09,1.32,1.78
ATOM,6530.0,HB,THR,418.0,53.002,18.242,23.881,0.09,1.32,1.52
ATOM,6531.0,HG21,THR,418.0,54.197,17.357,21.895,0.09,1.32,11.48
ATOM,6532.0,HG22,THR,418.0,52.721,16.699,22.133,0.09,1.32,0.0
ATOM,6533.0,HG23,THR,418.0,52.927,17.854,20.995,0.09,1.32,6.56
ATOM,6534.0,HG1,THR,418.0,53.643,20.41,23.48,0.43,0.2245,9.85
ATOM,6535.0,N,PRO,419.0,49.713,17.747,21.78,-0.29,1.85,0.0
ATOM,6536.0,CA,PRO,419.0,48.779,16.617,21.803,0.02,2.275,0.0
ATOM,6537.0,C,PRO,419.0,49.473,15.263,21.604,0.51,2.0,0.11
ATOM,6538.0,O,PRO,419.0,50.301,15.099,20.708,-0.51,1.7,16.29
ATOM,6539.0,CB,PRO,419.0,47.801,16.961,20.681,-0.18,2.175,0.0
ATOM,6540.0,CG,PRO,419.0,48.643,17.743,19.719,-0.18,2.175,1.53
ATOM,6541.0,CD,PRO,419.0,49.471,18.622,20.621,0.0,2.175,0.65
ATOM,6542.0,HA,PRO,419.0,48.242,16.615,22.664,0.09,1.32,0.0
ATOM,6543.0,HB2,PRO,419.0,47.447,16.133,20.252,0.09,1.32,0.13
ATOM,6544.0,HB3,PRO,419.0,47.046,17.514,21.024,0.09,1.32,0.0
ATOM,6545.0,HG2,PRO,419.0,49.222,17.134,19.184,0.09,1.32,2.2
ATOM,6546.0,HG3,PRO,419.0,48.07,18.289,19.116,0.09,1.32,0.0
ATOM,6547.0,HD2,PRO,419.0,50.331,18.88,20.189,0.09,1.32,4.04
ATOM,6548.0,HD3,PRO,419.0,48.969,19.439,20.895,0.09,1.32,0.0
ATOM,6549.0,N,VAL,420.0,49.154,14.304,22.467,-0.47,1.85,0.0
ATOM,6550.0,CA,VAL,420.0,49.738,12.972,22.356,0.07,2.275,0.56
ATOM,6551.0,C,VAL,420.0,48.646,11.908,22.435,0.51,2.0,0.0
ATOM,6552.0,O,VAL,420.0,47.751,11.968,23.281,-0.51,1.7,0.0
ATOM,6553.0,CB,VAL,420.0,50.814,12.717,23.451,-0.09,2.275,1.3
ATOM,6554.0,CG1,VAL,420.0,50.222,12.901,24.837,-0.27,2.06,0.0
ATOM,6555.0,CG2,VAL,420.0,51.378,11.323,23.304,-0.27,2.06,0.43
ATOM,6556.0,H,VAL,420.0,48.478,14.577,23.199,0.31,0.2245,0.0
ATOM,6557.0,HA,VAL,420.0,50.179,12.896,21.457,0.09,1.32,2.87
ATOM,6558.0,HB,VAL,420.0,51.521,13.407,23.336,0.09,1.32,1.6
ATOM,6559.0,HG11,VAL,420.0,50.951,12.86,25.522,0.09,1.32,0.0
ATOM,6560.0,HG12,VAL,420.0,49.766,13.79,24.892,0.09,1.32,0.0
ATOM,6561.0,HG13,VAL,420.0,49.557,12.176,25.017,0.09,1.32,0.0
ATOM,6562.0,HG21,VAL,420.0,51.84,11.057,24.152,0.09,1.32,0.0
ATOM,6563.0,HG22,VAL,420.0,50.635,10.679,23.115,0.09,1.32,0.0
ATOM,6564.0,HG23,VAL,420.0,52.034,11.305,22.548,0.09,1.32,7.98
ATOM,6565.0,N,MET,421.0,48.727,10.943,21.526,-0.47,1.85,1.49
ATOM,6566.0,CA,MET,421.0,47.768,9.853,21.454,0.07,2.275,0.0
ATOM,6567.0,C,MET,421.0,48.026,8.848,22.573,0.51,2.0,0.0
ATOM,6568.0,O,MET,421.0,49.154,8.413,22.776,-0.51,1.7,0.0
ATOM,6569.0,CB,MET,421.0,47.89,9.153,20.099,-0.18,2.175,10.0
ATOM,6570.0,CG,MET,421.0,46.742,8.214,19.775,-0.14,2.175,2.28
ATOM,6571.0,SD,MET,421.0,45.178,9.11,19.613,-0.09,2.0,0.0
ATOM,6572.0,CE,MET,421.0,45.398,9.894,18.021,-0.22,2.06,24.79
ATOM,6573.0,H,MET,421.0,49.537,11.036,20.871,0.31,0.2245,7.05
ATOM,6574.0,HA,MET,421.0,46.847,10.231,21.585,0.09,1.32,0.0
ATOM,6575.0,HB2,MET,421.0,47.944,9.854,19.374,0.09,1.32,4.11
ATOM,6576.0,HB3,MET,421.0,48.75,8.623,20.082,0.09,1.32,1.67
ATOM,6577.0,HG2,MET,421.0,46.959,7.714,18.913,0.09,1.32,8.73
ATOM,6578.0,HG3,MET,421.0,46.676,7.508,20.508,0.09,1.32,0.01
ATOM,6579.0,HE1,MET,421.0,46.351,10.184,17.917,0.09,1.32,4.0
ATOM,6580.0,HE2,MET,421.0,45.168,9.247,17.292,0.09,1.32,11.44
ATOM,6581.0,HE3,MET,421.0,44.8,10.695,17.954,0.09,1.32,0.49
ATOM,6582.0,N,GLN,422.0,46.974,8.491,23.295,-0.47,1.85,0.0
ATOM,6583.0,CA,GLN,422.0,47.078,7.53,24.384,0.07,2.275,0.0
ATOM,6584.0,C,GLN,422.0,45.896,6.572,24.291,0.51,2.0,0.0
ATOM,6585.0,O,GLN,422.0,44.844,6.918,23.752,-0.51,1.7,0.0
ATOM,6586.0,CB,GLN,422.0,47.056,8.241,25.74,-0.18,2.175,0.0
ATOM,6587.0,CG,GLN,422.0,48.095,9.336,25.904,-0.18,2.175,0.0
ATOM,6588.0,CD,GLN,422.0,49.516,8.795,25.996,0.55,2.0,0.0
ATOM,6589.0,OE1,GLN,422.0,49.727,7.581,26.021,-0.55,1.7,0.0
ATOM,6590.0,NE2,GLN,422.0,50.496,9.691,26.043,-0.62,1.85,0.0
ATOM,6591.0,H,GLN,422.0,46.08,8.95,23.021,0.31,0.2245,0.0
ATOM,6592.0,HA,GLN,422.0,47.912,7.0,24.254,0.09,1.32,0.0
ATOM,6593.0,HB2,GLN,422.0,46.147,8.65,25.872,0.09,1.32,0.0
ATOM,6594.0,HB3,GLN,422.0,47.206,7.557,26.463,0.09,1.32,0.0
ATOM,6595.0,HG2,GLN,422.0,48.043,9.952,25.118,0.09,1.32,0.0
ATOM,6596.0,HG3,GLN,422.0,47.897,9.847,26.741,0.09,1.32,0.0
ATOM,6597.0,HE21,GLN,422.0,51.463,9.402,26.118,0.32,0.2245,0.0
ATOM,6598.0,HE22,GLN,422.0,50.255,10.682,26.0,0.3,0.2245,0.0
ATOM,6599.0,N,THR,423.0,46.072,5.366,24.812,-0.47,1.85,0.0
ATOM,6600.0,CA,THR,423.0,45.009,4.376,24.793,0.07,2.275,0.0
ATOM,6601.0,C,THR,423.0,44.413,4.29,26.179,0.51,2.0,0.0
ATOM,6602.0,O,THR,423.0,45.118,4.015,27.149,-0.51,1.7,0.0
ATOM,6603.0,CB,THR,423.0,45.537,2.977,24.408,0.14,2.275,1.25
ATOM,6604.0,OG1,THR,423.0,46.14,3.031,23.111,-0.66,1.77,11.84
ATOM,6605.0,CG2,THR,423.0,44.399,1.963,24.388,-0.27,2.06,3.52
ATOM,6606.0,H,THR,423.0,47.009,5.197,25.222,0.31,0.2245,0.0
ATOM,6607.0,HA,THR,423.0,44.3,4.68,24.158,0.09,1.32,0.0
ATOM,6608.0,HB,THR,423.0,46.251,2.701,25.082,0.09,1.32,0.0
ATOM,6609.0,HG21,THR,423.0,44.768,1.043,24.24,0.09,1.32,7.51
ATOM,6610.0,HG22,THR,423.0,43.91,1.985,25.262,0.09,1.32,0.0
ATOM,6611.0,HG23,THR,423.0,43.761,2.185,23.648,0.09,1.32,0.3
ATOM,6612.0,HG1,THR,423.0,46.595,3.917,22.973,0.43,0.2245,0.3
ATOM,6613.0,N,ILE,424.0,43.117,4.547,26.276,-0.47,1.85,0.0
ATOM,6614.0,CA,ILE,424.0,42.43,4.463,27.549,0.07,2.275,0.0
ATOM,6615.0,C,ILE,424.0,41.7,3.133,27.547,0.51,2.0,0.0
ATOM,6616.0,O,ILE,424.0,41.063,2.781,26.565,-0.51,1.7,0.0
ATOM,6617.0,CB,ILE,424.0,41.405,5.591,27.717,-0.09,2.275,0.0
ATOM,6618.0,CG1,ILE,424.0,42.111,6.946,27.627,-0.18,2.175,0.03
ATOM,6619.0,CG2,ILE,424.0,40.682,5.439,29.039,-0.27,2.06,0.0
ATOM,6620.0,CD1,ILE,424.0,43.26,7.11,28.601,-0.27,2.06,2.04
ATOM,6621.0,H,ILE,424.0,42.653,4.806,25.385,0.31,0.2245,0.0
ATOM,6622.0,HA,ILE,424.0,43.131,4.401,28.245,0.09,1.32,0.0
ATOM,6623.0,HB,ILE,424.0,40.756,5.533,26.969,0.09,1.32,0.0
ATOM,6624.0,HG12,ILE,424.0,42.456,7.061,26.696,0.09,1.32,0.0
ATOM,6625.0,HG13,ILE,424.0,41.436,7.662,27.805,0.09,1.32,0.0
ATOM,6626.0,HG21,ILE,424.0,39.997,6.161,29.134,0.09,1.32,0.0
ATOM,6627.0,HG22,ILE,424.0,40.229,4.548,29.075,0.09,1.32,0.0
ATOM,6628.0,HG23,ILE,424.0,41.337,5.506,29.791,0.09,1.32,0.0
ATOM,6629.0,HD11,ILE,424.0,43.946,6.407,28.423,0.09,1.32,0.0
ATOM,6630.0,HD12,ILE,424.0,43.667,8.014,28.482,0.09,1.32,0.0
ATOM,6631.0,HD13,ILE,424.0,42.918,7.017,29.534,0.09,1.32,0.0
ATOM,6632.0,N,VAL,425.0,41.807,2.389,28.638,-0.47,1.85,0.0
ATOM,6633.0,CA,VAL,425.0,41.144,1.095,28.731,0.07,2.275,0.0
ATOM,6634.0,C,VAL,425.0,40.388,1.014,30.036,0.51,2.0,0.0
ATOM,6635.0,O,VAL,425.0,40.962,1.236,31.1,-0.51,1.7,0.0
ATOM,6636.0,CB,VAL,425.0,42.148,-0.081,28.697,-0.09,2.275,0.0
ATOM,6637.0,CG1,VAL,425.0,41.398,-1.398,28.769,-0.27,2.06,1.33
ATOM,6638.0,CG2,VAL,425.0,43.0,-0.015,27.441,-0.27,2.06,0.93
ATOM,6639.0,H,VAL,425.0,42.384,2.794,29.395,0.31,0.2245,0.0
ATOM,6640.0,HA,VAL,425.0,40.484,1.028,27.98,0.09,1.32,0.0
ATOM,6641.0,HB,VAL,425.0,42.71,-0.017,29.512,0.09,1.32,0.0
ATOM,6642.0,HG11,VAL,425.0,40.416,-1.222,28.851,0.09,1.32,0.0
ATOM,6643.0,HG12,VAL,425.0,41.57,-1.929,27.938,0.09,1.32,0.0
ATOM,6644.0,HG13,VAL,425.0,41.709,-1.919,29.565,0.09,1.32,0.0
ATOM,6645.0,HG21,VAL,425.0,43.537,-0.855,27.36,0.09,1.32,3.13
ATOM,6646.0,HG22,VAL,425.0,42.406,0.081,26.642,0.09,1.32,0.0
ATOM,6647.0,HG23,VAL,425.0,43.615,0.772,27.498,0.09,1.32,0.0
ATOM,6648.0,N,VAL,426.0,39.103,0.707,29.954,-0.47,1.85,0.0
ATOM,6649.0,CA,VAL,426.0,38.284,0.585,31.14,0.07,2.275,0.0
ATOM,6650.0,C,VAL,426.0,37.727,-0.83,31.184,0.51,2.0,0.0
ATOM,6651.0,O,VAL,426.0,37.087,-1.284,30.235,-0.51,1.7,0.0
ATOM,6652.0,CB,VAL,426.0,37.123,1.603,31.136,-0.09,2.275,0.0
ATOM,6653.0,CG1,VAL,426.0,36.278,1.427,32.388,-0.27,2.06,0.0
ATOM,6654.0,CG2,VAL,426.0,37.678,3.021,31.078,-0.27,2.06,0.0
ATOM,6655.0,H,VAL,426.0,38.747,0.566,28.989,0.31,0.2245,0.0
ATOM,6656.0,HA,VAL,426.0,38.863,0.712,31.942,0.09,1.32,0.0
ATOM,6657.0,HB,VAL,426.0,36.542,1.393,30.359,0.09,1.32,0.0
ATOM,6658.0,HG11,VAL,426.0,35.326,1.655,32.184,0.09,1.32,0.0
ATOM,6659.0,HG12,VAL,426.0,36.333,0.478,32.698,0.09,1.32,0.0
ATOM,6660.0,HG13,VAL,426.0,36.617,2.032,33.108,0.09,1.32,0.0
ATOM,6661.0,HG21,VAL,426.0,38.218,3.129,30.244,0.09,1.32,0.0
ATOM,6662.0,HG22,VAL,426.0,36.919,3.672,31.075,0.09,1.32,0.0
ATOM,6663.0,HG23,VAL,426.0,38.256,3.181,31.877,0.09,1.32,0.0
ATOM,6664.0,N,LYS,427.0,37.984,-1.525,32.286,-0.47,1.85,0.0
ATOM,6665.0,CA,LYS,427.0,37.522,-2.895,32.437,0.07,2.275,0.0
ATOM,6666.0,C,LYS,427.0,36.37,-3.032,33.422,0.51,2.0,0.0
ATOM,6667.0,O,LYS,427.0,36.077,-2.118,34.198,-0.51,1.7,0.0
ATOM,6668.0,CB,LYS,427.0,38.682,-3.794,32.882,-0.18,2.175,0.11
ATOM,6669.0,CG,LYS,427.0,39.869,-3.789,31.932,-0.18,2.175,0.0
ATOM,6670.0,CD,LYS,427.0,40.892,-4.828,32.324,-0.18,2.175,13.34
ATOM,6671.0,CE,LYS,427.0,40.874,-6.018,31.376,0.21,2.175,18.27
ATOM,6672.0,NZ,LYS,427.0,41.428,-5.681,30.033,-0.3,1.85,2.14
ATOM,6673.0,H,LYS,427.0,38.528,-1.017,33.007,0.31,0.2245,0.0
ATOM,6674.0,HA,LYS,427.0,37.214,-3.238,31.53,0.09,1.32,0.0
ATOM,6675.0,HB2,LYS,427.0,38.993,-3.479,33.776,0.09,1.32,0.55
ATOM,6676.0,HB3,LYS,427.0,38.339,-4.729,32.954,0.09,1.32,0.95
ATOM,6677.0,HG2,LYS,427.0,39.543,-3.983,31.005,0.09,1.32,0.0
ATOM,6678.0,HG3,LYS,427.0,40.296,-2.884,31.951,0.09,1.32,0.0
ATOM,6679.0,HD2,LYS,427.0,41.8,-4.419,32.298,0.09,1.32,0.58
ATOM,6680.0,HD3,LYS,427.0,40.691,-5.156,33.243,0.09,1.32,6.41
ATOM,6681.0,HE2,LYS,427.0,41.417,-6.762,31.778,0.05,1.32,11.79
ATOM,6682.0,HE3,LYS,427.0,39.926,-6.335,31.27,0.05,1.32,3.92
ATOM,6683.0,HZ1,LYS,427.0,40.823,-6.045,29.326,0.33,0.2245,0.0
ATOM,6684.0,HZ2,LYS,427.0,41.492,-4.688,29.942,0.33,0.2245,0.23
ATOM,6685.0,HZ3,LYS,427.0,42.336,-6.086,29.939,0.33,0.2245,19.59
ATOM,6686.0,N,ASN,428.0,35.719,-4.19,33.364,-0.47,1.85,0.0
ATOM,6687.0,CA,ASN,428.0,34.598,-4.527,34.234,0.07,2.275,3.64
ATOM,6688.0,C,ASN,428.0,33.438,-3.542,34.194,0.51,2.0,0.98
ATOM,6689.0,O,ASN,428.0,32.834,-3.264,35.223,-0.51,1.7,7.8
ATOM,6690.0,CB,ASN,428.0,35.084,-4.67,35.682,-0.18,2.175,8.46
ATOM,6691.0,CG,ASN,428.0,36.275,-5.605,35.807,0.55,2.0,1.95
ATOM,6692.0,H,ASN,428.0,36.085,-4.848,32.631,0.31,0.2245,2.58
ATOM,6693.0,HA,ASN,428.0,34.234,-5.426,33.915,0.09,1.32,8.06
ATOM,6694.0,HB2,ASN,428.0,35.35,-3.77,36.014,0.09,1.32,0.0
ATOM,6695.0,HB3,ASN,428.0,34.336,-5.033,36.229,0.09,1.32,9.71
ATOM,6696.0,OD1,ASN,428.0,36.244,-6.725,35.303,-0.55,1.7,34.56
ATOM,6697.0,ND2,ASN,428.0,37.33,-5.147,36.485,-0.62,1.85,10.98
ATOM,6698.0,HD22,ASN,428.0,37.296,-4.228,36.882,0.3,0.2245,0.0
ATOM,6699.0,HD21,ASN,428.0,38.14,-5.714,36.594,0.32,0.2245,18.53
ATOM,6700.0,N,VAL,429.0,33.123,-3.017,33.011,-0.47,1.85,0.43
ATOM,6701.0,CA,VAL,429.0,32.016,-2.07,32.868,0.07,2.275,0.0
ATOM,6702.0,C,VAL,429.0,30.698,-2.83,32.73,0.51,2.0,0.31
ATOM,6703.0,O,VAL,429.0,30.534,-3.648,31.832,-0.51,1.7,14.89
ATOM,6704.0,CB,VAL,429.0,32.201,-1.167,31.616,-0.09,2.275,0.0
ATOM,6705.0,CG1,VAL,429.0,31.096,-0.116,31.56,-0.27,2.06,0.0
ATOM,6706.0,CG2,VAL,429.0,33.563,-0.499,31.652,-0.27,2.06,0.0
ATOM,6707.0,H,VAL,429.0,33.715,-3.329,32.221,0.31,0.2245,1.92
ATOM,6708.0,HA,VAL,429.0,31.968,-1.517,33.702,0.09,1.32,0.0
ATOM,6709.0,HB,VAL,429.0,32.097,-1.744,30.816,0.09,1.32,0.2
ATOM,6710.0,HG11,VAL,429.0,30.213,-0.569,31.445,0.09,1.32,0.0
ATOM,6711.0,HG12,VAL,429.0,31.094,0.409,32.41,0.09,1.32,0.0
ATOM,6712.0,HG13,VAL,429.0,31.26,0.497,30.788,0.09,1.32,0.0
ATOM,6713.0,HG21,VAL,429.0,34.049,-0.69,30.799,0.09,1.32,0.0
ATOM,6714.0,HG22,VAL,429.0,33.446,0.489,31.756,0.09,1.32,0.0
ATOM,6715.0,HG23,VAL,429.0,34.089,-0.857,32.424,0.09,1.32,0.0
ATOM,6716.0,N,PRO,430.0,29.731,-2.561,33.617,-0.29,1.85,0.0
ATOM,6717.0,CA,PRO,430.0,28.434,-3.24,33.571,0.02,2.275,4.62
ATOM,6718.0,C,PRO,430.0,27.501,-2.696,32.492,0.51,2.0,0.53
ATOM,6719.0,O,PRO,430.0,26.421,-2.188,32.796,-0.51,1.7,11.71
ATOM,6720.0,CB,PRO,430.0,27.889,-3.007,34.973,-0.18,2.175,21.55
ATOM,6721.0,CG,PRO,430.0,28.37,-1.609,35.258,-0.18,2.175,9.28
ATOM,6722.0,CD,PRO,430.0,29.804,-1.643,34.771,0.0,2.175,0.36
ATOM,6723.0,HA,PRO,430.0,28.562,-4.243,33.457,0.09,1.32,10.4
ATOM,6724.0,HB2,PRO,430.0,26.898,-3.046,34.984,0.09,1.32,7.49
ATOM,6725.0,HB3,PRO,430.0,28.275,-3.65,35.62,0.09,1.32,11.15
ATOM,6726.0,HG2,PRO,430.0,27.838,-0.946,34.747,0.09,1.32,0.34
ATOM,6727.0,HG3,PRO,430.0,28.33,-1.418,36.231,0.09,1.32,6.61
ATOM,6728.0,HD2,PRO,430.0,30.11,-0.74,34.483,0.09,1.32,0.0
ATOM,6729.0,HD3,PRO,430.0,30.416,-2.005,35.47,0.09,1.32,1.36
ATOM,6730.0,N,THR,431.0,27.914,-2.804,31.234,-0.47,1.85,0.26
ATOM,6731.0,CA,THR,431.0,27.089,-2.312,30.136,0.07,2.275,0.0
ATOM,6732.0,C,THR,431.0,26.012,-3.311,29.746,0.51,2.0,0.03
ATOM,6733.0,O,THR,431.0,26.192,-4.521,29.877,-0.51,1.7,26.51
ATOM,6734.0,CB,THR,431.0,27.933,-2.008,28.871,0.14,2.275,1.35
ATOM,6735.0,OG1,THR,431.0,28.77,-3.131,28.566,-0.66,1.77,11.34
ATOM,6736.0,CG2,THR,431.0,28.79,-0.768,29.076,-0.27,2.06,0.0
ATOM,6737.0,H,THR,431.0,28.835,-3.25,31.107,0.31,0.2245,0.25
ATOM,6738.0,HA,THR,431.0,26.638,-1.458,30.434,0.09,1.32,0.0
ATOM,6739.0,HB,THR,431.0,27.299,-1.858,28.087,0.09,1.32,0.83
ATOM,6740.0,HG21,THR,431.0,29.735,-1.037,29.276,0.09,1.32,0.0
ATOM,6741.0,HG22,THR,431.0,28.778,-0.205,28.246,0.09,1.32,0.0
ATOM,6742.0,HG23,THR,431.0,28.432,-0.23,29.843,0.09,1.32,0.0
ATOM,6743.0,HG1,THR,431.0,29.312,-3.392,29.372,0.43,0.2245,3.62
ATOM,6744.0,N,THR,432.0,24.884,-2.796,29.27,-0.47,1.85,0.0
ATOM,6745.0,CA,THR,432.0,23.791,-3.65,28.826,0.07,2.275,1.45
ATOM,6746.0,C,THR,432.0,23.551,-3.332,27.355,0.51,2.0,1.64
ATOM,6747.0,O,THR,432.0,24.016,-2.305,26.852,-0.51,1.7,2.5
ATOM,6748.0,CB,THR,432.0,22.49,-3.394,29.634,0.14,2.275,6.82
ATOM,6749.0,OG1,THR,432.0,21.612,-4.519,29.489,-0.66,1.77,26.52
ATOM,6750.0,CG2,THR,432.0,21.772,-2.15,29.13,-0.27,2.06,12.0
ATOM,6751.0,H,THR,432.0,24.852,-1.761,29.243,0.31,0.2245,0.0
ATOM,6752.0,HA,THR,432.0,24.073,-4.598,28.901,0.09,1.32,5.15
ATOM,6753.0,HB,THR,432.0,22.733,-3.302,30.618,0.09,1.32,7.24
ATOM,6754.0,HG21,THR,432.0,22.426,-1.396,29.034,0.09,1.32,0.0
ATOM,6755.0,HG22,THR,432.0,21.353,-2.337,28.239,0.09,1.32,0.0
ATOM,6756.0,HG23,THR,432.0,21.057,-1.884,29.78,0.09,1.32,6.12
ATOM,6757.0,HG1,THR,432.0,21.614,-4.843,28.537,0.43,0.2245,2.19
ATOM,6758.0,N,ILE,433.0,22.833,-4.213,26.667,-0.47,1.85,3.95
ATOM,6759.0,CA,ILE,433.0,22.546,-4.014,25.25,0.07,2.275,2.84
ATOM,6760.0,C,ILE,433.0,22.07,-2.588,24.958,0.51,2.0,0.0
ATOM,6761.0,O,ILE,433.0,21.069,-2.124,25.512,-0.51,1.7,5.58
ATOM,6762.0,CB,ILE,433.0,21.479,-5.021,24.755,-0.09,2.275,2.36
ATOM,6763.0,CG1,ILE,433.0,21.202,-4.8,23.268,-0.18,2.175,13.72
ATOM,6764.0,CG2,ILE,433.0,20.196,-4.871,25.567,-0.27,2.06,32.2
ATOM,6765.0,CD1,ILE,433.0,22.421,-4.979,22.391,-0.27,2.06,38.65
ATOM,6766.0,H,ILE,433.0,22.504,-5.031,27.21,0.31,0.2245,4.79
ATOM,6767.0,HA,ILE,433.0,23.421,-4.127,24.764,0.09,1.32,4.53
ATOM,6768.0,HB,ILE,433.0,21.848,-5.934,24.87,0.09,1.32,9.76
ATOM,6769.0,HG12,ILE,433.0,20.496,-5.444,22.979,0.09,1.32,10.21
ATOM,6770.0,HG13,ILE,433.0,20.855,-3.87,23.149,0.09,1.32,3.87
ATOM,6771.0,HG21,ILE,433.0,19.527,-5.544,25.258,0.09,1.32,10.5
ATOM,6772.0,HG22,ILE,433.0,20.396,-5.018,26.534,0.09,1.32,0.36
ATOM,6773.0,HG23,ILE,433.0,19.828,-3.952,25.439,0.09,1.32,3.4
ATOM,6774.0,HD11,ILE,433.0,22.77,-5.909,22.495,0.09,1.32,10.6
ATOM,6775.0,HD12,ILE,433.0,22.169,-4.821,21.437,0.09,1.32,11.37
ATOM,6776.0,HD13,ILE,433.0,23.125,-4.325,22.664,0.09,1.32,1.41
ATOM,6777.0,N,GLY,434.0,22.804,-1.894,24.095,-0.47,1.85,0.01
ATOM,6778.0,CA,GLY,434.0,22.438,-0.536,23.739,-0.02,2.175,9.91
ATOM,6779.0,C,GLY,434.0,23.249,0.573,24.394,0.51,2.0,0.34
ATOM,6780.0,O,GLY,434.0,23.219,1.711,23.929,-0.51,1.7,7.18
ATOM,6781.0,H,GLY,434.0,23.626,-2.391,23.717,0.31,0.2245,8.29
ATOM,6782.0,HA2,GLY,434.0,22.5,-0.429,22.716,0.09,1.32,13.03
ATOM,6783.0,HA3,GLY,434.0,21.442,-0.389,23.958,0.09,1.32,0.0
ATOM,6784.0,N,ASP,435.0,23.966,0.252,25.469,-0.47,1.85,0.0
ATOM,6785.0,CA,ASP,435.0,24.768,1.256,26.163,0.07,2.275,0.0
ATOM,6786.0,C,ASP,435.0,26.09,1.554,25.468,0.51,2.0,0.0
ATOM,6787.0,O,ASP,435.0,26.645,0.712,24.754,-0.51,1.7,9.34
ATOM,6788.0,CB,ASP,435.0,25.088,0.813,27.593,-0.28,2.175,0.0
ATOM,6789.0,CG,ASP,435.0,23.858,0.663,28.455,0.62,2.0,0.0
ATOM,6790.0,OD1,ASP,435.0,22.911,1.469,28.319,-0.76,1.7,1.68
ATOM,6791.0,OD2,ASP,435.0,23.855,-0.258,29.296,-0.76,1.7,0.0
ATOM,6792.0,H,ASP,435.0,23.906,-0.737,25.759,0.31,0.2245,0.0
ATOM,6793.0,HA,ASP,435.0,24.231,2.118,26.162,0.09,1.32,0.0
ATOM,6794.0,HB2,ASP,435.0,25.556,-0.064,27.543,0.09,1.32,0.0
ATOM,6795.0,HB3,ASP,435.0,25.685,1.498,27.998,0.09,1.32,0.0
ATOM,6796.0,N,THR,436.0,26.591,2.762,25.696,-0.47,1.85,0.0
ATOM,6797.0,CA,THR,436.0,27.864,3.187,25.134,0.07,2.275,0.0
ATOM,6798.0,C,THR,436.0,28.683,3.813,26.254,0.51,2.0,0.0
ATOM,6799.0,O,THR,436.0,28.139,4.502,27.117,-0.51,1.7,0.0
ATOM,6800.0,CB,THR,436.0,27.678,4.228,24.015,0.14,2.275,3.01
ATOM,6801.0,OG1,THR,436.0,26.937,3.639,22.941,-0.66,1.77,25.31
ATOM,6802.0,CG2,THR,436.0,29.031,4.684,23.482,-0.27,2.06,3.42
ATOM,6803.0,H,THR,436.0,26.002,3.369,26.303,0.31,0.2245,0.0
ATOM,6804.0,HA,THR,436.0,28.35,2.386,24.798,0.09,1.32,0.0
ATOM,6805.0,HB,THR,436.0,27.14,5.012,24.382,0.09,1.32,0.51
ATOM,6806.0,HG21,THR,436.0,29.611,4.984,24.242,0.09,1.32,0.0
ATOM,6807.0,HG22,THR,436.0,29.48,3.926,23.004,0.09,1.32,2.74
ATOM,6808.0,HG23,THR,436.0,28.904,5.446,22.844,0.09,1.32,0.07
ATOM,6809.0,HG1,THR,436.0,26.217,3.036,23.301,0.43,0.2245,3.11
ATOM,6810.0,N,VAL,437.0,29.987,3.562,26.248,-0.47,1.85,0.0
ATOM,6811.0,CA,VAL,437.0,30.858,4.12,27.273,0.07,2.275,0.0
ATOM,6812.0,C,VAL,437.0,31.634,5.322,26.74,0.51,2.0,0.0
ATOM,6813.0,O,VAL,437.0,32.12,5.317,25.604,-0.51,1.7,0.0
ATOM,6814.0,CB,VAL,437.0,31.853,3.068,27.798,-0.09,2.275,0.0
ATOM,6815.0,CG1,VAL,437.0,32.673,3.65,28.94,-0.27,2.06,0.0
ATOM,6816.0,CG2,VAL,437.0,31.099,1.834,28.259,-0.27,2.06,0.0
ATOM,6817.0,H,VAL,437.0,30.316,2.957,25.479,0.31,0.2245,0.0
ATOM,6818.0,HA,VAL,437.0,30.283,4.438,28.037,0.09,1.32,0.0
ATOM,6819.0,HB,VAL,437.0,32.486,2.857,27.062,0.09,1.32,0.0
ATOM,6820.0,HG11,VAL,437.0,32.565,4.644,28.956,0.09,1.32,0.0
ATOM,6821.0,HG12,VAL,437.0,32.356,3.267,29.808,0.09,1.32,0.0
ATOM,6822.0,HG13,VAL,437.0,33.638,3.423,28.808,0.09,1.32,0.0
ATOM,6823.0,HG21,VAL,437.0,31.57,1.431,29.044,0.09,1.32,0.0
ATOM,6824.0,HG22,VAL,437.0,30.169,2.092,28.523,0.09,1.32,0.0
ATOM,6825.0,HG23,VAL,437.0,31.062,1.169,27.512,0.09,1.32,0.0
ATOM,6826.0,N,TYR,438.0,31.724,6.35,27.568,-0.47,1.85,0.0
ATOM,6827.0,CA,TYR,438.0,32.439,7.573,27.233,0.07,2.275,0.0
ATOM,6828.0,C,TYR,438.0,33.341,7.936,28.4,0.51,2.0,0.0
ATOM,6829.0,O,TYR,438.0,33.232,7.375,29.488,-0.51,1.7,0.0
ATOM,6830.0,CB,TYR,438.0,31.472,8.751,27.041,-0.18,2.175,0.0
ATOM,6831.0,CG,TYR,438.0,30.561,8.681,25.841,0.0,1.9924,0.0
ATOM,6832.0,CD1,TYR,438.0,29.437,7.852,25.837,-0.115,1.9924,0.0
ATOM,6833.0,CD2,TYR,438.0,30.797,9.48,24.72,-0.115,1.9924,0.0
ATOM,6834.0,CE1,TYR,438.0,28.57,7.827,24.749,-0.115,1.9924,0.0
ATOM,6835.0,CE2,TYR,438.0,29.938,9.46,23.627,-0.115,1.9924,1.32
ATOM,6836.0,CZ,TYR,438.0,28.827,8.633,23.65,0.11,1.9924,0.0
ATOM,6837.0,OH,TYR,438.0,27.975,8.613,22.576,-0.54,1.77,21.3
ATOM,6838.0,H,TYR,438.0,31.237,6.21,28.485,0.31,0.2245,0.0
ATOM,6839.0,HA,TYR,438.0,33.013,7.396,26.436,0.09,1.32,0.0
ATOM,6840.0,HB2,TYR,438.0,30.9,8.818,27.867,0.09,1.32,0.0
ATOM,6841.0,HB3,TYR,438.0,32.022,9.592,26.969,0.09,1.32,0.0
ATOM,6842.0,HD1,TYR,438.0,29.252,7.267,26.626,0.115,1.3582,0.0
ATOM,6843.0,HD2,TYR,438.0,31.597,10.077,24.705,0.115,1.3582,0.0
ATOM,6844.0,HE1,TYR,438.0,27.766,7.232,24.761,0.115,1.3582,0.22
ATOM,6845.0,HE2,TYR,438.0,30.121,10.036,22.833,0.115,1.3582,2.24
ATOM,6846.0,HH,TYR,438.0,28.427,8.168,21.804,0.43,0.2245,6.07
ATOM,6847.0,N,ILE,439.0,34.24,8.879,28.168,-0.47,1.85,0.0
ATOM,6848.0,CA,ILE,439.0,35.09,9.359,29.237,0.07,2.275,0.0
ATOM,6849.0,C,ILE,439.0,35.01,10.869,29.183,0.51,2.0,0.0
ATOM,6850.0,O,ILE,439.0,34.869,11.467,28.116,-0.51,1.7,0.0
ATOM,6851.0,CB,ILE,439.0,36.584,8.939,29.098,-0.09,2.275,0.0
ATOM,6852.0,CG1,ILE,439.0,37.152,9.418,27.769,-0.18,2.175,0.0
ATOM,6853.0,CG2,ILE,439.0,36.73,7.436,29.248,-0.27,2.06,0.0
ATOM,6854.0,CD1,ILE,439.0,38.65,9.254,27.69,-0.27,2.06,0.53
ATOM,6855.0,H,ILE,439.0,34.278,9.226,27.197,0.31,0.2245,0.0
ATOM,6856.0,HA,ILE,439.0,34.662,9.081,30.085,0.09,1.32,0.0
ATOM,6857.0,HB,ILE,439.0,37.086,9.38,29.833,0.09,1.32,0.0
ATOM,6858.0,HG12,ILE,439.0,36.729,8.897,27.036,0.09,1.32,0.0
ATOM,6859.0,HG13,ILE,439.0,36.928,10.382,27.66,0.09,1.32,0.0
ATOM,6860.0,HG21,ILE,439.0,37.697,7.187,29.208,0.09,1.32,0.0
ATOM,6861.0,HG22,ILE,439.0,36.35,7.148,30.126,0.09,1.32,0.0
ATOM,6862.0,HG23,ILE,439.0,36.239,6.976,28.509,0.09,1.32,0.0
ATOM,6863.0,HD11,ILE,439.0,38.886,8.288,27.796,0.09,1.32,0.0
ATOM,6864.0,HD12,ILE,439.0,38.975,9.581,26.803,0.09,1.32,0.0
ATOM,6865.0,HD13,ILE,439.0,39.082,9.784,28.419,0.09,1.32,1.03
ATOM,6866.0,N,THR,440.0,35.058,11.486,30.347,-0.47,1.85,0.0
ATOM,6867.0,CA,THR,440.0,35.032,12.924,30.419,0.07,2.275,0.0
ATOM,6868.0,C,THR,440.0,36.008,13.237,31.536,0.51,2.0,0.0
ATOM,6869.0,O,THR,440.0,36.188,12.423,32.446,-0.51,1.7,0.0
ATOM,6870.0,CB,THR,440.0,33.622,13.448,30.734,0.14,2.275,0.0
ATOM,6871.0,OG1,THR,440.0,33.654,14.877,30.771,-0.66,1.77,0.0
ATOM,6872.0,CG2,THR,440.0,33.121,12.901,32.071,-0.27,2.06,0.0
ATOM,6873.0,H,THR,440.0,35.114,10.864,31.174,0.31,0.2245,0.0
ATOM,6874.0,HA,THR,440.0,35.384,13.298,29.583,0.09,1.32,0.0
ATOM,6875.0,HB,THR,440.0,32.99,13.162,29.988,0.09,1.32,0.0
ATOM,6876.0,HG21,THR,440.0,33.878,12.468,32.562,0.09,1.32,0.0
ATOM,6877.0,HG22,THR,440.0,32.753,13.65,32.624,0.09,1.32,0.0
ATOM,6878.0,HG23,THR,440.0,32.401,12.224,31.909,0.09,1.32,0.0
ATOM,6879.0,HG1,THR,440.0,32.844,15.258,30.312,0.43,0.2245,0.0
ATOM,6880.0,N,GLY,441.0,36.66,14.391,31.454,-0.47,1.85,0.0
ATOM,6881.0,CA,GLY,441.0,37.638,14.753,32.467,-0.02,2.175,0.0
ATOM,6882.0,C,GLY,441.0,37.622,16.21,32.861,0.51,2.0,0.0
ATOM,6883.0,O,GLY,441.0,36.791,16.989,32.386,-0.51,1.7,0.0
ATOM,6884.0,H,GLY,441.0,36.42,14.979,30.644,0.31,0.2245,0.0
ATOM,6885.0,HA2,GLY,441.0,37.483,14.177,33.3,0.09,1.32,0.0
ATOM,6886.0,HA3,GLY,441.0,38.573,14.505,32.13,0.09,1.32,0.0
ATOM,6887.0,N,ASN,442.0,38.571,16.597,33.708,-0.47,1.85,0.0
ATOM,6888.0,CA,ASN,442.0,38.622,17.966,34.198,0.07,2.275,0.03
ATOM,6889.0,C,ASN,442.0,39.125,19.037,33.236,0.51,2.0,0.08
ATOM,6890.0,O,ASN,442.0,38.683,20.181,33.308,-0.51,1.7,17.38
ATOM,6891.0,CB,ASN,442.0,39.421,18.035,35.509,-0.18,2.175,3.6
ATOM,6892.0,CG,ASN,442.0,40.858,17.571,35.361,0.55,2.0,0.0
ATOM,6893.0,OD1,ASN,442.0,41.203,16.96,34.357,-0.55,1.7,0.0
ATOM,6894.0,ND2,ASN,442.0,41.697,17.866,36.344,-0.62,1.85,11.63
ATOM,6895.0,H,ASN,442.0,39.246,15.862,33.977,0.31,0.2245,0.0
ATOM,6896.0,HA,ASN,442.0,37.657,18.228,34.451,0.09,1.32,0.0
ATOM,6897.0,HB2,ASN,442.0,39.422,18.982,35.824,0.09,1.32,8.41
ATOM,6898.0,HB3,ASN,442.0,38.965,17.455,36.182,0.09,1.32,0.0
ATOM,6899.0,HD22,ASN,442.0,41.357,18.372,37.143,0.3,0.2245,10.42
ATOM,6900.0,HD21,ASN,442.0,42.652,17.59,36.296,0.32,0.2245,5.06
ATOM,6901.0,N,ARG,443.0,40.039,18.689,32.342,-0.47,1.85,0.0
ATOM,6902.0,CA,ARG,443.0,40.552,19.676,31.397,0.07,2.275,0.02
ATOM,6903.0,C,ARG,443.0,39.652,19.81,30.172,0.51,2.0,0.0
ATOM,6904.0,O,ARG,443.0,38.876,18.908,29.862,-0.51,1.7,0.0
ATOM,6905.0,CB,ARG,443.0,41.977,19.31,30.971,-0.18,2.175,0.08
ATOM,6906.0,CG,ARG,443.0,43.004,19.543,32.063,-0.18,2.175,7.2
ATOM,6907.0,CD,ARG,443.0,44.393,19.204,31.579,0.2,2.175,0.0
ATOM,6908.0,NE,ARG,443.0,44.784,19.996,30.412,-0.7,1.85,0.0
ATOM,6909.0,CZ,ARG,443.0,45.573,21.065,30.45,0.64,2.0,0.2
ATOM,6910.0,NH1,ARG,443.0,46.07,21.497,31.604,-0.8,1.85,1.07
ATOM,6911.0,NH2,ARG,443.0,45.883,21.697,29.326,-0.8,1.85,0.42
ATOM,6912.0,H,ARG,443.0,40.342,17.707,32.371,0.31,0.2245,0.0
ATOM,6913.0,HA,ARG,443.0,40.601,20.573,31.859,0.09,1.32,4.72
ATOM,6914.0,HB2,ARG,443.0,41.991,18.348,30.731,0.09,1.32,0.0
ATOM,6915.0,HB3,ARG,443.0,42.221,19.871,30.19,0.09,1.32,0.0
ATOM,6916.0,HG2,ARG,443.0,42.989,20.501,32.333,0.09,1.32,4.65
ATOM,6917.0,HG3,ARG,443.0,42.793,18.963,32.845,0.09,1.32,0.0
ATOM,6918.0,HD2,ARG,443.0,45.037,19.379,32.322,0.09,1.32,0.27
ATOM,6919.0,HD3,ARG,443.0,44.414,18.235,31.337,0.09,1.32,0.0
ATOM,6920.0,HE,ARG,443.0,44.427,19.708,29.511,0.44,0.2245,0.0
ATOM,6921.0,HH11,ARG,443.0,45.876,21.016,32.455,0.46,0.2245,6.69
ATOM,6922.0,HH12,ARG,443.0,46.65,22.318,31.619,0.46,0.2245,0.0
ATOM,6923.0,HH21,ARG,443.0,45.536,21.353,28.45,0.46,0.2245,0.0
ATOM,6924.0,HH22,ARG,443.0,46.46,22.511,29.349,0.46,0.2245,0.0
ATOM,6925.0,N,ALA,444.0,39.755,20.944,29.484,-0.47,1.85,1.01
ATOM,6926.0,CA,ALA,444.0,38.944,21.178,28.294,0.07,2.275,0.04
ATOM,6927.0,C,ALA,444.0,39.212,20.082,27.26,0.51,2.0,0.0
ATOM,6928.0,O,ALA,444.0,38.324,19.707,26.488,-0.51,1.7,0.05
ATOM,6929.0,CB,ALA,444.0,39.252,22.555,27.706,-0.27,2.06,3.7
ATOM,6930.0,H,ALA,444.0,40.439,21.623,29.856,0.31,0.2245,4.85
ATOM,6931.0,HA,ALA,444.0,37.975,21.145,28.548,0.09,1.32,0.02
ATOM,6932.0,HB1,ALA,444.0,40.067,22.928,28.146,0.09,1.32,0.73
ATOM,6933.0,HB2,ALA,444.0,39.412,22.467,26.724,0.09,1.32,0.0
ATOM,6934.0,HB3,ALA,444.0,38.477,23.164,27.866,0.09,1.32,0.71
ATOM,6935.0,N,GLU,445.0,40.437,19.565,27.249,-0.47,1.85,0.0
ATOM,6936.0,CA,GLU,445.0,40.797,18.505,26.316,0.07,2.275,0.0
ATOM,6937.0,C,GLU,445.0,39.951,17.257,26.561,0.51,2.0,0.0
ATOM,6938.0,O,GLU,445.0,39.872,16.381,25.705,-0.51,1.7,0.48
ATOM,6939.0,CB,GLU,445.0,42.28,18.145,26.451,-0.18,2.175,0.0
ATOM,6940.0,CG,GLU,445.0,43.23,19.234,26.005,-0.28,2.175,0.0
ATOM,6941.0,CD,GLU,445.0,43.745,20.077,27.15,0.62,2.0,0.0
ATOM,6942.0,OE1,GLU,445.0,42.955,20.41,28.055,-0.76,1.7,1.07
ATOM,6943.0,OE2,GLU,445.0,44.947,20.417,27.133,-0.76,1.7,0.0
ATOM,6944.0,H,GLU,445.0,41.091,19.97,27.94,0.31,0.2245,0.0
ATOM,6945.0,HA,GLU,445.0,40.658,18.822,25.371,0.09,1.32,0.0
ATOM,6946.0,HB2,GLU,445.0,42.455,17.963,27.404,0.09,1.32,0.0
ATOM,6947.0,HB3,GLU,445.0,42.445,17.351,25.891,0.09,1.32,0.0
ATOM,6948.0,HG2,GLU,445.0,44.008,18.81,25.574,0.09,1.32,0.0
ATOM,6949.0,HG3,GLU,445.0,42.75,19.833,25.387,0.09,1.32,0.0
ATOM,6950.0,N,LEU,446.0,39.319,17.183,27.731,-0.47,1.85,0.0
ATOM,6951.0,CA,LEU,446.0,38.488,16.037,28.093,0.07,2.275,0.0
ATOM,6952.0,C,LEU,446.0,37.016,16.408,28.241,0.51,2.0,0.0
ATOM,6953.0,O,LEU,446.0,36.241,15.659,28.828,-0.51,1.7,0.0
ATOM,6954.0,CB,LEU,446.0,38.985,15.416,29.397,-0.18,2.175,0.0
ATOM,6955.0,CG,LEU,446.0,40.387,14.802,29.37,-0.09,2.275,0.0
ATOM,6956.0,CD1,LEU,446.0,40.759,14.303,30.761,-0.27,2.06,0.0
ATOM,6957.0,CD2,LEU,446.0,40.43,13.663,28.358,-0.27,2.06,1.19
ATOM,6958.0,H,LEU,446.0,39.467,18.001,28.356,0.31,0.2245,0.0
ATOM,6959.0,HA,LEU,446.0,38.568,15.34,27.363,0.09,1.32,0.0
ATOM,6960.0,HB2,LEU,446.0,38.988,16.13,30.095,0.09,1.32,0.0
ATOM,6961.0,HB3,LEU,446.0,38.349,14.692,29.654,0.09,1.32,0.0
ATOM,6962.0,HG,LEU,446.0,41.04,15.496,29.081,0.09,1.32,0.0
ATOM,6963.0,HD11,LEU,446.0,40.1,13.61,31.054,0.09,1.32,0.0
ATOM,6964.0,HD12,LEU,446.0,41.675,13.903,30.738,0.09,1.32,0.0
ATOM,6965.0,HD13,LEU,446.0,40.746,15.068,31.404,0.09,1.32,0.0
ATOM,6966.0,HD21,LEU,446.0,40.205,14.016,27.449,0.09,1.32,0.0
ATOM,6967.0,HD22,LEU,446.0,41.347,13.265,28.343,0.09,1.32,0.0
ATOM,6968.0,HD23,LEU,446.0,39.766,12.961,28.617,0.09,1.32,0.0
ATOM,6969.0,N,GLY,447.0,36.634,17.573,27.728,-0.47,1.85,0.0
ATOM,6970.0,CA,GLY,447.0,35.245,17.981,27.808,-0.02,2.175,0.0
ATOM,6971.0,C,GLY,447.0,34.805,18.642,29.101,0.51,2.0,0.14
ATOM,6972.0,O,GLY,447.0,33.618,18.92,29.271,-0.51,1.7,0.02
ATOM,6973.0,H,GLY,447.0,37.38,18.13,27.291,0.31,0.2245,0.0
ATOM,6974.0,HA2,GLY,447.0,35.038,18.619,27.023,0.09,1.32,0.0
ATOM,6975.0,HA3,GLY,447.0,34.645,17.159,27.635,0.09,1.32,0.0
ATOM,6976.0,N,SER,448.0,35.747,18.895,30.008,-0.47,1.85,0.0
ATOM,6977.0,CA,SER,448.0,35.456,19.535,31.287,0.07,2.275,0.0
ATOM,6978.0,C,SER,448.0,34.245,18.983,32.035,0.51,2.0,0.0
ATOM,6979.0,O,SER,448.0,33.348,19.736,32.411,-0.51,1.7,13.73
ATOM,6980.0,CB,SER,448.0,35.274,21.042,31.086,0.05,2.175,18.05
ATOM,6981.0,OG,SER,448.0,36.468,21.631,30.615,-0.66,1.77,11.13
ATOM,6982.0,H,SER,448.0,36.707,18.597,29.725,0.31,0.2245,0.0
ATOM,6983.0,HA,SER,448.0,36.274,19.411,31.891,0.09,1.32,0.0
ATOM,6984.0,HB2,SER,448.0,34.551,21.19,30.42,0.09,1.32,4.33
ATOM,6985.0,HB3,SER,448.0,35.029,21.452,31.958,0.09,1.32,8.32
ATOM,6986.0,HG,SER,448.0,37.135,20.916,30.405,0.43,0.2245,0.0
ATOM,6987.0,N,TRP,449.0,34.234,17.669,32.25,-0.47,1.85,0.0
ATOM,6988.0,CA,TRP,449.0,33.166,16.983,32.984,0.07,2.275,0.0
ATOM,6989.0,C,TRP,449.0,31.79,17.067,32.343,0.51,2.0,0.22
ATOM,6990.0,O,TRP,449.0,30.784,16.8,32.999,-0.51,1.7,15.15
ATOM,6991.0,CB,TRP,449.0,33.086,17.508,34.421,-0.18,2.175,12.33
ATOM,6992.0,CG,TRP,449.0,34.299,17.202,35.247,-0.03,1.9924,0.79
ATOM,6993.0,CD1,TRP,449.0,35.07,18.099,35.929,0.035,1.9924,13.62
ATOM,6994.0,CD2,TRP,449.0,34.879,15.908,35.492,-0.02,1.8,1.64
ATOM,6995.0,NE1,TRP,449.0,36.092,17.449,36.579,-0.61,1.85,6.26
ATOM,6996.0,CE2,TRP,449.0,36.002,16.106,36.328,0.13,1.8,1.85
ATOM,6997.0,CE3,TRP,449.0,34.559,14.603,35.084,-0.115,1.9924,4.79
ATOM,6998.0,CZ2,TRP,449.0,36.807,15.047,36.769,-0.115,1.9924,3.09
ATOM,6999.0,CZ3,TRP,449.0,35.357,13.549,35.523,-0.115,1.9924,1.61
ATOM,7000.0,CH2,TRP,449.0,36.47,13.78,36.358,-0.115,1.9924,0.37
ATOM,7001.0,H,TRP,449.0,35.058,17.162,31.848,0.31,0.2245,0.0
ATOM,7002.0,HA,TRP,449.0,33.422,15.995,33.035,0.09,1.32,0.0
ATOM,7003.0,HB2,TRP,449.0,32.986,18.496,34.397,0.09,1.32,2.94
ATOM,7004.0,HB3,TRP,449.0,32.306,17.089,34.873,0.09,1.32,6.33
ATOM,7005.0,HD1,TRP,449.0,34.916,19.086,35.954,0.115,1.3582,14.37
ATOM,7006.0,HE1,TRP,449.0,36.791,17.887,37.146,0.38,0.2245,11.18
ATOM,7007.0,HE3,TRP,449.0,33.778,14.428,34.493,0.115,1.3582,0.0
ATOM,7008.0,HZ2,TRP,449.0,37.596,15.225,37.361,0.115,1.3582,0.19
ATOM,7009.0,HZ3,TRP,449.0,35.137,12.624,35.242,0.115,1.3582,0.0
ATOM,7010.0,HH2,TRP,449.0,37.017,12.997,36.651,0.115,1.3582,0.0
ATOM,7011.0,N,ASP,450.0,31.748,17.432,31.068,-0.47,1.85,0.0
ATOM,7012.0,CA,ASP,450.0,30.486,17.538,30.337,0.07,2.275,2.1
ATOM,7013.0,C,ASP,450.0,30.108,16.177,29.736,0.51,2.0,0.0
ATOM,7014.0,O,ASP,450.0,30.916,15.552,29.055,-0.51,1.7,0.0
ATOM,7015.0,CB,ASP,450.0,30.629,18.593,29.233,-0.28,2.175,1.13
ATOM,7016.0,CG,ASP,450.0,29.362,18.769,28.418,0.62,2.0,0.0
ATOM,7017.0,OD1,ASP,450.0,29.04,17.884,27.598,-0.76,1.7,0.0
ATOM,7018.0,OD2,ASP,450.0,28.684,19.799,28.596,-0.76,1.7,22.75
ATOM,7019.0,H,ASP,450.0,32.673,17.633,30.639,0.31,0.2245,0.0
ATOM,7020.0,HA,ASP,450.0,29.773,17.77,31.002,0.09,1.32,4.77
ATOM,7021.0,HB2,ASP,450.0,30.855,19.459,29.665,0.09,1.32,6.12
ATOM,7022.0,HB3,ASP,450.0,31.362,18.305,28.628,0.09,1.32,0.0
ATOM,7023.0,N,THR,451.0,28.889,15.712,29.994,-0.47,1.85,0.0
ATOM,7024.0,CA,THR,451.0,28.442,14.424,29.455,0.07,2.275,0.0
ATOM,7025.0,C,THR,451.0,27.404,14.588,28.353,0.51,2.0,0.0
ATOM,7026.0,O,THR,451.0,26.987,13.606,27.745,-0.51,1.7,0.0
ATOM,7027.0,CB,THR,451.0,27.804,13.527,30.54,0.14,2.275,0.0
ATOM,7028.0,OG1,THR,451.0,26.632,14.17,31.057,-0.66,1.77,3.71
ATOM,7029.0,CG2,THR,451.0,28.786,13.264,31.672,-0.27,2.06,1.83
ATOM,7030.0,H,THR,451.0,28.302,16.318,30.589,0.31,0.2245,2.9
ATOM,7031.0,HA,THR,451.0,29.246,13.947,29.068,0.09,1.32,0.0
ATOM,7032.0,HB,THR,451.0,27.523,12.647,30.112,0.09,1.32,0.0
ATOM,7033.0,HG21,THR,451.0,29.549,12.706,31.338,0.09,1.32,0.0
ATOM,7034.0,HG22,THR,451.0,29.144,14.133,32.021,0.09,1.32,0.0
ATOM,7035.0,HG23,THR,451.0,28.324,12.777,32.417,0.09,1.32,0.0
ATOM,7036.0,HG1,THR,451.0,26.756,15.168,31.065,0.43,0.2245,3.77
ATOM,7037.0,N,LYS,452.0,26.995,15.825,28.098,-0.47,1.85,0.0
ATOM,7038.0,CA,LYS,452.0,25.983,16.091,27.078,0.07,2.275,0.72
ATOM,7039.0,C,LYS,452.0,26.546,16.32,25.678,0.51,2.0,0.0
ATOM,7040.0,O,LYS,452.0,26.152,15.64,24.735,-0.51,1.7,19.02
ATOM,7041.0,CB,LYS,452.0,25.129,17.298,27.481,-0.18,2.175,6.01
ATOM,7042.0,CG,LYS,452.0,24.592,17.23,28.908,-0.18,2.175,9.74
ATOM,7043.0,CD,LYS,452.0,23.86,15.913,29.169,-0.18,2.175,5.33
ATOM,7044.0,CE,LYS,452.0,23.474,15.751,30.637,0.21,2.175,11.97
ATOM,7045.0,NZ,LYS,452.0,22.493,16.783,31.081,-0.3,1.85,14.03
ATOM,7046.0,H,LYS,452.0,27.442,16.564,28.668,0.31,0.2245,0.0
ATOM,7047.0,HA,LYS,452.0,25.343,15.297,27.042,0.09,1.32,1.64
ATOM,7048.0,HB2,LYS,452.0,25.689,18.118,27.397,0.09,1.32,0.15
ATOM,7049.0,HB3,LYS,452.0,24.353,17.353,26.857,0.09,1.32,10.18
ATOM,7050.0,HG2,LYS,452.0,25.356,17.305,29.548,0.09,1.32,2.52
ATOM,7051.0,HG3,LYS,452.0,23.956,17.985,29.054,0.09,1.32,6.87
ATOM,7052.0,HD2,LYS,452.0,23.03,15.895,28.619,0.09,1.32,9.94
ATOM,7053.0,HD3,LYS,452.0,24.457,15.158,28.914,0.09,1.32,0.0
ATOM,7054.0,HE2,LYS,452.0,23.074,14.839,30.767,0.05,1.32,5.31
ATOM,7055.0,HE3,LYS,452.0,24.304,15.822,31.199,0.05,1.32,3.43
ATOM,7056.0,HZ1,LYS,452.0,22.41,16.753,32.076,0.33,0.2245,20.7
ATOM,7057.0,HZ2,LYS,452.0,22.813,17.686,30.797,0.33,0.2245,10.83
ATOM,7058.0,HZ3,LYS,452.0,21.605,16.595,30.664,0.33,0.2245,18.72
ATOM,7059.0,N,GLN,453.0,27.473,17.262,25.547,-0.47,1.85,0.0
ATOM,7060.0,CA,GLN,453.0,28.037,17.585,24.239,0.07,2.275,0.2
ATOM,7061.0,C,GLN,453.0,29.481,17.178,23.974,0.51,2.0,0.0
ATOM,7062.0,O,GLN,453.0,29.806,16.754,22.867,-0.51,1.7,4.59
ATOM,7063.0,CB,GLN,453.0,27.953,19.087,23.986,-0.18,2.175,1.93
ATOM,7064.0,CG,GLN,453.0,26.611,19.725,24.269,-0.18,2.175,9.22
ATOM,7065.0,CD,GLN,453.0,26.641,21.214,23.991,0.55,2.0,2.21
ATOM,7066.0,H,GLN,453.0,27.752,17.732,26.424,0.31,0.2245,0.0
ATOM,7067.0,HA,GLN,453.0,27.45,17.119,23.528,0.09,1.32,6.13
ATOM,7068.0,HB2,GLN,453.0,28.646,19.548,24.559,0.09,1.32,0.0
ATOM,7069.0,HB3,GLN,453.0,28.185,19.263,23.018,0.09,1.32,2.13
ATOM,7070.0,HG2,GLN,453.0,25.924,19.307,23.684,0.09,1.32,10.26
ATOM,7071.0,HG3,GLN,453.0,26.381,19.585,25.227,0.09,1.32,0.0
ATOM,7072.0,OE1,GLN,453.0,26.837,21.634,22.847,-0.55,1.7,23.6
ATOM,7073.0,NE2,GLN,453.0,26.461,22.021,25.034,-0.62,1.85,20.05
ATOM,7074.0,HE21,GLN,453.0,26.482,23.029,24.925,0.32,0.2245,18.89
ATOM,7075.0,HE22,GLN,453.0,26.299,21.606,25.951,0.3,0.2245,10.02
ATOM,7076.0,N,TYR,454.0,30.344,17.313,24.979,-0.47,1.85,0.0
ATOM,7077.0,CA,TYR,454.0,31.762,17.029,24.774,0.07,2.275,0.0
ATOM,7078.0,C,TYR,454.0,32.409,15.708,25.198,0.51,2.0,0.0
ATOM,7079.0,O,TYR,454.0,33.624,15.563,25.069,-0.51,1.7,0.0
ATOM,7080.0,CB,TYR,454.0,32.578,18.179,25.366,-0.18,2.175,0.0
ATOM,7081.0,CG,TYR,454.0,32.075,19.554,24.98,0.0,1.9924,0.0
ATOM,7082.0,CD1,TYR,454.0,31.686,19.838,23.671,-0.115,1.9924,0.0
ATOM,7083.0,CD2,TYR,454.0,32.026,20.584,25.919,-0.115,1.9924,0.73
ATOM,7084.0,CE1,TYR,454.0,31.26,21.112,23.305,-0.115,1.9924,0.0
ATOM,7085.0,CE2,TYR,454.0,31.606,21.863,25.564,-0.115,1.9924,3.07
ATOM,7086.0,CZ,TYR,454.0,31.223,22.122,24.255,0.11,1.9924,0.0
ATOM,7087.0,OH,TYR,454.0,30.793,23.386,23.911,-0.54,1.77,1.86
ATOM,7088.0,H,TYR,454.0,29.94,17.621,25.872,0.31,0.2245,0.0
ATOM,7089.0,HA,TYR,454.0,31.954,17.147,23.742,0.09,1.32,0.0
ATOM,7090.0,HB2,TYR,454.0,32.549,18.104,26.36,0.09,1.32,0.0
ATOM,7091.0,HB3,TYR,454.0,33.519,18.092,25.047,0.09,1.32,0.0
ATOM,7092.0,HD1,TYR,454.0,31.713,19.114,22.98,0.115,1.3582,0.0
ATOM,7093.0,HD2,TYR,454.0,32.296,20.401,26.862,0.115,1.3582,0.82
ATOM,7094.0,HE1,TYR,454.0,30.981,21.296,22.362,0.115,1.3582,0.0
ATOM,7095.0,HE2,TYR,454.0,31.581,22.591,26.248,0.115,1.3582,5.46
ATOM,7096.0,HH,TYR,454.0,31.144,24.042,24.575,0.43,0.2245,0.51
ATOM,7097.0,N,PRO,455.0,31.631,14.729,25.696,-0.29,1.85,0.0
ATOM,7098.0,CA,PRO,455.0,32.307,13.485,26.09,0.02,2.275,0.0
ATOM,7099.0,C,PRO,455.0,32.993,12.749,24.941,0.51,2.0,0.0
ATOM,7100.0,O,PRO,455.0,32.579,12.834,23.781,-0.51,1.7,0.0
ATOM,7101.0,CB,PRO,455.0,31.188,12.669,26.736,-0.18,2.175,0.0
ATOM,7102.0,CG,PRO,455.0,29.982,13.113,25.983,-0.18,2.175,1.4
ATOM,7103.0,CD,PRO,455.0,30.176,14.62,25.903,0.0,2.175,0.47
ATOM,7104.0,HA,PRO,455.0,32.973,13.669,26.843,0.09,1.32,0.0
ATOM,7105.0,HB2,PRO,455.0,31.348,11.693,26.616,0.09,1.32,0.0
ATOM,7106.0,HB3,PRO,455.0,31.107,12.884,27.705,0.09,1.32,0.0
ATOM,7107.0,HG2,PRO,455.0,29.962,12.716,25.073,0.09,1.32,1.51
ATOM,7108.0,HG3,PRO,455.0,29.151,12.895,26.479,0.09,1.32,0.0
ATOM,7109.0,HD2,PRO,455.0,29.679,15.004,25.135,0.09,1.32,0.17
ATOM,7110.0,HD3,PRO,455.0,29.904,15.061,26.751,0.09,1.32,0.0
ATOM,7111.0,N,ILE,456.0,34.056,12.032,25.288,-0.47,1.85,0.0
ATOM,7112.0,CA,ILE,456.0,34.851,11.267,24.336,0.07,2.275,0.0
ATOM,7113.0,C,ILE,456.0,34.391,9.809,24.329,0.51,2.0,0.0
ATOM,7114.0,O,ILE,456.0,34.432,9.13,25.347,-0.51,1.7,0.0
ATOM,7115.0,CB,ILE,456.0,36.333,11.341,24.727,-0.09,2.275,0.0
ATOM,7116.0,CG1,ILE,456.0,36.786,12.802,24.687,-0.18,2.175,0.0
ATOM,7117.0,CG2,ILE,456.0,37.161,10.457,23.821,-0.27,2.06,5.24
ATOM,7118.0,CD1,ILE,456.0,38.107,13.06,25.365,-0.27,2.06,0.0
ATOM,7119.0,H,ILE,456.0,34.276,12.064,26.315,0.31,0.2245,0.0
ATOM,7120.0,HA,ILE,456.0,34.641,11.635,23.43,0.09,1.32,0.0
ATOM,7121.0,HB,ILE,456.0,36.423,11.017,25.657,0.09,1.32,0.0
ATOM,7122.0,HG12,ILE,456.0,36.849,13.085,23.729,0.09,1.32,0.0
ATOM,7123.0,HG13,ILE,456.0,36.08,13.358,25.132,0.09,1.32,0.0
ATOM,7124.0,HG21,ILE,456.0,38.12,10.488,24.102,0.09,1.32,0.0
ATOM,7125.0,HG22,ILE,456.0,36.833,9.514,23.877,0.09,1.32,0.0
ATOM,7126.0,HG23,ILE,456.0,37.085,10.776,22.876,0.09,1.32,1.0
ATOM,7127.0,HD11,ILE,456.0,38.822,12.52,24.92,0.09,1.32,0.0
ATOM,7128.0,HD12,ILE,456.0,38.333,14.032,25.297,0.09,1.32,0.0
ATOM,7129.0,HD13,ILE,456.0,38.045,12.8,26.329,0.09,1.32,0.0
ATOM,7130.0,N,GLN,457.0,33.967,9.325,23.171,-0.47,1.85,0.0
ATOM,7131.0,CA,GLN,457.0,33.476,7.964,23.075,0.07,2.275,0.0
ATOM,7132.0,C,GLN,457.0,34.557,6.892,23.106,0.51,2.0,0.0
ATOM,7133.0,O,GLN,457.0,35.656,7.085,22.595,-0.51,1.7,4.16
ATOM,7134.0,CB,GLN,457.0,32.64,7.813,21.808,-0.18,2.175,0.75
ATOM,7135.0,CG,GLN,457.0,31.992,6.457,21.662,-0.18,2.175,0.0
ATOM,7136.0,CD,GLN,457.0,31.149,6.357,20.408,0.55,2.0,0.53
ATOM,7137.0,H,GLN,457.0,34.016,9.98,22.374,0.31,0.2245,0.0
ATOM,7138.0,HA,GLN,457.0,32.856,7.797,23.872,0.09,1.32,0.0
ATOM,7139.0,HB2,GLN,457.0,31.918,8.508,21.816,0.09,1.32,0.0
ATOM,7140.0,HB3,GLN,457.0,33.233,7.966,21.013,0.09,1.32,0.05
ATOM,7141.0,HG2,GLN,457.0,32.706,5.759,21.621,0.09,1.32,0.0
ATOM,7142.0,HG3,GLN,457.0,31.405,6.29,22.454,0.09,1.32,0.0
ATOM,7143.0,OE1,GLN,457.0,30.109,7.008,20.289,-0.55,1.7,19.52
ATOM,7144.0,NE2,GLN,457.0,31.6,5.542,19.458,-0.62,1.85,9.27
ATOM,7145.0,HE21,GLN,457.0,31.081,5.412,18.593,0.32,0.2245,17.6
ATOM,7146.0,HE22,GLN,457.0,32.477,5.048,19.61,0.3,0.2245,0.0
ATOM,7147.0,N,LEU,458.0,34.227,5.759,23.718,-0.47,1.85,0.0
ATOM,7148.0,CA,LEU,458.0,35.135,4.623,23.814,0.07,2.275,0.0
ATOM,7149.0,C,LEU,458.0,34.498,3.473,23.025,0.51,2.0,0.0
ATOM,7150.0,O,LEU,458.0,33.287,3.489,22.764,-0.51,1.7,0.51
ATOM,7151.0,CB,LEU,458.0,35.332,4.228,25.282,-0.18,2.175,0.0
ATOM,7152.0,CG,LEU,458.0,36.693,4.485,25.95,-0.09,2.275,0.0
ATOM,7153.0,CD1,LEU,458.0,37.232,5.868,25.607,-0.27,2.06,0.0
ATOM,7154.0,CD2,LEU,458.0,36.538,4.317,27.449,-0.27,2.06,0.0
ATOM,7155.0,H,LEU,458.0,33.263,5.754,24.123,0.31,0.2245,0.0
ATOM,7156.0,HA,LEU,458.0,35.995,4.858,23.382,0.09,1.32,0.0
ATOM,7157.0,HB2,LEU,458.0,34.641,4.721,25.826,0.09,1.32,0.0
ATOM,7158.0,HB3,LEU,458.0,35.148,3.241,25.36,0.09,1.32,0.0
ATOM,7159.0,HG,LEU,458.0,37.342,3.787,25.637,0.09,1.32,0.0
ATOM,7160.0,HD11,LEU,458.0,36.588,6.565,25.923,0.09,1.32,0.0
ATOM,7161.0,HD12,LEU,458.0,38.115,6.002,26.056,0.09,1.32,0.0
ATOM,7162.0,HD13,LEU,458.0,37.346,5.945,24.617,0.09,1.32,0.0
ATOM,7163.0,HD21,LEU,458.0,36.231,3.386,27.654,0.09,1.32,0.0
ATOM,7164.0,HD22,LEU,458.0,37.417,4.481,27.9,0.09,1.32,0.0
ATOM,7165.0,HD23,LEU,458.0,35.863,4.971,27.794,0.09,1.32,0.0
ATOM,7166.0,N,TYR,459.0,35.302,2.483,22.649,-0.47,1.85,0.0
ATOM,7167.0,CA,TYR,459.0,34.795,1.36,21.869,0.07,2.275,0.0
ATOM,7168.0,C,TYR,459.0,34.979,0.0,22.519,0.51,2.0,0.0
ATOM,7169.0,O,TYR,459.0,36.045,-0.329,23.027,-0.51,1.7,0.6
ATOM,7170.0,CB,TYR,459.0,35.442,1.344,20.485,-0.18,2.175,11.98
ATOM,7171.0,CG,TYR,459.0,35.233,2.623,19.713,0.0,1.9924,0.56
ATOM,7172.0,CD1,TYR,459.0,36.054,3.731,19.923,-0.115,1.9924,6.84
ATOM,7173.0,CD2,TYR,459.0,34.192,2.738,18.791,-0.115,1.9924,11.39
ATOM,7174.0,CE1,TYR,459.0,35.843,4.923,19.235,-0.115,1.9924,9.99
ATOM,7175.0,CE2,TYR,459.0,33.972,3.927,18.098,-0.115,1.9924,11.43
ATOM,7176.0,CZ,TYR,459.0,34.801,5.011,18.327,0.11,1.9924,1.65
ATOM,7177.0,OH,TYR,459.0,34.595,6.189,17.652,-0.54,1.77,28.96
ATOM,7178.0,H,TYR,459.0,36.286,2.577,22.949,0.31,0.2245,0.0
ATOM,7179.0,HA,TYR,459.0,33.793,1.506,21.722,0.09,1.32,0.8
ATOM,7180.0,HB2,TYR,459.0,36.42,1.203,20.599,0.09,1.32,4.13
ATOM,7181.0,HB3,TYR,459.0,35.045,0.596,19.963,0.09,1.32,5.01
ATOM,7182.0,HD1,TYR,459.0,36.807,3.671,20.579,0.115,1.3582,0.0
ATOM,7183.0,HD2,TYR,459.0,33.596,1.957,18.624,0.115,1.3582,13.85
ATOM,7184.0,HE1,TYR,459.0,36.441,5.708,19.396,0.115,1.3582,11.2
ATOM,7185.0,HE2,TYR,459.0,33.222,3.993,17.443,0.115,1.3582,11.63
ATOM,7186.0,HH,TYR,459.0,34.224,6.869,18.283,0.43,0.2245,8.59
ATOM,7187.0,N,TYR,460.0,33.921,-0.794,22.471,-0.47,1.85,0.42
ATOM,7188.0,CA,TYR,460.0,33.928,-2.118,23.043,0.07,2.275,0.0
ATOM,7189.0,C,TYR,460.0,34.888,-3.05,22.314,0.51,2.0,0.0
ATOM,7190.0,O,TYR,460.0,34.93,-3.097,21.084,-0.51,1.7,20.46
ATOM,7191.0,CB,TYR,460.0,32.517,-2.702,23.007,-0.18,2.175,6.17
ATOM,7192.0,CG,TYR,460.0,32.415,-4.055,23.662,0.0,1.9924,0.2
ATOM,7193.0,CD1,TYR,460.0,32.689,-4.212,25.02,-0.115,1.9924,0.77
ATOM,7194.0,CD2,TYR,460.0,32.067,-5.185,22.925,-0.115,1.9924,9.18
ATOM,7195.0,CE1,TYR,460.0,32.618,-5.457,25.629,-0.115,1.9924,4.84
ATOM,7196.0,CE2,TYR,460.0,31.994,-6.438,23.524,-0.115,1.9924,10.62
ATOM,7197.0,CZ,TYR,460.0,32.271,-6.565,24.878,0.11,1.9924,1.76
ATOM,7198.0,OH,TYR,460.0,32.217,-7.803,25.476,-0.54,1.77,20.02
ATOM,7199.0,H,TYR,460.0,33.092,-0.379,21.987,0.31,0.2245,5.58
ATOM,7200.0,HA,TYR,460.0,34.232,-2.053,24.007,0.09,1.32,0.0
ATOM,7201.0,HB2,TYR,460.0,31.908,-2.075,23.483,0.09,1.32,0.0
ATOM,7202.0,HB3,TYR,460.0,32.241,-2.794,22.055,0.09,1.32,6.43
ATOM,7203.0,HD1,TYR,460.0,32.943,-3.411,25.567,0.115,1.3582,0.0
ATOM,7204.0,HD2,TYR,460.0,31.866,-5.094,21.952,0.115,1.3582,10.0
ATOM,7205.0,HE1,TYR,460.0,32.816,-5.551,26.606,0.115,1.3582,1.41
ATOM,7206.0,HE2,TYR,460.0,31.745,-7.24,22.985,0.115,1.3582,7.5
ATOM,7207.0,HH,TYR,460.0,32.483,-7.716,26.434,0.43,0.2245,0.0
ATOM,7208.0,N,ASP,461.0,35.682,-3.774,23.093,-0.47,1.85,0.0
ATOM,7209.0,CA,ASP,461.0,36.628,-4.739,22.561,0.07,2.275,3.13
ATOM,7210.0,C,ASP,461.0,36.006,-6.087,22.936,0.51,2.0,0.0
ATOM,7211.0,O,ASP,461.0,36.098,-6.524,24.084,-0.51,1.7,0.0
ATOM,7212.0,CB,ASP,461.0,37.991,-4.57,23.241,-0.28,2.175,2.07
ATOM,7213.0,CG,ASP,461.0,39.001,-5.613,22.792,0.62,2.0,1.48
ATOM,7214.0,OD1,ASP,461.0,38.606,-6.778,22.583,-0.76,1.7,1.57
ATOM,7215.0,OD2,ASP,461.0,40.199,-5.274,22.666,-0.76,1.7,21.65
ATOM,7216.0,H,ASP,461.0,35.567,-3.59,24.116,0.31,0.2245,0.0
ATOM,7217.0,HA,ASP,461.0,36.602,-4.676,21.583,0.09,1.32,3.68
ATOM,7218.0,HB2,ASP,461.0,38.339,-3.669,23.011,0.09,1.32,0.12
ATOM,7219.0,HB3,ASP,461.0,37.858,-4.655,24.22,0.09,1.32,0.0
ATOM,7220.0,N,SER,462.0,35.357,-6.723,21.966,-0.47,1.85,0.0
ATOM,7221.0,CA,SER,462.0,34.691,-8.002,22.186,0.07,2.275,0.07
ATOM,7222.0,C,SER,462.0,35.641,-9.115,22.598,0.51,2.0,0.0
ATOM,7223.0,O,SER,462.0,35.227,-10.076,23.232,-0.51,1.7,19.64
ATOM,7224.0,CB,SER,462.0,33.934,-8.425,20.92,0.05,2.175,18.8
ATOM,7225.0,OG,SER,462.0,34.821,-8.642,19.832,-0.66,1.77,12.31
ATOM,7226.0,H,SER,462.0,35.365,-6.234,21.046,0.31,0.2245,2.63
ATOM,7227.0,HA,SER,462.0,34.015,-7.876,22.935,0.09,1.32,0.0
ATOM,7228.0,HB2,SER,462.0,33.441,-9.27,21.109,0.09,1.32,9.63
ATOM,7229.0,HB3,SER,462.0,33.293,-7.703,20.675,0.09,1.32,5.1
ATOM,7230.0,HG,SER,462.0,35.254,-7.778,19.58,0.43,0.2245,12.34
ATOM,7231.0,N,HIS,463.0,36.914,-8.982,22.242,-0.47,1.85,0.0
ATOM,7232.0,CA,HIS,463.0,37.896,-10.008,22.575,0.07,2.275,0.45
ATOM,7233.0,C,HIS,463.0,38.353,-10.032,24.035,0.51,2.0,0.14
ATOM,7234.0,O,HIS,463.0,38.494,-11.105,24.621,-0.51,1.7,31.38
ATOM,7235.0,CB,HIS,463.0,39.113,-9.884,21.652,-0.09,2.175,10.78
ATOM,7236.0,CG,HIS,463.0,38.813,-10.203,20.219,-0.05,1.8,1.42
ATOM,7237.0,H,HIS,463.0,37.14,-8.116,21.726,0.31,0.2245,0.42
ATOM,7238.0,HA,HIS,463.0,37.486,-10.923,22.361,0.09,1.32,6.55
ATOM,7239.0,HB2,HIS,463.0,39.465,-8.944,21.7,0.09,1.32,1.62
ATOM,7240.0,HB3,HIS,463.0,39.83,-10.512,21.972,0.09,1.32,9.13
ATOM,7241.0,ND1,HIS,463.0,39.797,-10.478,19.295,-0.36,1.85,11.71
ATOM,7242.0,CD2,HIS,463.0,37.635,-10.3,19.555,0.22,1.8,11.86
ATOM,7243.0,CE1,HIS,463.0,39.24,-10.732,18.125,0.25,1.8,30.31
ATOM,7244.0,NE2,HIS,463.0,37.93,-10.631,18.255,-0.7,1.85,29.14
ATOM,7245.0,HD1,HIS,463.0,40.779,-10.484,19.484,0.32,0.2245,19.72
ATOM,7246.0,HD2,HIS,463.0,36.727,-10.157,19.937,0.1,1.468,0.86
ATOM,7247.0,HE1,HIS,463.0,39.725,-10.96,17.285,0.13,0.9,17.7
ATOM,7248.0,N,SER,464.0,38.59,-8.862,24.62,-0.47,1.85,0.0
ATOM,7249.0,CA,SER,464.0,39.027,-8.789,26.013,0.07,2.275,3.67
ATOM,7250.0,C,SER,464.0,37.905,-8.266,26.905,0.51,2.0,0.63
ATOM,7251.0,O,SER,464.0,38.108,-7.962,28.08,-0.51,1.7,9.53
ATOM,7252.0,CB,SER,464.0,40.263,-7.892,26.128,0.05,2.175,17.93
ATOM,7253.0,OG,SER,464.0,39.996,-6.594,25.633,-0.66,1.77,0.06
ATOM,7254.0,H,SER,464.0,38.443,-8.032,24.021,0.31,0.2245,0.0
ATOM,7255.0,HA,SER,464.0,39.255,-9.72,26.317,0.09,1.32,6.95
ATOM,7256.0,HB2,SER,464.0,40.524,-7.828,27.087,0.09,1.32,1.91
ATOM,7257.0,HB3,SER,464.0,41.002,-8.297,25.597,0.09,1.32,10.61
ATOM,7258.0,HG,SER,464.0,39.935,-5.951,26.396,0.43,0.2245,0.0
ATOM,7259.0,N,ASN,465.0,36.713,-8.173,26.329,-0.47,1.85,0.0
ATOM,7260.0,CA,ASN,465.0,35.53,-7.704,27.034,0.07,2.275,0.0
ATOM,7261.0,C,ASN,465.0,35.725,-6.444,27.875,0.51,2.0,0.0
ATOM,7262.0,O,ASN,465.0,35.418,-6.423,29.066,-0.51,1.7,4.47
ATOM,7263.0,CB,ASN,465.0,34.963,-8.824,27.91,-0.18,2.175,11.93
ATOM,7264.0,CG,ASN,465.0,33.726,-8.391,28.669,0.55,2.0,2.04
ATOM,7265.0,H,ASN,465.0,36.698,-8.466,25.323,0.31,0.2245,0.0
ATOM,7266.0,HA,ASN,465.0,34.828,-7.477,26.324,0.09,1.32,0.0
ATOM,7267.0,HB2,ASN,465.0,34.725,-9.591,27.323,0.09,1.32,7.41
ATOM,7268.0,HB3,ASN,465.0,35.662,-9.094,28.565,0.09,1.32,3.78
ATOM,7269.0,OD1,ASN,465.0,32.846,-7.73,28.115,-0.55,1.7,14.64
ATOM,7270.0,ND2,ASN,465.0,33.647,-8.763,29.941,-0.62,1.85,20.21
ATOM,7271.0,HD22,ASN,465.0,34.39,-9.298,30.349,0.3,0.2245,16.93
ATOM,7272.0,HD21,ASN,465.0,32.853,-8.512,30.491,0.32,0.2245,20.75
ATOM,7273.0,N,ASP,466.0,36.253,-5.397,27.255,-0.47,1.85,0.0
ATOM,7274.0,CA,ASP,466.0,36.43,-4.125,27.941,0.07,2.275,0.0
ATOM,7275.0,C,ASP,466.0,36.206,-2.997,26.943,0.51,2.0,0.0
ATOM,7276.0,O,ASP,466.0,35.996,-3.239,25.753,-0.51,1.7,0.0
ATOM,7277.0,CB,ASP,466.0,37.824,-4.015,28.579,-0.28,2.175,0.0
ATOM,7278.0,CG,ASP,466.0,38.947,-4.229,27.591,0.62,2.0,0.0
ATOM,7279.0,OD1,ASP,466.0,38.845,-3.744,26.446,-0.76,1.7,0.0
ATOM,7280.0,OD2,ASP,466.0,39.947,-4.87,27.964,-0.76,1.7,0.0
ATOM,7281.0,H,ASP,466.0,36.521,-5.56,26.268,0.31,0.2245,0.0
ATOM,7282.0,HA,ASP,466.0,35.71,-4.054,28.63,0.09,1.32,0.37
ATOM,7283.0,HB2,ASP,466.0,37.906,-3.104,28.971,0.09,1.32,0.0
ATOM,7284.0,HB3,ASP,466.0,37.885,-4.704,29.294,0.09,1.32,0.0
ATOM,7285.0,N,TRP,467.0,36.216,-1.764,27.423,-0.47,1.85,0.0
ATOM,7286.0,CA,TRP,467.0,36.025,-0.631,26.541,0.07,2.275,0.0
ATOM,7287.0,C,TRP,467.0,37.317,0.15,26.428,0.51,2.0,0.0
ATOM,7288.0,O,TRP,467.0,38.016,0.359,27.418,-0.51,1.7,0.0
ATOM,7289.0,CB,TRP,467.0,34.903,0.256,27.057,-0.18,2.175,0.0
ATOM,7290.0,CG,TRP,467.0,33.573,-0.406,26.958,-0.03,1.9924,0.0
ATOM,7291.0,CD1,TRP,467.0,33.101,-1.427,27.735,0.035,1.9924,0.76
ATOM,7292.0,CD2,TRP,467.0,32.539,-0.106,26.016,-0.02,1.8,0.0
ATOM,7293.0,NE1,TRP,467.0,31.834,-1.776,27.337,-0.61,1.85,0.0
ATOM,7294.0,CE2,TRP,467.0,31.464,-0.984,26.283,0.13,1.8,0.0
ATOM,7295.0,CE3,TRP,467.0,32.415,0.82,24.969,-0.115,1.9924,0.0
ATOM,7296.0,CZ2,TRP,467.0,30.276,-0.96,25.543,-0.115,1.9924,2.06
ATOM,7297.0,CZ3,TRP,467.0,31.234,0.844,24.233,-0.115,1.9924,1.37
ATOM,7298.0,CH2,TRP,467.0,30.179,-0.044,24.523,-0.115,1.9924,3.77
ATOM,7299.0,H,TRP,467.0,36.366,-1.687,28.442,0.31,0.2245,0.0
ATOM,7300.0,HA,TRP,467.0,35.801,-0.984,25.629,0.09,1.32,0.0
ATOM,7301.0,HB2,TRP,467.0,35.064,0.46,28.011,0.09,1.32,0.0
ATOM,7302.0,HB3,TRP,467.0,34.867,1.081,26.513,0.09,1.32,0.0
ATOM,7303.0,HD1,TRP,467.0,33.603,-1.857,28.483,0.115,1.3582,0.26
ATOM,7304.0,HE1,TRP,467.0,31.271,-2.492,27.749,0.38,0.2245,1.02
ATOM,7305.0,HE3,TRP,467.0,33.153,1.451,24.752,0.115,1.3582,0.0
ATOM,7306.0,HZ2,TRP,467.0,29.532,-1.596,25.762,0.115,1.3582,5.54
ATOM,7307.0,HZ3,TRP,467.0,31.137,1.498,23.492,0.115,1.3582,2.63
ATOM,7308.0,HH2,TRP,467.0,29.349,0.002,23.97,0.115,1.3582,7.02
ATOM,7309.0,N,ARG,468.0,37.64,0.577,25.216,-0.47,1.85,0.0
ATOM,7310.0,CA,ARG,468.0,38.872,1.315,24.993,0.07,2.275,0.0
ATOM,7311.0,C,ARG,468.0,38.786,2.244,23.799,0.51,2.0,0.0
ATOM,7312.0,O,ARG,468.0,37.787,2.266,23.082,-0.51,1.7,0.11
ATOM,7313.0,CB,ARG,468.0,40.033,0.341,24.782,-0.18,2.175,0.0
ATOM,7314.0,CG,ARG,468.0,39.728,-0.781,23.802,-0.18,2.175,1.18
ATOM,7315.0,CD,ARG,468.0,40.994,-1.325,23.152,0.2,2.175,18.3
ATOM,7316.0,NE,ARG,468.0,41.962,-1.861,24.108,-0.7,1.85,4.77
ATOM,7317.0,CZ,ARG,468.0,41.794,-2.986,24.792,0.64,2.0,1.17
ATOM,7318.0,NH1,ARG,468.0,40.688,-3.691,24.633,-0.8,1.85,0.01
ATOM,7319.0,NH2,ARG,468.0,42.732,-3.416,25.622,-0.8,1.85,16.5
ATOM,7320.0,H,ARG,468.0,36.962,0.347,24.471,0.31,0.2245,0.0
ATOM,7321.0,HA,ARG,468.0,39.074,1.868,25.82,0.09,1.32,0.0
ATOM,7322.0,HB2,ARG,468.0,40.811,0.854,24.432,0.09,1.32,0.0
ATOM,7323.0,HB3,ARG,468.0,40.259,-0.069,25.66,0.09,1.32,0.0
ATOM,7324.0,HG2,ARG,468.0,39.28,-1.531,24.283,0.09,1.32,0.0
ATOM,7325.0,HG3,ARG,468.0,39.132,-0.439,23.079,0.09,1.32,1.82
ATOM,7326.0,HD2,ARG,468.0,40.726,-2.051,22.514,0.09,1.32,3.8
ATOM,7327.0,HD3,ARG,468.0,41.42,-0.577,22.636,0.09,1.32,5.92
ATOM,7328.0,HE,ARG,468.0,42.812,-1.341,24.256,0.44,0.2245,2.49
ATOM,7329.0,HH11,ARG,468.0,39.976,-3.414,23.994,0.46,0.2245,0.0
ATOM,7330.0,HH12,ARG,468.0,40.556,-4.538,25.172,0.46,0.2245,0.0
ATOM,7331.0,HH21,ARG,468.0,43.584,-2.891,25.715,0.46,0.2245,11.04
ATOM,7332.0,HH22,ARG,468.0,42.599,-4.25,26.149,0.46,0.2245,5.75
ATOM,7333.0,N,GLY,469.0,39.854,3.003,23.596,-0.47,1.85,0.0
ATOM,7334.0,CA,GLY,469.0,39.917,3.925,22.482,-0.02,2.175,2.42
ATOM,7335.0,C,GLY,469.0,41.181,4.761,22.536,0.51,2.0,0.0
ATOM,7336.0,O,GLY,469.0,41.701,5.041,23.618,-0.51,1.7,0.0
ATOM,7337.0,H,GLY,469.0,40.617,2.879,24.288,0.31,0.2245,0.0
ATOM,7338.0,HA2,GLY,469.0,39.895,3.41,21.614,0.09,1.32,7.27
ATOM,7339.0,HA3,GLY,469.0,39.113,4.535,22.501,0.09,1.32,0.48
ATOM,7340.0,N,ASN,470.0,41.693,5.129,21.369,-0.47,1.85,0.46
ATOM,7341.0,CA,ASN,470.0,42.875,5.972,21.316,0.07,2.275,0.0
ATOM,7342.0,C,ASN,470.0,42.38,7.4,21.418,0.51,2.0,0.0
ATOM,7343.0,O,ASN,470.0,41.664,7.878,20.547,-0.51,1.7,22.17
ATOM,7344.0,CB,ASN,470.0,43.638,5.767,20.008,-0.18,2.175,6.24
ATOM,7345.0,CG,ASN,470.0,44.565,4.573,20.063,0.55,2.0,2.14
ATOM,7346.0,H,ASN,470.0,41.196,4.777,20.537,0.31,0.2245,10.74
ATOM,7347.0,HA,ASN,470.0,43.408,5.787,22.13,0.09,1.32,0.0
ATOM,7348.0,HB2,ASN,470.0,42.977,5.625,19.277,0.09,1.32,8.32
ATOM,7349.0,HB3,ASN,470.0,44.179,6.584,19.829,0.09,1.32,0.0
ATOM,7350.0,OD1,ASN,470.0,45.315,4.311,19.123,-0.55,1.7,36.46
ATOM,7351.0,ND2,ASN,470.0,44.524,3.843,21.169,-0.62,1.85,6.64
ATOM,7352.0,HD22,ASN,470.0,43.896,4.091,21.91,0.3,0.2245,0.0
ATOM,7353.0,HD21,ASN,470.0,45.117,3.044,21.267,0.32,0.2245,7.51
ATOM,7354.0,N,VAL,471.0,42.749,8.069,22.502,-0.47,1.85,0.0
ATOM,7355.0,CA,VAL,471.0,42.333,9.439,22.744,0.07,2.275,0.0
ATOM,7356.0,C,VAL,471.0,43.519,10.391,22.694,0.51,2.0,0.0
ATOM,7357.0,O,VAL,471.0,44.615,10.065,23.152,-0.51,1.7,0.0
ATOM,7358.0,CB,VAL,471.0,41.676,9.569,24.126,-0.09,2.275,0.0
ATOM,7359.0,CG1,VAL,471.0,41.167,10.985,24.331,-0.27,2.06,0.0
ATOM,7360.0,CG2,VAL,471.0,40.541,8.569,24.257,-0.27,2.06,1.41
ATOM,7361.0,H,VAL,471.0,43.357,7.531,23.157,0.31,0.2245,0.0
ATOM,7362.0,HA,VAL,471.0,41.689,9.708,22.015,0.09,1.32,2.65
ATOM,7363.0,HB,VAL,471.0,42.378,9.409,24.812,0.09,1.32,0.0
ATOM,7364.0,HG11,VAL,471.0,41.942,11.608,24.439,0.09,1.32,0.0
ATOM,7365.0,HG12,VAL,471.0,40.625,11.265,23.538,0.09,1.32,0.25
ATOM,7366.0,HG13,VAL,471.0,40.596,11.021,25.152,0.09,1.32,0.0
ATOM,7367.0,HG21,VAL,471.0,40.659,8.042,25.099,0.09,1.32,0.0
ATOM,7368.0,HG22,VAL,471.0,39.669,9.059,24.287,0.09,1.32,0.0
ATOM,7369.0,HG23,VAL,471.0,40.551,7.951,23.471,0.09,1.32,0.26
ATOM,7370.0,N,VAL,472.0,43.298,11.572,22.128,-0.47,1.85,0.0
ATOM,7371.0,CA,VAL,472.0,44.352,12.574,22.054,0.07,2.275,0.0
ATOM,7372.0,C,VAL,472.0,44.361,13.309,23.401,0.51,2.0,0.0
ATOM,7373.0,O,VAL,472.0,43.318,13.754,23.869,-0.51,1.7,0.0
ATOM,7374.0,CB,VAL,472.0,44.083,13.587,20.919,-0.09,2.275,0.0
ATOM,7375.0,CG1,VAL,472.0,45.216,14.596,20.846,-0.27,2.06,0.02
ATOM,7376.0,CG2,VAL,472.0,43.927,12.852,19.588,-0.27,2.06,3.42
ATOM,7377.0,H,VAL,472.0,42.343,11.711,21.757,0.31,0.2245,0.87
ATOM,7378.0,HA,VAL,472.0,45.222,12.112,21.955,0.09,1.32,0.0
ATOM,7379.0,HB,VAL,472.0,43.259,14.088,21.154,0.09,1.32,0.0
ATOM,7380.0,HG11,VAL,472.0,44.839,15.521,20.788,0.09,1.32,0.0
ATOM,7381.0,HG12,VAL,472.0,45.785,14.521,21.665,0.09,1.32,0.0
ATOM,7382.0,HG13,VAL,472.0,45.775,14.415,20.036,0.09,1.32,0.88
ATOM,7383.0,HG21,VAL,472.0,42.956,12.701,19.41,0.09,1.32,5.77
ATOM,7384.0,HG22,VAL,472.0,44.322,13.409,18.859,0.09,1.32,0.0
ATOM,7385.0,HG23,VAL,472.0,44.403,11.975,19.641,0.09,1.32,0.0
ATOM,7386.0,N,LEU,473.0,45.53,13.426,24.023,-0.47,1.85,0.0
ATOM,7387.0,CA,LEU,473.0,45.63,14.098,25.32,0.07,2.275,0.0
ATOM,7388.0,C,LEU,473.0,46.771,15.096,25.368,0.51,2.0,0.0
ATOM,7389.0,O,LEU,473.0,47.685,15.045,24.543,-0.51,1.7,0.0
ATOM,7390.0,CB,LEU,473.0,45.842,13.074,26.437,-0.18,2.175,0.0
ATOM,7391.0,CG,LEU,473.0,44.728,12.058,26.651,-0.09,2.275,0.0
ATOM,7392.0,CD1,LEU,473.0,45.202,11.004,27.638,-0.27,2.06,0.21
ATOM,7393.0,CD2,LEU,473.0,43.47,12.771,27.148,-0.27,2.06,0.28
ATOM,7394.0,H,LEU,473.0,46.337,13.015,23.528,0.31,0.2245,0.0
ATOM,7395.0,HA,LEU,473.0,44.762,14.592,25.488,0.09,1.32,0.0
ATOM,7396.0,HB2,LEU,473.0,46.676,12.565,26.228,0.09,1.32,0.0
ATOM,7397.0,HB3,LEU,473.0,45.959,13.576,27.291,0.09,1.32,0.0
ATOM,7398.0,HG,LEU,473.0,44.509,11.625,25.784,0.09,1.32,0.0
ATOM,7399.0,HD11,LEU,473.0,45.432,11.44,28.509,0.09,1.32,0.0
ATOM,7400.0,HD12,LEU,473.0,44.476,10.331,27.785,0.09,1.32,0.03
ATOM,7401.0,HD13,LEU,473.0,46.012,10.543,27.273,0.09,1.32,0.0
ATOM,7402.0,HD21,LEU,473.0,43.18,13.444,26.468,0.09,1.32,0.0
ATOM,7403.0,HD22,LEU,473.0,42.742,12.1,27.287,0.09,1.32,0.56
ATOM,7404.0,HD23,LEU,473.0,43.67,13.232,28.012,0.09,1.32,0.0
ATOM,7405.0,N,PRO,474.0,46.724,16.023,26.337,-0.29,1.85,0.0
ATOM,7406.0,CA,PRO,474.0,47.78,17.031,26.481,0.02,2.275,0.0
ATOM,7407.0,C,PRO,474.0,48.975,16.411,27.192,0.51,2.0,0.0
ATOM,7408.0,O,PRO,474.0,48.892,16.058,28.362,-0.51,1.7,0.0
ATOM,7409.0,CB,PRO,474.0,47.107,18.117,27.312,-0.18,2.175,0.0
ATOM,7410.0,CG,PRO,474.0,46.196,17.333,28.199,-0.18,2.175,0.0
ATOM,7411.0,CD,PRO,474.0,45.6,16.309,27.247,0.0,2.175,0.0
ATOM,7412.0,HA,PRO,474.0,48.044,17.401,25.591,0.09,1.32,0.0
ATOM,7413.0,HB2,PRO,474.0,47.778,18.623,27.847,0.09,1.32,0.0
ATOM,7414.0,HB3,PRO,474.0,46.592,18.741,26.732,0.09,1.32,0.0
ATOM,7415.0,HG2,PRO,474.0,46.705,16.883,28.923,0.09,1.32,0.0
ATOM,7416.0,HG3,PRO,474.0,45.485,17.913,28.579,0.09,1.32,0.0
ATOM,7417.0,HD2,PRO,474.0,45.321,15.487,27.733,0.09,1.32,0.0
ATOM,7418.0,HD3,PRO,474.0,44.827,16.691,26.747,0.09,1.32,0.0
ATOM,7419.0,N,ALA,475.0,50.086,16.273,26.478,-0.47,1.85,0.0
ATOM,7420.0,CA,ALA,475.0,51.291,15.689,27.055,0.07,2.275,0.0
ATOM,7421.0,C,ALA,475.0,51.801,16.472,28.259,0.51,2.0,0.0
ATOM,7422.0,O,ALA,475.0,51.721,17.697,28.297,-0.51,1.7,1.16
ATOM,7423.0,CB,ALA,475.0,52.384,15.603,26.003,-0.27,2.06,3.02
ATOM,7424.0,H,ALA,475.0,50.023,16.608,25.499,0.31,0.2245,0.0
ATOM,7425.0,HA,ALA,475.0,51.082,14.742,27.353,0.09,1.32,0.0
ATOM,7426.0,HB1,ALA,475.0,52.339,14.715,25.545,0.09,1.32,0.0
ATOM,7427.0,HB2,ALA,475.0,52.258,16.331,25.328,0.09,1.32,0.0
ATOM,7428.0,HB3,ALA,475.0,53.278,15.706,26.439,0.09,1.32,0.25
ATOM,7429.0,N,GLU,476.0,52.308,15.742,29.248,-0.47,1.85,0.0
ATOM,7430.0,CA,GLU,476.0,52.883,16.335,30.456,0.07,2.275,0.0
ATOM,7431.0,C,GLU,476.0,51.983,17.226,31.301,0.51,2.0,0.0
ATOM,7432.0,O,GLU,476.0,52.462,18.155,31.953,-0.51,1.7,13.39
ATOM,7433.0,CB,GLU,476.0,54.145,17.112,30.091,-0.18,2.175,1.23
ATOM,7434.0,CG,GLU,476.0,55.292,16.24,29.627,-0.28,2.175,3.06
ATOM,7435.0,CD,GLU,476.0,56.459,17.056,29.093,0.62,2.0,3.43
ATOM,7436.0,OE1,GLU,476.0,57.594,16.526,29.07,-0.76,1.7,25.89
ATOM,7437.0,OE2,GLU,476.0,56.237,18.22,28.686,-0.76,1.7,31.19
ATOM,7438.0,H,GLU,476.0,52.261,14.71,29.09,0.31,0.2245,0.0
ATOM,7439.0,HA,GLU,476.0,53.256,15.575,31.053,0.09,1.32,0.0
ATOM,7440.0,HB2,GLU,476.0,53.916,17.725,29.354,0.09,1.32,0.0
ATOM,7441.0,HB3,GLU,476.0,54.442,17.597,30.895,0.09,1.32,6.57
ATOM,7442.0,HG2,GLU,476.0,55.621,15.723,30.393,0.09,1.32,5.84
ATOM,7443.0,HG3,GLU,476.0,54.975,15.668,28.895,0.09,1.32,0.0
ATOM,7444.0,N,ARG,477.0,50.687,16.951,31.293,-0.47,1.85,0.0
ATOM,7445.0,CA,ARG,477.0,49.741,17.719,32.091,0.07,2.275,0.13
ATOM,7446.0,C,ARG,477.0,48.998,16.731,32.971,0.51,2.0,0.0
ATOM,7447.0,O,ARG,477.0,48.789,15.583,32.584,-0.51,1.7,0.0
ATOM,7448.0,CB,ARG,477.0,48.744,18.453,31.194,-0.18,2.175,0.0
ATOM,7449.0,CG,ARG,477.0,49.36,19.508,30.279,-0.18,2.175,0.0
ATOM,7450.0,CD,ARG,477.0,49.813,20.728,31.068,0.2,2.175,3.36
ATOM,7451.0,NE,ARG,477.0,50.388,21.746,30.197,-0.7,1.85,0.67
ATOM,7452.0,CZ,ARG,477.0,51.556,21.63,29.576,0.64,2.0,0.72
ATOM,7453.0,NH1,ARG,477.0,52.293,20.535,29.732,-0.8,1.85,4.3
ATOM,7454.0,NH2,ARG,477.0,51.982,22.606,28.788,-0.8,1.85,0.01
ATOM,7455.0,H,ARG,477.0,50.41,16.158,30.682,0.31,0.2245,0.0
ATOM,7456.0,HA,ARG,477.0,50.242,18.352,32.668,0.09,1.32,2.0
ATOM,7457.0,HB2,ARG,477.0,48.285,17.779,30.618,0.09,1.32,0.0
ATOM,7458.0,HB3,ARG,477.0,48.074,18.908,31.777,0.09,1.32,0.0
ATOM,7459.0,HG2,ARG,477.0,50.153,19.123,29.818,0.09,1.32,0.0
ATOM,7460.0,HG3,ARG,477.0,48.683,19.803,29.613,0.09,1.32,0.0
ATOM,7461.0,HD2,ARG,477.0,49.02,21.103,31.537,0.09,1.32,0.0
ATOM,7462.0,HD3,ARG,477.0,50.497,20.431,31.727,0.09,1.32,2.67
ATOM,7463.0,HE,ARG,477.0,49.864,22.596,30.056,0.44,0.2245,0.0
ATOM,7464.0,HH11,ARG,477.0,51.975,19.779,30.297,0.46,0.2245,0.0
ATOM,7465.0,HH12,ARG,477.0,53.185,20.468,29.271,0.46,0.2245,2.98
ATOM,7466.0,HH21,ARG,477.0,51.413,23.42,28.648,0.46,0.2245,0.0
ATOM,7467.0,HH22,ARG,477.0,52.868,22.535,28.332,0.46,0.2245,2.51
ATOM,7468.0,N,ASN,478.0,48.608,17.165,34.162,-0.47,1.85,0.1
ATOM,7469.0,CA,ASN,478.0,47.87,16.295,35.06,0.07,2.275,0.0
ATOM,7470.0,C,ASN,478.0,46.409,16.302,34.651,0.51,2.0,0.0
ATOM,7471.0,O,ASN,478.0,45.864,17.341,34.279,-0.51,1.7,4.59
ATOM,7472.0,CB,ASN,478.0,48.008,16.769,36.505,-0.18,2.175,11.59
ATOM,7473.0,CG,ASN,478.0,49.429,16.675,37.005,0.55,2.0,0.85
ATOM,7474.0,OD1,ASN,478.0,49.967,17.629,37.56,-0.55,1.7,41.12
ATOM,7475.0,ND2,ASN,478.0,50.049,15.521,36.808,-0.62,1.85,0.26
ATOM,7476.0,H,ASN,478.0,48.867,18.14,34.384,0.31,0.2245,6.98
ATOM,7477.0,HA,ASN,478.0,48.21,15.365,34.922,0.09,1.32,0.0
ATOM,7478.0,HB2,ASN,478.0,47.713,17.719,36.554,0.09,1.32,8.54
ATOM,7479.0,HB3,ASN,478.0,47.427,16.199,37.079,0.09,1.32,0.37
ATOM,7480.0,HD22,ASN,478.0,49.576,14.77,36.343,0.3,0.2245,0.0
ATOM,7481.0,HD21,ASN,478.0,50.991,15.396,37.122,0.32,0.2245,7.26
ATOM,7482.0,N,ILE,479.0,45.777,15.139,34.701,-0.47,1.85,0.02
ATOM,7483.0,CA,ILE,479.0,44.373,15.046,34.337,0.07,2.275,0.0
ATOM,7484.0,C,ILE,479.0,43.638,14.076,35.234,0.51,2.0,0.0
ATOM,7485.0,O,ILE,479.0,44.224,13.144,35.8,-0.51,1.7,0.0
ATOM,7486.0,CB,ILE,479.0,44.17,14.532,32.898,-0.09,2.275,0.0
ATOM,7487.0,CG1,ILE,479.0,44.774,13.132,32.769,-0.18,2.175,0.0
ATOM,7488.0,CG2,ILE,479.0,44.774,15.5,31.893,-0.27,2.06,0.0
ATOM,7489.0,CD1,ILE,479.0,44.412,12.426,31.488,-0.27,2.06,0.93
ATOM,7490.0,H,ILE,479.0,46.348,14.337,35.009,0.31,0.2245,0.0
ATOM,7491.0,HA,ILE,479.0,43.977,15.957,34.506,0.09,1.32,0.0
ATOM,7492.0,HB,ILE,479.0,43.197,14.464,32.732,0.09,1.32,0.0
ATOM,7493.0,HG12,ILE,479.0,45.769,13.212,32.829,0.09,1.32,0.0
ATOM,7494.0,HG13,ILE,479.0,44.454,12.583,33.542,0.09,1.32,0.0
ATOM,7495.0,HG21,ILE,479.0,44.604,15.169,30.966,0.09,1.32,0.0
ATOM,7496.0,HG22,ILE,479.0,44.358,16.401,32.005,0.09,1.32,0.0
ATOM,7497.0,HG23,ILE,479.0,45.759,15.568,32.045,0.09,1.32,0.0
ATOM,7498.0,HD11,ILE,479.0,44.737,12.961,30.708,0.09,1.32,0.0
ATOM,7499.0,HD12,ILE,479.0,44.839,11.522,31.472,0.09,1.32,0.0
ATOM,7500.0,HD13,ILE,479.0,43.419,12.325,31.431,0.09,1.32,0.09
ATOM,7501.0,N,GLU,480.0,42.341,14.31,35.346,-0.47,1.85,0.0
ATOM,7502.0,CA,GLU,480.0,41.462,13.453,36.108,0.07,2.275,0.0
ATOM,7503.0,C,GLU,480.0,40.325,13.176,35.154,0.51,2.0,0.0
ATOM,7504.0,O,GLU,480.0,39.956,14.037,34.355,-0.51,1.7,0.0
ATOM,7505.0,CB,GLU,480.0,40.942,14.165,37.342,-0.18,2.175,0.0
ATOM,7506.0,CG,GLU,480.0,41.988,14.38,38.402,-0.28,2.175,4.66
ATOM,7507.0,CD,GLU,480.0,41.448,15.199,39.545,0.62,2.0,3.26
ATOM,7508.0,OE1,GLU,480.0,41.127,16.383,39.313,-0.76,1.7,21.48
ATOM,7509.0,OE2,GLU,480.0,41.332,14.658,40.667,-0.76,1.7,31.33
ATOM,7510.0,H,GLU,480.0,42.012,15.164,34.838,0.31,0.2245,0.0
ATOM,7511.0,HA,GLU,480.0,41.917,12.616,36.341,0.09,1.32,0.0
ATOM,7512.0,HB2,GLU,480.0,40.61,15.05,37.062,0.09,1.32,0.0
ATOM,7513.0,HB3,GLU,480.0,40.226,13.611,37.731,0.09,1.32,0.0
ATOM,7514.0,HG2,GLU,480.0,42.254,13.508,38.76,0.09,1.32,0.04
ATOM,7515.0,HG3,GLU,480.0,42.736,14.875,38.009,0.09,1.32,1.46
ATOM,7516.0,N,PHE,481.0,39.789,11.967,35.22,-0.47,1.85,0.0
ATOM,7517.0,CA,PHE,481.0,38.695,11.583,34.354,0.07,2.275,0.0
ATOM,7518.0,C,PHE,481.0,37.961,10.398,34.945,0.51,2.0,0.0
ATOM,7519.0,O,PHE,481.0,38.421,9.782,35.905,-0.51,1.7,0.0
ATOM,7520.0,CB,PHE,481.0,39.218,11.214,32.957,-0.18,2.175,0.03
ATOM,7521.0,CG,PHE,481.0,40.154,10.025,32.936,0.0,1.9924,0.53
ATOM,7522.0,CD1,PHE,481.0,41.513,10.179,33.197,-0.115,1.9924,0.05
ATOM,7523.0,CD2,PHE,481.0,39.674,8.75,32.63,-0.115,1.9924,0.24
ATOM,7524.0,CE1,PHE,481.0,42.39,9.079,33.145,-0.115,1.9924,0.29
ATOM,7525.0,CE2,PHE,481.0,40.535,7.645,32.577,-0.115,1.9924,0.0
ATOM,7526.0,CZ,PHE,481.0,41.896,7.81,32.832,-0.115,1.9924,0.0
ATOM,7527.0,H,PHE,481.0,40.213,11.338,35.929,0.31,0.2245,0.0
ATOM,7528.0,HA,PHE,481.0,38.046,12.35,34.338,0.09,1.32,0.0
ATOM,7529.0,HB2,PHE,481.0,38.438,10.995,32.39,0.09,1.32,0.0
ATOM,7530.0,HB3,PHE,481.0,39.712,11.995,32.603,0.09,1.32,0.0
ATOM,7531.0,HD1,PHE,481.0,41.88,11.074,33.426,0.115,1.3582,0.0
ATOM,7532.0,HD2,PHE,481.0,38.7,8.62,32.446,0.115,1.3582,0.0
ATOM,7533.0,HE1,PHE,481.0,43.364,9.218,33.332,0.115,1.3582,0.0
ATOM,7534.0,HE2,PHE,481.0,40.162,6.734,32.352,0.115,1.3582,0.0
ATOM,7535.0,HZ,PHE,481.0,42.515,7.032,32.793,0.115,1.3582,0.0
ATOM,7536.0,N,LYS,482.0,36.805,10.101,34.369,-0.47,1.85,0.0
ATOM,7537.0,CA,LYS,482.0,35.996,8.971,34.781,0.07,2.275,0.0
ATOM,7538.0,C,LYS,482.0,35.24,8.503,33.564,0.51,2.0,0.0
ATOM,7539.0,O,LYS,482.0,34.891,9.303,32.696,-0.51,1.7,0.0
ATOM,7540.0,CB,LYS,482.0,34.993,9.365,35.868,-0.18,2.175,0.0
ATOM,7541.0,CG,LYS,482.0,35.619,9.593,37.224,-0.18,2.175,0.0
ATOM,7542.0,CD,LYS,482.0,34.58,9.877,38.3,-0.18,2.175,3.47
ATOM,7543.0,CE,LYS,482.0,33.638,8.706,38.492,0.21,2.175,0.0
ATOM,7544.0,NZ,LYS,482.0,33.039,8.684,39.86,-0.3,1.85,7.95
ATOM,7545.0,H,LYS,482.0,36.53,10.75,33.595,0.31,0.2245,0.0
ATOM,7546.0,HA,LYS,482.0,36.592,8.24,35.097,0.09,1.32,0.0
ATOM,7547.0,HB2,LYS,482.0,34.541,10.207,35.58,0.09,1.32,0.0
ATOM,7548.0,HB3,LYS,482.0,34.319,8.632,35.947,0.09,1.32,0.0
ATOM,7549.0,HG2,LYS,482.0,36.14,8.776,37.49,0.09,1.32,0.0
ATOM,7550.0,HG3,LYS,482.0,36.248,10.374,37.172,0.09,1.32,0.0
ATOM,7551.0,HD2,LYS,482.0,35.051,10.054,39.16,0.09,1.32,0.24
ATOM,7552.0,HD3,LYS,482.0,34.048,10.674,38.03,0.09,1.32,3.6
ATOM,7553.0,HE2,LYS,482.0,32.899,8.764,37.814,0.05,1.32,0.0
ATOM,7554.0,HE3,LYS,482.0,34.143,7.85,38.344,0.05,1.32,0.0
ATOM,7555.0,HZ1,LYS,482.0,32.612,9.567,40.046,0.33,0.2245,16.92
ATOM,7556.0,HZ2,LYS,482.0,32.352,7.961,39.907,0.33,0.2245,4.47
ATOM,7557.0,HZ3,LYS,482.0,33.758,8.509,40.531,0.33,0.2245,4.51
ATOM,7558.0,N,ALA,483.0,35.009,7.203,33.482,-0.47,1.85,0.0
ATOM,7559.0,CA,ALA,483.0,34.242,6.667,32.375,0.07,2.275,0.0
ATOM,7560.0,C,ALA,483.0,32.809,6.676,32.886,0.51,2.0,0.0
ATOM,7561.0,O,ALA,483.0,32.584,6.736,34.09,-0.51,1.7,0.0
ATOM,7562.0,CB,ALA,483.0,34.686,5.245,32.056,-0.27,2.06,0.0
ATOM,7563.0,H,ALA,483.0,35.406,6.632,34.243,0.31,0.2245,0.0
ATOM,7564.0,HA,ALA,483.0,34.308,7.274,31.606,0.09,1.32,0.0
ATOM,7565.0,HB1,ALA,483.0,35.29,5.255,31.26,0.09,1.32,0.0
ATOM,7566.0,HB2,ALA,483.0,35.175,4.865,32.84,0.09,1.32,0.0
ATOM,7567.0,HB3,ALA,483.0,33.884,4.682,31.859,0.09,1.32,0.0
ATOM,7568.0,N,PHE,484.0,31.841,6.665,31.98,-0.47,1.85,0.0
ATOM,7569.0,CA,PHE,484.0,30.444,6.63,32.374,0.07,2.275,0.0
ATOM,7570.0,C,PHE,484.0,29.662,5.958,31.266,0.51,2.0,0.0
ATOM,7571.0,O,PHE,484.0,30.104,5.926,30.121,-0.51,1.7,0.0
ATOM,7572.0,CB,PHE,484.0,29.881,8.035,32.673,-0.18,2.175,0.0
ATOM,7573.0,CG,PHE,484.0,29.817,8.962,31.481,0.0,1.9924,0.0
ATOM,7574.0,CD1,PHE,484.0,30.924,9.726,31.11,-0.115,1.9924,0.0
ATOM,7575.0,CD2,PHE,484.0,28.634,9.117,30.768,-0.115,1.9924,0.0
ATOM,7576.0,CE1,PHE,484.0,30.848,10.632,30.048,-0.115,1.9924,0.0
ATOM,7577.0,CE2,PHE,484.0,28.547,10.019,29.706,-0.115,1.9924,0.0
ATOM,7578.0,CZ,PHE,484.0,29.658,10.777,29.347,-0.115,1.9924,0.0
ATOM,7579.0,H,PHE,484.0,32.162,6.683,30.995,0.31,0.2245,0.0
ATOM,7580.0,HA,PHE,484.0,30.379,6.04,33.176,0.09,1.32,0.0
ATOM,7581.0,HB2,PHE,484.0,28.96,7.92,33.021,0.09,1.32,0.0
ATOM,7582.0,HB3,PHE,484.0,30.467,8.453,33.354,0.09,1.32,0.0
ATOM,7583.0,HD1,PHE,484.0,31.782,9.628,31.603,0.115,1.3582,0.0
ATOM,7584.0,HD2,PHE,484.0,27.831,8.574,31.017,0.115,1.3582,0.0
ATOM,7585.0,HE1,PHE,484.0,31.658,11.173,29.802,0.115,1.3582,0.0
ATOM,7586.0,HE2,PHE,484.0,27.676,10.117,29.204,0.115,1.3582,0.0
ATOM,7587.0,HZ,PHE,484.0,29.602,11.423,28.588,0.115,1.3582,0.0
ATOM,7588.0,N,ILE,485.0,28.513,5.396,31.617,-0.47,1.85,0.0
ATOM,7589.0,CA,ILE,485.0,27.689,4.703,30.645,0.07,2.275,0.0
ATOM,7590.0,C,ILE,485.0,26.524,5.565,30.184,0.51,2.0,0.0
ATOM,7591.0,O,ILE,485.0,25.847,6.203,30.99,-0.51,1.7,0.0
ATOM,7592.0,CB,ILE,485.0,27.158,3.368,31.228,-0.09,2.275,0.0
ATOM,7593.0,CG1,ILE,485.0,28.331,2.41,31.471,-0.18,2.175,0.0
ATOM,7594.0,CG2,ILE,485.0,26.156,2.737,30.278,-0.27,2.06,0.0
ATOM,7595.0,CD1,ILE,485.0,27.944,1.101,32.133,-0.27,2.06,0.78
ATOM,7596.0,H,ILE,485.0,28.265,5.494,32.619,0.31,0.2245,0.0
ATOM,7597.0,HA,ILE,485.0,28.27,4.549,29.836,0.09,1.32,0.0
ATOM,7598.0,HB,ILE,485.0,26.735,3.566,32.1,0.09,1.32,0.0
ATOM,7599.0,HG12,ILE,485.0,28.764,2.213,30.591,0.09,1.32,0.0
ATOM,7600.0,HG13,ILE,485.0,28.999,2.877,32.053,0.09,1.32,0.0
ATOM,7601.0,HG21,ILE,485.0,25.807,1.888,30.673,0.09,1.32,0.0
ATOM,7602.0,HG22,ILE,485.0,25.396,3.367,30.125,0.09,1.32,0.0
ATOM,7603.0,HG23,ILE,485.0,26.6,2.537,29.406,0.09,1.32,0.0
ATOM,7604.0,HD11,ILE,485.0,27.288,0.62,31.554,0.09,1.32,0.0
ATOM,7605.0,HD12,ILE,485.0,28.76,0.539,32.254,0.09,1.32,0.0
ATOM,7606.0,HD13,ILE,485.0,27.532,1.291,33.022,0.09,1.32,0.03
ATOM,7607.0,N,LYS,486.0,26.308,5.589,28.875,-0.47,1.85,0.0
ATOM,7608.0,CA,LYS,486.0,25.217,6.353,28.294,0.07,2.275,0.0
ATOM,7609.0,C,LYS,486.0,24.217,5.345,27.748,0.51,2.0,0.0
ATOM,7610.0,O,LYS,486.0,24.58,4.457,26.979,-0.51,1.7,0.16
ATOM,7611.0,CB,LYS,486.0,25.738,7.244,27.161,-0.18,2.175,0.0
ATOM,7612.0,CG,LYS,486.0,25.155,8.649,27.144,-0.18,2.175,0.0
ATOM,7613.0,CD,LYS,486.0,25.866,9.524,26.114,-0.18,2.175,0.0
ATOM,7614.0,CE,LYS,486.0,25.509,10.996,26.288,0.21,2.175,2.69
ATOM,7615.0,NZ,LYS,486.0,26.284,11.892,25.387,-0.3,1.85,3.34
ATOM,7616.0,H,LYS,486.0,26.976,5.023,28.313,0.31,0.2245,0.0
ATOM,7617.0,HA,LYS,486.0,24.778,6.89,29.003,0.09,1.32,0.0
ATOM,7618.0,HB2,LYS,486.0,26.731,7.317,27.255,0.09,1.32,0.0
ATOM,7619.0,HB3,LYS,486.0,25.517,6.801,26.292,0.09,1.32,1.39
ATOM,7620.0,HG2,LYS,486.0,24.187,8.599,26.908,0.09,1.32,0.0
ATOM,7621.0,HG3,LYS,486.0,25.264,9.061,28.045,0.09,1.32,0.0
ATOM,7622.0,HD2,LYS,486.0,26.848,9.42,26.229,0.09,1.32,0.0
ATOM,7623.0,HD3,LYS,486.0,25.59,9.237,25.204,0.09,1.32,5.74
ATOM,7624.0,HE2,LYS,486.0,24.525,11.114,26.104,0.05,1.32,1.19
ATOM,7625.0,HE3,LYS,486.0,25.683,11.26,27.245,0.05,1.32,0.0
ATOM,7626.0,HZ1,LYS,486.0,26.591,12.693,25.9,0.33,0.2245,0.0
ATOM,7627.0,HZ2,LYS,486.0,27.077,11.399,25.031,0.33,0.2245,0.63
ATOM,7628.0,HZ3,LYS,486.0,25.702,12.183,24.628,0.33,0.2245,15.31
ATOM,7629.0,N,SER,487.0,22.962,5.475,28.164,-0.47,1.85,0.0
ATOM,7630.0,CA,SER,487.0,21.914,4.571,27.706,0.07,2.275,0.0
ATOM,7631.0,C,SER,487.0,21.632,4.832,26.231,0.51,2.0,0.0
ATOM,7632.0,O,SER,487.0,22.032,5.863,25.684,-0.51,1.7,5.14
ATOM,7633.0,CB,SER,487.0,20.639,4.788,28.515,0.05,2.175,4.18
ATOM,7634.0,OG,SER,487.0,20.129,6.09,28.29,-0.66,1.77,0.0
ATOM,7635.0,H,SER,487.0,22.798,6.256,28.826,0.31,0.2245,0.0
ATOM,7636.0,HA,SER,487.0,22.249,3.633,27.794,0.09,1.32,0.0
ATOM,7637.0,HB2,SER,487.0,19.96,4.121,28.232,0.09,1.32,4.27
ATOM,7638.0,HB3,SER,487.0,20.849,4.685,29.48,0.09,1.32,0.0
ATOM,7639.0,HG,SER,487.0,19.138,6.044,28.17,0.43,0.2245,0.0
ATOM,7640.0,N,LYS,488.0,20.938,3.901,25.588,-0.47,1.85,0.0
ATOM,7641.0,CA,LYS,488.0,20.62,4.05,24.177,0.07,2.275,0.89
ATOM,7642.0,C,LYS,488.0,19.811,5.317,23.908,0.51,2.0,0.0
ATOM,7643.0,O,LYS,488.0,19.817,5.837,22.793,-0.51,1.7,30.07
ATOM,7644.0,CB,LYS,488.0,19.858,2.82,23.678,-0.18,2.175,5.08
ATOM,7645.0,CG,LYS,488.0,18.55,2.544,24.402,-0.18,2.175,1.14
ATOM,7646.0,CD,LYS,488.0,17.92,1.253,23.887,-0.18,2.175,11.84
ATOM,7647.0,CE,LYS,488.0,16.521,1.039,24.451,0.21,2.175,22.73
ATOM,7648.0,NZ,LYS,488.0,15.572,2.092,23.984,-0.3,1.85,13.11
ATOM,7649.0,H,LYS,488.0,20.654,3.089,26.161,0.31,0.2245,1.55
ATOM,7650.0,HA,LYS,488.0,21.481,4.102,23.649,0.09,1.32,6.69
ATOM,7651.0,HB2,LYS,488.0,19.657,2.951,22.706,0.09,1.32,8.57
ATOM,7652.0,HB3,LYS,488.0,20.452,2.021,23.786,0.09,1.32,0.0
ATOM,7653.0,HG2,LYS,488.0,18.729,2.447,25.376,0.09,1.32,3.75
ATOM,7654.0,HG3,LYS,488.0,17.919,3.296,24.24,0.09,1.32,0.13
ATOM,7655.0,HD2,LYS,488.0,17.858,1.301,22.894,0.09,1.32,8.55
ATOM,7656.0,HD3,LYS,488.0,18.492,0.485,24.159,0.09,1.32,0.92
ATOM,7657.0,HE2,LYS,488.0,16.186,0.141,24.157,0.05,1.32,11.95
ATOM,7658.0,HE3,LYS,488.0,16.567,1.06,25.452,0.05,1.32,10.96
ATOM,7659.0,HZ1,LYS,488.0,15.993,2.608,23.239,0.33,0.2245,12.27
ATOM,7660.0,HZ2,LYS,488.0,14.732,1.659,23.66,0.33,0.2245,20.52
ATOM,7661.0,HZ3,LYS,488.0,15.363,2.707,24.743,0.33,0.2245,12.26
ATOM,7662.0,N,ASP,489.0,19.127,5.822,24.934,-0.47,1.85,0.0
ATOM,7663.0,CA,ASP,489.0,18.321,7.026,24.774,0.07,2.275,2.98
ATOM,7664.0,C,ASP,489.0,19.109,8.309,25.05,0.51,2.0,1.46
ATOM,7665.0,O,ASP,489.0,18.575,9.409,24.927,-0.51,1.7,25.98
ATOM,7666.0,CB,ASP,489.0,17.074,6.96,25.671,-0.28,2.175,19.63
ATOM,7667.0,CG,ASP,489.0,17.407,7.018,27.151,0.62,2.0,3.13
ATOM,7668.0,OD1,ASP,489.0,17.951,8.048,27.605,-0.76,1.7,2.65
ATOM,7669.0,OD2,ASP,489.0,17.116,6.032,27.865,-0.76,1.7,27.31
ATOM,7670.0,H,ASP,489.0,19.217,5.301,25.821,0.31,0.2245,0.0
ATOM,7671.0,HA,ASP,489.0,18.029,7.065,23.805,0.09,1.32,8.01
ATOM,7672.0,HB2,ASP,489.0,16.494,7.733,25.442,0.09,1.32,8.87
ATOM,7673.0,HB3,ASP,489.0,16.607,6.105,25.48,0.09,1.32,1.51
ATOM,7674.0,N,GLY,490.0,20.376,8.163,25.43,-0.47,1.85,0.37
ATOM,7675.0,CA,GLY,490.0,21.21,9.329,25.682,-0.02,2.175,11.68
ATOM,7676.0,C,GLY,490.0,21.381,9.829,27.109,0.51,2.0,0.51
ATOM,7677.0,O,GLY,490.0,22.046,10.842,27.323,-0.51,1.7,12.18
ATOM,7678.0,H,GLY,490.0,20.699,7.189,25.525,0.31,0.2245,0.0
ATOM,7679.0,HA2,GLY,490.0,22.157,9.149,25.281,0.09,1.32,2.91
ATOM,7680.0,HA3,GLY,490.0,20.858,10.119,25.097,0.09,1.32,9.32
ATOM,7681.0,N,THR,491.0,20.793,9.149,28.089,-0.47,1.85,0.0
ATOM,7682.0,CA,THR,491.0,20.938,9.589,29.475,0.07,2.275,0.0
ATOM,7683.0,C,THR,491.0,22.076,8.861,30.181,0.51,2.0,0.0
ATOM,7684.0,O,THR,491.0,22.358,7.698,29.893,-0.51,1.7,0.0
ATOM,7685.0,CB,THR,491.0,19.638,9.377,30.283,0.14,2.275,4.61
ATOM,7686.0,OG1,THR,491.0,19.187,8.029,30.125,-0.66,1.77,11.15
ATOM,7687.0,CG2,THR,491.0,18.555,10.335,29.811,-0.27,2.06,35.25
ATOM,7688.0,H,THR,491.0,20.253,8.326,27.799,0.31,0.2245,0.0
ATOM,7689.0,HA,THR,491.0,21.145,10.577,29.476,0.09,1.32,2.71
ATOM,7690.0,HB,THR,491.0,19.839,9.534,31.271,0.09,1.32,6.6
ATOM,7691.0,HG21,THR,491.0,17.657,9.896,29.884,0.09,1.32,8.84
ATOM,7692.0,HG22,THR,491.0,18.563,11.163,30.377,0.09,1.32,12.09
ATOM,7693.0,HG23,THR,491.0,18.719,10.589,28.855,0.09,1.32,2.9
ATOM,7694.0,HG1,THR,491.0,18.747,7.909,29.228,0.43,0.2245,0.0
ATOM,7695.0,N,VAL,492.0,22.732,9.559,31.097,-0.47,1.85,0.06
ATOM,7696.0,CA,VAL,492.0,23.843,8.997,31.847,0.07,2.275,0.0
ATOM,7697.0,C,VAL,492.0,23.314,7.994,32.859,0.51,2.0,0.0
ATOM,7698.0,O,VAL,492.0,22.64,8.372,33.809,-0.51,1.7,19.98
ATOM,7699.0,CB,VAL,492.0,24.613,10.103,32.6,-0.09,2.275,2.17
ATOM,7700.0,CG1,VAL,492.0,25.7,9.489,33.461,-0.27,2.06,3.1
ATOM,7701.0,CG2,VAL,492.0,25.21,11.086,31.607,-0.27,2.06,3.74
ATOM,7702.0,H,VAL,492.0,22.386,10.534,31.231,0.31,0.2245,5.28
ATOM,7703.0,HA,VAL,492.0,24.439,8.508,31.208,0.09,1.32,0.0
ATOM,7704.0,HB,VAL,492.0,23.971,10.552,33.212,0.09,1.32,8.34
ATOM,7705.0,HG11,VAL,492.0,26.16,10.207,33.985,0.09,1.32,0.01
ATOM,7706.0,HG12,VAL,492.0,25.295,8.827,34.093,0.09,1.32,0.65
ATOM,7707.0,HG13,VAL,492.0,26.369,9.025,32.879,0.09,1.32,0.0
ATOM,7708.0,HG21,VAL,492.0,25.715,10.583,30.906,0.09,1.32,0.0
ATOM,7709.0,HG22,VAL,492.0,24.475,11.612,31.178,0.09,1.32,0.24
ATOM,7710.0,HG23,VAL,492.0,25.83,11.707,32.087,0.09,1.32,0.47
ATOM,7711.0,N,LYS,493.0,23.62,6.712,32.655,-0.47,1.85,0.0
ATOM,7712.0,CA,LYS,493.0,23.149,5.681,33.574,0.07,2.275,0.6
ATOM,7713.0,C,LYS,493.0,23.987,5.573,34.844,0.51,2.0,0.0
ATOM,7714.0,O,LYS,493.0,23.453,5.632,35.947,-0.51,1.7,28.86
ATOM,7715.0,CB,LYS,493.0,23.095,4.319,32.879,-0.18,2.175,1.24
ATOM,7716.0,CG,LYS,493.0,22.113,4.263,31.712,-0.18,2.175,1.2
ATOM,7717.0,CD,LYS,493.0,21.493,2.872,31.538,-0.18,2.175,9.94
ATOM,7718.0,CE,LYS,493.0,22.535,1.78,31.326,0.21,2.175,2.1
ATOM,7719.0,NZ,LYS,493.0,21.892,0.443,31.173,-0.3,1.85,3.28
ATOM,7720.0,H,LYS,493.0,24.196,6.524,31.822,0.31,0.2245,0.0
ATOM,7721.0,HA,LYS,493.0,22.19,5.894,33.838,0.09,1.32,7.13
ATOM,7722.0,HB2,LYS,493.0,24.004,4.109,32.531,0.09,1.32,0.0
ATOM,7723.0,HB3,LYS,493.0,22.821,3.636,33.551,0.09,1.32,6.18
ATOM,7724.0,HG2,LYS,493.0,21.376,4.923,31.873,0.09,1.32,3.48
ATOM,7725.0,HG3,LYS,493.0,22.593,4.506,30.867,0.09,1.32,0.0
ATOM,7726.0,HD2,LYS,493.0,20.966,2.655,32.359,0.09,1.32,10.32
ATOM,7727.0,HD3,LYS,493.0,20.886,2.891,30.745,0.09,1.32,1.76
ATOM,7728.0,HE2,LYS,493.0,23.06,1.989,30.501,0.05,1.32,0.0
ATOM,7729.0,HE3,LYS,493.0,23.15,1.761,32.115,0.05,1.32,3.4
ATOM,7730.0,HZ1,LYS,493.0,22.194,0.028,30.316,0.33,0.2245,0.0
ATOM,7731.0,HZ2,LYS,493.0,22.156,-0.14,31.94,0.33,0.2245,13.05
ATOM,7732.0,HZ3,LYS,493.0,20.899,0.554,31.161,0.33,0.2245,12.03
ATOM,7733.0,N,SER,494.0,25.297,5.423,34.696,-0.47,1.85,0.0
ATOM,7734.0,CA,SER,494.0,26.169,5.302,35.858,0.07,2.275,0.02
ATOM,7735.0,C,SER,494.0,27.586,5.788,35.58,0.51,2.0,0.0
ATOM,7736.0,O,SER,494.0,27.981,5.955,34.423,-0.51,1.7,0.0
ATOM,7737.0,CB,SER,494.0,26.207,3.846,36.319,0.05,2.175,19.51
ATOM,7738.0,OG,SER,494.0,26.507,2.988,35.233,-0.66,1.77,4.91
ATOM,7739.0,H,SER,494.0,25.632,5.4,33.72,0.31,0.2245,0.0
ATOM,7740.0,HA,SER,494.0,25.785,5.877,36.599,0.09,1.32,4.59
ATOM,7741.0,HB2,SER,494.0,26.91,3.747,37.015,0.09,1.32,2.55
ATOM,7742.0,HB3,SER,494.0,25.317,3.603,36.688,0.09,1.32,7.4
ATOM,7743.0,HG,SER,494.0,27.092,3.468,34.58,0.43,0.2245,0.0
ATOM,7744.0,N,TRP,495.0,28.346,6.005,36.649,-0.47,1.85,0.0
ATOM,7745.0,CA,TRP,495.0,29.723,6.473,36.543,0.07,2.275,0.0
ATOM,7746.0,C,TRP,495.0,30.727,5.457,37.065,0.51,2.0,0.0
ATOM,7747.0,O,TRP,495.0,30.382,4.562,37.829,-0.51,1.7,9.34
ATOM,7748.0,CB,TRP,495.0,29.918,7.762,37.338,-0.18,2.175,1.97
ATOM,7749.0,CG,TRP,495.0,29.272,8.964,36.756,-0.03,1.9924,0.79
ATOM,7750.0,CD1,TRP,495.0,27.951,9.311,36.83,0.035,1.9924,12.24
ATOM,7751.0,CD2,TRP,495.0,29.919,10.0,36.011,-0.02,1.8,1.74
ATOM,7752.0,NE1,TRP,495.0,27.741,10.505,36.177,-0.61,1.85,6.24
ATOM,7753.0,CE2,TRP,495.0,28.933,10.947,35.665,0.13,1.8,1.64
ATOM,7754.0,CE3,TRP,495.0,31.241,10.218,35.601,-0.115,1.9924,1.86
ATOM,7755.0,CZ2,TRP,495.0,29.228,12.098,34.927,-0.115,1.9924,10.68
ATOM,7756.0,CZ3,TRP,495.0,31.534,11.363,34.866,-0.115,1.9924,1.49
ATOM,7757.0,CH2,TRP,495.0,30.531,12.288,34.539,-0.115,1.9924,5.17
ATOM,7758.0,H,TRP,495.0,27.877,5.813,37.56,0.31,0.2245,7.62
ATOM,7759.0,HA,TRP,495.0,29.921,6.621,35.561,0.09,1.32,0.0
ATOM,7760.0,HB2,TRP,495.0,29.54,7.632,38.256,0.09,1.32,7.87
ATOM,7761.0,HB3,TRP,495.0,30.899,7.95,37.406,0.09,1.32,0.0
ATOM,7762.0,HD1,TRP,495.0,27.243,8.78,37.288,0.115,1.3582,8.96
ATOM,7763.0,HE1,TRP,495.0,26.863,10.973,36.09,0.38,0.2245,13.07
ATOM,7764.0,HE3,TRP,495.0,31.963,9.571,35.828,0.115,1.3582,0.0
ATOM,7765.0,HZ2,TRP,495.0,28.501,12.751,34.697,0.115,1.3582,8.07
ATOM,7766.0,HZ3,TRP,495.0,32.469,11.522,34.571,0.115,1.3582,0.0
ATOM,7767.0,HH2,TRP,495.0,30.78,13.101,34.012,0.115,1.3582,0.0
ATOM,7768.0,N,GLN,496.0,31.98,5.62,36.654,-0.47,1.85,0.0
ATOM,7769.0,CA,GLN,496.0,33.045,4.745,37.11,0.07,2.275,0.0
ATOM,7770.0,C,GLN,496.0,33.142,4.949,38.623,0.51,2.0,0.0
ATOM,7771.0,O,GLN,496.0,32.95,6.059,39.118,-0.51,1.7,0.59
ATOM,7772.0,CB,GLN,496.0,34.358,5.129,36.427,-0.18,2.175,0.0
ATOM,7773.0,CG,GLN,496.0,35.521,4.21,36.737,-0.18,2.175,0.0
ATOM,7774.0,CD,GLN,496.0,36.722,4.485,35.856,0.55,2.0,0.0
ATOM,7775.0,OE1,GLN,496.0,36.769,5.486,35.14,-0.55,1.7,0.0
ATOM,7776.0,NE2,GLN,496.0,37.708,3.594,35.91,-0.62,1.85,0.0
ATOM,7777.0,H,GLN,496.0,32.124,6.409,35.995,0.31,0.2245,0.0
ATOM,7778.0,HA,GLN,496.0,32.773,3.808,36.95,0.09,1.32,0.0
ATOM,7779.0,HB2,GLN,496.0,34.214,5.128,35.433,0.09,1.32,0.0
ATOM,7780.0,HB3,GLN,496.0,34.608,6.06,36.715,0.09,1.32,0.0
ATOM,7781.0,HG2,GLN,496.0,35.79,4.34,37.69,0.09,1.32,0.0
ATOM,7782.0,HG3,GLN,496.0,35.232,3.264,36.596,0.09,1.32,0.0
ATOM,7783.0,HE21,GLN,496.0,38.542,3.704,35.336,0.32,0.2245,0.0
ATOM,7784.0,HE22,GLN,496.0,37.617,2.797,36.537,0.3,0.2245,0.0
ATOM,7785.0,N,THR,497.0,33.438,3.883,39.359,-0.47,1.85,0.0
ATOM,7786.0,CA,THR,497.0,33.52,3.965,40.816,0.07,2.275,0.6
ATOM,7787.0,C,THR,497.0,34.507,5.012,41.318,0.51,2.0,0.0
ATOM,7788.0,O,THR,497.0,34.131,5.96,42.009,-0.51,1.7,14.04
ATOM,7789.0,CB,THR,497.0,33.926,2.605,41.441,0.14,2.275,2.38
ATOM,7790.0,OG1,THR,497.0,33.055,1.57,40.96,-0.66,1.77,18.66
ATOM,7791.0,CG2,THR,497.0,33.833,2.675,42.965,-0.27,2.06,31.51
ATOM,7792.0,H,THR,497.0,33.601,3.011,38.825,0.31,0.2245,0.0
ATOM,7793.0,HA,THR,497.0,32.597,4.202,41.173,0.09,1.32,8.76
ATOM,7794.0,HB,THR,497.0,34.877,2.384,41.148,0.09,1.32,2.31
ATOM,7795.0,HG21,THR,497.0,34.676,2.319,43.37,0.09,1.32,5.02
ATOM,7796.0,HG22,THR,497.0,33.704,3.626,43.251,0.09,1.32,2.73
ATOM,7797.0,HG23,THR,497.0,33.057,2.127,43.28,0.09,1.32,10.34
ATOM,7798.0,HG1,THR,497.0,33.366,1.242,40.063,0.43,0.2245,0.0
ATOM,7799.0,N,ILE,498.0,35.772,4.831,40.973,-0.47,1.85,0.0
ATOM,7800.0,CA,ILE,498.0,36.805,5.753,41.415,0.07,2.275,0.0
ATOM,7801.0,C,ILE,498.0,37.269,6.677,40.309,0.51,2.0,0.0
ATOM,7802.0,O,ILE,498.0,37.413,6.261,39.163,-0.51,1.7,0.0
ATOM,7803.0,CB,ILE,498.0,38.029,4.982,41.956,-0.09,2.275,1.41
ATOM,7804.0,CG1,ILE,498.0,37.602,4.112,43.141,-0.18,2.175,14.98
ATOM,7805.0,CG2,ILE,498.0,39.12,5.953,42.365,-0.27,2.06,20.16
ATOM,7806.0,CD1,ILE,498.0,36.91,4.892,44.252,-0.27,2.06,30.93
ATOM,7807.0,H,ILE,498.0,35.954,4.003,40.381,0.31,0.2245,0.26
ATOM,7808.0,HA,ILE,498.0,36.379,6.337,42.123,0.09,1.32,0.47
ATOM,7809.0,HB,ILE,498.0,38.355,4.385,41.237,0.09,1.32,1.77
ATOM,7810.0,HG12,ILE,498.0,36.981,3.406,42.81,0.09,1.32,0.66
ATOM,7811.0,HG13,ILE,498.0,38.415,3.676,43.52,0.09,1.32,9.97
ATOM,7812.0,HG21,ILE,498.0,39.916,5.445,42.693,0.09,1.32,10.49
ATOM,7813.0,HG22,ILE,498.0,39.385,6.511,41.579,0.09,1.32,0.0
ATOM,7814.0,HG23,ILE,498.0,38.784,6.548,43.095,0.09,1.32,4.44
ATOM,7815.0,HD11,ILE,498.0,36.09,5.324,43.885,0.09,1.32,0.2
ATOM,7816.0,HD12,ILE,498.0,36.662,4.264,44.986,0.09,1.32,10.18
ATOM,7817.0,HD13,ILE,498.0,37.534,5.588,44.599,0.09,1.32,6.03
ATOM,7818.0,N,GLN,499.0,37.506,7.935,40.658,-0.47,1.85,0.0
ATOM,7819.0,CA,GLN,499.0,37.977,8.898,39.681,0.07,2.275,0.0
ATOM,7820.0,C,GLN,499.0,39.417,8.553,39.32,0.51,2.0,0.0
ATOM,7821.0,O,GLN,499.0,40.264,8.379,40.194,-0.51,1.7,14.0
ATOM,7822.0,CB,GLN,499.0,37.901,10.314,40.249,-0.18,2.175,7.35
ATOM,7823.0,CG,GLN,499.0,38.432,11.375,39.306,-0.18,2.175,0.43
ATOM,7824.0,CD,GLN,499.0,37.955,12.753,39.679,0.55,2.0,0.87
ATOM,7825.0,H,GLN,499.0,37.331,8.157,41.652,0.31,0.2245,6.68
ATOM,7826.0,HA,GLN,499.0,37.425,8.804,38.855,0.09,1.32,0.0
ATOM,7827.0,HB2,GLN,499.0,36.945,10.527,40.454,0.09,1.32,2.43
ATOM,7828.0,HB3,GLN,499.0,38.437,10.35,41.095,0.09,1.32,8.47
ATOM,7829.0,HG2,GLN,499.0,39.43,11.36,39.337,0.09,1.32,0.66
ATOM,7830.0,HG3,GLN,499.0,38.121,11.165,38.38,0.09,1.32,0.0
ATOM,7831.0,OE1,GLN,499.0,36.755,13.023,39.679,-0.55,1.7,18.58
ATOM,7832.0,NE2,GLN,499.0,38.888,13.638,40.004,-0.62,1.85,7.53
ATOM,7833.0,HE21,GLN,499.0,38.644,14.595,40.254,0.32,0.2245,11.88
ATOM,7834.0,HE22,GLN,499.0,39.866,13.346,40.001,0.3,0.2245,0.94
ATOM,7835.0,N,GLN,500.0,39.682,8.442,38.025,-0.47,1.85,0.0
ATOM,7836.0,CA,GLN,500.0,41.014,8.102,37.552,0.07,2.275,0.01
ATOM,7837.0,C,GLN,500.0,41.847,9.347,37.344,0.51,2.0,0.0
ATOM,7838.0,O,GLN,500.0,41.323,10.458,37.323,-0.51,1.7,0.0
ATOM,7839.0,CB,GLN,500.0,40.927,7.337,36.236,-0.18,2.175,0.0
ATOM,7840.0,CG,GLN,500.0,40.188,6.024,36.347,-0.18,2.175,0.0
ATOM,7841.0,CD,GLN,500.0,40.763,5.148,37.44,0.55,2.0,0.0
ATOM,7842.0,H,GLN,500.0,38.875,8.615,37.396,0.31,0.2245,0.0
ATOM,7843.0,HA,GLN,500.0,41.462,7.543,38.261,0.09,1.32,2.11
ATOM,7844.0,HB2,GLN,500.0,40.454,7.908,35.563,0.09,1.32,0.0
ATOM,7845.0,HB3,GLN,500.0,41.857,7.148,35.912,0.09,1.32,0.0
ATOM,7846.0,HG2,GLN,500.0,39.231,6.207,36.558,0.09,1.32,0.0
ATOM,7847.0,HG3,GLN,500.0,40.258,5.538,35.479,0.09,1.32,0.0
ATOM,7848.0,OE1,GLN,500.0,41.958,4.856,37.452,-0.55,1.7,16.13
ATOM,7849.0,NE2,GLN,500.0,39.909,4.729,38.368,-0.62,1.85,0.45
ATOM,7850.0,HE21,GLN,500.0,40.218,4.125,39.127,0.32,0.2245,11.04
ATOM,7851.0,HE22,GLN,500.0,38.936,5.022,38.309,0.3,0.2245,0.0
ATOM,7852.0,N,SER,501.0,43.151,9.156,37.189,-0.47,1.85,0.22
ATOM,7853.0,CA,SER,501.0,44.042,10.277,36.955,0.07,2.275,0.0
ATOM,7854.0,C,SER,501.0,45.31,9.805,36.268,0.51,2.0,0.0
ATOM,7855.0,O,SER,501.0,45.59,8.611,36.216,-0.51,1.7,7.54
ATOM,7856.0,CB,SER,501.0,44.394,10.966,38.273,0.05,2.175,6.78
ATOM,7857.0,OG,SER,501.0,45.096,10.089,39.131,-0.66,1.77,21.55
ATOM,7858.0,H,SER,501.0,43.462,8.172,37.248,0.31,0.2245,2.62
ATOM,7859.0,HA,SER,501.0,43.579,10.924,36.341,0.09,1.32,0.0
ATOM,7860.0,HB2,SER,501.0,44.965,11.758,38.078,0.09,1.32,0.0
ATOM,7861.0,HB3,SER,501.0,43.551,11.253,38.719,0.09,1.32,1.27
ATOM,7862.0,HG,SER,501.0,45.977,10.494,39.376,0.43,0.2245,8.09
ATOM,7863.0,N,TRP,502.0,46.052,10.756,35.717,-0.47,1.85,0.0
ATOM,7864.0,CA,TRP,502.0,47.315,10.482,35.047,0.07,2.275,0.0
ATOM,7865.0,C,TRP,502.0,48.135,11.727,35.352,0.51,2.0,0.0
ATOM,7866.0,O,TRP,502.0,47.903,12.787,34.767,-0.51,1.7,0.0
ATOM,7867.0,CB,TRP,502.0,47.117,10.339,33.536,-0.18,2.175,0.0
ATOM,7868.0,CG,TRP,502.0,48.006,9.303,32.901,-0.03,1.9924,0.0
ATOM,7869.0,CD1,TRP,502.0,49.148,8.768,33.431,0.035,1.9924,7.0
ATOM,7870.0,CD2,TRP,502.0,47.83,8.683,31.619,-0.02,1.8,0.0
ATOM,7871.0,NE1,TRP,502.0,49.691,7.857,32.557,-0.61,1.85,4.99
ATOM,7872.0,CE2,TRP,502.0,48.903,7.784,31.438,0.13,1.8,0.0
ATOM,7873.0,CE3,TRP,502.0,46.871,8.802,30.604,-0.115,1.9924,0.0
ATOM,7874.0,CZ2,TRP,502.0,49.042,7.003,30.282,-0.115,1.9924,0.84
ATOM,7875.0,CZ3,TRP,502.0,47.011,8.024,29.455,-0.115,1.9924,0.0
ATOM,7876.0,CH2,TRP,502.0,48.088,7.137,29.305,-0.115,1.9924,0.0
ATOM,7877.0,H,TRP,502.0,45.652,11.72,35.805,0.31,0.2245,0.0
ATOM,7878.0,HA,TRP,502.0,47.742,9.727,35.498,0.09,1.32,1.47
ATOM,7879.0,HB2,TRP,502.0,46.179,10.069,33.357,0.09,1.32,0.0
ATOM,7880.0,HB3,TRP,502.0,47.321,11.207,33.099,0.09,1.32,0.0
ATOM,7881.0,HD1,TRP,502.0,49.532,9.004,34.321,0.115,1.3582,5.0
ATOM,7882.0,HE1,TRP,502.0,50.527,7.331,32.711,0.38,0.2245,16.51
ATOM,7883.0,HE3,TRP,502.0,46.102,9.426,30.694,0.115,1.3582,0.0
ATOM,7884.0,HZ2,TRP,502.0,49.819,6.374,30.19,0.115,1.3582,0.51
ATOM,7885.0,HZ3,TRP,502.0,46.332,8.105,28.733,0.115,1.3582,0.0
ATOM,7886.0,HH2,TRP,502.0,48.152,6.597,28.467,0.115,1.3582,0.0
ATOM,7887.0,N,ASN,503.0,49.082,11.597,36.28,-0.47,1.85,0.0
ATOM,7888.0,CA,ASN,503.0,49.908,12.724,36.695,0.07,2.275,0.0
ATOM,7889.0,C,ASN,503.0,51.397,12.597,36.39,0.51,2.0,0.62
ATOM,7890.0,O,ASN,503.0,52.166,12.121,37.218,-0.51,1.7,28.51
ATOM,7891.0,CB,ASN,503.0,49.735,12.955,38.194,-0.18,2.175,12.17
ATOM,7892.0,CG,ASN,503.0,48.283,13.077,38.594,0.55,2.0,2.02
ATOM,7893.0,OD1,ASN,503.0,47.765,12.265,39.364,-0.55,1.7,21.02
ATOM,7894.0,ND2,ASN,503.0,47.616,14.101,38.073,-0.62,1.85,6.79
ATOM,7895.0,H,ASN,503.0,49.177,10.64,36.673,0.31,0.2245,8.91
ATOM,7896.0,HA,ASN,503.0,49.571,13.545,36.183,0.09,1.32,0.0
ATOM,7897.0,HB2,ASN,503.0,50.137,12.184,38.68,0.09,1.32,7.96
ATOM,7898.0,HB3,ASN,503.0,50.206,13.798,38.439,0.09,1.32,3.54
ATOM,7899.0,HD22,ASN,503.0,48.074,14.734,37.45,0.3,0.2245,0.0
ATOM,7900.0,HD21,ASN,503.0,46.652,14.24,38.304,0.32,0.2245,5.98
ATOM,7901.0,N,PRO,504.0,51.826,13.036,35.205,-0.29,1.85,0.0
ATOM,7902.0,CA,PRO,504.0,50.966,13.611,34.169,0.02,2.275,0.0
ATOM,7903.0,C,PRO,504.0,50.825,12.617,33.022,0.51,2.0,0.0
ATOM,7904.0,O,PRO,504.0,51.253,11.47,33.122,-0.51,1.7,4.77
ATOM,7905.0,CB,PRO,504.0,51.751,14.836,33.748,-0.18,2.175,0.68
ATOM,7906.0,CG,PRO,504.0,53.149,14.277,33.718,-0.18,2.175,9.37
ATOM,7907.0,CD,PRO,504.0,53.229,13.434,34.985,0.0,2.175,15.37
ATOM,7908.0,HA,PRO,504.0,50.072,13.856,34.541,0.09,1.32,0.0
ATOM,7909.0,HB2,PRO,504.0,51.481,15.148,32.849,0.09,1.32,0.0
ATOM,7910.0,HB3,PRO,504.0,51.679,15.56,34.416,0.09,1.32,2.42
ATOM,7911.0,HG2,PRO,504.0,53.284,13.711,32.911,0.09,1.32,0.11
ATOM,7912.0,HG3,PRO,504.0,53.82,15.011,33.741,0.09,1.32,7.85
ATOM,7913.0,HD2,PRO,504.0,53.806,12.635,34.846,0.09,1.32,11.29
ATOM,7914.0,HD3,PRO,504.0,53.569,13.972,35.752,0.09,1.32,9.28
ATOM,7915.0,N,VAL,505.0,50.218,13.061,31.93,-0.47,1.85,0.0
ATOM,7916.0,CA,VAL,505.0,50.083,12.214,30.764,0.07,2.275,0.0
ATOM,7917.0,C,VAL,505.0,51.503,12.141,30.212,0.51,2.0,0.0
ATOM,7918.0,O,VAL,505.0,52.149,13.168,30.017,-0.51,1.7,0.0
ATOM,7919.0,CB,VAL,505.0,49.15,12.862,29.713,-0.09,2.275,0.0
ATOM,7920.0,CG1,VAL,505.0,49.08,12.001,28.468,-0.27,2.06,0.0
ATOM,7921.0,CG2,VAL,505.0,47.764,13.057,30.301,-0.27,2.06,0.0
ATOM,7922.0,H,VAL,505.0,49.864,14.031,31.987,0.31,0.2245,0.0
ATOM,7923.0,HA,VAL,505.0,49.825,11.314,31.054,0.09,1.32,0.0
ATOM,7924.0,HB,VAL,505.0,49.556,13.731,29.45,0.09,1.32,0.0
ATOM,7925.0,HG11,VAL,505.0,49.979,11.97,28.029,0.09,1.32,0.0
ATOM,7926.0,HG12,VAL,505.0,48.801,11.072,28.716,0.09,1.32,0.0
ATOM,7927.0,HG13,VAL,505.0,48.413,12.386,27.828,0.09,1.32,0.0
ATOM,7928.0,HG21,VAL,505.0,47.161,12.327,29.978,0.09,1.32,0.0
ATOM,7929.0,HG22,VAL,505.0,47.82,13.028,31.299,0.09,1.32,0.0
ATOM,7930.0,HG23,VAL,505.0,47.402,13.943,30.011,0.09,1.32,0.0
ATOM,7931.0,N,PRO,506.0,52.028,10.928,29.989,-0.29,1.85,0.0
ATOM,7932.0,CA,PRO,506.0,53.392,10.811,29.456,0.02,2.275,1.21
ATOM,7933.0,C,PRO,506.0,53.463,11.315,28.02,0.51,2.0,0.0
ATOM,7934.0,O,PRO,506.0,52.444,11.366,27.332,-0.51,1.7,0.0
ATOM,7935.0,CB,PRO,506.0,53.679,9.317,29.571,-0.18,2.175,3.75
ATOM,7936.0,CG,PRO,506.0,52.313,8.69,29.458,-0.18,2.175,0.95
ATOM,7937.0,CD,PRO,506.0,51.469,9.604,30.312,0.0,2.175,0.0
ATOM,7938.0,HA,PRO,506.0,54.045,11.304,30.042,0.09,1.32,4.42
ATOM,7939.0,HB2,PRO,506.0,54.27,9.007,28.829,0.09,1.32,0.0
ATOM,7940.0,HB3,PRO,506.0,54.095,9.098,30.45,0.09,1.32,10.15
ATOM,7941.0,HG2,PRO,506.0,52.006,8.696,28.516,0.09,1.32,0.0
ATOM,7942.0,HG3,PRO,506.0,52.324,7.769,29.822,0.09,1.32,1.61
ATOM,7943.0,HD2,PRO,506.0,50.509,9.556,30.057,0.09,1.32,0.0
ATOM,7944.0,HD3,PRO,506.0,51.579,9.402,31.281,0.09,1.32,1.5
ATOM,7945.0,N,LEU,507.0,54.647,11.698,27.557,-0.47,1.85,0.0
ATOM,7946.0,CA,LEU,507.0,54.741,12.178,26.186,0.07,2.275,0.0
ATOM,7947.0,C,LEU,507.0,54.909,11.052,25.182,0.51,2.0,0.17
ATOM,7948.0,O,LEU,507.0,54.892,11.284,23.975,-0.51,1.7,16.84
ATOM,7949.0,CB,LEU,507.0,55.858,13.219,26.022,-0.18,2.175,3.61
ATOM,7950.0,CG,LEU,507.0,57.216,13.064,26.699,-0.09,2.275,2.53
ATOM,7951.0,CD1,LEU,507.0,58.141,14.138,26.145,-0.27,2.06,34.83
ATOM,7952.0,CD2,LEU,507.0,57.083,13.2,28.219,-0.27,2.06,11.59
ATOM,7953.0,H,LEU,507.0,55.43,11.629,28.206,0.31,0.2245,0.0
ATOM,7954.0,HA,LEU,507.0,53.888,12.681,25.963,0.09,1.32,0.0
ATOM,7955.0,HB2,LEU,507.0,56.035,13.311,25.019,0.09,1.32,5.19
ATOM,7956.0,HB3,LEU,507.0,55.476,14.117,26.324,0.09,1.32,0.25
ATOM,7957.0,HG,LEU,507.0,57.585,12.17,26.49,0.09,1.32,2.46
ATOM,7958.0,HD11,LEU,507.0,57.759,15.042,26.34,0.09,1.32,3.43
ATOM,7959.0,HD12,LEU,507.0,59.041,14.058,26.574,0.09,1.32,10.47
ATOM,7960.0,HD13,LEU,507.0,58.233,14.022,25.156,0.09,1.32,10.14
ATOM,7961.0,HD21,LEU,507.0,56.467,12.491,28.561,0.09,1.32,0.0
ATOM,7962.0,HD22,LEU,507.0,57.983,13.095,28.639,0.09,1.32,10.32
ATOM,7963.0,HD23,LEU,507.0,56.712,14.102,28.438,0.09,1.32,0.0
ATOM,7964.0,N,LYS,508.0,55.064,9.828,25.676,-0.47,1.85,0.0
ATOM,7965.0,CA,LYS,508.0,55.193,8.681,24.783,0.07,2.275,1.36
ATOM,7966.0,C,LYS,508.0,53.865,7.923,24.829,0.51,2.0,0.0
ATOM,7967.0,O,LYS,508.0,53.243,7.809,25.886,-0.51,1.7,0.0
ATOM,7968.0,CB,LYS,508.0,56.354,7.772,25.213,-0.18,2.175,15.95
ATOM,7969.0,CG,LYS,508.0,56.01,6.675,26.227,-0.18,2.175,12.06
ATOM,7970.0,CD,LYS,508.0,55.594,7.212,27.601,-0.18,2.175,2.43
ATOM,7971.0,CE,LYS,508.0,56.717,7.972,28.315,0.21,2.175,17.8
ATOM,7972.0,NZ,LYS,508.0,56.96,9.332,27.755,-0.3,1.85,1.49
ATOM,7973.0,H,LYS,508.0,55.084,9.764,26.703,0.31,0.2245,0.0
ATOM,7974.0,HA,LYS,508.0,55.345,9.002,23.857,0.09,1.32,4.52
ATOM,7975.0,HB2,LYS,508.0,56.724,7.328,24.391,0.09,1.32,10.85
ATOM,7976.0,HB3,LYS,508.0,57.071,8.352,25.614,0.09,1.32,1.7
ATOM,7977.0,HG2,LYS,508.0,55.255,6.119,25.858,0.09,1.32,0.0
ATOM,7978.0,HG3,LYS,508.0,56.813,6.079,26.345,0.09,1.32,10.53
ATOM,7979.0,HD2,LYS,508.0,54.821,7.833,27.48,0.09,1.32,0.0
ATOM,7980.0,HD3,LYS,508.0,55.32,6.443,28.176,0.09,1.32,6.05
ATOM,7981.0,HE2,LYS,508.0,56.477,8.054,29.291,0.05,1.32,5.99
ATOM,7982.0,HE3,LYS,508.0,57.565,7.43,28.246,0.05,1.32,10.06
ATOM,7983.0,HZ1,LYS,508.0,57.927,9.425,27.521,0.33,0.2245,13.27
ATOM,7984.0,HZ2,LYS,508.0,56.403,9.456,26.935,0.33,0.2245,0.0
ATOM,7985.0,HZ3,LYS,508.0,56.711,10.019,28.437,0.33,0.2245,2.23
ATOM,7986.0,N,THR,509.0,53.418,7.422,23.684,-0.47,1.85,0.55
ATOM,7987.0,CA,THR,509.0,52.154,6.698,23.642,0.07,2.275,0.0
ATOM,7988.0,C,THR,509.0,52.222,5.384,24.395,0.51,2.0,0.0
ATOM,7989.0,O,THR,509.0,53.026,4.507,24.08,-0.51,1.7,21.15
ATOM,7990.0,CB,THR,509.0,51.706,6.399,22.192,0.14,2.275,4.88
ATOM,7991.0,OG1,THR,509.0,51.479,7.633,21.496,-0.66,1.77,13.78
ATOM,7992.0,CG2,THR,509.0,50.419,5.574,22.192,-0.27,2.06,14.86
ATOM,7993.0,H,THR,509.0,54.018,7.584,22.864,0.31,0.2245,9.78
ATOM,7994.0,HA,THR,509.0,51.441,7.276,24.071,0.09,1.32,0.0
ATOM,7995.0,HB,THR,509.0,52.455,5.897,21.716,0.09,1.32,10.01
ATOM,7996.0,HG21,THR,509.0,50.64,4.606,22.064,0.09,1.32,9.74
ATOM,7997.0,HG22,THR,509.0,49.943,5.693,23.065,0.09,1.32,0.0
ATOM,7998.0,HG23,THR,509.0,49.824,5.879,21.447,0.09,1.32,2.02
ATOM,7999.0,HG1,THR,509.0,50.631,8.065,21.82,0.43,0.2245,0.0
ATOM,8000.0,N,THR,510.0,51.376,5.266,25.406,-0.47,1.85,0.0
ATOM,8001.0,CA,THR,510.0,51.293,4.057,26.206,0.07,2.275,4.32
ATOM,8002.0,C,THR,510.0,49.802,3.832,26.425,0.51,2.0,0.53
ATOM,8003.0,O,THR,510.0,49.002,4.121,25.538,-0.51,1.7,1.9
ATOM,8004.0,CB,THR,510.0,52.057,4.214,27.559,0.14,2.275,6.7
ATOM,8005.0,OG1,THR,510.0,51.841,3.054,28.372,-0.66,1.77,25.15
ATOM,8006.0,CG2,THR,510.0,51.604,5.453,28.305,-0.27,2.06,2.37
ATOM,8007.0,H,THR,510.0,50.782,6.107,25.576,0.31,0.2245,0.0
ATOM,8008.0,HA,THR,510.0,51.65,3.301,25.685,0.09,1.32,7.4
ATOM,8009.0,HB,THR,510.0,53.052,4.286,27.357,0.09,1.32,2.94
ATOM,8010.0,HG21,THR,510.0,50.654,5.671,28.064,0.09,1.32,0.0
ATOM,8011.0,HG22,THR,510.0,51.661,5.298,29.295,0.09,1.32,5.53
ATOM,8012.0,HG23,THR,510.0,52.189,6.232,28.063,0.09,1.32,0.0
ATOM,8013.0,HG1,THR,510.0,50.929,3.088,28.794,0.43,0.2245,1.22
ATOM,8014.0,N,SER,511.0,49.409,3.32,27.586,-0.47,1.85,0.23
ATOM,8015.0,CA,SER,511.0,47.994,3.096,27.838,0.07,2.275,0.0
ATOM,8016.0,C,SER,511.0,47.681,3.211,29.313,0.51,2.0,0.0
ATOM,8017.0,O,SER,511.0,48.517,2.922,30.162,-0.51,1.7,15.38
ATOM,8018.0,CB,SER,511.0,47.561,1.718,27.333,0.05,2.175,8.14
ATOM,8019.0,OG,SER,511.0,48.098,0.686,28.141,-0.66,1.77,22.55
ATOM,8020.0,H,SER,511.0,50.158,3.108,28.255,0.31,0.2245,0.0
ATOM,8021.0,HA,SER,511.0,47.474,3.809,27.351,0.09,1.32,0.0
ATOM,8022.0,HB2,SER,511.0,46.567,1.666,27.357,0.09,1.32,0.0
ATOM,8023.0,HB3,SER,511.0,47.888,1.602,26.399,0.09,1.32,5.18
ATOM,8024.0,HG,SER,511.0,47.404,0.374,28.789,0.43,0.2245,4.94
ATOM,8025.0,N,HIS,512.0,46.467,3.655,29.609,-0.47,1.85,0.0
ATOM,8026.0,CA,HIS,512.0,46.03,3.791,30.979,0.07,2.275,0.25
ATOM,8027.0,C,HIS,512.0,44.878,2.817,31.16,0.51,2.0,0.0
ATOM,8028.0,O,HIS,512.0,43.836,2.951,30.518,-0.51,1.7,0.0
ATOM,8029.0,CB,HIS,512.0,45.552,5.213,31.26,-0.08,2.175,0.0
ATOM,8030.0,CG,HIS,512.0,45.042,5.41,32.654,0.22,1.8,0.0
ATOM,8031.0,H,HIS,512.0,45.877,3.889,28.787,0.31,0.2245,0.0
ATOM,8032.0,HA,HIS,512.0,46.767,3.518,31.583,0.09,1.32,3.39
ATOM,8033.0,HB2,HIS,512.0,46.314,5.852,31.11,0.09,1.32,0.0
ATOM,8034.0,HB3,HIS,512.0,44.812,5.443,30.619,0.09,1.32,0.0
ATOM,8035.0,ND1,HIS,512.0,45.688,6.2,33.581,-0.7,1.85,4.84
ATOM,8036.0,CD2,HIS,512.0,43.953,4.91,33.282,-0.05,1.8,0.01
ATOM,8037.0,CE1,HIS,512.0,45.02,6.177,34.719,0.25,1.8,12.79
ATOM,8038.0,NE2,HIS,512.0,43.962,5.402,34.564,-0.36,1.85,1.17
ATOM,8039.0,HD2,HIS,512.0,43.271,4.298,32.89,0.09,1.468,0.0
ATOM,8040.0,HE1,HIS,512.0,45.27,6.66,35.553,0.13,0.9,2.58
ATOM,8041.0,HE2,HIS,512.0,43.276,5.206,35.268,0.32,0.2245,0.0
ATOM,8042.0,N,THR,513.0,45.076,1.84,32.033,-0.47,1.85,0.0
ATOM,8043.0,CA,THR,513.0,44.056,0.841,32.291,0.07,2.275,0.0
ATOM,8044.0,C,THR,513.0,43.492,1.017,33.687,0.51,2.0,0.0
ATOM,8045.0,O,THR,513.0,44.235,1.235,34.64,-0.51,1.7,20.84
ATOM,8046.0,CB,THR,513.0,44.654,-0.556,32.153,0.14,2.275,5.99
ATOM,8047.0,OG1,THR,513.0,45.247,-0.675,30.859,-0.66,1.77,12.51
ATOM,8048.0,CG2,THR,513.0,43.591,-1.615,32.317,-0.27,2.06,12.23
ATOM,8049.0,H,THR,513.0,46.001,1.853,32.503,0.31,0.2245,8.44
ATOM,8050.0,HA,THR,513.0,43.309,0.965,31.628,0.09,1.32,0.0
ATOM,8051.0,HB,THR,513.0,45.387,-0.675,32.85,0.09,1.32,9.83
ATOM,8052.0,HG21,THR,513.0,44.01,-2.528,32.32,0.09,1.32,9.33
ATOM,8053.0,HG22,THR,513.0,43.1,-1.482,33.183,0.09,1.32,1.93
ATOM,8054.0,HG23,THR,513.0,42.932,-1.564,31.561,0.09,1.32,0.0
ATOM,8055.0,HG1,THR,513.0,44.564,-0.497,30.141,0.43,0.2245,0.07
ATOM,8056.0,N,SER,514.0,42.175,0.94,33.808,-0.47,1.85,0.0
ATOM,8057.0,CA,SER,514.0,41.54,1.079,35.113,0.07,2.275,2.03
ATOM,8058.0,C,SER,514.0,40.295,0.212,35.152,0.51,2.0,1.12
ATOM,8059.0,O,SER,514.0,39.829,-0.274,34.123,-0.51,1.7,0.02
ATOM,8060.0,CB,SER,514.0,41.173,2.541,35.387,0.05,2.175,1.89
ATOM,8061.0,OG,SER,514.0,40.236,3.027,34.437,-0.66,1.77,0.0
ATOM,8062.0,H,SER,514.0,41.657,0.779,32.93,0.31,0.2245,0.0
ATOM,8063.0,HA,SER,514.0,42.176,0.741,35.807,0.09,1.32,7.19
ATOM,8064.0,HB2,SER,514.0,40.774,2.606,36.298,0.09,1.32,0.0
ATOM,8065.0,HB3,SER,514.0,42.001,3.094,35.336,0.09,1.32,0.0
ATOM,8066.0,HG,SER,514.0,40.373,2.558,33.566,0.43,0.2245,0.0
ATOM,8067.0,N,SER,515.0,39.758,0.004,36.346,-0.47,1.85,1.28
ATOM,8068.0,CA,SER,515.0,38.558,-0.801,36.473,0.07,2.275,0.0
ATOM,8069.0,C,SER,515.0,37.377,0.078,36.824,0.51,2.0,0.0
ATOM,8070.0,O,SER,515.0,37.521,1.104,37.497,-0.51,1.7,4.41
ATOM,8071.0,CB,SER,515.0,38.728,-1.861,37.558,0.05,2.175,18.49
ATOM,8072.0,OG,SER,515.0,37.547,-2.635,37.675,-0.66,1.77,6.93
ATOM,8073.0,H,SER,515.0,40.248,0.445,37.137,0.31,0.2245,7.26
ATOM,8074.0,HA,SER,515.0,38.373,-1.231,35.584,0.09,1.32,0.0
ATOM,8075.0,HB2,SER,515.0,39.483,-2.456,37.311,0.09,1.32,9.06
ATOM,8076.0,HB3,SER,515.0,38.906,-1.409,38.424,0.09,1.32,9.03
ATOM,8077.0,HG,SER,515.0,36.788,-2.046,37.949,0.43,0.2245,0.34
ATOM,8078.0,N,TRP,516.0,36.21,-0.33,36.347,-0.47,1.85,0.0
ATOM,8079.0,CA,TRP,516.0,34.988,0.394,36.624,0.07,2.275,0.0
ATOM,8080.0,C,TRP,516.0,34.78,0.312,38.128,0.34,2.0,0.0
ATOM,8081.0,O,TRP,516.0,34.36,1.332,38.717,-0.67,1.7,0.0
ATOM,8082.0,CB,TRP,516.0,33.822,-0.253,35.87,-0.18,2.175,0.0
ATOM,8083.0,CG,TRP,516.0,32.502,0.418,36.077,-0.03,1.9924,0.0
ATOM,8084.0,CD1,TRP,516.0,31.572,0.121,37.024,0.035,1.9924,2.15
ATOM,8085.0,CD2,TRP,516.0,31.963,1.5,35.307,-0.02,1.8,0.0
ATOM,8086.0,NE1,TRP,516.0,30.481,0.944,36.896,-0.61,1.85,0.42
ATOM,8087.0,CE2,TRP,516.0,30.695,1.801,35.848,0.13,1.8,0.0
ATOM,8088.0,CE3,TRP,516.0,32.428,2.242,34.215,-0.115,1.9924,0.0
ATOM,8089.0,CZ2,TRP,516.0,29.881,2.815,35.334,-0.115,1.9924,0.0
ATOM,8090.0,CZ3,TRP,516.0,31.623,3.249,33.702,-0.115,1.9924,0.0
ATOM,8091.0,CH2,TRP,516.0,30.363,3.527,34.264,-0.115,1.9924,0.0
ATOM,8092.0,OXT,TRP,516.0,35.054,-0.771,38.697,-0.67,1.7,19.77
ATOM,8093.0,H,TRP,516.0,36.252,-1.194,35.771,0.31,0.2245,0.0
ATOM,8094.0,HA,TRP,516.0,35.132,1.346,36.393,0.09,1.32,0.0
ATOM,8095.0,HB2,TRP,516.0,34.019,-0.228,34.893,0.09,1.32,0.0
ATOM,8096.0,HB3,TRP,516.0,33.727,-1.197,36.175,0.09,1.32,0.02
ATOM,8097.0,HD1,TRP,516.0,31.665,-0.595,37.718,0.115,1.3582,10.76
ATOM,8098.0,HE1,TRP,516.0,29.665,0.924,37.47,0.38,0.2245,11.84
ATOM,8099.0,HE3,TRP,516.0,33.319,2.056,33.81,0.115,1.3582,0.0
ATOM,8100.0,HZ2,TRP,516.0,28.985,3.001,35.741,0.115,1.3582,0.0
ATOM,8101.0,HZ3,TRP,516.0,31.943,3.78,32.926,0.115,1.3582,0.0
ATOM,8102.0,HH2,TRP,516.0,29.815,4.263,33.867,0.115,1.3582,0.0
