atom,serial,name,resname,resid,x,y,z,charges,radius,sasa
ATOM,1.0,N,MET,1.0,38.331,12.637,21.296,-0.3,1.85,13.19
ATOM,2.0,CA,MET,1.0,37.181,11.777,20.837,0.21,2.275,2.62
ATOM,3.0,C,MET,1.0,36.142,12.642,20.101,0.51,2.0,0.04
ATOM,4.0,O,MET,1.0,35.504,13.561,20.685,-0.51,1.7,21.33
ATOM,5.0,CB,MET,1.0,36.546,11.078,22.027,-0.18,2.175,3.73
ATOM,6.0,CG,MET,1.0,35.731,9.91,21.69,-0.14,2.175,9.54
ATOM,7.0,SD,MET,1.0,34.929,9.325,23.125,-0.09,2.0,22.65
ATOM,8.0,CE,MET,1.0,36.332,8.833,24.202,-0.22,2.06,46.46
ATOM,9.0,H,MET,1.0,39.183,12.182,21.061,0.33,0.2245,20.48
ATOM,10.0,HA,MET,1.0,37.548,11.111,20.194,0.1,1.32,6.36
ATOM,11.0,HB2,MET,1.0,37.29,10.801,22.666,0.09,1.32,3.23
ATOM,12.0,HB3,MET,1.0,35.975,11.759,22.527,0.09,1.32,5.55
ATOM,13.0,HG2,MET,1.0,35.055,10.164,20.964,0.09,1.32,0.0
ATOM,14.0,HG3,MET,1.0,36.325,9.186,21.275,0.09,1.32,10.11
ATOM,15.0,HE1,MET,1.0,37.022,8.394,23.637,0.09,1.32,8.88
ATOM,16.0,HE2,MET,1.0,36.7,9.651,24.63,0.09,1.32,8.14
ATOM,17.0,HE3,MET,1.0,35.992,8.202,24.891,0.09,1.32,11.48
ATOM,18.0,H2,MET,1.0,38.273,13.517,20.838,0.33,0.2245,13.48
ATOM,19.0,H3,MET,1.0,38.266,12.757,22.281,0.33,0.2245,14.25
ATOM,20.0,N,ILE,2.0,36.0,12.348,18.816,-0.47,1.85,0.0
ATOM,21.0,CA,ILE,2.0,34.944,12.907,17.974,0.07,2.275,0.05
ATOM,22.0,C,ILE,2.0,33.695,12.042,18.039,0.51,2.0,0.0
ATOM,23.0,O,ILE,2.0,33.774,10.851,17.841,-0.51,1.7,19.3
ATOM,24.0,CB,ILE,2.0,35.402,12.952,16.523,-0.09,2.275,0.05
ATOM,25.0,CG1,ILE,2.0,36.684,13.767,16.342,-0.18,2.175,14.04
ATOM,26.0,CG2,ILE,2.0,34.32,13.531,15.651,-0.27,2.06,8.5
ATOM,27.0,CD1,ILE,2.0,37.49,13.265,15.145,-0.27,2.06,14.69
ATOM,28.0,H,ILE,2.0,36.716,11.673,18.448,0.31,0.2245,6.93
ATOM,29.0,HA,ILE,2.0,34.703,13.793,18.378,0.09,1.32,3.96
ATOM,30.0,HB,ILE,2.0,35.593,12.013,16.224,0.09,1.32,4.47
ATOM,31.0,HG12,ILE,2.0,36.444,14.711,16.191,0.09,1.32,8.46
ATOM,32.0,HG13,ILE,2.0,37.236,13.672,17.154,0.09,1.32,2.68
ATOM,33.0,HG21,ILE,2.0,34.601,13.499,14.69,0.09,1.32,2.18
ATOM,34.0,HG22,ILE,2.0,33.475,13.005,15.761,0.09,1.32,0.28
ATOM,35.0,HG23,ILE,2.0,34.147,14.483,15.908,0.09,1.32,5.57
ATOM,36.0,HD11,ILE,2.0,36.934,13.35,14.322,0.09,1.32,2.25
ATOM,37.0,HD12,ILE,2.0,38.316,13.816,15.056,0.09,1.32,6.87
ATOM,38.0,HD13,ILE,2.0,37.733,12.31,15.295,0.09,1.32,8.38
ATOM,39.0,N,LEU,3.0,32.563,12.641,18.37,-0.47,1.85,0.0
ATOM,40.0,CA,LEU,3.0,31.278,11.975,18.388,0.07,2.275,0.89
ATOM,41.0,C,LEU,3.0,30.373,12.843,17.568,0.51,2.0,0.66
ATOM,42.0,O,LEU,3.0,30.107,14.005,17.944,-0.51,1.7,20.37
ATOM,43.0,CB,LEU,3.0,30.717,11.807,19.801,-0.18,2.175,7.67
ATOM,44.0,CG,LEU,3.0,31.409,10.795,20.708,-0.09,2.275,1.95
ATOM,45.0,CD1,LEU,3.0,32.523,11.475,21.454,-0.27,2.06,8.37
ATOM,46.0,CD2,LEU,3.0,30.473,10.204,21.746,-0.27,2.06,38.19
ATOM,47.0,H,LEU,3.0,32.679,13.659,18.623,0.31,0.2245,6.51
ATOM,48.0,HA,LEU,3.0,31.368,11.094,17.949,0.09,1.32,3.33
ATOM,49.0,HB2,LEU,3.0,30.766,12.698,20.256,0.09,1.32,5.83
ATOM,50.0,HB3,LEU,3.0,29.76,11.529,19.718,0.09,1.32,7.65
ATOM,51.0,HG,LEU,3.0,31.777,10.058,20.147,0.09,1.32,6.02
ATOM,52.0,HD11,LEU,3.0,32.156,12.223,22.013,0.09,1.32,9.67
ATOM,53.0,HD12,LEU,3.0,32.986,10.818,22.055,0.09,1.32,0.0
ATOM,54.0,HD13,LEU,3.0,33.191,11.85,20.806,0.09,1.32,0.0
ATOM,55.0,HD21,LEU,3.0,29.715,9.736,21.288,0.09,1.32,10.59
ATOM,56.0,HD22,LEU,3.0,30.972,9.548,22.315,0.09,1.32,6.71
ATOM,57.0,HD23,LEU,3.0,30.109,10.935,22.326,0.09,1.32,10.01
ATOM,58.0,N,LYS,4.0,29.936,12.335,16.434,-0.47,1.85,2.59
ATOM,59.0,CA,LYS,4.0,29.179,13.13,15.502,0.07,2.275,2.33
ATOM,60.0,C,LYS,4.0,28.058,12.382,14.759,0.51,2.0,1.92
ATOM,61.0,O,LYS,4.0,28.151,11.173,14.5,-0.51,1.7,22.9
ATOM,62.0,CB,LYS,4.0,30.136,13.697,14.492,-0.18,2.175,3.29
ATOM,63.0,CG,LYS,4.0,30.891,14.868,14.937,-0.18,2.175,6.03
ATOM,64.0,CD,LYS,4.0,31.412,15.562,13.698,-0.18,2.175,7.28
ATOM,65.0,CE,LYS,4.0,30.277,16.02,12.75,0.21,2.175,1.8
ATOM,66.0,NZ,LYS,4.0,30.676,17.254,12.026,-0.3,1.85,11.38
ATOM,67.0,H,LYS,4.0,30.181,11.336,16.278,0.31,0.2245,9.65
ATOM,68.0,HA,LYS,4.0,28.75,13.916,16.002,0.09,1.32,3.42
ATOM,69.0,HB2,LYS,4.0,30.783,12.963,14.233,0.09,1.32,6.55
ATOM,70.0,HB3,LYS,4.0,29.604,13.938,13.665,0.09,1.32,0.0
ATOM,71.0,HG2,LYS,4.0,30.304,15.499,15.425,0.09,1.32,6.59
ATOM,72.0,HG3,LYS,4.0,31.664,14.598,15.493,0.09,1.32,0.0
ATOM,73.0,HD2,LYS,4.0,31.93,16.372,13.964,0.09,1.32,8.86
ATOM,74.0,HD3,LYS,4.0,31.999,14.937,13.188,0.09,1.32,3.46
ATOM,75.0,HE2,LYS,4.0,30.1,15.289,12.099,0.05,1.32,0.0
ATOM,76.0,HE3,LYS,4.0,29.466,16.197,13.298,0.05,1.32,3.38
ATOM,77.0,HZ1,LYS,4.0,30.467,17.152,11.053,0.33,0.2245,4.18
ATOM,78.0,HZ2,LYS,4.0,30.172,18.035,12.395,0.33,0.2245,18.83
ATOM,79.0,HZ3,LYS,4.0,31.658,17.406,12.142,0.33,0.2245,14.68
ATOM,80.0,N,ARG,5.0,27.0,13.093,14.43,-0.47,1.85,3.77
ATOM,81.0,CA,ARG,5.0,25.954,12.557,13.577,0.07,2.275,2.28
ATOM,82.0,C,ARG,5.0,26.411,12.503,12.125,0.51,2.0,0.0
ATOM,83.0,O,ARG,5.0,26.753,13.527,11.533,-0.51,1.7,0.0
ATOM,84.0,CB,ARG,5.0,24.685,13.382,13.71,-0.18,2.175,2.43
ATOM,85.0,CG,ARG,5.0,23.504,12.649,13.095,-0.18,2.175,3.85
ATOM,86.0,CD,ARG,5.0,22.194,13.352,13.292,0.2,2.175,9.59
ATOM,87.0,NE,ARG,5.0,21.262,12.855,12.311,-0.7,1.85,4.5
ATOM,88.0,CZ,ARG,5.0,20.156,13.445,11.933,0.64,2.0,1.83
ATOM,89.0,NH1,ARG,5.0,19.763,14.609,12.466,-0.8,1.85,22.89
ATOM,90.0,NH2,ARG,5.0,19.425,12.854,11.006,-0.8,1.85,19.87
ATOM,91.0,H,ARG,5.0,26.976,14.056,14.826,0.31,0.2245,6.07
ATOM,92.0,HA,ARG,5.0,25.733,11.621,13.878,0.09,1.32,4.63
ATOM,93.0,HB2,ARG,5.0,24.497,13.521,14.664,0.09,1.32,9.42
ATOM,94.0,HB3,ARG,5.0,24.806,14.228,13.226,0.09,1.32,0.0
ATOM,95.0,HG2,ARG,5.0,23.664,12.542,12.106,0.09,1.32,0.0
ATOM,96.0,HG3,ARG,5.0,23.438,11.731,13.506,0.09,1.32,9.63
ATOM,97.0,HD2,ARG,5.0,21.863,13.151,14.199,0.09,1.32,11.31
ATOM,98.0,HD3,ARG,5.0,22.335,14.319,13.159,0.09,1.32,0.0
ATOM,99.0,HE,ARG,5.0,21.485,11.958,11.869,0.44,0.2245,6.75
ATOM,100.0,HH11,ARG,5.0,20.333,15.053,13.155,0.46,0.2245,9.62
ATOM,101.0,HH12,ARG,5.0,18.907,15.025,12.172,0.46,0.2245,18.42
ATOM,102.0,HH21,ARG,5.0,19.706,11.995,10.585,0.46,0.2245,11.32
ATOM,103.0,HH22,ARG,5.0,18.556,13.279,10.71,0.46,0.2245,18.72
ATOM,104.0,N,ALA,6.0,26.404,11.317,11.531,-0.47,1.85,0.0
ATOM,105.0,CA,ALA,6.0,26.99,11.204,10.183,0.07,2.275,1.15
ATOM,106.0,C,ALA,6.0,26.221,12.104,9.211,0.51,2.0,0.0
ATOM,107.0,O,ALA,6.0,26.81,12.772,8.369,-0.51,1.7,0.0
ATOM,108.0,CB,ALA,6.0,26.968,9.758,9.714,-0.27,2.06,15.04
ATOM,109.0,H,ALA,6.0,25.991,10.547,12.045,0.31,0.2245,7.66
ATOM,110.0,HA,ALA,6.0,27.94,11.511,10.221,0.09,1.32,0.7
ATOM,111.0,HB1,ALA,6.0,27.772,9.577,9.148,0.09,1.32,0.0
ATOM,112.0,HB2,ALA,6.0,26.976,9.148,10.507,0.09,1.32,9.26
ATOM,113.0,HB3,ALA,6.0,26.141,9.592,9.177,0.09,1.32,0.47
ATOM,114.0,N,TYR,7.0,24.89,12.096,9.316,-0.47,1.85,0.0
ATOM,115.0,CA,TYR,7.0,24.094,13.017,8.492,0.07,2.275,0.0
ATOM,116.0,C,TYR,7.0,24.423,14.525,8.588,0.51,2.0,0.28
ATOM,117.0,O,TYR,7.0,24.312,15.23,7.592,-0.51,1.7,8.72
ATOM,118.0,CB,TYR,7.0,22.606,12.682,8.601,-0.18,2.175,0.05
ATOM,119.0,CG,TYR,7.0,22.247,11.848,7.413,0.0,1.9924,0.32
ATOM,120.0,CD1,TYR,7.0,22.874,10.626,7.175,-0.115,1.9924,8.99
ATOM,121.0,CD2,TYR,7.0,21.388,12.345,6.432,-0.115,1.9924,6.83
ATOM,122.0,CE1,TYR,7.0,22.605,9.876,6.029,-0.115,1.9924,4.47
ATOM,123.0,CE2,TYR,7.0,21.092,11.597,5.293,-0.115,1.9924,11.16
ATOM,124.0,CZ,TYR,7.0,21.698,10.368,5.09,0.11,1.9924,1.32
ATOM,125.0,OH,TYR,7.0,21.404,9.662,3.927,-0.54,1.77,3.97
ATOM,126.0,H,TYR,7.0,24.496,11.431,9.982,0.31,0.2245,2.04
ATOM,127.0,HA,TYR,7.0,24.214,12.74,7.507,0.09,1.32,0.0
ATOM,128.0,HB2,TYR,7.0,22.467,12.161,9.41,0.09,1.32,0.54
ATOM,129.0,HB3,TYR,7.0,22.101,13.513,8.57,0.09,1.32,4.04
ATOM,130.0,HD1,TYR,7.0,23.537,10.273,7.842,0.115,1.3582,2.03
ATOM,131.0,HD2,TYR,7.0,20.979,13.246,6.546,0.115,1.3582,12.72
ATOM,132.0,HE1,TYR,7.0,23.054,8.999,5.883,0.115,1.3582,0.0
ATOM,133.0,HE2,TYR,7.0,20.439,11.952,4.62,0.115,1.3582,16.01
ATOM,134.0,HH,TYR,7.0,21.391,8.689,4.138,0.43,0.2245,0.0
ATOM,135.0,N,ASP,8.0,24.884,15.009,9.732,-0.47,1.85,0.0
ATOM,136.0,CA,ASP,8.0,25.283,16.431,9.868,0.07,2.275,1.37
ATOM,137.0,C,ASP,8.0,26.515,16.811,9.028,0.51,2.0,0.16
ATOM,138.0,O,ASP,8.0,26.816,17.984,8.879,-0.51,1.7,20.31
ATOM,139.0,CB,ASP,8.0,25.631,16.757,11.314,-0.28,2.175,5.35
ATOM,140.0,CG,ASP,8.0,24.439,16.782,12.219,0.62,2.0,3.08
ATOM,141.0,OD1,ASP,8.0,23.296,16.603,11.728,-0.76,1.7,15.93
ATOM,142.0,OD2,ASP,8.0,24.563,16.982,13.445,-0.76,1.7,33.45
ATOM,143.0,H,ASP,8.0,24.944,14.333,10.512,0.31,0.2245,0.0
ATOM,144.0,HA,ASP,8.0,24.508,16.985,9.523,0.09,1.32,8.13
ATOM,145.0,HB2,ASP,8.0,26.272,16.063,11.638,0.09,1.32,0.0
ATOM,146.0,HB3,ASP,8.0,26.071,17.653,11.328,0.09,1.32,6.6
ATOM,147.0,N,VAL,9.0,27.261,15.831,8.542,-0.47,1.85,0.0
ATOM,148.0,CA,VAL,9.0,28.456,16.127,7.75,0.07,2.275,0.0
ATOM,149.0,C,VAL,9.0,28.0,16.572,6.375,0.51,2.0,0.0
ATOM,150.0,O,VAL,9.0,27.101,15.972,5.829,-0.51,1.7,0.79
ATOM,151.0,CB,VAL,9.0,29.347,14.878,7.694,-0.09,2.275,0.0
ATOM,152.0,CG1,VAL,9.0,30.512,15.042,6.738,-0.27,2.06,11.65
ATOM,153.0,CG2,VAL,9.0,29.819,14.509,9.106,-0.27,2.06,1.6
ATOM,154.0,H,VAL,9.0,26.941,14.876,8.76,0.31,0.2245,0.0
ATOM,155.0,HA,VAL,9.0,28.934,16.885,8.183,0.09,1.32,1.73
ATOM,156.0,HB,VAL,9.0,28.788,14.12,7.347,0.09,1.32,0.0
ATOM,157.0,HG11,VAL,9.0,30.525,15.977,6.38,0.09,1.32,1.42
ATOM,158.0,HG12,VAL,9.0,31.371,14.86,7.219,0.09,1.32,1.17
ATOM,159.0,HG13,VAL,9.0,30.417,14.399,5.977,0.09,1.32,0.0
ATOM,160.0,HG21,VAL,9.0,29.699,13.528,9.242,0.09,1.32,0.0
ATOM,161.0,HG22,VAL,9.0,30.783,14.751,9.199,0.09,1.32,3.91
ATOM,162.0,HG23,VAL,9.0,29.274,15.014,9.772,0.09,1.32,0.0
ATOM,163.0,N,THR,10.0,28.548,17.679,5.841,-0.47,1.85,0.0
ATOM,164.0,CA,THR,10.0,28.217,18.083,4.478,0.07,2.275,0.48
ATOM,165.0,C,THR,10.0,28.621,16.983,3.484,0.51,2.0,0.0
ATOM,166.0,O,THR,10.0,29.766,16.498,3.529,-0.51,1.7,0.84
ATOM,167.0,CB,THR,10.0,28.871,19.412,4.142,0.14,2.275,6.01
ATOM,168.0,OG1,THR,10.0,28.388,20.356,5.086,-0.66,1.77,25.6
ATOM,169.0,CG2,THR,10.0,28.39,19.941,2.791,-0.27,2.06,29.5
ATOM,170.0,H,THR,10.0,29.192,18.188,6.458,0.31,0.2245,7.36
ATOM,171.0,HA,THR,10.0,27.225,18.213,4.412,0.09,1.32,2.87
ATOM,172.0,HB,THR,10.0,29.874,19.329,4.257,0.09,1.32,8.47
ATOM,173.0,HG21,THR,10.0,27.399,19.817,2.715,0.09,1.32,4.16
ATOM,174.0,HG22,THR,10.0,28.609,20.915,2.714,0.09,1.32,11.31
ATOM,175.0,HG23,THR,10.0,28.844,19.44,2.052,0.09,1.32,0.46
ATOM,176.0,HG1,THR,10.0,28.042,19.89,5.91,0.43,0.2245,8.96
ATOM,177.0,N,PRO,11.0,27.685,16.549,2.641,-0.29,1.85,0.0
ATOM,178.0,CA,PRO,11.0,28.003,15.632,1.592,0.02,2.275,0.0
ATOM,179.0,C,PRO,11.0,28.532,16.314,0.354,0.51,2.0,0.0
ATOM,180.0,O,PRO,11.0,28.153,17.429,0.116,-0.51,1.7,9.6
ATOM,181.0,CB,PRO,11.0,26.634,14.998,1.261,-0.18,2.175,0.0
ATOM,182.0,CG,PRO,11.0,25.683,16.016,1.491,-0.18,2.175,8.03
ATOM,183.0,CD,PRO,11.0,26.254,16.961,2.581,0.0,2.175,10.62
ATOM,184.0,HA,PRO,11.0,28.662,14.92,1.913,0.09,1.32,0.0
ATOM,185.0,HB2,PRO,11.0,26.647,14.672,0.299,0.09,1.32,0.0
ATOM,186.0,HB3,PRO,11.0,26.498,14.182,1.849,0.09,1.32,0.0
ATOM,187.0,HG2,PRO,11.0,25.483,16.574,0.66,0.09,1.32,7.14
ATOM,188.0,HG3,PRO,11.0,24.785,15.659,1.819,0.09,1.32,1.81
ATOM,189.0,HD2,PRO,11.0,26.171,17.905,2.301,0.09,1.32,3.24
ATOM,190.0,HD3,PRO,11.0,25.805,16.803,3.448,0.09,1.32,1.23
ATOM,191.0,N,GLN,12.0,29.411,15.638,-0.401,-0.47,1.85,0.0
ATOM,192.0,CA,GLN,12.0,29.733,16.015,-1.769,0.07,2.275,1.06
ATOM,193.0,C,GLN,12.0,28.883,15.133,-2.657,0.51,2.0,0.0
ATOM,194.0,O,GLN,12.0,29.017,13.889,-2.654,-0.51,1.7,0.0
ATOM,195.0,CB,GLN,12.0,31.229,15.804,-2.113,-0.18,2.175,3.19
ATOM,196.0,CG,GLN,12.0,32.19,16.782,-1.369,-0.18,2.175,20.39
ATOM,197.0,CD,GLN,12.0,32.412,16.362,0.079,0.55,2.0,2.43
ATOM,198.0,H,GLN,12.0,29.842,14.817,0.085,0.31,0.2245,0.0
ATOM,199.0,HA,GLN,12.0,29.451,16.954,-1.906,0.09,1.32,3.88
ATOM,200.0,HB2,GLN,12.0,31.49,14.878,-1.86,0.09,1.32,0.0
ATOM,201.0,HB3,GLN,12.0,31.358,15.944,-3.09,0.09,1.32,3.47
ATOM,202.0,HG2,GLN,12.0,33.059,16.777,-1.845,0.09,1.32,11.41
ATOM,203.0,HG3,GLN,12.0,31.781,17.684,-1.387,0.09,1.32,6.39
ATOM,204.0,OE1,GLN,12.0,32.575,15.166,0.367,-0.55,1.7,3.52
ATOM,205.0,NE2,GLN,12.0,32.373,17.34,1.004,-0.62,1.85,15.14
ATOM,206.0,HE21,GLN,12.0,32.498,17.128,1.979,0.32,0.2245,11.47
ATOM,207.0,HE22,GLN,12.0,32.215,18.293,0.688,0.3,0.2245,12.91
ATOM,208.0,N,LYS,13.0,27.971,15.74,-3.411,-0.47,1.85,0.45
ATOM,209.0,CA,LYS,13.0,27.343,15.005,-4.529,0.07,2.275,0.0
ATOM,210.0,C,LYS,13.0,28.45,14.75,-5.538,0.51,2.0,0.0
ATOM,211.0,O,LYS,13.0,29.251,15.64,-5.822,-0.51,1.7,18.09
ATOM,212.0,CB,LYS,13.0,26.184,15.788,-5.139,-0.18,2.175,7.22
ATOM,213.0,CG,LYS,13.0,25.551,15.097,-6.344,-0.18,2.175,0.97
ATOM,214.0,CD,LYS,13.0,24.344,15.838,-6.895,-0.18,2.175,9.73
ATOM,215.0,CE,LYS,13.0,23.918,15.219,-8.255,0.21,2.175,3.76
ATOM,216.0,NZ,LYS,13.0,22.481,15.437,-8.667,-0.3,1.85,13.47
ATOM,217.0,H,LYS,13.0,27.751,16.706,-3.168,0.31,0.2245,8.9
ATOM,218.0,HA,LYS,13.0,27.004,14.143,-4.19,0.09,1.32,0.0
ATOM,219.0,HB2,LYS,13.0,25.482,15.904,-4.443,0.09,1.32,1.87
ATOM,220.0,HB3,LYS,13.0,26.525,16.676,-5.433,0.09,1.32,8.52
ATOM,221.0,HG2,LYS,13.0,26.243,15.017,-7.072,0.09,1.32,0.0
ATOM,222.0,HG3,LYS,13.0,25.268,14.169,-6.074,0.09,1.32,0.0
ATOM,223.0,HD2,LYS,13.0,23.587,15.746,-6.271,0.09,1.32,0.0
ATOM,224.0,HD3,LYS,13.0,24.579,16.781,-7.054,0.09,1.32,9.82
ATOM,225.0,HE2,LYS,13.0,24.525,15.598,-8.977,0.05,1.32,3.93
ATOM,226.0,HE3,LYS,13.0,24.097,14.219,-8.216,0.05,1.32,0.0
ATOM,227.0,HZ1,LYS,13.0,22.444,16.197,-9.31,0.33,0.2245,20.13
ATOM,228.0,HZ2,LYS,13.0,22.142,14.606,-9.098,0.33,0.2245,15.82
ATOM,229.0,HZ3,LYS,13.0,21.943,15.647,-7.855,0.33,0.2245,6.62
ATOM,230.0,N,ILE,14.0,28.558,13.508,-5.97,-0.47,1.85,0.0
ATOM,231.0,CA,ILE,14.0,29.591,13.043,-6.874,0.07,2.275,0.0
ATOM,232.0,C,ILE,14.0,29.02,12.849,-8.264,0.51,2.0,0.0
ATOM,233.0,O,ILE,14.0,28.16,11.991,-8.468,-0.51,1.7,0.0
ATOM,234.0,CB,ILE,14.0,30.228,11.695,-6.393,-0.09,2.275,0.0
ATOM,235.0,CG1,ILE,14.0,30.679,11.765,-4.936,-0.18,2.175,0.09
ATOM,236.0,CG2,ILE,14.0,31.42,11.336,-7.265,-0.27,2.06,7.06
ATOM,237.0,CD1,ILE,14.0,31.674,12.977,-4.723,-0.27,2.06,16.25
ATOM,238.0,H,ILE,14.0,27.807,12.862,-5.591,0.31,0.2245,0.0
ATOM,239.0,HA,ILE,14.0,30.266,13.783,-6.94,0.09,1.32,1.02
ATOM,240.0,HB,ILE,14.0,29.525,10.992,-6.473,0.09,1.32,0.0
ATOM,241.0,HG12,ILE,14.0,29.908,11.914,-4.354,0.09,1.32,0.0
ATOM,242.0,HG13,ILE,14.0,31.165,10.948,-4.701,0.09,1.32,1.29
ATOM,243.0,HG21,ILE,14.0,31.785,10.45,-6.984,0.09,1.32,3.83
ATOM,244.0,HG22,ILE,14.0,31.133,11.288,-8.221,0.09,1.32,0.0
ATOM,245.0,HG23,ILE,14.0,32.129,12.033,-7.166,0.09,1.32,3.6
ATOM,246.0,HD11,ILE,14.0,31.191,13.804,-4.967,0.09,1.32,0.0
ATOM,247.0,HD12,ILE,14.0,31.937,12.981,-3.771,0.09,1.32,0.0
ATOM,248.0,HD13,ILE,14.0,32.454,12.828,-5.311,0.09,1.32,5.0
ATOM,249.0,N,SER,15.0,29.509,13.657,-9.214,-0.47,1.85,0.0
ATOM,250.0,CA,SER,15.0,29.145,13.524,-10.628,0.07,2.275,0.0
ATOM,251.0,C,SER,15.0,30.365,13.437,-11.55,0.51,2.0,0.47
ATOM,252.0,O,SER,15.0,30.973,14.492,-11.91,-0.51,1.7,25.1
ATOM,253.0,CB,SER,15.0,28.296,14.717,-11.037,0.05,2.175,18.85
ATOM,254.0,OG,SER,15.0,27.17,14.822,-10.2,-0.66,1.77,7.53
ATOM,255.0,H,SER,15.0,30.167,14.384,-8.861,0.31,0.2245,7.98
ATOM,256.0,HA,SER,15.0,28.617,12.666,-10.734,0.09,1.32,0.0
ATOM,257.0,HB2,SER,15.0,28.842,15.544,-10.957,0.09,1.32,8.13
ATOM,258.0,HB3,SER,15.0,27.995,14.591,-11.976,0.09,1.32,3.4
ATOM,259.0,HG,SER,15.0,27.189,14.093,-9.514,0.43,0.2245,0.0
ATOM,260.0,N,THR,16.0,30.705,12.217,-11.963,-0.47,1.85,0.0
ATOM,261.0,CA,THR,16.0,31.808,11.92,-12.88,0.07,2.275,2.68
ATOM,262.0,C,THR,16.0,31.382,11.027,-14.075,0.51,2.0,1.69
ATOM,263.0,O,THR,16.0,30.19,10.661,-14.21,-0.51,1.7,0.01
ATOM,264.0,CB,THR,16.0,32.949,11.226,-12.087,0.14,2.275,5.77
ATOM,265.0,OG1,THR,16.0,32.528,9.916,-11.629,-0.66,1.77,1.53
ATOM,266.0,CG2,THR,16.0,33.285,12.024,-10.841,-0.27,2.06,23.22
ATOM,267.0,H,THR,16.0,30.091,11.453,-11.56,0.31,0.2245,0.0
ATOM,268.0,HA,THR,16.0,32.157,12.791,-13.259,0.09,1.32,7.0
ATOM,269.0,HB,THR,16.0,33.749,11.098,-12.708,0.09,1.32,6.44
ATOM,270.0,HG21,THR,16.0,34.005,12.692,-11.046,0.09,1.32,11.73
ATOM,271.0,HG22,THR,16.0,32.47,12.512,-10.517,0.09,1.32,0.0
ATOM,272.0,HG23,THR,16.0,33.607,11.409,-10.117,0.09,1.32,5.22
ATOM,273.0,HG1,THR,16.0,31.527,9.874,-11.589,0.43,0.2245,0.0
ATOM,274.0,N,ASP,17.0,32.357,10.652,-14.912,-0.47,1.85,0.66
ATOM,275.0,CA,ASP,17.0,32.168,9.691,-16.036,0.07,2.275,2.17
ATOM,276.0,C,ASP,17.0,31.629,8.374,-15.528,0.51,2.0,0.0
ATOM,277.0,O,ASP,17.0,30.819,7.687,-16.196,-0.51,1.7,26.44
ATOM,278.0,CB,ASP,17.0,33.508,9.394,-16.767,-0.28,2.175,11.54
ATOM,279.0,CG,ASP,17.0,34.023,10.552,-17.616,0.62,2.0,5.82
ATOM,280.0,OD1,ASP,17.0,33.699,11.733,-17.356,-0.76,1.7,34.27
ATOM,281.0,OD2,ASP,17.0,34.825,10.37,-18.557,-0.76,1.7,48.04
ATOM,282.0,H,ASP,17.0,33.286,11.095,-14.714,0.31,0.2245,3.61
ATOM,283.0,HA,ASP,17.0,31.474,10.096,-16.638,0.09,1.32,4.74
ATOM,284.0,HB2,ASP,17.0,34.186,9.179,-16.07,0.09,1.32,5.93
ATOM,285.0,HB3,ASP,17.0,33.359,8.605,-17.355,0.09,1.32,8.89
ATOM,286.0,N,LYS,18.0,32.115,7.983,-14.352,-0.47,1.85,0.0
ATOM,287.0,CA,LYS,18.0,31.78,6.691,-13.758,0.07,2.275,0.28
ATOM,288.0,C,LYS,18.0,30.736,6.755,-12.64,0.51,2.0,1.5
ATOM,289.0,O,LYS,18.0,30.21,5.724,-12.252,-0.51,1.7,0.06
ATOM,290.0,CB,LYS,18.0,33.052,6.028,-13.217,-0.18,2.175,2.08
ATOM,291.0,CG,LYS,18.0,33.942,5.445,-14.254,-0.18,2.175,4.95
ATOM,292.0,CD,LYS,18.0,35.035,4.608,-13.635,-0.18,2.175,3.32
ATOM,293.0,CE,LYS,18.0,36.026,4.048,-14.705,0.21,2.175,19.43
ATOM,294.0,NZ,LYS,18.0,36.712,2.731,-14.226,-0.3,1.85,5.28
ATOM,295.0,H,LYS,18.0,32.75,8.673,-13.896,0.31,0.2245,0.62
ATOM,296.0,HA,LYS,18.0,31.424,6.077,-14.493,0.09,1.32,0.94
ATOM,297.0,HB2,LYS,18.0,33.559,6.726,-12.701,0.09,1.32,4.31
ATOM,298.0,HB3,LYS,18.0,32.766,5.303,-12.581,0.09,1.32,0.02
ATOM,299.0,HG2,LYS,18.0,33.406,4.863,-14.874,0.09,1.32,3.36
ATOM,300.0,HG3,LYS,18.0,34.367,6.18,-14.791,0.09,1.32,2.13
ATOM,301.0,HD2,LYS,18.0,35.566,5.162,-13.002,0.09,1.32,10.19
ATOM,302.0,HD3,LYS,18.0,34.638,3.828,-13.164,0.09,1.32,0.0
ATOM,303.0,HE2,LYS,18.0,35.525,3.848,-15.537,0.05,1.32,8.68
ATOM,304.0,HE3,LYS,18.0,36.735,4.72,-14.873,0.05,1.32,11.39
ATOM,305.0,HZ1,LYS,18.0,36.659,2.712,-13.239,0.33,0.2245,0.0
ATOM,306.0,HZ2,LYS,18.0,36.217,1.976,-14.629,0.33,0.2245,7.2
ATOM,307.0,HZ3,LYS,18.0,37.65,2.756,-14.537,0.33,0.2245,19.17
ATOM,308.0,N,VAL,19.0,30.463,7.935,-12.092,-0.47,1.85,0.72
ATOM,309.0,CA,VAL,19.0,29.638,8.055,-10.871,0.07,2.275,0.13
ATOM,310.0,C,VAL,19.0,28.507,9.051,-11.058,0.51,2.0,0.0
ATOM,311.0,O,VAL,19.0,28.744,10.173,-11.472,-0.51,1.7,0.0
ATOM,312.0,CB,VAL,19.0,30.49,8.539,-9.667,-0.09,2.275,0.0
ATOM,313.0,CG1,VAL,19.0,29.672,8.665,-8.403,-0.27,2.06,0.0
ATOM,314.0,CG2,VAL,19.0,31.707,7.684,-9.458,-0.27,2.06,12.72
ATOM,315.0,H,VAL,19.0,30.868,8.754,-12.581,0.31,0.2245,0.0
ATOM,316.0,HA,VAL,19.0,29.236,7.15,-10.686,0.09,1.32,0.0
ATOM,317.0,HB,VAL,19.0,30.832,9.452,-9.895,0.09,1.32,0.0
ATOM,318.0,HG11,VAL,19.0,30.272,8.607,-7.603,0.09,1.32,1.33
ATOM,319.0,HG12,VAL,19.0,29.196,9.546,-8.393,0.09,1.32,0.0
ATOM,320.0,HG13,VAL,19.0,28.997,7.926,-8.361,0.09,1.32,0.0
ATOM,321.0,HG21,VAL,19.0,32.232,8.025,-8.674,0.09,1.32,5.91
ATOM,322.0,HG22,VAL,19.0,31.43,6.736,-9.281,0.09,1.32,0.0
ATOM,323.0,HG23,VAL,19.0,32.285,7.71,-10.277,0.09,1.32,0.03
ATOM,324.0,N,ARG,20.0,27.264,8.656,-10.746,-0.47,1.85,0.34
ATOM,325.0,CA,ARG,20.0,26.196,9.639,-10.797,0.07,2.275,0.0
ATOM,326.0,C,ARG,20.0,25.141,9.236,-9.805,0.51,2.0,0.05
ATOM,327.0,O,ARG,20.0,24.914,8.017,-9.603,-0.51,1.7,0.0
ATOM,328.0,CB,ARG,20.0,25.634,9.726,-12.209,-0.18,2.175,7.85
ATOM,329.0,CG,ARG,20.0,25.193,11.146,-12.639,-0.18,2.175,13.62
ATOM,330.0,CD,ARG,20.0,26.313,12.129,-12.985,0.2,2.175,2.89
ATOM,331.0,NE,ARG,20.0,27.328,11.612,-13.915,-0.7,1.85,2.28
ATOM,332.0,CZ,ARG,20.0,27.129,11.342,-15.198,0.64,2.0,2.14
ATOM,333.0,NH1,ARG,20.0,25.935,11.516,-15.774,-0.8,1.85,23.34
ATOM,334.0,NH2,ARG,20.0,28.132,10.86,-15.929,-0.8,1.85,14.92
ATOM,335.0,H,ARG,20.0,27.156,7.68,-10.492,0.31,0.2245,0.0
ATOM,336.0,HA,ARG,20.0,26.565,10.531,-10.54,0.09,1.32,0.0
ATOM,337.0,HB2,ARG,20.0,26.333,9.427,-12.852,0.09,1.32,2.43
ATOM,338.0,HB3,ARG,20.0,24.834,9.137,-12.274,0.09,1.32,7.73
ATOM,339.0,HG2,ARG,20.0,24.588,11.064,-13.448,0.09,1.32,5.37
ATOM,340.0,HG3,ARG,20.0,24.643,11.552,-11.891,0.09,1.32,3.02
ATOM,341.0,HD2,ARG,20.0,25.889,12.949,-13.388,0.09,1.32,9.18
ATOM,342.0,HD3,ARG,20.0,26.764,12.395,-12.124,0.09,1.32,0.0
ATOM,343.0,HE,ARG,20.0,28.256,11.45,-13.539,0.44,0.2245,0.0
ATOM,344.0,HH11,ARG,20.0,25.175,11.876,-15.235,0.46,0.2245,7.82
ATOM,345.0,HH12,ARG,20.0,25.809,11.287,-16.736,0.46,0.2245,18.22
ATOM,346.0,HH21,ARG,20.0,29.031,10.724,-15.513,0.46,0.2245,0.0
ATOM,347.0,HH22,ARG,20.0,27.987,10.636,-16.891,0.46,0.2245,16.93
ATOM,348.0,N,GLY,21.0,24.483,10.214,-9.187,-0.47,1.85,0.29
ATOM,349.0,CA,GLY,21.0,23.397,9.867,-8.233,-0.02,2.175,10.1
ATOM,350.0,C,GLY,21.0,23.934,9.348,-6.907,0.51,2.0,0.0
ATOM,351.0,O,GLY,21.0,23.321,8.485,-6.25,-0.51,1.7,0.0
ATOM,352.0,H,GLY,21.0,24.765,11.165,-9.406,0.31,0.2245,0.0
ATOM,353.0,HA2,GLY,21.0,22.834,10.69,-8.073,0.09,1.32,2.53
ATOM,354.0,HA3,GLY,21.0,22.806,9.167,-8.658,0.09,1.32,1.88
ATOM,355.0,N,VAL,22.0,25.057,9.909,-6.485,-0.47,1.85,0.0
ATOM,356.0,CA,VAL,22.0,25.834,9.449,-5.308,0.07,2.275,0.0
ATOM,357.0,C,VAL,22.0,26.253,10.678,-4.513,0.51,2.0,0.0
ATOM,358.0,O,VAL,22.0,26.691,11.669,-5.115,-0.51,1.7,0.0
ATOM,359.0,CB,VAL,22.0,27.11,8.676,-5.723,-0.09,2.275,0.0
ATOM,360.0,CG1,VAL,22.0,27.964,8.417,-4.537,-0.27,2.06,0.12
ATOM,361.0,CG2,VAL,22.0,26.75,7.3,-6.464,-0.27,2.06,0.0
ATOM,362.0,H,VAL,22.0,25.371,10.733,-7.063,0.31,0.2245,0.0
ATOM,363.0,HA,VAL,22.0,25.23,8.899,-4.744,0.09,1.32,0.0
ATOM,364.0,HB,VAL,22.0,27.616,9.266,-6.347,0.09,1.32,0.0
ATOM,365.0,HG11,VAL,22.0,27.398,8.175,-3.741,0.09,1.32,0.0
ATOM,366.0,HG12,VAL,22.0,28.598,7.657,-4.718,0.09,1.32,0.01
ATOM,367.0,HG13,VAL,22.0,28.505,9.234,-4.306,0.09,1.32,0.0
ATOM,368.0,HG21,VAL,22.0,25.896,7.442,-6.939,0.09,1.32,0.0
ATOM,369.0,HG22,VAL,22.0,27.489,7.106,-7.089,0.09,1.32,0.0
ATOM,370.0,HG23,VAL,22.0,26.67,6.608,-5.765,0.09,1.32,0.0
ATOM,371.0,N,ARG,23.0,26.121,10.589,-3.186,-0.47,1.85,0.0
ATOM,372.0,CA,ARG,23.0,26.643,11.619,-2.271,0.07,2.275,0.0
ATOM,373.0,C,ARG,23.0,27.615,10.918,-1.331,0.51,2.0,0.0
ATOM,374.0,O,ARG,23.0,27.421,9.746,-0.952,-0.51,1.7,0.0
ATOM,375.0,CB,ARG,23.0,25.534,12.341,-1.509,-0.18,2.175,0.0
ATOM,376.0,CG,ARG,23.0,24.664,13.183,-2.401,-0.18,2.175,0.03
ATOM,377.0,CD,ARG,23.0,23.401,13.656,-1.75,0.2,2.175,11.07
ATOM,378.0,NE,ARG,23.0,22.683,14.524,-2.652,-0.7,1.85,4.8
ATOM,379.0,CZ,ARG,23.0,22.045,14.122,-3.75,0.64,2.0,1.81
ATOM,380.0,NH1,ARG,23.0,22.001,12.835,-4.096,-0.8,1.85,1.2
ATOM,381.0,NH2,ARG,23.0,21.43,15.021,-4.512,-0.8,1.85,14.88
ATOM,382.0,H,ARG,23.0,25.623,9.739,-2.856,0.31,0.2245,0.0
ATOM,383.0,HA,ARG,23.0,27.135,12.295,-2.8,0.09,1.32,0.0
ATOM,384.0,HB2,ARG,23.0,24.966,11.656,-1.068,0.09,1.32,0.0
ATOM,385.0,HB3,ARG,23.0,25.958,12.931,-0.833,0.09,1.32,0.0
ATOM,386.0,HG2,ARG,23.0,25.185,13.994,-2.707,0.09,1.32,0.01
ATOM,387.0,HG3,ARG,23.0,24.415,12.65,-3.224,0.09,1.32,0.0
ATOM,388.0,HD2,ARG,23.0,22.842,12.866,-1.534,0.09,1.32,1.12
ATOM,389.0,HD3,ARG,23.0,23.639,14.156,-0.927,0.09,1.32,0.17
ATOM,390.0,HE,ARG,23.0,22.658,15.515,-2.442,0.44,0.2245,12.85
ATOM,391.0,HH11,ARG,23.0,22.436,12.149,-3.515,0.46,0.2245,0.0
ATOM,392.0,HH12,ARG,23.0,21.532,12.56,-4.934,0.46,0.2245,0.77
ATOM,393.0,HH21,ARG,23.0,21.432,15.986,-4.249,0.46,0.2245,16.2
ATOM,394.0,HH22,ARG,23.0,20.964,14.733,-5.348,0.46,0.2245,9.48
ATOM,395.0,N,LYS,24.0,28.705,11.595,-1.028,-0.47,1.85,0.0
ATOM,396.0,CA,LYS,24.0,29.774,11.034,-0.24,0.07,2.275,0.0
ATOM,397.0,C,LYS,24.0,29.92,11.925,0.981,0.51,2.0,0.0
ATOM,398.0,O,LYS,24.0,29.97,13.181,0.849,-0.51,1.7,0.0
ATOM,399.0,CB,LYS,24.0,31.045,11.053,-1.071,-0.18,2.175,0.0
ATOM,400.0,CG,LYS,24.0,32.32,10.754,-0.269,-0.18,2.175,0.0
ATOM,401.0,CD,LYS,24.0,33.493,10.763,-1.179,-0.18,2.175,1.74
ATOM,402.0,CE,LYS,24.0,34.773,11.074,-0.501,0.21,2.175,1.98
ATOM,403.0,NZ,LYS,24.0,35.858,10.841,-1.481,-0.3,1.85,5.29
ATOM,404.0,H,LYS,24.0,28.725,12.573,-1.409,0.31,0.2245,0.0
ATOM,405.0,HA,LYS,24.0,29.525,10.121,0.058,0.09,1.32,0.0
ATOM,406.0,HB2,LYS,24.0,30.969,10.365,-1.789,0.09,1.32,0.0
ATOM,407.0,HB3,LYS,24.0,31.147,11.958,-1.48,0.09,1.32,0.0
ATOM,408.0,HG2,LYS,24.0,32.421,11.457,0.428,0.09,1.32,0.0
ATOM,409.0,HG3,LYS,24.0,32.22,9.86,0.154,0.09,1.32,0.0
ATOM,410.0,HD2,LYS,24.0,33.571,9.856,-1.622,0.09,1.32,0.43
ATOM,411.0,HD3,LYS,24.0,33.338,11.446,-1.91,0.09,1.32,0.29
ATOM,412.0,HE2,LYS,24.0,34.788,12.024,-0.221,0.05,1.32,2.17
ATOM,413.0,HE3,LYS,24.0,34.903,10.472,0.275,0.05,1.32,0.0
ATOM,414.0,HZ1,LYS,24.0,36.057,11.692,-1.969,0.33,0.2245,17.52
ATOM,415.0,HZ2,LYS,24.0,36.681,10.532,-1.003,0.33,0.2245,0.0
ATOM,416.0,HZ3,LYS,24.0,35.573,10.141,-2.137,0.33,0.2245,9.24
ATOM,417.0,N,ARG,25.0,30.008,11.311,2.155,-0.47,1.85,0.0
ATOM,418.0,CA,ARG,25.0,30.379,12.067,3.357,0.07,2.275,0.0
ATOM,419.0,C,ARG,25.0,31.652,11.465,3.919,0.51,2.0,0.0
ATOM,420.0,O,ARG,25.0,31.721,10.273,4.153,-0.51,1.7,0.0
ATOM,421.0,CB,ARG,25.0,29.306,12.017,4.436,-0.18,2.175,0.0
ATOM,422.0,CG,ARG,25.0,27.997,12.679,4.08,-0.18,2.175,0.0
ATOM,423.0,CD,ARG,25.0,26.958,12.456,5.096,0.2,2.175,0.0
ATOM,424.0,NE,ARG,25.0,25.882,13.448,5.095,-0.7,1.85,0.0
ATOM,425.0,CZ,ARG,25.0,24.805,13.371,4.28,0.64,2.0,0.0
ATOM,426.0,NH1,ARG,25.0,24.691,12.419,3.371,-0.8,1.85,0.0
ATOM,427.0,NH2,ARG,25.0,23.835,14.268,4.37,-0.8,1.85,4.62
ATOM,428.0,H,ARG,25.0,29.803,10.305,2.151,0.31,0.2245,0.0
ATOM,429.0,HA,ARG,25.0,30.552,13.013,3.099,0.09,1.32,0.0
ATOM,430.0,HB2,ARG,25.0,29.121,11.054,4.647,0.09,1.32,0.0
ATOM,431.0,HB3,ARG,25.0,29.668,12.465,5.257,0.09,1.32,0.0
ATOM,432.0,HG2,ARG,25.0,28.151,13.669,3.976,0.09,1.32,0.0
ATOM,433.0,HG3,ARG,25.0,27.678,12.314,3.197,0.09,1.32,0.0
ATOM,434.0,HD2,ARG,25.0,26.544,11.543,4.954,0.09,1.32,0.0
ATOM,435.0,HD3,ARG,25.0,27.386,12.457,6.014,0.09,1.32,0.0
ATOM,436.0,HE,ARG,25.0,25.938,14.219,5.721,0.44,0.2245,0.0
ATOM,437.0,HH11,ARG,25.0,25.403,11.719,3.286,0.46,0.2245,0.0
ATOM,438.0,HH12,ARG,25.0,23.894,12.392,2.766,0.46,0.2245,2.87
ATOM,439.0,HH21,ARG,25.0,23.898,14.994,5.062,0.46,0.2245,4.48
ATOM,440.0,HH22,ARG,25.0,23.049,14.226,3.76,0.46,0.2245,10.94
ATOM,441.0,N,VAL,26.0,32.663,12.297,4.154,-0.47,1.85,0.0
ATOM,442.0,CA,VAL,26.0,33.899,11.85,4.793,0.07,2.275,0.0
ATOM,443.0,C,VAL,26.0,33.665,12.055,6.279,0.51,2.0,0.0
ATOM,444.0,O,VAL,26.0,33.524,13.223,6.745,-0.51,1.7,9.73
ATOM,445.0,CB,VAL,26.0,35.172,12.568,4.276,-0.09,2.275,2.49
ATOM,446.0,CG1,VAL,26.0,36.387,12.108,5.059,-0.27,2.06,1.78
ATOM,447.0,CG2,VAL,26.0,35.409,12.198,2.841,-0.27,2.06,4.27
ATOM,448.0,H,VAL,26.0,32.5,13.277,3.849,0.31,0.2245,0.82
ATOM,449.0,HA,VAL,26.0,34.003,10.886,4.626,0.09,1.32,0.0
ATOM,450.0,HB,VAL,26.0,35.057,13.539,4.451,0.09,1.32,8.44
ATOM,451.0,HG11,VAL,26.0,36.196,11.225,5.489,0.09,1.32,0.0
ATOM,452.0,HG12,VAL,26.0,37.169,12.013,4.442,0.09,1.32,0.0
ATOM,453.0,HG13,VAL,26.0,36.605,12.78,5.768,0.09,1.32,4.94
ATOM,454.0,HG21,VAL,26.0,34.825,11.422,2.588,0.09,1.32,0.0
ATOM,455.0,HG22,VAL,26.0,35.193,12.978,2.248,0.09,1.32,3.46
ATOM,456.0,HG23,VAL,26.0,36.37,11.942,2.71,0.09,1.32,0.0
ATOM,457.0,N,LEU,27.0,33.479,10.932,6.993,-0.47,1.85,0.0
ATOM,458.0,CA,LEU,27.0,33.241,11.003,8.453,0.07,2.275,0.48
ATOM,459.0,C,LEU,27.0,34.545,11.212,9.277,0.51,2.0,0.0
ATOM,460.0,O,LEU,27.0,34.639,12.105,10.105,-0.51,1.7,16.22
ATOM,461.0,CB,LEU,27.0,32.468,9.784,8.944,-0.18,2.175,1.2
ATOM,462.0,CG,LEU,27.0,31.245,9.567,8.055,-0.09,2.275,0.0
ATOM,463.0,CD1,LEU,27.0,30.519,8.363,8.515,-0.27,2.06,2.57
ATOM,464.0,CD2,LEU,27.0,30.297,10.783,8.037,-0.27,2.06,0.0
ATOM,465.0,H,LEU,27.0,33.515,10.058,6.462,0.31,0.2245,0.0
ATOM,466.0,HA,LEU,27.0,32.63,11.785,8.638,0.09,1.32,0.0
ATOM,467.0,HB2,LEU,27.0,33.038,9.005,8.858,0.09,1.32,0.0
ATOM,468.0,HB3,LEU,27.0,32.154,9.962,9.843,0.09,1.32,7.92
ATOM,469.0,HG,LEU,27.0,31.556,9.451,7.113,0.09,1.32,0.0
ATOM,470.0,HD11,LEU,27.0,30.216,8.473,9.47,0.09,1.32,5.9
ATOM,471.0,HD12,LEU,27.0,29.706,8.198,7.943,0.09,1.32,0.0
ATOM,472.0,HD13,LEU,27.0,31.111,7.549,8.464,0.09,1.32,0.0
ATOM,473.0,HD21,LEU,27.0,30.793,11.576,7.692,0.09,1.32,0.0
ATOM,474.0,HD22,LEU,27.0,29.522,10.581,7.443,0.09,1.32,0.0
ATOM,475.0,HD23,LEU,27.0,29.977,10.959,8.965,0.09,1.32,0.95
ATOM,476.0,N,ILE,28.0,35.505,10.337,9.019,-0.47,1.85,0.0
ATOM,477.0,CA,ILE,28.0,36.801,10.371,9.641,0.07,2.275,0.0
ATOM,478.0,C,ILE,28.0,37.809,10.403,8.522,0.51,2.0,0.0
ATOM,479.0,O,ILE,28.0,37.986,9.417,7.793,-0.51,1.7,0.0
ATOM,480.0,CB,ILE,28.0,36.997,9.109,10.518,-0.09,2.275,0.04
ATOM,481.0,CG1,ILE,28.0,35.944,9.021,11.606,-0.18,2.175,6.62
ATOM,482.0,CG2,ILE,28.0,38.359,9.089,11.224,-0.27,2.06,7.78
ATOM,483.0,CD1,ILE,28.0,35.978,7.69,12.393,-0.27,2.06,28.33
ATOM,484.0,H,ILE,28.0,35.229,9.606,8.308,0.31,0.2245,0.0
ATOM,485.0,HA,ILE,28.0,36.869,11.242,10.113,0.09,1.32,0.0
ATOM,486.0,HB,ILE,28.0,36.904,8.313,9.922,0.09,1.32,0.0
ATOM,487.0,HG12,ILE,28.0,36.077,9.764,12.255,0.09,1.32,0.14
ATOM,488.0,HG13,ILE,28.0,35.041,9.105,11.194,0.09,1.32,0.0
ATOM,489.0,HG21,ILE,28.0,38.448,8.241,11.74,0.09,1.32,4.32
ATOM,490.0,HG22,ILE,28.0,39.083,9.145,10.541,0.09,1.32,0.0
ATOM,491.0,HG23,ILE,28.0,38.418,9.868,11.843,0.09,1.32,0.23
ATOM,492.0,HD11,ILE,28.0,36.87,7.601,12.822,0.09,1.32,5.13
ATOM,493.0,HD12,ILE,28.0,35.262,7.713,13.081,0.09,1.32,11.42
ATOM,494.0,HD13,ILE,28.0,35.823,6.944,11.756,0.09,1.32,0.0
ATOM,495.0,N,GLY,29.0,38.484,11.527,8.366,-0.47,1.85,0.5
ATOM,496.0,CA,GLY,29.0,39.357,11.665,7.235,-0.02,2.175,0.67
ATOM,497.0,C,GLY,29.0,40.834,11.726,7.609,0.51,2.0,0.0
ATOM,498.0,O,GLY,29.0,41.239,11.449,8.749,-0.51,1.7,0.0
ATOM,499.0,H,GLY,29.0,38.333,12.243,9.085,0.31,0.2245,0.02
ATOM,500.0,HA2,GLY,29.0,39.216,10.885,6.592,0.09,1.32,0.0
ATOM,501.0,HA3,GLY,29.0,39.118,12.51,6.715,0.09,1.32,1.98
ATOM,502.0,N,LEU,30.0,41.628,12.123,6.623,-0.47,1.85,0.0
ATOM,503.0,CA,LEU,30.0,43.087,12.084,6.689,0.07,2.275,0.1
ATOM,504.0,C,LEU,30.0,43.706,12.959,7.773,0.51,2.0,0.05
ATOM,505.0,O,LEU,30.0,44.854,12.739,8.191,-0.51,1.7,20.75
ATOM,506.0,CB,LEU,30.0,43.645,12.508,5.321,-0.18,2.175,5.98
ATOM,507.0,CG,LEU,30.0,43.335,11.63,4.105,-0.09,2.275,0.0
ATOM,508.0,CD1,LEU,30.0,43.861,12.285,2.829,-0.27,2.06,27.49
ATOM,509.0,CD2,LEU,30.0,43.97,10.256,4.261,-0.27,2.06,1.55
ATOM,510.0,H,LEU,30.0,41.112,12.474,5.775,0.31,0.2245,0.0
ATOM,511.0,HA,LEU,30.0,43.372,11.117,6.86,0.09,1.32,0.01
ATOM,512.0,HB2,LEU,30.0,43.29,13.427,5.122,0.09,1.32,5.09
ATOM,513.0,HB3,LEU,30.0,44.644,12.559,5.405,0.09,1.32,6.4
ATOM,514.0,HG,LEU,30.0,42.347,11.512,4.032,0.09,1.32,0.0
ATOM,515.0,HD11,LEU,30.0,44.85,12.405,2.902,0.09,1.32,9.66
ATOM,516.0,HD12,LEU,30.0,43.651,11.701,2.046,0.09,1.32,0.0
ATOM,517.0,HD13,LEU,30.0,43.424,13.176,2.709,0.09,1.32,7.23
ATOM,518.0,HD21,LEU,30.0,43.609,9.812,5.082,0.09,1.32,0.0
ATOM,519.0,HD22,LEU,30.0,43.758,9.696,3.459,0.09,1.32,0.0
ATOM,520.0,HD23,LEU,30.0,44.962,10.354,4.345,0.09,1.32,4.71
ATOM,521.0,N,LYS,31.0,42.999,14.006,8.176,-0.47,1.85,0.16
ATOM,522.0,CA,LYS,31.0,43.492,14.943,9.187,0.07,2.275,3.43
ATOM,523.0,C,LYS,31.0,43.22,14.397,10.586,0.51,2.0,0.11
ATOM,524.0,O,LYS,31.0,43.863,14.81,11.549,-0.51,1.7,31.22
ATOM,525.0,CB,LYS,31.0,42.82,16.309,9.006,-0.18,2.175,12.61
ATOM,526.0,CG,LYS,31.0,41.302,16.297,9.328,-0.18,2.175,0.0
ATOM,527.0,CD,LYS,31.0,40.567,17.431,8.617,-0.18,2.175,14.69
ATOM,528.0,CE,LYS,31.0,39.563,18.135,9.535,0.21,2.175,21.34
ATOM,529.0,NZ,LYS,31.0,40.203,18.762,10.705,-0.3,1.85,13.0
ATOM,530.0,H,LYS,31.0,42.068,14.106,7.716,0.31,0.2245,0.39
ATOM,531.0,HA,LYS,31.0,44.482,15.054,9.071,0.09,1.32,8.75
ATOM,532.0,HB2,LYS,31.0,43.252,16.96,9.617,0.09,1.32,7.55
ATOM,533.0,HB3,LYS,31.0,42.925,16.592,8.061,0.09,1.32,8.21
ATOM,534.0,HG2,LYS,31.0,40.925,15.424,9.029,0.09,1.32,0.0
ATOM,535.0,HG3,LYS,31.0,41.188,16.399,10.313,0.09,1.32,0.57
ATOM,536.0,HD2,LYS,31.0,41.234,18.103,8.308,0.09,1.32,7.86
ATOM,537.0,HD3,LYS,31.0,40.071,17.056,7.839,0.09,1.32,10.08
ATOM,538.0,HE2,LYS,31.0,39.08,18.837,8.996,0.05,1.32,12.14
ATOM,539.0,HE3,LYS,31.0,38.886,17.455,9.844,0.05,1.32,5.59
ATOM,540.0,HZ1,LYS,31.0,41.2,18.702,10.619,0.33,0.2245,9.74
ATOM,541.0,HZ2,LYS,31.0,39.935,19.726,10.762,0.33,0.2245,20.52
ATOM,542.0,HZ3,LYS,31.0,39.916,18.291,11.541,0.33,0.2245,14.32
ATOM,543.0,N,ASP,32.0,42.303,13.436,10.673,-0.47,1.85,0.0
ATOM,544.0,CA,ASP,32.0,41.856,12.886,11.955,0.07,2.275,1.22
ATOM,545.0,C,ASP,32.0,42.603,11.601,12.293,0.51,2.0,0.89
ATOM,546.0,O,ASP,32.0,42.905,11.327,13.441,-0.51,1.7,29.77
ATOM,547.0,CB,ASP,32.0,40.358,12.559,11.89,-0.28,2.175,0.64
ATOM,548.0,CG,ASP,32.0,39.538,13.678,11.268,0.62,2.0,0.01
ATOM,549.0,OD1,ASP,32.0,39.695,14.82,11.753,-0.76,1.7,10.27
ATOM,550.0,OD2,ASP,32.0,38.718,13.501,10.311,-0.76,1.7,8.69
ATOM,551.0,H,ASP,32.0,41.931,13.109,9.755,0.31,0.2245,0.0
ATOM,552.0,HA,ASP,32.0,42.091,13.561,12.664,0.09,1.32,6.46
ATOM,553.0,HB2,ASP,32.0,40.248,11.739,11.341,0.09,1.32,0.0
ATOM,554.0,HB3,ASP,32.0,40.038,12.405,12.816,0.09,1.32,1.97
ATOM,555.0,N,ALA,33.0,42.883,10.801,11.273,-0.47,1.85,0.96
ATOM,556.0,CA,ALA,33.0,43.115,9.386,11.462,0.07,2.275,0.65
ATOM,557.0,C,ALA,33.0,44.49,8.995,10.983,0.51,2.0,1.18
ATOM,558.0,O,ALA,33.0,44.912,9.422,9.913,-0.51,1.7,6.44
ATOM,559.0,CB,ALA,33.0,42.073,8.613,10.705,-0.27,2.06,1.65
ATOM,560.0,H,ALA,33.0,42.919,11.274,10.347,0.31,0.2245,0.0
ATOM,561.0,HA,ALA,33.0,43.04,9.172,12.447,0.09,1.32,1.4
ATOM,562.0,HB1,ALA,33.0,41.424,8.193,11.344,0.09,1.32,5.05
ATOM,563.0,HB2,ALA,33.0,41.571,9.225,10.089,0.09,1.32,0.0
ATOM,564.0,HB3,ALA,33.0,42.508,7.89,10.162,0.09,1.32,0.02
ATOM,565.0,N,PRO,34.0,45.211,8.201,11.772,-0.29,1.85,0.45
ATOM,566.0,CA,PRO,34.0,46.601,7.885,11.44,0.02,2.275,2.98
ATOM,567.0,C,PRO,34.0,46.768,6.787,10.389,0.51,2.0,0.0
ATOM,568.0,O,PRO,34.0,47.789,6.749,9.737,-0.51,1.7,2.97
ATOM,569.0,CB,PRO,34.0,47.163,7.412,12.783,-0.18,2.175,20.03
ATOM,570.0,CG,PRO,34.0,45.968,6.806,13.48,-0.18,2.175,14.91
ATOM,571.0,CD,PRO,34.0,44.819,7.642,13.076,0.0,2.175,12.11
ATOM,572.0,HA,PRO,34.0,47.098,8.73,11.15,0.09,1.32,10.4
ATOM,573.0,HB2,PRO,34.0,47.877,6.727,12.65,0.09,1.32,4.66
ATOM,574.0,HB3,PRO,34.0,47.525,8.178,13.309,0.09,1.32,11.76
ATOM,575.0,HG2,PRO,34.0,45.855,5.85,13.19,0.09,1.32,0.0
ATOM,576.0,HG3,PRO,34.0,46.112,6.823,14.475,0.09,1.32,11.79
ATOM,577.0,HD2,PRO,34.0,43.973,7.103,12.98,0.09,1.32,6.51
ATOM,578.0,HD3,PRO,34.0,44.642,8.387,13.733,0.09,1.32,5.98
ATOM,579.0,N,ASN,35.0,45.768,5.925,10.229,-0.47,1.85,0.0
ATOM,580.0,CA,ASN,35.0,45.868,4.67,9.441,0.07,2.275,0.66
ATOM,581.0,C,ASN,35.0,44.832,4.482,8.305,0.51,2.0,0.0
ATOM,582.0,O,ASN,35.0,45.204,4.189,7.16,-0.51,1.7,5.25
ATOM,583.0,CB,ASN,35.0,45.841,3.456,10.397,-0.18,2.175,5.8
ATOM,584.0,CG,ASN,35.0,47.079,3.381,11.301,0.55,2.0,2.08
ATOM,585.0,H,ASN,35.0,44.878,6.203,10.713,0.31,0.2245,0.0
ATOM,586.0,HA,ASN,35.0,46.789,4.677,8.997,0.09,1.32,0.6
ATOM,587.0,HB2,ASN,35.0,45.036,3.531,10.974,0.09,1.32,0.6
ATOM,588.0,HB3,ASN,35.0,45.802,2.628,9.849,0.09,1.32,8.11
ATOM,589.0,OD1,ASN,35.0,48.191,3.61,10.838,-0.55,1.7,26.31
ATOM,590.0,ND2,ASN,35.0,46.888,3.038,12.584,-0.62,1.85,17.84
ATOM,591.0,HD22,ASN,35.0,45.951,2.842,12.889,0.3,0.2245,11.5
ATOM,592.0,HD21,ASN,35.0,47.652,2.981,13.207,0.32,0.2245,20.01
ATOM,593.0,N,PHE,36.0,43.537,4.623,8.606,-0.47,1.85,0.06
ATOM,594.0,CA,PHE,36.0,42.464,4.455,7.61,0.07,2.275,0.0
ATOM,595.0,C,PHE,36.0,41.349,5.508,7.791,0.51,2.0,0.0
ATOM,596.0,O,PHE,36.0,41.282,6.157,8.826,-0.51,1.7,3.0
ATOM,597.0,CB,PHE,36.0,41.896,3.009,7.649,-0.18,2.175,6.66
ATOM,598.0,CG,PHE,36.0,41.343,2.591,8.993,0.0,1.9924,0.42
ATOM,599.0,CD1,PHE,36.0,42.175,2.195,9.989,-0.115,1.9924,8.26
ATOM,600.0,CD2,PHE,36.0,39.972,2.581,9.246,-0.115,1.9924,4.91
ATOM,601.0,CE1,PHE,36.0,41.715,1.849,11.236,-0.115,1.9924,17.0
ATOM,602.0,CE2,PHE,36.0,39.484,2.221,10.506,-0.115,1.9924,15.41
ATOM,603.0,CZ,PHE,36.0,40.365,1.823,11.489,-0.115,1.9924,21.33
ATOM,604.0,H,PHE,36.0,43.349,4.862,9.603,0.31,0.2245,0.75
ATOM,605.0,HA,PHE,36.0,42.874,4.625,6.708,0.09,1.32,0.0
ATOM,606.0,HB2,PHE,36.0,41.165,2.962,6.987,0.09,1.32,0.0
ATOM,607.0,HB3,PHE,36.0,42.635,2.396,7.416,0.09,1.32,3.72
ATOM,608.0,HD1,PHE,36.0,43.174,2.15,9.818,0.115,1.3582,1.71
ATOM,609.0,HD2,PHE,36.0,39.333,2.833,8.524,0.115,1.3582,0.0
ATOM,610.0,HE1,PHE,36.0,42.377,1.613,11.965,0.115,1.3582,12.25
ATOM,611.0,HE2,PHE,36.0,38.49,2.256,10.68,0.115,1.3582,6.6
ATOM,612.0,HZ,PHE,36.0,40.026,1.518,12.379,0.115,1.3582,17.72
ATOM,613.0,N,VAL,37.0,40.441,5.589,6.807,-0.47,1.85,0.0
ATOM,614.0,CA,VAL,37.0,39.407,6.605,6.754,0.07,2.275,0.29
ATOM,615.0,C,VAL,37.0,38.029,5.955,6.635,0.51,2.0,0.0
ATOM,616.0,O,VAL,37.0,37.91,4.834,6.124,-0.51,1.7,0.0
ATOM,617.0,CB,VAL,37.0,39.665,7.616,5.596,-0.09,2.275,0.0
ATOM,618.0,CG1,VAL,37.0,41.064,8.198,5.741,-0.27,2.06,0.14
ATOM,619.0,CG2,VAL,37.0,39.503,7.046,4.233,-0.27,2.06,0.0
ATOM,620.0,H,VAL,37.0,40.551,4.843,6.075,0.31,0.2245,0.0
ATOM,621.0,HA,VAL,37.0,39.427,7.125,7.614,0.09,1.32,0.0
ATOM,622.0,HB,VAL,37.0,39.023,8.359,5.707,0.09,1.32,0.0
ATOM,623.0,HG11,VAL,37.0,41.722,7.457,5.869,0.09,1.32,0.0
ATOM,624.0,HG12,VAL,37.0,41.299,8.713,4.916,0.09,1.32,0.0
ATOM,625.0,HG13,VAL,37.0,41.092,8.808,6.533,0.09,1.32,0.0
ATOM,626.0,HG21,VAL,37.0,40.347,7.171,3.701,0.09,1.32,0.0
ATOM,627.0,HG22,VAL,37.0,39.3,6.062,4.289,0.09,1.32,0.0
ATOM,628.0,HG23,VAL,37.0,38.748,7.504,3.752,0.09,1.32,0.0
ATOM,629.0,N,MET,38.0,37.005,6.698,7.056,-0.47,1.85,0.07
ATOM,630.0,CA,MET,38.0,35.617,6.216,7.042,0.07,2.275,0.0
ATOM,631.0,C,MET,38.0,34.8,7.235,6.27,0.51,2.0,0.0
ATOM,632.0,O,MET,38.0,34.771,8.456,6.619,-0.51,1.7,0.0
ATOM,633.0,CB,MET,38.0,35.098,6.097,8.476,-0.18,2.175,0.64
ATOM,634.0,CG,MET,38.0,33.602,5.77,8.617,-0.14,2.175,0.0
ATOM,635.0,SD,MET,38.0,32.975,5.763,10.267,-0.09,2.0,11.52
ATOM,636.0,CE,MET,38.0,33.662,4.303,10.914,-0.22,2.06,23.39
ATOM,637.0,H,MET,38.0,37.271,7.648,7.395,0.31,0.2245,0.0
ATOM,638.0,HA,MET,38.0,35.595,5.356,6.549,0.09,1.32,0.0
ATOM,639.0,HB2,MET,38.0,35.62,5.374,8.958,0.09,1.32,0.79
ATOM,640.0,HB3,MET,38.0,35.272,6.969,8.964,0.09,1.32,0.0
ATOM,641.0,HG2,MET,38.0,33.086,6.444,8.011,0.09,1.32,0.0
ATOM,642.0,HG3,MET,38.0,33.444,4.856,8.141,0.09,1.32,0.0
ATOM,643.0,HE1,MET,38.0,34.654,4.409,11.073,0.09,1.32,2.38
ATOM,644.0,HE2,MET,38.0,33.231,4.059,11.795,0.09,1.32,12.11
ATOM,645.0,HE3,MET,38.0,33.53,3.528,10.279,0.09,1.32,0.09
ATOM,646.0,N,ARG,39.0,34.141,6.732,5.226,-0.47,1.85,0.0
ATOM,647.0,CA,ARG,39.0,33.16,7.496,4.465,0.07,2.275,0.0
ATOM,648.0,C,ARG,39.0,31.791,6.828,4.53,0.51,2.0,0.0
ATOM,649.0,O,ARG,39.0,31.653,5.637,4.733,-0.51,1.7,0.0
ATOM,650.0,CB,ARG,39.0,33.562,7.644,2.99,-0.18,2.175,0.0
ATOM,651.0,CG,ARG,39.0,35.006,8.106,2.769,-0.18,2.175,0.0
ATOM,652.0,CD,ARG,39.0,35.919,6.995,2.406,0.2,2.175,0.0
ATOM,653.0,NE,ARG,39.0,36.034,6.907,0.951,-0.7,1.85,0.0
ATOM,654.0,CZ,ARG,39.0,36.073,5.784,0.272,0.64,2.0,0.0
ATOM,655.0,NH1,ARG,39.0,36.004,4.628,0.884,-0.8,1.85,0.0
ATOM,656.0,NH2,ARG,39.0,36.175,5.82,-1.045,-0.8,1.85,8.13
ATOM,657.0,H,ARG,39.0,34.39,5.74,5.001,0.31,0.2245,0.0
ATOM,658.0,HA,ARG,39.0,33.086,8.418,4.861,0.09,1.32,0.0
ATOM,659.0,HB2,ARG,39.0,33.453,6.759,2.547,0.09,1.32,0.0
ATOM,660.0,HB3,ARG,39.0,32.959,8.315,2.568,0.09,1.32,0.0
ATOM,661.0,HG2,ARG,39.0,35.012,8.792,2.034,0.09,1.32,0.0
ATOM,662.0,HG3,ARG,39.0,35.334,8.539,3.615,0.09,1.32,0.0
ATOM,663.0,HD2,ARG,39.0,36.816,7.171,2.788,0.09,1.32,0.0
ATOM,664.0,HD3,ARG,39.0,35.548,6.143,2.75,0.09,1.32,0.0
ATOM,665.0,HE,ARG,39.0,36.087,7.777,0.437,0.44,0.2245,0.0
ATOM,666.0,HH11,ARG,39.0,35.9,4.567,1.878,0.46,0.2245,0.0
ATOM,667.0,HH12,ARG,39.0,36.055,3.77,0.351,0.46,0.2245,0.0
ATOM,668.0,HH21,ARG,39.0,36.203,6.7,-1.526,0.46,0.2245,7.53
ATOM,669.0,HH22,ARG,39.0,36.224,4.968,-1.571,0.46,0.2245,5.32
ATOM,670.0,N,LEU,40.0,30.781,7.663,4.358,-0.47,1.85,0.0
ATOM,671.0,CA,LEU,40.0,29.419,7.225,4.19,0.07,2.275,0.0
ATOM,672.0,C,LEU,40.0,28.91,7.635,2.788,0.51,2.0,0.0
ATOM,673.0,O,LEU,40.0,28.941,8.813,2.432,-0.51,1.7,0.03
ATOM,674.0,CB,LEU,40.0,28.566,7.883,5.237,-0.18,2.175,0.0
ATOM,675.0,CG,LEU,40.0,27.052,7.798,5.054,-0.09,2.275,0.0
ATOM,676.0,CD1,LEU,40.0,26.479,6.395,5.057,-0.27,2.06,0.1
ATOM,677.0,CD2,LEU,40.0,26.294,8.659,6.068,-0.27,2.06,2.79
ATOM,678.0,H,LEU,40.0,31.062,8.677,4.355,0.31,0.2245,0.0
ATOM,679.0,HA,LEU,40.0,29.379,6.226,4.246,0.09,1.32,0.0
ATOM,680.0,HB2,LEU,40.0,28.775,7.465,6.125,0.09,1.32,0.0
ATOM,681.0,HB3,LEU,40.0,28.801,8.857,5.271,0.09,1.32,0.0
ATOM,682.0,HG,LEU,40.0,26.806,8.256,4.176,0.09,1.32,0.0
ATOM,683.0,HD11,LEU,40.0,26.684,5.949,5.93,0.09,1.32,0.01
ATOM,684.0,HD12,LEU,40.0,25.486,6.436,4.932,0.09,1.32,0.0
ATOM,685.0,HD13,LEU,40.0,26.884,5.863,4.311,0.09,1.32,0.0
ATOM,686.0,HD21,LEU,40.0,26.567,9.614,5.959,0.09,1.32,0.0
ATOM,687.0,HD22,LEU,40.0,25.312,8.57,5.908,0.09,1.32,0.0
ATOM,688.0,HD23,LEU,40.0,26.513,8.35,6.993,0.09,1.32,0.81
ATOM,689.0,N,PHE,41.0,28.436,6.669,2.019,-0.47,1.85,0.0
ATOM,690.0,CA,PHE,41.0,27.943,6.859,0.659,0.07,2.275,0.0
ATOM,691.0,C,PHE,41.0,26.445,6.628,0.649,0.51,2.0,0.0
ATOM,692.0,O,PHE,41.0,25.967,5.668,1.259,-0.51,1.7,0.0
ATOM,693.0,CB,PHE,41.0,28.602,5.829,-0.274,-0.18,2.175,0.0
ATOM,694.0,CG,PHE,41.0,29.977,6.226,-0.672,0.0,1.9924,0.0
ATOM,695.0,CD1,PHE,41.0,30.152,7.072,-1.696,-0.115,1.9924,0.0
ATOM,696.0,CD2,PHE,41.0,31.073,5.747,0.023,-0.115,1.9924,0.02
ATOM,697.0,CE1,PHE,41.0,31.379,7.454,-2.073,-0.115,1.9924,2.87
ATOM,698.0,CE2,PHE,41.0,32.328,6.162,-0.317,-0.115,1.9924,2.13
ATOM,699.0,CZ,PHE,41.0,32.466,6.986,-1.414,-0.115,1.9924,6.33
ATOM,700.0,H,PHE,41.0,28.443,5.716,2.484,0.31,0.2245,0.0
ATOM,701.0,HA,PHE,41.0,28.093,7.819,0.426,0.09,1.32,0.0
ATOM,702.0,HB2,PHE,41.0,28.648,4.976,0.214,0.09,1.32,0.0
ATOM,703.0,HB3,PHE,41.0,28.045,5.765,-1.082,0.09,1.32,0.0
ATOM,704.0,HD1,PHE,41.0,29.346,7.432,-2.195,0.115,1.3582,0.0
ATOM,705.0,HD2,PHE,41.0,30.938,5.099,0.772,0.115,1.3582,0.0
ATOM,706.0,HE1,PHE,41.0,31.495,8.097,-2.858,0.115,1.3582,4.03
ATOM,707.0,HE2,PHE,41.0,33.131,5.874,0.216,0.115,1.3582,0.0
ATOM,708.0,HZ,PHE,41.0,33.396,7.241,-1.725,0.115,1.3582,2.38
ATOM,709.0,N,THR,42.0,25.723,7.565,0.056,-0.47,1.85,0.0
ATOM,710.0,CA,THR,42.0,24.329,7.4,-0.25,0.07,2.275,0.0
ATOM,711.0,C,THR,42.0,24.178,7.317,-1.775,0.51,2.0,0.0
ATOM,712.0,O,THR,42.0,24.689,8.162,-2.521,-0.51,1.7,0.0
ATOM,713.0,CB,THR,42.0,23.513,8.57,0.255,0.14,2.275,0.23
ATOM,714.0,OG1,THR,42.0,23.781,8.798,1.655,-0.66,1.77,0.0
ATOM,715.0,CG2,THR,42.0,21.975,8.288,0.12,-0.27,2.06,1.52
ATOM,716.0,H,THR,42.0,26.263,8.439,-0.17,0.31,0.2245,0.03
ATOM,717.0,HA,THR,42.0,24.003,6.54,0.137,0.09,1.32,0.0
ATOM,718.0,HB,THR,42.0,23.781,9.42,-0.251,0.09,1.32,0.0
ATOM,719.0,HG21,THR,42.0,21.851,7.463,-0.422,0.09,1.32,0.0
ATOM,720.0,HG22,THR,42.0,21.595,8.164,1.031,0.09,1.32,0.0
ATOM,721.0,HG23,THR,42.0,21.549,9.066,-0.33,0.09,1.32,0.23
ATOM,722.0,HG1,THR,42.0,23.049,8.4,2.215,0.43,0.2245,0.0
ATOM,723.0,N,VAL,43.0,23.418,6.342,-2.247,-0.47,1.85,0.0
ATOM,724.0,CA,VAL,43.0,23.166,6.201,-3.681,0.07,2.275,0.0
ATOM,725.0,C,VAL,43.0,21.691,6.348,-3.902,0.51,2.0,0.0
ATOM,726.0,O,VAL,43.0,20.879,5.599,-3.318,-0.51,1.7,0.0
ATOM,727.0,CB,VAL,43.0,23.562,4.829,-4.176,-0.09,2.275,0.0
ATOM,728.0,CG1,VAL,43.0,23.509,4.753,-5.67,-0.27,2.06,0.08
ATOM,729.0,CG2,VAL,43.0,24.935,4.487,-3.645,-0.27,2.06,0.0
ATOM,730.0,H,VAL,43.0,23.025,5.702,-1.534,0.31,0.2245,0.0
ATOM,731.0,HA,VAL,43.0,23.637,6.945,-4.149,0.09,1.32,0.0
ATOM,732.0,HB,VAL,43.0,22.896,4.167,-3.822,0.09,1.32,0.0
ATOM,733.0,HG11,VAL,43.0,24.242,5.31,-6.072,0.09,1.32,0.0
ATOM,734.0,HG12,VAL,43.0,23.623,3.802,-5.973,0.09,1.32,0.0
ATOM,735.0,HG13,VAL,43.0,22.625,5.094,-6.003,0.09,1.32,0.0
ATOM,736.0,HG21,VAL,43.0,25.42,5.329,-3.403,0.09,1.32,0.0
ATOM,737.0,HG22,VAL,43.0,24.846,3.909,-2.832,0.09,1.32,0.0
ATOM,738.0,HG23,VAL,43.0,25.453,3.995,-4.347,0.09,1.32,0.11
ATOM,739.0,N,GLU,44.0,21.369,7.322,-4.743,-0.47,1.85,0.0
ATOM,740.0,CA,GLU,44.0,20.01,7.576,-5.131,0.07,2.275,0.0
ATOM,741.0,C,GLU,44.0,19.475,6.434,-6.003,0.51,2.0,0.0
ATOM,742.0,O,GLU,44.0,20.25,5.693,-6.622,-0.51,1.7,0.0
ATOM,743.0,CB,GLU,44.0,19.938,8.914,-5.859,-0.18,2.175,7.68
ATOM,744.0,CG,GLU,44.0,20.388,10.058,-4.982,-0.28,2.175,2.71
ATOM,745.0,CD,GLU,44.0,19.708,10.05,-3.618,0.62,2.0,1.09
ATOM,746.0,OE1,GLU,44.0,18.439,9.965,-3.578,-0.76,1.7,13.64
ATOM,747.0,OE2,GLU,44.0,20.424,10.109,-2.589,-0.76,1.7,0.07
ATOM,748.0,H,GLU,44.0,22.185,7.876,-5.089,0.31,0.2245,0.0
ATOM,749.0,HA,GLU,44.0,19.423,7.666,-4.317,0.09,1.32,0.0
ATOM,750.0,HB2,GLU,44.0,20.54,8.868,-6.628,0.09,1.32,0.0
ATOM,751.0,HB3,GLU,44.0,19.006,9.071,-6.105,0.09,1.32,2.79
ATOM,752.0,HG2,GLU,44.0,21.354,9.974,-4.827,0.09,1.32,0.0
ATOM,753.0,HG3,GLU,44.0,20.151,10.904,-5.42,0.09,1.32,5.81
ATOM,754.0,N,PRO,45.0,18.152,6.313,-6.079,-0.29,1.85,0.0
ATOM,755.0,CA,PRO,45.0,17.538,5.358,-6.973,0.02,2.275,0.0
ATOM,756.0,C,PRO,45.0,18.121,5.522,-8.363,0.51,2.0,0.58
ATOM,757.0,O,PRO,45.0,18.145,6.64,-8.892,-0.51,1.7,20.25
ATOM,758.0,CB,PRO,45.0,16.069,5.773,-6.964,-0.18,2.175,11.89
ATOM,759.0,CG,PRO,45.0,15.861,6.299,-5.645,-0.18,2.175,4.34
ATOM,760.0,CD,PRO,45.0,17.135,7.062,-5.306,0.0,2.175,3.96
ATOM,761.0,HA,PRO,45.0,17.66,4.418,-6.644,0.09,1.32,0.0
ATOM,762.0,HB2,PRO,45.0,15.903,6.461,-7.684,0.09,1.32,7.83
ATOM,763.0,HB3,PRO,45.0,15.485,4.973,-7.157,0.09,1.32,0.0
ATOM,764.0,HG2,PRO,45.0,15.071,6.928,-5.602,0.09,1.32,10.18
ATOM,765.0,HG3,PRO,45.0,15.713,5.571,-4.96,0.09,1.32,0.0
ATOM,766.0,HD2,PRO,45.0,17.082,8.002,-5.614,0.09,1.32,4.74
ATOM,767.0,HD3,PRO,45.0,17.331,7.02,-4.334,0.09,1.32,0.0
ATOM,768.0,N,GLY,46.0,18.615,4.418,-8.92,-0.47,1.85,2.82
ATOM,769.0,CA,GLY,46.0,19.274,4.414,-10.217,-0.02,2.175,15.88
ATOM,770.0,C,GLY,46.0,20.719,4.909,-10.224,0.51,2.0,1.34
ATOM,771.0,O,GLY,46.0,21.325,4.966,-11.284,-0.51,1.7,23.54
ATOM,772.0,H,GLY,46.0,18.487,3.554,-8.342,0.31,0.2245,0.0
ATOM,773.0,HA2,GLY,46.0,19.251,3.463,-10.602,0.09,1.32,5.89
ATOM,774.0,HA3,GLY,46.0,18.728,4.985,-10.873,0.09,1.32,10.6
ATOM,775.0,N,GLY,47.0,21.278,5.247,-9.059,-0.47,1.85,0.05
ATOM,776.0,CA,GLY,47.0,22.646,5.81,-8.974,-0.02,2.175,0.91
ATOM,777.0,C,GLY,47.0,23.666,4.728,-9.235,0.51,2.0,0.0
ATOM,778.0,O,GLY,47.0,23.357,3.53,-9.057,-0.51,1.7,0.0
ATOM,779.0,H,GLY,47.0,20.684,5.086,-8.225,0.31,0.2245,0.0
ATOM,780.0,HA2,GLY,47.0,22.737,6.54,-9.654,0.09,1.32,2.88
ATOM,781.0,HA3,GLY,47.0,22.779,6.196,-8.059,0.09,1.32,0.0
ATOM,782.0,N,LEU,48.0,24.864,5.129,-9.67,-0.47,1.85,0.02
ATOM,783.0,CA,LEU,48.0,25.837,4.184,-10.177,0.07,2.275,0.0
ATOM,784.0,C,LEU,48.0,27.249,4.529,-9.773,0.51,2.0,0.0
ATOM,785.0,O,LEU,48.0,27.641,5.685,-9.893,-0.51,1.7,0.0
ATOM,786.0,CB,LEU,48.0,25.74,4.208,-11.714,-0.18,2.175,3.4
ATOM,787.0,CG,LEU,48.0,26.82,3.493,-12.503,-0.09,2.275,0.0
ATOM,788.0,CD1,LEU,48.0,26.797,2.027,-12.116,-0.27,2.06,2.96
ATOM,789.0,CD2,LEU,48.0,26.572,3.622,-13.998,-0.27,2.06,31.59
ATOM,790.0,H,LEU,48.0,25.024,6.152,-9.611,0.31,0.2245,0.0
ATOM,791.0,HA,LEU,48.0,25.613,3.263,-9.81,0.09,1.32,0.0
ATOM,792.0,HB2,LEU,48.0,24.858,3.797,-11.962,0.09,1.32,1.42
ATOM,793.0,HB3,LEU,48.0,25.741,5.17,-11.997,0.09,1.32,0.81
ATOM,794.0,HG,LEU,48.0,27.704,3.881,-12.277,0.09,1.32,0.0
ATOM,795.0,HD11,LEU,48.0,25.901,1.636,-12.33,0.09,1.32,0.0
ATOM,796.0,HD12,LEU,48.0,27.503,1.533,-12.625,0.09,1.32,0.0
ATOM,797.0,HD13,LEU,48.0,26.972,1.935,-11.134,0.09,1.32,0.0
ATOM,798.0,HD21,LEU,48.0,26.572,4.589,-14.255,0.09,1.32,10.12
ATOM,799.0,HD22,LEU,48.0,27.294,3.144,-14.5,0.09,1.32,0.51
ATOM,800.0,HD23,LEU,48.0,25.685,3.218,-14.227,0.09,1.32,8.62
ATOM,801.0,N,ILE,49.0,28.024,3.554,-9.302,-0.47,1.85,0.28
ATOM,802.0,CA,ILE,49.0,29.476,3.723,-9.257,0.07,2.275,0.0
ATOM,803.0,C,ILE,49.0,30.025,2.636,-10.157,0.51,2.0,0.0
ATOM,804.0,O,ILE,49.0,30.077,1.463,-9.774,-0.51,1.7,0.0
ATOM,805.0,CB,ILE,49.0,30.084,3.629,-7.808,-0.09,2.275,0.0
ATOM,806.0,CG1,ILE,49.0,29.608,4.767,-6.896,-0.18,2.175,0.2
ATOM,807.0,CG2,ILE,49.0,31.606,3.625,-7.895,-0.27,2.06,7.79
ATOM,808.0,CD1,ILE,49.0,29.751,4.476,-5.428,-0.27,2.06,2.74
ATOM,809.0,H,ILE,49.0,27.532,2.709,-8.987,0.31,0.2245,0.0
ATOM,810.0,HA,ILE,49.0,29.667,4.583,-9.697,0.09,1.32,0.0
ATOM,811.0,HB,ILE,49.0,29.777,2.763,-7.417,0.09,1.32,0.0
ATOM,812.0,HG12,ILE,49.0,30.133,5.588,-7.123,0.09,1.32,0.28
ATOM,813.0,HG13,ILE,49.0,28.644,4.943,-7.101,0.09,1.32,0.0
ATOM,814.0,HG21,ILE,49.0,31.991,3.496,-6.983,0.09,1.32,2.14
ATOM,815.0,HG22,ILE,49.0,31.903,2.881,-8.49,0.09,1.32,0.0
ATOM,816.0,HG23,ILE,49.0,31.92,4.496,-8.268,0.09,1.32,0.1
ATOM,817.0,HD11,ILE,49.0,30.713,4.309,-5.211,0.09,1.32,4.59
ATOM,818.0,HD12,ILE,49.0,29.423,5.258,-4.897,0.09,1.32,0.0
ATOM,819.0,HD13,ILE,49.0,29.213,3.666,-5.192,0.09,1.32,0.0
ATOM,820.0,N,ASP,50.0,30.48,3.016,-11.338,-0.47,1.85,0.0
ATOM,821.0,CA,ASP,50.0,30.818,2.019,-12.334,0.07,2.275,0.0
ATOM,822.0,C,ASP,50.0,32.104,1.307,-11.964,0.51,2.0,0.0
ATOM,823.0,O,ASP,50.0,32.864,1.74,-11.108,-0.51,1.7,0.09
ATOM,824.0,CB,ASP,50.0,30.888,2.634,-13.729,-0.28,2.175,0.54
ATOM,825.0,CG,ASP,50.0,30.424,1.674,-14.814,0.62,2.0,1.0
ATOM,826.0,OD1,ASP,50.0,30.042,0.509,-14.526,-0.76,1.7,9.91
ATOM,827.0,OD2,ASP,50.0,30.394,2.002,-15.982,-0.76,1.7,41.27
ATOM,828.0,H,ASP,50.0,30.568,4.031,-11.479,0.31,0.2245,0.0
ATOM,829.0,HA,ASP,50.0,30.085,1.328,-12.329,0.09,1.32,0.0
ATOM,830.0,HB2,ASP,50.0,30.303,3.436,-13.744,0.09,1.32,0.04
ATOM,831.0,HB3,ASP,50.0,31.83,2.886,-13.91,0.09,1.32,0.0
ATOM,832.0,N,ARG,51.0,32.327,0.201,-12.645,-0.47,1.85,0.0
ATOM,833.0,CA,ARG,51.0,33.452,-0.683,-12.375,0.07,2.275,0.0
ATOM,834.0,C,ARG,51.0,34.789,0.002,-12.509,0.51,2.0,0.24
ATOM,835.0,O,ARG,51.0,35.027,0.775,-13.446,-0.51,1.7,5.71
ATOM,836.0,CB,ARG,51.0,33.403,-1.898,-13.298,-0.18,2.175,6.77
ATOM,837.0,CG,ARG,51.0,32.286,-2.887,-13.004,-0.18,2.175,0.0
ATOM,838.0,CD,ARG,51.0,32.344,-4.115,-13.947,0.2,2.175,12.01
ATOM,839.0,NE,ARG,51.0,31.396,-5.181,-13.629,-0.7,1.85,1.4
ATOM,840.0,CZ,ARG,51.0,30.097,-5.16,-13.917,0.64,2.0,1.98
ATOM,841.0,NH1,ARG,51.0,29.538,-4.121,-14.526,-0.8,1.85,14.39
ATOM,842.0,NH2,ARG,51.0,29.353,-6.203,-13.584,-0.8,1.85,8.78
ATOM,843.0,H,ARG,51.0,31.625,0.008,-13.401,0.31,0.2245,0.0
ATOM,844.0,HA,ARG,51.0,33.36,-1.04,-11.426,0.09,1.32,0.0
ATOM,845.0,HB2,ARG,51.0,33.287,-1.573,-14.237,0.09,1.32,7.19
ATOM,846.0,HB3,ARG,51.0,34.273,-2.385,-13.221,0.09,1.32,0.63
ATOM,847.0,HG2,ARG,51.0,32.367,-3.223,-12.072,0.09,1.32,0.0
ATOM,848.0,HG3,ARG,51.0,31.402,-2.451,-13.139,0.09,1.32,0.0
ATOM,849.0,HD2,ARG,51.0,32.172,-3.781,-14.88,0.09,1.32,7.03
ATOM,850.0,HD3,ARG,51.0,33.282,-4.476,-13.904,0.09,1.32,0.51
ATOM,851.0,HE,ARG,51.0,31.755,-5.999,-13.152,0.44,0.2245,0.0
ATOM,852.0,HH11,ARG,51.0,30.099,-3.338,-14.797,0.46,0.2245,4.05
ATOM,853.0,HH12,ARG,51.0,28.556,-4.12,-14.715,0.46,0.2245,11.58
ATOM,854.0,HH21,ARG,51.0,29.761,-7.001,-13.142,0.46,0.2245,0.0
ATOM,855.0,HH22,ARG,51.0,28.367,-6.197,-13.777,0.46,0.2245,3.94
ATOM,856.0,N,HIS,52.0,35.671,-0.303,-11.571,-0.47,1.85,0.05
ATOM,857.0,CA,HIS,52.0,36.974,0.313,-11.523,0.07,2.275,2.14
ATOM,858.0,C,HIS,52.0,37.83,-0.553,-10.614,0.51,2.0,0.0
ATOM,859.0,O,HIS,52.0,37.31,-1.423,-9.969,-0.51,1.7,0.0
ATOM,860.0,CB,HIS,52.0,36.857,1.72,-10.957,-0.09,2.175,4.96
ATOM,861.0,CG,HIS,52.0,36.368,1.767,-9.541,-0.05,1.8,0.85
ATOM,862.0,H,HIS,52.0,35.343,-1.016,-10.883,0.31,0.2245,0.0
ATOM,863.0,HA,HIS,52.0,37.373,0.301,-12.431,0.09,1.32,5.15
ATOM,864.0,HB2,HIS,52.0,37.759,2.167,-10.992,0.09,1.32,5.82
ATOM,865.0,HB3,HIS,52.0,36.219,2.253,-11.526,0.09,1.32,0.0
ATOM,866.0,ND1,HIS,52.0,35.026,1.722,-9.202,-0.36,1.85,2.24
ATOM,867.0,CD2,HIS,52.0,37.047,1.818,-8.371,0.22,1.8,7.82
ATOM,868.0,CE1,HIS,52.0,34.906,1.762,-7.886,0.25,1.8,4.77
ATOM,869.0,NE2,HIS,52.0,36.119,1.835,-7.359,-0.7,1.85,8.71
ATOM,870.0,HD1,HIS,52.0,34.272,1.667,-9.854,0.32,0.2245,0.0
ATOM,871.0,HD2,HIS,52.0,38.038,1.84,-8.262,0.1,1.468,0.23
ATOM,872.0,HE1,HIS,52.0,34.052,1.742,-7.376,0.13,0.9,0.0
ATOM,873.0,N,SER,53.0,39.128,-0.287,-10.559,-0.47,1.85,1.29
ATOM,874.0,CA,SER,53.0,39.973,-0.882,-9.541,0.07,2.275,0.0
ATOM,875.0,C,SER,53.0,41.072,0.087,-9.105,0.51,2.0,0.08
ATOM,876.0,O,SER,53.0,41.307,1.12,-9.74,-0.51,1.7,21.06
ATOM,877.0,CB,SER,53.0,40.598,-2.179,-10.039,0.05,2.175,0.0
ATOM,878.0,OG,SER,53.0,41.491,-1.96,-11.104,-0.66,1.77,16.59
ATOM,879.0,H,SER,53.0,39.473,0.365,-11.287,0.31,0.2245,7.4
ATOM,880.0,HA,SER,53.0,39.405,-1.082,-8.734,0.09,1.32,0.0
ATOM,881.0,HB2,SER,53.0,41.091,-2.61,-9.282,0.09,1.32,0.0
ATOM,882.0,HB3,SER,53.0,39.867,-2.79,-10.346,0.09,1.32,0.0
ATOM,883.0,HG,SER,53.0,41.752,-2.836,-11.512,0.43,0.2245,14.93
ATOM,884.0,N,HIS,54.0,41.717,-0.268,-7.999,-0.47,1.85,0.0
ATOM,885.0,CA,HIS,54.0,42.75,0.554,-7.371,0.07,2.275,0.59
ATOM,886.0,C,HIS,54.0,43.536,-0.372,-6.433,0.51,2.0,0.0
ATOM,887.0,O,HIS,54.0,42.96,-1.323,-5.868,-0.51,1.7,0.01
ATOM,888.0,CB,HIS,54.0,42.111,1.748,-6.591,-0.09,2.175,1.78
ATOM,889.0,CG,HIS,54.0,40.865,1.408,-5.84,-0.05,1.8,0.0
ATOM,890.0,H,HIS,54.0,41.42,-1.197,-7.61,0.31,0.2245,0.07
ATOM,891.0,HA,HIS,54.0,43.367,0.882,-8.071,0.09,1.32,3.35
ATOM,892.0,HB2,HIS,54.0,42.797,2.099,-5.942,0.09,1.32,0.0
ATOM,893.0,HB3,HIS,54.0,41.902,2.476,-7.255,0.09,1.32,6.27
ATOM,894.0,ND1,HIS,54.0,40.851,0.6,-4.718,-0.36,1.85,0.0
ATOM,895.0,CD2,HIS,54.0,39.582,1.809,-6.031,0.22,1.8,4.69
ATOM,896.0,CE1,HIS,54.0,39.607,0.486,-4.285,0.25,1.8,0.54
ATOM,897.0,NE2,HIS,54.0,38.817,1.202,-5.066,-0.7,1.85,1.01
ATOM,898.0,HD1,HIS,54.0,41.652,0.175,-4.305,0.32,0.2245,0.0
ATOM,899.0,HD2,HIS,54.0,39.257,2.428,-6.741,0.1,1.468,5.24
ATOM,900.0,HE1,HIS,54.0,39.312,-0.053,-3.499,0.13,0.9,0.02
ATOM,901.0,N,PRO,55.0,44.824,-0.1,-6.254,-0.29,1.85,0.0
ATOM,902.0,CA,PRO,55.0,45.679,-0.92,-5.412,0.02,2.275,0.07
ATOM,903.0,C,PRO,55.0,45.476,-0.757,-3.879,0.51,2.0,0.0
ATOM,904.0,O,PRO,55.0,46.447,-0.777,-3.116,-0.51,1.7,14.27
ATOM,905.0,CB,PRO,55.0,47.08,-0.442,-5.822,-0.18,2.175,15.78
ATOM,906.0,CG,PRO,55.0,46.867,0.99,-6.1,-0.18,2.175,9.64
ATOM,907.0,CD,PRO,55.0,45.597,0.996,-6.879,0.0,2.175,10.02
ATOM,908.0,HA,PRO,55.0,45.593,-1.913,-5.661,0.09,1.32,0.0
ATOM,909.0,HB2,PRO,55.0,47.726,-0.581,-5.074,0.09,1.32,6.46
ATOM,910.0,HB3,PRO,55.0,47.391,-0.933,-6.632,0.09,1.32,4.26
ATOM,911.0,HG2,PRO,55.0,46.771,1.51,-5.251,0.09,1.32,0.0
ATOM,912.0,HG3,PRO,55.0,47.621,1.366,-6.638,0.09,1.32,11.9
ATOM,913.0,HD2,PRO,55.0,45.105,1.861,-6.787,0.09,1.32,0.54
ATOM,914.0,HD3,PRO,55.0,45.751,0.801,-7.848,0.09,1.32,7.64
ATOM,915.0,N,TRP,56.0,44.242,-0.603,-3.428,-0.47,1.85,0.0
ATOM,916.0,CA,TRP,56.0,43.948,-0.691,-1.996,0.07,2.275,0.04
ATOM,917.0,C,TRP,56.0,42.575,-1.299,-1.79,0.51,2.0,0.0
ATOM,918.0,O,TRP,56.0,41.692,-1.219,-2.659,-0.51,1.7,0.18
ATOM,919.0,CB,TRP,56.0,44.045,0.696,-1.331,-0.18,2.175,1.42
ATOM,920.0,CG,TRP,56.0,43.138,1.69,-1.93,-0.03,1.9924,0.0
ATOM,921.0,CD1,TRP,56.0,41.827,1.897,-1.618,0.035,1.9924,0.0
ATOM,922.0,CD2,TRP,56.0,43.466,2.643,-2.947,-0.02,1.8,0.0
ATOM,923.0,NE1,TRP,56.0,41.304,2.905,-2.392,-0.61,1.85,0.0
ATOM,924.0,CE2,TRP,56.0,42.295,3.389,-3.211,0.13,1.8,0.0
ATOM,925.0,CE3,TRP,56.0,44.629,2.934,-3.677,-0.115,1.9924,0.0
ATOM,926.0,CZ2,TRP,56.0,42.252,4.401,-4.171,-0.115,1.9924,1.54
ATOM,927.0,CZ3,TRP,56.0,44.592,3.95,-4.626,-0.115,1.9924,3.87
ATOM,928.0,CH2,TRP,56.0,43.412,4.684,-4.852,-0.115,1.9924,6.38
ATOM,929.0,H,TRP,56.0,43.524,-0.421,-4.148,0.31,0.2245,0.0
ATOM,930.0,HA,TRP,56.0,44.623,-1.308,-1.586,0.09,1.32,1.35
ATOM,931.0,HB2,TRP,56.0,43.808,0.598,-0.372,0.09,1.32,0.0
ATOM,932.0,HB3,TRP,56.0,44.976,1.024,-1.432,0.09,1.32,0.0
ATOM,933.0,HD1,TRP,56.0,41.315,1.389,-0.925,0.115,1.3582,0.0
ATOM,934.0,HE1,TRP,56.0,40.363,3.233,-2.366,0.38,0.2245,1.69
ATOM,935.0,HE3,TRP,56.0,45.471,2.424,-3.521,0.115,1.3582,0.0
ATOM,936.0,HZ2,TRP,56.0,41.396,4.896,-4.348,0.115,1.3582,12.84
ATOM,937.0,HZ3,TRP,56.0,45.409,4.157,-5.149,0.115,1.3582,10.05
ATOM,938.0,HH2,TRP,56.0,43.429,5.424,-5.523,0.115,1.3582,17.46
ATOM,939.0,N,GLU,57.0,42.397,-1.883,-0.609,-0.47,1.85,0.0
ATOM,940.0,CA,GLU,57.0,41.184,-2.585,-0.258,0.07,2.275,0.0
ATOM,941.0,C,GLU,57.0,40.029,-1.64,0.113,0.51,2.0,0.0
ATOM,942.0,O,GLU,57.0,40.249,-0.491,0.372,-0.51,1.7,0.0
ATOM,943.0,CB,GLU,57.0,41.498,-3.536,0.913,-0.18,2.175,0.24
ATOM,944.0,CG,GLU,57.0,41.745,-2.885,2.26,-0.28,2.175,2.19
ATOM,945.0,CD,GLU,57.0,43.178,-2.469,2.55,0.62,2.0,3.1
ATOM,946.0,OE1,GLU,57.0,44.047,-2.366,1.614,-0.76,1.7,12.63
ATOM,947.0,OE2,GLU,57.0,43.423,-2.251,3.762,-0.76,1.7,28.98
ATOM,948.0,H,GLU,57.0,43.215,-1.787,0.041,0.31,0.2245,0.0
ATOM,949.0,HA,GLU,57.0,40.887,-3.174,-1.031,0.09,1.32,0.0
ATOM,950.0,HB2,GLU,57.0,40.722,-4.148,1.01,0.09,1.32,0.0
ATOM,951.0,HB3,GLU,57.0,42.315,-4.044,0.668,0.09,1.32,0.21
ATOM,952.0,HG2,GLU,57.0,41.183,-2.063,2.316,0.09,1.32,0.0
ATOM,953.0,HG3,GLU,57.0,41.476,-3.529,2.972,0.09,1.32,0.51
ATOM,954.0,N,HIS,58.0,38.811,-2.179,0.139,-0.47,1.85,0.0
ATOM,955.0,CA,HIS,58.0,37.623,-1.541,0.709,0.07,2.275,0.0
ATOM,956.0,C,HIS,58.0,37.074,-2.477,1.772,0.51,2.0,0.0
ATOM,957.0,O,HIS,58.0,36.959,-3.654,1.515,-0.51,1.7,0.0
ATOM,958.0,CB,HIS,58.0,36.53,-1.42,-0.34,-0.09,2.175,0.0
ATOM,959.0,CG,HIS,58.0,36.733,-0.315,-1.321,-0.05,1.8,0.0
ATOM,960.0,H,HIS,58.0,38.771,-3.142,-0.303,0.31,0.2245,0.0
ATOM,961.0,HA,HIS,58.0,37.899,-0.693,1.145,0.09,1.32,0.0
ATOM,962.0,HB2,HIS,58.0,36.466,-2.29,-0.852,0.09,1.32,0.0
ATOM,963.0,HB3,HIS,58.0,35.644,-1.271,0.124,0.09,1.32,0.0
ATOM,964.0,ND1,HIS,58.0,36.862,1.007,-0.949,-0.36,1.85,0.0
ATOM,965.0,CD2,HIS,58.0,36.765,-0.334,-2.671,0.22,1.8,0.02
ATOM,966.0,CE1,HIS,58.0,37.001,1.751,-2.039,0.25,1.8,4.87
ATOM,967.0,NE2,HIS,58.0,36.903,0.962,-3.097,-0.7,1.85,1.76
ATOM,968.0,HD1,HIS,58.0,36.853,1.348,-0.013,0.32,0.2245,0.0
ATOM,969.0,HD2,HIS,58.0,36.699,-1.142,-3.254,0.1,1.468,0.0
ATOM,970.0,HE1,HIS,58.0,37.152,2.733,-2.057,0.13,0.9,1.27
ATOM,971.0,N,GLU,59.0,36.768,-1.967,2.96,-0.47,1.85,0.0
ATOM,972.0,CA,GLU,59.0,35.884,-2.646,3.905,0.07,2.275,0.0
ATOM,973.0,C,GLU,59.0,34.613,-1.817,3.975,0.51,2.0,0.03
ATOM,974.0,O,GLU,59.0,34.624,-0.593,4.235,-0.51,1.7,0.0
ATOM,975.0,CB,GLU,59.0,36.521,-2.789,5.295,-0.18,2.175,5.59
ATOM,976.0,CG,GLU,59.0,37.973,-3.28,5.228,-0.28,2.175,2.55
ATOM,977.0,CD,GLU,59.0,38.534,-3.826,6.504,0.62,2.0,5.4
ATOM,978.0,OE1,GLU,59.0,37.838,-3.938,7.494,-0.76,1.7,39.14
ATOM,979.0,OE2,GLU,59.0,39.754,-4.174,6.473,-0.76,1.7,33.68
ATOM,980.0,H,GLU,59.0,37.211,-1.043,3.161,0.31,0.2245,0.0
ATOM,981.0,HA,GLU,59.0,35.676,-3.556,3.578,0.09,1.32,0.0
ATOM,982.0,HB2,GLU,59.0,36.528,-1.907,5.714,0.09,1.32,0.0
ATOM,983.0,HB3,GLU,59.0,36.009,-3.453,5.793,0.09,1.32,7.42
ATOM,984.0,HG2,GLU,59.0,38.012,-3.999,4.54,0.09,1.32,0.0
ATOM,985.0,HG3,GLU,59.0,38.536,-2.508,4.948,0.09,1.32,3.04
ATOM,986.0,N,ILE,60.0,33.507,-2.491,3.743,-0.47,1.85,0.4
ATOM,987.0,CA,ILE,60.0,32.219,-1.877,3.539,0.07,2.275,0.0
ATOM,988.0,C,ILE,60.0,31.192,-2.501,4.452,0.51,2.0,0.85
ATOM,989.0,O,ILE,60.0,31.197,-3.743,4.751,-0.51,1.7,2.35
ATOM,990.0,CB,ILE,60.0,31.767,-2.023,2.097,-0.09,2.275,0.0
ATOM,991.0,CG1,ILE,60.0,32.592,-1.127,1.198,-0.18,2.175,0.0
ATOM,992.0,CG2,ILE,60.0,30.226,-1.749,1.905,-0.27,2.06,0.0
ATOM,993.0,CD1,ILE,60.0,32.703,-1.61,-0.156,-0.27,2.06,0.0
ATOM,994.0,H,ILE,60.0,33.647,-3.541,3.719,0.31,0.2245,0.42
ATOM,995.0,HA,ILE,60.0,32.311,-0.917,3.821,0.09,1.32,0.0
ATOM,996.0,HB,ILE,60.0,31.917,-2.968,1.816,0.09,1.32,0.0
ATOM,997.0,HG12,ILE,60.0,32.172,-0.211,1.213,0.09,1.32,0.0
ATOM,998.0,HG13,ILE,60.0,33.507,-1.042,1.615,0.09,1.32,0.0
ATOM,999.0,HG21,ILE,60.0,29.998,-1.931,0.959,0.09,1.32,0.0
ATOM,1000.0,HG22,ILE,60.0,29.73,-2.355,2.51,0.09,1.32,0.0
ATOM,1001.0,HG23,ILE,60.0,30.053,-0.802,2.134,0.09,1.32,0.0
ATOM,1002.0,HD11,ILE,60.0,31.794,-1.691,-0.592,0.09,1.32,0.0
ATOM,1003.0,HD12,ILE,60.0,33.26,-0.985,-0.724,0.09,1.32,0.0
ATOM,1004.0,HD13,ILE,60.0,33.139,-2.522,-0.186,0.09,1.32,0.0
ATOM,1005.0,N,PHE,61.0,30.283,-1.677,4.919,-0.47,1.85,0.0
ATOM,1006.0,CA,PHE,61.0,29.154,-2.249,5.66,0.07,2.275,0.0
ATOM,1007.0,C,PHE,61.0,27.861,-1.666,5.102,0.51,2.0,0.0
ATOM,1008.0,O,PHE,61.0,27.759,-0.437,4.987,-0.51,1.7,0.0
ATOM,1009.0,CB,PHE,61.0,29.26,-1.999,7.144,-0.18,2.175,4.77
ATOM,1010.0,CG,PHE,61.0,28.26,-2.823,7.967,0.0,1.9924,0.54
ATOM,1011.0,CD1,PHE,61.0,26.953,-2.413,8.085,-0.115,1.9924,2.37
ATOM,1012.0,CD2,PHE,61.0,28.632,-4.01,8.562,-0.115,1.9924,9.03
ATOM,1013.0,CE1,PHE,61.0,26.028,-3.178,8.836,-0.115,1.9924,7.8
ATOM,1014.0,CE2,PHE,61.0,27.711,-4.816,9.273,-0.115,1.9924,10.48
ATOM,1015.0,CZ,PHE,61.0,26.415,-4.364,9.425,-0.115,1.9924,10.55
ATOM,1016.0,H,PHE,61.0,30.413,-0.688,4.741,0.31,0.2245,0.0
ATOM,1017.0,HA,PHE,61.0,29.142,-3.226,5.461,0.09,1.32,0.0
ATOM,1018.0,HB2,PHE,61.0,30.161,-2.255,7.448,0.09,1.32,6.52
ATOM,1019.0,HB3,PHE,61.0,29.065,-1.05,7.324,0.09,1.32,0.0
ATOM,1020.0,HD1,PHE,61.0,26.634,-1.582,7.65,0.115,1.3582,0.0
ATOM,1021.0,HD2,PHE,61.0,29.586,-4.328,8.497,0.115,1.3582,6.67
ATOM,1022.0,HE1,PHE,61.0,25.085,-2.834,8.929,0.115,1.3582,7.39
ATOM,1023.0,HE2,PHE,61.0,28.014,-5.691,9.651,0.115,1.3582,13.05
ATOM,1024.0,HZ,PHE,61.0,25.755,-4.894,9.961,0.115,1.3582,11.8
ATOM,1025.0,N,VAL,62.0,26.877,-2.507,4.762,-0.47,1.85,0.0
ATOM,1026.0,CA,VAL,62.0,25.642,-1.962,4.134,0.07,2.275,0.0
ATOM,1027.0,C,VAL,62.0,24.682,-1.474,5.231,0.51,2.0,0.0
ATOM,1028.0,O,VAL,62.0,24.236,-2.262,6.079,-0.51,1.7,0.18
ATOM,1029.0,CB,VAL,62.0,24.981,-3.004,3.157,-0.09,2.275,0.0
ATOM,1030.0,CG1,VAL,62.0,23.836,-2.318,2.393,-0.27,2.06,0.0
ATOM,1031.0,CG2,VAL,62.0,26.067,-3.502,2.164,-0.27,2.06,0.0
ATOM,1032.0,H,VAL,62.0,27.031,-3.49,4.956,0.31,0.2245,0.0
ATOM,1033.0,HA,VAL,62.0,25.905,-1.177,3.579,0.09,1.32,0.0
ATOM,1034.0,HB,VAL,62.0,24.578,-3.709,3.714,0.09,1.32,0.0
ATOM,1035.0,HG11,VAL,62.0,24.216,-1.606,1.807,0.09,1.32,0.0
ATOM,1036.0,HG12,VAL,62.0,23.362,-2.997,1.837,0.09,1.32,0.0
ATOM,1037.0,HG13,VAL,62.0,23.202,-1.915,3.049,0.09,1.32,0.0
ATOM,1038.0,HG21,VAL,62.0,26.61,-4.202,2.617,0.09,1.32,0.0
ATOM,1039.0,HG22,VAL,62.0,25.612,-3.878,1.363,0.09,1.32,0.0
ATOM,1040.0,HG23,VAL,62.0,26.638,-2.729,1.909,0.09,1.32,0.0
ATOM,1041.0,N,LEU,63.0,24.318,-0.182,5.204,-0.47,1.85,0.0
ATOM,1042.0,CA,LEU,63.0,23.561,0.416,6.298,0.07,2.275,0.0
ATOM,1043.0,C,LEU,63.0,22.041,0.471,6.065,0.51,2.0,0.0
ATOM,1044.0,O,LEU,63.0,21.248,0.317,7.037,-0.51,1.7,21.81
ATOM,1045.0,CB,LEU,63.0,24.059,1.829,6.617,-0.18,2.175,0.0
ATOM,1046.0,CG,LEU,63.0,25.462,1.896,7.185,-0.09,2.275,0.0
ATOM,1047.0,CD1,LEU,63.0,25.814,3.399,7.12,-0.27,2.06,7.92
ATOM,1048.0,CD2,LEU,63.0,25.524,1.303,8.566,-0.27,2.06,23.74
ATOM,1049.0,H,LEU,63.0,24.617,0.333,4.358,0.31,0.2245,0.0
ATOM,1050.0,HA,LEU,63.0,23.727,-0.13,7.143,0.09,1.32,0.85
ATOM,1051.0,HB2,LEU,63.0,24.047,2.35,5.773,0.09,1.32,0.0
ATOM,1052.0,HB3,LEU,63.0,23.441,2.223,7.284,0.09,1.32,5.65
ATOM,1053.0,HG,LEU,63.0,26.077,1.403,6.617,0.09,1.32,0.0
ATOM,1054.0,HD11,LEU,63.0,25.156,3.909,7.668,0.09,1.32,8.05
ATOM,1055.0,HD12,LEU,63.0,26.734,3.531,7.48,0.09,1.32,0.0
ATOM,1056.0,HD13,LEU,63.0,25.773,3.699,6.171,0.09,1.32,0.0
ATOM,1057.0,HD21,LEU,63.0,25.242,0.34,8.539,0.09,1.32,0.02
ATOM,1058.0,HD22,LEU,63.0,26.461,1.358,8.922,0.09,1.32,2.4
ATOM,1059.0,HD23,LEU,63.0,24.911,1.805,9.183,0.09,1.32,9.94
ATOM,1060.0,N,LYS,64.0,21.639,0.67,4.814,-0.47,1.85,0.0
ATOM,1061.0,CA,LYS,64.0,20.218,0.841,4.492,0.07,2.275,0.0
ATOM,1062.0,C,LYS,64.0,19.948,0.44,3.057,0.51,2.0,0.0
ATOM,1063.0,O,LYS,64.0,20.641,0.834,2.193,-0.51,1.7,0.0
ATOM,1064.0,CB,LYS,64.0,19.792,2.289,4.726,-0.18,2.175,0.81
ATOM,1065.0,CG,LYS,64.0,18.362,2.578,4.322,-0.18,2.175,5.11
ATOM,1066.0,CD,LYS,64.0,17.882,3.998,4.776,-0.18,2.175,10.95
ATOM,1067.0,CE,LYS,64.0,16.82,4.563,3.833,0.21,2.175,9.65
ATOM,1068.0,NZ,LYS,64.0,16.74,6.059,3.995,-0.3,1.85,12.06
ATOM,1069.0,H,LYS,64.0,22.391,0.694,4.106,0.31,0.2245,0.0
ATOM,1070.0,HA,LYS,64.0,19.678,0.254,5.105,0.09,1.32,0.07
ATOM,1071.0,HB2,LYS,64.0,19.893,2.49,5.698,0.09,1.32,5.2
ATOM,1072.0,HB3,LYS,64.0,20.397,2.88,4.196,0.09,1.32,0.0
ATOM,1073.0,HG2,LYS,64.0,18.274,2.535,3.325,0.09,1.32,0.01
ATOM,1074.0,HG3,LYS,64.0,17.747,1.905,4.737,0.09,1.32,5.17
ATOM,1075.0,HD2,LYS,64.0,17.497,3.912,5.684,0.09,1.32,11.42
ATOM,1076.0,HD3,LYS,64.0,18.668,4.599,4.777,0.09,1.32,0.0
ATOM,1077.0,HE2,LYS,64.0,17.071,4.352,2.897,0.05,1.32,0.0
ATOM,1078.0,HE3,LYS,64.0,15.939,4.166,4.059,0.05,1.32,11.2
ATOM,1079.0,HZ1,LYS,64.0,16.646,6.476,3.095,0.33,0.2245,7.01
ATOM,1080.0,HZ2,LYS,64.0,15.949,6.28,4.559,0.33,0.2245,19.94
ATOM,1081.0,HZ3,LYS,64.0,17.574,6.381,4.435,0.33,0.2245,7.03
ATOM,1082.0,N,GLY,65.0,18.918,-0.362,2.81,-0.47,1.85,0.24
ATOM,1083.0,CA,GLY,65.0,18.52,-0.687,1.456,-0.02,2.175,5.19
ATOM,1084.0,C,GLY,65.0,19.223,-1.871,0.813,0.51,2.0,0.14
ATOM,1085.0,O,GLY,65.0,19.973,-2.656,1.455,-0.51,1.7,0.0
ATOM,1086.0,H,GLY,65.0,18.437,-0.725,3.657,0.31,0.2245,0.08
ATOM,1087.0,HA2,GLY,65.0,17.503,-0.857,1.437,0.09,1.32,9.08
ATOM,1088.0,HA3,GLY,65.0,18.656,0.142,0.858,0.09,1.32,0.0
ATOM,1089.0,N,LYS,66.0,18.992,-2.001,-0.476,-0.47,1.85,0.0
ATOM,1090.0,CA,LYS,66.0,19.547,-3.102,-1.23,0.07,2.275,0.0
ATOM,1091.0,C,LYS,66.0,20.604,-2.546,-2.177,0.51,2.0,0.0
ATOM,1092.0,O,LYS,66.0,20.334,-1.677,-3.079,-0.51,1.7,0.07
ATOM,1093.0,CB,LYS,66.0,18.447,-3.857,-1.975,-0.18,2.175,0.22
ATOM,1094.0,CG,LYS,66.0,17.321,-4.285,-1.081,-0.18,2.175,0.0
ATOM,1095.0,CD,LYS,66.0,16.361,-5.176,-1.834,-0.18,2.175,11.62
ATOM,1096.0,CE,LYS,66.0,15.313,-5.76,-0.912,0.21,2.175,21.05
ATOM,1097.0,NZ,LYS,66.0,14.667,-4.683,-0.065,-0.3,1.85,13.01
ATOM,1098.0,H,LYS,66.0,18.391,-1.262,-0.893,0.31,0.2245,0.64
ATOM,1099.0,HA,LYS,66.0,19.985,-3.746,-0.606,0.09,1.32,0.0
ATOM,1100.0,HB2,LYS,66.0,18.087,-3.256,-2.683,0.09,1.32,0.0
ATOM,1101.0,HB3,LYS,66.0,18.856,-4.666,-2.39,0.09,1.32,0.0
ATOM,1102.0,HG2,LYS,66.0,17.688,-4.792,-0.302,0.09,1.32,0.0
ATOM,1103.0,HG3,LYS,66.0,16.828,-3.48,-0.756,0.09,1.32,0.99
ATOM,1104.0,HD2,LYS,66.0,15.903,-4.639,-2.537,0.09,1.32,3.74
ATOM,1105.0,HD3,LYS,66.0,16.87,-5.924,-2.251,0.09,1.32,4.83
ATOM,1106.0,HE2,LYS,66.0,14.601,-6.205,-1.453,0.05,1.32,11.88
ATOM,1107.0,HE3,LYS,66.0,15.738,-6.428,-0.303,0.05,1.32,1.67
ATOM,1108.0,HZ1,LYS,66.0,14.343,-5.095,0.781,0.33,0.2245,17.31
ATOM,1109.0,HZ2,LYS,66.0,15.346,-3.982,0.13,0.33,0.2245,5.15
ATOM,1110.0,HZ3,LYS,66.0,13.905,-4.293,-0.573,0.33,0.2245,19.74
ATOM,1111.0,N,LEU,67.0,21.815,-3.01,-1.952,-0.47,1.85,0.0
ATOM,1112.0,CA,LEU,67.0,23.004,-2.496,-2.667,0.07,2.275,0.0
ATOM,1113.0,C,LEU,67.0,23.437,-3.513,-3.716,0.51,2.0,0.0
ATOM,1114.0,O,LEU,67.0,23.77,-4.623,-3.355,-0.51,1.7,0.0
ATOM,1115.0,CB,LEU,67.0,24.144,-2.272,-1.692,-0.18,2.175,0.0
ATOM,1116.0,CG,LEU,67.0,25.445,-1.772,-2.346,-0.09,2.275,0.0
ATOM,1117.0,CD1,LEU,67.0,25.223,-0.323,-2.925,-0.27,2.06,0.0
ATOM,1118.0,CD2,LEU,67.0,26.679,-1.797,-1.442,-0.27,2.06,0.0
ATOM,1119.0,H,LEU,67.0,21.878,-3.763,-1.236,0.31,0.2245,0.0
ATOM,1120.0,HA,LEU,67.0,22.749,-1.648,-3.126,0.09,1.32,0.0
ATOM,1121.0,HB2,LEU,67.0,23.867,-1.585,-1.037,0.09,1.32,0.0
ATOM,1122.0,HB3,LEU,67.0,24.353,-3.13,-1.25,0.09,1.32,0.0
ATOM,1123.0,HG,LEU,67.0,25.693,-2.369,-3.094,0.09,1.32,0.0
ATOM,1124.0,HD11,LEU,67.0,24.968,0.272,-2.174,0.09,1.32,0.0
ATOM,1125.0,HD12,LEU,67.0,26.073,-0.024,-3.34,0.09,1.32,0.0
ATOM,1126.0,HD13,LEU,67.0,24.498,-0.37,-3.6,0.09,1.32,0.0
ATOM,1127.0,HD21,LEU,67.0,26.851,-2.735,-1.143,0.09,1.32,0.0
ATOM,1128.0,HD22,LEU,67.0,27.469,-1.457,-1.951,0.09,1.32,0.0
ATOM,1129.0,HD23,LEU,67.0,26.517,-1.215,-0.646,0.09,1.32,0.0
ATOM,1130.0,N,THR,68.0,23.449,-3.13,-4.984,-0.47,1.85,0.0
ATOM,1131.0,CA,THR,68.0,23.932,-3.999,-6.046,0.07,2.275,0.0
ATOM,1132.0,C,THR,68.0,25.432,-3.809,-6.209,0.51,2.0,0.0
ATOM,1133.0,O,THR,68.0,25.9,-2.712,-6.46,-0.51,1.7,0.0
ATOM,1134.0,CB,THR,68.0,23.171,-3.836,-7.385,0.14,2.275,0.0
ATOM,1135.0,OG1,THR,68.0,21.784,-4.199,-7.188,-0.66,1.77,0.03
ATOM,1136.0,CG2,THR,68.0,23.655,-4.865,-8.378,-0.27,2.06,0.41
ATOM,1137.0,H,THR,68.0,23.088,-2.167,-5.152,0.31,0.2245,0.0
ATOM,1138.0,HA,THR,68.0,23.76,-4.951,-5.786,0.09,1.32,0.0
ATOM,1139.0,HB,THR,68.0,23.203,-2.86,-7.664,0.09,1.32,0.0
ATOM,1140.0,HG21,THR,68.0,24.622,-5.08,-8.21,0.09,1.32,0.0
ATOM,1141.0,HG22,THR,68.0,23.116,-5.709,-8.292,0.09,1.32,0.78
ATOM,1142.0,HG23,THR,68.0,23.56,-4.514,-9.314,0.09,1.32,0.0
ATOM,1143.0,HG1,THR,68.0,21.244,-3.936,-7.991,0.43,0.2245,0.0
ATOM,1144.0,N,VAL,69.0,26.176,-4.898,-6.054,-0.47,1.85,0.0
ATOM,1145.0,CA,VAL,69.0,27.634,-4.895,-6.177,0.07,2.275,0.0
ATOM,1146.0,C,VAL,69.0,28.086,-5.485,-7.509,0.51,2.0,0.0
ATOM,1147.0,O,VAL,69.0,27.826,-6.663,-7.811,-0.51,1.7,0.0
ATOM,1148.0,CB,VAL,69.0,28.287,-5.668,-5.024,-0.09,2.275,0.88
ATOM,1149.0,CG1,VAL,69.0,29.813,-5.654,-5.143,-0.27,2.06,3.89
ATOM,1150.0,CG2,VAL,69.0,27.775,-5.132,-3.68,-0.27,2.06,1.19
ATOM,1151.0,H,VAL,69.0,25.629,-5.765,-5.835,0.31,0.2245,0.0
ATOM,1152.0,HA,VAL,69.0,27.948,-3.937,-6.139,0.09,1.32,0.0
ATOM,1153.0,HB,VAL,69.0,28.003,-6.622,-5.093,0.09,1.32,0.0
ATOM,1154.0,HG11,VAL,69.0,30.144,-4.719,-5.027,0.09,1.32,0.0
ATOM,1155.0,HG12,VAL,69.0,30.204,-6.239,-4.435,0.09,1.32,3.98
ATOM,1156.0,HG13,VAL,69.0,30.077,-5.994,-6.044,0.09,1.32,0.0
ATOM,1157.0,HG21,VAL,69.0,27.478,-5.9,-3.117,0.09,1.32,0.63
ATOM,1158.0,HG22,VAL,69.0,28.514,-4.641,-3.225,0.09,1.32,0.0
ATOM,1159.0,HG23,VAL,69.0,27.008,-4.516,-3.848,0.09,1.32,0.0
ATOM,1160.0,N,LEU,70.0,28.805,-4.668,-8.278,-0.47,1.85,0.0
ATOM,1161.0,CA,LEU,70.0,29.32,-5.046,-9.583,0.07,2.275,0.0
ATOM,1162.0,C,LEU,70.0,30.682,-5.722,-9.359,0.51,2.0,0.0
ATOM,1163.0,O,LEU,70.0,31.467,-5.304,-8.493,-0.51,1.7,0.26
ATOM,1164.0,CB,LEU,70.0,29.492,-3.821,-10.471,-0.18,2.175,0.0
ATOM,1165.0,CG,LEU,70.0,28.313,-2.86,-10.546,-0.09,2.275,0.0
ATOM,1166.0,CD1,LEU,70.0,28.651,-1.677,-11.458,-0.27,2.06,2.0
ATOM,1167.0,CD2,LEU,70.0,26.98,-3.587,-10.938,-0.27,2.06,0.0
ATOM,1168.0,H,LEU,70.0,28.967,-3.72,-7.853,0.31,0.2245,0.0
ATOM,1169.0,HA,LEU,70.0,28.71,-5.71,-9.995,0.09,1.32,0.0
ATOM,1170.0,HB2,LEU,70.0,30.277,-3.303,-10.131,0.09,1.32,0.0
ATOM,1171.0,HB3,LEU,70.0,29.678,-4.139,-11.4,0.09,1.32,0.0
ATOM,1172.0,HG,LEU,70.0,28.107,-2.518,-9.631,0.09,1.32,0.0
ATOM,1173.0,HD11,LEU,70.0,28.857,-2.016,-12.375,0.09,1.32,0.0
ATOM,1174.0,HD12,LEU,70.0,27.869,-1.057,-11.497,0.09,1.32,0.0
ATOM,1175.0,HD13,LEU,70.0,29.445,-1.195,-11.091,0.09,1.32,0.0
ATOM,1176.0,HD21,LEU,70.0,26.787,-4.276,-10.249,0.09,1.32,0.0
ATOM,1177.0,HD22,LEU,70.0,26.254,-2.91,-10.97,0.09,1.32,0.0
ATOM,1178.0,HD23,LEU,70.0,27.105,-4.008,-11.829,0.09,1.32,0.0
ATOM,1179.0,N,LYS,71.0,30.922,-6.781,-10.116,-0.47,1.85,0.0
ATOM,1180.0,CA,LYS,71.0,32.093,-7.63,-9.973,0.07,2.275,0.04
ATOM,1181.0,C,LYS,71.0,32.617,-7.857,-11.386,0.51,2.0,0.0
ATOM,1182.0,O,LYS,71.0,31.952,-7.491,-12.35,-0.51,1.7,0.0
ATOM,1183.0,CB,LYS,71.0,31.694,-8.971,-9.341,-0.18,2.175,3.53
ATOM,1184.0,CG,LYS,71.0,30.929,-8.878,-8.03,-0.18,2.175,1.71
ATOM,1185.0,CD,LYS,71.0,30.654,-10.3,-7.511,-0.18,2.175,8.63
ATOM,1186.0,CE,LYS,71.0,29.875,-10.327,-6.234,0.21,2.175,5.19
ATOM,1187.0,NZ,LYS,71.0,29.649,-11.738,-5.748,-0.3,1.85,9.23
ATOM,1188.0,H,LYS,71.0,30.179,-6.96,-10.844,0.31,0.2245,0.0
ATOM,1189.0,HA,LYS,71.0,32.782,-7.154,-9.449,0.09,1.32,0.08
ATOM,1190.0,HB2,LYS,71.0,31.125,-9.467,-10.003,0.09,1.32,0.0
ATOM,1191.0,HB3,LYS,71.0,32.534,-9.498,-9.179,0.09,1.32,5.81
ATOM,1192.0,HG2,LYS,71.0,31.476,-8.399,-7.361,0.09,1.32,5.28
ATOM,1193.0,HG3,LYS,71.0,30.065,-8.425,-8.182,0.09,1.32,0.0
ATOM,1194.0,HD2,LYS,71.0,30.145,-10.794,-8.222,0.09,1.32,3.44
ATOM,1195.0,HD3,LYS,71.0,31.538,-10.754,-7.37,0.09,1.32,8.99
ATOM,1196.0,HE2,LYS,71.0,30.371,-9.825,-5.521,0.05,1.32,7.58
ATOM,1197.0,HE3,LYS,71.0,28.979,-9.895,-6.371,0.05,1.32,0.0
ATOM,1198.0,HZ1,LYS,71.0,29.394,-11.709,-4.786,0.33,0.2245,5.92
ATOM,1199.0,HZ2,LYS,71.0,28.917,-12.149,-6.285,0.33,0.2245,10.13
ATOM,1200.0,HZ3,LYS,71.0,30.492,-12.256,-5.864,0.33,0.2245,16.61
ATOM,1201.0,N,GLU,72.0,33.788,-8.47,-11.514,-0.47,1.85,0.0
ATOM,1202.0,CA,GLU,72.0,34.437,-8.678,-12.826,0.07,2.275,0.0
ATOM,1203.0,C,GLU,72.0,33.576,-9.431,-13.886,0.51,2.0,0.0
ATOM,1204.0,O,GLU,72.0,33.54,-9.067,-15.083,-0.51,1.7,21.8
ATOM,1205.0,CB,GLU,72.0,35.779,-9.379,-12.603,-0.18,2.175,5.45
ATOM,1206.0,CG,GLU,72.0,36.555,-9.699,-13.875,-0.28,2.175,5.51
ATOM,1207.0,CD,GLU,72.0,37.998,-10.122,-13.612,0.62,2.0,3.61
ATOM,1208.0,OE1,GLU,72.0,38.62,-9.598,-12.668,-0.76,1.7,24.45
ATOM,1209.0,OE2,GLU,72.0,38.526,-10.975,-14.359,-0.76,1.7,39.55
ATOM,1210.0,H,GLU,72.0,34.214,-8.793,-10.621,0.31,0.2245,3.75
ATOM,1211.0,HA,GLU,72.0,34.709,-7.774,-13.213,0.09,1.32,0.42
ATOM,1212.0,HB2,GLU,72.0,36.342,-8.782,-12.054,0.09,1.32,0.0
ATOM,1213.0,HB3,GLU,72.0,35.599,-10.233,-12.142,0.09,1.32,6.53
ATOM,1214.0,HG2,GLU,72.0,36.108,-10.448,-14.33,0.09,1.32,0.0
ATOM,1215.0,HG3,GLU,72.0,36.584,-8.89,-14.433,0.09,1.32,3.22
ATOM,1216.0,N,GLN,73.0,32.866,-10.461,-13.437,-0.47,1.85,0.0
ATOM,1217.0,CA,GLN,73.0,32.043,-11.264,-14.343,0.07,2.275,2.92
ATOM,1218.0,C,GLN,73.0,30.574,-11.361,-13.937,0.51,2.0,2.13
ATOM,1219.0,O,GLN,73.0,29.824,-12.172,-14.48,-0.51,1.7,29.31
ATOM,1220.0,CB,GLN,73.0,32.629,-12.674,-14.491,-0.18,2.175,9.39
ATOM,1221.0,CG,GLN,73.0,34.098,-12.67,-14.847,-0.18,2.175,4.56
ATOM,1222.0,CD,GLN,73.0,34.424,-13.574,-16.017,0.55,2.0,3.8
ATOM,1223.0,H,GLN,73.0,32.943,-10.641,-12.422,0.31,0.2245,4.18
ATOM,1224.0,HA,GLN,73.0,32.08,-10.827,-15.263,0.09,1.32,6.77
ATOM,1225.0,HB2,GLN,73.0,32.514,-13.158,-13.626,0.09,1.32,10.59
ATOM,1226.0,HB3,GLN,73.0,32.129,-13.151,-15.213,0.09,1.32,4.45
ATOM,1227.0,HG2,GLN,73.0,34.372,-11.735,-15.082,0.09,1.32,0.0
ATOM,1228.0,HG3,GLN,73.0,34.625,-12.976,-14.052,0.09,1.32,9.21
ATOM,1229.0,OE1,GLN,73.0,33.759,-14.588,-16.239,-0.55,1.7,37.03
ATOM,1230.0,NE2,GLN,73.0,35.449,-13.191,-16.789,-0.62,1.85,27.09
ATOM,1231.0,HE21,GLN,73.0,35.735,-13.754,-17.584,0.32,0.2245,21.96
ATOM,1232.0,HE22,GLN,73.0,35.932,-12.327,-16.563,0.3,0.2245,6.55
ATOM,1233.0,N,GLY,74.0,30.142,-10.52,-13.025,-0.47,1.85,2.07
ATOM,1234.0,CA,GLY,74.0,28.791,-10.625,-12.523,-0.02,2.175,8.2
ATOM,1235.0,C,GLY,74.0,28.421,-9.481,-11.613,0.51,2.0,0.0
ATOM,1236.0,O,GLY,74.0,29.128,-8.496,-11.494,-0.51,1.7,0.0
ATOM,1237.0,H,GLY,74.0,30.822,-9.809,-12.712,0.31,0.2245,0.0
ATOM,1238.0,HA2,GLY,74.0,28.142,-10.656,-13.305,0.09,1.32,9.38
ATOM,1239.0,HA3,GLY,74.0,28.685,-11.502,-12.02,0.09,1.32,10.99
ATOM,1240.0,N,GLU,75.0,27.26,-9.621,-10.994,-0.47,1.85,0.09
ATOM,1241.0,CA,GLU,75.0,26.803,-8.703,-9.972,0.07,2.275,0.0
ATOM,1242.0,C,GLU,75.0,26.18,-9.517,-8.845,0.51,2.0,0.0
ATOM,1243.0,O,GLU,75.0,25.771,-10.676,-9.035,-0.51,1.7,24.0
ATOM,1244.0,CB,GLU,75.0,25.722,-7.764,-10.49,-0.18,2.175,0.83
ATOM,1245.0,CG,GLU,75.0,25.836,-7.359,-11.918,-0.28,2.175,6.81
ATOM,1246.0,CD,GLU,75.0,24.762,-6.364,-12.285,0.62,2.0,3.23
ATOM,1247.0,OE1,GLU,75.0,23.625,-6.445,-11.722,-0.76,1.7,15.17
ATOM,1248.0,OE2,GLU,75.0,25.085,-5.486,-13.096,-0.76,1.7,12.96
ATOM,1249.0,H,GLU,75.0,26.703,-10.452,-11.308,0.31,0.2245,8.26
ATOM,1250.0,HA,GLU,75.0,27.57,-8.174,-9.616,0.09,1.32,0.0
ATOM,1251.0,HB2,GLU,75.0,24.847,-8.226,-10.367,0.09,1.32,5.82
ATOM,1252.0,HB3,GLU,75.0,25.754,-6.941,-9.93,0.09,1.32,0.0
ATOM,1253.0,HG2,GLU,75.0,26.701,-6.921,-12.059,0.09,1.32,0.0
ATOM,1254.0,HG3,GLU,75.0,25.711,-8.147,-12.487,0.09,1.32,6.5
ATOM,1255.0,N,GLU,76.0,26.118,-8.906,-7.662,-0.47,1.85,0.0
ATOM,1256.0,CA,GLU,76.0,25.34,-9.504,-6.535,0.07,2.275,0.67
ATOM,1257.0,C,GLU,76.0,24.674,-8.389,-5.754,0.51,2.0,0.0
ATOM,1258.0,O,GLU,76.0,25.355,-7.436,-5.337,-0.51,1.7,0.0
ATOM,1259.0,CB,GLU,76.0,26.242,-10.284,-5.605,-0.18,2.175,0.89
ATOM,1260.0,CG,GLU,76.0,25.505,-10.932,-4.446,-0.28,2.175,4.74
ATOM,1261.0,CD,GLU,76.0,26.37,-11.84,-3.603,0.62,2.0,3.67
ATOM,1262.0,OE1,GLU,76.0,27.585,-12.021,-3.88,-0.76,1.7,19.17
ATOM,1263.0,OE2,GLU,76.0,25.801,-12.384,-2.659,-0.76,1.7,32.5
ATOM,1264.0,H,GLU,76.0,26.628,-8.021,-7.584,0.31,0.2245,0.0
ATOM,1265.0,HA,GLU,76.0,24.656,-10.122,-6.91,0.09,1.32,3.67
ATOM,1266.0,HB2,GLU,76.0,26.668,-11.004,-6.123,0.09,1.32,1.19
ATOM,1267.0,HB3,GLU,76.0,26.902,-9.662,-5.224,0.09,1.32,0.87
ATOM,1268.0,HG2,GLU,76.0,25.163,-10.215,-3.859,0.09,1.32,0.0
ATOM,1269.0,HG3,GLU,76.0,24.769,-11.478,-4.814,0.09,1.32,9.05
ATOM,1270.0,N,THR,77.0,23.35,-8.498,-5.618,-0.47,1.85,0.0
ATOM,1271.0,CA,THR,77.0,22.572,-7.601,-4.795,0.07,2.275,0.0
ATOM,1272.0,C,THR,77.0,22.483,-8.16,-3.364,0.51,2.0,0.0
ATOM,1273.0,O,THR,77.0,22.022,-9.307,-3.146,-0.51,1.7,21.78
ATOM,1274.0,CB,THR,77.0,21.181,-7.368,-5.363,0.14,2.275,5.67
ATOM,1275.0,OG1,THR,77.0,21.254,-6.814,-6.687,-0.66,1.77,14.61
ATOM,1276.0,CG2,THR,77.0,20.426,-6.324,-4.506,-0.27,2.06,8.75
ATOM,1277.0,H,THR,77.0,22.933,-9.291,-6.162,0.31,0.2245,9.65
ATOM,1278.0,HA,THR,77.0,23.033,-6.713,-4.748,0.09,1.32,0.0
ATOM,1279.0,HB,THR,77.0,20.687,-8.266,-5.428,0.09,1.32,9.8
ATOM,1280.0,HG21,THR,77.0,21.064,-5.908,-3.861,0.09,1.32,0.0
ATOM,1281.0,HG22,THR,77.0,20.045,-5.622,-5.105,0.09,1.32,2.17
ATOM,1282.0,HG23,THR,77.0,19.69,-6.78,-4.008,0.09,1.32,5.98
ATOM,1283.0,HG1,THR,77.0,21.449,-5.829,-6.641,0.43,0.2245,0.0
ATOM,1284.0,N,VAL,78.0,22.965,-7.357,-2.419,-0.47,1.85,0.0
ATOM,1285.0,CA,VAL,78.0,22.902,-7.653,-1.019,0.07,2.275,1.48
ATOM,1286.0,C,VAL,78.0,22.11,-6.606,-0.278,0.51,2.0,0.25
ATOM,1287.0,O,VAL,78.0,21.64,-5.622,-0.868,-0.51,1.7,0.0
ATOM,1288.0,CB,VAL,78.0,24.308,-7.852,-0.407,-0.09,2.275,0.0
ATOM,1289.0,CG1,VAL,78.0,25.051,-8.872,-1.166,-0.27,2.06,5.38
ATOM,1290.0,CG2,VAL,78.0,25.128,-6.528,-0.386,-0.27,2.06,0.0
ATOM,1291.0,H,VAL,78.0,23.401,-6.475,-2.805,0.31,0.2245,0.0
ATOM,1292.0,HA,VAL,78.0,22.433,-8.541,-0.899,0.09,1.32,4.02
ATOM,1293.0,HB,VAL,78.0,24.172,-8.188,0.523,0.09,1.32,0.0
ATOM,1294.0,HG11,VAL,78.0,25.647,-8.442,-1.856,0.09,1.32,0.55
ATOM,1295.0,HG12,VAL,78.0,25.631,-9.424,-0.553,0.09,1.32,1.68
ATOM,1296.0,HG13,VAL,78.0,24.418,-9.495,-1.644,0.09,1.32,0.61
ATOM,1297.0,HG21,VAL,78.0,24.929,-6.051,0.463,0.09,1.32,0.0
ATOM,1298.0,HG22,VAL,78.0,26.094,-6.758,-0.44,0.09,1.32,0.0
ATOM,1299.0,HG23,VAL,78.0,24.854,-5.979,-1.168,0.09,1.32,0.0
ATOM,1300.0,N,GLU,79.0,22.002,-6.747,1.027,-0.47,1.85,0.0
ATOM,1301.0,CA,GLU,79.0,21.25,-5.715,1.712,0.07,2.275,0.0
ATOM,1302.0,C,GLU,79.0,21.795,-5.309,3.043,0.51,2.0,0.0
ATOM,1303.0,O,GLU,79.0,22.807,-5.801,3.497,-0.51,1.7,0.0
ATOM,1304.0,CB,GLU,79.0,19.814,-6.146,1.808,-0.18,2.175,0.1
ATOM,1305.0,CG,GLU,79.0,19.58,-7.269,2.79,-0.28,2.175,3.88
ATOM,1306.0,CD,GLU,79.0,18.171,-7.707,2.841,0.62,2.0,5.1
ATOM,1307.0,OE1,GLU,79.0,17.264,-7.088,2.23,-0.76,1.7,16.6
ATOM,1308.0,OE2,GLU,79.0,17.979,-8.713,3.489,-0.76,1.7,44.4
ATOM,1309.0,H,GLU,79.0,22.438,-7.542,1.452,0.31,0.2245,0.0
ATOM,1310.0,HA,GLU,79.0,21.184,-4.889,1.1,0.09,1.32,0.0
ATOM,1311.0,HB2,GLU,79.0,19.279,-5.373,2.109,0.09,1.32,0.41
ATOM,1312.0,HB3,GLU,79.0,19.526,-6.464,0.92,0.09,1.32,2.89
ATOM,1313.0,HG2,GLU,79.0,20.137,-8.037,2.51,0.09,1.32,1.18
ATOM,1314.0,HG3,GLU,79.0,19.84,-6.947,3.688,0.09,1.32,0.0
ATOM,1315.0,N,GLU,80.0,21.139,-4.314,3.611,-0.47,1.85,0.0
ATOM,1316.0,CA,GLU,80.0,21.448,-3.84,4.905,0.07,2.275,0.0
ATOM,1317.0,C,GLU,80.0,21.771,-4.978,5.854,0.51,2.0,0.0
ATOM,1318.0,O,GLU,80.0,21.029,-5.999,5.971,-0.51,1.7,12.62
ATOM,1319.0,CB,GLU,80.0,20.324,-2.943,5.435,-0.18,2.175,0.81
ATOM,1320.0,CG,GLU,80.0,18.985,-3.611,5.561,-0.28,2.175,8.71
ATOM,1321.0,CD,GLU,80.0,17.916,-2.587,5.879,0.62,2.0,4.28
ATOM,1322.0,OE1,GLU,80.0,17.942,-1.486,5.287,-0.76,1.7,10.51
ATOM,1323.0,OE2,GLU,80.0,17.029,-2.906,6.691,-0.76,1.7,48.06
ATOM,1324.0,H,GLU,80.0,20.372,-3.916,3.007,0.31,0.2245,0.0
ATOM,1325.0,HA,GLU,80.0,22.241,-3.205,4.874,0.09,1.32,0.0
ATOM,1326.0,HB2,GLU,80.0,20.597,-2.63,6.334,0.09,1.32,4.38
ATOM,1327.0,HB3,GLU,80.0,20.232,-2.185,4.806,0.09,1.32,0.0
ATOM,1328.0,HG2,GLU,80.0,18.755,-4.02,4.706,0.09,1.32,0.58
ATOM,1329.0,HG3,GLU,80.0,19.015,-4.244,6.302,0.09,1.32,5.42
ATOM,1330.0,N,GLY,81.0,22.919,-4.87,6.494,-0.47,1.85,1.12
ATOM,1331.0,CA,GLY,81.0,23.408,-5.844,7.444,-0.02,2.175,15.18
ATOM,1332.0,C,GLY,81.0,24.498,-6.755,6.889,0.51,2.0,0.59
ATOM,1333.0,O,GLY,81.0,25.01,-7.559,7.645,-0.51,1.7,23.31
ATOM,1334.0,H,GLY,81.0,23.461,-3.995,6.249,0.31,0.2245,0.0
ATOM,1335.0,HA2,GLY,81.0,23.77,-5.364,8.268,0.09,1.32,1.25
ATOM,1336.0,HA3,GLY,81.0,22.632,-6.421,7.77,0.09,1.32,8.39
ATOM,1337.0,N,PHE,82.0,24.777,-6.667,5.587,-0.47,1.85,0.0
ATOM,1338.0,CA,PHE,82.0,25.916,-7.313,4.955,0.07,2.275,0.0
ATOM,1339.0,C,PHE,82.0,27.185,-6.533,5.115,0.51,2.0,0.0
ATOM,1340.0,O,PHE,82.0,27.144,-5.304,5.111,-0.51,1.7,0.0
ATOM,1341.0,CB,PHE,82.0,25.674,-7.513,3.449,-0.18,2.175,0.0
ATOM,1342.0,CG,PHE,82.0,24.952,-8.784,3.106,0.0,1.9924,0.0
ATOM,1343.0,CD1,PHE,82.0,23.619,-8.981,3.452,-0.115,1.9924,4.16
ATOM,1344.0,CD2,PHE,82.0,25.606,-9.774,2.413,-0.115,1.9924,6.38
ATOM,1345.0,CE1,PHE,82.0,22.97,-10.139,3.126,-0.115,1.9924,12.68
ATOM,1346.0,CE2,PHE,82.0,24.974,-10.921,2.082,-0.115,1.9924,10.36
ATOM,1347.0,CZ,PHE,82.0,23.651,-11.13,2.445,-0.115,1.9924,17.38
ATOM,1348.0,H,PHE,82.0,24.087,-6.078,5.049,0.31,0.2245,0.0
ATOM,1349.0,HA,PHE,82.0,26.046,-8.201,5.43,0.09,1.32,3.88
ATOM,1350.0,HB2,PHE,82.0,25.128,-6.752,3.131,0.09,1.32,0.0
ATOM,1351.0,HB3,PHE,82.0,26.558,-7.53,3.005,0.09,1.32,0.0
ATOM,1352.0,HD1,PHE,82.0,23.132,-8.259,3.946,0.115,1.3582,0.0
ATOM,1353.0,HD2,PHE,82.0,26.571,-9.632,2.152,0.115,1.3582,5.33
ATOM,1354.0,HE1,PHE,82.0,22.004,-10.269,3.381,0.115,1.3582,9.85
ATOM,1355.0,HE2,PHE,82.0,25.467,-11.651,1.559,0.115,1.3582,13.02
ATOM,1356.0,HZ,PHE,82.0,23.195,-11.987,2.217,0.115,1.3582,17.55
ATOM,1357.0,N,TYR,83.0,28.311,-7.231,5.212,-0.47,1.85,0.0
ATOM,1358.0,CA,TYR,83.0,29.607,-6.575,5.04,0.07,2.275,0.0
ATOM,1359.0,C,TYR,83.0,30.243,-7.113,3.781,0.51,2.0,0.0
ATOM,1360.0,O,TYR,83.0,29.906,-8.239,3.343,-0.51,1.7,12.03
ATOM,1361.0,CB,TYR,83.0,30.491,-6.8,6.245,-0.18,2.175,6.08
ATOM,1362.0,CG,TYR,83.0,30.948,-8.257,6.499,0.0,1.9924,0.35
ATOM,1363.0,CD1,TYR,83.0,30.155,-9.169,7.172,-0.115,1.9924,9.54
ATOM,1364.0,CD2,TYR,83.0,32.185,-8.705,6.063,-0.115,1.9924,9.01
ATOM,1365.0,CE1,TYR,83.0,30.603,-10.453,7.406,-0.115,1.9924,19.99
ATOM,1366.0,CE2,TYR,83.0,32.636,-9.962,6.305,-0.115,1.9924,19.03
ATOM,1367.0,CZ,TYR,83.0,31.847,-10.847,6.973,0.11,1.9924,3.52
ATOM,1368.0,OH,TYR,83.0,32.295,-12.153,7.198,-0.54,1.77,34.18
ATOM,1369.0,H,TYR,83.0,28.197,-8.234,5.411,0.31,0.2245,1.91
ATOM,1370.0,HA,TYR,83.0,29.448,-5.597,4.925,0.09,1.32,0.0
ATOM,1371.0,HB2,TYR,83.0,31.325,-6.246,6.15,0.09,1.32,3.47
ATOM,1372.0,HB3,TYR,83.0,30.002,-6.502,7.072,0.09,1.32,0.0
ATOM,1373.0,HD1,TYR,83.0,29.247,-8.896,7.494,0.115,1.3582,5.48
ATOM,1374.0,HD2,TYR,83.0,32.769,-8.059,5.541,0.115,1.3582,2.97
ATOM,1375.0,HE1,TYR,83.0,30.011,-11.108,7.898,0.115,1.3582,14.88
ATOM,1376.0,HE2,TYR,83.0,33.554,-10.243,5.992,0.115,1.3582,14.03
ATOM,1377.0,HH,TYR,83.0,31.691,-12.585,7.86,0.43,0.2245,21.0
ATOM,1378.0,N,ILE,84.0,31.155,-6.3,3.244,-0.47,1.85,0.0
ATOM,1379.0,CA,ILE,84.0,31.845,-6.546,2.011,0.07,2.275,0.0
ATOM,1380.0,C,ILE,84.0,33.304,-6.191,2.166,0.51,2.0,0.0
ATOM,1381.0,O,ILE,84.0,33.653,-5.122,2.693,-0.51,1.7,1.09
ATOM,1382.0,CB,ILE,84.0,31.252,-5.692,0.86,-0.09,2.275,0.0
ATOM,1383.0,CG1,ILE,84.0,29.758,-5.989,0.731,-0.18,2.175,0.34
ATOM,1384.0,CG2,ILE,84.0,31.995,-5.976,-0.43,-0.27,2.06,4.72
ATOM,1385.0,CD1,ILE,84.0,29.077,-5.014,-0.113,-0.27,2.06,0.24
ATOM,1386.0,H,ILE,84.0,31.325,-5.431,3.834,0.31,0.2245,0.0
ATOM,1387.0,HA,ILE,84.0,31.806,-7.536,1.849,0.09,1.32,3.31
ATOM,1388.0,HB,ILE,84.0,31.36,-4.741,1.105,0.09,1.32,0.0
ATOM,1389.0,HG12,ILE,84.0,29.663,-6.907,0.352,0.09,1.32,7.25
ATOM,1390.0,HG13,ILE,84.0,29.371,-5.98,1.651,0.09,1.32,0.0
ATOM,1391.0,HG21,ILE,84.0,31.626,-5.406,-1.164,0.09,1.32,0.0
ATOM,1392.0,HG22,ILE,84.0,32.966,-5.772,-0.311,0.09,1.32,0.0
ATOM,1393.0,HG23,ILE,84.0,31.888,-6.939,-0.675,0.09,1.32,8.72
ATOM,1394.0,HD11,ILE,84.0,29.466,-5.011,-1.043,0.09,1.32,0.0
ATOM,1395.0,HD12,ILE,84.0,28.094,-5.227,-0.185,0.09,1.32,0.0
ATOM,1396.0,HD13,ILE,84.0,29.169,-4.085,0.267,0.09,1.32,0.0
ATOM,1397.0,N,PHE,85.0,34.142,-7.077,1.67,-0.47,1.85,0.02
ATOM,1398.0,CA,PHE,85.0,35.572,-6.842,1.581,0.07,2.275,0.0
ATOM,1399.0,C,PHE,85.0,35.984,-6.974,0.146,0.51,2.0,0.0
ATOM,1400.0,O,PHE,85.0,35.811,-8.022,-0.455,-0.51,1.7,16.37
ATOM,1401.0,CB,PHE,85.0,36.349,-7.861,2.395,-0.18,2.175,9.97
ATOM,1402.0,CG,PHE,85.0,37.867,-7.706,2.295,0.0,1.9924,0.48
ATOM,1403.0,CD1,PHE,85.0,38.491,-6.597,2.829,-0.115,1.9924,5.48
ATOM,1404.0,CD2,PHE,85.0,38.668,-8.7,1.704,-0.115,1.9924,8.94
ATOM,1405.0,CE1,PHE,85.0,39.886,-6.449,2.764,-0.115,1.9924,6.12
ATOM,1406.0,CE2,PHE,85.0,40.042,-8.556,1.635,-0.115,1.9924,9.65
ATOM,1407.0,CZ,PHE,85.0,40.663,-7.421,2.159,-0.115,1.9924,10.87
ATOM,1408.0,H,PHE,85.0,33.691,-7.967,1.344,0.31,0.2245,8.1
ATOM,1409.0,HA,PHE,85.0,35.728,-5.892,1.85,0.09,1.32,0.0
ATOM,1410.0,HB2,PHE,85.0,36.107,-7.754,3.346,0.09,1.32,6.32
ATOM,1411.0,HB3,PHE,85.0,36.126,-8.764,2.064,0.09,1.32,5.82
ATOM,1412.0,HD1,PHE,85.0,37.956,-5.882,3.272,0.115,1.3582,0.0
ATOM,1413.0,HD2,PHE,85.0,38.229,-9.517,1.333,0.115,1.3582,5.49
ATOM,1414.0,HE1,PHE,85.0,40.307,-5.626,3.163,0.115,1.3582,0.59
ATOM,1415.0,HE2,PHE,85.0,40.604,-9.282,1.198,0.115,1.3582,3.27
ATOM,1416.0,HZ,PHE,85.0,41.648,-7.315,2.098,0.115,1.3582,10.32
ATOM,1417.0,N,VAL,86.0,36.583,-5.92,-0.399,-0.47,1.85,0.0
ATOM,1418.0,CA,VAL,86.0,37.132,-5.93,-1.736,0.07,2.275,0.01
ATOM,1419.0,C,VAL,86.0,38.665,-5.897,-1.624,0.51,2.0,0.0
ATOM,1420.0,O,VAL,86.0,39.252,-5.017,-1.011,-0.51,1.7,0.0
ATOM,1421.0,CB,VAL,86.0,36.693,-4.714,-2.57,-0.09,2.275,0.0
ATOM,1422.0,CG1,VAL,86.0,37.119,-4.886,-4.029,-0.27,2.06,1.18
ATOM,1423.0,CG2,VAL,86.0,35.171,-4.503,-2.446,-0.27,2.06,1.74
ATOM,1424.0,H,VAL,86.0,36.621,-5.08,0.231,0.31,0.2245,0.0
ATOM,1425.0,HA,VAL,86.0,36.882,-6.785,-2.181,0.09,1.32,0.51
ATOM,1426.0,HB,VAL,86.0,37.173,-3.916,-2.223,0.09,1.32,0.0
ATOM,1427.0,HG11,VAL,86.0,37.6,-5.755,-4.132,0.09,1.32,0.0
ATOM,1428.0,HG12,VAL,86.0,36.309,-4.879,-4.613,0.09,1.32,0.06
ATOM,1429.0,HG13,VAL,86.0,37.725,-4.135,-4.287,0.09,1.32,0.27
ATOM,1430.0,HG21,VAL,86.0,34.859,-4.913,-1.593,0.09,1.32,0.0
ATOM,1431.0,HG22,VAL,86.0,34.982,-3.524,-2.447,0.09,1.32,0.0
ATOM,1432.0,HG23,VAL,86.0,34.723,-4.941,-3.221,0.09,1.32,3.54
ATOM,1433.0,N,GLU,87.0,39.31,-6.869,-2.254,-0.47,1.85,0.0
ATOM,1434.0,CA,GLU,87.0,40.741,-7.012,-2.149,0.07,2.275,0.0
ATOM,1435.0,C,GLU,87.0,41.391,-5.969,-3.024,0.51,2.0,0.0
ATOM,1436.0,O,GLU,87.0,40.781,-5.47,-3.959,-0.51,1.7,0.4
ATOM,1437.0,CB,GLU,87.0,41.146,-8.407,-2.592,-0.18,2.175,3.79
ATOM,1438.0,CG,GLU,87.0,41.436,-9.365,-1.44,-0.28,2.175,9.08
ATOM,1439.0,CD,GLU,87.0,40.646,-10.659,-1.553,0.62,2.0,3.17
ATOM,1440.0,OE1,GLU,87.0,40.894,-11.428,-2.507,-0.76,1.7,39.46
ATOM,1441.0,OE2,GLU,87.0,39.775,-10.921,-0.69,-0.76,1.7,26.05
ATOM,1442.0,H,GLU,87.0,38.703,-7.5,-2.815,0.31,0.2245,0.0
ATOM,1443.0,HA,GLU,87.0,41.03,-6.885,-1.2,0.09,1.32,0.0
ATOM,1444.0,HB2,GLU,87.0,40.403,-8.791,-3.112,0.09,1.32,0.0
ATOM,1445.0,HB3,GLU,87.0,41.97,-8.332,-3.125,0.09,1.32,2.7
ATOM,1446.0,HG2,GLU,87.0,42.388,-9.595,-1.465,0.09,1.32,9.09
ATOM,1447.0,HG3,GLU,87.0,41.173,-8.929,-0.603,0.09,1.32,0.0
ATOM,1448.0,N,PRO,88.0,42.622,-5.611,-2.725,-0.29,1.85,0.0
ATOM,1449.0,CA,PRO,88.0,43.322,-4.655,-3.585,0.02,2.275,0.0
ATOM,1450.0,C,PRO,88.0,43.282,-5.124,-5.05,0.51,2.0,0.0
ATOM,1451.0,O,PRO,88.0,43.452,-6.304,-5.317,-0.51,1.7,12.47
ATOM,1452.0,CB,PRO,88.0,44.751,-4.643,-3.019,-0.18,2.175,7.77
ATOM,1453.0,CG,PRO,88.0,44.578,-5.069,-1.563,-0.18,2.175,13.81
ATOM,1454.0,CD,PRO,88.0,43.424,-6.05,-1.569,0.0,2.175,6.46
ATOM,1455.0,HA,PRO,88.0,42.929,-3.737,-3.5,0.09,1.32,0.0
ATOM,1456.0,HB2,PRO,88.0,45.332,-5.293,-3.502,0.09,1.32,6.83
ATOM,1457.0,HB3,PRO,88.0,45.148,-3.731,-3.067,0.09,1.32,0.0
ATOM,1458.0,HG2,PRO,88.0,45.417,-5.501,-1.234,0.09,1.32,11.66
ATOM,1459.0,HG3,PRO,88.0,44.37,-4.271,-0.999,0.09,1.32,0.0
ATOM,1460.0,HD2,PRO,88.0,43.745,-6.985,-1.698,0.09,1.32,5.16
ATOM,1461.0,HD3,PRO,88.0,42.892,-5.988,-0.726,0.09,1.32,0.0
ATOM,1462.0,N,ASN,89.0,42.987,-4.209,-5.973,-0.47,1.85,0.0
ATOM,1463.0,CA,ASN,89.0,43.039,-4.467,-7.423,0.07,2.275,0.0
ATOM,1464.0,C,ASN,89.0,41.918,-5.336,-7.969,0.51,2.0,0.51
ATOM,1465.0,O,ASN,89.0,41.982,-5.798,-9.101,-0.51,1.7,15.96
ATOM,1466.0,CB,ASN,89.0,44.412,-5.013,-7.839,-0.18,2.175,14.22
ATOM,1467.0,CG,ASN,89.0,45.532,-3.984,-7.672,0.55,2.0,2.32
ATOM,1468.0,H,ASN,89.0,42.711,-3.277,-5.58,0.31,0.2245,0.45
ATOM,1469.0,HA,ASN,89.0,42.965,-3.557,-7.882,0.09,1.32,0.0
ATOM,1470.0,HB2,ASN,89.0,44.624,-5.801,-7.271,0.09,1.32,3.6
ATOM,1471.0,HB3,ASN,89.0,44.369,-5.277,-8.797,0.09,1.32,6.78
ATOM,1472.0,OD1,ASN,89.0,46.496,-4.207,-6.939,-0.55,1.7,24.55
ATOM,1473.0,ND2,ASN,89.0,45.403,-2.858,-8.358,-0.62,1.85,13.98
ATOM,1474.0,HD22,ASN,89.0,44.6,-2.716,-8.941,0.3,0.2245,3.01
ATOM,1475.0,HD21,ASN,89.0,46.104,-2.147,-8.296,0.32,0.2245,5.99
ATOM,1476.0,N,GLU,90.0,40.887,-5.552,-7.167,-0.47,1.85,0.0
ATOM,1477.0,CA,GLU,90.0,39.755,-6.374,-7.583,0.07,2.275,1.88
ATOM,1478.0,C,GLU,90.0,38.753,-5.416,-8.19,0.51,2.0,0.0
ATOM,1479.0,O,GLU,90.0,38.464,-4.348,-7.637,-0.51,1.7,0.0
ATOM,1480.0,CB,GLU,90.0,39.181,-7.134,-6.391,-0.18,2.175,1.79
ATOM,1481.0,CG,GLU,90.0,37.943,-7.952,-6.704,-0.28,2.175,6.28
ATOM,1482.0,CD,GLU,90.0,37.627,-8.954,-5.617,0.62,2.0,4.37
ATOM,1483.0,OE1,GLU,90.0,37.863,-8.646,-4.418,-0.76,1.7,5.47
ATOM,1484.0,OE2,GLU,90.0,37.128,-10.058,-5.962,-0.76,1.7,47.25
ATOM,1485.0,H,GLU,90.0,40.95,-5.097,-6.236,0.31,0.2245,0.29
ATOM,1486.0,HA,GLU,90.0,40.047,-7.032,-8.258,0.09,1.32,4.64
ATOM,1487.0,HB2,GLU,90.0,39.876,-7.756,-6.068,0.09,1.32,3.51
ATOM,1488.0,HB3,GLU,90.0,38.936,-6.472,-5.702,0.09,1.32,0.0
ATOM,1489.0,HG2,GLU,90.0,37.179,-7.34,-6.777,0.09,1.32,0.44
ATOM,1490.0,HG3,GLU,90.0,38.103,-8.453,-7.533,0.09,1.32,6.47
ATOM,1491.0,N,ILE,91.0,38.265,-5.777,-9.361,-0.47,1.85,0.0
ATOM,1492.0,CA,ILE,91.0,37.33,-4.961,-10.091,0.07,2.275,0.0
ATOM,1493.0,C,ILE,91.0,36.027,-4.88,-9.27,0.51,2.0,0.0
ATOM,1494.0,O,ILE,91.0,35.509,-5.908,-8.8,-0.51,1.7,2.24
ATOM,1495.0,CB,ILE,91.0,37.13,-5.567,-11.498,-0.09,2.275,0.0
ATOM,1496.0,CG1,ILE,91.0,38.307,-5.202,-12.407,-0.18,2.175,3.47
ATOM,1497.0,CG2,ILE,91.0,35.856,-5.127,-12.135,-0.27,2.06,1.81
ATOM,1498.0,CD1,ILE,91.0,38.351,-6.033,-13.635,-0.27,2.06,28.55
ATOM,1499.0,H,ILE,91.0,38.616,-6.702,-9.708,0.31,0.2245,1.25
ATOM,1500.0,HA,ILE,91.0,37.698,-4.037,-10.11,0.09,1.32,0.0
ATOM,1501.0,HB,ILE,91.0,37.107,-6.555,-11.404,0.09,1.32,0.0
ATOM,1502.0,HG12,ILE,91.0,38.221,-4.241,-12.651,0.09,1.32,4.34
ATOM,1503.0,HG13,ILE,91.0,39.146,-5.332,-11.885,0.09,1.32,1.19
ATOM,1504.0,HG21,ILE,91.0,35.736,-5.578,-13.024,0.09,1.32,1.04
ATOM,1505.0,HG22,ILE,91.0,35.074,-5.36,-11.55,0.09,1.32,0.0
ATOM,1506.0,HG23,ILE,91.0,35.863,-4.134,-12.279,0.09,1.32,0.15
ATOM,1507.0,HD11,ILE,91.0,37.508,-5.911,-14.166,0.09,1.32,5.5
ATOM,1508.0,HD12,ILE,91.0,39.133,-5.767,-14.205,0.09,1.32,12.12
ATOM,1509.0,HD13,ILE,91.0,38.443,-7.003,-13.393,0.09,1.32,0.0
ATOM,1510.0,N,HIS,92.0,35.529,-3.66,-9.05,-0.47,1.85,0.0
ATOM,1511.0,CA,HIS,92.0,34.269,-3.502,-8.317,0.07,2.275,0.0
ATOM,1512.0,C,HIS,92.0,33.558,-2.22,-8.694,0.51,2.0,0.0
ATOM,1513.0,O,HIS,92.0,34.163,-1.279,-9.278,-0.51,1.7,0.0
ATOM,1514.0,CB,HIS,92.0,34.539,-3.487,-6.821,-0.09,2.175,1.94
ATOM,1515.0,CG,HIS,92.0,35.451,-2.381,-6.415,-0.05,1.8,0.0
ATOM,1516.0,H,HIS,92.0,36.081,-2.881,-9.422,0.31,0.2245,0.0
ATOM,1517.0,HA,HIS,92.0,33.671,-4.282,-8.551,0.09,1.32,0.0
ATOM,1518.0,HB2,HIS,92.0,33.671,-3.379,-6.33,0.09,1.32,0.03
ATOM,1519.0,HB3,HIS,92.0,34.958,-4.358,-6.554,0.09,1.32,0.82
ATOM,1520.0,ND1,HIS,92.0,36.795,-2.389,-6.729,-0.36,1.85,0.0
ATOM,1521.0,CD2,HIS,92.0,35.207,-1.192,-5.808,0.22,1.8,0.0
ATOM,1522.0,CE1,HIS,92.0,37.344,-1.261,-6.303,0.25,1.8,0.51
ATOM,1523.0,NE2,HIS,92.0,36.402,-0.517,-5.752,-0.7,1.85,0.0
ATOM,1524.0,HD1,HIS,92.0,37.273,-3.125,-7.201,0.32,0.2245,0.0
ATOM,1525.0,HD2,HIS,92.0,34.33,-0.871,-5.467,0.1,1.468,0.0
ATOM,1526.0,HE1,HIS,92.0,38.306,-1.017,-6.384,0.13,0.9,0.07
ATOM,1527.0,N,GLY,93.0,32.288,-2.167,-8.31,-0.47,1.85,0.0
ATOM,1528.0,CA,GLY,93.0,31.428,-0.997,-8.495,-0.02,2.175,0.0
ATOM,1529.0,C,GLY,93.0,30.101,-1.211,-7.798,0.51,2.0,0.0
ATOM,1530.0,O,GLY,93.0,29.91,-2.252,-7.179,-0.51,1.7,0.0
ATOM,1531.0,H,GLY,93.0,31.943,-3.051,-7.853,0.31,0.2245,0.0
ATOM,1532.0,HA2,GLY,93.0,31.883,-0.188,-8.114,0.09,1.32,0.0
ATOM,1533.0,HA3,GLY,93.0,31.275,-0.85,-9.476,0.09,1.32,0.0
ATOM,1534.0,N,PHE,94.0,29.195,-0.236,-7.874,-0.47,1.85,0.0
ATOM,1535.0,CA,PHE,94.0,27.905,-0.318,-7.135,0.07,2.275,0.0
ATOM,1536.0,C,PHE,94.0,26.753,0.313,-7.909,0.51,2.0,0.01
ATOM,1537.0,O,PHE,94.0,26.945,1.256,-8.692,-0.51,1.7,0.03
ATOM,1538.0,CB,PHE,94.0,28.001,0.362,-5.755,-0.18,2.175,0.12
ATOM,1539.0,CG,PHE,94.0,29.189,-0.068,-4.977,0.0,1.9924,0.0
ATOM,1540.0,CD1,PHE,94.0,29.162,-1.199,-4.188,-0.115,1.9924,0.0
ATOM,1541.0,CD2,PHE,94.0,30.373,0.633,-5.088,-0.115,1.9924,0.0
ATOM,1542.0,CE1,PHE,94.0,30.293,-1.616,-3.496,-0.115,1.9924,0.0
ATOM,1543.0,CE2,PHE,94.0,31.497,0.206,-4.374,-0.115,1.9924,1.89
ATOM,1544.0,CZ,PHE,94.0,31.443,-0.908,-3.594,-0.115,1.9924,0.0
ATOM,1545.0,H,PHE,94.0,29.449,0.564,-8.471,0.31,0.2245,0.0
ATOM,1546.0,HA,PHE,94.0,27.698,-1.3,-7.04,0.09,1.32,0.0
ATOM,1547.0,HB2,PHE,94.0,28.058,1.334,-5.911,0.09,1.32,0.08
ATOM,1548.0,HB3,PHE,94.0,27.187,0.12,-5.253,0.09,1.32,0.0
ATOM,1549.0,HD1,PHE,94.0,28.322,-1.733,-4.108,0.115,1.3582,0.0
ATOM,1550.0,HD2,PHE,94.0,30.435,1.435,-5.669,0.115,1.3582,0.0
ATOM,1551.0,HE1,PHE,94.0,30.233,-2.449,-2.925,0.115,1.3582,0.0
ATOM,1552.0,HE2,PHE,94.0,32.357,0.751,-4.452,0.115,1.3582,4.83
ATOM,1553.0,HZ,PHE,94.0,32.265,-1.209,-3.086,0.115,1.3582,0.0
ATOM,1554.0,N,ARG,95.0,25.539,-0.108,-7.606,-0.47,1.85,0.0
ATOM,1555.0,CA,ARG,95.0,24.348,0.43,-8.235,0.07,2.275,0.0
ATOM,1556.0,C,ARG,95.0,23.117,0.243,-7.321,0.51,2.0,0.0
ATOM,1557.0,O,ARG,95.0,23.02,-0.726,-6.546,-0.51,1.7,0.0
ATOM,1558.0,CB,ARG,95.0,24.135,-0.242,-9.599,-0.18,2.175,0.0
ATOM,1559.0,CG,ARG,95.0,23.189,0.483,-10.558,-0.18,2.175,0.0
ATOM,1560.0,CD,ARG,95.0,22.865,-0.309,-11.826,0.2,2.175,10.96
ATOM,1561.0,NE,ARG,95.0,22.309,-1.666,-11.609,-0.7,1.85,2.21
ATOM,1562.0,CZ,ARG,95.0,22.848,-2.789,-12.089,0.64,2.0,1.55
ATOM,1563.0,NH1,ARG,95.0,23.96,-2.774,-12.793,-0.8,1.85,13.73
ATOM,1564.0,NH2,ARG,95.0,22.255,-3.963,-11.87,-0.8,1.85,14.45
ATOM,1565.0,H,ARG,95.0,25.51,-0.859,-6.877,0.31,0.2245,0.0
ATOM,1566.0,HA,ARG,95.0,24.47,1.415,-8.394,0.09,1.32,0.0
ATOM,1567.0,HB2,ARG,95.0,25.026,-0.321,-10.05,0.09,1.32,0.0
ATOM,1568.0,HB3,ARG,95.0,23.765,-1.159,-9.44,0.09,1.32,0.0
ATOM,1569.0,HG2,ARG,95.0,22.324,0.677,-10.086,0.09,1.32,0.0
ATOM,1570.0,HG3,ARG,95.0,23.605,1.354,-10.837,0.09,1.32,0.0
ATOM,1571.0,HD2,ARG,95.0,22.202,0.226,-12.366,0.09,1.32,11.37
ATOM,1572.0,HD3,ARG,95.0,23.714,-0.392,-12.364,0.09,1.32,0.61
ATOM,1573.0,HE,ARG,95.0,21.469,-1.739,-11.063,0.44,0.2245,0.0
ATOM,1574.0,HH11,ARG,95.0,24.439,-1.911,-12.967,0.46,0.2245,5.7
ATOM,1575.0,HH12,ARG,95.0,24.338,-3.628,-13.161,0.46,0.2245,1.49
ATOM,1576.0,HH21,ARG,95.0,21.414,-3.991,-11.326,0.46,0.2245,3.1
ATOM,1577.0,HH22,ARG,95.0,22.644,-4.799,-12.242,0.46,0.2245,2.34
ATOM,1578.0,N,ASN,96.0,22.18,1.183,-7.416,-0.47,1.85,0.0
ATOM,1579.0,CA,ASN,96.0,20.94,1.116,-6.692,0.07,2.275,0.0
ATOM,1580.0,C,ASN,96.0,19.849,0.826,-7.724,0.51,2.0,0.0
ATOM,1581.0,O,ASN,96.0,19.596,1.629,-8.625,-0.51,1.7,0.02
ATOM,1582.0,CB,ASN,96.0,20.73,2.394,-5.913,-0.18,2.175,0.0
ATOM,1583.0,CG,ASN,96.0,19.477,2.397,-5.12,0.55,2.0,0.0
ATOM,1584.0,H,ASN,96.0,22.432,1.969,-8.063,0.31,0.2245,0.0
ATOM,1585.0,HA,ASN,96.0,20.978,0.329,-6.09,0.09,1.32,0.0
ATOM,1586.0,HB2,ASN,96.0,21.511,2.517,-5.294,0.09,1.32,0.0
ATOM,1587.0,HB3,ASN,96.0,20.709,3.159,-6.564,0.09,1.32,0.0
ATOM,1588.0,OD1,ASN,96.0,18.665,1.457,-5.208,-0.55,1.7,0.0
ATOM,1589.0,ND2,ASN,96.0,19.283,3.439,-4.33,-0.62,1.85,0.0
ATOM,1590.0,HD22,ASN,96.0,19.958,4.178,-4.291,0.3,0.2245,0.0
ATOM,1591.0,HD21,ASN,96.0,18.456,3.495,-3.765,0.32,0.2245,0.0
ATOM,1592.0,N,ASP,97.0,19.29,-0.381,-7.643,-0.47,1.85,0.0
ATOM,1593.0,CA,ASP,97.0,18.229,-0.862,-8.523,0.07,2.275,3.12
ATOM,1594.0,C,ASP,97.0,16.861,-0.722,-7.868,0.51,2.0,1.53
ATOM,1595.0,O,ASP,97.0,15.871,-1.312,-8.319,-0.51,1.7,27.98
ATOM,1596.0,CB,ASP,97.0,18.49,-2.33,-8.856,-0.28,2.175,14.88
ATOM,1597.0,CG,ASP,97.0,19.707,-2.517,-9.73,0.62,2.0,2.59
ATOM,1598.0,OD1,ASP,97.0,19.876,-1.696,-10.635,-0.76,1.7,12.82
ATOM,1599.0,OD2,ASP,97.0,20.543,-3.439,-9.584,-0.76,1.7,5.57
ATOM,1600.0,H,ASP,97.0,19.691,-0.977,-6.866,0.31,0.2245,0.18
ATOM,1601.0,HA,ASP,97.0,18.228,-0.27,-9.339,0.09,1.32,5.04
ATOM,1602.0,HB2,ASP,97.0,18.629,-2.818,-8.002,0.09,1.32,1.71
ATOM,1603.0,HB3,ASP,97.0,17.693,-2.683,-9.332,0.09,1.32,7.61
ATOM,1604.0,N,THR,98.0,16.787,0.026,-6.782,-0.47,1.85,0.0
ATOM,1605.0,CA,THR,98.0,15.536,0.182,-6.051,0.07,2.275,0.68
ATOM,1606.0,C,THR,98.0,15.081,1.606,-6.136,0.51,2.0,0.1
ATOM,1607.0,O,THR,98.0,15.822,2.467,-6.595,-0.51,1.7,2.49
ATOM,1608.0,CB,THR,98.0,15.72,-0.165,-4.566,0.14,2.275,3.49
ATOM,1609.0,OG1,THR,98.0,16.434,0.873,-3.903,-0.66,1.77,0.0
ATOM,1610.0,CG2,THR,98.0,16.568,-1.404,-4.353,-0.27,2.06,9.29
ATOM,1611.0,H,THR,98.0,17.675,0.483,-6.499,0.31,0.2245,0.0
ATOM,1612.0,HA,THR,98.0,14.846,-0.409,-6.479,0.09,1.32,5.98
ATOM,1613.0,HB,THR,98.0,14.797,-0.248,-4.131,0.09,1.32,6.26
ATOM,1614.0,HG21,THR,98.0,17.524,-1.142,-4.194,0.09,1.32,0.0
ATOM,1615.0,HG22,THR,98.0,16.233,-1.916,-3.557,0.09,1.32,1.29
ATOM,1616.0,HG23,THR,98.0,16.522,-1.994,-5.163,0.09,1.32,3.47
ATOM,1617.0,HG1,THR,98.0,17.273,1.106,-4.41,0.43,0.2245,0.0
ATOM,1618.0,N,ASP,99.0,13.885,1.859,-5.598,-0.47,1.85,0.0
ATOM,1619.0,CA,ASP,99.0,13.28,3.171,-5.641,0.07,2.275,0.32
ATOM,1620.0,C,ASP,99.0,13.463,3.952,-4.369,0.51,2.0,0.13
ATOM,1621.0,O,ASP,99.0,12.765,4.944,-4.177,-0.51,1.7,20.48
ATOM,1622.0,CB,ASP,99.0,11.778,3.071,-5.917,-0.28,2.175,15.37
ATOM,1623.0,CG,ASP,99.0,11.473,2.464,-7.273,0.62,2.0,3.17
ATOM,1624.0,OD1,ASP,99.0,12.18,2.806,-8.26,-0.76,1.7,34.02
ATOM,1625.0,OD2,ASP,99.0,10.535,1.658,-7.451,-0.76,1.7,47.74
ATOM,1626.0,H,ASP,99.0,13.436,1.029,-5.15,0.31,0.2245,6.87
ATOM,1627.0,HA,ASP,99.0,13.745,3.691,-6.384,0.09,1.32,0.0
ATOM,1628.0,HB2,ASP,99.0,11.374,2.499,-5.213,0.09,1.32,9.81
ATOM,1629.0,HB3,ASP,99.0,11.398,3.987,-5.884,0.09,1.32,7.49
ATOM,1630.0,N,SER,100.0,14.398,3.533,-3.516,-0.47,1.85,0.0
ATOM,1631.0,CA,SER,100.0,14.716,4.284,-2.322,0.07,2.275,0.26
ATOM,1632.0,C,SER,100.0,16.228,4.353,-2.174,0.51,2.0,0.0
ATOM,1633.0,O,SER,100.0,16.962,3.609,-2.833,-0.51,1.7,0.0
ATOM,1634.0,CB,SER,100.0,14.07,3.667,-1.067,0.05,2.175,22.98
ATOM,1635.0,OG,SER,100.0,14.313,2.277,-0.97,-0.66,1.77,23.65
ATOM,1636.0,H,SER,100.0,14.861,2.644,-3.784,0.31,0.2245,0.0
ATOM,1637.0,HA,SER,100.0,14.376,5.218,-2.434,0.09,1.32,4.82
ATOM,1638.0,HB2,SER,100.0,14.447,4.123,-0.262,0.09,1.32,1.94
ATOM,1639.0,HB3,SER,100.0,13.084,3.825,-1.11,0.09,1.32,9.74
ATOM,1640.0,HG,SER,100.0,14.978,2.004,-1.665,0.43,0.2245,0.66
ATOM,1641.0,N,GLU,101.0,16.681,5.246,-1.315,-0.47,1.85,0.0
ATOM,1642.0,CA,GLU,101.0,18.095,5.527,-1.236,0.07,2.275,0.0
ATOM,1643.0,C,GLU,101.0,18.748,4.386,-0.515,0.51,2.0,0.0
ATOM,1644.0,O,GLU,101.0,18.154,3.767,0.402,-0.51,1.7,0.39
ATOM,1645.0,CB,GLU,101.0,18.358,6.82,-0.487,-0.18,2.175,0.04
ATOM,1646.0,CG,GLU,101.0,18.076,8.069,-1.28,-0.28,2.175,4.07
ATOM,1647.0,CD,GLU,101.0,18.566,9.325,-0.553,0.62,2.0,2.64
ATOM,1648.0,OE1,GLU,101.0,18.969,9.222,0.617,-0.76,1.7,14.12
ATOM,1649.0,OE2,GLU,101.0,18.526,10.425,-1.147,-0.76,1.7,25.52
ATOM,1650.0,H,GLU,101.0,15.964,5.705,-0.731,0.31,0.2245,4.68
ATOM,1651.0,HA,GLU,101.0,18.477,5.615,-2.154,0.09,1.32,0.0
ATOM,1652.0,HB2,GLU,101.0,17.773,6.831,0.31,0.09,1.32,0.4
ATOM,1653.0,HB3,GLU,101.0,19.313,6.833,-0.233,0.09,1.32,0.0
ATOM,1654.0,HG2,GLU,101.0,18.559,8.022,-2.13,0.09,1.32,0.0
ATOM,1655.0,HG3,GLU,101.0,17.109,8.163,-1.394,0.09,1.32,7.27
ATOM,1656.0,N,VAL,102.0,19.968,4.086,-0.953,-0.47,1.85,0.0
ATOM,1657.0,CA,VAL,102.0,20.767,3.065,-0.334,0.07,2.275,0.0
ATOM,1658.0,C,VAL,102.0,21.976,3.746,0.327,0.51,2.0,0.0
ATOM,1659.0,O,VAL,102.0,22.515,4.694,-0.221,-0.51,1.7,0.0
ATOM,1660.0,CB,VAL,102.0,21.183,2.027,-1.397,-0.09,2.275,0.0
ATOM,1661.0,CG1,VAL,102.0,22.192,1.122,-0.878,-0.27,2.06,0.0
ATOM,1662.0,CG2,VAL,102.0,19.977,1.27,-1.907,-0.27,2.06,0.0
ATOM,1663.0,H,VAL,102.0,20.28,4.653,-1.772,0.31,0.2245,0.0
ATOM,1664.0,HA,VAL,102.0,20.238,2.63,0.39,0.09,1.32,0.0
ATOM,1665.0,HB,VAL,102.0,21.575,2.545,-2.163,0.09,1.32,0.0
ATOM,1666.0,HG11,VAL,102.0,22.752,1.566,-0.161,0.09,1.32,0.0
ATOM,1667.0,HG12,VAL,102.0,21.772,0.297,-0.469,0.09,1.32,0.0
ATOM,1668.0,HG13,VAL,102.0,22.822,0.813,-1.608,0.09,1.32,0.0
ATOM,1669.0,HG21,VAL,102.0,19.656,0.637,-1.201,0.09,1.32,0.0
ATOM,1670.0,HG22,VAL,102.0,19.246,1.917,-2.132,0.09,1.32,0.0
ATOM,1671.0,HG23,VAL,102.0,20.228,0.753,-2.727,0.09,1.32,0.0
ATOM,1672.0,N,GLU,103.0,22.375,3.249,1.493,-0.47,1.85,0.0
ATOM,1673.0,CA,GLU,103.0,23.52,3.744,2.235,0.07,2.275,0.0
ATOM,1674.0,C,GLU,103.0,24.498,2.65,2.642,0.51,2.0,0.0
ATOM,1675.0,O,GLU,103.0,24.081,1.487,3.049,-0.51,1.7,0.0
ATOM,1676.0,CB,GLU,103.0,23.011,4.44,3.501,-0.18,2.175,0.0
ATOM,1677.0,CG,GLU,103.0,21.924,5.449,3.271,-0.28,2.175,0.0
ATOM,1678.0,CD,GLU,103.0,21.763,6.386,4.452,0.62,2.0,0.03
ATOM,1679.0,OE1,GLU,103.0,22.068,5.991,5.614,-0.76,1.7,15.96
ATOM,1680.0,OE2,GLU,103.0,21.336,7.52,4.192,-0.76,1.7,2.47
ATOM,1681.0,H,GLU,103.0,21.777,2.45,1.838,0.31,0.2245,0.0
ATOM,1682.0,HA,GLU,103.0,24.012,4.44,1.677,0.09,1.32,0.0
ATOM,1683.0,HB2,GLU,103.0,22.656,3.737,4.1,0.09,1.32,0.0
ATOM,1684.0,HB3,GLU,103.0,23.781,4.905,3.911,0.09,1.32,0.0
ATOM,1685.0,HG2,GLU,103.0,22.16,5.997,2.492,0.09,1.32,0.0
ATOM,1686.0,HG3,GLU,103.0,21.071,4.977,3.154,0.09,1.32,0.0
ATOM,1687.0,N,PHE,104.0,25.787,2.987,2.569,-0.47,1.85,0.0
ATOM,1688.0,CA,PHE,104.0,26.817,2.085,2.987,0.07,2.275,0.0
ATOM,1689.0,C,PHE,104.0,28.05,2.86,3.474,0.51,2.0,0.0
ATOM,1690.0,O,PHE,104.0,28.253,3.952,3.047,-0.51,1.7,0.0
ATOM,1691.0,CB,PHE,104.0,27.175,1.076,1.891,-0.18,2.175,0.0
ATOM,1692.0,CG,PHE,104.0,27.815,1.62,0.662,0.0,1.9924,0.0
ATOM,1693.0,CD1,PHE,104.0,27.063,1.971,-0.456,-0.115,1.9924,0.0
ATOM,1694.0,CD2,PHE,104.0,29.197,1.624,0.568,-0.115,1.9924,0.0
ATOM,1695.0,CE1,PHE,104.0,27.683,2.409,-1.596,-0.115,1.9924,0.0
ATOM,1696.0,CE2,PHE,104.0,29.834,2.073,-0.579,-0.115,1.9924,0.23
ATOM,1697.0,CZ,PHE,104.0,29.079,2.446,-1.652,-0.115,1.9924,0.16
ATOM,1698.0,H,PHE,104.0,25.958,3.94,2.19,0.31,0.2245,0.0
ATOM,1699.0,HA,PHE,104.0,26.476,1.575,3.785,0.09,1.32,0.0
ATOM,1700.0,HB2,PHE,104.0,27.799,0.405,2.297,0.09,1.32,0.0
ATOM,1701.0,HB3,PHE,104.0,26.326,0.615,1.623,0.09,1.32,0.0
ATOM,1702.0,HD1,PHE,104.0,26.071,1.903,-0.421,0.115,1.3582,0.0
ATOM,1703.0,HD2,PHE,104.0,29.746,1.298,1.341,0.115,1.3582,0.0
ATOM,1704.0,HE1,PHE,104.0,27.142,2.702,-2.392,0.115,1.3582,0.0
ATOM,1705.0,HE2,PHE,104.0,30.843,2.116,-0.604,0.115,1.3582,1.07
ATOM,1706.0,HZ,PHE,104.0,29.517,2.756,-2.507,0.115,1.3582,0.54
ATOM,1707.0,N,LEU,105.0,28.696,2.311,4.495,-0.47,1.85,0.0
ATOM,1708.0,CA,LEU,105.0,29.94,2.787,5.019,0.07,2.275,0.0
ATOM,1709.0,C,LEU,105.0,31.037,2.141,4.197,0.51,2.0,0.0
ATOM,1710.0,O,LEU,105.0,30.881,0.968,3.789,-0.51,1.7,0.0
ATOM,1711.0,CB,LEU,105.0,30.033,2.344,6.447,-0.18,2.175,0.0
ATOM,1712.0,CG,LEU,105.0,30.673,3.201,7.478,-0.09,2.275,0.0
ATOM,1713.0,CD1,LEU,105.0,30.029,4.616,7.659,-0.27,2.06,6.17
ATOM,1714.0,CD2,LEU,105.0,30.612,2.385,8.759,-0.27,2.06,21.38
ATOM,1715.0,H,LEU,105.0,28.19,1.465,4.896,0.31,0.2245,0.0
ATOM,1716.0,HA,LEU,105.0,29.996,3.772,4.898,0.09,1.32,0.0
ATOM,1717.0,HB2,LEU,105.0,29.078,2.144,6.767,0.09,1.32,0.0
ATOM,1718.0,HB3,LEU,105.0,30.519,1.441,6.455,0.09,1.32,0.0
ATOM,1719.0,HG,LEU,105.0,31.658,3.345,7.257,0.09,1.32,0.0
ATOM,1720.0,HD11,LEU,105.0,29.079,4.496,7.925,0.09,1.32,1.27
ATOM,1721.0,HD12,LEU,105.0,30.531,5.1,8.367,0.09,1.32,0.0
ATOM,1722.0,HD13,LEU,105.0,30.091,5.101,6.794,0.09,1.32,0.0
ATOM,1723.0,HD21,LEU,105.0,31.109,1.525,8.633,0.09,1.32,1.89
ATOM,1724.0,HD22,LEU,105.0,31.029,2.903,9.507,0.09,1.32,0.49
ATOM,1725.0,HD23,LEU,105.0,29.657,2.186,8.985,0.09,1.32,1.55
ATOM,1726.0,N,CYS,106.0,32.08,2.905,3.925,-0.47,1.85,0.0
ATOM,1727.0,CA,CYS,106.0,33.2,2.437,3.165,0.07,2.275,0.0
ATOM,1728.0,C,CYS,106.0,34.459,3.021,3.803,0.51,2.0,0.0
ATOM,1729.0,O,CYS,106.0,34.592,4.252,4.02,-0.51,1.7,0.0
ATOM,1730.0,CB,CYS,106.0,33.088,2.825,1.701,-0.11,2.175,0.0
ATOM,1731.0,SG,CYS,106.0,34.453,2.174,0.688,-0.23,2.0,3.3
ATOM,1732.0,H,CYS,106.0,32.01,3.878,4.315,0.31,0.2245,0.0
ATOM,1733.0,HA,CYS,106.0,33.255,1.446,3.237,0.09,1.32,0.0
ATOM,1734.0,HB2,CYS,106.0,32.24,2.461,1.339,0.09,1.32,0.0
ATOM,1735.0,HB3,CYS,106.0,33.103,3.815,1.632,0.09,1.32,0.0
ATOM,1736.0,HG,CYS,106.0,34.982,1.525,1.231,0.16,0.45,0.0
ATOM,1737.0,N,LEU,107.0,35.379,2.118,4.079,-0.47,1.85,0.0
ATOM,1738.0,CA,LEU,107.0,36.634,2.404,4.727,0.07,2.275,0.0
ATOM,1739.0,C,LEU,107.0,37.783,1.927,3.843,0.51,2.0,0.31
ATOM,1740.0,O,LEU,107.0,37.699,0.843,3.256,-0.51,1.7,0.11
ATOM,1741.0,CB,LEU,107.0,36.677,1.71,6.103,-0.18,2.175,4.41
ATOM,1742.0,CG,LEU,107.0,35.58,2.187,7.069,-0.09,2.275,0.0
ATOM,1743.0,CD1,LEU,107.0,34.493,1.097,7.286,-0.27,2.06,11.64
ATOM,1744.0,CD2,LEU,107.0,36.15,2.628,8.365,-0.27,2.06,3.31
ATOM,1745.0,H,LEU,107.0,35.109,1.136,3.775,0.31,0.2245,0.0
ATOM,1746.0,HA,LEU,107.0,36.724,3.395,4.848,0.09,1.32,0.0
ATOM,1747.0,HB2,LEU,107.0,36.547,0.745,5.959,0.09,1.32,0.0
ATOM,1748.0,HB3,LEU,107.0,37.545,1.911,6.516,0.09,1.32,0.0
ATOM,1749.0,HG,LEU,107.0,35.143,3.004,6.693,0.09,1.32,0.0
ATOM,1750.0,HD11,LEU,107.0,34.927,0.287,7.668,0.09,1.32,6.24
ATOM,1751.0,HD12,LEU,107.0,33.809,1.451,7.915,0.09,1.32,0.02
ATOM,1752.0,HD13,LEU,107.0,34.077,0.884,6.408,0.09,1.32,0.0
ATOM,1753.0,HD21,LEU,107.0,36.793,3.391,8.228,0.09,1.32,0.01
ATOM,1754.0,HD22,LEU,107.0,35.42,2.937,8.986,0.09,1.32,0.0
ATOM,1755.0,HD23,LEU,107.0,36.645,1.872,8.81,0.09,1.32,3.89
ATOM,1756.0,N,ILE,108.0,38.855,2.714,3.786,-0.47,1.85,0.25
ATOM,1757.0,CA,ILE,108.0,40.023,2.471,2.929,0.07,2.275,1.82
ATOM,1758.0,C,ILE,108.0,41.277,2.902,3.713,0.51,2.0,0.13
ATOM,1759.0,O,ILE,108.0,41.176,3.766,4.58,-0.51,1.7,0.0
ATOM,1760.0,CB,ILE,108.0,39.916,3.253,1.591,-0.09,2.275,0.0
ATOM,1761.0,CG1,ILE,108.0,39.663,4.74,1.857,-0.18,2.175,0.0
ATOM,1762.0,CG2,ILE,108.0,38.755,2.684,0.729,-0.27,2.06,0.0
ATOM,1763.0,CD1,ILE,108.0,39.978,5.687,0.728,-0.27,2.06,2.25
ATOM,1764.0,H,ILE,108.0,38.797,3.553,4.426,0.31,0.2245,0.0
ATOM,1765.0,HA,ILE,108.0,40.088,1.489,2.816,0.09,1.32,0.13
ATOM,1766.0,HB,ILE,108.0,40.786,3.165,1.121,0.09,1.32,0.0
ATOM,1767.0,HG12,ILE,108.0,38.692,4.85,2.115,0.09,1.32,0.0
ATOM,1768.0,HG13,ILE,108.0,40.211,5.007,2.665,0.09,1.32,0.0
ATOM,1769.0,HG21,ILE,108.0,38.723,3.183,-0.13,0.09,1.32,0.0
ATOM,1770.0,HG22,ILE,108.0,38.927,1.72,0.561,0.09,1.32,0.0
ATOM,1771.0,HG23,ILE,108.0,37.903,2.8,1.227,0.09,1.32,0.0
ATOM,1772.0,HD11,ILE,108.0,39.421,5.454,-0.069,0.09,1.32,0.43
ATOM,1773.0,HD12,ILE,108.0,39.776,6.624,1.012,0.09,1.32,0.0
ATOM,1774.0,HD13,ILE,108.0,40.947,5.613,0.49,0.09,1.32,0.0
ATOM,1775.0,N,PRO,109.0,42.425,2.286,3.447,-0.29,1.85,0.6
ATOM,1776.0,CA,PRO,109.0,43.645,2.67,4.129,0.02,2.275,0.54
ATOM,1777.0,C,PRO,109.0,43.997,4.069,3.657,0.51,2.0,0.0
ATOM,1778.0,O,PRO,109.0,43.485,4.486,2.613,-0.51,1.7,0.0
ATOM,1779.0,CB,PRO,109.0,44.677,1.633,3.663,-0.18,2.175,13.54
ATOM,1780.0,CG,PRO,109.0,44.121,1.004,2.421,-0.18,2.175,4.59
ATOM,1781.0,CD,PRO,109.0,42.647,1.231,2.434,0.0,2.175,0.78
ATOM,1782.0,HA,PRO,109.0,43.536,2.643,5.115,0.09,1.32,0.0
ATOM,1783.0,HB2,PRO,109.0,45.564,2.078,3.472,0.09,1.32,1.96
ATOM,1784.0,HB3,PRO,109.0,44.828,0.938,4.38,0.09,1.32,8.15
ATOM,1785.0,HG2,PRO,109.0,44.547,1.419,1.601,0.09,1.32,0.0
ATOM,1786.0,HG3,PRO,109.0,44.338,0.014,2.406,0.09,1.32,0.1
ATOM,1787.0,HD2,PRO,109.0,42.308,1.539,1.536,0.09,1.32,0.0
ATOM,1788.0,HD3,PRO,109.0,42.141,0.395,2.689,0.09,1.32,0.38
ATOM,1789.0,N,LYS,110.0,44.825,4.8,4.403,-0.47,1.85,0.0
ATOM,1790.0,CA,LYS,110.0,45.062,6.21,4.061,0.07,2.275,0.0
ATOM,1791.0,C,LYS,110.0,45.761,6.383,2.702,0.51,2.0,0.0
ATOM,1792.0,O,LYS,110.0,45.573,7.418,2.04,-0.51,1.7,7.15
ATOM,1793.0,CB,LYS,110.0,45.848,6.977,5.152,-0.18,2.175,0.35
ATOM,1794.0,CG,LYS,110.0,47.203,6.419,5.481,-0.18,2.175,3.03
ATOM,1795.0,CD,LYS,110.0,48.318,7.479,5.415,-0.18,2.175,12.33
ATOM,1796.0,CE,LYS,110.0,49.515,7.093,6.271,0.21,2.175,22.58
ATOM,1797.0,NZ,LYS,110.0,49.124,6.733,7.662,-0.3,1.85,3.72
ATOM,1798.0,H,LYS,110.0,45.259,4.32,5.194,0.31,0.2245,0.31
ATOM,1799.0,HA,LYS,110.0,44.171,6.689,4.025,0.09,1.32,0.0
ATOM,1800.0,HB2,LYS,110.0,45.953,7.924,4.834,0.09,1.32,0.0
ATOM,1801.0,HB3,LYS,110.0,45.283,6.976,5.983,0.09,1.32,0.19
ATOM,1802.0,HG2,LYS,110.0,47.195,6.035,6.411,0.09,1.32,0.0
ATOM,1803.0,HG3,LYS,110.0,47.435,5.684,4.834,0.09,1.32,2.12
ATOM,1804.0,HD2,LYS,110.0,48.613,7.565,4.47,0.09,1.32,6.91
ATOM,1805.0,HD3,LYS,110.0,47.952,8.342,5.745,0.09,1.32,7.72
ATOM,1806.0,HE2,LYS,110.0,49.979,6.308,5.846,0.05,1.32,11.31
ATOM,1807.0,HE3,LYS,110.0,50.157,7.867,6.3,0.05,1.32,11.9
ATOM,1808.0,HZ1,LYS,110.0,49.252,5.751,7.798,0.33,0.2245,9.6
ATOM,1809.0,HZ2,LYS,110.0,49.695,7.238,8.308,0.33,0.2245,15.78
ATOM,1810.0,HZ3,LYS,110.0,48.164,6.969,7.808,0.33,0.2245,0.38
ATOM,1811.0,N,GLU,111.0,46.553,5.382,2.298,-0.47,1.85,0.01
ATOM,1812.0,CA,GLU,111.0,47.149,5.35,0.957,0.07,2.275,1.75
ATOM,1813.0,C,GLU,111.0,46.102,5.613,-0.108,0.51,2.0,0.0
ATOM,1814.0,O,GLU,111.0,46.385,6.268,-1.122,-0.51,1.7,19.93
ATOM,1815.0,CB,GLU,111.0,47.869,4.013,0.672,-0.18,2.175,12.0
ATOM,1816.0,CG,GLU,111.0,47.591,3.406,-0.713,-0.28,2.175,1.46
ATOM,1817.0,CD,GLU,111.0,48.848,3.112,-1.503,0.62,2.0,1.91
ATOM,1818.0,OE1,GLU,111.0,49.706,2.379,-0.972,-0.76,1.7,39.83
ATOM,1819.0,OE2,GLU,111.0,48.978,3.597,-2.657,-0.76,1.7,31.23
ATOM,1820.0,H,GLU,111.0,46.707,4.639,3.008,0.31,0.2245,1.23
ATOM,1821.0,HA,GLU,111.0,47.876,6.045,0.899,0.09,1.32,10.55
ATOM,1822.0,HB2,GLU,111.0,48.838,4.179,0.731,0.09,1.32,7.55
ATOM,1823.0,HB3,GLU,111.0,47.565,3.362,1.345,0.09,1.32,1.83
ATOM,1824.0,HG2,GLU,111.0,47.112,2.557,-0.578,0.09,1.32,1.23
ATOM,1825.0,HG3,GLU,111.0,47.057,4.055,-1.225,0.09,1.32,0.0
ATOM,1826.0,N,GLY,112.0,44.889,5.119,0.134,-0.47,1.85,0.0
ATOM,1827.0,CA,GLY,112.0,43.828,5.204,-0.846,-0.02,2.175,0.0
ATOM,1828.0,C,GLY,112.0,43.298,6.594,-1.107,0.51,2.0,0.13
ATOM,1829.0,O,GLY,112.0,42.728,6.839,-2.161,-0.51,1.7,12.55
ATOM,1830.0,H,GLY,112.0,44.78,4.678,1.069,0.31,0.2245,0.0
ATOM,1831.0,HA2,GLY,112.0,44.158,4.8,-1.733,0.09,1.32,0.0
ATOM,1832.0,HA3,GLY,112.0,43.05,4.6,-0.551,0.09,1.32,0.0
ATOM,1833.0,N,GLY,113.0,43.465,7.488,-0.141,-0.47,1.85,0.0
ATOM,1834.0,CA,GLY,113.0,42.913,8.838,-0.221,-0.02,2.175,14.55
ATOM,1835.0,C,GLY,113.0,41.82,9.033,0.81,0.51,2.0,0.0
ATOM,1836.0,O,GLY,113.0,41.974,8.663,1.969,-0.51,1.7,0.0
ATOM,1837.0,H,GLY,113.0,44.02,7.148,0.675,0.31,0.2245,0.0
ATOM,1838.0,HA2,GLY,113.0,43.648,9.508,-0.064,0.09,1.32,5.79
ATOM,1839.0,HA3,GLY,113.0,42.538,8.99,-1.143,0.09,1.32,4.42
ATOM,1840.0,N,GLU,114.0,40.695,9.583,0.382,-0.47,1.85,1.1
ATOM,1841.0,CA,GLU,114.0,39.654,9.99,1.308,0.07,2.275,0.0
ATOM,1842.0,C,GLU,114.0,38.322,10.222,0.601,0.34,2.0,0.16
ATOM,1843.0,O,GLU,114.0,37.247,9.966,1.14,-0.67,1.7,0.0
ATOM,1844.0,CB,GLU,114.0,40.111,11.283,1.957,-0.18,2.175,2.06
ATOM,1845.0,CG,GLU,114.0,39.297,11.726,3.146,-0.28,2.175,0.22
ATOM,1846.0,CD,GLU,114.0,39.816,13.034,3.678,0.62,2.0,0.23
ATOM,1847.0,OE1,GLU,114.0,39.505,14.092,3.094,-0.76,1.7,35.57
ATOM,1848.0,OE2,GLU,114.0,40.559,12.991,4.652,-0.76,1.7,3.32
ATOM,1849.0,OXT,GLU,114.0,38.309,10.715,-0.532,-0.67,1.7,16.53
ATOM,1850.0,H,GLU,114.0,40.625,9.695,-0.648,0.31,0.2245,8.08
ATOM,1851.0,HA,GLU,114.0,39.533,9.281,2.02,0.09,1.32,0.0
ATOM,1852.0,HB2,GLU,114.0,41.045,11.153,2.263,0.09,1.32,0.0
ATOM,1853.0,HB3,GLU,114.0,40.06,11.999,1.274,0.09,1.32,6.44
ATOM,1854.0,HG2,GLU,114.0,38.375,11.865,2.857,0.09,1.32,0.0
ATOM,1855.0,HG3,GLU,114.0,39.388,11.059,3.852,0.09,1.32,0.0
