atom,serial,name,resname,resid,x,y,z,charges,radius,sasa
ATOM,1.0,N,MET,1.0,37.332,23.562,35.382,-0.3,1.85,5.88
ATOM,2.0,CA,MET,1.0,36.474,24.494,34.587,0.21,2.275,2.67
ATOM,3.0,C,MET,1.0,36.092,23.757,33.301,0.51,2.0,0.51
ATOM,4.0,O,MET,1.0,36.643,22.667,33.01,-0.51,1.7,22.04
ATOM,5.0,CB,MET,1.0,37.195,25.821,34.33,-0.18,2.175,0.12
ATOM,6.0,CG,MET,1.0,37.643,26.531,35.639,-0.14,2.175,16.43
ATOM,7.0,SD,MET,1.0,36.211,27.229,36.542,-0.09,2.0,37.46
ATOM,8.0,CE,MET,1.0,35.665,28.388,35.261,-0.22,2.06,28.22
ATOM,9.0,H,MET,1.0,38.289,23.773,35.206,0.33,0.2245,2.33
ATOM,10.0,HA,MET,1.0,35.654,24.662,35.108,0.1,1.32,5.07
ATOM,11.0,HB2,MET,1.0,38.013,25.656,33.779,0.09,1.32,4.28
ATOM,12.0,HB3,MET,1.0,36.584,26.444,33.84,0.09,1.32,0.0
ATOM,13.0,HG2,MET,1.0,38.134,25.857,36.213,0.09,1.32,5.94
ATOM,14.0,HG3,MET,1.0,38.302,27.26,35.395,0.09,1.32,0.57
ATOM,15.0,HE1,MET,1.0,34.877,28.899,35.599,0.09,1.32,11.63
ATOM,16.0,HE2,MET,1.0,36.412,29.015,35.05,0.09,1.32,0.0
ATOM,17.0,HE3,MET,1.0,35.412,27.875,34.444,0.09,1.32,0.46
ATOM,18.0,H2,MET,1.0,37.13,23.681,36.35,0.33,0.2245,14.92
ATOM,19.0,H3,MET,1.0,37.135,22.625,35.107,0.33,0.2245,9.22
ATOM,20.0,N,GLU,2.0,35.14,24.31,32.554,-0.47,1.85,0.0
ATOM,21.0,CA,GLU,2.0,34.665,23.645,31.337,0.07,2.275,0.06
ATOM,22.0,C,GLU,2.0,34.336,24.713,30.332,0.51,2.0,0.0
ATOM,23.0,O,GLU,2.0,33.236,24.827,29.778,-0.51,1.7,0.0
ATOM,24.0,CB,GLU,2.0,33.461,22.75,31.595,-0.18,2.175,1.68
ATOM,25.0,CG,GLU,2.0,32.401,23.269,32.541,-0.28,2.175,12.33
ATOM,26.0,CD,GLU,2.0,31.142,22.409,32.488,0.62,2.0,2.84
ATOM,27.0,OE1,GLU,2.0,30.058,23.026,32.361,-0.76,1.7,26.58
ATOM,28.0,OE2,GLU,2.0,31.231,21.129,32.564,-0.76,1.7,39.66
ATOM,29.0,H,GLU,2.0,34.779,25.213,32.892,0.31,0.2245,1.93
ATOM,30.0,HA,GLU,2.0,35.379,23.047,30.986,0.09,1.32,1.98
ATOM,31.0,HB2,GLU,2.0,33.019,22.58,30.715,0.09,1.32,0.0
ATOM,32.0,HB3,GLU,2.0,33.801,21.889,31.97,0.09,1.32,7.05
ATOM,33.0,HG2,GLU,2.0,32.746,23.224,33.454,0.09,1.32,6.45
ATOM,34.0,HG3,GLU,2.0,32.148,24.172,32.266,0.09,1.32,0.0
ATOM,35.0,N,ARG,3.0,35.348,25.547,30.104,-0.47,1.85,0.0
ATOM,36.0,CA,ARG,3.0,35.083,26.644,29.21,0.07,2.275,0.17
ATOM,37.0,C,ARG,3.0,34.835,26.259,27.768,0.51,2.0,0.0
ATOM,38.0,O,ARG,3.0,34.031,26.901,27.113,-0.51,1.7,0.76
ATOM,39.0,CB,ARG,3.0,36.223,27.665,29.281,-0.18,2.175,0.0
ATOM,40.0,CG,ARG,3.0,36.51,28.311,30.652,-0.18,2.175,0.12
ATOM,41.0,CD,ARG,3.0,37.389,29.527,30.652,0.2,2.175,0.0
ATOM,42.0,NE,ARG,3.0,37.621,30.09,31.985,-0.7,1.85,0.0
ATOM,43.0,CZ,ARG,3.0,38.538,29.675,32.855,0.64,2.0,0.0
ATOM,44.0,NH1,ARG,3.0,39.335,28.658,32.556,-0.8,1.85,0.06
ATOM,45.0,NH2,ARG,3.0,38.658,30.302,34.051,-0.8,1.85,3.8
ATOM,46.0,H,ARG,3.0,36.217,25.351,30.57,0.31,0.2245,2.13
ATOM,47.0,HA,ARG,3.0,34.259,27.155,29.552,0.09,1.32,1.45
ATOM,48.0,HB2,ARG,3.0,37.071,27.212,28.981,0.09,1.32,0.0
ATOM,49.0,HB3,ARG,3.0,36.019,28.411,28.636,0.09,1.32,0.0
ATOM,50.0,HG2,ARG,3.0,35.619,28.556,31.08,0.09,1.32,4.65
ATOM,51.0,HG3,ARG,3.0,36.935,27.606,31.251,0.09,1.32,0.0
ATOM,52.0,HD2,ARG,3.0,38.276,29.28,30.248,0.09,1.32,0.0
ATOM,53.0,HD3,ARG,3.0,36.959,30.231,30.076,0.09,1.32,0.0
ATOM,54.0,HE,ARG,3.0,37.029,30.866,32.269,0.44,0.2245,0.03
ATOM,55.0,HH11,ARG,3.0,39.276,28.202,31.672,0.46,0.2245,0.0
ATOM,56.0,HH12,ARG,3.0,40.012,28.341,33.231,0.46,0.2245,3.87
ATOM,57.0,HH21,ARG,3.0,38.065,31.079,34.246,0.46,0.2245,5.99
ATOM,58.0,HH22,ARG,3.0,39.327,29.983,34.706,0.46,0.2245,8.95
ATOM,59.0,N,TYR,4.0,35.562,25.265,27.226,-0.47,1.85,0.0
ATOM,60.0,CA,TYR,4.0,35.267,24.905,25.831,0.07,2.275,0.0
ATOM,61.0,C,TYR,4.0,33.835,24.311,25.691,0.51,2.0,0.0
ATOM,62.0,O,TYR,4.0,33.093,24.6,24.77,-0.51,1.7,0.0
ATOM,63.0,CB,TYR,4.0,36.26,23.893,25.234,-0.18,2.175,0.0
ATOM,64.0,CG,TYR,4.0,37.569,24.527,24.87,0.0,1.9924,0.0
ATOM,65.0,CD1,TYR,4.0,37.748,25.248,23.67,-0.115,1.9924,0.03
ATOM,66.0,CD2,TYR,4.0,38.653,24.37,25.699,-0.115,1.9924,0.0
ATOM,67.0,CE1,TYR,4.0,38.985,25.831,23.341,-0.115,1.9924,0.13
ATOM,68.0,CE2,TYR,4.0,39.905,24.943,25.429,-0.115,1.9924,0.0
ATOM,69.0,CZ,TYR,4.0,40.092,25.65,24.241,0.11,1.9924,0.0
ATOM,70.0,OH,TYR,4.0,41.305,26.229,23.943,-0.54,1.77,0.67
ATOM,71.0,H,TYR,4.0,36.255,24.837,27.808,0.31,0.2245,0.75
ATOM,72.0,HA,TYR,4.0,35.304,25.738,25.272,0.09,1.32,0.0
ATOM,73.0,HB2,TYR,4.0,36.422,23.188,25.911,0.09,1.32,0.0
ATOM,74.0,HB3,TYR,4.0,35.852,23.511,24.416,0.09,1.32,0.0
ATOM,75.0,HD1,TYR,4.0,36.981,25.347,23.039,0.115,1.3582,0.03
ATOM,76.0,HD2,TYR,4.0,38.558,23.822,26.543,0.115,1.3582,2.73
ATOM,77.0,HE1,TYR,4.0,39.106,26.354,22.519,0.115,1.3582,1.27
ATOM,78.0,HE2,TYR,4.0,40.65,24.845,26.079,0.115,1.3582,0.0
ATOM,79.0,HH,TYR,4.0,41.704,26.602,24.779,0.43,0.2245,0.0
ATOM,80.0,N,GLU,5.0,33.508,23.476,26.674,-0.47,1.85,0.0
ATOM,81.0,CA,GLU,5.0,32.181,22.816,26.61,0.07,2.275,2.0
ATOM,82.0,C,GLU,5.0,31.075,23.904,26.658,0.51,2.0,0.0
ATOM,83.0,O,GLU,5.0,30.09,23.838,25.951,-0.51,1.7,4.98
ATOM,84.0,CB,GLU,5.0,32.074,21.912,27.836,-0.18,2.175,4.61
ATOM,85.0,CG,GLU,5.0,33.075,20.742,27.815,-0.28,2.175,19.53
ATOM,86.0,CD,GLU,5.0,34.58,21.188,27.772,0.62,2.0,3.18
ATOM,87.0,OE1,GLU,5.0,35.009,22.128,28.527,-0.76,1.7,6.02
ATOM,88.0,OE2,GLU,5.0,35.379,20.596,26.963,-0.76,1.7,12.99
ATOM,89.0,H,GLU,5.0,34.182,23.338,27.409,0.31,0.2245,0.0
ATOM,90.0,HA,GLU,5.0,32.102,22.305,25.762,0.09,1.32,4.2
ATOM,91.0,HB2,GLU,5.0,32.274,22.449,28.63,0.09,1.32,0.0
ATOM,92.0,HB3,GLU,5.0,31.176,21.524,27.853,0.09,1.32,10.01
ATOM,93.0,HG2,GLU,5.0,32.963,20.22,28.637,0.09,1.32,7.08
ATOM,94.0,HG3,GLU,5.0,32.92,20.21,27.006,0.09,1.32,9.2
ATOM,95.0,N,ASN,6.0,31.281,24.92,27.507,-0.47,1.85,0.0
ATOM,96.0,CA,ASN,6.0,30.258,26.0,27.649,0.07,2.275,0.92
ATOM,97.0,C,ASN,6.0,30.227,26.791,26.373,0.51,2.0,0.0
ATOM,98.0,O,ASN,6.0,29.179,27.141,25.874,-0.51,1.7,0.02
ATOM,99.0,CB,ASN,6.0,30.582,26.949,28.821,-0.18,2.175,7.44
ATOM,100.0,CG,ASN,6.0,30.416,26.271,30.176,0.55,2.0,2.45
ATOM,101.0,OD1,ASN,6.0,30.856,26.815,31.184,-0.55,1.7,29.12
ATOM,102.0,ND2,ASN,6.0,29.821,25.057,30.2,-0.62,1.85,14.39
ATOM,103.0,H,ASN,6.0,32.157,24.9,28.029,0.31,0.2245,0.0
ATOM,104.0,HA,ASN,6.0,29.382,25.538,27.75,0.09,1.32,0.86
ATOM,105.0,HB2,ASN,6.0,31.524,27.247,28.728,0.09,1.32,0.5
ATOM,106.0,HB3,ASN,6.0,29.962,27.723,28.774,0.09,1.32,0.0
ATOM,107.0,HD22,ASN,6.0,29.525,24.664,29.326,0.3,0.2245,4.4
ATOM,108.0,HD21,ASN,6.0,29.688,24.585,31.052,0.32,0.2245,2.23
ATOM,109.0,N,LEU,7.0,31.396,27.137,25.834,-0.47,1.85,0.73
ATOM,110.0,CA,LEU,7.0,31.372,27.805,24.562,0.07,2.275,0.89
ATOM,111.0,C,LEU,7.0,30.686,27.05,23.474,0.51,2.0,0.0
ATOM,112.0,O,LEU,7.0,29.872,27.614,22.786,-0.51,1.7,0.0
ATOM,113.0,CB,LEU,7.0,32.848,28.082,24.108,-0.18,2.175,0.33
ATOM,114.0,CG,LEU,7.0,32.969,28.762,22.724,-0.09,2.275,0.0
ATOM,115.0,CD1,LEU,7.0,32.388,30.22,22.659,-0.27,2.06,8.49
ATOM,116.0,CD2,LEU,7.0,34.474,28.792,22.2,-0.27,2.06,0.91
ATOM,117.0,H,LEU,7.0,32.225,26.9,26.368,0.31,0.2245,0.0
ATOM,118.0,HA,LEU,7.0,30.897,28.708,24.682,0.09,1.32,0.0
ATOM,119.0,HB2,LEU,7.0,33.251,28.683,24.773,0.09,1.32,1.55
ATOM,120.0,HB3,LEU,7.0,33.306,27.216,24.058,0.09,1.32,0.0
ATOM,121.0,HG,LEU,7.0,32.485,28.2,22.038,0.09,1.32,0.0
ATOM,122.0,HD11,LEU,7.0,32.882,30.78,23.312,0.09,1.32,3.89
ATOM,123.0,HD12,LEU,7.0,32.514,30.563,21.736,0.09,1.32,0.0
ATOM,124.0,HD13,LEU,7.0,31.424,30.18,22.89,0.09,1.32,0.0
ATOM,125.0,HD21,LEU,7.0,34.784,27.855,22.13,0.09,1.32,0.0
ATOM,126.0,HD22,LEU,7.0,34.474,29.238,21.317,0.09,1.32,0.0
ATOM,127.0,HD23,LEU,7.0,35.01,29.3,22.859,0.09,1.32,0.0
ATOM,128.0,N,PHE,8.0,31.054,25.802,23.248,-0.47,1.85,0.0
ATOM,129.0,CA,PHE,8.0,30.462,25.119,22.096,0.07,2.275,0.0
ATOM,130.0,C,PHE,8.0,28.951,24.94,22.28,0.51,2.0,0.45
ATOM,131.0,O,PHE,8.0,28.219,24.983,21.268,-0.51,1.7,2.92
ATOM,132.0,CB,PHE,8.0,31.192,23.807,21.867,-0.18,2.175,6.62
ATOM,133.0,CG,PHE,8.0,32.543,23.959,21.267,0.0,1.9924,0.0
ATOM,134.0,CD1,PHE,8.0,32.788,24.708,20.097,-0.115,1.9924,0.46
ATOM,135.0,CD2,PHE,8.0,33.608,23.375,21.886,-0.115,1.9924,0.0
ATOM,136.0,CE1,PHE,8.0,34.123,24.845,19.598,-0.115,1.9924,0.0
ATOM,137.0,CE2,PHE,8.0,34.924,23.472,21.368,-0.115,1.9924,0.0
ATOM,138.0,CZ,PHE,8.0,35.15,24.231,20.219,-0.115,1.9924,0.25
ATOM,139.0,H,PHE,8.0,31.723,25.393,23.884,0.31,0.2245,0.0
ATOM,140.0,HA,PHE,8.0,30.586,25.722,21.302,0.09,1.32,0.0
ATOM,141.0,HB2,PHE,8.0,31.291,23.358,22.747,0.09,1.32,0.59
ATOM,142.0,HB3,PHE,8.0,30.639,23.256,21.253,0.09,1.32,7.76
ATOM,143.0,HD1,PHE,8.0,32.052,25.142,19.615,0.115,1.3582,1.92
ATOM,144.0,HD2,PHE,8.0,33.48,22.854,22.74,0.115,1.3582,1.35
ATOM,145.0,HE1,PHE,8.0,34.251,25.413,18.772,0.115,1.3582,0.0
ATOM,146.0,HE2,PHE,8.0,35.672,22.994,21.832,0.115,1.3582,0.0
ATOM,147.0,HZ,PHE,8.0,36.09,24.31,19.866,0.115,1.3582,0.0
ATOM,148.0,N,ALA,9.0,28.512,24.748,23.523,-0.47,1.85,1.46
ATOM,149.0,CA,ALA,9.0,27.047,24.697,23.78,0.07,2.275,2.9
ATOM,150.0,C,ALA,9.0,26.387,25.998,23.366,0.51,2.0,0.0
ATOM,151.0,O,ALA,9.0,25.354,25.964,22.655,-0.51,1.7,0.27
ATOM,152.0,CB,ALA,9.0,26.725,24.381,25.208,-0.27,2.06,27.98
ATOM,153.0,H,ALA,9.0,29.219,24.644,24.246,0.31,0.2245,0.0
ATOM,154.0,HA,ALA,9.0,26.664,23.944,23.238,0.09,1.32,4.87
ATOM,155.0,HB1,ALA,9.0,25.837,24.776,25.458,0.09,1.32,5.97
ATOM,156.0,HB2,ALA,9.0,26.685,23.387,25.342,0.09,1.32,11.9
ATOM,157.0,HB3,ALA,9.0,27.429,24.761,25.814,0.09,1.32,0.0
ATOM,158.0,N,GLN,10.0,26.955,27.146,23.766,-0.47,1.85,0.01
ATOM,159.0,CA,GLN,10.0,26.388,28.457,23.448,0.07,2.275,0.94
ATOM,160.0,C,GLN,10.0,26.347,28.664,21.946,0.51,2.0,0.0
ATOM,161.0,O,GLN,10.0,25.378,29.157,21.388,-0.51,1.7,0.1
ATOM,162.0,CB,GLN,10.0,27.16,29.616,24.109,-0.18,2.175,0.4
ATOM,163.0,CG,GLN,10.0,27.144,29.5,25.623,-0.18,2.175,8.83
ATOM,164.0,CD,GLN,10.0,28.344,30.14,26.298,0.55,2.0,2.33
ATOM,165.0,H,GLN,10.0,27.829,27.02,24.319,0.31,0.2245,0.0
ATOM,166.0,HA,GLN,10.0,25.444,28.475,23.791,0.09,1.32,2.93
ATOM,167.0,HB2,GLN,10.0,28.1,29.586,23.8,0.09,1.32,0.0
ATOM,168.0,HB3,GLN,10.0,26.727,30.47,23.853,0.09,1.32,0.0
ATOM,169.0,HG2,GLN,10.0,26.312,29.942,25.971,0.09,1.32,11.58
ATOM,170.0,HG3,GLN,10.0,27.121,28.527,25.871,0.09,1.32,0.91
ATOM,171.0,OE1,GLN,10.0,29.157,30.827,25.661,-0.55,1.7,17.42
ATOM,172.0,NE2,GLN,10.0,28.463,29.911,27.599,-0.62,1.85,13.74
ATOM,173.0,HE21,GLN,10.0,29.252,30.295,28.124,0.32,0.2245,11.15
ATOM,174.0,HE22,GLN,10.0,27.76,29.349,28.07,0.3,0.2245,13.65
ATOM,175.0,N,LEU,11.0,27.463,28.315,21.28,-0.47,1.85,0.0
ATOM,176.0,CA,LEU,11.0,27.503,28.548,19.9,0.07,2.275,0.0
ATOM,177.0,C,LEU,11.0,26.485,27.687,19.156,0.51,2.0,0.0
ATOM,178.0,O,LEU,11.0,25.873,28.134,18.164,-0.51,1.7,0.0
ATOM,179.0,CB,LEU,11.0,28.962,28.212,19.368,-0.18,2.175,2.12
ATOM,180.0,CG,LEU,11.0,29.999,29.267,19.793,-0.09,2.275,0.0
ATOM,181.0,CD1,LEU,11.0,31.417,28.769,19.337,-0.27,2.06,0.02
ATOM,182.0,CD2,LEU,11.0,29.771,30.608,19.123,-0.27,2.06,0.0
ATOM,183.0,H,LEU,11.0,28.197,27.902,21.858,0.31,0.2245,0.0
ATOM,184.0,HA,LEU,11.0,27.279,29.519,19.704,0.09,1.32,0.0
ATOM,185.0,HB2,LEU,11.0,29.214,27.357,19.761,0.09,1.32,0.0
ATOM,186.0,HB3,LEU,11.0,28.912,28.203,18.397,0.09,1.32,0.0
ATOM,187.0,HG,LEU,11.0,30.0,29.355,20.772,0.09,1.32,0.0
ATOM,188.0,HD11,LEU,11.0,31.406,28.664,18.35,0.09,1.32,0.0
ATOM,189.0,HD12,LEU,11.0,32.087,29.448,19.61,0.09,1.32,0.0
ATOM,190.0,HD13,LEU,11.0,31.598,27.9,19.78,0.09,1.32,0.0
ATOM,191.0,HD21,LEU,11.0,28.863,30.956,19.365,0.09,1.32,0.0
ATOM,192.0,HD22,LEU,11.0,30.467,31.26,19.429,0.09,1.32,0.0
ATOM,193.0,HD23,LEU,11.0,29.831,30.503,18.129,0.09,1.32,0.0
ATOM,194.0,N,ASN,12.0,26.347,26.442,19.601,-0.47,1.85,0.33
ATOM,195.0,CA,ASN,12.0,25.385,25.516,18.977,0.07,2.275,2.19
ATOM,196.0,C,ASN,12.0,23.994,26.118,19.115,0.51,2.0,0.0
ATOM,197.0,O,ASN,12.0,23.193,26.069,18.163,-0.51,1.7,6.15
ATOM,198.0,CB,ASN,12.0,25.458,24.144,19.639,-0.18,2.175,6.28
ATOM,199.0,CG,ASN,12.0,24.61,23.08,18.909,0.55,2.0,2.22
ATOM,200.0,H,ASN,12.0,26.95,26.184,20.396,0.31,0.2245,0.0
ATOM,201.0,HA,ASN,12.0,25.6,25.485,18.007,0.09,1.32,3.03
ATOM,202.0,HB2,ASN,12.0,26.403,23.834,19.637,0.09,1.32,5.3
ATOM,203.0,HB3,ASN,12.0,25.119,24.217,20.572,0.09,1.32,0.0
ATOM,204.0,OD1,ASN,12.0,24.738,22.892,17.681,-0.55,1.7,35.68
ATOM,205.0,ND2,ASN,12.0,23.765,22.374,19.67,-0.62,1.85,23.59
ATOM,206.0,HD22,ASN,12.0,23.713,22.562,20.651,0.3,0.2245,10.51
ATOM,207.0,HD21,ASN,12.0,23.195,21.669,19.259,0.32,0.2245,21.5
ATOM,208.0,N,ASP,13.0,23.707,26.72,20.266,-0.47,1.85,0.0
ATOM,209.0,CA,ASP,13.0,22.384,27.379,20.414,0.07,2.275,0.42
ATOM,210.0,C,ASP,13.0,22.135,28.523,19.462,0.51,2.0,0.0
ATOM,211.0,O,ASP,13.0,20.958,28.866,19.164,-0.51,1.7,26.78
ATOM,212.0,CB,ASP,13.0,22.106,27.664,21.89,-0.28,2.175,14.64
ATOM,213.0,CG,ASP,13.0,21.999,26.384,22.683,0.62,2.0,3.17
ATOM,214.0,OD1,ASP,13.0,21.518,25.38,22.105,-0.76,1.7,26.15
ATOM,215.0,OD2,ASP,13.0,22.382,26.251,23.862,-0.76,1.7,31.15
ATOM,216.0,H,ASP,13.0,24.416,26.696,20.988,0.31,0.2245,0.0
ATOM,217.0,HA,ASP,13.0,21.687,26.659,20.221,0.09,1.32,4.84
ATOM,218.0,HB2,ASP,13.0,22.856,28.201,22.244,0.09,1.32,0.69
ATOM,219.0,HB3,ASP,13.0,21.251,28.154,21.951,0.09,1.32,8.59
ATOM,220.0,N,ARG,14.0,23.185,29.128,18.942,-0.47,1.85,0.0
ATOM,221.0,CA,ARG,14.0,23.019,30.171,17.968,0.07,2.275,2.19
ATOM,222.0,C,ARG,14.0,23.345,29.705,16.542,0.51,2.0,0.24
ATOM,223.0,O,ARG,14.0,23.444,30.527,15.656,-0.51,1.7,14.61
ATOM,224.0,CB,ARG,14.0,23.882,31.352,18.359,-0.18,2.175,1.64
ATOM,225.0,CG,ARG,14.0,23.685,31.741,19.821,-0.18,2.175,3.68
ATOM,226.0,CD,ARG,14.0,24.169,33.122,20.121,0.2,2.175,18.99
ATOM,227.0,NE,ARG,14.0,25.607,33.145,20.287,-0.7,1.85,4.19
ATOM,228.0,CZ,ARG,14.0,26.204,33.05,21.465,0.64,2.0,1.81
ATOM,229.0,NH1,ARG,14.0,25.469,32.927,22.575,-0.8,1.85,16.18
ATOM,230.0,NH2,ARG,14.0,27.531,33.084,21.536,-0.8,1.85,14.48
ATOM,231.0,H,ARG,14.0,24.103,28.794,19.288,0.31,0.2245,0.0
ATOM,232.0,HA,ARG,14.0,22.056,30.492,17.978,0.09,1.32,6.46
ATOM,233.0,HB2,ARG,14.0,24.831,31.109,18.235,0.09,1.32,0.0
ATOM,234.0,HB3,ARG,14.0,23.632,32.129,17.803,0.09,1.32,4.75
ATOM,235.0,HG2,ARG,14.0,22.707,31.685,20.042,0.09,1.32,7.05
ATOM,236.0,HG3,ARG,14.0,24.186,31.09,20.399,0.09,1.32,0.0
ATOM,237.0,HD2,ARG,14.0,23.916,33.72,19.365,0.09,1.32,6.79
ATOM,238.0,HD3,ARG,14.0,23.735,33.435,20.963,0.09,1.32,5.37
ATOM,239.0,HE,ARG,14.0,26.182,33.238,19.47,0.44,0.2245,0.29
ATOM,240.0,HH11,ARG,14.0,24.478,32.885,22.532,0.46,0.2245,9.61
ATOM,241.0,HH12,ARG,14.0,25.932,32.875,23.467,0.46,0.2245,9.59
ATOM,242.0,HH21,ARG,14.0,28.072,33.161,20.697,0.46,0.2245,2.98
ATOM,243.0,HH22,ARG,14.0,27.987,33.031,22.422,0.46,0.2245,8.84
ATOM,244.0,N,ARG,15.0,23.5,28.408,16.352,-0.47,1.85,0.0
ATOM,245.0,CA,ARG,15.0,23.922,27.815,15.058,0.07,2.275,3.46
ATOM,246.0,C,ARG,15.0,25.1,28.609,14.538,0.51,2.0,2.01
ATOM,247.0,O,ARG,15.0,25.087,29.098,13.427,-0.51,1.7,8.37
ATOM,248.0,CB,ARG,15.0,22.776,27.826,14.018,-0.18,2.175,7.44
ATOM,249.0,CG,ARG,15.0,21.55,27.016,14.462,-0.18,2.175,9.35
ATOM,250.0,CD,ARG,15.0,20.195,27.559,13.783,0.2,2.175,11.37
ATOM,251.0,NE,ARG,15.0,19.264,26.452,13.48,-0.7,1.85,8.91
ATOM,252.0,CZ,ARG,15.0,18.006,26.552,12.997,0.64,2.0,4.66
ATOM,253.0,NH1,ARG,15.0,17.433,27.748,12.728,-0.8,1.85,28.46
ATOM,254.0,NH2,ARG,15.0,17.315,25.423,12.78,-0.8,1.85,29.59
ATOM,255.0,H,ARG,15.0,23.301,27.814,17.192,0.31,0.2245,0.0
ATOM,256.0,HA,ARG,15.0,24.202,26.875,15.223,0.09,1.32,4.81
ATOM,257.0,HB2,ARG,15.0,22.492,28.763,13.883,0.09,1.32,3.35
ATOM,258.0,HB3,ARG,15.0,23.118,27.43,13.18,0.09,1.32,9.42
ATOM,259.0,HG2,ARG,15.0,21.637,26.072,14.183,0.09,1.32,7.98
ATOM,260.0,HG3,ARG,15.0,21.417,27.094,15.438,0.09,1.32,1.29
ATOM,261.0,HD2,ARG,15.0,19.792,28.178,14.433,0.09,1.32,8.6
ATOM,262.0,HD3,ARG,15.0,20.469,28.014,12.955,0.09,1.32,7.59
ATOM,263.0,HE,ARG,15.0,19.606,25.505,13.654,0.44,0.2245,10.29
ATOM,264.0,HH11,ARG,15.0,17.971,28.575,12.876,0.46,0.2245,11.77
ATOM,265.0,HH12,ARG,15.0,16.505,27.785,12.393,0.46,0.2245,18.15
ATOM,266.0,HH21,ARG,15.0,17.735,24.538,12.955,0.46,0.2245,17.99
ATOM,267.0,HH22,ARG,15.0,16.376,25.478,12.441,0.46,0.2245,18.33
ATOM,268.0,N,GLU,16.0,26.158,28.749,15.378,-0.47,1.85,0.96
ATOM,269.0,CA,GLU,16.0,27.326,29.519,14.957,0.07,2.275,0.11
ATOM,270.0,C,GLU,16.0,28.56,28.641,15.083,0.51,2.0,1.17
ATOM,271.0,O,GLU,16.0,28.603,27.78,15.984,-0.51,1.7,9.95
ATOM,272.0,CB,GLU,16.0,27.66,30.699,15.869,-0.18,2.175,0.0
ATOM,273.0,CG,GLU,16.0,27.156,32.041,15.466,-0.28,2.175,0.18
ATOM,274.0,CD,GLU,16.0,27.276,33.01,16.64,0.62,2.0,0.0
ATOM,275.0,OE1,GLU,16.0,28.351,33.163,17.255,-0.76,1.7,1.79
ATOM,276.0,OE2,GLU,16.0,26.269,33.642,16.962,-0.76,1.7,10.11
ATOM,277.0,H,GLU,16.0,26.056,28.286,16.283,0.31,0.2245,0.0
ATOM,278.0,HA,GLU,16.0,27.214,29.81,14.009,0.09,1.32,0.0
ATOM,279.0,HB2,GLU,16.0,27.285,30.484,16.773,0.09,1.32,0.0
ATOM,280.0,HB3,GLU,16.0,28.658,30.747,15.931,0.09,1.32,0.0
ATOM,281.0,HG2,GLU,16.0,27.711,32.393,14.748,0.09,1.32,0.0
ATOM,282.0,HG3,GLU,16.0,26.211,31.98,15.243,0.09,1.32,0.93
ATOM,283.0,N,GLY,17.0,29.526,28.885,14.235,-0.47,1.85,0.0
ATOM,284.0,CA,GLY,17.0,30.857,28.276,14.421,-0.02,2.175,0.84
ATOM,285.0,C,GLY,17.0,31.719,29.213,15.284,0.51,2.0,0.0
ATOM,286.0,O,GLY,17.0,31.372,30.409,15.453,-0.51,1.7,0.0
ATOM,287.0,H,GLY,17.0,29.3,29.514,13.451,0.31,0.2245,0.0
ATOM,288.0,HA2,GLY,17.0,30.76,27.4,14.882,0.09,1.32,0.57
ATOM,289.0,HA3,GLY,17.0,31.292,28.151,13.535,0.09,1.32,0.0
ATOM,290.0,N,ALA,18.0,32.809,28.628,15.832,-0.47,1.85,0.0
ATOM,291.0,CA,ALA,18.0,33.76,29.43,16.605,0.07,2.275,0.0
ATOM,292.0,C,ALA,18.0,34.764,30.074,15.668,0.51,2.0,0.0
ATOM,293.0,O,ALA,18.0,35.222,29.437,14.695,-0.51,1.7,0.0
ATOM,294.0,CB,ALA,18.0,34.516,28.484,17.554,-0.27,2.06,0.0
ATOM,295.0,H,ALA,18.0,32.897,27.624,15.661,0.31,0.2245,0.0
ATOM,296.0,HA,ALA,18.0,33.255,30.15,17.086,0.09,1.32,0.0
ATOM,297.0,HB1,ALA,18.0,33.914,28.227,18.306,0.09,1.32,0.0
ATOM,298.0,HB2,ALA,18.0,34.794,27.67,17.05,0.09,1.32,0.0
ATOM,299.0,HB3,ALA,18.0,35.321,28.953,17.909,0.09,1.32,0.0
ATOM,300.0,N,PHE,19.0,35.167,31.313,15.952,-0.47,1.85,0.0
ATOM,301.0,CA,PHE,19.0,36.308,31.877,15.217,0.07,2.275,0.0
ATOM,302.0,C,PHE,19.0,37.422,32.07,16.23,0.51,2.0,0.0
ATOM,303.0,O,PHE,19.0,37.2,32.751,17.242,-0.51,1.7,0.0
ATOM,304.0,CB,PHE,19.0,36.048,33.17,14.464,-0.18,2.175,0.0
ATOM,305.0,CG,PHE,19.0,37.3,33.739,13.925,0.0,1.9924,0.0
ATOM,306.0,CD1,PHE,19.0,38.046,33.017,12.985,-0.115,1.9924,0.0
ATOM,307.0,CD2,PHE,19.0,37.812,34.922,14.425,-0.115,1.9924,0.0
ATOM,308.0,CE1,PHE,19.0,39.261,33.508,12.49,-0.115,1.9924,0.0
ATOM,309.0,CE2,PHE,19.0,39.016,35.427,13.951,-0.115,1.9924,0.0
ATOM,310.0,CZ,PHE,19.0,39.775,34.709,12.99,-0.115,1.9924,0.0
ATOM,311.0,H,PHE,19.0,34.648,31.803,16.676,0.31,0.2245,0.0
ATOM,312.0,HA,PHE,19.0,36.609,31.182,14.58,0.09,1.32,0.0
ATOM,313.0,HB2,PHE,19.0,35.446,32.966,13.715,0.09,1.32,0.0
ATOM,314.0,HB3,PHE,19.0,35.656,33.812,15.096,0.09,1.32,0.0
ATOM,315.0,HD1,PHE,19.0,37.71,32.139,12.659,0.115,1.3582,0.0
ATOM,316.0,HD2,PHE,19.0,37.313,35.421,15.134,0.115,1.3582,0.0
ATOM,317.0,HE1,PHE,19.0,39.753,32.997,11.785,0.115,1.3582,0.0
ATOM,318.0,HE2,PHE,19.0,39.363,36.315,14.291,0.115,1.3582,0.0
ATOM,319.0,HZ,PHE,19.0,40.644,35.054,12.685,0.115,1.3582,0.0
ATOM,320.0,N,VAL,20.0,38.591,31.471,15.977,-0.47,1.85,0.0
ATOM,321.0,CA,VAL,20.0,39.658,31.451,16.98,0.07,2.275,0.0
ATOM,322.0,C,VAL,20.0,40.974,31.936,16.379,0.51,2.0,0.0
ATOM,323.0,O,VAL,20.0,41.634,31.246,15.609,-0.51,1.7,0.0
ATOM,324.0,CB,VAL,20.0,39.876,30.011,17.469,-0.09,2.275,0.0
ATOM,325.0,CG1,VAL,20.0,40.931,29.958,18.581,-0.27,2.06,0.91
ATOM,326.0,CG2,VAL,20.0,38.565,29.41,18.048,-0.27,2.06,0.18
ATOM,327.0,H,VAL,20.0,38.67,31.04,15.044,0.31,0.2245,0.0
ATOM,328.0,HA,VAL,20.0,39.403,32.083,17.719,0.09,1.32,0.0
ATOM,329.0,HB,VAL,20.0,40.237,29.479,16.708,0.09,1.32,0.0
ATOM,330.0,HG11,VAL,20.0,40.482,29.761,19.45,0.09,1.32,0.0
ATOM,331.0,HG12,VAL,20.0,41.592,29.239,18.373,0.09,1.32,0.0
ATOM,332.0,HG13,VAL,20.0,41.397,30.839,18.634,0.09,1.32,0.0
ATOM,333.0,HG21,VAL,20.0,37.809,29.682,17.462,0.09,1.32,0.0
ATOM,334.0,HG22,VAL,20.0,38.654,28.42,18.065,0.09,1.32,0.0
ATOM,335.0,HG23,VAL,20.0,38.437,29.764,18.969,0.09,1.32,0.0
ATOM,336.0,N,PRO,21.0,41.365,33.164,16.705,-0.29,1.85,0.0
ATOM,337.0,CA,PRO,21.0,42.639,33.636,16.238,0.02,2.275,0.0
ATOM,338.0,C,PRO,21.0,43.845,33.109,17.003,0.51,2.0,0.0
ATOM,339.0,O,PRO,21.0,43.674,32.855,18.221,-0.51,1.7,0.4
ATOM,340.0,CB,PRO,21.0,42.568,35.13,16.48,-0.18,2.175,0.0
ATOM,341.0,CG,PRO,21.0,41.618,35.307,17.609,-0.18,2.175,0.0
ATOM,342.0,CD,PRO,21.0,40.62,34.133,17.526,0.0,2.175,0.0
ATOM,343.0,HA,PRO,21.0,42.753,33.445,15.232,0.09,1.32,0.0
ATOM,344.0,HB2,PRO,21.0,43.478,35.5,16.715,0.09,1.32,0.0
ATOM,345.0,HB3,PRO,21.0,42.241,35.613,15.656,0.09,1.32,0.0
ATOM,346.0,HG2,PRO,21.0,42.095,35.284,18.494,0.09,1.32,0.0
ATOM,347.0,HG3,PRO,21.0,41.122,36.179,17.535,0.09,1.32,0.0
ATOM,348.0,HD2,PRO,21.0,40.434,33.771,18.428,0.09,1.32,0.0
ATOM,349.0,HD3,PRO,21.0,39.785,34.418,17.076,0.09,1.32,0.0
ATOM,350.0,N,PHE,22.0,44.991,32.973,16.322,-0.47,1.85,0.0
ATOM,351.0,CA,PHE,22.0,46.256,32.678,16.967,0.07,2.275,0.0
ATOM,352.0,C,PHE,22.0,47.188,33.908,16.926,0.51,2.0,0.0
ATOM,353.0,O,PHE,22.0,47.276,34.593,15.889,-0.51,1.7,0.0
ATOM,354.0,CB,PHE,22.0,46.943,31.523,16.27,-0.18,2.175,2.91
ATOM,355.0,CG,PHE,22.0,48.379,31.356,16.675,0.0,1.9924,0.53
ATOM,356.0,CD1,PHE,22.0,49.395,32.102,16.079,-0.115,1.9924,0.66
ATOM,357.0,CD2,PHE,22.0,48.719,30.481,17.707,-0.115,1.9924,1.68
ATOM,358.0,CE1,PHE,22.0,50.757,31.921,16.502,-0.115,1.9924,0.11
ATOM,359.0,CE2,PHE,22.0,50.016,30.28,18.133,-0.115,1.9924,0.31
ATOM,360.0,CZ,PHE,22.0,51.042,30.988,17.566,-0.115,1.9924,3.76
ATOM,361.0,H,PHE,22.0,44.886,33.099,15.289,0.31,0.2245,0.0
ATOM,362.0,HA,PHE,22.0,46.067,32.503,17.937,0.09,1.32,0.0
ATOM,363.0,HB2,PHE,22.0,46.464,30.691,16.504,0.09,1.32,0.0
ATOM,364.0,HB3,PHE,22.0,46.921,31.692,15.297,0.09,1.32,0.0
ATOM,365.0,HD1,PHE,22.0,49.206,32.755,15.372,0.115,1.3582,0.0
ATOM,366.0,HD2,PHE,22.0,47.968,29.968,18.166,0.115,1.3582,0.0
ATOM,367.0,HE1,PHE,22.0,51.481,32.426,16.07,0.115,1.3582,0.0
ATOM,368.0,HE2,PHE,22.0,50.2,29.601,18.869,0.115,1.3582,0.0
ATOM,369.0,HZ,PHE,22.0,51.984,30.888,17.858,0.115,1.3582,2.87
ATOM,370.0,N,VAL,23.0,47.854,34.154,18.039,-0.47,1.85,0.01
ATOM,371.0,CA,VAL,23.0,49.0,35.078,17.995,0.07,2.275,0.0
ATOM,372.0,C,VAL,23.0,50.129,34.486,18.873,0.51,2.0,0.0
ATOM,373.0,O,VAL,23.0,49.909,33.67,19.76,-0.51,1.7,0.0
ATOM,374.0,CB,VAL,23.0,48.729,36.522,18.513,-0.09,2.275,0.44
ATOM,375.0,CG1,VAL,23.0,47.765,37.285,17.619,-0.27,2.06,0.0
ATOM,376.0,CG2,VAL,23.0,48.262,36.521,19.936,-0.27,2.06,0.23
ATOM,377.0,H,VAL,23.0,47.532,33.682,18.882,0.31,0.2245,0.0
ATOM,378.0,HA,VAL,23.0,49.334,35.118,17.062,0.09,1.32,0.0
ATOM,379.0,HB,VAL,23.0,49.602,37.011,18.494,0.09,1.32,0.12
ATOM,380.0,HG11,VAL,23.0,46.832,36.963,17.781,0.09,1.32,0.0
ATOM,381.0,HG12,VAL,23.0,47.819,38.262,17.825,0.09,1.32,0.0
ATOM,382.0,HG13,VAL,23.0,48.006,37.134,16.66,0.09,1.32,0.0
ATOM,383.0,HG21,VAL,23.0,48.856,35.931,20.491,0.09,1.32,0.0
ATOM,384.0,HG22,VAL,23.0,48.29,37.454,20.306,0.09,1.32,0.08
ATOM,385.0,HG23,VAL,23.0,47.32,36.177,19.987,0.09,1.32,0.17
ATOM,386.0,N,THR,24.0,51.347,34.976,18.618,-0.47,1.85,0.0
ATOM,387.0,CA,THR,24.0,52.478,34.625,19.481,0.07,2.275,0.0
ATOM,388.0,C,THR,24.0,52.529,35.625,20.652,0.51,2.0,0.0
ATOM,389.0,O,THR,24.0,52.612,36.83,20.381,-0.51,1.7,0.0
ATOM,390.0,CB,THR,24.0,53.782,34.734,18.684,0.14,2.275,0.0
ATOM,391.0,OG1,THR,24.0,53.779,33.737,17.621,-0.66,1.77,0.0
ATOM,392.0,CG2,THR,24.0,54.936,34.396,19.596,-0.27,2.06,0.0
ATOM,393.0,H,THR,24.0,51.414,35.592,17.801,0.31,0.2245,0.0
ATOM,394.0,HA,THR,24.0,52.325,33.716,19.856,0.09,1.32,0.0
ATOM,395.0,HB,THR,24.0,53.833,35.65,18.244,0.09,1.32,0.0
ATOM,396.0,HG21,THR,24.0,55.349,33.522,19.322,0.09,1.32,0.48
ATOM,397.0,HG22,THR,24.0,55.637,35.114,19.548,0.09,1.32,0.0
ATOM,398.0,HG23,THR,24.0,54.616,34.319,20.545,0.09,1.32,0.0
ATOM,399.0,HG1,THR,24.0,53.602,32.831,18.009,0.43,0.2245,0.29
ATOM,400.0,N,LEU,25.0,52.512,35.137,21.891,-0.47,1.85,0.0
ATOM,401.0,CA,LEU,25.0,52.546,36.017,23.039,0.07,2.275,0.0
ATOM,402.0,C,LEU,25.0,53.815,36.866,22.977,0.51,2.0,0.0
ATOM,403.0,O,LEU,25.0,54.91,36.382,22.805,-0.51,1.7,0.0
ATOM,404.0,CB,LEU,25.0,52.553,35.222,24.339,-0.18,2.175,0.0
ATOM,405.0,CG,LEU,25.0,51.169,34.612,24.657,-0.09,2.275,0.0
ATOM,406.0,CD1,LEU,25.0,51.259,33.521,25.72,-0.27,2.06,0.0
ATOM,407.0,CD2,LEU,25.0,50.205,35.736,25.102,-0.27,2.06,0.0
ATOM,408.0,H,LEU,25.0,52.473,34.104,21.951,0.31,0.2245,0.0
ATOM,409.0,HA,LEU,25.0,51.758,36.631,23.005,0.09,1.32,0.0
ATOM,410.0,HB2,LEU,25.0,53.182,34.477,24.246,0.09,1.32,0.0
ATOM,411.0,HB3,LEU,25.0,52.778,35.827,25.074,0.09,1.32,0.0
ATOM,412.0,HG,LEU,25.0,50.79,34.225,23.813,0.09,1.32,0.0
ATOM,413.0,HD11,LEU,25.0,51.632,33.908,26.563,0.09,1.32,0.0
ATOM,414.0,HD12,LEU,25.0,50.346,33.153,25.897,0.09,1.32,0.0
ATOM,415.0,HD13,LEU,25.0,51.857,32.789,25.395,0.09,1.32,0.0
ATOM,416.0,HD21,LEU,25.0,50.121,36.4,24.363,0.09,1.32,0.0
ATOM,417.0,HD22,LEU,25.0,49.315,35.336,25.305,0.09,1.32,0.0
ATOM,418.0,HD23,LEU,25.0,50.576,36.176,25.916,0.09,1.32,0.0
ATOM,419.0,N,GLY,26.0,53.621,38.145,23.239,-0.47,1.85,0.0
ATOM,420.0,CA,GLY,26.0,54.742,39.074,23.263,-0.02,2.175,0.0
ATOM,421.0,C,GLY,26.0,55.205,39.62,21.924,0.51,2.0,0.0
ATOM,422.0,O,GLY,26.0,56.211,40.349,21.908,-0.51,1.7,0.0
ATOM,423.0,H,GLY,26.0,52.642,38.42,23.419,0.31,0.2245,0.0
ATOM,424.0,HA2,GLY,26.0,54.503,39.866,23.88,0.09,1.32,0.0
ATOM,425.0,HA3,GLY,26.0,55.542,38.617,23.73,0.09,1.32,0.0
ATOM,426.0,N,ASP,27.0,54.543,39.271,20.841,-0.47,1.85,0.0
ATOM,427.0,CA,ASP,27.0,54.862,39.82,19.532,0.07,2.275,0.0
ATOM,428.0,C,ASP,27.0,53.938,41.038,19.305,0.51,2.0,0.0
ATOM,429.0,O,ASP,27.0,52.729,40.887,19.267,-0.51,1.7,0.61
ATOM,430.0,CB,ASP,27.0,54.59,38.778,18.447,-0.28,2.175,0.0
ATOM,431.0,CG,ASP,27.0,54.663,39.372,17.053,0.62,2.0,0.0
ATOM,432.0,OD1,ASP,27.0,55.407,40.41,16.913,-0.76,1.7,0.0
ATOM,433.0,OD2,ASP,27.0,54.033,38.876,16.115,-0.76,1.7,0.0
ATOM,434.0,H,ASP,27.0,53.78,38.577,20.997,0.31,0.2245,0.0
ATOM,435.0,HA,ASP,27.0,55.789,40.172,19.568,0.09,1.32,0.0
ATOM,436.0,HB2,ASP,27.0,55.274,38.065,18.526,0.09,1.32,0.0
ATOM,437.0,HB3,ASP,27.0,53.681,38.413,18.592,0.09,1.32,0.0
ATOM,438.0,N,PRO,28.0,54.472,42.239,19.084,-0.29,1.85,0.0
ATOM,439.0,CA,PRO,28.0,55.891,42.58,18.997,0.02,2.275,0.0
ATOM,440.0,C,PRO,28.0,56.513,43.117,20.277,0.51,2.0,0.07
ATOM,441.0,O,PRO,28.0,57.698,43.462,20.285,-0.51,1.7,13.29
ATOM,442.0,CB,PRO,28.0,55.875,43.676,17.932,-0.18,2.175,2.06
ATOM,443.0,CG,PRO,28.0,54.6,44.491,18.289,-0.18,2.175,9.58
ATOM,444.0,CD,PRO,28.0,53.586,43.386,18.763,0.0,2.175,0.0
ATOM,445.0,HA,PRO,28.0,56.427,41.774,18.651,0.09,1.32,0.0
ATOM,446.0,HB2,PRO,28.0,56.67,44.263,17.997,0.09,1.32,7.76
ATOM,447.0,HB3,PRO,28.0,55.783,43.302,17.021,0.09,1.32,0.0
ATOM,448.0,HG2,PRO,28.0,54.791,45.113,19.024,0.09,1.32,3.62
ATOM,449.0,HG3,PRO,28.0,54.256,44.946,17.49,0.09,1.32,0.0
ATOM,450.0,HD2,PRO,28.0,53.098,43.699,19.564,0.09,1.32,0.0
ATOM,451.0,HD3,PRO,28.0,52.961,43.164,18.027,0.09,1.32,0.0
ATOM,452.0,N,GLY,29.0,55.733,43.177,21.348,-0.47,1.85,0.0
ATOM,453.0,CA,GLY,29.0,56.266,43.479,22.672,-0.02,2.175,4.82
ATOM,454.0,C,GLY,29.0,55.18,43.094,23.661,0.51,2.0,0.0
ATOM,455.0,O,GLY,29.0,54.061,42.823,23.226,-0.51,1.7,0.0
ATOM,456.0,H,GLY,29.0,54.726,42.993,21.166,0.31,0.2245,0.0
ATOM,457.0,HA2,GLY,29.0,57.076,42.939,22.839,0.09,1.32,0.0
ATOM,458.0,HA3,GLY,29.0,56.456,44.446,22.745,0.09,1.32,10.66
ATOM,459.0,N,ILE,30.0,55.477,43.015,24.95,-0.47,1.85,0.11
ATOM,460.0,CA,ILE,30.0,54.44,42.576,25.909,0.07,2.275,0.0
ATOM,461.0,C,ILE,30.0,53.174,43.477,25.879,0.51,2.0,0.0
ATOM,462.0,O,ILE,30.0,52.05,42.997,25.728,-0.51,1.7,0.0
ATOM,463.0,CB,ILE,30.0,55.056,42.46,27.301,-0.09,2.275,1.59
ATOM,464.0,CG1,ILE,30.0,56.139,41.387,27.26,-0.18,2.175,7.4
ATOM,465.0,CG2,ILE,30.0,53.992,42.231,28.366,-0.27,2.06,15.85
ATOM,466.0,CD1,ILE,30.0,55.59,40.092,27.125,-0.27,2.06,0.0
ATOM,467.0,H,ILE,30.0,56.428,43.268,25.216,0.31,0.2245,6.64
ATOM,468.0,HA,ILE,30.0,54.142,41.665,25.603,0.09,1.32,0.0
ATOM,469.0,HB,ILE,30.0,55.486,43.321,27.523,0.09,1.32,7.52
ATOM,470.0,HG12,ILE,30.0,56.746,41.613,26.495,0.09,1.32,0.22
ATOM,471.0,HG13,ILE,30.0,56.665,41.474,28.11,0.09,1.32,5.28
ATOM,472.0,HG21,ILE,30.0,54.421,42.213,29.267,0.09,1.32,11.11
ATOM,473.0,HG22,ILE,30.0,53.322,42.97,28.332,0.09,1.32,0.37
ATOM,474.0,HG23,ILE,30.0,53.535,41.359,28.198,0.09,1.32,0.0
ATOM,475.0,HD11,ILE,30.0,55.046,39.996,26.272,0.09,1.32,0.0
ATOM,476.0,HD12,ILE,30.0,56.309,39.374,27.097,0.09,1.32,0.0
ATOM,477.0,HD13,ILE,30.0,54.971,39.858,27.897,0.09,1.32,0.0
ATOM,478.0,N,GLU,31.0,53.383,44.782,26.015,-0.47,1.85,0.08
ATOM,479.0,CA,GLU,31.0,52.258,45.706,26.147,0.07,2.275,0.31
ATOM,480.0,C,GLU,31.0,51.393,45.703,24.883,0.51,2.0,0.0
ATOM,481.0,O,GLU,31.0,50.163,45.639,24.954,-0.51,1.7,0.19
ATOM,482.0,CB,GLU,31.0,52.788,47.119,26.459,-0.18,2.175,7.93
ATOM,483.0,CG,GLU,31.0,51.803,48.239,26.138,-0.28,2.175,3.82
ATOM,484.0,CD,GLU,31.0,52.279,49.595,26.677,0.62,2.0,3.2
ATOM,485.0,OE1,GLU,31.0,53.47,49.929,26.444,-0.76,1.7,40.37
ATOM,486.0,OE2,GLU,31.0,51.46,50.314,27.335,-0.76,1.7,36.2
ATOM,487.0,H,GLU,31.0,54.371,45.075,26.019,0.31,0.2245,5.01
ATOM,488.0,HA,GLU,31.0,51.693,45.442,26.937,0.09,1.32,1.14
ATOM,489.0,HB2,GLU,31.0,52.98,47.157,27.422,0.09,1.32,10.7
ATOM,490.0,HB3,GLU,31.0,53.591,47.262,25.912,0.09,1.32,5.8
ATOM,491.0,HG2,GLU,31.0,51.733,48.321,25.167,0.09,1.32,1.54
ATOM,492.0,HG3,GLU,31.0,50.95,48.038,26.571,0.09,1.32,4.3
ATOM,493.0,N,GLN,32.0,52.049,45.738,23.719,-0.47,1.85,0.05
ATOM,494.0,CA,GLN,32.0,51.303,45.75,22.473,0.07,2.275,0.0
ATOM,495.0,C,GLN,32.0,50.547,44.395,22.227,0.51,2.0,0.0
ATOM,496.0,O,GLN,32.0,49.452,44.392,21.723,-0.51,1.7,0.0
ATOM,497.0,CB,GLN,32.0,52.192,46.114,21.295,-0.18,2.175,5.79
ATOM,498.0,CG,GLN,32.0,51.4,46.168,19.934,-0.18,2.175,1.46
ATOM,499.0,CD,GLN,32.0,50.393,47.355,19.777,0.55,2.0,0.0
ATOM,500.0,H,GLN,32.0,53.071,45.755,23.788,0.31,0.2245,1.94
ATOM,501.0,HA,GLN,32.0,50.596,46.466,22.524,0.09,1.32,0.0
ATOM,502.0,HB2,GLN,32.0,52.584,47.014,21.431,0.09,1.32,8.91
ATOM,503.0,HB3,GLN,32.0,52.903,45.432,21.183,0.09,1.32,0.0
ATOM,504.0,HG2,GLN,32.0,52.07,46.229,19.19,0.09,1.32,0.63
ATOM,505.0,HG3,GLN,32.0,50.887,45.311,19.842,0.09,1.32,0.0
ATOM,506.0,OE1,GLN,32.0,50.226,48.205,20.667,-0.55,1.7,3.95
ATOM,507.0,NE2,GLN,32.0,49.719,47.393,18.624,-0.62,1.85,0.0
ATOM,508.0,HE21,GLN,32.0,49.044,48.124,18.463,0.32,0.2245,0.0
ATOM,509.0,HE22,GLN,32.0,49.902,46.68,17.928,0.3,0.2245,0.0
ATOM,510.0,N,SER,33.0,51.206,43.291,22.618,-0.47,1.85,0.0
ATOM,511.0,CA,SER,33.0,50.589,41.973,22.491,0.07,2.275,0.0
ATOM,512.0,C,SER,33.0,49.336,41.913,23.396,0.51,2.0,0.0
ATOM,513.0,O,SER,33.0,48.27,41.409,22.987,-0.51,1.7,0.0
ATOM,514.0,CB,SER,33.0,51.634,40.895,22.829,0.05,2.175,0.0
ATOM,515.0,OG,SER,33.0,51.067,39.616,22.762,-0.66,1.77,0.47
ATOM,516.0,H,SER,33.0,52.147,43.457,22.999,0.31,0.2245,0.0
ATOM,517.0,HA,SER,33.0,50.283,41.856,21.55,0.09,1.32,0.0
ATOM,518.0,HB2,SER,33.0,52.379,40.965,22.173,0.09,1.32,0.0
ATOM,519.0,HB3,SER,33.0,51.97,41.064,23.751,0.09,1.32,0.0
ATOM,520.0,HG,SER,33.0,51.587,39.045,22.124,0.43,0.2245,0.18
ATOM,521.0,N,LEU,34.0,49.438,42.41,24.644,-0.47,1.85,0.0
ATOM,522.0,CA,LEU,34.0,48.221,42.483,25.452,0.07,2.275,0.0
ATOM,523.0,C,LEU,34.0,47.079,43.303,24.803,0.51,2.0,0.12
ATOM,524.0,O,LEU,34.0,45.902,42.906,24.835,-0.51,1.7,0.06
ATOM,525.0,CB,LEU,34.0,48.53,43.027,26.872,-0.18,2.175,4.9
ATOM,526.0,CG,LEU,34.0,49.42,42.147,27.734,-0.09,2.275,0.0
ATOM,527.0,CD1,LEU,34.0,49.873,42.918,28.968,-0.27,2.06,21.01
ATOM,528.0,CD2,LEU,34.0,48.57,40.921,28.161,-0.27,2.06,0.0
ATOM,529.0,H,LEU,34.0,50.358,42.701,24.938,0.31,0.2245,0.0
ATOM,530.0,HA,LEU,34.0,47.875,41.539,25.603,0.09,1.32,0.0
ATOM,531.0,HB2,LEU,34.0,48.983,43.904,26.758,0.09,1.32,0.52
ATOM,532.0,HB3,LEU,34.0,47.662,43.138,27.339,0.09,1.32,0.0
ATOM,533.0,HG,LEU,34.0,50.221,41.871,27.207,0.09,1.32,0.0
ATOM,534.0,HD11,LEU,34.0,49.073,43.198,29.498,0.09,1.32,3.17
ATOM,535.0,HD12,LEU,34.0,50.458,42.333,29.53,0.09,1.32,3.03
ATOM,536.0,HD13,LEU,34.0,50.386,43.729,28.685,0.09,1.32,1.33
ATOM,537.0,HD21,LEU,34.0,48.274,40.437,27.343,0.09,1.32,0.0
ATOM,538.0,HD22,LEU,34.0,49.131,40.325,28.729,0.09,1.32,0.0
ATOM,539.0,HD23,LEU,34.0,47.78,41.243,28.675,0.09,1.32,0.0
ATOM,540.0,N,LYS,35.0,47.449,44.408,24.18,-0.47,1.85,0.08
ATOM,541.0,CA,LYS,35.0,46.438,45.243,23.503,0.07,2.275,1.42
ATOM,542.0,C,LYS,35.0,45.868,44.527,22.278,0.51,2.0,0.0
ATOM,543.0,O,LYS,35.0,44.701,44.586,22.032,-0.51,1.7,0.5
ATOM,544.0,CB,LYS,35.0,47.094,46.54,23.018,-0.18,2.175,1.61
ATOM,545.0,CG,LYS,35.0,47.461,47.441,24.175,-0.18,2.175,7.6
ATOM,546.0,CD,LYS,35.0,48.048,48.74,23.652,-0.18,2.175,2.53
ATOM,547.0,CE,LYS,35.0,48.591,49.605,24.794,0.21,2.175,9.14
ATOM,548.0,NZ,LYS,35.0,49.127,50.91,24.231,-0.3,1.85,13.98
ATOM,549.0,H,LYS,35.0,48.448,44.631,24.202,0.31,0.2245,0.0
ATOM,550.0,HA,LYS,35.0,45.69,45.426,24.149,0.09,1.32,1.83
ATOM,551.0,HB2,LYS,35.0,47.917,46.304,22.525,0.09,1.32,0.0
ATOM,552.0,HB3,LYS,35.0,46.449,47.013,22.437,0.09,1.32,0.08
ATOM,553.0,HG2,LYS,35.0,46.644,47.647,24.705,0.09,1.32,9.76
ATOM,554.0,HG3,LYS,35.0,48.138,46.988,24.745,0.09,1.32,0.0
ATOM,555.0,HD2,LYS,35.0,48.798,48.533,23.034,0.09,1.32,0.0
ATOM,556.0,HD3,LYS,35.0,47.339,49.253,23.183,0.09,1.32,4.64
ATOM,557.0,HE2,LYS,35.0,47.858,49.808,25.427,0.05,1.32,10.46
ATOM,558.0,HE3,LYS,35.0,49.33,49.126,25.245,0.05,1.32,0.0
ATOM,559.0,HZ1,LYS,35.0,49.423,50.753,23.294,0.33,0.2245,10.34
ATOM,560.0,HZ2,LYS,35.0,48.399,51.588,24.255,0.33,0.2245,19.82
ATOM,561.0,HZ3,LYS,35.0,49.894,51.205,24.791,0.33,0.2245,8.47
ATOM,562.0,N,ILE,36.0,46.737,43.859,21.532,-0.47,1.85,0.0
ATOM,563.0,CA,ILE,36.0,46.324,43.068,20.366,0.07,2.275,0.0
ATOM,564.0,C,ILE,36.0,45.257,42.037,20.807,0.51,2.0,0.0
ATOM,565.0,O,ILE,36.0,44.205,41.914,20.213,-0.51,1.7,0.0
ATOM,566.0,CB,ILE,36.0,47.545,42.341,19.767,-0.09,2.275,0.0
ATOM,567.0,CG1,ILE,36.0,48.449,43.349,19.009,-0.18,2.175,0.0
ATOM,568.0,CG2,ILE,36.0,47.122,41.178,18.873,-0.27,2.06,0.21
ATOM,569.0,CD1,ILE,36.0,49.824,42.751,18.612,-0.27,2.06,0.24
ATOM,570.0,H,ILE,36.0,47.729,43.94,21.837,0.31,0.2245,0.0
ATOM,571.0,HA,ILE,36.0,45.863,43.696,19.747,0.09,1.32,0.0
ATOM,572.0,HB,ILE,36.0,48.078,41.963,20.512,0.09,1.32,0.0
ATOM,573.0,HG12,ILE,36.0,47.982,43.634,18.185,0.09,1.32,0.0
ATOM,574.0,HG13,ILE,36.0,48.609,44.128,19.598,0.09,1.32,0.0
ATOM,575.0,HG21,ILE,36.0,47.934,40.694,18.553,0.09,1.32,0.06
ATOM,576.0,HG22,ILE,36.0,46.544,40.553,19.394,0.09,1.32,0.0
ATOM,577.0,HG23,ILE,36.0,46.613,41.53,18.09,0.09,1.32,0.0
ATOM,578.0,HD11,ILE,36.0,49.666,41.969,18.021,0.09,1.32,0.0
ATOM,579.0,HD12,ILE,36.0,50.342,43.45,18.134,0.09,1.32,0.0
ATOM,580.0,HD13,ILE,36.0,50.294,42.473,19.441,0.09,1.32,0.0
ATOM,581.0,N,ILE,37.0,45.588,41.327,21.88,-0.47,1.85,0.0
ATOM,582.0,CA,ILE,37.0,44.696,40.269,22.356,0.07,2.275,0.0
ATOM,583.0,C,ILE,37.0,43.315,40.838,22.807,0.51,2.0,0.0
ATOM,584.0,O,ILE,37.0,42.265,40.274,22.527,-0.51,1.7,0.0
ATOM,585.0,CB,ILE,37.0,45.435,39.444,23.416,-0.09,2.275,0.0
ATOM,586.0,CG1,ILE,37.0,46.437,38.498,22.729,-0.18,2.175,0.0
ATOM,587.0,CG2,ILE,37.0,44.481,38.556,24.25,-0.27,2.06,0.0
ATOM,588.0,CD1,ILE,37.0,47.508,37.939,23.619,-0.27,2.06,0.0
ATOM,589.0,H,ILE,37.0,46.478,41.573,22.323,0.31,0.2245,0.0
ATOM,590.0,HA,ILE,37.0,44.503,39.677,21.568,0.09,1.32,0.0
ATOM,591.0,HB,ILE,37.0,45.951,40.065,23.99,0.09,1.32,0.0
ATOM,592.0,HG12,ILE,37.0,45.915,37.741,22.321,0.09,1.32,0.0
ATOM,593.0,HG13,ILE,37.0,46.869,39.008,21.976,0.09,1.32,0.0
ATOM,594.0,HG21,ILE,37.0,45.015,38.053,24.921,0.09,1.32,0.0
ATOM,595.0,HG22,ILE,37.0,43.819,39.139,24.708,0.09,1.32,0.0
ATOM,596.0,HG23,ILE,37.0,44.015,37.924,23.64,0.09,1.32,0.0
ATOM,597.0,HD11,ILE,37.0,47.09,37.414,24.362,0.09,1.32,0.0
ATOM,598.0,HD12,ILE,37.0,48.109,37.339,23.088,0.09,1.32,0.0
ATOM,599.0,HD13,ILE,37.0,48.048,38.687,24.007,0.09,1.32,0.0
ATOM,600.0,N,ASP,38.0,43.333,41.954,23.515,-0.47,1.85,0.0
ATOM,601.0,CA,ASP,38.0,42.072,42.551,23.901,0.07,2.275,0.0
ATOM,602.0,C,ASP,38.0,41.24,42.968,22.691,0.51,2.0,0.25
ATOM,603.0,O,ASP,38.0,40.005,42.865,22.705,-0.51,1.7,1.14
ATOM,604.0,CB,ASP,38.0,42.317,43.746,24.832,-0.28,2.175,11.6
ATOM,605.0,CG,ASP,38.0,42.66,43.354,26.229,0.62,2.0,1.28
ATOM,606.0,OD1,ASP,38.0,42.51,42.181,26.617,-0.76,1.7,0.04
ATOM,607.0,OD2,ASP,38.0,43.119,44.209,27.021,-0.76,1.7,18.76
ATOM,608.0,H,ASP,38.0,44.253,42.328,23.747,0.31,0.2245,0.0
ATOM,609.0,HA,ASP,38.0,41.539,41.845,24.392,0.09,1.32,0.0
ATOM,610.0,HB2,ASP,38.0,43.068,44.279,24.442,0.09,1.32,0.09
ATOM,611.0,HB3,ASP,38.0,41.484,44.297,24.836,0.09,1.32,9.2
ATOM,612.0,N,THR,39.0,41.914,43.476,21.659,-0.47,1.85,0.27
ATOM,613.0,CA,THR,39.0,41.238,43.836,20.417,0.07,2.275,0.98
ATOM,614.0,C,THR,39.0,40.648,42.61,19.727,0.51,2.0,0.0
ATOM,615.0,O,THR,39.0,39.549,42.669,19.192,-0.51,1.7,0.0
ATOM,616.0,CB,THR,39.0,42.23,44.48,19.485,0.14,2.275,0.0
ATOM,617.0,OG1,THR,39.0,42.59,45.753,20.048,-0.66,1.77,7.22
ATOM,618.0,CG2,THR,39.0,41.583,44.806,18.141,-0.27,2.06,0.22
ATOM,619.0,H,THR,39.0,42.931,43.589,21.814,0.31,0.2245,0.0
ATOM,620.0,HA,THR,39.0,40.484,44.469,20.635,0.09,1.32,0.67
ATOM,621.0,HB,THR,39.0,43.072,43.915,19.435,0.09,1.32,0.0
ATOM,622.0,HG21,THR,39.0,42.286,45.102,17.491,0.09,1.32,0.0
ATOM,623.0,HG22,THR,39.0,41.123,43.992,17.782,0.09,1.32,0.0
ATOM,624.0,HG23,THR,39.0,40.912,45.54,18.259,0.09,1.32,0.0
ATOM,625.0,HG1,THR,39.0,43.304,45.635,20.745,0.43,0.2245,1.8
ATOM,626.0,N,LEU,40.0,41.397,41.493,19.753,-0.47,1.85,0.0
ATOM,627.0,CA,LEU,40.0,40.875,40.288,19.07,0.07,2.275,0.0
ATOM,628.0,C,LEU,40.0,39.572,39.89,19.766,0.51,2.0,0.0
ATOM,629.0,O,LEU,40.0,38.603,39.521,19.126,-0.51,1.7,0.0
ATOM,630.0,CB,LEU,40.0,41.87,39.132,19.18,-0.18,2.175,0.0
ATOM,631.0,CG,LEU,40.0,43.251,39.328,18.558,-0.09,2.275,0.0
ATOM,632.0,CD1,LEU,40.0,44.063,38.027,18.803,-0.27,2.06,0.24
ATOM,633.0,CD2,LEU,40.0,43.165,39.621,17.097,-0.27,2.06,0.0
ATOM,634.0,H,LEU,40.0,42.276,41.547,20.241,0.31,0.2245,0.0
ATOM,635.0,HA,LEU,40.0,40.674,40.524,18.129,0.09,1.32,0.0
ATOM,636.0,HB2,LEU,40.0,42.007,38.94,20.155,0.09,1.32,0.0
ATOM,637.0,HB3,LEU,40.0,41.457,38.331,18.742,0.09,1.32,0.0
ATOM,638.0,HG,LEU,40.0,43.712,40.077,19.0,0.09,1.32,0.0
ATOM,639.0,HD11,LEU,40.0,43.586,37.267,18.372,0.09,1.32,0.0
ATOM,640.0,HD12,LEU,40.0,44.968,38.136,18.404,0.09,1.32,0.0
ATOM,641.0,HD13,LEU,40.0,44.135,37.876,19.784,0.09,1.32,0.0
ATOM,642.0,HD21,LEU,40.0,42.634,40.461,16.94,0.09,1.32,0.0
ATOM,643.0,HD22,LEU,40.0,44.085,39.746,16.711,0.09,1.32,0.0
ATOM,644.0,HD23,LEU,40.0,42.715,38.862,16.615,0.09,1.32,0.0
ATOM,645.0,N,ILE,41.0,39.559,39.976,21.091,-0.47,1.85,0.0
ATOM,646.0,CA,ILE,41.0,38.379,39.534,21.84,0.07,2.275,0.0
ATOM,647.0,C,ILE,41.0,37.233,40.535,21.619,0.51,2.0,0.0
ATOM,648.0,O,ILE,41.0,36.112,40.162,21.358,-0.51,1.7,7.86
ATOM,649.0,CB,ILE,41.0,38.733,39.439,23.323,-0.09,2.275,0.0
ATOM,650.0,CG1,ILE,41.0,39.731,38.311,23.516,-0.18,2.175,0.0
ATOM,651.0,CG2,ILE,41.0,37.424,39.207,24.128,-0.27,2.06,19.07
ATOM,652.0,CD1,ILE,41.0,40.283,38.235,24.929,-0.27,2.06,0.0
ATOM,653.0,H,ILE,41.0,40.404,40.36,21.525,0.31,0.2245,0.0
ATOM,654.0,HA,ILE,41.0,38.087,38.676,21.425,0.09,1.32,0.0
ATOM,655.0,HB,ILE,41.0,39.168,40.287,23.592,0.09,1.32,0.0
ATOM,656.0,HG12,ILE,41.0,39.286,37.446,23.3,0.09,1.32,0.0
ATOM,657.0,HG13,ILE,41.0,40.493,38.448,22.887,0.09,1.32,0.0
ATOM,658.0,HG21,ILE,41.0,37.651,39.147,25.093,0.09,1.32,0.0
ATOM,659.0,HG22,ILE,41.0,36.811,39.972,23.965,0.09,1.32,3.14
ATOM,660.0,HG23,ILE,41.0,37.007,38.36,23.819,0.09,1.32,1.58
ATOM,661.0,HD11,ILE,41.0,39.531,38.087,25.568,0.09,1.32,0.0
ATOM,662.0,HD12,ILE,41.0,40.929,37.477,24.989,0.09,1.32,0.0
ATOM,663.0,HD13,ILE,41.0,40.747,39.091,25.147,0.09,1.32,0.0
ATOM,664.0,N,ASP,42.0,37.534,41.824,21.721,-0.47,1.85,0.25
ATOM,665.0,CA,ASP,42.0,36.476,42.811,21.517,0.07,2.275,0.08
ATOM,666.0,C,ASP,42.0,35.84,42.735,20.136,0.51,2.0,0.0
ATOM,667.0,O,ASP,42.0,34.649,43.036,19.989,-0.51,1.7,21.68
ATOM,668.0,CB,ASP,42.0,37.023,44.21,21.744,-0.28,2.175,5.8
ATOM,669.0,CG,ASP,42.0,35.899,45.221,21.923,0.62,2.0,3.33
ATOM,670.0,OD1,ASP,42.0,35.079,45.041,22.889,-0.76,1.7,39.25
ATOM,671.0,OD2,ASP,42.0,35.753,46.181,21.127,-0.76,1.7,17.74
ATOM,672.0,H,ASP,42.0,38.502,42.048,21.939,0.31,0.2245,0.0
ATOM,673.0,HA,ASP,42.0,35.745,42.607,22.192,0.09,1.32,5.57
ATOM,674.0,HB2,ASP,42.0,37.572,44.202,22.565,0.09,1.32,4.84
ATOM,675.0,HB3,ASP,42.0,37.557,44.47,20.955,0.09,1.32,0.0
ATOM,676.0,N,ALA,43.0,36.623,42.341,19.13,-0.47,1.85,0.0
ATOM,677.0,CA,ALA,43.0,36.151,42.305,17.778,0.07,2.275,0.66
ATOM,678.0,C,ALA,43.0,35.413,41.031,17.46,0.51,2.0,1.19
ATOM,679.0,O,ALA,43.0,34.937,40.909,16.32,-0.51,1.7,5.37
ATOM,680.0,CB,ALA,43.0,37.304,42.539,16.792,-0.27,2.06,0.0
ATOM,681.0,H,ALA,43.0,37.587,42.07,19.422,0.31,0.2245,0.0
ATOM,682.0,HA,ALA,43.0,35.52,43.09,17.626,0.09,1.32,3.89
ATOM,683.0,HB1,ALA,43.0,37.03,42.224,15.886,0.09,1.32,0.0
ATOM,684.0,HB2,ALA,43.0,37.516,43.513,16.761,0.09,1.32,0.0
ATOM,685.0,HB3,ALA,43.0,38.105,42.029,17.098,0.09,1.32,0.0
ATOM,686.0,N,GLY,44.0,35.333,40.088,18.42,-0.47,1.85,0.0
ATOM,687.0,CA,GLY,44.0,34.516,38.86,18.244,-0.02,2.175,7.3
ATOM,688.0,C,GLY,44.0,35.206,37.482,18.358,0.51,2.0,0.0
ATOM,689.0,O,GLY,44.0,34.549,36.438,18.152,-0.51,1.7,2.52
ATOM,690.0,H,GLY,44.0,35.878,40.288,19.273,0.31,0.2245,0.0
ATOM,691.0,HA2,GLY,44.0,33.734,38.891,18.924,0.09,1.32,12.91
ATOM,692.0,HA3,GLY,44.0,34.045,38.914,17.322,0.09,1.32,0.0
ATOM,693.0,N,ALA,45.0,36.495,37.427,18.673,-0.47,1.85,0.0
ATOM,694.0,CA,ALA,45.0,37.103,36.088,18.895,0.07,2.275,0.0
ATOM,695.0,C,ALA,45.0,36.306,35.269,19.918,0.51,2.0,0.0
ATOM,696.0,O,ALA,45.0,35.992,35.768,21.006,-0.51,1.7,9.27
ATOM,697.0,CB,ALA,45.0,38.491,36.25,19.411,-0.27,2.06,0.0
ATOM,698.0,H,ALA,45.0,36.994,38.299,18.745,0.31,0.2245,0.0
ATOM,699.0,HA,ALA,45.0,37.106,35.595,18.018,0.09,1.32,0.0
ATOM,700.0,HB1,ALA,45.0,38.602,37.151,19.842,0.09,1.32,0.0
ATOM,701.0,HB2,ALA,45.0,38.695,35.542,20.095,0.09,1.32,0.0
ATOM,702.0,HB3,ALA,45.0,39.155,36.171,18.661,0.09,1.32,0.0
ATOM,703.0,N,ASP,46.0,35.995,34.017,19.603,-0.47,1.85,0.0
ATOM,704.0,CA,ASP,46.0,35.288,33.157,20.565,0.07,2.275,0.0
ATOM,705.0,C,ASP,46.0,36.217,32.446,21.549,0.51,2.0,0.0
ATOM,706.0,O,ASP,46.0,35.813,32.073,22.636,-0.51,1.7,2.77
ATOM,707.0,CB,ASP,46.0,34.536,32.066,19.818,-0.28,2.175,0.0
ATOM,708.0,CG,ASP,46.0,33.407,32.645,19.009,0.62,2.0,0.0
ATOM,709.0,OD1,ASP,46.0,32.485,33.27,19.634,-0.76,1.7,12.05
ATOM,710.0,OD2,ASP,46.0,33.36,32.552,17.776,-0.76,1.7,0.0
ATOM,711.0,H,ASP,46.0,36.279,33.708,18.664,0.31,0.2245,0.0
ATOM,712.0,HA,ASP,46.0,34.684,33.763,21.112,0.09,1.32,5.43
ATOM,713.0,HB2,ASP,46.0,35.171,31.615,19.209,0.09,1.32,0.0
ATOM,714.0,HB3,ASP,46.0,34.167,31.435,20.483,0.09,1.32,0.0
ATOM,715.0,N,ALA,47.0,37.479,32.261,21.117,-0.47,1.85,0.0
ATOM,716.0,CA,ALA,47.0,38.512,31.633,21.949,0.07,2.275,0.0
ATOM,717.0,C,ALA,47.0,39.875,32.134,21.483,0.51,2.0,0.0
ATOM,718.0,O,ALA,47.0,39.92,32.823,20.446,-0.51,1.7,0.0
ATOM,719.0,CB,ALA,47.0,38.454,30.165,21.814,-0.27,2.06,0.31
ATOM,720.0,H,ALA,47.0,37.653,32.601,20.15,0.31,0.2245,0.0
ATOM,721.0,HA,ALA,47.0,38.374,31.91,22.896,0.09,1.32,0.0
ATOM,722.0,HB1,ALA,47.0,39.289,29.813,21.372,0.09,1.32,0.28
ATOM,723.0,HB2,ALA,47.0,38.368,29.726,22.717,0.09,1.32,0.0
ATOM,724.0,HB3,ALA,47.0,37.663,29.888,21.255,0.09,1.32,0.0
ATOM,725.0,N,LEU,48.0,40.939,31.822,22.216,-0.47,1.85,0.0
ATOM,726.0,CA,LEU,48.0,42.262,32.245,21.772,0.07,2.275,0.0
ATOM,727.0,C,LEU,48.0,43.143,31.021,21.645,0.51,2.0,0.0
ATOM,728.0,O,LEU,48.0,42.986,30.087,22.429,-0.51,1.7,0.21
ATOM,729.0,CB,LEU,48.0,42.926,33.155,22.827,-0.18,2.175,0.0
ATOM,730.0,CG,LEU,48.0,42.161,34.415,23.212,-0.09,2.275,0.0
ATOM,731.0,CD1,LEU,48.0,42.849,35.107,24.352,-0.27,2.06,0.0
ATOM,732.0,CD2,LEU,48.0,42.057,35.36,22.013,-0.27,2.06,0.0
ATOM,733.0,H,LEU,48.0,40.756,31.29,23.069,0.31,0.2245,0.0
ATOM,734.0,HA,LEU,48.0,42.175,32.673,20.874,0.09,1.32,0.0
ATOM,735.0,HB2,LEU,48.0,43.05,32.611,23.653,0.09,1.32,0.0
ATOM,736.0,HB3,LEU,48.0,43.81,33.435,22.465,0.09,1.32,0.0
ATOM,737.0,HG,LEU,48.0,41.232,34.159,23.48,0.09,1.32,0.0
ATOM,738.0,HD11,LEU,48.0,43.783,35.363,24.087,0.09,1.32,0.0
ATOM,739.0,HD12,LEU,48.0,42.345,35.937,24.606,0.09,1.32,0.0
ATOM,740.0,HD13,LEU,48.0,42.893,34.498,25.149,0.09,1.32,0.0
ATOM,741.0,HD21,LEU,48.0,41.575,34.898,21.269,0.09,1.32,0.0
ATOM,742.0,HD22,LEU,48.0,41.553,36.18,22.282,0.09,1.32,0.0
ATOM,743.0,HD23,LEU,48.0,42.975,35.614,21.711,0.09,1.32,0.13
ATOM,744.0,N,GLU,49.0,44.059,31.097,20.676,-0.47,1.85,0.0
ATOM,745.0,CA,GLU,49.0,45.114,30.069,20.575,0.07,2.275,0.0
ATOM,746.0,C,GLU,49.0,46.38,30.938,20.701,0.51,2.0,0.0
ATOM,747.0,O,GLU,49.0,46.514,31.925,19.932,-0.51,1.7,0.0
ATOM,748.0,CB,GLU,49.0,45.062,29.411,19.218,-0.18,2.175,0.0
ATOM,749.0,CG,GLU,49.0,45.954,28.205,19.256,-0.28,2.175,0.0
ATOM,750.0,CD,GLU,49.0,45.015,27.001,19.374,0.62,2.0,0.0
ATOM,751.0,OE1,GLU,49.0,43.925,27.221,19.924,-0.76,1.7,1.03
ATOM,752.0,OE2,GLU,49.0,45.341,25.876,18.966,-0.76,1.7,0.0
ATOM,753.0,H,GLU,49.0,43.972,31.892,20.038,0.31,0.2245,0.0
ATOM,754.0,HA,GLU,49.0,45.059,29.462,21.321,0.09,1.32,0.0
ATOM,755.0,HB2,GLU,49.0,44.159,29.112,19.062,0.09,1.32,0.0
ATOM,756.0,HB3,GLU,49.0,45.417,30.028,18.569,0.09,1.32,0.0
ATOM,757.0,HG2,GLU,49.0,46.414,28.124,18.422,0.09,1.32,0.28
ATOM,758.0,HG3,GLU,49.0,46.486,28.227,20.05,0.09,1.32,0.0
ATOM,759.0,N,LEU,50.0,47.295,30.58,21.609,-0.47,1.85,0.0
ATOM,760.0,CA,LEU,50.0,48.416,31.482,21.87,0.07,2.275,0.0
ATOM,761.0,C,LEU,50.0,49.738,30.714,21.895,0.51,2.0,0.0
ATOM,762.0,O,LEU,50.0,49.826,29.695,22.523,-0.51,1.7,0.0
ATOM,763.0,CB,LEU,50.0,48.286,32.121,23.261,-0.18,2.175,0.0
ATOM,764.0,CG,LEU,50.0,46.99,32.942,23.397,-0.09,2.275,0.0
ATOM,765.0,CD1,LEU,50.0,46.803,33.47,24.827,-0.27,2.06,0.0
ATOM,766.0,CD2,LEU,50.0,47.06,34.118,22.454,-0.27,2.06,0.21
ATOM,767.0,H,LEU,50.0,47.147,29.686,22.067,0.31,0.2245,0.0
ATOM,768.0,HA,LEU,50.0,48.459,32.162,21.131,0.09,1.32,0.0
ATOM,769.0,HB2,LEU,50.0,48.25,31.404,23.924,0.09,1.32,0.0
ATOM,770.0,HB3,LEU,50.0,49.036,32.732,23.388,0.09,1.32,0.0
ATOM,771.0,HG,LEU,50.0,46.212,32.36,23.158,0.09,1.32,0.0
ATOM,772.0,HD11,LEU,50.0,47.576,34.055,25.064,0.09,1.32,0.0
ATOM,773.0,HD12,LEU,50.0,45.955,33.995,24.874,0.09,1.32,0.0
ATOM,774.0,HD13,LEU,50.0,46.758,32.698,25.458,0.09,1.32,0.0
ATOM,775.0,HD21,LEU,50.0,47.156,33.793,21.51,0.09,1.32,0.0
ATOM,776.0,HD22,LEU,50.0,46.223,34.665,22.529,0.09,1.32,0.0
ATOM,777.0,HD23,LEU,50.0,47.849,34.693,22.684,0.09,1.32,0.0
ATOM,778.0,N,GLY,51.0,50.771,31.257,21.266,-0.47,1.85,0.0
ATOM,779.0,CA,GLY,51.0,52.08,30.602,21.177,-0.02,2.175,3.81
ATOM,780.0,C,GLY,51.0,53.038,31.221,22.188,0.51,2.0,0.0
ATOM,781.0,O,GLY,51.0,52.872,32.384,22.574,-0.51,1.7,0.0
ATOM,782.0,H,GLY,51.0,50.577,32.191,20.838,0.31,0.2245,0.0
ATOM,783.0,HA2,GLY,51.0,51.977,29.625,21.369,0.09,1.32,0.0
ATOM,784.0,HA3,GLY,51.0,52.448,30.718,20.253,0.09,1.32,0.93
ATOM,785.0,N,VAL,52.0,54.015,30.433,22.629,-0.47,1.85,0.0
ATOM,786.0,CA,VAL,52.0,55.065,30.943,23.518,0.07,2.275,0.0
ATOM,787.0,C,VAL,52.0,56.346,30.942,22.697,0.51,2.0,0.21
ATOM,788.0,O,VAL,52.0,56.721,29.913,22.148,-0.51,1.7,4.36
ATOM,789.0,CB,VAL,52.0,55.233,30.025,24.71,-0.09,2.275,0.0
ATOM,790.0,CG1,VAL,52.0,56.444,30.454,25.521,-0.27,2.06,0.23
ATOM,791.0,CG2,VAL,52.0,53.919,30.165,25.527,-0.27,2.06,0.19
ATOM,792.0,H,VAL,52.0,53.973,29.453,22.3,0.31,0.2245,0.86
ATOM,793.0,HA,VAL,52.0,54.846,31.877,23.75,0.09,1.32,0.0
ATOM,794.0,HB,VAL,52.0,55.424,29.108,24.375,0.09,1.32,0.0
ATOM,795.0,HG11,VAL,52.0,56.877,29.649,25.928,0.09,1.32,0.0
ATOM,796.0,HG12,VAL,52.0,57.1,30.918,24.925,0.09,1.32,0.0
ATOM,797.0,HG13,VAL,52.0,56.157,31.079,26.248,0.09,1.32,0.0
ATOM,798.0,HG21,VAL,52.0,53.955,29.53,26.292,0.09,1.32,0.2
ATOM,799.0,HG22,VAL,52.0,53.851,31.102,25.855,0.09,1.32,0.0
ATOM,800.0,HG23,VAL,52.0,53.153,29.948,24.93,0.09,1.32,0.0
ATOM,801.0,N,PRO,53.0,57.047,32.069,22.607,-0.29,1.85,0.0
ATOM,802.0,CA,PRO,53.0,58.235,32.119,21.76,0.02,2.275,0.0
ATOM,803.0,C,PRO,53.0,59.244,31.045,22.072,0.51,2.0,0.0
ATOM,804.0,O,PRO,53.0,59.575,30.802,23.222,-0.51,1.7,1.62
ATOM,805.0,CB,PRO,53.0,58.826,33.487,22.05,-0.18,2.175,0.0
ATOM,806.0,CG,PRO,53.0,57.621,34.38,22.454,-0.18,2.175,0.0
ATOM,807.0,CD,PRO,53.0,56.716,33.377,23.229,0.0,2.175,0.38
ATOM,808.0,HA,PRO,53.0,57.967,32.09,20.775,0.09,1.32,0.0
ATOM,809.0,HB2,PRO,53.0,59.481,33.457,22.807,0.09,1.32,0.2
ATOM,810.0,HB3,PRO,53.0,59.271,33.88,21.244,0.09,1.32,0.0
ATOM,811.0,HG2,PRO,53.0,57.921,35.1,23.045,0.09,1.32,0.0
ATOM,812.0,HG3,PRO,53.0,57.164,34.708,21.653,0.09,1.32,0.0
ATOM,813.0,HD2,PRO,53.0,56.946,33.381,24.194,0.09,1.32,0.11
ATOM,814.0,HD3,PRO,53.0,55.758,33.603,23.096,0.09,1.32,0.0
ATOM,815.0,N,PHE,54.0,59.685,30.437,20.974,-0.47,1.85,0.0
ATOM,816.0,CA,PHE,54.0,60.64,29.345,21.088,0.07,2.275,0.0
ATOM,817.0,C,PHE,54.0,61.708,29.467,20.012,0.51,2.0,0.0
ATOM,818.0,O,PHE,54.0,61.43,29.994,18.891,-0.51,1.7,1.25
ATOM,819.0,CB,PHE,54.0,59.832,28.022,20.922,-0.18,2.175,0.29
ATOM,820.0,CG,PHE,54.0,60.709,26.761,21.016,0.0,1.9924,0.0
ATOM,821.0,CD1,PHE,54.0,61.488,26.532,22.152,-0.115,1.9924,0.55
ATOM,822.0,CD2,PHE,54.0,60.733,25.821,19.977,-0.115,1.9924,0.0
ATOM,823.0,CE1,PHE,54.0,62.334,25.369,22.303,-0.115,1.9924,2.96
ATOM,824.0,CE2,PHE,54.0,61.543,24.674,20.067,-0.115,1.9924,0.91
ATOM,825.0,CZ,PHE,54.0,62.335,24.421,21.251,-0.115,1.9924,4.38
ATOM,826.0,H,PHE,54.0,59.31,30.79,20.088,0.31,0.2245,0.0
ATOM,827.0,HA,PHE,54.0,61.105,29.451,21.972,0.09,1.32,0.63
ATOM,828.0,HB2,PHE,54.0,59.174,27.981,21.646,0.09,1.32,0.0
ATOM,829.0,HB3,PHE,54.0,59.421,28.033,20.033,0.09,1.32,0.04
ATOM,830.0,HD1,PHE,54.0,61.477,27.186,22.91,0.115,1.3582,0.78
ATOM,831.0,HD2,PHE,54.0,60.173,25.963,19.168,0.115,1.3582,0.0
ATOM,832.0,HE1,PHE,54.0,62.876,25.261,23.106,0.115,1.3582,3.23
ATOM,833.0,HE2,PHE,54.0,61.581,24.018,19.307,0.115,1.3582,4.1
ATOM,834.0,HZ,PHE,54.0,62.864,23.597,21.315,0.115,1.3582,10.31
ATOM,835.0,N,SER,55.0,62.887,28.982,20.39,-0.47,1.85,0.01
ATOM,836.0,CA,SER,55.0,64.06,29.122,19.522,0.07,2.275,1.41
ATOM,837.0,C,SER,55.0,63.889,28.359,18.188,0.51,2.0,0.0
ATOM,838.0,O,SER,55.0,64.447,28.794,17.179,-0.51,1.7,20.49
ATOM,839.0,CB,SER,55.0,65.275,28.558,20.241,0.05,2.175,23.02
ATOM,840.0,OG,SER,55.0,65.066,27.279,20.592,-0.66,1.77,9.15
ATOM,841.0,H,SER,55.0,62.905,28.518,21.308,0.31,0.2245,2.44
ATOM,842.0,HA,SER,55.0,64.171,30.098,19.298,0.09,1.32,4.52
ATOM,843.0,HB2,SER,55.0,66.061,28.635,19.622,0.09,1.32,6.82
ATOM,844.0,HB3,SER,55.0,65.443,29.127,21.05,0.09,1.32,9.61
ATOM,845.0,HG,SER,55.0,65.414,26.64,19.888,0.43,0.2245,1.64
ATOM,846.0,N,ASP,56.0,63.123,27.279,18.161,-0.47,1.85,0.0
ATOM,847.0,CA,ASP,56.0,63.137,26.39,16.973,0.07,2.275,2.03
ATOM,848.0,C,ASP,56.0,61.765,25.871,16.595,0.51,2.0,1.1
ATOM,849.0,O,ASP,56.0,61.458,24.692,16.78,-0.51,1.7,0.08
ATOM,850.0,CB,ASP,56.0,64.144,25.259,17.283,-0.28,2.175,12.86
ATOM,851.0,CG,ASP,56.0,65.569,25.847,17.389,0.62,2.0,3.59
ATOM,852.0,OD1,ASP,56.0,66.24,26.005,16.341,-0.76,1.7,39.11
ATOM,853.0,OD2,ASP,56.0,66.066,26.252,18.468,-0.76,1.7,18.35
ATOM,854.0,H,ASP,56.0,62.544,27.11,18.987,0.31,0.2245,0.0
ATOM,855.0,HA,ASP,56.0,63.475,26.953,16.2,0.09,1.32,2.13
ATOM,856.0,HB2,ASP,56.0,63.907,24.865,18.144,0.09,1.32,0.14
ATOM,857.0,HB3,ASP,56.0,64.126,24.621,16.545,0.09,1.32,6.05
ATOM,858.0,N,PRO,57.0,60.903,26.786,16.116,-0.29,1.85,0.28
ATOM,859.0,CA,PRO,57.0,59.475,26.452,15.881,0.02,2.275,0.0
ATOM,860.0,C,PRO,57.0,59.301,25.685,14.575,0.51,2.0,0.43
ATOM,861.0,O,PRO,57.0,58.911,26.25,13.558,-0.51,1.7,2.88
ATOM,862.0,CB,PRO,57.0,58.792,27.845,15.906,-0.18,2.175,0.0
ATOM,863.0,CG,PRO,57.0,59.908,28.81,15.337,-0.18,2.175,1.4
ATOM,864.0,CD,PRO,57.0,61.24,28.198,15.834,0.0,2.175,6.46
ATOM,865.0,HA,PRO,57.0,59.107,25.933,16.658,0.09,1.32,0.0
ATOM,866.0,HB2,PRO,57.0,58.007,27.874,15.31,0.09,1.32,0.0
ATOM,867.0,HB3,PRO,57.0,58.565,28.121,16.824,0.09,1.32,0.06
ATOM,868.0,HG2,PRO,57.0,59.861,28.809,14.352,0.09,1.32,0.0
ATOM,869.0,HG3,PRO,57.0,59.77,29.714,15.708,0.09,1.32,0.0
ATOM,870.0,HD2,PRO,57.0,61.939,28.264,15.126,0.09,1.32,7.94
ATOM,871.0,HD3,PRO,57.0,61.55,28.664,16.66,0.09,1.32,0.0
ATOM,872.0,N,LEU,58.0,59.605,24.406,14.633,-0.47,1.85,0.02
ATOM,873.0,CA,LEU,58.0,59.643,23.555,13.434,0.07,2.275,1.97
ATOM,874.0,C,LEU,58.0,58.304,23.206,12.807,0.51,2.0,0.05
ATOM,875.0,O,LEU,58.0,58.321,22.53,11.75,-0.51,1.7,15.87
ATOM,876.0,CB,LEU,58.0,60.502,22.32,13.702,-0.18,2.175,9.26
ATOM,877.0,CG,LEU,58.0,60.228,21.437,14.907,-0.09,2.275,0.0
ATOM,878.0,CD1,LEU,58.0,59.054,20.65,14.52,-0.27,2.06,15.41
ATOM,879.0,CD2,LEU,58.0,61.431,20.479,15.207,-0.27,2.06,36.69
ATOM,880.0,H,LEU,58.0,59.816,24.042,15.586,0.31,0.2245,0.0
ATOM,881.0,HA,LEU,58.0,60.214,24.038,12.727,0.09,1.32,10.56
ATOM,882.0,HB2,LEU,58.0,60.443,21.727,12.878,0.09,1.32,5.58
ATOM,883.0,HB3,LEU,58.0,61.466,22.633,13.773,0.09,1.32,6.96
ATOM,884.0,HG,LEU,58.0,60.031,22.01,15.68,0.09,1.32,0.0
ATOM,885.0,HD11,LEU,58.0,59.243,20.098,13.696,0.09,1.32,8.64
ATOM,886.0,HD12,LEU,58.0,58.781,20.019,15.26,0.09,1.32,0.0
ATOM,887.0,HD13,LEU,58.0,58.267,21.249,14.317,0.09,1.32,0.0
ATOM,888.0,HD21,LEU,58.0,62.234,21.034,15.389,0.09,1.32,5.78
ATOM,889.0,HD22,LEU,58.0,61.2,19.927,16.0,0.09,1.32,4.65
ATOM,890.0,HD23,LEU,58.0,61.577,19.903,14.411,0.09,1.32,9.39
ATOM,891.0,N,ALA,59.0,57.164,23.647,13.371,-0.47,1.85,0.0
ATOM,892.0,CA,ALA,59.0,55.878,23.431,12.678,0.07,2.275,0.34
ATOM,893.0,C,ALA,59.0,55.397,24.715,12.027,0.51,2.0,0.0
ATOM,894.0,O,ALA,59.0,54.293,24.743,11.465,-0.51,1.7,0.0
ATOM,895.0,CB,ALA,59.0,54.808,22.872,13.623,-0.27,2.06,12.34
ATOM,896.0,H,ALA,59.0,57.264,24.117,14.268,0.31,0.2245,0.0
ATOM,897.0,HA,ALA,59.0,56.017,22.735,11.967,0.09,1.32,2.4
ATOM,898.0,HB1,ALA,59.0,55.241,22.267,14.288,0.09,1.32,0.59
ATOM,899.0,HB2,ALA,59.0,54.361,23.628,14.097,0.09,1.32,2.09
ATOM,900.0,HB3,ALA,59.0,54.135,22.362,13.092,0.09,1.32,6.2
ATOM,901.0,N,ASP,60.0,56.208,25.781,12.082,-0.47,1.85,0.0
ATOM,902.0,CA,ASP,60.0,55.779,27.096,11.598,0.07,2.275,0.0
ATOM,903.0,C,ASP,60.0,56.441,27.614,10.332,0.51,2.0,0.0
ATOM,904.0,O,ASP,60.0,57.647,27.504,10.182,-0.51,1.7,4.71
ATOM,905.0,CB,ASP,60.0,55.962,28.166,12.731,-0.28,2.175,0.0
ATOM,906.0,CG,ASP,60.0,54.92,28.016,13.796,0.62,2.0,0.01
ATOM,907.0,OD1,ASP,60.0,53.702,28.197,13.505,-0.76,1.7,3.82
ATOM,908.0,OD2,ASP,60.0,55.3,27.814,15.006,-0.76,1.7,3.62
ATOM,909.0,H,ASP,60.0,57.142,25.595,12.487,0.31,0.2245,0.0
ATOM,910.0,HA,ASP,60.0,54.771,27.021,11.4,0.09,1.32,0.0
ATOM,911.0,HB2,ASP,60.0,56.86,28.024,13.114,0.09,1.32,0.0
ATOM,912.0,HB3,ASP,60.0,55.883,29.05,12.303,0.09,1.32,0.0
ATOM,913.0,N,GLY,61.0,55.637,28.247,9.469,-0.47,1.85,0.0
ATOM,914.0,CA,GLY,61.0,56.169,28.879,8.272,-0.02,2.175,0.0
ATOM,915.0,C,GLY,61.0,56.786,30.228,8.659,0.51,2.0,0.0
ATOM,916.0,O,GLY,61.0,56.856,30.63,9.818,-0.51,1.7,0.0
ATOM,917.0,H,GLY,61.0,54.636,28.244,9.726,0.31,0.2245,0.0
ATOM,918.0,HA2,GLY,61.0,56.874,28.302,7.866,0.09,1.32,0.7
ATOM,919.0,HA3,GLY,61.0,55.436,29.032,7.613,0.09,1.32,0.0
ATOM,920.0,N,PRO,62.0,57.256,30.962,7.656,-0.29,1.85,0.0
ATOM,921.0,CA,PRO,62.0,57.976,32.219,7.895,0.02,2.275,0.31
ATOM,922.0,C,PRO,62.0,57.205,33.265,8.673,0.51,2.0,0.0
ATOM,923.0,O,PRO,62.0,57.814,34.05,9.464,-0.51,1.7,0.0
ATOM,924.0,CB,PRO,62.0,58.197,32.768,6.483,-0.18,2.175,11.22
ATOM,925.0,CG,PRO,62.0,57.9,31.589,5.518,-0.18,2.175,19.05
ATOM,926.0,CD,PRO,62.0,57.167,30.559,6.23,0.0,2.175,11.2
ATOM,927.0,HA,PRO,62.0,58.877,32.025,8.347,0.09,1.32,0.0
ATOM,928.0,HB2,PRO,62.0,57.573,33.526,6.283,0.09,1.32,6.12
ATOM,929.0,HB3,PRO,62.0,59.141,33.075,6.352,0.09,1.32,9.84
ATOM,930.0,HG2,PRO,62.0,57.384,31.962,4.718,0.09,1.32,11.15
ATOM,931.0,HG3,PRO,62.0,58.792,31.256,5.148,0.09,1.32,12.15
ATOM,932.0,HD2,PRO,62.0,56.196,30.507,5.958,0.09,1.32,5.92
ATOM,933.0,HD3,PRO,62.0,57.57,29.639,6.117,0.09,1.32,5.57
ATOM,934.0,N,THR,63.0,55.879,33.317,8.483,-0.47,1.85,0.0
ATOM,935.0,CA,THR,63.0,55.16,34.407,9.152,0.07,2.275,0.74
ATOM,936.0,C,THR,63.0,55.335,34.24,10.675,0.51,2.0,0.0
ATOM,937.0,O,THR,63.0,55.692,35.185,11.413,-0.51,1.7,0.0
ATOM,938.0,CB,THR,63.0,53.707,34.437,8.769,0.14,2.275,0.0
ATOM,939.0,OG1,THR,63.0,53.614,34.818,7.366,-0.66,1.77,10.79
ATOM,940.0,CG2,THR,63.0,52.946,35.573,9.543,-0.27,2.06,0.0
ATOM,941.0,H,THR,63.0,55.47,32.614,7.901,0.31,0.2245,0.6
ATOM,942.0,HA,THR,63.0,55.571,35.272,8.887,0.09,1.32,0.63
ATOM,943.0,HB,THR,63.0,53.303,33.508,8.854,0.09,1.32,0.0
ATOM,944.0,HG21,THR,63.0,53.615,36.131,10.022,0.09,1.32,0.0
ATOM,945.0,HG22,THR,63.0,52.444,36.122,8.883,0.09,1.32,0.0
ATOM,946.0,HG23,THR,63.0,52.32,35.149,10.189,0.09,1.32,0.0
ATOM,947.0,HG1,THR,63.0,52.931,34.248,6.906,0.43,0.2245,3.37
ATOM,948.0,N,ILE,64.0,55.091,33.019,11.155,-0.47,1.85,0.0
ATOM,949.0,CA,ILE,64.0,55.205,32.789,12.588,0.07,2.275,0.0
ATOM,950.0,C,ILE,64.0,56.694,32.692,13.041,0.51,2.0,0.0
ATOM,951.0,O,ILE,64.0,57.017,33.081,14.157,-0.51,1.7,0.0
ATOM,952.0,CB,ILE,64.0,54.204,31.718,13.075,-0.09,2.275,0.0
ATOM,953.0,CG1,ILE,64.0,52.779,32.35,12.962,-0.18,2.175,0.0
ATOM,954.0,CG2,ILE,64.0,54.506,31.361,14.5,-0.27,2.06,0.4
ATOM,955.0,CD1,ILE,64.0,51.731,31.326,12.987,-0.27,2.06,2.44
ATOM,956.0,H,ILE,64.0,54.835,32.311,10.468,0.31,0.2245,0.01
ATOM,957.0,HA,ILE,64.0,54.835,33.604,13.045,0.09,1.32,0.0
ATOM,958.0,HB,ILE,64.0,54.237,30.96,12.461,0.09,1.32,0.0
ATOM,959.0,HG12,ILE,64.0,52.68,32.978,13.723,0.09,1.32,0.0
ATOM,960.0,HG13,ILE,64.0,52.757,32.853,12.107,0.09,1.32,0.0
ATOM,961.0,HG21,ILE,64.0,53.834,30.7,14.84,0.09,1.32,0.0
ATOM,962.0,HG22,ILE,64.0,55.42,30.956,14.568,0.09,1.32,0.0
ATOM,963.0,HG23,ILE,64.0,54.472,32.181,15.075,0.09,1.32,0.0
ATOM,964.0,HD11,ILE,64.0,51.767,30.802,13.846,0.09,1.32,0.71
ATOM,965.0,HD12,ILE,64.0,50.82,31.749,12.913,0.09,1.32,0.0
ATOM,966.0,HD13,ILE,64.0,51.844,30.683,12.22,0.09,1.32,0.0
ATOM,967.0,N,GLN,65.0,57.611,32.224,12.175,-0.47,1.85,0.0
ATOM,968.0,CA,GLN,65.0,59.021,32.31,12.515,0.07,2.275,0.53
ATOM,969.0,C,GLN,65.0,59.354,33.778,12.865,0.51,2.0,0.03
ATOM,970.0,O,GLN,65.0,60.044,34.067,13.844,-0.51,1.7,4.09
ATOM,971.0,CB,GLN,65.0,59.884,31.9,11.32,-0.18,2.175,3.35
ATOM,972.0,CG,GLN,65.0,59.893,30.382,11.107,-0.18,2.175,4.63
ATOM,973.0,CD,GLN,65.0,60.385,30.041,9.69,0.55,2.0,2.38
ATOM,974.0,H,GLN,65.0,57.238,31.828,11.311,0.31,0.2245,0.0
ATOM,975.0,HA,GLN,65.0,59.185,31.767,13.334,0.09,1.32,0.0
ATOM,976.0,HB2,GLN,65.0,59.522,32.322,10.498,0.09,1.32,0.0
ATOM,977.0,HB3,GLN,65.0,60.82,32.192,11.48,0.09,1.32,8.89
ATOM,978.0,HG2,GLN,65.0,60.51,29.971,11.758,0.09,1.32,3.95
ATOM,979.0,HG3,GLN,65.0,58.973,30.039,11.21,0.09,1.32,0.0
ATOM,980.0,OE1,GLN,65.0,61.293,30.721,9.193,-0.55,1.7,30.66
ATOM,981.0,NE2,GLN,65.0,59.78,29.059,9.042,-0.62,1.85,11.75
ATOM,982.0,HE21,GLN,65.0,60.047,28.8,8.112,0.32,0.2245,15.06
ATOM,983.0,HE22,GLN,65.0,59.02,28.558,9.518,0.3,0.2245,0.0
ATOM,984.0,N,ASN,66.0,58.875,34.695,12.035,-0.47,1.85,0.0
ATOM,985.0,CA,ASN,66.0,59.12,36.112,12.288,0.07,2.275,0.0
ATOM,986.0,C,ASN,66.0,58.466,36.668,13.542,0.51,2.0,0.0
ATOM,987.0,O,ASN,66.0,59.01,37.575,14.194,-0.51,1.7,0.0
ATOM,988.0,CB,ASN,66.0,58.86,36.918,11.019,-0.18,2.175,3.0
ATOM,989.0,CG,ASN,66.0,59.986,36.732,10.03,0.55,2.0,2.23
ATOM,990.0,H,ASN,66.0,58.34,34.337,11.234,0.31,0.2245,0.0
ATOM,991.0,HA,ASN,66.0,60.13,36.221,12.406,0.09,1.32,0.0
ATOM,992.0,HB2,ASN,66.0,58.019,36.598,10.61,0.09,1.32,0.0
ATOM,993.0,HB3,ASN,66.0,58.801,37.875,11.261,0.09,1.32,0.94
ATOM,994.0,OD1,ASN,66.0,61.133,36.644,10.449,-0.55,1.7,23.6
ATOM,995.0,ND2,ASN,66.0,59.68,36.655,8.735,-0.62,1.85,13.45
ATOM,996.0,HD22,ASN,66.0,58.711,36.73,8.47,0.3,0.2245,3.79
ATOM,997.0,HD21,ASN,66.0,60.384,36.528,8.054,0.32,0.2245,19.76
ATOM,998.0,N,ALA,67.0,57.292,36.135,13.917,-0.47,1.85,0.0
ATOM,999.0,CA,ALA,67.0,56.659,36.619,15.146,0.07,2.275,0.0
ATOM,1000.0,C,ALA,67.0,57.551,36.202,16.297,0.51,2.0,0.0
ATOM,1001.0,O,ALA,67.0,57.705,36.942,17.262,-0.51,1.7,0.0
ATOM,1002.0,CB,ALA,67.0,55.28,35.962,15.341,-0.27,2.06,0.0
ATOM,1003.0,H,ALA,67.0,56.913,35.416,13.31,0.31,0.2245,0.0
ATOM,1004.0,HA,ALA,67.0,56.612,37.61,15.113,0.09,1.32,0.0
ATOM,1005.0,HB1,ALA,67.0,54.715,36.148,14.541,0.09,1.32,0.0
ATOM,1006.0,HB2,ALA,67.0,55.401,34.979,15.45,0.09,1.32,0.0
ATOM,1007.0,HB3,ALA,67.0,54.85,36.343,16.155,0.09,1.32,0.0
ATOM,1008.0,N,ASN,68.0,58.126,34.996,16.211,-0.47,1.85,0.0
ATOM,1009.0,CA,ASN,68.0,58.984,34.532,17.297,0.07,2.275,0.0
ATOM,1010.0,C,ASN,68.0,60.249,35.397,17.393,0.51,2.0,0.0
ATOM,1011.0,O,ASN,68.0,60.652,35.776,18.492,-0.51,1.7,0.0
ATOM,1012.0,CB,ASN,68.0,59.335,33.064,17.128,-0.18,2.175,3.53
ATOM,1013.0,CG,ASN,68.0,58.21,32.137,17.589,0.55,2.0,0.0
ATOM,1014.0,H,ASN,68.0,57.919,34.464,15.364,0.31,0.2245,0.0
ATOM,1015.0,HA,ASN,68.0,58.479,34.662,18.155,0.09,1.32,0.0
ATOM,1016.0,HB2,ASN,68.0,59.511,32.883,16.165,0.09,1.32,0.0
ATOM,1017.0,HB3,ASN,68.0,60.145,32.862,17.67,0.09,1.32,0.12
ATOM,1018.0,OD1,ASN,68.0,58.306,31.539,18.642,-0.55,1.7,1.83
ATOM,1019.0,ND2,ASN,68.0,57.155,31.99,16.767,-0.62,1.85,0.0
ATOM,1020.0,HD22,ASN,68.0,57.16,32.487,15.896,0.3,0.2245,0.0
ATOM,1021.0,HD21,ASN,68.0,56.401,31.406,17.022,0.32,0.2245,4.31
ATOM,1022.0,N,LEU,69.0,60.825,35.693,16.224,-0.47,1.85,0.83
ATOM,1023.0,CA,LEU,69.0,61.995,36.574,16.162,0.07,2.275,2.26
ATOM,1024.0,C,LEU,69.0,61.614,37.907,16.781,0.51,2.0,0.0
ATOM,1025.0,O,LEU,69.0,62.379,38.426,17.605,-0.51,1.7,0.0
ATOM,1026.0,CB,LEU,69.0,62.363,36.763,14.706,-0.18,2.175,0.5
ATOM,1027.0,CG,LEU,69.0,63.495,37.722,14.298,-0.09,2.275,0.95
ATOM,1028.0,CD1,LEU,69.0,63.26,39.252,14.485,-0.27,2.06,21.35
ATOM,1029.0,CD2,LEU,69.0,64.789,37.234,14.905,-0.27,2.06,37.01
ATOM,1030.0,H,LEU,69.0,60.387,35.261,15.397,0.31,0.2245,0.0
ATOM,1031.0,HA,LEU,69.0,62.726,36.167,16.7,0.09,1.32,1.05
ATOM,1032.0,HB2,LEU,69.0,62.609,35.852,14.325,0.09,1.32,6.49
ATOM,1033.0,HB3,LEU,69.0,61.531,37.074,14.211,0.09,1.32,0.0
ATOM,1034.0,HG,LEU,69.0,63.724,37.557,13.31,0.09,1.32,7.95
ATOM,1035.0,HD11,LEU,69.0,63.092,39.43,15.449,0.09,1.32,0.0
ATOM,1036.0,HD12,LEU,69.0,64.073,39.736,14.18,0.09,1.32,9.92
ATOM,1037.0,HD13,LEU,69.0,62.472,39.519,13.94,0.09,1.32,3.79
ATOM,1038.0,HD21,LEU,69.0,64.994,36.311,14.573,0.09,1.32,10.38
ATOM,1039.0,HD22,LEU,69.0,65.538,37.849,14.649,0.09,1.32,10.04
ATOM,1040.0,HD23,LEU,69.0,64.71,37.213,15.904,0.09,1.32,2.19
ATOM,1041.0,N,ARG,70.0,60.498,38.504,16.397,-0.47,1.85,0.0
ATOM,1042.0,CA,ARG,70.0,60.128,39.775,17.05,0.07,2.275,0.29
ATOM,1043.0,C,ARG,70.0,59.984,39.689,18.597,0.51,2.0,0.0
ATOM,1044.0,O,ARG,70.0,60.482,40.567,19.35,-0.51,1.7,1.65
ATOM,1045.0,CB,ARG,70.0,58.887,40.373,16.438,-0.18,2.175,1.45
ATOM,1046.0,CG,ARG,70.0,59.02,40.828,14.986,-0.18,2.175,5.3
ATOM,1047.0,CD,ARG,70.0,57.806,41.657,14.518,0.2,2.175,3.05
ATOM,1048.0,NE,ARG,70.0,56.569,40.813,14.492,-0.7,1.85,0.0
ATOM,1049.0,CZ,ARG,70.0,56.198,40.053,13.471,0.64,2.0,0.0
ATOM,1050.0,NH1,ARG,70.0,56.909,39.993,12.321,-0.8,1.85,0.14
ATOM,1051.0,NH2,ARG,70.0,55.083,39.317,13.584,-0.8,1.85,0.0
ATOM,1052.0,H,ARG,70.0,59.956,38.053,15.672,0.31,0.2245,0.0
ATOM,1053.0,HA,ARG,70.0,60.844,40.466,16.842,0.09,1.32,1.0
ATOM,1054.0,HB2,ARG,70.0,58.15,39.692,16.473,0.09,1.32,0.0
ATOM,1055.0,HB3,ARG,70.0,58.613,41.173,16.979,0.09,1.32,0.72
ATOM,1056.0,HG2,ARG,70.0,59.832,41.398,14.887,0.09,1.32,7.59
ATOM,1057.0,HG3,ARG,70.0,59.089,40.031,14.391,0.09,1.32,0.0
ATOM,1058.0,HD2,ARG,70.0,57.673,42.396,15.155,0.09,1.32,0.59
ATOM,1059.0,HD3,ARG,70.0,57.989,41.982,13.606,0.09,1.32,0.56
ATOM,1060.0,HE,ARG,70.0,55.991,40.835,15.313,0.44,0.2245,0.0
ATOM,1061.0,HH11,ARG,70.0,57.75,40.526,12.254,0.46,0.2245,5.43
ATOM,1062.0,HH12,ARG,70.0,56.591,39.429,11.575,0.46,0.2245,0.0
ATOM,1063.0,HH21,ARG,70.0,54.56,39.332,14.432,0.46,0.2245,0.0
ATOM,1064.0,HH22,ARG,70.0,54.783,38.755,12.815,0.46,0.2245,0.0
ATOM,1065.0,N,ALA,71.0,59.291,38.65,19.065,-0.47,1.85,0.0
ATOM,1066.0,CA,ALA,71.0,59.159,38.457,20.518,0.07,2.275,0.0
ATOM,1067.0,C,ALA,71.0,60.516,38.298,21.235,0.51,2.0,0.0
ATOM,1068.0,O,ALA,71.0,60.744,38.85,22.362,-0.51,1.7,0.0
ATOM,1069.0,CB,ALA,71.0,58.228,37.205,20.756,-0.27,2.06,0.0
ATOM,1070.0,H,ALA,71.0,58.881,38.031,18.364,0.31,0.2245,0.0
ATOM,1071.0,HA,ALA,71.0,58.688,39.264,20.909,0.09,1.32,0.0
ATOM,1072.0,HB1,ALA,71.0,58.806,36.432,20.981,0.09,1.32,0.0
ATOM,1073.0,HB2,ALA,71.0,57.615,37.417,21.504,0.09,1.32,0.0
ATOM,1074.0,HB3,ALA,71.0,57.722,37.037,19.921,0.09,1.32,0.0
ATOM,1075.0,N,PHE,72.0,61.42,37.556,20.592,-0.47,1.85,0.0
ATOM,1076.0,CA,PHE,72.0,62.769,37.408,21.175,0.07,2.275,0.0
ATOM,1077.0,C,PHE,72.0,63.51,38.758,21.162,0.51,2.0,0.42
ATOM,1078.0,O,PHE,72.0,64.219,39.092,22.111,-0.51,1.7,12.73
ATOM,1079.0,CB,PHE,72.0,63.548,36.314,20.486,-0.18,2.175,10.3
ATOM,1080.0,CG,PHE,72.0,63.172,34.967,21.009,0.0,1.9924,0.71
ATOM,1081.0,CD1,PHE,72.0,63.148,34.728,22.389,-0.115,1.9924,9.55
ATOM,1082.0,CD2,PHE,72.0,62.773,33.978,20.163,-0.115,1.9924,8.51
ATOM,1083.0,CE1,PHE,72.0,62.772,33.47,22.867,-0.115,1.9924,10.26
ATOM,1084.0,CE2,PHE,72.0,62.425,32.748,20.636,-0.115,1.9924,1.17
ATOM,1085.0,CZ,PHE,72.0,62.42,32.491,21.951,-0.115,1.9924,3.88
ATOM,1086.0,H,PHE,72.0,61.12,37.128,19.722,0.31,0.2245,0.0
ATOM,1087.0,HA,PHE,72.0,62.643,37.159,22.136,0.09,1.32,0.0
ATOM,1088.0,HB2,PHE,72.0,63.336,36.34,19.528,0.09,1.32,0.0
ATOM,1089.0,HB3,PHE,72.0,64.503,36.455,20.664,0.09,1.32,8.87
ATOM,1090.0,HD1,PHE,72.0,63.393,35.442,23.022,0.115,1.3582,4.99
ATOM,1091.0,HD2,PHE,72.0,62.733,34.158,19.169,0.115,1.3582,3.31
ATOM,1092.0,HE1,PHE,72.0,62.762,33.292,23.847,0.115,1.3582,8.14
ATOM,1093.0,HE2,PHE,72.0,62.165,32.014,19.959,0.115,1.3582,0.1
ATOM,1094.0,HZ,PHE,72.0,62.159,31.577,22.304,0.115,1.3582,2.32
ATOM,1095.0,N,ALA,73.0,63.286,39.563,20.129,-0.47,1.85,0.7
ATOM,1096.0,CA,ALA,73.0,63.979,40.897,20.119,0.07,2.275,3.23
ATOM,1097.0,C,ALA,73.0,63.501,41.738,21.273,0.51,2.0,0.18
ATOM,1098.0,O,ALA,73.0,64.244,42.584,21.792,-0.51,1.7,31.16
ATOM,1099.0,CB,ALA,73.0,63.773,41.597,18.791,-0.27,2.06,25.42
ATOM,1100.0,H,ALA,73.0,62.668,39.244,19.408,0.31,0.2245,0.0
ATOM,1101.0,HA,ALA,73.0,64.962,40.725,20.208,0.09,1.32,10.09
ATOM,1102.0,HB1,ALA,73.0,63.0,41.184,18.308,0.09,1.32,0.0
ATOM,1103.0,HB2,ALA,73.0,63.584,42.567,18.947,0.09,1.32,9.11
ATOM,1104.0,HB3,ALA,73.0,64.598,41.508,18.231,0.09,1.32,10.87
ATOM,1105.0,N,ALA,74.0,62.255,41.504,21.675,-0.47,1.85,0.43
ATOM,1106.0,CA,ALA,74.0,61.681,42.181,22.847,0.07,2.275,2.95
ATOM,1107.0,C,ALA,74.0,62.048,41.491,24.16,0.51,2.0,1.5
ATOM,1108.0,O,ALA,74.0,61.616,41.962,25.196,-0.51,1.7,23.32
ATOM,1109.0,CB,ALA,74.0,60.175,42.321,22.709,-0.27,2.06,6.78
ATOM,1110.0,H,ALA,74.0,61.731,40.816,21.104,0.31,0.2245,0.0
ATOM,1111.0,HA,ALA,74.0,62.033,43.13,22.872,0.09,1.32,8.63
ATOM,1112.0,HB1,ALA,74.0,59.856,41.774,21.935,0.09,1.32,0.0
ATOM,1113.0,HB2,ALA,74.0,59.73,42.001,23.546,0.09,1.32,0.08
ATOM,1114.0,HB3,ALA,74.0,59.94,43.281,22.555,0.09,1.32,6.93
ATOM,1115.0,N,GLY,75.0,62.803,40.379,24.142,-0.47,1.85,0.08
ATOM,1116.0,CA,GLY,75.0,63.251,39.762,25.359,-0.02,2.175,17.36
ATOM,1117.0,C,GLY,75.0,62.179,38.898,26.007,0.51,2.0,0.59
ATOM,1118.0,O,GLY,75.0,62.265,38.605,27.191,-0.51,1.7,6.47
ATOM,1119.0,H,GLY,75.0,63.019,40.028,23.189,0.31,0.2245,0.0
ATOM,1120.0,HA2,GLY,75.0,64.068,39.186,25.173,0.09,1.32,9.3
ATOM,1121.0,HA3,GLY,75.0,63.541,40.477,26.022,0.09,1.32,10.15
ATOM,1122.0,N,VAL,76.0,61.179,38.524,25.223,-0.47,1.85,0.0
ATOM,1123.0,CA,VAL,76.0,60.043,37.793,25.823,0.07,2.275,0.0
ATOM,1124.0,C,VAL,76.0,60.434,36.394,26.286,0.51,2.0,0.0
ATOM,1125.0,O,VAL,76.0,60.975,35.625,25.504,-0.51,1.7,1.69
ATOM,1126.0,CB,VAL,76.0,58.866,37.754,24.864,-0.09,2.275,0.0
ATOM,1127.0,CG1,VAL,76.0,57.713,36.87,25.481,-0.27,2.06,0.0
ATOM,1128.0,CG2,VAL,76.0,58.368,39.195,24.649,-0.27,2.06,0.0
ATOM,1129.0,H,VAL,76.0,61.249,38.764,24.24,0.31,0.2245,0.0
ATOM,1130.0,HA,VAL,76.0,59.735,38.317,26.63,0.09,1.32,0.0
ATOM,1131.0,HB,VAL,76.0,59.137,37.287,24.036,0.09,1.32,0.0
ATOM,1132.0,HG11,VAL,76.0,58.125,36.055,25.866,0.09,1.32,0.0
ATOM,1133.0,HG12,VAL,76.0,57.261,37.403,26.183,0.09,1.32,0.0
ATOM,1134.0,HG13,VAL,76.0,57.083,36.638,24.753,0.09,1.32,0.0
ATOM,1135.0,HG21,VAL,76.0,58.755,39.545,23.8,0.09,1.32,0.0
ATOM,1136.0,HG22,VAL,76.0,57.373,39.186,24.594,0.09,1.32,0.0
ATOM,1137.0,HG23,VAL,76.0,58.664,39.755,25.418,0.09,1.32,0.06
ATOM,1138.0,N,THR,77.0,60.137,36.04,27.548,-0.47,1.85,0.0
ATOM,1139.0,CA,THR,77.0,60.496,34.735,28.096,0.07,2.275,0.0
ATOM,1140.0,C,THR,77.0,59.215,33.916,28.422,0.51,2.0,0.24
ATOM,1141.0,O,THR,77.0,58.129,34.504,28.541,-0.51,1.7,0.0
ATOM,1142.0,CB,THR,77.0,61.183,34.894,29.44,0.14,2.275,2.25
ATOM,1143.0,OG1,THR,77.0,60.344,35.557,30.405,-0.66,1.77,2.74
ATOM,1144.0,CG2,THR,77.0,62.478,35.747,29.302,-0.27,2.06,31.57
ATOM,1145.0,H,THR,77.0,59.635,36.772,28.09,0.31,0.2245,0.0
ATOM,1146.0,HA,THR,77.0,61.015,34.224,27.409,0.09,1.32,0.92
ATOM,1147.0,HB,THR,77.0,61.411,33.961,29.819,0.09,1.32,3.16
ATOM,1148.0,HG21,THR,77.0,63.268,35.164,29.475,0.09,1.32,11.61
ATOM,1149.0,HG22,THR,77.0,62.523,36.118,28.378,0.09,1.32,0.7
ATOM,1150.0,HG23,THR,77.0,62.448,36.489,29.967,0.09,1.32,4.83
ATOM,1151.0,HG1,THR,77.0,60.134,36.49,30.098,0.43,0.2245,0.0
ATOM,1152.0,N,PRO,78.0,59.32,32.589,28.614,-0.29,1.85,0.0
ATOM,1153.0,CA,PRO,78.0,58.128,31.825,29.038,0.02,2.275,0.0
ATOM,1154.0,C,PRO,78.0,57.534,32.362,30.343,0.51,2.0,0.0
ATOM,1155.0,O,PRO,78.0,56.317,32.461,30.477,-0.51,1.7,0.0
ATOM,1156.0,CB,PRO,78.0,58.642,30.4,29.166,-0.18,2.175,11.33
ATOM,1157.0,CG,PRO,78.0,59.769,30.378,28.114,-0.18,2.175,4.28
ATOM,1158.0,CD,PRO,78.0,60.462,31.702,28.331,0.0,2.175,12.5
ATOM,1159.0,HA,PRO,78.0,57.434,31.82,28.305,0.09,1.32,0.0
ATOM,1160.0,HB2,PRO,78.0,59.019,30.225,30.062,0.09,1.32,7.61
ATOM,1161.0,HB3,PRO,78.0,57.951,29.737,28.928,0.09,1.32,0.67
ATOM,1162.0,HG2,PRO,78.0,60.374,29.616,28.293,0.09,1.32,5.18
ATOM,1163.0,HG3,PRO,78.0,59.375,30.317,27.209,0.09,1.32,0.0
ATOM,1164.0,HD2,PRO,78.0,61.079,31.665,29.107,0.09,1.32,7.6
ATOM,1165.0,HD3,PRO,78.0,60.944,31.998,27.514,0.09,1.32,2.58
ATOM,1166.0,N,ALA,79.0,58.361,32.761,31.309,-0.47,1.85,0.93
ATOM,1167.0,CA,ALA,79.0,57.796,33.248,32.569,0.07,2.275,2.96
ATOM,1168.0,C,ALA,79.0,56.974,34.51,32.315,0.51,2.0,0.0
ATOM,1169.0,O,ALA,79.0,55.977,34.756,33.0,-0.51,1.7,0.14
ATOM,1170.0,CB,ALA,79.0,58.891,33.574,33.621,-0.27,2.06,39.36
ATOM,1171.0,H,ALA,79.0,59.356,32.7,31.105,0.31,0.2245,1.69
ATOM,1172.0,HA,ALA,79.0,57.192,32.543,32.946,0.09,1.32,2.26
ATOM,1173.0,HB1,ALA,79.0,58.623,34.394,34.116,0.09,1.32,2.53
ATOM,1174.0,HB2,ALA,79.0,58.971,32.805,34.247,0.09,1.32,11.66
ATOM,1175.0,HB3,ALA,79.0,59.753,33.724,33.148,0.09,1.32,4.13
ATOM,1176.0,N,GLN,80.0,57.405,35.338,31.352,-0.47,1.85,0.0
ATOM,1177.0,CA,GLN,80.0,56.683,36.598,31.026,0.07,2.275,0.0
ATOM,1178.0,C,GLN,80.0,55.391,36.236,30.343,0.51,2.0,0.0
ATOM,1179.0,O,GLN,80.0,54.34,36.857,30.606,-0.51,1.7,0.48
ATOM,1180.0,CB,GLN,80.0,57.506,37.603,30.197,-0.18,2.175,1.03
ATOM,1181.0,CG,GLN,80.0,58.537,38.333,31.036,-0.18,2.175,4.76
ATOM,1182.0,CD,GLN,80.0,59.543,39.105,30.227,0.55,2.0,0.08
ATOM,1183.0,H,GLN,80.0,58.262,35.038,30.864,0.31,0.2245,0.0
ATOM,1184.0,HA,GLN,80.0,56.475,37.048,31.889,0.09,1.32,0.0
ATOM,1185.0,HB2,GLN,80.0,57.978,37.106,29.477,0.09,1.32,0.0
ATOM,1186.0,HB3,GLN,80.0,56.884,38.274,29.806,0.09,1.32,0.41
ATOM,1187.0,HG2,GLN,80.0,58.056,38.972,31.648,0.09,1.32,3.12
ATOM,1188.0,HG3,GLN,80.0,59.025,37.658,31.601,0.09,1.32,3.12
ATOM,1189.0,OE1,GLN,80.0,59.596,38.997,29.02,-0.55,1.7,1.84
ATOM,1190.0,NE2,GLN,80.0,60.356,39.894,30.922,-0.62,1.85,22.74
ATOM,1191.0,HE21,GLN,80.0,61.08,40.444,30.448,0.32,0.2245,18.64
ATOM,1192.0,HE22,GLN,80.0,60.252,39.947,31.931,0.3,0.2245,17.36
ATOM,1193.0,N,CYS,81.0,55.436,35.219,29.476,-0.47,1.85,0.0
ATOM,1194.0,CA,CYS,81.0,54.215,34.706,28.861,0.07,2.275,0.0
ATOM,1195.0,C,CYS,81.0,53.182,34.264,29.915,0.51,2.0,0.0
ATOM,1196.0,O,CYS,81.0,51.998,34.554,29.786,-0.51,1.7,0.0
ATOM,1197.0,CB,CYS,81.0,54.568,33.554,27.907,-0.11,2.175,0.15
ATOM,1198.0,SG,CYS,81.0,55.392,34.21,26.431,-0.23,2.0,0.0
ATOM,1199.0,H,CYS,81.0,56.378,34.844,29.289,0.31,0.2245,0.0
ATOM,1200.0,HA,CYS,81.0,53.798,35.444,28.315,0.09,1.32,0.0
ATOM,1201.0,HB2,CYS,81.0,55.187,32.953,28.363,0.09,1.32,0.0
ATOM,1202.0,HB3,CYS,81.0,53.739,33.118,27.628,0.09,1.32,0.0
ATOM,1203.0,HG,CYS,81.0,55.636,33.454,25.825,0.16,0.45,0.0
ATOM,1204.0,N,PHE,82.0,53.599,33.527,30.95,-0.47,1.85,0.0
ATOM,1205.0,CA,PHE,82.0,52.693,33.097,32.008,0.07,2.275,0.0
ATOM,1206.0,C,PHE,82.0,52.084,34.27,32.764,0.51,2.0,0.0
ATOM,1207.0,O,PHE,82.0,50.908,34.241,33.082,-0.51,1.7,0.0
ATOM,1208.0,CB,PHE,82.0,53.346,32.061,32.913,-0.18,2.175,0.0
ATOM,1209.0,CG,PHE,82.0,53.164,30.653,32.363,0.0,1.9924,0.0
ATOM,1210.0,CD1,PHE,82.0,51.901,30.078,32.387,-0.115,1.9924,0.0
ATOM,1211.0,CD2,PHE,82.0,54.221,29.942,31.78,-0.115,1.9924,4.33
ATOM,1212.0,CE1,PHE,82.0,51.673,28.827,31.876,-0.115,1.9924,0.0
ATOM,1213.0,CE2,PHE,82.0,54.022,28.67,31.253,-0.115,1.9924,4.77
ATOM,1214.0,CZ,PHE,82.0,52.702,28.115,31.306,-0.115,1.9924,0.0
ATOM,1215.0,H,PHE,82.0,54.612,33.293,30.931,0.31,0.2245,0.0
ATOM,1216.0,HA,PHE,82.0,51.928,32.61,31.56,0.09,1.32,0.0
ATOM,1217.0,HB2,PHE,82.0,54.305,32.242,32.95,0.09,1.32,0.0
ATOM,1218.0,HB3,PHE,82.0,52.911,32.095,33.787,0.09,1.32,0.0
ATOM,1219.0,HD1,PHE,82.0,51.138,30.594,32.788,0.115,1.3582,0.0
ATOM,1220.0,HD2,PHE,82.0,55.129,30.358,31.743,0.115,1.3582,1.04
ATOM,1221.0,HE1,PHE,82.0,50.742,28.429,31.922,0.115,1.3582,0.0
ATOM,1222.0,HE2,PHE,82.0,54.765,28.15,30.85,0.115,1.3582,2.31
ATOM,1223.0,HZ,PHE,82.0,52.551,27.207,30.922,0.115,1.3582,0.0
ATOM,1224.0,N,GLU,83.0,52.879,35.285,33.035,-0.47,1.85,0.0
ATOM,1225.0,CA,GLU,83.0,52.309,36.506,33.643,0.07,2.275,0.56
ATOM,1226.0,C,GLU,83.0,51.274,37.138,32.73,0.51,2.0,0.19
ATOM,1227.0,O,GLU,83.0,50.262,37.61,33.23,-0.51,1.7,4.55
ATOM,1228.0,CB,GLU,83.0,53.361,37.565,33.986,-0.18,2.175,6.75
ATOM,1229.0,CG,GLU,83.0,54.505,37.113,34.899,-0.28,2.175,8.88
ATOM,1230.0,CD,GLU,83.0,55.753,38.071,34.854,0.62,2.0,3.21
ATOM,1231.0,OE1,GLU,83.0,55.773,39.128,34.165,-0.76,1.7,26.87
ATOM,1232.0,OE2,GLU,83.0,56.764,37.767,35.519,-0.76,1.7,35.47
ATOM,1233.0,H,GLU,83.0,53.866,35.172,32.806,0.31,0.2245,0.0
ATOM,1234.0,HA,GLU,83.0,51.888,36.268,34.525,0.09,1.32,2.13
ATOM,1235.0,HB2,GLU,83.0,53.769,37.872,33.135,0.09,1.32,0.68
ATOM,1236.0,HB3,GLU,83.0,52.898,38.313,34.444,0.09,1.32,9.71
ATOM,1237.0,HG2,GLU,83.0,54.191,37.115,35.825,0.09,1.32,9.82
ATOM,1238.0,HG3,GLU,83.0,54.822,36.236,34.603,0.09,1.32,0.0
ATOM,1239.0,N,MET,84.0,51.551,37.253,31.425,-0.47,1.85,0.28
ATOM,1240.0,CA,MET,84.0,50.561,37.756,30.475,0.07,2.275,0.82
ATOM,1241.0,C,MET,84.0,49.282,36.919,30.531,0.51,2.0,0.0
ATOM,1242.0,O,MET,84.0,48.175,37.454,30.556,-0.51,1.7,0.0
ATOM,1243.0,CB,MET,84.0,51.064,37.765,28.986,-0.18,2.175,0.0
ATOM,1244.0,CG,MET,84.0,52.242,38.742,28.721,-0.14,2.175,2.66
ATOM,1245.0,SD,MET,84.0,52.801,38.527,27.012,-0.09,2.0,0.0
ATOM,1246.0,CE,MET,84.0,51.534,39.195,26.249,-0.22,2.06,0.0
ATOM,1247.0,H,MET,84.0,52.508,36.96,31.158,0.31,0.2245,0.0
ATOM,1248.0,HA,MET,84.0,50.326,38.698,30.735,0.09,1.32,0.73
ATOM,1249.0,HB2,MET,84.0,51.363,36.84,28.748,0.09,1.32,0.0
ATOM,1250.0,HB3,MET,84.0,50.299,38.028,28.396,0.09,1.32,0.0
ATOM,1251.0,HG2,MET,84.0,51.918,39.677,28.881,0.09,1.32,0.0
ATOM,1252.0,HG3,MET,84.0,52.977,38.535,29.371,0.09,1.32,0.38
ATOM,1253.0,HE1,MET,84.0,51.645,39.256,25.224,0.09,1.32,0.0
ATOM,1254.0,HE2,MET,84.0,50.646,38.686,26.384,0.09,1.32,0.0
ATOM,1255.0,HE3,MET,84.0,51.327,40.162,26.546,0.09,1.32,0.0
ATOM,1256.0,N,LEU,85.0,49.438,35.608,30.52,-0.47,1.85,0.0
ATOM,1257.0,CA,LEU,85.0,48.275,34.749,30.516,0.07,2.275,0.0
ATOM,1258.0,C,LEU,85.0,47.384,34.987,31.74,0.51,2.0,0.0
ATOM,1259.0,O,LEU,85.0,46.158,34.986,31.622,-0.51,1.7,0.25
ATOM,1260.0,CB,LEU,85.0,48.699,33.269,30.457,-0.18,2.175,0.0
ATOM,1261.0,CG,LEU,85.0,49.206,32.797,29.066,-0.09,2.275,0.0
ATOM,1262.0,CD1,LEU,85.0,50.057,31.467,29.19,-0.27,2.06,0.08
ATOM,1263.0,CD2,LEU,85.0,48.101,32.681,28.097,-0.27,2.06,0.0
ATOM,1264.0,H,LEU,85.0,50.41,35.273,30.515,0.31,0.2245,0.0
ATOM,1265.0,HA,LEU,85.0,47.726,34.943,29.69,0.09,1.32,0.0
ATOM,1266.0,HB2,LEU,85.0,49.44,33.136,31.095,0.09,1.32,0.0
ATOM,1267.0,HB3,LEU,85.0,47.916,32.716,30.683,0.09,1.32,0.58
ATOM,1268.0,HG,LEU,85.0,49.785,33.5,28.671,0.09,1.32,0.0
ATOM,1269.0,HD11,LEU,85.0,49.474,30.77,29.583,0.09,1.32,0.0
ATOM,1270.0,HD12,LEU,85.0,50.354,31.211,28.281,0.09,1.32,0.0
ATOM,1271.0,HD13,LEU,85.0,50.832,31.656,29.777,0.09,1.32,0.0
ATOM,1272.0,HD21,LEU,85.0,47.641,33.57,27.97,0.09,1.32,0.0
ATOM,1273.0,HD22,LEU,85.0,48.443,32.374,27.199,0.09,1.32,0.0
ATOM,1274.0,HD23,LEU,85.0,47.414,32.015,28.415,0.09,1.32,0.0
ATOM,1275.0,N,ALA,86.0,48.001,35.101,32.916,-0.47,1.85,0.0
ATOM,1276.0,CA,ALA,86.0,47.252,35.382,34.14,0.07,2.275,0.59
ATOM,1277.0,C,ALA,86.0,46.46,36.669,33.986,0.51,2.0,0.0
ATOM,1278.0,O,ALA,86.0,45.308,36.718,34.39,-0.51,1.7,0.98
ATOM,1279.0,CB,ALA,86.0,48.158,35.405,35.354,-0.27,2.06,21.13
ATOM,1280.0,H,ALA,86.0,49.027,34.977,32.887,0.31,0.2245,0.0
ATOM,1281.0,HA,ALA,86.0,46.612,34.626,34.307,0.09,1.32,0.0
ATOM,1282.0,HB1,ALA,86.0,48.021,36.257,35.862,0.09,1.32,6.42
ATOM,1283.0,HB2,ALA,86.0,47.945,34.629,35.949,0.09,1.32,3.06
ATOM,1284.0,HB3,ALA,86.0,49.114,35.345,35.063,0.09,1.32,0.0
ATOM,1285.0,N,ILE,87.0,47.108,37.66,33.386,-0.47,1.85,0.27
ATOM,1286.0,CA,ILE,87.0,46.477,39.003,33.198,0.07,2.275,0.53
ATOM,1287.0,C,ILE,87.0,45.318,38.901,32.192,0.51,2.0,0.0
ATOM,1288.0,O,ILE,87.0,44.262,39.512,32.38,-0.51,1.7,0.0
ATOM,1289.0,CB,ILE,87.0,47.492,40.002,32.745,-0.09,2.275,2.2
ATOM,1290.0,CG1,ILE,87.0,46.825,41.368,32.647,-0.18,2.175,3.79
ATOM,1291.0,CG2,ILE,87.0,47.943,39.742,31.328,-0.27,2.06,1.29
ATOM,1292.0,CD1,ILE,87.0,45.864,41.774,33.805,-0.27,2.06,20.51
ATOM,1293.0,H,ILE,87.0,48.062,37.444,33.063,0.31,0.2245,0.0
ATOM,1294.0,HA,ILE,87.0,46.075,39.237,34.079,0.09,1.32,0.0
ATOM,1295.0,HB,ILE,87.0,48.211,40.067,33.427,0.09,1.32,7.67
ATOM,1296.0,HG12,ILE,87.0,47.539,42.079,32.584,0.09,1.32,7.95
ATOM,1297.0,HG13,ILE,87.0,46.292,41.409,31.79,0.09,1.32,0.0
ATOM,1298.0,HG21,ILE,87.0,48.579,40.458,31.037,0.09,1.32,0.25
ATOM,1299.0,HG22,ILE,87.0,48.403,38.855,31.275,0.09,1.32,0.0
ATOM,1300.0,HG23,ILE,87.0,47.152,39.738,30.715,0.09,1.32,0.0
ATOM,1301.0,HD11,ILE,87.0,46.383,41.777,34.65,0.09,1.32,6.56
ATOM,1302.0,HD12,ILE,87.0,45.508,42.678,33.608,0.09,1.32,7.23
ATOM,1303.0,HD13,ILE,87.0,45.131,41.108,33.845,0.09,1.32,0.0
ATOM,1304.0,N,ILE,88.0,45.511,38.124,31.128,-0.47,1.85,0.0
ATOM,1305.0,CA,ILE,88.0,44.449,37.952,30.133,0.07,2.275,0.0
ATOM,1306.0,C,ILE,88.0,43.234,37.266,30.785,0.51,2.0,0.0
ATOM,1307.0,O,ILE,88.0,42.094,37.69,30.595,-0.51,1.7,0.0
ATOM,1308.0,CB,ILE,88.0,45.006,37.115,28.949,-0.09,2.275,0.0
ATOM,1309.0,CG1,ILE,88.0,46.049,37.963,28.219,-0.18,2.175,0.0
ATOM,1310.0,CG2,ILE,88.0,43.908,36.716,28.01,-0.27,2.06,0.0
ATOM,1311.0,CD1,ILE,88.0,47.038,37.119,27.312,-0.27,2.06,0.0
ATOM,1312.0,H,ILE,88.0,46.433,37.673,31.068,0.31,0.2245,0.0
ATOM,1313.0,HA,ILE,88.0,44.15,38.869,29.877,0.09,1.32,0.0
ATOM,1314.0,HB,ILE,88.0,45.456,36.326,29.326,0.09,1.32,0.0
ATOM,1315.0,HG12,ILE,88.0,45.594,38.615,27.627,0.09,1.32,0.07
ATOM,1316.0,HG13,ILE,88.0,46.607,38.444,28.883,0.09,1.32,0.0
ATOM,1317.0,HG21,ILE,88.0,44.282,36.18,27.249,0.09,1.32,0.0
ATOM,1318.0,HG22,ILE,88.0,43.227,36.161,28.492,0.09,1.32,0.0
ATOM,1319.0,HG23,ILE,88.0,43.457,37.531,27.64,0.09,1.32,0.0
ATOM,1320.0,HD11,ILE,88.0,46.491,36.648,26.638,0.09,1.32,0.0
ATOM,1321.0,HD12,ILE,88.0,47.665,37.754,26.889,0.09,1.32,0.0
ATOM,1322.0,HD13,ILE,88.0,47.51,36.483,27.902,0.09,1.32,0.0
ATOM,1323.0,N,ARG,89.0,43.489,36.23,31.573,-0.47,1.85,0.0
ATOM,1324.0,CA,ARG,89.0,42.41,35.563,32.279,0.07,2.275,0.0
ATOM,1325.0,C,ARG,89.0,41.727,36.483,33.296,0.51,2.0,0.0
ATOM,1326.0,O,ARG,89.0,40.536,36.372,33.473,-0.51,1.7,2.57
ATOM,1327.0,CB,ARG,89.0,42.888,34.262,32.937,-0.18,2.175,0.0
ATOM,1328.0,CG,ARG,89.0,41.829,33.592,33.812,-0.18,2.175,12.52
ATOM,1329.0,CD,ARG,89.0,40.535,33.22,33.062,0.2,2.175,1.32
ATOM,1330.0,NE,ARG,89.0,40.78,32.118,32.116,-0.7,1.85,0.0
ATOM,1331.0,CZ,ARG,89.0,40.215,31.97,30.91,0.64,2.0,0.0
ATOM,1332.0,NH1,ARG,89.0,39.311,32.837,30.412,-0.8,1.85,0.0
ATOM,1333.0,NH2,ARG,89.0,40.534,30.93,30.156,-0.8,1.85,0.0
ATOM,1334.0,H,ARG,89.0,44.48,35.954,31.635,0.31,0.2245,0.0
ATOM,1335.0,HA,ARG,89.0,41.714,35.261,31.609,0.09,1.32,0.0
ATOM,1336.0,HB2,ARG,89.0,43.141,33.625,32.219,0.09,1.32,0.22
ATOM,1337.0,HB3,ARG,89.0,43.671,34.472,33.51,0.09,1.32,0.19
ATOM,1338.0,HG2,ARG,89.0,42.205,32.747,34.204,0.09,1.32,0.16
ATOM,1339.0,HG3,ARG,89.0,41.576,34.211,34.562,0.09,1.32,4.42
ATOM,1340.0,HD2,ARG,89.0,39.867,32.936,33.732,0.09,1.32,1.9
ATOM,1341.0,HD3,ARG,89.0,40.233,34.019,32.565,0.09,1.32,0.0
ATOM,1342.0,HE,ARG,89.0,41.441,31.401,32.405,0.44,0.2245,0.0
ATOM,1343.0,HH11,ARG,89.0,39.071,33.635,30.968,0.46,0.2245,0.0
ATOM,1344.0,HH12,ARG,89.0,38.907,32.681,29.528,0.46,0.2245,0.0
ATOM,1345.0,HH21,ARG,89.0,41.213,30.267,30.483,0.46,0.2245,0.0
ATOM,1346.0,HH22,ARG,89.0,40.104,30.802,29.264,0.46,0.2245,0.0
ATOM,1347.0,N,GLU,90.0,42.457,37.357,33.937,-0.47,1.85,0.0
ATOM,1348.0,CA,GLU,90.0,41.828,38.218,34.906,0.07,2.275,0.75
ATOM,1349.0,C,GLU,90.0,40.887,39.216,34.238,0.51,2.0,0.08
ATOM,1350.0,O,GLU,90.0,39.95,39.694,34.917,-0.51,1.7,28.52
ATOM,1351.0,CB,GLU,90.0,42.875,39.014,35.654,-0.18,2.175,2.71
ATOM,1352.0,CG,GLU,90.0,43.606,38.289,36.765,-0.28,2.175,15.71
ATOM,1353.0,CD,GLU,90.0,44.53,39.304,37.462,0.62,2.0,4.09
ATOM,1354.0,OE1,GLU,90.0,45.405,39.855,36.77,-0.76,1.7,16.06
ATOM,1355.0,OE2,GLU,90.0,44.341,39.608,38.666,-0.76,1.7,48.06
ATOM,1356.0,H,GLU,90.0,43.457,37.375,33.704,0.31,0.2245,0.0
ATOM,1357.0,HA,GLU,90.0,41.305,37.666,35.573,0.09,1.32,7.7
ATOM,1358.0,HB2,GLU,90.0,43.56,39.313,34.995,0.09,1.32,0.0
ATOM,1359.0,HB3,GLU,90.0,42.425,39.804,36.061,0.09,1.32,7.06
ATOM,1360.0,HG2,GLU,90.0,42.967,37.991,37.419,0.09,1.32,9.01
ATOM,1361.0,HG3,GLU,90.0,44.169,37.61,36.382,0.09,1.32,0.12
ATOM,1362.0,N,LYS,91.0,41.129,39.592,32.995,-0.47,1.85,0.0
ATOM,1363.0,CA,LYS,91.0,40.271,40.477,32.235,0.07,2.275,1.2
ATOM,1364.0,C,LYS,91.0,39.069,39.801,31.592,0.51,2.0,0.0
ATOM,1365.0,O,LYS,91.0,38.041,40.415,31.339,-0.51,1.7,22.31
ATOM,1366.0,CB,LYS,91.0,41.108,41.085,31.096,-0.18,2.175,1.52
ATOM,1367.0,CG,LYS,91.0,42.175,42.057,31.598,-0.18,2.175,6.19
ATOM,1368.0,CD,LYS,91.0,42.897,42.806,30.47,-0.18,2.175,9.32
ATOM,1369.0,CE,LYS,91.0,43.797,41.983,29.739,0.21,2.175,0.0
ATOM,1370.0,NZ,LYS,91.0,44.718,43.088,29.061,-0.3,1.85,3.77
ATOM,1371.0,H,LYS,91.0,42.019,39.184,32.595,0.31,0.2245,0.0
ATOM,1372.0,HA,LYS,91.0,39.929,41.217,32.856,0.09,1.32,7.66
ATOM,1373.0,HB2,LYS,91.0,41.56,40.346,30.615,0.09,1.32,0.0
ATOM,1374.0,HB3,LYS,91.0,40.495,41.577,30.491,0.09,1.32,2.22
ATOM,1375.0,HG2,LYS,91.0,41.741,42.734,32.203,0.09,1.32,10.39
ATOM,1376.0,HG3,LYS,91.0,42.859,41.546,32.13,0.09,1.32,0.0
ATOM,1377.0,HD2,LYS,91.0,42.178,43.187,29.868,0.09,1.32,4.23
ATOM,1378.0,HD3,LYS,91.0,43.38,43.584,30.9,0.09,1.32,6.38
ATOM,1379.0,HE2,LYS,91.0,44.387,41.464,30.295,0.05,1.32,0.0
ATOM,1380.0,HE3,LYS,91.0,43.384,41.51,29.008,0.05,1.32,0.0
ATOM,1381.0,HZ1,LYS,91.0,44.183,43.499,28.345,0.33,0.2245,0.0
ATOM,1382.0,HZ2,LYS,91.0,44.95,43.732,29.768,0.33,0.2245,10.61
ATOM,1383.0,HZ3,LYS,91.0,45.509,42.618,28.712,0.33,0.2245,0.1
ATOM,1384.0,N,HIS,92.0,39.189,38.468,31.345,-0.47,1.85,0.0
ATOM,1385.0,CA,HIS,92.0,38.222,37.806,30.496,0.07,2.275,0.84
ATOM,1386.0,C,HIS,92.0,37.986,36.398,31.112,0.51,2.0,0.0
ATOM,1387.0,O,HIS,92.0,38.767,35.463,30.915,-0.51,1.7,0.0
ATOM,1388.0,CB,HIS,92.0,38.84,37.645,29.112,-0.08,2.175,0.69
ATOM,1389.0,CG,HIS,92.0,39.3,38.917,28.438,0.22,1.8,0.0
ATOM,1390.0,H,HIS,92.0,39.988,38.019,31.798,0.31,0.2245,0.0
ATOM,1391.0,HA,HIS,92.0,37.363,38.293,30.531,0.09,1.32,0.76
ATOM,1392.0,HB2,HIS,92.0,39.641,37.024,29.175,0.09,1.32,0.0
ATOM,1393.0,HB3,HIS,92.0,38.166,37.199,28.497,0.09,1.32,2.16
ATOM,1394.0,ND1,HIS,92.0,38.425,39.847,27.884,-0.7,1.85,10.23
ATOM,1395.0,CD2,HIS,92.0,40.546,39.38,28.208,-0.05,1.8,0.0
ATOM,1396.0,CE1,HIS,92.0,39.142,40.839,27.367,0.25,1.8,8.37
ATOM,1397.0,NE2,HIS,92.0,40.426,40.576,27.525,-0.36,1.85,0.0
ATOM,1398.0,HD2,HIS,92.0,41.403,38.946,28.477,0.09,1.468,0.0
ATOM,1399.0,HE1,HIS,92.0,38.765,41.654,26.927,0.13,0.9,12.35
ATOM,1400.0,HE2,HIS,92.0,41.184,41.141,27.209,0.32,0.2245,0.0
ATOM,1401.0,N,PRO,93.0,36.95,36.24,31.92,-0.29,1.85,0.0
ATOM,1402.0,CA,PRO,93.0,36.663,35.056,32.721,0.02,2.275,0.44
ATOM,1403.0,C,PRO,93.0,36.151,33.796,31.994,0.51,2.0,0.0
ATOM,1404.0,O,PRO,93.0,36.25,32.696,32.531,-0.51,1.7,3.44
ATOM,1405.0,CB,PRO,93.0,35.56,35.604,33.645,-0.18,2.175,17.94
ATOM,1406.0,CG,PRO,93.0,34.873,36.574,32.861,-0.18,2.175,16.95
ATOM,1407.0,CD,PRO,93.0,35.976,37.321,32.174,0.0,2.175,9.47
ATOM,1408.0,HA,PRO,93.0,37.489,34.807,33.299,0.09,1.32,2.06
ATOM,1409.0,HB2,PRO,93.0,34.963,34.841,33.94,0.09,1.32,6.38
ATOM,1410.0,HB3,PRO,93.0,35.984,35.997,34.476,0.09,1.32,11.62
ATOM,1411.0,HG2,PRO,93.0,34.263,36.154,32.177,0.09,1.32,0.77
ATOM,1412.0,HG3,PRO,93.0,34.327,37.206,33.424,0.09,1.32,12.25
ATOM,1413.0,HD2,PRO,93.0,35.672,37.723,31.318,0.09,1.32,7.55
ATOM,1414.0,HD3,PRO,93.0,36.374,38.016,32.763,0.09,1.32,4.41
ATOM,1415.0,N,THR,94.0,35.619,33.975,30.789,-0.47,1.85,0.0
ATOM,1416.0,CA,THR,94.0,34.93,32.81,30.167,0.07,2.275,0.0
ATOM,1417.0,C,THR,94.0,35.565,32.379,28.867,0.51,2.0,0.0
ATOM,1418.0,O,THR,94.0,35.336,31.276,28.428,-0.51,1.7,3.89
ATOM,1419.0,CB,THR,94.0,33.42,33.045,29.908,0.14,2.275,4.49
ATOM,1420.0,OG1,THR,94.0,33.206,34.128,28.992,-0.66,1.77,22.76
ATOM,1421.0,CG2,THR,94.0,32.673,33.333,31.245,-0.27,2.06,32.48
ATOM,1422.0,H,THR,94.0,35.709,34.879,30.366,0.31,0.2245,0.94
ATOM,1423.0,HA,THR,94.0,34.977,32.043,30.828,0.09,1.32,0.58
ATOM,1424.0,HB,THR,94.0,33.025,32.193,29.493,0.09,1.32,6.31
ATOM,1425.0,HG21,THR,94.0,31.698,33.418,31.057,0.09,1.32,11.54
ATOM,1426.0,HG22,THR,94.0,32.836,32.577,31.874,0.09,1.32,9.06
ATOM,1427.0,HG23,THR,94.0,33.022,34.182,31.632,0.09,1.32,0.0
ATOM,1428.0,HG1,THR,94.0,33.713,33.969,28.139,0.43,0.2245,10.82
ATOM,1429.0,N,ILE,95.0,36.362,33.22,28.249,-0.47,1.85,0.09
ATOM,1430.0,CA,ILE,95.0,36.836,32.853,26.91,0.07,2.275,1.13
ATOM,1431.0,C,ILE,95.0,37.824,31.697,27.051,0.51,2.0,0.0
ATOM,1432.0,O,ILE,95.0,38.675,31.747,27.892,-0.51,1.7,0.0
ATOM,1433.0,CB,ILE,95.0,37.568,34.019,26.259,-0.09,2.275,1.28
ATOM,1434.0,CG1,ILE,95.0,37.912,33.615,24.802,-0.18,2.175,1.2
ATOM,1435.0,CG2,ILE,95.0,38.773,34.558,27.115,-0.27,2.06,0.0
ATOM,1436.0,CD1,ILE,95.0,38.416,34.828,23.958,-0.27,2.06,0.21
ATOM,1437.0,H,ILE,95.0,36.605,34.075,28.732,0.31,0.2245,0.35
ATOM,1438.0,HA,ILE,95.0,36.046,32.496,26.423,0.09,1.32,1.78
ATOM,1439.0,HB,ILE,95.0,36.959,34.791,26.214,0.09,1.32,5.93
ATOM,1440.0,HG12,ILE,95.0,38.623,32.935,24.82,0.09,1.32,0.0
ATOM,1441.0,HG13,ILE,95.0,37.098,33.263,24.372,0.09,1.32,0.0
ATOM,1442.0,HG21,ILE,95.0,39.134,35.364,26.666,0.09,1.32,0.0
ATOM,1443.0,HG22,ILE,95.0,38.434,34.781,28.018,0.09,1.32,0.0
ATOM,1444.0,HG23,ILE,95.0,39.459,33.846,27.164,0.09,1.32,0.0
ATOM,1445.0,HD11,ILE,95.0,39.232,35.187,24.392,0.09,1.32,0.0
ATOM,1446.0,HD12,ILE,95.0,38.617,34.503,23.043,0.09,1.32,0.0
ATOM,1447.0,HD13,ILE,95.0,37.697,35.51,23.94,0.09,1.32,1.09
ATOM,1448.0,N,PRO,96.0,37.691,30.67,26.217,-0.29,1.85,0.0
ATOM,1449.0,CA,PRO,96.0,38.705,29.575,26.27,0.02,2.275,0.0
ATOM,1450.0,C,PRO,96.0,40.061,30.041,25.77,0.51,2.0,0.0
ATOM,1451.0,O,PRO,96.0,40.12,30.736,24.729,-0.51,1.7,0.0
ATOM,1452.0,CB,PRO,96.0,38.112,28.495,25.373,-0.18,2.175,0.0
ATOM,1453.0,CG,PRO,96.0,36.636,28.798,25.38,-0.18,2.175,0.0
ATOM,1454.0,CD,PRO,96.0,36.609,30.363,25.272,0.0,2.175,0.0
ATOM,1455.0,HA,PRO,96.0,38.765,29.21,27.207,0.09,1.32,0.0
ATOM,1456.0,HB2,PRO,96.0,38.479,28.557,24.446,0.09,1.32,0.0
ATOM,1457.0,HB3,PRO,96.0,38.286,27.584,25.743,0.09,1.32,0.0
ATOM,1458.0,HG2,PRO,96.0,36.185,28.406,24.597,0.09,1.32,0.0
ATOM,1459.0,HG3,PRO,96.0,36.216,28.519,26.226,0.09,1.32,0.0
ATOM,1460.0,HD2,PRO,96.0,36.831,30.637,24.362,0.09,1.32,0.0
ATOM,1461.0,HD3,PRO,96.0,35.747,30.703,25.581,0.09,1.32,1.04
ATOM,1462.0,N,ILE,97.0,41.084,29.682,26.535,-0.47,1.85,0.0
ATOM,1463.0,CA,ILE,97.0,42.431,30.023,26.182,0.07,2.275,0.0
ATOM,1464.0,C,ILE,97.0,43.24,28.712,25.991,0.51,2.0,0.0
ATOM,1465.0,O,ILE,97.0,43.398,27.924,26.906,-0.51,1.7,0.0
ATOM,1466.0,CB,ILE,97.0,43.056,30.898,27.273,-0.09,2.275,0.0
ATOM,1467.0,CG1,ILE,97.0,42.301,32.246,27.422,-0.18,2.175,0.0
ATOM,1468.0,CG2,ILE,97.0,44.572,31.114,27.029,-0.27,2.06,0.0
ATOM,1469.0,CD1,ILE,97.0,42.815,33.037,28.668,-0.27,2.06,0.72
ATOM,1470.0,H,ILE,97.0,40.82,29.147,27.387,0.31,0.2245,0.0
ATOM,1471.0,HA,ILE,97.0,42.405,30.454,25.284,0.09,1.32,0.0
ATOM,1472.0,HB,ILE,97.0,42.982,30.419,28.144,0.09,1.32,0.0
ATOM,1473.0,HG12,ILE,97.0,42.461,32.79,26.625,0.09,1.32,0.0
ATOM,1474.0,HG13,ILE,97.0,41.348,32.059,27.553,0.09,1.32,0.0
ATOM,1475.0,HG21,ILE,97.0,44.952,31.609,27.802,0.09,1.32,0.0
ATOM,1476.0,HG22,ILE,97.0,45.011,30.227,26.94,0.09,1.32,0.0
ATOM,1477.0,HG23,ILE,97.0,44.689,31.64,26.194,0.09,1.32,0.0
ATOM,1478.0,HD11,ILE,97.0,43.782,33.211,28.543,0.09,1.32,0.0
ATOM,1479.0,HD12,ILE,97.0,42.307,33.886,28.723,0.09,1.32,0.0
ATOM,1480.0,HD13,ILE,97.0,42.658,32.479,29.472,0.09,1.32,0.0
ATOM,1481.0,N,GLY,98.0,43.691,28.552,24.757,-0.47,1.85,0.0
ATOM,1482.0,CA,GLY,98.0,44.481,27.375,24.486,-0.02,2.175,0.05
ATOM,1483.0,C,GLY,98.0,45.888,27.78,24.117,0.51,2.0,0.0
ATOM,1484.0,O,GLY,98.0,46.091,28.778,23.364,-0.51,1.7,0.0
ATOM,1485.0,H,GLY,98.0,43.449,29.27,24.085,0.31,0.2245,0.0
ATOM,1486.0,HA2,GLY,98.0,44.505,26.786,25.3,0.09,1.32,0.0
ATOM,1487.0,HA3,GLY,98.0,44.072,26.858,23.728,0.09,1.32,0.0
ATOM,1488.0,N,LEU,99.0,46.898,27.011,24.562,-0.47,1.85,0.0
ATOM,1489.0,CA,LEU,99.0,48.307,27.253,24.166,0.07,2.275,0.0
ATOM,1490.0,C,LEU,99.0,48.686,26.322,23.045,0.51,2.0,0.0
ATOM,1491.0,O,LEU,99.0,48.159,25.199,22.998,-0.51,1.7,0.29
ATOM,1492.0,CB,LEU,99.0,49.235,26.967,25.315,-0.18,2.175,0.0
ATOM,1493.0,CG,LEU,99.0,49.017,27.836,26.571,-0.09,2.275,0.0
ATOM,1494.0,CD1,LEU,99.0,50.107,27.652,27.6,-0.27,2.06,0.0
ATOM,1495.0,CD2,LEU,99.0,48.886,29.329,26.213,-0.27,2.06,0.0
ATOM,1496.0,H,LEU,99.0,46.613,26.245,25.197,0.31,0.2245,0.0
ATOM,1497.0,HA,LEU,99.0,48.377,28.2,23.849,0.09,1.32,0.0
ATOM,1498.0,HB2,LEU,99.0,49.112,26.022,25.598,0.09,1.32,0.0
ATOM,1499.0,HB3,LEU,99.0,50.17,27.123,25.019,0.09,1.32,0.0
ATOM,1500.0,HG,LEU,99.0,48.125,27.592,26.973,0.09,1.32,0.0
ATOM,1501.0,HD11,LEU,99.0,50.993,27.904,27.205,0.09,1.32,0.0
ATOM,1502.0,HD12,LEU,99.0,49.925,28.233,28.396,0.09,1.32,0.0
ATOM,1503.0,HD13,LEU,99.0,50.139,26.694,27.894,0.09,1.32,0.0
ATOM,1504.0,HD21,LEU,99.0,48.106,29.45,25.603,0.09,1.32,0.0
ATOM,1505.0,HD22,LEU,99.0,48.747,29.853,27.05,0.09,1.32,0.0
ATOM,1506.0,HD23,LEU,99.0,49.722,29.629,25.759,0.09,1.32,0.0
ATOM,1507.0,N,LEU,100.0,49.572,26.776,22.163,-0.47,1.85,0.0
ATOM,1508.0,CA,LEU,100.0,50.128,25.893,21.127,0.07,2.275,0.0
ATOM,1509.0,C,LEU,100.0,51.623,25.98,21.452,0.51,2.0,0.0
ATOM,1510.0,O,LEU,100.0,52.247,27.037,21.342,-0.51,1.7,2.28
ATOM,1511.0,CB,LEU,100.0,49.745,26.365,19.701,-0.18,2.175,0.0
ATOM,1512.0,CG,LEU,100.0,50.074,25.394,18.558,-0.09,2.275,0.0
ATOM,1513.0,CD1,LEU,100.0,49.328,25.782,17.271,-0.27,2.06,5.82
ATOM,1514.0,CD2,LEU,100.0,51.533,25.308,18.335,-0.27,2.06,3.09
ATOM,1515.0,H,LEU,100.0,49.829,27.769,22.263,0.31,0.2245,0.0
ATOM,1516.0,HA,LEU,100.0,49.828,24.989,21.291,0.09,1.32,0.0
ATOM,1517.0,HB2,LEU,100.0,48.763,26.517,19.691,0.09,1.32,0.0
ATOM,1518.0,HB3,LEU,100.0,50.233,27.211,19.526,0.09,1.32,0.0
ATOM,1519.0,HG,LEU,100.0,49.803,24.47,18.827,0.09,1.32,0.0
ATOM,1520.0,HD11,LEU,100.0,49.601,26.703,17.0,0.09,1.32,2.66
ATOM,1521.0,HD12,LEU,100.0,49.562,25.134,16.55,0.09,1.32,2.59
ATOM,1522.0,HD13,LEU,100.0,48.345,25.757,17.443,0.09,1.32,0.0
ATOM,1523.0,HD21,LEU,100.0,52.002,24.981,19.166,0.09,1.32,0.0
ATOM,1524.0,HD22,LEU,100.0,51.742,24.669,17.584,0.09,1.32,1.03
ATOM,1525.0,HD23,LEU,100.0,51.911,26.211,18.095,0.09,1.32,4.09
ATOM,1526.0,N,MET,101.0,52.227,24.868,21.905,-0.47,1.85,0.0
ATOM,1527.0,CA,MET,101.0,53.561,24.864,22.494,0.07,2.275,0.0
ATOM,1528.0,C,MET,101.0,54.459,23.891,21.768,0.51,2.0,0.0
ATOM,1529.0,O,MET,101.0,54.023,22.955,21.131,-0.51,1.7,0.0
ATOM,1530.0,CB,MET,101.0,53.507,24.306,23.937,-0.18,2.175,0.0
ATOM,1531.0,CG,MET,101.0,52.625,25.082,24.949,-0.14,2.175,0.0
ATOM,1532.0,SD,MET,101.0,53.304,26.727,25.228,-0.09,2.0,0.0
ATOM,1533.0,CE,MET,101.0,55.028,26.364,25.621,-0.22,2.06,0.43
ATOM,1534.0,H,MET,101.0,51.648,24.001,21.795,0.31,0.2245,0.0
ATOM,1535.0,HA,MET,101.0,53.948,25.788,22.394,0.09,1.32,0.09
ATOM,1536.0,HB2,MET,101.0,53.169,23.349,23.904,0.09,1.32,0.0
ATOM,1537.0,HB3,MET,101.0,54.451,24.276,24.31,0.09,1.32,0.0
ATOM,1538.0,HG2,MET,101.0,51.687,25.129,24.575,0.09,1.32,0.0
ATOM,1539.0,HG3,MET,101.0,52.588,24.549,25.807,0.09,1.32,0.0
ATOM,1540.0,HE1,MET,101.0,55.345,25.612,25.046,0.09,1.32,0.0
ATOM,1541.0,HE2,MET,101.0,55.583,27.177,25.449,0.09,1.32,0.0
ATOM,1542.0,HE3,MET,101.0,55.099,26.105,26.583,0.09,1.32,0.0
ATOM,1543.0,N,TYR,102.0,55.75,24.194,21.889,-0.47,1.85,0.0
ATOM,1544.0,CA,TYR,102.0,56.749,23.178,21.512,0.07,2.275,0.0
ATOM,1545.0,C,TYR,102.0,57.164,22.387,22.717,0.51,2.0,0.0
ATOM,1546.0,O,TYR,102.0,57.282,22.899,23.824,-0.51,1.7,0.0
ATOM,1547.0,CB,TYR,102.0,57.975,23.816,20.83,-0.18,2.175,0.0
ATOM,1548.0,CG,TYR,102.0,57.554,24.231,19.399,0.0,1.9924,0.0
ATOM,1549.0,CD1,TYR,102.0,57.607,23.336,18.346,-0.115,1.9924,0.13
ATOM,1550.0,CD2,TYR,102.0,57.035,25.499,19.133,-0.115,1.9924,0.49
ATOM,1551.0,CE1,TYR,102.0,57.21,23.678,17.044,-0.115,1.9924,0.0
ATOM,1552.0,CE2,TYR,102.0,56.628,25.857,17.822,-0.115,1.9924,1.61
ATOM,1553.0,CZ,TYR,102.0,56.709,24.912,16.787,0.11,1.9924,0.0
ATOM,1554.0,OH,TYR,102.0,56.337,25.328,15.513,-0.54,1.77,0.1
ATOM,1555.0,H,TYR,102.0,55.972,25.119,22.238,0.31,0.2245,0.0
ATOM,1556.0,HA,TYR,102.0,56.318,22.56,20.847,0.09,1.32,0.0
ATOM,1557.0,HB2,TYR,102.0,58.221,24.617,21.312,0.09,1.32,0.0
ATOM,1558.0,HB3,TYR,102.0,58.673,23.151,20.752,0.09,1.32,0.02
ATOM,1559.0,HD1,TYR,102.0,57.943,22.397,18.508,0.115,1.3582,0.0
ATOM,1560.0,HD2,TYR,102.0,56.944,26.165,19.861,0.115,1.3582,1.3
ATOM,1561.0,HE1,TYR,102.0,57.304,22.991,16.313,0.115,1.3582,0.0
ATOM,1562.0,HE2,TYR,102.0,56.289,26.771,17.642,0.115,1.3582,5.38
ATOM,1563.0,HH,TYR,102.0,55.986,26.258,15.57,0.43,0.2245,0.0
ATOM,1564.0,N,ALA,103.0,57.489,21.082,22.511,-0.47,1.85,0.0
ATOM,1565.0,CA,ALA,103.0,57.73,20.151,23.583,0.07,2.275,0.0
ATOM,1566.0,C,ALA,103.0,58.784,20.565,24.572,0.51,2.0,0.0
ATOM,1567.0,O,ALA,103.0,58.665,20.352,25.767,-0.51,1.7,0.0
ATOM,1568.0,CB,ALA,103.0,58.083,18.74,22.977,-0.27,2.06,14.68
ATOM,1569.0,H,ALA,103.0,57.544,20.832,21.494,0.31,0.2245,0.0
ATOM,1570.0,HA,ALA,103.0,56.846,20.005,24.092,0.09,1.32,0.0
ATOM,1571.0,HB1,ALA,103.0,57.946,18.059,23.684,0.09,1.32,0.52
ATOM,1572.0,HB2,ALA,103.0,57.48,18.576,22.208,0.09,1.32,0.0
ATOM,1573.0,HB3,ALA,103.0,59.03,18.759,22.685,0.09,1.32,5.44
ATOM,1574.0,N,ASN,104.0,59.888,21.149,24.055,-0.47,1.85,0.56
ATOM,1575.0,CA,ASN,104.0,60.93,21.408,25.025,0.07,2.275,1.88
ATOM,1576.0,C,ASN,104.0,60.51,22.414,26.13,0.51,2.0,0.0
ATOM,1577.0,O,ASN,104.0,60.978,22.321,27.277,-0.51,1.7,0.0
ATOM,1578.0,CB,ASN,104.0,62.257,21.895,24.405,-0.18,2.175,4.91
ATOM,1579.0,CG,ASN,104.0,63.388,21.701,25.374,0.55,2.0,1.99
ATOM,1580.0,H,ASN,104.0,59.895,21.345,23.09,0.31,0.2245,1.14
ATOM,1581.0,HA,ASN,104.0,61.133,20.536,25.502,0.09,1.32,1.12
ATOM,1582.0,HB2,ASN,104.0,62.427,21.362,23.592,0.09,1.32,8.96
ATOM,1583.0,HB3,ASN,104.0,62.162,22.856,24.199,0.09,1.32,0.0
ATOM,1584.0,OD1,ASN,104.0,63.605,20.598,25.899,-0.55,1.7,22.48
ATOM,1585.0,ND2,ASN,104.0,64.179,22.776,25.617,-0.62,1.85,18.78
ATOM,1586.0,HD22,ASN,104.0,63.97,23.634,25.151,0.3,0.2245,5.22
ATOM,1587.0,HD21,ASN,104.0,64.938,22.696,26.242,0.32,0.2245,15.58
ATOM,1588.0,N,LEU,105.0,59.649,23.342,25.759,-0.47,1.85,0.0
ATOM,1589.0,CA,LEU,105.0,59.192,24.323,26.779,0.07,2.275,0.0
ATOM,1590.0,C,LEU,105.0,58.258,23.696,27.812,0.51,2.0,0.0
ATOM,1591.0,O,LEU,105.0,58.191,24.177,28.953,-0.51,1.7,7.98
ATOM,1592.0,CB,LEU,105.0,58.523,25.524,26.133,-0.18,2.175,0.0
ATOM,1593.0,CG,LEU,105.0,59.479,26.371,25.29,-0.09,2.275,0.0
ATOM,1594.0,CD1,LEU,105.0,58.719,27.572,24.659,-0.27,2.06,0.0
ATOM,1595.0,CD2,LEU,105.0,60.753,26.833,26.092,-0.27,2.06,16.58
ATOM,1596.0,H,LEU,105.0,59.342,23.34,24.797,0.31,0.2245,0.0
ATOM,1597.0,HA,LEU,105.0,60.009,24.677,27.254,0.09,1.32,0.0
ATOM,1598.0,HB2,LEU,105.0,57.812,25.198,25.533,0.09,1.32,0.0
ATOM,1599.0,HB3,LEU,105.0,58.167,26.102,26.846,0.09,1.32,0.15
ATOM,1600.0,HG,LEU,105.0,59.858,25.815,24.557,0.09,1.32,0.0
ATOM,1601.0,HD11,LEU,105.0,58.34,28.128,25.391,0.09,1.32,0.0
ATOM,1602.0,HD12,LEU,105.0,59.361,28.105,24.118,0.09,1.32,0.0
ATOM,1603.0,HD13,LEU,105.0,57.99,27.219,24.081,0.09,1.32,0.0
ATOM,1604.0,HD21,LEU,105.0,61.236,26.022,26.397,0.09,1.32,0.29
ATOM,1605.0,HD22,LEU,105.0,61.321,27.373,25.484,0.09,1.32,4.55
ATOM,1606.0,HD23,LEU,105.0,60.45,27.375,26.866,0.09,1.32,0.43
ATOM,1607.0,N,VAL,106.0,57.55,22.642,27.429,-0.47,1.85,0.0
ATOM,1608.0,CA,VAL,106.0,56.719,21.919,28.369,0.07,2.275,0.0
ATOM,1609.0,C,VAL,106.0,57.551,20.99,29.245,0.51,2.0,0.0
ATOM,1610.0,O,VAL,106.0,57.325,20.904,30.455,-0.51,1.7,0.12
ATOM,1611.0,CB,VAL,106.0,55.703,21.105,27.583,-0.09,2.275,0.0
ATOM,1612.0,CG1,VAL,106.0,54.82,20.322,28.57,-0.27,2.06,0.0
ATOM,1613.0,CG2,VAL,106.0,54.838,22.04,26.743,-0.27,2.06,0.0
ATOM,1614.0,H,VAL,106.0,57.643,22.392,26.428,0.31,0.2245,0.0
ATOM,1615.0,HA,VAL,106.0,56.266,22.588,28.974,0.09,1.32,0.0
ATOM,1616.0,HB,VAL,106.0,56.188,20.429,27.047,0.09,1.32,0.0
ATOM,1617.0,HG11,VAL,106.0,55.386,19.667,29.065,0.09,1.32,0.0
ATOM,1618.0,HG12,VAL,106.0,54.402,20.961,29.211,0.09,1.32,0.0
ATOM,1619.0,HG13,VAL,106.0,54.11,19.84,28.061,0.09,1.32,0.0
ATOM,1620.0,HG21,VAL,106.0,55.059,21.912,25.777,0.09,1.32,0.0
ATOM,1621.0,HG22,VAL,106.0,53.875,21.826,26.901,0.09,1.32,0.0
ATOM,1622.0,HG23,VAL,106.0,55.022,22.985,27.01,0.09,1.32,0.0
ATOM,1623.0,N,PHE,107.0,58.534,20.3,28.637,-0.47,1.85,0.0
ATOM,1624.0,CA,PHE,107.0,59.316,19.361,29.401,0.07,2.275,0.0
ATOM,1625.0,C,PHE,107.0,60.418,19.962,30.3,0.51,2.0,0.0
ATOM,1626.0,O,PHE,107.0,60.797,19.325,31.3,-0.51,1.7,3.19
ATOM,1627.0,CB,PHE,107.0,59.967,18.445,28.369,-0.18,2.175,4.58
ATOM,1628.0,CG,PHE,107.0,60.898,17.376,28.93,0.0,1.9924,0.16
ATOM,1629.0,CD1,PHE,107.0,60.413,16.169,29.41,-0.115,1.9924,6.18
ATOM,1630.0,CD2,PHE,107.0,62.253,17.565,28.92,-0.115,1.9924,6.71
ATOM,1631.0,CE1,PHE,107.0,61.276,15.165,29.886,-0.115,1.9924,19.36
ATOM,1632.0,CE2,PHE,107.0,63.127,16.564,29.417,-0.115,1.9924,19.39
ATOM,1633.0,CZ,PHE,107.0,62.627,15.391,29.892,-0.115,1.9924,19.7
ATOM,1634.0,H,PHE,107.0,58.656,20.502,27.641,0.31,0.2245,0.0
ATOM,1635.0,HA,PHE,107.0,58.674,18.873,30.036,0.09,1.32,0.0
ATOM,1636.0,HB2,PHE,107.0,59.245,17.976,27.872,0.09,1.32,0.0
ATOM,1637.0,HB3,PHE,107.0,60.504,19.008,27.75,0.09,1.32,0.0
ATOM,1638.0,HD1,PHE,107.0,59.429,15.995,29.423,0.115,1.3582,0.0
ATOM,1639.0,HD2,PHE,107.0,62.653,18.408,28.563,0.115,1.3582,1.69
ATOM,1640.0,HE1,PHE,107.0,60.884,14.303,30.213,0.115,1.3582,15.84
ATOM,1641.0,HE2,PHE,107.0,64.124,16.754,29.406,0.115,1.3582,18.1
ATOM,1642.0,HZ,PHE,107.0,63.247,14.68,30.251,0.115,1.3582,18.4
ATOM,1643.0,N,ASN,108.0,60.918,21.134,29.9,-0.47,1.85,0.0
ATOM,1644.0,CA,ASN,108.0,62.033,21.85,30.523,0.07,2.275,0.0
ATOM,1645.0,C,ASN,108.0,62.143,21.763,32.023,0.51,2.0,0.0
ATOM,1646.0,O,ASN,108.0,63.085,21.181,32.569,-0.51,1.7,24.07
ATOM,1647.0,CB,ASN,108.0,62.134,23.341,30.028,-0.18,2.175,0.84
ATOM,1648.0,CG,ASN,108.0,63.414,24.02,30.534,0.55,2.0,1.94
ATOM,1649.0,H,ASN,108.0,60.413,21.526,29.046,0.31,0.2245,0.0
ATOM,1650.0,HA,ASN,108.0,62.894,21.443,30.131,0.09,1.32,3.52
ATOM,1651.0,HB2,ASN,108.0,62.146,23.329,29.043,0.09,1.32,0.0
ATOM,1652.0,HB3,ASN,108.0,61.352,23.826,30.381,0.09,1.32,0.86
ATOM,1653.0,OD1,ASN,108.0,64.464,23.585,30.247,-0.55,1.7,27.78
ATOM,1654.0,ND2,ASN,108.0,63.278,25.07,31.312,-0.62,1.85,13.38
ATOM,1655.0,HD22,ASN,108.0,62.351,25.389,31.554,0.3,0.2245,6.82
ATOM,1656.0,HD21,ASN,108.0,64.075,25.554,31.666,0.32,0.2245,15.74
ATOM,1657.0,N,ASN,109.0,61.168,22.344,32.69,-0.47,1.85,0.0
ATOM,1658.0,CA,ASN,109.0,61.178,22.351,34.123,0.07,2.275,3.16
ATOM,1659.0,C,ASN,109.0,60.267,21.323,34.682,0.51,2.0,2.1
ATOM,1660.0,O,ASN,109.0,59.8,21.499,35.792,-0.51,1.7,13.29
ATOM,1661.0,CB,ASN,109.0,60.756,23.727,34.617,-0.18,2.175,10.24
ATOM,1662.0,CG,ASN,109.0,61.662,24.862,34.181,0.55,2.0,2.71
ATOM,1663.0,OD1,ASN,109.0,61.41,26.025,34.528,-0.55,1.7,41.71
ATOM,1664.0,ND2,ASN,109.0,62.715,24.534,33.446,-0.62,1.85,11.71
ATOM,1665.0,H,ASN,109.0,60.429,22.775,32.108,0.31,0.2245,1.72
ATOM,1666.0,HA,ASN,109.0,62.121,22.118,34.417,0.09,1.32,5.81
ATOM,1667.0,HB2,ASN,109.0,59.828,23.916,34.278,0.09,1.32,8.31
ATOM,1668.0,HB3,ASN,109.0,60.732,23.71,35.623,0.09,1.32,8.45
ATOM,1669.0,HD22,ASN,109.0,62.873,23.574,33.202,0.3,0.2245,0.15
ATOM,1670.0,HD21,ASN,109.0,63.351,25.238,33.134,0.32,0.2245,5.78
ATOM,1671.0,N,GLY,110.0,59.956,20.252,33.927,-0.47,1.85,2.21
ATOM,1672.0,CA,GLY,110.0,59.036,19.219,34.429,-0.02,2.175,16.35
ATOM,1673.0,C,GLY,110.0,57.654,19.335,33.772,0.51,2.0,0.0
ATOM,1674.0,O,GLY,110.0,57.019,20.422,33.817,-0.51,1.7,0.3
ATOM,1675.0,H,GLY,110.0,60.404,20.224,33.003,0.31,0.2245,0.0
ATOM,1676.0,HA2,GLY,110.0,59.419,18.31,34.235,0.09,1.32,7.71
ATOM,1677.0,HA3,GLY,110.0,58.938,19.317,35.425,0.09,1.32,4.06
ATOM,1678.0,N,ILE,111.0,57.191,18.227,33.165,-0.47,1.85,0.0
ATOM,1679.0,CA,ILE,111.0,55.901,18.257,32.476,0.07,2.275,0.0
ATOM,1680.0,C,ILE,111.0,54.779,18.554,33.454,0.51,2.0,0.0
ATOM,1681.0,O,ILE,111.0,53.902,19.366,33.174,-0.51,1.7,0.0
ATOM,1682.0,CB,ILE,111.0,55.655,16.815,31.782,-0.09,2.275,0.69
ATOM,1683.0,CG1,ILE,111.0,56.646,16.664,30.626,-0.18,2.175,0.53
ATOM,1684.0,CG2,ILE,111.0,54.217,16.712,31.245,-0.27,2.06,0.7
ATOM,1685.0,CD1,ILE,111.0,56.517,15.217,29.984,-0.27,2.06,5.14
ATOM,1686.0,H,ILE,111.0,57.797,17.405,33.229,0.31,0.2245,6.63
ATOM,1687.0,HA,ILE,111.0,55.943,19.031,31.838,0.09,1.32,0.0
ATOM,1688.0,HB,ILE,111.0,55.853,16.148,32.469,0.09,1.32,5.79
ATOM,1689.0,HG12,ILE,111.0,56.443,17.312,29.926,0.09,1.32,0.0
ATOM,1690.0,HG13,ILE,111.0,57.559,16.748,30.961,0.09,1.32,0.1
ATOM,1691.0,HG21,ILE,111.0,54.094,15.823,30.813,0.09,1.32,0.0
ATOM,1692.0,HG22,ILE,111.0,53.579,16.811,32.003,0.09,1.32,0.0
ATOM,1693.0,HG23,ILE,111.0,54.066,17.436,30.578,0.09,1.32,0.0
ATOM,1694.0,HD11,ILE,111.0,55.591,15.123,29.655,0.09,1.32,0.0
ATOM,1695.0,HD12,ILE,111.0,57.171,15.164,29.246,0.09,1.32,1.13
ATOM,1696.0,HD13,ILE,111.0,56.718,14.562,30.694,0.09,1.32,6.89
ATOM,1697.0,N,ASP,112.0,54.79,17.877,34.614,-0.47,1.85,0.3
ATOM,1698.0,CA,ASP,112.0,53.706,18.133,35.56,0.07,2.275,0.0
ATOM,1699.0,C,ASP,112.0,53.669,19.592,35.993,0.51,2.0,0.0
ATOM,1700.0,O,ASP,112.0,52.579,20.225,36.044,-0.51,1.7,0.0
ATOM,1701.0,CB,ASP,112.0,53.848,17.23,36.792,-0.28,2.175,14.1
ATOM,1702.0,CG,ASP,112.0,52.647,17.301,37.638,0.62,2.0,3.2
ATOM,1703.0,OD1,ASP,112.0,51.587,16.73,37.263,-0.76,1.7,0.54
ATOM,1704.0,OD2,ASP,112.0,52.697,17.961,38.68,-0.76,1.7,27.2
ATOM,1705.0,H,ASP,112.0,55.553,17.233,34.753,0.31,0.2245,5.36
ATOM,1706.0,HA,ASP,112.0,52.84,17.945,35.077,0.09,1.32,0.0
ATOM,1707.0,HB2,ASP,112.0,53.98,16.304,36.464,0.09,1.32,4.57
ATOM,1708.0,HB3,ASP,112.0,54.641,17.543,37.296,0.09,1.32,6.46
ATOM,1709.0,N,ALA,113.0,54.858,20.135,36.291,-0.47,1.85,0.66
ATOM,1710.0,CA,ALA,113.0,54.956,21.548,36.718,0.07,2.275,2.28
ATOM,1711.0,C,ALA,113.0,54.409,22.493,35.629,0.51,2.0,0.18
ATOM,1712.0,O,ALA,113.0,53.766,23.512,35.946,-0.51,1.7,3.97
ATOM,1713.0,CB,ALA,113.0,56.394,21.897,37.024,-0.27,2.06,25.48
ATOM,1714.0,H,ALA,113.0,55.666,19.509,36.201,0.31,0.2245,1.3
ATOM,1715.0,HA,ALA,113.0,54.407,21.669,37.549,0.09,1.32,2.8
ATOM,1716.0,HB1,ALA,113.0,56.954,21.067,37.016,0.09,1.32,2.34
ATOM,1717.0,HB2,ALA,113.0,56.743,22.535,36.335,0.09,1.32,2.58
ATOM,1718.0,HB3,ALA,113.0,56.455,22.325,37.928,0.09,1.32,12.15
ATOM,1719.0,N,PHE,114.0,54.625,22.196,34.337,-0.47,1.85,0.23
ATOM,1720.0,CA,PHE,114.0,54.104,23.054,33.268,0.07,2.275,2.56
ATOM,1721.0,C,PHE,114.0,52.583,23.102,33.312,0.51,2.0,0.0
ATOM,1722.0,O,PHE,114.0,51.968,24.161,33.249,-0.51,1.7,0.0
ATOM,1723.0,CB,PHE,114.0,54.501,22.522,31.885,-0.18,2.175,0.14
ATOM,1724.0,CG,PHE,114.0,54.066,23.413,30.787,0.0,1.9924,0.0
ATOM,1725.0,CD1,PHE,114.0,54.869,24.498,30.469,-0.115,1.9924,0.23
ATOM,1726.0,CD2,PHE,114.0,52.9,23.203,30.06,-0.115,1.9924,0.0
ATOM,1727.0,CE1,PHE,114.0,54.469,25.408,29.428,-0.115,1.9924,0.0
ATOM,1728.0,CE2,PHE,114.0,52.524,24.111,29.052,-0.115,1.9924,0.0
ATOM,1729.0,CZ,PHE,114.0,53.326,25.206,28.749,-0.115,1.9924,0.0
ATOM,1730.0,H,PHE,114.0,55.172,21.339,34.172,0.31,0.2245,0.0
ATOM,1731.0,HA,PHE,114.0,54.432,23.984,33.457,0.09,1.32,3.26
ATOM,1732.0,HB2,PHE,114.0,55.484,22.452,31.867,0.09,1.32,1.11
ATOM,1733.0,HB3,PHE,114.0,54.068,21.644,31.772,0.09,1.32,0.0
ATOM,1734.0,HD1,PHE,114.0,55.716,24.669,30.937,0.115,1.3582,8.07
ATOM,1735.0,HD2,PHE,114.0,52.327,22.414,30.245,0.115,1.3582,0.0
ATOM,1736.0,HE1,PHE,114.0,55.083,26.189,29.244,0.115,1.3582,1.42
ATOM,1737.0,HE2,PHE,114.0,51.657,23.955,28.55,0.115,1.3582,0.0
ATOM,1738.0,HZ,PHE,114.0,53.037,25.836,28.019,0.115,1.3582,0.0
ATOM,1739.0,N,TYR,115.0,51.989,21.864,33.391,-0.47,1.85,0.0
ATOM,1740.0,CA,TYR,115.0,50.531,21.852,33.404,0.07,2.275,0.0
ATOM,1741.0,C,TYR,115.0,49.947,22.522,34.683,0.51,2.0,0.0
ATOM,1742.0,O,TYR,115.0,48.89,23.181,34.677,-0.51,1.7,0.0
ATOM,1743.0,CB,TYR,115.0,50.019,20.434,33.113,-0.18,2.175,0.0
ATOM,1744.0,CG,TYR,115.0,50.183,20.098,31.644,0.0,1.9924,0.0
ATOM,1745.0,CD1,TYR,115.0,49.26,20.447,30.725,-0.115,1.9924,0.0
ATOM,1746.0,CD2,TYR,115.0,51.326,19.379,31.213,-0.115,1.9924,0.0
ATOM,1747.0,CE1,TYR,115.0,49.431,20.131,29.33,-0.115,1.9924,0.0
ATOM,1748.0,CE2,TYR,115.0,51.526,19.058,29.86,-0.115,1.9924,0.0
ATOM,1749.0,CZ,TYR,115.0,50.57,19.399,28.948,0.11,1.9924,0.0
ATOM,1750.0,OH,TYR,115.0,50.828,19.049,27.66,-0.54,1.77,1.11
ATOM,1751.0,H,TYR,115.0,52.6,21.083,33.433,0.31,0.2245,0.0
ATOM,1752.0,HA,TYR,115.0,50.195,22.379,32.612,0.09,1.32,0.0
ATOM,1753.0,HB2,TYR,115.0,50.55,19.798,33.64,0.09,1.32,0.0
ATOM,1754.0,HB3,TYR,115.0,49.063,20.398,33.335,0.09,1.32,0.0
ATOM,1755.0,HD1,TYR,115.0,48.421,20.938,30.975,0.115,1.3582,0.0
ATOM,1756.0,HD2,TYR,115.0,52.001,19.098,31.888,0.115,1.3582,0.0
ATOM,1757.0,HE1,TYR,115.0,48.765,20.426,28.676,0.115,1.3582,0.0
ATOM,1758.0,HE2,TYR,115.0,52.361,18.587,29.586,0.115,1.3582,0.0
ATOM,1759.0,HH,TYR,115.0,50.787,18.053,27.568,0.43,0.2245,1.08
ATOM,1760.0,N,ALA,116.0,50.654,22.344,35.787,-0.47,1.85,0.0
ATOM,1761.0,CA,ALA,116.0,50.205,22.997,37.018,0.07,2.275,0.13
ATOM,1762.0,C,ALA,116.0,50.222,24.551,36.856,0.51,2.0,0.22
ATOM,1763.0,O,ALA,116.0,49.312,25.262,37.355,-0.51,1.7,3.37
ATOM,1764.0,CB,ALA,116.0,51.083,22.579,38.226,-0.27,2.06,21.58
ATOM,1765.0,H,ALA,116.0,51.479,21.755,35.713,0.31,0.2245,0.0
ATOM,1766.0,HA,ALA,116.0,49.262,22.721,37.214,0.09,1.32,0.0
ATOM,1767.0,HB1,ALA,116.0,50.726,23.014,39.046,0.09,1.32,10.12
ATOM,1768.0,HB2,ALA,116.0,51.048,21.589,38.32,0.09,1.32,0.0
ATOM,1769.0,HB3,ALA,116.0,52.018,22.875,38.059,0.09,1.32,1.17
ATOM,1770.0,N,ARG,117.0,51.241,25.039,36.151,-0.47,1.85,0.26
ATOM,1771.0,CA,ARG,117.0,51.354,26.492,35.971,0.07,2.275,2.05
ATOM,1772.0,C,ARG,117.0,50.183,26.97,35.073,0.51,2.0,0.0
ATOM,1773.0,O,ARG,117.0,49.552,28.004,35.277,-0.51,1.7,0.0
ATOM,1774.0,CB,ARG,117.0,52.68,26.862,35.37,-0.18,2.175,4.13
ATOM,1775.0,CG,ARG,117.0,52.817,28.41,35.252,-0.18,2.175,1.82
ATOM,1776.0,CD,ARG,117.0,53.164,29.047,36.658,0.2,2.175,10.71
ATOM,1777.0,NE,ARG,117.0,53.473,30.475,36.445,-0.7,1.85,4.85
ATOM,1778.0,CZ,ARG,117.0,52.797,31.514,36.954,0.64,2.0,2.04
ATOM,1779.0,NH1,ARG,117.0,51.762,31.349,37.781,-0.8,1.85,5.98
ATOM,1780.0,NH2,ARG,117.0,53.181,32.755,36.622,-0.8,1.85,12.54
ATOM,1781.0,H,ARG,117.0,51.895,24.358,35.771,0.31,0.2245,0.0
ATOM,1782.0,HA,ARG,117.0,51.27,26.939,36.855,0.09,1.32,0.0
ATOM,1783.0,HB2,ARG,117.0,53.407,26.555,35.953,0.09,1.32,4.59
ATOM,1784.0,HB3,ARG,117.0,52.746,26.501,34.461,0.09,1.32,0.0
ATOM,1785.0,HG2,ARG,117.0,53.554,28.63,34.641,0.09,1.32,1.18
ATOM,1786.0,HG3,ARG,117.0,51.961,28.795,34.961,0.09,1.32,0.0
ATOM,1787.0,HD2,ARG,117.0,52.373,28.954,37.215,0.09,1.32,0.0
ATOM,1788.0,HD3,ARG,117.0,53.948,28.58,36.995,0.09,1.32,8.98
ATOM,1789.0,HE,ARG,117.0,54.274,30.689,35.857,0.44,0.2245,7.34
ATOM,1790.0,HH11,ARG,117.0,51.492,30.423,38.047,0.46,0.2245,0.0
ATOM,1791.0,HH12,ARG,117.0,51.268,32.14,38.128,0.46,0.2245,10.27
ATOM,1792.0,HH21,ARG,117.0,53.966,32.892,36.024,0.46,0.2245,4.07
ATOM,1793.0,HH22,ARG,117.0,52.675,33.54,36.978,0.46,0.2245,9.3
ATOM,1794.0,N,CYS,118.0,49.905,26.244,34.0,-0.47,1.85,0.0
ATOM,1795.0,CA,CYS,118.0,48.763,26.561,33.144,0.07,2.275,0.0
ATOM,1796.0,C,CYS,118.0,47.469,26.592,33.977,0.51,2.0,0.0
ATOM,1797.0,O,CYS,118.0,46.641,27.479,33.794,-0.51,1.7,0.0
ATOM,1798.0,CB,CYS,118.0,48.611,25.42,32.115,-0.11,2.175,0.0
ATOM,1799.0,SG,CYS,118.0,49.841,25.39,30.786,-0.23,2.0,0.0
ATOM,1800.0,H,CYS,118.0,50.549,25.452,33.823,0.31,0.2245,0.0
ATOM,1801.0,HA,CYS,118.0,48.9,27.474,32.756,0.09,1.32,0.0
ATOM,1802.0,HB2,CYS,118.0,48.662,24.552,32.615,0.09,1.32,0.0
ATOM,1803.0,HB3,CYS,118.0,47.7,25.504,31.702,0.09,1.32,0.0
ATOM,1804.0,HG,CYS,118.0,50.225,26.305,30.669,0.16,0.45,0.0
ATOM,1805.0,N,GLU,119.0,47.294,25.633,34.894,-0.47,1.85,0.0
ATOM,1806.0,CA,GLU,119.0,46.036,25.634,35.652,0.07,2.275,0.0
ATOM,1807.0,C,GLU,119.0,46.047,26.88,36.562,0.51,2.0,0.0
ATOM,1808.0,O,GLU,119.0,44.969,27.525,36.717,-0.51,1.7,11.91
ATOM,1809.0,CB,GLU,119.0,45.931,24.356,36.499,-0.18,2.175,0.0
ATOM,1810.0,CG,GLU,119.0,44.668,24.307,37.332,-0.28,2.175,11.76
ATOM,1811.0,CD,GLU,119.0,44.594,23.073,38.227,0.62,2.0,2.87
ATOM,1812.0,OE1,GLU,119.0,45.625,22.518,38.595,-0.76,1.7,15.99
ATOM,1813.0,OE2,GLU,119.0,43.445,22.717,38.523,-0.76,1.7,19.66
ATOM,1814.0,H,GLU,119.0,48.042,24.967,35.006,0.31,0.2245,0.0
ATOM,1815.0,HA,GLU,119.0,45.267,25.687,35.032,0.09,1.32,1.31
ATOM,1816.0,HB2,GLU,119.0,45.918,23.595,35.883,0.09,1.32,0.0
ATOM,1817.0,HB3,GLU,119.0,46.697,24.342,37.108,0.09,1.32,0.51
ATOM,1818.0,HG2,GLU,119.0,44.649,25.095,37.92,0.09,1.32,4.46
ATOM,1819.0,HG3,GLU,119.0,43.893,24.275,36.728,0.09,1.32,4.32
ATOM,1820.0,N,GLN,120.0,47.193,27.194,37.154,-0.47,1.85,0.12
ATOM,1821.0,CA,GLN,120.0,47.228,28.363,38.057,0.07,2.275,1.77
ATOM,1822.0,C,GLN,120.0,46.838,29.668,37.349,0.51,2.0,0.0
ATOM,1823.0,O,GLN,120.0,46.141,30.519,37.921,-0.51,1.7,25.08
ATOM,1824.0,CB,GLN,120.0,48.597,28.456,38.69,-0.18,2.175,1.82
ATOM,1825.0,CG,GLN,120.0,48.9,29.656,39.666,-0.18,2.175,9.41
ATOM,1826.0,CD,GLN,120.0,50.287,29.461,40.308,0.55,2.0,0.7
ATOM,1827.0,H,GLN,120.0,47.992,26.604,36.95,0.31,0.2245,0.0
ATOM,1828.0,HA,GLN,120.0,46.556,28.2,38.793,0.09,1.32,9.21
ATOM,1829.0,HB2,GLN,120.0,48.786,27.608,39.223,0.09,1.32,7.02
ATOM,1830.0,HB3,GLN,120.0,49.309,28.502,37.961,0.09,1.32,0.0
ATOM,1831.0,HG2,GLN,120.0,48.904,30.48,39.138,0.09,1.32,1.68
ATOM,1832.0,HG3,GLN,120.0,48.218,29.653,40.367,0.09,1.32,7.64
ATOM,1833.0,OE1,GLN,120.0,51.263,28.987,39.646,-0.55,1.7,13.49
ATOM,1834.0,NE2,GLN,120.0,50.382,29.79,41.616,-0.62,1.85,27.39
ATOM,1835.0,HE21,GLN,120.0,51.256,29.673,42.099,0.32,0.2245,21.51
ATOM,1836.0,HE22,GLN,120.0,49.559,30.151,42.08,0.3,0.2245,17.09
ATOM,1837.0,N,VAL,121.0,47.246,29.805,36.095,-0.47,1.85,0.0
ATOM,1838.0,CA,VAL,121.0,46.927,31.079,35.407,0.07,2.275,0.3
ATOM,1839.0,C,VAL,121.0,45.612,31.054,34.662,0.51,2.0,1.01
ATOM,1840.0,O,VAL,121.0,45.134,32.104,34.203,-0.51,1.7,2.03
ATOM,1841.0,CB,VAL,121.0,48.047,31.532,34.451,-0.09,2.275,0.0
ATOM,1842.0,CG1,VAL,121.0,49.377,31.596,35.184,-0.27,2.06,0.0
ATOM,1843.0,CG2,VAL,121.0,48.178,30.582,33.265,-0.27,2.06,0.0
ATOM,1844.0,H,VAL,121.0,47.748,29.04,35.68,0.31,0.2245,0.0
ATOM,1845.0,HA,VAL,121.0,46.879,31.801,36.121,0.09,1.32,1.9
ATOM,1846.0,HB,VAL,121.0,47.833,32.457,34.152,0.09,1.32,0.0
ATOM,1847.0,HG11,VAL,121.0,49.737,30.671,35.306,0.09,1.32,0.0
ATOM,1848.0,HG12,VAL,121.0,50.028,32.138,34.651,0.09,1.32,0.0
ATOM,1849.0,HG13,VAL,121.0,49.246,32.022,36.08,0.09,1.32,0.67
ATOM,1850.0,HG21,VAL,121.0,48.23,29.642,33.601,0.09,1.32,0.0
ATOM,1851.0,HG22,VAL,121.0,47.38,30.685,32.672,0.09,1.32,0.04
ATOM,1852.0,HG23,VAL,121.0,49.008,30.805,32.756,0.09,1.32,0.0
ATOM,1853.0,N,GLY,122.0,44.947,29.907,34.531,-0.47,1.85,0.07
ATOM,1854.0,CA,GLY,122.0,43.661,29.943,33.869,-0.02,2.175,5.22
ATOM,1855.0,C,GLY,122.0,43.586,29.465,32.429,0.51,2.0,0.32
ATOM,1856.0,O,GLY,122.0,42.587,29.739,31.77,-0.51,1.7,0.0
ATOM,1857.0,H,GLY,122.0,45.395,29.08,34.909,0.31,0.2245,0.0
ATOM,1858.0,HA2,GLY,122.0,42.979,29.397,34.433,0.09,1.32,5.5
ATOM,1859.0,HA3,GLY,122.0,43.289,30.913,33.913,0.09,1.32,0.0
ATOM,1860.0,N,VAL,123.0,44.63,28.806,31.936,-0.47,1.85,0.16
ATOM,1861.0,CA,VAL,123.0,44.671,28.275,30.572,0.07,2.275,0.0
ATOM,1862.0,C,VAL,123.0,43.722,27.082,30.575,0.51,2.0,0.0
ATOM,1863.0,O,VAL,123.0,43.586,26.396,31.6,-0.51,1.7,4.25
ATOM,1864.0,CB,VAL,123.0,46.092,27.789,30.268,-0.09,2.275,0.0
ATOM,1865.0,CG1,VAL,123.0,46.102,26.739,29.147,-0.27,2.06,0.0
ATOM,1866.0,CG2,VAL,123.0,47.043,29.016,29.933,-0.27,2.06,0.26
ATOM,1867.0,H,VAL,123.0,45.426,28.697,32.609,0.31,0.2245,0.0
ATOM,1868.0,HA,VAL,123.0,44.306,28.957,29.962,0.09,1.32,0.0
ATOM,1869.0,HB,VAL,123.0,46.446,27.335,31.084,0.09,1.32,0.0
ATOM,1870.0,HG11,VAL,123.0,45.473,27.023,28.427,0.09,1.32,0.0
ATOM,1871.0,HG12,VAL,123.0,47.026,26.663,28.778,0.09,1.32,0.0
ATOM,1872.0,HG13,VAL,123.0,45.814,25.86,29.52,0.09,1.32,0.0
ATOM,1873.0,HG21,VAL,123.0,46.88,29.713,30.616,0.09,1.32,0.18
ATOM,1874.0,HG22,VAL,123.0,47.975,28.687,29.968,0.09,1.32,0.0
ATOM,1875.0,HG23,VAL,123.0,46.807,29.336,29.027,0.09,1.32,0.0
ATOM,1876.0,N,ASP,124.0,43.063,26.884,29.431,-0.47,1.85,0.0
ATOM,1877.0,CA,ASP,124.0,42.119,25.738,29.29,0.07,2.275,0.63
ATOM,1878.0,C,ASP,124.0,42.64,24.502,28.565,0.51,2.0,0.0
ATOM,1879.0,O,ASP,124.0,42.129,23.388,28.771,-0.51,1.7,3.06
ATOM,1880.0,CB,ASP,124.0,40.884,26.216,28.575,-0.28,2.175,0.98
ATOM,1881.0,CG,ASP,124.0,40.204,27.305,29.354,0.62,2.0,0.0
ATOM,1882.0,OD1,ASP,124.0,39.648,26.969,30.437,-0.76,1.7,3.2
ATOM,1883.0,OD2,ASP,124.0,40.238,28.477,28.94,-0.76,1.7,0.0
ATOM,1884.0,H,ASP,124.0,43.248,27.556,28.682,0.31,0.2245,0.0
ATOM,1885.0,HA,ASP,124.0,41.878,25.451,30.246,0.09,1.32,1.47
ATOM,1886.0,HB2,ASP,124.0,41.15,26.573,27.691,0.09,1.32,0.0
ATOM,1887.0,HB3,ASP,124.0,40.261,25.454,28.479,0.09,1.32,1.69
ATOM,1888.0,N,SER,125.0,43.581,24.711,27.674,-0.47,1.85,0.0
ATOM,1889.0,CA,SER,125.0,44.086,23.591,26.84,0.07,2.275,0.0
ATOM,1890.0,C,SER,125.0,45.477,23.821,26.388,0.51,2.0,0.0
ATOM,1891.0,O,SER,125.0,45.972,24.953,26.362,-0.51,1.7,0.0
ATOM,1892.0,CB,SER,125.0,43.179,23.332,25.597,0.05,2.175,0.0
ATOM,1893.0,OG,SER,125.0,43.357,24.36,24.6,-0.66,1.77,0.05
ATOM,1894.0,H,SER,125.0,43.934,25.672,27.594,0.31,0.2245,0.0
ATOM,1895.0,HA,SER,125.0,44.055,22.761,27.419,0.09,1.32,0.0
ATOM,1896.0,HB2,SER,125.0,43.428,22.459,25.204,0.09,1.32,0.0
ATOM,1897.0,HB3,SER,125.0,42.234,23.334,25.893,0.09,1.32,0.0
ATOM,1898.0,HG,SER,125.0,43.372,25.246,25.053,0.43,0.2245,0.0
ATOM,1899.0,N,VAL,126.0,46.146,22.704,26.006,-0.47,1.85,0.0
ATOM,1900.0,CA,VAL,126.0,47.48,22.807,25.435,0.07,2.275,0.0
ATOM,1901.0,C,VAL,126.0,47.62,21.805,24.296,0.51,2.0,0.0
ATOM,1902.0,O,VAL,126.0,47.33,20.597,24.466,-0.51,1.7,2.16
ATOM,1903.0,CB,VAL,126.0,48.576,22.435,26.437,-0.09,2.275,0.0
ATOM,1904.0,CG1,VAL,126.0,49.998,22.42,25.827,-0.27,2.06,0.0
ATOM,1905.0,CG2,VAL,126.0,48.555,23.445,27.648,-0.27,2.06,0.0
ATOM,1906.0,H,VAL,126.0,45.637,21.827,26.155,0.31,0.2245,0.0
ATOM,1907.0,HA,VAL,126.0,47.59,23.726,25.053,0.09,1.32,0.0
ATOM,1908.0,HB,VAL,126.0,48.402,21.498,26.76,0.09,1.32,0.0
ATOM,1909.0,HG11,VAL,126.0,50.659,22.611,26.547,0.09,1.32,0.0
ATOM,1910.0,HG12,VAL,126.0,50.17,21.521,25.434,0.09,1.32,0.0
ATOM,1911.0,HG13,VAL,126.0,50.052,23.119,25.12,0.09,1.32,0.0
ATOM,1912.0,HG21,VAL,126.0,48.251,24.323,27.304,0.09,1.32,0.0
ATOM,1913.0,HG22,VAL,126.0,47.926,23.09,28.327,0.09,1.32,0.0
ATOM,1914.0,HG23,VAL,126.0,49.476,23.503,28.01,0.09,1.32,0.0
ATOM,1915.0,N,LEU,127.0,48.049,22.297,23.154,-0.47,1.85,0.02
ATOM,1916.0,CA,LEU,127.0,48.491,21.482,22.022,0.07,2.275,0.0
ATOM,1917.0,C,LEU,127.0,49.992,21.522,21.982,0.51,2.0,0.0
ATOM,1918.0,O,LEU,127.0,50.568,22.573,21.937,-0.51,1.7,0.0
ATOM,1919.0,CB,LEU,127.0,47.976,22.058,20.679,-0.18,2.175,0.0
ATOM,1920.0,CG,LEU,127.0,48.584,21.38,19.419,-0.09,2.275,0.0
ATOM,1921.0,CD1,LEU,127.0,48.412,19.862,19.336,-0.27,2.06,2.83
ATOM,1922.0,CD2,LEU,127.0,47.943,22.042,18.131,-0.27,2.06,0.03
ATOM,1923.0,H,LEU,127.0,48.051,23.354,23.114,0.31,0.2245,0.0
ATOM,1924.0,HA,LEU,127.0,48.192,20.544,22.175,0.09,1.32,0.0
ATOM,1925.0,HB2,LEU,127.0,47.003,21.919,20.643,0.09,1.32,0.0
ATOM,1926.0,HB3,LEU,127.0,48.219,23.01,20.644,0.09,1.32,0.0
ATOM,1927.0,HG,LEU,127.0,49.576,21.605,19.389,0.09,1.32,0.0
ATOM,1928.0,HD11,LEU,127.0,47.438,19.64,19.334,0.09,1.32,0.0
ATOM,1929.0,HD12,LEU,127.0,48.835,19.527,18.495,0.09,1.32,0.81
ATOM,1930.0,HD13,LEU,127.0,48.852,19.436,20.125,0.09,1.32,0.26
ATOM,1931.0,HD21,LEU,127.0,48.159,23.009,18.147,0.09,1.32,0.0
ATOM,1932.0,HD22,LEU,127.0,48.337,21.603,17.335,0.09,1.32,0.0
ATOM,1933.0,HD23,LEU,127.0,46.964,21.895,18.17,0.09,1.32,0.0
ATOM,1934.0,N,VAL,128.0,50.678,20.379,22.044,-0.47,1.85,0.0
ATOM,1935.0,CA,VAL,128.0,52.127,20.386,21.938,0.07,2.275,0.0
ATOM,1936.0,C,VAL,128.0,52.433,19.949,20.504,0.51,2.0,0.0
ATOM,1937.0,O,VAL,128.0,52.181,18.817,20.127,-0.51,1.7,1.41
ATOM,1938.0,CB,VAL,128.0,52.788,19.424,22.928,-0.09,2.275,0.89
ATOM,1939.0,CG1,VAL,128.0,54.311,19.673,22.879,-0.27,2.06,0.0
ATOM,1940.0,CG2,VAL,128.0,52.282,19.698,24.377,-0.27,2.06,0.33
ATOM,1941.0,H,VAL,128.0,50.108,19.531,22.168,0.31,0.2245,3.76
ATOM,1942.0,HA,VAL,128.0,52.448,21.312,22.048,0.09,1.32,0.0
ATOM,1943.0,HB,VAL,128.0,52.647,18.505,22.609,0.09,1.32,0.14
ATOM,1944.0,HG11,VAL,128.0,54.784,18.807,23.016,0.09,1.32,0.0
ATOM,1945.0,HG12,VAL,128.0,54.547,20.054,21.99,0.09,1.32,0.0
ATOM,1946.0,HG13,VAL,128.0,54.557,20.314,23.601,0.09,1.32,0.0
ATOM,1947.0,HG21,VAL,128.0,53.012,19.467,25.011,0.09,1.32,0.0
ATOM,1948.0,HG22,VAL,128.0,52.047,20.661,24.448,0.09,1.32,0.0
ATOM,1949.0,HG23,VAL,128.0,51.483,19.13,24.541,0.09,1.32,3.32
ATOM,1950.0,N,ALA,129.0,52.984,20.844,19.697,-0.47,1.85,0.0
ATOM,1951.0,CA,ALA,129.0,53.0,20.584,18.252,0.07,2.275,0.0
ATOM,1952.0,C,ALA,129.0,53.851,19.391,17.79,0.51,2.0,0.07
ATOM,1953.0,O,ALA,129.0,53.483,18.726,16.78,-0.51,1.7,23.06
ATOM,1954.0,CB,ALA,129.0,53.502,21.884,17.527,-0.27,2.06,1.57
ATOM,1955.0,H,ALA,129.0,53.372,21.677,20.136,0.31,0.2245,0.0
ATOM,1956.0,HA,ALA,129.0,52.034,20.423,17.944,0.09,1.32,0.0
ATOM,1957.0,HB1,ALA,129.0,54.469,21.992,17.719,0.09,1.32,0.0
ATOM,1958.0,HB2,ALA,129.0,53.347,21.775,16.553,0.09,1.32,0.55
ATOM,1959.0,HB3,ALA,129.0,52.987,22.654,17.88,0.09,1.32,0.0
ATOM,1960.0,N,ASP,130.0,54.919,19.119,18.536,-0.47,1.85,0.0
ATOM,1961.0,CA,ASP,130.0,55.9,18.051,18.181,0.07,2.275,3.25
ATOM,1962.0,C,ASP,130.0,55.799,16.849,19.089,0.51,2.0,0.0
ATOM,1963.0,O,ASP,130.0,56.722,16.077,19.251,-0.51,1.7,16.81
ATOM,1964.0,CB,ASP,130.0,57.331,18.645,18.083,-0.28,2.175,6.17
ATOM,1965.0,CG,ASP,130.0,57.755,19.446,19.312,0.62,2.0,0.0
ATOM,1966.0,OD1,ASP,130.0,56.934,19.93,20.13,-0.76,1.7,0.0
ATOM,1967.0,OD2,ASP,130.0,58.981,19.604,19.499,-0.76,1.7,17.65
ATOM,1968.0,H,ASP,130.0,55.023,19.705,19.388,0.31,0.2245,0.0
ATOM,1969.0,HA,ASP,130.0,55.663,17.753,17.245,0.09,1.32,6.83
ATOM,1970.0,HB2,ASP,130.0,57.963,17.885,17.962,0.09,1.32,7.82
ATOM,1971.0,HB3,ASP,130.0,57.354,19.242,17.287,0.09,1.32,0.16
ATOM,1972.0,N,VAL,131.0,54.614,16.664,19.663,-0.47,1.85,0.0
ATOM,1973.0,CA,VAL,131.0,54.324,15.415,20.38,0.07,2.275,0.0
ATOM,1974.0,C,VAL,131.0,53.173,14.684,19.711,0.51,2.0,0.17
ATOM,1975.0,O,VAL,131.0,51.988,15.071,19.851,-0.51,1.7,8.15
ATOM,1976.0,CB,VAL,131.0,53.959,15.695,21.832,-0.09,2.275,0.02
ATOM,1977.0,CG1,VAL,131.0,53.554,14.432,22.534,-0.27,2.06,0.13
ATOM,1978.0,CG2,VAL,131.0,55.173,16.375,22.537,-0.27,2.06,2.36
ATOM,1979.0,H,VAL,131.0,53.945,17.437,19.567,0.31,0.2245,0.0
ATOM,1980.0,HA,VAL,131.0,55.139,14.833,20.327,0.09,1.32,0.31
ATOM,1981.0,HB,VAL,131.0,53.166,16.304,21.836,0.09,1.32,0.87
ATOM,1982.0,HG11,VAL,131.0,52.644,14.542,22.943,0.09,1.32,1.8
ATOM,1983.0,HG12,VAL,131.0,53.527,13.669,21.883,0.09,1.32,0.0
ATOM,1984.0,HG13,VAL,131.0,54.212,14.215,23.26,0.09,1.32,0.0
ATOM,1985.0,HG21,VAL,131.0,55.147,16.135,23.501,0.09,1.32,0.0
ATOM,1986.0,HG22,VAL,131.0,56.007,16.038,22.114,0.09,1.32,3.14
ATOM,1987.0,HG23,VAL,131.0,55.091,17.358,22.417,0.09,1.32,0.0
ATOM,1988.0,N,PRO,132.0,53.452,13.623,18.979,-0.29,1.85,0.53
ATOM,1989.0,CA,PRO,132.0,52.377,12.885,18.29,0.02,2.275,3.99
ATOM,1990.0,C,PRO,132.0,51.659,12.039,19.336,0.51,2.0,0.0
ATOM,1991.0,O,PRO,132.0,52.086,11.87,20.52,-0.51,1.7,0.0
ATOM,1992.0,CB,PRO,132.0,53.19,11.992,17.308,-0.18,2.175,15.39
ATOM,1993.0,CG,PRO,132.0,54.42,11.697,18.019,-0.18,2.175,8.16
ATOM,1994.0,CD,PRO,132.0,54.775,13.019,18.726,0.0,2.175,6.95
ATOM,1995.0,HA,PRO,132.0,51.752,13.508,17.84,0.09,1.32,8.44
ATOM,1996.0,HB2,PRO,132.0,52.66,11.164,17.096,0.09,1.32,0.0
ATOM,1997.0,HB3,PRO,132.0,53.35,12.497,16.454,0.09,1.32,11.71
ATOM,1998.0,HG2,PRO,132.0,54.3,10.977,18.704,0.09,1.32,0.0
ATOM,1999.0,HG3,PRO,132.0,55.165,11.442,17.4,0.09,1.32,11.9
ATOM,2000.0,HD2,PRO,132.0,55.255,12.842,19.578,0.09,1.32,0.11
ATOM,2001.0,HD3,PRO,132.0,55.324,13.597,18.132,0.09,1.32,5.79
ATOM,2002.0,N,VAL,133.0,50.519,11.498,18.932,-0.47,1.85,0.14
ATOM,2003.0,CA,VAL,133.0,49.787,10.682,19.912,0.07,2.275,0.0
ATOM,2004.0,C,VAL,133.0,50.595,9.571,20.563,0.51,2.0,0.0
ATOM,2005.0,O,VAL,133.0,50.418,9.251,21.779,-0.51,1.7,1.53
ATOM,2006.0,CB,VAL,133.0,48.465,10.101,19.365,-0.09,2.275,0.0
ATOM,2007.0,CG1,VAL,133.0,47.534,11.223,19.119,-0.27,2.06,0.08
ATOM,2008.0,CG2,VAL,133.0,48.63,9.243,18.16,-0.27,2.06,0.22
ATOM,2009.0,H,VAL,133.0,50.225,11.676,17.989,0.31,0.2245,4.7
ATOM,2010.0,HA,VAL,133.0,49.462,11.31,20.652,0.09,1.32,0.0
ATOM,2011.0,HB,VAL,133.0,48.083,9.53,20.078,0.09,1.32,0.0
ATOM,2012.0,HG11,VAL,133.0,46.586,10.89,19.049,0.09,1.32,0.0
ATOM,2013.0,HG12,VAL,133.0,47.578,11.893,19.87,0.09,1.32,0.0
ATOM,2014.0,HG13,VAL,133.0,47.766,11.696,18.26,0.09,1.32,2.16
ATOM,2015.0,HG21,VAL,133.0,48.156,8.366,18.291,0.09,1.32,0.0
ATOM,2016.0,HG22,VAL,133.0,48.245,9.702,17.352,0.09,1.32,0.0
ATOM,2017.0,HG23,VAL,133.0,49.605,9.061,17.994,0.09,1.32,0.0
ATOM,2018.0,N,GLU,134.0,51.472,8.978,19.761,-0.47,1.85,0.0
ATOM,2019.0,CA,GLU,134.0,52.296,7.878,20.218,0.07,2.275,0.85
ATOM,2020.0,C,GLU,134.0,53.215,8.277,21.361,0.51,2.0,0.0
ATOM,2021.0,O,GLU,134.0,53.654,7.396,22.111,-0.51,1.7,26.95
ATOM,2022.0,CB,GLU,134.0,53.157,7.408,19.047,-0.18,2.175,10.59
ATOM,2023.0,CG,GLU,134.0,52.376,6.727,17.922,-0.28,2.175,18.6
ATOM,2024.0,CD,GLU,134.0,51.715,7.657,16.895,0.62,2.0,3.08
ATOM,2025.0,OE1,GLU,134.0,51.629,8.906,17.015,-0.76,1.7,6.06
ATOM,2026.0,OE2,GLU,134.0,51.201,7.136,15.837,-0.76,1.7,36.94
ATOM,2027.0,H,GLU,134.0,51.511,9.367,18.797,0.31,0.2245,0.0
ATOM,2028.0,HA,GLU,134.0,51.704,7.109,20.518,0.09,1.32,5.97
ATOM,2029.0,HB2,GLU,134.0,53.6,8.198,18.66,0.09,1.32,0.2
ATOM,2030.0,HB3,GLU,134.0,53.807,6.753,19.392,0.09,1.32,8.28
ATOM,2031.0,HG2,GLU,134.0,53.004,6.14,17.421,0.09,1.32,11.48
ATOM,2032.0,HG3,GLU,134.0,51.65,6.185,18.332,0.09,1.32,3.32
ATOM,2033.0,N,GLU,135.0,53.544,9.566,21.495,-0.47,1.85,0.0
ATOM,2034.0,CA,GLU,135.0,54.437,10.004,22.602,0.07,2.275,1.5
ATOM,2035.0,C,GLU,135.0,53.67,10.791,23.663,0.51,2.0,0.0
ATOM,2036.0,O,GLU,135.0,54.281,11.334,24.553,-0.51,1.7,2.28
ATOM,2037.0,CB,GLU,135.0,55.594,10.937,22.103,-0.18,2.175,4.53
ATOM,2038.0,CG,GLU,135.0,56.522,10.195,21.115,-0.28,2.175,8.36
ATOM,2039.0,CD,GLU,135.0,57.506,9.282,21.805,0.62,2.0,4.54
ATOM,2040.0,OE1,GLU,135.0,57.425,9.128,23.065,-0.76,1.7,32.47
ATOM,2041.0,OE2,GLU,135.0,58.372,8.731,21.059,-0.76,1.7,48.1
ATOM,2042.0,H,GLU,135.0,53.148,10.205,20.801,0.31,0.2245,0.0
ATOM,2043.0,HA,GLU,135.0,54.86,9.193,23.019,0.09,1.32,1.73
ATOM,2044.0,HB2,GLU,135.0,55.185,11.673,21.629,0.09,1.32,0.0
ATOM,2045.0,HB3,GLU,135.0,56.119,11.183,22.875,0.09,1.32,2.82
ATOM,2046.0,HG2,GLU,135.0,55.954,9.648,20.53,0.09,1.32,0.01
ATOM,2047.0,HG3,GLU,135.0,57.029,10.873,20.618,0.09,1.32,7.0
ATOM,2048.0,N,SER,136.0,52.349,10.835,23.54,-0.47,1.85,0.0
ATOM,2049.0,CA,SER,136.0,51.603,11.812,24.361,0.07,2.275,0.0
ATOM,2050.0,C,SER,136.0,51.302,11.431,25.765,0.51,2.0,0.0
ATOM,2051.0,O,SER,136.0,50.877,12.27,26.507,-0.51,1.7,0.0
ATOM,2052.0,CB,SER,136.0,50.277,12.13,23.67,0.05,2.175,0.37
ATOM,2053.0,OG,SER,136.0,49.471,10.959,23.625,-0.66,1.77,0.0
ATOM,2054.0,H,SER,136.0,51.924,10.192,22.886,0.31,0.2245,0.0
ATOM,2055.0,HA,SER,136.0,52.167,12.679,24.367,0.09,1.32,0.0
ATOM,2056.0,HB2,SER,136.0,49.804,12.828,24.187,0.09,1.32,0.22
ATOM,2057.0,HB3,SER,136.0,50.46,12.431,22.746,0.09,1.32,0.0
ATOM,2058.0,HG,SER,136.0,49.844,10.327,22.948,0.43,0.2245,0.0
ATOM,2059.0,N,ALA,137.0,51.494,10.171,26.124,-0.47,1.85,0.0
ATOM,2060.0,CA,ALA,137.0,51.029,9.733,27.458,0.07,2.275,0.0
ATOM,2061.0,C,ALA,137.0,51.359,10.661,28.657,0.51,2.0,0.0
ATOM,2062.0,O,ALA,137.0,50.42,11.089,29.35,-0.51,1.7,0.0
ATOM,2063.0,CB,ALA,137.0,51.481,8.313,27.75,-0.27,2.06,19.9
ATOM,2064.0,H,ALA,137.0,51.957,9.566,25.454,0.31,0.2245,0.55
ATOM,2065.0,HA,ALA,137.0,50.008,9.622,27.42,0.09,1.32,0.0
ATOM,2066.0,HB1,ALA,137.0,52.122,8.012,27.043,0.09,1.32,7.21
ATOM,2067.0,HB2,ALA,137.0,51.933,8.281,28.642,0.09,1.32,2.25
ATOM,2068.0,HB3,ALA,137.0,50.688,7.703,27.759,0.09,1.32,1.67
ATOM,2069.0,N,PRO,138.0,52.615,10.996,28.9,-0.29,1.85,0.0
ATOM,2070.0,CA,PRO,138.0,52.88,11.867,30.083,0.02,2.275,0.07
ATOM,2071.0,C,PRO,138.0,52.292,13.261,29.986,0.51,2.0,0.0
ATOM,2072.0,O,PRO,138.0,51.941,13.856,31.019,-0.51,1.7,0.36
ATOM,2073.0,CB,PRO,138.0,54.397,11.963,30.194,-0.18,2.175,11.28
ATOM,2074.0,CG,PRO,138.0,54.919,11.365,28.906,-0.18,2.175,12.45
ATOM,2075.0,CD,PRO,138.0,53.847,10.551,28.204,0.0,2.175,8.18
ATOM,2076.0,HA,PRO,138.0,52.563,11.393,30.93,0.09,1.32,0.56
ATOM,2077.0,HB2,PRO,138.0,54.693,12.918,30.28,0.09,1.32,0.0
ATOM,2078.0,HB3,PRO,138.0,54.735,11.444,30.982,0.09,1.32,11.54
ATOM,2079.0,HG2,PRO,138.0,55.259,12.112,28.29,0.09,1.32,0.04
ATOM,2080.0,HG3,PRO,138.0,55.738,10.78,29.104,0.09,1.32,12.62
ATOM,2081.0,HD2,PRO,138.0,53.801,10.771,27.238,0.09,1.32,0.0
ATOM,2082.0,HD3,PRO,138.0,53.989,9.577,28.334,0.09,1.32,5.71
ATOM,2083.0,N,PHE,139.0,52.147,13.764,28.76,-0.47,1.85,0.0
ATOM,2084.0,CA,PHE,139.0,51.581,15.092,28.519,0.07,2.275,0.0
ATOM,2085.0,C,PHE,139.0,50.071,15.039,28.803,0.51,2.0,0.0
ATOM,2086.0,O,PHE,139.0,49.537,15.895,29.573,-0.51,1.7,0.0
ATOM,2087.0,CB,PHE,139.0,51.849,15.483,27.065,-0.18,2.175,4.88
ATOM,2088.0,CG,PHE,139.0,53.312,15.659,26.785,0.0,1.9924,0.0
ATOM,2089.0,CD1,PHE,139.0,53.939,16.902,27.037,-0.115,1.9924,0.0
ATOM,2090.0,CD2,PHE,139.0,54.099,14.605,26.335,-0.115,1.9924,0.0
ATOM,2091.0,CE1,PHE,139.0,55.287,17.087,26.803,-0.115,1.9924,0.0
ATOM,2092.0,CE2,PHE,139.0,55.499,14.786,26.113,-0.115,1.9924,2.04
ATOM,2093.0,CZ,PHE,139.0,56.104,16.014,26.338,-0.115,1.9924,1.95
ATOM,2094.0,H,PHE,139.0,52.469,13.135,27.994,0.31,0.2245,0.0
ATOM,2095.0,HA,PHE,139.0,51.976,15.707,29.195,0.09,1.32,0.0
ATOM,2096.0,HB2,PHE,139.0,51.511,14.761,26.491,0.09,1.32,0.0
ATOM,2097.0,HB3,PHE,139.0,51.398,16.339,26.895,0.09,1.32,0.17
ATOM,2098.0,HD1,PHE,139.0,53.388,17.653,27.392,0.115,1.3582,0.0
ATOM,2099.0,HD2,PHE,139.0,53.701,13.712,26.162,0.115,1.3582,0.0
ATOM,2100.0,HE1,PHE,139.0,55.712,17.988,26.958,0.115,1.3582,0.0
ATOM,2101.0,HE2,PHE,139.0,56.037,13.992,25.785,0.115,1.3582,8.73
ATOM,2102.0,HZ,PHE,139.0,57.061,16.162,26.189,0.115,1.3582,5.02
ATOM,2103.0,N,ARG,140.0,49.35,14.054,28.23,-0.47,1.85,0.16
ATOM,2104.0,CA,ARG,140.0,47.901,14.029,28.44,0.07,2.275,0.06
ATOM,2105.0,C,ARG,140.0,47.583,13.751,29.9,0.51,2.0,0.0
ATOM,2106.0,O,ARG,140.0,46.617,14.302,30.422,-0.51,1.7,0.0
ATOM,2107.0,CB,ARG,140.0,47.171,13.083,27.452,-0.18,2.175,0.0
ATOM,2108.0,CG,ARG,140.0,47.582,11.699,27.448,-0.18,2.175,0.0
ATOM,2109.0,CD,ARG,140.0,46.998,10.922,26.153,0.2,2.175,0.93
ATOM,2110.0,NE,ARG,140.0,46.855,9.523,26.565,-0.7,1.85,0.0
ATOM,2111.0,CZ,ARG,140.0,47.655,8.605,26.142,0.64,2.0,0.0
ATOM,2112.0,NH1,ARG,140.0,48.593,8.935,25.273,-0.8,1.85,0.0
ATOM,2113.0,NH2,ARG,140.0,47.529,7.363,26.559,-0.8,1.85,6.29
ATOM,2114.0,H,ARG,140.0,49.874,13.382,27.68,0.31,0.2245,0.0
ATOM,2115.0,HA,ARG,140.0,47.524,14.926,28.191,0.09,1.32,0.0
ATOM,2116.0,HB2,ARG,140.0,46.183,13.152,27.674,0.09,1.32,0.02
ATOM,2117.0,HB3,ARG,140.0,47.299,13.486,26.53,0.09,1.32,0.0
ATOM,2118.0,HG2,ARG,140.0,48.569,11.584,27.381,0.09,1.32,0.0
ATOM,2119.0,HG3,ARG,140.0,47.229,11.184,28.224,0.09,1.32,0.69
ATOM,2120.0,HD2,ARG,140.0,46.142,11.32,25.971,0.09,1.32,0.0
ATOM,2121.0,HD3,ARG,140.0,47.666,11.017,25.467,0.09,1.32,0.0
ATOM,2122.0,HE,ARG,140.0,46.113,9.297,27.189,0.44,0.2245,10.37
ATOM,2123.0,HH11,ARG,140.0,48.724,9.862,24.945,0.46,0.2245,0.0
ATOM,2124.0,HH12,ARG,140.0,49.215,8.208,24.92,0.46,0.2245,5.49
ATOM,2125.0,HH21,ARG,140.0,46.815,7.129,27.229,0.46,0.2245,14.52
ATOM,2126.0,HH22,ARG,140.0,48.138,6.647,26.217,0.46,0.2245,11.76
ATOM,2127.0,N,GLN,141.0,48.335,12.867,30.529,-0.47,1.85,0.0
ATOM,2128.0,CA,GLN,141.0,48.091,12.561,31.944,0.07,2.275,1.34
ATOM,2129.0,C,GLN,141.0,48.302,13.782,32.828,0.51,2.0,0.0
ATOM,2130.0,O,GLN,141.0,47.5,14.145,33.694,-0.51,1.7,0.41
ATOM,2131.0,CB,GLN,141.0,49.017,11.452,32.388,-0.18,2.175,2.09
ATOM,2132.0,CG,GLN,141.0,48.785,10.136,31.624,-0.18,2.175,8.56
ATOM,2133.0,CD,GLN,141.0,50.01,9.235,31.651,0.55,2.0,2.56
ATOM,2134.0,H,GLN,141.0,49.077,12.426,29.97,0.31,0.2245,0.0
ATOM,2135.0,HA,GLN,141.0,47.128,12.275,32.034,0.09,1.32,2.01
ATOM,2136.0,HB2,GLN,141.0,49.963,11.724,32.233,0.09,1.32,0.05
ATOM,2137.0,HB3,GLN,141.0,48.873,11.264,33.357,0.09,1.32,1.93
ATOM,2138.0,HG2,GLN,141.0,48.024,9.656,32.05,0.09,1.32,11.09
ATOM,2139.0,HG3,GLN,141.0,48.568,10.357,30.678,0.09,1.32,0.0
ATOM,2140.0,OE1,GLN,141.0,51.036,9.546,32.238,-0.55,1.7,20.46
ATOM,2141.0,NE2,GLN,141.0,49.867,8.078,30.974,-0.62,1.85,15.48
ATOM,2142.0,HE21,GLN,141.0,50.65,7.422,30.931,0.32,0.2245,15.24
ATOM,2143.0,HE22,GLN,141.0,48.99,7.881,30.523,0.3,0.2245,8.19
ATOM,2144.0,N,ALA,142.0,49.384,14.507,32.594,-0.47,1.85,0.0
ATOM,2145.0,CA,ALA,142.0,49.633,15.698,33.379,0.07,2.275,0.0
ATOM,2146.0,C,ALA,142.0,48.542,16.727,33.101,0.51,2.0,0.0
ATOM,2147.0,O,ALA,142.0,48.082,17.427,34.002,-0.51,1.7,0.0
ATOM,2148.0,CB,ALA,142.0,50.995,16.255,33.02,-0.27,2.06,0.0
ATOM,2149.0,H,ALA,142.0,49.998,14.165,31.844,0.31,0.2245,0.0
ATOM,2150.0,HA,ALA,142.0,49.607,15.463,34.353,0.09,1.32,0.0
ATOM,2151.0,HB1,ALA,142.0,51.061,16.372,32.028,0.09,1.32,0.0
ATOM,2152.0,HB2,ALA,142.0,51.126,17.142,33.466,0.09,1.32,0.0
ATOM,2153.0,HB3,ALA,142.0,51.709,15.624,33.326,0.09,1.32,0.37
ATOM,2154.0,N,ALA,143.0,48.114,16.854,31.849,-0.47,1.85,0.0
ATOM,2155.0,CA,ALA,143.0,47.073,17.843,31.521,0.07,2.275,0.0
ATOM,2156.0,C,ALA,143.0,45.827,17.535,32.318,0.51,2.0,0.0
ATOM,2157.0,O,ALA,143.0,45.287,18.428,33.0,-0.51,1.7,0.0
ATOM,2158.0,CB,ALA,143.0,46.706,17.738,30.057,-0.27,2.06,0.0
ATOM,2159.0,H,ALA,143.0,48.55,16.233,31.16,0.31,0.2245,0.0
ATOM,2160.0,HA,ALA,143.0,47.41,18.751,31.773,0.09,1.32,0.0
ATOM,2161.0,HB1,ALA,143.0,46.358,16.82,29.86,0.09,1.32,0.0
ATOM,2162.0,HB2,ALA,143.0,45.999,18.412,29.836,0.09,1.32,0.0
ATOM,2163.0,HB3,ALA,143.0,47.514,17.912,29.492,0.09,1.32,0.0
ATOM,2164.0,N,LEU,144.0,45.36,16.291,32.219,-0.47,1.85,0.0
ATOM,2165.0,CA,LEU,144.0,44.146,15.922,32.899,0.07,2.275,0.12
ATOM,2166.0,C,LEU,144.0,44.249,16.068,34.42,0.51,2.0,0.22
ATOM,2167.0,O,LEU,144.0,43.242,16.46,35.027,-0.51,1.7,13.68
ATOM,2168.0,CB,LEU,144.0,43.748,14.46,32.525,-0.18,2.175,7.83
ATOM,2169.0,CG,LEU,144.0,43.473,14.296,31.031,-0.09,2.275,0.0
ATOM,2170.0,CD1,LEU,144.0,43.46,12.85,30.69,-0.27,2.06,19.12
ATOM,2171.0,CD2,LEU,144.0,42.141,14.912,30.583,-0.27,2.06,8.99
ATOM,2172.0,H,LEU,144.0,45.925,15.656,31.638,0.31,0.2245,0.0
ATOM,2173.0,HA,LEU,144.0,43.392,16.523,32.581,0.09,1.32,0.64
ATOM,2174.0,HB2,LEU,144.0,44.501,13.884,32.762,0.09,1.32,0.99
ATOM,2175.0,HB3,LEU,144.0,42.929,14.247,33.012,0.09,1.32,7.06
ATOM,2176.0,HG,LEU,144.0,44.192,14.767,30.523,0.09,1.32,0.0
ATOM,2177.0,HD11,LEU,144.0,42.743,12.372,31.21,0.09,1.32,6.95
ATOM,2178.0,HD12,LEU,144.0,43.28,12.721,29.708,0.09,1.32,1.86
ATOM,2179.0,HD13,LEU,144.0,44.347,12.428,30.909,0.09,1.32,1.08
ATOM,2180.0,HD21,LEU,144.0,42.148,15.89,30.783,0.09,1.32,1.74
ATOM,2181.0,HD22,LEU,144.0,42.027,14.769,29.601,0.09,1.32,0.0
ATOM,2182.0,HD23,LEU,144.0,41.393,14.472,31.077,0.09,1.32,4.14
ATOM,2183.0,N,ARG,145.0,45.399,15.77,35.032,-0.47,1.85,0.1
ATOM,2184.0,CA,ARG,145.0,45.484,15.966,36.506,0.07,2.275,1.82
ATOM,2185.0,C,ARG,145.0,45.3,17.423,36.879,0.51,2.0,0.0
ATOM,2186.0,O,ARG,145.0,44.903,17.741,38.009,-0.51,1.7,20.43
ATOM,2187.0,CB,ARG,145.0,46.838,15.603,37.033,-0.18,2.175,1.29
ATOM,2188.0,CG,ARG,145.0,47.053,14.073,36.97,-0.18,2.175,9.39
ATOM,2189.0,CD,ARG,145.0,48.197,13.613,37.772,0.2,2.175,19.57
ATOM,2190.0,NE,ARG,145.0,49.479,14.148,37.312,-0.7,1.85,5.52
ATOM,2191.0,CZ,ARG,145.0,50.234,13.553,36.408,0.64,2.0,1.66
ATOM,2192.0,NH1,ARG,145.0,49.862,12.396,35.843,-0.8,1.85,12.71
ATOM,2193.0,NH2,ARG,145.0,51.394,14.109,36.011,-0.8,1.85,10.38
ATOM,2194.0,H,ARG,145.0,46.151,15.426,34.457,0.31,0.2245,0.0
ATOM,2195.0,HA,ARG,145.0,44.756,15.418,36.933,0.09,1.32,8.46
ATOM,2196.0,HB2,ARG,145.0,47.533,16.016,36.476,0.09,1.32,0.0
ATOM,2197.0,HB3,ARG,145.0,46.909,15.866,37.976,0.09,1.32,3.99
ATOM,2198.0,HG2,ARG,145.0,46.21,13.629,37.295,0.09,1.32,9.49
ATOM,2199.0,HG3,ARG,145.0,47.193,13.821,36.005,0.09,1.32,0.0
ATOM,2200.0,HD2,ARG,145.0,48.065,13.892,38.73,0.09,1.32,10.38
ATOM,2201.0,HD3,ARG,145.0,48.244,12.608,37.737,0.09,1.32,6.29
ATOM,2202.0,HE,ARG,145.0,49.796,15.013,37.708,0.44,0.2245,3.34
ATOM,2203.0,HH11,ARG,145.0,48.99,11.981,36.091,0.46,0.2245,6.62
ATOM,2204.0,HH12,ARG,145.0,50.46,11.957,35.176,0.46,0.2245,4.76
ATOM,2205.0,HH21,ARG,145.0,51.658,14.992,36.404,0.46,0.2245,0.0
ATOM,2206.0,HH22,ARG,145.0,51.964,13.65,35.347,0.46,0.2245,10.91
ATOM,2207.0,N,HIS,146.0,45.608,18.332,35.943,-0.47,1.85,0.0
ATOM,2208.0,CA,HIS,146.0,45.497,19.799,36.255,0.07,2.275,0.0
ATOM,2209.0,C,HIS,146.0,44.346,20.505,35.552,0.51,2.0,0.0
ATOM,2210.0,O,HIS,146.0,44.379,21.751,35.386,-0.51,1.7,0.0
ATOM,2211.0,CB,HIS,146.0,46.852,20.418,35.954,-0.08,2.175,0.0
ATOM,2212.0,CG,HIS,146.0,47.856,19.829,36.871,0.22,1.8,0.0
ATOM,2213.0,ND1,HIS,146.0,47.853,20.032,38.233,-0.7,1.85,4.82
ATOM,2214.0,CD2,HIS,146.0,48.992,19.143,36.595,-0.05,1.8,0.0
ATOM,2215.0,CE1,HIS,146.0,48.912,19.445,38.764,0.25,1.8,11.91
ATOM,2216.0,NE2,HIS,146.0,49.613,18.886,37.794,-0.36,1.85,0.2
ATOM,2217.0,H,HIS,146.0,45.91,17.972,35.042,0.31,0.2245,0.0
ATOM,2218.0,HA,HIS,146.0,45.366,19.88,37.26,0.09,1.32,0.06
ATOM,2219.0,HB2,HIS,146.0,47.107,20.211,35.022,0.09,1.32,0.0
ATOM,2220.0,HB3,HIS,146.0,46.808,21.392,36.109,0.09,1.32,0.0
ATOM,2221.0,HD2,HIS,146.0,49.318,18.876,35.693,0.09,1.468,0.0
ATOM,2222.0,HE1,HIS,146.0,49.143,19.428,39.733,0.13,0.9,16.89
ATOM,2223.0,HE2,HIS,146.0,50.456,18.361,37.912,0.32,0.2245,0.0
ATOM,2224.0,N,ASN,147.0,43.336,19.725,35.158,-0.47,1.85,0.0
ATOM,2225.0,CA,ASN,147.0,42.127,20.275,34.522,0.07,2.275,3.52
ATOM,2226.0,C,ASN,147.0,42.421,21.053,33.261,0.51,2.0,1.61
ATOM,2227.0,O,ASN,147.0,41.808,22.092,32.996,-0.51,1.7,12.95
ATOM,2228.0,CB,ASN,147.0,41.382,21.12,35.567,-0.18,2.175,5.51
ATOM,2229.0,CG,ASN,147.0,41.051,20.269,36.808,0.55,2.0,1.55
ATOM,2230.0,H,ASN,147.0,43.473,18.712,35.335,0.31,0.2245,0.0
ATOM,2231.0,HA,ASN,147.0,41.551,19.481,34.263,0.09,1.32,6.74
ATOM,2232.0,HB2,ASN,147.0,41.963,21.862,35.848,0.09,1.32,0.0
ATOM,2233.0,HB3,ASN,147.0,40.537,21.436,35.175,0.09,1.32,0.54
ATOM,2234.0,OD1,ASN,147.0,40.32,19.284,36.667,-0.55,1.7,33.33
ATOM,2235.0,ND2,ASN,147.0,41.614,20.593,37.971,-0.62,1.85,13.57
ATOM,2236.0,HD22,ASN,147.0,42.232,21.393,37.985,0.3,0.2245,0.0
ATOM,2237.0,HD21,ASN,147.0,41.434,20.074,38.787,0.32,0.2245,20.29
ATOM,2238.0,N,ILE,148.0,43.37,20.536,32.488,-0.47,1.85,0.24
ATOM,2239.0,CA,ILE,148.0,43.739,21.164,31.229,0.07,2.275,0.0
ATOM,2240.0,C,ILE,148.0,43.369,20.143,30.167,0.51,2.0,0.93
ATOM,2241.0,O,ILE,148.0,43.636,18.947,30.324,-0.51,1.7,0.76
ATOM,2242.0,CB,ILE,148.0,45.275,21.42,31.131,-0.09,2.275,0.0
ATOM,2243.0,CG1,ILE,148.0,45.729,22.345,32.259,-0.18,2.175,0.0
ATOM,2244.0,CG2,ILE,148.0,45.649,21.968,29.768,-0.27,2.06,0.0
ATOM,2245.0,CD1,ILE,148.0,45.037,23.702,32.271,-0.27,2.06,0.7
ATOM,2246.0,H,ILE,148.0,43.81,19.672,32.852,0.31,0.2245,0.0
ATOM,2247.0,HA,ILE,148.0,43.132,21.929,31.109,0.09,1.32,0.0
ATOM,2248.0,HB,ILE,148.0,45.729,20.546,31.24,0.09,1.32,0.0
ATOM,2249.0,HG12,ILE,148.0,45.557,21.891,33.133,0.09,1.32,0.0
ATOM,2250.0,HG13,ILE,148.0,46.714,22.494,32.168,0.09,1.32,0.0
ATOM,2251.0,HG21,ILE,148.0,46.641,22.07,29.707,0.09,1.32,0.0
ATOM,2252.0,HG22,ILE,148.0,45.338,21.34,29.056,0.09,1.32,0.0
ATOM,2253.0,HG23,ILE,148.0,45.217,22.859,29.633,0.09,1.32,0.0
ATOM,2254.0,HD11,ILE,148.0,44.055,23.566,32.377,0.09,1.32,0.0
ATOM,2255.0,HD12,ILE,148.0,45.389,24.241,33.033,0.09,1.32,0.0
ATOM,2256.0,HD13,ILE,148.0,45.223,24.171,31.411,0.09,1.32,0.0
ATOM,2257.0,N,ALA,149.0,42.773,20.622,29.095,-0.47,1.85,2.05
ATOM,2258.0,CA,ALA,149.0,42.38,19.714,27.993,0.07,2.275,2.38
ATOM,2259.0,C,ALA,149.0,43.62,19.468,27.139,0.51,2.0,0.0
ATOM,2260.0,O,ALA,149.0,44.242,20.454,26.669,-0.51,1.7,0.0
ATOM,2261.0,CB,ALA,149.0,41.303,20.353,27.125,-0.27,2.06,2.9
ATOM,2262.0,H,ALA,149.0,42.606,21.634,29.078,0.31,0.2245,0.0
ATOM,2263.0,HA,ALA,149.0,42.081,18.854,28.385,0.09,1.32,0.39
ATOM,2264.0,HB1,ALA,149.0,40.643,20.827,27.707,0.09,1.32,6.33
ATOM,2265.0,HB2,ALA,149.0,41.725,21.008,26.498,0.09,1.32,0.0
ATOM,2266.0,HB3,ALA,149.0,40.834,19.644,26.6,0.09,1.32,0.0
ATOM,2267.0,N,PRO,150.0,44.019,18.216,26.91,-0.29,1.85,0.0
ATOM,2268.0,CA,PRO,150.0,45.093,17.957,25.968,0.02,2.275,0.27
ATOM,2269.0,C,PRO,150.0,44.485,17.885,24.552,0.51,2.0,0.0
ATOM,2270.0,O,PRO,150.0,43.49,17.154,24.302,-0.51,1.7,0.0
ATOM,2271.0,CB,PRO,150.0,45.602,16.547,26.387,-0.18,2.175,5.17
ATOM,2272.0,CG,PRO,150.0,44.421,15.916,27.049,-0.18,2.175,0.0
ATOM,2273.0,CD,PRO,150.0,43.469,16.986,27.517,0.0,2.175,0.0
ATOM,2274.0,HA,PRO,150.0,45.796,18.659,26.008,0.09,1.32,0.02
ATOM,2275.0,HB2,PRO,150.0,45.885,16.032,25.58,0.09,1.32,0.0
ATOM,2276.0,HB3,PRO,150.0,46.37,16.634,27.017,0.09,1.32,0.0
ATOM,2277.0,HG2,PRO,150.0,43.951,15.279,26.401,0.09,1.32,0.0
ATOM,2278.0,HG3,PRO,150.0,44.725,15.339,27.837,0.09,1.32,0.0
ATOM,2279.0,HD2,PRO,150.0,42.541,16.819,27.188,0.09,1.32,0.0
ATOM,2280.0,HD3,PRO,150.0,43.463,17.061,28.514,0.09,1.32,0.0
ATOM,2281.0,N,ILE,151.0,45.085,18.659,23.667,-0.47,1.85,0.11
ATOM,2282.0,CA,ILE,151.0,44.637,18.774,22.268,0.07,2.275,0.0
ATOM,2283.0,C,ILE,151.0,45.535,17.979,21.352,0.51,2.0,0.0
ATOM,2284.0,O,ILE,151.0,46.774,18.017,21.471,-0.51,1.7,3.13
ATOM,2285.0,CB,ILE,151.0,44.709,20.231,21.829,-0.09,2.275,0.0
ATOM,2286.0,CG1,ILE,151.0,43.979,21.101,22.861,-0.18,2.175,0.0
ATOM,2287.0,CG2,ILE,151.0,44.298,20.451,20.394,-0.27,2.06,0.0
ATOM,2288.0,CD1,ILE,151.0,42.551,20.748,23.034,-0.27,2.06,0.0
ATOM,2289.0,H,ILE,151.0,45.909,19.189,24.035,0.31,0.2245,0.05
ATOM,2290.0,HA,ILE,151.0,43.729,18.347,22.237,0.09,1.32,0.0
ATOM,2291.0,HB,ILE,151.0,45.659,20.51,21.817,0.09,1.32,0.0
ATOM,2292.0,HG12,ILE,151.0,44.461,21.009,23.734,0.09,1.32,0.0
ATOM,2293.0,HG13,ILE,151.0,44.056,22.054,22.561,0.09,1.32,0.08
ATOM,2294.0,HG21,ILE,151.0,44.472,21.401,20.132,0.09,1.32,0.0
ATOM,2295.0,HG22,ILE,151.0,44.822,19.845,19.794,0.09,1.32,0.0
ATOM,2296.0,HG23,ILE,151.0,43.323,20.255,20.286,0.09,1.32,0.0
ATOM,2297.0,HD11,ILE,151.0,42.463,19.796,23.341,0.09,1.32,0.0
ATOM,2298.0,HD12,ILE,151.0,42.126,21.347,23.718,0.09,1.32,0.0
ATOM,2299.0,HD13,ILE,151.0,42.06,20.853,22.164,0.09,1.32,0.0
ATOM,2300.0,N,PHE,152.0,44.904,17.264,20.405,-0.47,1.85,0.0
ATOM,2301.0,CA,PHE,152.0,45.642,16.552,19.368,0.07,2.275,0.0
ATOM,2302.0,C,PHE,152.0,45.25,17.047,17.989,0.51,2.0,0.0
ATOM,2303.0,O,PHE,152.0,44.093,17.449,17.728,-0.51,1.7,0.0
ATOM,2304.0,CB,PHE,152.0,45.334,15.065,19.545,-0.18,2.175,0.0
ATOM,2305.0,CG,PHE,152.0,45.874,14.585,20.857,0.0,1.9924,0.0
ATOM,2306.0,CD1,PHE,152.0,47.252,14.315,20.943,-0.115,1.9924,1.1
ATOM,2307.0,CD2,PHE,152.0,45.076,14.472,21.943,-0.115,1.9924,0.0
ATOM,2308.0,CE1,PHE,152.0,47.806,13.893,22.161,-0.115,1.9924,5.48
ATOM,2309.0,CE2,PHE,152.0,45.606,14.03,23.208,-0.115,1.9924,0.0
ATOM,2310.0,CZ,PHE,152.0,46.953,13.745,23.3,-0.115,1.9924,2.15
ATOM,2311.0,H,PHE,152.0,43.871,17.267,20.481,0.31,0.2245,0.18
ATOM,2312.0,HA,PHE,152.0,46.615,16.777,19.495,0.09,1.32,0.11
ATOM,2313.0,HB2,PHE,152.0,44.367,14.957,19.552,0.09,1.32,0.0
ATOM,2314.0,HB3,PHE,152.0,45.782,14.578,18.831,0.09,1.32,0.08
ATOM,2315.0,HD1,PHE,152.0,47.829,14.422,20.153,0.115,1.3582,2.07
ATOM,2316.0,HD2,PHE,152.0,44.101,14.689,21.908,0.115,1.3582,0.0
ATOM,2317.0,HE1,PHE,152.0,48.775,13.697,22.237,0.115,1.3582,0.0
ATOM,2318.0,HE2,PHE,152.0,44.984,13.941,23.982,0.115,1.3582,0.0
ATOM,2319.0,HZ,PHE,152.0,47.36,13.432,24.156,0.115,1.3582,0.0
ATOM,2320.0,N,ILE,153.0,46.26,16.996,17.099,-0.47,1.85,0.0
ATOM,2321.0,CA,ILE,153.0,46.078,17.271,15.693,0.07,2.275,0.0
ATOM,2322.0,C,ILE,153.0,45.574,16.02,14.976,0.51,2.0,0.0
ATOM,2323.0,O,ILE,153.0,46.099,14.901,15.183,-0.51,1.7,5.81
ATOM,2324.0,CB,ILE,153.0,47.428,17.755,15.08,-0.09,2.275,1.62
ATOM,2325.0,CG1,ILE,153.0,47.614,19.256,15.382,-0.18,2.175,0.0
ATOM,2326.0,CG2,ILE,153.0,47.38,17.659,13.572,-0.27,2.06,5.83
ATOM,2327.0,CD1,ILE,153.0,48.984,19.916,15.007,-0.27,2.06,11.83
ATOM,2328.0,H,ILE,153.0,47.18,16.739,17.527,0.31,0.2245,4.71
ATOM,2329.0,HA,ILE,153.0,45.344,17.95,15.623,0.09,1.32,0.0
ATOM,2330.0,HB,ILE,153.0,48.155,17.26,15.526,0.09,1.32,7.27
ATOM,2331.0,HG12,ILE,153.0,46.888,19.773,14.905,0.09,1.32,0.0
ATOM,2332.0,HG13,ILE,153.0,47.473,19.402,16.373,0.09,1.32,0.0
ATOM,2333.0,HG21,ILE,153.0,48.233,18.008,13.183,0.09,1.32,0.87
ATOM,2334.0,HG22,ILE,153.0,47.26,16.705,13.297,0.09,1.32,0.0
ATOM,2335.0,HG23,ILE,153.0,46.615,18.2,13.222,0.09,1.32,0.0
ATOM,2336.0,HD11,ILE,153.0,49.113,19.816,14.03,0.09,1.32,0.51
ATOM,2337.0,HD12,ILE,153.0,48.942,20.872,15.263,0.09,1.32,0.6
ATOM,2338.0,HD13,ILE,153.0,49.696,19.446,15.509,0.09,1.32,1.67
ATOM,2339.0,N,CYS,154.0,44.544,16.195,14.142,-0.47,1.85,0.0
ATOM,2340.0,CA,CYS,154.0,44.044,15.147,13.256,0.07,2.275,0.0
ATOM,2341.0,C,CYS,154.0,44.497,15.545,11.868,0.51,2.0,0.0
ATOM,2342.0,O,CYS,154.0,43.993,16.501,11.25,-0.51,1.7,0.0
ATOM,2343.0,CB,CYS,154.0,42.526,15.112,13.328,-0.11,2.175,0.0
ATOM,2344.0,SG,CYS,154.0,41.87,13.791,12.229,-0.23,2.0,0.0
ATOM,2345.0,H,CYS,154.0,44.125,17.155,14.18,0.31,0.2245,0.0
ATOM,2346.0,HA,CYS,154.0,44.483,14.298,13.499,0.09,1.32,0.0
ATOM,2347.0,HB2,CYS,154.0,42.25,14.897,14.241,0.09,1.32,0.0
ATOM,2348.0,HB3,CYS,154.0,42.168,15.964,13.007,0.09,1.32,0.0
ATOM,2349.0,HG,CYS,154.0,42.445,13.738,11.419,0.16,0.45,0.0
ATOM,2350.0,N,PRO,155.0,45.507,14.877,11.362,-0.29,1.85,0.0
ATOM,2351.0,CA,PRO,155.0,46.086,15.265,10.079,0.02,2.275,0.0
ATOM,2352.0,C,PRO,155.0,45.291,14.7,8.92,0.51,2.0,0.0
ATOM,2353.0,O,PRO,155.0,44.446,13.834,9.119,-0.51,1.7,0.0
ATOM,2354.0,CB,PRO,155.0,47.512,14.654,10.155,-0.18,2.175,8.11
ATOM,2355.0,CG,PRO,155.0,47.322,13.448,11.032,-0.18,2.175,3.67
ATOM,2356.0,CD,PRO,155.0,46.203,13.729,11.99,0.0,2.175,0.45
ATOM,2357.0,HA,PRO,155.0,46.159,16.271,10.01,0.09,1.32,0.0
ATOM,2358.0,HB2,PRO,155.0,47.824,14.393,9.248,0.09,1.32,0.0
ATOM,2359.0,HB3,PRO,155.0,48.143,15.301,10.566,0.09,1.32,2.53
ATOM,2360.0,HG2,PRO,155.0,47.114,12.633,10.46,0.09,1.32,0.02
ATOM,2361.0,HG3,PRO,155.0,48.184,13.244,11.531,0.09,1.32,10.61
ATOM,2362.0,HD2,PRO,155.0,45.582,12.952,12.072,0.09,1.32,0.0
ATOM,2363.0,HD3,PRO,155.0,46.544,13.984,12.894,0.09,1.32,0.51
ATOM,2364.0,N,PRO,156.0,45.525,15.227,7.731,-0.29,1.85,0.0
ATOM,2365.0,CA,PRO,156.0,44.807,14.763,6.568,0.02,2.275,0.02
ATOM,2366.0,C,PRO,156.0,45.173,13.331,6.267,0.51,2.0,0.28
ATOM,2367.0,O,PRO,156.0,44.308,12.666,5.703,-0.51,1.7,14.71
ATOM,2368.0,CB,PRO,156.0,45.319,15.663,5.44,-0.18,2.175,5.77
ATOM,2369.0,CG,PRO,156.0,45.992,16.734,6.03,-0.18,2.175,1.12
ATOM,2370.0,CD,PRO,156.0,46.464,16.31,7.405,0.0,2.175,0.17
ATOM,2371.0,HA,PRO,156.0,43.812,14.861,6.692,0.09,1.32,0.0
ATOM,2372.0,HB2,PRO,156.0,45.915,15.105,4.816,0.09,1.32,8.27
ATOM,2373.0,HB3,PRO,156.0,44.522,15.955,4.861,0.09,1.32,0.0
ATOM,2374.0,HG2,PRO,156.0,46.807,17.045,5.483,0.09,1.32,0.17
ATOM,2375.0,HG3,PRO,156.0,45.402,17.572,6.127,0.09,1.32,0.0
ATOM,2376.0,HD2,PRO,156.0,47.398,15.972,7.377,0.09,1.32,2.99
ATOM,2377.0,HD3,PRO,156.0,46.386,17.056,8.059,0.09,1.32,0.0
ATOM,2378.0,N,ASN,157.0,46.386,12.882,6.626,-0.47,1.85,0.01
ATOM,2379.0,CA,ASN,157.0,46.84,11.514,6.331,0.07,2.275,3.78
ATOM,2380.0,C,ASN,157.0,46.477,10.55,7.454,0.51,2.0,0.53
ATOM,2381.0,O,ASN,157.0,47.085,9.484,7.546,-0.51,1.7,20.99
ATOM,2382.0,CB,ASN,157.0,48.363,11.436,5.969,-0.18,2.175,15.25
ATOM,2383.0,CG,ASN,157.0,49.263,12.04,7.069,0.55,2.0,1.88
ATOM,2384.0,H,ASN,157.0,46.972,13.58,7.127,0.31,0.2245,0.0
ATOM,2385.0,HA,ASN,157.0,46.344,11.212,5.508,0.09,1.32,7.68
ATOM,2386.0,HB2,ASN,157.0,48.601,10.483,5.856,0.09,1.32,7.75
ATOM,2387.0,HB3,ASN,157.0,48.503,11.945,5.133,0.09,1.32,10.16
ATOM,2388.0,OD1,ASN,157.0,48.736,12.422,8.098,-0.55,1.7,4.14
ATOM,2389.0,ND2,ASN,157.0,50.607,12.16,6.833,-0.62,1.85,30.6
ATOM,2390.0,HD22,ASN,157.0,50.921,11.842,5.93,0.3,0.2245,17.22
ATOM,2391.0,HD21,ASN,157.0,51.196,12.53,7.505,0.32,0.2245,20.61
ATOM,2392.0,N,ALA,158.0,45.493,10.931,8.296,-0.47,1.85,0.0
ATOM,2393.0,CA,ALA,158.0,45.006,10.111,9.408,0.07,2.275,0.0
ATOM,2394.0,C,ALA,158.0,44.322,8.808,8.984,0.51,2.0,0.04
ATOM,2395.0,O,ALA,158.0,43.445,8.832,8.138,-0.51,1.7,15.32
ATOM,2396.0,CB,ALA,158.0,43.954,10.91,10.209,-0.27,2.06,0.0
ATOM,2397.0,H,ALA,158.0,45.104,11.882,8.078,0.31,0.2245,0.0
ATOM,2398.0,HA,ALA,158.0,45.799,9.875,10.006,0.09,1.32,0.48
ATOM,2399.0,HB1,ALA,158.0,43.38,10.272,10.714,0.09,1.32,0.0
ATOM,2400.0,HB2,ALA,158.0,44.424,11.519,10.841,0.09,1.32,0.0
ATOM,2401.0,HB3,ALA,158.0,43.399,11.44,9.574,0.09,1.32,0.0
ATOM,2402.0,N,ASP,159.0,44.695,7.692,9.582,-0.47,1.85,0.0
ATOM,2403.0,CA,ASP,159.0,43.976,6.45,9.37,0.07,2.275,0.96
ATOM,2404.0,C,ASP,159.0,42.962,6.236,10.503,0.51,2.0,0.0
ATOM,2405.0,O,ASP,159.0,42.868,7.013,11.485,-0.51,1.7,0.0
ATOM,2406.0,CB,ASP,159.0,44.944,5.241,9.172,-0.28,2.175,17.85
ATOM,2407.0,CG,ASP,159.0,45.855,4.944,10.394,0.62,2.0,1.94
ATOM,2408.0,OD1,ASP,159.0,45.653,5.501,11.5,-0.76,1.7,3.56
ATOM,2409.0,OD2,ASP,159.0,46.826,4.132,10.361,-0.76,1.7,43.37
ATOM,2410.0,H,ASP,159.0,45.524,7.778,10.2,0.31,0.2245,2.13
ATOM,2411.0,HA,ASP,159.0,43.446,6.545,8.524,0.09,1.32,6.13
ATOM,2412.0,HB2,ASP,159.0,44.389,4.436,8.994,0.09,1.32,5.9
ATOM,2413.0,HB3,ASP,159.0,45.524,5.443,8.392,0.09,1.32,9.49
ATOM,2414.0,N,ASP,160.0,42.184,5.168,10.388,-0.47,1.85,2.45
ATOM,2415.0,CA,ASP,160.0,41.176,4.915,11.377,0.07,2.275,0.18
ATOM,2416.0,C,ASP,160.0,41.697,4.752,12.819,0.51,2.0,0.0
ATOM,2417.0,O,ASP,160.0,41.073,5.254,13.758,-0.51,1.7,0.0
ATOM,2418.0,CB,ASP,160.0,40.299,3.711,10.959,-0.28,2.175,16.1
ATOM,2419.0,CG,ASP,160.0,39.022,3.655,11.744,0.62,2.0,3.19
ATOM,2420.0,OD1,ASP,160.0,38.157,4.546,11.571,-0.76,1.7,2.44
ATOM,2421.0,OD2,ASP,160.0,38.804,2.778,12.586,-0.76,1.7,12.33
ATOM,2422.0,H,ASP,160.0,42.366,4.575,9.567,0.31,0.2245,6.61
ATOM,2423.0,HA,ASP,160.0,40.545,5.721,11.394,0.09,1.32,0.0
ATOM,2424.0,HB2,ASP,160.0,40.092,3.816,9.997,0.09,1.32,10.14
ATOM,2425.0,HB3,ASP,160.0,40.826,2.89,11.124,0.09,1.32,5.2
ATOM,2426.0,N,ASP,161.0,42.804,4.037,13.006,-0.47,1.85,0.0
ATOM,2427.0,CA,ASP,161.0,43.376,3.862,14.333,0.07,2.275,1.79
ATOM,2428.0,C,ASP,161.0,43.699,5.259,14.91,0.51,2.0,0.0
ATOM,2429.0,O,ASP,161.0,43.491,5.49,16.103,-0.51,1.7,0.5
ATOM,2430.0,CB,ASP,161.0,44.695,3.037,14.311,-0.28,2.175,12.09
ATOM,2431.0,CG,ASP,161.0,44.502,1.53,14.04,0.62,2.0,5.36
ATOM,2432.0,OD1,ASP,161.0,43.377,1.037,13.8,-0.76,1.7,30.0
ATOM,2433.0,OD2,ASP,161.0,45.502,0.747,14.073,-0.76,1.7,47.14
ATOM,2434.0,H,ASP,161.0,43.21,3.628,12.145,0.31,0.2245,2.14
ATOM,2435.0,HA,ASP,161.0,42.673,3.47,14.918,0.09,1.32,0.91
ATOM,2436.0,HB2,ASP,161.0,45.275,3.413,13.594,0.09,1.32,0.36
ATOM,2437.0,HB3,ASP,161.0,45.133,3.143,15.198,0.09,1.32,5.32
ATOM,2438.0,N,LEU,162.0,44.233,6.16,14.098,-0.47,1.85,0.29
ATOM,2439.0,CA,LEU,162.0,44.593,7.497,14.596,0.07,2.275,0.43
ATOM,2440.0,C,LEU,162.0,43.321,8.283,14.97,0.51,2.0,0.0
ATOM,2441.0,O,LEU,162.0,43.273,8.966,16.013,-0.51,1.7,0.0
ATOM,2442.0,CB,LEU,162.0,45.403,8.289,13.585,-0.18,2.175,0.21
ATOM,2443.0,CG,LEU,162.0,45.84,9.707,14.009,-0.09,2.275,0.0
ATOM,2444.0,CD1,LEU,162.0,46.502,9.675,15.351,-0.27,2.06,1.9
ATOM,2445.0,CD2,LEU,162.0,46.772,10.297,13.028,-0.27,2.06,11.07
ATOM,2446.0,H,LEU,162.0,44.371,5.86,13.124,0.31,0.2245,0.0
ATOM,2447.0,HA,LEU,162.0,45.149,7.392,15.42,0.09,1.32,0.0
ATOM,2448.0,HB2,LEU,162.0,46.237,7.779,13.383,0.09,1.32,5.17
ATOM,2449.0,HB3,LEU,162.0,44.858,8.391,12.756,0.09,1.32,0.0
ATOM,2450.0,HG,LEU,162.0,45.026,10.289,14.038,0.09,1.32,0.0
ATOM,2451.0,HD11,LEU,162.0,47.315,9.086,15.323,0.09,1.32,0.98
ATOM,2452.0,HD12,LEU,162.0,46.784,10.601,15.621,0.09,1.32,1.11
ATOM,2453.0,HD13,LEU,162.0,45.867,9.317,16.042,0.09,1.32,0.0
ATOM,2454.0,HD21,LEU,162.0,46.339,10.365,12.12,0.09,1.32,0.0
ATOM,2455.0,HD22,LEU,162.0,47.052,11.223,13.313,0.09,1.32,1.6
ATOM,2456.0,HD23,LEU,162.0,47.602,9.731,12.939,0.09,1.32,9.88
ATOM,2457.0,N,LEU,163.0,42.295,8.178,14.125,-0.47,1.85,0.0
ATOM,2458.0,CA,LEU,163.0,41.038,8.872,14.466,0.07,2.275,0.0
ATOM,2459.0,C,LEU,163.0,40.483,8.419,15.803,0.51,2.0,0.0
ATOM,2460.0,O,LEU,163.0,40.024,9.221,16.64,-0.51,1.7,0.0
ATOM,2461.0,CB,LEU,163.0,39.973,8.641,13.387,-0.18,2.175,0.0
ATOM,2462.0,CG,LEU,163.0,40.25,9.397,12.098,-0.09,2.275,0.0
ATOM,2463.0,CD1,LEU,163.0,39.528,8.754,10.917,-0.27,2.06,6.06
ATOM,2464.0,CD2,LEU,163.0,39.809,10.851,12.273,-0.27,2.06,0.0
ATOM,2465.0,H,LEU,163.0,42.441,7.624,13.293,0.31,0.2245,0.0
ATOM,2466.0,HA,LEU,163.0,41.232,9.862,14.513,0.09,1.32,0.0
ATOM,2467.0,HB2,LEU,163.0,39.961,7.679,13.177,0.09,1.32,0.0
ATOM,2468.0,HB3,LEU,163.0,39.111,8.953,13.743,0.09,1.32,0.0
ATOM,2469.0,HG,LEU,163.0,41.236,9.395,11.919,0.09,1.32,0.0
ATOM,2470.0,HD11,LEU,163.0,38.543,8.761,11.086,0.09,1.32,0.0
ATOM,2471.0,HD12,LEU,163.0,39.727,9.27,10.085,0.09,1.32,0.0
ATOM,2472.0,HD13,LEU,163.0,39.842,7.811,10.809,0.09,1.32,0.0
ATOM,2473.0,HD21,LEU,163.0,40.321,11.264,13.025,0.09,1.32,0.0
ATOM,2474.0,HD22,LEU,163.0,39.988,11.355,11.429,0.09,1.32,0.0
ATOM,2475.0,HD23,LEU,163.0,38.831,10.878,12.479,0.09,1.32,0.0
ATOM,2476.0,N,ARG,164.0,40.494,7.108,16.026,-0.47,1.85,0.0
ATOM,2477.0,CA,ARG,164.0,40.031,6.574,17.305,0.07,2.275,0.58
ATOM,2478.0,C,ARG,164.0,40.863,7.058,18.484,0.51,2.0,0.25
ATOM,2479.0,O,ARG,164.0,40.316,7.4,19.553,-0.51,1.7,2.8
ATOM,2480.0,CB,ARG,164.0,40.03,5.046,17.249,-0.18,2.175,6.71
ATOM,2481.0,CG,ARG,164.0,38.855,4.493,16.503,-0.18,2.175,1.16
ATOM,2482.0,CD,ARG,164.0,38.891,3.019,16.419,0.2,2.175,14.57
ATOM,2483.0,NE,ARG,164.0,37.936,2.563,15.439,-0.7,1.85,3.81
ATOM,2484.0,CZ,ARG,164.0,36.735,2.122,15.725,0.64,2.0,1.67
ATOM,2485.0,NH1,ARG,164.0,36.283,2.035,16.985,-0.8,1.85,20.08
ATOM,2486.0,NH2,ARG,164.0,35.981,1.723,14.719,-0.8,1.85,16.61
ATOM,2487.0,H,ARG,164.0,40.842,6.528,15.252,0.31,0.2245,0.0
ATOM,2488.0,HA,ARG,164.0,39.069,6.865,17.447,0.09,1.32,0.0
ATOM,2489.0,HB2,ARG,164.0,40.863,4.756,16.793,0.09,1.32,0.0
ATOM,2490.0,HB3,ARG,164.0,40.005,4.705,18.181,0.09,1.32,8.49
ATOM,2491.0,HG2,ARG,164.0,38.006,4.772,16.966,0.09,1.32,2.01
ATOM,2492.0,HG3,ARG,164.0,38.847,4.871,15.57,0.09,1.32,0.0
ATOM,2493.0,HD2,ARG,164.0,39.803,2.731,16.147,0.09,1.32,2.12
ATOM,2494.0,HD3,ARG,164.0,38.657,2.638,17.307,0.09,1.32,4.16
ATOM,2495.0,HE,ARG,164.0,38.212,2.585,14.464,0.44,0.2245,0.0
ATOM,2496.0,HH11,ARG,164.0,36.875,2.335,17.733,0.46,0.2245,10.21
ATOM,2497.0,HH12,ARG,164.0,35.375,1.679,17.164,0.46,0.2245,18.31
ATOM,2498.0,HH21,ARG,164.0,36.289,1.768,13.773,0.46,0.2245,7.15
ATOM,2499.0,HH22,ARG,164.0,35.053,1.358,14.908,0.46,0.2245,16.36
ATOM,2500.0,N,GLN,165.0,42.188,7.114,18.292,-0.47,1.85,0.01
ATOM,2501.0,CA,GLN,165.0,43.076,7.564,19.346,0.07,2.275,0.6
ATOM,2502.0,C,GLN,165.0,42.828,9.026,19.646,0.51,2.0,0.0
ATOM,2503.0,O,GLN,165.0,42.679,9.4,20.796,-0.51,1.7,0.0
ATOM,2504.0,CB,GLN,165.0,44.542,7.367,18.992,-0.18,2.175,0.0
ATOM,2505.0,CG,GLN,165.0,45.048,5.969,19.233,-0.18,2.175,13.13
ATOM,2506.0,CD,GLN,165.0,46.518,5.843,18.858,0.55,2.0,2.2
ATOM,2507.0,H,GLN,165.0,42.502,6.816,17.353,0.31,0.2245,0.0
ATOM,2508.0,HA,GLN,165.0,42.867,7.037,20.177,0.09,1.32,1.48
ATOM,2509.0,HB2,GLN,165.0,44.671,7.586,18.021,0.09,1.32,0.0
ATOM,2510.0,HB3,GLN,165.0,45.094,8.002,19.542,0.09,1.32,0.0
ATOM,2511.0,HG2,GLN,165.0,44.952,5.746,20.198,0.09,1.32,0.96
ATOM,2512.0,HG3,GLN,165.0,44.527,5.33,18.676,0.09,1.32,2.68
ATOM,2513.0,OE1,GLN,165.0,46.878,5.949,17.689,-0.55,1.7,10.63
ATOM,2514.0,NE2,GLN,165.0,47.359,5.659,19.85,-0.62,1.85,15.84
ATOM,2515.0,HE21,GLN,165.0,48.361,5.551,19.679,0.32,0.2245,7.85
ATOM,2516.0,HE22,GLN,165.0,47.004,5.624,20.807,0.3,0.2245,0.86
ATOM,2517.0,N,VAL,166.0,42.792,9.822,18.596,-0.47,1.85,0.0
ATOM,2518.0,CA,VAL,166.0,42.525,11.259,18.764,0.07,2.275,0.0
ATOM,2519.0,C,VAL,166.0,41.186,11.485,19.487,0.51,2.0,0.0
ATOM,2520.0,O,VAL,166.0,41.069,12.321,20.363,-0.51,1.7,0.03
ATOM,2521.0,CB,VAL,166.0,42.625,11.976,17.391,-0.09,2.275,0.0
ATOM,2522.0,CG1,VAL,166.0,42.068,13.406,17.446,-0.27,2.06,0.26
ATOM,2523.0,CG2,VAL,166.0,44.114,12.054,16.944,-0.27,2.06,0.0
ATOM,2524.0,H,VAL,166.0,42.959,9.378,17.684,0.31,0.2245,0.0
ATOM,2525.0,HA,VAL,166.0,43.252,11.646,19.337,0.09,1.32,0.0
ATOM,2526.0,HB,VAL,166.0,42.057,11.47,16.745,0.09,1.32,0.0
ATOM,2527.0,HG11,VAL,166.0,42.827,14.051,17.509,0.09,1.32,0.0
ATOM,2528.0,HG12,VAL,166.0,41.542,13.584,16.617,0.09,1.32,0.0
ATOM,2529.0,HG13,VAL,166.0,41.479,13.497,18.246,0.09,1.32,0.0
ATOM,2530.0,HG21,VAL,166.0,44.538,11.17,17.112,0.09,1.32,0.0
ATOM,2531.0,HG22,VAL,166.0,44.138,12.274,15.975,0.09,1.32,0.0
ATOM,2532.0,HG23,VAL,166.0,44.563,12.764,17.475,0.09,1.32,0.0
ATOM,2533.0,N,ALA,167.0,40.182,10.72,19.113,-0.47,1.85,0.0
ATOM,2534.0,CA,ALA,167.0,38.893,10.917,19.703,0.07,2.275,0.0
ATOM,2535.0,C,ALA,167.0,38.913,10.501,21.164,0.51,2.0,0.05
ATOM,2536.0,O,ALA,167.0,38.268,11.114,22.021,-0.51,1.7,8.41
ATOM,2537.0,CB,ALA,167.0,37.878,10.062,18.934,-0.27,2.06,1.2
ATOM,2538.0,H,ALA,167.0,40.402,10.011,18.4,0.31,0.2245,0.0
ATOM,2539.0,HA,ALA,167.0,38.647,11.894,19.656,0.09,1.32,0.0
ATOM,2540.0,HB1,ALA,167.0,38.259,9.152,18.788,0.09,1.32,0.0
ATOM,2541.0,HB2,ALA,167.0,37.037,9.994,19.466,0.09,1.32,0.0
ATOM,2542.0,HB3,ALA,167.0,37.687,10.492,18.054,0.09,1.32,0.0
ATOM,2543.0,N,SER,168.0,39.627,9.429,21.451,-0.47,1.85,0.24
ATOM,2544.0,CA,SER,168.0,39.692,8.931,22.85,0.07,2.275,2.66
ATOM,2545.0,C,SER,168.0,40.464,9.836,23.845,0.51,2.0,0.0
ATOM,2546.0,O,SER,168.0,40.031,10.045,24.997,-0.51,1.7,11.09
ATOM,2547.0,CB,SER,168.0,40.34,7.527,22.818,0.05,2.175,13.0
ATOM,2548.0,OG,SER,168.0,40.512,7.047,24.141,-0.66,1.77,24.24
ATOM,2549.0,H,SER,168.0,40.115,8.98,20.672,0.31,0.2245,0.0
ATOM,2550.0,HA,SER,168.0,38.735,8.851,23.191,0.09,1.32,9.95
ATOM,2551.0,HB2,SER,168.0,39.741,6.917,22.322,0.09,1.32,7.83
ATOM,2552.0,HB3,SER,168.0,41.223,7.6,22.378,0.09,1.32,0.0
ATOM,2553.0,HG,SER,168.0,41.487,6.975,24.345,0.43,0.2245,4.37
ATOM,2554.0,N,TYR,169.0,41.587,10.365,23.376,-0.47,1.85,0.0
ATOM,2555.0,CA,TYR,169.0,42.586,11.06,24.18,0.07,2.275,0.0
ATOM,2556.0,C,TYR,169.0,42.326,12.544,24.274,0.51,2.0,0.0
ATOM,2557.0,O,TYR,169.0,42.645,13.134,25.322,-0.51,1.7,0.43
ATOM,2558.0,CB,TYR,169.0,43.994,10.907,23.577,-0.18,2.175,0.0
ATOM,2559.0,CG,TYR,169.0,44.568,9.476,23.545,0.0,1.9924,0.0
ATOM,2560.0,CD1,TYR,169.0,43.959,8.467,24.252,-0.115,1.9924,1.66
ATOM,2561.0,CD2,TYR,169.0,45.709,9.184,22.804,-0.115,1.9924,0.0
ATOM,2562.0,CE1,TYR,169.0,44.463,7.167,24.23,-0.115,1.9924,2.91
ATOM,2563.0,CE2,TYR,169.0,46.23,7.892,22.788,-0.115,1.9924,0.07
ATOM,2564.0,CZ,TYR,169.0,45.585,6.899,23.498,0.11,1.9924,0.0
ATOM,2565.0,OH,TYR,169.0,46.047,5.605,23.509,-0.54,1.77,15.05
ATOM,2566.0,H,TYR,169.0,41.703,10.236,22.327,0.31,0.2245,0.0
ATOM,2567.0,HA,TYR,169.0,42.559,10.671,25.117,0.09,1.32,3.67
ATOM,2568.0,HB2,TYR,169.0,43.971,11.243,22.633,0.09,1.32,0.0
ATOM,2569.0,HB3,TYR,169.0,44.628,11.472,24.11,0.09,1.32,0.0
ATOM,2570.0,HD1,TYR,169.0,43.138,8.657,24.797,0.115,1.3582,2.43
ATOM,2571.0,HD2,TYR,169.0,46.156,9.9,22.281,0.115,1.3582,0.0
ATOM,2572.0,HE1,TYR,169.0,43.999,6.447,24.747,0.115,1.3582,10.02
ATOM,2573.0,HE2,TYR,169.0,47.057,7.692,22.271,0.115,1.3582,0.81
ATOM,2574.0,HH,TYR,169.0,45.281,4.984,23.665,0.43,0.2245,19.47
ATOM,2575.0,N,GLY,170.0,41.839,13.142,23.196,-0.47,1.85,0.0
ATOM,2576.0,CA,GLY,170.0,41.66,14.599,23.21,-0.02,2.175,0.0
ATOM,2577.0,C,GLY,170.0,40.493,15.13,24.039,0.51,2.0,0.0
ATOM,2578.0,O,GLY,170.0,39.498,14.454,24.333,-0.51,1.7,3.24
ATOM,2579.0,H,GLY,170.0,41.613,12.542,22.405,0.31,0.2245,0.0
ATOM,2580.0,HA2,GLY,170.0,42.53,15.034,23.545,0.09,1.32,0.0
ATOM,2581.0,HA3,GLY,170.0,41.555,14.927,22.241,0.09,1.32,0.82
ATOM,2582.0,N,ARG,171.0,40.595,16.389,24.451,-0.47,1.85,0.0
ATOM,2583.0,CA,ARG,171.0,39.474,17.043,25.134,0.07,2.275,0.0
ATOM,2584.0,C,ARG,171.0,39.399,18.486,24.695,0.51,2.0,0.0
ATOM,2585.0,O,ARG,171.0,40.382,18.978,24.176,-0.51,1.7,0.0
ATOM,2586.0,CB,ARG,171.0,39.632,17.033,26.641,-0.18,2.175,3.51
ATOM,2587.0,CG,ARG,171.0,39.722,15.656,27.283,-0.18,2.175,1.36
ATOM,2588.0,CD,ARG,171.0,38.439,14.838,27.257,0.2,2.175,17.05
ATOM,2589.0,NE,ARG,171.0,38.548,13.987,28.423,-0.7,1.85,4.67
ATOM,2590.0,CZ,ARG,171.0,39.137,12.816,28.399,0.64,2.0,1.71
ATOM,2591.0,NH1,ARG,171.0,39.622,12.337,27.255,-0.8,1.85,6.05
ATOM,2592.0,NH2,ARG,171.0,39.212,12.125,29.509,-0.8,1.85,15.55
ATOM,2593.0,H,ARG,171.0,41.495,16.85,24.257,0.31,0.2245,0.0
ATOM,2594.0,HA,ARG,171.0,38.627,16.576,24.876,0.09,1.32,1.0
ATOM,2595.0,HB2,ARG,171.0,40.469,17.534,26.876,0.09,1.32,0.0
ATOM,2596.0,HB3,ARG,171.0,38.846,17.507,27.047,0.09,1.32,4.45
ATOM,2597.0,HG2,ARG,171.0,40.442,15.118,26.815,0.09,1.32,0.0
ATOM,2598.0,HG3,ARG,171.0,40.003,15.759,28.251,0.09,1.32,0.98
ATOM,2599.0,HD2,ARG,171.0,37.692,15.443,27.353,0.09,1.32,7.35
ATOM,2600.0,HD3,ARG,171.0,38.438,14.303,26.452,0.09,1.32,0.66
ATOM,2601.0,HE,ARG,171.0,38.154,14.311,29.286,0.44,0.2245,14.34
ATOM,2602.0,HH11,ARG,171.0,39.566,12.861,26.411,0.46,0.2245,0.15
ATOM,2603.0,HH12,ARG,171.0,40.055,11.427,27.245,0.46,0.2245,4.88
ATOM,2604.0,HH21,ARG,171.0,38.848,12.481,30.372,0.46,0.2245,15.28
ATOM,2605.0,HH22,ARG,171.0,39.645,11.212,29.508,0.46,0.2245,15.71
ATOM,2606.0,N,GLY,172.0,38.273,19.155,24.911,-0.47,1.85,0.04
ATOM,2607.0,CA,GLY,172.0,38.162,20.581,24.554,-0.02,2.175,0.42
ATOM,2608.0,C,GLY,172.0,37.823,20.781,23.094,0.51,2.0,0.0
ATOM,2609.0,O,GLY,172.0,36.669,21.09,22.765,-0.51,1.7,0.46
ATOM,2610.0,H,GLY,172.0,37.506,18.615,25.335,0.31,0.2245,4.87
ATOM,2611.0,HA2,GLY,172.0,37.448,21.006,25.132,0.09,1.32,0.0
ATOM,2612.0,HA3,GLY,172.0,39.039,21.039,24.767,0.09,1.32,0.0
ATOM,2613.0,N,TYR,173.0,38.824,20.608,22.215,-0.47,1.85,0.0
ATOM,2614.0,CA,TYR,173.0,38.534,20.587,20.775,0.07,2.275,0.0
ATOM,2615.0,C,TYR,173.0,39.547,19.636,20.101,0.51,2.0,0.0
ATOM,2616.0,O,TYR,173.0,40.552,19.292,20.688,-0.51,1.7,0.0
ATOM,2617.0,CB,TYR,173.0,38.615,22.024,20.16,-0.18,2.175,0.0
ATOM,2618.0,CG,TYR,173.0,40.039,22.605,20.117,0.0,1.9924,0.0
ATOM,2619.0,CD1,TYR,173.0,40.627,23.179,21.291,-0.115,1.9924,0.0
ATOM,2620.0,CD2,TYR,173.0,40.806,22.565,18.958,-0.115,1.9924,0.0
ATOM,2621.0,CE1,TYR,173.0,41.955,23.689,21.278,-0.115,1.9924,0.29
ATOM,2622.0,CE2,TYR,173.0,42.088,23.058,18.939,-0.115,1.9924,0.0
ATOM,2623.0,CZ,TYR,173.0,42.677,23.635,20.095,0.11,1.9924,0.0
ATOM,2624.0,OH,TYR,173.0,44.009,24.112,19.992,-0.54,1.77,0.5
ATOM,2625.0,H,TYR,173.0,39.755,20.498,22.619,0.31,0.2245,0.0
ATOM,2626.0,HA,TYR,173.0,37.626,20.21,20.641,0.09,1.32,0.0
ATOM,2627.0,HB2,TYR,173.0,38.272,21.976,19.232,0.09,1.32,0.0
ATOM,2628.0,HB3,TYR,173.0,38.054,22.623,20.715,0.09,1.32,0.0
ATOM,2629.0,HD1,TYR,173.0,40.098,23.222,22.127,0.115,1.3582,0.0
ATOM,2630.0,HD2,TYR,173.0,40.413,22.168,18.127,0.115,1.3582,0.0
ATOM,2631.0,HE1,TYR,173.0,42.342,24.07,22.104,0.115,1.3582,0.0
ATOM,2632.0,HE2,TYR,173.0,42.641,23.02,18.095,0.115,1.3582,0.0
ATOM,2633.0,HH,TYR,173.0,43.977,25.101,19.935,0.43,0.2245,0.0
ATOM,2634.0,N,THR,174.0,39.259,19.249,18.863,-0.47,1.85,0.0
ATOM,2635.0,CA,THR,174.0,40.226,18.48,18.08,0.07,2.275,0.25
ATOM,2636.0,C,THR,174.0,40.8,19.432,17.055,0.51,2.0,0.0
ATOM,2637.0,O,THR,174.0,40.016,20.18,16.407,-0.51,1.7,0.0
ATOM,2638.0,CB,THR,174.0,39.466,17.389,17.306,0.14,2.275,0.0
ATOM,2639.0,OG1,THR,174.0,38.866,16.463,18.226,-0.66,1.77,0.15
ATOM,2640.0,CG2,THR,174.0,40.441,16.594,16.432,-0.27,2.06,0.0
ATOM,2641.0,H,THR,174.0,38.33,19.527,18.515,0.31,0.2245,0.0
ATOM,2642.0,HA,THR,174.0,40.953,18.181,18.683,0.09,1.32,0.18
ATOM,2643.0,HB,THR,174.0,38.718,17.827,16.766,0.09,1.32,0.0
ATOM,2644.0,HG21,THR,174.0,41.307,16.474,16.92,0.09,1.32,0.0
ATOM,2645.0,HG22,THR,174.0,40.05,15.696,16.225,0.09,1.32,0.0
ATOM,2646.0,HG23,THR,174.0,40.606,17.09,15.578,0.09,1.32,0.0
ATOM,2647.0,HG1,THR,174.0,37.9,16.697,18.375,0.43,0.2245,0.0
ATOM,2648.0,N,TYR,175.0,42.109,19.423,16.85,-0.47,1.85,0.0
ATOM,2649.0,CA,TYR,175.0,42.697,20.357,15.87,0.07,2.275,0.0
ATOM,2650.0,C,TYR,175.0,42.716,19.66,14.538,0.51,2.0,0.0
ATOM,2651.0,O,TYR,175.0,43.545,18.767,14.337,-0.51,1.7,0.0
ATOM,2652.0,CB,TYR,175.0,44.107,20.748,16.335,-0.18,2.175,0.0
ATOM,2653.0,CG,TYR,175.0,44.678,21.978,15.649,0.0,1.9924,0.0
ATOM,2654.0,CD1,TYR,175.0,44.852,21.969,14.306,-0.115,1.9924,0.0
ATOM,2655.0,CD2,TYR,175.0,45.098,23.087,16.397,-0.115,1.9924,0.0
ATOM,2656.0,CE1,TYR,175.0,45.388,23.076,13.616,-0.115,1.9924,0.0
ATOM,2657.0,CE2,TYR,175.0,45.629,24.188,15.747,-0.115,1.9924,0.0
ATOM,2658.0,CZ,TYR,175.0,45.749,24.167,14.364,0.11,1.9924,0.0
ATOM,2659.0,OH,TYR,175.0,46.288,25.226,13.65,-0.54,1.77,5.72
ATOM,2660.0,H,TYR,175.0,42.651,18.753,17.396,0.31,0.2245,0.0
ATOM,2661.0,HA,TYR,175.0,42.102,21.151,15.813,0.09,1.32,0.0
ATOM,2662.0,HB2,TYR,175.0,44.073,20.928,17.316,0.09,1.32,0.0
ATOM,2663.0,HB3,TYR,175.0,44.719,19.981,16.153,0.09,1.32,0.0
ATOM,2664.0,HD1,TYR,175.0,44.6,21.159,13.758,0.115,1.3582,0.0
ATOM,2665.0,HD2,TYR,175.0,45.012,23.077,17.38,0.115,1.3582,0.0
ATOM,2666.0,HE1,TYR,175.0,45.49,23.05,12.638,0.115,1.3582,0.0
ATOM,2667.0,HE2,TYR,175.0,45.923,24.989,16.263,0.115,1.3582,0.02
ATOM,2668.0,HH,TYR,175.0,45.977,25.169,12.705,0.43,0.2245,0.0
ATOM,2669.0,N,LEU,176.0,41.829,20.081,13.653,-0.47,1.85,0.0
ATOM,2670.0,CA,LEU,176.0,41.742,19.438,12.355,0.07,2.275,0.0
ATOM,2671.0,C,LEU,176.0,42.616,20.174,11.419,0.51,2.0,0.0
ATOM,2672.0,O,LEU,176.0,42.319,21.295,11.081,-0.51,1.7,0.0
ATOM,2673.0,CB,LEU,176.0,40.285,19.468,11.931,-0.18,2.175,0.0
ATOM,2674.0,CG,LEU,176.0,40.0,18.854,10.581,-0.09,2.275,0.0
ATOM,2675.0,CD1,LEU,176.0,40.137,17.346,10.675,-0.27,2.06,0.02
ATOM,2676.0,CD2,LEU,176.0,38.55,19.195,10.32,-0.27,2.06,0.0
ATOM,2677.0,H,LEU,176.0,41.236,20.866,13.952,0.31,0.2245,0.0
ATOM,2678.0,HA,LEU,176.0,42.067,18.496,12.449,0.09,1.32,0.0
ATOM,2679.0,HB2,LEU,176.0,39.758,18.966,12.609,0.09,1.32,0.0
ATOM,2680.0,HB3,LEU,176.0,39.994,20.418,11.9,0.09,1.32,0.0
ATOM,2681.0,HG,LEU,176.0,40.652,19.203,9.912,0.09,1.32,0.0
ATOM,2682.0,HD11,LEU,176.0,39.486,16.99,11.347,0.09,1.32,0.0
ATOM,2683.0,HD12,LEU,176.0,39.949,16.934,9.782,0.09,1.32,0.0
ATOM,2684.0,HD13,LEU,176.0,41.067,17.109,10.959,0.09,1.32,0.0
ATOM,2685.0,HD21,LEU,176.0,38.432,20.19,10.311,0.09,1.32,0.0
ATOM,2686.0,HD22,LEU,176.0,38.268,18.823,9.433,0.09,1.32,0.0
ATOM,2687.0,HD23,LEU,176.0,37.974,18.802,11.04,0.09,1.32,0.0
ATOM,2688.0,N,LEU,177.0,43.691,19.54,10.958,-0.47,1.85,0.0
ATOM,2689.0,CA,LEU,177.0,44.595,20.215,10.022,0.07,2.275,0.0
ATOM,2690.0,C,LEU,177.0,43.98,20.351,8.661,0.51,2.0,0.0
ATOM,2691.0,O,LEU,177.0,43.344,19.394,8.159,-0.51,1.7,0.12
ATOM,2692.0,CB,LEU,177.0,45.903,19.446,9.81,-0.18,2.175,0.0
ATOM,2693.0,CG,LEU,177.0,46.966,19.625,10.843,-0.09,2.275,0.0
ATOM,2694.0,CD1,LEU,177.0,48.137,18.638,10.441,-0.27,2.06,13.46
ATOM,2695.0,CD2,LEU,177.0,47.467,21.1,10.904,-0.27,2.06,0.0
ATOM,2696.0,H,LEU,177.0,43.826,18.583,11.299,0.31,0.2245,0.0
ATOM,2697.0,HA,LEU,177.0,44.793,21.136,10.389,0.09,1.32,0.0
ATOM,2698.0,HB2,LEU,177.0,45.668,18.472,9.767,0.09,1.32,0.0
ATOM,2699.0,HB3,LEU,177.0,46.274,19.733,8.924,0.09,1.32,0.0
ATOM,2700.0,HG,LEU,177.0,46.648,19.358,11.729,0.09,1.32,0.0
ATOM,2701.0,HD11,LEU,177.0,48.453,18.894,9.538,0.09,1.32,0.06
ATOM,2702.0,HD12,LEU,177.0,48.86,18.735,11.111,0.09,1.32,4.1
ATOM,2703.0,HD13,LEU,177.0,47.772,17.717,10.443,0.09,1.32,0.0
ATOM,2704.0,HD21,LEU,177.0,46.696,21.686,11.131,0.09,1.32,0.0
ATOM,2705.0,HD22,LEU,177.0,48.171,21.166,11.604,0.09,1.32,0.0
ATOM,2706.0,HD23,LEU,177.0,47.839,21.345,10.014,0.09,1.32,0.0
ATOM,2707.0,N,SER,178.0,44.109,21.51,8.043,-0.47,1.85,0.0
ATOM,2708.0,CA,SER,178.0,43.572,21.754,6.694,0.07,2.275,0.19
ATOM,2709.0,C,SER,178.0,44.408,20.974,5.642,0.51,2.0,0.0
ATOM,2710.0,O,SER,178.0,43.882,20.601,4.574,-0.51,1.7,1.06
ATOM,2711.0,CB,SER,178.0,43.78,23.238,6.364,0.05,2.175,0.43
ATOM,2712.0,OG,SER,178.0,43.044,24.041,7.272,-0.66,1.77,0.0
ATOM,2713.0,H,SER,178.0,44.621,22.242,8.583,0.31,0.2245,0.0
ATOM,2714.0,HA,SER,178.0,42.64,21.398,6.658,0.09,1.32,0.0
ATOM,2715.0,HB2,SER,178.0,44.743,23.451,6.447,0.09,1.32,0.0
ATOM,2716.0,HB3,SER,178.0,43.456,23.408,5.444,0.09,1.32,0.11
ATOM,2717.0,HG,SER,178.0,43.467,23.994,8.176,0.43,0.2245,0.0
ATOM,2718.0,N,ARG,179.0,45.694,20.736,5.946,-0.47,1.85,0.0
ATOM,2719.0,CA,ARG,179.0,46.637,20.221,4.956,0.07,2.275,0.62
ATOM,2720.0,C,ARG,179.0,47.962,19.826,5.604,0.51,2.0,0.0
ATOM,2721.0,O,ARG,179.0,48.211,20.064,6.776,-0.51,1.7,0.03
ATOM,2722.0,CB,ARG,179.0,46.945,21.339,3.954,-0.18,2.175,8.84
ATOM,2723.0,CG,ARG,179.0,47.431,22.663,4.652,-0.18,2.175,0.0
ATOM,2724.0,CD,ARG,179.0,48.201,23.622,3.706,0.2,2.175,1.95
ATOM,2725.0,NE,ARG,179.0,48.511,24.915,4.323,-0.7,1.85,0.0
ATOM,2726.0,CZ,ARG,179.0,49.479,25.12,5.189,0.64,2.0,0.0
ATOM,2727.0,NH1,ARG,179.0,50.273,24.113,5.555,-0.8,1.85,0.0
ATOM,2728.0,NH2,ARG,179.0,49.661,26.354,5.681,-0.8,1.85,0.61
ATOM,2729.0,H,ARG,179.0,45.95,20.948,6.929,0.31,0.2245,0.0
ATOM,2730.0,HA,ARG,179.0,46.237,19.405,4.52,0.09,1.32,1.36
ATOM,2731.0,HB2,ARG,179.0,47.671,21.047,3.357,0.09,1.32,2.42
ATOM,2732.0,HB3,ARG,179.0,46.126,21.563,3.457,0.09,1.32,0.0
ATOM,2733.0,HG2,ARG,179.0,46.633,23.148,5.002,0.09,1.32,0.0
ATOM,2734.0,HG3,ARG,179.0,48.038,22.419,5.405,0.09,1.32,0.0
ATOM,2735.0,HD2,ARG,179.0,49.048,23.164,3.445,0.09,1.32,0.31
ATOM,2736.0,HD3,ARG,179.0,47.63,23.764,2.9,0.09,1.32,0.1
ATOM,2737.0,HE,ARG,179.0,47.933,25.703,4.058,0.44,0.2245,0.0
ATOM,2738.0,HH11,ARG,179.0,50.161,23.204,5.168,0.46,0.2245,0.0
ATOM,2739.0,HH12,ARG,179.0,50.998,24.278,6.233,0.46,0.2245,0.0
ATOM,2740.0,HH21,ARG,179.0,49.079,27.103,5.374,0.46,0.2245,0.0
ATOM,2741.0,HH22,ARG,179.0,50.381,26.517,6.353,0.46,0.2245,0.0
ATOM,2742.0,N,SER,180.0,48.828,19.219,4.803,-0.47,1.85,0.0
ATOM,2743.0,CA,SER,180.0,50.179,18.923,5.231,0.07,2.275,1.04
ATOM,2744.0,C,SER,180.0,50.983,20.231,5.23,0.51,2.0,0.0
ATOM,2745.0,O,SER,180.0,50.416,21.322,4.98,-0.51,1.7,0.27
ATOM,2746.0,CB,SER,180.0,50.755,17.887,4.276,0.05,2.175,24.78
ATOM,2747.0,OG,SER,180.0,50.987,18.507,3.032,-0.66,1.77,23.94
ATOM,2748.0,H,SER,180.0,48.456,18.981,3.861,0.31,0.2245,4.39
ATOM,2749.0,HA,SER,180.0,50.152,18.588,6.169,0.09,1.32,4.79
ATOM,2750.0,HB2,SER,180.0,51.609,17.554,4.64,0.09,1.32,7.27
ATOM,2751.0,HB3,SER,180.0,50.1,17.158,4.161,0.09,1.32,7.32
ATOM,2752.0,HG,SER,180.0,50.116,18.788,2.628,0.43,0.2245,13.51
ATOM,2753.0,N,GLY,181.0,52.283,20.169,5.537,-0.47,1.85,1.62
ATOM,2754.0,CA,GLY,181.0,53.038,21.416,5.571,-0.02,2.175,16.24
ATOM,2755.0,C,GLY,181.0,53.112,22.068,6.952,0.51,2.0,0.04
ATOM,2756.0,O,GLY,181.0,52.883,21.438,8.002,-0.51,1.7,17.06
ATOM,2757.0,H,GLY,181.0,52.659,19.25,5.727,0.31,0.2245,11.96
ATOM,2758.0,HA2,GLY,181.0,53.987,21.243,5.237,0.09,1.32,11.93
ATOM,2759.0,HA3,GLY,181.0,52.622,22.078,4.916,0.09,1.32,0.24
ATOM,2760.0,N,VAL,182.0,53.467,23.348,6.946,-0.47,1.85,0.0
ATOM,2761.0,CA,VAL,182.0,53.617,24.102,8.185,0.07,2.275,0.0
ATOM,2762.0,C,VAL,182.0,52.672,25.3,8.167,0.51,2.0,0.0
ATOM,2763.0,O,VAL,182.0,52.036,25.571,7.142,-0.51,1.7,1.79
ATOM,2764.0,CB,VAL,182.0,55.059,24.636,8.35,-0.09,2.275,0.0
ATOM,2765.0,CG1,VAL,182.0,56.004,23.472,8.599,-0.27,2.06,18.62
ATOM,2766.0,CG2,VAL,182.0,55.513,25.466,7.174,-0.27,2.06,19.15
ATOM,2767.0,H,VAL,182.0,53.624,23.754,6.005,0.31,0.2245,3.36
ATOM,2768.0,HA,VAL,182.0,53.351,23.511,8.947,0.09,1.32,0.0
ATOM,2769.0,HB,VAL,182.0,55.076,25.206,9.16,0.09,1.32,0.0
ATOM,2770.0,HG11,VAL,182.0,56.776,23.78,9.155,0.09,1.32,1.78
ATOM,2771.0,HG12,VAL,182.0,55.518,22.743,9.082,0.09,1.32,2.55
ATOM,2772.0,HG13,VAL,182.0,56.343,23.123,7.725,0.09,1.32,7.02
ATOM,2773.0,HG21,VAL,182.0,55.994,24.883,6.517,0.09,1.32,7.96
ATOM,2774.0,HG22,VAL,182.0,54.718,25.882,6.729,0.09,1.32,1.84
ATOM,2775.0,HG23,VAL,182.0,56.131,26.188,7.491,0.09,1.32,0.02
ATOM,2776.0,N,THR,183.0,52.602,26.054,9.267,-0.47,1.85,0.0
ATOM,2777.0,CA,THR,183.0,51.629,27.165,9.278,0.07,2.275,0.0
ATOM,2778.0,C,THR,183.0,51.943,28.184,8.163,0.51,2.0,0.0
ATOM,2779.0,O,THR,183.0,53.125,28.353,7.709,-0.51,1.7,2.29
ATOM,2780.0,CB,THR,183.0,51.621,27.856,10.649,0.14,2.275,0.41
ATOM,2781.0,OG1,THR,183.0,52.888,28.432,10.922,-0.66,1.77,0.0
ATOM,2782.0,CG2,THR,183.0,51.276,26.881,11.804,-0.27,2.06,8.68
ATOM,2783.0,H,THR,183.0,53.22,25.819,10.026,0.31,0.2245,0.0
ATOM,2784.0,HA,THR,183.0,50.716,26.787,9.108,0.09,1.32,0.0
ATOM,2785.0,HB,THR,183.0,50.921,28.606,10.634,0.09,1.32,1.46
ATOM,2786.0,HG21,THR,183.0,51.652,27.239,12.656,0.09,1.32,1.04
ATOM,2787.0,HG22,THR,183.0,50.284,26.802,11.878,0.09,1.32,2.62
ATOM,2788.0,HG23,THR,183.0,51.674,25.988,11.606,0.09,1.32,0.0
ATOM,2789.0,HG1,THR,183.0,53.143,28.292,11.887,0.43,0.2245,0.0
ATOM,2790.0,N,GLY,184.0,50.895,28.896,7.696,-0.47,1.85,0.0
ATOM,2791.0,CA,GLY,184.0,51.141,29.965,6.703,-0.02,2.175,2.96
ATOM,2792.0,C,GLY,184.0,49.85,30.252,5.978,0.51,2.0,0.0
ATOM,2793.0,O,GLY,184.0,49.138,29.311,5.547,-0.51,1.7,0.0
ATOM,2794.0,H,GLY,184.0,49.986,28.647,8.064,0.31,0.2245,0.52
ATOM,2795.0,HA2,GLY,184.0,51.457,30.781,7.179,0.09,1.32,0.0
ATOM,2796.0,HA3,GLY,184.0,51.835,29.655,6.06,0.09,1.32,6.26
ATOM,2797.0,N,ALA,185.0,49.576,31.548,5.843,-0.47,1.85,0.0
ATOM,2798.0,CA,ALA,185.0,48.369,32.046,5.234,0.07,2.275,0.7
ATOM,2799.0,C,ALA,185.0,48.421,31.935,3.708,0.51,2.0,0.12
ATOM,2800.0,O,ALA,185.0,47.362,31.896,3.069,-0.51,1.7,3.97
ATOM,2801.0,CB,ALA,185.0,48.119,33.523,5.668,-0.27,2.06,0.42
ATOM,2802.0,H,ALA,185.0,50.33,32.178,6.226,0.31,0.2245,0.03
ATOM,2803.0,HA,ALA,185.0,47.581,31.503,5.561,0.09,1.32,0.22
ATOM,2804.0,HB1,ALA,185.0,47.547,33.521,6.48,0.09,1.32,0.02
ATOM,2805.0,HB2,ALA,185.0,48.996,33.947,5.863,0.09,1.32,0.0
ATOM,2806.0,HB3,ALA,185.0,47.663,33.998,4.924,0.09,1.32,3.83
ATOM,2807.0,N,GLU,186.0,49.628,31.886,3.138,-0.47,1.85,0.0
ATOM,2808.0,CA,GLU,186.0,49.795,31.799,1.684,0.07,2.275,1.21
ATOM,2809.0,C,GLU,186.0,49.169,30.503,1.133,0.51,2.0,0.23
ATOM,2810.0,O,GLU,186.0,48.436,30.526,0.142,-0.51,1.7,23.21
ATOM,2811.0,CB,GLU,186.0,51.281,31.815,1.306,-0.18,2.175,4.77
ATOM,2812.0,CG,GLU,186.0,51.948,33.175,1.5,-0.28,2.175,6.67
ATOM,2813.0,CD,GLU,186.0,53.394,33.187,1.04,0.62,2.0,6.35
ATOM,2814.0,OE1,GLU,186.0,53.944,32.045,0.832,-0.76,1.7,37.5
ATOM,2815.0,OE2,GLU,186.0,53.94,34.343,0.898,-0.76,1.7,47.89
ATOM,2816.0,H,GLU,186.0,50.424,31.914,3.803,0.31,0.2245,0.44
ATOM,2817.0,HA,GLU,186.0,49.357,32.589,1.244,0.09,1.32,8.6
ATOM,2818.0,HB2,GLU,186.0,51.744,31.173,1.886,0.09,1.32,4.18
ATOM,2819.0,HB3,GLU,186.0,51.351,31.583,0.355,0.09,1.32,8.61
ATOM,2820.0,HG2,GLU,186.0,51.458,33.835,0.963,0.09,1.32,9.55
ATOM,2821.0,HG3,GLU,186.0,51.938,33.388,2.458,0.09,1.32,0.76
ATOM,2822.0,N,ASN,187.0,49.462,29.376,1.806,-0.47,1.85,0.0
ATOM,2823.0,CA,ASN,187.0,49.065,28.002,1.43,0.07,2.275,1.59
ATOM,2824.0,C,ASN,187.0,47.7,27.499,1.989,0.51,2.0,0.0
ATOM,2825.0,O,ASN,187.0,47.554,27.173,3.174,-0.51,1.7,0.0
ATOM,2826.0,CB,ASN,187.0,50.222,27.092,1.815,-0.18,2.175,9.19
ATOM,2827.0,CG,ASN,187.0,50.004,25.661,1.364,0.55,2.0,2.7
ATOM,2828.0,H,ASN,187.0,50.037,29.563,2.684,0.31,0.2245,0.18
ATOM,2829.0,HA,ASN,187.0,48.98,27.986,0.412,0.09,1.32,5.93
ATOM,2830.0,HB2,ASN,187.0,51.053,27.435,1.387,0.09,1.32,8.74
ATOM,2831.0,HB3,ASN,187.0,50.317,27.1,2.806,0.09,1.32,0.08
ATOM,2832.0,OD1,ASN,187.0,48.974,25.339,0.776,-0.55,1.7,14.62
ATOM,2833.0,ND2,ASN,187.0,50.974,24.782,1.642,-0.62,1.85,15.11
ATOM,2834.0,HD22,ASN,187.0,51.788,25.098,2.134,0.3,0.2245,12.54
ATOM,2835.0,HD21,ASN,187.0,50.884,23.834,1.365,0.32,0.2245,16.0
ATOM,2836.0,N,ARG,188.0,46.695,27.458,1.122,-0.47,1.85,0.0
ATOM,2837.0,CA,ARG,188.0,45.352,27.094,1.556,0.07,2.275,0.0
ATOM,2838.0,C,ARG,188.0,45.089,25.628,1.362,0.51,2.0,0.0
ATOM,2839.0,O,ARG,188.0,45.409,25.063,0.31,-0.51,1.7,13.26
ATOM,2840.0,CB,ARG,188.0,44.302,27.815,0.735,-0.18,2.175,4.22
ATOM,2841.0,CG,ARG,188.0,44.251,29.34,0.921,-0.18,2.175,1.96
ATOM,2842.0,CD,ARG,188.0,43.025,29.957,0.274,0.2,2.175,6.68
ATOM,2843.0,NE,ARG,188.0,43.027,31.423,0.392,-0.7,1.85,4.69
ATOM,2844.0,CZ,ARG,188.0,42.02,32.201,0.024,0.64,2.0,2.26
ATOM,2845.0,NH1,ARG,188.0,40.922,31.655,-0.487,-0.8,1.85,11.01
ATOM,2846.0,NH2,ARG,188.0,42.102,33.512,0.165,-0.8,1.85,15.95
ATOM,2847.0,H,ARG,188.0,46.941,27.698,0.149,0.31,0.2245,7.67
ATOM,2848.0,HA,ARG,188.0,45.261,27.32,2.538,0.09,1.32,0.0
ATOM,2849.0,HB2,ARG,188.0,44.475,27.639,-0.236,0.09,1.32,8.07
ATOM,2850.0,HB3,ARG,188.0,43.4,27.456,0.978,0.09,1.32,0.78
ATOM,2851.0,HG2,ARG,188.0,44.232,29.547,1.897,0.09,1.32,0.0
ATOM,2852.0,HG3,ARG,188.0,45.064,29.744,0.506,0.09,1.32,1.16
ATOM,2853.0,HD2,ARG,188.0,43.021,29.709,-0.689,0.09,1.32,9.31
ATOM,2854.0,HD3,ARG,188.0,42.217,29.596,0.728,0.09,1.32,0.67
ATOM,2855.0,HE,ARG,188.0,43.848,31.857,0.777,0.44,0.2245,3.72
ATOM,2856.0,HH11,ARG,188.0,40.825,30.671,-0.583,0.46,0.2245,8.55
ATOM,2857.0,HH12,ARG,188.0,40.165,32.255,-0.784,0.46,0.2245,2.43
ATOM,2858.0,HH21,ARG,188.0,42.928,33.916,0.573,0.46,0.2245,12.05
ATOM,2859.0,HH22,ARG,188.0,41.353,34.102,-0.128,0.46,0.2245,12.64
ATOM,2860.0,N,GLY,189.0,44.491,24.99,2.366,-0.47,1.85,0.0
ATOM,2861.0,CA,GLY,189.0,44.129,23.594,2.235,-0.02,2.175,0.07
ATOM,2862.0,C,GLY,189.0,42.896,23.528,1.36,0.51,2.0,1.63
ATOM,2863.0,O,GLY,189.0,42.026,24.41,1.457,-0.51,1.7,14.16
ATOM,2864.0,H,GLY,189.0,44.318,25.56,3.208,0.31,0.2245,0.54
ATOM,2865.0,HA2,GLY,189.0,44.871,23.09,1.805,0.09,1.32,1.59
ATOM,2866.0,HA3,GLY,189.0,43.925,23.211,3.13,0.09,1.32,0.0
ATOM,2867.0,N,ALA,190.0,42.827,22.536,0.488,-0.47,1.85,0.01
ATOM,2868.0,CA,ALA,190.0,41.669,22.365,-0.384,0.07,2.275,2.58
ATOM,2869.0,C,ALA,190.0,41.089,20.943,-0.338,0.51,2.0,0.3
ATOM,2870.0,O,ALA,190.0,40.091,20.659,-0.997,-0.51,1.7,22.42
ATOM,2871.0,CB,ALA,190.0,42.01,22.747,-1.814,-0.27,2.06,38.88
ATOM,2872.0,H,ALA,190.0,43.649,21.902,0.476,0.31,0.2245,7.82
ATOM,2873.0,HA,ALA,190.0,40.943,23.011,-0.094,0.09,1.32,7.13
ATOM,2874.0,HB1,ALA,190.0,42.915,23.171,-1.841,0.09,1.32,5.19
ATOM,2875.0,HB2,ALA,190.0,42.01,21.929,-2.389,0.09,1.32,8.9
ATOM,2876.0,HB3,ALA,190.0,41.331,23.395,-2.16,0.09,1.32,11.71
ATOM,2877.0,N,LEU,191.0,41.694,20.046,0.43,-0.47,1.85,2.54
ATOM,2878.0,CA,LEU,191.0,41.189,18.688,0.531,0.07,2.275,2.76
ATOM,2879.0,C,LEU,191.0,39.78,18.677,1.139,0.51,2.0,0.0
ATOM,2880.0,O,LEU,191.0,39.488,19.489,2.012,-0.51,1.7,9.81
ATOM,2881.0,CB,LEU,191.0,42.15,17.898,1.419,-0.18,2.175,1.92
ATOM,2882.0,CG,LEU,191.0,41.857,16.439,1.763,-0.09,2.275,0.12
ATOM,2883.0,CD1,LEU,191.0,42.291,15.473,0.646,-0.27,2.06,30.16
ATOM,2884.0,CD2,LEU,191.0,42.527,16.03,3.069,-0.27,2.06,2.56
ATOM,2885.0,H,LEU,191.0,42.53,20.39,0.933,0.31,0.2245,0.45
ATOM,2886.0,HA,LEU,191.0,41.133,18.291,-0.391,0.09,1.32,3.12
ATOM,2887.0,HB2,LEU,191.0,43.062,17.919,0.974,0.09,1.32,8.87
ATOM,2888.0,HB3,LEU,191.0,42.233,18.398,2.297,0.09,1.32,0.0
ATOM,2889.0,HG,LEU,191.0,40.87,16.329,1.92,0.09,1.32,0.0
ATOM,2890.0,HD11,LEU,191.0,43.273,15.567,0.498,0.09,1.32,9.68
ATOM,2891.0,HD12,LEU,191.0,42.077,14.539,0.922,0.09,1.32,10.1
ATOM,2892.0,HD13,LEU,191.0,41.798,15.7,-0.191,0.09,1.32,2.17
ATOM,2893.0,HD21,LEU,191.0,42.187,16.606,3.813,0.09,1.32,0.0
ATOM,2894.0,HD22,LEU,191.0,42.317,15.072,3.266,0.09,1.32,4.99
ATOM,2895.0,HD23,LEU,191.0,43.517,16.144,2.986,0.09,1.32,2.7
ATOM,2896.0,N,PRO,192.0,38.906,17.765,0.712,-0.29,1.85,0.0
ATOM,2897.0,CA,PRO,192.0,37.567,17.683,1.311,0.02,2.275,4.11
ATOM,2898.0,C,PRO,192.0,37.727,17.158,2.752,0.51,2.0,0.0
ATOM,2899.0,O,PRO,192.0,38.266,16.06,2.876,-0.51,1.7,4.92
ATOM,2900.0,CB,PRO,192.0,36.942,16.483,0.543,-0.18,2.175,12.84
ATOM,2901.0,CG,PRO,192.0,38.152,15.582,0.182,-0.18,2.175,21.2
ATOM,2902.0,CD,PRO,192.0,39.105,16.698,-0.307,0.0,2.175,11.0
ATOM,2903.0,HA,PRO,192.0,37.115,18.564,1.307,0.09,1.32,6.78
ATOM,2904.0,HB2,PRO,192.0,36.309,15.982,1.122,0.09,1.32,2.33
ATOM,2905.0,HB3,PRO,192.0,36.489,16.789,-0.286,0.09,1.32,10.59
ATOM,2906.0,HG2,PRO,192.0,38.497,15.158,0.976,0.09,1.32,2.04
ATOM,2907.0,HG3,PRO,192.0,37.917,14.989,-0.541,0.09,1.32,10.13
ATOM,2908.0,HD2,PRO,192.0,40.043,16.381,-0.307,0.09,1.32,0.0
ATOM,2909.0,HD3,PRO,192.0,38.838,17.016,-1.208,0.09,1.32,10.34
ATOM,2910.0,N,LEU,193.0,37.286,17.832,3.807,-0.47,1.85,0.0
ATOM,2911.0,CA,LEU,193.0,37.515,17.253,5.138,0.07,2.275,0.0
ATOM,2912.0,C,LEU,193.0,36.28,16.612,5.769,0.51,2.0,0.0
ATOM,2913.0,O,LEU,193.0,36.278,16.185,6.933,-0.51,1.7,0.0
ATOM,2914.0,CB,LEU,193.0,38.138,18.289,6.092,-0.18,2.175,0.21
ATOM,2915.0,CG,LEU,193.0,39.469,18.966,5.72,-0.09,2.275,2.0
ATOM,2916.0,CD1,LEU,193.0,39.93,19.958,6.796,-0.27,2.06,0.92
ATOM,2917.0,CD2,LEU,193.0,40.576,17.939,5.504,-0.27,2.06,0.0
ATOM,2918.0,H,LEU,193.0,36.816,18.709,3.63,0.31,0.2245,5.27
ATOM,2919.0,HA,LEU,193.0,38.236,16.538,5.052,0.09,1.32,0.0
ATOM,2920.0,HB2,LEU,193.0,37.459,19.026,6.222,0.09,1.32,1.11
ATOM,2921.0,HB3,LEU,193.0,38.277,17.835,6.982,0.09,1.32,0.0
ATOM,2922.0,HG,LEU,193.0,39.352,19.454,4.851,0.09,1.32,1.14
ATOM,2923.0,HD11,LEU,193.0,40.055,19.472,7.659,0.09,1.32,0.0
ATOM,2924.0,HD12,LEU,193.0,40.794,20.371,6.513,0.09,1.32,0.0
ATOM,2925.0,HD13,LEU,193.0,39.237,20.668,6.907,0.09,1.32,0.0
ATOM,2926.0,HD21,LEU,193.0,40.316,17.321,4.762,0.09,1.32,0.0
ATOM,2927.0,HD22,LEU,193.0,41.425,18.41,5.264,0.09,1.32,0.0
ATOM,2928.0,HD23,LEU,193.0,40.711,17.414,6.344,0.09,1.32,0.0
ATOM,2929.0,N,HIS,194.0,35.212,16.56,4.992,-0.47,1.85,0.0
ATOM,2930.0,CA,HIS,194.0,33.932,15.998,5.429,0.07,2.275,0.1
ATOM,2931.0,C,HIS,194.0,34.01,14.628,6.075,0.51,2.0,0.0
ATOM,2932.0,O,HIS,194.0,33.385,14.419,7.138,-0.51,1.7,0.05
ATOM,2933.0,CB,HIS,194.0,32.967,15.901,4.249,-0.09,2.175,10.11
ATOM,2934.0,CG,HIS,194.0,32.692,17.217,3.594,-0.05,1.8,0.58
ATOM,2935.0,H,HIS,194.0,35.354,16.955,4.032,0.31,0.2245,0.0
ATOM,2936.0,HA,HIS,194.0,33.52,16.648,6.106,0.09,1.32,0.0
ATOM,2937.0,HB2,HIS,194.0,33.353,15.279,3.56,0.09,1.32,5.57
ATOM,2938.0,HB3,HIS,194.0,32.094,15.52,4.571,0.09,1.32,2.13
ATOM,2939.0,ND1,HIS,194.0,31.657,18.038,3.992,-0.36,1.85,5.86
ATOM,2940.0,CD2,HIS,194.0,33.314,17.865,2.574,0.22,1.8,10.67
ATOM,2941.0,CE1,HIS,194.0,31.648,19.133,3.246,0.25,1.8,15.81
ATOM,2942.0,NE2,HIS,194.0,32.644,19.055,2.38,-0.7,1.85,25.92
ATOM,2943.0,HD1,HIS,194.0,31.014,17.837,4.731,0.32,0.2245,9.5
ATOM,2944.0,HD2,HIS,194.0,34.103,17.543,2.062,0.1,1.468,0.0
ATOM,2945.0,HE1,HIS,194.0,31.001,19.885,3.324,0.13,0.9,5.47
ATOM,2946.0,N,HIS,195.0,34.751,13.708,5.447,-0.47,1.85,0.43
ATOM,2947.0,CA,HIS,195.0,34.892,12.355,5.987,0.07,2.275,0.39
ATOM,2948.0,C,HIS,195.0,35.579,12.31,7.354,0.51,2.0,0.0
ATOM,2949.0,O,HIS,195.0,35.124,11.624,8.256,-0.51,1.7,0.0
ATOM,2950.0,CB,HIS,195.0,35.609,11.405,5.023,-0.09,2.175,13.87
ATOM,2951.0,CG,HIS,195.0,35.693,9.99,5.535,-0.05,1.8,1.06
ATOM,2952.0,H,HIS,195.0,35.2,14.029,4.575,0.31,0.2245,1.81
ATOM,2953.0,HA,HIS,195.0,33.963,11.956,6.089,0.09,1.32,0.0
ATOM,2954.0,HB2,HIS,195.0,35.119,11.392,4.148,0.09,1.32,11.18
ATOM,2955.0,HB3,HIS,195.0,36.543,11.737,4.869,0.09,1.32,4.95
ATOM,2956.0,ND1,HIS,195.0,34.572,9.211,5.751,-0.36,1.85,5.67
ATOM,2957.0,CD2,HIS,195.0,36.756,9.226,5.89,0.22,1.8,13.73
ATOM,2958.0,CE1,HIS,195.0,34.944,8.026,6.204,0.25,1.8,15.84
ATOM,2959.0,NE2,HIS,195.0,36.262,8.01,6.298,-0.7,1.85,18.5
ATOM,2960.0,HD1,HIS,195.0,33.63,9.501,5.588,0.32,0.2245,6.9
ATOM,2961.0,HD2,HIS,195.0,37.714,9.495,5.862,0.1,1.468,8.16
ATOM,2962.0,HE1,HIS,195.0,34.335,7.273,6.436,0.13,0.9,8.56
ATOM,2963.0,N,LEU,196.0,36.683,13.039,7.496,-0.47,1.85,0.0
ATOM,2964.0,CA,LEU,196.0,37.358,13.05,8.784,0.07,2.275,0.0
ATOM,2965.0,C,LEU,196.0,36.402,13.605,9.835,0.51,2.0,0.0
ATOM,2966.0,O,LEU,196.0,36.28,13.068,10.931,-0.51,1.7,0.0
ATOM,2967.0,CB,LEU,196.0,38.693,13.791,8.727,-0.18,2.175,0.0
ATOM,2968.0,CG,LEU,196.0,39.694,13.18,7.72,-0.09,2.275,1.53
ATOM,2969.0,CD1,LEU,196.0,40.811,14.153,7.363,-0.27,2.06,2.74
ATOM,2970.0,CD2,LEU,196.0,40.291,11.84,8.223,-0.27,2.06,4.25
ATOM,2971.0,H,LEU,196.0,36.99,13.555,6.671,0.31,0.2245,0.15
ATOM,2972.0,HA,LEU,196.0,37.592,12.112,9.035,0.09,1.32,0.0
ATOM,2973.0,HB2,LEU,196.0,38.522,14.716,8.44,0.09,1.32,0.0
ATOM,2974.0,HB3,LEU,196.0,39.111,13.747,9.615,0.09,1.32,0.0
ATOM,2975.0,HG,LEU,196.0,39.193,12.925,6.888,0.09,1.32,2.08
ATOM,2976.0,HD11,LEU,196.0,41.314,14.402,8.191,0.09,1.32,0.0
ATOM,2977.0,HD12,LEU,196.0,41.434,13.72,6.712,0.09,1.32,0.86
ATOM,2978.0,HD13,LEU,196.0,40.418,14.976,6.952,0.09,1.32,0.0
ATOM,2979.0,HD21,LEU,196.0,39.549,11.191,8.362,0.09,1.32,0.0
ATOM,2980.0,HD22,LEU,196.0,40.925,11.495,7.537,0.09,1.32,3.67
ATOM,2981.0,HD23,LEU,196.0,40.769,12.005,9.081,0.09,1.32,0.0
ATOM,2982.0,N,ILE,197.0,35.715,14.685,9.489,-0.47,1.85,0.0
ATOM,2983.0,CA,ILE,197.0,34.822,15.326,10.427,0.07,2.275,0.0
ATOM,2984.0,C,ILE,197.0,33.722,14.381,10.912,0.51,2.0,0.0
ATOM,2985.0,O,ILE,197.0,33.365,14.361,12.1,-0.51,1.7,0.17
ATOM,2986.0,CB,ILE,197.0,34.253,16.614,9.795,-0.09,2.275,0.0
ATOM,2987.0,CG1,ILE,197.0,35.37,17.666,9.598,-0.18,2.175,0.0
ATOM,2988.0,CG2,ILE,197.0,33.122,17.109,10.658,-0.27,2.06,1.21
ATOM,2989.0,CD1,ILE,197.0,34.922,18.915,8.765,-0.27,2.06,0.0
ATOM,2990.0,H,ILE,197.0,35.873,15.013,8.52,0.31,0.2245,0.0
ATOM,2991.0,HA,ILE,197.0,35.374,15.558,11.24,0.09,1.32,0.0
ATOM,2992.0,HB,ILE,197.0,33.893,16.385,8.898,0.09,1.32,0.0
ATOM,2993.0,HG12,ILE,197.0,35.672,17.984,10.487,0.09,1.32,0.0
ATOM,2994.0,HG13,ILE,197.0,36.127,17.24,9.118,0.09,1.32,0.0
ATOM,2995.0,HG21,ILE,197.0,32.702,17.917,10.241,0.09,1.32,0.0
ATOM,2996.0,HG22,ILE,197.0,32.428,16.394,10.754,0.09,1.32,0.52
ATOM,2997.0,HG23,ILE,197.0,33.467,17.353,11.566,0.09,1.32,0.34
ATOM,2998.0,HD11,ILE,197.0,34.172,19.348,9.245,0.09,1.32,0.0
ATOM,2999.0,HD12,ILE,197.0,35.697,19.527,8.693,0.09,1.32,0.0
ATOM,3000.0,HD13,ILE,197.0,34.636,18.598,7.871,0.09,1.32,0.0
ATOM,3001.0,N,GLU,198.0,33.163,13.6,10.002,-0.47,1.85,0.0
ATOM,3002.0,CA,GLU,198.0,32.094,12.66,10.366,0.07,2.275,1.14
ATOM,3003.0,C,GLU,198.0,32.615,11.508,11.232,0.51,2.0,0.11
ATOM,3004.0,O,GLU,198.0,31.978,11.071,12.195,-0.51,1.7,2.73
ATOM,3005.0,CB,GLU,198.0,31.538,11.998,9.106,-0.18,2.175,3.17
ATOM,3006.0,CG,GLU,198.0,30.841,12.843,8.061,-0.28,2.175,16.21
ATOM,3007.0,CD,GLU,198.0,30.684,12.022,6.762,0.62,2.0,3.29
ATOM,3008.0,OE1,GLU,198.0,30.86,10.771,6.829,-0.76,1.7,24.88
ATOM,3009.0,OE2,GLU,198.0,30.406,12.602,5.675,-0.76,1.7,32.98
ATOM,3010.0,H,GLU,198.0,33.528,13.701,9.042,0.31,0.2245,0.0
ATOM,3011.0,HA,GLU,198.0,31.37,13.153,10.867,0.09,1.32,1.54
ATOM,3012.0,HB2,GLU,198.0,32.309,11.534,8.649,0.09,1.32,0.0
ATOM,3013.0,HB3,GLU,198.0,30.883,11.292,9.405,0.09,1.32,8.77
ATOM,3014.0,HG2,GLU,198.0,29.95,13.056,8.369,0.09,1.32,10.34
ATOM,3015.0,HG3,GLU,198.0,31.396,13.606,7.847,0.09,1.32,0.01
ATOM,3016.0,N,LYS,199.0,33.774,11.007,10.855,-0.47,1.85,0.0
ATOM,3017.0,CA,LYS,199.0,34.403,9.949,11.621,0.07,2.275,0.0
ATOM,3018.0,C,LYS,199.0,34.716,10.414,13.054,0.51,2.0,0.0
ATOM,3019.0,O,LYS,199.0,34.475,9.706,14.045,-0.51,1.7,0.0
ATOM,3020.0,CB,LYS,199.0,35.673,9.525,10.905,-0.18,2.175,0.0
ATOM,3021.0,CG,LYS,199.0,35.447,8.55,9.767,-0.18,2.175,0.02
ATOM,3022.0,CD,LYS,199.0,34.617,7.394,10.316,-0.18,2.175,1.1
ATOM,3023.0,CE,LYS,199.0,34.659,6.164,9.456,0.21,2.175,10.39
ATOM,3024.0,NZ,LYS,199.0,34.201,5.018,10.324,-0.3,1.85,6.43
ATOM,3025.0,H,LYS,199.0,34.18,11.419,9.998,0.31,0.2245,0.0
ATOM,3026.0,HA,LYS,199.0,33.779,9.16,11.676,0.09,1.32,0.0
ATOM,3027.0,HB2,LYS,199.0,36.114,10.342,10.534,0.09,1.32,0.0
ATOM,3028.0,HB3,LYS,199.0,36.282,9.093,11.572,0.09,1.32,0.0
ATOM,3029.0,HG2,LYS,199.0,34.941,8.993,9.049,0.09,1.32,0.03
ATOM,3030.0,HG3,LYS,199.0,36.312,8.202,9.454,0.09,1.32,0.18
ATOM,3031.0,HD2,LYS,199.0,34.963,7.165,11.231,0.09,1.32,0.0
ATOM,3032.0,HD3,LYS,199.0,33.664,7.701,10.4,0.09,1.32,1.67
ATOM,3033.0,HE2,LYS,199.0,34.036,6.257,8.703,0.05,1.32,4.33
ATOM,3034.0,HE3,LYS,199.0,35.58,5.988,9.162,0.05,1.32,4.27
ATOM,3035.0,HZ1,LYS,199.0,34.989,4.646,10.807,0.33,0.2245,2.07
ATOM,3036.0,HZ2,LYS,199.0,33.529,5.358,10.976,0.33,0.2245,0.0
ATOM,3037.0,HZ3,LYS,199.0,33.793,4.319,9.744,0.33,0.2245,20.61
ATOM,3038.0,N,LEU,200.0,35.246,11.632,13.174,-0.47,1.85,0.0
ATOM,3039.0,CA,LEU,200.0,35.458,12.153,14.534,0.07,2.275,0.0
ATOM,3040.0,C,LEU,200.0,34.189,12.256,15.382,0.51,2.0,0.05
ATOM,3041.0,O,LEU,200.0,34.192,11.931,16.55,-0.51,1.7,0.0
ATOM,3042.0,CB,LEU,200.0,36.119,13.531,14.466,-0.18,2.175,3.39
ATOM,3043.0,CG,LEU,200.0,37.575,13.514,14.006,-0.09,2.275,0.0
ATOM,3044.0,CD1,LEU,200.0,37.995,14.926,13.669,-0.27,2.06,0.0
ATOM,3045.0,CD2,LEU,200.0,38.562,12.91,15.007,-0.27,2.06,0.0
ATOM,3046.0,H,LEU,200.0,35.469,12.122,12.323,0.31,0.2245,0.0
ATOM,3047.0,HA,LEU,200.0,36.11,11.532,15.012,0.09,1.32,0.0
ATOM,3048.0,HB2,LEU,200.0,35.609,14.082,13.821,0.09,1.32,0.07
ATOM,3049.0,HB3,LEU,200.0,36.096,13.926,15.372,0.09,1.32,0.03
ATOM,3050.0,HG,LEU,200.0,37.653,12.939,13.2,0.09,1.32,0.0
ATOM,3051.0,HD11,LEU,200.0,37.904,15.51,14.478,0.09,1.32,0.0
ATOM,3052.0,HD12,LEU,200.0,38.95,14.933,13.365,0.09,1.32,0.0
ATOM,3053.0,HD13,LEU,200.0,37.414,15.287,12.937,0.09,1.32,0.0
ATOM,3054.0,HD21,LEU,200.0,38.307,11.961,15.191,0.09,1.32,0.0
ATOM,3055.0,HD22,LEU,200.0,39.484,12.941,14.622,0.09,1.32,0.0
ATOM,3056.0,HD23,LEU,200.0,38.535,13.436,15.856,0.09,1.32,0.0
ATOM,3057.0,N,LYS,201.0,33.096,12.737,14.789,-0.47,1.85,0.09
ATOM,3058.0,CA,LYS,201.0,31.818,12.815,15.472,0.07,2.275,1.4
ATOM,3059.0,C,LYS,201.0,31.316,11.389,15.788,0.51,2.0,0.27
ATOM,3060.0,O,LYS,201.0,30.808,11.146,16.86,-0.51,1.7,7.66
ATOM,3061.0,CB,LYS,201.0,30.808,13.526,14.599,-0.18,2.175,6.6
ATOM,3062.0,CG,LYS,201.0,30.938,15.048,14.679,-0.18,2.175,7.86
ATOM,3063.0,CD,LYS,201.0,29.879,15.763,13.812,-0.18,2.175,9.57
ATOM,3064.0,CE,LYS,201.0,30.107,17.328,13.768,0.21,2.175,10.05
ATOM,3065.0,NZ,LYS,201.0,29.157,17.939,12.787,-0.3,1.85,8.91
ATOM,3066.0,H,LYS,201.0,33.243,13.047,13.804,0.31,0.2245,0.0
ATOM,3067.0,HA,LYS,201.0,31.93,13.304,16.337,0.09,1.32,1.91
ATOM,3068.0,HB2,LYS,201.0,30.952,13.256,13.655,0.09,1.32,0.0
ATOM,3069.0,HB3,LYS,201.0,29.894,13.28,14.899,0.09,1.32,8.44
ATOM,3070.0,HG2,LYS,201.0,30.817,15.338,15.627,0.09,1.32,9.52
ATOM,3071.0,HG3,LYS,201.0,31.843,15.318,14.357,0.09,1.32,1.77
ATOM,3072.0,HD2,LYS,201.0,29.939,15.43,12.884,0.09,1.32,1.87
ATOM,3073.0,HD3,LYS,201.0,28.982,15.606,14.196,0.09,1.32,10.22
ATOM,3074.0,HE2,LYS,201.0,29.936,17.68,14.673,0.05,1.32,10.28
ATOM,3075.0,HE3,LYS,201.0,31.038,17.487,13.484,0.05,1.32,0.78
ATOM,3076.0,HZ1,LYS,201.0,28.295,18.14,13.248,0.33,0.2245,19.79
ATOM,3077.0,HZ2,LYS,201.0,29.553,18.782,12.429,0.33,0.2245,1.27
ATOM,3078.0,HZ3,LYS,201.0,28.999,17.296,12.04,0.33,0.2245,11.23
ATOM,3079.0,N,GLU,202.0,31.519,10.466,14.866,-0.47,1.85,0.52
ATOM,3080.0,CA,GLU,202.0,31.091,9.074,15.115,0.07,2.275,2.58
ATOM,3081.0,C,GLU,202.0,31.776,8.5,16.341,0.51,2.0,0.0
ATOM,3082.0,O,GLU,202.0,31.163,7.76,17.134,-0.51,1.7,8.59
ATOM,3083.0,CB,GLU,202.0,31.359,8.204,13.879,-0.18,2.175,1.7
ATOM,3084.0,CG,GLU,202.0,30.856,6.758,14.03,-0.28,2.175,14.75
ATOM,3085.0,CD,GLU,202.0,31.475,5.831,12.988,0.62,2.0,3.28
ATOM,3086.0,OE1,GLU,202.0,31.738,6.301,11.881,-0.76,1.7,14.5
ATOM,3087.0,OE2,GLU,202.0,31.723,4.64,13.288,-0.76,1.7,27.9
ATOM,3088.0,H,GLU,202.0,31.975,10.774,14.004,0.31,0.2245,0.0
ATOM,3089.0,HA,GLU,202.0,30.092,9.055,15.24,0.09,1.32,9.69
ATOM,3090.0,HB2,GLU,202.0,30.882,8.601,13.122,0.09,1.32,5.48
ATOM,3091.0,HB3,GLU,202.0,32.327,8.163,13.742,0.09,1.32,0.0
ATOM,3092.0,HG2,GLU,202.0,31.124,6.436,14.911,0.09,1.32,1.44
ATOM,3093.0,HG3,GLU,202.0,29.89,6.757,13.892,0.09,1.32,10.69
ATOM,3094.0,N,TYR,203.0,33.053,8.865,16.519,-0.47,1.85,0.0
ATOM,3095.0,CA,TYR,203.0,33.86,8.396,17.658,0.07,2.275,1.13
ATOM,3096.0,C,TYR,203.0,33.808,9.307,18.905,0.51,2.0,0.0
ATOM,3097.0,O,TYR,203.0,34.55,9.108,19.859,-0.51,1.7,11.6
ATOM,3098.0,CB,TYR,203.0,35.317,8.183,17.218,-0.18,2.175,1.54
ATOM,3099.0,CG,TYR,203.0,35.499,7.227,16.056,0.0,1.9924,0.0
ATOM,3100.0,CD1,TYR,203.0,34.551,6.21,15.821,-0.115,1.9924,4.16
ATOM,3101.0,CD2,TYR,203.0,36.612,7.274,15.214,-0.115,1.9924,0.0
ATOM,3102.0,CE1,TYR,203.0,34.744,5.311,14.765,-0.115,1.9924,0.7
ATOM,3103.0,CE2,TYR,203.0,36.79,6.38,14.169,-0.115,1.9924,0.0
ATOM,3104.0,CZ,TYR,203.0,35.85,5.399,13.947,0.11,1.9924,0.0
ATOM,3105.0,OH,TYR,203.0,36.011,4.482,12.907,-0.54,1.77,1.03
ATOM,3106.0,H,TYR,203.0,33.424,9.505,15.787,0.31,0.2245,0.0
ATOM,3107.0,HA,TYR,203.0,33.513,7.479,17.933,0.09,1.32,3.97
ATOM,3108.0,HB2,TYR,203.0,35.694,9.071,16.954,0.09,1.32,0.0
ATOM,3109.0,HB3,TYR,203.0,35.827,7.823,17.999,0.09,1.32,3.49
ATOM,3110.0,HD1,TYR,203.0,33.755,6.132,16.4,0.115,1.3582,3.91
ATOM,3111.0,HD2,TYR,203.0,37.308,7.984,15.373,0.115,1.3582,0.0
ATOM,3112.0,HE1,TYR,203.0,34.055,4.588,14.606,0.115,1.3582,1.66
ATOM,3113.0,HE2,TYR,203.0,37.598,6.45,13.582,0.115,1.3582,0.0
ATOM,3114.0,HH,TYR,203.0,36.882,4.659,12.459,0.43,0.2245,0.0
ATOM,3115.0,N,HIS,204.0,32.923,10.309,18.893,-0.47,1.85,0.0
ATOM,3116.0,CA,HIS,204.0,32.64,11.21,19.99,0.07,2.275,1.82
ATOM,3117.0,C,HIS,204.0,33.874,12.022,20.43,0.51,2.0,0.02
ATOM,3118.0,O,HIS,204.0,34.109,12.277,21.595,-0.51,1.7,20.28
ATOM,3119.0,CB,HIS,204.0,32.083,10.455,21.174,-0.09,2.175,11.41
ATOM,3120.0,CG,HIS,204.0,30.904,9.61,20.817,-0.05,1.8,0.88
ATOM,3121.0,H,HIS,204.0,32.417,10.389,17.953,0.31,0.2245,0.0
ATOM,3122.0,HA,HIS,204.0,31.929,11.87,19.697,0.09,1.32,4.65
ATOM,3123.0,HB2,HIS,204.0,32.794,9.856,21.554,0.09,1.32,4.29
ATOM,3124.0,HB3,HIS,204.0,31.797,11.107,21.882,0.09,1.32,9.96
ATOM,3125.0,ND1,HIS,204.0,30.896,8.244,20.976,-0.36,1.85,6.19
ATOM,3126.0,CD2,HIS,204.0,29.712,9.935,20.26,0.22,1.8,14.81
ATOM,3127.0,CE1,HIS,204.0,29.739,7.763,20.558,0.25,1.8,21.41
ATOM,3128.0,NE2,HIS,204.0,29.0,8.769,20.121,-0.7,1.85,27.37
ATOM,3129.0,HD1,HIS,204.0,31.648,7.701,21.35,0.32,0.2245,15.9
ATOM,3130.0,HD2,HIS,204.0,29.409,10.847,19.999,0.1,1.468,12.13
ATOM,3131.0,HE1,HIS,204.0,29.467,6.805,20.568,0.13,0.9,17.44
ATOM,3132.0,N,ALA,205.0,34.63,12.402,19.44,-0.47,1.85,0.0
ATOM,3133.0,CA,ALA,205.0,35.795,13.268,19.655,0.07,2.275,0.0
ATOM,3134.0,C,ALA,205.0,35.365,14.665,20.096,0.51,2.0,0.07
ATOM,3135.0,O,ALA,205.0,34.217,15.139,19.864,-0.51,1.7,15.06
ATOM,3136.0,CB,ALA,205.0,36.539,13.405,18.347,-0.27,2.06,0.23
ATOM,3137.0,H,ALA,205.0,34.355,12.055,18.5,0.31,0.2245,0.0
ATOM,3138.0,HA,ALA,205.0,36.367,12.864,20.378,0.09,1.32,0.0
ATOM,3139.0,HB1,ALA,205.0,36.236,12.696,17.708,0.09,1.32,0.0
ATOM,3140.0,HB2,ALA,205.0,36.36,14.305,17.947,0.09,1.32,0.14
ATOM,3141.0,HB3,ALA,205.0,37.523,13.306,18.504,0.09,1.32,0.0
ATOM,3142.0,N,ALA,206.0,36.314,15.387,20.681,-0.47,1.85,2.69
ATOM,3143.0,CA,ALA,206.0,36.014,16.759,20.987,0.07,2.275,3.83
ATOM,3144.0,C,ALA,206.0,35.694,17.499,19.691,0.51,2.0,0.0
ATOM,3145.0,O,ALA,206.0,36.191,17.134,18.619,-0.51,1.7,1.75
ATOM,3146.0,CB,ALA,206.0,37.223,17.404,21.698,-0.27,2.06,2.41
ATOM,3147.0,H,ALA,206.0,37.19,14.913,20.871,0.31,0.2245,0.05
ATOM,3148.0,HA,ALA,206.0,35.208,16.802,21.581,0.09,1.32,4.66
ATOM,3149.0,HB1,ALA,206.0,36.899,17.91,22.492,0.09,1.32,0.73
ATOM,3150.0,HB2,ALA,206.0,37.851,16.686,21.985,0.09,1.32,0.0
ATOM,3151.0,HB3,ALA,206.0,37.679,18.022,21.064,0.09,1.32,0.0
ATOM,3152.0,N,PRO,207.0,34.874,18.558,19.756,-0.29,1.85,0.0
ATOM,3153.0,CA,PRO,207.0,34.489,19.245,18.514,0.02,2.275,1.44
ATOM,3154.0,C,PRO,207.0,35.713,19.753,17.711,0.51,2.0,0.0
ATOM,3155.0,O,PRO,207.0,36.701,20.254,18.277,-0.51,1.7,0.0
ATOM,3156.0,CB,PRO,207.0,33.689,20.477,19.022,-0.18,2.175,2.32
ATOM,3157.0,CG,PRO,207.0,33.176,20.059,20.257,-0.18,2.175,10.94
ATOM,3158.0,CD,PRO,207.0,34.28,19.152,20.949,0.0,2.175,7.96
ATOM,3159.0,HA,PRO,207.0,33.918,18.646,17.934,0.09,1.32,7.85
ATOM,3160.0,HB2,PRO,207.0,34.318,21.265,19.087,0.09,1.32,0.0
ATOM,3161.0,HB3,PRO,207.0,32.979,20.704,18.341,0.09,1.32,2.47
ATOM,3162.0,HG2,PRO,207.0,32.97,20.82,20.899,0.09,1.32,0.0
ATOM,3163.0,HG3,PRO,207.0,32.331,19.498,20.186,0.09,1.32,12.45
ATOM,3164.0,HD2,PRO,207.0,34.907,19.722,21.433,0.09,1.32,0.0
ATOM,3165.0,HD3,PRO,207.0,33.841,18.489,21.518,0.09,1.32,7.17
ATOM,3166.0,N,ALA,208.0,35.601,19.681,16.39,-0.47,1.85,0.52
ATOM,3167.0,CA,ALA,208.0,36.738,20.016,15.516,0.07,2.275,0.0
ATOM,3168.0,C,ALA,208.0,36.886,21.506,15.202,0.51,2.0,0.0
ATOM,3169.0,O,ALA,208.0,35.909,22.193,14.805,-0.51,1.7,0.0
ATOM,3170.0,CB,ALA,208.0,36.651,19.235,14.217,-0.27,2.06,0.29
ATOM,3171.0,H,ALA,208.0,34.681,19.381,16.036,0.31,0.2245,3.69
ATOM,3172.0,HA,ALA,208.0,37.594,19.697,15.971,0.09,1.32,0.0
ATOM,3173.0,HB1,ALA,208.0,35.797,18.714,14.195,0.09,1.32,2.7
ATOM,3174.0,HB2,ALA,208.0,36.673,19.868,13.442,0.09,1.32,0.0
ATOM,3175.0,HB3,ALA,208.0,37.425,18.605,14.151,0.09,1.32,0.0
ATOM,3176.0,N,LEU,209.0,38.094,22.015,15.354,-0.47,1.85,0.0
ATOM,3177.0,CA,LEU,209.0,38.422,23.403,14.894,0.07,2.275,0.0
ATOM,3178.0,C,LEU,209.0,39.388,23.191,13.756,0.51,2.0,0.0
ATOM,3179.0,O,LEU,209.0,40.45,22.558,13.976,-0.51,1.7,0.0
ATOM,3180.0,CB,LEU,209.0,39.106,24.254,15.971,-0.18,2.175,0.0
ATOM,3181.0,CG,LEU,209.0,38.188,24.67,17.126,-0.09,2.275,0.0
ATOM,3182.0,CD1,LEU,209.0,38.983,25.554,18.105,-0.27,2.06,0.55
ATOM,3183.0,CD2,LEU,209.0,36.854,25.377,16.62,-0.27,2.06,0.0
ATOM,3184.0,H,LEU,209.0,38.792,21.404,15.805,0.31,0.2245,0.0
ATOM,3185.0,HA,LEU,209.0,37.598,23.807,14.557,0.09,1.32,0.0
ATOM,3186.0,HB2,LEU,209.0,39.845,23.722,16.356,0.09,1.32,0.0
ATOM,3187.0,HB3,LEU,209.0,39.438,25.079,15.543,0.09,1.32,0.0
ATOM,3188.0,HG,LEU,209.0,37.874,23.86,17.602,0.09,1.32,0.0
ATOM,3189.0,HD11,LEU,209.0,39.309,26.363,17.621,0.09,1.32,0.0
ATOM,3190.0,HD12,LEU,209.0,38.386,25.825,18.857,0.09,1.32,0.81
ATOM,3191.0,HD13,LEU,209.0,39.758,25.034,18.457,0.09,1.32,0.0
ATOM,3192.0,HD21,LEU,209.0,36.373,24.732,16.044,0.09,1.32,0.0
ATOM,3193.0,HD22,LEU,209.0,36.319,25.613,17.418,0.09,1.32,0.0
ATOM,3194.0,HD23,LEU,209.0,37.117,26.184,16.112,0.09,1.32,0.0
ATOM,3195.0,N,GLN,210.0,39.042,23.683,12.555,-0.47,1.85,0.0
ATOM,3196.0,CA,GLN,210.0,39.956,23.578,11.409,0.07,2.275,0.0
ATOM,3197.0,C,GLN,210.0,41.062,24.605,11.464,0.51,2.0,0.0
ATOM,3198.0,O,GLN,210.0,40.79,25.781,11.702,-0.51,1.7,0.0
ATOM,3199.0,CB,GLN,210.0,39.237,23.751,10.085,-0.18,2.175,0.0
ATOM,3200.0,CG,GLN,210.0,40.187,23.359,8.918,-0.18,2.175,0.0
ATOM,3201.0,CD,GLN,210.0,39.455,23.358,7.649,0.55,2.0,0.0
ATOM,3202.0,H,GLN,210.0,38.114,24.123,12.512,0.31,0.2245,0.0
ATOM,3203.0,HA,GLN,210.0,40.376,22.658,11.441,0.09,1.32,0.0
ATOM,3204.0,HB2,GLN,210.0,38.461,23.151,10.044,0.09,1.32,0.0
ATOM,3205.0,HB3,GLN,210.0,38.991,24.694,9.958,0.09,1.32,0.0
ATOM,3206.0,HG2,GLN,210.0,40.919,24.028,8.9,0.09,1.32,0.0
ATOM,3207.0,HG3,GLN,210.0,40.541,22.455,9.12,0.09,1.32,0.0
ATOM,3208.0,OE1,GLN,210.0,38.244,23.001,7.632,-0.55,1.7,3.98
ATOM,3209.0,NE2,GLN,210.0,40.133,23.731,6.548,-0.62,1.85,2.1
ATOM,3210.0,HE21,GLN,210.0,39.696,23.742,5.631,0.32,0.2245,17.66
ATOM,3211.0,HE22,GLN,210.0,41.11,24.008,6.656,0.3,0.2245,0.02
ATOM,3212.0,N,GLY,211.0,42.314,24.175,11.256,-0.47,1.85,0.0
ATOM,3213.0,CA,GLY,211.0,43.418,25.149,11.259,-0.02,2.175,0.0
ATOM,3214.0,C,GLY,211.0,44.538,24.806,10.294,0.51,2.0,0.0
ATOM,3215.0,O,GLY,211.0,44.713,23.616,9.957,-0.51,1.7,0.0
ATOM,3216.0,H,GLY,211.0,42.426,23.176,11.105,0.31,0.2245,0.0
ATOM,3217.0,HA2,GLY,211.0,43.044,26.067,11.03,0.09,1.32,0.0
ATOM,3218.0,HA3,GLY,211.0,43.793,25.215,12.203,0.09,1.32,0.0
ATOM,3219.0,N,PHE,212.0,45.307,25.866,9.965,-0.47,1.85,0.01
ATOM,3220.0,CA,PHE,212.0,46.389,25.939,8.941,0.07,2.275,0.87
ATOM,3221.0,C,PHE,212.0,45.803,26.502,7.638,0.51,2.0,0.0
ATOM,3222.0,O,PHE,212.0,44.855,25.904,7.042,-0.51,1.7,0.09
ATOM,3223.0,CB,PHE,212.0,47.1,24.603,8.623,-0.18,2.175,0.0
ATOM,3224.0,CG,PHE,212.0,48.197,24.189,9.607,0.0,1.9924,0.0
ATOM,3225.0,CD1,PHE,212.0,48.074,24.389,10.972,-0.115,1.9924,0.32
ATOM,3226.0,CD2,PHE,212.0,49.319,23.553,9.156,-0.115,1.9924,0.0
ATOM,3227.0,CE1,PHE,212.0,49.062,23.984,11.875,-0.115,1.9924,0.68
ATOM,3228.0,CE2,PHE,212.0,50.32,23.133,10.042,-0.115,1.9924,1.79
ATOM,3229.0,CZ,PHE,212.0,50.2,23.349,11.392,-0.115,1.9924,1.97
ATOM,3230.0,H,PHE,212.0,45.058,26.735,10.551,0.31,0.2245,3.08
ATOM,3231.0,HA,PHE,212.0,47.048,26.604,9.275,0.09,1.32,2.4
ATOM,3232.0,HB2,PHE,212.0,46.414,23.888,8.624,0.09,1.32,0.0
ATOM,3233.0,HB3,PHE,212.0,47.519,24.689,7.729,0.09,1.32,0.0
ATOM,3234.0,HD1,PHE,212.0,47.252,24.838,11.335,0.115,1.3582,0.0
ATOM,3235.0,HD2,PHE,212.0,49.443,23.375,8.175,0.115,1.3582,0.0
ATOM,3236.0,HE1,PHE,212.0,48.942,24.155,12.852,0.115,1.3582,0.43
ATOM,3237.0,HE2,PHE,212.0,51.141,22.664,9.661,0.115,1.3582,0.42
ATOM,3238.0,HZ,PHE,212.0,50.911,23.059,12.026,0.115,1.3582,2.86
ATOM,3239.0,N,GLY,213.0,46.372,27.647,7.215,-0.47,1.85,0.26
ATOM,3240.0,CA,GLY,213.0,45.989,28.28,5.936,-0.02,2.175,0.43
ATOM,3241.0,C,GLY,213.0,44.643,29.054,5.932,0.51,2.0,0.0
ATOM,3242.0,O,GLY,213.0,44.229,29.49,4.846,-0.51,1.7,0.0
ATOM,3243.0,H,GLY,213.0,47.087,28.037,7.851,0.31,0.2245,4.12
ATOM,3244.0,HA2,GLY,213.0,46.732,28.923,5.649,0.09,1.32,0.0
ATOM,3245.0,HA3,GLY,213.0,45.95,27.56,5.209,0.09,1.32,0.0
ATOM,3246.0,N,ILE,214.0,43.918,29.186,7.052,-0.47,1.85,0.81
ATOM,3247.0,CA,ILE,214.0,42.595,29.848,7.055,0.07,2.275,0.0
ATOM,3248.0,C,ILE,214.0,42.833,31.342,7.124,0.51,2.0,0.0
ATOM,3249.0,O,ILE,214.0,43.285,31.868,8.192,-0.51,1.7,0.86
ATOM,3250.0,CB,ILE,214.0,41.781,29.407,8.315,-0.09,2.275,0.0
ATOM,3251.0,CG1,ILE,214.0,41.503,27.924,8.367,-0.18,2.175,0.0
ATOM,3252.0,CG2,ILE,214.0,40.456,30.208,8.397,-0.27,2.06,0.0
ATOM,3253.0,CD1,ILE,214.0,40.566,27.436,7.393,-0.27,2.06,1.03
ATOM,3254.0,H,ILE,214.0,44.355,28.791,7.903,0.31,0.2245,0.39
ATOM,3255.0,HA,ILE,214.0,42.195,29.655,6.168,0.09,1.32,0.0
ATOM,3256.0,HB,ILE,214.0,42.329,29.662,9.12,0.09,1.32,0.0
ATOM,3257.0,HG12,ILE,214.0,42.394,27.444,8.272,0.09,1.32,0.0
ATOM,3258.0,HG13,ILE,214.0,41.173,27.713,9.306,0.09,1.32,0.0
ATOM,3259.0,HG21,ILE,214.0,40.002,29.987,9.253,0.09,1.32,0.0
ATOM,3260.0,HG22,ILE,214.0,40.667,31.179,8.361,0.09,1.32,0.0
ATOM,3261.0,HG23,ILE,214.0,39.881,29.953,7.628,0.09,1.32,0.0
ATOM,3262.0,HD11,ILE,214.0,40.887,27.614,6.45,0.09,1.32,0.0
ATOM,3263.0,HD12,ILE,214.0,40.426,26.438,7.483,0.09,1.32,0.0
ATOM,3264.0,HD13,ILE,214.0,39.662,27.88,7.495,0.09,1.32,0.0
ATOM,3265.0,N,SER,215.0,42.547,32.045,6.016,-0.47,1.85,0.0
ATOM,3266.0,CA,SER,215.0,42.846,33.441,5.974,0.07,2.275,0.0
ATOM,3267.0,C,SER,215.0,41.721,34.325,5.416,0.51,2.0,0.0
ATOM,3268.0,O,SER,215.0,41.924,35.532,5.253,-0.51,1.7,9.69
ATOM,3269.0,CB,SER,215.0,44.102,33.673,5.137,0.05,2.175,3.89
ATOM,3270.0,OG,SER,215.0,43.844,33.238,3.783,-0.66,1.77,2.45
ATOM,3271.0,H,SER,215.0,42.119,31.501,5.258,0.31,0.2245,0.0
ATOM,3272.0,HA,SER,215.0,43.033,33.765,6.927,0.09,1.32,0.0
ATOM,3273.0,HB2,SER,215.0,44.313,34.633,5.121,0.09,1.32,4.43
ATOM,3274.0,HB3,SER,215.0,44.842,33.136,5.501,0.09,1.32,0.0
ATOM,3275.0,HG,SER,215.0,44.679,32.85,3.408,0.43,0.2245,1.86
ATOM,3276.0,N,SER,216.0,40.571,33.765,5.15,-0.47,1.85,0.0
ATOM,3277.0,CA,SER,216.0,39.495,34.523,4.542,0.07,2.275,0.0
ATOM,3278.0,C,SER,216.0,38.131,34.083,5.052,0.51,2.0,0.0
ATOM,3279.0,O,SER,216.0,37.926,32.978,5.493,-0.51,1.7,0.0
ATOM,3280.0,CB,SER,216.0,39.538,34.329,3.016,0.05,2.175,10.2
ATOM,3281.0,OG,SER,216.0,39.241,32.969,2.743,-0.66,1.77,0.0
ATOM,3282.0,H,SER,216.0,40.492,32.761,5.402,0.31,0.2245,0.0
ATOM,3283.0,HA,SER,216.0,39.617,35.497,4.788,0.09,1.32,0.32
ATOM,3284.0,HB2,SER,216.0,38.855,34.902,2.605,0.09,1.32,2.9
ATOM,3285.0,HB3,SER,216.0,40.443,34.536,2.697,0.09,1.32,1.03
ATOM,3286.0,HG,SER,216.0,38.854,32.891,1.825,0.43,0.2245,0.0
ATOM,3287.0,N,PRO,217.0,37.161,34.97,5.002,-0.29,1.85,0.0
ATOM,3288.0,CA,PRO,217.0,35.835,34.63,5.512,0.02,2.275,0.0
ATOM,3289.0,C,PRO,217.0,35.224,33.411,4.874,0.51,2.0,0.23
ATOM,3290.0,O,PRO,217.0,34.59,32.58,5.597,-0.51,1.7,0.0
ATOM,3291.0,CB,PRO,217.0,35.024,35.886,5.242,-0.18,2.175,11.72
ATOM,3292.0,CG,PRO,217.0,36.07,36.967,5.202,-0.18,2.175,7.17
ATOM,3293.0,CD,PRO,217.0,37.307,36.376,4.558,0.0,2.175,11.83
ATOM,3294.0,HA,PRO,217.0,35.865,34.531,6.531,0.09,1.32,0.0
ATOM,3295.0,HB2,PRO,217.0,34.547,35.827,4.368,0.09,1.32,7.75
ATOM,3296.0,HB3,PRO,217.0,34.369,36.058,5.974,0.09,1.32,0.18
ATOM,3297.0,HG2,PRO,217.0,35.735,37.758,4.67,0.09,1.32,11.93
ATOM,3298.0,HG3,PRO,217.0,36.275,37.289,6.138,0.09,1.32,0.0
ATOM,3299.0,HD2,PRO,217.0,37.268,36.437,3.578,0.09,1.32,6.25
ATOM,3300.0,HD3,PRO,217.0,38.129,36.773,4.924,0.09,1.32,1.24
ATOM,3301.0,N,GLU,218.0,35.44,33.241,3.593,-0.47,1.85,0.08
ATOM,3302.0,CA,GLU,218.0,34.777,32.133,2.925,0.07,2.275,2.37
ATOM,3303.0,C,GLU,218.0,35.341,30.824,3.415,0.51,2.0,0.0
ATOM,3304.0,O,GLU,218.0,34.652,29.77,3.372,-0.51,1.7,1.19
ATOM,3305.0,CB,GLU,218.0,34.918,32.207,1.399,-0.18,2.175,10.02
ATOM,3306.0,CG,GLU,218.0,36.343,32.073,0.883,-0.28,2.175,6.1
ATOM,3307.0,CD,GLU,218.0,36.436,32.189,-0.627,0.62,2.0,6.44
ATOM,3308.0,OE1,GLU,218.0,35.353,32.254,-1.319,-0.76,1.7,39.15
ATOM,3309.0,OE2,GLU,218.0,37.596,32.207,-1.138,-0.76,1.7,26.42
ATOM,3310.0,H,GLU,218.0,36.066,33.902,3.137,0.31,0.2245,1.12
ATOM,3311.0,HA,GLU,218.0,33.789,32.17,3.11,0.09,1.32,2.4
ATOM,3312.0,HB2,GLU,218.0,34.39,31.467,1.015,0.09,1.32,7.19
ATOM,3313.0,HB3,GLU,218.0,34.577,33.086,1.11,0.09,1.32,9.66
ATOM,3314.0,HG2,GLU,218.0,36.88,32.799,1.271,0.09,1.32,0.0
ATOM,3315.0,HG3,GLU,218.0,36.681,31.185,1.134,0.09,1.32,2.15
ATOM,3316.0,N,GLN,219.0,36.581,30.856,3.91,-0.47,1.85,0.0
ATOM,3317.0,CA,GLN,219.0,37.09,29.592,4.431,0.07,2.275,0.72
ATOM,3318.0,C,GLN,219.0,36.488,29.278,5.821,0.51,2.0,0.0
ATOM,3319.0,O,GLN,219.0,36.38,28.117,6.182,-0.51,1.7,1.36
ATOM,3320.0,CB,GLN,219.0,38.626,29.596,4.564,-0.18,2.175,1.59
ATOM,3321.0,CG,GLN,219.0,39.398,29.615,3.29,-0.18,2.175,4.64
ATOM,3322.0,CD,GLN,219.0,40.87,29.869,3.531,0.55,2.0,0.0
ATOM,3323.0,H,GLN,219.0,37.066,31.727,3.89,0.31,0.2245,0.0
ATOM,3324.0,HA,GLN,219.0,36.804,28.855,3.81,0.09,1.32,0.98
ATOM,3325.0,HB2,GLN,219.0,38.885,30.406,5.116,0.09,1.32,0.0
ATOM,3326.0,HB3,GLN,219.0,38.891,28.773,5.095,0.09,1.32,0.28
ATOM,3327.0,HG2,GLN,219.0,39.304,28.733,2.83,0.09,1.32,8.72
ATOM,3328.0,HG3,GLN,219.0,39.048,30.34,2.698,0.09,1.32,0.0
ATOM,3329.0,OE1,GLN,219.0,41.253,30.995,3.72,-0.55,1.7,0.0
ATOM,3330.0,NE2,GLN,219.0,41.717,28.79,3.529,-0.62,1.85,0.35
ATOM,3331.0,HE21,GLN,219.0,42.688,28.905,3.668,0.32,0.2245,0.0
ATOM,3332.0,HE22,GLN,219.0,41.295,27.875,3.379,0.3,0.2245,4.12
ATOM,3333.0,N,VAL,220.0,36.112,30.297,6.587,-0.47,1.85,0.0
ATOM,3334.0,CA,VAL,220.0,35.44,30.055,7.846,0.07,2.275,0.0
ATOM,3335.0,C,VAL,220.0,34.069,29.415,7.623,0.51,2.0,0.0
ATOM,3336.0,O,VAL,220.0,33.7,28.439,8.215,-0.51,1.7,0.0
ATOM,3337.0,CB,VAL,220.0,35.309,31.342,8.65,-0.09,2.275,0.0
ATOM,3338.0,CG1,VAL,220.0,34.584,31.066,9.922,-0.27,2.06,0.0
ATOM,3339.0,CG2,VAL,220.0,36.674,31.969,8.884,-0.27,2.06,0.0
ATOM,3340.0,H,VAL,220.0,36.334,31.233,6.216,0.31,0.2245,0.0
ATOM,3341.0,HA,VAL,220.0,35.994,29.409,8.386,0.09,1.32,0.0
ATOM,3342.0,HB,VAL,220.0,34.754,31.976,8.118,0.09,1.32,0.0
ATOM,3343.0,HG11,VAL,220.0,33.615,31.32,9.835,0.09,1.32,0.0
ATOM,3344.0,HG12,VAL,220.0,34.639,30.089,10.152,0.09,1.32,0.0
ATOM,3345.0,HG13,VAL,220.0,34.987,31.595,10.676,0.09,1.32,0.0
ATOM,3346.0,HG21,VAL,220.0,36.783,32.17,9.858,0.09,1.32,0.0
ATOM,3347.0,HG22,VAL,220.0,37.386,31.331,8.591,0.09,1.32,0.0
ATOM,3348.0,HG23,VAL,220.0,36.744,32.816,8.356,0.09,1.32,0.0
ATOM,3349.0,N,SER,221.0,33.292,29.998,6.687,-0.47,1.85,0.0
ATOM,3350.0,CA,SER,221.0,31.969,29.473,6.436,0.07,2.275,0.74
ATOM,3351.0,C,SER,221.0,32.061,28.05,5.809,0.51,2.0,0.0
ATOM,3352.0,O,SER,221.0,31.239,27.249,6.114,-0.51,1.7,1.39
ATOM,3353.0,CB,SER,221.0,31.131,30.437,5.492,0.05,2.175,17.88
ATOM,3354.0,OG,SER,221.0,31.794,30.573,4.296,-0.66,1.77,7.24
ATOM,3355.0,H,SER,221.0,33.713,30.797,6.208,0.31,0.2245,0.0
ATOM,3356.0,HA,SER,221.0,31.485,29.375,7.309,0.09,1.32,0.37
ATOM,3357.0,HB2,SER,221.0,30.249,30.015,5.368,0.09,1.32,3.86
ATOM,3358.0,HB3,SER,221.0,31.059,31.301,5.963,0.09,1.32,0.2
ATOM,3359.0,HG,SER,221.0,32.615,31.144,4.409,0.43,0.2245,0.29
ATOM,3360.0,N,ALA,222.0,33.048,27.84,4.955,-0.47,1.85,0.0
ATOM,3361.0,CA,ALA,222.0,33.24,26.516,4.39,0.07,2.275,0.57
ATOM,3362.0,C,ALA,222.0,33.535,25.477,5.504,0.51,2.0,0.21
ATOM,3363.0,O,ALA,222.0,32.989,24.354,5.486,-0.51,1.7,3.86
ATOM,3364.0,CB,ALA,222.0,34.382,26.556,3.39,-0.27,2.06,22.8
ATOM,3365.0,H,ALA,222.0,33.635,28.654,4.739,0.31,0.2245,0.0
ATOM,3366.0,HA,ALA,222.0,32.401,26.229,3.917,0.09,1.32,0.0
ATOM,3367.0,HB1,ALA,222.0,34.259,25.832,2.711,0.09,1.32,9.88
ATOM,3368.0,HB2,ALA,222.0,34.394,27.444,2.929,0.09,1.32,0.97
ATOM,3369.0,HB3,ALA,222.0,35.251,26.419,3.866,0.09,1.32,3.74
ATOM,3370.0,N,ALA,223.0,34.358,25.843,6.474,-0.47,1.85,0.14
ATOM,3371.0,CA,ALA,223.0,34.705,24.869,7.535,0.07,2.275,1.85
ATOM,3372.0,C,ALA,223.0,33.448,24.496,8.327,0.51,2.0,0.0
ATOM,3373.0,O,ALA,223.0,33.223,23.312,8.637,-0.51,1.7,0.0
ATOM,3374.0,CB,ALA,223.0,35.827,25.428,8.461,-0.27,2.06,0.42
ATOM,3375.0,H,ALA,223.0,34.716,26.795,6.438,0.31,0.2245,0.0
ATOM,3376.0,HA,ALA,223.0,35.069,24.046,7.101,0.09,1.32,1.38
ATOM,3377.0,HB1,ALA,223.0,36.327,24.662,8.85,0.09,1.32,0.0
ATOM,3378.0,HB2,ALA,223.0,36.433,25.996,7.916,0.09,1.32,0.0
ATOM,3379.0,HB3,ALA,223.0,35.403,25.966,9.181,0.09,1.32,0.0
ATOM,3380.0,N,VAL,224.0,32.616,25.497,8.645,-0.47,1.85,0.0
ATOM,3381.0,CA,VAL,224.0,31.421,25.286,9.433,0.07,2.275,0.0
ATOM,3382.0,C,VAL,224.0,30.415,24.429,8.613,0.51,2.0,0.0
ATOM,3383.0,O,VAL,224.0,29.743,23.524,9.118,-0.51,1.7,8.56
ATOM,3384.0,CB,VAL,224.0,30.798,26.666,9.843,-0.09,2.275,0.52
ATOM,3385.0,CG1,VAL,224.0,29.445,26.482,10.537,-0.27,2.06,25.5
ATOM,3386.0,CG2,VAL,224.0,31.717,27.451,10.803,-0.27,2.06,0.0
ATOM,3387.0,H,VAL,224.0,32.91,26.427,8.275,0.31,0.2245,0.0
ATOM,3388.0,HA,VAL,224.0,31.656,24.761,10.248,0.09,1.32,0.0
ATOM,3389.0,HB,VAL,224.0,30.631,27.173,9.004,0.09,1.32,0.61
ATOM,3390.0,HG11,VAL,224.0,29.592,26.106,11.45,0.09,1.32,2.97
ATOM,3391.0,HG12,VAL,224.0,28.988,27.367,10.607,0.09,1.32,2.9
ATOM,3392.0,HG13,VAL,224.0,28.883,25.855,10.001,0.09,1.32,3.25
ATOM,3393.0,HG21,VAL,224.0,31.561,27.125,11.732,0.09,1.32,0.0
ATOM,3394.0,HG22,VAL,224.0,32.664,27.295,10.537,0.09,1.32,0.0
ATOM,3395.0,HG23,VAL,224.0,31.495,28.42,10.736,0.09,1.32,0.0
ATOM,3396.0,N,ARG,225.0,30.351,24.685,7.308,-0.47,1.85,0.09
ATOM,3397.0,CA,ARG,225.0,29.403,23.965,6.471,0.07,2.275,1.4
ATOM,3398.0,C,ARG,225.0,29.781,22.502,6.347,0.51,2.0,0.0
ATOM,3399.0,O,ARG,225.0,28.902,21.6,6.237,-0.51,1.7,22.48
ATOM,3400.0,CB,ARG,225.0,29.321,24.672,5.112,-0.18,2.175,1.68
ATOM,3401.0,CG,ARG,225.0,28.436,24.043,4.055,-0.18,2.175,12.01
ATOM,3402.0,CD,ARG,225.0,28.019,25.156,3.074,0.2,2.175,23.57
ATOM,3403.0,NE,ARG,225.0,29.204,25.619,2.351,-0.7,1.85,4.67
ATOM,3404.0,CZ,ARG,225.0,29.816,26.826,2.437,0.64,2.0,1.79
ATOM,3405.0,NH1,ARG,225.0,29.382,27.841,3.214,-0.8,1.85,13.41
ATOM,3406.0,NH2,ARG,225.0,30.885,26.978,1.682,-0.8,1.85,14.36
ATOM,3407.0,H,ARG,225.0,31.001,25.402,6.964,0.31,0.2245,0.0
ATOM,3408.0,HA,ARG,225.0,28.487,24.029,6.889,0.09,1.32,8.87
ATOM,3409.0,HB2,ARG,225.0,28.992,25.613,5.274,0.09,1.32,2.57
ATOM,3410.0,HB3,ARG,225.0,30.257,24.731,4.739,0.09,1.32,0.27
ATOM,3411.0,HG2,ARG,225.0,28.937,23.37,3.55,0.09,1.32,4.11
ATOM,3412.0,HG3,ARG,225.0,27.622,23.685,4.465,0.09,1.32,8.17
ATOM,3413.0,HD2,ARG,225.0,27.372,24.773,2.443,0.09,1.32,11.08
ATOM,3414.0,HD3,ARG,225.0,27.641,25.893,3.601,0.09,1.32,4.01
ATOM,3415.0,HE,ARG,225.0,29.634,24.954,1.693,0.44,0.2245,13.27
ATOM,3416.0,HH11,ARG,225.0,28.563,27.667,3.771,0.46,0.2245,9.21
ATOM,3417.0,HH12,ARG,225.0,29.851,28.698,3.226,0.46,0.2245,3.45
ATOM,3418.0,HH21,ARG,225.0,31.249,26.265,1.098,0.46,0.2245,14.35
ATOM,3419.0,HH22,ARG,225.0,31.373,27.878,1.694,0.46,0.2245,8.02
ATOM,3420.0,N,ALA,226.0,31.086,22.239,6.344,-0.47,1.85,0.01
ATOM,3421.0,CA,ALA,226.0,31.572,20.855,6.263,0.07,2.275,0.0
ATOM,3422.0,C,ALA,226.0,31.326,20.078,7.553,0.51,2.0,0.67
ATOM,3423.0,O,ALA,226.0,31.539,18.874,7.586,-0.51,1.7,6.94
ATOM,3424.0,CB,ALA,226.0,33.042,20.887,5.928,-0.27,2.06,5.57
ATOM,3425.0,H,ALA,226.0,31.705,23.06,6.401,0.31,0.2245,0.0
ATOM,3426.0,HA,ALA,226.0,31.086,20.389,5.508,0.09,1.32,0.0
ATOM,3427.0,HB1,ALA,226.0,33.508,21.565,6.5,0.09,1.32,0.0
ATOM,3428.0,HB2,ALA,226.0,33.449,19.986,6.092,0.09,1.32,0.0
ATOM,3429.0,HB3,ALA,226.0,33.167,21.132,4.964,0.09,1.32,3.97
ATOM,3430.0,N,GLY,227.0,30.887,20.755,8.599,-0.47,1.85,0.0
ATOM,3431.0,CA,GLY,227.0,30.651,20.123,9.894,-0.02,2.175,6.99
ATOM,3432.0,C,GLY,227.0,31.611,20.432,11.043,0.51,2.0,0.0
ATOM,3433.0,O,GLY,227.0,31.389,19.968,12.186,-0.51,1.7,3.82
ATOM,3434.0,H,GLY,227.0,30.724,21.771,8.426,0.31,0.2245,0.0
ATOM,3435.0,HA2,GLY,227.0,29.686,20.353,10.203,0.09,1.32,8.82
ATOM,3436.0,HA3,GLY,227.0,30.623,19.093,9.759,0.09,1.32,1.69
ATOM,3437.0,N,ALA,228.0,32.644,21.224,10.774,-0.47,1.85,0.0
ATOM,3438.0,CA,ALA,228.0,33.554,21.599,11.869,0.07,2.275,0.0
ATOM,3439.0,C,ALA,228.0,32.836,22.572,12.823,0.51,2.0,0.0
ATOM,3440.0,O,ALA,228.0,31.875,23.295,12.452,-0.51,1.7,5.28
ATOM,3441.0,CB,ALA,228.0,34.825,22.246,11.333,-0.27,2.06,0.0
ATOM,3442.0,H,ALA,228.0,32.746,21.529,9.811,0.31,0.2245,0.0
ATOM,3443.0,HA,ALA,228.0,33.799,20.777,12.38,0.09,1.32,0.0
ATOM,3444.0,HB1,ALA,228.0,34.593,22.865,10.584,0.09,1.32,0.0
ATOM,3445.0,HB2,ALA,228.0,35.271,22.761,12.064,0.09,1.32,0.0
ATOM,3446.0,HB3,ALA,228.0,35.445,21.537,10.999,0.09,1.32,0.0
ATOM,3447.0,N,ALA,229.0,33.295,22.616,14.04,-0.47,1.85,0.22
ATOM,3448.0,CA,ALA,229.0,32.75,23.524,15.03,0.07,2.275,1.57
ATOM,3449.0,C,ALA,229.0,33.268,24.941,14.914,0.51,2.0,0.0
ATOM,3450.0,O,ALA,229.0,32.756,25.859,15.576,-0.51,1.7,1.11
ATOM,3451.0,CB,ALA,229.0,32.921,22.989,16.434,-0.27,2.06,9.06
ATOM,3452.0,H,ALA,229.0,34.077,21.955,14.246,0.31,0.2245,0.0
ATOM,3453.0,HA,ALA,229.0,31.733,23.542,14.929,0.09,1.32,8.51
ATOM,3454.0,HB1,ALA,229.0,32.436,22.118,16.526,0.09,1.32,5.69
ATOM,3455.0,HB2,ALA,229.0,33.893,22.845,16.626,0.09,1.32,0.0
ATOM,3456.0,HB3,ALA,229.0,32.549,23.644,17.094,0.09,1.32,0.46
ATOM,3457.0,N,GLY,230.0,34.301,25.114,14.104,-0.47,1.85,0.0
ATOM,3458.0,CA,GLY,230.0,34.91,26.42,13.916,-0.02,2.175,0.0
ATOM,3459.0,C,GLY,230.0,36.199,26.356,13.192,0.51,2.0,0.0
ATOM,3460.0,O,GLY,230.0,36.605,25.33,12.63,-0.51,1.7,0.0
ATOM,3461.0,H,GLY,230.0,34.631,24.253,13.625,0.31,0.2245,0.0
ATOM,3462.0,HA2,GLY,230.0,34.254,27.017,13.411,0.09,1.32,0.0
ATOM,3463.0,HA3,GLY,230.0,35.043,26.853,14.831,0.09,1.32,0.0
ATOM,3464.0,N,ALA,231.0,36.913,27.474,13.248,-0.47,1.85,0.0
ATOM,3465.0,CA,ALA,231.0,38.146,27.599,12.552,0.07,2.275,0.0
ATOM,3466.0,C,ALA,231.0,39.138,28.448,13.261,0.51,2.0,0.0
ATOM,3467.0,O,ALA,231.0,38.753,29.406,13.955,-0.51,1.7,0.0
ATOM,3468.0,CB,ALA,231.0,37.838,28.205,11.084,-0.27,2.06,0.0
ATOM,3469.0,H,ALA,231.0,36.488,28.223,13.836,0.31,0.2245,0.0
ATOM,3470.0,HA,ALA,231.0,38.548,26.665,12.419,0.09,1.32,0.0
ATOM,3471.0,HB1,ALA,231.0,38.591,28.797,10.855,0.09,1.32,0.0
ATOM,3472.0,HB2,ALA,231.0,37.77,27.441,10.467,0.09,1.32,0.0
ATOM,3473.0,HB3,ALA,231.0,36.989,28.7,11.151,0.09,1.32,0.0
ATOM,3474.0,N,ILE,232.0,40.432,28.087,13.102,-0.47,1.85,0.0
ATOM,3475.0,CA,ILE,232.0,41.535,28.869,13.704,0.07,2.275,0.0
ATOM,3476.0,C,ILE,232.0,42.309,29.583,12.592,0.51,2.0,0.0
ATOM,3477.0,O,ILE,232.0,42.575,28.941,11.509,-0.51,1.7,0.0
ATOM,3478.0,CB,ILE,232.0,42.534,27.885,14.43,-0.09,2.275,0.0
ATOM,3479.0,CG1,ILE,232.0,41.798,27.264,15.612,-0.18,2.175,0.0
ATOM,3480.0,CG2,ILE,232.0,43.837,28.64,14.927,-0.27,2.06,3.33
ATOM,3481.0,CD1,ILE,232.0,42.577,25.907,16.124,-0.27,2.06,0.0
ATOM,3482.0,H,ILE,232.0,40.577,27.238,12.537,0.31,0.2245,0.0
ATOM,3483.0,HA,ILE,232.0,41.101,29.577,14.252,0.09,1.32,0.0
ATOM,3484.0,HB,ILE,232.0,42.758,27.179,13.788,0.09,1.32,0.0
ATOM,3485.0,HG12,ILE,232.0,41.79,27.866,16.375,0.09,1.32,0.0
ATOM,3486.0,HG13,ILE,232.0,40.909,26.968,15.349,0.09,1.32,0.0
ATOM,3487.0,HG21,ILE,232.0,44.418,27.977,15.374,0.09,1.32,0.24
ATOM,3488.0,HG22,ILE,232.0,44.283,29.026,14.134,0.09,1.32,0.84
ATOM,3489.0,HG23,ILE,232.0,43.554,29.348,15.556,0.09,1.32,0.0
ATOM,3490.0,HD11,ILE,232.0,43.474,26.199,16.385,0.09,1.32,0.0
ATOM,3491.0,HD12,ILE,232.0,42.051,25.568,16.877,0.09,1.32,0.0
ATOM,3492.0,HD13,ILE,232.0,42.582,25.299,15.357,0.09,1.32,0.0
ATOM,3493.0,N,SER,233.0,42.687,30.834,12.867,-0.47,1.85,0.0
ATOM,3494.0,CA,SER,233.0,43.512,31.613,11.904,0.07,2.275,0.01
ATOM,3495.0,C,SER,233.0,44.69,32.254,12.613,0.51,2.0,0.0
ATOM,3496.0,O,SER,233.0,44.483,33.006,13.55,-0.51,1.7,0.0
ATOM,3497.0,CB,SER,233.0,42.667,32.739,11.31,0.05,2.175,0.0
ATOM,3498.0,OG,SER,233.0,43.408,33.487,10.34,-0.66,1.77,0.0
ATOM,3499.0,H,SER,233.0,42.373,31.207,13.77,0.31,0.2245,0.0
ATOM,3500.0,HA,SER,233.0,43.863,30.967,11.222,0.09,1.32,0.0
ATOM,3501.0,HB2,SER,233.0,41.868,32.347,10.866,0.09,1.32,0.0
ATOM,3502.0,HB3,SER,233.0,42.388,33.355,12.04,0.09,1.32,0.0
ATOM,3503.0,HG,SER,233.0,43.428,32.979,9.482,0.43,0.2245,0.0
ATOM,3504.0,N,GLY,234.0,45.923,31.956,12.181,-0.47,1.85,1.75
ATOM,3505.0,CA,GLY,234.0,47.04,32.53,12.911,-0.02,2.175,1.34
ATOM,3506.0,C,GLY,234.0,47.886,33.413,12.017,0.51,2.0,0.0
ATOM,3507.0,O,GLY,234.0,47.972,34.629,12.238,-0.51,1.7,0.0
ATOM,3508.0,H,GLY,234.0,45.987,31.353,11.377,0.31,0.2245,5.77
ATOM,3509.0,HA2,GLY,234.0,46.691,33.075,13.686,0.09,1.32,0.0
ATOM,3510.0,HA3,GLY,234.0,47.612,31.788,13.288,0.09,1.32,2.31
ATOM,3511.0,N,SER,235.0,48.516,32.802,10.989,-0.47,1.85,0.03
ATOM,3512.0,CA,SER,235.0,49.353,33.599,10.092,0.07,2.275,0.0
ATOM,3513.0,C,SER,235.0,48.656,34.812,9.527,0.51,2.0,0.0
ATOM,3514.0,O,SER,235.0,49.28,35.873,9.369,-0.51,1.7,0.0
ATOM,3515.0,CB,SER,235.0,49.894,32.71,8.923,0.05,2.175,0.12
ATOM,3516.0,OG,SER,235.0,50.79,31.777,9.491,-0.66,1.77,0.0
ATOM,3517.0,H,SER,235.0,48.359,31.801,10.909,0.31,0.2245,4.27
ATOM,3518.0,HA,SER,235.0,50.159,33.917,10.627,0.09,1.32,0.0
ATOM,3519.0,HB2,SER,235.0,49.135,32.245,8.521,0.09,1.32,1.24
ATOM,3520.0,HB3,SER,235.0,50.368,33.291,8.297,0.09,1.32,0.0
ATOM,3521.0,HG,SER,235.0,51.638,32.24,9.749,0.43,0.2245,0.0
ATOM,3522.0,N,ALA,236.0,47.396,34.673,9.179,-0.47,1.85,0.0
ATOM,3523.0,CA,ALA,236.0,46.68,35.835,8.666,0.07,2.275,0.4
ATOM,3524.0,C,ALA,236.0,46.628,36.961,9.662,0.51,2.0,0.0
ATOM,3525.0,O,ALA,236.0,46.774,38.133,9.268,-0.51,1.7,2.74
ATOM,3526.0,CB,ALA,236.0,45.295,35.477,8.209,-0.27,2.06,3.49
ATOM,3527.0,H,ALA,236.0,46.988,33.745,9.29,0.31,0.2245,0.84
ATOM,3528.0,HA,ALA,236.0,47.154,36.158,7.828,0.09,1.32,1.12
ATOM,3529.0,HB1,ALA,236.0,44.8,35.009,8.945,0.09,1.32,0.0
ATOM,3530.0,HB2,ALA,236.0,44.791,36.306,7.955,0.09,1.32,1.42
ATOM,3531.0,HB3,ALA,236.0,45.342,34.869,7.412,0.09,1.32,0.0
ATOM,3532.0,N,ILE,237.0,46.445,36.623,10.936,-0.47,1.85,0.0
ATOM,3533.0,CA,ILE,237.0,46.416,37.645,11.979,0.07,2.275,0.0
ATOM,3534.0,C,ILE,237.0,47.809,38.235,12.168,0.51,2.0,0.0
ATOM,3535.0,O,ILE,237.0,47.99,39.453,12.296,-0.51,1.7,0.0
ATOM,3536.0,CB,ILE,237.0,45.957,36.981,13.322,-0.09,2.275,0.0
ATOM,3537.0,CG1,ILE,237.0,44.528,36.357,13.219,-0.18,2.175,0.0
ATOM,3538.0,CG2,ILE,237.0,46.021,38.016,14.46,-0.27,2.06,0.0
ATOM,3539.0,CD1,ILE,237.0,43.42,37.392,13.311,-0.27,2.06,0.0
ATOM,3540.0,H,ILE,237.0,46.33,35.615,11.114,0.31,0.2245,0.0
ATOM,3541.0,HA,ILE,237.0,45.836,38.384,11.633,0.09,1.32,0.0
ATOM,3542.0,HB,ILE,237.0,46.593,36.243,13.528,0.09,1.32,0.0
ATOM,3543.0,HG12,ILE,237.0,44.467,35.883,12.35,0.09,1.32,0.0
ATOM,3544.0,HG13,ILE,237.0,44.431,35.708,13.963,0.09,1.32,0.0
ATOM,3545.0,HG21,ILE,237.0,45.8,37.566,15.321,0.09,1.32,0.0
ATOM,3546.0,HG22,ILE,237.0,46.94,38.396,14.502,0.09,1.32,0.0
ATOM,3547.0,HG23,ILE,237.0,45.363,38.74,14.277,0.09,1.32,0.0
ATOM,3548.0,HD11,ILE,237.0,43.521,38.048,12.566,0.09,1.32,0.0
ATOM,3549.0,HD12,ILE,237.0,42.536,36.934,13.239,0.09,1.32,0.0
ATOM,3550.0,HD13,ILE,237.0,43.484,37.865,14.188,0.09,1.32,0.0
ATOM,3551.0,N,VAL,238.0,48.808,37.345,12.25,-0.47,1.85,0.0
ATOM,3552.0,CA,VAL,238.0,50.16,37.733,12.508,0.07,2.275,0.0
ATOM,3553.0,C,VAL,238.0,50.683,38.624,11.394,0.51,2.0,0.0
ATOM,3554.0,O,VAL,238.0,51.462,39.542,11.665,-0.51,1.7,0.0
ATOM,3555.0,CB,VAL,238.0,51.083,36.486,12.728,-0.09,2.275,0.0
ATOM,3556.0,CG1,VAL,238.0,52.601,36.886,12.865,-0.27,2.06,0.0
ATOM,3557.0,CG2,VAL,238.0,50.607,35.715,13.988,-0.27,2.06,0.0
ATOM,3558.0,H,VAL,238.0,48.498,36.355,12.108,0.31,0.2245,0.0
ATOM,3559.0,HA,VAL,238.0,50.188,38.266,13.364,0.09,1.32,0.0
ATOM,3560.0,HB,VAL,238.0,51.022,35.915,11.917,0.09,1.32,0.0
ATOM,3561.0,HG11,VAL,238.0,52.656,37.875,12.904,0.09,1.32,0.0
ATOM,3562.0,HG12,VAL,238.0,52.952,36.48,13.699,0.09,1.32,0.0
ATOM,3563.0,HG13,VAL,238.0,53.083,36.537,12.072,0.09,1.32,0.0
ATOM,3564.0,HG21,VAL,238.0,50.225,36.37,14.632,0.09,1.32,0.0
ATOM,3565.0,HG22,VAL,238.0,49.916,35.055,13.711,0.09,1.32,0.0
ATOM,3566.0,HG23,VAL,238.0,51.391,35.251,14.388,0.09,1.32,0.0
ATOM,3567.0,N,LYS,239.0,50.26,38.369,10.158,-0.47,1.85,0.0
ATOM,3568.0,CA,LYS,239.0,50.669,39.24,9.05,0.07,2.275,0.0
ATOM,3569.0,C,LYS,239.0,50.181,40.652,9.229,0.51,2.0,0.01
ATOM,3570.0,O,LYS,239.0,50.897,41.593,8.817,-0.51,1.7,0.0
ATOM,3571.0,CB,LYS,239.0,50.204,38.695,7.688,-0.18,2.175,6.17
ATOM,3572.0,CG,LYS,239.0,50.981,37.494,7.26,-0.18,2.175,0.1
ATOM,3573.0,CD,LYS,239.0,50.115,36.475,6.596,-0.18,2.175,0.07
ATOM,3574.0,CE,LYS,239.0,50.188,36.607,5.111,0.21,2.175,15.27
ATOM,3575.0,NZ,LYS,239.0,50.549,35.301,4.472,-0.3,1.85,2.78
ATOM,3576.0,H,LYS,239.0,49.653,37.551,10.052,0.31,0.2245,0.0
ATOM,3577.0,HA,LYS,239.0,51.681,39.24,9.004,0.09,1.32,0.0
ATOM,3578.0,HB2,LYS,239.0,49.245,38.453,7.773,0.09,1.32,0.2
ATOM,3579.0,HB3,LYS,239.0,50.322,39.42,7.018,0.09,1.32,1.21
ATOM,3580.0,HG2,LYS,239.0,51.705,37.778,6.618,0.09,1.32,4.28
ATOM,3581.0,HG3,LYS,239.0,51.421,37.078,8.066,0.09,1.32,0.0
ATOM,3582.0,HD2,LYS,239.0,50.425,35.563,6.855,0.09,1.32,0.0
ATOM,3583.0,HD3,LYS,239.0,49.17,36.608,6.886,0.09,1.32,0.02
ATOM,3584.0,HE2,LYS,239.0,49.3,36.903,4.752,0.05,1.32,10.7
ATOM,3585.0,HE3,LYS,239.0,50.883,37.285,4.863,0.05,1.32,5.03
ATOM,3586.0,HZ1,LYS,239.0,49.76,34.691,4.508,0.33,0.2245,0.06
ATOM,3587.0,HZ2,LYS,239.0,50.809,35.463,3.522,0.33,0.2245,6.97
ATOM,3588.0,HZ3,LYS,239.0,51.314,34.895,4.968,0.33,0.2245,1.21
ATOM,3589.0,N,ILE,240.0,49.022,40.821,9.849,-0.47,1.85,0.0
ATOM,3590.0,CA,ILE,240.0,48.527,42.185,10.102,0.07,2.275,0.0
ATOM,3591.0,C,ILE,240.0,49.427,42.87,11.118,0.51,2.0,0.0
ATOM,3592.0,O,ILE,240.0,49.679,44.084,11.034,-0.51,1.7,0.0
ATOM,3593.0,CB,ILE,240.0,47.053,42.176,10.523,-0.09,2.275,0.0
ATOM,3594.0,CG1,ILE,240.0,46.216,41.602,9.388,-0.18,2.175,9.69
ATOM,3595.0,CG2,ILE,240.0,46.578,43.571,10.935,-0.27,2.06,0.0
ATOM,3596.0,CD1,ILE,240.0,44.782,41.277,9.837,-0.27,2.06,4.03
ATOM,3597.0,H,ILE,240.0,48.525,39.972,10.123,0.31,0.2245,0.0
ATOM,3598.0,HA,ILE,240.0,48.631,42.679,9.241,0.09,1.32,1.43
ATOM,3599.0,HB,ILE,240.0,46.961,41.58,11.308,0.09,1.32,0.0
ATOM,3600.0,HG12,ILE,240.0,46.171,42.261,8.652,0.09,1.32,6.69
ATOM,3601.0,HG13,ILE,240.0,46.637,40.764,9.07,0.09,1.32,0.0
ATOM,3602.0,HG21,ILE,240.0,45.63,43.52,11.24,0.09,1.32,0.0
ATOM,3603.0,HG22,ILE,240.0,47.151,43.908,11.678,0.09,1.32,0.0
ATOM,3604.0,HG23,ILE,240.0,46.646,44.186,10.153,0.09,1.32,0.0
ATOM,3605.0,HD11,ILE,240.0,44.35,42.114,10.157,0.09,1.32,0.0
ATOM,3606.0,HD12,ILE,240.0,44.281,40.907,9.061,0.09,1.32,2.04
ATOM,3607.0,HD13,ILE,240.0,44.822,40.607,10.572,0.09,1.32,0.0
ATOM,3608.0,N,ILE,241.0,49.963,42.104,12.079,-0.47,1.85,0.0
ATOM,3609.0,CA,ILE,241.0,50.926,42.668,12.994,0.07,2.275,0.0
ATOM,3610.0,C,ILE,241.0,52.195,43.095,12.238,0.51,2.0,0.0
ATOM,3611.0,O,ILE,241.0,52.709,44.21,12.364,-0.51,1.7,0.0
ATOM,3612.0,CB,ILE,241.0,51.269,41.639,14.125,-0.09,2.275,0.0
ATOM,3613.0,CG1,ILE,241.0,49.967,41.323,14.942,-0.18,2.175,0.0
ATOM,3614.0,CG2,ILE,241.0,52.483,42.111,14.925,-0.27,2.06,0.0
ATOM,3615.0,CD1,ILE,241.0,50.204,40.08,15.896,-0.27,2.06,0.0
ATOM,3616.0,H,ILE,241.0,49.635,41.131,12.094,0.31,0.2245,0.0
ATOM,3617.0,HA,ILE,241.0,50.524,43.511,13.359,0.09,1.32,0.0
ATOM,3618.0,HB,ILE,241.0,51.56,40.805,13.697,0.09,1.32,0.0
ATOM,3619.0,HG12,ILE,241.0,49.748,42.091,15.496,0.09,1.32,0.0
ATOM,3620.0,HG13,ILE,241.0,49.257,41.088,14.318,0.09,1.32,0.0
ATOM,3621.0,HG21,ILE,241.0,52.739,41.407,15.583,0.09,1.32,0.0
ATOM,3622.0,HG22,ILE,241.0,53.244,42.279,14.302,0.09,1.32,0.0
ATOM,3623.0,HG23,ILE,241.0,52.253,42.953,15.408,0.09,1.32,0.0
ATOM,3624.0,HD11,ILE,241.0,50.941,40.315,16.51,0.09,1.32,0.0
ATOM,3625.0,HD12,ILE,241.0,49.362,39.92,16.387,0.09,1.32,0.0
ATOM,3626.0,HD13,ILE,241.0,50.441,39.31,15.325,0.09,1.32,0.0
ATOM,3627.0,N,GLU,242.0,52.744,42.167,11.461,-0.47,1.85,0.0
ATOM,3628.0,CA,GLU,242.0,53.991,42.406,10.783,0.07,2.275,0.0
ATOM,3629.0,C,GLU,242.0,53.899,43.589,9.835,0.51,2.0,0.0
ATOM,3630.0,O,GLU,242.0,54.884,44.333,9.684,-0.51,1.7,7.92
ATOM,3631.0,CB,GLU,242.0,54.322,41.184,9.932,-0.18,2.175,0.0
ATOM,3632.0,CG,GLU,242.0,55.591,41.331,9.148,-0.28,2.175,6.82
ATOM,3633.0,CD,GLU,242.0,55.835,40.136,8.254,0.62,2.0,0.81
ATOM,3634.0,OE1,GLU,242.0,55.174,39.093,8.429,-0.76,1.7,5.54
ATOM,3635.0,OE2,GLU,242.0,56.705,40.238,7.375,-0.76,1.7,36.79
ATOM,3636.0,H,GLU,242.0,52.203,41.283,11.394,0.31,0.2245,0.0
ATOM,3637.0,HA,GLU,242.0,54.725,42.578,11.46,0.09,1.32,0.0
ATOM,3638.0,HB2,GLU,242.0,54.425,40.418,10.542,0.09,1.32,0.0
ATOM,3639.0,HB3,GLU,242.0,53.582,41.056,9.297,0.09,1.32,0.0
ATOM,3640.0,HG2,GLU,242.0,55.517,42.12,8.57,0.09,1.32,1.93
ATOM,3641.0,HG3,GLU,242.0,56.346,41.39,9.772,0.09,1.32,1.32
ATOM,3642.0,N,LYS,243.0,52.759,43.784,9.208,-0.47,1.85,0.0
ATOM,3643.0,CA,LYS,243.0,52.716,44.854,8.178,0.07,2.275,0.75
ATOM,3644.0,C,LYS,243.0,52.498,46.217,8.808,0.51,2.0,0.0
ATOM,3645.0,O,LYS,243.0,52.706,47.257,8.161,-0.51,1.7,28.17
ATOM,3646.0,CB,LYS,243.0,51.626,44.589,7.166,-0.18,2.175,9.47
ATOM,3647.0,CG,LYS,243.0,51.746,43.219,6.51,-0.18,2.175,0.87
ATOM,3648.0,CD,LYS,243.0,52.755,43.178,5.351,-0.18,2.175,8.75
ATOM,3649.0,CE,LYS,243.0,52.179,42.263,4.213,0.21,2.175,16.17
ATOM,3650.0,NZ,LYS,243.0,53.121,42.022,3.064,-0.3,1.85,15.02
ATOM,3651.0,H,LYS,243.0,51.976,43.202,9.456,0.31,0.2245,0.0
ATOM,3652.0,HA,LYS,243.0,53.595,44.851,7.688,0.09,1.32,4.56
ATOM,3653.0,HB2,LYS,243.0,50.744,44.635,7.624,0.09,1.32,0.39
ATOM,3654.0,HB3,LYS,243.0,51.678,45.279,6.45,0.09,1.32,7.1
ATOM,3655.0,HG2,LYS,243.0,52.033,42.547,7.203,0.09,1.32,0.0
ATOM,3656.0,HG3,LYS,243.0,50.845,42.943,6.155,0.09,1.32,6.58
ATOM,3657.0,HD2,LYS,243.0,52.865,44.076,4.984,0.09,1.32,7.52
ATOM,3658.0,HD3,LYS,243.0,53.591,42.779,5.66,0.09,1.32,1.73
ATOM,3659.0,HE2,LYS,243.0,51.927,41.379,4.628,0.05,1.32,0.24
ATOM,3660.0,HE3,LYS,243.0,51.336,42.697,3.867,0.05,1.32,11.12
ATOM,3661.0,HZ1,LYS,243.0,53.778,41.32,3.327,0.33,0.2245,18.47
ATOM,3662.0,HZ2,LYS,243.0,52.595,41.719,2.273,0.33,0.2245,20.29
ATOM,3663.0,HZ3,LYS,243.0,53.597,42.872,2.852,0.33,0.2245,17.33
ATOM,3664.0,N,ASN,244.0,52.086,46.209,10.062,-0.47,1.85,0.0
ATOM,3665.0,CA,ASN,244.0,51.741,47.466,10.766,0.07,2.275,0.0
ATOM,3666.0,C,ASN,244.0,52.64,47.809,11.952,0.51,2.0,0.0
ATOM,3667.0,O,ASN,244.0,52.249,48.55,12.865,-0.51,1.7,0.0
ATOM,3668.0,CB,ASN,244.0,50.259,47.439,11.209,-0.18,2.175,0.0
ATOM,3669.0,CG,ASN,244.0,49.277,47.577,10.059,0.55,2.0,0.0
ATOM,3670.0,H,ASN,244.0,52.022,45.28,10.509,0.31,0.2245,0.0
ATOM,3671.0,HA,ASN,244.0,51.845,48.216,10.084,0.09,1.32,3.87
ATOM,3672.0,HB2,ASN,244.0,50.092,46.57,11.671,0.09,1.32,0.0
ATOM,3673.0,HB3,ASN,244.0,50.116,48.194,11.847,0.09,1.32,0.0
ATOM,3674.0,OD1,ASN,244.0,49.117,48.656,9.48,-0.55,1.7,7.44
ATOM,3675.0,ND2,ASN,244.0,48.576,46.492,9.753,-0.62,1.85,0.72
ATOM,3676.0,HD22,ASN,244.0,48.706,45.647,10.274,0.3,0.2245,0.0
ATOM,3677.0,HD21,ASN,244.0,47.916,46.516,9.001,0.32,0.2245,0.1
ATOM,3678.0,N,LEU,245.0,53.842,47.25,11.967,-0.47,1.85,0.0
ATOM,3679.0,CA,LEU,245.0,54.699,47.447,13.135,0.07,2.275,0.0
ATOM,3680.0,C,LEU,245.0,54.919,48.921,13.433,0.51,2.0,0.18
ATOM,3681.0,O,LEU,245.0,54.978,49.316,14.591,-0.51,1.7,15.76
ATOM,3682.0,CB,LEU,245.0,56.046,46.75,12.964,-0.18,2.175,6.97
ATOM,3683.0,CG,LEU,245.0,55.925,45.255,12.812,-0.09,2.275,0.0
ATOM,3684.0,CD1,LEU,245.0,57.282,44.767,12.339,-0.27,2.06,20.47
ATOM,3685.0,CD2,LEU,245.0,55.662,44.656,14.199,-0.27,2.06,0.82
ATOM,3686.0,H,LEU,245.0,54.1,46.705,11.145,0.31,0.2245,0.77
ATOM,3687.0,HA,LEU,245.0,54.251,47.022,13.934,0.09,1.32,0.0
ATOM,3688.0,HB2,LEU,245.0,56.469,47.108,12.148,0.09,1.32,5.57
ATOM,3689.0,HB3,LEU,245.0,56.585,46.934,13.768,0.09,1.32,6.35
ATOM,3690.0,HG,LEU,245.0,55.245,45.043,12.132,0.09,1.32,0.0
ATOM,3691.0,HD11,LEU,245.0,57.98,45.004,13.017,0.09,1.32,7.77
ATOM,3692.0,HD12,LEU,245.0,57.26,43.773,12.22,0.09,1.32,0.0
ATOM,3693.0,HD13,LEU,245.0,57.509,45.199,11.465,0.09,1.32,8.32
ATOM,3694.0,HD21,LEU,245.0,54.815,45.037,14.566,0.09,1.32,0.0
ATOM,3695.0,HD22,LEU,245.0,55.579,43.664,14.118,0.09,1.32,0.0
ATOM,3696.0,HD23,LEU,245.0,56.423,44.882,14.805,0.09,1.32,3.17
ATOM,3697.0,N,ALA,246.0,55.035,49.731,12.374,-0.47,1.85,0.18
ATOM,3698.0,CA,ALA,246.0,55.288,51.141,12.609,0.07,2.275,2.18
ATOM,3699.0,C,ALA,246.0,54.083,51.941,13.067,0.51,2.0,0.0
ATOM,3700.0,O,ALA,246.0,54.288,53.069,13.517,-0.51,1.7,23.61
ATOM,3701.0,CB,ALA,246.0,55.912,51.805,11.346,-0.27,2.06,40.16
ATOM,3702.0,H,ALA,246.0,54.936,49.294,11.463,0.31,0.2245,3.75
ATOM,3703.0,HA,ALA,246.0,56.02,51.224,13.323,0.09,1.32,9.72
ATOM,3704.0,HB1,ALA,246.0,55.195,51.935,10.67,0.09,1.32,9.54
ATOM,3705.0,HB2,ALA,246.0,56.303,52.68,11.609,0.09,1.32,9.72
ATOM,3706.0,HB3,ALA,246.0,56.619,51.204,10.989,0.09,1.32,10.42
ATOM,3707.0,N,SER,247.0,52.858,51.403,12.953,-0.47,1.85,0.12
ATOM,3708.0,CA,SER,247.0,51.703,52.141,13.438,0.07,2.275,0.0
ATOM,3709.0,C,SER,247.0,50.834,51.27,14.315,0.51,2.0,0.0
ATOM,3710.0,O,SER,247.0,49.92,50.618,13.83,-0.51,1.7,0.0
ATOM,3711.0,CB,SER,247.0,50.828,52.747,12.324,0.05,2.175,11.72
ATOM,3712.0,OG,SER,247.0,49.762,53.508,12.961,-0.66,1.77,5.54
ATOM,3713.0,H,SER,247.0,52.822,50.479,12.517,0.31,0.2245,0.0
ATOM,3714.0,HA,SER,247.0,52.037,52.912,13.995,0.09,1.32,1.84
ATOM,3715.0,HB2,SER,247.0,51.367,53.359,11.786,0.09,1.32,9.27
ATOM,3716.0,HB3,SER,247.0,50.424,52.026,11.802,0.09,1.32,0.0
ATOM,3717.0,HG,SER,247.0,49.333,54.082,12.274,0.43,0.2245,13.46
ATOM,3718.0,N,PRO,248.0,51.128,51.257,15.597,-0.29,1.85,0.0
ATOM,3719.0,CA,PRO,248.0,50.39,50.401,16.537,0.02,2.275,0.0
ATOM,3720.0,C,PRO,248.0,48.905,50.649,16.539,0.51,2.0,0.39
ATOM,3721.0,O,PRO,248.0,48.108,49.695,16.724,-0.51,1.7,0.0
ATOM,3722.0,CB,PRO,248.0,51.016,50.763,17.885,-0.18,2.175,7.43
ATOM,3723.0,CG,PRO,248.0,52.366,51.318,17.52,-0.18,2.175,17.84
ATOM,3724.0,CD,PRO,248.0,52.211,52.018,16.238,0.0,2.175,8.65
ATOM,3725.0,HA,PRO,248.0,50.597,49.42,16.35,0.09,1.32,0.0
ATOM,3726.0,HB2,PRO,248.0,50.467,51.451,18.359,0.09,1.32,5.71
ATOM,3727.0,HB3,PRO,248.0,51.11,49.954,18.463,0.09,1.32,0.0
ATOM,3728.0,HG2,PRO,248.0,52.687,51.942,18.254,0.09,1.32,12.27
ATOM,3729.0,HG3,PRO,248.0,53.038,50.56,17.457,0.09,1.32,6.11
ATOM,3730.0,HD2,PRO,248.0,51.938,52.973,16.355,0.09,1.32,7.72
ATOM,3731.0,HD3,PRO,248.0,53.04,51.977,15.677,0.09,1.32,0.27
ATOM,3732.0,N,LYS,249.0,48.491,51.911,16.364,-0.47,1.85,0.0
ATOM,3733.0,CA,LYS,249.0,47.065,52.229,16.304,0.07,2.275,1.58
ATOM,3734.0,C,LYS,249.0,46.391,51.656,15.081,0.51,2.0,0.13
ATOM,3735.0,O,LYS,249.0,45.279,51.112,15.176,-0.51,1.7,5.64
ATOM,3736.0,CB,LYS,249.0,46.835,53.717,16.303,-0.18,2.175,6.37
ATOM,3737.0,CG,LYS,249.0,47.319,54.461,17.528,-0.18,2.175,9.84
ATOM,3738.0,CD,LYS,249.0,46.706,55.905,17.53,-0.18,2.175,17.56
ATOM,3739.0,CE,LYS,249.0,47.592,56.957,16.794,0.21,2.175,22.41
ATOM,3740.0,NZ,LYS,249.0,48.694,57.456,17.686,-0.3,1.85,13.84
ATOM,3741.0,H,LYS,249.0,49.242,52.61,16.279,0.31,0.2245,0.14
ATOM,3742.0,HA,LYS,249.0,46.617,51.852,17.135,0.09,1.32,1.21
ATOM,3743.0,HB2,LYS,249.0,47.297,54.112,15.497,0.09,1.32,1.34
ATOM,3744.0,HB3,LYS,249.0,45.844,53.887,16.207,0.09,1.32,7.48
ATOM,3745.0,HG2,LYS,249.0,47.012,54.005,18.348,0.09,1.32,9.49
ATOM,3746.0,HG3,LYS,249.0,48.301,54.552,17.507,0.09,1.32,1.1
ATOM,3747.0,HD2,LYS,249.0,45.823,55.868,17.074,0.09,1.32,8.02
ATOM,3748.0,HD3,LYS,249.0,46.598,56.196,18.474,0.09,1.32,8.62
ATOM,3749.0,HE2,LYS,249.0,47.986,56.523,15.99,0.05,1.32,4.26
ATOM,3750.0,HE3,LYS,249.0,47.012,57.719,16.525,0.05,1.32,11.61
ATOM,3751.0,HZ1,LYS,249.0,49.156,58.217,17.236,0.33,0.2245,20.55
ATOM,3752.0,HZ2,LYS,249.0,48.299,57.76,18.55,0.33,0.2245,16.93
ATOM,3753.0,HZ3,LYS,249.0,49.34,56.714,17.849,0.33,0.2245,13.71
ATOM,3754.0,N,GLN,250.0,47.029,51.793,13.923,-0.47,1.85,0.5
ATOM,3755.0,CA,GLN,250.0,46.51,51.241,12.68,0.07,2.275,3.06
ATOM,3756.0,C,GLN,250.0,46.528,49.699,12.763,0.51,2.0,0.0
ATOM,3757.0,O,GLN,250.0,45.643,49.015,12.212,-0.51,1.7,0.0
ATOM,3758.0,CB,GLN,250.0,47.341,51.724,11.478,-0.18,2.175,1.89
ATOM,3759.0,CG,GLN,250.0,47.093,51.092,10.119,-0.18,2.175,3.11
ATOM,3760.0,CD,GLN,250.0,47.609,51.951,8.934,0.55,2.0,3.05
ATOM,3761.0,H,GLN,250.0,47.924,52.325,13.983,0.31,0.2245,0.0
ATOM,3762.0,HA,GLN,250.0,45.557,51.522,12.582,0.09,1.32,2.36
ATOM,3763.0,HB2,GLN,250.0,47.202,52.732,11.383,0.09,1.32,5.72
ATOM,3764.0,HB3,GLN,250.0,48.33,51.595,11.706,0.09,1.32,0.0
ATOM,3765.0,HG2,GLN,250.0,47.558,50.208,10.076,0.09,1.32,0.0
ATOM,3766.0,HG3,GLN,250.0,46.11,50.959,9.991,0.09,1.32,3.56
ATOM,3767.0,OE1,GLN,250.0,48.227,53.03,9.129,-0.55,1.7,27.83
ATOM,3768.0,NE2,GLN,250.0,47.343,51.486,7.709,-0.62,1.85,24.07
ATOM,3769.0,HE21,GLN,250.0,47.637,52.002,6.897,0.32,0.2245,21.58
ATOM,3770.0,HE22,GLN,250.0,46.842,50.607,7.621,0.3,0.2245,0.0
ATOM,3771.0,N,MET,251.0,47.539,49.164,13.44,-0.47,1.85,0.0
ATOM,3772.0,CA,MET,251.0,47.594,47.704,13.618,0.07,2.275,0.0
ATOM,3773.0,C,MET,251.0,46.309,47.21,14.323,0.51,2.0,0.0
ATOM,3774.0,O,MET,251.0,45.657,46.233,13.889,-0.51,1.7,0.0
ATOM,3775.0,CB,MET,251.0,48.849,47.3,14.412,-0.18,2.175,0.0
ATOM,3776.0,CG,MET,251.0,49.057,45.81,14.555,-0.14,2.175,0.0
ATOM,3777.0,SD,MET,251.0,50.183,45.38,15.869,-0.09,2.0,0.0
ATOM,3778.0,CE,MET,251.0,51.697,46.083,15.282,-0.22,2.06,0.81
ATOM,3779.0,H,MET,251.0,48.234,49.814,13.805,0.31,0.2245,0.0
ATOM,3780.0,HA,MET,251.0,47.627,47.279,12.715,0.09,1.32,0.0
ATOM,3781.0,HB2,MET,251.0,49.659,47.699,13.955,0.09,1.32,0.0
ATOM,3782.0,HB3,MET,251.0,48.788,47.709,15.336,0.09,1.32,0.0
ATOM,3783.0,HG2,MET,251.0,48.136,45.367,14.697,0.09,1.32,0.0
ATOM,3784.0,HG3,MET,251.0,49.387,45.44,13.65,0.09,1.32,0.0
ATOM,3785.0,HE1,MET,251.0,51.792,47.027,15.613,0.09,1.32,0.0
ATOM,3786.0,HE2,MET,251.0,52.479,45.545,15.611,0.09,1.32,0.0
ATOM,3787.0,HE3,MET,251.0,51.71,46.09,14.277,0.09,1.32,0.0
ATOM,3788.0,N,LEU,252.0,45.9,47.833,15.424,-0.47,1.85,0.0
ATOM,3789.0,CA,LEU,252.0,44.692,47.394,16.103,0.07,2.275,0.0
ATOM,3790.0,C,LEU,252.0,43.412,47.591,15.265,0.51,2.0,0.34
ATOM,3791.0,O,LEU,252.0,42.496,46.758,15.275,-0.51,1.7,0.02
ATOM,3792.0,CB,LEU,252.0,44.584,48.128,17.446,-0.18,2.175,7.12
ATOM,3793.0,CG,LEU,252.0,45.788,47.962,18.395,-0.09,2.275,0.0
ATOM,3794.0,CD1,LEU,252.0,45.508,48.689,19.698,-0.27,2.06,20.28
ATOM,3795.0,CD2,LEU,252.0,46.014,46.484,18.692,-0.27,2.06,0.0
ATOM,3796.0,H,LEU,252.0,46.489,48.616,15.735,0.31,0.2245,0.0
ATOM,3797.0,HA,LEU,252.0,44.775,46.404,16.311,0.09,1.32,0.0
ATOM,3798.0,HB2,LEU,252.0,44.491,49.098,17.259,0.09,1.32,1.95
ATOM,3799.0,HB3,LEU,252.0,43.786,47.782,17.922,0.09,1.32,1.01
ATOM,3800.0,HG,LEU,252.0,46.593,48.35,17.959,0.09,1.32,0.0
ATOM,3801.0,HD11,LEU,252.0,44.69,48.305,20.128,0.09,1.32,2.74
ATOM,3802.0,HD12,LEU,252.0,46.288,48.583,20.316,0.09,1.32,0.0
ATOM,3803.0,HD13,LEU,252.0,45.36,49.662,19.515,0.09,1.32,6.64
ATOM,3804.0,HD21,LEU,252.0,46.197,45.997,17.838,0.09,1.32,0.0
ATOM,3805.0,HD22,LEU,252.0,46.796,46.383,19.308,0.09,1.32,0.0
ATOM,3806.0,HD23,LEU,252.0,45.197,46.102,19.125,0.09,1.32,0.0
ATOM,3807.0,N,ALA,253.0,43.333,48.694,14.499,-0.47,1.85,0.78
ATOM,3808.0,CA,ALA,253.0,42.18,48.911,13.669,0.07,2.275,3.14
ATOM,3809.0,C,ALA,253.0,42.008,47.81,12.629,0.51,2.0,0.12
ATOM,3810.0,O,ALA,253.0,40.879,47.318,12.433,-0.51,1.7,0.94
ATOM,3811.0,CB,ALA,253.0,42.231,50.355,13.02,-0.27,2.06,31.5
ATOM,3812.0,H,ALA,253.0,44.141,49.326,14.569,0.31,0.2245,0.0
ATOM,3813.0,HA,ALA,253.0,41.349,48.929,14.25,0.09,1.32,2.68
ATOM,3814.0,HB1,ALA,253.0,41.77,50.98,13.634,0.09,1.32,11.46
ATOM,3815.0,HB2,ALA,253.0,43.182,50.604,12.908,0.09,1.32,0.0
ATOM,3816.0,HB3,ALA,253.0,41.77,50.311,12.145,0.09,1.32,7.96
ATOM,3817.0,N,GLU,254.0,43.112,47.428,11.981,-0.47,1.85,0.0
ATOM,3818.0,CA,GLU,254.0,43.06,46.406,10.919,0.07,2.275,0.72
ATOM,3819.0,C,GLU,254.0,42.764,45.037,11.537,0.51,2.0,0.0
ATOM,3820.0,O,GLU,254.0,42.046,44.199,10.928,-0.51,1.7,0.34
ATOM,3821.0,CB,GLU,254.0,44.368,46.366,10.11,-0.18,2.175,1.77
ATOM,3822.0,CG,GLU,254.0,44.718,47.714,9.491,-0.28,2.175,4.32
ATOM,3823.0,CD,GLU,254.0,45.628,47.672,8.271,0.62,2.0,3.38
ATOM,3824.0,OE1,GLU,254.0,46.294,46.609,7.969,-0.76,1.7,19.4
ATOM,3825.0,OE2,GLU,254.0,45.662,48.753,7.599,-0.76,1.7,23.97
ATOM,3826.0,H,GLU,254.0,43.982,47.896,12.278,0.31,0.2245,0.0
ATOM,3827.0,HA,GLU,254.0,42.343,46.641,10.265,0.09,1.32,2.49
ATOM,3828.0,HB2,GLU,254.0,45.089,46.123,10.724,0.09,1.32,0.0
ATOM,3829.0,HB3,GLU,254.0,44.248,45.725,9.383,0.09,1.32,4.71
ATOM,3830.0,HG2,GLU,254.0,43.87,48.154,9.212,0.09,1.32,8.03
ATOM,3831.0,HG3,GLU,254.0,45.178,48.262,10.183,0.09,1.32,0.0
ATOM,3832.0,N,LEU,255.0,43.294,44.795,12.744,-0.47,1.85,0.0
ATOM,3833.0,CA,LEU,255.0,43.008,43.498,13.393,0.07,2.275,0.0
ATOM,3834.0,C,LEU,255.0,41.521,43.439,13.701,0.51,2.0,0.0
ATOM,3835.0,O,LEU,255.0,40.859,42.415,13.526,-0.51,1.7,0.0
ATOM,3836.0,CB,LEU,255.0,43.871,43.35,14.661,-0.18,2.175,0.0
ATOM,3837.0,CG,LEU,255.0,45.385,43.103,14.426,-0.09,2.275,0.0
ATOM,3838.0,CD1,LEU,255.0,46.148,43.29,15.795,-0.27,2.06,0.0
ATOM,3839.0,CD2,LEU,255.0,45.579,41.68,13.928,-0.27,2.06,0.0
ATOM,3840.0,H,LEU,255.0,43.866,45.526,13.143,0.31,0.2245,0.0
ATOM,3841.0,HA,LEU,255.0,43.234,42.773,12.752,0.09,1.32,0.0
ATOM,3842.0,HB2,LEU,255.0,43.792,44.189,15.185,0.09,1.32,0.0
ATOM,3843.0,HB3,LEU,255.0,43.527,42.577,15.177,0.09,1.32,0.0
ATOM,3844.0,HG,LEU,255.0,45.729,43.765,13.785,0.09,1.32,0.0
ATOM,3845.0,HD11,LEU,255.0,45.784,42.632,16.441,0.09,1.32,0.0
ATOM,3846.0,HD12,LEU,255.0,47.113,43.13,15.632,0.09,1.32,0.0
ATOM,3847.0,HD13,LEU,255.0,45.991,44.217,16.109,0.09,1.32,0.0
ATOM,3848.0,HD21,LEU,255.0,45.079,41.554,13.07,0.09,1.32,0.0
ATOM,3849.0,HD22,LEU,255.0,46.553,41.509,13.773,0.09,1.32,0.0
ATOM,3850.0,HD23,LEU,255.0,45.234,41.035,14.611,0.09,1.32,0.0
ATOM,3851.0,N,ARG,256.0,40.975,44.547,14.178,-0.47,1.85,0.0
ATOM,3852.0,CA,ARG,256.0,39.568,44.585,14.47,0.07,2.275,0.0
ATOM,3853.0,C,ARG,256.0,38.727,44.288,13.223,0.51,2.0,0.0
ATOM,3854.0,O,ARG,256.0,37.801,43.48,13.293,-0.51,1.7,0.0
ATOM,3855.0,CB,ARG,256.0,39.156,45.958,15.022,-0.18,2.175,0.0
ATOM,3856.0,CG,ARG,256.0,37.683,46.022,15.323,-0.18,2.175,2.83
ATOM,3857.0,CD,ARG,256.0,37.304,47.335,15.99,0.2,2.175,20.23
ATOM,3858.0,NE,ARG,256.0,37.913,47.518,17.316,-0.7,1.85,4.91
ATOM,3859.0,CZ,ARG,256.0,37.368,47.055,18.443,0.64,2.0,1.94
ATOM,3860.0,NH1,ARG,256.0,36.205,46.378,18.377,-0.8,1.85,11.44
ATOM,3861.0,NH2,ARG,256.0,37.982,47.257,19.611,-0.8,1.85,15.31
ATOM,3862.0,H,ARG,256.0,41.624,45.337,14.312,0.31,0.2245,0.0
ATOM,3863.0,HA,ARG,256.0,39.35,43.887,15.167,0.09,1.32,0.0
ATOM,3864.0,HB2,ARG,256.0,39.658,46.114,15.858,0.09,1.32,0.0
ATOM,3865.0,HB3,ARG,256.0,39.37,46.638,14.339,0.09,1.32,0.08
ATOM,3866.0,HG2,ARG,256.0,37.159,45.945,14.476,0.09,1.32,3.26
ATOM,3867.0,HG3,ARG,256.0,37.431,45.28,15.942,0.09,1.32,0.0
ATOM,3868.0,HD2,ARG,256.0,37.596,48.084,15.393,0.09,1.32,8.95
ATOM,3869.0,HD3,ARG,256.0,36.307,47.359,16.085,0.09,1.32,6.34
ATOM,3870.0,HE,ARG,256.0,38.777,48.014,17.373,0.44,0.2245,9.11
ATOM,3871.0,HH11,ARG,256.0,35.762,46.203,17.511,0.46,0.2245,6.14
ATOM,3872.0,HH12,ARG,256.0,35.788,46.048,19.232,0.46,0.2245,0.6
ATOM,3873.0,HH21,ARG,256.0,38.86,47.739,19.627,0.46,0.2245,12.37
ATOM,3874.0,HH22,ARG,256.0,37.571,46.93,20.455,0.46,0.2245,2.61
ATOM,3875.0,N,SER,257.0,39.023,44.974,12.122,-0.47,1.85,0.0
ATOM,3876.0,CA,SER,257.0,38.311,44.781,10.876,0.07,2.275,1.3
ATOM,3877.0,C,SER,257.0,38.366,43.352,10.421,0.51,2.0,0.0
ATOM,3878.0,O,SER,257.0,37.342,42.805,10.015,-0.51,1.7,5.96
ATOM,3879.0,CB,SER,257.0,38.903,45.641,9.789,0.05,2.175,19.75
ATOM,3880.0,OG,SER,257.0,38.525,46.955,10.025,-0.66,1.77,28.01
ATOM,3881.0,H,SER,257.0,39.806,45.655,12.238,0.31,0.2245,0.0
ATOM,3882.0,HA,SER,257.0,37.341,45.028,11.03,0.09,1.32,5.8
ATOM,3883.0,HB2,SER,257.0,39.889,45.566,9.819,0.09,1.32,0.07
ATOM,3884.0,HB3,SER,257.0,38.549,45.344,8.914,0.09,1.32,9.55
ATOM,3885.0,HG,SER,257.0,39.113,47.365,10.728,0.43,0.2245,6.8
ATOM,3886.0,N,PHE,258.0,39.548,42.743,10.478,-0.47,1.85,0.11
ATOM,3887.0,CA,PHE,258.0,39.683,41.367,10.012,0.07,2.275,1.84
ATOM,3888.0,C,PHE,258.0,38.976,40.372,10.91,0.51,2.0,0.0
ATOM,3889.0,O,PHE,258.0,38.248,39.483,10.417,-0.51,1.7,0.0
ATOM,3890.0,CB,PHE,258.0,41.16,41.014,9.915,-0.18,2.175,0.24
ATOM,3891.0,CG,PHE,258.0,41.415,39.642,9.421,0.0,1.9924,0.0
ATOM,3892.0,CD1,PHE,258.0,41.257,39.344,8.075,-0.115,1.9924,6.06
ATOM,3893.0,CD2,PHE,258.0,41.826,38.657,10.293,-0.115,1.9924,0.0
ATOM,3894.0,CE1,PHE,258.0,41.511,38.073,7.57,-0.115,1.9924,7.45
ATOM,3895.0,CE2,PHE,258.0,42.078,37.389,9.835,-0.115,1.9924,0.0
ATOM,3896.0,CZ,PHE,258.0,41.919,37.083,8.446,-0.115,1.9924,0.0
ATOM,3897.0,H,PHE,258.0,40.319,43.302,10.861,0.31,0.2245,0.0
ATOM,3898.0,HA,PHE,258.0,39.231,41.32,9.106,0.09,1.32,2.41
ATOM,3899.0,HB2,PHE,258.0,41.582,41.657,9.289,0.09,1.32,4.45
ATOM,3900.0,HB3,PHE,258.0,41.549,41.098,10.823,0.09,1.32,0.0
ATOM,3901.0,HD1,PHE,258.0,40.952,40.062,7.443,0.115,1.3582,12.82
ATOM,3902.0,HD2,PHE,258.0,41.941,38.871,11.265,0.115,1.3582,0.0
ATOM,3903.0,HE1,PHE,258.0,41.397,37.89,6.596,0.115,1.3582,5.57
ATOM,3904.0,HE2,PHE,258.0,42.375,36.656,10.462,0.115,1.3582,0.0
ATOM,3905.0,HZ,PHE,258.0,42.105,36.162,8.131,0.115,1.3582,0.0
ATOM,3906.0,N,VAL,259.0,39.16,40.478,12.234,-0.47,1.85,0.0
ATOM,3907.0,CA,VAL,259.0,38.503,39.511,13.106,0.07,2.275,0.0
ATOM,3908.0,C,VAL,259.0,36.979,39.646,13.025,0.51,2.0,0.0
ATOM,3909.0,O,VAL,259.0,36.243,38.652,13.06,-0.51,1.7,0.0
ATOM,3910.0,CB,VAL,259.0,38.948,39.735,14.592,-0.09,2.275,0.0
ATOM,3911.0,CG1,VAL,259.0,38.096,38.948,15.528,-0.27,2.06,0.0
ATOM,3912.0,CG2,VAL,259.0,40.435,39.463,14.757,-0.27,2.06,0.0
ATOM,3913.0,H,VAL,259.0,39.755,41.238,12.544,0.31,0.2245,0.0
ATOM,3914.0,HA,VAL,259.0,38.746,38.586,12.792,0.09,1.32,0.0
ATOM,3915.0,HB,VAL,259.0,38.812,40.704,14.785,0.09,1.32,0.0
ATOM,3916.0,HG11,VAL,259.0,37.142,39.26,15.478,0.09,1.32,0.0
ATOM,3917.0,HG12,VAL,259.0,38.126,37.971,15.291,0.09,1.32,0.0
ATOM,3918.0,HG13,VAL,259.0,38.42,39.059,16.473,0.09,1.32,0.0
ATOM,3919.0,HG21,VAL,259.0,40.668,38.608,14.294,0.09,1.32,0.0
ATOM,3920.0,HG22,VAL,259.0,40.956,40.216,14.354,0.09,1.32,0.0
ATOM,3921.0,HG23,VAL,259.0,40.651,39.388,15.73,0.09,1.32,0.0
ATOM,3922.0,N,SER,260.0,36.489,40.897,12.919,-0.47,1.85,0.0
ATOM,3923.0,CA,SER,260.0,35.062,41.08,12.827,0.07,2.275,0.15
ATOM,3924.0,C,SER,260.0,34.484,40.321,11.591,0.51,2.0,0.0
ATOM,3925.0,O,SER,260.0,33.41,39.648,11.636,-0.51,1.7,0.43
ATOM,3926.0,CB,SER,260.0,34.762,42.587,12.703,0.05,2.175,10.12
ATOM,3927.0,OG,SER,260.0,33.387,42.763,12.611,-0.66,1.77,22.49
ATOM,3928.0,H,SER,260.0,37.187,41.64,12.912,0.31,0.2245,0.0
ATOM,3929.0,HA,SER,260.0,34.626,40.682,13.639,0.09,1.32,0.44
ATOM,3930.0,HB2,SER,260.0,35.111,43.038,13.51,0.09,1.32,0.65
ATOM,3931.0,HB3,SER,260.0,35.204,42.922,11.885,0.09,1.32,0.68
ATOM,3932.0,HG,SER,260.0,32.979,42.794,13.528,0.43,0.2245,20.57
ATOM,3933.0,N,ALA,261.0,35.228,40.442,10.512,-0.47,1.85,0.22
ATOM,3934.0,CA,ALA,261.0,34.81,39.833,9.212,0.07,2.275,3.55
ATOM,3935.0,C,ALA,261.0,34.854,38.319,9.339,0.51,2.0,0.0
ATOM,3936.0,O,ALA,261.0,33.9,37.626,8.887,-0.51,1.7,1.99
ATOM,3937.0,CB,ALA,261.0,35.684,40.282,8.093,-0.27,2.06,21.24
ATOM,3938.0,H,ALA,261.0,36.103,40.975,10.617,0.31,0.2245,0.0
ATOM,3939.0,HA,ALA,261.0,33.876,40.122,9.024,0.09,1.32,4.86
ATOM,3940.0,HB1,ALA,261.0,35.152,40.808,7.422,0.09,1.32,12.02
ATOM,3941.0,HB2,ALA,261.0,36.426,40.865,8.44,0.09,1.32,0.0
ATOM,3942.0,HB3,ALA,261.0,36.092,39.49,7.627,0.09,1.32,0.1
ATOM,3943.0,N,MET,262.0,35.931,37.797,9.918,-0.47,1.85,0.0
ATOM,3944.0,CA,MET,262.0,36.062,36.356,10.051,0.07,2.275,0.0
ATOM,3945.0,C,MET,262.0,35.001,35.864,10.99,0.51,2.0,0.0
ATOM,3946.0,O,MET,262.0,34.428,34.795,10.742,-0.51,1.7,0.0
ATOM,3947.0,CB,MET,262.0,37.46,35.988,10.57,-0.18,2.175,0.0
ATOM,3948.0,CG,MET,262.0,38.539,36.457,9.646,-0.14,2.175,0.0
ATOM,3949.0,SD,MET,262.0,38.59,35.433,8.107,-0.09,2.0,0.0
ATOM,3950.0,CE,MET,262.0,39.551,34.025,8.658,-0.22,2.06,0.0
ATOM,3951.0,H,MET,262.0,36.63,38.476,10.247,0.31,0.2245,0.0
ATOM,3952.0,HA,MET,262.0,35.908,35.945,9.152,0.09,1.32,0.0
ATOM,3953.0,HB2,MET,262.0,37.587,36.41,11.469,0.09,1.32,0.0
ATOM,3954.0,HB3,MET,262.0,37.513,34.992,10.663,0.09,1.32,0.0
ATOM,3955.0,HG2,MET,262.0,38.386,37.43,9.397,0.09,1.32,0.0
ATOM,3956.0,HG3,MET,262.0,39.442,36.41,10.11,0.09,1.32,0.0
ATOM,3957.0,HE1,MET,262.0,39.62,33.355,7.917,0.09,1.32,0.0
ATOM,3958.0,HE2,MET,262.0,40.469,34.327,8.919,0.09,1.32,0.0
ATOM,3959.0,HE3,MET,262.0,39.104,33.602,9.448,0.09,1.32,0.0
ATOM,3960.0,N,LYS,263.0,34.762,36.572,12.093,-0.47,1.85,0.0
ATOM,3961.0,CA,LYS,263.0,33.701,36.1,13.009,0.07,2.275,0.0
ATOM,3962.0,C,LYS,263.0,32.306,36.153,12.351,0.51,2.0,0.0
ATOM,3963.0,O,LYS,263.0,31.471,35.237,12.584,-0.51,1.7,0.0
ATOM,3964.0,CB,LYS,263.0,33.698,36.885,14.338,-0.18,2.175,0.07
ATOM,3965.0,CG,LYS,263.0,32.526,36.544,15.165,-0.18,2.175,0.06
ATOM,3966.0,CD,LYS,263.0,32.541,35.062,15.642,-0.18,2.175,0.0
ATOM,3967.0,CE,LYS,263.0,31.16,34.576,16.109,0.21,2.175,0.0
ATOM,3968.0,NZ,LYS,263.0,31.067,33.139,16.413,-0.3,1.85,0.0
ATOM,3969.0,H,LYS,263.0,35.324,37.397,12.241,0.31,0.2245,0.0
ATOM,3970.0,HA,LYS,263.0,33.898,35.146,13.264,0.09,1.32,0.0
ATOM,3971.0,HB2,LYS,263.0,34.532,36.651,14.82,0.09,1.32,0.0
ATOM,3972.0,HB3,LYS,263.0,33.682,37.85,14.109,0.09,1.32,0.29
ATOM,3973.0,HG2,LYS,263.0,32.493,37.119,15.991,0.09,1.32,0.13
ATOM,3974.0,HG3,LYS,263.0,31.673,36.68,14.649,0.09,1.32,0.0
ATOM,3975.0,HD2,LYS,263.0,32.838,34.495,14.881,0.09,1.32,0.0
ATOM,3976.0,HD3,LYS,263.0,33.179,34.987,16.401,0.09,1.32,0.0
ATOM,3977.0,HE2,LYS,263.0,30.902,35.115,16.934,0.05,1.32,4.4
ATOM,3978.0,HE3,LYS,263.0,30.483,34.814,15.385,0.05,1.32,0.0
ATOM,3979.0,HZ1,LYS,263.0,30.881,32.625,15.573,0.33,0.2245,0.0
ATOM,3980.0,HZ2,LYS,263.0,31.93,32.819,16.81,0.33,0.2245,0.0
ATOM,3981.0,HZ3,LYS,263.0,30.325,32.977,17.067,0.33,0.2245,0.0
ATOM,3982.0,N,ALA,264.0,32.031,37.18,11.541,-0.47,1.85,0.0
ATOM,3983.0,CA,ALA,264.0,30.725,37.271,10.911,0.07,2.275,0.01
ATOM,3984.0,C,ALA,264.0,30.467,36.034,10.028,0.51,2.0,0.12
ATOM,3985.0,O,ALA,264.0,29.316,35.532,9.942,-0.51,1.7,9.12
ATOM,3986.0,CB,ALA,264.0,30.652,38.541,10.072,-0.27,2.06,26.13
ATOM,3987.0,H,ALA,264.0,32.789,37.858,11.415,0.31,0.2245,0.0
ATOM,3988.0,HA,ALA,264.0,30.016,37.3,11.621,0.09,1.32,0.0
ATOM,3989.0,HB1,ALA,264.0,31.441,39.12,10.274,0.09,1.32,0.02
ATOM,3990.0,HB2,ALA,264.0,30.655,38.3,9.102,0.09,1.32,7.41
ATOM,3991.0,HB3,ALA,264.0,29.812,39.036,10.289,0.09,1.32,8.43
ATOM,3992.0,N,ALA,265.0,31.521,35.542,9.395,-0.47,1.85,0.0
ATOM,3993.0,CA,ALA,265.0,31.419,34.379,8.5,0.07,2.275,2.3
ATOM,3994.0,C,ALA,265.0,31.056,33.064,9.185,0.51,2.0,0.0
ATOM,3995.0,O,ALA,265.0,30.711,32.065,8.529,-0.51,1.7,5.48
ATOM,3996.0,CB,ALA,265.0,32.681,34.174,7.788,-0.27,2.06,4.82
ATOM,3997.0,H,ALA,265.0,32.416,36.036,9.578,0.31,0.2245,0.0
ATOM,3998.0,HA,ALA,265.0,30.707,34.583,7.794,0.09,1.32,11.13
ATOM,3999.0,HB1,ALA,265.0,32.945,35.0,7.271,0.09,1.32,0.57
ATOM,4000.0,HB2,ALA,265.0,33.43,33.96,8.43,0.09,1.32,0.0
ATOM,4001.0,HB3,ALA,265.0,32.608,33.409,7.132,0.09,1.32,0.0
ATOM,4002.0,N,SER,266.0,31.169,33.042,10.5,-0.47,1.85,0.0
ATOM,4003.0,CA,SER,266.0,30.911,31.804,11.244,0.07,2.275,0.03
ATOM,4004.0,C,SER,266.0,29.452,31.665,11.639,0.51,2.0,0.73
ATOM,4005.0,O,SER,266.0,29.052,30.582,12.109,-0.51,1.7,0.1
ATOM,4006.0,CB,SER,266.0,31.744,31.783,12.529,0.05,2.175,0.0
ATOM,4007.0,OG,SER,266.0,31.258,32.696,13.485,-0.66,1.77,0.0
ATOM,4008.0,H,SER,266.0,31.442,33.928,10.945,0.31,0.2245,0.0
ATOM,4009.0,HA,SER,266.0,31.148,31.028,10.641,0.09,1.32,0.0
ATOM,4010.0,HB2,SER,266.0,31.715,30.86,12.912,0.09,1.32,0.0
ATOM,4011.0,HB3,SER,266.0,32.688,32.02,12.299,0.09,1.32,0.0
ATOM,4012.0,HG,SER,266.0,31.339,33.629,13.133,0.43,0.2245,0.0
ATOM,4013.0,N,ARG,267.0,28.7,32.768,11.482,-0.47,1.85,0.0
ATOM,4014.0,CA,ARG,267.0,27.277,32.871,11.855,0.07,2.275,0.67
ATOM,4015.0,C,ARG,267.0,26.468,32.365,10.69,0.34,2.0,1.71
ATOM,4016.0,O,ARG,267.0,26.418,33.017,9.662,-0.67,1.7,29.04
ATOM,4017.0,CB,ARG,267.0,26.896,34.346,12.22,-0.18,2.175,7.77
ATOM,4018.0,CG,ARG,267.0,27.527,34.862,13.525,-0.18,2.175,0.36
ATOM,4019.0,CD,ARG,267.0,27.184,36.306,13.909,0.2,2.175,13.2
ATOM,4020.0,NE,ARG,267.0,27.949,36.81,15.06,-0.7,1.85,4.81
ATOM,4021.0,CZ,ARG,267.0,28.839,37.793,14.959,0.64,2.0,1.93
ATOM,4022.0,NH1,ARG,267.0,29.055,38.354,13.763,-0.8,1.85,11.49
ATOM,4023.0,NH2,ARG,267.0,29.505,38.202,16.039,-0.8,1.85,15.17
ATOM,4024.0,OXT,ARG,267.0,25.797,31.341,10.569,-0.67,1.7,31.78
ATOM,4025.0,H,ARG,267.0,29.227,33.576,11.058,0.31,0.2245,0.0
ATOM,4026.0,HA,ARG,267.0,27.117,32.292,12.647,0.09,1.32,0.0
ATOM,4027.0,HB2,ARG,267.0,27.201,34.927,11.477,0.09,1.32,1.37
ATOM,4028.0,HB3,ARG,267.0,25.91,34.386,12.316,0.09,1.32,10.01
ATOM,4029.0,HG2,ARG,267.0,27.237,34.263,14.288,0.09,1.32,0.0
ATOM,4030.0,HG3,ARG,267.0,28.534,34.795,13.45,0.09,1.32,0.0
ATOM,4031.0,HD2,ARG,267.0,27.368,36.886,13.114,0.09,1.32,2.25
ATOM,4032.0,HD3,ARG,267.0,26.207,36.341,14.125,0.09,1.32,10.39
ATOM,4033.0,HE,ARG,267.0,27.79,36.394,15.95,0.44,0.2245,3.75
ATOM,4034.0,HH11,ARG,267.0,28.555,38.069,12.958,0.46,0.2245,2.76
ATOM,4035.0,HH12,ARG,267.0,29.746,39.087,13.686,0.46,0.2245,8.13
ATOM,4036.0,HH21,ARG,267.0,29.313,37.775,16.925,0.46,0.2245,13.76
ATOM,4037.0,HH22,ARG,267.0,30.185,38.925,15.964,0.46,0.2245,10.83
