atom,serial,name,resname,resid,x,y,z,charges,radius,sasa
ATOM,1.0,N,HIS,227.0,36.478,-19.628,6.306,-0.3,1.85,6.87
ATOM,2.0,CA,HIS,227.0,36.288,-20.824,5.44,0.21,2.275,3.98
ATOM,3.0,C,HIS,227.0,36.211,-20.472,3.958,0.51,2.0,0.29
ATOM,4.0,O,HIS,227.0,36.935,-21.037,3.142,-0.51,1.7,30.53
ATOM,5.0,CB,HIS,227.0,34.995,-21.547,5.814,-0.09,2.175,5.92
ATOM,6.0,CG,HIS,227.0,34.938,-22.034,7.237,-0.05,1.8,0.67
ATOM,7.0,H,HIS,227.0,37.173,-19.828,6.993,0.33,0.2245,16.78
ATOM,8.0,HA,HIS,227.0,37.08,-21.435,5.586,0.1,1.32,7.09
ATOM,9.0,HB2,HIS,227.0,34.214,-20.925,5.666,0.09,1.32,0.0
ATOM,10.0,HB3,HIS,227.0,34.877,-22.345,5.207,0.09,1.32,10.3
ATOM,11.0,H2,HIS,227.0,36.771,-18.859,5.743,0.33,0.2245,5.6
ATOM,12.0,H3,HIS,227.0,35.615,-19.407,6.754,0.33,0.2245,0.0
ATOM,13.0,ND1,HIS,227.0,35.866,-22.905,7.763,-0.36,1.85,7.49
ATOM,14.0,CD2,HIS,227.0,34.05,-21.788,8.232,0.22,1.8,9.3
ATOM,15.0,CE1,HIS,227.0,35.558,-23.173,9.021,0.25,1.8,29.12
ATOM,16.0,NE2,HIS,227.0,34.46,-22.508,9.331,-0.7,1.85,28.33
ATOM,17.0,HD1,HIS,227.0,36.653,-23.277,7.268,0.32,0.2245,15.98
ATOM,18.0,HD2,HIS,227.0,33.25,-21.198,8.179,0.1,1.468,0.0
ATOM,19.0,HE1,HIS,227.0,36.066,-23.774,9.63,0.13,0.9,17.45
ATOM,20.0,N,MET,228.0,35.355,-19.511,3.623,-0.47,1.85,0.0
ATOM,21.0,CA,MET,228.0,35.155,-19.099,2.237,0.07,2.275,0.0
ATOM,22.0,C,MET,228.0,36.31,-18.34,1.591,0.51,2.0,0.0
ATOM,23.0,O,MET,228.0,36.963,-17.506,2.222,-0.51,1.7,8.07
ATOM,24.0,CB,MET,228.0,33.872,-18.27,2.124,-0.18,2.175,0.0
ATOM,25.0,CG,MET,228.0,32.649,-18.944,2.749,-0.14,2.175,0.0
ATOM,26.0,SD,MET,228.0,32.381,-20.646,2.172,-0.09,2.0,18.23
ATOM,27.0,CE,MET,228.0,31.723,-20.337,0.514,-0.22,2.06,28.74
ATOM,28.0,H,MET,228.0,34.847,-19.084,4.425,0.31,0.2245,0.0
ATOM,29.0,HA,MET,228.0,34.99,-19.946,1.68,0.09,1.32,1.75
ATOM,30.0,HB2,MET,228.0,34.012,-17.385,2.581,0.09,1.32,0.0
ATOM,31.0,HB3,MET,228.0,33.676,-18.1,1.152,0.09,1.32,0.0
ATOM,32.0,HG2,MET,228.0,32.756,-18.923,3.771,0.09,1.32,0.0
ATOM,33.0,HG3,MET,228.0,31.824,-18.363,2.553,0.09,1.32,0.0
ATOM,34.0,HE1,MET,228.0,32.265,-20.845,-0.152,0.09,1.32,11.06
ATOM,35.0,HE2,MET,228.0,30.773,-20.639,0.479,0.09,1.32,5.42
ATOM,36.0,HE3,MET,228.0,31.776,-19.36,0.319,0.09,1.32,0.0
ATOM,37.0,N,ALA,229.0,36.539,-18.642,0.315,-0.47,1.85,0.85
ATOM,38.0,CA,ALA,229.0,37.605,-18.026,-0.47,0.07,2.275,2.97
ATOM,39.0,C,ALA,229.0,37.417,-16.521,-0.616,0.51,2.0,0.0
ATOM,40.0,O,ALA,229.0,38.394,-15.77,-0.668,-0.51,1.7,29.14
ATOM,41.0,CB,ALA,229.0,37.668,-18.671,-1.852,-0.27,2.06,37.07
ATOM,42.0,H,ALA,229.0,35.887,-19.361,-0.079,0.31,0.2245,5.65
ATOM,43.0,HA,ALA,229.0,38.488,-18.196,-0.006,0.09,1.32,11.03
ATOM,44.0,HB1,ALA,229.0,36.806,-19.14,-2.039,0.09,1.32,7.89
ATOM,45.0,HB2,ALA,229.0,37.82,-17.964,-2.542,0.09,1.32,5.83
ATOM,46.0,HB3,ALA,229.0,38.419,-19.33,-1.877,0.09,1.32,11.69
ATOM,47.0,N,THR,230.0,36.165,-16.083,-0.689,-0.47,1.85,0.0
ATOM,48.0,CA,THR,230.0,35.875,-14.661,-0.838,0.07,2.275,2.13
ATOM,49.0,C,THR,230.0,35.482,-14.012,0.481,0.51,2.0,0.06
ATOM,50.0,O,THR,230.0,34.837,-12.962,0.497,-0.51,1.7,13.15
ATOM,51.0,CB,THR,230.0,34.746,-14.417,-1.863,0.14,2.275,3.9
ATOM,52.0,OG1,THR,230.0,33.534,-15.017,-1.394,-0.66,1.77,1.12
ATOM,53.0,CG2,THR,230.0,35.117,-15.012,-3.217,-0.27,2.06,36.9
ATOM,54.0,H,THR,230.0,35.438,-16.815,-0.633,0.31,0.2245,1.17
ATOM,55.0,HA,THR,230.0,36.708,-14.2,-1.183,0.09,1.32,6.58
ATOM,56.0,HB,THR,230.0,34.594,-13.412,-1.948,0.09,1.32,9.42
ATOM,57.0,HG21,THR,230.0,35.934,-15.584,-3.123,0.09,1.32,0.7
ATOM,58.0,HG22,THR,230.0,34.36,-15.573,-3.559,0.09,1.32,9.77
ATOM,59.0,HG23,THR,230.0,35.303,-14.276,-3.871,0.09,1.32,11.94
ATOM,60.0,HG1,THR,230.0,32.75,-14.688,-1.93,0.43,0.2245,3.43
ATOM,61.0,N,ALA,231.0,35.868,-14.64,1.587,-0.47,1.85,0.09
ATOM,62.0,CA,ALA,231.0,35.569,-14.097,2.904,0.07,2.275,0.25
ATOM,63.0,C,ALA,231.0,36.237,-12.731,3.013,0.51,2.0,0.0
ATOM,64.0,O,ALA,231.0,37.339,-12.527,2.492,-0.51,1.7,17.3
ATOM,65.0,CB,ALA,231.0,36.096,-15.025,3.984,-0.27,2.06,8.14
ATOM,66.0,H,ALA,231.0,36.385,-15.523,1.432,0.31,0.2245,0.0
ATOM,67.0,HA,ALA,231.0,34.584,-13.979,2.992,0.09,1.32,0.55
ATOM,68.0,HB1,ALA,231.0,36.879,-15.539,3.633,0.09,1.32,2.95
ATOM,69.0,HB2,ALA,231.0,36.381,-14.488,4.778,0.09,1.32,0.0
ATOM,70.0,HB3,ALA,231.0,35.377,-15.664,4.258,0.09,1.32,0.0
ATOM,71.0,N,ASP,232.0,35.568,-11.8,3.685,-0.47,1.85,0.18
ATOM,72.0,CA,ASP,232.0,36.097,-10.454,3.851,0.07,2.275,0.94
ATOM,73.0,C,ASP,232.0,36.674,-10.307,5.255,0.51,2.0,0.0
ATOM,74.0,O,ASP,232.0,35.935,-10.135,6.226,-0.51,1.7,0.02
ATOM,75.0,CB,ASP,232.0,34.982,-9.428,3.633,-0.28,2.175,5.19
ATOM,76.0,CG,ASP,232.0,35.505,-8.016,3.511,0.62,2.0,2.21
ATOM,77.0,OD1,ASP,232.0,36.399,-7.647,4.3,-0.76,1.7,3.27
ATOM,78.0,OD2,ASP,232.0,35.019,-7.269,2.633,-0.76,1.7,26.6
ATOM,79.0,H,ASP,232.0,34.656,-12.111,4.072,0.31,0.2245,7.64
ATOM,80.0,HA,ASP,232.0,36.858,-10.35,3.209,0.09,1.32,4.42
ATOM,81.0,HB2,ASP,232.0,34.505,-9.669,2.795,0.09,1.32,5.51
ATOM,82.0,HB3,ASP,232.0,34.365,-9.478,4.41,0.09,1.32,0.54
ATOM,83.0,N,ARG,233.0,37.998,-10.373,5.357,-0.47,1.85,0.0
ATOM,84.0,CA,ARG,233.0,38.672,-10.259,6.643,0.07,2.275,0.27
ATOM,85.0,C,ARG,233.0,38.459,-8.906,7.302,0.51,2.0,0.17
ATOM,86.0,O,ARG,233.0,38.57,-8.772,8.519,-0.51,1.7,2.73
ATOM,87.0,CB,ARG,233.0,40.165,-10.53,6.464,-0.18,2.175,9.41
ATOM,88.0,CG,ARG,233.0,40.445,-11.985,6.151,-0.18,2.175,2.69
ATOM,89.0,CD,ARG,233.0,41.853,-12.181,5.634,0.2,2.175,17.3
ATOM,90.0,NE,ARG,233.0,42.213,-13.593,5.537,-0.7,1.85,6.71
ATOM,91.0,CZ,ARG,233.0,42.588,-14.35,6.562,0.64,2.0,2.96
ATOM,92.0,NH1,ARG,233.0,42.654,-13.838,7.779,-0.8,1.85,23.92
ATOM,93.0,NH2,ARG,233.0,42.918,-15.619,6.358,-0.8,1.85,29.09
ATOM,94.0,H,ARG,233.0,38.498,-10.51,4.457,0.31,0.2245,5.42
ATOM,95.0,HA,ARG,233.0,38.314,-10.98,7.262,0.09,1.32,0.08
ATOM,96.0,HB2,ARG,233.0,40.493,-9.981,5.711,0.09,1.32,7.09
ATOM,97.0,HB3,ARG,233.0,40.626,-10.299,7.306,0.09,1.32,6.88
ATOM,98.0,HG2,ARG,233.0,40.337,-12.531,6.979,0.09,1.32,3.26
ATOM,99.0,HG3,ARG,233.0,39.808,-12.304,5.451,0.09,1.32,0.53
ATOM,100.0,HD2,ARG,233.0,41.915,-11.764,4.729,0.09,1.32,11.07
ATOM,101.0,HD3,ARG,233.0,42.482,-11.725,6.261,0.09,1.32,6.13
ATOM,102.0,HE,ARG,233.0,42.174,-14.025,4.624,0.44,0.2245,16.03
ATOM,103.0,HH11,ARG,233.0,42.407,-12.888,7.956,0.46,0.2245,7.96
ATOM,104.0,HH12,ARG,233.0,42.959,-14.417,8.548,0.46,0.2245,18.39
ATOM,105.0,HH21,ARG,233.0,42.864,-16.005,5.435,0.46,0.2245,18.13
ATOM,106.0,HH22,ARG,233.0,43.219,-16.189,7.121,0.46,0.2245,18.66
ATOM,107.0,N,ASP,234.0,38.154,-7.902,6.492,-0.47,1.85,1.23
ATOM,108.0,CA,ASP,234.0,37.915,-6.57,7.013,0.07,2.275,3.04
ATOM,109.0,C,ASP,234.0,36.57,-6.572,7.731,0.51,2.0,0.0
ATOM,110.0,O,ASP,234.0,36.455,-6.082,8.852,-0.51,1.7,0.0
ATOM,111.0,CB,ASP,234.0,37.931,-5.552,5.868,-0.28,2.175,13.3
ATOM,112.0,CG,ASP,234.0,37.503,-4.169,6.308,0.62,2.0,3.21
ATOM,113.0,OD1,ASP,234.0,37.926,-3.724,7.395,-0.76,1.7,26.0
ATOM,114.0,OD2,ASP,234.0,36.749,-3.517,5.557,-0.76,1.7,32.14
ATOM,115.0,H,ASP,234.0,38.104,-8.147,5.487,0.31,0.2245,1.62
ATOM,116.0,HA,ASP,234.0,38.613,-6.386,7.702,0.09,1.32,3.18
ATOM,117.0,HB2,ASP,234.0,38.859,-5.505,5.515,0.09,1.32,11.38
ATOM,118.0,HB3,ASP,234.0,37.308,-5.874,5.165,0.09,1.32,0.0
ATOM,119.0,N,ILE,235.0,35.556,-7.139,7.085,-0.47,1.85,0.0
ATOM,120.0,CA,ILE,235.0,34.234,-7.214,7.69,0.07,2.275,0.0
ATOM,121.0,C,ILE,235.0,34.297,-8.085,8.945,0.51,2.0,0.0
ATOM,122.0,O,ILE,235.0,33.705,-7.753,9.97,-0.51,1.7,0.0
ATOM,123.0,CB,ILE,235.0,33.205,-7.784,6.686,-0.09,2.275,0.08
ATOM,124.0,CG1,ILE,235.0,32.936,-6.74,5.598,-0.18,2.175,1.06
ATOM,125.0,CG2,ILE,235.0,31.916,-8.16,7.398,-0.27,2.06,1.4
ATOM,126.0,CD1,ILE,235.0,32.089,-7.242,4.446,-0.27,2.06,2.16
ATOM,127.0,H,ILE,235.0,35.783,-7.509,6.147,0.31,0.2245,0.0
ATOM,128.0,HA,ILE,235.0,34.009,-6.29,7.997,0.09,1.32,0.0
ATOM,129.0,HB,ILE,235.0,33.606,-8.579,6.258,0.09,1.32,0.08
ATOM,130.0,HG12,ILE,235.0,32.478,-5.956,6.019,0.09,1.32,0.0
ATOM,131.0,HG13,ILE,235.0,33.818,-6.432,5.236,0.09,1.32,0.04
ATOM,132.0,HG21,ILE,235.0,31.268,-8.54,6.739,0.09,1.32,0.03
ATOM,133.0,HG22,ILE,235.0,32.109,-8.841,8.103,0.09,1.32,0.0
ATOM,134.0,HG23,ILE,235.0,31.519,-7.347,7.822,0.09,1.32,0.0
ATOM,135.0,HD11,ILE,235.0,31.201,-7.538,4.794,0.09,1.32,0.0
ATOM,136.0,HD12,ILE,235.0,31.961,-6.505,3.785,0.09,1.32,0.47
ATOM,137.0,HD13,ILE,235.0,32.551,-8.011,4.007,0.09,1.32,0.12
ATOM,138.0,N,LEU,236.0,35.031,-9.191,8.875,-0.47,1.85,0.0
ATOM,139.0,CA,LEU,236.0,35.159,-10.077,10.03,0.07,2.275,0.0
ATOM,140.0,C,LEU,236.0,35.891,-9.39,11.177,0.51,2.0,0.0
ATOM,141.0,O,LEU,236.0,35.519,-9.54,12.343,-0.51,1.7,0.0
ATOM,142.0,CB,LEU,236.0,35.897,-11.356,9.637,-0.18,2.175,5.46
ATOM,143.0,CG,LEU,236.0,35.06,-12.346,8.822,-0.09,2.275,0.57
ATOM,144.0,CD1,LEU,236.0,35.967,-13.377,8.182,-0.27,2.06,10.93
ATOM,145.0,CD2,LEU,236.0,34.026,-13.01,9.725,-0.27,2.06,0.0
ATOM,146.0,H,LEU,236.0,35.486,-9.363,7.966,0.31,0.2245,0.0
ATOM,147.0,HA,LEU,236.0,34.235,-10.326,10.346,0.09,1.32,0.0
ATOM,148.0,HB2,LEU,236.0,36.677,-11.102,9.084,0.09,1.32,0.0
ATOM,149.0,HB3,LEU,236.0,36.177,-11.816,10.465,0.09,1.32,3.08
ATOM,150.0,HG,LEU,236.0,34.568,-11.846,8.114,0.09,1.32,0.57
ATOM,151.0,HD11,LEU,236.0,36.467,-13.875,8.893,0.09,1.32,6.89
ATOM,152.0,HD12,LEU,236.0,35.419,-14.024,7.649,0.09,1.32,0.01
ATOM,153.0,HD13,LEU,236.0,36.621,-12.921,7.576,0.09,1.32,0.0
ATOM,154.0,HD21,LEU,236.0,33.426,-12.311,10.115,0.09,1.32,0.0
ATOM,155.0,HD22,LEU,236.0,33.482,-13.656,9.189,0.09,1.32,0.0
ATOM,156.0,HD23,LEU,236.0,34.493,-13.499,10.463,0.09,1.32,0.03
ATOM,157.0,N,ALA,237.0,36.931,-8.632,10.845,-0.47,1.85,0.32
ATOM,158.0,CA,ALA,237.0,37.695,-7.927,11.865,0.07,2.275,2.98
ATOM,159.0,C,ALA,237.0,36.854,-6.841,12.524,0.51,2.0,0.0
ATOM,160.0,O,ALA,237.0,36.916,-6.647,13.739,-0.51,1.7,0.87
ATOM,161.0,CB,ALA,237.0,38.95,-7.318,11.254,-0.27,2.06,27.44
ATOM,162.0,H,ALA,237.0,37.141,-8.59,9.835,0.31,0.2245,0.0
ATOM,163.0,HA,ALA,237.0,37.979,-8.586,12.573,0.09,1.32,2.88
ATOM,164.0,HB1,ALA,237.0,38.734,-6.941,10.354,0.09,1.32,0.0
ATOM,165.0,HB2,ALA,237.0,39.29,-6.589,11.847,0.09,1.32,1.02
ATOM,166.0,HB3,ALA,237.0,39.651,-8.024,11.159,0.09,1.32,10.16
ATOM,167.0,N,ARG,238.0,36.065,-6.13,11.725,-0.47,1.85,0.2
ATOM,168.0,CA,ARG,238.0,35.238,-5.075,12.279,0.07,2.275,0.02
ATOM,169.0,C,ARG,238.0,34.052,-5.637,13.049,0.51,2.0,0.0
ATOM,170.0,O,ARG,238.0,33.512,-4.975,13.935,-0.51,1.7,2.26
ATOM,171.0,CB,ARG,238.0,34.801,-4.102,11.177,-0.18,2.175,4.16
ATOM,172.0,CG,ARG,238.0,34.114,-4.836,10.033,-0.18,2.175,0.0
ATOM,173.0,CD,ARG,238.0,33.769,-3.944,8.852,0.2,2.175,0.18
ATOM,174.0,NE,ARG,238.0,32.615,-3.089,9.108,-0.7,1.85,0.0
ATOM,175.0,CZ,ARG,238.0,32.689,-1.795,9.4,0.64,2.0,0.11
ATOM,176.0,NH1,ARG,238.0,33.868,-1.194,9.478,-0.8,1.85,20.5
ATOM,177.0,NH2,ARG,238.0,31.578,-1.098,9.593,-0.8,1.85,8.78
ATOM,178.0,H,ARG,238.0,36.095,-6.385,10.73,0.31,0.2245,0.0
ATOM,179.0,HA,ARG,238.0,35.797,-4.518,12.912,0.09,1.32,0.0
ATOM,180.0,HB2,ARG,238.0,34.161,-3.463,11.563,0.09,1.32,3.1
ATOM,181.0,HB3,ARG,238.0,35.602,-3.656,10.821,0.09,1.32,3.56
ATOM,182.0,HG2,ARG,238.0,34.715,-5.572,9.703,0.09,1.32,0.0
ATOM,183.0,HG3,ARG,238.0,33.26,-5.249,10.37,0.09,1.32,0.0
ATOM,184.0,HD2,ARG,238.0,34.565,-3.373,8.652,0.09,1.32,0.0
ATOM,185.0,HD3,ARG,238.0,33.576,-4.533,8.067,0.09,1.32,0.0
ATOM,186.0,HE,ARG,238.0,31.699,-3.508,9.06,0.44,0.2245,0.0
ATOM,187.0,HH11,ARG,238.0,34.713,-1.691,9.302,0.46,0.2245,4.69
ATOM,188.0,HH12,ARG,238.0,33.913,-0.216,9.72,0.46,0.2245,18.76
ATOM,189.0,HH21,ARG,238.0,30.686,-1.546,9.499,0.46,0.2245,0.0
ATOM,190.0,HH22,ARG,238.0,31.626,-0.129,9.831,0.46,0.2245,17.28
ATOM,191.0,N,LEU,239.0,33.664,-6.87,12.735,-0.47,1.85,0.0
ATOM,192.0,CA,LEU,239.0,32.565,-7.506,13.453,0.07,2.275,0.0
ATOM,193.0,C,LEU,239.0,33.099,-7.851,14.844,0.51,2.0,0.0
ATOM,194.0,O,LEU,239.0,32.388,-7.741,15.843,-0.51,1.7,0.0
ATOM,195.0,CB,LEU,239.0,32.098,-8.769,12.72,-0.18,2.175,0.0
ATOM,196.0,CG,LEU,239.0,30.905,-9.515,13.327,-0.09,2.275,0.0
ATOM,197.0,CD1,LEU,239.0,29.717,-8.569,13.499,-0.27,2.06,3.11
ATOM,198.0,CD2,LEU,239.0,30.535,-10.679,12.423,-0.27,2.06,0.0
ATOM,199.0,H,LEU,239.0,34.189,-7.317,11.97,0.31,0.2245,0.0
ATOM,200.0,HA,LEU,239.0,31.827,-6.856,13.553,0.09,1.32,0.0
ATOM,201.0,HB2,LEU,239.0,31.842,-8.505,11.792,0.09,1.32,0.0
ATOM,202.0,HB3,LEU,239.0,32.864,-9.406,12.692,0.09,1.32,0.0
ATOM,203.0,HG,LEU,239.0,31.168,-9.879,14.218,0.09,1.32,0.0
ATOM,204.0,HD11,LEU,239.0,29.454,-8.203,12.607,0.09,1.32,0.0
ATOM,205.0,HD12,LEU,239.0,28.949,-9.071,13.895,0.09,1.32,1.09
ATOM,206.0,HD13,LEU,239.0,29.976,-7.819,14.106,0.09,1.32,0.0
ATOM,207.0,HD21,LEU,239.0,31.315,-11.302,12.342,0.09,1.32,0.0
ATOM,208.0,HD22,LEU,239.0,29.756,-11.172,12.813,0.09,1.32,0.0
ATOM,209.0,HD23,LEU,239.0,30.289,-10.335,11.516,0.09,1.32,0.04
ATOM,210.0,N,HIS,240.0,34.365,-8.258,14.901,-0.47,1.85,0.0
ATOM,211.0,CA,HIS,240.0,35.015,-8.582,16.167,0.07,2.275,0.0
ATOM,212.0,C,HIS,240.0,35.038,-7.32,17.02,0.51,2.0,0.01
ATOM,213.0,O,HIS,240.0,34.668,-7.336,18.196,-0.51,1.7,0.0
ATOM,214.0,CB,HIS,240.0,36.456,-9.042,15.921,-0.09,2.175,6.95
ATOM,215.0,CG,HIS,240.0,36.637,-10.528,15.941,-0.05,1.8,0.68
ATOM,216.0,H,HIS,240.0,34.842,-8.324,13.98,0.31,0.2245,0.0
ATOM,217.0,HA,HIS,240.0,34.471,-9.27,16.637,0.09,1.32,0.0
ATOM,218.0,HB2,HIS,240.0,36.759,-8.698,15.024,0.09,1.32,0.0
ATOM,219.0,HB3,HIS,240.0,37.05,-8.641,16.629,0.09,1.32,6.76
ATOM,220.0,ND1,HIS,240.0,36.727,-11.251,17.111,-0.36,1.85,5.74
ATOM,221.0,CD2,HIS,240.0,36.756,-11.425,14.934,0.22,1.8,10.64
ATOM,222.0,CE1,HIS,240.0,36.895,-12.529,16.824,0.25,1.8,13.8
ATOM,223.0,NE2,HIS,240.0,36.916,-12.662,15.51,-0.7,1.85,14.54
ATOM,224.0,HD1,HIS,240.0,36.672,-10.865,18.032,0.32,0.2245,4.07
ATOM,225.0,HD2,HIS,240.0,36.733,-11.227,13.958,0.1,1.468,0.82
ATOM,226.0,HE1,HIS,240.0,36.991,-13.268,17.485,0.13,0.9,3.98
ATOM,227.0,N,LYS,241.0,35.476,-6.223,16.411,-0.47,1.85,0.0
ATOM,228.0,CA,LYS,241.0,35.554,-4.946,17.104,0.07,2.275,1.06
ATOM,229.0,C,LYS,241.0,34.183,-4.505,17.599,0.51,2.0,0.28
ATOM,230.0,O,LYS,241.0,34.048,-4.032,18.722,-0.51,1.7,0.0
ATOM,231.0,CB,LYS,241.0,36.141,-3.891,16.184,-0.18,2.175,8.01
ATOM,232.0,CG,LYS,241.0,37.554,-4.174,15.686,-0.18,2.175,6.82
ATOM,233.0,CD,LYS,241.0,38.069,-3.078,14.777,-0.18,2.175,7.9
ATOM,234.0,CE,LYS,241.0,39.466,-3.342,14.274,0.21,2.175,16.58
ATOM,235.0,NZ,LYS,241.0,39.927,-2.243,13.388,-0.3,1.85,13.77
ATOM,236.0,H,LYS,241.0,35.751,-6.356,15.418,0.31,0.2245,0.0
ATOM,237.0,HA,LYS,241.0,36.168,-5.041,17.899,0.09,1.32,2.66
ATOM,238.0,HB2,LYS,241.0,35.543,-3.8,15.382,0.09,1.32,0.59
ATOM,239.0,HB3,LYS,241.0,36.156,-3.014,16.675,0.09,1.32,6.56
ATOM,240.0,HG2,LYS,241.0,38.165,-4.257,16.477,0.09,1.32,9.79
ATOM,241.0,HG3,LYS,241.0,37.552,-5.042,15.184,0.09,1.32,0.0
ATOM,242.0,HD2,LYS,241.0,37.454,-2.998,13.989,0.09,1.32,1.24
ATOM,243.0,HD3,LYS,241.0,38.068,-2.213,15.283,0.09,1.32,9.74
ATOM,244.0,HE2,LYS,241.0,40.089,-3.418,15.055,0.05,1.32,10.82
ATOM,245.0,HE3,LYS,241.0,39.476,-4.203,13.761,0.05,1.32,0.14
ATOM,246.0,HZ1,LYS,241.0,39.885,-2.543,12.435,0.33,0.2245,17.82
ATOM,247.0,HZ2,LYS,241.0,39.337,-1.445,13.513,0.33,0.2245,15.15
ATOM,248.0,HZ3,LYS,241.0,40.869,-2.001,13.62,0.33,0.2245,20.39
ATOM,249.0,N,ALA,242.0,33.16,-4.666,16.764,-0.47,1.85,0.3
ATOM,250.0,CA,ALA,242.0,31.812,-4.269,17.148,0.07,2.275,2.63
ATOM,251.0,C,ALA,242.0,31.293,-5.062,18.341,0.51,2.0,0.0
ATOM,252.0,O,ALA,242.0,30.713,-4.496,19.276,-0.51,1.7,0.0
ATOM,253.0,CB,ALA,242.0,30.861,-4.435,15.97,-0.27,2.06,1.89
ATOM,254.0,H,ALA,242.0,33.4,-5.084,15.85,0.31,0.2245,0.0
ATOM,255.0,HA,ALA,242.0,31.821,-3.286,17.395,0.09,1.32,2.36
ATOM,256.0,HB1,ALA,242.0,31.298,-4.991,15.264,0.09,1.32,0.0
ATOM,257.0,HB2,ALA,242.0,30.024,-4.886,16.278,0.09,1.32,0.0
ATOM,258.0,HB3,ALA,242.0,30.636,-3.537,15.594,0.09,1.32,1.43
ATOM,259.0,N,VAL,243.0,31.494,-6.374,18.308,-0.47,1.85,0.0
ATOM,260.0,CA,VAL,243.0,31.022,-7.231,19.385,0.07,2.275,0.0
ATOM,261.0,C,VAL,243.0,31.706,-6.895,20.704,0.51,2.0,0.0
ATOM,262.0,O,VAL,243.0,31.061,-6.86,21.752,-0.51,1.7,0.0
ATOM,263.0,CB,VAL,243.0,31.232,-8.722,19.037,-0.09,2.275,0.0
ATOM,264.0,CG1,VAL,243.0,30.887,-9.598,20.238,-0.27,2.06,0.0
ATOM,265.0,CG2,VAL,243.0,30.348,-9.096,17.847,-0.27,2.06,0.36
ATOM,266.0,H,VAL,243.0,32.0,-6.721,17.475,0.31,0.2245,0.0
ATOM,267.0,HA,VAL,243.0,30.032,-7.075,19.501,0.09,1.32,0.0
ATOM,268.0,HB,VAL,243.0,32.198,-8.854,18.849,0.09,1.32,0.0
ATOM,269.0,HG11,VAL,243.0,30.363,-10.391,19.931,0.09,1.32,0.0
ATOM,270.0,HG12,VAL,243.0,31.73,-9.905,20.678,0.09,1.32,0.0
ATOM,271.0,HG13,VAL,243.0,30.343,-9.07,20.889,0.09,1.32,0.0
ATOM,272.0,HG21,VAL,243.0,30.495,-10.058,17.621,0.09,1.32,0.0
ATOM,273.0,HG22,VAL,243.0,29.391,-8.947,18.091,0.09,1.32,0.0
ATOM,274.0,HG23,VAL,243.0,30.592,-8.523,17.066,0.09,1.32,0.0
ATOM,275.0,N,THR,244.0,33.005,-6.627,20.661,-0.47,1.85,0.0
ATOM,276.0,CA,THR,244.0,33.709,-6.287,21.889,0.07,2.275,1.15
ATOM,277.0,C,THR,244.0,33.343,-4.876,22.376,0.51,2.0,0.24
ATOM,278.0,O,THR,244.0,33.146,-4.663,23.569,-0.51,1.7,20.08
ATOM,279.0,CB,THR,244.0,35.238,-6.404,21.704,0.14,2.275,8.34
ATOM,280.0,OG1,THR,244.0,35.685,-5.444,20.743,-0.66,1.77,11.03
ATOM,281.0,CG2,THR,244.0,35.6,-7.794,21.216,-0.27,2.06,9.94
ATOM,282.0,H,THR,244.0,33.443,-6.678,19.736,0.31,0.2245,0.0
ATOM,283.0,HA,THR,244.0,33.442,-6.942,22.608,0.09,1.32,1.76
ATOM,284.0,HB,THR,244.0,35.691,-6.2,22.596,0.09,1.32,11.2
ATOM,285.0,HG21,THR,244.0,34.959,-8.467,21.593,0.09,1.32,0.0
ATOM,286.0,HG22,THR,244.0,35.556,-7.827,20.214,0.09,1.32,0.0
ATOM,287.0,HG23,THR,244.0,36.53,-8.029,21.51,0.09,1.32,9.72
ATOM,288.0,HG1,THR,244.0,34.909,-5.099,20.204,0.43,0.2245,0.0
ATOM,289.0,N,SER,245.0,33.228,-3.921,21.454,-0.47,1.85,0.0
ATOM,290.0,CA,SER,245.0,32.889,-2.544,21.818,0.07,2.275,0.9
ATOM,291.0,C,SER,245.0,31.449,-2.356,22.288,0.51,2.0,0.0
ATOM,292.0,O,SER,245.0,31.16,-1.466,23.093,-0.51,1.7,25.13
ATOM,293.0,CB,SER,245.0,33.141,-1.598,20.637,0.05,2.175,12.07
ATOM,294.0,OG,SER,245.0,34.524,-1.429,20.391,-0.66,1.77,21.22
ATOM,295.0,H,SER,245.0,33.395,-4.23,20.48,0.31,0.2245,0.0
ATOM,296.0,HA,SER,245.0,33.503,-2.265,22.582,0.09,1.32,7.97
ATOM,297.0,HB2,SER,245.0,32.709,-1.982,19.824,0.09,1.32,0.0
ATOM,298.0,HB3,SER,245.0,32.737,-0.711,20.849,0.09,1.32,4.07
ATOM,299.0,HG,SER,245.0,35.047,-1.783,21.165,0.43,0.2245,14.56
ATOM,300.0,N,HIS,246.0,30.543,-3.188,21.785,-0.47,1.85,0.0
ATOM,301.0,CA,HIS,246.0,29.131,-3.075,22.142,0.07,2.275,0.0
ATOM,302.0,C,HIS,246.0,28.572,-4.398,22.643,0.51,2.0,0.0
ATOM,303.0,O,HIS,246.0,27.422,-4.747,22.377,-0.51,1.7,0.0
ATOM,304.0,CB,HIS,246.0,28.339,-2.594,20.922,-0.09,2.175,0.0
ATOM,305.0,CG,HIS,246.0,28.866,-1.321,20.337,-0.05,1.8,0.0
ATOM,306.0,H,HIS,246.0,30.915,-3.903,21.136,0.31,0.2245,0.0
ATOM,307.0,HA,HIS,246.0,29.044,-2.394,22.882,0.09,1.32,4.12
ATOM,308.0,HB2,HIS,246.0,28.368,-3.305,20.213,0.09,1.32,0.0
ATOM,309.0,HB3,HIS,246.0,27.383,-2.446,21.192,0.09,1.32,0.0
ATOM,310.0,ND1,HIS,246.0,28.684,-0.094,20.941,-0.36,1.85,0.6
ATOM,311.0,CD2,HIS,246.0,29.616,-1.09,19.233,0.22,1.8,2.78
ATOM,312.0,CE1,HIS,246.0,29.299,0.837,20.234,0.25,1.8,21.03
ATOM,313.0,NE2,HIS,246.0,29.874,0.259,19.193,-0.7,1.85,23.28
ATOM,314.0,HD1,HIS,246.0,28.167,0.062,21.782,0.32,0.2245,13.23
ATOM,315.0,HD2,HIS,246.0,29.923,-1.769,18.572,0.1,1.468,0.0
ATOM,316.0,HE1,HIS,246.0,29.325,1.81,20.447,0.13,0.9,17.56
ATOM,317.0,N,TYR,247.0,29.389,-5.118,23.402,-0.47,1.85,0.14
ATOM,318.0,CA,TYR,247.0,28.993,-6.413,23.929,0.07,2.275,0.0
ATOM,319.0,C,TYR,247.0,27.68,-6.399,24.716,0.51,2.0,0.0
ATOM,320.0,O,TYR,247.0,26.801,-7.226,24.478,-0.51,1.7,0.0
ATOM,321.0,CB,TYR,247.0,30.107,-6.979,24.811,-0.18,2.175,9.44
ATOM,322.0,CG,TYR,247.0,29.928,-8.442,25.115,0.0,1.9924,0.57
ATOM,323.0,CD1,TYR,247.0,30.409,-9.417,24.244,-0.115,1.9924,2.48
ATOM,324.0,CD2,TYR,247.0,29.24,-8.857,26.252,-0.115,1.9924,8.1
ATOM,325.0,CE1,TYR,247.0,30.208,-10.767,24.499,-0.115,1.9924,2.02
ATOM,326.0,CE2,TYR,247.0,29.031,-10.208,26.515,-0.115,1.9924,11.59
ATOM,327.0,CZ,TYR,247.0,29.519,-11.155,25.634,0.11,1.9924,1.83
ATOM,328.0,OH,TYR,247.0,29.316,-12.494,25.888,-0.54,1.77,27.12
ATOM,329.0,H,TYR,247.0,30.315,-4.683,23.581,0.31,0.2245,1.11
ATOM,330.0,HA,TYR,247.0,28.876,-7.055,23.145,0.09,1.32,0.0
ATOM,331.0,HB2,TYR,247.0,30.971,-6.859,24.336,0.09,1.32,0.0
ATOM,332.0,HB3,TYR,247.0,30.109,-6.478,25.669,0.09,1.32,1.35
ATOM,333.0,HD1,TYR,247.0,30.907,-9.141,23.421,0.115,1.3582,0.0
ATOM,334.0,HD2,TYR,247.0,28.891,-8.175,26.892,0.115,1.3582,1.21
ATOM,335.0,HE1,TYR,247.0,30.562,-11.456,23.864,0.115,1.3582,0.0
ATOM,336.0,HE2,TYR,247.0,28.532,-10.488,27.333,0.115,1.3582,14.86
ATOM,337.0,HH,TYR,247.0,29.0,-12.941,25.053,0.43,0.2245,2.0
ATOM,338.0,N,HIS,248.0,27.543,-5.462,25.651,-0.47,1.85,0.0
ATOM,339.0,CA,HIS,248.0,26.333,-5.39,26.46,0.07,2.275,1.07
ATOM,340.0,C,HIS,248.0,25.078,-5.224,25.614,0.51,2.0,0.14
ATOM,341.0,O,HIS,248.0,24.123,-5.988,25.746,-0.51,1.7,0.23
ATOM,342.0,CB,HIS,248.0,26.395,-4.218,27.448,-0.09,2.175,11.44
ATOM,343.0,CG,HIS,248.0,27.46,-4.345,28.496,-0.05,1.8,1.42
ATOM,344.0,H,HIS,248.0,28.341,-4.816,25.747,0.31,0.2245,3.06
ATOM,345.0,HA,HIS,248.0,26.248,-6.252,26.985,0.09,1.32,4.76
ATOM,346.0,HB2,HIS,248.0,26.558,-3.366,26.933,0.09,1.32,7.4
ATOM,347.0,HB3,HIS,248.0,25.503,-4.137,27.912,0.09,1.32,9.29
ATOM,348.0,ND1,HIS,248.0,27.504,-3.525,29.604,-0.36,1.85,11.72
ATOM,349.0,CD2,HIS,248.0,28.53,-5.168,28.594,0.22,1.8,13.42
ATOM,350.0,CE1,HIS,248.0,28.557,-3.838,30.339,0.25,1.8,30.52
ATOM,351.0,NE2,HIS,248.0,29.196,-4.832,29.748,-0.7,1.85,30.44
ATOM,352.0,HD1,HIS,248.0,26.841,-2.807,29.816,0.32,0.2245,19.75
ATOM,353.0,HD2,HIS,248.0,28.789,-5.883,27.951,0.1,1.468,0.0
ATOM,354.0,HE1,HIS,248.0,28.824,-3.399,31.192,0.13,0.9,17.56
ATOM,355.0,N,ALA,249.0,25.087,-4.212,24.754,-0.47,1.85,0.11
ATOM,356.0,CA,ALA,249.0,23.941,-3.915,23.911,0.07,2.275,3.19
ATOM,357.0,C,ALA,249.0,23.632,-5.007,22.898,0.51,2.0,0.0
ATOM,358.0,O,ALA,249.0,22.471,-5.358,22.691,-0.51,1.7,1.24
ATOM,359.0,CB,ALA,249.0,24.16,-2.588,23.196,-0.27,2.06,16.61
ATOM,360.0,H,ALA,249.0,25.97,-3.662,24.738,0.31,0.2245,0.78
ATOM,361.0,HA,ALA,249.0,23.123,-3.789,24.506,0.09,1.32,5.84
ATOM,362.0,HB1,ALA,249.0,24.93,-2.107,23.614,0.09,1.32,5.42
ATOM,363.0,HB2,ALA,249.0,24.358,-2.758,22.231,0.09,1.32,0.0
ATOM,364.0,HB3,ALA,249.0,23.336,-2.028,23.273,0.09,1.32,10.7
ATOM,365.0,N,ILE,250.0,24.667,-5.542,22.264,-0.47,1.85,0.0
ATOM,366.0,CA,ILE,250.0,24.457,-6.589,21.275,0.07,2.275,0.0
ATOM,367.0,C,ILE,250.0,23.913,-7.854,21.936,0.51,2.0,0.0
ATOM,368.0,O,ILE,250.0,23.015,-8.5,21.4,-0.51,1.7,0.0
ATOM,369.0,CB,ILE,250.0,25.762,-6.895,20.508,-0.09,2.275,0.0
ATOM,370.0,CG1,ILE,250.0,26.133,-5.684,19.644,-0.18,2.175,0.0
ATOM,371.0,CG2,ILE,250.0,25.584,-8.138,19.63,-0.27,2.06,0.0
ATOM,372.0,CD1,ILE,250.0,27.419,-5.83,18.866,-0.27,2.06,0.0
ATOM,373.0,H,ILE,250.0,25.59,-5.167,22.522,0.31,0.2245,0.0
ATOM,374.0,HA,ILE,250.0,23.737,-6.258,20.658,0.09,1.32,0.0
ATOM,375.0,HB,ILE,250.0,26.481,-7.031,21.172,0.09,1.32,0.0
ATOM,376.0,HG12,ILE,250.0,25.38,-5.515,19.003,0.09,1.32,0.0
ATOM,377.0,HG13,ILE,250.0,26.21,-4.885,20.247,0.09,1.32,0.0
ATOM,378.0,HG21,ILE,250.0,26.437,-8.326,19.151,0.09,1.32,0.16
ATOM,379.0,HG22,ILE,250.0,25.343,-8.915,20.206,0.09,1.32,0.0
ATOM,380.0,HG23,ILE,250.0,24.857,-7.972,18.969,0.09,1.32,0.0
ATOM,381.0,HD11,ILE,250.0,27.347,-6.613,18.249,0.09,1.32,1.85
ATOM,382.0,HD12,ILE,250.0,27.582,-5.0,18.334,0.09,1.32,0.0
ATOM,383.0,HD13,ILE,250.0,28.177,-5.974,19.501,0.09,1.32,0.0
ATOM,384.0,N,THR,251.0,24.439,-8.206,23.105,-0.47,1.85,0.0
ATOM,385.0,CA,THR,251.0,23.952,-9.395,23.795,0.07,2.275,0.0
ATOM,386.0,C,THR,251.0,22.461,-9.242,24.101,0.51,2.0,0.0
ATOM,387.0,O,THR,251.0,21.703,-10.203,24.008,-0.51,1.7,0.0
ATOM,388.0,CB,THR,251.0,24.717,-9.64,25.114,0.14,2.275,1.06
ATOM,389.0,OG1,THR,251.0,26.075,-9.979,24.818,-0.66,1.77,0.0
ATOM,390.0,CG2,THR,251.0,24.083,-10.781,25.896,-0.27,2.06,14.14
ATOM,391.0,H,THR,251.0,25.183,-7.595,23.461,0.31,0.2245,0.0
ATOM,392.0,HA,THR,251.0,24.069,-10.187,23.193,0.09,1.32,0.0
ATOM,393.0,HB,THR,251.0,24.713,-8.778,25.658,0.09,1.32,0.23
ATOM,394.0,HG21,THR,251.0,24.622,-11.618,25.774,0.09,1.32,2.95
ATOM,395.0,HG22,THR,251.0,24.053,-10.549,26.871,0.09,1.32,6.98
ATOM,396.0,HG23,THR,251.0,23.149,-10.941,25.567,0.09,1.32,0.0
ATOM,397.0,HG1,THR,251.0,26.606,-9.15,24.609,0.43,0.2245,0.0
ATOM,398.0,N,GLN,252.0,22.037,-8.038,24.471,-0.47,1.85,0.0
ATOM,399.0,CA,GLN,252.0,20.632,-7.815,24.777,0.07,2.275,0.0
ATOM,400.0,C,GLN,252.0,19.755,-7.823,23.534,0.51,2.0,0.04
ATOM,401.0,O,GLN,252.0,18.583,-8.19,23.6,-0.51,1.7,0.0
ATOM,402.0,CB,GLN,252.0,20.468,-6.519,25.567,-0.18,2.175,11.25
ATOM,403.0,CG,GLN,252.0,21.0,-6.638,26.986,-0.18,2.175,12.15
ATOM,404.0,CD,GLN,252.0,20.311,-7.739,27.777,0.55,2.0,2.31
ATOM,405.0,H,GLN,252.0,22.763,-7.309,24.519,0.31,0.2245,0.0
ATOM,406.0,HA,GLN,252.0,20.321,-8.569,25.379,0.09,1.32,0.0
ATOM,407.0,HB2,GLN,252.0,20.97,-5.795,25.106,0.09,1.32,0.24
ATOM,408.0,HB3,GLN,252.0,19.5,-6.291,25.616,0.09,1.32,2.56
ATOM,409.0,HG2,GLN,252.0,21.977,-6.84,26.947,0.09,1.32,0.09
ATOM,410.0,HG3,GLN,252.0,20.855,-5.77,27.458,0.09,1.32,11.76
ATOM,411.0,OE1,GLN,252.0,19.094,-7.729,27.945,-0.55,1.7,26.02
ATOM,412.0,NE2,GLN,252.0,21.093,-8.692,28.272,-0.62,1.85,14.85
ATOM,413.0,HE21,GLN,252.0,20.705,-9.452,28.822,0.32,0.2245,15.62
ATOM,414.0,HE22,GLN,252.0,22.095,-8.649,28.089,0.3,0.2245,6.01
ATOM,415.0,N,GLU,253.0,20.324,-7.426,22.402,-0.47,1.85,0.21
ATOM,416.0,CA,GLU,253.0,19.581,-7.448,21.148,0.07,2.275,1.68
ATOM,417.0,C,GLU,253.0,19.279,-8.911,20.83,0.51,2.0,0.0
ATOM,418.0,O,GLU,253.0,18.18,-9.249,20.387,-0.51,1.7,0.37
ATOM,419.0,CB,GLU,253.0,20.405,-6.829,20.019,-0.18,2.175,0.39
ATOM,420.0,CG,GLU,253.0,20.57,-5.324,20.104,-0.28,2.175,11.59
ATOM,421.0,CD,GLU,253.0,21.248,-4.776,18.869,0.62,2.0,0.2
ATOM,422.0,OE1,GLU,253.0,22.46,-4.472,18.925,-0.76,1.7,0.0
ATOM,423.0,OE2,GLU,253.0,20.566,-4.671,17.831,-0.76,1.7,14.28
ATOM,424.0,H,GLU,253.0,21.303,-7.112,22.486,0.31,0.2245,0.0
ATOM,425.0,HA,GLU,253.0,18.732,-6.947,21.246,0.09,1.32,3.07
ATOM,426.0,HB2,GLU,253.0,21.306,-7.232,20.052,0.09,1.32,0.0
ATOM,427.0,HB3,GLU,253.0,19.948,-7.033,19.168,0.09,1.32,0.0
ATOM,428.0,HG2,GLU,253.0,19.682,-4.919,20.162,0.09,1.32,9.31
ATOM,429.0,HG3,GLU,253.0,21.138,-5.117,20.872,0.09,1.32,0.0
ATOM,430.0,N,PHE,254.0,20.262,-9.778,21.059,-0.47,1.85,0.0
ATOM,431.0,CA,PHE,254.0,20.078,-11.208,20.831,0.07,2.275,0.0
ATOM,432.0,C,PHE,254.0,18.987,-11.712,21.771,0.51,2.0,0.0
ATOM,433.0,O,PHE,254.0,18.048,-12.382,21.35,-0.51,1.7,0.0
ATOM,434.0,CB,PHE,254.0,21.371,-11.979,21.115,-0.18,2.175,0.0
ATOM,435.0,CG,PHE,254.0,22.391,-11.899,20.011,0.0,1.9924,0.0
ATOM,436.0,CD1,PHE,254.0,23.719,-11.598,20.295,-0.115,1.9924,0.0
ATOM,437.0,CD2,PHE,254.0,22.035,-12.167,18.692,-0.115,1.9924,0.0
ATOM,438.0,CE1,PHE,254.0,24.681,-11.564,19.28,-0.115,1.9924,0.0
ATOM,439.0,CE2,PHE,254.0,22.991,-12.137,17.668,-0.115,1.9924,0.0
ATOM,440.0,CZ,PHE,254.0,24.316,-11.834,17.966,-0.115,1.9924,0.11
ATOM,441.0,H,PHE,254.0,21.144,-9.36,21.403,0.31,0.2245,0.0
ATOM,442.0,HA,PHE,254.0,19.73,-11.315,19.903,0.09,1.32,0.0
ATOM,443.0,HB2,PHE,254.0,21.776,-11.598,21.934,0.09,1.32,0.0
ATOM,444.0,HB3,PHE,254.0,21.133,-12.931,21.243,0.09,1.32,0.0
ATOM,445.0,HD1,PHE,254.0,23.997,-11.404,21.231,0.115,1.3582,0.0
ATOM,446.0,HD2,PHE,254.0,21.086,-12.385,18.468,0.115,1.3582,0.0
ATOM,447.0,HE1,PHE,254.0,25.634,-11.342,19.512,0.115,1.3582,0.0
ATOM,448.0,HE2,PHE,254.0,22.709,-12.335,16.719,0.115,1.3582,0.0
ATOM,449.0,HZ,PHE,254.0,25.002,-11.81,17.243,0.115,1.3582,0.0
ATOM,450.0,N,GLU,255.0,19.124,-11.379,23.052,-0.47,1.85,0.0
ATOM,451.0,CA,GLU,255.0,18.16,-11.788,24.065,0.07,2.275,0.0
ATOM,452.0,C,GLU,255.0,16.731,-11.403,23.686,0.51,2.0,0.0
ATOM,453.0,O,GLU,255.0,15.805,-12.204,23.817,-0.51,1.7,0.0
ATOM,454.0,CB,GLU,255.0,18.508,-11.144,25.41,-0.18,2.175,2.39
ATOM,455.0,CG,GLU,255.0,19.751,-11.694,26.084,-0.28,2.175,2.77
ATOM,456.0,CD,GLU,255.0,19.596,-13.142,26.496,0.62,2.0,3.41
ATOM,457.0,OE1,GLU,255.0,18.493,-13.513,26.948,-0.76,1.7,15.24
ATOM,458.0,OE2,GLU,255.0,20.578,-13.905,26.38,-0.76,1.7,21.05
ATOM,459.0,H,GLU,255.0,19.969,-10.808,23.263,0.31,0.2245,0.0
ATOM,460.0,HA,GLU,255.0,18.211,-12.79,24.198,0.09,1.32,0.0
ATOM,461.0,HB2,GLU,255.0,18.656,-10.18,25.249,0.09,1.32,0.0
ATOM,462.0,HB3,GLU,255.0,17.745,-11.294,26.019,0.09,1.32,3.47
ATOM,463.0,HG2,GLU,255.0,20.496,-11.644,25.446,0.09,1.32,0.0
ATOM,464.0,HG3,GLU,255.0,19.921,-11.17,26.898,0.09,1.32,0.0
ATOM,465.0,N,ASN,256.0,16.561,-10.172,23.217,-0.47,1.85,0.0
ATOM,466.0,CA,ASN,256.0,15.245,-9.668,22.842,0.07,2.275,0.23
ATOM,467.0,C,ASN,256.0,14.667,-10.307,21.585,0.51,2.0,0.0
ATOM,468.0,O,ASN,256.0,13.452,-10.458,21.467,-0.51,1.7,12.83
ATOM,469.0,CB,ASN,256.0,15.3,-8.147,22.684,-0.18,2.175,13.18
ATOM,470.0,CG,ASN,256.0,15.356,-7.427,24.021,0.55,2.0,2.08
ATOM,471.0,H,ASN,256.0,17.432,-9.61,23.142,0.31,0.2245,0.0
ATOM,472.0,HA,ASN,256.0,14.611,-9.894,23.606,0.09,1.32,0.97
ATOM,473.0,HB2,ASN,256.0,16.115,-7.913,22.164,0.09,1.32,0.0
ATOM,474.0,HB3,ASN,256.0,14.483,-7.851,22.198,0.09,1.32,9.18
ATOM,475.0,OD1,ASN,256.0,15.872,-6.315,24.117,-0.55,1.7,30.0
ATOM,476.0,ND2,ASN,256.0,14.807,-8.053,25.057,-0.62,1.85,18.87
ATOM,477.0,HD22,ASN,256.0,14.392,-8.956,24.928,0.3,0.2245,5.9
ATOM,478.0,HD21,ASN,256.0,14.808,-7.628,25.96,0.32,0.2245,19.39
ATOM,479.0,N,PHE,257.0,15.527,-10.668,20.638,-0.47,1.85,0.0
ATOM,480.0,CA,PHE,257.0,15.05,-11.316,19.422,0.07,2.275,0.05
ATOM,481.0,C,PHE,257.0,14.725,-12.766,19.739,0.51,2.0,0.0
ATOM,482.0,O,PHE,257.0,13.869,-13.375,19.105,-0.51,1.7,4.98
ATOM,483.0,CB,PHE,257.0,16.12,-11.281,18.334,-0.18,2.175,0.0
ATOM,484.0,CG,PHE,257.0,16.178,-9.992,17.579,0.0,1.9924,0.0
ATOM,485.0,CD1,PHE,257.0,17.405,-9.446,17.219,-0.115,1.9924,0.0
ATOM,486.0,CD2,PHE,257.0,15.013,-9.332,17.204,-0.115,1.9924,4.03
ATOM,487.0,CE1,PHE,257.0,17.471,-8.258,16.494,-0.115,1.9924,0.93
ATOM,488.0,CE2,PHE,257.0,15.068,-8.144,16.481,-0.115,1.9924,14.51
ATOM,489.0,CZ,PHE,257.0,16.301,-7.606,16.125,-0.115,1.9924,11.66
ATOM,490.0,H,PHE,257.0,16.515,-10.458,20.832,0.31,0.2245,0.0
ATOM,491.0,HA,PHE,257.0,14.191,-10.873,19.172,0.09,1.32,0.91
ATOM,492.0,HB2,PHE,257.0,16.998,-11.424,18.769,0.09,1.32,0.0
ATOM,493.0,HB3,PHE,257.0,15.92,-12.007,17.69,0.09,1.32,0.0
ATOM,494.0,HD1,PHE,257.0,18.249,-9.905,17.478,0.115,1.3582,0.0
ATOM,495.0,HD2,PHE,257.0,14.125,-9.715,17.456,0.115,1.3582,7.67
ATOM,496.0,HE1,PHE,257.0,18.368,-7.879,16.244,0.115,1.3582,0.12
ATOM,497.0,HE2,PHE,257.0,14.211,-7.676,16.219,0.115,1.3582,18.23
ATOM,498.0,HZ,PHE,257.0,16.347,-6.755,15.606,0.115,1.3582,11.7
ATOM,499.0,N,ASP,258.0,15.433,-13.316,20.719,-0.47,1.85,0.0
ATOM,500.0,CA,ASP,258.0,15.24,-14.7,21.136,0.07,2.275,0.0
ATOM,501.0,C,ASP,258.0,14.042,-14.755,22.08,0.51,2.0,0.0
ATOM,502.0,O,ASP,258.0,14.186,-15.013,23.274,-0.51,1.7,0.0
ATOM,503.0,CB,ASP,258.0,16.519,-15.189,21.825,-0.28,2.175,0.0
ATOM,504.0,CG,ASP,258.0,16.459,-16.65,22.23,0.62,2.0,0.0
ATOM,505.0,OD1,ASP,258.0,15.535,-17.372,21.802,-0.76,1.7,0.29
ATOM,506.0,OD2,ASP,258.0,17.361,-17.075,22.977,-0.76,1.7,0.0
ATOM,507.0,H,ASP,258.0,16.131,-12.679,21.16,0.31,0.2245,0.0
ATOM,508.0,HA,ASP,258.0,14.997,-15.225,20.324,0.09,1.32,0.23
ATOM,509.0,HB2,ASP,258.0,17.275,-15.064,21.19,0.09,1.32,0.0
ATOM,510.0,HB3,ASP,258.0,16.658,-14.636,22.64,0.09,1.32,0.0
ATOM,511.0,N,THR,259.0,12.859,-14.51,21.522,-0.47,1.85,0.0
ATOM,512.0,CA,THR,259.0,11.618,-14.495,22.292,0.07,2.275,0.58
ATOM,513.0,C,THR,259.0,11.283,-15.813,22.982,0.51,2.0,0.0
ATOM,514.0,O,THR,259.0,10.616,-15.819,24.02,-0.51,1.7,21.55
ATOM,515.0,CB,THR,259.0,10.424,-14.105,21.401,0.14,2.275,6.37
ATOM,516.0,OG1,THR,259.0,10.204,-15.126,20.421,-0.66,1.77,16.44
ATOM,517.0,CG2,THR,259.0,10.694,-12.779,20.698,-0.27,2.06,23.4
ATOM,518.0,H,THR,259.0,12.894,-14.331,20.495,0.31,0.2245,0.14
ATOM,519.0,HA,THR,259.0,11.698,-13.773,23.01,0.09,1.32,3.77
ATOM,520.0,HB,THR,259.0,9.589,-14.036,21.983,0.09,1.32,10.3
ATOM,521.0,HG21,THR,259.0,11.682,-12.619,20.645,0.09,1.32,0.0
ATOM,522.0,HG22,THR,259.0,10.314,-12.804,19.771,0.09,1.32,10.65
ATOM,523.0,HG23,THR,259.0,10.266,-12.031,21.21,0.09,1.32,11.68
ATOM,524.0,HG1,THR,259.0,11.015,-15.716,20.342,0.43,0.2245,4.48
ATOM,525.0,N,MET,260.0,11.731,-16.926,22.41,-0.47,1.85,0.0
ATOM,526.0,CA,MET,260.0,11.456,-18.235,22.992,0.07,2.275,1.02
ATOM,527.0,C,MET,260.0,12.58,-18.654,23.927,0.51,2.0,0.41
ATOM,528.0,O,MET,260.0,12.495,-19.683,24.598,-0.51,1.7,16.9
ATOM,529.0,CB,MET,260.0,11.287,-19.282,21.887,-0.18,2.175,1.13
ATOM,530.0,CG,MET,260.0,10.133,-19.002,20.937,-0.14,2.175,15.94
ATOM,531.0,SD,MET,260.0,8.54,-18.89,21.792,-0.09,2.0,29.35
ATOM,532.0,CE,MET,260.0,8.326,-20.597,22.31,-0.22,2.06,44.71
ATOM,533.0,H,MET,260.0,12.275,-16.786,21.542,0.31,0.2245,1.66
ATOM,534.0,HA,MET,260.0,10.61,-18.167,23.532,0.09,1.32,3.0
ATOM,535.0,HB2,MET,260.0,12.139,-19.328,21.349,0.09,1.32,2.11
ATOM,536.0,HB3,MET,260.0,11.137,-20.184,22.313,0.09,1.32,0.47
ATOM,537.0,HG2,MET,260.0,10.33,-18.134,20.43,0.09,1.32,1.51
ATOM,538.0,HG3,MET,260.0,10.108,-19.739,20.226,0.09,1.32,10.92
ATOM,539.0,HE1,MET,260.0,7.424,-20.921,22.025,0.09,1.32,11.86
ATOM,540.0,HE2,MET,260.0,9.033,-21.164,21.887,0.09,1.32,5.78
ATOM,541.0,HE3,MET,260.0,8.402,-20.655,23.306,0.09,1.32,10.62
ATOM,542.0,N,LYS,261.0,13.633,-17.844,23.961,-0.47,1.85,0.0
ATOM,543.0,CA,LYS,261.0,14.79,-18.106,24.802,0.07,2.275,0.17
ATOM,544.0,C,LYS,261.0,15.41,-19.48,24.552,0.51,2.0,0.0
ATOM,545.0,O,LYS,261.0,15.694,-20.229,25.488,-0.51,1.7,20.72
ATOM,546.0,CB,LYS,261.0,14.411,-17.949,26.279,-0.18,2.175,10.59
ATOM,547.0,CG,LYS,261.0,14.038,-16.518,26.672,-0.18,2.175,12.0
ATOM,548.0,CD,LYS,261.0,15.21,-15.566,26.451,-0.18,2.175,3.25
ATOM,549.0,CE,LYS,261.0,14.845,-14.124,26.77,0.21,2.175,14.6
ATOM,550.0,NZ,LYS,261.0,13.837,-13.576,25.827,-0.3,1.85,3.19
ATOM,551.0,H,LYS,261.0,13.557,-17.011,23.336,0.31,0.2245,0.0
ATOM,552.0,HA,LYS,261.0,15.496,-17.399,24.619,0.09,1.32,0.0
ATOM,553.0,HB2,LYS,261.0,13.629,-18.536,26.465,0.09,1.32,4.81
ATOM,554.0,HB3,LYS,261.0,15.19,-18.231,26.833,0.09,1.32,7.43
ATOM,555.0,HG2,LYS,261.0,13.269,-16.219,26.112,0.09,1.32,0.0
ATOM,556.0,HG3,LYS,261.0,13.785,-16.502,27.636,0.09,1.32,10.46
ATOM,557.0,HD2,LYS,261.0,15.962,-15.842,27.044,0.09,1.32,7.74
ATOM,558.0,HD3,LYS,261.0,15.491,-15.619,25.496,0.09,1.32,0.0
ATOM,559.0,HE2,LYS,261.0,14.48,-14.082,27.706,0.05,1.32,10.64
ATOM,560.0,HE3,LYS,261.0,15.678,-13.562,26.727,0.05,1.32,0.0
ATOM,561.0,HZ1,LYS,261.0,13.262,-14.319,25.485,0.33,0.2245,0.14
ATOM,562.0,HZ2,LYS,261.0,13.268,-12.904,26.301,0.33,0.2245,18.72
ATOM,563.0,HZ3,LYS,261.0,14.303,-13.136,25.06,0.33,0.2245,0.0
ATOM,564.0,N,THR,262.0,15.618,-19.803,23.278,-0.47,1.85,0.0
ATOM,565.0,CA,THR,262.0,16.226,-21.073,22.889,0.07,2.275,2.33
ATOM,566.0,C,THR,262.0,17.694,-20.848,22.532,0.51,2.0,0.02
ATOM,567.0,O,THR,262.0,18.368,-21.744,22.022,-0.51,1.7,13.88
ATOM,568.0,CB,THR,262.0,15.511,-21.686,21.674,0.14,2.275,5.34
ATOM,569.0,OG1,THR,262.0,15.42,-20.707,20.63,-0.66,1.77,5.24
ATOM,570.0,CG2,THR,262.0,14.118,-22.156,22.057,-0.27,2.06,25.27
ATOM,571.0,H,THR,262.0,15.314,-19.082,22.592,0.31,0.2245,0.0
ATOM,572.0,HA,THR,262.0,16.184,-21.7,23.668,0.09,1.32,6.16
ATOM,573.0,HB,THR,262.0,16.063,-22.47,21.327,0.09,1.32,7.64
ATOM,574.0,HG21,THR,262.0,14.178,-23.002,22.593,0.09,1.32,11.77
ATOM,575.0,HG22,THR,262.0,13.66,-21.453,22.606,0.09,1.32,0.0
ATOM,576.0,HG23,THR,262.0,13.577,-22.33,21.23,0.09,1.32,10.03
ATOM,577.0,HG1,THR,262.0,15.435,-19.78,21.019,0.43,0.2245,0.08
ATOM,578.0,N,ASN,263.0,18.169,-19.638,22.806,-0.47,1.85,0.0
ATOM,579.0,CA,ASN,263.0,19.545,-19.232,22.541,0.07,2.275,0.0
ATOM,580.0,C,ASN,263.0,19.909,-19.139,21.068,0.51,2.0,0.0
ATOM,581.0,O,ASN,263.0,21.038,-19.434,20.674,-0.51,1.7,0.97
ATOM,582.0,CB,ASN,263.0,20.538,-20.147,23.263,-0.18,2.175,5.23
ATOM,583.0,CG,ASN,263.0,20.5,-19.966,24.769,0.55,2.0,0.0
ATOM,584.0,H,ASN,263.0,17.461,-18.989,23.235,0.31,0.2245,0.0
ATOM,585.0,HA,ASN,263.0,19.659,-18.297,22.935,0.09,1.32,0.0
ATOM,586.0,HB2,ASN,263.0,20.307,-21.091,23.05,0.09,1.32,1.89
ATOM,587.0,HB3,ASN,263.0,21.454,-19.933,22.94,0.09,1.32,0.0
ATOM,588.0,OD1,ASN,263.0,20.232,-18.873,25.268,-0.55,1.7,18.08
ATOM,589.0,ND2,ASN,263.0,20.782,-21.037,25.501,-0.62,1.85,21.85
ATOM,590.0,HD22,ASN,263.0,21.01,-21.903,25.051,0.3,0.2245,16.92
ATOM,591.0,HD21,ASN,263.0,20.768,-20.982,26.499,0.32,0.2245,21.97
ATOM,592.0,N,THR,264.0,18.945,-18.722,20.258,-0.47,1.85,0.0
ATOM,593.0,CA,THR,264.0,19.178,-18.543,18.832,0.07,2.275,0.0
ATOM,594.0,C,THR,264.0,18.322,-17.391,18.341,0.51,2.0,0.0
ATOM,595.0,O,THR,264.0,17.367,-16.992,19.002,-0.51,1.7,0.0
ATOM,596.0,CB,THR,264.0,18.782,-19.794,17.993,0.14,2.275,0.0
ATOM,597.0,OG1,THR,264.0,17.372,-20.03,18.108,-0.66,1.77,1.63
ATOM,598.0,CG2,THR,264.0,19.545,-21.024,18.456,-0.27,2.06,6.11
ATOM,599.0,H,THR,264.0,18.034,-18.539,20.718,0.31,0.2245,0.0
ATOM,600.0,HA,THR,264.0,20.139,-18.308,18.692,0.09,1.32,0.0
ATOM,601.0,HB,THR,264.0,18.998,-19.607,17.015,0.09,1.32,0.0
ATOM,602.0,HG21,THR,264.0,20.208,-20.768,19.164,0.09,1.32,0.0
ATOM,603.0,HG22,THR,264.0,18.907,-21.699,18.834,0.09,1.32,3.31
ATOM,604.0,HG23,THR,264.0,20.034,-21.433,17.682,0.09,1.32,0.0
ATOM,605.0,HG1,THR,264.0,16.951,-19.342,18.709,0.43,0.2245,0.0
ATOM,606.0,N,ILE,265.0,18.692,-16.828,17.198,-0.47,1.85,0.0
ATOM,607.0,CA,ILE,265.0,17.894,-15.777,16.582,0.07,2.275,0.0
ATOM,608.0,C,ILE,265.0,17.852,-16.115,15.1,0.51,2.0,0.0
ATOM,609.0,O,ILE,265.0,18.583,-16.998,14.64,-0.51,1.7,0.0
ATOM,610.0,CB,ILE,265.0,18.469,-14.343,16.774,-0.09,2.275,0.0
ATOM,611.0,CG1,ILE,265.0,19.843,-14.211,16.123,-0.18,2.175,0.0
ATOM,612.0,CG2,ILE,265.0,18.513,-13.995,18.25,-0.27,2.06,0.0
ATOM,613.0,CD1,ILE,265.0,20.231,-12.757,15.874,-0.27,2.06,0.0
ATOM,614.0,H,ILE,265.0,19.574,-17.192,16.794,0.31,0.2245,0.0
ATOM,615.0,HA,ILE,265.0,16.975,-15.886,16.924,0.09,1.32,0.0
ATOM,616.0,HB,ILE,265.0,17.846,-13.709,16.325,0.09,1.32,0.0
ATOM,617.0,HG12,ILE,265.0,20.521,-14.624,16.718,0.09,1.32,0.0
ATOM,618.0,HG13,ILE,265.0,19.828,-14.686,15.251,0.09,1.32,0.0
ATOM,619.0,HG21,ILE,265.0,18.824,-13.052,18.364,0.09,1.32,0.0
ATOM,620.0,HG22,ILE,265.0,17.6,-14.091,18.645,0.09,1.32,0.0
ATOM,621.0,HG23,ILE,265.0,19.144,-14.61,18.722,0.09,1.32,0.0
ATOM,622.0,HD11,ILE,265.0,20.251,-12.272,16.745,0.09,1.32,0.0
ATOM,623.0,HD12,ILE,265.0,21.133,-12.729,15.449,0.09,1.32,0.0
ATOM,624.0,HD13,ILE,265.0,19.558,-12.34,15.268,0.09,1.32,0.0
ATOM,625.0,N,SER,266.0,16.993,-15.437,14.35,-0.47,1.85,0.0
ATOM,626.0,CA,SER,266.0,16.875,-15.723,12.927,0.07,2.275,0.0
ATOM,627.0,C,SER,266.0,17.995,-15.093,12.113,0.51,2.0,0.0
ATOM,628.0,O,SER,266.0,18.684,-14.177,12.57,-0.51,1.7,0.0
ATOM,629.0,CB,SER,266.0,15.527,-15.243,12.385,0.05,2.175,12.38
ATOM,630.0,OG,SER,266.0,15.53,-13.846,12.159,-0.66,1.77,2.55
ATOM,631.0,H,SER,266.0,16.441,-14.721,14.843,0.31,0.2245,0.0
ATOM,632.0,HA,SER,266.0,16.929,-16.727,12.804,0.09,1.32,0.0
ATOM,633.0,HB2,SER,266.0,15.342,-15.711,11.525,0.09,1.32,3.52
ATOM,634.0,HB3,SER,266.0,14.818,-15.463,13.051,0.09,1.32,0.95
ATOM,635.0,HG,SER,266.0,15.533,-13.366,13.035,0.43,0.2245,0.0
ATOM,636.0,N,ARG,267.0,18.166,-15.599,10.9,-0.47,1.85,0.0
ATOM,637.0,CA,ARG,267.0,19.183,-15.096,9.989,0.07,2.275,0.0
ATOM,638.0,C,ARG,267.0,18.921,-13.624,9.669,0.51,2.0,0.0
ATOM,639.0,O,ARG,267.0,19.846,-12.807,9.669,-0.51,1.7,0.0
ATOM,640.0,CB,ARG,267.0,19.168,-15.924,8.703,-0.18,2.175,3.3
ATOM,641.0,CG,ARG,267.0,20.285,-15.624,7.714,-0.18,2.175,0.0
ATOM,642.0,CD,ARG,267.0,20.236,-16.657,6.599,0.2,2.175,12.27
ATOM,643.0,NE,ARG,267.0,21.407,-16.634,5.727,-0.7,1.85,2.85
ATOM,644.0,CZ,ARG,267.0,21.476,-15.988,4.568,0.64,2.0,1.61
ATOM,645.0,NH1,ARG,267.0,20.438,-15.289,4.127,-0.8,1.85,15.31
ATOM,646.0,NH2,ARG,267.0,22.575,-16.074,3.828,-0.8,1.85,10.43
ATOM,647.0,H,ARG,267.0,17.517,-16.378,10.658,0.31,0.2245,2.89
ATOM,648.0,HA,ARG,267.0,20.083,-15.171,10.428,0.09,1.32,0.0
ATOM,649.0,HB2,ARG,267.0,19.231,-16.892,8.955,0.09,1.32,0.0
ATOM,650.0,HB3,ARG,267.0,18.295,-15.763,8.239,0.09,1.32,0.0
ATOM,651.0,HG2,ARG,267.0,20.147,-14.733,7.319,0.09,1.32,0.34
ATOM,652.0,HG3,ARG,267.0,21.156,-15.697,8.167,0.09,1.32,0.0
ATOM,653.0,HD2,ARG,267.0,20.158,-17.564,7.021,0.09,1.32,2.22
ATOM,654.0,HD3,ARG,267.0,19.414,-16.48,6.051,0.09,1.32,2.18
ATOM,655.0,HE,ARG,267.0,22.225,-17.147,6.027,0.44,0.2245,0.0
ATOM,656.0,HH11,ARG,267.0,19.6,-15.219,4.663,0.46,0.2245,4.29
ATOM,657.0,HH12,ARG,267.0,20.496,-14.82,3.238,0.46,0.2245,9.49
ATOM,658.0,HH21,ARG,267.0,23.355,-16.611,4.158,0.46,0.2245,1.54
ATOM,659.0,HH22,ARG,267.0,22.627,-15.606,2.948,0.46,0.2245,0.0
ATOM,660.0,N,GLU,268.0,17.661,-13.285,9.405,-0.47,1.85,0.0
ATOM,661.0,CA,GLU,268.0,17.314,-11.904,9.081,0.07,2.275,0.37
ATOM,662.0,C,GLU,268.0,17.512,-10.984,10.277,0.51,2.0,0.2
ATOM,663.0,O,GLU,268.0,17.873,-9.821,10.107,-0.51,1.7,5.4
ATOM,664.0,CB,GLU,268.0,15.868,-11.806,8.58,-0.18,2.175,13.64
ATOM,665.0,CG,GLU,268.0,15.581,-12.601,7.313,-0.28,2.175,22.13
ATOM,666.0,CD,GLU,268.0,15.714,-14.094,7.523,0.62,2.0,3.03
ATOM,667.0,OE1,GLU,268.0,15.14,-14.611,8.499,-0.76,1.7,20.3
ATOM,668.0,OE2,GLU,268.0,16.392,-14.753,6.708,-0.76,1.7,21.52
ATOM,669.0,H,GLU,268.0,16.978,-14.056,9.448,0.31,0.2245,0.0
ATOM,670.0,HA,GLU,268.0,17.885,-11.584,8.312,0.09,1.32,0.39
ATOM,671.0,HB2,GLU,268.0,15.282,-12.156,9.291,0.09,1.32,2.5
ATOM,672.0,HB3,GLU,268.0,15.682,-10.858,8.386,0.09,1.32,9.23
ATOM,673.0,HG2,GLU,268.0,14.656,-12.418,7.04,0.09,1.32,11.0
ATOM,674.0,HG3,GLU,268.0,16.234,-12.336,6.629,0.09,1.32,7.98
ATOM,675.0,N,GLU,269.0,17.273,-11.496,11.483,-0.47,1.85,0.05
ATOM,676.0,CA,GLU,269.0,17.466,-10.694,12.684,0.07,2.275,0.37
ATOM,677.0,C,GLU,269.0,18.955,-10.431,12.858,0.51,2.0,0.0
ATOM,678.0,O,GLU,269.0,19.357,-9.327,13.222,-0.51,1.7,0.0
ATOM,679.0,CB,GLU,269.0,16.89,-11.412,13.911,-0.18,2.175,0.0
ATOM,680.0,CG,GLU,269.0,15.365,-11.395,13.931,-0.28,2.175,11.05
ATOM,681.0,CD,GLU,269.0,14.756,-12.471,14.812,0.62,2.0,0.0
ATOM,682.0,OE1,GLU,269.0,13.509,-12.569,14.845,-0.76,1.7,31.32
ATOM,683.0,OE2,GLU,269.0,15.513,-13.22,15.467,-0.76,1.7,0.01
ATOM,684.0,H,GLU,269.0,16.951,-12.476,11.489,0.31,0.2245,0.0
ATOM,685.0,HA,GLU,269.0,16.98,-9.827,12.595,0.09,1.32,1.75
ATOM,686.0,HB2,GLU,269.0,17.176,-12.345,13.872,0.09,1.32,0.0
ATOM,687.0,HB3,GLU,269.0,17.203,-10.942,14.707,0.09,1.32,0.0
ATOM,688.0,HG2,GLU,269.0,15.073,-10.522,14.282,0.09,1.32,0.44
ATOM,689.0,HG3,GLU,269.0,15.043,-11.546,13.012,0.09,1.32,2.31
ATOM,690.0,N,PHE,270.0,19.776,-11.443,12.587,-0.47,1.85,0.0
ATOM,691.0,CA,PHE,270.0,21.214,-11.27,12.705,0.07,2.275,0.0
ATOM,692.0,C,PHE,270.0,21.67,-10.226,11.69,0.51,2.0,0.0
ATOM,693.0,O,PHE,270.0,22.505,-9.376,11.993,-0.51,1.7,0.0
ATOM,694.0,CB,PHE,270.0,21.949,-12.592,12.461,-0.18,2.175,0.0
ATOM,695.0,CG,PHE,270.0,23.445,-12.454,12.461,0.0,1.9924,0.0
ATOM,696.0,CD1,PHE,270.0,24.108,-11.96,13.578,-0.115,1.9924,0.0
ATOM,697.0,CD2,PHE,270.0,24.189,-12.799,11.338,-0.115,1.9924,0.0
ATOM,698.0,CE1,PHE,270.0,25.494,-11.811,13.58,-0.115,1.9924,0.2
ATOM,699.0,CE2,PHE,270.0,25.579,-12.652,11.327,-0.115,1.9924,0.0
ATOM,700.0,CZ,PHE,270.0,26.23,-12.156,12.455,-0.115,1.9924,0.0
ATOM,701.0,H,PHE,270.0,19.318,-12.319,12.3,0.31,0.2245,0.0
ATOM,702.0,HA,PHE,270.0,21.393,-10.888,13.61,0.09,1.32,0.0
ATOM,703.0,HB2,PHE,270.0,21.698,-13.214,13.185,0.09,1.32,0.0
ATOM,704.0,HB3,PHE,270.0,21.672,-12.932,11.577,0.09,1.32,0.0
ATOM,705.0,HD1,PHE,270.0,23.592,-11.708,14.392,0.115,1.3582,0.0
ATOM,706.0,HD2,PHE,270.0,23.728,-13.157,10.528,0.115,1.3582,0.0
ATOM,707.0,HE1,PHE,270.0,25.952,-11.452,14.401,0.115,1.3582,0.66
ATOM,708.0,HE2,PHE,270.0,26.102,-12.904,10.502,0.115,1.3582,0.0
ATOM,709.0,HZ,PHE,270.0,27.222,-12.049,12.455,0.115,1.3582,0.0
ATOM,710.0,N,ARG,271.0,21.115,-10.282,10.485,-0.47,1.85,0.0
ATOM,711.0,CA,ARG,271.0,21.489,-9.313,9.467,0.07,2.275,0.0
ATOM,712.0,C,ARG,271.0,21.118,-7.9,9.923,0.51,2.0,0.0
ATOM,713.0,O,ARG,271.0,21.842,-6.942,9.656,-0.51,1.7,0.0
ATOM,714.0,CB,ARG,271.0,20.793,-9.642,8.151,-0.18,2.175,0.14
ATOM,715.0,CG,ARG,271.0,21.313,-8.826,6.987,-0.18,2.175,1.27
ATOM,716.0,CD,ARG,271.0,20.741,-9.328,5.678,0.2,2.175,4.16
ATOM,717.0,NE,ARG,271.0,21.302,-8.6,4.549,-0.7,1.85,3.94
ATOM,718.0,CZ,ARG,271.0,21.132,-8.947,3.279,0.64,2.0,1.94
ATOM,719.0,NH1,ARG,271.0,20.411,-10.019,2.972,-0.8,1.85,13.38
ATOM,720.0,NH2,ARG,271.0,21.693,-8.224,2.318,-0.8,1.85,9.94
ATOM,721.0,H,ARG,271.0,20.431,-11.036,10.345,0.31,0.2245,0.0
ATOM,722.0,HA,ARG,271.0,22.482,-9.351,9.326,0.09,1.32,0.0
ATOM,723.0,HB2,ARG,271.0,20.944,-10.602,7.95,0.09,1.32,0.0
ATOM,724.0,HB3,ARG,271.0,19.824,-9.454,8.254,0.09,1.32,1.35
ATOM,725.0,HG2,ARG,271.0,21.045,-7.874,7.1,0.09,1.32,0.0
ATOM,726.0,HG3,ARG,271.0,22.304,-8.902,6.943,0.09,1.32,0.0
ATOM,727.0,HD2,ARG,271.0,20.962,-10.293,5.591,0.09,1.32,0.0
ATOM,728.0,HD3,ARG,271.0,19.756,-9.197,5.699,0.09,1.32,9.22
ATOM,729.0,HE,ARG,271.0,21.855,-7.78,4.743,0.44,0.2245,0.22
ATOM,730.0,HH11,ARG,271.0,19.972,-10.565,3.679,0.46,0.2245,7.29
ATOM,731.0,HH12,ARG,271.0,20.304,-10.285,2.006,0.46,0.2245,6.34
ATOM,732.0,HH21,ARG,271.0,22.226,-7.409,2.554,0.46,0.2245,1.16
ATOM,733.0,HH22,ARG,271.0,21.585,-8.489,1.361,0.46,0.2245,0.0
ATOM,734.0,N,ALA,272.0,19.987,-7.769,10.613,-0.47,1.85,0.34
ATOM,735.0,CA,ALA,272.0,19.556,-6.46,11.101,0.07,2.275,2.57
ATOM,736.0,C,ALA,272.0,20.593,-5.893,12.064,0.51,2.0,0.21
ATOM,737.0,O,ALA,272.0,20.874,-4.693,12.057,-0.51,1.7,7.04
ATOM,738.0,CB,ALA,272.0,18.206,-6.572,11.793,-0.27,2.06,25.03
ATOM,739.0,H,ALA,272.0,19.46,-8.642,10.767,0.31,0.2245,0.0
ATOM,740.0,HA,ALA,272.0,19.468,-5.836,10.32,0.09,1.32,0.57
ATOM,741.0,HB1,ALA,272.0,17.72,-7.376,11.451,0.09,1.32,0.75
ATOM,742.0,HB2,ALA,272.0,18.342,-6.661,12.78,0.09,1.32,0.55
ATOM,743.0,HB3,ALA,272.0,17.665,-5.753,11.605,0.09,1.32,11.66
ATOM,744.0,N,ILE,273.0,21.154,-6.76,12.901,-0.47,1.85,0.0
ATOM,745.0,CA,ILE,273.0,22.168,-6.335,13.85,0.07,2.275,0.46
ATOM,746.0,C,ILE,273.0,23.423,-5.922,13.084,0.51,2.0,0.0
ATOM,747.0,O,ILE,273.0,24.028,-4.889,13.373,-0.51,1.7,0.0
ATOM,748.0,CB,ILE,273.0,22.496,-7.468,14.851,-0.09,2.275,0.0
ATOM,749.0,CG1,ILE,273.0,21.283,-7.709,15.759,-0.18,2.175,0.45
ATOM,750.0,CG2,ILE,273.0,23.726,-7.098,15.685,-0.27,2.06,4.26
ATOM,751.0,CD1,ILE,273.0,21.416,-8.91,16.676,-0.27,2.06,0.0
ATOM,752.0,H,ILE,273.0,20.813,-7.734,12.817,0.31,0.2245,0.0
ATOM,753.0,HA,ILE,273.0,21.82,-5.509,14.289,0.09,1.32,0.73
ATOM,754.0,HB,ILE,273.0,22.661,-8.293,14.333,0.09,1.32,0.0
ATOM,755.0,HG12,ILE,273.0,21.139,-6.89,16.316,0.09,1.32,0.0
ATOM,756.0,HG13,ILE,273.0,20.479,-7.839,15.176,0.09,1.32,0.0
ATOM,757.0,HG21,ILE,273.0,23.933,-7.843,16.314,0.09,1.32,0.0
ATOM,758.0,HG22,ILE,273.0,24.502,-6.946,15.077,0.09,1.32,0.56
ATOM,759.0,HG23,ILE,273.0,23.535,-6.266,16.201,0.09,1.32,0.0
ATOM,760.0,HD11,ILE,273.0,22.207,-8.784,17.271,0.09,1.32,0.0
ATOM,761.0,HD12,ILE,273.0,20.589,-8.995,17.229,0.09,1.32,0.0
ATOM,762.0,HD13,ILE,273.0,21.538,-9.733,16.125,0.09,1.32,0.0
ATOM,763.0,N,CYS,274.0,23.803,-6.718,12.091,-0.47,1.85,0.0
ATOM,764.0,CA,CYS,274.0,24.978,-6.398,11.292,0.07,2.275,0.0
ATOM,765.0,C,CYS,274.0,24.803,-5.044,10.603,0.51,2.0,0.0
ATOM,766.0,O,CYS,274.0,25.748,-4.259,10.514,-0.51,1.7,0.0
ATOM,767.0,CB,CYS,274.0,25.223,-7.489,10.25,-0.11,2.175,0.0
ATOM,768.0,SG,CYS,274.0,25.861,-9.04,10.933,-0.23,2.0,0.03
ATOM,769.0,H,CYS,274.0,23.214,-7.551,11.942,0.31,0.2245,0.0
ATOM,770.0,HA,CYS,274.0,25.771,-6.333,11.904,0.09,1.32,0.04
ATOM,771.0,HB2,CYS,274.0,24.358,-7.682,9.792,0.09,1.32,0.0
ATOM,772.0,HB3,CYS,274.0,25.886,-7.143,9.588,0.09,1.32,0.0
ATOM,773.0,HG,CYS,274.0,26.534,-8.837,11.644,0.16,0.45,0.04
ATOM,774.0,N,ASN,275.0,23.594,-4.775,10.117,-0.47,1.85,0.0
ATOM,775.0,CA,ASN,275.0,23.304,-3.509,9.442,0.07,2.275,0.0
ATOM,776.0,C,ASN,275.0,23.712,-2.305,10.29,0.51,2.0,0.08
ATOM,777.0,O,ASN,275.0,24.344,-1.371,9.789,-0.51,1.7,8.74
ATOM,778.0,CB,ASN,275.0,21.801,-3.388,9.131,-0.18,2.175,8.58
ATOM,779.0,CG,ASN,275.0,21.359,-4.22,7.93,0.55,2.0,0.0
ATOM,780.0,H,ASN,275.0,22.89,-5.523,10.255,0.31,0.2245,0.0
ATOM,781.0,HA,ASN,275.0,23.867,-3.483,8.605,0.09,1.32,0.0
ATOM,782.0,HB2,ASN,275.0,21.29,-3.693,9.932,0.09,1.32,0.0
ATOM,783.0,HB3,ASN,275.0,21.597,-2.429,8.944,0.09,1.32,5.62
ATOM,784.0,OD1,ASN,275.0,20.156,-4.381,7.689,-0.55,1.7,28.89
ATOM,785.0,ND2,ASN,275.0,22.311,-4.731,7.171,-0.62,1.85,0.0
ATOM,786.0,HD22,ASN,275.0,23.275,-4.566,7.405,0.3,0.2245,0.0
ATOM,787.0,HD21,ASN,275.0,22.083,-5.279,6.369,0.32,0.2245,1.53
ATOM,788.0,N,ARG,276.0,23.357,-2.317,11.57,-0.47,1.85,0.0
ATOM,789.0,CA,ARG,276.0,23.681,-1.174,12.415,0.07,2.275,1.57
ATOM,790.0,C,ARG,276.0,25.032,-1.225,13.1,0.51,2.0,0.0
ATOM,791.0,O,ARG,276.0,25.624,-0.177,13.362,-0.51,1.7,24.42
ATOM,792.0,CB,ARG,276.0,22.6,-0.952,13.481,-0.18,2.175,11.27
ATOM,793.0,CG,ARG,276.0,22.949,-1.491,14.868,-0.18,2.175,0.59
ATOM,794.0,CD,ARG,276.0,22.147,-0.808,15.984,0.2,2.175,4.8
ATOM,795.0,NE,ARG,276.0,22.768,0.423,16.483,-0.7,1.85,3.07
ATOM,796.0,CZ,ARG,276.0,22.362,1.075,17.57,0.64,2.0,1.86
ATOM,797.0,NH1,ARG,276.0,21.334,0.618,18.269,-0.8,1.85,16.3
ATOM,798.0,NH2,ARG,276.0,22.992,2.173,17.972,-0.8,1.85,20.55
ATOM,799.0,H,ARG,276.0,22.863,-3.154,11.891,0.31,0.2245,0.0
ATOM,800.0,HA,ARG,276.0,23.643,-0.326,11.836,0.09,1.32,8.16
ATOM,801.0,HB2,ARG,276.0,22.442,0.029,13.564,0.09,1.32,7.52
ATOM,802.0,HB3,ARG,276.0,21.765,-1.405,13.178,0.09,1.32,5.03
ATOM,803.0,HG2,ARG,276.0,22.752,-2.469,14.904,0.09,1.32,0.0
ATOM,804.0,HG3,ARG,276.0,23.919,-1.336,15.05,0.09,1.32,0.0
ATOM,805.0,HD2,ARG,276.0,21.239,-0.596,15.62,0.09,1.32,8.76
ATOM,806.0,HD3,ARG,276.0,22.058,-1.462,16.737,0.09,1.32,0.0
ATOM,807.0,HE,ARG,276.0,23.548,0.796,15.971,0.44,0.2245,4.36
ATOM,808.0,HH11,ARG,276.0,20.863,-0.221,18.013,0.46,0.2245,7.81
ATOM,809.0,HH12,ARG,276.0,21.02,1.129,19.082,0.46,0.2245,17.98
ATOM,810.0,HH21,ARG,276.0,23.792,2.495,17.456,0.46,0.2245,17.44
ATOM,811.0,HH22,ARG,276.0,22.678,2.671,18.773,0.46,0.2245,18.31
ATOM,812.0,N,ARG,277.0,25.524,-2.425,13.391,-0.47,1.85,0.0
ATOM,813.0,CA,ARG,277.0,26.796,-2.551,14.095,0.07,2.275,0.06
ATOM,814.0,C,ARG,277.0,28.049,-2.607,13.233,0.51,2.0,0.53
ATOM,815.0,O,ARG,277.0,29.132,-2.239,13.694,-0.51,1.7,17.03
ATOM,816.0,CB,ARG,277.0,26.765,-3.775,15.013,-0.18,2.175,0.44
ATOM,817.0,CG,ARG,277.0,25.63,-3.752,16.028,-0.18,2.175,0.0
ATOM,818.0,CD,ARG,277.0,25.724,-2.541,16.954,0.2,2.175,0.38
ATOM,819.0,NE,ARG,277.0,24.643,-2.527,17.936,-0.7,1.85,0.0
ATOM,820.0,CZ,ARG,277.0,24.565,-1.674,18.951,0.64,2.0,0.0
ATOM,821.0,NH1,ARG,277.0,25.507,-0.757,19.125,-0.8,1.85,1.8
ATOM,822.0,NH2,ARG,277.0,23.546,-1.739,19.795,-0.8,1.85,1.99
ATOM,823.0,H,ARG,277.0,24.951,-3.225,13.088,0.31,0.2245,0.0
ATOM,824.0,HA,ARG,277.0,26.886,-1.753,14.742,0.09,1.32,2.76
ATOM,825.0,HB2,ARG,277.0,26.657,-4.586,14.448,0.09,1.32,0.05
ATOM,826.0,HB3,ARG,277.0,27.624,-3.813,15.512,0.09,1.32,0.0
ATOM,827.0,HG2,ARG,277.0,24.757,-3.708,15.55,0.09,1.32,0.0
ATOM,828.0,HG3,ARG,277.0,25.67,-4.573,16.591,0.09,1.32,0.0
ATOM,829.0,HD2,ARG,277.0,26.599,-2.583,17.425,0.09,1.32,0.0
ATOM,830.0,HD3,ARG,277.0,25.672,-1.722,16.392,0.09,1.32,0.49
ATOM,831.0,HE,ARG,277.0,23.909,-3.209,17.837,0.44,0.2245,0.0
ATOM,832.0,HH11,ARG,277.0,26.273,-0.677,18.493,0.46,0.2245,3.04
ATOM,833.0,HH12,ARG,277.0,25.448,-0.127,19.91,0.46,0.2245,7.03
ATOM,834.0,HH21,ARG,277.0,22.825,-2.422,19.652,0.46,0.2245,0.5
ATOM,835.0,HH22,ARG,277.0,23.492,-1.113,20.57,0.46,0.2245,5.73
ATOM,836.0,N,VAL,278.0,27.917,-3.059,11.991,-0.47,1.85,0.01
ATOM,837.0,CA,VAL,278.0,29.079,-3.15,11.115,0.07,2.275,0.0
ATOM,838.0,C,VAL,278.0,28.881,-2.308,9.862,0.51,2.0,0.76
ATOM,839.0,O,VAL,278.0,29.59,-1.329,9.643,-0.51,1.7,9.42
ATOM,840.0,CB,VAL,278.0,29.355,-4.609,10.708,-0.09,2.275,0.14
ATOM,841.0,CG1,VAL,278.0,30.605,-4.683,9.841,-0.27,2.06,0.06
ATOM,842.0,CG2,VAL,278.0,29.52,-5.469,11.952,-0.27,2.06,0.29
ATOM,843.0,H,VAL,278.0,26.963,-3.327,11.715,0.31,0.2245,0.0
ATOM,844.0,HA,VAL,278.0,29.875,-2.786,11.611,0.09,1.32,0.68
ATOM,845.0,HB,VAL,278.0,28.594,-4.916,10.148,0.09,1.32,0.0
ATOM,846.0,HG11,VAL,278.0,30.792,-5.637,9.607,0.09,1.32,0.0
ATOM,847.0,HG12,VAL,278.0,30.461,-4.157,9.003,0.09,1.32,0.0
ATOM,848.0,HG13,VAL,278.0,31.382,-4.304,10.343,0.09,1.32,0.0
ATOM,849.0,HG21,VAL,278.0,30.492,-5.552,12.17,0.09,1.32,0.0
ATOM,850.0,HG22,VAL,278.0,29.039,-5.04,12.717,0.09,1.32,0.0
ATOM,851.0,HG23,VAL,278.0,29.136,-6.376,11.78,0.09,1.32,0.06
ATOM,852.0,N,GLN,279.0,27.909,-2.694,9.043,-0.47,1.85,0.0
ATOM,853.0,CA,GLN,279.0,27.602,-1.965,7.819,0.07,2.275,1.11
ATOM,854.0,C,GLN,279.0,26.445,-2.682,7.148,0.51,2.0,0.0
ATOM,855.0,O,GLN,279.0,26.101,-3.803,7.522,-0.51,1.7,0.0
ATOM,856.0,CB,GLN,279.0,28.802,-1.958,6.867,-0.18,2.175,10.7
ATOM,857.0,CG,GLN,279.0,29.115,-3.321,6.257,-0.18,2.175,0.0
ATOM,858.0,CD,GLN,279.0,30.447,-3.344,5.53,0.55,2.0,0.39
ATOM,859.0,H,GLN,279.0,27.396,-3.546,9.346,0.31,0.2245,0.0
ATOM,860.0,HA,GLN,279.0,27.296,-1.054,8.07,0.09,1.32,7.68
ATOM,861.0,HB2,GLN,279.0,28.616,-1.32,6.12,0.09,1.32,7.14
ATOM,862.0,HB3,GLN,279.0,29.611,-1.651,7.371,0.09,1.32,0.0
ATOM,863.0,HG2,GLN,279.0,29.139,-4.0,6.99,0.09,1.32,0.0
ATOM,864.0,HG3,GLN,279.0,28.392,-3.553,5.608,0.09,1.32,0.0
ATOM,865.0,OE1,GLN,279.0,30.513,-3.206,4.306,-0.55,1.7,20.82
ATOM,866.0,NE2,GLN,279.0,31.522,-3.507,6.291,-0.62,1.85,4.05
ATOM,867.0,HE21,GLN,279.0,32.453,-3.547,5.875,0.32,0.2245,5.68
ATOM,868.0,HE22,GLN,279.0,31.407,-3.591,7.298,0.3,0.2245,0.0
ATOM,869.0,N,ILE,280.0,25.837,-2.031,6.165,-0.47,1.85,0.0
ATOM,870.0,CA,ILE,280.0,24.747,-2.658,5.443,0.07,2.275,0.0
ATOM,871.0,C,ILE,280.0,25.397,-3.528,4.383,0.51,2.0,0.0
ATOM,872.0,O,ILE,280.0,25.89,-3.046,3.365,-0.51,1.7,15.19
ATOM,873.0,CB,ILE,280.0,23.83,-1.611,4.797,-0.09,2.275,0.48
ATOM,874.0,CG1,ILE,280.0,23.128,-0.822,5.902,-0.18,2.175,2.2
ATOM,875.0,CG2,ILE,280.0,22.802,-2.294,3.895,-0.27,2.06,28.6
ATOM,876.0,CD1,ILE,280.0,22.366,0.365,5.405,-0.27,2.06,42.61
ATOM,877.0,H,ILE,280.0,26.194,-1.085,5.972,0.31,0.2245,7.39
ATOM,878.0,HA,ILE,280.0,24.302,-3.271,6.079,0.09,1.32,0.0
ATOM,879.0,HB,ILE,280.0,24.394,-0.983,4.282,0.09,1.32,7.12
ATOM,880.0,HG12,ILE,280.0,22.504,-1.442,6.379,0.09,1.32,0.16
ATOM,881.0,HG13,ILE,280.0,23.825,-0.516,6.553,0.09,1.32,2.48
ATOM,882.0,HG21,ILE,280.0,22.216,-1.602,3.48,0.09,1.32,5.86
ATOM,883.0,HG22,ILE,280.0,23.276,-2.804,3.181,0.09,1.32,1.99
ATOM,884.0,HG23,ILE,280.0,22.248,-2.919,4.44,0.09,1.32,1.49
ATOM,885.0,HD11,ILE,280.0,21.659,0.069,4.76,0.09,1.32,6.33
ATOM,886.0,HD12,ILE,280.0,21.931,0.837,6.175,0.09,1.32,11.62
ATOM,887.0,HD13,ILE,280.0,22.988,0.999,4.941,0.09,1.32,10.85
ATOM,888.0,N,LEU,281.0,25.42,-4.823,4.659,-0.47,1.85,0.0
ATOM,889.0,CA,LEU,281.0,26.03,-5.788,3.768,0.07,2.275,0.0
ATOM,890.0,C,LEU,281.0,25.174,-6.076,2.553,0.51,2.0,0.0
ATOM,891.0,O,LEU,281.0,23.947,-6.076,2.628,-0.51,1.7,2.01
ATOM,892.0,CB,LEU,281.0,26.278,-7.095,4.526,-0.18,2.175,0.0
ATOM,893.0,CG,LEU,281.0,27.235,-7.002,5.716,-0.09,2.275,0.0
ATOM,894.0,CD1,LEU,281.0,27.179,-8.29,6.521,-0.27,2.06,0.0
ATOM,895.0,CD2,LEU,281.0,28.645,-6.743,5.215,-0.27,2.06,0.0
ATOM,896.0,H,LEU,281.0,24.966,-5.082,5.562,0.31,0.2245,0.0
ATOM,897.0,HA,LEU,281.0,26.92,-5.418,3.451,0.09,1.32,0.0
ATOM,898.0,HB2,LEU,281.0,25.403,-7.417,4.873,0.09,1.32,0.0
ATOM,899.0,HB3,LEU,281.0,26.661,-7.751,3.886,0.09,1.32,0.0
ATOM,900.0,HG,LEU,281.0,26.962,-6.237,6.293,0.09,1.32,0.0
ATOM,901.0,HD11,LEU,281.0,27.447,-9.06,5.941,0.09,1.32,0.0
ATOM,902.0,HD12,LEU,281.0,27.806,-8.227,7.299,0.09,1.32,0.13
ATOM,903.0,HD13,LEU,281.0,26.248,-8.436,6.856,0.09,1.32,0.0
ATOM,904.0,HD21,LEU,281.0,28.667,-5.883,4.703,0.09,1.32,0.0
ATOM,905.0,HD22,LEU,281.0,29.272,-6.682,5.993,0.09,1.32,0.0
ATOM,906.0,HD23,LEU,281.0,28.932,-7.492,4.616,0.09,1.32,0.0
ATOM,907.0,N,THR,282.0,25.822,-6.317,1.421,-0.47,1.85,0.0
ATOM,908.0,CA,THR,282.0,25.08,-6.66,0.219,0.07,2.275,0.83
ATOM,909.0,C,THR,282.0,24.64,-8.11,0.422,0.51,2.0,0.0
ATOM,910.0,O,THR,282.0,25.138,-8.792,1.323,-0.51,1.7,0.0
ATOM,911.0,CB,THR,282.0,25.969,-6.58,-1.038,0.14,2.275,4.14
ATOM,912.0,OG1,THR,282.0,27.053,-7.51,-0.916,-0.66,1.77,2.67
ATOM,913.0,CG2,THR,282.0,26.536,-5.176,-1.201,-0.27,2.06,34.36
ATOM,914.0,H,THR,282.0,26.846,-6.243,1.469,0.31,0.2245,0.0
ATOM,915.0,HA,THR,282.0,24.274,-6.096,0.165,0.09,1.32,6.9
ATOM,916.0,HB,THR,282.0,25.413,-6.844,-1.851,0.09,1.32,6.76
ATOM,917.0,HG21,THR,282.0,25.798,-4.502,-1.131,0.09,1.32,10.27
ATOM,918.0,HG22,THR,282.0,27.213,-4.998,-0.484,0.09,1.32,0.81
ATOM,919.0,HG23,THR,282.0,26.976,-5.09,-2.097,0.09,1.32,12.21
ATOM,920.0,HG1,THR,282.0,27.78,-7.125,-0.338,0.43,0.2245,0.0
ATOM,921.0,N,ASP,283.0,23.703,-8.585,-0.391,-0.47,1.85,0.0
ATOM,922.0,CA,ASP,283.0,23.248,-9.963,-0.258,0.07,2.275,0.04
ATOM,923.0,C,ASP,283.0,24.43,-10.926,-0.357,0.51,2.0,0.0
ATOM,924.0,O,ASP,283.0,24.512,-11.9,0.395,-0.51,1.7,0.0
ATOM,925.0,CB,ASP,283.0,22.219,-10.31,-1.339,-0.28,2.175,12.86
ATOM,926.0,CG,ASP,283.0,20.9,-9.597,-1.14,0.62,2.0,3.74
ATOM,927.0,OD1,ASP,283.0,20.661,-9.078,-0.029,-0.76,1.7,12.63
ATOM,928.0,OD2,ASP,283.0,20.098,-9.568,-2.095,-0.76,1.7,48.25
ATOM,929.0,H,ASP,283.0,23.344,-7.923,-1.091,0.31,0.2245,6.95
ATOM,930.0,HA,ASP,283.0,22.864,-10.065,0.665,0.09,1.32,0.0
ATOM,931.0,HB2,ASP,283.0,22.599,-10.045,-2.218,0.09,1.32,7.98
ATOM,932.0,HB3,ASP,283.0,22.063,-11.29,-1.309,0.09,1.32,4.72
ATOM,933.0,N,GLU,284.0,25.344,-10.646,-1.283,-0.47,1.85,0.8
ATOM,934.0,CA,GLU,284.0,26.517,-11.495,-1.475,0.07,2.275,1.51
ATOM,935.0,C,GLU,284.0,27.413,-11.493,-0.247,0.51,2.0,0.0
ATOM,936.0,O,GLU,284.0,27.829,-12.551,0.232,-0.51,1.7,0.0
ATOM,937.0,CB,GLU,284.0,27.319,-11.026,-2.69,-0.18,2.175,10.97
ATOM,938.0,CG,GLU,284.0,28.609,-11.797,-2.926,-0.28,2.175,19.03
ATOM,939.0,CD,GLU,284.0,28.383,-13.289,-3.082,0.62,2.0,2.92
ATOM,940.0,OE1,GLU,284.0,27.309,-13.682,-3.586,-0.76,1.7,24.68
ATOM,941.0,OE2,GLU,284.0,29.288,-14.073,-2.716,-0.76,1.7,10.94
ATOM,942.0,H,GLU,284.0,25.155,-9.794,-1.841,0.31,0.2245,2.5
ATOM,943.0,HA,GLU,284.0,26.22,-12.439,-1.674,0.09,1.32,0.0
ATOM,944.0,HB2,GLU,284.0,26.752,-11.144,-3.487,0.09,1.32,8.67
ATOM,945.0,HB3,GLU,284.0,27.558,-10.082,-2.546,0.09,1.32,1.64
ATOM,946.0,HG2,GLU,284.0,29.016,-11.469,-3.758,0.09,1.32,10.69
ATOM,947.0,HG3,GLU,284.0,29.195,-11.665,-2.148,0.09,1.32,1.95
ATOM,948.0,N,GLN,285.0,27.715,-10.303,0.26,-0.47,1.85,0.0
ATOM,949.0,CA,GLN,285.0,28.566,-10.19,1.435,0.07,2.275,1.05
ATOM,950.0,C,GLN,285.0,27.927,-10.879,2.631,0.51,2.0,0.0
ATOM,951.0,O,GLN,285.0,28.616,-11.539,3.405,-0.51,1.7,2.38
ATOM,952.0,CB,GLN,285.0,28.824,-8.725,1.783,-0.18,2.175,0.42
ATOM,953.0,CG,GLN,285.0,29.577,-7.941,0.721,-0.18,2.175,8.69
ATOM,954.0,CD,GLN,285.0,29.725,-6.483,1.105,0.55,2.0,0.0
ATOM,955.0,H,GLN,285.0,27.306,-9.495,-0.237,0.31,0.2245,0.0
ATOM,956.0,HA,GLN,285.0,29.434,-10.659,1.237,0.09,1.32,3.79
ATOM,957.0,HB2,GLN,285.0,27.941,-8.27,1.937,0.09,1.32,0.0
ATOM,958.0,HB3,GLN,285.0,29.358,-8.686,2.635,0.09,1.32,0.0
ATOM,959.0,HG2,GLN,285.0,30.484,-8.336,0.614,0.09,1.32,6.44
ATOM,960.0,HG3,GLN,285.0,29.074,-7.997,-0.136,0.09,1.32,0.25
ATOM,961.0,OE1,GLN,285.0,28.764,-5.853,1.557,-0.55,1.7,2.14
ATOM,962.0,NE2,GLN,285.0,30.927,-5.938,0.935,-0.62,1.85,14.46
ATOM,963.0,HE21,GLN,285.0,31.096,-4.963,1.158,0.32,0.2245,14.04
ATOM,964.0,HE22,GLN,285.0,31.682,-6.522,0.575,0.3,0.2245,10.53
ATOM,965.0,N,PHE,286.0,26.614,-10.731,2.787,-0.47,1.85,0.0
ATOM,966.0,CA,PHE,286.0,25.95,-11.359,3.918,0.07,2.275,0.0
ATOM,967.0,C,PHE,286.0,25.935,-12.873,3.773,0.51,2.0,0.0
ATOM,968.0,O,PHE,286.0,26.127,-13.595,4.75,-0.51,1.7,0.0
ATOM,969.0,CB,PHE,286.0,24.512,-10.861,4.087,-0.18,2.175,0.0
ATOM,970.0,CG,PHE,286.0,23.83,-11.444,5.293,0.0,1.9924,0.0
ATOM,971.0,CD1,PHE,286.0,24.223,-11.073,6.576,-0.115,1.9924,0.0
ATOM,972.0,CD2,PHE,286.0,22.857,-12.427,5.15,-0.115,1.9924,0.0
ATOM,973.0,CE1,PHE,286.0,23.659,-11.678,7.701,-0.115,1.9924,0.0
ATOM,974.0,CE2,PHE,286.0,22.288,-13.038,6.267,-0.115,1.9924,0.67
ATOM,975.0,CZ,PHE,286.0,22.69,-12.665,7.545,-0.115,1.9924,0.0
ATOM,976.0,H,PHE,286.0,26.142,-10.165,2.076,0.31,0.2245,0.0
ATOM,977.0,HA,PHE,286.0,26.5,-11.151,4.736,0.09,1.32,0.0
ATOM,978.0,HB2,PHE,286.0,24.542,-9.883,4.195,0.09,1.32,0.0
ATOM,979.0,HB3,PHE,286.0,24.004,-11.13,3.288,0.09,1.32,0.0
ATOM,980.0,HD1,PHE,286.0,24.913,-10.367,6.7,0.115,1.3582,0.0
ATOM,981.0,HD2,PHE,286.0,22.56,-12.7,4.235,0.115,1.3582,0.0
ATOM,982.0,HE1,PHE,286.0,23.959,-11.396,8.617,0.115,1.3582,0.0
ATOM,983.0,HE2,PHE,286.0,21.584,-13.753,6.14,0.115,1.3582,0.0
ATOM,984.0,HZ,PHE,286.0,22.289,-13.099,8.347,0.115,1.3582,0.0
ATOM,985.0,N,ASP,287.0,25.702,-13.36,2.557,-0.47,1.85,0.0
ATOM,986.0,CA,ASP,287.0,25.687,-14.801,2.336,0.07,2.275,0.07
ATOM,987.0,C,ASP,287.0,27.028,-15.405,2.742,0.51,2.0,0.0
ATOM,988.0,O,ASP,287.0,27.079,-16.443,3.395,-0.51,1.7,0.96
ATOM,989.0,CB,ASP,287.0,25.417,-15.131,0.864,-0.28,2.175,2.62
ATOM,990.0,CG,ASP,287.0,23.968,-14.915,0.467,0.62,2.0,2.86
ATOM,991.0,OD1,ASP,287.0,23.103,-14.773,1.359,-0.76,1.7,7.67
ATOM,992.0,OD2,ASP,287.0,23.69,-14.905,-0.751,-0.76,1.7,29.75
ATOM,993.0,H,ASP,287.0,25.541,-12.66,1.822,0.31,0.2245,0.0
ATOM,994.0,HA,ASP,287.0,24.993,-15.19,2.947,0.09,1.32,0.0
ATOM,995.0,HB2,ASP,287.0,25.992,-14.542,0.308,0.09,1.32,0.0
ATOM,996.0,HB3,ASP,287.0,25.651,-16.085,0.716,0.09,1.32,0.5
ATOM,997.0,N,ARG,288.0,28.115,-14.746,2.354,-0.47,1.85,0.0
ATOM,998.0,CA,ARG,288.0,29.444,-15.249,2.684,0.07,2.275,0.0
ATOM,999.0,C,ARG,288.0,29.733,-15.127,4.181,0.51,2.0,0.18
ATOM,1000.0,O,ARG,288.0,30.382,-15.995,4.764,-0.51,1.7,0.23
ATOM,1001.0,CB,ARG,288.0,30.505,-14.502,1.87,-0.18,2.175,3.01
ATOM,1002.0,CG,ARG,288.0,30.364,-14.652,0.347,-0.18,2.175,0.11
ATOM,1003.0,CD,ARG,288.0,30.713,-16.057,-0.152,0.2,2.175,3.23
ATOM,1004.0,NE,ARG,288.0,29.682,-17.049,0.144,-0.7,1.85,0.27
ATOM,1005.0,CZ,ARG,288.0,28.506,-17.124,-0.471,0.64,2.0,1.7
ATOM,1006.0,NH1,ARG,288.0,28.194,-16.266,-1.435,-0.8,1.85,8.98
ATOM,1007.0,NH2,ARG,288.0,27.632,-18.054,-0.115,-0.8,1.85,15.04
ATOM,1008.0,H,ARG,288.0,27.942,-13.882,1.82,0.31,0.2245,0.0
ATOM,1009.0,HA,ARG,288.0,29.497,-16.223,2.427,0.09,1.32,0.0
ATOM,1010.0,HB2,ARG,288.0,30.441,-13.532,2.085,0.09,1.32,1.23
ATOM,1011.0,HB3,ARG,288.0,31.402,-14.851,2.126,0.09,1.32,0.0
ATOM,1012.0,HG2,ARG,288.0,29.419,-14.456,0.084,0.09,1.32,0.0
ATOM,1013.0,HG3,ARG,288.0,30.977,-14.003,-0.104,0.09,1.32,2.36
ATOM,1014.0,HD2,ARG,288.0,30.847,-16.004,-1.142,0.09,1.32,2.7
ATOM,1015.0,HD3,ARG,288.0,31.571,-16.33,0.285,0.09,1.32,0.0
ATOM,1016.0,HE,ARG,288.0,29.877,-17.726,0.868,0.44,0.2245,0.0
ATOM,1017.0,HH11,ARG,288.0,28.841,-15.566,-1.727,0.46,0.2245,0.0
ATOM,1018.0,HH12,ARG,288.0,27.293,-16.323,-1.879,0.46,0.2245,6.97
ATOM,1019.0,HH21,ARG,288.0,27.87,-18.711,0.605,0.46,0.2245,0.92
ATOM,1020.0,HH22,ARG,288.0,26.74,-18.104,-0.56,0.46,0.2245,13.62
ATOM,1021.0,N,LEU,289.0,29.26,-14.055,4.809,-0.47,1.85,0.62
ATOM,1022.0,CA,LEU,289.0,29.486,-13.896,6.243,0.07,2.275,2.35
ATOM,1023.0,C,LEU,289.0,28.748,-15.005,6.989,0.51,2.0,0.0
ATOM,1024.0,O,LEU,289.0,29.28,-15.611,7.926,-0.51,1.7,0.0
ATOM,1025.0,CB,LEU,289.0,28.98,-12.534,6.733,-0.18,2.175,0.14
ATOM,1026.0,CG,LEU,289.0,29.092,-12.305,8.247,-0.09,2.275,0.0
ATOM,1027.0,CD1,LEU,289.0,30.551,-12.343,8.665,-0.27,2.06,1.2
ATOM,1028.0,CD2,LEU,289.0,28.463,-10.967,8.617,-0.27,2.06,0.63
ATOM,1029.0,H,LEU,289.0,28.749,-13.385,4.226,0.31,0.2245,0.0
ATOM,1030.0,HA,LEU,289.0,30.463,-13.988,6.426,0.09,1.32,1.61
ATOM,1031.0,HB2,LEU,289.0,29.517,-11.83,6.287,0.09,1.32,1.74
ATOM,1032.0,HB3,LEU,289.0,28.023,-12.459,6.492,0.09,1.32,0.0
ATOM,1033.0,HG,LEU,289.0,28.59,-13.024,8.719,0.09,1.32,0.0
ATOM,1034.0,HD11,LEU,289.0,31.057,-11.626,8.184,0.09,1.32,0.36
ATOM,1035.0,HD12,LEU,289.0,30.622,-12.194,9.652,0.09,1.32,0.0
ATOM,1036.0,HD13,LEU,289.0,30.943,-13.235,8.436,0.09,1.32,0.0
ATOM,1037.0,HD21,LEU,289.0,27.498,-10.968,8.354,0.09,1.32,0.0
ATOM,1038.0,HD22,LEU,289.0,28.539,-10.824,9.604,0.09,1.32,0.0
ATOM,1039.0,HD23,LEU,289.0,28.939,-10.23,8.136,0.09,1.32,0.0
ATOM,1040.0,N,TRP,290.0,27.518,-15.274,6.562,-0.47,1.85,0.0
ATOM,1041.0,CA,TRP,290.0,26.7,-16.302,7.187,0.07,2.275,0.0
ATOM,1042.0,C,TRP,290.0,27.369,-17.676,7.104,0.51,2.0,0.0
ATOM,1043.0,O,TRP,290.0,27.201,-18.5,7.998,-0.51,1.7,1.14
ATOM,1044.0,CB,TRP,290.0,25.315,-16.329,6.527,-0.18,2.175,0.0
ATOM,1045.0,CG,TRP,290.0,24.325,-17.232,7.2,-0.03,1.9924,0.0
ATOM,1046.0,CD1,TRP,290.0,23.85,-18.421,6.727,0.035,1.9924,6.12
ATOM,1047.0,CD2,TRP,290.0,23.664,-17.003,8.452,-0.02,1.8,0.0
ATOM,1048.0,NE1,TRP,290.0,22.929,-18.948,7.604,-0.61,1.85,1.04
ATOM,1049.0,CE2,TRP,290.0,22.795,-18.098,8.67,0.13,1.8,0.0
ATOM,1050.0,CE3,TRP,290.0,23.72,-15.979,9.41,-0.115,1.9924,0.0
ATOM,1051.0,CZ2,TRP,290.0,21.987,-18.199,9.807,-0.115,1.9924,0.0
ATOM,1052.0,CZ3,TRP,290.0,22.918,-16.078,10.539,-0.115,1.9924,0.0
ATOM,1053.0,CH2,TRP,290.0,22.06,-17.182,10.729,-0.115,1.9924,0.0
ATOM,1054.0,H,TRP,290.0,27.2,-14.696,5.759,0.31,0.2245,0.0
ATOM,1055.0,HA,TRP,290.0,26.606,-16.073,8.164,0.09,1.32,0.0
ATOM,1056.0,HB2,TRP,290.0,24.935,-15.409,6.543,0.09,1.32,0.0
ATOM,1057.0,HB3,TRP,290.0,25.414,-16.645,5.588,0.09,1.32,0.0
ATOM,1058.0,HD1,TRP,290.0,24.127,-18.85,5.869,0.115,1.3582,8.66
ATOM,1059.0,HE1,TRP,290.0,22.439,-19.809,7.483,0.38,0.2245,11.18
ATOM,1060.0,HE3,TRP,290.0,24.322,-15.196,9.288,0.115,1.3582,0.0
ATOM,1061.0,HZ2,TRP,290.0,21.382,-18.989,9.93,0.115,1.3582,0.0
ATOM,1062.0,HZ3,TRP,290.0,22.949,-15.359,11.223,0.115,1.3582,0.0
ATOM,1063.0,HH2,TRP,290.0,21.499,-17.214,11.554,0.115,1.3582,0.0
ATOM,1064.0,N,ASN,291.0,28.132,-17.909,6.036,-0.47,1.85,0.0
ATOM,1065.0,CA,ASN,291.0,28.845,-19.181,5.849,0.07,2.275,1.06
ATOM,1066.0,C,ASN,291.0,29.88,-19.39,6.955,0.51,2.0,0.0
ATOM,1067.0,O,ASN,291.0,30.303,-20.521,7.205,-0.51,1.7,16.99
ATOM,1068.0,CB,ASN,291.0,29.589,-19.212,4.502,-0.18,2.175,2.15
ATOM,1069.0,CG,ASN,291.0,28.674,-19.455,3.311,0.55,2.0,1.3
ATOM,1070.0,OD1,ASN,291.0,27.608,-20.058,3.46,-0.55,1.7,27.37
ATOM,1071.0,ND2,ASN,291.0,29.066,-18.97,2.139,-0.62,1.85,0.61
ATOM,1072.0,H,ASN,291.0,28.18,-17.126,5.355,0.31,0.2245,0.0
ATOM,1073.0,HA,ASN,291.0,28.166,-19.915,5.939,0.09,1.32,6.49
ATOM,1074.0,HB2,ASN,291.0,30.046,-18.333,4.378,0.09,1.32,0.0
ATOM,1075.0,HB3,ASN,291.0,30.267,-19.944,4.538,0.09,1.32,1.03
ATOM,1076.0,HD22,ASN,291.0,29.938,-18.475,2.079,0.3,0.2245,0.0
ATOM,1077.0,HD21,ASN,291.0,28.504,-19.095,1.327,0.32,0.2245,0.98
ATOM,1078.0,N,GLU,292.0,30.289,-18.301,7.603,-0.47,1.85,0.0
ATOM,1079.0,CA,GLU,292.0,31.295,-18.365,8.669,0.07,2.275,0.14
ATOM,1080.0,C,GLU,292.0,30.683,-18.429,10.069,0.51,2.0,0.58
ATOM,1081.0,O,GLU,292.0,31.395,-18.614,11.056,-0.51,1.7,4.73
ATOM,1082.0,CB,GLU,292.0,32.211,-17.135,8.617,-0.18,2.175,0.0
ATOM,1083.0,CG,GLU,292.0,32.811,-16.797,7.26,-0.28,2.175,0.89
ATOM,1084.0,CD,GLU,292.0,33.796,-17.836,6.763,0.62,2.0,0.3
ATOM,1085.0,OE1,GLU,292.0,34.299,-18.632,7.583,-0.76,1.7,3.86
ATOM,1086.0,OE2,GLU,292.0,34.082,-17.843,5.547,-0.76,1.7,0.0
ATOM,1087.0,H,GLU,292.0,29.843,-17.416,7.295,0.31,0.2245,0.0
ATOM,1088.0,HA,GLU,292.0,31.885,-19.178,8.524,0.09,1.32,0.0
ATOM,1089.0,HB2,GLU,292.0,31.674,-16.352,8.91,0.09,1.32,0.0
ATOM,1090.0,HB3,GLU,292.0,32.963,-17.297,9.244,0.09,1.32,0.0
ATOM,1091.0,HG2,GLU,292.0,32.078,-16.744,6.604,0.09,1.32,0.0
ATOM,1092.0,HG3,GLU,292.0,33.295,-15.942,7.34,0.09,1.32,0.11
ATOM,1093.0,N,MET,293.0,29.367,-18.268,10.153,-0.47,1.85,0.0
ATOM,1094.0,CA,MET,293.0,28.67,-18.259,11.435,0.07,2.275,0.0
ATOM,1095.0,C,MET,293.0,28.27,-19.624,11.975,0.51,2.0,0.4
ATOM,1096.0,O,MET,293.0,28.176,-20.599,11.229,-0.51,1.7,12.93
ATOM,1097.0,CB,MET,293.0,27.412,-17.394,11.318,-0.18,2.175,0.0
ATOM,1098.0,CG,MET,293.0,27.682,-15.961,10.89,-0.14,2.175,0.0
ATOM,1099.0,SD,MET,293.0,28.646,-15.036,12.115,-0.09,2.0,0.0
ATOM,1100.0,CE,MET,293.0,30.301,-15.121,11.414,-0.22,2.06,0.0
ATOM,1101.0,H,MET,293.0,28.883,-18.151,9.239,0.31,0.2245,0.0
ATOM,1102.0,HA,MET,293.0,29.29,-17.82,12.124,0.09,1.32,0.0
ATOM,1103.0,HB2,MET,293.0,26.788,-17.815,10.647,0.09,1.32,0.0
ATOM,1104.0,HB3,MET,293.0,26.944,-17.377,12.212,0.09,1.32,0.0
ATOM,1105.0,HG2,MET,293.0,28.167,-15.975,9.988,0.09,1.32,0.0
ATOM,1106.0,HG3,MET,293.0,26.786,-15.496,10.714,0.09,1.32,0.0
ATOM,1107.0,HE1,MET,293.0,30.273,-15.638,10.559,0.09,1.32,0.0
ATOM,1108.0,HE2,MET,293.0,30.633,-14.195,11.235,0.09,1.32,0.0
ATOM,1109.0,HE3,MET,293.0,30.912,-15.577,12.061,0.09,1.32,0.0
ATOM,1110.0,N,PRO,294.0,28.047,-19.712,13.298,-0.29,1.85,0.23
ATOM,1111.0,CA,PRO,294.0,27.64,-20.97,13.931,0.02,2.275,4.05
ATOM,1112.0,C,PRO,294.0,26.118,-21.045,13.777,0.51,2.0,0.0
ATOM,1113.0,O,PRO,294.0,25.372,-20.404,14.52,-0.51,1.7,0.0
ATOM,1114.0,CB,PRO,294.0,28.082,-20.779,15.379,-0.18,2.175,6.45
ATOM,1115.0,CG,PRO,294.0,27.857,-19.309,15.592,-0.18,2.175,1.15
ATOM,1116.0,CD,PRO,294.0,28.398,-18.699,14.312,0.0,2.175,0.59
ATOM,1117.0,HA,PRO,294.0,28.077,-21.744,13.509,0.09,1.32,7.0
ATOM,1118.0,HB2,PRO,294.0,27.519,-21.316,15.998,0.09,1.32,0.0
ATOM,1119.0,HB3,PRO,294.0,29.041,-21.01,15.493,0.09,1.32,10.69
ATOM,1120.0,HG2,PRO,294.0,26.89,-19.113,15.695,0.09,1.32,0.0
ATOM,1121.0,HG3,PRO,294.0,28.367,-18.987,16.379,0.09,1.32,0.0
ATOM,1122.0,HD2,PRO,294.0,27.954,-17.831,14.111,0.09,1.32,0.0
ATOM,1123.0,HD3,PRO,294.0,29.386,-18.576,14.361,0.09,1.32,0.29
ATOM,1124.0,N,VAL,295.0,25.672,-21.81,12.786,-0.47,1.85,0.07
ATOM,1125.0,CA,VAL,295.0,24.254,-21.945,12.473,0.07,2.275,0.0
ATOM,1126.0,C,VAL,295.0,23.724,-23.327,12.843,0.51,2.0,0.0
ATOM,1127.0,O,VAL,295.0,24.438,-24.322,12.714,-0.51,1.7,19.61
ATOM,1128.0,CB,VAL,295.0,24.036,-21.688,10.958,-0.09,2.275,2.15
ATOM,1129.0,CG1,VAL,295.0,22.569,-21.737,10.614,-0.27,2.06,3.75
ATOM,1130.0,CG2,VAL,295.0,24.638,-20.335,10.574,-0.27,2.06,0.64
ATOM,1131.0,H,VAL,295.0,26.422,-22.305,12.252,0.31,0.2245,6.1
ATOM,1132.0,HA,VAL,295.0,23.746,-21.263,13.017,0.09,1.32,0.0
ATOM,1133.0,HB,VAL,295.0,24.485,-22.429,10.466,0.09,1.32,9.08
ATOM,1134.0,HG11,VAL,295.0,22.023,-21.768,11.454,0.09,1.32,0.0
ATOM,1135.0,HG12,VAL,295.0,22.314,-20.922,10.088,0.09,1.32,0.0
ATOM,1136.0,HG13,VAL,295.0,22.374,-22.554,10.066,0.09,1.32,5.27
ATOM,1137.0,HG21,VAL,295.0,25.148,-20.435,9.721,0.09,1.32,3.65
ATOM,1138.0,HG22,VAL,295.0,23.901,-19.673,10.453,0.09,1.32,0.0
ATOM,1139.0,HG23,VAL,295.0,25.25,-20.032,11.302,0.09,1.32,0.0
ATOM,1140.0,N,ASN,296.0,22.477,-23.397,13.302,-0.47,1.85,0.0
ATOM,1141.0,CA,ASN,296.0,21.913,-24.69,13.671,0.07,2.275,0.39
ATOM,1142.0,C,ASN,296.0,21.131,-25.354,12.541,0.51,2.0,1.23
ATOM,1143.0,O,ASN,296.0,21.056,-24.829,11.429,-0.51,1.7,6.91
ATOM,1144.0,CB,ASN,296.0,21.059,-24.58,14.951,-0.18,2.175,4.36
ATOM,1145.0,CG,ASN,296.0,19.717,-23.899,14.734,0.55,2.0,0.0
ATOM,1146.0,OD1,ASN,296.0,19.391,-23.523,13.604,-0.55,1.7,0.0
ATOM,1147.0,ND2,ASN,296.0,18.943,-23.729,15.791,-0.62,1.85,7.18
ATOM,1148.0,H,ASN,296.0,21.976,-22.506,13.369,0.31,0.2245,0.0
ATOM,1149.0,HA,ASN,296.0,22.691,-25.304,13.89,0.09,1.32,4.97
ATOM,1150.0,HB2,ASN,296.0,20.896,-25.504,15.295,0.09,1.32,6.5
ATOM,1151.0,HB3,ASN,296.0,21.578,-24.056,15.625,0.09,1.32,0.0
ATOM,1152.0,HD22,ASN,296.0,19.264,-24.045,16.692,0.3,0.2245,10.54
ATOM,1153.0,HD21,ASN,296.0,18.052,-23.294,15.705,0.32,0.2245,1.39
ATOM,1154.0,N,ALA,297.0,20.562,-26.52,12.829,-0.47,1.85,3.27
ATOM,1155.0,CA,ALA,297.0,19.818,-27.281,11.83,0.07,2.275,2.9
ATOM,1156.0,C,ALA,297.0,18.594,-26.58,11.259,0.51,2.0,0.0
ATOM,1157.0,O,ALA,297.0,18.08,-26.981,10.213,-0.51,1.7,30.5
ATOM,1158.0,CB,ALA,297.0,19.415,-28.633,12.409,-0.27,2.06,40.86
ATOM,1159.0,H,ALA,297.0,20.691,-26.837,13.81,0.31,0.2245,5.19
ATOM,1160.0,HA,ALA,297.0,20.453,-27.502,11.056,0.09,1.32,11.33
ATOM,1161.0,HB1,ALA,297.0,18.419,-28.687,12.467,0.09,1.32,5.89
ATOM,1162.0,HB2,ALA,297.0,19.755,-29.363,11.817,0.09,1.32,11.83
ATOM,1163.0,HB3,ALA,297.0,19.808,-28.734,13.322,0.09,1.32,7.54
ATOM,1164.0,N,LYS,298.0,18.122,-25.541,11.941,-0.47,1.85,0.0
ATOM,1165.0,CA,LYS,298.0,16.953,-24.801,11.477,0.07,2.275,2.29
ATOM,1166.0,C,LYS,298.0,17.363,-23.522,10.752,0.51,2.0,2.11
ATOM,1167.0,O,LYS,298.0,16.514,-22.715,10.371,-0.51,1.7,22.83
ATOM,1168.0,CB,LYS,298.0,16.045,-24.463,12.653,-0.18,2.175,1.87
ATOM,1169.0,CG,LYS,298.0,15.498,-25.665,13.413,-0.18,2.175,5.1
ATOM,1170.0,CD,LYS,298.0,14.605,-25.25,14.564,-0.18,2.175,4.0
ATOM,1171.0,CE,LYS,298.0,14.053,-26.428,15.33,0.21,2.175,19.7
ATOM,1172.0,NZ,LYS,298.0,13.186,-25.973,16.446,-0.3,1.85,13.3
ATOM,1173.0,H,LYS,298.0,18.642,-25.31,12.805,0.31,0.2245,0.0
ATOM,1174.0,HA,LYS,298.0,16.432,-25.381,10.837,0.09,1.32,6.46
ATOM,1175.0,HB2,LYS,298.0,16.563,-23.897,13.298,0.09,1.32,0.0
ATOM,1176.0,HB3,LYS,298.0,15.266,-23.933,12.307,0.09,1.32,5.96
ATOM,1177.0,HG2,LYS,298.0,14.97,-26.236,12.779,0.09,1.32,9.4
ATOM,1178.0,HG3,LYS,298.0,16.267,-26.199,13.771,0.09,1.32,2.33
ATOM,1179.0,HD2,LYS,298.0,15.136,-24.679,15.193,0.09,1.32,1.55
ATOM,1180.0,HD3,LYS,298.0,13.839,-24.716,14.202,0.09,1.32,8.9
ATOM,1181.0,HE2,LYS,298.0,13.516,-27.002,14.71,0.05,1.32,10.3
ATOM,1182.0,HE3,LYS,298.0,14.813,-26.964,15.702,0.05,1.32,10.64
ATOM,1183.0,HZ1,LYS,298.0,12.912,-26.761,16.998,0.33,0.2245,20.33
ATOM,1184.0,HZ2,LYS,298.0,13.691,-25.326,17.018,0.33,0.2245,17.22
ATOM,1185.0,HZ3,LYS,298.0,12.372,-25.525,16.075,0.33,0.2245,18.46
ATOM,1186.0,N,GLY,299.0,18.668,-23.343,10.56,-0.47,1.85,1.62
ATOM,1187.0,CA,GLY,299.0,19.154,-22.157,9.879,-0.02,2.175,13.75
ATOM,1188.0,C,GLY,299.0,19.117,-20.909,10.742,0.51,2.0,0.0
ATOM,1189.0,O,GLY,299.0,18.989,-19.793,10.233,-0.51,1.7,6.31
ATOM,1190.0,H,GLY,299.0,19.274,-24.093,10.924,0.31,0.2245,0.0
ATOM,1191.0,HA2,GLY,299.0,20.11,-22.317,9.566,0.09,1.32,1.25
ATOM,1192.0,HA3,GLY,299.0,18.598,-21.999,9.041,0.09,1.32,9.65
ATOM,1193.0,N,ARG,300.0,19.228,-21.095,12.053,-0.47,1.85,0.0
ATOM,1194.0,CA,ARG,300.0,19.211,-19.979,12.991,0.07,2.275,0.0
ATOM,1195.0,C,ARG,300.0,20.589,-19.806,13.621,0.51,2.0,0.0
ATOM,1196.0,O,ARG,300.0,21.369,-20.759,13.725,-0.51,1.7,0.0
ATOM,1197.0,CB,ARG,300.0,18.14,-20.217,14.061,-0.18,2.175,0.0
ATOM,1198.0,CG,ARG,300.0,16.728,-20.154,13.496,-0.18,2.175,5.63
ATOM,1199.0,CD,ARG,300.0,15.691,-20.582,14.523,0.2,2.175,7.66
ATOM,1200.0,NE,ARG,300.0,15.694,-19.719,15.701,-0.7,1.85,4.19
ATOM,1201.0,CZ,ARG,300.0,15.11,-18.527,15.778,0.64,2.0,1.88
ATOM,1202.0,NH1,ARG,300.0,14.451,-18.018,14.743,-0.8,1.85,13.32
ATOM,1203.0,NH2,ARG,300.0,15.189,-17.84,16.911,-0.8,1.85,10.13
ATOM,1204.0,H,ARG,300.0,19.326,-22.087,12.346,0.31,0.2245,0.0
ATOM,1205.0,HA,ARG,300.0,18.978,-19.139,12.494,0.09,1.32,0.0
ATOM,1206.0,HB2,ARG,300.0,18.279,-21.117,14.445,0.09,1.32,0.0
ATOM,1207.0,HB3,ARG,300.0,18.228,-19.515,14.751,0.09,1.32,0.0
ATOM,1208.0,HG2,ARG,300.0,16.523,-19.219,13.218,0.09,1.32,0.0
ATOM,1209.0,HG3,ARG,300.0,16.657,-20.765,12.711,0.09,1.32,0.0
ATOM,1210.0,HD2,ARG,300.0,14.794,-20.546,14.09,0.09,1.32,7.09
ATOM,1211.0,HD3,ARG,300.0,15.898,-21.518,14.799,0.09,1.32,0.11
ATOM,1212.0,HE,ARG,300.0,16.179,-20.054,16.525,0.44,0.2245,0.52
ATOM,1213.0,HH11,ARG,300.0,14.368,-18.536,13.893,0.46,0.2245,6.83
ATOM,1214.0,HH12,ARG,300.0,14.034,-17.109,14.815,0.46,0.2245,7.4
ATOM,1215.0,HH21,ARG,300.0,15.665,-18.225,17.702,0.46,0.2245,0.0
ATOM,1216.0,HH22,ARG,300.0,14.77,-16.933,16.977,0.46,0.2245,4.29
ATOM,1217.0,N,LEU,301.0,20.9,-18.585,14.034,-0.47,1.85,0.0
ATOM,1218.0,CA,LEU,301.0,22.201,-18.316,14.628,0.07,2.275,0.0
ATOM,1219.0,C,LEU,301.0,22.289,-18.761,16.078,0.51,2.0,0.0
ATOM,1220.0,O,LEU,301.0,21.432,-18.424,16.888,-0.51,1.7,0.0
ATOM,1221.0,CB,LEU,301.0,22.52,-16.82,14.565,-0.18,2.175,0.0
ATOM,1222.0,CG,LEU,301.0,23.869,-16.444,15.198,-0.09,2.275,0.0
ATOM,1223.0,CD1,LEU,301.0,24.988,-16.892,14.268,-0.27,2.06,0.0
ATOM,1224.0,CD2,LEU,301.0,23.945,-14.94,15.448,-0.27,2.06,0.0
ATOM,1225.0,H,LEU,301.0,20.167,-17.872,13.902,0.31,0.2245,0.0
ATOM,1226.0,HA,LEU,301.0,22.906,-18.817,14.097,0.09,1.32,0.0
ATOM,1227.0,HB2,LEU,301.0,22.556,-16.553,13.616,0.09,1.32,0.0
ATOM,1228.0,HB3,LEU,301.0,21.818,-16.335,15.057,0.09,1.32,0.0
ATOM,1229.0,HG,LEU,301.0,23.955,-16.907,16.07,0.09,1.32,0.0
ATOM,1230.0,HD11,LEU,301.0,24.89,-16.436,13.383,0.09,1.32,0.0
ATOM,1231.0,HD12,LEU,301.0,25.872,-16.652,14.67,0.09,1.32,0.0
ATOM,1232.0,HD13,LEU,301.0,24.939,-17.883,14.139,0.09,1.32,0.0
ATOM,1233.0,HD21,LEU,301.0,23.209,-14.669,16.068,0.09,1.32,0.0
ATOM,1234.0,HD22,LEU,301.0,24.828,-14.716,15.859,0.09,1.32,0.0
ATOM,1235.0,HD23,LEU,301.0,23.847,-14.454,14.58,0.09,1.32,0.0
ATOM,1236.0,N,LYS,302.0,23.333,-19.517,16.398,-0.47,1.85,0.0
ATOM,1237.0,CA,LYS,302.0,23.568,-19.964,17.77,0.07,2.275,0.0
ATOM,1238.0,C,LYS,302.0,24.394,-18.821,18.352,0.51,2.0,0.0
ATOM,1239.0,O,LYS,302.0,25.627,-18.855,18.34,-0.51,1.7,0.0
ATOM,1240.0,CB,LYS,302.0,24.359,-21.274,17.765,-0.18,2.175,1.02
ATOM,1241.0,CG,LYS,302.0,23.612,-22.42,17.098,-0.18,2.175,1.4
ATOM,1242.0,CD,LYS,302.0,24.29,-23.764,17.327,-0.18,2.175,10.43
ATOM,1243.0,CE,LYS,302.0,25.642,-23.841,16.651,0.21,2.175,0.14
ATOM,1244.0,NZ,LYS,302.0,26.251,-25.19,16.823,-0.3,1.85,13.56
ATOM,1245.0,H,LYS,302.0,23.957,-19.759,15.604,0.31,0.2245,0.0
ATOM,1246.0,HA,LYS,302.0,22.718,-20.015,18.244,0.09,1.32,0.0
ATOM,1247.0,HB2,LYS,302.0,25.208,-21.124,17.271,0.09,1.32,0.0
ATOM,1248.0,HB3,LYS,302.0,24.547,-21.528,18.708,0.09,1.32,1.17
ATOM,1249.0,HG2,LYS,302.0,22.68,-22.462,17.469,0.09,1.32,0.48
ATOM,1250.0,HG3,LYS,302.0,23.562,-22.247,16.111,0.09,1.32,0.0
ATOM,1251.0,HD2,LYS,302.0,24.414,-23.896,18.308,0.09,1.32,7.34
ATOM,1252.0,HD3,LYS,302.0,23.706,-24.484,16.959,0.09,1.32,1.76
ATOM,1253.0,HE2,LYS,302.0,25.532,-23.654,15.674,0.05,1.32,0.0
ATOM,1254.0,HE3,LYS,302.0,26.25,-23.154,17.052,0.05,1.32,0.0
ATOM,1255.0,HZ1,LYS,302.0,26.991,-25.136,17.493,0.33,0.2245,11.93
ATOM,1256.0,HZ2,LYS,302.0,25.553,-25.829,17.145,0.33,0.2245,14.83
ATOM,1257.0,HZ3,LYS,302.0,26.614,-25.503,15.946,0.33,0.2245,17.64
ATOM,1258.0,N,TYR,303.0,23.712,-17.796,18.86,-0.47,1.85,0.0
ATOM,1259.0,CA,TYR,303.0,24.419,-16.62,19.345,0.07,2.275,0.0
ATOM,1260.0,C,TYR,303.0,25.371,-16.744,20.531,0.51,2.0,0.0
ATOM,1261.0,O,TYR,303.0,26.327,-15.98,20.624,-0.51,1.7,0.0
ATOM,1262.0,CB,TYR,303.0,23.435,-15.45,19.532,-0.18,2.175,0.0
ATOM,1263.0,CG,TYR,303.0,22.408,-15.577,20.632,0.0,1.9924,0.0
ATOM,1264.0,CD1,TYR,303.0,22.746,-15.3,21.954,-0.115,1.9924,0.0
ATOM,1265.0,CD2,TYR,303.0,21.082,-15.894,20.34,-0.115,1.9924,0.0
ATOM,1266.0,CE1,TYR,303.0,21.789,-15.326,22.961,-0.115,1.9924,0.16
ATOM,1267.0,CE2,TYR,303.0,20.111,-15.923,21.343,-0.115,1.9924,0.0
ATOM,1268.0,CZ,TYR,303.0,20.476,-15.636,22.65,0.11,1.9924,0.0
ATOM,1269.0,OH,TYR,303.0,19.53,-15.646,23.646,-0.54,1.77,0.6
ATOM,1270.0,H,TYR,303.0,22.691,-17.908,18.877,0.31,0.2245,0.0
ATOM,1271.0,HA,TYR,303.0,24.969,-16.234,18.546,0.09,1.32,0.0
ATOM,1272.0,HB2,TYR,303.0,23.98,-14.616,19.705,0.09,1.32,0.0
ATOM,1273.0,HB3,TYR,303.0,22.943,-15.32,18.658,0.09,1.32,0.0
ATOM,1274.0,HD1,TYR,303.0,23.695,-15.078,22.185,0.115,1.3582,0.0
ATOM,1275.0,HD2,TYR,303.0,20.821,-16.102,19.401,0.115,1.3582,0.0
ATOM,1276.0,HE1,TYR,303.0,22.048,-15.12,23.906,0.115,1.3582,4.18
ATOM,1277.0,HE2,TYR,303.0,19.167,-16.148,21.12,0.115,1.3582,0.0
ATOM,1278.0,HH,TYR,303.0,18.76,-16.215,23.362,0.43,0.2245,0.0
ATOM,1279.0,N,PRO,304.0,25.134,-17.693,21.451,-0.29,1.85,0.0
ATOM,1280.0,CA,PRO,304.0,26.099,-17.763,22.551,0.02,2.275,1.65
ATOM,1281.0,C,PRO,304.0,27.468,-18.135,21.967,0.51,2.0,0.45
ATOM,1282.0,O,PRO,304.0,28.504,-17.628,22.397,-0.51,1.7,5.25
ATOM,1283.0,CB,PRO,304.0,25.52,-18.858,23.446,-0.18,2.175,20.37
ATOM,1284.0,CG,PRO,304.0,24.041,-18.72,23.224,-0.18,2.175,7.13
ATOM,1285.0,CD,PRO,304.0,23.967,-18.551,21.719,0.0,2.175,0.26
ATOM,1286.0,HA,PRO,304.0,26.147,-16.901,23.044,0.09,1.32,1.33
ATOM,1287.0,HB2,PRO,304.0,25.839,-19.757,23.16,0.09,1.32,2.74
ATOM,1288.0,HB3,PRO,304.0,25.752,-18.698,24.4,0.09,1.32,11.28
ATOM,1289.0,HG2,PRO,304.0,23.566,-19.538,23.511,0.09,1.32,1.76
ATOM,1290.0,HG3,PRO,304.0,23.691,-17.919,23.687,0.09,1.32,2.11
ATOM,1291.0,HD2,PRO,304.0,24.056,-19.424,21.254,0.09,1.32,1.07
ATOM,1292.0,HD3,PRO,304.0,23.125,-18.097,21.448,0.09,1.32,0.0
ATOM,1293.0,N,ASP,305.0,27.456,-19.013,20.966,-0.47,1.85,0.12
ATOM,1294.0,CA,ASP,305.0,28.682,-19.448,20.301,0.07,2.275,2.53
ATOM,1295.0,C,ASP,305.0,29.296,-18.264,19.553,0.51,2.0,0.0
ATOM,1296.0,O,ASP,305.0,30.51,-18.058,19.568,-0.51,1.7,2.56
ATOM,1297.0,CB,ASP,305.0,28.369,-20.578,19.317,-0.28,2.175,2.36
ATOM,1298.0,CG,ASP,305.0,27.641,-21.738,19.973,0.62,2.0,2.05
ATOM,1299.0,OD1,ASP,305.0,26.706,-21.485,20.763,-0.76,1.7,13.98
ATOM,1300.0,OD2,ASP,305.0,27.992,-22.902,19.686,-0.76,1.7,28.38
ATOM,1301.0,H,ASP,305.0,26.51,-19.358,20.702,0.31,0.2245,0.0
ATOM,1302.0,HA,ASP,305.0,29.331,-19.711,21.014,0.09,1.32,3.58
ATOM,1303.0,HB2,ASP,305.0,27.795,-20.208,18.597,0.09,1.32,0.0
ATOM,1304.0,HB3,ASP,305.0,29.227,-20.909,18.945,0.09,1.32,8.24
ATOM,1305.0,N,PHE,306.0,28.443,-17.492,18.891,-0.47,1.85,0.0
ATOM,1306.0,CA,PHE,306.0,28.882,-16.32,18.145,0.07,2.275,0.0
ATOM,1307.0,C,PHE,306.0,29.564,-15.311,19.071,0.51,2.0,0.0
ATOM,1308.0,O,PHE,306.0,30.658,-14.825,18.783,-0.51,1.7,0.0
ATOM,1309.0,CB,PHE,306.0,27.68,-15.655,17.468,-0.18,2.175,0.0
ATOM,1310.0,CG,PHE,306.0,27.98,-14.298,16.903,0.0,1.9924,0.0
ATOM,1311.0,CD1,PHE,306.0,28.546,-14.161,15.64,-0.115,1.9924,0.0
ATOM,1312.0,CD2,PHE,306.0,27.721,-13.153,17.647,-0.115,1.9924,0.0
ATOM,1313.0,CE1,PHE,306.0,28.852,-12.902,15.126,-0.115,1.9924,0.0
ATOM,1314.0,CE2,PHE,306.0,28.024,-11.892,17.145,-0.115,1.9924,0.95
ATOM,1315.0,CZ,PHE,306.0,28.591,-11.765,15.879,-0.115,1.9924,0.73
ATOM,1316.0,H,PHE,306.0,27.448,-17.792,18.95,0.31,0.2245,0.0
ATOM,1317.0,HA,PHE,306.0,29.581,-16.629,17.492,0.09,1.32,0.03
ATOM,1318.0,HB2,PHE,306.0,27.39,-16.24,16.726,0.09,1.32,0.0
ATOM,1319.0,HB3,PHE,306.0,26.969,-15.555,18.147,0.09,1.32,0.0
ATOM,1320.0,HD1,PHE,306.0,28.736,-14.969,15.091,0.115,1.3582,0.0
ATOM,1321.0,HD2,PHE,306.0,27.31,-13.236,18.556,0.115,1.3582,0.0
ATOM,1322.0,HE1,PHE,306.0,29.262,-12.827,14.211,0.115,1.3582,0.0
ATOM,1323.0,HE2,PHE,306.0,27.832,-11.07,17.703,0.115,1.3582,0.0
ATOM,1324.0,HZ,PHE,306.0,28.808,-10.863,15.514,0.115,1.3582,0.03
ATOM,1325.0,N,LEU,307.0,28.902,-14.997,20.181,-0.47,1.85,0.0
ATOM,1326.0,CA,LEU,307.0,29.432,-14.04,21.145,0.07,2.275,0.0
ATOM,1327.0,C,LEU,307.0,30.789,-14.471,21.689,0.51,2.0,0.0
ATOM,1328.0,O,LEU,307.0,31.705,-13.657,21.806,-0.51,1.7,0.0
ATOM,1329.0,CB,LEU,307.0,28.444,-13.855,22.301,-0.18,2.175,1.53
ATOM,1330.0,CG,LEU,307.0,27.149,-13.115,21.954,-0.09,2.275,0.0
ATOM,1331.0,CD1,LEU,307.0,26.161,-13.235,23.1,-0.27,2.06,6.98
ATOM,1332.0,CD2,LEU,307.0,27.457,-11.654,21.655,-0.27,2.06,0.0
ATOM,1333.0,H,LEU,307.0,27.992,-15.484,20.298,0.31,0.2245,0.0
ATOM,1334.0,HA,LEU,307.0,29.544,-13.148,20.684,0.09,1.32,0.0
ATOM,1335.0,HB2,LEU,307.0,28.191,-14.757,22.633,0.09,1.32,0.37
ATOM,1336.0,HB3,LEU,307.0,28.901,-13.336,23.013,0.09,1.32,0.0
ATOM,1337.0,HG,LEU,307.0,26.757,-13.519,21.131,0.09,1.32,0.0
ATOM,1338.0,HD11,LEU,307.0,26.556,-12.835,23.928,0.09,1.32,0.0
ATOM,1339.0,HD12,LEU,307.0,25.317,-12.75,22.868,0.09,1.32,0.0
ATOM,1340.0,HD13,LEU,307.0,25.953,-14.2,23.265,0.09,1.32,0.44
ATOM,1341.0,HD21,LEU,307.0,28.089,-11.597,20.881,0.09,1.32,0.0
ATOM,1342.0,HD22,LEU,307.0,26.609,-11.173,21.429,0.09,1.32,0.0
ATOM,1343.0,HD23,LEU,307.0,27.876,-11.23,22.458,0.09,1.32,0.0
ATOM,1344.0,N,SER,308.0,30.917,-15.751,22.016,-0.47,1.85,0.61
ATOM,1345.0,CA,SER,308.0,32.172,-16.271,22.547,0.07,2.275,3.53
ATOM,1346.0,C,SER,308.0,33.301,-16.079,21.543,0.51,2.0,0.29
ATOM,1347.0,O,SER,308.0,34.386,-15.601,21.888,-0.51,1.7,14.21
ATOM,1348.0,CB,SER,308.0,32.023,-17.751,22.887,0.05,2.175,24.03
ATOM,1349.0,OG,SER,308.0,31.688,-18.532,21.757,-0.66,1.77,12.02
ATOM,1350.0,H,SER,308.0,30.073,-16.331,21.866,0.31,0.2245,0.0
ATOM,1351.0,HA,SER,308.0,32.402,-15.748,23.375,0.09,1.32,4.91
ATOM,1352.0,HB2,SER,308.0,32.889,-18.083,23.265,0.09,1.32,10.89
ATOM,1353.0,HB3,SER,308.0,31.302,-17.852,23.576,0.09,1.32,7.49
ATOM,1354.0,HG,SER,308.0,30.781,-18.271,21.427,0.43,0.2245,0.0
ATOM,1355.0,N,ARG,309.0,33.039,-16.444,20.293,-0.47,1.85,0.01
ATOM,1356.0,CA,ARG,309.0,34.04,-16.322,19.246,0.07,2.275,2.21
ATOM,1357.0,C,ARG,309.0,34.433,-14.884,18.931,0.51,2.0,0.0
ATOM,1358.0,O,ARG,309.0,35.618,-14.56,18.853,-0.51,1.7,8.34
ATOM,1359.0,CB,ARG,309.0,33.548,-16.994,17.962,-0.18,2.175,2.67
ATOM,1360.0,CG,ARG,309.0,34.464,-16.769,16.77,-0.18,2.175,3.83
ATOM,1361.0,CD,ARG,309.0,33.884,-17.348,15.494,0.2,2.175,5.82
ATOM,1362.0,NE,ARG,309.0,34.592,-16.853,14.318,-0.7,1.85,4.54
ATOM,1363.0,CZ,ARG,309.0,34.272,-17.163,13.067,0.64,2.0,1.93
ATOM,1364.0,NH1,ARG,309.0,33.25,-17.974,12.826,-0.8,1.85,10.05
ATOM,1365.0,NH2,ARG,309.0,34.963,-16.649,12.058,-0.8,1.85,13.77
ATOM,1366.0,H,ARG,309.0,32.083,-16.813,20.136,0.31,0.2245,0.0
ATOM,1367.0,HA,ARG,309.0,34.878,-16.827,19.535,0.09,1.32,9.69
ATOM,1368.0,HB2,ARG,309.0,33.488,-17.972,18.126,0.09,1.32,8.62
ATOM,1369.0,HB3,ARG,309.0,32.654,-16.623,17.739,0.09,1.32,0.0
ATOM,1370.0,HG2,ARG,309.0,34.599,-15.789,16.636,0.09,1.32,0.0
ATOM,1371.0,HG3,ARG,309.0,35.344,-17.209,16.94,0.09,1.32,11.01
ATOM,1372.0,HD2,ARG,309.0,33.967,-18.338,15.536,0.09,1.32,9.93
ATOM,1373.0,HD3,ARG,309.0,32.928,-17.081,15.439,0.09,1.32,0.0
ATOM,1374.0,HE,ARG,309.0,35.375,-16.236,14.465,0.44,0.2245,4.07
ATOM,1375.0,HH11,ARG,309.0,32.697,-18.345,13.566,0.46,0.2245,3.87
ATOM,1376.0,HH12,ARG,309.0,33.026,-18.22,11.873,0.46,0.2245,0.23
ATOM,1377.0,HH21,ARG,309.0,35.714,-16.011,12.246,0.46,0.2245,10.37
ATOM,1378.0,HH22,ARG,309.0,34.738,-16.893,11.117,0.46,0.2245,2.21
ATOM,1379.0,N,PHE,310.0,33.445,-14.015,18.753,-0.47,1.85,0.0
ATOM,1380.0,CA,PHE,310.0,33.75,-12.636,18.403,0.07,2.275,0.0
ATOM,1381.0,C,PHE,310.0,34.062,-11.672,19.538,0.51,2.0,0.0
ATOM,1382.0,O,PHE,310.0,34.307,-10.491,19.295,-0.51,1.7,0.0
ATOM,1383.0,CB,PHE,310.0,32.644,-12.073,17.506,-0.18,2.175,0.0
ATOM,1384.0,CG,PHE,310.0,32.653,-12.656,16.122,0.0,1.9924,0.0
ATOM,1385.0,CD1,PHE,310.0,31.999,-13.852,15.85,-0.115,1.9924,0.0
ATOM,1386.0,CD2,PHE,310.0,33.383,-12.043,15.105,-0.115,1.9924,0.0
ATOM,1387.0,CE1,PHE,310.0,32.076,-14.437,14.58,-0.115,1.9924,0.0
ATOM,1388.0,CE2,PHE,310.0,33.466,-12.617,13.838,-0.115,1.9924,0.06
ATOM,1389.0,CZ,PHE,310.0,32.812,-13.816,13.576,-0.115,1.9924,0.0
ATOM,1390.0,H,PHE,310.0,32.497,-14.386,18.878,0.31,0.2245,0.0
ATOM,1391.0,HA,PHE,310.0,34.591,-12.664,17.805,0.09,1.32,0.0
ATOM,1392.0,HB2,PHE,310.0,31.778,-12.288,17.924,0.09,1.32,0.0
ATOM,1393.0,HB3,PHE,310.0,32.783,-11.1,17.43,0.09,1.32,0.0
ATOM,1394.0,HD1,PHE,310.0,31.468,-14.303,16.558,0.115,1.3582,0.0
ATOM,1395.0,HD2,PHE,310.0,33.853,-11.18,15.287,0.115,1.3582,0.0
ATOM,1396.0,HE1,PHE,310.0,31.599,-15.302,14.406,0.115,1.3582,0.0
ATOM,1397.0,HE2,PHE,310.0,34.004,-12.158,13.115,0.115,1.3582,0.0
ATOM,1398.0,HZ,PHE,310.0,32.868,-14.233,12.671,0.115,1.3582,0.0
ATOM,1399.0,N,SER,311.0,34.07,-12.171,20.77,-0.47,1.85,0.0
ATOM,1400.0,CA,SER,311.0,34.391,-11.327,21.917,0.07,2.275,0.0
ATOM,1401.0,C,SER,311.0,35.759,-11.721,22.459,0.34,2.0,0.88
ATOM,1402.0,O,SER,311.0,36.264,-11.009,23.35,-0.67,1.7,29.96
ATOM,1403.0,CB,SER,311.0,33.334,-11.466,23.018,0.05,2.175,1.23
ATOM,1404.0,OG,SER,311.0,33.364,-12.75,23.611,-0.66,1.77,13.99
ATOM,1405.0,OXT,SER,311.0,36.5,-12.64,22.184,-0.67,1.7,27.7
ATOM,1406.0,H,SER,311.0,33.837,-13.174,20.842,0.31,0.2245,0.0
ATOM,1407.0,HA,SER,311.0,34.445,-10.38,21.602,0.09,1.32,0.0
ATOM,1408.0,HB2,SER,311.0,33.511,-10.779,23.719,0.09,1.32,5.55
ATOM,1409.0,HB3,SER,311.0,32.433,-11.314,22.616,0.09,1.32,0.0
ATOM,1410.0,HG,SER,311.0,32.767,-13.368,23.101,0.43,0.2245,0.0
