atom,serial,name,resname,resid,x,y,z,charges,radius,sasa
ATOM,1.0,N,ASP,2.0,11.269,-9.824,51.503,-0.3,1.85,13.18
ATOM,2.0,CA,ASP,2.0,12.646,-10.024,52.068,0.21,2.275,3.91
ATOM,3.0,C,ASP,2.0,13.411,-8.704,52.012,0.51,2.0,0.0
ATOM,4.0,O,ASP,2.0,13.813,-8.291,50.945,-0.51,1.7,0.09
ATOM,5.0,CB,ASP,2.0,13.369,-11.092,51.254,-0.28,2.175,12.33
ATOM,6.0,CG,ASP,2.0,14.81,-11.32,51.712,0.62,2.0,3.14
ATOM,7.0,OD1,ASP,2.0,15.389,-12.366,51.365,-0.76,1.7,34.12
ATOM,8.0,OD2,ASP,2.0,15.441,-10.527,52.413,-0.76,1.7,6.57
ATOM,9.0,H,ASP,2.0,11.03,-10.616,50.95,0.33,0.2245,14.22
ATOM,10.0,HA,ASP,2.0,12.522,-10.262,53.028,0.1,1.32,8.3
ATOM,11.0,HB2,ASP,2.0,12.872,-11.947,51.349,0.09,1.32,10.61
ATOM,12.0,HB3,ASP,2.0,13.384,-10.804,50.303,0.09,1.32,1.84
ATOM,13.0,H2,ASP,2.0,10.625,-9.725,52.255,0.33,0.2245,19.9
ATOM,14.0,H3,ASP,2.0,11.268,-9.003,50.942,0.33,0.2245,7.26
ATOM,15.0,N,ILE,3.0,13.615,-8.043,53.151,-0.47,1.85,1.83
ATOM,16.0,CA,ILE,3.0,14.132,-6.665,53.138,0.07,2.275,0.71
ATOM,17.0,C,ILE,3.0,15.584,-6.591,52.668,0.51,2.0,0.0
ATOM,18.0,O,ILE,3.0,16.015,-5.569,52.143,-0.51,1.7,0.11
ATOM,19.0,CB,ILE,3.0,13.968,-5.985,54.524,-0.09,2.275,1.82
ATOM,20.0,CG1,ILE,3.0,14.084,-4.459,54.411,-0.18,2.175,3.84
ATOM,21.0,CG2,ILE,3.0,14.994,-6.514,55.52,-0.27,2.06,24.9
ATOM,22.0,CD1,ILE,3.0,12.935,-3.798,53.665,-0.27,2.06,10.72
ATOM,23.0,H,ILE,3.0,13.388,-8.56,54.011,0.31,0.2245,7.9
ATOM,24.0,HA,ILE,3.0,13.581,-6.168,52.455,0.09,1.32,0.0
ATOM,25.0,HB,ILE,3.0,13.057,-6.202,54.861,0.09,1.32,8.64
ATOM,26.0,HG12,ILE,3.0,14.132,-4.077,55.333,0.09,1.32,6.6
ATOM,27.0,HG13,ILE,3.0,14.937,-4.245,53.935,0.09,1.32,0.59
ATOM,28.0,HG21,ILE,3.0,14.829,-6.105,56.415,0.09,1.32,10.68
ATOM,29.0,HG22,ILE,3.0,14.911,-7.506,55.587,0.09,1.32,4.56
ATOM,30.0,HG23,ILE,3.0,15.912,-6.277,55.209,0.09,1.32,0.58
ATOM,31.0,HD11,ILE,3.0,12.08,-3.994,54.14,0.09,1.32,10.05
ATOM,32.0,HD12,ILE,3.0,13.087,-2.812,53.637,0.09,1.32,0.0
ATOM,33.0,HD13,ILE,3.0,12.896,-4.16,52.736,0.09,1.32,0.0
ATOM,34.0,N,ILE,4.0,16.337,-7.672,52.855,-0.47,1.85,0.0
ATOM,35.0,CA,ILE,4.0,17.71,-7.717,52.36,0.07,2.275,0.0
ATOM,36.0,C,ILE,4.0,17.722,-7.737,50.825,0.51,2.0,0.0
ATOM,37.0,O,ILE,4.0,18.475,-6.994,50.208,-0.51,1.7,0.0
ATOM,38.0,CB,ILE,4.0,18.471,-8.921,52.933,-0.09,2.275,1.74
ATOM,39.0,CG1,ILE,4.0,18.581,-8.828,54.456,-0.18,2.175,15.33
ATOM,40.0,CG2,ILE,4.0,19.851,-9.017,52.308,-0.27,2.06,18.43
ATOM,41.0,CD1,ILE,4.0,19.192,-7.521,54.979,-0.27,2.06,31.68
ATOM,42.0,H,ILE,4.0,15.882,-8.446,53.361,0.31,0.2245,0.1
ATOM,43.0,HA,ILE,4.0,18.139,-6.855,52.634,0.09,1.32,0.0
ATOM,44.0,HB,ILE,4.0,17.956,-9.746,52.712,0.09,1.32,1.31
ATOM,45.0,HG12,ILE,4.0,17.667,-8.928,54.851,0.09,1.32,2.65
ATOM,46.0,HG13,ILE,4.0,19.148,-9.588,54.78,0.09,1.32,10.02
ATOM,47.0,HG21,ILE,4.0,20.318,-9.832,52.65,0.09,1.32,10.31
ATOM,48.0,HG22,ILE,4.0,19.766,-9.077,51.314,0.09,1.32,0.15
ATOM,49.0,HG23,ILE,4.0,20.384,-8.206,52.546,0.09,1.32,3.71
ATOM,50.0,HD11,ILE,4.0,18.625,-6.76,54.679,0.09,1.32,1.3
ATOM,51.0,HD12,ILE,4.0,19.221,-7.556,55.973,0.09,1.32,11.78
ATOM,52.0,HD13,ILE,4.0,20.113,-7.428,54.612,0.09,1.32,6.21
ATOM,53.0,N,SER,5.0,16.891,-8.588,50.223,-0.47,1.85,0.31
ATOM,54.0,CA,SER,5.0,16.637,-8.537,48.786,0.07,2.275,0.1
ATOM,55.0,C,SER,5.0,16.198,-7.138,48.333,0.51,2.0,0.0
ATOM,56.0,O,SER,5.0,16.666,-6.633,47.327,-0.51,1.7,0.0
ATOM,57.0,CB,SER,5.0,15.562,-9.559,48.392,0.05,2.175,11.76
ATOM,58.0,OG,SER,5.0,16.1,-10.867,48.454,-0.66,1.77,22.28
ATOM,59.0,H,SER,5.0,16.446,-9.281,50.858,0.31,0.2245,0.0
ATOM,60.0,HA,SER,5.0,17.497,-8.757,48.307,0.09,1.32,0.23
ATOM,61.0,HB2,SER,5.0,14.806,-9.486,49.027,0.09,1.32,0.0
ATOM,62.0,HB3,SER,5.0,15.269,-9.37,47.465,0.09,1.32,1.03
ATOM,63.0,HG,SER,5.0,15.835,-11.296,49.317,0.43,0.2245,1.35
ATOM,64.0,N,VAL,6.0,15.303,-6.504,49.079,-0.47,1.85,0.09
ATOM,65.0,CA,VAL,6.0,14.869,-5.141,48.722,0.07,2.275,0.55
ATOM,66.0,C,VAL,6.0,16.086,-4.197,48.722,0.51,2.0,0.0
ATOM,67.0,O,VAL,6.0,16.291,-3.425,47.775,-0.51,1.7,0.36
ATOM,68.0,CB,VAL,6.0,13.78,-4.608,49.668,-0.09,2.275,0.0
ATOM,69.0,CG1,VAL,6.0,13.445,-3.135,49.352,-0.27,2.06,0.0
ATOM,70.0,CG2,VAL,6.0,12.522,-5.453,49.57,-0.27,2.06,15.6
ATOM,71.0,H,VAL,6.0,14.95,-7.018,49.894,0.31,0.2245,0.0
ATOM,72.0,HA,VAL,6.0,14.501,-5.165,47.795,0.09,1.32,4.33
ATOM,73.0,HB,VAL,6.0,14.142,-4.621,50.595,0.09,1.32,0.0
ATOM,74.0,HG11,VAL,6.0,13.55,-2.982,48.373,0.09,1.32,1.25
ATOM,75.0,HG12,VAL,6.0,12.505,-2.951,49.627,0.09,1.32,0.0
ATOM,76.0,HG13,VAL,6.0,14.069,-2.546,49.858,0.09,1.32,0.0
ATOM,77.0,HG21,VAL,6.0,12.134,-5.365,48.652,0.09,1.32,7.6
ATOM,78.0,HG22,VAL,6.0,12.751,-6.411,49.747,0.09,1.32,0.01
ATOM,79.0,HG23,VAL,6.0,11.857,-5.137,50.247,0.09,1.32,1.49
ATOM,80.0,N,ALA,7.0,16.906,-4.296,49.764,-0.47,1.85,0.0
ATOM,81.0,CA,ALA,7.0,18.094,-3.449,49.913,0.07,2.275,0.49
ATOM,82.0,C,ALA,7.0,19.097,-3.634,48.762,0.51,2.0,0.0
ATOM,83.0,O,ALA,7.0,19.665,-2.671,48.255,-0.51,1.7,6.4
ATOM,84.0,CB,ALA,7.0,18.781,-3.737,51.252,-0.27,2.06,22.09
ATOM,85.0,H,ALA,7.0,16.636,-5.021,50.462,0.31,0.2245,0.0
ATOM,86.0,HA,ALA,7.0,17.802,-2.481,49.926,0.09,1.32,0.07
ATOM,87.0,HB1,ALA,7.0,18.396,-4.568,51.648,0.09,1.32,0.0
ATOM,88.0,HB2,ALA,7.0,19.76,-3.859,51.1,0.09,1.32,4.64
ATOM,89.0,HB3,ALA,7.0,18.63,-2.969,51.871,0.09,1.32,5.61
ATOM,90.0,N,LEU,8.0,19.296,-4.88,48.358,-0.47,1.85,0.0
ATOM,91.0,CA,LEU,8.0,20.266,-5.216,47.313,0.07,2.275,0.0
ATOM,92.0,C,LEU,8.0,19.766,-4.928,45.901,0.51,2.0,0.0
ATOM,93.0,O,LEU,8.0,20.57,-4.724,44.991,-0.51,1.7,13.15
ATOM,94.0,CB,LEU,8.0,20.652,-6.684,47.434,-0.18,2.175,3.06
ATOM,95.0,CG,LEU,8.0,21.351,-7.069,48.741,-0.09,2.275,0.0
ATOM,96.0,CD1,LEU,8.0,21.581,-8.583,48.789,-0.27,2.06,26.92
ATOM,97.0,CD2,LEU,8.0,22.649,-6.318,48.894,-0.27,2.06,28.59
ATOM,98.0,H,LEU,8.0,18.712,-5.595,48.84,0.31,0.2245,0.0
ATOM,99.0,HA,LEU,8.0,21.107,-4.667,47.471,0.09,1.32,0.0
ATOM,100.0,HB2,LEU,8.0,19.823,-7.228,47.372,0.09,1.32,0.0
ATOM,101.0,HB3,LEU,8.0,21.272,-6.903,46.692,0.09,1.32,6.92
ATOM,102.0,HG,LEU,8.0,20.777,-6.8,49.51,0.09,1.32,0.0
ATOM,103.0,HD11,LEU,8.0,22.154,-8.854,48.017,0.09,1.32,9.82
ATOM,104.0,HD12,LEU,8.0,22.037,-8.82,49.645,0.09,1.32,5.6
ATOM,105.0,HD13,LEU,8.0,20.701,-9.052,48.736,0.09,1.32,3.0
ATOM,106.0,HD21,LEU,8.0,22.473,-5.33,48.904,0.09,1.32,3.29
ATOM,107.0,HD22,LEU,8.0,23.096,-6.579,49.753,0.09,1.32,9.73
ATOM,108.0,HD23,LEU,8.0,23.261,-6.533,48.129,0.09,1.32,10.04
ATOM,109.0,N,LYS,9.0,18.448,-4.898,45.721,-0.47,1.85,0.0
ATOM,110.0,CA,LYS,9.0,17.844,-4.765,44.39,0.07,2.275,0.54
ATOM,111.0,C,LYS,9.0,17.379,-3.352,44.067,0.51,2.0,0.18
ATOM,112.0,O,LYS,9.0,17.109,-3.045,42.903,-0.51,1.7,20.02
ATOM,113.0,CB,LYS,9.0,16.66,-5.721,44.239,-0.18,2.175,7.58
ATOM,114.0,CG,LYS,9.0,17.077,-7.16,43.948,-0.18,2.175,5.73
ATOM,115.0,CD,LYS,9.0,15.94,-8.151,44.202,-0.18,2.175,11.01
ATOM,116.0,CE,LYS,9.0,16.284,-9.558,43.712,0.21,2.175,20.88
ATOM,117.0,NZ,LYS,9.0,17.549,-10.071,44.308,-0.3,1.85,10.01
ATOM,118.0,H,LYS,9.0,17.887,-4.976,46.593,0.31,0.2245,0.0
ATOM,119.0,HA,LYS,9.0,18.533,-5.048,43.696,0.09,1.32,5.6
ATOM,120.0,HB2,LYS,9.0,16.14,-5.713,45.087,0.09,1.32,0.0
ATOM,121.0,HB3,LYS,9.0,16.094,-5.402,43.485,0.09,1.32,7.11
ATOM,122.0,HG2,LYS,9.0,17.356,-7.231,42.989,0.09,1.32,9.51
ATOM,123.0,HG3,LYS,9.0,17.85,-7.401,44.536,0.09,1.32,0.18
ATOM,124.0,HD2,LYS,9.0,15.764,-8.192,45.181,0.09,1.32,0.0
ATOM,125.0,HD3,LYS,9.0,15.128,-7.839,43.719,0.09,1.32,10.26
ATOM,126.0,HE2,LYS,9.0,15.53,-10.176,43.954,0.05,1.32,11.28
ATOM,127.0,HE3,LYS,9.0,16.374,-9.537,42.712,0.05,1.32,11.06
ATOM,128.0,HZ1,LYS,9.0,17.543,-11.07,44.287,0.33,0.2245,19.9
ATOM,129.0,HZ2,LYS,9.0,18.326,-9.729,43.781,0.33,0.2245,15.1
ATOM,130.0,HZ3,LYS,9.0,17.621,-9.756,45.254,0.33,0.2245,1.44
ATOM,131.0,N,ARG,10.0,17.254,-2.499,45.079,-0.47,1.85,0.51
ATOM,132.0,CA,ARG,10.0,16.863,-1.117,44.835,0.07,2.275,2.67
ATOM,133.0,C,ARG,10.0,18.047,-0.389,44.217,0.51,2.0,0.0
ATOM,134.0,O,ARG,10.0,19.201,-0.822,44.346,-0.51,1.7,0.62
ATOM,135.0,CB,ARG,10.0,16.41,-0.422,46.121,-0.18,2.175,1.74
ATOM,136.0,CG,ARG,10.0,17.485,-0.279,47.198,-0.18,2.175,0.0
ATOM,137.0,CD,ARG,10.0,17.335,0.987,48.045,0.2,2.175,3.14
ATOM,138.0,NE,ARG,10.0,17.555,2.205,47.272,-0.7,1.85,0.27
ATOM,139.0,CZ,ARG,10.0,18.755,2.667,46.903,0.64,2.0,1.45
ATOM,140.0,NH1,ARG,10.0,18.84,3.778,46.19,-0.8,1.85,2.42
ATOM,141.0,NH2,ARG,10.0,19.865,2.016,47.211,-0.8,1.85,7.85
ATOM,142.0,H,ARG,10.0,17.45,-2.888,46.012,0.31,0.2245,0.0
ATOM,143.0,HA,ARG,10.0,16.104,-1.103,44.189,0.09,1.32,7.02
ATOM,144.0,HB2,ARG,10.0,16.09,0.495,45.885,0.09,1.32,1.69
ATOM,145.0,HB3,ARG,10.0,15.655,-0.948,46.512,0.09,1.32,0.35
ATOM,146.0,HG2,ARG,10.0,17.444,-1.069,47.815,0.09,1.32,0.0
ATOM,147.0,HG3,ARG,10.0,18.388,-0.252,46.763,0.09,1.32,0.0
ATOM,148.0,HD2,ARG,10.0,16.411,0.994,48.421,0.09,1.32,0.0
ATOM,149.0,HD3,ARG,10.0,18.002,0.938,48.785,0.09,1.32,6.11
ATOM,150.0,HE,ARG,10.0,16.746,2.74,46.994,0.44,0.2245,4.64
ATOM,151.0,HH11,ARG,10.0,18.03,4.297,45.934,0.46,0.2245,0.69
ATOM,152.0,HH12,ARG,10.0,19.748,4.112,45.897,0.46,0.2245,5.27
ATOM,153.0,HH21,ARG,10.0,19.794,1.167,47.751,0.46,0.2245,3.27
ATOM,154.0,HH22,ARG,10.0,20.751,2.353,46.92,0.46,0.2245,2.44
ATOM,155.0,N,HIS,11.0,17.754,0.723,43.556,-0.47,1.85,0.0
ATOM,156.0,CA,HIS,11.0,18.782,1.519,42.912,0.07,2.275,0.0
ATOM,157.0,C,HIS,11.0,18.306,2.945,42.719,0.51,2.0,0.0
ATOM,158.0,O,HIS,11.0,17.103,3.217,42.743,-0.51,1.7,1.16
ATOM,159.0,CB,HIS,11.0,19.163,0.912,41.561,-0.08,2.175,2.71
ATOM,160.0,CG,HIS,11.0,18.203,1.241,40.459,0.22,1.8,0.0
ATOM,161.0,H,HIS,11.0,16.743,0.967,43.541,0.31,0.2245,2.59
ATOM,162.0,HA,HIS,11.0,19.595,1.534,43.506,0.09,1.32,0.0
ATOM,163.0,HB2,HIS,11.0,20.074,1.247,41.296,0.09,1.32,1.14
ATOM,164.0,HB3,HIS,11.0,19.206,-0.089,41.653,0.09,1.32,3.73
ATOM,165.0,ND1,HIS,11.0,16.997,0.589,40.304,-0.7,1.85,5.63
ATOM,166.0,CD2,HIS,11.0,18.261,2.163,39.468,-0.05,1.8,0.0
ATOM,167.0,CE1,HIS,11.0,16.361,1.086,39.255,0.25,1.8,2.23
ATOM,168.0,NE2,HIS,11.0,17.102,2.048,38.735,-0.36,1.85,0.0
ATOM,169.0,HD2,HIS,11.0,19.003,2.805,39.299,0.09,1.468,0.0
ATOM,170.0,HE1,HIS,11.0,15.475,0.785,38.915,0.13,0.9,0.09
ATOM,171.0,HE2,HIS,11.0,16.861,2.604,37.939,0.32,0.2245,0.0
ATOM,172.0,N,SER,12.0,19.261,3.847,42.511,-0.47,1.85,0.0
ATOM,173.0,CA,SER,12.0,18.961,5.225,42.176,0.07,2.275,0.0
ATOM,174.0,C,SER,12.0,18.533,5.327,40.703,0.51,2.0,0.0
ATOM,175.0,O,SER,12.0,19.336,5.151,39.787,-0.51,1.7,0.0
ATOM,176.0,CB,SER,12.0,20.169,6.114,42.452,0.05,2.175,7.72
ATOM,177.0,OG,SER,12.0,20.266,6.372,43.838,-0.66,1.77,12.68
ATOM,178.0,H,SER,12.0,20.232,3.477,42.61,0.31,0.2245,3.05
ATOM,179.0,HA,SER,12.0,18.187,5.529,42.736,0.09,1.32,0.0
ATOM,180.0,HB2,SER,12.0,20.989,5.646,42.15,0.09,1.32,1.98
ATOM,181.0,HB3,SER,12.0,20.053,6.972,41.969,0.09,1.32,0.0
ATOM,182.0,HG,SER,12.0,19.681,7.147,44.076,0.43,0.2245,0.35
ATOM,183.0,N,THR,13.0,17.255,5.605,40.492,-0.47,1.85,0.0
ATOM,184.0,CA,THR,13.0,16.699,5.727,39.151,0.07,2.275,0.0
ATOM,185.0,C,THR,13.0,17.216,6.971,38.425,0.51,2.0,0.0
ATOM,186.0,O,THR,13.0,17.129,8.087,38.94,-0.51,1.7,0.0
ATOM,187.0,CB,THR,13.0,15.16,5.756,39.231,0.14,2.275,0.0
ATOM,188.0,OG1,THR,13.0,14.686,4.467,39.641,-0.66,1.77,0.0
ATOM,189.0,CG2,THR,13.0,14.53,5.965,37.841,-0.27,2.06,0.0
ATOM,190.0,H,THR,13.0,16.687,5.728,41.358,0.31,0.2245,0.0
ATOM,191.0,HA,THR,13.0,16.972,4.915,38.614,0.09,1.32,0.0
ATOM,192.0,HB,THR,13.0,14.881,6.437,39.935,0.09,1.32,0.0
ATOM,193.0,HG21,THR,13.0,15.247,6.199,37.185,0.09,1.32,0.0
ATOM,194.0,HG22,THR,13.0,14.075,5.123,37.554,0.09,1.32,0.0
ATOM,195.0,HG23,THR,13.0,13.863,6.707,37.889,0.09,1.32,0.0
ATOM,196.0,HG1,THR,13.0,15.225,4.128,40.419,0.43,0.2245,0.0
ATOM,197.0,N,LYS,14.0,17.741,6.758,37.223,-0.47,1.85,0.0
ATOM,198.0,CA,LYS,14.0,18.278,7.833,36.388,0.07,2.275,0.0
ATOM,199.0,C,LYS,14.0,17.33,8.207,35.239,0.51,2.0,0.0
ATOM,200.0,O,LYS,14.0,17.538,9.21,34.571,-0.51,1.7,17.29
ATOM,201.0,CB,LYS,14.0,19.645,7.422,35.828,-0.18,2.175,0.97
ATOM,202.0,CG,LYS,14.0,20.654,6.989,36.89,-0.18,2.175,0.0
ATOM,203.0,CD,LYS,14.0,21.118,8.15,37.769,-0.18,2.175,0.0
ATOM,204.0,CE,LYS,14.0,22.05,7.646,38.875,0.21,2.175,2.71
ATOM,205.0,NZ,LYS,14.0,22.821,8.746,39.523,-0.3,1.85,10.9
ATOM,206.0,H,LYS,14.0,17.738,5.756,36.923,0.31,0.2245,0.0
ATOM,207.0,HA,LYS,14.0,18.421,8.653,36.963,0.09,1.32,0.0
ATOM,208.0,HB2,LYS,14.0,19.508,6.659,35.199,0.09,1.32,0.0
ATOM,209.0,HB3,LYS,14.0,20.026,8.202,35.334,0.09,1.32,4.28
ATOM,210.0,HG2,LYS,14.0,20.231,6.292,37.475,0.09,1.32,0.0
ATOM,211.0,HG3,LYS,14.0,21.454,6.59,36.436,0.09,1.32,0.0
ATOM,212.0,HD2,LYS,14.0,21.615,8.797,37.21,0.09,1.32,4.85
ATOM,213.0,HD3,LYS,14.0,20.329,8.57,38.191,0.09,1.32,0.0
ATOM,214.0,HE2,LYS,14.0,21.497,7.176,39.571,0.05,1.32,0.0
ATOM,215.0,HE3,LYS,14.0,22.692,6.983,38.476,0.05,1.32,2.32
ATOM,216.0,HZ1,LYS,14.0,23.514,8.353,40.126,0.33,0.2245,19.24
ATOM,217.0,HZ2,LYS,14.0,23.264,9.298,38.818,0.33,0.2245,15.24
ATOM,218.0,HZ3,LYS,14.0,22.197,9.317,40.055,0.33,0.2245,7.7
ATOM,219.0,N,ALA,15.0,16.288,7.409,35.025,-0.47,1.85,0.0
ATOM,220.0,CA,ALA,15.0,15.297,7.702,33.982,0.07,2.275,0.71
ATOM,221.0,C,ALA,15.0,13.941,7.146,34.394,0.51,2.0,0.0
ATOM,222.0,O,ALA,15.0,13.812,5.95,34.651,-0.51,1.7,0.0
ATOM,223.0,CB,ALA,15.0,15.725,7.098,32.66,-0.27,2.06,12.96
ATOM,224.0,H,ALA,15.0,16.235,6.58,35.643,0.31,0.2245,0.0
ATOM,225.0,HA,ALA,15.0,15.222,8.695,33.881,0.09,1.32,4.31
ATOM,226.0,HB1,ALA,15.0,16.209,7.785,32.116,0.09,1.32,10.32
ATOM,227.0,HB2,ALA,15.0,16.333,6.32,32.825,0.09,1.32,0.0
ATOM,228.0,HB3,ALA,15.0,14.919,6.785,32.155,0.09,1.32,0.04
ATOM,229.0,N,PHE,16.0,12.952,8.025,34.481,-0.47,1.85,0.0
ATOM,230.0,CA,PHE,16.0,11.597,7.645,34.855,0.07,2.275,0.0
ATOM,231.0,C,PHE,16.0,10.711,7.53,33.62,0.51,2.0,0.0
ATOM,232.0,O,PHE,16.0,10.888,8.252,32.63,-0.51,1.7,8.83
ATOM,233.0,CB,PHE,16.0,10.997,8.667,35.829,-0.18,2.175,0.0
ATOM,234.0,CG,PHE,16.0,11.54,8.576,37.228,0.0,1.9924,0.0
ATOM,235.0,CD1,PHE,16.0,12.621,9.358,37.625,-0.115,1.9924,0.0
ATOM,236.0,CD2,PHE,16.0,10.966,7.705,38.159,-0.115,1.9924,0.0
ATOM,237.0,CE1,PHE,16.0,13.122,9.271,38.929,-0.115,1.9924,0.0
ATOM,238.0,CE2,PHE,16.0,11.462,7.618,39.458,-0.115,1.9924,0.0
ATOM,239.0,CZ,PHE,16.0,12.535,8.407,39.844,-0.115,1.9924,0.0
ATOM,240.0,H,PHE,16.0,13.227,9.009,34.259,0.31,0.2245,1.53
ATOM,241.0,HA,PHE,16.0,11.649,6.727,35.26,0.09,1.32,0.0
ATOM,242.0,HB2,PHE,16.0,11.199,9.57,35.48,0.09,1.32,0.0
ATOM,243.0,HB3,PHE,16.0,10.021,8.508,35.868,0.09,1.32,0.0
ATOM,244.0,HD1,PHE,16.0,13.045,9.986,36.984,0.115,1.3582,0.0
ATOM,245.0,HD2,PHE,16.0,10.189,7.139,37.887,0.115,1.3582,0.0
ATOM,246.0,HE1,PHE,16.0,13.909,9.839,39.192,0.115,1.3582,0.0
ATOM,247.0,HE2,PHE,16.0,11.034,6.975,40.113,0.115,1.3582,0.0
ATOM,248.0,HZ,PHE,16.0,12.888,8.358,40.778,0.115,1.3582,0.0
ATOM,249.0,N,ASP,17.0,9.779,6.585,33.681,-0.47,1.85,0.0
ATOM,250.0,CA,ASP,17.0,8.683,6.502,32.739,0.07,2.275,0.18
ATOM,251.0,C,ASP,17.0,7.627,7.511,33.149,0.51,2.0,0.0
ATOM,252.0,O,ASP,17.0,6.887,7.284,34.1,-0.51,1.7,0.84
ATOM,253.0,CB,ASP,17.0,8.102,5.089,32.754,-0.28,2.175,0.07
ATOM,254.0,CG,ASP,17.0,7.063,4.865,31.679,0.62,2.0,2.52
ATOM,255.0,OD1,ASP,17.0,6.556,5.845,31.074,-0.76,1.7,8.51
ATOM,256.0,OD2,ASP,17.0,6.698,3.711,31.383,-0.76,1.7,17.5
ATOM,257.0,H,ASP,17.0,9.909,5.907,34.471,0.31,0.2245,0.0
ATOM,258.0,HA,ASP,17.0,9.03,6.786,31.847,0.09,1.32,3.2
ATOM,259.0,HB2,ASP,17.0,8.851,4.448,32.615,0.09,1.32,0.0
ATOM,260.0,HB3,ASP,17.0,7.682,4.939,33.644,0.09,1.32,0.0
ATOM,261.0,N,ALA,18.0,7.561,8.625,32.422,-0.47,1.85,0.0
ATOM,262.0,CA,ALA,18.0,6.614,9.708,32.728,0.07,2.275,0.11
ATOM,263.0,C,ALA,18.0,5.141,9.359,32.466,0.51,2.0,0.5
ATOM,264.0,O,ALA,18.0,4.242,10.088,32.897,-0.51,1.7,18.0
ATOM,265.0,CB,ALA,18.0,6.996,10.974,31.96,-0.27,2.06,21.01
ATOM,266.0,H,ALA,18.0,8.229,8.666,31.626,0.31,0.2245,6.37
ATOM,267.0,HA,ALA,18.0,6.713,9.952,33.713,0.09,1.32,0.0
ATOM,268.0,HB1,ALA,18.0,7.936,11.226,32.184,0.09,1.32,0.0
ATOM,269.0,HB2,ALA,18.0,6.92,10.802,30.979,0.09,1.32,10.5
ATOM,270.0,HB3,ALA,18.0,6.38,11.716,32.218,0.09,1.32,8.56
ATOM,271.0,N,SER,19.0,4.9,8.269,31.744,-0.47,1.85,1.35
ATOM,272.0,CA,SER,19.0,3.548,7.769,31.518,0.07,2.275,2.76
ATOM,273.0,C,SER,19.0,2.98,6.94,32.68,0.51,2.0,0.0
ATOM,274.0,O,SER,19.0,1.788,6.618,32.685,-0.51,1.7,24.62
ATOM,275.0,CB,SER,19.0,3.503,6.94,30.224,0.05,2.175,25.11
ATOM,276.0,OG,SER,19.0,3.97,5.626,30.454,-0.66,1.77,13.57
ATOM,277.0,H,SER,19.0,5.751,7.808,31.358,0.31,0.2245,1.08
ATOM,278.0,HA,SER,19.0,2.934,8.571,31.388,0.09,1.32,9.07
ATOM,279.0,HB2,SER,19.0,2.563,6.903,29.904,0.09,1.32,10.42
ATOM,280.0,HB3,SER,19.0,4.083,7.38,29.547,0.09,1.32,10.03
ATOM,281.0,HG,SER,19.0,4.946,5.65,30.669,0.43,0.2245,0.01
ATOM,282.0,N,LYS,20.0,3.821,6.594,33.659,-0.47,1.85,0.0
ATOM,283.0,CA,LYS,20.0,3.404,5.743,34.771,0.07,2.275,1.15
ATOM,284.0,C,LYS,20.0,3.266,6.536,36.074,0.51,2.0,0.06
ATOM,285.0,O,LYS,20.0,4.249,6.737,36.794,-0.51,1.7,1.34
ATOM,286.0,CB,LYS,20.0,4.393,4.587,34.938,-0.18,2.175,1.77
ATOM,287.0,CG,LYS,20.0,4.329,3.571,33.802,-0.18,2.175,1.99
ATOM,288.0,CD,LYS,20.0,5.333,2.433,34.006,-0.18,2.175,2.4
ATOM,289.0,CE,LYS,20.0,5.107,1.245,33.055,0.21,2.175,20.19
ATOM,290.0,NZ,LYS,20.0,3.709,1.155,32.485,-0.3,1.85,14.08
ATOM,291.0,H,LYS,20.0,4.781,6.978,33.56,0.31,0.2245,0.0
ATOM,292.0,HA,LYS,20.0,2.508,5.332,34.55,0.09,1.32,3.95
ATOM,293.0,HB2,LYS,20.0,5.312,4.964,34.968,0.09,1.32,0.0
ATOM,294.0,HB3,LYS,20.0,4.184,4.117,35.79,0.09,1.32,0.37
ATOM,295.0,HG2,LYS,20.0,3.409,3.182,33.762,0.09,1.32,3.23
ATOM,296.0,HG3,LYS,20.0,4.537,4.03,32.94,0.09,1.32,0.0
ATOM,297.0,HD2,LYS,20.0,6.255,2.786,33.85,0.09,1.32,0.0
ATOM,298.0,HD3,LYS,20.0,5.256,2.099,34.945,0.09,1.32,1.88
ATOM,299.0,HE2,LYS,20.0,5.763,1.315,32.29,0.05,1.32,4.95
ATOM,300.0,HE3,LYS,20.0,5.307,0.389,33.554,0.05,1.32,12.31
ATOM,301.0,HZ1,LYS,20.0,3.131,1.818,32.951,0.33,0.2245,7.24
ATOM,302.0,HZ2,LYS,20.0,3.748,1.357,31.511,0.33,0.2245,15.45
ATOM,303.0,HZ3,LYS,20.0,3.363,0.233,32.632,0.33,0.2245,20.21
ATOM,304.0,N,LYS,21.0,2.047,6.993,36.36,-0.47,1.85,0.08
ATOM,305.0,CA,LYS,21.0,1.749,7.734,37.589,0.07,2.275,0.0
ATOM,306.0,C,LYS,21.0,1.32,6.786,38.707,0.51,2.0,0.0
ATOM,307.0,O,LYS,21.0,0.622,5.793,38.46,-0.51,1.7,18.86
ATOM,308.0,CB,LYS,21.0,0.63,8.761,37.366,-0.18,2.175,8.76
ATOM,309.0,CG,LYS,21.0,1.037,10.037,36.635,-0.18,2.175,13.84
ATOM,310.0,CD,LYS,21.0,1.925,10.956,37.473,-0.18,2.175,1.9
ATOM,311.0,CE,LYS,21.0,1.157,11.721,38.574,0.21,2.175,2.88
ATOM,312.0,NZ,LYS,21.0,0.57,12.994,38.061,-0.3,1.85,8.68
ATOM,313.0,H,LYS,21.0,1.325,6.779,35.637,0.31,0.2245,5.46
ATOM,314.0,HA,LYS,21.0,2.578,8.224,37.881,0.09,1.32,0.0
ATOM,315.0,HB2,LYS,21.0,-0.098,8.316,36.836,0.09,1.32,9.19
ATOM,316.0,HB3,LYS,21.0,0.262,9.019,38.265,0.09,1.32,0.11
ATOM,317.0,HG2,LYS,21.0,1.535,9.787,35.796,0.09,1.32,0.26
ATOM,318.0,HG3,LYS,21.0,0.207,10.543,36.374,0.09,1.32,7.1
ATOM,319.0,HD2,LYS,21.0,2.633,10.406,37.917,0.09,1.32,0.0
ATOM,320.0,HD3,LYS,21.0,2.354,11.63,36.872,0.09,1.32,3.64
ATOM,321.0,HE2,LYS,21.0,0.425,11.13,38.916,0.05,1.32,2.59
ATOM,322.0,HE3,LYS,21.0,1.793,11.924,39.319,0.05,1.32,0.0
ATOM,323.0,HZ1,LYS,21.0,0.027,13.421,38.783,0.33,0.2245,10.18
ATOM,324.0,HZ2,LYS,21.0,1.307,13.609,37.786,0.33,0.2245,2.3
ATOM,325.0,HZ3,LYS,21.0,-0.013,12.795,37.275,0.33,0.2245,13.54
ATOM,326.0,N,LEU,22.0,1.734,7.093,39.933,-0.47,1.85,0.0
ATOM,327.0,CA,LEU,22.0,1.158,6.467,41.121,0.07,2.275,0.0
ATOM,328.0,C,LEU,22.0,-0.277,6.955,41.333,0.51,2.0,0.0
ATOM,329.0,O,LEU,22.0,-0.609,8.091,41.007,-0.51,1.7,6.07
ATOM,330.0,CB,LEU,22.0,1.989,6.79,42.363,-0.18,2.175,0.0
ATOM,331.0,CG,LEU,22.0,3.508,6.587,42.263,-0.09,2.275,0.0
ATOM,332.0,CD1,LEU,22.0,4.112,6.775,43.62,-0.27,2.06,0.0
ATOM,333.0,CD2,LEU,22.0,3.845,5.215,41.712,-0.27,2.06,0.0
ATOM,334.0,H,LEU,22.0,2.49,7.805,39.972,0.31,0.2245,0.0
ATOM,335.0,HA,LEU,22.0,1.136,5.474,40.983,0.09,1.32,0.0
ATOM,336.0,HB2,LEU,22.0,1.836,7.751,42.594,0.09,1.32,0.0
ATOM,337.0,HB3,LEU,22.0,1.663,6.212,43.11,0.09,1.32,0.0
ATOM,338.0,HG,LEU,22.0,3.875,7.257,41.626,0.09,1.32,0.0
ATOM,339.0,HD11,LEU,22.0,3.728,6.108,44.266,0.09,1.32,0.0
ATOM,340.0,HD12,LEU,22.0,5.107,6.646,43.577,0.09,1.32,0.0
ATOM,341.0,HD13,LEU,22.0,3.92,7.701,43.959,0.09,1.32,0.0
ATOM,342.0,HD21,LEU,22.0,3.451,5.113,40.797,0.09,1.32,0.0
ATOM,343.0,HD22,LEU,22.0,4.839,5.109,41.657,0.09,1.32,0.0
ATOM,344.0,HD23,LEU,22.0,3.47,4.508,42.314,0.09,1.32,0.0
ATOM,345.0,N,THR,23.0,-1.124,6.082,41.87,-0.47,1.85,0.0
ATOM,346.0,CA,THR,23.0,-2.499,6.435,42.205,0.07,2.275,0.0
ATOM,347.0,C,THR,23.0,-2.502,7.307,43.443,0.51,2.0,0.0
ATOM,348.0,O,THR,23.0,-1.535,7.289,44.199,-0.51,1.7,0.0
ATOM,349.0,CB,THR,23.0,-3.324,5.173,42.515,0.14,2.275,0.2
ATOM,350.0,OG1,THR,23.0,-2.715,4.462,43.596,-0.66,1.77,1.97
ATOM,351.0,CG2,THR,23.0,-3.317,4.18,41.348,-0.27,2.06,35.6
ATOM,352.0,H,THR,23.0,-0.724,5.132,42.029,0.31,0.2245,0.0
ATOM,353.0,HA,THR,23.0,-2.888,6.957,41.444,0.09,1.32,3.25
ATOM,354.0,HB,THR,23.0,-4.26,5.456,42.805,0.09,1.32,0.0
ATOM,355.0,HG21,THR,23.0,-4.116,4.34,40.768,0.09,1.32,11.93
ATOM,356.0,HG22,THR,23.0,-2.484,4.304,40.808,0.09,1.32,1.47
ATOM,357.0,HG23,THR,23.0,-3.346,3.245,41.704,0.09,1.32,9.84
ATOM,358.0,HG1,THR,23.0,-1.815,4.107,43.32,0.43,0.2245,0.0
ATOM,359.0,N,PRO,24.0,-3.586,8.043,43.682,-0.29,1.85,0.37
ATOM,360.0,CA,PRO,24.0,-3.719,8.793,44.938,0.02,2.275,2.56
ATOM,361.0,C,PRO,24.0,-3.579,7.869,46.156,0.51,2.0,0.31
ATOM,362.0,O,PRO,24.0,-3.074,8.294,47.187,-0.51,1.7,3.45
ATOM,363.0,CB,PRO,24.0,-5.13,9.383,44.86,-0.18,2.175,18.14
ATOM,364.0,CG,PRO,24.0,-5.484,9.374,43.404,-0.18,2.175,20.4
ATOM,365.0,CD,PRO,24.0,-4.748,8.234,42.793,0.0,2.175,12.96
ATOM,366.0,HA,PRO,24.0,-3.046,9.54,44.982,0.09,1.32,3.25
ATOM,367.0,HB2,PRO,24.0,-5.778,8.824,45.388,0.09,1.32,4.66
ATOM,368.0,HB3,PRO,24.0,-5.144,10.319,45.226,0.09,1.32,11.88
ATOM,369.0,HG2,PRO,24.0,-6.484,9.268,43.291,0.09,1.32,12.1
ATOM,370.0,HG3,PRO,24.0,-5.219,10.252,42.978,0.09,1.32,11.95
ATOM,371.0,HD2,PRO,24.0,-5.305,7.399,42.767,0.09,1.32,1.79
ATOM,372.0,HD3,PRO,24.0,-4.44,8.444,41.859,0.09,1.32,7.36
ATOM,373.0,N,GLU,25.0,-4.012,6.616,46.019,-0.47,1.85,0.0
ATOM,374.0,CA,GLU,25.0,-3.954,5.661,47.123,0.07,2.275,0.26
ATOM,375.0,C,GLU,25.0,-2.521,5.258,47.421,0.51,2.0,0.38
ATOM,376.0,O,GLU,25.0,-2.128,5.12,48.585,-0.51,1.7,2.27
ATOM,377.0,CB,GLU,25.0,-4.836,4.439,46.831,-0.18,2.175,13.6
ATOM,378.0,CG,GLU,25.0,-6.334,4.763,46.792,-0.28,2.175,19.31
ATOM,379.0,CD,GLU,25.0,-6.869,5.072,45.399,0.62,2.0,3.23
ATOM,380.0,OE1,GLU,25.0,-8.113,5.079,45.234,-0.76,1.7,44.95
ATOM,381.0,OE2,GLU,25.0,-6.069,5.304,44.46,-0.76,1.7,8.21
ATOM,382.0,H,GLU,25.0,-4.386,6.384,45.08,0.31,0.2245,0.0
ATOM,383.0,HA,GLU,25.0,-4.368,6.072,47.945,0.09,1.32,2.3
ATOM,384.0,HB2,GLU,25.0,-4.587,4.093,45.948,0.09,1.32,1.25
ATOM,385.0,HB3,GLU,25.0,-4.695,3.788,47.549,0.09,1.32,9.17
ATOM,386.0,HG2,GLU,25.0,-6.824,3.977,47.131,0.09,1.32,11.13
ATOM,387.0,HG3,GLU,25.0,-6.489,5.559,47.353,0.09,1.32,7.75
ATOM,388.0,N,GLN,26.0,-1.72,5.111,46.371,-0.47,1.85,0.13
ATOM,389.0,CA,GLN,26.0,-0.29,4.82,46.529,0.07,2.275,0.38
ATOM,390.0,C,GLN,26.0,0.433,6.006,47.154,0.51,2.0,0.0
ATOM,391.0,O,GLN,26.0,1.354,5.828,47.96,-0.51,1.7,0.0
ATOM,392.0,CB,GLN,26.0,0.353,4.472,45.183,-0.18,2.175,0.0
ATOM,393.0,CG,GLN,26.0,0.064,3.059,44.707,-0.18,2.175,10.91
ATOM,394.0,CD,GLN,26.0,0.658,2.778,43.331,0.55,2.0,1.57
ATOM,395.0,H,GLN,26.0,-2.18,5.217,45.448,0.31,0.2245,0.0
ATOM,396.0,HA,GLN,26.0,-0.203,4.039,47.155,0.09,1.32,0.0
ATOM,397.0,HB2,GLN,26.0,0.012,5.111,44.491,0.09,1.32,0.0
ATOM,398.0,HB3,GLN,26.0,1.347,4.577,45.266,0.09,1.32,0.0
ATOM,399.0,HG2,GLN,26.0,0.457,2.412,45.357,0.09,1.32,0.29
ATOM,400.0,HG3,GLN,26.0,-0.924,2.93,44.656,0.09,1.32,2.55
ATOM,401.0,OE1,GLN,26.0,0.367,3.487,42.367,-0.55,1.7,4.84
ATOM,402.0,NE2,GLN,26.0,1.477,1.748,43.241,-0.62,1.85,14.79
ATOM,403.0,HE21,GLN,26.0,1.901,1.491,42.352,0.32,0.2245,9.17
ATOM,404.0,HE22,GLN,26.0,1.685,1.205,44.08,0.3,0.2245,10.53
ATOM,405.0,N,ALA,27.0,0.028,7.215,46.768,-0.47,1.85,0.0
ATOM,406.0,CA,ALA,27.0,0.585,8.447,47.34,0.07,2.275,0.0
ATOM,407.0,C,ALA,27.0,0.316,8.525,48.837,0.51,2.0,0.0
ATOM,408.0,O,ALA,27.0,1.119,9.029,49.586,-0.51,1.7,0.0
ATOM,409.0,CB,ALA,27.0,0.008,9.663,46.661,-0.27,2.06,6.51
ATOM,410.0,H,ALA,27.0,-0.709,7.213,46.034,0.31,0.2245,0.0
ATOM,411.0,HA,ALA,27.0,1.581,8.448,47.19,0.09,1.32,0.0
ATOM,412.0,HB1,ALA,27.0,-0.8,9.982,47.16,0.09,1.32,1.53
ATOM,413.0,HB2,ALA,27.0,0.689,10.398,46.64,0.09,1.32,0.04
ATOM,414.0,HB3,ALA,27.0,-0.257,9.436,45.722,0.09,1.32,0.0
ATOM,415.0,N,GLU,28.0,-0.84,8.028,49.248,-0.47,1.85,0.0
ATOM,416.0,CA,GLU,28.0,-1.214,7.972,50.652,0.07,2.275,0.0
ATOM,417.0,C,GLU,28.0,-0.143,7.198,51.424,0.51,2.0,0.11
ATOM,418.0,O,GLU,28.0,0.298,7.629,52.484,-0.51,1.7,0.0
ATOM,419.0,CB,GLU,28.0,-2.584,7.293,50.772,-0.18,2.175,2.09
ATOM,420.0,CG,GLU,28.0,-3.438,7.713,51.934,-0.28,2.175,20.28
ATOM,421.0,CD,GLU,28.0,-3.731,9.192,51.963,0.62,2.0,3.07
ATOM,422.0,OE1,GLU,28.0,-4.637,9.639,51.236,-0.76,1.7,32.21
ATOM,423.0,OE2,GLU,28.0,-3.054,9.891,52.736,-0.76,1.7,22.89
ATOM,424.0,H,GLU,28.0,-1.459,7.68,48.479,0.31,0.2245,0.0
ATOM,425.0,HA,GLU,28.0,-1.288,8.896,51.025,0.09,1.32,0.0
ATOM,426.0,HB2,GLU,28.0,-3.084,7.493,49.935,0.09,1.32,0.0
ATOM,427.0,HB3,GLU,28.0,-2.421,6.314,50.848,0.09,1.32,1.82
ATOM,428.0,HG2,GLU,28.0,-4.304,7.24,51.875,0.09,1.32,10.93
ATOM,429.0,HG3,GLU,28.0,-2.964,7.489,52.772,0.09,1.32,3.72
ATOM,430.0,N,GLN,29.0,0.291,6.071,50.866,-0.47,1.85,0.0
ATOM,431.0,CA,GLN,29.0,1.299,5.236,51.513,0.07,2.275,1.0
ATOM,432.0,C,GLN,29.0,2.653,5.935,51.626,0.51,2.0,0.0
ATOM,433.0,O,GLN,29.0,3.323,5.842,52.65,-0.51,1.7,0.78
ATOM,434.0,CB,GLN,29.0,1.429,3.908,50.784,-0.18,2.175,2.1
ATOM,435.0,CG,GLN,29.0,0.143,3.101,50.851,-0.18,2.175,11.09
ATOM,436.0,CD,GLN,29.0,0.096,1.899,49.936,0.55,2.0,1.02
ATOM,437.0,H,GLN,29.0,-0.14,5.842,49.951,0.31,0.2245,0.0
ATOM,438.0,HA,GLN,29.0,0.979,5.034,52.452,0.09,1.32,1.6
ATOM,439.0,HB2,GLN,29.0,1.637,4.081,49.828,0.09,1.32,0.0
ATOM,440.0,HB3,GLN,29.0,2.153,3.374,51.208,0.09,1.32,1.77
ATOM,441.0,HG2,GLN,29.0,0.014,2.785,51.802,0.09,1.32,11.34
ATOM,442.0,HG3,GLN,29.0,-0.629,3.711,50.62,0.09,1.32,0.16
ATOM,443.0,OE1,GLN,29.0,-0.827,1.085,50.066,-0.55,1.7,42.8
ATOM,444.0,NE2,GLN,29.0,1.038,1.789,48.994,-0.62,1.85,1.07
ATOM,445.0,HE21,GLN,29.0,1.068,1.008,48.367,0.32,0.2245,12.62
ATOM,446.0,HE22,GLN,29.0,1.739,2.534,48.928,0.3,0.2245,0.0
ATOM,447.0,N,ILE,30.0,3.06,6.661,50.593,-0.47,1.85,0.0
ATOM,448.0,CA,ILE,30.0,4.339,7.341,50.689,0.07,2.275,0.0
ATOM,449.0,C,ILE,30.0,4.256,8.49,51.727,0.51,2.0,0.0
ATOM,450.0,O,ILE,30.0,5.236,8.77,52.392,-0.51,1.7,0.0
ATOM,451.0,CB,ILE,30.0,4.89,7.799,49.302,-0.09,2.275,0.0
ATOM,452.0,CG1,ILE,30.0,4.192,9.046,48.816,-0.18,2.175,0.0
ATOM,453.0,CG2,ILE,30.0,4.822,6.695,48.259,-0.27,2.06,0.0
ATOM,454.0,CD1,ILE,30.0,4.987,10.295,49.116,-0.27,2.06,0.0
ATOM,455.0,H,ILE,30.0,2.438,6.694,49.789,0.31,0.2245,0.0
ATOM,456.0,HA,ILE,30.0,4.992,6.682,51.063,0.09,1.32,0.0
ATOM,457.0,HB,ILE,30.0,5.86,7.999,49.424,0.09,1.32,0.0
ATOM,458.0,HG12,ILE,30.0,4.056,8.98,47.834,0.09,1.32,0.0
ATOM,459.0,HG13,ILE,30.0,3.309,9.116,49.268,0.09,1.32,0.0
ATOM,460.0,HG21,ILE,30.0,5.265,7.002,47.418,0.09,1.32,0.0
ATOM,461.0,HG22,ILE,30.0,5.289,5.882,48.602,0.09,1.32,0.0
ATOM,462.0,HG23,ILE,30.0,3.867,6.473,48.069,0.09,1.32,0.0
ATOM,463.0,HD11,ILE,30.0,5.877,10.239,48.664,0.09,1.32,0.0
ATOM,464.0,HD12,ILE,30.0,4.491,11.094,48.779,0.09,1.32,0.0
ATOM,465.0,HD13,ILE,30.0,5.119,10.376,50.103,0.09,1.32,0.0
ATOM,466.0,N,LYS,31.0,3.083,9.11,51.889,-0.47,1.85,0.0
ATOM,467.0,CA,LYS,31.0,2.897,10.149,52.905,0.07,2.275,0.21
ATOM,468.0,C,LYS,31.0,2.975,9.561,54.313,0.51,2.0,0.01
ATOM,469.0,O,LYS,31.0,3.519,10.184,55.215,-0.51,1.7,2.37
ATOM,470.0,CB,LYS,31.0,1.582,10.904,52.701,-0.18,2.175,5.49
ATOM,471.0,CG,LYS,31.0,1.646,11.879,51.516,-0.18,2.175,1.9
ATOM,472.0,CD,LYS,31.0,0.401,12.732,51.394,-0.18,2.175,12.35
ATOM,473.0,CE,LYS,31.0,-0.742,11.974,50.741,0.21,2.175,3.27
ATOM,474.0,NZ,LYS,31.0,-1.97,12.801,50.643,-0.3,1.85,11.53
ATOM,475.0,H,LYS,31.0,2.333,8.797,51.246,0.31,0.2245,0.0
ATOM,476.0,HA,LYS,31.0,3.625,10.837,52.802,0.09,1.32,0.0
ATOM,477.0,HB2,LYS,31.0,0.866,10.247,52.519,0.09,1.32,0.0
ATOM,478.0,HB3,LYS,31.0,1.388,11.426,53.519,0.09,1.32,7.94
ATOM,479.0,HG2,LYS,31.0,2.444,12.476,51.639,0.09,1.32,1.26
ATOM,480.0,HG3,LYS,31.0,1.766,11.348,50.672,0.09,1.32,0.0
ATOM,481.0,HD2,LYS,31.0,0.112,13.017,52.305,0.09,1.32,7.97
ATOM,482.0,HD3,LYS,31.0,0.608,13.533,50.837,0.09,1.32,5.17
ATOM,483.0,HE2,LYS,31.0,-0.459,11.691,49.82,0.05,1.32,0.29
ATOM,484.0,HE3,LYS,31.0,-0.939,11.152,51.284,0.05,1.32,0.0
ATOM,485.0,HZ1,LYS,31.0,-1.811,13.561,50.012,0.33,0.2245,18.58
ATOM,486.0,HZ2,LYS,31.0,-2.725,12.239,50.304,0.33,0.2245,8.89
ATOM,487.0,HZ3,LYS,31.0,-2.203,13.161,51.547,0.33,0.2245,14.82
ATOM,488.0,N,THR,32.0,2.459,8.348,54.48,-0.47,1.85,0.47
ATOM,489.0,CA,THR,32.0,2.567,7.631,55.739,0.07,2.275,0.43
ATOM,490.0,C,THR,32.0,4.033,7.387,56.11,0.51,2.0,0.0
ATOM,491.0,O,THR,32.0,4.438,7.61,57.249,-0.51,1.7,0.0
ATOM,492.0,CB,THR,32.0,1.791,6.3,55.64,0.14,2.275,1.17
ATOM,493.0,OG1,THR,32.0,0.387,6.57,55.613,-0.66,1.77,20.68
ATOM,494.0,CG2,THR,32.0,1.989,5.418,56.883,-0.27,2.06,23.34
ATOM,495.0,H,THR,32.0,1.977,7.963,53.64,0.31,0.2245,0.0
ATOM,496.0,HA,THR,32.0,2.15,8.189,56.467,0.09,1.32,0.0
ATOM,497.0,HB,THR,32.0,2.046,5.838,54.768,0.09,1.32,0.1
ATOM,498.0,HG21,THR,32.0,2.278,4.504,56.599,0.09,1.32,11.19
ATOM,499.0,HG22,THR,32.0,2.69,5.823,57.47,0.09,1.32,0.0
ATOM,500.0,HG23,THR,32.0,1.127,5.355,57.386,0.09,1.32,7.49
ATOM,501.0,HG1,THR,32.0,0.12,6.951,54.721,0.43,0.2245,1.96
ATOM,502.0,N,LEU,33.0,4.829,6.943,55.146,-0.47,1.85,0.0
ATOM,503.0,CA,LEU,33.0,6.249,6.703,55.395,0.07,2.275,0.0
ATOM,504.0,C,LEU,33.0,6.947,7.963,55.867,0.51,2.0,0.0
ATOM,505.0,O,LEU,33.0,7.715,7.913,56.817,-0.51,1.7,0.34
ATOM,506.0,CB,LEU,33.0,6.959,6.169,54.159,-0.18,2.175,0.0
ATOM,507.0,CG,LEU,33.0,6.65,4.725,53.798,-0.09,2.275,0.9
ATOM,508.0,CD1,LEU,33.0,7.15,4.447,52.391,-0.27,2.06,0.03
ATOM,509.0,CD2,LEU,33.0,7.257,3.762,54.8,-0.27,2.06,24.05
ATOM,510.0,H,LEU,33.0,4.373,6.786,54.232,0.31,0.2245,0.0
ATOM,511.0,HA,LEU,33.0,6.331,6.001,56.114,0.09,1.32,1.23
ATOM,512.0,HB2,LEU,33.0,6.693,6.735,53.384,0.09,1.32,0.0
ATOM,513.0,HB3,LEU,33.0,7.939,6.236,54.315,0.09,1.32,0.0
ATOM,514.0,HG,LEU,33.0,5.666,4.581,53.834,0.09,1.32,1.9
ATOM,515.0,HD11,LEU,33.0,8.138,4.599,52.35,0.09,1.32,0.0
ATOM,516.0,HD12,LEU,33.0,6.95,3.498,52.145,0.09,1.32,0.0
ATOM,517.0,HD13,LEU,33.0,6.693,5.06,51.745,0.09,1.32,0.0
ATOM,518.0,HD21,LEU,33.0,6.886,3.946,55.712,0.09,1.32,5.96
ATOM,519.0,HD22,LEU,33.0,7.038,2.82,54.538,0.09,1.32,9.15
ATOM,520.0,HD23,LEU,33.0,8.252,3.877,54.818,0.09,1.32,0.2
ATOM,521.0,N,LEU,34.0,6.66,9.083,55.204,-0.47,1.85,0.0
ATOM,522.0,CA,LEU,34.0,7.209,10.383,55.578,0.07,2.275,0.0
ATOM,523.0,C,LEU,34.0,6.846,10.739,57.016,0.51,2.0,0.0
ATOM,524.0,O,LEU,34.0,7.7,11.157,57.805,-0.51,1.7,0.0
ATOM,525.0,CB,LEU,34.0,6.695,11.461,54.619,-0.18,2.175,1.25
ATOM,526.0,CG,LEU,34.0,7.139,11.303,53.163,-0.09,2.275,0.0
ATOM,527.0,CD1,LEU,34.0,6.434,12.284,52.258,-0.27,2.06,1.66
ATOM,528.0,CD2,LEU,34.0,8.659,11.456,53.037,-0.27,2.06,0.0
ATOM,529.0,H,LEU,34.0,6.01,8.95,54.397,0.31,0.2245,0.0
ATOM,530.0,HA,LEU,34.0,8.212,10.341,55.505,0.09,1.32,0.0
ATOM,531.0,HB2,LEU,34.0,5.703,11.433,54.632,0.09,1.32,0.22
ATOM,532.0,HB3,LEU,34.0,7.028,12.338,54.939,0.09,1.32,0.0
ATOM,533.0,HG,LEU,34.0,6.938,10.364,52.866,0.09,1.32,0.0
ATOM,534.0,HD11,LEU,34.0,6.638,13.222,52.548,0.09,1.32,0.0
ATOM,535.0,HD12,LEU,34.0,6.743,12.158,51.313,0.09,1.32,0.0
ATOM,536.0,HD13,LEU,34.0,5.444,12.136,52.301,0.09,1.32,0.0
ATOM,537.0,HD21,LEU,34.0,9.107,10.755,53.59,0.09,1.32,0.0
ATOM,538.0,HD22,LEU,34.0,8.922,11.349,52.079,0.09,1.32,0.0
ATOM,539.0,HD23,LEU,34.0,8.926,12.362,53.36,0.09,1.32,0.0
ATOM,540.0,N,GLN,35.0,5.582,10.53,57.367,-0.47,1.85,0.02
ATOM,541.0,CA,GLN,35.0,5.061,10.941,58.668,0.07,2.275,0.62
ATOM,542.0,C,GLN,35.0,5.635,10.134,59.821,0.51,2.0,0.0
ATOM,543.0,O,GLN,35.0,5.928,10.677,60.887,-0.51,1.7,4.88
ATOM,544.0,CB,GLN,35.0,3.539,10.802,58.669,-0.18,2.175,1.79
ATOM,545.0,CG,GLN,35.0,2.867,11.024,60.016,-0.18,2.175,8.49
ATOM,546.0,CD,GLN,35.0,1.367,11.151,59.896,0.55,2.0,1.85
ATOM,547.0,H,GLN,35.0,5.002,10.055,56.645,0.31,0.2245,0.0
ATOM,548.0,HA,GLN,35.0,5.319,11.912,58.811,0.09,1.32,1.48
ATOM,549.0,HB2,GLN,35.0,3.155,11.467,58.017,0.09,1.32,6.92
ATOM,550.0,HB3,GLN,35.0,3.3,9.875,58.352,0.09,1.32,0.0
ATOM,551.0,HG2,GLN,35.0,3.078,10.248,60.609,0.09,1.32,0.11
ATOM,552.0,HG3,GLN,35.0,3.231,11.863,60.419,0.09,1.32,6.78
ATOM,553.0,OE1,GLN,35.0,0.736,11.88,60.67,-0.55,1.7,39.95
ATOM,554.0,NE2,GLN,35.0,0.784,10.433,58.949,-0.62,1.85,11.18
ATOM,555.0,HE21,GLN,35.0,-0.226,10.456,58.816,0.32,0.2245,21.93
ATOM,556.0,HE22,GLN,35.0,1.364,9.849,58.345,0.3,0.2245,0.0
ATOM,557.0,N,TYR,36.0,5.79,8.834,59.595,-0.47,1.85,0.0
ATOM,558.0,CA,TYR,36.0,6.039,7.893,60.673,0.07,2.275,0.37
ATOM,559.0,C,TYR,36.0,7.516,7.535,60.895,0.51,2.0,0.95
ATOM,560.0,O,TYR,36.0,7.827,6.667,61.72,-0.51,1.7,19.57
ATOM,561.0,CB,TYR,36.0,5.169,6.641,60.472,-0.18,2.175,13.79
ATOM,562.0,CG,TYR,36.0,3.796,6.888,61.035,0.0,1.9924,0.68
ATOM,563.0,CD1,TYR,36.0,2.744,7.305,60.227,-0.115,1.9924,1.48
ATOM,564.0,CD2,TYR,36.0,3.574,6.776,62.399,-0.115,1.9924,13.01
ATOM,565.0,CE1,TYR,36.0,1.49,7.574,60.765,-0.115,1.9924,6.72
ATOM,566.0,CE2,TYR,36.0,2.328,7.04,62.948,-0.115,1.9924,17.69
ATOM,567.0,CZ,TYR,36.0,1.295,7.43,62.127,0.11,1.9924,1.95
ATOM,568.0,OH,TYR,36.0,0.076,7.674,62.68,-0.54,1.77,29.3
ATOM,569.0,H,TYR,36.0,5.718,8.556,58.594,0.31,0.2245,0.0
ATOM,570.0,HA,TYR,36.0,5.689,8.302,61.543,0.09,1.32,2.82
ATOM,571.0,HB2,TYR,36.0,5.093,6.472,59.511,0.09,1.32,0.09
ATOM,572.0,HB3,TYR,36.0,5.582,5.899,60.96,0.09,1.32,5.26
ATOM,573.0,HD1,TYR,36.0,2.888,7.415,59.243,0.115,1.3582,0.0
ATOM,574.0,HD2,TYR,36.0,4.325,6.499,62.999,0.115,1.3582,11.84
ATOM,575.0,HE1,TYR,36.0,0.741,7.866,60.173,0.115,1.3582,5.22
ATOM,576.0,HE2,TYR,36.0,2.185,6.947,63.934,0.115,1.3582,15.19
ATOM,577.0,HH,TYR,36.0,0.192,8.173,63.54,0.43,0.2245,22.13
ATOM,578.0,N,SER,37.0,8.414,8.233,60.2,-0.47,1.85,0.11
ATOM,579.0,CA,SER,37.0,9.844,8.098,60.461,0.07,2.275,0.15
ATOM,580.0,C,SER,37.0,10.114,8.471,61.915,0.51,2.0,0.0
ATOM,581.0,O,SER,37.0,9.461,9.364,62.452,-0.51,1.7,4.74
ATOM,582.0,CB,SER,37.0,10.657,9.016,59.533,0.05,2.175,0.0
ATOM,583.0,OG,SER,37.0,12.038,9.047,59.892,-0.66,1.77,0.0
ATOM,584.0,H,SER,37.0,8.018,8.861,59.48,0.31,0.2245,0.0
ATOM,585.0,HA,SER,37.0,10.095,7.14,60.337,0.09,1.32,0.12
ATOM,586.0,HB2,SER,37.0,10.575,8.68,58.598,0.09,1.32,0.0
ATOM,587.0,HB3,SER,37.0,10.288,9.94,59.595,0.09,1.32,0.0
ATOM,588.0,HG,SER,37.0,12.125,9.355,60.837,0.43,0.2245,0.0
ATOM,589.0,N,PRO,38.0,11.06,7.797,62.562,-0.29,1.85,0.0
ATOM,590.0,CA,PRO,38.0,11.522,8.255,63.872,0.02,2.275,2.21
ATOM,591.0,C,PRO,38.0,12.414,9.49,63.736,0.51,2.0,0.0
ATOM,592.0,O,PRO,38.0,12.789,9.891,62.627,-0.51,1.7,0.0
ATOM,593.0,CB,PRO,38.0,12.31,7.054,64.407,-0.18,2.175,17.09
ATOM,594.0,CG,PRO,38.0,12.753,6.323,63.22,-0.18,2.175,15.57
ATOM,595.0,CD,PRO,38.0,11.766,6.577,62.13,0.0,2.175,2.94
ATOM,596.0,HA,PRO,38.0,10.744,8.445,64.481,0.09,1.32,5.82
ATOM,597.0,HB2,PRO,38.0,13.091,7.372,64.963,0.09,1.32,7.36
ATOM,598.0,HB3,PRO,38.0,11.719,6.487,64.997,0.09,1.32,12.35
ATOM,599.0,HG2,PRO,38.0,13.685,6.624,62.934,0.09,1.32,0.01
ATOM,600.0,HG3,PRO,38.0,12.822,5.323,63.413,0.09,1.32,12.46
ATOM,601.0,HD2,PRO,38.0,12.218,6.731,61.247,0.09,1.32,0.0
ATOM,602.0,HD3,PRO,38.0,11.117,5.816,62.03,0.09,1.32,6.25
ATOM,603.0,N,SER,39.0,12.745,10.066,64.878,-0.47,1.85,0.13
ATOM,604.0,CA,SER,39.0,13.604,11.239,64.977,0.07,2.275,1.56
ATOM,605.0,C,SER,39.0,13.978,11.444,66.45,0.51,2.0,1.74
ATOM,606.0,O,SER,39.0,13.261,10.995,67.352,-0.51,1.7,9.25
ATOM,607.0,CB,SER,39.0,12.909,12.49,64.441,0.05,2.175,0.0
ATOM,608.0,OG,SER,39.0,11.732,12.763,65.168,-0.66,1.77,0.0
ATOM,609.0,H,SER,39.0,12.329,9.599,65.728,0.31,0.2245,3.45
ATOM,610.0,HA,SER,39.0,14.444,11.058,64.473,0.09,1.32,0.0
ATOM,611.0,HB2,SER,39.0,13.532,13.262,64.524,0.09,1.32,0.0
ATOM,612.0,HB3,SER,39.0,12.675,12.34,63.484,0.09,1.32,0.0
ATOM,613.0,HG,SER,39.0,10.958,12.292,64.745,0.43,0.2245,0.0
ATOM,614.0,N,SER,40.0,15.106,12.097,66.686,-0.47,1.85,2.67
ATOM,615.0,CA,SER,40.0,15.56,12.389,68.041,0.07,2.275,2.81
ATOM,616.0,C,SER,40.0,14.509,13.172,68.813,0.51,2.0,0.0
ATOM,617.0,O,SER,40.0,14.039,14.207,68.357,-0.51,1.7,0.0
ATOM,618.0,CB,SER,40.0,16.871,13.16,68.028,0.05,2.175,5.58
ATOM,619.0,OG,SER,40.0,17.352,13.328,69.352,-0.66,1.77,10.29
ATOM,620.0,H,SER,40.0,15.634,12.38,65.834,0.31,0.2245,0.0
ATOM,621.0,HA,SER,40.0,15.706,11.513,68.517,0.09,1.32,7.49
ATOM,622.0,HB2,SER,40.0,17.542,12.651,67.504,0.09,1.32,4.86
ATOM,623.0,HB3,SER,40.0,16.717,14.054,67.626,0.09,1.32,0.0
ATOM,624.0,HG,SER,40.0,17.99,14.096,69.379,0.43,0.2245,1.14
ATOM,625.0,N,THR,41.0,14.175,12.652,69.992,-0.47,1.85,0.25
ATOM,626.0,CA,THR,41.0,13.092,13.129,70.872,0.07,2.275,4.67
ATOM,627.0,C,THR,41.0,11.715,13.189,70.218,0.51,2.0,0.94
ATOM,628.0,O,THR,41.0,10.857,13.899,70.709,-0.51,1.7,0.0
ATOM,629.0,CB,THR,41.0,13.398,14.512,71.504,0.14,2.275,1.53
ATOM,630.0,OG1,THR,41.0,13.399,15.528,70.494,-0.66,1.77,0.0
ATOM,631.0,CG2,THR,41.0,14.779,14.579,72.107,-0.27,2.06,3.23
ATOM,632.0,H,THR,41.0,14.782,11.82,70.267,0.31,0.2245,12.2
ATOM,633.0,HA,THR,41.0,13.039,12.497,71.672,0.09,1.32,11.1
ATOM,634.0,HB,THR,41.0,12.662,14.73,72.178,0.09,1.32,0.26
ATOM,635.0,HG21,THR,41.0,14.889,15.431,72.628,0.09,1.32,0.0
ATOM,636.0,HG22,THR,41.0,14.925,13.801,72.725,0.09,1.32,7.03
ATOM,637.0,HG23,THR,41.0,15.475,14.552,71.383,0.09,1.32,0.0
ATOM,638.0,HG1,THR,41.0,13.614,15.129,69.596,0.43,0.2245,0.0
ATOM,639.0,N,ASN,42.0,11.498,12.444,69.134,-0.47,1.85,2.13
ATOM,640.0,CA,ASN,42.0,10.314,12.64,68.303,0.07,2.275,0.58
ATOM,641.0,C,ASN,42.0,10.133,14.115,67.872,0.51,2.0,0.0
ATOM,642.0,O,ASN,42.0,9.006,14.6,67.721,-0.51,1.7,0.0
ATOM,643.0,CB,ASN,42.0,9.067,12.128,69.044,-0.18,2.175,3.96
ATOM,644.0,CG,ASN,42.0,7.951,11.687,68.111,0.55,2.0,2.11
ATOM,645.0,H,ASN,42.0,12.225,11.733,68.94,0.31,0.2245,2.18
ATOM,646.0,HA,ASN,42.0,10.448,12.11,67.455,0.09,1.32,0.0
ATOM,647.0,HB2,ASN,42.0,9.337,11.35,69.608,0.09,1.32,9.22
ATOM,648.0,HB3,ASN,42.0,8.725,12.865,69.624,0.09,1.32,0.0
ATOM,649.0,OD1,ASN,42.0,8.176,11.42,66.931,-0.55,1.7,12.32
ATOM,650.0,ND2,ASN,42.0,6.729,11.597,68.65,-0.62,1.85,8.84
ATOM,651.0,HD22,ASN,42.0,6.598,11.822,69.615,0.3,0.2245,0.0
ATOM,652.0,HD21,ASN,42.0,5.958,11.308,68.089,0.32,0.2245,16.78
ATOM,653.0,N,SER,43.0,11.257,14.8,67.646,-0.47,1.85,0.0
ATOM,654.0,CA,SER,43.0,11.273,16.224,67.296,0.07,2.275,0.0
ATOM,655.0,C,SER,43.0,10.613,16.551,65.952,0.51,2.0,0.0
ATOM,656.0,O,SER,43.0,10.143,17.667,65.753,-0.51,1.7,0.0
ATOM,657.0,CB,SER,43.0,12.715,16.769,67.297,0.05,2.175,0.0
ATOM,658.0,OG,SER,43.0,13.589,16.006,66.473,-0.66,1.77,0.01
ATOM,659.0,H,SER,43.0,12.131,14.231,67.74,0.31,0.2245,0.0
ATOM,660.0,HA,SER,43.0,10.763,16.727,68.02,0.09,1.32,0.0
ATOM,661.0,HB2,SER,43.0,12.698,17.712,66.965,0.09,1.32,0.0
ATOM,662.0,HB3,SER,43.0,13.059,16.753,68.236,0.09,1.32,0.0
ATOM,663.0,HG,SER,43.0,13.946,15.234,66.996,0.43,0.2245,0.0
ATOM,664.0,N,GLN,44.0,10.619,15.597,65.023,-0.47,1.85,0.0
ATOM,665.0,CA,GLN,44.0,9.944,15.738,63.72,0.07,2.275,0.0
ATOM,666.0,C,GLN,44.0,10.148,17.119,63.067,0.51,2.0,0.0
ATOM,667.0,O,GLN,44.0,9.179,17.773,62.662,-0.51,1.7,0.14
ATOM,668.0,CB,GLN,44.0,8.449,15.478,63.899,-0.18,2.175,3.54
ATOM,669.0,CG,GLN,44.0,8.118,14.083,64.413,-0.18,2.175,0.75
ATOM,670.0,CD,GLN,44.0,6.692,13.983,64.887,0.55,2.0,1.22
ATOM,671.0,H,GLN,44.0,11.144,14.734,65.293,0.31,0.2245,0.0
ATOM,672.0,HA,GLN,44.0,10.336,15.044,63.094,0.09,1.32,0.0
ATOM,673.0,HB2,GLN,44.0,8.081,16.144,64.551,0.09,1.32,0.36
ATOM,674.0,HB3,GLN,44.0,7.992,15.599,63.014,0.09,1.32,0.95
ATOM,675.0,HG2,GLN,44.0,8.26,13.43,63.672,0.09,1.32,0.0
ATOM,676.0,HG3,GLN,44.0,8.729,13.872,65.173,0.09,1.32,0.0
ATOM,677.0,OE1,GLN,44.0,5.77,13.814,64.074,-0.55,1.7,28.19
ATOM,678.0,NE2,GLN,44.0,6.491,14.114,66.204,-0.62,1.85,2.32
ATOM,679.0,HE21,GLN,44.0,5.555,14.072,66.594,0.32,0.2245,4.87
ATOM,680.0,HE22,GLN,44.0,7.298,14.256,66.807,0.3,0.2245,0.0
ATOM,681.0,N,PRO,45.0,11.397,17.555,62.958,-0.29,1.85,0.0
ATOM,682.0,CA,PRO,45.0,11.703,18.95,62.618,0.02,2.275,0.0
ATOM,683.0,C,PRO,45.0,11.682,19.167,61.108,0.51,2.0,0.0
ATOM,684.0,O,PRO,45.0,12.644,19.647,60.5,-0.51,1.7,0.0
ATOM,685.0,CB,PRO,45.0,13.107,19.111,63.172,-0.18,2.175,0.0
ATOM,686.0,CG,PRO,45.0,13.731,17.774,62.907,-0.18,2.175,0.0
ATOM,687.0,CD,PRO,45.0,12.628,16.757,63.119,0.0,2.175,0.0
ATOM,688.0,HA,PRO,45.0,11.063,19.577,63.078,0.09,1.32,0.0
ATOM,689.0,HB2,PRO,45.0,13.602,19.833,62.693,0.09,1.32,0.0
ATOM,690.0,HB3,PRO,45.0,13.089,19.305,64.15,0.09,1.32,0.0
ATOM,691.0,HG2,PRO,45.0,14.079,17.728,61.966,0.09,1.32,0.0
ATOM,692.0,HG3,PRO,45.0,14.492,17.609,63.541,0.09,1.32,0.0
ATOM,693.0,HD2,PRO,45.0,12.669,16.031,62.435,0.09,1.32,0.0
ATOM,694.0,HD3,PRO,45.0,12.673,16.359,64.035,0.09,1.32,0.0
ATOM,695.0,N,TRP,46.0,10.56,18.827,60.497,-0.47,1.85,0.0
ATOM,696.0,CA,TRP,46.0,10.524,18.687,59.065,0.07,2.275,0.0
ATOM,697.0,C,TRP,46.0,9.219,19.137,58.438,0.51,2.0,0.0
ATOM,698.0,O,TRP,46.0,8.181,19.217,59.098,-0.51,1.7,5.04
ATOM,699.0,CB,TRP,46.0,10.836,17.23,58.678,-0.18,2.175,0.0
ATOM,700.0,CG,TRP,46.0,10.05,16.172,59.396,-0.03,1.9924,0.0
ATOM,701.0,CD1,TRP,46.0,8.697,16.13,59.598,0.035,1.9924,2.26
ATOM,702.0,CD2,TRP,46.0,10.574,14.98,59.985,-0.02,1.8,0.0
ATOM,703.0,NE1,TRP,46.0,8.354,14.99,60.277,-0.61,1.85,0.06
ATOM,704.0,CE2,TRP,46.0,9.489,14.266,60.531,0.13,1.8,0.0
ATOM,705.0,CE3,TRP,46.0,11.86,14.438,60.107,-0.115,1.9924,0.0
ATOM,706.0,CZ2,TRP,46.0,9.648,13.042,61.184,-0.115,1.9924,0.0
ATOM,707.0,CZ3,TRP,46.0,12.017,13.202,60.763,-0.115,1.9924,0.0
ATOM,708.0,CH2,TRP,46.0,10.92,12.531,61.291,-0.115,1.9924,0.0
ATOM,709.0,H,TRP,46.0,9.747,18.678,61.119,0.31,0.2245,0.0
ATOM,710.0,HA,TRP,46.0,11.264,19.27,58.674,0.09,1.32,0.0
ATOM,711.0,HB2,TRP,46.0,10.659,17.116,57.698,0.09,1.32,0.0
ATOM,712.0,HB3,TRP,46.0,11.806,17.053,58.86,0.09,1.32,0.0
ATOM,713.0,HD1,TRP,46.0,8.052,16.831,59.294,0.115,1.3582,2.64
ATOM,714.0,HE1,TRP,46.0,7.428,14.726,60.545,0.38,0.2245,6.38
ATOM,715.0,HE3,TRP,46.0,12.657,14.905,59.741,0.115,1.3582,0.0
ATOM,716.0,HZ2,TRP,46.0,8.849,12.561,61.56,0.115,1.3582,0.0
ATOM,717.0,HZ3,TRP,46.0,12.93,12.821,60.84,0.115,1.3582,0.0
ATOM,718.0,HH2,TRP,46.0,11.062,11.657,61.758,0.115,1.3582,0.0
ATOM,719.0,N,HIS,47.0,9.315,19.437,57.146,-0.47,1.85,0.0
ATOM,720.0,CA,HIS,47.0,8.175,19.654,56.269,0.07,2.275,0.0
ATOM,721.0,C,HIS,47.0,8.446,18.935,54.944,0.51,2.0,0.0
ATOM,722.0,O,HIS,47.0,9.578,18.888,54.484,-0.51,1.7,0.0
ATOM,723.0,CB,HIS,47.0,7.949,21.148,56.017,-0.09,2.175,0.39
ATOM,724.0,CG,HIS,47.0,6.572,21.476,55.528,-0.05,1.8,0.0
ATOM,725.0,H,HIS,47.0,10.313,19.506,56.804,0.31,0.2245,0.0
ATOM,726.0,HA,HIS,47.0,7.367,19.246,56.683,0.09,1.32,2.33
ATOM,727.0,HB2,HIS,47.0,8.109,21.651,56.873,0.09,1.32,0.0
ATOM,728.0,HB3,HIS,47.0,8.612,21.466,55.331,0.09,1.32,0.13
ATOM,729.0,ND1,HIS,47.0,5.541,21.806,56.382,-0.36,1.85,3.48
ATOM,730.0,CD2,HIS,47.0,6.05,21.498,54.277,0.22,1.8,4.99
ATOM,731.0,CE1,HIS,47.0,4.446,22.035,55.674,0.25,1.8,28.54
ATOM,732.0,NE2,HIS,47.0,4.727,21.848,54.395,-0.7,1.85,25.0
ATOM,733.0,HD1,HIS,47.0,5.611,21.863,57.376,0.32,0.2245,5.89
ATOM,734.0,HD2,HIS,47.0,6.534,21.297,53.43,0.1,1.468,0.0
ATOM,735.0,HE1,HIS,47.0,3.56,22.302,56.042,0.13,0.9,17.91
ATOM,736.0,N,PHE,48.0,7.391,18.412,54.329,-0.47,1.85,0.0
ATOM,737.0,CA,PHE,48.0,7.477,17.737,53.037,0.07,2.275,0.0
ATOM,738.0,C,PHE,48.0,6.592,18.447,52.011,0.51,2.0,0.0
ATOM,739.0,O,PHE,48.0,5.45,18.771,52.307,-0.51,1.7,13.29
ATOM,740.0,CB,PHE,48.0,7.017,16.274,53.183,-0.18,2.175,0.09
ATOM,741.0,CG,PHE,48.0,7.527,15.605,54.422,0.0,1.9924,0.0
ATOM,742.0,CD1,PHE,48.0,8.84,15.145,54.488,-0.115,1.9924,0.0
ATOM,743.0,CD2,PHE,48.0,6.71,15.458,55.536,-0.115,1.9924,4.55
ATOM,744.0,CE1,PHE,48.0,9.318,14.533,55.642,-0.115,1.9924,0.0
ATOM,745.0,CE2,PHE,48.0,7.181,14.847,56.681,-0.115,1.9924,1.86
ATOM,746.0,CZ,PHE,48.0,8.493,14.392,56.735,-0.115,1.9924,0.0
ATOM,747.0,H,PHE,48.0,6.49,18.525,54.851,0.31,0.2245,2.93
ATOM,748.0,HA,PHE,48.0,8.422,17.833,52.717,0.09,1.32,0.0
ATOM,749.0,HB2,PHE,48.0,6.03,16.275,53.214,0.09,1.32,4.02
ATOM,750.0,HB3,PHE,48.0,7.355,15.777,52.399,0.09,1.32,0.0
ATOM,751.0,HD1,PHE,48.0,9.444,15.254,53.707,0.115,1.3582,0.0
ATOM,752.0,HD2,PHE,48.0,5.77,15.801,55.505,0.115,1.3582,12.6
ATOM,753.0,HE1,PHE,48.0,10.268,14.197,55.664,0.115,1.3582,0.0
ATOM,754.0,HE2,PHE,48.0,6.569,14.73,57.48,0.115,1.3582,5.9
ATOM,755.0,HZ,PHE,48.0,8.837,13.961,57.572,0.115,1.3582,0.0
ATOM,756.0,N,ILE,49.0,7.136,18.71,50.823,-0.47,1.85,0.0
ATOM,757.0,CA,ILE,49.0,6.343,19.096,49.661,0.07,2.275,0.0
ATOM,758.0,C,ILE,49.0,6.249,17.878,48.747,0.51,2.0,0.0
ATOM,759.0,O,ILE,49.0,7.264,17.365,48.316,-0.51,1.7,0.0
ATOM,760.0,CB,ILE,49.0,7.003,20.258,48.892,-0.09,2.275,0.0
ATOM,761.0,CG1,ILE,49.0,7.318,21.423,49.828,-0.18,2.175,0.9
ATOM,762.0,CG2,ILE,49.0,6.093,20.715,47.74,-0.27,2.06,7.21
ATOM,763.0,CD1,ILE,49.0,8.195,22.513,49.172,-0.27,2.06,1.07
ATOM,764.0,H,ILE,49.0,8.177,18.616,50.797,0.31,0.2245,0.0
ATOM,765.0,HA,ILE,49.0,5.425,19.273,49.993,0.09,1.32,2.98
ATOM,766.0,HB,ILE,49.0,7.861,19.924,48.512,0.09,1.32,0.0
ATOM,767.0,HG12,ILE,49.0,6.467,21.844,50.121,0.09,1.32,7.12
ATOM,768.0,HG13,ILE,49.0,7.806,21.075,50.622,0.09,1.32,0.0
ATOM,769.0,HG21,ILE,49.0,6.555,21.43,47.224,0.09,1.32,0.0
ATOM,770.0,HG22,ILE,49.0,5.904,19.938,47.146,0.09,1.32,0.0
ATOM,771.0,HG23,ILE,49.0,5.241,21.067,48.118,0.09,1.32,9.67
ATOM,772.0,HD11,ILE,49.0,7.711,22.874,48.382,0.09,1.32,0.0
ATOM,773.0,HD12,ILE,49.0,8.356,23.232,49.839,0.09,1.32,0.0
ATOM,774.0,HD13,ILE,49.0,9.055,22.1,48.893,0.09,1.32,0.0
ATOM,775.0,N,VAL,50.0,5.039,17.412,48.462,-0.47,1.85,0.0
ATOM,776.0,CA,VAL,50.0,4.848,16.304,47.529,0.07,2.275,0.0
ATOM,777.0,C,VAL,50.0,4.224,16.871,46.271,0.51,2.0,0.0
ATOM,778.0,O,VAL,50.0,3.039,17.231,46.255,-0.51,1.7,21.03
ATOM,779.0,CB,VAL,50.0,4.0,15.183,48.141,-0.09,2.275,0.77
ATOM,780.0,CG1,VAL,50.0,3.941,13.971,47.211,-0.27,2.06,0.39
ATOM,781.0,CG2,VAL,50.0,4.586,14.773,49.485,-0.27,2.06,6.24
ATOM,782.0,H,VAL,50.0,4.258,17.891,48.948,0.31,0.2245,8.88
ATOM,783.0,HA,VAL,50.0,5.742,15.936,47.297,0.09,1.32,0.0
ATOM,784.0,HB,VAL,50.0,3.066,15.519,48.233,0.09,1.32,6.86
ATOM,785.0,HG11,VAL,50.0,4.353,13.184,47.667,0.09,1.32,0.0
ATOM,786.0,HG12,VAL,50.0,2.988,13.77,46.99,0.09,1.32,4.5
ATOM,787.0,HG13,VAL,50.0,4.444,14.173,46.372,0.09,1.32,0.0
ATOM,788.0,HG21,VAL,50.0,4.968,15.578,49.938,0.09,1.32,0.0
ATOM,789.0,HG22,VAL,50.0,3.864,14.378,50.053,0.09,1.32,0.05
ATOM,790.0,HG23,VAL,50.0,5.307,14.096,49.338,0.09,1.32,0.0
ATOM,791.0,N,ALA,51.0,5.047,16.989,45.228,-0.47,1.85,0.0
ATOM,792.0,CA,ALA,51.0,4.614,17.55,43.954,0.07,2.275,0.6
ATOM,793.0,C,ALA,51.0,4.309,16.422,42.977,0.51,2.0,0.0
ATOM,794.0,O,ALA,51.0,5.167,15.588,42.702,-0.51,1.7,0.0
ATOM,795.0,CB,ALA,51.0,5.674,18.472,43.392,-0.27,2.06,2.2
ATOM,796.0,H,ALA,51.0,6.016,16.648,45.404,0.31,0.2245,0.0
ATOM,797.0,HA,ALA,51.0,3.778,18.082,44.101,0.09,1.32,4.1
ATOM,798.0,HB1,ALA,51.0,5.239,19.237,42.914,0.09,1.32,0.0
ATOM,799.0,HB2,ALA,51.0,6.241,18.829,44.136,0.09,1.32,0.0
ATOM,800.0,HB3,ALA,51.0,6.254,17.969,42.749,0.09,1.32,0.0
ATOM,801.0,N,SER,52.0,3.078,16.403,42.47,-0.47,1.85,0.0
ATOM,802.0,CA,SER,52.0,2.604,15.366,41.569,0.07,2.275,0.0
ATOM,803.0,C,SER,52.0,1.919,15.873,40.29,0.51,2.0,0.03
ATOM,804.0,O,SER,52.0,1.691,15.095,39.375,-0.51,1.7,0.01
ATOM,805.0,CB,SER,52.0,1.664,14.436,42.322,0.05,2.175,0.98
ATOM,806.0,OG,SER,52.0,0.536,15.13,42.803,-0.66,1.77,12.53
ATOM,807.0,H,SER,52.0,2.478,17.207,42.78,0.31,0.2245,3.35
ATOM,808.0,HA,SER,52.0,3.409,14.806,41.279,0.09,1.32,0.0
ATOM,809.0,HB2,SER,52.0,1.363,13.712,41.704,0.09,1.32,0.05
ATOM,810.0,HB3,SER,52.0,2.155,14.038,43.094,0.09,1.32,0.0
ATOM,811.0,HG,SER,52.0,0.034,14.552,43.447,0.43,0.2245,17.87
ATOM,812.0,N,THR,53.0,1.594,17.16,40.223,-0.47,1.85,0.0
ATOM,813.0,CA,THR,53.0,1.053,17.74,39.001,0.07,2.275,0.04
ATOM,814.0,C,THR,53.0,2.191,18.16,38.09,0.51,2.0,0.0
ATOM,815.0,O,THR,53.0,3.316,18.346,38.53,-0.51,1.7,0.0
ATOM,816.0,CB,THR,53.0,0.153,18.965,39.29,0.14,2.275,4.59
ATOM,817.0,OG1,THR,53.0,0.902,19.994,39.941,-0.66,1.77,7.78
ATOM,818.0,CG2,THR,53.0,-0.958,18.63,40.266,-0.27,2.06,37.27
ATOM,819.0,H,THR,53.0,1.755,17.699,41.093,0.31,0.2245,0.1
ATOM,820.0,HA,THR,53.0,0.509,17.042,38.53,0.09,1.32,3.3
ATOM,821.0,HB,THR,53.0,-0.191,19.333,38.399,0.09,1.32,5.99
ATOM,822.0,HG21,THR,53.0,-0.575,18.198,41.086,0.09,1.32,1.75
ATOM,823.0,HG22,THR,53.0,-1.442,19.467,40.534,0.09,1.32,11.66
ATOM,824.0,HG23,THR,53.0,-1.61,17.998,39.839,0.09,1.32,11.02
ATOM,825.0,HG1,THR,53.0,1.887,19.795,39.894,0.43,0.2245,0.0
ATOM,826.0,N,GLU,54.0,1.87,18.299,36.812,-0.47,1.85,1.54
ATOM,827.0,CA,GLU,54.0,2.783,18.845,35.818,0.07,2.275,1.61
ATOM,828.0,C,GLU,54.0,3.37,20.185,36.288,0.51,2.0,0.0
ATOM,829.0,O,GLU,54.0,4.579,20.376,36.277,-0.51,1.7,1.69
ATOM,830.0,CB,GLU,54.0,2.036,19.02,34.492,-0.18,2.175,6.62
ATOM,831.0,CG,GLU,54.0,2.924,19.17,33.278,-0.28,2.175,16.11
ATOM,832.0,CD,GLU,54.0,2.166,19.622,32.029,0.62,2.0,6.37
ATOM,833.0,OE1,GLU,54.0,0.92,19.788,32.093,-0.76,1.7,38.96
ATOM,834.0,OE2,GLU,54.0,2.831,19.828,30.994,-0.76,1.7,47.94
ATOM,835.0,H,GLU,54.0,0.898,17.981,36.576,0.31,0.2245,8.51
ATOM,836.0,HA,GLU,54.0,3.535,18.198,35.65,0.09,1.32,3.35
ATOM,837.0,HB2,GLU,54.0,1.475,18.217,34.36,0.09,1.32,8.84
ATOM,838.0,HB3,GLU,54.0,1.485,19.836,34.567,0.09,1.32,3.6
ATOM,839.0,HG2,GLU,54.0,3.604,19.856,33.468,0.09,1.32,4.24
ATOM,840.0,HG3,GLU,54.0,3.328,18.296,33.071,0.09,1.32,10.84
ATOM,841.0,N,GLU,55.0,2.517,21.103,36.726,-0.47,1.85,0.2
ATOM,842.0,CA,GLU,55.0,3.013,22.395,37.163,0.07,2.275,1.67
ATOM,843.0,C,GLU,55.0,3.806,22.293,38.467,0.51,2.0,0.0
ATOM,844.0,O,GLU,55.0,4.855,22.907,38.597,-0.51,1.7,0.0
ATOM,845.0,CB,GLU,55.0,1.898,23.437,37.286,-0.18,2.175,8.78
ATOM,846.0,CG,GLU,55.0,2.488,24.853,37.363,-0.28,2.175,8.09
ATOM,847.0,CD,GLU,55.0,1.593,25.969,36.856,0.62,2.0,6.95
ATOM,848.0,OE1,GLU,55.0,2.054,27.131,36.978,-0.76,1.7,42.63
ATOM,849.0,OE2,GLU,55.0,0.465,25.726,36.344,-0.76,1.7,41.52
ATOM,850.0,H,GLU,55.0,1.528,20.829,36.727,0.31,0.2245,2.38
ATOM,851.0,HA,GLU,55.0,3.605,22.795,36.447,0.09,1.32,1.86
ATOM,852.0,HB2,GLU,55.0,1.353,23.392,36.486,0.09,1.32,5.52
ATOM,853.0,HB3,GLU,55.0,1.422,23.275,38.113,0.09,1.32,5.5
ATOM,854.0,HG2,GLU,55.0,2.694,25.042,38.316,0.09,1.32,0.6
ATOM,855.0,HG3,GLU,55.0,3.32,24.865,36.819,0.09,1.32,4.92
ATOM,856.0,N,GLY,56.0,3.309,21.517,39.426,-0.47,1.85,0.52
ATOM,857.0,CA,GLY,56.0,3.994,21.321,40.7,-0.02,2.175,11.76
ATOM,858.0,C,GLY,56.0,5.426,20.843,40.536,0.51,2.0,0.0
ATOM,859.0,O,GLY,56.0,6.357,21.413,41.107,-0.51,1.7,0.0
ATOM,860.0,H,GLY,56.0,2.399,21.067,39.192,0.31,0.2245,0.0
ATOM,861.0,HA2,GLY,56.0,3.99,22.195,41.218,0.09,1.32,1.13
ATOM,862.0,HA3,GLY,56.0,3.477,20.646,41.256,0.09,1.32,1.55
ATOM,863.0,N,LYS,57.0,5.606,19.788,39.749,-0.47,1.85,0.0
ATOM,864.0,CA,LYS,57.0,6.934,19.251,39.485,0.07,2.275,0.0
ATOM,865.0,C,LYS,57.0,7.8,20.203,38.667,0.51,2.0,0.0
ATOM,866.0,O,LYS,57.0,9.004,20.262,38.879,-0.51,1.7,0.0
ATOM,867.0,CB,LYS,57.0,6.827,17.887,38.808,-0.18,2.175,0.0
ATOM,868.0,CG,LYS,57.0,6.238,16.853,39.743,-0.18,2.175,0.0
ATOM,869.0,CD,LYS,57.0,6.111,15.492,39.108,-0.18,2.175,0.0
ATOM,870.0,CE,LYS,57.0,4.974,15.417,38.104,0.21,2.175,0.9
ATOM,871.0,NZ,LYS,57.0,4.543,13.994,37.89,-0.3,1.85,1.7
ATOM,872.0,H,LYS,57.0,4.736,19.389,39.348,0.31,0.2245,0.0
ATOM,873.0,HA,LYS,57.0,7.397,19.075,40.37,0.09,1.32,0.0
ATOM,874.0,HB2,LYS,57.0,6.236,17.975,38.021,0.09,1.32,0.0
ATOM,875.0,HB3,LYS,57.0,7.735,17.597,38.547,0.09,1.32,0.0
ATOM,876.0,HG2,LYS,57.0,6.825,16.779,40.56,0.09,1.32,0.0
ATOM,877.0,HG3,LYS,57.0,5.325,17.163,40.04,0.09,1.32,0.0
ATOM,878.0,HD2,LYS,57.0,6.965,15.271,38.633,0.09,1.32,0.0
ATOM,879.0,HD3,LYS,57.0,5.945,14.81,39.823,0.09,1.32,0.0
ATOM,880.0,HE2,LYS,57.0,4.197,15.942,38.447,0.05,1.32,0.0
ATOM,881.0,HE3,LYS,57.0,5.279,15.796,37.232,0.05,1.32,0.77
ATOM,882.0,HZ1,LYS,57.0,4.225,13.617,38.757,0.33,0.2245,0.0
ATOM,883.0,HZ2,LYS,57.0,3.805,13.976,37.22,0.33,0.2245,6.95
ATOM,884.0,HZ3,LYS,57.0,5.32,13.466,37.555,0.33,0.2245,0.88
ATOM,885.0,N,ALA,58.0,7.195,20.945,37.741,-0.47,1.85,0.0
ATOM,886.0,CA,ALA,58.0,7.918,21.97,36.991,0.07,2.275,0.2
ATOM,887.0,C,ALA,58.0,8.463,23.05,37.929,0.51,2.0,0.0
ATOM,888.0,O,ALA,58.0,9.557,23.569,37.716,-0.51,1.7,3.88
ATOM,889.0,CB,ALA,58.0,7.01,22.608,35.91,-0.27,2.06,23.17
ATOM,890.0,H,ALA,58.0,6.189,20.736,37.602,0.31,0.2245,0.0
ATOM,891.0,HA,ALA,58.0,8.694,21.539,36.517,0.09,1.32,0.0
ATOM,892.0,HB1,ALA,58.0,6.977,23.592,36.059,0.09,1.32,3.14
ATOM,893.0,HB2,ALA,58.0,7.392,22.409,35.013,0.09,1.32,7.42
ATOM,894.0,HB3,ALA,58.0,6.097,22.219,35.988,0.09,1.32,0.0
ATOM,895.0,N,ARG,59.0,7.706,23.374,38.975,-0.47,1.85,0.0
ATOM,896.0,CA,ARG,59.0,8.15,24.349,39.973,0.07,2.275,0.0
ATOM,897.0,C,ARG,59.0,9.388,23.879,40.731,0.51,2.0,0.0
ATOM,898.0,O,ARG,59.0,10.342,24.655,40.934,-0.51,1.7,0.09
ATOM,899.0,CB,ARG,59.0,7.028,24.669,40.957,-0.18,2.175,0.0
ATOM,900.0,CG,ARG,59.0,5.958,25.583,40.371,-0.18,2.175,2.28
ATOM,901.0,CD,ARG,59.0,4.88,25.979,41.363,0.2,2.175,5.91
ATOM,902.0,NE,ARG,59.0,5.422,26.753,42.484,-0.7,1.85,2.26
ATOM,903.0,CZ,ARG,59.0,4.833,26.887,43.67,0.64,2.0,1.88
ATOM,904.0,NH1,ARG,59.0,3.656,26.325,43.916,-0.8,1.85,17.88
ATOM,905.0,NH2,ARG,59.0,5.427,27.594,44.62,-0.8,1.85,9.63
ATOM,906.0,H,ARG,59.0,6.792,22.886,39.021,0.31,0.2245,0.0
ATOM,907.0,HA,ARG,59.0,8.371,25.216,39.501,0.09,1.32,0.0
ATOM,908.0,HB2,ARG,59.0,6.592,23.819,41.224,0.09,1.32,0.0
ATOM,909.0,HB3,ARG,59.0,7.422,25.125,41.745,0.09,1.32,0.0
ATOM,910.0,HG2,ARG,59.0,6.393,26.424,40.029,0.09,1.32,0.48
ATOM,911.0,HG3,ARG,59.0,5.514,25.117,39.597,0.09,1.32,0.0
ATOM,912.0,HD2,ARG,59.0,4.202,26.53,40.884,0.09,1.32,7.01
ATOM,913.0,HD3,ARG,59.0,4.459,25.147,41.714,0.09,1.32,0.05
ATOM,914.0,HE,ARG,59.0,6.307,27.218,42.345,0.44,0.2245,0.0
ATOM,915.0,HH11,ARG,59.0,3.202,25.774,43.218,0.46,0.2245,10.72
ATOM,916.0,HH12,ARG,59.0,3.219,26.453,44.81,0.46,0.2245,16.2
ATOM,917.0,HH21,ARG,59.0,6.324,28.008,44.45,0.46,0.2245,0.0
ATOM,918.0,HH22,ARG,59.0,4.984,27.716,45.508,0.46,0.2245,9.91
ATOM,919.0,N,VAL,60.0,9.374,22.613,41.139,-0.47,1.85,0.0
ATOM,920.0,CA,VAL,60.0,10.497,22.018,41.856,0.07,2.275,0.0
ATOM,921.0,C,VAL,60.0,11.694,21.933,40.922,0.51,2.0,0.0
ATOM,922.0,O,VAL,60.0,12.828,22.207,41.326,-0.51,1.7,0.0
ATOM,923.0,CB,VAL,60.0,10.142,20.611,42.404,-0.09,2.275,0.0
ATOM,924.0,CG1,VAL,60.0,11.381,19.895,42.969,-0.27,2.06,0.0
ATOM,925.0,CG2,VAL,60.0,9.038,20.706,43.464,-0.27,2.06,0.0
ATOM,926.0,H,VAL,60.0,8.504,22.091,40.905,0.31,0.2245,0.0
ATOM,927.0,HA,VAL,60.0,10.738,22.621,42.616,0.09,1.32,0.0
ATOM,928.0,HB,VAL,60.0,9.817,20.062,41.639,0.09,1.32,0.0
ATOM,929.0,HG11,VAL,60.0,12.068,20.576,43.212,0.09,1.32,0.0
ATOM,930.0,HG12,VAL,60.0,11.117,19.377,43.779,0.09,1.32,0.0
ATOM,931.0,HG13,VAL,60.0,11.745,19.278,42.275,0.09,1.32,0.0
ATOM,932.0,HG21,VAL,60.0,9.234,20.057,44.196,0.09,1.32,0.0
ATOM,933.0,HG22,VAL,60.0,9.018,21.635,43.829,0.09,1.32,0.0
ATOM,934.0,HG23,VAL,60.0,8.162,20.487,43.04,0.09,1.32,0.0
ATOM,935.0,N,ALA,61.0,11.428,21.591,39.664,-0.47,1.85,0.0
ATOM,936.0,CA,ALA,61.0,12.478,21.354,38.685,0.07,2.275,0.0
ATOM,937.0,C,ALA,61.0,13.246,22.61,38.293,0.51,2.0,0.57
ATOM,938.0,O,ALA,61.0,14.347,22.506,37.736,-0.51,1.7,1.17
ATOM,939.0,CB,ALA,61.0,11.903,20.661,37.436,-0.27,2.06,0.86
ATOM,940.0,H,ALA,61.0,10.412,21.509,39.445,0.31,0.2245,0.0
ATOM,941.0,HA,ALA,61.0,13.139,20.682,39.074,0.09,1.32,0.0
ATOM,942.0,HB1,ALA,61.0,10.912,20.765,37.434,0.09,1.32,0.0
ATOM,943.0,HB2,ALA,61.0,12.29,21.085,36.621,0.09,1.32,0.86
ATOM,944.0,HB3,ALA,61.0,12.143,19.694,37.461,0.09,1.32,0.0
ATOM,945.0,N,LYS,62.0,12.686,23.791,38.586,-0.47,1.85,0.67
ATOM,946.0,CA,LYS,62.0,13.413,25.05,38.39,0.07,2.275,1.06
ATOM,947.0,C,LYS,62.0,14.728,25.05,39.177,0.51,2.0,0.0
ATOM,948.0,O,LYS,62.0,15.685,25.71,38.792,-0.51,1.7,4.64
ATOM,949.0,CB,LYS,62.0,12.562,26.258,38.825,-0.18,2.175,1.48
ATOM,950.0,CG,LYS,62.0,11.365,26.564,37.937,-0.18,2.175,2.82
ATOM,951.0,CD,LYS,62.0,10.88,28.016,38.139,-0.18,2.175,13.6
ATOM,952.0,CE,LYS,62.0,9.38,28.12,38.403,0.21,2.175,4.06
ATOM,953.0,NZ,LYS,62.0,8.571,27.984,37.136,-0.3,1.85,11.46
ATOM,954.0,H,LYS,62.0,11.722,23.737,38.953,0.31,0.2245,0.0
ATOM,955.0,HA,LYS,62.0,13.624,25.154,37.412,0.09,1.32,9.29
ATOM,956.0,HB2,LYS,62.0,12.229,26.081,39.754,0.09,1.32,0.0
ATOM,957.0,HB3,LYS,62.0,13.159,27.064,38.84,0.09,1.32,3.14
ATOM,958.0,HG2,LYS,62.0,11.623,26.451,36.982,0.09,1.32,9.27
ATOM,959.0,HG3,LYS,62.0,10.616,25.949,38.165,0.09,1.32,0.0
ATOM,960.0,HD2,LYS,62.0,11.37,28.404,38.919,0.09,1.32,3.02
ATOM,961.0,HD3,LYS,62.0,11.097,28.537,37.314,0.09,1.32,9.92
ATOM,962.0,HE2,LYS,62.0,9.108,27.394,39.037,0.05,1.32,0.0
ATOM,963.0,HE3,LYS,62.0,9.181,29.01,38.817,0.05,1.32,5.45
ATOM,964.0,HZ1,LYS,62.0,7.662,27.649,37.37,0.33,0.2245,9.93
ATOM,965.0,HZ2,LYS,62.0,8.505,28.877,36.7,0.33,0.2245,19.51
ATOM,966.0,HZ3,LYS,62.0,9.029,27.339,36.53,0.33,0.2245,8.88
ATOM,967.0,N,SER,63.0,14.761,24.308,40.282,-0.47,1.85,0.12
ATOM,968.0,CA,SER,63.0,15.956,24.199,41.119,0.07,2.275,0.0
ATOM,969.0,C,SER,63.0,17.107,23.4,40.485,0.51,2.0,0.0
ATOM,970.0,O,SER,63.0,18.245,23.472,40.956,-0.51,1.7,0.0
ATOM,971.0,CB,SER,63.0,15.594,23.572,42.468,0.05,2.175,0.0
ATOM,972.0,OG,SER,63.0,15.415,22.167,42.356,-0.66,1.77,0.0
ATOM,973.0,H,SER,63.0,13.868,23.815,40.498,0.31,0.2245,0.0
ATOM,974.0,HA,SER,63.0,16.301,25.141,41.297,0.09,1.32,0.0
ATOM,975.0,HB2,SER,63.0,16.33,23.753,43.115,0.09,1.32,0.0
ATOM,976.0,HB3,SER,63.0,14.745,23.98,42.794,0.09,1.32,0.0
ATOM,977.0,HG,SER,63.0,14.492,21.976,42.025,0.43,0.2245,0.0
ATOM,978.0,N,ALA,64.0,16.818,22.622,39.446,-0.47,1.85,0.0
ATOM,979.0,CA,ALA,64.0,17.841,21.802,38.802,0.07,2.275,0.0
ATOM,980.0,C,ALA,64.0,18.473,22.543,37.615,0.51,2.0,0.2
ATOM,981.0,O,ALA,64.0,18.454,22.066,36.495,-0.51,1.7,1.5
ATOM,982.0,CB,ALA,64.0,17.254,20.484,38.365,-0.27,2.06,0.0
ATOM,983.0,H,ALA,64.0,15.828,22.648,39.141,0.31,0.2245,0.0
ATOM,984.0,HA,ALA,64.0,18.565,21.599,39.47,0.09,1.32,0.0
ATOM,985.0,HB1,ALA,64.0,17.437,20.335,37.391,0.09,1.32,0.0
ATOM,986.0,HB2,ALA,64.0,17.663,19.736,38.892,0.09,1.32,0.0
ATOM,987.0,HB3,ALA,64.0,16.263,20.485,38.515,0.09,1.32,0.0
ATOM,988.0,N,ALA,65.0,19.057,23.704,37.886,-0.47,1.85,0.0
ATOM,989.0,CA,ALA,65.0,19.624,24.555,36.843,0.07,2.275,0.92
ATOM,990.0,C,ALA,65.0,21.144,24.61,36.973,0.51,2.0,0.43
ATOM,991.0,O,ALA,65.0,21.706,24.128,37.958,-0.51,1.7,3.28
ATOM,992.0,CB,ALA,65.0,19.04,25.938,36.946,-0.27,2.06,19.46
ATOM,993.0,H,ALA,65.0,19.076,23.955,38.898,0.31,0.2245,0.0
ATOM,994.0,HA,ALA,65.0,19.393,24.166,35.946,0.09,1.32,1.05
ATOM,995.0,HB1,ALA,65.0,18.417,26.105,36.179,0.09,1.32,11.6
ATOM,996.0,HB2,ALA,65.0,18.531,26.032,37.805,0.09,1.32,0.0
ATOM,997.0,HB3,ALA,65.0,19.773,26.622,36.925,0.09,1.32,7.17
ATOM,998.0,N,GLY,66.0,21.805,25.193,35.973,-0.47,1.85,0.74
ATOM,999.0,CA,GLY,66.0,23.251,25.319,35.983,-0.02,2.175,22.64
ATOM,1000.0,C,GLY,66.0,23.899,23.949,35.964,0.51,2.0,2.19
ATOM,1001.0,O,GLY,66.0,23.58,23.119,35.107,-0.51,1.7,10.74
ATOM,1002.0,H,GLY,66.0,21.201,25.542,35.202,0.31,0.2245,9.02
ATOM,1003.0,HA2,GLY,66.0,23.55,25.841,35.177,0.09,1.32,11.76
ATOM,1004.0,HA3,GLY,66.0,23.541,25.815,36.809,0.09,1.32,7.65
ATOM,1005.0,N,ASN,67.0,24.774,23.702,36.938,-0.47,1.85,1.16
ATOM,1006.0,CA,ASN,67.0,25.461,22.412,37.081,0.07,2.275,1.59
ATOM,1007.0,C,ASN,67.0,24.536,21.251,37.47,0.51,2.0,0.48
ATOM,1008.0,O,ASN,67.0,24.971,20.1,37.512,-0.51,1.7,18.87
ATOM,1009.0,CB,ASN,67.0,26.576,22.509,38.138,-0.18,2.175,9.41
ATOM,1010.0,CG,ASN,67.0,27.691,23.467,37.744,0.55,2.0,2.19
ATOM,1011.0,H,ASN,67.0,24.931,24.501,37.591,0.31,0.2245,4.67
ATOM,1012.0,HA,ASN,67.0,25.853,22.183,36.172,0.09,1.32,7.91
ATOM,1013.0,HB2,ASN,67.0,26.17,22.827,38.991,0.09,1.32,0.08
ATOM,1014.0,HB3,ASN,67.0,26.966,21.6,38.263,0.09,1.32,8.07
ATOM,1015.0,OD1,ASN,67.0,28.301,23.331,36.68,-0.55,1.7,38.67
ATOM,1016.0,ND2,ASN,67.0,27.97,24.435,38.614,-0.62,1.85,24.69
ATOM,1017.0,HD22,ASN,67.0,27.46,24.496,39.472,0.3,0.2245,15.1
ATOM,1018.0,HD21,ASN,67.0,28.688,25.099,38.411,0.32,0.2245,21.39
ATOM,1019.0,N,TYR,68.0,23.274,21.557,37.767,-0.47,1.85,0.0
ATOM,1020.0,CA,TYR,68.0,22.319,20.568,38.267,0.07,2.275,0.0
ATOM,1021.0,C,TYR,68.0,21.298,20.115,37.223,0.51,2.0,0.0
ATOM,1022.0,O,TYR,68.0,20.377,19.359,37.541,-0.51,1.7,0.0
ATOM,1023.0,CB,TYR,68.0,21.582,21.146,39.475,-0.18,2.175,0.0
ATOM,1024.0,CG,TYR,68.0,22.48,21.573,40.612,0.0,1.9924,0.0
ATOM,1025.0,CD1,TYR,68.0,23.521,20.756,41.049,-0.115,1.9924,0.41
ATOM,1026.0,CD2,TYR,68.0,22.279,22.781,41.262,-0.115,1.9924,0.86
ATOM,1027.0,CE1,TYR,68.0,24.333,21.129,42.098,-0.115,1.9924,3.9
ATOM,1028.0,CE2,TYR,68.0,23.09,23.174,42.313,-0.115,1.9924,7.67
ATOM,1029.0,CZ,TYR,68.0,24.119,22.336,42.729,0.11,1.9924,0.27
ATOM,1030.0,OH,TYR,68.0,24.937,22.697,43.776,-0.54,1.77,30.32
ATOM,1031.0,H,TYR,68.0,23.026,22.559,37.613,0.31,0.2245,0.0
ATOM,1032.0,HA,TYR,68.0,22.842,19.749,38.568,0.09,1.32,0.95
ATOM,1033.0,HB2,TYR,68.0,21.061,21.944,39.171,0.09,1.32,0.0
ATOM,1034.0,HB3,TYR,68.0,20.953,20.449,39.82,0.09,1.32,0.0
ATOM,1035.0,HD1,TYR,68.0,23.68,19.877,40.588,0.115,1.3582,4.01
ATOM,1036.0,HD2,TYR,68.0,21.535,23.381,40.966,0.115,1.3582,0.0
ATOM,1037.0,HE1,TYR,68.0,25.077,20.527,42.401,0.115,1.3582,14.46
ATOM,1038.0,HE2,TYR,68.0,22.941,24.048,42.77,0.115,1.3582,4.47
ATOM,1039.0,HH,TYR,68.0,24.863,22.013,44.5,0.43,0.2245,17.77
ATOM,1040.0,N,VAL,69.0,21.473,20.543,35.978,-0.47,1.85,0.0
ATOM,1041.0,CA,VAL,69.0,20.551,20.18,34.892,0.07,2.275,0.0
ATOM,1042.0,C,VAL,69.0,20.437,18.671,34.654,0.51,2.0,0.0
ATOM,1043.0,O,VAL,69.0,19.411,18.194,34.151,-0.51,1.7,3.04
ATOM,1044.0,CB,VAL,69.0,20.928,20.929,33.575,-0.09,2.275,1.78
ATOM,1045.0,CG1,VAL,69.0,20.116,20.437,32.383,-0.27,2.06,27.62
ATOM,1046.0,CG2,VAL,69.0,20.698,22.431,33.75,-0.27,2.06,10.95
ATOM,1047.0,H,VAL,69.0,22.305,21.149,35.835,0.31,0.2245,0.19
ATOM,1048.0,HA,VAL,69.0,19.628,20.525,35.141,0.09,1.32,0.0
ATOM,1049.0,HB,VAL,69.0,21.887,20.725,33.384,0.09,1.32,5.4
ATOM,1050.0,HG11,VAL,69.0,19.142,20.472,32.606,0.09,1.32,0.0
ATOM,1051.0,HG12,VAL,69.0,20.298,21.021,31.592,0.09,1.32,9.91
ATOM,1052.0,HG13,VAL,69.0,20.375,19.496,32.169,0.09,1.32,5.19
ATOM,1053.0,HG21,VAL,69.0,19.765,22.653,33.47,0.09,1.32,5.34
ATOM,1054.0,HG22,VAL,69.0,20.831,22.672,34.71,0.09,1.32,0.0
ATOM,1055.0,HG23,VAL,69.0,21.35,22.929,33.182,0.09,1.32,8.87
ATOM,1056.0,N,PHE,70.0,21.477,17.923,35.023,-0.47,1.85,0.0
ATOM,1057.0,CA,PHE,70.0,21.472,16.448,34.946,0.07,2.275,0.47
ATOM,1058.0,C,PHE,70.0,20.389,15.77,35.818,0.51,2.0,0.07
ATOM,1059.0,O,PHE,70.0,20.122,14.576,35.653,-0.51,1.7,9.53
ATOM,1060.0,CB,PHE,70.0,22.852,15.893,35.356,-0.18,2.175,10.95
ATOM,1061.0,CG,PHE,70.0,23.772,15.557,34.192,0.0,1.9924,0.41
ATOM,1062.0,CD1,PHE,70.0,24.18,14.235,33.966,-0.115,1.9924,16.84
ATOM,1063.0,CD2,PHE,70.0,24.265,16.56,33.351,-0.115,1.9924,12.21
ATOM,1064.0,CE1,PHE,70.0,25.046,13.914,32.902,-0.115,1.9924,21.03
ATOM,1065.0,CE2,PHE,70.0,25.131,16.252,32.284,-0.115,1.9924,20.1
ATOM,1066.0,CZ,PHE,70.0,25.517,14.926,32.059,-0.115,1.9924,21.48
ATOM,1067.0,H,PHE,70.0,22.298,18.464,35.372,0.31,0.2245,0.16
ATOM,1068.0,HA,PHE,70.0,21.257,16.207,33.984,0.09,1.32,7.69
ATOM,1069.0,HB2,PHE,70.0,23.302,16.58,35.907,0.09,1.32,2.4
ATOM,1070.0,HB3,PHE,70.0,22.702,15.062,35.871,0.09,1.32,1.8
ATOM,1071.0,HD1,PHE,70.0,23.857,13.508,34.56,0.115,1.3582,11.73
ATOM,1072.0,HD2,PHE,70.0,24.001,17.509,33.505,0.115,1.3582,4.53
ATOM,1073.0,HE1,PHE,70.0,25.318,12.961,32.76,0.115,1.3582,17.8
ATOM,1074.0,HE2,PHE,70.0,25.468,16.992,31.69,0.115,1.3582,17.95
ATOM,1075.0,HZ,PHE,70.0,26.123,14.7,31.303,0.115,1.3582,17.44
ATOM,1076.0,N,ASN,71.0,19.799,16.522,36.753,-0.47,1.85,0.0
ATOM,1077.0,CA,ASN,71.0,18.72,16.045,37.633,0.07,2.275,0.0
ATOM,1078.0,C,ASN,71.0,17.335,16.596,37.301,0.51,2.0,0.0
ATOM,1079.0,O,ASN,71.0,16.342,16.171,37.891,-0.51,1.7,0.0
ATOM,1080.0,CB,ASN,71.0,19.042,16.412,39.088,-0.18,2.175,0.0
ATOM,1081.0,CG,ASN,71.0,20.213,15.628,39.628,0.55,2.0,0.0
ATOM,1082.0,H,ASN,71.0,20.177,17.502,36.809,0.31,0.2245,0.0
ATOM,1083.0,HA,ASN,71.0,18.673,15.034,37.517,0.09,1.32,0.0
ATOM,1084.0,HB2,ASN,71.0,19.259,17.382,39.123,0.09,1.32,0.0
ATOM,1085.0,HB3,ASN,71.0,18.239,16.216,39.642,0.09,1.32,0.0
ATOM,1086.0,OD1,ASN,71.0,20.311,14.426,39.397,-0.55,1.7,7.15
ATOM,1087.0,ND2,ASN,71.0,21.119,16.305,40.331,-0.62,1.85,3.59
ATOM,1088.0,HD22,ASN,71.0,20.992,17.288,40.479,0.3,0.2245,0.0
ATOM,1089.0,HD21,ASN,71.0,21.915,15.839,40.706,0.32,0.2245,14.36
ATOM,1090.0,N,GLU,72.0,17.267,17.546,36.375,-0.47,1.85,0.0
ATOM,1091.0,CA,GLU,72.0,15.998,18.186,36.018,0.07,2.275,0.0
ATOM,1092.0,C,GLU,72.0,14.931,17.196,35.54,0.51,2.0,0.0
ATOM,1093.0,O,GLU,72.0,13.794,17.221,36.004,-0.51,1.7,0.0
ATOM,1094.0,CB,GLU,72.0,16.23,19.232,34.934,-0.18,2.175,0.0
ATOM,1095.0,CG,GLU,72.0,15.127,20.278,34.821,-0.28,2.175,0.13
ATOM,1096.0,CD,GLU,72.0,15.218,21.076,33.532,0.62,2.0,2.02
ATOM,1097.0,OE1,GLU,72.0,16.114,20.783,32.707,-0.76,1.7,19.2
ATOM,1098.0,OE2,GLU,72.0,14.387,21.986,33.337,-0.76,1.7,36.01
ATOM,1099.0,H,GLU,72.0,18.173,17.793,35.933,0.31,0.2245,0.0
ATOM,1100.0,HA,GLU,72.0,15.642,18.698,36.82,0.09,1.32,0.0
ATOM,1101.0,HB2,GLU,72.0,17.067,19.708,35.146,0.09,1.32,0.0
ATOM,1102.0,HB3,GLU,72.0,16.284,18.765,34.068,0.09,1.32,0.13
ATOM,1103.0,HG2,GLU,72.0,14.263,19.814,34.823,0.09,1.32,0.0
ATOM,1104.0,HG3,GLU,72.0,15.221,20.907,35.567,0.09,1.32,0.0
ATOM,1105.0,N,ARG,73.0,15.3,16.331,34.605,-0.47,1.85,0.0
ATOM,1106.0,CA,ARG,73.0,14.335,15.405,34.003,0.07,2.275,0.0
ATOM,1107.0,C,ARG,73.0,13.791,14.381,34.995,0.51,2.0,0.22
ATOM,1108.0,O,ARG,73.0,12.637,13.978,34.895,-0.51,1.7,0.01
ATOM,1109.0,CB,ARG,73.0,14.954,14.71,32.794,-0.18,2.175,8.02
ATOM,1110.0,CG,ARG,73.0,15.286,15.687,31.691,-0.18,2.175,3.01
ATOM,1111.0,CD,ARG,73.0,15.126,15.124,30.316,0.2,2.175,6.53
ATOM,1112.0,NE,ARG,73.0,16.041,15.737,29.36,-0.7,1.85,8.39
ATOM,1113.0,CZ,ARG,73.0,16.237,15.313,28.107,0.64,2.0,3.78
ATOM,1114.0,NH1,ARG,73.0,15.597,14.246,27.636,-0.8,1.85,27.45
ATOM,1115.0,NH2,ARG,73.0,17.097,15.955,27.326,-0.8,1.85,29.41
ATOM,1116.0,H,ARG,73.0,16.3,16.362,34.342,0.31,0.2245,0.38
ATOM,1117.0,HA,ARG,73.0,13.557,15.944,33.637,0.09,1.32,0.0
ATOM,1118.0,HB2,ARG,73.0,15.79,14.269,33.083,0.09,1.32,6.63
ATOM,1119.0,HB3,ARG,73.0,14.303,14.054,32.445,0.09,1.32,0.0
ATOM,1120.0,HG2,ARG,73.0,14.688,16.497,31.776,0.09,1.32,1.43
ATOM,1121.0,HG3,ARG,73.0,16.242,15.995,31.8,0.09,1.32,4.21
ATOM,1122.0,HD2,ARG,73.0,15.304,14.14,30.349,0.09,1.32,5.92
ATOM,1123.0,HD3,ARG,73.0,14.186,15.283,30.013,0.09,1.32,9.99
ATOM,1124.0,HE,ARG,73.0,16.569,16.544,29.663,0.44,0.2245,10.99
ATOM,1125.0,HH11,ARG,73.0,14.943,13.757,28.21,0.46,0.2245,11.47
ATOM,1126.0,HH12,ARG,73.0,15.772,13.933,26.701,0.46,0.2245,18.53
ATOM,1127.0,HH21,ARG,73.0,17.578,16.763,27.671,0.46,0.2245,18.13
ATOM,1128.0,HH22,ARG,73.0,17.264,15.635,26.394,0.46,0.2245,18.3
ATOM,1129.0,N,LYS,74.0,14.606,13.988,35.962,-0.47,1.85,0.26
ATOM,1130.0,CA,LYS,74.0,14.156,13.094,37.035,0.07,2.275,0.55
ATOM,1131.0,C,LYS,74.0,12.988,13.714,37.824,0.51,2.0,0.0
ATOM,1132.0,O,LYS,74.0,12.026,13.03,38.143,-0.51,1.7,0.0
ATOM,1133.0,CB,LYS,74.0,15.301,12.799,38.009,-0.18,2.175,0.0
ATOM,1134.0,CG,LYS,74.0,16.486,12.043,37.424,-0.18,2.175,0.33
ATOM,1135.0,CD,LYS,74.0,17.687,12.181,38.355,-0.18,2.175,0.0
ATOM,1136.0,CE,LYS,74.0,18.922,11.48,37.836,0.21,2.175,0.43
ATOM,1137.0,NZ,LYS,74.0,20.003,12.443,37.489,-0.3,1.85,0.79
ATOM,1138.0,H,LYS,74.0,15.574,14.358,35.901,0.31,0.2245,0.0
ATOM,1139.0,HA,LYS,74.0,13.841,12.229,36.628,0.09,1.32,0.0
ATOM,1140.0,HB2,LYS,74.0,15.636,13.675,38.37,0.09,1.32,0.0
ATOM,1141.0,HB3,LYS,74.0,14.929,12.259,38.771,0.09,1.32,0.0
ATOM,1142.0,HG2,LYS,74.0,16.253,11.083,37.341,0.09,1.32,0.0
ATOM,1143.0,HG3,LYS,74.0,16.717,12.429,36.541,0.09,1.32,1.54
ATOM,1144.0,HD2,LYS,74.0,17.892,13.155,38.466,0.09,1.32,0.0
ATOM,1145.0,HD3,LYS,74.0,17.446,11.791,39.246,0.09,1.32,0.0
ATOM,1146.0,HE2,LYS,74.0,19.261,10.847,38.539,0.05,1.32,0.0
ATOM,1147.0,HE3,LYS,74.0,18.68,10.951,37.017,0.05,1.32,0.0
ATOM,1148.0,HZ1,LYS,74.0,20.828,12.214,38.004,0.33,0.2245,6.99
ATOM,1149.0,HZ2,LYS,74.0,20.194,12.388,36.509,0.33,0.2245,7.2
ATOM,1150.0,HZ3,LYS,74.0,19.709,13.369,37.722,0.33,0.2245,0.0
ATOM,1151.0,N,MET,75.0,13.1,15.004,38.142,-0.47,1.85,0.0
ATOM,1152.0,CA,MET,75.0,12.046,15.738,38.847,0.07,2.275,0.0
ATOM,1153.0,C,MET,75.0,10.786,15.929,37.975,0.51,2.0,0.0
ATOM,1154.0,O,MET,75.0,9.668,15.889,38.479,-0.51,1.7,0.0
ATOM,1155.0,CB,MET,75.0,12.557,17.104,39.311,-0.18,2.175,0.0
ATOM,1156.0,CG,MET,75.0,13.769,17.048,40.238,-0.14,2.175,0.0
ATOM,1157.0,SD,MET,75.0,14.298,18.709,40.724,-0.09,2.0,0.0
ATOM,1158.0,CE,MET,75.0,15.899,18.392,41.473,-0.22,2.06,0.0
ATOM,1159.0,H,MET,75.0,13.999,15.444,37.847,0.31,0.2245,0.0
ATOM,1160.0,HA,MET,75.0,11.776,15.202,39.658,0.09,1.32,0.0
ATOM,1161.0,HB2,MET,75.0,12.805,17.654,38.5,0.09,1.32,0.0
ATOM,1162.0,HB3,MET,75.0,11.812,17.586,39.795,0.09,1.32,0.0
ATOM,1163.0,HG2,MET,75.0,13.527,16.493,41.056,0.09,1.32,0.0
ATOM,1164.0,HG3,MET,75.0,14.521,16.556,39.762,0.09,1.32,0.0
ATOM,1165.0,HE1,MET,75.0,16.387,17.703,40.937,0.09,1.32,0.0
ATOM,1166.0,HE2,MET,75.0,16.432,19.238,41.492,0.09,1.32,0.0
ATOM,1167.0,HE3,MET,75.0,15.77,18.058,42.407,0.09,1.32,0.0
ATOM,1168.0,N,LEU,76.0,10.966,16.123,36.671,-0.47,1.85,0.0
ATOM,1169.0,CA,LEU,76.0,9.838,16.326,35.759,0.07,2.275,0.1
ATOM,1170.0,C,LEU,76.0,9.076,15.029,35.438,0.51,2.0,0.0
ATOM,1171.0,O,LEU,76.0,7.849,15.036,35.357,-0.51,1.7,13.49
ATOM,1172.0,CB,LEU,76.0,10.313,16.981,34.453,-0.18,2.175,1.07
ATOM,1173.0,CG,LEU,76.0,10.894,18.402,34.527,-0.09,2.275,0.0
ATOM,1174.0,CD1,LEU,76.0,11.628,18.73,33.241,-0.27,2.06,19.28
ATOM,1175.0,CD2,LEU,76.0,9.818,19.437,34.794,-0.27,2.06,7.13
ATOM,1176.0,H,LEU,76.0,11.956,16.118,36.361,0.31,0.2245,0.0
ATOM,1177.0,HA,LEU,76.0,9.188,16.972,36.191,0.09,1.32,0.0
ATOM,1178.0,HB2,LEU,76.0,11.024,16.392,34.059,0.09,1.32,0.0
ATOM,1179.0,HB3,LEU,76.0,9.531,17.014,33.827,0.09,1.32,6.93
ATOM,1180.0,HG,LEU,76.0,11.526,18.45,35.296,0.09,1.32,0.0
ATOM,1181.0,HD11,LEU,76.0,10.994,18.675,32.468,0.09,1.32,9.79
ATOM,1182.0,HD12,LEU,76.0,12.004,19.656,33.295,0.09,1.32,0.63
ATOM,1183.0,HD13,LEU,76.0,12.375,18.077,33.103,0.09,1.32,0.0
ATOM,1184.0,HD21,LEU,76.0,9.367,19.238,35.666,0.09,1.32,0.0
ATOM,1185.0,HD22,LEU,76.0,10.23,20.349,34.836,0.09,1.32,3.36
ATOM,1186.0,HD23,LEU,76.0,9.139,19.415,34.058,0.09,1.32,9.7
ATOM,1187.0,N,ASP,77.0,9.799,13.926,35.259,-0.47,1.85,0.0
ATOM,1188.0,CA,ASP,77.0,9.23,12.702,34.679,0.07,2.275,0.07
ATOM,1189.0,C,ASP,77.0,8.677,11.743,35.731,0.51,2.0,0.0
ATOM,1190.0,O,ASP,77.0,7.783,10.959,35.436,-0.51,1.7,2.78
ATOM,1191.0,CB,ASP,77.0,10.275,11.932,33.879,-0.28,2.175,0.0
ATOM,1192.0,CG,ASP,77.0,10.8,12.696,32.683,0.62,2.0,0.72
ATOM,1193.0,OD1,ASP,77.0,10.209,13.718,32.273,-0.76,1.7,18.65
ATOM,1194.0,OD2,ASP,77.0,11.832,12.318,32.097,-0.76,1.7,19.71
ATOM,1195.0,H,ASP,77.0,10.791,14.001,35.561,0.31,0.2245,0.0
ATOM,1196.0,HA,ASP,77.0,8.45,12.986,34.098,0.09,1.32,0.49
ATOM,1197.0,HB2,ASP,77.0,11.038,11.726,34.487,0.09,1.32,0.0
ATOM,1198.0,HB3,ASP,77.0,9.857,11.085,33.56,0.09,1.32,0.0
ATOM,1199.0,N,ALA,78.0,9.241,11.783,36.937,-0.47,1.85,0.0
ATOM,1200.0,CA,ALA,78.0,8.736,10.991,38.05,0.07,2.275,0.0
ATOM,1201.0,C,ALA,78.0,7.292,11.366,38.351,0.51,2.0,0.0
ATOM,1202.0,O,ALA,78.0,6.819,12.439,37.961,-0.51,1.7,0.0
ATOM,1203.0,CB,ALA,78.0,9.593,11.197,39.28,-0.27,2.06,0.0
ATOM,1204.0,H,ALA,78.0,10.06,12.42,37.011,0.31,0.2245,0.0
ATOM,1205.0,HA,ALA,78.0,8.77,10.018,37.799,0.09,1.32,0.16
ATOM,1206.0,HB1,ALA,78.0,9.355,10.518,39.976,0.09,1.32,0.0
ATOM,1207.0,HB2,ALA,78.0,10.56,11.097,39.04,0.09,1.32,0.0
ATOM,1208.0,HB3,ALA,78.0,9.439,12.115,39.65,0.09,1.32,0.0
ATOM,1209.0,N,SER,79.0,6.598,10.464,39.031,-0.47,1.85,0.75
ATOM,1210.0,CA,SER,79.0,5.191,10.642,39.341,0.07,2.275,0.77
ATOM,1211.0,C,SER,79.0,4.99,11.646,40.461,0.51,2.0,0.0
ATOM,1212.0,O,SER,79.0,4.22,12.59,40.318,-0.51,1.7,0.0
ATOM,1213.0,CB,SER,79.0,4.564,9.309,39.746,0.05,2.175,0.0
ATOM,1214.0,OG,SER,79.0,3.249,9.511,40.251,-0.66,1.77,0.0
ATOM,1215.0,H,SER,79.0,7.147,9.624,39.32,0.31,0.2245,0.0
ATOM,1216.0,HA,SER,79.0,4.73,11.0,38.516,0.09,1.32,0.0
ATOM,1217.0,HB2,SER,79.0,4.515,8.719,38.949,0.09,1.32,0.0
ATOM,1218.0,HB3,SER,79.0,5.12,8.893,40.456,0.09,1.32,0.0
ATOM,1219.0,HG,SER,79.0,2.815,10.258,39.752,0.43,0.2245,0.0
ATOM,1220.0,N,HIS,80.0,5.65,11.394,41.589,-0.47,1.85,0.0
ATOM,1221.0,CA,HIS,80.0,5.495,12.179,42.807,0.07,2.275,0.0
ATOM,1222.0,C,HIS,80.0,6.885,12.534,43.333,0.51,2.0,0.0
ATOM,1223.0,O,HIS,80.0,7.7,11.647,43.577,-0.51,1.7,0.0
ATOM,1224.0,CB,HIS,80.0,4.768,11.368,43.87,-0.09,2.175,0.0
ATOM,1225.0,CG,HIS,80.0,3.288,11.293,43.674,-0.05,1.8,0.0
ATOM,1226.0,H,HIS,80.0,6.301,10.57,41.525,0.31,0.2245,0.0
ATOM,1227.0,HA,HIS,80.0,5.02,13.026,42.584,0.09,1.32,0.0
ATOM,1228.0,HB2,HIS,80.0,5.133,10.428,43.875,0.09,1.32,0.0
ATOM,1229.0,HB3,HIS,80.0,4.945,11.777,44.775,0.09,1.32,0.0
ATOM,1230.0,ND1,HIS,80.0,2.712,10.613,42.623,-0.36,1.85,0.0
ATOM,1231.0,CD2,HIS,80.0,2.264,11.805,44.402,0.22,1.8,0.83
ATOM,1232.0,CE1,HIS,80.0,1.395,10.715,42.707,0.25,1.8,2.39
ATOM,1233.0,NE2,HIS,80.0,1.097,11.431,43.779,-0.7,1.85,5.5
ATOM,1234.0,HD1,HIS,80.0,3.211,10.121,41.911,0.32,0.2245,0.0
ATOM,1235.0,HD2,HIS,80.0,2.342,12.35,45.231,0.1,1.468,0.36
ATOM,1236.0,HE1,HIS,80.0,0.739,10.321,42.071,0.13,0.9,1.11
ATOM,1237.0,N,VAL,81.0,7.144,13.818,43.522,-0.47,1.85,0.0
ATOM,1238.0,CA,VAL,81.0,8.471,14.307,43.881,0.07,2.275,0.0
ATOM,1239.0,C,VAL,81.0,8.39,14.918,45.257,0.51,2.0,0.0
ATOM,1240.0,O,VAL,81.0,7.644,15.874,45.471,-0.51,1.7,0.0
ATOM,1241.0,CB,VAL,81.0,8.978,15.369,42.879,-0.09,2.275,0.0
ATOM,1242.0,CG1,VAL,81.0,10.333,15.915,43.312,-0.27,2.06,0.0
ATOM,1243.0,CG2,VAL,81.0,9.068,14.786,41.485,-0.27,2.06,0.0
ATOM,1244.0,H,VAL,81.0,6.322,14.451,43.393,0.31,0.2245,0.0
ATOM,1245.0,HA,VAL,81.0,9.09,13.525,43.918,0.09,1.32,0.0
ATOM,1246.0,HB,VAL,81.0,8.337,16.13,42.897,0.09,1.32,0.0
ATOM,1247.0,HG11,VAL,81.0,10.309,16.914,43.3,0.09,1.32,0.0
ATOM,1248.0,HG12,VAL,81.0,10.54,15.598,44.237,0.09,1.32,0.0
ATOM,1249.0,HG13,VAL,81.0,11.039,15.591,42.683,0.09,1.32,0.0
ATOM,1250.0,HG21,VAL,81.0,8.799,15.48,40.815,0.09,1.32,0.0
ATOM,1251.0,HG22,VAL,81.0,10.009,14.495,41.305,0.09,1.32,0.0
ATOM,1252.0,HG23,VAL,81.0,8.455,13.997,41.412,0.09,1.32,0.0
ATOM,1253.0,N,VAL,82.0,9.174,14.375,46.185,-0.47,1.85,0.0
ATOM,1254.0,CA,VAL,82.0,9.127,14.794,47.573,0.07,2.275,0.0
ATOM,1255.0,C,VAL,82.0,10.291,15.732,47.855,0.51,2.0,0.0
ATOM,1256.0,O,VAL,82.0,11.447,15.378,47.641,-0.51,1.7,0.0
ATOM,1257.0,CB,VAL,82.0,9.196,13.593,48.558,-0.09,2.275,0.0
ATOM,1258.0,CG1,VAL,82.0,9.071,14.082,50.012,-0.27,2.06,0.0
ATOM,1259.0,CG2,VAL,82.0,8.127,12.562,48.238,-0.27,2.06,0.0
ATOM,1260.0,H,VAL,82.0,9.814,13.634,45.829,0.31,0.2245,0.0
ATOM,1261.0,HA,VAL,82.0,8.277,15.303,47.722,0.09,1.32,0.0
ATOM,1262.0,HB,VAL,82.0,10.095,13.183,48.469,0.09,1.32,0.0
ATOM,1263.0,HG11,VAL,82.0,8.599,14.96,50.02,0.09,1.32,0.0
ATOM,1264.0,HG12,VAL,82.0,8.551,13.413,50.537,0.09,1.32,0.0
ATOM,1265.0,HG13,VAL,82.0,9.984,14.183,50.401,0.09,1.32,0.0
ATOM,1266.0,HG21,VAL,82.0,7.793,12.709,47.306,0.09,1.32,0.0
ATOM,1267.0,HG22,VAL,82.0,8.518,11.645,48.314,0.09,1.32,0.0
ATOM,1268.0,HG23,VAL,82.0,7.37,12.658,48.884,0.09,1.32,0.0
ATOM,1269.0,N,VAL,83.0,9.98,16.937,48.309,-0.47,1.85,0.0
ATOM,1270.0,CA,VAL,83.0,11.005,17.839,48.805,0.07,2.275,0.0
ATOM,1271.0,C,VAL,83.0,11.047,17.676,50.313,0.51,2.0,0.0
ATOM,1272.0,O,VAL,83.0,10.067,17.965,50.999,-0.51,1.7,0.0
ATOM,1273.0,CB,VAL,83.0,10.734,19.306,48.443,-0.09,2.275,0.0
ATOM,1274.0,CG1,VAL,83.0,11.936,20.17,48.825,-0.27,2.06,0.0
ATOM,1275.0,CG2,VAL,83.0,10.445,19.443,46.949,-0.27,2.06,0.0
ATOM,1276.0,H,VAL,83.0,8.971,17.172,48.28,0.31,0.2245,0.0
ATOM,1277.0,HA,VAL,83.0,11.882,17.552,48.438,0.09,1.32,0.0
ATOM,1278.0,HB,VAL,83.0,9.969,19.621,48.992,0.09,1.32,0.0
ATOM,1279.0,HG11,VAL,83.0,11.78,21.108,48.519,0.09,1.32,0.0
ATOM,1280.0,HG12,VAL,83.0,12.051,20.156,49.817,0.09,1.32,0.0
ATOM,1281.0,HG13,VAL,83.0,12.757,19.807,48.387,0.09,1.32,0.0
ATOM,1282.0,HG21,VAL,83.0,10.359,18.532,46.548,0.09,1.32,0.0
ATOM,1283.0,HG22,VAL,83.0,9.593,19.949,46.826,0.09,1.32,0.0
ATOM,1284.0,HG23,VAL,83.0,11.197,19.936,46.514,0.09,1.32,0.0
ATOM,1285.0,N,PHE,84.0,12.17,17.174,50.813,-0.47,1.85,0.0
ATOM,1286.0,CA,PHE,84.0,12.436,17.095,52.243,0.07,2.275,0.0
ATOM,1287.0,C,PHE,84.0,12.995,18.417,52.733,0.51,2.0,0.0
ATOM,1288.0,O,PHE,84.0,14.017,18.864,52.243,-0.51,1.7,0.0
ATOM,1289.0,CB,PHE,84.0,13.437,15.997,52.545,-0.18,2.175,0.0
ATOM,1290.0,CG,PHE,84.0,12.883,14.617,52.379,0.0,1.9924,0.0
ATOM,1291.0,CD1,PHE,84.0,12.521,13.867,53.478,-0.115,1.9924,0.0
ATOM,1292.0,CD2,PHE,84.0,12.717,14.071,51.112,-0.115,1.9924,0.0
ATOM,1293.0,CE1,PHE,84.0,12.026,12.585,53.326,-0.115,1.9924,0.0
ATOM,1294.0,CE2,PHE,84.0,12.222,12.791,50.956,-0.115,1.9924,0.0
ATOM,1295.0,CZ,PHE,84.0,11.886,12.046,52.059,-0.115,1.9924,0.0
ATOM,1296.0,H,PHE,84.0,12.85,16.839,50.089,0.31,0.2245,0.0
ATOM,1297.0,HA,PHE,84.0,11.553,16.964,52.698,0.09,1.32,0.0
ATOM,1298.0,HB2,PHE,84.0,14.2,16.097,51.922,0.09,1.32,0.0
ATOM,1299.0,HB3,PHE,84.0,13.729,16.098,53.486,0.09,1.32,0.0
ATOM,1300.0,HD1,PHE,84.0,12.614,14.249,54.396,0.115,1.3582,0.0
ATOM,1301.0,HD2,PHE,84.0,12.959,14.614,50.307,0.115,1.3582,0.0
ATOM,1302.0,HE1,PHE,84.0,11.771,12.049,54.14,0.115,1.3582,0.0
ATOM,1303.0,HE2,PHE,84.0,12.111,12.408,50.02,0.115,1.3582,0.0
ATOM,1304.0,HZ,PHE,84.0,11.538,11.111,51.956,0.115,1.3582,0.0
ATOM,1305.0,N,CYS,85.0,12.317,19.025,53.7,-0.47,1.85,0.0
ATOM,1306.0,CA,CYS,85.0,12.748,20.286,54.294,0.07,2.275,0.0
ATOM,1307.0,C,CYS,85.0,12.969,20.136,55.787,0.51,2.0,0.0
ATOM,1308.0,O,CYS,85.0,12.28,19.358,56.455,-0.51,1.7,0.0
ATOM,1309.0,CB,CYS,85.0,11.706,21.383,54.046,-0.11,2.175,0.0
ATOM,1310.0,SG,CYS,85.0,11.101,21.463,52.351,-0.23,2.0,0.1
ATOM,1311.0,H,CYS,85.0,11.449,18.523,53.999,0.31,0.2245,0.0
ATOM,1312.0,HA,CYS,85.0,13.623,20.55,53.87,0.09,1.32,0.0
ATOM,1313.0,HB2,CYS,85.0,10.931,21.213,54.652,0.09,1.32,0.0
ATOM,1314.0,HB3,CYS,85.0,12.125,22.261,54.275,0.09,1.32,0.0
ATOM,1315.0,HG,CYS,85.0,10.838,20.547,52.044,0.16,0.45,0.0
ATOM,1316.0,N,ALA,86.0,13.961,20.859,56.297,-0.47,1.85,0.0
ATOM,1317.0,CA,ALA,86.0,14.215,20.963,57.733,0.07,2.275,0.0
ATOM,1318.0,C,ALA,86.0,13.79,22.336,58.235,0.51,2.0,0.0
ATOM,1319.0,O,ALA,86.0,13.868,23.322,57.496,-0.51,1.7,0.0
ATOM,1320.0,CB,ALA,86.0,15.692,20.767,58.009,-0.27,2.06,0.64
ATOM,1321.0,H,ALA,86.0,14.547,21.35,55.581,0.31,0.2245,0.0
ATOM,1322.0,HA,ALA,86.0,13.674,20.265,58.208,0.09,1.32,0.0
ATOM,1323.0,HB1,ALA,86.0,16.182,20.638,57.146,0.09,1.32,0.0
ATOM,1324.0,HB2,ALA,86.0,16.057,21.571,58.479,0.09,1.32,0.55
ATOM,1325.0,HB3,ALA,86.0,15.823,19.96,58.586,0.09,1.32,0.0
ATOM,1326.0,N,LYS,87.0,13.378,22.394,59.501,-0.47,1.85,0.0
ATOM,1327.0,CA,LYS,87.0,13.245,23.659,60.197,0.07,2.275,0.0
ATOM,1328.0,C,LYS,87.0,14.619,24.327,60.246,0.51,2.0,0.0
ATOM,1329.0,O,LYS,87.0,15.662,23.653,60.237,-0.51,1.7,1.07
ATOM,1330.0,CB,LYS,87.0,12.725,23.465,61.612,-0.18,2.175,0.0
ATOM,1331.0,CG,LYS,87.0,11.237,23.114,61.694,-0.18,2.175,0.0
ATOM,1332.0,CD,LYS,87.0,10.867,22.622,63.085,-0.18,2.175,0.0
ATOM,1333.0,CE,LYS,87.0,11.067,23.692,64.144,0.21,2.175,0.0
ATOM,1334.0,NZ,LYS,87.0,10.384,24.964,63.766,-0.3,1.85,6.49
ATOM,1335.0,H,LYS,87.0,13.167,21.473,59.93,0.31,0.2245,0.0
ATOM,1336.0,HA,LYS,87.0,12.621,24.252,59.692,0.09,1.32,0.0
ATOM,1337.0,HB2,LYS,87.0,13.239,22.724,62.042,0.09,1.32,0.0
ATOM,1338.0,HB3,LYS,87.0,12.87,24.312,62.123,0.09,1.32,0.0
ATOM,1339.0,HG2,LYS,87.0,10.702,23.929,61.484,0.09,1.32,0.12
ATOM,1340.0,HG3,LYS,87.0,11.038,22.397,61.031,0.09,1.32,0.0
ATOM,1341.0,HD2,LYS,87.0,9.907,22.35,63.085,0.09,1.32,0.0
ATOM,1342.0,HD3,LYS,87.0,11.441,21.838,63.313,0.09,1.32,0.0
ATOM,1343.0,HE2,LYS,87.0,10.693,23.365,65.013,0.05,1.32,0.0
ATOM,1344.0,HE3,LYS,87.0,12.047,23.867,64.252,0.05,1.32,0.0
ATOM,1345.0,HZ1,LYS,87.0,10.824,25.346,62.955,0.33,0.2245,2.73
ATOM,1346.0,HZ2,LYS,87.0,9.423,24.776,63.57,0.33,0.2245,3.32
ATOM,1347.0,HZ3,LYS,87.0,10.453,25.613,64.523,0.33,0.2245,0.0
ATOM,1348.0,N,THR,88.0,14.61,25.65,60.288,-0.47,1.85,0.0
ATOM,1349.0,CA,THR,88.0,15.846,26.429,60.319,0.07,2.275,0.26
ATOM,1350.0,C,THR,88.0,16.263,26.753,61.754,0.51,2.0,0.0
ATOM,1351.0,O,THR,88.0,17.43,27.056,62.008,-0.51,1.7,11.66
ATOM,1352.0,CB,THR,88.0,15.678,27.722,59.506,0.14,2.275,8.36
ATOM,1353.0,OG1,THR,88.0,14.475,28.389,59.897,-0.66,1.77,11.44
ATOM,1354.0,CG2,THR,88.0,15.454,27.405,58.028,-0.27,2.06,4.47
ATOM,1355.0,H,THR,88.0,13.664,26.083,60.297,0.31,0.2245,0.0
ATOM,1356.0,HA,THR,88.0,16.579,25.883,59.894,0.09,1.32,1.54
ATOM,1357.0,HB,THR,88.0,16.466,28.342,59.706,0.09,1.32,9.61
ATOM,1358.0,HG21,THR,88.0,16.071,26.669,57.744,0.09,1.32,0.2
ATOM,1359.0,HG22,THR,88.0,14.506,27.115,57.886,0.09,1.32,0.0
ATOM,1360.0,HG23,THR,88.0,15.637,28.221,57.477,0.09,1.32,0.77
ATOM,1361.0,HG1,THR,88.0,13.672,27.829,59.665,0.43,0.2245,0.0
ATOM,1362.0,N,ALA,89.0,15.304,26.698,62.677,-0.47,1.85,0.0
ATOM,1363.0,CA,ALA,89.0,15.584,26.834,64.103,0.07,2.275,0.0
ATOM,1364.0,C,ALA,89.0,14.578,26.032,64.922,0.51,2.0,0.0
ATOM,1365.0,O,ALA,89.0,13.416,25.925,64.541,-0.51,1.7,1.74
ATOM,1366.0,CB,ALA,89.0,15.539,28.297,64.509,-0.27,2.06,28.81
ATOM,1367.0,H,ALA,89.0,14.345,26.551,62.295,0.31,0.2245,1.27
ATOM,1368.0,HA,ALA,89.0,16.505,26.477,64.288,0.09,1.32,0.0
ATOM,1369.0,HB1,ALA,89.0,14.715,28.724,64.136,0.09,1.32,9.53
ATOM,1370.0,HB2,ALA,89.0,15.527,28.368,65.507,0.09,1.32,6.12
ATOM,1371.0,HB3,ALA,89.0,16.346,28.769,64.153,0.09,1.32,8.19
ATOM,1372.0,N,MET,90.0,15.03,25.454,66.035,-0.47,1.85,0.0
ATOM,1373.0,CA,MET,90.0,14.123,24.769,66.957,0.07,2.275,0.0
ATOM,1374.0,C,MET,90.0,13.578,25.751,67.99,0.51,2.0,0.0
ATOM,1375.0,O,MET,90.0,14.252,26.086,68.979,-0.51,1.7,4.27
ATOM,1376.0,CB,MET,90.0,14.809,23.599,67.66,-0.18,2.175,0.0
ATOM,1377.0,CG,MET,90.0,13.877,22.811,68.589,-0.14,2.175,0.0
ATOM,1378.0,SD,MET,90.0,12.432,22.181,67.745,-0.09,2.0,0.0
ATOM,1379.0,CE,MET,90.0,13.085,20.629,67.109,-0.22,2.06,0.0
ATOM,1380.0,H,MET,90.0,16.05,25.53,66.185,0.31,0.2245,0.0
ATOM,1381.0,HA,MET,90.0,13.349,24.413,66.427,0.09,1.32,0.0
ATOM,1382.0,HB2,MET,90.0,15.171,22.964,66.97,0.09,1.32,0.0
ATOM,1383.0,HB3,MET,90.0,15.576,23.947,68.209,0.09,1.32,0.0
ATOM,1384.0,HG2,MET,90.0,14.422,22.051,69.012,0.09,1.32,0.0
ATOM,1385.0,HG3,MET,90.0,13.615,23.425,69.369,0.09,1.32,0.0
ATOM,1386.0,HE1,MET,90.0,13.832,20.318,67.697,0.09,1.32,0.0
ATOM,1387.0,HE2,MET,90.0,12.358,19.943,67.099,0.09,1.32,0.0
ATOM,1388.0,HE3,MET,90.0,13.426,20.769,66.18,0.09,1.32,0.0
ATOM,1389.0,N,ASP,91.0,12.344,26.183,67.749,-0.47,1.85,0.0
ATOM,1390.0,CA,ASP,91.0,11.632,27.098,68.632,0.07,2.275,1.16
ATOM,1391.0,C,ASP,91.0,10.792,26.371,69.691,0.51,2.0,0.0
ATOM,1392.0,O,ASP,91.0,10.434,25.196,69.537,-0.51,1.7,0.0
ATOM,1393.0,CB,ASP,91.0,10.761,28.062,67.815,-0.28,2.175,19.43
ATOM,1394.0,CG,ASP,91.0,9.755,27.347,66.922,0.62,2.0,3.21
ATOM,1395.0,OD1,ASP,91.0,8.544,27.598,67.092,-0.76,1.7,13.21
ATOM,1396.0,OD2,ASP,91.0,10.076,26.526,66.022,-0.76,1.7,4.98
ATOM,1397.0,H,ASP,91.0,11.925,25.806,66.864,0.31,0.2245,0.0
ATOM,1398.0,HA,ASP,91.0,12.328,27.637,69.133,0.09,1.32,4.83
ATOM,1399.0,HB2,ASP,91.0,10.265,28.642,68.452,0.09,1.32,4.39
ATOM,1400.0,HB3,ASP,91.0,11.362,28.609,67.243,0.09,1.32,7.89
ATOM,1401.0,N,ASP,92.0,10.491,27.088,70.772,-0.47,1.85,0.0
ATOM,1402.0,CA,ASP,92.0,9.672,26.573,71.867,0.07,2.275,0.0
ATOM,1403.0,C,ASP,92.0,8.271,26.16,71.407,0.51,2.0,0.07
ATOM,1404.0,O,ASP,92.0,7.715,25.194,71.926,-0.51,1.7,0.69
ATOM,1405.0,CB,ASP,92.0,9.537,27.632,72.973,-0.28,2.175,12.41
ATOM,1406.0,CG,ASP,92.0,10.749,27.691,73.885,0.62,2.0,2.27
ATOM,1407.0,OD1,ASP,92.0,11.48,26.674,73.969,-0.76,1.7,0.85
ATOM,1408.0,OD2,ASP,92.0,11.034,28.705,74.567,-0.76,1.7,47.41
ATOM,1409.0,H,ASP,92.0,10.893,28.055,70.77,0.31,0.2245,6.46
ATOM,1410.0,HA,ASP,92.0,10.125,25.737,72.212,0.09,1.32,0.0
ATOM,1411.0,HB2,ASP,92.0,9.422,28.516,72.535,0.09,1.32,7.42
ATOM,1412.0,HB3,ASP,92.0,8.737,27.405,73.516,0.09,1.32,8.23
ATOM,1413.0,N,VAL,93.0,7.695,26.899,70.459,-0.47,1.85,0.0
ATOM,1414.0,CA,VAL,93.0,6.345,26.585,69.972,0.07,2.275,0.41
ATOM,1415.0,C,VAL,93.0,6.312,25.177,69.37,0.51,2.0,0.0
ATOM,1416.0,O,VAL,93.0,5.386,24.414,69.636,-0.51,1.7,0.0
ATOM,1417.0,CB,VAL,93.0,5.834,27.618,68.946,-0.09,2.275,0.85
ATOM,1418.0,CG1,VAL,93.0,4.61,27.099,68.18,-0.27,2.06,24.46
ATOM,1419.0,CG2,VAL,93.0,5.504,28.934,69.645,-0.27,2.06,36.22
ATOM,1420.0,H,VAL,93.0,8.261,27.686,70.107,0.31,0.2245,0.34
ATOM,1421.0,HA,VAL,93.0,5.72,26.601,70.756,0.09,1.32,2.14
ATOM,1422.0,HB,VAL,93.0,6.555,27.76,68.271,0.09,1.32,0.0
ATOM,1423.0,HG11,VAL,93.0,4.911,26.686,67.323,0.09,1.32,3.2
ATOM,1424.0,HG12,VAL,93.0,4.14,26.417,68.737,0.09,1.32,1.58
ATOM,1425.0,HG13,VAL,93.0,3.995,27.861,67.989,0.09,1.32,8.09
ATOM,1426.0,HG21,VAL,93.0,4.997,29.522,69.015,0.09,1.32,9.47
ATOM,1427.0,HG22,VAL,93.0,4.948,28.745,70.453,0.09,1.32,9.17
ATOM,1428.0,HG23,VAL,93.0,6.354,29.383,69.917,0.09,1.32,6.7
ATOM,1429.0,N,TRP,94.0,7.331,24.842,68.588,-0.47,1.85,0.0
ATOM,1430.0,CA,TRP,94.0,7.395,23.538,67.94,0.07,2.275,0.0
ATOM,1431.0,C,TRP,94.0,7.496,22.44,68.995,0.51,2.0,0.0
ATOM,1432.0,O,TRP,94.0,6.806,21.436,68.908,-0.51,1.7,0.0
ATOM,1433.0,CB,TRP,94.0,8.582,23.452,66.991,-0.18,2.175,0.0
ATOM,1434.0,CG,TRP,94.0,8.506,22.28,66.096,-0.03,1.9924,0.0
ATOM,1435.0,CD1,TRP,94.0,9.141,21.074,66.251,0.035,1.9924,0.0
ATOM,1436.0,CD2,TRP,94.0,7.727,22.174,64.905,-0.02,1.8,0.0
ATOM,1437.0,NE1,TRP,94.0,8.818,20.239,65.207,-0.61,1.85,0.0
ATOM,1438.0,CE2,TRP,94.0,7.951,20.888,64.367,0.13,1.8,0.06
ATOM,1439.0,CE3,TRP,94.0,6.871,23.045,64.218,-0.115,1.9924,1.15
ATOM,1440.0,CZ2,TRP,94.0,7.346,20.455,63.193,-0.115,1.9924,8.25
ATOM,1441.0,CZ3,TRP,94.0,6.271,22.607,63.052,-0.115,1.9924,3.31
ATOM,1442.0,CH2,TRP,94.0,6.515,21.334,62.552,-0.115,1.9924,9.23
ATOM,1443.0,H,TRP,94.0,8.06,25.572,68.481,0.31,0.2245,0.0
ATOM,1444.0,HA,TRP,94.0,6.537,23.399,67.441,0.09,1.32,0.0
ATOM,1445.0,HB2,TRP,94.0,8.599,24.266,66.426,0.09,1.32,0.0
ATOM,1446.0,HB3,TRP,94.0,9.414,23.374,67.525,0.09,1.32,0.0
ATOM,1447.0,HD1,TRP,94.0,9.745,20.838,67.006,0.115,1.3582,0.0
ATOM,1448.0,HE1,TRP,94.0,9.16,19.308,65.08,0.38,0.2245,0.0
ATOM,1449.0,HE3,TRP,94.0,6.695,23.965,64.562,0.115,1.3582,5.7
ATOM,1450.0,HZ2,TRP,94.0,7.522,19.531,62.84,0.115,1.3582,1.71
ATOM,1451.0,HZ3,TRP,94.0,5.653,23.223,62.566,0.115,1.3582,12.44
ATOM,1452.0,HH2,TRP,94.0,6.067,21.055,61.696,0.115,1.3582,9.37
ATOM,1453.0,N,LEU,95.0,8.332,22.667,70.004,-0.47,1.85,0.0
ATOM,1454.0,CA,LEU,95.0,8.546,21.691,71.064,0.07,2.275,0.0
ATOM,1455.0,C,LEU,95.0,7.239,21.398,71.788,0.51,2.0,0.0
ATOM,1456.0,O,LEU,95.0,6.963,20.253,72.143,-0.51,1.7,0.0
ATOM,1457.0,CB,LEU,95.0,9.62,22.174,72.041,-0.18,2.175,0.0
ATOM,1458.0,CG,LEU,95.0,11.038,22.282,71.471,-0.09,2.275,0.0
ATOM,1459.0,CD1,LEU,95.0,11.985,22.786,72.53,-0.27,2.06,0.0
ATOM,1460.0,CD2,LEU,95.0,11.513,20.963,70.926,-0.27,2.06,0.0
ATOM,1461.0,H,LEU,95.0,8.813,23.59,69.97,0.31,0.2245,0.0
ATOM,1462.0,HA,LEU,95.0,8.88,20.837,70.653,0.09,1.32,0.0
ATOM,1463.0,HB2,LEU,95.0,9.359,23.079,72.359,0.09,1.32,0.0
ATOM,1464.0,HB3,LEU,95.0,9.653,21.534,72.8,0.09,1.32,0.0
ATOM,1465.0,HG,LEU,95.0,11.025,22.915,70.698,0.09,1.32,0.0
ATOM,1466.0,HD11,LEU,95.0,11.995,22.154,73.308,0.09,1.32,0.0
ATOM,1467.0,HD12,LEU,95.0,12.912,22.856,72.154,0.09,1.32,0.0
ATOM,1468.0,HD13,LEU,95.0,11.692,23.691,72.847,0.09,1.32,0.0
ATOM,1469.0,HD21,LEU,95.0,10.902,20.655,70.191,0.09,1.32,0.0
ATOM,1470.0,HD22,LEU,95.0,12.442,21.058,70.559,0.09,1.32,0.0
ATOM,1471.0,HD23,LEU,95.0,11.52,20.273,71.655,0.09,1.32,0.0
ATOM,1472.0,N,LYS,96.0,6.421,22.435,71.949,-0.47,1.85,0.06
ATOM,1473.0,CA,LYS,96.0,5.134,22.312,72.618,0.07,2.275,0.74
ATOM,1474.0,C,LYS,96.0,4.141,21.557,71.743,0.51,2.0,0.0
ATOM,1475.0,O,LYS,96.0,3.365,20.749,72.236,-0.51,1.7,0.0
ATOM,1476.0,CB,LYS,96.0,4.581,23.694,72.966,-0.18,2.175,1.88
ATOM,1477.0,CG,LYS,96.0,3.409,23.638,73.921,-0.18,2.175,2.98
ATOM,1478.0,CD,LYS,96.0,3.185,24.969,74.616,-0.18,2.175,14.02
ATOM,1479.0,CE,LYS,96.0,2.448,24.794,75.926,0.21,2.175,23.48
ATOM,1480.0,NZ,LYS,96.0,1.2,24.017,75.714,-0.3,1.85,7.44
ATOM,1481.0,H,LYS,96.0,6.78,23.333,71.558,0.31,0.2245,0.0
ATOM,1482.0,HA,LYS,96.0,5.259,21.802,73.477,0.09,1.32,0.14
ATOM,1483.0,HB2,LYS,96.0,5.31,24.222,73.389,0.09,1.32,2.48
ATOM,1484.0,HB3,LYS,96.0,4.283,24.13,72.123,0.09,1.32,1.72
ATOM,1485.0,HG2,LYS,96.0,2.58,23.397,73.411,0.09,1.32,1.29
ATOM,1486.0,HG3,LYS,96.0,3.582,22.936,74.615,0.09,1.32,1.14
ATOM,1487.0,HD2,LYS,96.0,4.07,25.388,74.8,0.09,1.32,8.7
ATOM,1488.0,HD3,LYS,96.0,2.644,25.556,74.021,0.09,1.32,10.8
ATOM,1489.0,HE2,LYS,96.0,3.035,24.306,76.569,0.05,1.32,11.14
ATOM,1490.0,HE3,LYS,96.0,2.218,25.692,76.295,0.05,1.32,11.61
ATOM,1491.0,HZ1,LYS,96.0,0.668,24.004,76.561,0.33,0.2245,20.08
ATOM,1492.0,HZ2,LYS,96.0,0.661,24.444,74.988,0.33,0.2245,13.03
ATOM,1493.0,HZ3,LYS,96.0,1.431,23.08,75.451,0.33,0.2245,0.55
ATOM,1494.0,N,LEU,97.0,4.178,21.835,70.445,-0.47,1.85,0.0
ATOM,1495.0,CA,LEU,97.0,3.363,21.134,69.463,0.07,2.275,0.0
ATOM,1496.0,C,LEU,97.0,3.569,19.633,69.568,0.51,2.0,0.0
ATOM,1497.0,O,LEU,97.0,2.609,18.873,69.576,-0.51,1.7,4.02
ATOM,1498.0,CB,LEU,97.0,3.731,21.589,68.04,-0.18,2.175,0.46
ATOM,1499.0,CG,LEU,97.0,2.709,22.288,67.139,-0.09,2.275,2.75
ATOM,1500.0,CD1,LEU,97.0,1.631,23.075,67.886,-0.27,2.06,33.52
ATOM,1501.0,CD2,LEU,97.0,3.438,23.21,66.155,-0.27,2.06,15.27
ATOM,1502.0,H,LEU,97.0,4.844,22.602,70.189,0.31,0.2245,0.0
ATOM,1503.0,HA,LEU,97.0,2.394,21.337,69.646,0.09,1.32,0.02
ATOM,1504.0,HB2,LEU,97.0,4.53,22.216,68.123,0.09,1.32,0.0
ATOM,1505.0,HB3,LEU,97.0,4.056,20.767,67.537,0.09,1.32,4.52
ATOM,1506.0,HG,LEU,97.0,2.259,21.589,66.554,0.09,1.32,12.26
ATOM,1507.0,HD11,LEU,97.0,2.064,23.785,68.439,0.09,1.32,2.09
ATOM,1508.0,HD12,LEU,97.0,1.011,23.496,67.225,0.09,1.32,10.42
ATOM,1509.0,HD13,LEU,97.0,1.119,22.454,68.478,0.09,1.32,5.59
ATOM,1510.0,HD21,LEU,97.0,4.061,22.666,65.595,0.09,1.32,0.35
ATOM,1511.0,HD22,LEU,97.0,2.767,23.663,65.57,0.09,1.32,10.17
ATOM,1512.0,HD23,LEU,97.0,3.955,23.894,66.667,0.09,1.32,0.0
ATOM,1513.0,N,VAL,98.0,4.83,19.217,69.661,-0.47,1.85,0.0
ATOM,1514.0,CA,VAL,98.0,5.184,17.803,69.673,0.07,2.275,0.19
ATOM,1515.0,C,VAL,98.0,4.692,17.086,70.936,0.51,2.0,0.0
ATOM,1516.0,O,VAL,98.0,4.1,16.002,70.854,-0.51,1.7,0.0
ATOM,1517.0,CB,VAL,98.0,6.71,17.616,69.513,-0.09,2.275,0.0
ATOM,1518.0,CG1,VAL,98.0,7.115,16.169,69.811,-0.27,2.06,0.0
ATOM,1519.0,CG2,VAL,98.0,7.158,18.038,68.1,-0.27,2.06,3.34
ATOM,1520.0,H,VAL,98.0,5.534,19.983,69.724,0.31,0.2245,0.0
ATOM,1521.0,HA,VAL,98.0,4.742,17.36,68.878,0.09,1.32,2.29
ATOM,1522.0,HB,VAL,98.0,7.158,18.187,70.193,0.09,1.32,0.0
ATOM,1523.0,HG11,VAL,98.0,7.996,16.164,70.28,0.09,1.32,0.0
ATOM,1524.0,HG12,VAL,98.0,6.422,15.746,70.392,0.09,1.32,0.0
ATOM,1525.0,HG13,VAL,98.0,7.188,15.664,68.953,0.09,1.32,0.0
ATOM,1526.0,HG21,VAL,98.0,6.862,18.975,67.937,0.09,1.32,0.0
ATOM,1527.0,HG22,VAL,98.0,8.151,17.977,68.047,0.09,1.32,0.0
ATOM,1528.0,HG23,VAL,98.0,6.74,17.424,67.435,0.09,1.32,1.77
ATOM,1529.0,N,VAL,99.0,4.952,17.682,72.097,-0.47,1.85,0.0
ATOM,1530.0,CA,VAL,99.0,4.578,17.072,73.371,0.07,2.275,0.0
ATOM,1531.0,C,VAL,99.0,3.067,17.054,73.539,0.51,2.0,0.0
ATOM,1532.0,O,VAL,99.0,2.529,16.137,74.127,-0.51,1.7,0.0
ATOM,1533.0,CB,VAL,99.0,5.287,17.75,74.588,-0.09,2.275,0.0
ATOM,1534.0,CG1,VAL,99.0,4.705,19.139,74.917,-0.27,2.06,3.65
ATOM,1535.0,CG2,VAL,99.0,5.222,16.855,75.793,-0.27,2.06,0.0
ATOM,1536.0,H,VAL,99.0,5.433,18.598,72.02,0.31,0.2245,0.0
ATOM,1537.0,HA,VAL,99.0,4.903,16.12,73.368,0.09,1.32,0.0
ATOM,1538.0,HB,VAL,99.0,6.244,17.89,74.335,0.09,1.32,0.0
ATOM,1539.0,HG11,VAL,99.0,5.423,19.823,74.819,0.09,1.32,0.0
ATOM,1540.0,HG12,VAL,99.0,3.959,19.336,74.286,0.09,1.32,0.0
ATOM,1541.0,HG13,VAL,99.0,4.365,19.135,75.854,0.09,1.32,1.28
ATOM,1542.0,HG21,VAL,99.0,4.321,16.417,75.843,0.09,1.32,0.0
ATOM,1543.0,HG22,VAL,99.0,5.929,16.147,75.729,0.09,1.32,0.0
ATOM,1544.0,HG23,VAL,99.0,5.372,17.394,76.625,0.09,1.32,0.0
ATOM,1545.0,N,ASP,100.0,2.386,18.064,73.006,-0.47,1.85,0.0
ATOM,1546.0,CA,ASP,100.0,0.928,18.119,73.061,0.07,2.275,0.01
ATOM,1547.0,C,ASP,100.0,0.332,17.027,72.17,0.51,2.0,0.35
ATOM,1548.0,O,ASP,100.0,-0.683,16.421,72.511,-0.51,1.7,3.31
ATOM,1549.0,CB,ASP,100.0,0.408,19.512,72.657,-0.28,2.175,12.7
ATOM,1550.0,CG,ASP,100.0,0.58,20.548,73.763,0.62,2.0,2.89
ATOM,1551.0,OD1,ASP,100.0,0.434,21.756,73.473,-0.76,1.7,16.56
ATOM,1552.0,OD2,ASP,100.0,0.857,20.255,74.949,-0.76,1.7,1.14
ATOM,1553.0,H,ASP,100.0,2.97,18.795,72.556,0.31,0.2245,0.0
ATOM,1554.0,HA,ASP,100.0,0.656,17.908,74.002,0.09,1.32,0.0
ATOM,1555.0,HB2,ASP,100.0,0.919,19.808,71.861,0.09,1.32,0.0
ATOM,1556.0,HB3,ASP,100.0,-0.556,19.428,72.446,0.09,1.32,9.11
ATOM,1557.0,N,GLN,101.0,0.98,16.762,71.045,-0.47,1.85,0.49
ATOM,1558.0,CA,GLN,101.0,0.533,15.713,70.14,0.07,2.275,1.73
ATOM,1559.0,C,GLN,101.0,0.693,14.358,70.806,0.51,2.0,0.0
ATOM,1560.0,O,GLN,101.0,-0.2,13.527,70.706,-0.51,1.7,0.0
ATOM,1561.0,CB,GLN,101.0,1.289,15.771,68.806,-0.18,2.175,3.2
ATOM,1562.0,CG,GLN,101.0,0.822,14.762,67.747,-0.18,2.175,12.62
ATOM,1563.0,CD,GLN,101.0,-0.631,14.937,67.351,0.55,2.0,2.0
ATOM,1564.0,H,GLN,101.0,1.815,17.354,70.869,0.31,0.2245,0.0
ATOM,1565.0,HA,GLN,101.0,-0.443,15.854,69.958,0.09,1.32,0.67
ATOM,1566.0,HB2,GLN,101.0,1.187,16.692,68.417,0.09,1.32,3.64
ATOM,1567.0,HB3,GLN,101.0,2.265,15.601,68.98,0.09,1.32,0.14
ATOM,1568.0,HG2,GLN,101.0,1.394,14.874,66.933,0.09,1.32,9.62
ATOM,1569.0,HG3,GLN,101.0,0.948,13.84,68.115,0.09,1.32,0.74
ATOM,1570.0,OE1,GLN,101.0,-1.065,16.046,67.057,-0.55,1.7,34.75
ATOM,1571.0,NE2,GLN,101.0,-1.383,13.846,67.348,-0.62,1.85,11.24
ATOM,1572.0,HE21,GLN,101.0,-2.369,13.888,67.107,0.32,0.2245,16.71
ATOM,1573.0,HE22,GLN,101.0,-0.955,12.952,67.593,0.3,0.2245,0.0
ATOM,1574.0,N,GLU,102.0,1.813,14.148,71.5,-0.47,1.85,0.0
ATOM,1575.0,CA,GLU,102.0,2.031,12.897,72.225,0.07,2.275,0.34
ATOM,1576.0,C,GLU,102.0,0.956,12.725,73.286,0.51,2.0,0.0
ATOM,1577.0,O,GLU,102.0,0.479,11.63,73.523,-0.51,1.7,0.0
ATOM,1578.0,CB,GLU,102.0,3.411,12.857,72.873,-0.18,2.175,0.0
ATOM,1579.0,CG,GLU,102.0,4.555,12.702,71.878,-0.28,2.175,1.29
ATOM,1580.0,CD,GLU,102.0,5.738,11.901,72.405,0.62,2.0,0.0
ATOM,1581.0,OE1,GLU,102.0,6.75,11.829,71.674,-0.76,1.7,4.1
ATOM,1582.0,OE2,GLU,102.0,5.665,11.329,73.528,-0.76,1.7,0.0
ATOM,1583.0,H,GLU,102.0,2.493,14.926,71.48,0.31,0.2245,0.0
ATOM,1584.0,HA,GLU,102.0,2.0,12.127,71.585,0.09,1.32,0.69
ATOM,1585.0,HB2,GLU,102.0,3.546,13.707,73.349,0.09,1.32,0.0
ATOM,1586.0,HB3,GLU,102.0,3.439,12.083,73.479,0.09,1.32,0.0
ATOM,1587.0,HG2,GLU,102.0,4.209,12.23,71.082,0.09,1.32,3.06
ATOM,1588.0,HG3,GLU,102.0,4.888,13.603,71.647,0.09,1.32,0.0
ATOM,1589.0,N,ASP,103.0,0.571,13.829,73.91,-0.47,1.85,0.0
ATOM,1590.0,CA,ASP,103.0,-0.49,13.824,74.907,0.07,2.275,0.0
ATOM,1591.0,C,ASP,103.0,-1.834,13.434,74.281,0.51,2.0,0.12
ATOM,1592.0,O,ASP,103.0,-2.508,12.52,74.759,-0.51,1.7,8.59
ATOM,1593.0,CB,ASP,103.0,-0.571,15.211,75.541,-0.28,2.175,0.29
ATOM,1594.0,CG,ASP,103.0,-1.396,15.234,76.791,0.62,2.0,1.51
ATOM,1595.0,OD1,ASP,103.0,-1.573,14.168,77.432,-0.76,1.7,15.58
ATOM,1596.0,OD2,ASP,103.0,-1.883,16.293,77.209,-0.76,1.7,26.68
ATOM,1597.0,H,ASP,103.0,1.087,14.69,73.629,0.31,0.2245,0.0
ATOM,1598.0,HA,ASP,103.0,-0.267,13.111,75.582,0.09,1.32,0.0
ATOM,1599.0,HB2,ASP,103.0,0.358,15.501,75.756,0.09,1.32,0.0
ATOM,1600.0,HB3,ASP,103.0,-0.974,15.828,74.871,0.09,1.32,1.06
ATOM,1601.0,N,ALA,104.0,-2.193,14.113,73.19,-0.47,1.85,0.95
ATOM,1602.0,CA,ALA,104.0,-3.396,13.807,72.402,0.07,2.275,3.42
ATOM,1603.0,C,ALA,104.0,-3.445,12.352,71.944,0.51,2.0,0.0
ATOM,1604.0,O,ALA,104.0,-4.519,11.761,71.838,-0.51,1.7,30.16
ATOM,1605.0,CB,ALA,104.0,-3.484,14.733,71.175,-0.27,2.06,27.11
ATOM,1606.0,H,ALA,104.0,-1.539,14.893,72.937,0.31,0.2245,0.0
ATOM,1607.0,HA,ALA,104.0,-4.21,13.992,72.976,0.09,1.32,11.6
ATOM,1608.0,HB1,ALA,104.0,-2.692,15.338,71.166,0.09,1.32,0.04
ATOM,1609.0,HB2,ALA,104.0,-3.495,14.177,70.348,0.09,1.32,1.64
ATOM,1610.0,HB3,ALA,104.0,-4.321,15.271,71.233,0.09,1.32,11.45
ATOM,1611.0,N,ASP,105.0,-2.277,11.774,71.691,-0.47,1.85,0.0
ATOM,1612.0,CA,ASP,105.0,-2.187,10.405,71.201,0.07,2.275,1.54
ATOM,1613.0,C,ASP,105.0,-2.158,9.403,72.342,0.51,2.0,1.16
ATOM,1614.0,O,ASP,105.0,-2.129,8.204,72.105,-0.51,1.7,27.09
ATOM,1615.0,CB,ASP,105.0,-0.959,10.244,70.293,-0.28,2.175,6.76
ATOM,1616.0,CG,ASP,105.0,-1.182,10.819,68.918,0.62,2.0,3.3
ATOM,1617.0,OD1,ASP,105.0,-2.345,10.797,68.445,-0.76,1.7,25.77
ATOM,1618.0,OD2,ASP,105.0,-0.259,11.326,68.248,-0.76,1.7,20.46
ATOM,1619.0,H,ASP,105.0,-1.446,12.374,71.87,0.31,0.2245,0.0
ATOM,1620.0,HA,ASP,105.0,-3.025,10.224,70.668,0.09,1.32,4.31
ATOM,1621.0,HB2,ASP,105.0,-0.2,10.717,70.724,0.09,1.32,0.0
ATOM,1622.0,HB3,ASP,105.0,-0.767,9.274,70.213,0.09,1.32,6.71
ATOM,1623.0,N,GLY,106.0,-2.169,9.897,73.579,-0.47,1.85,0.0
ATOM,1624.0,CA,GLY,106.0,-2.361,9.062,74.756,-0.02,2.175,15.09
ATOM,1625.0,C,GLY,106.0,-1.09,8.437,75.331,0.51,2.0,0.21
ATOM,1626.0,O,GLY,106.0,-1.142,7.354,75.92,-0.51,1.7,32.26
ATOM,1627.0,H,GLY,106.0,-2.028,10.932,73.629,0.31,0.2245,0.0
ATOM,1628.0,HA2,GLY,106.0,-2.816,9.616,75.49,0.09,1.32,7.4
ATOM,1629.0,HA3,GLY,106.0,-3.023,8.312,74.531,0.09,1.32,9.84
ATOM,1630.0,N,ARG,107.0,0.046,9.109,75.168,-0.47,1.85,0.0
ATOM,1631.0,CA,ARG,107.0,1.326,8.582,75.654,0.07,2.275,0.74
ATOM,1632.0,C,ARG,107.0,1.642,8.92,77.127,0.51,2.0,0.97
ATOM,1633.0,O,ARG,107.0,2.585,8.362,77.684,-0.51,1.7,23.83
ATOM,1634.0,CB,ARG,107.0,2.476,9.046,74.756,-0.18,2.175,0.77
ATOM,1635.0,CG,ARG,107.0,2.465,8.402,73.367,-0.18,2.175,6.29
ATOM,1636.0,CD,ARG,107.0,3.634,8.813,72.465,0.2,2.175,5.75
ATOM,1637.0,NE,ARG,107.0,4.934,8.449,73.031,-0.7,1.85,0.57
ATOM,1638.0,CZ,ARG,107.0,5.518,7.258,72.921,0.64,2.0,2.46
ATOM,1639.0,NH1,ARG,107.0,4.947,6.267,72.247,-0.8,1.85,24.17
ATOM,1640.0,NH2,ARG,107.0,6.699,7.06,73.482,-0.8,1.85,28.01
ATOM,1641.0,H,ARG,107.0,-0.047,10.017,74.679,0.31,0.2245,0.0
ATOM,1642.0,HA,ARG,107.0,1.316,7.567,75.559,0.09,1.32,6.53
ATOM,1643.0,HB2,ARG,107.0,2.404,10.028,74.637,0.09,1.32,0.0
ATOM,1644.0,HB3,ARG,107.0,3.333,8.808,75.195,0.09,1.32,1.64
ATOM,1645.0,HG2,ARG,107.0,2.491,7.4,73.467,0.09,1.32,5.11
ATOM,1646.0,HG3,ARG,107.0,1.611,8.651,72.894,0.09,1.32,0.0
ATOM,1647.0,HD2,ARG,107.0,3.516,8.357,71.586,0.09,1.32,6.85
ATOM,1648.0,HD3,ARG,107.0,3.591,9.802,72.344,0.09,1.32,0.0
ATOM,1649.0,HE,ARG,107.0,5.432,9.164,73.551,0.44,0.2245,0.33
ATOM,1650.0,HH11,ARG,107.0,4.069,6.411,71.791,0.46,0.2245,9.76
ATOM,1651.0,HH12,ARG,107.0,5.396,5.374,72.193,0.46,0.2245,18.15
ATOM,1652.0,HH21,ARG,107.0,7.159,7.806,73.968,0.46,0.2245,13.17
ATOM,1653.0,HH22,ARG,107.0,7.141,6.162,73.422,0.46,0.2245,18.34
ATOM,1654.0,N,PHE,108.0,0.865,9.813,77.744,-0.47,1.85,0.0
ATOM,1655.0,CA,PHE,108.0,1.1,10.253,79.131,0.07,2.275,0.0
ATOM,1656.0,C,PHE,108.0,-0.055,9.92,80.069,0.51,2.0,0.62
ATOM,1657.0,O,PHE,108.0,-1.186,10.409,79.889,-0.51,1.7,20.17
ATOM,1658.0,CB,PHE,108.0,1.354,11.766,79.148,-0.18,2.175,1.13
ATOM,1659.0,CG,PHE,108.0,2.422,12.194,78.181,0.0,1.9924,0.0
ATOM,1660.0,CD1,PHE,108.0,2.205,13.244,77.296,-0.115,1.9924,0.0
ATOM,1661.0,CD2,PHE,108.0,3.642,11.524,78.14,-0.115,1.9924,0.39
ATOM,1662.0,CE1,PHE,108.0,3.189,13.619,76.393,-0.115,1.9924,0.0
ATOM,1663.0,CE2,PHE,108.0,4.627,11.895,77.232,-0.115,1.9924,0.94
ATOM,1664.0,CZ,PHE,108.0,4.398,12.951,76.364,-0.115,1.9924,0.0
ATOM,1665.0,H,PHE,108.0,0.077,10.174,77.164,0.31,0.2245,0.03
ATOM,1666.0,HA,PHE,108.0,1.907,9.739,79.463,0.09,1.32,0.08
ATOM,1667.0,HB2,PHE,108.0,0.514,12.215,78.896,0.09,1.32,0.0
ATOM,1668.0,HB3,PHE,108.0,1.646,12.011,80.056,0.09,1.32,0.0
ATOM,1669.0,HD1,PHE,108.0,1.339,13.733,77.309,0.115,1.3582,0.0
ATOM,1670.0,HD2,PHE,108.0,3.811,10.768,78.772,0.115,1.3582,2.18
ATOM,1671.0,HE1,PHE,108.0,3.011,14.384,75.757,0.115,1.3582,0.0
ATOM,1672.0,HE2,PHE,108.0,5.503,11.391,77.21,0.115,1.3582,5.89
ATOM,1673.0,HZ,PHE,108.0,5.108,13.231,75.716,0.115,1.3582,0.0
ATOM,1674.0,N,ALA,109.0,0.225,9.104,81.082,-0.47,1.85,1.9
ATOM,1675.0,CA,ALA,109.0,-0.811,8.687,82.032,0.07,2.275,2.76
ATOM,1676.0,C,ALA,109.0,-0.995,9.728,83.134,0.51,2.0,0.25
ATOM,1677.0,O,ALA,109.0,-2.042,9.778,83.773,-0.51,1.7,28.21
ATOM,1678.0,CB,ALA,109.0,-0.476,7.334,82.625,-0.27,2.06,39.89
ATOM,1679.0,H,ALA,109.0,1.211,8.797,81.141,0.31,0.2245,3.25
ATOM,1680.0,HA,ALA,109.0,-1.681,8.587,81.536,0.09,1.32,8.7
ATOM,1681.0,HB1,ALA,109.0,0.385,7.0,82.239,0.09,1.32,8.36
ATOM,1682.0,HB2,ALA,109.0,-0.383,7.414,83.618,0.09,1.32,3.13
ATOM,1683.0,HB3,ALA,109.0,-1.206,6.683,82.414,0.09,1.32,11.46
ATOM,1684.0,N,THR,110.0,0.028,10.552,83.345,-0.47,1.85,0.0
ATOM,1685.0,CA,THR,110.0,-0.01,11.625,84.349,0.07,2.275,1.65
ATOM,1686.0,C,THR,110.0,0.497,12.939,83.762,0.51,2.0,1.96
ATOM,1687.0,O,THR,110.0,1.178,12.941,82.739,-0.51,1.7,1.1
ATOM,1688.0,CB,THR,110.0,0.876,11.269,85.556,0.14,2.275,0.31
ATOM,1689.0,OG1,THR,110.0,2.238,11.14,85.135,-0.66,1.77,0.82
ATOM,1690.0,CG2,THR,110.0,0.525,9.903,86.135,-0.27,2.06,31.78
ATOM,1691.0,H,THR,110.0,0.86,10.375,82.74,0.31,0.2245,0.0
ATOM,1692.0,HA,THR,110.0,-0.965,11.753,84.638,0.09,1.32,0.99
ATOM,1693.0,HB,THR,110.0,0.824,12.027,86.238,0.09,1.32,0.02
ATOM,1694.0,HG21,THR,110.0,0.881,9.829,87.069,0.09,1.32,11.46
ATOM,1695.0,HG22,THR,110.0,-0.47,9.788,86.152,0.09,1.32,5.37
ATOM,1696.0,HG23,THR,110.0,0.93,9.181,85.57,0.09,1.32,4.09
ATOM,1697.0,HG1,THR,110.0,2.849,11.099,85.933,0.43,0.2245,8.91
ATOM,1698.0,N,PRO,111.0,0.173,14.06,84.406,-0.29,1.85,0.76
ATOM,1699.0,CA,PRO,111.0,0.764,15.351,84.025,0.02,2.275,3.08
ATOM,1700.0,C,PRO,111.0,2.292,15.333,84.149,0.51,2.0,0.31
ATOM,1701.0,O,PRO,111.0,2.988,15.916,83.319,-0.51,1.7,3.32
ATOM,1702.0,CB,PRO,111.0,0.161,16.328,85.035,-0.18,2.175,18.06
ATOM,1703.0,CG,PRO,111.0,-1.06,15.665,85.544,-0.18,2.175,19.22
ATOM,1704.0,CD,PRO,111.0,-0.803,14.2,85.498,0.0,2.175,12.99
ATOM,1705.0,HA,PRO,111.0,0.487,15.607,83.09,0.09,1.32,4.92
ATOM,1706.0,HB2,PRO,111.0,0.815,16.511,85.781,0.09,1.32,4.29
ATOM,1707.0,HB3,PRO,111.0,-0.058,17.205,84.589,0.09,1.32,11.94
ATOM,1708.0,HG2,PRO,111.0,-1.261,15.968,86.491,0.09,1.32,12.21
ATOM,1709.0,HG3,PRO,111.0,-1.861,15.911,84.973,0.09,1.32,12.52
ATOM,1710.0,HD2,PRO,111.0,-0.414,13.862,86.358,0.09,1.32,1.42
ATOM,1711.0,HD3,PRO,111.0,-1.636,13.681,85.29,0.09,1.32,7.76
ATOM,1712.0,N,GLU,112.0,2.798,14.646,85.167,-0.47,1.85,0.0
ATOM,1713.0,CA,GLU,112.0,4.234,14.598,85.405,0.07,2.275,0.88
ATOM,1714.0,C,GLU,112.0,4.933,13.84,84.283,0.51,2.0,0.18
ATOM,1715.0,O,GLU,112.0,6.06,14.158,83.953,-0.51,1.7,2.75
ATOM,1716.0,CB,GLU,112.0,4.55,13.946,86.753,-0.18,2.175,14.21
ATOM,1717.0,CG,GLU,112.0,4.048,14.731,87.96,-0.28,2.175,20.21
ATOM,1718.0,CD,GLU,112.0,2.691,14.263,88.474,0.62,2.0,4.37
ATOM,1719.0,OE1,GLU,112.0,1.831,13.855,87.663,-0.76,1.7,4.65
ATOM,1720.0,OE2,GLU,112.0,2.479,14.33,89.697,-0.76,1.7,47.81
ATOM,1721.0,H,GLU,112.0,2.1,14.161,85.759,0.31,0.2245,0.0
ATOM,1722.0,HA,GLU,112.0,4.601,15.532,85.457,0.09,1.32,1.23
ATOM,1723.0,HB2,GLU,112.0,4.112,13.064,86.77,0.09,1.32,0.35
ATOM,1724.0,HB3,GLU,112.0,5.528,13.875,86.831,0.09,1.32,9.0
ATOM,1725.0,HG2,GLU,112.0,4.696,14.617,88.693,0.09,1.32,10.59
ATOM,1726.0,HG3,GLU,112.0,3.953,15.676,87.697,0.09,1.32,7.36
ATOM,1727.0,N,ALA,113.0,4.271,12.839,83.708,-0.47,1.85,0.24
ATOM,1728.0,CA,ALA,113.0,4.84,12.102,82.58,0.07,2.275,3.58
ATOM,1729.0,C,ALA,113.0,4.956,13.014,81.362,0.51,2.0,0.0
ATOM,1730.0,O,ALA,113.0,5.974,13.01,80.677,-0.51,1.7,2.46
ATOM,1731.0,CB,ALA,113.0,4.018,10.85,82.254,-0.27,2.06,15.02
ATOM,1732.0,H,ALA,113.0,3.344,12.633,84.117,0.31,0.2245,0.0
ATOM,1733.0,HA,ALA,113.0,5.758,11.784,82.831,0.09,1.32,4.38
ATOM,1734.0,HB1,ALA,113.0,4.266,10.12,82.888,0.09,1.32,10.39
ATOM,1735.0,HB2,ALA,113.0,3.047,11.061,82.347,0.09,1.32,0.0
ATOM,1736.0,HB3,ALA,113.0,4.212,10.564,81.318,0.09,1.32,1.85
ATOM,1737.0,N,LYS,114.0,3.928,13.821,81.113,-0.47,1.85,0.0
ATOM,1738.0,CA,LYS,114.0,4.0,14.822,80.064,0.07,2.275,0.0
ATOM,1739.0,C,LYS,114.0,5.138,15.829,80.333,0.51,2.0,0.0
ATOM,1740.0,O,LYS,114.0,5.936,16.139,79.435,-0.51,1.7,0.0
ATOM,1741.0,CB,LYS,114.0,2.667,15.544,79.907,-0.18,2.175,0.75
ATOM,1742.0,CG,LYS,114.0,2.682,16.577,78.786,-0.18,2.175,1.42
ATOM,1743.0,CD,LYS,114.0,1.296,17.037,78.4,-0.18,2.175,3.2
ATOM,1744.0,CE,LYS,114.0,1.363,18.212,77.431,0.21,2.175,3.64
ATOM,1745.0,NZ,LYS,114.0,0.019,18.71,76.997,-0.3,1.85,8.35
ATOM,1746.0,H,LYS,114.0,3.1,13.674,81.716,0.31,0.2245,0.0
ATOM,1747.0,HA,LYS,114.0,4.185,14.37,79.183,0.09,1.32,0.0
ATOM,1748.0,HB2,LYS,114.0,1.966,14.871,79.7,0.09,1.32,0.21
ATOM,1749.0,HB3,LYS,114.0,2.46,16.012,80.759,0.09,1.32,0.83
ATOM,1750.0,HG2,LYS,114.0,3.22,17.372,79.088,0.09,1.32,3.38
ATOM,1751.0,HG3,LYS,114.0,3.131,16.174,77.981,0.09,1.32,0.0
ATOM,1752.0,HD2,LYS,114.0,0.816,16.291,77.954,0.09,1.32,0.0
ATOM,1753.0,HD3,LYS,114.0,0.809,17.33,79.214,0.09,1.32,8.09
ATOM,1754.0,HE2,LYS,114.0,1.864,18.97,77.873,0.05,1.32,9.55
ATOM,1755.0,HE3,LYS,114.0,1.885,17.931,76.614,0.05,1.32,0.0
ATOM,1756.0,HZ1,LYS,114.0,-0.393,18.043,76.379,0.33,0.2245,1.01
ATOM,1757.0,HZ2,LYS,114.0,-0.56,18.83,77.801,0.33,0.2245,13.81
ATOM,1758.0,HZ3,LYS,114.0,0.13,19.583,76.527,0.33,0.2245,3.13
ATOM,1759.0,N,ALA,115.0,5.234,16.312,81.57,-0.47,1.85,0.2
ATOM,1760.0,CA,ALA,115.0,6.241,17.31,81.908,0.07,2.275,2.04
ATOM,1761.0,C,ALA,115.0,7.647,16.734,81.753,0.51,2.0,0.17
ATOM,1762.0,O,ALA,115.0,8.544,17.402,81.241,-0.51,1.7,1.67
ATOM,1763.0,CB,ALA,115.0,6.022,17.835,83.298,-0.27,2.06,30.43
ATOM,1764.0,H,ALA,115.0,4.553,15.928,82.245,0.31,0.2245,0.0
ATOM,1765.0,HA,ALA,115.0,6.146,18.093,81.283,0.09,1.32,3.98
ATOM,1766.0,HB1,ALA,115.0,5.509,17.166,83.842,0.09,1.32,0.0
ATOM,1767.0,HB2,ALA,115.0,6.904,18.008,83.744,0.09,1.32,9.39
ATOM,1768.0,HB3,ALA,115.0,5.502,18.692,83.264,0.09,1.32,11.8
ATOM,1769.0,N,ALA,116.0,7.824,15.484,82.171,-0.47,1.85,0.54
ATOM,1770.0,CA,ALA,116.0,9.102,14.788,82.046,0.07,2.275,3.79
ATOM,1771.0,C,ALA,116.0,9.552,14.672,80.589,0.51,2.0,0.2
ATOM,1772.0,O,ALA,116.0,10.749,14.794,80.279,-0.51,1.7,7.95
ATOM,1773.0,CB,ALA,116.0,8.999,13.405,82.666,-0.27,2.06,31.32
ATOM,1774.0,H,ALA,116.0,6.976,15.046,82.594,0.31,0.2245,0.0
ATOM,1775.0,HA,ALA,116.0,9.805,15.305,82.557,0.09,1.32,4.86
ATOM,1776.0,HB1,ALA,116.0,8.579,12.775,82.013,0.09,1.32,3.34
ATOM,1777.0,HB2,ALA,116.0,9.913,13.075,82.904,0.09,1.32,11.51
ATOM,1778.0,HB3,ALA,116.0,8.437,13.449,83.492,0.09,1.32,2.34
ATOM,1779.0,N,ASN,117.0,8.592,14.414,79.707,-0.47,1.85,0.13
ATOM,1780.0,CA,ASN,117.0,8.864,14.257,78.285,0.07,2.275,2.2
ATOM,1781.0,C,ASN,117.0,9.29,15.597,77.677,0.51,2.0,0.0
ATOM,1782.0,O,ASN,117.0,10.25,15.654,76.902,-0.51,1.7,1.77
ATOM,1783.0,CB,ASN,117.0,7.619,13.694,77.597,-0.18,2.175,0.14
ATOM,1784.0,CG,ASN,117.0,7.826,13.424,76.132,0.55,2.0,0.0
ATOM,1785.0,H,ASN,117.0,7.637,14.335,80.118,0.31,0.2245,0.0
ATOM,1786.0,HA,ASN,117.0,9.647,13.636,78.195,0.09,1.32,6.08
ATOM,1787.0,HB2,ASN,117.0,7.371,12.839,78.052,0.09,1.32,1.91
ATOM,1788.0,HB3,ASN,117.0,6.878,14.357,77.703,0.09,1.32,0.0
ATOM,1789.0,OD1,ASN,117.0,7.541,14.269,75.305,-0.55,1.7,0.0
ATOM,1790.0,ND2,ASN,117.0,8.297,12.235,75.804,-0.62,1.85,10.67
ATOM,1791.0,HD22,ASN,117.0,8.493,11.559,76.521,0.3,0.2245,14.92
ATOM,1792.0,HD21,ASN,117.0,8.46,12.001,74.846,0.32,0.2245,6.31
ATOM,1793.0,N,ASP,118.0,8.589,16.667,78.055,-0.47,1.85,0.0
ATOM,1794.0,CA,ASP,118.0,8.958,18.024,77.664,0.07,2.275,0.0
ATOM,1795.0,C,ASP,118.0,10.358,18.423,78.156,0.51,2.0,0.0
ATOM,1796.0,O,ASP,118.0,11.161,18.96,77.393,-0.51,1.7,0.0
ATOM,1797.0,CB,ASP,118.0,7.934,19.026,78.18,-0.28,2.175,4.37
ATOM,1798.0,CG,ASP,118.0,8.156,20.419,77.625,0.62,2.0,2.1
ATOM,1799.0,OD1,ASP,118.0,8.332,21.361,78.43,-0.76,1.7,23.43
ATOM,1800.0,OD2,ASP,118.0,8.17,20.664,76.4,-0.76,1.7,2.79
ATOM,1801.0,H,ASP,118.0,7.76,16.45,78.65,0.31,0.2245,0.0
ATOM,1802.0,HA,ASP,118.0,8.988,18.048,76.653,0.09,1.32,0.0
ATOM,1803.0,HB2,ASP,118.0,7.031,18.715,77.907,0.09,1.32,0.0
ATOM,1804.0,HB3,ASP,118.0,8.006,19.062,79.169,0.09,1.32,0.9
ATOM,1805.0,N,LYS,119.0,10.636,18.142,79.421,-0.47,1.85,0.15
ATOM,1806.0,CA,LYS,119.0,11.916,18.468,80.043,0.07,2.275,0.85
ATOM,1807.0,C,LYS,119.0,13.067,17.736,79.357,0.51,2.0,0.0
ATOM,1808.0,O,LYS,119.0,14.09,18.333,79.058,-0.51,1.7,1.11
ATOM,1809.0,CB,LYS,119.0,11.875,18.127,81.54,-0.18,2.175,2.49
ATOM,1810.0,CG,LYS,119.0,12.976,18.793,82.375,-0.18,2.175,5.52
ATOM,1811.0,CD,LYS,119.0,12.408,19.83,83.341,-0.18,2.175,13.46
ATOM,1812.0,CE,LYS,119.0,13.491,20.678,83.992,0.21,2.175,22.54
ATOM,1813.0,NZ,LYS,119.0,14.637,19.849,84.431,-0.3,1.85,12.62
ATOM,1814.0,H,LYS,119.0,9.86,17.666,79.938,0.31,0.2245,0.0
ATOM,1815.0,HA,LYS,119.0,12.074,19.461,79.964,0.09,1.32,0.99
ATOM,1816.0,HB2,LYS,119.0,10.992,18.419,81.903,0.09,1.32,0.81
ATOM,1817.0,HB3,LYS,119.0,11.968,17.137,81.637,0.09,1.32,2.41
ATOM,1818.0,HG2,LYS,119.0,13.452,18.088,82.9,0.09,1.32,7.42
ATOM,1819.0,HG3,LYS,119.0,13.621,19.243,81.758,0.09,1.32,2.9
ATOM,1820.0,HD2,LYS,119.0,11.792,20.433,82.836,0.09,1.32,9.01
ATOM,1821.0,HD3,LYS,119.0,11.901,19.355,84.059,0.09,1.32,11.06
ATOM,1822.0,HE2,LYS,119.0,13.808,21.361,83.33,0.05,1.32,11.81
ATOM,1823.0,HE3,LYS,119.0,13.099,21.15,84.785,0.05,1.32,11.63
ATOM,1824.0,HZ1,LYS,119.0,15.254,20.401,84.993,0.33,0.2245,20.24
ATOM,1825.0,HZ2,LYS,119.0,14.303,19.073,84.968,0.33,0.2245,15.51
ATOM,1826.0,HZ3,LYS,119.0,15.132,19.51,83.63,0.33,0.2245,12.63
ATOM,1827.0,N,GLY,120.0,12.893,16.447,79.1,-0.47,1.85,0.97
ATOM,1828.0,CA,GLY,120.0,13.895,15.652,78.412,-0.02,2.175,18.27
ATOM,1829.0,C,GLY,120.0,14.158,16.173,77.013,0.51,2.0,1.59
ATOM,1830.0,O,GLY,120.0,15.317,16.365,76.615,-0.51,1.7,0.0
ATOM,1831.0,H,GLY,120.0,11.983,16.058,79.432,0.31,0.2245,0.0
ATOM,1832.0,HA2,GLY,120.0,14.757,15.665,78.941,0.09,1.32,5.74
ATOM,1833.0,HA3,GLY,120.0,13.584,14.691,78.358,0.09,1.32,9.4
ATOM,1834.0,N,ARG,121.0,13.082,16.43,76.275,-0.47,1.85,2.47
ATOM,1835.0,CA,ARG,121.0,13.187,16.979,74.931,0.07,2.275,0.37
ATOM,1836.0,C,ARG,121.0,13.95,18.305,74.948,0.51,2.0,0.0
ATOM,1837.0,O,ARG,121.0,14.836,18.535,74.114,-0.51,1.7,0.0
ATOM,1838.0,CB,ARG,121.0,11.802,17.18,74.303,-0.18,2.175,0.04
ATOM,1839.0,CG,ARG,121.0,11.867,17.636,72.838,-0.18,2.175,0.0
ATOM,1840.0,CD,ARG,121.0,10.562,17.521,72.061,0.2,2.175,0.0
ATOM,1841.0,NE,ARG,121.0,10.092,16.139,72.019,-0.7,1.85,0.0
ATOM,1842.0,CZ,ARG,121.0,9.152,15.624,72.81,0.64,2.0,0.0
ATOM,1843.0,NH1,ARG,121.0,8.52,16.385,73.698,-0.8,1.85,0.0
ATOM,1844.0,NH2,ARG,121.0,8.823,14.337,72.691,-0.8,1.85,2.03
ATOM,1845.0,H,ARG,121.0,12.176,16.208,76.735,0.31,0.2245,0.0
ATOM,1846.0,HA,ARG,121.0,13.69,16.33,74.35,0.09,1.32,0.0
ATOM,1847.0,HB2,ARG,121.0,11.317,16.318,74.331,0.09,1.32,0.59
ATOM,1848.0,HB3,ARG,121.0,11.323,17.877,74.816,0.09,1.32,0.0
ATOM,1849.0,HG2,ARG,121.0,12.163,18.602,72.81,0.09,1.32,0.0
ATOM,1850.0,HG3,ARG,121.0,12.566,17.086,72.356,0.09,1.32,0.0
ATOM,1851.0,HD2,ARG,121.0,9.883,18.087,72.513,0.09,1.32,0.0
ATOM,1852.0,HD3,ARG,121.0,10.726,17.843,71.136,0.09,1.32,0.0
ATOM,1853.0,HE,ARG,121.0,10.513,15.522,71.335,0.44,0.2245,0.0
ATOM,1854.0,HH11,ARG,121.0,8.726,17.358,73.771,0.46,0.2245,0.0
ATOM,1855.0,HH12,ARG,121.0,7.828,15.977,74.3,0.46,0.2245,0.0
ATOM,1856.0,HH21,ARG,121.0,9.271,13.774,71.995,0.46,0.2245,0.85
ATOM,1857.0,HH22,ARG,121.0,8.134,13.94,73.292,0.46,0.2245,0.0
ATOM,1858.0,N,LYS,122.0,13.611,19.166,75.902,-0.47,1.85,0.0
ATOM,1859.0,CA,LYS,122.0,14.215,20.489,75.976,0.07,2.275,0.0
ATOM,1860.0,C,LYS,122.0,15.691,20.405,76.349,0.51,2.0,0.0
ATOM,1861.0,O,LYS,122.0,16.479,21.23,75.909,-0.51,1.7,0.0
ATOM,1862.0,CB,LYS,122.0,13.463,21.381,76.956,-0.18,2.175,5.94
ATOM,1863.0,CG,LYS,122.0,12.164,21.908,76.384,-0.18,2.175,0.0
ATOM,1864.0,CD,LYS,122.0,11.424,22.812,77.379,-0.18,2.175,11.76
ATOM,1865.0,CE,LYS,122.0,10.191,23.46,76.748,0.21,2.175,13.37
ATOM,1866.0,NZ,LYS,122.0,10.487,23.992,75.375,-0.3,1.85,0.14
ATOM,1867.0,H,LYS,122.0,12.898,18.821,76.57,0.31,0.2245,0.0
ATOM,1868.0,HA,LYS,122.0,14.136,20.936,75.075,0.09,1.32,0.0
ATOM,1869.0,HB2,LYS,122.0,13.257,20.849,77.769,0.09,1.32,0.0
ATOM,1870.0,HB3,LYS,122.0,14.044,22.154,77.185,0.09,1.32,0.16
ATOM,1871.0,HG2,LYS,122.0,12.356,22.44,75.557,0.09,1.32,0.0
ATOM,1872.0,HG3,LYS,122.0,11.566,21.14,76.151,0.09,1.32,0.0
ATOM,1873.0,HD2,LYS,122.0,11.131,22.261,78.152,0.09,1.32,1.23
ATOM,1874.0,HD3,LYS,122.0,12.042,23.531,77.677,0.09,1.32,8.42
ATOM,1875.0,HE2,LYS,122.0,9.463,22.777,76.682,0.05,1.32,0.0
ATOM,1876.0,HE3,LYS,122.0,9.887,24.214,77.33,0.05,1.32,11.94
ATOM,1877.0,HZ1,LYS,122.0,9.748,24.602,75.097,0.33,0.2245,3.75
ATOM,1878.0,HZ2,LYS,122.0,11.35,24.492,75.399,0.33,0.2245,0.77
ATOM,1879.0,HZ3,LYS,122.0,10.555,23.227,74.738,0.33,0.2245,0.0
ATOM,1880.0,N,PHE,123.0,16.055,19.405,77.152,-0.47,1.85,0.81
ATOM,1881.0,CA,PHE,123.0,17.452,19.141,77.473,0.07,2.275,2.57
ATOM,1882.0,C,PHE,123.0,18.274,18.97,76.194,0.51,2.0,0.0
ATOM,1883.0,O,PHE,123.0,19.334,19.577,76.062,-0.51,1.7,1.84
ATOM,1884.0,CB,PHE,123.0,17.603,17.894,78.364,-0.18,2.175,4.26
ATOM,1885.0,CG,PHE,123.0,19.037,17.484,78.596,0.0,1.9924,0.55
ATOM,1886.0,CD1,PHE,123.0,19.628,16.495,77.819,-0.115,1.9924,5.7
ATOM,1887.0,CD2,PHE,123.0,19.801,18.107,79.585,-0.115,1.9924,12.78
ATOM,1888.0,CE1,PHE,123.0,20.965,16.126,78.021,-0.115,1.9924,8.75
ATOM,1889.0,CE2,PHE,123.0,21.136,17.739,79.798,-0.115,1.9924,18.49
ATOM,1890.0,CZ,PHE,123.0,21.713,16.742,79.013,-0.115,1.9924,11.11
ATOM,1891.0,H,PHE,123.0,15.265,18.839,77.523,0.31,0.2245,0.0
ATOM,1892.0,HA,PHE,123.0,17.808,19.957,77.936,0.09,1.32,4.19
ATOM,1893.0,HB2,PHE,123.0,17.199,18.101,79.24,0.09,1.32,5.31
ATOM,1894.0,HB3,PHE,123.0,17.14,17.147,77.915,0.09,1.32,0.01
ATOM,1895.0,HD1,PHE,123.0,19.105,16.038,77.108,0.115,1.3582,0.0
ATOM,1896.0,HD2,PHE,123.0,19.394,18.823,80.147,0.115,1.3582,13.58
ATOM,1897.0,HE1,PHE,123.0,21.369,15.412,77.44,0.115,1.3582,5.75
ATOM,1898.0,HE2,PHE,123.0,21.67,18.198,80.52,0.115,1.3582,17.89
ATOM,1899.0,HZ,PHE,123.0,22.662,16.472,79.164,0.115,1.3582,14.33
ATOM,1900.0,N,PHE,124.0,17.792,18.146,75.268,-0.47,1.85,0.0
ATOM,1901.0,CA,PHE,124.0,18.47,17.945,73.988,0.07,2.275,0.0
ATOM,1902.0,C,PHE,124.0,18.412,19.177,73.084,0.51,2.0,0.0
ATOM,1903.0,O,PHE,124.0,19.432,19.587,72.528,-0.51,1.7,0.0
ATOM,1904.0,CB,PHE,124.0,17.901,16.723,73.255,-0.18,2.175,0.0
ATOM,1905.0,CG,PHE,124.0,18.467,15.425,73.744,0.0,1.9924,0.0
ATOM,1906.0,CD1,PHE,124.0,17.888,14.759,74.816,-0.115,1.9924,0.65
ATOM,1907.0,CD2,PHE,124.0,19.604,14.893,73.166,-0.115,1.9924,1.48
ATOM,1908.0,CE1,PHE,124.0,18.416,13.577,75.281,-0.115,1.9924,10.26
ATOM,1909.0,CE2,PHE,124.0,20.141,13.699,73.632,-0.115,1.9924,12.86
ATOM,1910.0,CZ,PHE,124.0,19.548,13.046,74.685,-0.115,1.9924,15.75
ATOM,1911.0,H,PHE,124.0,16.908,17.666,75.528,0.31,0.2245,0.0
ATOM,1912.0,HA,PHE,124.0,19.448,17.784,74.196,0.09,1.32,0.0
ATOM,1913.0,HB2,PHE,124.0,16.926,16.711,73.404,0.09,1.32,0.0
ATOM,1914.0,HB3,PHE,124.0,18.124,16.817,72.299,0.09,1.32,0.0
ATOM,1915.0,HD1,PHE,124.0,17.077,15.144,75.254,0.115,1.3582,0.0
ATOM,1916.0,HD2,PHE,124.0,20.046,15.368,72.405,0.115,1.3582,1.78
ATOM,1917.0,HE1,PHE,124.0,17.979,13.101,76.055,0.115,1.3582,16.56
ATOM,1918.0,HE2,PHE,124.0,20.971,13.321,73.187,0.115,1.3582,18.45
ATOM,1919.0,HZ,PHE,124.0,19.928,12.183,75.029,0.115,1.3582,18.17
ATOM,1920.0,N,ALA,125.0,17.227,19.762,72.936,-0.47,1.85,0.0
ATOM,1921.0,CA,ALA,125.0,17.063,20.972,72.133,0.07,2.275,0.0
ATOM,1922.0,C,ALA,125.0,18.016,22.069,72.603,0.51,2.0,0.0
ATOM,1923.0,O,ALA,125.0,18.666,22.706,71.794,-0.51,1.7,0.0
ATOM,1924.0,CB,ALA,125.0,15.612,21.468,72.175,-0.27,2.06,0.0
ATOM,1925.0,H,ALA,125.0,16.444,19.294,73.431,0.31,0.2245,0.0
ATOM,1926.0,HA,ALA,125.0,17.273,20.755,71.173,0.09,1.32,0.0
ATOM,1927.0,HB1,ALA,125.0,15.187,21.169,73.027,0.09,1.32,0.0
ATOM,1928.0,HB2,ALA,125.0,15.604,22.464,72.127,0.09,1.32,0.0
ATOM,1929.0,HB3,ALA,125.0,15.113,21.089,71.398,0.09,1.32,0.0
ATOM,1930.0,N,ASP,126.0,18.107,22.258,73.912,-0.47,1.85,0.0
ATOM,1931.0,CA,ASP,126.0,18.939,23.304,74.5,0.07,2.275,0.0
ATOM,1932.0,C,ASP,126.0,20.417,23.009,74.306,0.51,2.0,0.0
ATOM,1933.0,O,ASP,126.0,21.208,23.913,74.054,-0.51,1.7,0.0
ATOM,1934.0,CB,ASP,126.0,18.639,23.471,75.992,-0.28,2.175,10.22
ATOM,1935.0,CG,ASP,126.0,17.332,24.216,76.255,0.62,2.0,0.0
ATOM,1936.0,OD1,ASP,126.0,16.815,24.875,75.334,-0.76,1.7,0.0
ATOM,1937.0,OD2,ASP,126.0,16.748,24.204,77.359,-0.76,1.7,25.19
ATOM,1938.0,H,ASP,126.0,17.535,21.598,74.486,0.31,0.2245,0.0
ATOM,1939.0,HA,ASP,126.0,18.738,24.158,74.002,0.09,1.32,0.0
ATOM,1940.0,HB2,ASP,126.0,18.573,22.567,76.397,0.09,1.32,0.0
ATOM,1941.0,HB3,ASP,126.0,19.383,23.984,76.402,0.09,1.32,4.57
ATOM,1942.0,N,MET,127.0,20.798,21.748,74.436,-0.47,1.85,0.62
ATOM,1943.0,CA,MET,127.0,22.162,21.338,74.132,0.07,2.275,0.0
ATOM,1944.0,C,MET,127.0,22.584,21.825,72.749,0.51,2.0,0.0
ATOM,1945.0,O,MET,127.0,23.715,22.285,72.569,-0.51,1.7,0.0
ATOM,1946.0,CB,MET,127.0,22.3,19.817,74.193,-0.18,2.175,0.42
ATOM,1947.0,CG,MET,127.0,23.715,19.338,73.963,-0.14,2.175,2.02
ATOM,1948.0,SD,MET,127.0,24.025,17.619,74.435,-0.09,2.0,30.02
ATOM,1949.0,CE,MET,127.0,23.262,17.566,76.007,-0.22,2.06,12.55
ATOM,1950.0,H,MET,127.0,20.062,21.096,74.764,0.31,0.2245,0.0
ATOM,1951.0,HA,MET,127.0,22.777,21.759,74.809,0.09,1.32,0.0
ATOM,1952.0,HB2,MET,127.0,21.995,19.499,75.097,0.09,1.32,0.35
ATOM,1953.0,HB3,MET,127.0,21.703,19.408,73.493,0.09,1.32,0.0
ATOM,1954.0,HG2,MET,127.0,23.952,19.485,72.964,0.09,1.32,0.0
ATOM,1955.0,HG3,MET,127.0,24.362,19.972,74.468,0.09,1.32,3.5
ATOM,1956.0,HE1,MET,127.0,23.779,18.118,76.674,0.09,1.32,9.88
ATOM,1957.0,HE2,MET,127.0,22.322,17.929,75.96,0.09,1.32,0.0
ATOM,1958.0,HE3,MET,127.0,23.217,16.619,76.351,0.09,1.32,4.2
ATOM,1959.0,N,HIS,128.0,21.677,21.722,71.778,-0.47,1.85,0.0
ATOM,1960.0,CA,HIS,128.0,21.989,22.088,70.408,0.07,2.275,0.0
ATOM,1961.0,C,HIS,128.0,21.866,23.59,70.165,0.51,2.0,0.0
ATOM,1962.0,O,HIS,128.0,22.787,24.209,69.625,-0.51,1.7,0.0
ATOM,1963.0,CB,HIS,128.0,21.129,21.266,69.434,-0.09,2.175,0.0
ATOM,1964.0,CG,HIS,128.0,21.533,19.827,69.388,-0.05,1.8,0.0
ATOM,1965.0,H,HIS,128.0,20.752,21.365,72.084,0.31,0.2245,0.0
ATOM,1966.0,HA,HIS,128.0,22.945,21.817,70.212,0.09,1.32,0.0
ATOM,1967.0,HB2,HIS,128.0,20.173,21.32,69.722,0.09,1.32,0.0
ATOM,1968.0,HB3,HIS,128.0,21.222,21.653,68.516,0.09,1.32,0.0
ATOM,1969.0,ND1,HIS,128.0,22.757,19.425,68.904,-0.36,1.85,0.0
ATOM,1970.0,CD2,HIS,128.0,20.916,18.706,69.827,0.22,1.8,0.0
ATOM,1971.0,CE1,HIS,128.0,22.869,18.113,69.023,0.25,1.8,5.26
ATOM,1972.0,NE2,HIS,128.0,21.768,17.651,69.587,-0.7,1.85,6.83
ATOM,1973.0,HD1,HIS,128.0,23.454,20.033,68.522,0.32,0.2245,0.0
ATOM,1974.0,HD2,HIS,128.0,20.014,18.649,70.245,0.1,1.468,0.0
ATOM,1975.0,HE1,HIS,128.0,23.65,17.566,68.735,0.13,0.9,11.01
ATOM,1976.0,N,ARG,129.0,20.756,24.182,70.594,-0.47,1.85,0.0
ATOM,1977.0,CA,ARG,129.0,20.473,25.575,70.256,0.07,2.275,0.0
ATOM,1978.0,C,ARG,129.0,21.154,26.576,71.177,0.51,2.0,0.0
ATOM,1979.0,O,ARG,129.0,21.42,27.693,70.758,-0.51,1.7,14.05
ATOM,1980.0,CB,ARG,129.0,18.958,25.848,70.17,-0.18,2.175,0.42
ATOM,1981.0,CG,ARG,129.0,18.202,25.8,71.478,-0.18,2.175,1.71
ATOM,1982.0,CD,ARG,129.0,16.693,25.599,71.308,0.2,2.175,1.59
ATOM,1983.0,NE,ARG,129.0,16.037,25.416,72.6,-0.7,1.85,0.0
ATOM,1984.0,CZ,ARG,129.0,14.761,25.703,72.866,0.64,2.0,0.09
ATOM,1985.0,NH1,ARG,129.0,14.29,25.515,74.098,-0.8,1.85,3.97
ATOM,1986.0,NH2,ARG,129.0,13.947,26.17,71.92,-0.8,1.85,7.41
ATOM,1987.0,H,ARG,129.0,20.133,23.592,71.167,0.31,0.2245,0.0
ATOM,1988.0,HA,ARG,129.0,20.788,25.746,69.303,0.09,1.32,0.0
ATOM,1989.0,HB2,ARG,129.0,18.836,26.759,69.768,0.09,1.32,7.85
ATOM,1990.0,HB3,ARG,129.0,18.561,25.165,69.551,0.09,1.32,0.0
ATOM,1991.0,HG2,ARG,129.0,18.547,25.043,72.042,0.09,1.32,0.0
ATOM,1992.0,HG3,ARG,129.0,18.338,26.661,71.98,0.09,1.32,1.83
ATOM,1993.0,HD2,ARG,129.0,16.327,26.405,70.861,0.09,1.32,4.09
ATOM,1994.0,HD3,ARG,129.0,16.556,24.792,70.748,0.09,1.32,0.0
ATOM,1995.0,HE,ARG,129.0,16.595,25.04,73.359,0.44,0.2245,0.0
ATOM,1996.0,HH11,ARG,129.0,14.872,25.184,74.831,0.46,0.2245,0.48
ATOM,1997.0,HH12,ARG,129.0,13.319,25.715,74.289,0.46,0.2245,0.3
ATOM,1998.0,HH21,ARG,129.0,14.323,26.321,70.999,0.46,0.2245,0.45
ATOM,1999.0,HH22,ARG,129.0,12.998,26.364,72.12,0.46,0.2245,0.0
ATOM,2000.0,N,LYS,130.0,21.448,26.172,72.412,-0.47,1.85,0.0
ATOM,2001.0,CA,LYS,130.0,22.068,27.051,73.408,0.07,2.275,0.57
ATOM,2002.0,C,LYS,130.0,23.569,26.805,73.571,0.51,2.0,0.0
ATOM,2003.0,O,LYS,130.0,24.333,27.762,73.697,-0.51,1.7,12.45
ATOM,2004.0,CB,LYS,130.0,21.381,26.907,74.777,-0.18,2.175,4.19
ATOM,2005.0,CG,LYS,130.0,19.866,27.171,74.774,-0.18,2.175,0.38
ATOM,2006.0,CD,LYS,130.0,19.453,28.276,75.756,-0.18,2.175,15.31
ATOM,2007.0,CE,LYS,130.0,18.098,28.005,76.417,0.21,2.175,19.48
ATOM,2008.0,NZ,LYS,130.0,16.98,27.846,75.432,-0.3,1.85,4.96
ATOM,2009.0,H,LYS,130.0,21.2,25.177,72.611,0.31,0.2245,0.0
ATOM,2010.0,HA,LYS,130.0,21.929,28.014,73.121,0.09,1.32,5.1
ATOM,2011.0,HB2,LYS,130.0,21.531,25.975,75.105,0.09,1.32,0.13
ATOM,2012.0,HB3,LYS,130.0,21.806,27.555,75.409,0.09,1.32,5.92
ATOM,2013.0,HG2,LYS,130.0,19.588,27.443,73.85,0.09,1.32,1.18
ATOM,2014.0,HG3,LYS,130.0,19.39,26.325,75.024,0.09,1.32,0.0
ATOM,2015.0,HD2,LYS,130.0,20.145,28.341,76.471,0.09,1.32,8.36
ATOM,2016.0,HD3,LYS,130.0,19.395,29.139,75.259,0.09,1.32,11.63
ATOM,2017.0,HE2,LYS,130.0,18.171,27.165,76.968,0.05,1.32,2.86
ATOM,2018.0,HE3,LYS,130.0,17.882,28.77,77.036,0.05,1.32,12.07
ATOM,2019.0,HZ1,LYS,130.0,16.417,27.067,75.7,0.33,0.2245,2.21
ATOM,2020.0,HZ2,LYS,130.0,16.428,28.678,75.427,0.33,0.2245,20.26
ATOM,2021.0,HZ3,LYS,130.0,17.364,27.689,74.524,0.33,0.2245,2.14
ATOM,2022.0,N,ASP,131.0,23.994,25.544,73.579,-0.47,1.85,0.0
ATOM,2023.0,CA,ASP,131.0,25.389,25.22,73.882,0.07,2.275,1.09
ATOM,2024.0,C,ASP,131.0,26.243,25.061,72.623,0.51,2.0,0.04
ATOM,2025.0,O,ASP,131.0,27.251,25.746,72.464,-0.51,1.7,19.15
ATOM,2026.0,CB,ASP,131.0,25.48,23.96,74.739,-0.28,2.175,7.96
ATOM,2027.0,CG,ASP,131.0,24.78,24.107,76.083,0.62,2.0,3.06
ATOM,2028.0,OD1,ASP,131.0,24.519,25.247,76.531,-0.76,1.7,25.21
ATOM,2029.0,OD2,ASP,131.0,24.447,23.125,76.761,-0.76,1.7,32.11
ATOM,2030.0,H,ASP,131.0,23.276,24.835,73.359,0.31,0.2245,0.0
ATOM,2031.0,HA,ASP,131.0,25.77,26.002,74.4,0.09,1.32,4.85
ATOM,2032.0,HB2,ASP,131.0,25.053,23.214,74.24,0.09,1.32,0.0
ATOM,2033.0,HB3,ASP,131.0,26.44,23.764,74.902,0.09,1.32,9.78
ATOM,2034.0,N,LEU,132.0,25.834,24.168,71.726,-0.47,1.85,0.0
ATOM,2035.0,CA,LEU,132.0,26.606,23.88,70.521,0.07,2.275,0.53
ATOM,2036.0,C,LEU,132.0,26.304,24.866,69.387,0.51,2.0,0.0
ATOM,2037.0,O,LEU,132.0,27.11,25.015,68.475,-0.51,1.7,19.04
ATOM,2038.0,CB,LEU,132.0,26.344,22.445,70.055,-0.18,2.175,0.08
ATOM,2039.0,CG,LEU,132.0,26.605,21.348,71.094,-0.09,2.275,0.01
ATOM,2040.0,CD1,LEU,132.0,25.918,20.037,70.695,-0.27,2.06,8.99
ATOM,2041.0,CD2,LEU,132.0,28.106,21.135,71.288,-0.27,2.06,34.58
ATOM,2042.0,H,LEU,132.0,24.934,23.702,71.954,0.31,0.2245,0.0
ATOM,2043.0,HA,LEU,132.0,27.59,23.949,70.744,0.09,1.32,4.12
ATOM,2044.0,HB2,LEU,132.0,25.388,22.379,69.79,0.09,1.32,0.0
ATOM,2045.0,HB3,LEU,132.0,26.934,22.263,69.277,0.09,1.32,3.65
ATOM,2046.0,HG,LEU,132.0,26.251,21.647,71.98,0.09,1.32,0.0
ATOM,2047.0,HD11,LEU,132.0,26.273,19.735,69.812,0.09,1.32,4.11
ATOM,2048.0,HD12,LEU,132.0,26.105,19.343,71.388,0.09,1.32,4.0
ATOM,2049.0,HD13,LEU,132.0,24.933,20.189,70.628,0.09,1.32,0.0
ATOM,2050.0,HD21,LEU,132.0,28.523,21.987,71.604,0.09,1.32,5.71
ATOM,2051.0,HD22,LEU,132.0,28.254,20.417,71.968,0.09,1.32,10.18
ATOM,2052.0,HD23,LEU,132.0,28.517,20.863,70.418,0.09,1.32,9.7
ATOM,2053.0,N,HIS,133.0,25.165,25.555,69.47,-0.47,1.85,0.0
ATOM,2054.0,CA,HIS,133.0,24.657,26.394,68.375,0.07,2.275,1.23
ATOM,2055.0,C,HIS,133.0,24.61,25.641,67.032,0.51,2.0,0.0
ATOM,2056.0,O,HIS,133.0,24.972,26.193,65.981,-0.51,1.7,25.7
ATOM,2057.0,CB,HIS,133.0,25.48,27.684,68.225,-0.09,2.175,11.55
ATOM,2058.0,CG,HIS,133.0,25.488,28.547,69.449,-0.05,1.8,0.67
ATOM,2059.0,H,HIS,133.0,24.663,25.449,70.38,0.31,0.2245,0.0
ATOM,2060.0,HA,HIS,133.0,23.716,26.68,68.604,0.09,1.32,0.38
ATOM,2061.0,HB2,HIS,133.0,26.43,27.438,68.003,0.09,1.32,5.25
ATOM,2062.0,HB3,HIS,133.0,25.104,28.22,67.461,0.09,1.32,8.31
ATOM,2063.0,ND1,HIS,133.0,26.358,28.345,70.5,-0.36,1.85,5.88
ATOM,2064.0,CD2,HIS,133.0,24.742,29.626,69.78,0.22,1.8,15.03
ATOM,2065.0,CE1,HIS,133.0,26.137,29.255,71.433,0.25,1.8,15.39
ATOM,2066.0,NE2,HIS,133.0,25.161,30.045,71.019,-0.7,1.85,24.92
ATOM,2067.0,HD1,HIS,133.0,27.048,27.623,70.546,0.32,0.2245,5.2
ATOM,2068.0,HD2,HIS,133.0,24.022,30.04,69.23,0.1,1.468,15.71
ATOM,2069.0,HE1,HIS,133.0,26.62,29.332,72.299,0.13,0.9,13.31
ATOM,2070.0,N,ASP,134.0,24.169,24.384,67.071,-0.47,1.85,0.0
ATOM,2071.0,CA,ASP,134.0,24.054,23.578,65.866,0.07,2.275,0.07
ATOM,2072.0,C,ASP,134.0,22.656,22.981,65.698,0.51,2.0,0.0
ATOM,2073.0,O,ASP,134.0,22.524,21.894,65.136,-0.51,1.7,0.0
ATOM,2074.0,CB,ASP,134.0,25.135,22.473,65.845,-0.28,2.175,13.47
ATOM,2075.0,CG,ASP,134.0,24.834,21.324,66.803,0.62,2.0,0.0
ATOM,2076.0,OD1,ASP,134.0,25.389,20.215,66.603,-0.76,1.7,13.92
ATOM,2077.0,OD2,ASP,134.0,24.052,21.429,67.777,-0.76,1.7,0.0
ATOM,2078.0,H,ASP,134.0,23.921,24.041,68.019,0.31,0.2245,0.0
ATOM,2079.0,HA,ASP,134.0,24.206,24.192,65.076,0.09,1.32,4.5
ATOM,2080.0,HB2,ASP,134.0,25.182,22.114,64.921,0.09,1.32,0.26
ATOM,2081.0,HB3,ASP,134.0,25.997,22.888,66.105,0.09,1.32,4.14
ATOM,2082.0,N,ASP,135.0,21.615,23.664,66.177,-0.47,1.85,0.0
ATOM,2083.0,CA,ASP,135.0,20.264,23.083,66.063,0.07,2.275,0.0
ATOM,2084.0,C,ASP,135.0,19.831,22.918,64.612,0.51,2.0,0.0
ATOM,2085.0,O,ASP,135.0,19.145,21.959,64.304,-0.51,1.7,0.0
ATOM,2086.0,CB,ASP,135.0,19.166,23.792,66.89,-0.28,2.175,0.0
ATOM,2087.0,CG,ASP,135.0,19.117,25.284,66.68,0.62,2.0,0.06
ATOM,2088.0,OD1,ASP,135.0,18.0,25.832,66.492,-0.76,1.7,3.81
ATOM,2089.0,OD2,ASP,135.0,20.14,26.002,66.75,-0.76,1.7,16.19
ATOM,2090.0,H,ASP,135.0,21.82,24.564,66.601,0.31,0.2245,0.0
ATOM,2091.0,HA,ASP,135.0,20.309,22.16,66.469,0.09,1.32,0.0
ATOM,2092.0,HB2,ASP,135.0,18.291,23.395,66.624,0.09,1.32,0.0
ATOM,2093.0,HB3,ASP,135.0,19.348,23.602,67.851,0.09,1.32,0.0
ATOM,2094.0,N,ALA,136.0,20.232,23.83,63.726,-0.47,1.85,0.0
ATOM,2095.0,CA,ALA,136.0,19.919,23.683,62.304,0.07,2.275,0.0
ATOM,2096.0,C,ALA,136.0,20.505,22.377,61.781,0.51,2.0,0.53
ATOM,2097.0,O,ALA,136.0,19.829,21.603,61.115,-0.51,1.7,2.14
ATOM,2098.0,CB,ALA,136.0,20.44,24.874,61.491,-0.27,2.06,30.66
ATOM,2099.0,H,ALA,136.0,20.764,24.621,64.118,0.31,0.2245,1.65
ATOM,2100.0,HA,ALA,136.0,18.923,23.656,62.194,0.09,1.32,0.0
ATOM,2101.0,HB1,ALA,136.0,19.677,25.305,61.014,0.09,1.32,1.43
ATOM,2102.0,HB2,ALA,136.0,20.866,25.532,62.108,0.09,1.32,7.97
ATOM,2103.0,HB3,ALA,136.0,21.112,24.551,60.828,0.09,1.32,5.51
ATOM,2104.0,N,GLU,137.0,21.758,22.111,62.115,-0.47,1.85,0.0
ATOM,2105.0,CA,GLU,137.0,22.402,20.888,61.651,0.07,2.275,0.09
ATOM,2106.0,C,GLU,137.0,21.793,19.631,62.293,0.51,2.0,0.0
ATOM,2107.0,O,GLU,137.0,21.569,18.638,61.607,-0.51,1.7,0.0
ATOM,2108.0,CB,GLU,137.0,23.917,20.963,61.854,-0.18,2.175,4.79
ATOM,2109.0,CG,GLU,137.0,24.599,21.957,60.904,-0.28,2.175,15.87
ATOM,2110.0,CD,GLU,137.0,24.787,21.45,59.458,0.62,2.0,5.7
ATOM,2111.0,OE1,GLU,137.0,25.783,21.844,58.806,-0.76,1.7,45.37
ATOM,2112.0,OE2,GLU,137.0,23.942,20.687,58.934,-0.76,1.7,25.97
ATOM,2113.0,H,GLU,137.0,22.221,22.816,62.708,0.31,0.2245,0.15
ATOM,2114.0,HA,GLU,137.0,22.318,20.818,60.646,0.09,1.32,0.09
ATOM,2115.0,HB2,GLU,137.0,24.085,21.27,62.767,0.09,1.32,0.0
ATOM,2116.0,HB3,GLU,137.0,24.292,20.079,61.67,0.09,1.32,1.13
ATOM,2117.0,HG2,GLU,137.0,24.04,22.77,60.855,0.09,1.32,2.51
ATOM,2118.0,HG3,GLU,137.0,25.499,22.157,61.258,0.09,1.32,9.77
ATOM,2119.0,N,TRP,138.0,21.498,19.704,63.589,-0.47,1.85,0.0
ATOM,2120.0,CA,TRP,138.0,20.854,18.624,64.34,0.07,2.275,0.0
ATOM,2121.0,C,TRP,138.0,19.526,18.214,63.698,0.51,2.0,0.0
ATOM,2122.0,O,TRP,138.0,19.244,17.029,63.528,-0.51,1.7,0.0
ATOM,2123.0,CB,TRP,138.0,20.605,19.088,65.777,-0.18,2.175,0.0
ATOM,2124.0,CG,TRP,138.0,19.938,18.096,66.626,-0.03,1.9924,0.0
ATOM,2125.0,CD1,TRP,138.0,20.314,16.792,66.816,0.035,1.9924,1.77
ATOM,2126.0,CD2,TRP,138.0,18.763,18.296,67.419,-0.02,1.8,0.0
ATOM,2127.0,NE1,TRP,138.0,19.448,16.177,67.683,-0.61,1.85,0.12
ATOM,2128.0,CE2,TRP,138.0,18.481,17.072,68.065,0.13,1.8,0.0
ATOM,2129.0,CE3,TRP,138.0,17.922,19.396,67.665,-0.115,1.9924,0.07
ATOM,2130.0,CZ2,TRP,138.0,17.392,16.909,68.937,-0.115,1.9924,0.0
ATOM,2131.0,CZ3,TRP,138.0,16.833,19.231,68.528,-0.115,1.9924,0.0
ATOM,2132.0,CH2,TRP,138.0,16.578,17.99,69.147,-0.115,1.9924,0.0
ATOM,2133.0,H,TRP,138.0,21.77,20.616,64.036,0.31,0.2245,0.0
ATOM,2134.0,HA,TRP,138.0,21.464,17.824,64.309,0.09,1.32,0.0
ATOM,2135.0,HB2,TRP,138.0,21.486,19.309,66.192,0.09,1.32,0.0
ATOM,2136.0,HB3,TRP,138.0,20.033,19.907,65.748,0.09,1.32,0.0
ATOM,2137.0,HD1,TRP,138.0,21.101,16.356,66.386,0.115,1.3582,4.01
ATOM,2138.0,HE1,TRP,138.0,19.508,15.227,67.991,0.38,0.2245,6.28
ATOM,2139.0,HE3,TRP,138.0,18.091,20.277,67.239,0.115,1.3582,0.0
ATOM,2140.0,HZ2,TRP,138.0,17.233,16.022,69.38,0.115,1.3582,0.0
ATOM,2141.0,HZ3,TRP,138.0,16.235,20.002,68.702,0.115,1.3582,0.0
ATOM,2142.0,HH2,TRP,138.0,15.785,17.912,69.749,0.115,1.3582,0.0
ATOM,2143.0,N,MET,139.0,18.722,19.204,63.334,-0.47,1.85,0.0
ATOM,2144.0,CA,MET,139.0,17.431,18.947,62.712,0.07,2.275,0.0
ATOM,2145.0,C,MET,139.0,17.587,18.392,61.296,0.51,2.0,0.0
ATOM,2146.0,O,MET,139.0,16.897,17.441,60.933,-0.51,1.7,0.0
ATOM,2147.0,CB,MET,139.0,16.582,20.214,62.709,-0.18,2.175,0.0
ATOM,2148.0,CG,MET,139.0,16.2,20.675,64.101,-0.14,2.175,0.0
ATOM,2149.0,SD,MET,139.0,15.126,22.122,64.162,-0.09,2.0,0.0
ATOM,2150.0,CE,MET,139.0,16.149,23.368,63.504,-0.22,2.06,0.0
ATOM,2151.0,H,MET,139.0,19.086,20.157,63.527,0.31,0.2245,0.0
ATOM,2152.0,HA,MET,139.0,16.946,18.254,63.263,0.09,1.32,0.0
ATOM,2153.0,HB2,MET,139.0,17.095,20.951,62.257,0.09,1.32,0.0
ATOM,2154.0,HB3,MET,139.0,15.74,20.043,62.186,0.09,1.32,0.0
ATOM,2155.0,HG2,MET,139.0,15.761,19.875,64.598,0.09,1.32,0.0
ATOM,2156.0,HG3,MET,139.0,17.073,20.847,64.637,0.09,1.32,0.0
ATOM,2157.0,HE1,MET,139.0,16.527,23.09,62.61,0.09,1.32,0.0
ATOM,2158.0,HE2,MET,139.0,15.633,24.226,63.371,0.09,1.32,0.0
ATOM,2159.0,HE3,MET,139.0,16.923,23.563,64.122,0.09,1.32,0.0
ATOM,2160.0,N,ALA,140.0,18.487,18.973,60.506,-0.47,1.85,0.0
ATOM,2161.0,CA,ALA,140.0,18.788,18.456,59.173,0.07,2.275,0.0
ATOM,2162.0,C,ALA,140.0,19.211,16.983,59.223,0.51,2.0,0.11
ATOM,2163.0,O,ALA,140.0,18.854,16.205,58.342,-0.51,1.7,0.0
ATOM,2164.0,CB,ALA,140.0,19.858,19.285,58.506,-0.27,2.06,9.69
ATOM,2165.0,H,ALA,140.0,18.948,19.81,60.912,0.31,0.2245,0.0
ATOM,2166.0,HA,ALA,140.0,17.961,18.529,58.601,0.09,1.32,0.0
ATOM,2167.0,HB1,ALA,140.0,19.909,19.055,57.532,0.09,1.32,0.31
ATOM,2168.0,HB2,ALA,140.0,19.643,20.259,58.602,0.09,1.32,3.29
ATOM,2169.0,HB3,ALA,140.0,20.746,19.102,58.932,0.09,1.32,0.47
ATOM,2170.0,N,LYS,141.0,19.948,16.599,60.264,-0.47,1.85,0.31
ATOM,2171.0,CA,LYS,141.0,20.307,15.198,60.468,0.07,2.275,1.03
ATOM,2172.0,C,LYS,141.0,19.072,14.304,60.629,0.51,2.0,0.01
ATOM,2173.0,O,LYS,141.0,19.027,13.189,60.087,-0.51,1.7,5.5
ATOM,2174.0,CB,LYS,141.0,21.229,15.031,61.681,-0.18,2.175,1.96
ATOM,2175.0,CG,LYS,141.0,22.654,15.512,61.474,-0.18,2.175,10.14
ATOM,2176.0,CD,LYS,141.0,23.366,15.618,62.82,-0.18,2.175,3.53
ATOM,2177.0,CE,LYS,141.0,24.789,16.076,62.71,0.21,2.175,16.11
ATOM,2178.0,NZ,LYS,141.0,25.494,15.988,64.036,-0.3,1.85,11.99
ATOM,2179.0,H,LYS,141.0,20.237,17.364,60.901,0.31,0.2245,0.0
ATOM,2180.0,HA,LYS,141.0,20.833,14.875,59.667,0.09,1.32,2.6
ATOM,2181.0,HB2,LYS,141.0,20.831,15.543,62.445,0.09,1.32,0.0
ATOM,2182.0,HB3,LYS,141.0,21.255,14.057,61.918,0.09,1.32,8.59
ATOM,2183.0,HG2,LYS,141.0,23.142,14.86,60.905,0.09,1.32,10.49
ATOM,2184.0,HG3,LYS,141.0,22.641,16.408,61.047,0.09,1.32,0.88
ATOM,2185.0,HD2,LYS,141.0,22.856,16.266,63.394,0.09,1.32,0.0
ATOM,2186.0,HD3,LYS,141.0,23.345,14.714,63.259,0.09,1.32,8.92
ATOM,2187.0,HE2,LYS,141.0,25.28,15.502,62.051,0.05,1.32,10.5
ATOM,2188.0,HE3,LYS,141.0,24.816,17.028,62.4,0.05,1.32,0.8
ATOM,2189.0,HZ1,LYS,141.0,25.74,15.038,64.209,0.33,0.2245,19.34
ATOM,2190.0,HZ2,LYS,141.0,26.315,16.553,64.004,0.33,0.2245,18.54
ATOM,2191.0,HZ3,LYS,141.0,24.881,16.317,64.751,0.33,0.2245,4.32
ATOM,2192.0,N,GLN,142.0,18.07,14.775,61.372,-0.47,1.85,0.0
ATOM,2193.0,CA,GLN,142.0,16.825,13.993,61.522,0.07,2.275,0.02
ATOM,2194.0,C,GLN,142.0,16.088,13.861,60.18,0.51,2.0,0.0
ATOM,2195.0,O,GLN,142.0,15.472,12.835,59.901,-0.51,1.7,0.0
ATOM,2196.0,CB,GLN,142.0,15.887,14.602,62.568,-0.18,2.175,0.0
ATOM,2197.0,CG,GLN,142.0,16.535,15.043,63.872,-0.18,2.175,0.02
ATOM,2198.0,CD,GLN,142.0,17.398,13.968,64.497,0.55,2.0,0.0
ATOM,2199.0,H,GLN,142.0,18.227,15.686,61.812,0.31,0.2245,0.0
ATOM,2200.0,HA,GLN,142.0,17.079,13.07,61.824,0.09,1.32,0.1
ATOM,2201.0,HB2,GLN,142.0,15.431,15.406,62.16,0.09,1.32,0.0
ATOM,2202.0,HB3,GLN,142.0,15.171,13.923,62.791,0.09,1.32,0.0
ATOM,2203.0,HG2,GLN,142.0,17.106,15.846,63.69,0.09,1.32,0.0
ATOM,2204.0,HG3,GLN,142.0,15.813,15.292,64.52,0.09,1.32,0.0
ATOM,2205.0,OE1,GLN,142.0,16.985,12.807,64.563,-0.55,1.7,3.12
ATOM,2206.0,NE2,GLN,142.0,18.583,14.345,64.969,-0.62,1.85,1.09
ATOM,2207.0,HE21,GLN,142.0,19.207,13.681,65.413,0.32,0.2245,12.93
ATOM,2208.0,HE22,GLN,142.0,18.857,15.324,64.875,0.3,0.2245,0.0
ATOM,2209.0,N,VAL,143.0,16.134,14.907,59.358,-0.47,1.85,0.0
ATOM,2210.0,CA,VAL,143.0,15.509,14.875,58.037,0.07,2.275,0.0
ATOM,2211.0,C,VAL,143.0,16.204,13.865,57.133,0.51,2.0,0.0
ATOM,2212.0,O,VAL,143.0,15.541,13.176,56.367,-0.51,1.7,0.0
ATOM,2213.0,CB,VAL,143.0,15.523,16.255,57.358,-0.09,2.275,0.0
ATOM,2214.0,CG1,VAL,143.0,14.97,16.172,55.923,-0.27,2.06,0.0
ATOM,2215.0,CG2,VAL,143.0,14.737,17.267,58.184,-0.27,2.06,0.0
ATOM,2216.0,H,VAL,143.0,16.643,15.732,59.73,0.31,0.2245,0.0
ATOM,2217.0,HA,VAL,143.0,14.553,14.584,58.151,0.09,1.32,0.0
ATOM,2218.0,HB,VAL,143.0,16.471,16.55,57.279,0.09,1.32,0.0
ATOM,2219.0,HG11,VAL,143.0,15.384,16.893,55.373,0.09,1.32,0.0
ATOM,2220.0,HG12,VAL,143.0,15.196,15.28,55.539,0.09,1.32,0.0
ATOM,2221.0,HG13,VAL,143.0,13.98,16.29,55.949,0.09,1.32,0.0
ATOM,2222.0,HG21,VAL,143.0,14.607,18.1,57.647,0.09,1.32,0.0
ATOM,2223.0,HG22,VAL,143.0,13.848,16.877,58.422,0.09,1.32,0.0
ATOM,2224.0,HG23,VAL,143.0,15.247,17.479,59.017,0.09,1.32,0.0
ATOM,2225.0,N,TYR,144.0,17.53,13.751,57.239,-0.47,1.85,0.0
ATOM,2226.0,CA,TYR,144.0,18.269,12.782,56.433,0.07,2.275,0.0
ATOM,2227.0,C,TYR,144.0,17.942,11.352,56.866,0.51,2.0,0.29
ATOM,2228.0,O,TYR,144.0,17.906,10.451,56.035,-0.51,1.7,6.54
ATOM,2229.0,CB,TYR,144.0,19.778,13.043,56.466,-0.18,2.175,10.05
ATOM,2230.0,CG,TYR,144.0,20.256,13.909,55.327,0.0,1.9924,0.5
ATOM,2231.0,CD1,TYR,144.0,20.051,15.287,55.334,-0.115,1.9924,4.6
ATOM,2232.0,CD2,TYR,144.0,20.909,13.35,54.236,-0.115,1.9924,10.1
ATOM,2233.0,CE1,TYR,144.0,20.49,16.082,54.273,-0.115,1.9924,8.99
ATOM,2234.0,CE2,TYR,144.0,21.349,14.125,53.187,-0.115,1.9924,10.56
ATOM,2235.0,CZ,TYR,144.0,21.14,15.486,53.202,0.11,1.9924,1.72
ATOM,2236.0,OH,TYR,144.0,21.582,16.243,52.147,-0.54,1.77,11.01
ATOM,2237.0,H,TYR,144.0,17.971,14.389,57.92,0.31,0.2245,0.0
ATOM,2238.0,HA,TYR,144.0,17.988,12.888,55.473,0.09,1.32,0.0
ATOM,2239.0,HB2,TYR,144.0,19.996,13.5,57.322,0.09,1.32,0.0
ATOM,2240.0,HB3,TYR,144.0,20.246,12.167,56.412,0.09,1.32,6.54
ATOM,2241.0,HD1,TYR,144.0,19.584,15.716,56.105,0.115,1.3582,0.0
ATOM,2242.0,HD2,TYR,144.0,21.063,12.358,54.216,0.115,1.3582,13.18
ATOM,2243.0,HE1,TYR,144.0,20.338,17.067,54.289,0.115,1.3582,0.98
ATOM,2244.0,HE2,TYR,144.0,21.823,13.699,52.409,0.115,1.3582,8.07
ATOM,2245.0,HH,TYR,144.0,22.247,15.717,51.619,0.43,0.2245,0.0
ATOM,2246.0,N,LEU,145.0,17.678,11.158,58.16,-0.47,1.85,0.83
ATOM,2247.0,CA,LEU,145.0,17.262,9.862,58.697,0.07,2.275,2.91
ATOM,2248.0,C,LEU,145.0,15.921,9.463,58.077,0.51,2.0,0.0
ATOM,2249.0,O,LEU,145.0,15.742,8.34,57.61,-0.51,1.7,1.83
ATOM,2250.0,CB,LEU,145.0,17.166,9.929,60.228,-0.18,2.175,1.62
ATOM,2251.0,CG,LEU,145.0,17.022,8.612,61.014,-0.09,2.275,2.97
ATOM,2252.0,CD1,LEU,145.0,17.644,8.745,62.4,-0.27,2.06,31.91
ATOM,2253.0,CD2,LEU,145.0,15.565,8.179,61.128,-0.27,2.06,5.86
ATOM,2254.0,H,LEU,145.0,17.794,12.009,58.754,0.31,0.2245,0.0
ATOM,2255.0,HA,LEU,145.0,17.943,9.176,58.444,0.09,1.32,7.33
ATOM,2256.0,HB2,LEU,145.0,17.997,10.382,60.566,0.09,1.32,1.56
ATOM,2257.0,HB3,LEU,145.0,16.371,10.497,60.46,0.09,1.32,0.0
ATOM,2258.0,HG,LEU,145.0,17.484,7.885,60.51,0.09,1.32,8.85
ATOM,2259.0,HD11,LEU,145.0,17.183,9.475,62.903,0.09,1.32,0.0
ATOM,2260.0,HD12,LEU,145.0,17.541,7.882,62.895,0.09,1.32,10.28
ATOM,2261.0,HD13,LEU,145.0,18.615,8.964,62.309,0.09,1.32,10.34
ATOM,2262.0,HD21,LEU,145.0,15.185,8.042,60.213,0.09,1.32,0.0
ATOM,2263.0,HD22,LEU,145.0,15.511,7.323,61.643,0.09,1.32,3.35
ATOM,2264.0,HD23,LEU,145.0,15.043,8.888,61.603,0.09,1.32,0.0
ATOM,2265.0,N,ASN,146.0,14.992,10.408,58.059,-0.47,1.85,0.0
ATOM,2266.0,CA,ASN,146.0,13.719,10.244,57.369,0.07,2.275,0.0
ATOM,2267.0,C,ASN,146.0,13.917,9.822,55.896,0.51,2.0,0.0
ATOM,2268.0,O,ASN,146.0,13.262,8.901,55.436,-0.51,1.7,0.0
ATOM,2269.0,CB,ASN,146.0,12.91,11.546,57.482,-0.18,2.175,0.0
ATOM,2270.0,CG,ASN,146.0,11.448,11.363,57.142,0.55,2.0,0.0
ATOM,2271.0,H,ASN,146.0,15.249,11.278,58.58,0.31,0.2245,0.0
ATOM,2272.0,HA,ASN,146.0,13.225,9.489,57.818,0.09,1.32,0.0
ATOM,2273.0,HB2,ASN,146.0,12.983,11.876,58.42,0.09,1.32,0.0
ATOM,2274.0,HB3,ASN,146.0,13.306,12.212,56.854,0.09,1.32,0.0
ATOM,2275.0,OD1,ASN,146.0,11.122,10.682,56.171,-0.55,1.7,0.0
ATOM,2276.0,ND2,ASN,146.0,10.552,11.957,57.95,-0.62,1.85,0.0
ATOM,2277.0,HD22,ASN,146.0,10.888,12.492,58.727,0.3,0.2245,0.0
ATOM,2278.0,HD21,ASN,146.0,9.583,11.863,57.773,0.32,0.2245,0.0
ATOM,2279.0,N,VAL,147.0,14.851,10.458,55.187,-0.47,1.85,0.0
ATOM,2280.0,CA,VAL,147.0,15.114,10.137,53.79,0.07,2.275,0.0
ATOM,2281.0,C,VAL,147.0,15.565,8.681,53.647,0.51,2.0,0.0
ATOM,2282.0,O,VAL,147.0,15.137,8.0,52.722,-0.51,1.7,0.0
ATOM,2283.0,CB,VAL,147.0,16.189,11.061,53.157,-0.09,2.275,0.0
ATOM,2284.0,CG1,VAL,147.0,16.57,10.571,51.758,-0.27,2.06,2.15
ATOM,2285.0,CG2,VAL,147.0,15.713,12.517,53.074,-0.27,2.06,0.0
ATOM,2286.0,H,VAL,147.0,15.367,11.193,55.714,0.31,0.2245,0.0
ATOM,2287.0,HA,VAL,147.0,14.258,10.245,53.274,0.09,1.32,0.0
ATOM,2288.0,HB,VAL,147.0,17.006,10.998,53.719,0.09,1.32,0.24
ATOM,2289.0,HG11,VAL,147.0,17.486,10.176,51.785,0.09,1.32,6.95
ATOM,2290.0,HG12,VAL,147.0,15.914,9.879,51.461,0.09,1.32,0.0
ATOM,2291.0,HG13,VAL,147.0,16.556,11.342,51.123,0.09,1.32,0.0
ATOM,2292.0,HG21,VAL,147.0,14.829,12.543,52.612,0.09,1.32,0.0
ATOM,2293.0,HG22,VAL,147.0,15.626,12.883,53.998,0.09,1.32,0.0
ATOM,2294.0,HG23,VAL,147.0,16.383,13.048,52.559,0.09,1.32,0.0
ATOM,2295.0,N,GLY,148.0,16.426,8.222,54.559,-0.47,1.85,0.2
ATOM,2296.0,CA,GLY,148.0,16.908,6.85,54.556,-0.02,2.175,17.51
ATOM,2297.0,C,GLY,148.0,15.805,5.831,54.744,0.51,2.0,1.96
ATOM,2298.0,O,GLY,148.0,15.758,4.83,54.04,-0.51,1.7,7.81
ATOM,2299.0,H,GLY,148.0,16.718,8.932,55.267,0.31,0.2245,0.0
ATOM,2300.0,HA2,GLY,148.0,17.388,6.666,53.678,0.09,1.32,2.95
ATOM,2301.0,HA3,GLY,148.0,17.599,6.737,55.295,0.09,1.32,9.95
ATOM,2302.0,N,ASN,149.0,14.951,6.082,55.728,-0.47,1.85,3.27
ATOM,2303.0,CA,ASN,149.0,13.732,5.319,55.967,0.07,2.275,2.81
ATOM,2304.0,C,ASN,149.0,12.883,5.292,54.706,0.51,2.0,0.0
ATOM,2305.0,O,ASN,149.0,12.409,4.241,54.28,-0.51,1.7,2.09
ATOM,2306.0,CB,ASN,149.0,12.942,5.962,57.119,-0.18,2.175,0.04
ATOM,2307.0,CG,ASN,149.0,11.641,5.243,57.427,0.55,2.0,0.0
ATOM,2308.0,H,ASN,149.0,15.234,6.898,56.336,0.31,0.2245,0.0
ATOM,2309.0,HA,ASN,149.0,14.006,4.374,56.159,0.09,1.32,5.34
ATOM,2310.0,HB2,ASN,149.0,13.515,5.949,57.935,0.09,1.32,1.96
ATOM,2311.0,HB3,ASN,149.0,12.734,6.904,56.866,0.09,1.32,0.0
ATOM,2312.0,OD1,ASN,149.0,10.575,5.59,56.893,-0.55,1.7,1.76
ATOM,2313.0,ND2,ASN,149.0,11.712,4.244,58.285,-0.62,1.85,13.7
ATOM,2314.0,HD22,ASN,149.0,12.59,3.997,58.702,0.3,0.2245,14.29
ATOM,2315.0,HD21,ASN,149.0,10.889,3.725,58.527,0.32,0.2245,20.08
ATOM,2316.0,N,PHE,150.0,12.727,6.458,54.088,-0.47,1.85,0.0
ATOM,2317.0,CA,PHE,150.0,11.822,6.624,52.96,0.07,2.275,0.0
ATOM,2318.0,C,PHE,150.0,12.305,5.85,51.745,0.51,2.0,0.0
ATOM,2319.0,O,PHE,150.0,11.512,5.21,51.072,-0.51,1.7,0.0
ATOM,2320.0,CB,PHE,150.0,11.694,8.102,52.618,-0.18,2.175,0.0
ATOM,2321.0,CG,PHE,150.0,10.681,8.391,51.569,0.0,1.9924,0.0
ATOM,2322.0,CD1,PHE,150.0,11.075,8.853,50.312,-0.115,1.9924,0.0
ATOM,2323.0,CD2,PHE,150.0,9.334,8.205,51.817,-0.115,1.9924,0.0
ATOM,2324.0,CE1,PHE,150.0,10.143,9.131,49.334,-0.115,1.9924,0.0
ATOM,2325.0,CE2,PHE,150.0,8.386,8.487,50.83,-0.115,1.9924,0.0
ATOM,2326.0,CZ,PHE,150.0,8.795,8.957,49.593,-0.115,1.9924,0.0
ATOM,2327.0,H,PHE,150.0,13.304,7.235,54.478,0.31,0.2245,0.0
ATOM,2328.0,HA,PHE,150.0,10.938,6.221,53.23,0.09,1.32,0.0
ATOM,2329.0,HB2,PHE,150.0,11.432,8.582,53.445,0.09,1.32,0.0
ATOM,2330.0,HB3,PHE,150.0,12.577,8.414,52.293,0.09,1.32,0.0
ATOM,2331.0,HD1,PHE,150.0,12.046,8.982,50.12,0.115,1.3582,0.0
ATOM,2332.0,HD2,PHE,150.0,9.029,7.866,52.705,0.115,1.3582,0.0
ATOM,2333.0,HE1,PHE,150.0,10.449,9.463,48.431,0.115,1.3582,0.0
ATOM,2334.0,HE2,PHE,150.0,7.404,8.346,51.03,0.115,1.3582,0.0
ATOM,2335.0,HZ,PHE,150.0,8.12,9.171,48.886,0.115,1.3582,0.0
ATOM,2336.0,N,LEU,151.0,13.61,5.888,51.475,-0.47,1.85,0.0
ATOM,2337.0,CA,LEU,151.0,14.152,5.248,50.275,0.07,2.275,0.0
ATOM,2338.0,C,LEU,151.0,14.0,3.73,50.353,0.51,2.0,0.0
ATOM,2339.0,O,LEU,151.0,13.642,3.09,49.36,-0.51,1.7,0.8
ATOM,2340.0,CB,LEU,151.0,15.614,5.63,50.045,-0.18,2.175,2.72
ATOM,2341.0,CG,LEU,151.0,15.929,7.102,49.737,-0.09,2.275,0.0
ATOM,2342.0,CD1,LEU,151.0,17.426,7.305,49.732,-0.27,2.06,15.78
ATOM,2343.0,CD2,LEU,151.0,15.307,7.559,48.401,-0.27,2.06,0.3
ATOM,2344.0,H,LEU,151.0,14.187,6.393,52.166,0.31,0.2245,0.0
ATOM,2345.0,HA,LEU,151.0,13.638,5.578,49.477,0.09,1.32,0.0
ATOM,2346.0,HB2,LEU,151.0,16.129,5.387,50.871,0.09,1.32,1.67
ATOM,2347.0,HB3,LEU,151.0,15.956,5.089,49.274,0.09,1.32,0.0
ATOM,2348.0,HG,LEU,151.0,15.512,7.671,50.439,0.09,1.32,0.0
ATOM,2349.0,HD11,LEU,151.0,17.846,6.723,49.032,0.09,1.32,0.6
ATOM,2350.0,HD12,LEU,151.0,17.638,8.264,49.532,0.09,1.32,0.0
ATOM,2351.0,HD13,LEU,151.0,17.804,7.066,50.629,0.09,1.32,3.34
ATOM,2352.0,HD21,LEU,151.0,14.317,7.452,48.451,0.09,1.32,0.0
ATOM,2353.0,HD22,LEU,151.0,15.539,8.517,48.247,0.09,1.32,0.0
ATOM,2354.0,HD23,LEU,151.0,15.674,6.997,47.664,0.09,1.32,0.42
ATOM,2355.0,N,LEU,152.0,14.263,3.155,51.523,-0.47,1.85,0.7
ATOM,2356.0,CA,LEU,152.0,14.043,1.728,51.728,0.07,2.275,0.16
ATOM,2357.0,C,LEU,152.0,12.548,1.382,51.678,0.51,2.0,0.0
ATOM,2358.0,O,LEU,152.0,12.157,0.362,51.107,-0.51,1.7,0.0
ATOM,2359.0,CB,LEU,152.0,14.644,1.26,53.06,-0.18,2.175,0.96
ATOM,2360.0,CG,LEU,152.0,14.611,-0.263,53.294,-0.09,2.275,0.85
ATOM,2361.0,CD1,LEU,152.0,15.351,-0.99,52.186,-0.27,2.06,0.08
ATOM,2362.0,CD2,LEU,152.0,15.188,-0.628,54.663,-0.27,2.06,30.25
ATOM,2363.0,H,LEU,152.0,14.627,3.791,52.253,0.31,0.2245,0.0
ATOM,2364.0,HA,LEU,152.0,14.506,1.22,50.993,0.09,1.32,0.0
ATOM,2365.0,HB2,LEU,152.0,15.594,1.539,53.083,0.09,1.32,6.38
ATOM,2366.0,HB3,LEU,152.0,14.13,1.681,53.793,0.09,1.32,0.97
ATOM,2367.0,HG,LEU,152.0,13.658,-0.562,53.315,0.09,1.32,0.99
ATOM,2368.0,HD11,LEU,152.0,16.305,-0.687,52.164,0.09,1.32,4.95
ATOM,2369.0,HD12,LEU,152.0,15.321,-1.977,52.352,0.09,1.32,0.0
ATOM,2370.0,HD13,LEU,152.0,14.92,-0.789,51.305,0.09,1.32,0.0
ATOM,2371.0,HD21,LEU,152.0,14.649,-0.184,55.378,0.09,1.32,10.14
ATOM,2372.0,HD22,LEU,152.0,15.152,-1.619,54.783,0.09,1.32,0.0
ATOM,2373.0,HD23,LEU,152.0,16.137,-0.318,54.715,0.09,1.32,9.72
ATOM,2374.0,N,GLY,153.0,11.726,2.241,52.275,-0.47,1.85,0.44
ATOM,2375.0,CA,GLY,153.0,10.283,2.068,52.303,-0.02,2.175,4.74
ATOM,2376.0,C,GLY,153.0,9.638,2.032,50.932,0.51,2.0,0.0
ATOM,2377.0,O,GLY,153.0,8.851,1.116,50.62,-0.51,1.7,0.98
ATOM,2378.0,H,GLY,153.0,12.212,3.055,52.724,0.31,0.2245,0.0
ATOM,2379.0,HA2,GLY,153.0,10.059,1.204,52.8,0.09,1.32,6.67
ATOM,2380.0,HA3,GLY,153.0,9.866,2.824,52.849,0.09,1.32,0.0
ATOM,2381.0,N,VAL,154.0,9.965,3.008,50.095,-0.47,1.85,0.0
ATOM,2382.0,CA,VAL,154.0,9.347,3.068,48.769,0.07,2.275,0.0
ATOM,2383.0,C,VAL,154.0,9.835,1.909,47.922,0.51,2.0,0.0
ATOM,2384.0,O,VAL,154.0,9.074,1.365,47.14,-0.51,1.7,0.0
ATOM,2385.0,CB,VAL,154.0,9.541,4.418,48.042,-0.09,2.275,0.0
ATOM,2386.0,CG1,VAL,154.0,8.941,5.529,48.85,-0.27,2.06,0.0
ATOM,2387.0,CG2,VAL,154.0,10.983,4.684,47.688,-0.27,2.06,0.93
ATOM,2388.0,H,VAL,154.0,10.654,3.684,50.44,0.31,0.2245,0.0
ATOM,2389.0,HA,VAL,154.0,8.355,2.977,48.885,0.09,1.32,0.0
ATOM,2390.0,HB,VAL,154.0,9.042,4.364,47.183,0.09,1.32,0.0
ATOM,2391.0,HG11,VAL,154.0,9.646,5.964,49.416,0.09,1.32,0.0
ATOM,2392.0,HG12,VAL,154.0,8.541,6.221,48.243,0.09,1.32,0.0
ATOM,2393.0,HG13,VAL,154.0,8.221,5.17,49.45,0.09,1.32,0.0
ATOM,2394.0,HG21,VAL,154.0,11.179,5.662,47.788,0.09,1.32,0.0
ATOM,2395.0,HG22,VAL,154.0,11.582,4.162,48.299,0.09,1.32,0.0
ATOM,2396.0,HG23,VAL,154.0,11.154,4.407,46.74,0.09,1.32,0.0
ATOM,2397.0,N,ALA,155.0,11.091,1.52,48.108,-0.47,1.85,0.0
ATOM,2398.0,CA,ALA,155.0,11.62,0.32,47.468,0.07,2.275,0.89
ATOM,2399.0,C,ALA,155.0,10.815,-0.924,47.868,0.51,2.0,0.0
ATOM,2400.0,O,ALA,155.0,10.452,-1.737,47.025,-0.51,1.7,10.75
ATOM,2401.0,CB,ALA,155.0,13.091,0.137,47.817,-0.27,2.06,3.93
ATOM,2402.0,H,ALA,155.0,11.651,2.129,48.733,0.31,0.2245,0.0
ATOM,2403.0,HA,ALA,155.0,11.559,0.429,46.468,0.09,1.32,1.01
ATOM,2404.0,HB1,ALA,155.0,13.414,0.933,48.327,0.09,1.32,0.0
ATOM,2405.0,HB2,ALA,155.0,13.202,-0.684,48.376,0.09,1.32,0.0
ATOM,2406.0,HB3,ALA,155.0,13.624,0.042,46.977,0.09,1.32,0.94
ATOM,2407.0,N,ALA,156.0,10.522,-1.054,49.154,-0.47,1.85,0.0
ATOM,2408.0,CA,ALA,156.0,9.726,-2.171,49.662,0.07,2.275,0.3
ATOM,2409.0,C,ALA,156.0,8.252,-2.137,49.211,0.51,2.0,0.03
ATOM,2410.0,O,ALA,156.0,7.56,-3.148,49.269,-0.51,1.7,29.47
ATOM,2411.0,CB,ALA,156.0,9.822,-2.219,51.181,-0.27,2.06,16.67
ATOM,2412.0,H,ALA,156.0,10.902,-0.302,49.767,0.31,0.2245,0.0
ATOM,2413.0,HA,ALA,156.0,10.136,-3.04,49.331,0.09,1.32,0.63
ATOM,2414.0,HB1,ALA,156.0,10.645,-2.72,51.448,0.09,1.32,0.0
ATOM,2415.0,HB2,ALA,156.0,9.868,-1.288,51.542,0.09,1.32,0.0
ATOM,2416.0,HB3,ALA,156.0,9.016,-2.68,51.552,0.09,1.32,8.47
ATOM,2417.0,N,LEU,157.0,7.778,-0.977,48.77,-0.47,1.85,0.0
ATOM,2418.0,CA,LEU,157.0,6.459,-0.84,48.159,0.07,2.275,0.72
ATOM,2419.0,C,LEU,157.0,6.45,-1.242,46.682,0.51,2.0,1.36
ATOM,2420.0,O,LEU,157.0,5.392,-1.313,46.073,-0.51,1.7,23.24
ATOM,2421.0,CB,LEU,157.0,5.957,0.614,48.288,-0.18,2.175,0.0
ATOM,2422.0,CG,LEU,157.0,5.495,1.069,49.67,-0.09,2.275,0.1
ATOM,2423.0,CD1,LEU,157.0,5.245,2.614,49.69,-0.27,2.06,0.0
ATOM,2424.0,CD2,LEU,157.0,4.261,0.307,50.092,-0.27,2.06,25.76
ATOM,2425.0,H,LEU,157.0,8.431,-0.169,48.898,0.31,0.2245,0.0
ATOM,2426.0,HA,LEU,157.0,5.811,-1.441,48.653,0.09,1.32,2.88
ATOM,2427.0,HB2,LEU,157.0,6.705,1.214,48.008,0.09,1.32,0.0
ATOM,2428.0,HB3,LEU,157.0,5.187,0.721,47.662,0.09,1.32,1.38
ATOM,2429.0,HG,LEU,157.0,6.196,0.858,50.346,0.09,1.32,1.9
ATOM,2430.0,HD11,LEU,157.0,4.542,2.826,49.021,0.09,1.32,0.0
ATOM,2431.0,HD12,LEU,157.0,4.947,2.871,50.602,0.09,1.32,0.81
ATOM,2432.0,HD13,LEU,157.0,6.096,3.071,49.459,0.09,1.32,0.0
ATOM,2433.0,HD21,LEU,157.0,4.462,-0.675,50.126,0.09,1.32,5.37
ATOM,2434.0,HD22,LEU,157.0,3.966,0.613,51.0,0.09,1.32,7.92
ATOM,2435.0,HD23,LEU,157.0,3.521,0.468,49.435,0.09,1.32,0.06
ATOM,2436.0,N,GLY,158.0,7.632,-1.486,46.114,-0.47,1.85,0.75
ATOM,2437.0,CA,GLY,158.0,7.798,-1.769,44.697,-0.02,2.175,19.28
ATOM,2438.0,C,GLY,158.0,7.914,-0.508,43.84,0.51,2.0,1.49
ATOM,2439.0,O,GLY,158.0,7.65,-0.534,42.64,-0.51,1.7,19.41
ATOM,2440.0,H,GLY,158.0,8.439,-1.455,46.787,0.31,0.2245,0.0
ATOM,2441.0,HA2,GLY,158.0,8.63,-2.337,44.561,0.09,1.32,9.19
ATOM,2442.0,HA3,GLY,158.0,7.009,-2.319,44.368,0.09,1.32,9.3
ATOM,2443.0,N,LEU,159.0,8.326,0.6,44.447,-0.47,1.85,0.1
ATOM,2444.0,CA,LEU,159.0,8.422,1.862,43.728,0.07,2.275,0.0
ATOM,2445.0,C,LEU,159.0,9.879,2.243,43.531,0.51,2.0,0.78
ATOM,2446.0,O,LEU,159.0,10.724,1.96,44.381,-0.51,1.7,5.83
ATOM,2447.0,CB,LEU,159.0,7.685,2.966,44.487,-0.18,2.175,0.0
ATOM,2448.0,CG,LEU,159.0,6.197,2.693,44.74,-0.09,2.275,0.06
ATOM,2449.0,CD1,LEU,159.0,5.573,3.823,45.553,-0.27,2.06,0.06
ATOM,2450.0,CD2,LEU,159.0,5.448,2.478,43.443,-0.27,2.06,2.27
ATOM,2451.0,H,LEU,159.0,8.566,0.488,45.448,0.31,0.2245,0.0
ATOM,2452.0,HA,LEU,159.0,7.996,1.751,42.825,0.09,1.32,0.0
ATOM,2453.0,HB2,LEU,159.0,8.12,3.074,45.371,0.09,1.32,0.0
ATOM,2454.0,HB3,LEU,159.0,7.747,3.798,43.955,0.09,1.32,0.0
ATOM,2455.0,HG,LEU,159.0,6.106,1.834,45.242,0.09,1.32,0.0
ATOM,2456.0,HD11,LEU,159.0,5.664,4.683,45.051,0.09,1.32,0.0
ATOM,2457.0,HD12,LEU,159.0,4.605,3.627,45.707,0.09,1.32,0.35
ATOM,2458.0,HD13,LEU,159.0,6.042,3.898,46.432,0.09,1.32,0.0
ATOM,2459.0,HD21,LEU,159.0,5.834,1.693,42.955,0.09,1.32,0.0
ATOM,2460.0,HD22,LEU,159.0,4.48,2.302,43.636,0.09,1.32,0.0
ATOM,2461.0,HD23,LEU,159.0,5.526,3.295,42.867,0.09,1.32,0.0
ATOM,2462.0,N,ASP,160.0,10.148,2.896,42.401,-0.47,1.85,0.0
ATOM,2463.0,CA,ASP,160.0,11.463,3.431,42.086,0.07,2.275,0.0
ATOM,2464.0,C,ASP,160.0,11.598,4.855,42.603,0.51,2.0,0.0
ATOM,2465.0,O,ASP,160.0,10.625,5.593,42.695,-0.51,1.7,0.0
ATOM,2466.0,CB,ASP,160.0,11.71,3.392,40.568,-0.28,2.175,0.0
ATOM,2467.0,CG,ASP,160.0,11.976,1.994,40.07,0.62,2.0,0.49
ATOM,2468.0,OD1,ASP,160.0,11.32,1.554,39.106,-0.76,1.7,6.73
ATOM,2469.0,OD2,ASP,160.0,12.823,1.26,40.606,-0.76,1.7,16.74
ATOM,2470.0,H,ASP,160.0,9.325,2.99,41.758,0.31,0.2245,0.0
ATOM,2471.0,HA,ASP,160.0,12.14,2.873,42.579,0.09,1.32,2.27
ATOM,2472.0,HB2,ASP,160.0,10.899,3.748,40.122,0.09,1.32,0.0
ATOM,2473.0,HB3,ASP,160.0,12.497,3.962,40.376,0.09,1.32,0.0
ATOM,2474.0,N,ALA,161.0,12.812,5.221,42.975,-0.47,1.85,0.6
ATOM,2475.0,CA,ALA,161.0,13.105,6.572,43.422,0.07,2.275,0.0
ATOM,2476.0,C,ALA,161.0,14.563,6.91,43.198,0.51,2.0,0.0
ATOM,2477.0,O,ALA,161.0,15.379,6.046,42.883,-0.51,1.7,0.74
ATOM,2478.0,CB,ALA,161.0,12.766,6.729,44.909,-0.27,2.06,1.52
ATOM,2479.0,H,ALA,161.0,13.531,4.468,42.921,0.31,0.2245,2.81
ATOM,2480.0,HA,ALA,161.0,12.537,7.219,42.895,0.09,1.32,0.0
ATOM,2481.0,HB1,ALA,161.0,11.83,7.064,44.999,0.09,1.32,0.0
ATOM,2482.0,HB2,ALA,161.0,12.852,5.844,45.361,0.09,1.32,2.35
ATOM,2483.0,HB3,ALA,161.0,13.398,7.381,45.323,0.09,1.32,0.0
ATOM,2484.0,N,VAL,162.0,14.883,8.184,43.374,-0.47,1.85,0.0
ATOM,2485.0,CA,VAL,162.0,16.268,8.629,43.403,0.07,2.275,0.0
ATOM,2486.0,C,VAL,162.0,16.375,9.803,44.362,0.51,2.0,0.0
ATOM,2487.0,O,VAL,162.0,15.61,10.756,44.244,-0.51,1.7,0.0
ATOM,2488.0,CB,VAL,162.0,16.795,9.041,41.984,-0.09,2.275,0.0
ATOM,2489.0,CG1,VAL,162.0,15.885,10.062,41.301,-0.27,2.06,0.0
ATOM,2490.0,CG2,VAL,162.0,18.208,9.57,42.058,-0.27,2.06,3.64
ATOM,2491.0,H,VAL,162.0,14.073,8.826,43.488,0.31,0.2245,0.0
ATOM,2492.0,HA,VAL,162.0,16.83,7.885,43.759,0.09,1.32,0.0
ATOM,2493.0,HB,VAL,162.0,16.791,8.217,41.42,0.09,1.32,0.0
ATOM,2494.0,HG11,VAL,162.0,14.939,9.744,41.345,0.09,1.32,0.0
ATOM,2495.0,HG12,VAL,162.0,15.965,10.941,41.769,0.09,1.32,0.0
ATOM,2496.0,HG13,VAL,162.0,16.16,10.164,40.346,0.09,1.32,0.0
ATOM,2497.0,HG21,VAL,162.0,18.371,9.966,42.963,0.09,1.32,0.0
ATOM,2498.0,HG22,VAL,162.0,18.855,8.822,41.902,0.09,1.32,0.0
ATOM,2499.0,HG23,VAL,162.0,18.34,10.275,41.358,0.09,1.32,0.02
ATOM,2500.0,N,PRO,163.0,17.306,9.735,45.313,-0.29,1.85,0.0
ATOM,2501.0,CA,PRO,163.0,17.641,10.897,46.14,0.02,2.275,0.0
ATOM,2502.0,C,PRO,163.0,18.504,11.905,45.382,0.51,2.0,0.33
ATOM,2503.0,O,PRO,163.0,19.38,11.498,44.608,-0.51,1.7,13.1
ATOM,2504.0,CB,PRO,163.0,18.378,10.288,47.333,-0.18,2.175,3.81
ATOM,2505.0,CG,PRO,163.0,18.923,8.949,46.842,-0.18,2.175,11.85
ATOM,2506.0,CD,PRO,163.0,18.069,8.527,45.693,0.0,2.175,0.0
ATOM,2507.0,HA,PRO,163.0,16.803,11.339,46.491,0.09,1.32,0.0
ATOM,2508.0,HB2,PRO,163.0,19.134,10.878,47.631,0.09,1.32,7.93
ATOM,2509.0,HB3,PRO,163.0,17.757,10.143,48.108,0.09,1.32,0.0
ATOM,2510.0,HG2,PRO,163.0,19.887,9.061,46.566,0.09,1.32,9.12
ATOM,2511.0,HG3,PRO,163.0,18.89,8.278,47.595,0.09,1.32,0.17
ATOM,2512.0,HD2,PRO,163.0,18.623,8.208,44.913,0.09,1.32,0.0
ATOM,2513.0,HD3,PRO,163.0,17.436,7.784,45.951,0.09,1.32,0.0
ATOM,2514.0,N,ILE,164.0,18.244,13.195,45.601,-0.47,1.85,0.14
ATOM,2515.0,CA,ILE,164.0,18.895,14.272,44.862,0.07,2.275,0.01
ATOM,2516.0,C,ILE,164.0,19.366,15.387,45.8,0.51,2.0,0.0
ATOM,2517.0,O,ILE,164.0,18.548,16.036,46.452,-0.51,1.7,0.0
ATOM,2518.0,CB,ILE,164.0,17.943,14.875,43.778,-0.09,2.275,0.0
ATOM,2519.0,CG1,ILE,164.0,17.542,13.814,42.744,-0.18,2.175,0.0
ATOM,2520.0,CG2,ILE,164.0,18.605,16.079,43.086,-0.27,2.06,0.0
ATOM,2521.0,CD1,ILE,164.0,16.499,14.271,41.709,-0.27,2.06,0.0
ATOM,2522.0,H,ILE,164.0,17.533,13.367,46.349,0.31,0.2245,0.0
ATOM,2523.0,HA,ILE,164.0,19.724,13.875,44.453,0.09,1.32,2.56
ATOM,2524.0,HB,ILE,164.0,17.121,15.184,44.243,0.09,1.32,0.0
ATOM,2525.0,HG12,ILE,164.0,18.364,13.519,42.253,0.09,1.32,1.16
ATOM,2526.0,HG13,ILE,164.0,17.168,13.022,43.232,0.09,1.32,0.0
ATOM,2527.0,HG21,ILE,164.0,17.96,16.479,42.441,0.09,1.32,0.0
ATOM,2528.0,HG22,ILE,164.0,18.856,16.753,43.775,0.09,1.32,0.0
ATOM,2529.0,HG23,ILE,164.0,19.419,15.769,42.603,0.09,1.32,0.1
ATOM,2530.0,HD11,ILE,164.0,16.869,15.044,41.204,0.09,1.32,0.0
ATOM,2531.0,HD12,ILE,164.0,16.311,13.514,41.091,0.09,1.32,0.0
ATOM,2532.0,HD13,ILE,164.0,15.67,14.538,42.189,0.09,1.32,0.0
ATOM,2533.0,N,GLU,165.0,20.68,15.6,45.849,-0.47,1.85,0.91
ATOM,2534.0,CA,GLU,165.0,21.281,16.785,46.48,0.07,2.275,0.16
ATOM,2535.0,C,GLU,165.0,21.705,17.813,45.433,0.51,2.0,0.21
ATOM,2536.0,O,GLU,165.0,21.964,18.971,45.769,-0.51,1.7,11.86
ATOM,2537.0,CB,GLU,165.0,22.512,16.393,47.307,-0.18,2.175,6.64
ATOM,2538.0,CG,GLU,165.0,22.222,16.055,48.763,-0.28,2.175,6.21
ATOM,2539.0,CD,GLU,165.0,23.449,15.535,49.496,0.62,2.0,6.06
ATOM,2540.0,OE1,GLU,165.0,24.555,15.535,48.895,-0.76,1.7,37.71
ATOM,2541.0,OE2,GLU,165.0,23.315,15.122,50.665,-0.76,1.7,19.04
ATOM,2542.0,H,GLU,165.0,21.255,14.85,45.399,0.31,0.2245,8.29
ATOM,2543.0,HA,GLU,165.0,20.616,17.201,47.11,0.09,1.32,0.0
ATOM,2544.0,HB2,GLU,165.0,22.91,15.593,46.888,0.09,1.32,6.5
ATOM,2545.0,HB3,GLU,165.0,23.135,17.158,47.296,0.09,1.32,6.43
ATOM,2546.0,HG2,GLU,165.0,21.931,16.874,49.217,0.09,1.32,3.05
ATOM,2547.0,HG3,GLU,165.0,21.542,15.348,48.787,0.09,1.32,2.21
ATOM,2548.0,N,GLY,166.0,21.762,17.379,44.175,-0.47,1.85,2.51
ATOM,2549.0,CA,GLY,166.0,22.152,18.213,43.055,-0.02,2.175,9.5
ATOM,2550.0,C,GLY,166.0,21.001,19.069,42.573,0.51,2.0,0.0
ATOM,2551.0,O,GLY,166.0,20.41,18.823,41.528,-0.51,1.7,0.0
ATOM,2552.0,H,GLY,166.0,21.496,16.366,44.066,0.31,0.2245,1.68
ATOM,2553.0,HA2,GLY,166.0,22.921,18.81,43.33,0.09,1.32,1.01
ATOM,2554.0,HA3,GLY,166.0,22.476,17.628,42.296,0.09,1.32,1.64
ATOM,2555.0,N,PHE,167.0,20.652,20.041,43.402,-0.47,1.85,0.0
ATOM,2556.0,CA,PHE,167.0,19.695,21.084,43.07,0.07,2.275,0.0
ATOM,2557.0,C,PHE,167.0,20.123,22.341,43.838,0.51,2.0,0.0
ATOM,2558.0,O,PHE,167.0,20.887,22.257,44.809,-0.51,1.7,6.2
ATOM,2559.0,CB,PHE,167.0,18.263,20.657,43.444,-0.18,2.175,0.0
ATOM,2560.0,CG,PHE,167.0,18.007,20.583,44.943,0.0,1.9924,0.0
ATOM,2561.0,CD1,PHE,167.0,18.338,19.448,45.666,-0.115,1.9924,0.0
ATOM,2562.0,CD2,PHE,167.0,17.433,21.646,45.613,-0.115,1.9924,0.0
ATOM,2563.0,CE1,PHE,167.0,18.111,19.38,47.035,-0.115,1.9924,1.26
ATOM,2564.0,CE2,PHE,167.0,17.199,21.586,46.983,-0.115,1.9924,0.0
ATOM,2565.0,CZ,PHE,167.0,17.534,20.452,47.694,-0.115,1.9924,1.95
ATOM,2566.0,H,PHE,167.0,21.135,19.994,44.339,0.31,0.2245,0.0
ATOM,2567.0,HA,PHE,167.0,19.804,21.291,42.107,0.09,1.32,0.0
ATOM,2568.0,HB2,PHE,167.0,17.64,21.322,43.066,0.09,1.32,0.0
ATOM,2569.0,HB3,PHE,167.0,18.107,19.758,43.068,0.09,1.32,0.0
ATOM,2570.0,HD1,PHE,167.0,18.747,18.665,45.202,0.115,1.3582,0.0
ATOM,2571.0,HD2,PHE,167.0,17.181,22.475,45.109,0.115,1.3582,0.0
ATOM,2572.0,HE1,PHE,167.0,18.368,18.547,47.539,0.115,1.3582,0.0
ATOM,2573.0,HE2,PHE,167.0,16.779,22.383,47.451,0.115,1.3582,0.0
ATOM,2574.0,HZ,PHE,167.0,17.364,20.4,48.677,0.115,1.3582,0.0
ATOM,2575.0,N,ASP,168.0,19.638,23.5,43.401,-0.47,1.85,0.0
ATOM,2576.0,CA,ASP,168.0,19.969,24.777,44.014,0.07,2.275,0.01
ATOM,2577.0,C,ASP,168.0,18.898,25.092,45.046,0.51,2.0,0.0
ATOM,2578.0,O,ASP,168.0,17.767,25.417,44.699,-0.51,1.7,0.0
ATOM,2579.0,CB,ASP,168.0,20.036,25.863,42.933,-0.28,2.175,0.9
ATOM,2580.0,CG,ASP,168.0,20.521,27.194,43.464,0.62,2.0,2.03
ATOM,2581.0,OD1,ASP,168.0,20.251,27.513,44.634,-0.76,1.7,4.81
ATOM,2582.0,OD2,ASP,168.0,21.177,27.995,42.775,-0.76,1.7,34.07
ATOM,2583.0,H,ASP,168.0,18.997,23.412,42.577,0.31,0.2245,0.0
ATOM,2584.0,HA,ASP,168.0,20.827,24.658,44.507,0.09,1.32,2.58
ATOM,2585.0,HB2,ASP,168.0,20.662,25.551,42.226,0.09,1.32,1.18
ATOM,2586.0,HB3,ASP,168.0,19.122,25.978,42.56,0.09,1.32,0.0
ATOM,2587.0,N,ALA,169.0,19.251,24.967,46.322,-0.47,1.85,0.0
ATOM,2588.0,CA,ALA,169.0,18.278,25.034,47.4,0.07,2.275,0.0
ATOM,2589.0,C,ALA,169.0,17.804,26.461,47.633,0.51,2.0,0.0
ATOM,2590.0,O,ALA,169.0,16.699,26.665,48.115,-0.51,1.7,0.0
ATOM,2591.0,CB,ALA,169.0,18.858,24.436,48.693,-0.27,2.06,19.16
ATOM,2592.0,H,ALA,169.0,20.27,24.819,46.477,0.31,0.2245,6.5
ATOM,2593.0,HA,ALA,169.0,17.479,24.467,47.154,0.09,1.32,0.0
ATOM,2594.0,HB1,ALA,169.0,19.848,24.361,48.602,0.09,1.32,7.79
ATOM,2595.0,HB2,ALA,169.0,18.632,25.034,49.459,0.09,1.32,1.99
ATOM,2596.0,HB3,ALA,169.0,18.462,23.533,48.841,0.09,1.32,0.0
ATOM,2597.0,N,ALA,170.0,18.654,27.439,47.323,-0.47,1.85,2.16
ATOM,2598.0,CA,ALA,170.0,18.247,28.844,47.336,0.07,2.275,3.68
ATOM,2599.0,C,ALA,170.0,17.121,29.08,46.332,0.51,2.0,0.29
ATOM,2600.0,O,ALA,170.0,16.162,29.775,46.636,-0.51,1.7,5.32
ATOM,2601.0,CB,ALA,170.0,19.458,29.766,47.039,-0.27,2.06,37.12
ATOM,2602.0,H,ALA,170.0,19.611,27.123,47.076,0.31,0.2245,3.13
ATOM,2603.0,HA,ALA,170.0,17.912,29.075,48.254,0.09,1.32,3.79
ATOM,2604.0,HB1,ALA,170.0,20.281,29.208,46.993,0.09,1.32,5.66
ATOM,2605.0,HB2,ALA,170.0,19.305,30.224,46.169,0.09,1.32,5.64
ATOM,2606.0,HB3,ALA,170.0,19.537,30.436,47.771,0.09,1.32,11.43
ATOM,2607.0,N,ILE,171.0,17.22,28.489,45.142,-0.47,1.85,0.0
ATOM,2608.0,CA,ILE,171.0,16.159,28.62,44.136,0.07,2.275,0.3
ATOM,2609.0,C,ILE,171.0,14.889,27.904,44.61,0.51,2.0,0.0
ATOM,2610.0,O,ILE,171.0,13.806,28.471,44.563,-0.51,1.7,0.64
ATOM,2611.0,CB,ILE,171.0,16.624,28.096,42.747,-0.09,2.275,0.0
ATOM,2612.0,CG1,ILE,171.0,17.627,29.082,42.133,-0.18,2.175,10.49
ATOM,2613.0,CG2,ILE,171.0,15.421,27.907,41.79,-0.27,2.06,4.19
ATOM,2614.0,CD1,ILE,171.0,18.271,28.596,40.86,-0.27,2.06,16.57
ATOM,2615.0,H,ILE,171.0,18.085,27.945,44.991,0.31,0.2245,0.0
ATOM,2616.0,HA,ILE,171.0,15.936,29.594,44.089,0.09,1.32,2.93
ATOM,2617.0,HB,ILE,171.0,17.086,27.234,42.891,0.09,1.32,0.0
ATOM,2618.0,HG12,ILE,171.0,17.148,29.942,41.952,0.09,1.32,9.32
ATOM,2619.0,HG13,ILE,171.0,18.342,29.257,42.812,0.09,1.32,0.69
ATOM,2620.0,HG21,ILE,171.0,15.754,27.55,40.924,0.09,1.32,0.0
ATOM,2621.0,HG22,ILE,171.0,14.782,27.267,42.202,0.09,1.32,0.12
ATOM,2622.0,HG23,ILE,171.0,14.981,28.788,41.651,0.09,1.32,9.12
ATOM,2623.0,HD11,ILE,171.0,17.566,28.429,40.171,0.09,1.32,2.94
ATOM,2624.0,HD12,ILE,171.0,18.908,29.289,40.522,0.09,1.32,11.35
ATOM,2625.0,HD13,ILE,171.0,18.768,27.747,41.04,0.09,1.32,0.0
ATOM,2626.0,N,LEU,172.0,15.027,26.67,45.082,-0.47,1.85,0.0
ATOM,2627.0,CA,LEU,172.0,13.873,25.906,45.564,0.07,2.275,0.0
ATOM,2628.0,C,LEU,172.0,13.212,26.57,46.769,0.51,2.0,0.0
ATOM,2629.0,O,LEU,172.0,11.993,26.644,46.839,-0.51,1.7,0.0
ATOM,2630.0,CB,LEU,172.0,14.268,24.465,45.911,-0.18,2.175,0.0
ATOM,2631.0,CG,LEU,172.0,13.097,23.485,46.147,-0.09,2.275,0.0
ATOM,2632.0,CD1,LEU,172.0,12.077,23.505,45.018,-0.27,2.06,0.0
ATOM,2633.0,CD2,LEU,172.0,13.624,22.066,46.32,-0.27,2.06,0.0
ATOM,2634.0,H,LEU,172.0,15.994,26.303,45.081,0.31,0.2245,0.0
ATOM,2635.0,HA,LEU,172.0,13.194,25.851,44.819,0.09,1.32,0.0
ATOM,2636.0,HB2,LEU,172.0,14.803,24.103,45.157,0.09,1.32,0.0
ATOM,2637.0,HB3,LEU,172.0,14.804,24.485,46.745,0.09,1.32,0.0
ATOM,2638.0,HG,LEU,172.0,12.645,23.733,47.012,0.09,1.32,0.0
ATOM,2639.0,HD11,LEU,172.0,12.523,23.248,44.16,0.09,1.32,0.0
ATOM,2640.0,HD12,LEU,172.0,11.343,22.856,45.219,0.09,1.32,0.0
ATOM,2641.0,HD13,LEU,172.0,11.693,24.425,44.93,0.09,1.32,0.0
ATOM,2642.0,HD21,LEU,172.0,14.242,22.033,47.106,0.09,1.32,0.0
ATOM,2643.0,HD22,LEU,172.0,12.857,21.441,46.472,0.09,1.32,0.0
ATOM,2644.0,HD23,LEU,172.0,14.119,21.791,45.495,0.09,1.32,0.0
ATOM,2645.0,N,ASP,173.0,14.011,27.076,47.701,-0.47,1.85,0.0
ATOM,2646.0,CA,ASP,173.0,13.458,27.789,48.865,0.07,2.275,0.0
ATOM,2647.0,C,ASP,173.0,12.687,29.025,48.431,0.51,2.0,0.17
ATOM,2648.0,O,ASP,173.0,11.607,29.287,48.943,-0.51,1.7,0.0
ATOM,2649.0,CB,ASP,173.0,14.546,28.205,49.846,-0.28,2.175,2.45
ATOM,2650.0,CG,ASP,173.0,15.085,27.049,50.648,0.62,2.0,0.0
ATOM,2651.0,OD1,ASP,173.0,16.002,27.3,51.47,-0.76,1.7,1.42
ATOM,2652.0,OD2,ASP,173.0,14.667,25.864,50.515,-0.76,1.7,0.0
ATOM,2653.0,H,ASP,173.0,15.02,26.934,47.549,0.31,0.2245,0.0
ATOM,2654.0,HA,ASP,173.0,12.802,27.165,49.304,0.09,1.32,0.0
ATOM,2655.0,HB2,ASP,173.0,15.291,28.611,49.325,0.09,1.32,0.0
ATOM,2656.0,HB3,ASP,173.0,14.158,28.877,50.469,0.09,1.32,0.01
ATOM,2657.0,N,ALA,174.0,13.243,29.791,47.496,-0.47,1.85,0.58
ATOM,2658.0,CA,ALA,174.0,12.555,30.984,46.985,0.07,2.275,3.29
ATOM,2659.0,C,ALA,174.0,11.235,30.642,46.278,0.51,2.0,0.13
ATOM,2660.0,O,ALA,174.0,10.222,31.327,46.458,-0.51,1.7,18.93
ATOM,2661.0,CB,ALA,174.0,13.47,31.776,46.062,-0.27,2.06,30.87
ATOM,2662.0,H,ALA,174.0,14.173,29.485,47.169,0.31,0.2245,0.0
ATOM,2663.0,HA,ALA,174.0,12.35,31.596,47.763,0.09,1.32,7.71
ATOM,2664.0,HB1,ALA,174.0,14.066,31.148,45.562,0.09,1.32,0.0
ATOM,2665.0,HB2,ALA,174.0,12.918,32.298,45.412,0.09,1.32,9.69
ATOM,2666.0,HB3,ALA,174.0,14.029,32.404,46.603,0.09,1.32,11.82
ATOM,2667.0,N,GLU,175.0,11.25,29.569,45.488,-0.47,1.85,0.34
ATOM,2668.0,CA,GLU,175.0,10.083,29.158,44.715,0.07,2.275,1.78
ATOM,2669.0,C,GLU,175.0,8.887,28.815,45.614,0.51,2.0,0.0
ATOM,2670.0,O,GLU,175.0,7.734,29.087,45.258,-0.51,1.7,11.32
ATOM,2671.0,CB,GLU,175.0,10.454,27.976,43.816,-0.18,2.175,0.08
ATOM,2672.0,CG,GLU,175.0,9.333,27.44,42.931,-0.28,2.175,0.0
ATOM,2673.0,CD,GLU,175.0,8.762,28.481,41.995,0.62,2.0,0.32
ATOM,2674.0,OE1,GLU,175.0,7.532,28.462,41.754,-0.76,1.7,12.39
ATOM,2675.0,OE2,GLU,175.0,9.538,29.322,41.5,-0.76,1.7,18.56
ATOM,2676.0,H,GLU,175.0,12.156,29.057,45.472,0.31,0.2245,0.0
ATOM,2677.0,HA,GLU,175.0,9.817,29.898,44.08,0.09,1.32,4.78
ATOM,2678.0,HB2,GLU,175.0,11.187,28.272,43.219,0.09,1.32,0.93
ATOM,2679.0,HB3,GLU,175.0,10.75,27.234,44.401,0.09,1.32,0.0
ATOM,2680.0,HG2,GLU,175.0,9.701,26.711,42.381,0.09,1.32,0.0
ATOM,2681.0,HG3,GLU,175.0,8.604,27.129,43.515,0.09,1.32,0.0
ATOM,2682.0,N,PHE,176.0,9.165,28.236,46.782,-0.47,1.85,0.0
ATOM,2683.0,CA,PHE,176.0,8.116,27.832,47.718,0.07,2.275,1.07
ATOM,2684.0,C,PHE,176.0,8.069,28.679,48.996,0.51,2.0,1.66
ATOM,2685.0,O,PHE,176.0,7.386,28.311,49.961,-0.51,1.7,0.0
ATOM,2686.0,CB,PHE,176.0,8.273,26.343,48.053,-0.18,2.175,0.0
ATOM,2687.0,CG,PHE,176.0,7.904,25.446,46.91,0.0,1.9924,0.0
ATOM,2688.0,CD1,PHE,176.0,6.586,25.053,46.726,-0.115,1.9924,0.95
ATOM,2689.0,CD2,PHE,176.0,8.853,25.051,45.984,-0.115,1.9924,0.0
ATOM,2690.0,CE1,PHE,176.0,6.232,24.249,45.663,-0.115,1.9924,0.62
ATOM,2691.0,CE2,PHE,176.0,8.497,24.255,44.897,-0.115,1.9924,0.0
ATOM,2692.0,CZ,PHE,176.0,7.191,23.853,44.744,-0.115,1.9924,0.18
ATOM,2693.0,H,PHE,176.0,10.179,28.098,46.967,0.31,0.2245,0.0
ATOM,2694.0,HA,PHE,176.0,7.229,27.974,47.245,0.09,1.32,0.57
ATOM,2695.0,HB2,PHE,176.0,9.219,26.184,48.277,0.09,1.32,0.0
ATOM,2696.0,HB3,PHE,176.0,7.675,26.142,48.809,0.09,1.32,0.39
ATOM,2697.0,HD1,PHE,176.0,5.886,25.356,47.369,0.115,1.3582,9.81
ATOM,2698.0,HD2,PHE,176.0,9.805,25.338,46.091,0.115,1.3582,0.0
ATOM,2699.0,HE1,PHE,176.0,5.274,23.95,45.558,0.115,1.3582,9.58
ATOM,2700.0,HE2,PHE,176.0,9.208,23.98,44.23,0.115,1.3582,0.0
ATOM,2701.0,HZ,PHE,176.0,6.924,23.274,43.97,0.115,1.3582,0.13
ATOM,2702.0,N,GLY,177.0,8.777,29.81,48.987,-0.47,1.85,2.11
ATOM,2703.0,CA,GLY,177.0,8.806,30.739,50.116,-0.02,2.175,6.91
ATOM,2704.0,C,GLY,177.0,9.175,30.106,51.449,0.51,2.0,0.0
ATOM,2705.0,O,GLY,177.0,8.633,30.473,52.48,-0.51,1.7,0.06
ATOM,2706.0,H,GLY,177.0,9.31,29.975,48.102,0.31,0.2245,0.0
ATOM,2707.0,HA2,GLY,177.0,9.467,31.491,49.909,0.09,1.32,4.16
ATOM,2708.0,HA3,GLY,177.0,7.89,31.186,50.201,0.09,1.32,7.98
ATOM,2709.0,N,LEU,178.0,10.115,29.173,51.426,-0.47,1.85,0.0
ATOM,2710.0,CA,LEU,178.0,10.407,28.313,52.569,0.07,2.275,0.0
ATOM,2711.0,C,LEU,178.0,11.071,29.049,53.734,0.51,2.0,0.0
ATOM,2712.0,O,LEU,178.0,10.755,28.795,54.89,-0.51,1.7,0.0
ATOM,2713.0,CB,LEU,178.0,11.298,27.141,52.121,-0.18,2.175,0.0
ATOM,2714.0,CG,LEU,178.0,10.646,25.775,51.898,-0.09,2.275,0.0
ATOM,2715.0,CD1,LEU,178.0,9.169,25.85,51.515,-0.27,2.06,5.54
ATOM,2716.0,CD2,LEU,178.0,11.42,24.951,50.906,-0.27,2.06,0.0
ATOM,2717.0,H,LEU,178.0,10.633,29.103,50.518,0.31,0.2245,0.0
ATOM,2718.0,HA,LEU,178.0,9.533,27.916,52.904,0.09,1.32,0.0
ATOM,2719.0,HB2,LEU,178.0,11.734,27.408,51.255,0.09,1.32,0.0
ATOM,2720.0,HB3,LEU,178.0,12.011,27.022,52.818,0.09,1.32,0.0
ATOM,2721.0,HG,LEU,178.0,10.739,25.228,52.746,0.09,1.32,0.0
ATOM,2722.0,HD11,LEU,178.0,9.073,26.367,50.665,0.09,1.32,0.0
ATOM,2723.0,HD12,LEU,178.0,8.813,24.925,51.386,0.09,1.32,0.0
ATOM,2724.0,HD13,LEU,178.0,8.66,26.306,52.244,0.09,1.32,0.0
ATOM,2725.0,HD21,LEU,178.0,12.355,24.801,51.239,0.09,1.32,0.0
ATOM,2726.0,HD22,LEU,178.0,10.974,24.061,50.776,0.09,1.32,0.0
ATOM,2727.0,HD23,LEU,178.0,11.461,25.426,50.023,0.09,1.32,0.0
ATOM,2728.0,N,LYS,179.0,11.989,29.955,53.438,-0.47,1.85,0.0
ATOM,2729.0,CA,LYS,179.0,12.8,30.556,54.493,0.07,2.275,0.0
ATOM,2730.0,C,LYS,179.0,11.972,31.378,55.471,0.51,2.0,0.37
ATOM,2731.0,O,LYS,179.0,12.083,31.186,56.681,-0.51,1.7,12.25
ATOM,2732.0,CB,LYS,179.0,13.945,31.375,53.91,-0.18,2.175,12.57
ATOM,2733.0,CG,LYS,179.0,14.956,30.518,53.133,-0.18,2.175,5.6
ATOM,2734.0,CD,LYS,179.0,15.757,29.579,54.053,-0.18,2.175,0.0
ATOM,2735.0,CE,LYS,179.0,17.013,30.265,54.585,0.21,2.175,15.94
ATOM,2736.0,NZ,LYS,179.0,18.049,30.491,53.528,-0.3,1.85,13.55
ATOM,2737.0,H,LYS,179.0,12.079,30.191,52.44,0.31,0.2245,1.39
ATOM,2738.0,HA,LYS,179.0,13.266,29.815,55.006,0.09,1.32,0.0
ATOM,2739.0,HB2,LYS,179.0,13.57,32.047,53.284,0.09,1.32,8.05
ATOM,2740.0,HB3,LYS,179.0,14.429,31.82,54.654,0.09,1.32,5.89
ATOM,2741.0,HG2,LYS,179.0,14.463,29.963,52.463,0.09,1.32,0.0
ATOM,2742.0,HG3,LYS,179.0,15.596,31.122,52.658,0.09,1.32,4.56
ATOM,2743.0,HD2,LYS,179.0,15.183,29.325,54.82,0.09,1.32,0.0
ATOM,2744.0,HD3,LYS,179.0,16.026,28.78,53.532,0.09,1.32,0.0
ATOM,2745.0,HE2,LYS,179.0,16.754,31.153,54.983,0.05,1.32,6.88
ATOM,2746.0,HE3,LYS,179.0,17.41,29.695,55.314,0.05,1.32,6.06
ATOM,2747.0,HZ1,LYS,179.0,18.266,29.62,53.091,0.33,0.2245,10.49
ATOM,2748.0,HZ2,LYS,179.0,17.691,31.13,52.85,0.33,0.2245,13.49
ATOM,2749.0,HZ3,LYS,179.0,18.87,30.871,53.95,0.33,0.2245,20.26
ATOM,2750.0,N,GLU,180.0,11.121,32.26,54.956,-0.47,1.85,0.68
ATOM,2751.0,CA,GLU,180.0,10.263,33.062,55.826,0.07,2.275,2.97
ATOM,2752.0,C,GLU,180.0,9.206,32.207,56.547,0.51,2.0,0.0
ATOM,2753.0,O,GLU,180.0,8.669,32.626,57.566,-0.51,1.7,29.85
ATOM,2754.0,CB,GLU,180.0,9.649,34.264,55.08,-0.18,2.175,11.43
ATOM,2755.0,CG,GLU,180.0,8.665,33.94,53.976,-0.28,2.175,6.11
ATOM,2756.0,CD,GLU,180.0,8.617,35.012,52.886,0.62,2.0,4.45
ATOM,2757.0,OE1,GLU,180.0,8.276,36.181,53.226,-0.76,1.7,41.41
ATOM,2758.0,OE2,GLU,180.0,8.921,34.689,51.701,-0.76,1.7,33.8
ATOM,2759.0,H,GLU,180.0,11.119,32.326,53.928,0.31,0.2245,1.61
ATOM,2760.0,HA,GLU,180.0,10.827,33.538,56.516,0.09,1.32,10.07
ATOM,2761.0,HB2,GLU,180.0,9.176,34.817,55.757,0.09,1.32,9.21
ATOM,2762.0,HB3,GLU,180.0,10.4,34.774,54.678,0.09,1.32,9.34
ATOM,2763.0,HG2,GLU,180.0,8.941,33.101,53.545,0.09,1.32,0.0
ATOM,2764.0,HG3,GLU,180.0,7.764,33.881,54.364,0.09,1.32,8.45
ATOM,2765.0,N,LYS,181.0,8.943,30.998,56.043,-0.47,1.85,0.0
ATOM,2766.0,CA,LYS,181.0,8.097,30.022,56.742,0.07,2.275,1.0
ATOM,2767.0,C,LYS,181.0,8.835,29.22,57.833,0.51,2.0,1.34
ATOM,2768.0,O,LYS,181.0,8.194,28.492,58.597,-0.51,1.7,17.46
ATOM,2769.0,CB,LYS,181.0,7.5,29.027,55.746,-0.18,2.175,1.61
ATOM,2770.0,CG,LYS,181.0,6.489,29.606,54.74,-0.18,2.175,7.91
ATOM,2771.0,CD,LYS,181.0,6.039,28.492,53.771,-0.18,2.175,6.74
ATOM,2772.0,CE,LYS,181.0,5.376,29.009,52.512,0.21,2.175,16.64
ATOM,2773.0,NZ,LYS,181.0,5.264,27.897,51.508,-0.3,1.85,8.29
ATOM,2774.0,H,LYS,181.0,9.385,30.808,55.12,0.31,0.2245,0.0
ATOM,2775.0,HA,LYS,181.0,7.324,30.517,57.181,0.09,1.32,7.77
ATOM,2776.0,HB2,LYS,181.0,8.251,28.616,55.221,0.09,1.32,0.0
ATOM,2777.0,HB3,LYS,181.0,7.035,28.302,56.264,0.09,1.32,2.55
ATOM,2778.0,HG2,LYS,181.0,5.699,29.938,55.23,0.09,1.32,10.33
ATOM,2779.0,HG3,LYS,181.0,6.924,30.323,54.22,0.09,1.32,0.0
ATOM,2780.0,HD2,LYS,181.0,6.848,27.957,53.517,0.09,1.32,0.0
ATOM,2781.0,HD3,LYS,181.0,5.394,27.898,54.258,0.09,1.32,10.92
ATOM,2782.0,HE2,LYS,181.0,4.464,29.339,52.729,0.05,1.32,11.2
ATOM,2783.0,HE3,LYS,181.0,5.927,29.739,52.123,0.05,1.32,0.8
ATOM,2784.0,HZ1,LYS,181.0,5.241,28.289,50.591,0.33,0.2245,9.85
ATOM,2785.0,HZ2,LYS,181.0,6.054,27.295,51.601,0.33,0.2245,1.73
ATOM,2786.0,HZ3,LYS,181.0,4.425,27.387,51.681,0.33,0.2245,19.46
ATOM,2787.0,N,GLY,182.0,10.166,29.309,57.875,-0.47,1.85,0.1
ATOM,2788.0,CA,GLY,182.0,10.976,28.632,58.882,-0.02,2.175,12.88
ATOM,2789.0,C,GLY,182.0,11.594,27.317,58.412,0.51,2.0,0.0
ATOM,2790.0,O,GLY,182.0,11.932,26.468,59.232,-0.51,1.7,0.19
ATOM,2791.0,H,GLY,182.0,10.577,29.908,57.121,0.31,0.2245,0.0
ATOM,2792.0,HA2,GLY,182.0,11.723,29.258,59.187,0.09,1.32,3.61
ATOM,2793.0,HA3,GLY,182.0,10.402,28.451,59.707,0.09,1.32,6.99
ATOM,2794.0,N,TYR,183.0,11.75,27.153,57.096,-0.47,1.85,0.0
ATOM,2795.0,CA,TYR,183.0,12.223,25.884,56.531,0.07,2.275,0.0
ATOM,2796.0,C,TYR,183.0,13.27,26.068,55.449,0.51,2.0,0.0
ATOM,2797.0,O,TYR,183.0,13.423,27.148,54.875,-0.51,1.7,0.0
ATOM,2798.0,CB,TYR,183.0,11.052,25.078,55.958,-0.18,2.175,0.14
ATOM,2799.0,CG,TYR,183.0,10.032,24.682,56.987,0.0,1.9924,0.0
ATOM,2800.0,CD1,TYR,183.0,8.903,25.465,57.212,-0.115,1.9924,2.37
ATOM,2801.0,CD2,TYR,183.0,10.202,23.534,57.758,-0.115,1.9924,0.0
ATOM,2802.0,CE1,TYR,183.0,7.963,25.108,58.172,-0.115,1.9924,5.63
ATOM,2803.0,CE2,TYR,183.0,9.277,23.18,58.717,-0.115,1.9924,0.0
ATOM,2804.0,CZ,TYR,183.0,8.155,23.971,58.919,0.11,1.9924,0.25
ATOM,2805.0,OH,TYR,183.0,7.224,23.618,59.864,-0.54,1.77,9.72
ATOM,2806.0,H,TYR,183.0,11.513,27.981,56.521,0.31,0.2245,0.0
ATOM,2807.0,HA,TYR,183.0,12.636,25.343,57.285,0.09,1.32,0.0
ATOM,2808.0,HB2,TYR,183.0,10.604,25.636,55.264,0.09,1.32,0.0
ATOM,2809.0,HB3,TYR,183.0,11.421,24.25,55.543,0.09,1.32,0.0
ATOM,2810.0,HD1,TYR,183.0,8.764,26.299,56.676,0.115,1.3582,0.0
ATOM,2811.0,HD2,TYR,183.0,11.007,22.962,57.609,0.115,1.3582,0.0
ATOM,2812.0,HE1,TYR,183.0,7.152,25.68,58.313,0.115,1.3582,9.71
ATOM,2813.0,HE2,TYR,183.0,9.41,22.355,59.27,0.115,1.3582,0.0
ATOM,2814.0,HH,TYR,183.0,7.528,22.79,60.333,0.43,0.2245,0.0
ATOM,2815.0,N,THR,184.0,13.995,24.994,55.165,-0.47,1.85,0.0
ATOM,2816.0,CA,THR,184.0,14.918,24.99,54.042,0.07,2.275,0.0
ATOM,2817.0,C,THR,184.0,15.005,23.594,53.415,0.51,2.0,0.0
ATOM,2818.0,O,THR,184.0,14.971,22.563,54.104,-0.51,1.7,0.0
ATOM,2819.0,CB,THR,184.0,16.297,25.549,54.471,0.14,2.275,0.62
ATOM,2820.0,OG1,THR,184.0,17.117,25.754,53.315,-0.66,1.77,9.23
ATOM,2821.0,CG2,THR,184.0,17.067,24.532,55.339,-0.27,2.06,11.29
ATOM,2822.0,H,THR,184.0,13.849,24.186,55.794,0.31,0.2245,0.0
ATOM,2823.0,HA,THR,184.0,14.578,25.626,53.34,0.09,1.32,0.0
ATOM,2824.0,HB,THR,184.0,16.155,26.45,54.927,0.09,1.32,0.0
ATOM,2825.0,HG21,THR,184.0,17.013,23.629,54.914,0.09,1.32,0.0
ATOM,2826.0,HG22,THR,184.0,18.023,24.815,55.409,0.09,1.32,11.19
ATOM,2827.0,HG23,THR,184.0,16.658,24.5,56.25,0.09,1.32,0.0
ATOM,2828.0,HG1,THR,184.0,16.659,26.37,52.666,0.43,0.2245,0.0
ATOM,2829.0,N,SER,185.0,15.106,23.567,52.091,-0.47,1.85,0.0
ATOM,2830.0,CA,SER,185.0,15.064,22.313,51.348,0.07,2.275,0.0
ATOM,2831.0,C,SER,185.0,16.443,21.647,51.393,0.51,2.0,0.0
ATOM,2832.0,O,SER,185.0,17.471,22.317,51.333,-0.51,1.7,2.41
ATOM,2833.0,CB,SER,185.0,14.588,22.536,49.906,0.05,2.175,0.0
ATOM,2834.0,OG,SER,185.0,15.37,23.501,49.212,-0.66,1.77,0.0
ATOM,2835.0,H,SER,185.0,15.215,24.496,51.641,0.31,0.2245,0.0
ATOM,2836.0,HA,SER,185.0,14.415,21.701,51.8,0.09,1.32,0.0
ATOM,2837.0,HB2,SER,185.0,14.639,21.666,49.414,0.09,1.32,0.0
ATOM,2838.0,HB3,SER,185.0,13.637,22.848,49.928,0.09,1.32,0.0
ATOM,2839.0,HG,SER,185.0,15.197,24.405,49.597,0.43,0.2245,0.0
ATOM,2840.0,N,LEU,186.0,16.447,20.327,51.511,-0.47,1.85,0.0
ATOM,2841.0,CA,LEU,186.0,17.668,19.557,51.723,0.07,2.275,0.12
ATOM,2842.0,C,LEU,186.0,17.878,18.472,50.675,0.51,2.0,0.0
ATOM,2843.0,O,LEU,186.0,18.971,18.35,50.147,-0.51,1.7,5.85
ATOM,2844.0,CB,LEU,186.0,17.637,18.899,53.098,-0.18,2.175,0.0
ATOM,2845.0,CG,LEU,186.0,17.721,19.85,54.296,-0.09,2.275,0.0
ATOM,2846.0,CD1,LEU,186.0,17.802,19.017,55.543,-0.27,2.06,0.0
ATOM,2847.0,CD2,LEU,186.0,18.905,20.793,54.187,-0.27,2.06,20.29
ATOM,2848.0,H,LEU,186.0,15.502,19.884,51.439,0.31,0.2245,0.0
ATOM,2849.0,HA,LEU,186.0,18.458,20.193,51.685,0.09,1.32,2.59
ATOM,2850.0,HB2,LEU,186.0,16.781,18.397,53.18,0.09,1.32,0.0
ATOM,2851.0,HB3,LEU,186.0,18.41,18.277,53.16,0.09,1.32,0.0
ATOM,2852.0,HG,LEU,186.0,16.906,20.413,54.314,0.09,1.32,0.0
ATOM,2853.0,HD11,LEU,186.0,18.616,18.431,55.513,0.09,1.32,0.0
ATOM,2854.0,HD12,LEU,186.0,17.858,19.61,56.35,0.09,1.32,0.0
ATOM,2855.0,HD13,LEU,186.0,16.987,18.437,55.623,0.09,1.32,0.0
ATOM,2856.0,HD21,LEU,186.0,18.821,21.345,53.356,0.09,1.32,0.47
ATOM,2857.0,HD22,LEU,186.0,18.928,21.398,54.985,0.09,1.32,2.22
ATOM,2858.0,HD23,LEU,186.0,19.754,20.264,54.148,0.09,1.32,5.92
ATOM,2859.0,N,VAL,187.0,16.84,17.672,50.433,-0.47,1.85,0.0
ATOM,2860.0,CA,VAL,187.0,16.878,16.562,49.485,0.07,2.275,0.0
ATOM,2861.0,C,VAL,187.0,15.585,16.496,48.682,0.51,2.0,0.0
ATOM,2862.0,O,VAL,187.0,14.498,16.603,49.241,-0.51,1.7,0.0
ATOM,2863.0,CB,VAL,187.0,17.034,15.207,50.213,-0.09,2.275,0.0
ATOM,2864.0,CG1,VAL,187.0,17.306,14.068,49.208,-0.27,2.06,0.75
ATOM,2865.0,CG2,VAL,187.0,18.132,15.283,51.264,-0.27,2.06,0.4
ATOM,2866.0,H,VAL,187.0,15.981,17.912,50.99,0.31,0.2245,0.0
ATOM,2867.0,HA,VAL,187.0,17.635,16.725,48.843,0.09,1.32,0.0
ATOM,2868.0,HB,VAL,187.0,16.168,14.995,50.653,0.09,1.32,0.0
ATOM,2869.0,HG11,VAL,187.0,18.288,13.904,49.163,0.09,1.32,1.99
ATOM,2870.0,HG12,VAL,187.0,16.837,13.245,49.517,0.09,1.32,0.0
ATOM,2871.0,HG13,VAL,187.0,16.964,14.339,48.312,0.09,1.32,0.0
ATOM,2872.0,HG21,VAL,187.0,18.074,14.482,51.86,0.09,1.32,0.0
ATOM,2873.0,HG22,VAL,187.0,19.023,15.301,50.81,0.09,1.32,0.0
ATOM,2874.0,HG23,VAL,187.0,18.013,16.115,51.806,0.09,1.32,0.0
ATOM,2875.0,N,VAL,188.0,15.704,16.31,47.372,-0.47,1.85,0.0
ATOM,2876.0,CA,VAL,188.0,14.557,16.09,46.515,0.07,2.275,0.0
ATOM,2877.0,C,VAL,188.0,14.539,14.604,46.122,0.51,2.0,0.0
ATOM,2878.0,O,VAL,188.0,15.546,14.069,45.677,-0.51,1.7,0.0
ATOM,2879.0,CB,VAL,188.0,14.593,17.025,45.285,-0.09,2.275,0.0
ATOM,2880.0,CG1,VAL,188.0,13.457,16.697,44.31,-0.27,2.06,0.0
ATOM,2881.0,CG2,VAL,188.0,14.477,18.482,45.722,-0.27,2.06,0.0
ATOM,2882.0,H,VAL,188.0,16.687,16.337,47.021,0.31,0.2245,0.0
ATOM,2883.0,HA,VAL,188.0,13.728,16.274,47.034,0.09,1.32,0.0
ATOM,2884.0,HB,VAL,188.0,15.446,16.856,44.8,0.09,1.32,0.0
ATOM,2885.0,HG11,VAL,188.0,13.84,16.527,43.404,0.09,1.32,0.0
ATOM,2886.0,HG12,VAL,188.0,12.974,15.884,44.629,0.09,1.32,0.0
ATOM,2887.0,HG13,VAL,188.0,12.826,17.469,44.269,0.09,1.32,0.0
ATOM,2888.0,HG21,VAL,188.0,13.935,18.531,46.56,0.09,1.32,0.0
ATOM,2889.0,HG22,VAL,188.0,15.391,18.848,45.889,0.09,1.32,0.0
ATOM,2890.0,HG23,VAL,188.0,14.03,19.007,44.999,0.09,1.32,0.0
ATOM,2891.0,N,VAL,189.0,13.402,13.937,46.321,-0.47,1.85,0.0
ATOM,2892.0,CA,VAL,189.0,13.268,12.519,46.017,0.07,2.275,0.0
ATOM,2893.0,C,VAL,189.0,12.111,12.263,45.05,0.51,2.0,0.0
ATOM,2894.0,O,VAL,189.0,10.963,12.113,45.474,-0.51,1.7,0.0
ATOM,2895.0,CB,VAL,189.0,13.036,11.667,47.274,-0.09,2.275,0.0
ATOM,2896.0,CG1,VAL,189.0,12.99,10.175,46.895,-0.27,2.06,0.0
ATOM,2897.0,CG2,VAL,189.0,14.108,11.938,48.317,-0.27,2.06,0.0
ATOM,2898.0,H,VAL,189.0,12.626,14.515,46.709,0.31,0.2245,0.0
ATOM,2899.0,HA,VAL,189.0,14.117,12.21,45.569,0.09,1.32,0.0
ATOM,2900.0,HB,VAL,189.0,12.142,11.893,47.639,0.09,1.32,0.0
ATOM,2901.0,HG11,VAL,189.0,13.818,9.73,47.227,0.09,1.32,0.0
ATOM,2902.0,HG12,VAL,189.0,12.188,9.758,47.315,0.09,1.32,0.0
ATOM,2903.0,HG13,VAL,189.0,12.935,10.093,45.903,0.09,1.32,0.0
ATOM,2904.0,HG21,VAL,189.0,14.644,12.736,48.041,0.09,1.32,0.0
ATOM,2905.0,HG22,VAL,189.0,13.673,12.115,49.2,0.09,1.32,0.0
ATOM,2906.0,HG23,VAL,189.0,14.707,11.14,48.391,0.09,1.32,0.0
ATOM,2907.0,N,PRO,190.0,12.4,12.225,43.75,-0.29,1.85,0.0
ATOM,2908.0,CA,PRO,190.0,11.411,11.763,42.773,0.02,2.275,0.0
ATOM,2909.0,C,PRO,190.0,11.081,10.276,42.961,0.51,2.0,0.0
ATOM,2910.0,O,PRO,190.0,11.977,9.463,43.198,-0.51,1.7,0.0
ATOM,2911.0,CB,PRO,190.0,12.11,12.022,41.431,-0.18,2.175,0.0
ATOM,2912.0,CG,PRO,190.0,13.106,13.077,41.737,-0.18,2.175,0.0
ATOM,2913.0,CD,PRO,190.0,13.634,12.682,43.086,0.0,2.175,0.0
ATOM,2914.0,HA,PRO,190.0,10.571,12.319,42.822,0.09,1.32,0.0
ATOM,2915.0,HB2,PRO,190.0,12.554,11.185,41.101,0.09,1.32,0.0
ATOM,2916.0,HB3,PRO,190.0,11.448,12.332,40.746,0.09,1.32,0.0
ATOM,2917.0,HG2,PRO,190.0,13.838,13.085,41.056,0.09,1.32,0.0
ATOM,2918.0,HG3,PRO,190.0,12.672,13.977,41.773,0.09,1.32,0.0
ATOM,2919.0,HD2,PRO,190.0,14.29,11.942,43.02,0.09,1.32,0.0
ATOM,2920.0,HD3,PRO,190.0,14.025,13.457,43.568,0.09,1.32,0.0
ATOM,2921.0,N,VAL,191.0,9.802,9.946,42.847,-0.47,1.85,0.0
ATOM,2922.0,CA,VAL,191.0,9.309,8.592,43.05,0.07,2.275,0.0
ATOM,2923.0,C,VAL,191.0,8.383,8.242,41.888,0.51,2.0,0.0
ATOM,2924.0,O,VAL,191.0,7.601,9.065,41.435,-0.51,1.7,0.0
ATOM,2925.0,CB,VAL,191.0,8.543,8.441,44.4,-0.09,2.275,0.0
ATOM,2926.0,CG1,VAL,191.0,8.112,6.988,44.622,-0.27,2.06,0.0
ATOM,2927.0,CG2,VAL,191.0,9.388,8.918,45.561,-0.27,2.06,0.0
ATOM,2928.0,H,VAL,191.0,9.173,10.748,42.597,0.31,0.2245,0.0
ATOM,2929.0,HA,VAL,191.0,10.084,7.966,43.024,0.09,1.32,0.0
ATOM,2930.0,HB,VAL,191.0,7.714,8.984,44.333,0.09,1.32,0.0
ATOM,2931.0,HG11,VAL,191.0,8.908,6.392,44.535,0.09,1.32,0.0
ATOM,2932.0,HG12,VAL,191.0,7.721,6.897,45.536,0.09,1.32,0.0
ATOM,2933.0,HG13,VAL,191.0,7.429,6.739,43.938,0.09,1.32,0.0
ATOM,2934.0,HG21,VAL,191.0,9.217,8.338,46.359,0.09,1.32,0.0
ATOM,2935.0,HG22,VAL,191.0,10.357,8.867,45.313,0.09,1.32,0.0
ATOM,2936.0,HG23,VAL,191.0,9.15,9.866,45.781,0.09,1.32,0.0
ATOM,2937.0,N,GLY,192.0,8.467,7.007,41.414,-0.47,1.85,0.0
ATOM,2938.0,CA,GLY,192.0,7.652,6.56,40.295,-0.02,2.175,0.0
ATOM,2939.0,C,GLY,192.0,8.095,5.193,39.835,0.51,2.0,0.0
ATOM,2940.0,O,GLY,192.0,8.382,4.336,40.658,-0.51,1.7,0.0
ATOM,2941.0,H,GLY,192.0,9.153,6.397,41.903,0.31,0.2245,0.0
ATOM,2942.0,HA2,GLY,192.0,6.687,6.525,40.577,0.09,1.32,0.0
ATOM,2943.0,HA3,GLY,192.0,7.737,7.216,39.536,0.09,1.32,0.0
ATOM,2944.0,N,HIS,193.0,8.142,4.995,38.519,-0.47,1.85,0.0
ATOM,2945.0,CA,HIS,193.0,8.595,3.746,37.918,0.07,2.275,0.0
ATOM,2946.0,C,HIS,193.0,9.679,4.061,36.896,0.51,2.0,0.0
ATOM,2947.0,O,HIS,193.0,9.51,4.966,36.08,-0.51,1.7,0.0
ATOM,2948.0,CB,HIS,193.0,7.426,3.043,37.22,-0.09,2.175,0.37
ATOM,2949.0,CG,HIS,193.0,6.351,2.6,38.163,-0.05,1.8,0.0
ATOM,2950.0,H,HIS,193.0,7.824,5.817,37.952,0.31,0.2245,0.28
ATOM,2951.0,HA,HIS,193.0,8.993,3.174,38.633,0.09,1.32,0.0
ATOM,2952.0,HB2,HIS,193.0,7.021,3.672,36.55,0.09,1.32,0.0
ATOM,2953.0,HB3,HIS,193.0,7.775,2.235,36.735,0.09,1.32,5.44
ATOM,2954.0,ND1,HIS,193.0,5.148,3.267,38.286,-0.36,1.85,0.0
ATOM,2955.0,CD2,HIS,193.0,6.311,1.581,39.053,0.22,1.8,11.49
ATOM,2956.0,CE1,HIS,193.0,4.407,2.664,39.199,0.25,1.8,11.22
ATOM,2957.0,NE2,HIS,193.0,5.089,1.639,39.681,-0.7,1.85,12.76
ATOM,2958.0,HD1,HIS,193.0,4.883,4.077,37.765,0.32,0.2245,0.0
ATOM,2959.0,HD2,HIS,193.0,7.03,0.914,39.224,0.1,1.468,7.42
ATOM,2960.0,HE1,HIS,193.0,3.49,2.935,39.479,0.13,0.9,2.84
ATOM,2961.0,N,HIS,194.0,10.78,3.311,36.938,-0.47,1.85,0.08
ATOM,2962.0,CA,HIS,194.0,11.888,3.532,36.029,0.07,2.275,0.0
ATOM,2963.0,C,HIS,194.0,11.536,3.065,34.616,0.51,2.0,0.0
ATOM,2964.0,O,HIS,194.0,10.741,2.137,34.43,-0.51,1.7,12.15
ATOM,2965.0,CB,HIS,194.0,13.159,2.833,36.531,-0.09,2.175,0.0
ATOM,2966.0,CG,HIS,194.0,13.188,1.358,36.285,-0.05,1.8,0.0
ATOM,2967.0,H,HIS,194.0,10.77,2.57,37.667,0.31,0.2245,0.05
ATOM,2968.0,HA,HIS,194.0,12.084,4.519,35.99,0.09,1.32,0.0
ATOM,2969.0,HB2,HIS,194.0,13.958,3.247,36.076,0.09,1.32,0.0
ATOM,2970.0,HB3,HIS,194.0,13.245,2.991,37.523,0.09,1.32,0.0
ATOM,2971.0,ND1,HIS,194.0,12.745,0.44,37.214,-0.36,1.85,0.73
ATOM,2972.0,CD2,HIS,194.0,13.634,0.636,35.229,0.22,1.8,0.76
ATOM,2973.0,CE1,HIS,194.0,12.906,-0.781,36.737,0.25,1.8,22.01
ATOM,2974.0,NE2,HIS,194.0,13.442,-0.69,35.533,-0.7,1.85,20.67
ATOM,2975.0,HD1,HIS,194.0,12.361,0.667,38.109,0.32,0.2245,0.0
ATOM,2976.0,HD2,HIS,194.0,14.029,0.998,34.389,0.1,1.468,0.15
ATOM,2977.0,HE1,HIS,194.0,12.666,-1.627,37.205,0.13,0.9,17.84
ATOM,2978.0,N,SER,195.0,12.138,3.725,33.634,-0.47,1.85,0.0
ATOM,2979.0,CA,SER,195.0,11.979,3.362,32.238,0.07,2.275,0.08
ATOM,2980.0,C,SER,195.0,13.067,2.392,31.847,0.51,2.0,0.0
ATOM,2981.0,O,SER,195.0,14.077,2.252,32.543,-0.51,1.7,0.16
ATOM,2982.0,CB,SER,195.0,12.006,4.605,31.348,0.05,2.175,6.15
ATOM,2983.0,OG,SER,195.0,13.317,5.004,31.013,-0.66,1.77,1.46
ATOM,2984.0,H,SER,195.0,12.733,4.524,33.954,0.31,0.2245,0.0
ATOM,2985.0,HA,SER,195.0,11.095,2.9,32.134,0.09,1.32,3.06
ATOM,2986.0,HB2,SER,195.0,11.5,4.406,30.506,0.09,1.32,7.53
ATOM,2987.0,HB3,SER,195.0,11.551,5.355,31.833,0.09,1.32,0.0
ATOM,2988.0,HG,SER,195.0,13.418,5.027,30.018,0.43,0.2245,1.08
ATOM,2989.0,N,VAL,196.0,12.853,1.737,30.714,-0.47,1.85,2.69
ATOM,2990.0,CA,VAL,196.0,13.764,0.724,30.195,0.07,2.275,2.61
ATOM,2991.0,C,VAL,196.0,15.115,1.351,29.807,0.51,2.0,0.0
ATOM,2992.0,O,VAL,196.0,16.134,0.666,29.694,-0.51,1.7,20.74
ATOM,2993.0,CB,VAL,196.0,13.107,-0.008,28.982,-0.09,2.275,3.2
ATOM,2994.0,CG1,VAL,196.0,13.086,0.9,27.733,-0.27,2.06,25.79
ATOM,2995.0,CG2,VAL,196.0,13.791,-1.337,28.702,-0.27,2.06,39.38
ATOM,2996.0,H,VAL,196.0,11.969,2.011,30.22,0.31,0.2245,4.99
ATOM,2997.0,HA,VAL,196.0,13.939,0.052,30.921,0.09,1.32,5.31
ATOM,2998.0,HB,VAL,196.0,12.161,-0.19,29.22,0.09,1.32,9.69
ATOM,2999.0,HG11,VAL,196.0,12.397,1.609,27.861,0.09,1.32,6.31
ATOM,3000.0,HG12,VAL,196.0,13.985,1.314,27.62,0.09,1.32,0.43
ATOM,3001.0,HG13,VAL,196.0,12.862,0.347,26.935,0.09,1.32,9.01
ATOM,3002.0,HG21,VAL,196.0,13.212,-2.083,29.032,0.09,1.32,11.69
ATOM,3003.0,HG22,VAL,196.0,13.935,-1.434,27.717,0.09,1.32,7.84
ATOM,3004.0,HG23,VAL,196.0,14.672,-1.361,29.174,0.09,1.32,4.0
ATOM,3005.0,N,GLU,197.0,15.121,2.667,29.629,-0.47,1.85,0.0
ATOM,3006.0,CA,GLU,197.0,16.338,3.414,29.308,0.07,2.275,2.06
ATOM,3007.0,C,GLU,197.0,17.112,3.889,30.549,0.51,2.0,0.1
ATOM,3008.0,O,GLU,197.0,18.098,4.633,30.436,-0.51,1.7,14.15
ATOM,3009.0,CB,GLU,197.0,15.966,4.597,28.42,-0.18,2.175,5.67
ATOM,3010.0,CG,GLU,197.0,15.242,4.169,27.138,-0.28,2.175,7.38
ATOM,3011.0,CD,GLU,197.0,14.747,5.343,26.318,0.62,2.0,5.76
ATOM,3012.0,OE1,GLU,197.0,14.729,5.25,25.06,-0.76,1.7,45.74
ATOM,3013.0,OE2,GLU,197.0,14.383,6.363,26.938,-0.76,1.7,37.02
ATOM,3014.0,H,GLU,197.0,14.188,3.123,29.737,0.31,0.2245,0.0
ATOM,3015.0,HA,GLU,197.0,16.95,2.836,28.739,0.09,1.32,7.68
ATOM,3016.0,HB2,GLU,197.0,15.355,5.173,28.921,0.09,1.32,0.03
ATOM,3017.0,HB3,GLU,197.0,16.79,5.049,28.152,0.09,1.32,8.24
ATOM,3018.0,HG2,GLU,197.0,15.878,3.663,26.586,0.09,1.32,9.97
ATOM,3019.0,HG3,GLU,197.0,14.461,3.631,27.396,0.09,1.32,0.0
ATOM,3020.0,N,ASP,198.0,16.669,3.465,31.728,-0.47,1.85,0.0
ATOM,3021.0,CA,ASP,198.0,17.402,3.695,32.976,0.07,2.275,0.0
ATOM,3022.0,C,ASP,198.0,18.59,2.73,33.029,0.51,2.0,0.0
ATOM,3023.0,O,ASP,198.0,18.461,1.576,33.45,-0.51,1.7,2.9
ATOM,3024.0,CB,ASP,198.0,16.471,3.48,34.172,-0.28,2.175,0.0
ATOM,3025.0,CG,ASP,198.0,17.164,3.657,35.515,0.62,2.0,0.0
ATOM,3026.0,OD1,ASP,198.0,18.357,4.019,35.568,-0.76,1.7,0.0
ATOM,3027.0,OD2,ASP,198.0,16.57,3.441,36.59,-0.76,1.7,0.0
ATOM,3028.0,H,ASP,198.0,15.758,2.956,31.692,0.31,0.2245,0.0
ATOM,3029.0,HA,ASP,198.0,17.777,4.618,32.934,0.09,1.32,0.06
ATOM,3030.0,HB2,ASP,198.0,15.73,4.141,34.108,0.09,1.32,0.0
ATOM,3031.0,HB3,ASP,198.0,16.111,2.554,34.12,0.09,1.32,0.0
ATOM,3032.0,N,PHE,199.0,19.747,3.22,32.587,-0.47,1.85,0.0
ATOM,3033.0,CA,PHE,199.0,20.963,2.411,32.523,0.07,2.275,4.26
ATOM,3034.0,C,PHE,199.0,21.327,1.827,33.887,0.51,2.0,0.0
ATOM,3035.0,O,PHE,199.0,21.82,0.695,33.987,-0.51,1.7,1.82
ATOM,3036.0,CB,PHE,199.0,22.13,3.252,31.979,-0.18,2.175,18.92
ATOM,3037.0,CG,PHE,199.0,22.698,4.243,32.978,0.0,1.9924,0.51
ATOM,3038.0,CD1,PHE,199.0,23.766,3.886,33.807,-0.115,1.9924,7.38
ATOM,3039.0,CD2,PHE,199.0,22.171,5.524,33.085,-0.115,1.9924,9.12
ATOM,3040.0,CE1,PHE,199.0,24.295,4.788,34.728,-0.115,1.9924,9.38
ATOM,3041.0,CE2,PHE,199.0,22.703,6.436,33.996,-0.115,1.9924,10.49
ATOM,3042.0,CZ,PHE,199.0,23.765,6.067,34.821,-0.115,1.9924,10.6
ATOM,3043.0,H,PHE,199.0,19.711,4.219,32.294,0.31,0.2245,0.0
ATOM,3044.0,HA,PHE,199.0,20.764,1.63,31.917,0.09,1.32,8.24
ATOM,3045.0,HB2,PHE,199.0,22.855,2.633,31.722,0.09,1.32,8.42
ATOM,3046.0,HB3,PHE,199.0,21.798,3.764,31.202,0.09,1.32,6.23
ATOM,3047.0,HD1,PHE,199.0,24.158,2.973,33.739,0.115,1.3582,1.03
ATOM,3048.0,HD2,PHE,199.0,21.406,5.797,32.505,0.115,1.3582,7.0
ATOM,3049.0,HE1,PHE,199.0,25.056,4.504,35.319,0.115,1.3582,5.69
ATOM,3050.0,HE2,PHE,199.0,22.312,7.368,34.055,0.115,1.3582,8.34
ATOM,3051.0,HZ,PHE,199.0,24.142,6.719,35.474,0.115,1.3582,10.55
ATOM,3052.0,N,ASN,200.0,21.048,2.594,34.932,-0.47,1.85,0.0
ATOM,3053.0,CA,ASN,200.0,21.454,2.24,36.296,0.07,2.275,0.0
ATOM,3054.0,C,ASN,200.0,20.647,1.095,36.904,0.51,2.0,0.0
ATOM,3055.0,O,ASN,200.0,21.034,0.536,37.927,-0.51,1.7,2.31
ATOM,3056.0,CB,ASN,200.0,21.381,3.473,37.207,-0.18,2.175,0.0
ATOM,3057.0,CG,ASN,200.0,22.307,3.367,38.41,0.55,2.0,0.0
ATOM,3058.0,H,ASN,200.0,20.52,3.464,34.707,0.31,0.2245,0.0
ATOM,3059.0,HA,ASN,200.0,22.42,1.927,36.245,0.09,1.32,0.0
ATOM,3060.0,HB2,ASN,200.0,21.643,4.272,36.675,0.09,1.32,0.0
ATOM,3061.0,HB3,ASN,200.0,20.446,3.566,37.534,0.09,1.32,0.0
ATOM,3062.0,OD1,ASN,200.0,23.424,2.844,38.303,-0.55,1.7,15.41
ATOM,3063.0,ND2,ASN,200.0,21.843,3.84,39.563,-0.62,1.85,1.32
ATOM,3064.0,HD22,ASN,200.0,20.922,4.234,39.602,0.3,0.2245,0.0
ATOM,3065.0,HD21,ASN,200.0,22.407,3.803,40.385,0.32,0.2245,13.55
ATOM,3066.0,N,ALA,201.0,19.524,0.755,36.281,-0.47,1.85,0.0
ATOM,3067.0,CA,ALA,201.0,18.701,-0.355,36.745,0.07,2.275,0.0
ATOM,3068.0,C,ALA,201.0,19.408,-1.707,36.559,0.51,2.0,0.0
ATOM,3069.0,O,ALA,201.0,19.137,-2.651,37.307,-0.51,1.7,26.44
ATOM,3070.0,CB,ALA,201.0,17.356,-0.346,36.041,-0.27,2.06,3.15
ATOM,3071.0,H,ALA,201.0,19.29,1.336,35.454,0.31,0.2245,0.0
ATOM,3072.0,HA,ALA,201.0,18.509,-0.232,37.729,0.09,1.32,0.0
ATOM,3073.0,HB1,ALA,201.0,16.857,-1.185,36.259,0.09,1.32,5.09
ATOM,3074.0,HB2,ALA,201.0,16.823,0.444,36.345,0.09,1.32,0.0
ATOM,3075.0,HB3,ALA,201.0,17.495,-0.291,35.052,0.09,1.32,1.46
ATOM,3076.0,N,THR,202.0,20.325,-1.792,35.595,-0.47,1.85,0.0
ATOM,3077.0,CA,THR,202.0,21.02,-3.052,35.302,0.07,2.275,1.66
ATOM,3078.0,C,THR,202.0,22.521,-3.041,35.573,0.51,2.0,0.82
ATOM,3079.0,O,THR,202.0,23.165,-4.072,35.419,-0.51,1.7,23.48
ATOM,3080.0,CB,THR,202.0,20.763,-3.498,33.834,0.14,2.275,8.02
ATOM,3081.0,OG1,THR,202.0,21.039,-2.424,32.932,-0.66,1.77,21.08
ATOM,3082.0,CG2,THR,202.0,19.298,-3.796,33.612,-0.27,2.06,34.23
ATOM,3083.0,H,THR,202.0,20.502,-0.911,35.08,0.31,0.2245,0.0
ATOM,3084.0,HA,THR,202.0,20.598,-3.785,35.877,0.09,1.32,5.63
ATOM,3085.0,HB,THR,202.0,21.395,-4.272,33.618,0.09,1.32,8.22
ATOM,3086.0,HG21,THR,202.0,19.193,-4.508,32.912,0.09,1.32,11.84
ATOM,3087.0,HG22,THR,202.0,18.878,-4.116,34.466,0.09,1.32,5.89
ATOM,3088.0,HG23,THR,202.0,18.82,-2.968,33.306,0.09,1.32,5.14
ATOM,3089.0,HG1,THR,202.0,21.275,-1.589,33.442,0.43,0.2245,0.11
ATOM,3090.0,N,LEU,203.0,23.071,-1.889,35.951,-0.47,1.85,1.09
ATOM,3091.0,CA,LEU,203.0,24.48,-1.782,36.34,0.07,2.275,0.48
ATOM,3092.0,C,LEU,203.0,24.68,-2.414,37.715,0.51,2.0,0.09
ATOM,3093.0,O,LEU,203.0,23.863,-2.22,38.605,-0.51,1.7,13.46
ATOM,3094.0,CB,LEU,203.0,24.919,-0.317,36.419,-0.18,2.175,0.28
ATOM,3095.0,CG,LEU,203.0,25.682,0.32,35.257,-0.09,2.275,1.16
ATOM,3096.0,CD1,LEU,203.0,26.12,1.728,35.665,-0.27,2.06,15.36
ATOM,3097.0,CD2,LEU,203.0,26.885,-0.523,34.821,-0.27,2.06,29.66
ATOM,3098.0,H,LEU,203.0,22.42,-1.076,35.947,0.31,0.2245,0.0
ATOM,3099.0,HA,LEU,203.0,25.033,-2.285,35.676,0.09,1.32,0.51
ATOM,3100.0,HB2,LEU,203.0,24.085,0.242,36.567,0.09,1.32,0.0
ATOM,3101.0,HB3,LEU,203.0,25.499,-0.218,37.244,0.09,1.32,0.58
ATOM,3102.0,HG,LEU,203.0,25.085,0.378,34.467,0.09,1.32,2.64
ATOM,3103.0,HD11,LEU,203.0,26.711,1.67,36.468,0.09,1.32,9.11
ATOM,3104.0,HD12,LEU,203.0,26.619,2.15,34.91,0.09,1.32,7.95
ATOM,3105.0,HD13,LEU,203.0,25.313,2.275,35.881,0.09,1.32,0.0
ATOM,3106.0,HD21,LEU,203.0,26.567,-1.424,34.529,0.09,1.32,4.18
ATOM,3107.0,HD22,LEU,203.0,27.349,-0.067,34.063,0.09,1.32,10.23
ATOM,3108.0,HD23,LEU,203.0,27.514,-0.621,35.59,0.09,1.32,6.07
ATOM,3109.0,N,PRO,204.0,25.766,-3.156,37.905,-0.29,1.85,0.0
ATOM,3110.0,CA,PRO,204.0,26.071,-3.724,39.225,0.02,2.275,2.63
ATOM,3111.0,C,PRO,204.0,26.122,-2.65,40.315,0.51,2.0,0.0
ATOM,3112.0,O,PRO,204.0,26.624,-1.552,40.078,-0.51,1.7,13.93
ATOM,3113.0,CB,PRO,204.0,27.463,-4.345,39.038,-0.18,2.175,13.32
ATOM,3114.0,CG,PRO,204.0,27.633,-4.54,37.578,-0.18,2.175,21.54
ATOM,3115.0,CD,PRO,204.0,26.771,-3.527,36.89,0.0,2.175,7.61
ATOM,3116.0,HA,PRO,204.0,25.403,-4.443,39.466,0.09,1.32,8.92
ATOM,3117.0,HB2,PRO,204.0,28.173,-3.729,39.409,0.09,1.32,6.6
ATOM,3118.0,HB3,PRO,204.0,27.524,-5.222,39.534,0.09,1.32,12.35
ATOM,3119.0,HG2,PRO,204.0,28.606,-4.422,37.314,0.09,1.32,12.43
ATOM,3120.0,HG3,PRO,204.0,27.363,-5.481,37.311,0.09,1.32,12.42
ATOM,3121.0,HD2,PRO,204.0,27.299,-2.72,36.611,0.09,1.32,1.07
ATOM,3122.0,HD3,PRO,204.0,26.321,-3.913,36.078,0.09,1.32,4.97
ATOM,3123.0,N,LYS,205.0,25.593,-2.969,41.489,-0.47,1.85,0.3
ATOM,3124.0,CA,LYS,205.0,25.707,-2.084,42.638,0.07,2.275,1.03
ATOM,3125.0,C,LYS,205.0,27.128,-2.19,43.182,0.51,2.0,0.24
ATOM,3126.0,O,LYS,205.0,27.766,-3.24,43.068,-0.51,1.7,21.81
ATOM,3127.0,CB,LYS,205.0,24.68,-2.436,43.716,-0.18,2.175,4.17
ATOM,3128.0,CG,LYS,205.0,24.568,-1.366,44.806,-0.18,2.175,1.22
ATOM,3129.0,CD,LYS,205.0,23.412,-1.625,45.77,-0.18,2.175,6.94
ATOM,3130.0,CE,LYS,205.0,22.044,-1.45,45.132,0.21,2.175,0.16
ATOM,3131.0,NZ,LYS,205.0,21.888,-0.195,44.362,-0.3,1.85,1.85
ATOM,3132.0,H,LYS,205.0,25.103,-3.883,41.515,0.31,0.2245,11.33
ATOM,3133.0,HA,LYS,205.0,25.545,-1.145,42.347,0.09,1.32,5.25
ATOM,3134.0,HB2,LYS,205.0,23.792,-2.532,43.285,0.09,1.32,3.58
ATOM,3135.0,HB3,LYS,205.0,24.955,-3.288,44.145,0.09,1.32,8.84
ATOM,3136.0,HG2,LYS,205.0,25.425,-1.346,45.328,0.09,1.32,0.12
ATOM,3137.0,HG3,LYS,205.0,24.431,-0.473,44.37,0.09,1.32,1.35
ATOM,3138.0,HD2,LYS,205.0,23.487,-2.564,46.112,0.09,1.32,2.21
ATOM,3139.0,HD3,LYS,205.0,23.489,-0.988,46.54,0.09,1.32,0.05
ATOM,3140.0,HE2,LYS,205.0,21.87,-2.24,44.518,0.05,1.32,1.55
ATOM,3141.0,HE3,LYS,205.0,21.34,-1.48,45.863,0.05,1.32,0.0
ATOM,3142.0,HZ1,LYS,205.0,21.949,-0.393,43.383,0.33,0.2245,5.91
ATOM,3143.0,HZ2,LYS,205.0,20.997,0.214,44.564,0.33,0.2245,0.0
ATOM,3144.0,HZ3,LYS,205.0,22.613,0.447,44.616,0.33,0.2245,4.25
ATOM,3145.0,N,SER,206.0,27.623,-1.097,43.753,-0.47,1.85,0.21
ATOM,3146.0,CA,SER,206.0,28.986,-1.029,44.255,0.07,2.275,0.47
ATOM,3147.0,C,SER,206.0,29.032,-0.397,45.637,0.51,2.0,0.0
ATOM,3148.0,O,SER,206.0,28.54,0.719,45.831,-0.51,1.7,10.69
ATOM,3149.0,CB,SER,206.0,29.858,-0.205,43.307,0.05,2.175,22.39
ATOM,3150.0,OG,SER,206.0,31.134,0.008,43.87,-0.66,1.77,26.93
ATOM,3151.0,H,SER,206.0,26.952,-0.298,43.809,0.31,0.2245,4.0
ATOM,3152.0,HA,SER,206.0,29.339,-1.97,44.333,0.09,1.32,3.29
ATOM,3153.0,HB2,SER,206.0,29.956,-0.7,42.451,0.09,1.32,7.15
ATOM,3154.0,HB3,SER,206.0,29.418,0.673,43.151,0.09,1.32,9.06
ATOM,3155.0,HG,SER,206.0,31.389,-0.779,44.432,0.43,0.2245,10.39
ATOM,3156.0,N,ARG,207.0,29.626,-1.124,46.579,-0.47,1.85,0.57
ATOM,3157.0,CA,ARG,207.0,29.943,-0.597,47.899,0.07,2.275,1.04
ATOM,3158.0,C,ARG,207.0,31.352,-1.026,48.307,0.51,2.0,0.52
ATOM,3159.0,O,ARG,207.0,31.839,-2.092,47.902,-0.51,1.7,17.28
ATOM,3160.0,CB,ARG,207.0,28.949,-1.125,48.935,-0.18,2.175,8.65
ATOM,3161.0,CG,ARG,207.0,27.524,-0.654,48.727,-0.18,2.175,8.8
ATOM,3162.0,CD,ARG,207.0,27.334,0.832,48.951,0.2,2.175,15.37
ATOM,3163.0,NE,ARG,207.0,25.923,1.19,48.938,-0.7,1.85,6.18
ATOM,3164.0,CZ,ARG,207.0,25.186,1.374,47.844,0.64,2.0,1.86
ATOM,3165.0,NH1,ARG,207.0,25.713,1.263,46.629,-0.8,1.85,10.02
ATOM,3166.0,NH2,ARG,207.0,23.9,1.681,47.968,-0.8,1.85,14.51
ATOM,3167.0,H,ARG,207.0,29.845,-2.106,46.289,0.31,0.2245,8.37
ATOM,3168.0,HA,ARG,207.0,29.911,0.405,47.868,0.09,1.32,2.59
ATOM,3169.0,HB2,ARG,207.0,28.957,-2.121,48.893,0.09,1.32,9.59
ATOM,3170.0,HB3,ARG,207.0,29.249,-0.821,49.836,0.09,1.32,4.16
ATOM,3171.0,HG2,ARG,207.0,27.236,-0.867,47.785,0.09,1.32,0.06
ATOM,3172.0,HG3,ARG,207.0,26.915,-1.144,49.362,0.09,1.32,11.21
ATOM,3173.0,HD2,ARG,207.0,27.726,1.066,49.834,0.09,1.32,9.55
ATOM,3174.0,HD3,ARG,207.0,27.805,1.318,48.222,0.09,1.32,2.09
ATOM,3175.0,HE,ARG,207.0,25.461,1.31,49.833,0.44,0.2245,16.03
ATOM,3176.0,HH11,ARG,207.0,26.676,1.018,46.52,0.46,0.2245,0.0
ATOM,3177.0,HH12,ARG,207.0,25.145,1.424,45.821,0.46,0.2245,6.98
ATOM,3178.0,HH21,ARG,207.0,23.488,1.753,48.877,0.46,0.2245,15.27
ATOM,3179.0,HH22,ARG,207.0,23.342,1.839,47.154,0.46,0.2245,2.92
ATOM,3180.0,N,LEU,208.0,31.993,-0.193,49.116,-0.47,1.85,2.19
ATOM,3181.0,CA,LEU,208.0,33.24,-0.554,49.756,0.07,2.275,0.0
ATOM,3182.0,C,LEU,208.0,33.006,-1.83,50.553,0.51,2.0,0.0
ATOM,3183.0,O,LEU,208.0,31.921,-2.022,51.104,-0.51,1.7,9.13
ATOM,3184.0,CB,LEU,208.0,33.695,0.553,50.703,-0.18,2.175,0.11
ATOM,3185.0,CG,LEU,208.0,34.024,1.924,50.114,-0.09,2.275,2.6
ATOM,3186.0,CD1,LEU,208.0,34.315,2.882,51.242,-0.27,2.06,28.26
ATOM,3187.0,CD2,LEU,208.0,35.205,1.86,49.154,-0.27,2.06,32.66
ATOM,3188.0,H,LEU,208.0,31.525,0.73,49.246,0.31,0.2245,5.16
ATOM,3189.0,HA,LEU,208.0,33.924,-0.741,49.056,0.09,1.32,1.04
ATOM,3190.0,HB2,LEU,208.0,32.967,0.691,51.385,0.09,1.32,1.99
ATOM,3191.0,HB3,LEU,208.0,34.52,0.229,51.179,0.09,1.32,0.0
ATOM,3192.0,HG,LEU,208.0,33.242,2.246,49.591,0.09,1.32,6.42
ATOM,3193.0,HD11,LEU,208.0,35.095,2.551,51.778,0.09,1.32,0.0
ATOM,3194.0,HD12,LEU,208.0,34.533,3.788,50.872,0.09,1.32,10.5
ATOM,3195.0,HD13,LEU,208.0,33.514,2.957,51.841,0.09,1.32,4.93
ATOM,3196.0,HD21,LEU,208.0,34.989,1.239,48.4,0.09,1.32,6.27
ATOM,3197.0,HD22,LEU,208.0,35.389,2.774,48.79,0.09,1.32,10.45
ATOM,3198.0,HD23,LEU,208.0,36.013,1.526,49.64,0.09,1.32,0.11
ATOM,3199.0,N,PRO,209.0,34.006,-2.703,50.61,-0.29,1.85,0.0
ATOM,3200.0,CA,PRO,209.0,33.898,-3.906,51.431,0.02,2.275,1.77
ATOM,3201.0,C,PRO,209.0,33.823,-3.555,52.911,0.51,2.0,0.0
ATOM,3202.0,O,PRO,209.0,34.334,-2.516,53.353,-0.51,1.7,0.0
ATOM,3203.0,CB,PRO,209.0,35.171,-4.699,51.095,-0.18,2.175,15.48
ATOM,3204.0,CG,PRO,209.0,36.102,-3.729,50.465,-0.18,2.175,9.36
ATOM,3205.0,CD,PRO,209.0,35.294,-2.624,49.902,0.0,2.175,7.9
ATOM,3206.0,HA,PRO,209.0,33.101,-4.459,51.154,0.09,1.32,8.44
ATOM,3207.0,HB2,PRO,209.0,35.569,-5.093,51.935,0.09,1.32,0.0
ATOM,3208.0,HB3,PRO,209.0,34.955,-5.458,50.467,0.09,1.32,12.16
ATOM,3209.0,HG2,PRO,209.0,36.768,-3.383,51.155,0.09,1.32,0.0
ATOM,3210.0,HG3,PRO,209.0,36.65,-4.19,49.74,0.09,1.32,12.38
ATOM,3211.0,HD2,PRO,209.0,35.722,-1.724,50.061,0.09,1.32,0.0
ATOM,3212.0,HD3,PRO,209.0,35.15,-2.729,48.908,0.09,1.32,8.63
ATOM,3213.0,N,GLN,210.0,33.165,-4.427,53.661,-0.47,1.85,0.0
ATOM,3214.0,CA,GLN,210.0,33.014,-4.277,55.105,0.07,2.275,0.0
ATOM,3215.0,C,GLN,210.0,34.357,-4.348,55.835,0.51,2.0,0.26
ATOM,3216.0,O,GLN,210.0,34.478,-3.899,56.973,-0.51,1.7,0.94
ATOM,3217.0,CB,GLN,210.0,32.087,-5.366,55.64,-0.18,2.175,3.07
ATOM,3218.0,CG,GLN,210.0,30.656,-5.276,55.133,-0.18,2.175,12.04
ATOM,3219.0,CD,GLN,210.0,29.794,-6.463,55.568,0.55,2.0,3.25
ATOM,3220.0,H,GLN,210.0,32.761,-5.235,53.13,0.31,0.2245,6.33
ATOM,3221.0,HA,GLN,210.0,32.617,-3.365,55.284,0.09,1.32,0.0
ATOM,3222.0,HB2,GLN,210.0,32.455,-6.261,55.375,0.09,1.32,7.82
ATOM,3223.0,HB3,GLN,210.0,32.065,-5.308,56.642,0.09,1.32,0.0
ATOM,3224.0,HG2,GLN,210.0,30.239,-4.44,55.488,0.09,1.32,5.36
ATOM,3225.0,HG3,GLN,210.0,30.668,-5.247,54.134,0.09,1.32,5.75
ATOM,3226.0,OE1,GLN,210.0,28.745,-6.727,54.97,-0.55,1.7,43.55
ATOM,3227.0,NE2,GLN,210.0,30.226,-7.169,56.607,-0.62,1.85,17.8
ATOM,3228.0,HE21,GLN,210.0,29.699,-7.957,56.956,0.32,0.2245,22.02
ATOM,3229.0,HE22,GLN,210.0,31.106,-6.9,57.049,0.3,0.2245,4.33
ATOM,3230.0,N,ASN,211.0,35.374,-4.907,55.185,-0.47,1.85,1.17
ATOM,3231.0,CA,ASN,211.0,36.682,-5.001,55.817,0.07,2.275,2.92
ATOM,3232.0,C,ASN,211.0,37.322,-3.618,55.969,0.51,2.0,0.0
ATOM,3233.0,O,ASN,211.0,38.206,-3.428,56.801,-0.51,1.7,24.98
ATOM,3234.0,CB,ASN,211.0,37.578,-6.025,55.104,-0.18,2.175,16.66
ATOM,3235.0,CG,ASN,211.0,38.347,-5.45,53.934,0.55,2.0,1.8
ATOM,3236.0,H,ASN,211.0,35.161,-5.25,54.24,0.31,0.2245,1.22
ATOM,3237.0,HA,ASN,211.0,36.542,-5.36,56.747,0.09,1.32,7.29
ATOM,3238.0,HB2,ASN,211.0,38.231,-6.385,55.771,0.09,1.32,8.44
ATOM,3239.0,HB3,ASN,211.0,36.997,-6.768,54.772,0.09,1.32,9.57
ATOM,3240.0,OD1,ASN,211.0,37.801,-4.707,53.12,-0.55,1.7,1.89
ATOM,3241.0,ND2,ASN,211.0,39.637,-5.812,53.831,-0.62,1.85,25.45
ATOM,3242.0,HD22,ASN,211.0,40.025,-6.434,54.509,0.3,0.2245,17.29
ATOM,3243.0,HD21,ASN,211.0,40.192,-5.461,53.085,0.32,0.2245,20.37
ATOM,3244.0,N,ILE,212.0,36.838,-2.652,55.195,-0.47,1.85,0.0
ATOM,3245.0,CA,ILE,212.0,37.242,-1.261,55.36,0.07,2.275,0.01
ATOM,3246.0,C,ILE,212.0,36.346,-0.53,56.367,0.51,2.0,0.0
ATOM,3247.0,O,ILE,212.0,36.842,0.154,57.265,-0.51,1.7,25.42
ATOM,3248.0,CB,ILE,212.0,37.203,-0.528,54.011,-0.09,2.275,0.0
ATOM,3249.0,CG1,ILE,212.0,38.228,-1.13,53.047,-0.18,2.175,5.61
ATOM,3250.0,CG2,ILE,212.0,37.462,0.979,54.202,-0.27,2.06,22.03
ATOM,3251.0,CD1,ILE,212.0,38.139,-0.569,51.634,-0.27,2.06,18.85
ATOM,3252.0,H,ILE,212.0,36.159,-2.97,54.475,0.31,0.2245,0.0
ATOM,3253.0,HA,ILE,212.0,38.164,-1.278,55.762,0.09,1.32,5.43
ATOM,3254.0,HB,ILE,212.0,36.299,-0.655,53.617,0.09,1.32,0.0
ATOM,3255.0,HG12,ILE,212.0,39.142,-0.955,53.405,0.09,1.32,9.5
ATOM,3256.0,HG13,ILE,212.0,38.08,-2.116,53.006,0.09,1.32,0.0
ATOM,3257.0,HG21,ILE,212.0,37.389,1.435,53.32,0.09,1.32,1.67
ATOM,3258.0,HG22,ILE,212.0,36.784,1.347,54.831,0.09,1.32,1.62
ATOM,3259.0,HG23,ILE,212.0,38.376,1.106,54.575,0.09,1.32,9.67
ATOM,3260.0,HD11,ILE,212.0,38.295,0.416,51.663,0.09,1.32,4.93
ATOM,3261.0,HD12,ILE,212.0,38.833,-1.005,51.065,0.09,1.32,11.53
ATOM,3262.0,HD13,ILE,212.0,37.232,-0.757,51.265,0.09,1.32,0.0
ATOM,3263.0,N,THR,213.0,35.031,-0.671,56.199,-0.47,1.85,0.0
ATOM,3264.0,CA,THR,213.0,34.06,0.185,56.888,0.07,2.275,0.88
ATOM,3265.0,C,THR,213.0,33.571,-0.323,58.233,0.51,2.0,0.7
ATOM,3266.0,O,THR,213.0,32.937,0.424,58.975,-0.51,1.7,29.83
ATOM,3267.0,CB,THR,213.0,32.82,0.406,56.011,0.14,2.275,7.52
ATOM,3268.0,OG1,THR,213.0,32.249,-0.852,55.651,-0.66,1.77,9.53
ATOM,3269.0,CG2,THR,213.0,33.178,1.055,54.695,-0.27,2.06,12.72
ATOM,3270.0,H,THR,213.0,34.756,-1.431,55.545,0.31,0.2245,0.0
ATOM,3271.0,HA,THR,213.0,34.498,1.102,57.032,0.09,1.32,7.31
ATOM,3272.0,HB,THR,213.0,32.125,0.93,56.548,0.09,1.32,8.9
ATOM,3273.0,HG21,THR,213.0,32.666,0.623,53.946,0.09,1.32,1.55
ATOM,3274.0,HG22,THR,213.0,32.952,2.033,54.719,0.09,1.32,9.85
ATOM,3275.0,HG23,THR,213.0,34.161,0.954,54.516,0.09,1.32,0.0
ATOM,3276.0,HG1,THR,213.0,32.82,-1.314,54.964,0.43,0.2245,0.0
ATOM,3277.0,N,LEU,214.0,33.837,-1.587,58.54,-0.47,1.85,0.0
ATOM,3278.0,CA,LEU,214.0,33.199,-2.247,59.673,0.07,2.275,0.02
ATOM,3279.0,C,LEU,214.0,34.212,-2.921,60.587,0.51,2.0,0.0
ATOM,3280.0,O,LEU,214.0,35.095,-3.639,60.136,-0.51,1.7,13.4
ATOM,3281.0,CB,LEU,214.0,32.174,-3.271,59.18,-0.18,2.175,0.33
ATOM,3282.0,CG,LEU,214.0,31.15,-3.739,60.229,-0.09,2.275,2.46
ATOM,3283.0,CD1,LEU,214.0,29.773,-3.938,59.614,-0.27,2.06,31.85
ATOM,3284.0,CD2,LEU,214.0,31.612,-5.015,60.908,-0.27,2.06,6.21
ATOM,3285.0,H,LEU,214.0,34.523,-2.054,57.917,0.31,0.2245,0.0
ATOM,3286.0,HA,LEU,214.0,32.699,-1.551,60.21,0.09,1.32,2.05
ATOM,3287.0,HB2,LEU,214.0,31.663,-2.861,58.435,0.09,1.32,0.47
ATOM,3288.0,HB3,LEU,214.0,32.666,-4.074,58.87,0.09,1.32,0.34
ATOM,3289.0,HG,LEU,214.0,31.096,-3.049,60.954,0.09,1.32,5.39
ATOM,3290.0,HD11,LEU,214.0,29.825,-4.63,58.893,0.09,1.32,0.0
ATOM,3291.0,HD12,LEU,214.0,29.132,-4.241,60.32,0.09,1.32,10.31
ATOM,3292.0,HD13,LEU,214.0,29.453,-3.074,59.223,0.09,1.32,10.65
ATOM,3293.0,HD21,LEU,214.0,32.488,-4.855,61.366,0.09,1.32,0.0
ATOM,3294.0,HD22,LEU,214.0,30.932,-5.301,61.585,0.09,1.32,5.85
ATOM,3295.0,HD23,LEU,214.0,31.723,-5.739,60.225,0.09,1.32,3.68
ATOM,3296.0,N,THR,215.0,34.055,-2.672,61.88,-0.47,1.85,0.0
ATOM,3297.0,CA,THR,215.0,34.884,-3.247,62.93,0.07,2.275,0.12
ATOM,3298.0,C,THR,215.0,33.968,-4.018,63.856,0.51,2.0,0.0
ATOM,3299.0,O,THR,215.0,33.003,-3.45,64.381,-0.51,1.7,18.17
ATOM,3300.0,CB,THR,215.0,35.539,-2.109,63.704,0.14,2.275,5.25
ATOM,3301.0,OG1,THR,215.0,36.497,-1.465,62.867,-0.66,1.77,23.17
ATOM,3302.0,CG2,THR,215.0,36.342,-2.612,64.916,-0.27,2.06,19.09
ATOM,3303.0,H,THR,215.0,33.261,-2.007,62.089,0.31,0.2245,6.48
ATOM,3304.0,HA,THR,215.0,35.528,-3.882,62.516,0.09,1.32,3.55
ATOM,3305.0,HB,THR,215.0,34.826,-1.424,63.957,0.09,1.32,9.12
ATOM,3306.0,HG21,THR,215.0,36.766,-1.834,65.379,0.09,1.32,11.74
ATOM,3307.0,HG22,THR,215.0,35.728,-3.084,65.548,0.09,1.32,0.0
ATOM,3308.0,HG23,THR,215.0,37.052,-3.243,64.605,0.09,1.32,10.06
ATOM,3309.0,HG1,THR,215.0,36.037,-0.966,62.123,0.43,0.2245,12.46
ATOM,3310.0,N,GLU,216.0,34.257,-5.298,64.06,-0.47,1.85,0.0
ATOM,3311.0,CA,GLU,216.0,33.511,-6.113,65.007,0.07,2.275,0.23
ATOM,3312.0,C,GLU,216.0,34.302,-6.215,66.291,0.51,2.0,0.09
ATOM,3313.0,O,GLU,216.0,35.506,-6.46,66.245,-0.51,1.7,19.19
ATOM,3314.0,CB,GLU,216.0,33.289,-7.519,64.47,-0.18,2.175,9.82
ATOM,3315.0,CG,GLU,216.0,32.562,-7.581,63.147,-0.28,2.175,1.79
ATOM,3316.0,CD,GLU,216.0,32.236,-9.015,62.753,0.62,2.0,3.99
ATOM,3317.0,OE1,GLU,216.0,33.118,-9.698,62.152,-0.76,1.7,44.08
ATOM,3318.0,OE2,GLU,216.0,31.101,-9.454,63.065,-0.76,1.7,46.48
ATOM,3319.0,H,GLU,216.0,35.051,-5.66,63.492,0.31,0.2245,8.39
ATOM,3320.0,HA,GLU,216.0,32.622,-5.693,65.188,0.09,1.32,4.02
ATOM,3321.0,HB2,GLU,216.0,34.176,-7.937,64.345,0.09,1.32,6.86
ATOM,3322.0,HB3,GLU,216.0,32.749,-8.013,65.133,0.09,1.32,6.96
ATOM,3323.0,HG2,GLU,216.0,31.714,-7.101,63.233,0.09,1.32,3.98
ATOM,3324.0,HG3,GLU,216.0,33.142,-7.212,62.451,0.09,1.32,3.15
ATOM,3325.0,N,VAL,217.0,33.629,-6.038,67.428,-0.47,1.85,0.0
ATOM,3326.0,CA,VAL,217.0,34.27,-6.148,68.748,0.07,2.275,3.93
ATOM,3327.0,C,VAL,217.0,33.407,-6.951,69.722,0.34,2.0,3.13
ATOM,3328.0,O,VAL,217.0,33.898,-7.419,70.752,-0.67,1.7,41.33
ATOM,3329.0,CB,VAL,217.0,34.574,-4.756,69.372,-0.09,2.275,2.68
ATOM,3330.0,CG1,VAL,217.0,35.616,-4.021,68.556,-0.27,2.06,19.58
ATOM,3331.0,CG2,VAL,217.0,33.301,-3.903,69.518,-0.27,2.06,33.51
ATOM,3332.0,OXT,VAL,217.0,32.206,-7.146,69.514,-0.67,1.7,36.55
ATOM,3333.0,H,VAL,217.0,32.62,-5.817,67.306,0.31,0.2245,5.6
ATOM,3334.0,HA,VAL,217.0,35.142,-6.637,68.629,0.09,1.32,6.45
ATOM,3335.0,HB,VAL,217.0,34.96,-4.916,70.275,0.09,1.32,8.67
ATOM,3336.0,HG11,VAL,217.0,36.357,-4.648,68.31,0.09,1.32,6.58
ATOM,3337.0,HG12,VAL,217.0,35.198,-3.66,67.721,0.09,1.32,0.08
ATOM,3338.0,HG13,VAL,217.0,35.991,-3.262,69.091,0.09,1.32,11.69
ATOM,3339.0,HG21,VAL,217.0,32.531,-4.405,69.132,0.09,1.32,2.75
ATOM,3340.0,HG22,VAL,217.0,33.143,-3.725,70.486,0.09,1.32,11.67
ATOM,3341.0,HG23,VAL,217.0,33.431,-3.045,69.028,0.09,1.32,7.82
