atom,serial,name,resname,resid,x,y,z,charges,radius,sasa
ATOM,1.0,N,GLU,1.0,24.106,-16.986,3.89,-0.3,1.85,12.69
ATOM,2.0,CA,GLU,1.0,23.903,-15.552,3.519,0.21,2.275,3.49
ATOM,3.0,C,GLU,1.0,22.422,-15.274,3.295,0.51,2.0,1.1
ATOM,4.0,O,GLU,1.0,21.641,-16.186,3.049,-0.51,1.7,11.58
ATOM,5.0,CB,GLU,1.0,24.678,-15.208,2.239,-0.18,2.175,0.44
ATOM,6.0,CG,GLU,1.0,24.282,-16.043,1.025,-0.28,2.175,9.72
ATOM,7.0,CD,GLU,1.0,24.963,-15.597,-0.268,0.62,2.0,3.01
ATOM,8.0,OE1,GLU,1.0,26.158,-15.231,-0.232,-0.76,1.7,22.96
ATOM,9.0,OE2,GLU,1.0,24.307,-15.635,-1.33,-0.76,1.7,32.25
ATOM,10.0,H,GLU,1.0,24.228,-17.522,3.059,0.33,0.2245,8.88
ATOM,11.0,HA,GLU,1.0,24.254,-14.976,4.257,0.1,1.32,2.66
ATOM,12.0,HB2,GLU,1.0,24.495,-14.266,2.024,0.09,1.32,0.0
ATOM,13.0,HB3,GLU,1.0,25.632,-15.371,2.414,0.09,1.32,2.15
ATOM,14.0,HG2,GLU,1.0,24.549,-16.975,1.191,0.09,1.32,6.08
ATOM,15.0,HG3,GLU,1.0,23.311,-15.954,0.891,0.09,1.32,0.0
ATOM,16.0,H2,GLU,1.0,24.916,-17.061,4.465,0.33,0.2245,18.56
ATOM,17.0,H3,GLU,1.0,23.306,-17.309,4.388,0.33,0.2245,14.42
ATOM,18.0,N,ILE,2.0,22.032,-14.011,3.387,-0.47,1.85,0.0
ATOM,19.0,CA,ILE,2.0,20.64,-13.664,3.173,0.07,2.275,0.0
ATOM,20.0,C,ILE,2.0,20.376,-13.693,1.671,0.51,2.0,0.0
ATOM,21.0,O,ILE,2.0,21.157,-13.164,0.884,-0.51,1.7,0.0
ATOM,22.0,CB,ILE,2.0,20.324,-12.274,3.76,-0.09,2.275,0.0
ATOM,23.0,CG1,ILE,2.0,20.557,-12.308,5.277,-0.18,2.175,2.43
ATOM,24.0,CG2,ILE,2.0,18.887,-11.882,3.446,-0.27,2.06,0.0
ATOM,25.0,CD1,ILE,2.0,20.33,-10.991,5.977,-0.27,2.06,0.0
ATOM,26.0,H,ILE,2.0,22.771,-13.332,3.613,0.31,0.2245,0.0
ATOM,27.0,HA,ILE,2.0,20.099,-14.399,3.569,0.09,1.32,0.04
ATOM,28.0,HB,ILE,2.0,20.957,-11.625,3.368,0.09,1.32,0.0
ATOM,29.0,HG12,ILE,2.0,19.947,-12.998,5.671,0.09,1.32,0.0
ATOM,30.0,HG13,ILE,2.0,21.503,-12.601,5.437,0.09,1.32,0.57
ATOM,31.0,HG21,ILE,2.0,18.699,-10.976,3.822,0.09,1.32,0.0
ATOM,32.0,HG22,ILE,2.0,18.755,-11.865,2.456,0.09,1.32,0.0
ATOM,33.0,HG23,ILE,2.0,18.263,-12.547,3.853,0.09,1.32,0.0
ATOM,34.0,HD11,ILE,2.0,19.385,-10.697,5.836,0.09,1.32,0.0
ATOM,35.0,HD12,ILE,2.0,20.502,-11.1,6.956,0.09,1.32,0.17
ATOM,36.0,HD13,ILE,2.0,20.952,-10.303,5.604,0.09,1.32,0.0
ATOM,37.0,N,VAL,3.0,19.289,-14.344,1.278,-0.47,1.85,0.0
ATOM,38.0,CA,VAL,3.0,18.931,-14.442,-0.131,0.07,2.275,0.0
ATOM,39.0,C,VAL,3.0,17.926,-13.356,-0.503,0.51,2.0,0.0
ATOM,40.0,O,VAL,3.0,16.863,-13.246,0.106,-0.51,1.7,0.0
ATOM,41.0,CB,VAL,3.0,18.317,-15.829,-0.453,-0.09,2.275,1.48
ATOM,42.0,CG1,VAL,3.0,17.828,-15.866,-1.9,-0.27,2.06,24.53
ATOM,43.0,CG2,VAL,3.0,19.356,-16.925,-0.219,-0.27,2.06,24.36
ATOM,44.0,H,VAL,3.0,18.73,-14.767,2.043,0.31,0.2245,0.0
ATOM,45.0,HA,VAL,3.0,19.761,-14.295,-0.678,0.09,1.32,1.82
ATOM,46.0,HB,VAL,3.0,17.52,-15.945,0.126,0.09,1.32,0.0
ATOM,47.0,HG11,VAL,3.0,18.328,-16.572,-2.4,0.09,1.32,8.09
ATOM,48.0,HG12,VAL,3.0,16.851,-16.074,-1.914,0.09,1.32,3.12
ATOM,49.0,HG13,VAL,3.0,17.988,-14.977,-2.326,0.09,1.32,0.0
ATOM,50.0,HG21,VAL,3.0,19.884,-16.705,0.6,0.09,1.32,0.0
ATOM,51.0,HG22,VAL,3.0,18.888,-17.799,-0.096,0.09,1.32,11.7
ATOM,52.0,HG23,VAL,3.0,19.963,-16.974,-1.011,0.09,1.32,7.23
ATOM,53.0,N,MET,4.0,18.28,-12.552,-1.501,-0.47,1.85,0.0
ATOM,54.0,CA,MET,4.0,17.418,-11.475,-1.976,0.07,2.275,0.0
ATOM,55.0,C,MET,4.0,16.756,-11.914,-3.283,0.51,2.0,0.0
ATOM,56.0,O,MET,4.0,17.442,-12.292,-4.231,-0.51,1.7,8.03
ATOM,57.0,CB,MET,4.0,18.236,-10.202,-2.223,-0.18,2.175,0.0
ATOM,58.0,CG,MET,4.0,18.988,-9.685,-1.005,-0.14,2.175,0.0
ATOM,59.0,SD,MET,4.0,17.902,-9.463,0.421,-0.09,2.0,0.0
ATOM,60.0,CE,MET,4.0,16.788,-8.209,-0.178,-0.22,2.06,0.0
ATOM,61.0,H,MET,4.0,19.217,-12.756,-1.91,0.31,0.2245,2.91
ATOM,62.0,HA,MET,4.0,16.698,-11.326,-1.301,0.09,1.32,0.0
ATOM,63.0,HB2,MET,4.0,18.906,-10.383,-2.958,0.09,1.32,0.0
ATOM,64.0,HB3,MET,4.0,17.614,-9.473,-2.546,0.09,1.32,0.0
ATOM,65.0,HG2,MET,4.0,19.742,-10.34,-0.786,0.09,1.32,0.0
ATOM,66.0,HG3,MET,4.0,19.444,-8.804,-1.253,0.09,1.32,0.0
ATOM,67.0,HE1,MET,4.0,17.125,-7.841,-1.048,0.09,1.32,0.0
ATOM,68.0,HE2,MET,4.0,15.876,-8.602,-0.319,0.09,1.32,0.0
ATOM,69.0,HE3,MET,4.0,16.723,-7.464,0.49,0.09,1.32,0.0
ATOM,70.0,N,THR,5.0,15.429,-11.863,-3.328,-0.47,1.85,0.0
ATOM,71.0,CA,THR,5.0,14.7,-12.264,-4.526,0.07,2.275,0.05
ATOM,72.0,C,THR,5.0,13.886,-11.113,-5.112,0.51,2.0,0.0
ATOM,73.0,O,THR,5.0,13.051,-10.52,-4.433,-0.51,1.7,0.37
ATOM,74.0,CB,THR,5.0,13.753,-13.435,-4.224,0.14,2.275,0.0
ATOM,75.0,OG1,THR,5.0,14.487,-14.486,-3.583,-0.66,1.77,7.44
ATOM,76.0,CG2,THR,5.0,13.147,-13.967,-5.511,-0.27,2.06,26.36
ATOM,77.0,H,THR,5.0,14.972,-11.524,-2.464,0.31,0.2245,0.0
ATOM,78.0,HA,THR,5.0,15.368,-12.564,-5.223,0.09,1.32,1.9
ATOM,79.0,HB,THR,5.0,13.028,-13.117,-3.581,0.09,1.32,0.0
ATOM,80.0,HG21,THR,5.0,12.972,-14.951,-5.425,0.09,1.32,10.23
ATOM,81.0,HG22,THR,5.0,12.282,-13.496,-5.701,0.09,1.32,2.76
ATOM,82.0,HG23,THR,5.0,13.778,-13.812,-6.275,0.09,1.32,5.16
ATOM,83.0,HG1,THR,5.0,14.518,-14.335,-2.589,0.43,0.2245,0.0
ATOM,84.0,N,GLN,6.0,14.134,-10.799,-6.378,-0.47,1.85,0.0
ATOM,85.0,CA,GLN,6.0,13.414,-9.715,-7.039,0.07,2.275,0.0
ATOM,86.0,C,GLN,6.0,12.38,-10.248,-8.014,0.51,2.0,0.0
ATOM,87.0,O,GLN,6.0,12.536,-11.339,-8.559,-0.51,1.7,14.47
ATOM,88.0,CB,GLN,6.0,14.388,-8.811,-7.792,-0.18,2.175,0.0
ATOM,89.0,CG,GLN,6.0,15.148,-7.82,-6.927,-0.18,2.175,0.0
ATOM,90.0,CD,GLN,6.0,16.167,-7.041,-7.735,0.55,2.0,0.0
ATOM,91.0,H,GLN,6.0,14.86,-11.372,-6.841,0.31,0.2245,2.47
ATOM,92.0,HA,GLN,6.0,12.928,-9.188,-6.328,0.09,1.32,0.0
ATOM,93.0,HB2,GLN,6.0,15.061,-9.389,-8.268,0.09,1.32,0.42
ATOM,94.0,HB3,GLN,6.0,13.874,-8.289,-8.484,0.09,1.32,0.0
ATOM,95.0,HG2,GLN,6.0,14.5,-7.178,-6.529,0.09,1.32,0.0
ATOM,96.0,HG3,GLN,6.0,15.624,-8.319,-6.209,0.09,1.32,0.0
ATOM,97.0,OE1,GLN,6.0,17.334,-7.423,-7.819,-0.55,1.7,0.0
ATOM,98.0,NE2,GLN,6.0,15.723,-5.956,-8.357,-0.62,1.85,0.0
ATOM,99.0,HE21,GLN,6.0,16.351,-5.374,-8.907,0.32,0.2245,0.0
ATOM,100.0,HE22,GLN,6.0,14.737,-5.711,-8.277,0.3,0.2245,0.0
ATOM,101.0,N,SER,7.0,11.322,-9.471,-8.23,-0.47,1.85,0.0
ATOM,102.0,CA,SER,7.0,10.269,-9.857,-9.16,0.07,2.275,0.06
ATOM,103.0,C,SER,7.0,9.58,-8.612,-9.707,0.51,2.0,0.06
ATOM,104.0,O,SER,7.0,9.393,-7.629,-8.987,-0.51,1.7,0.92
ATOM,105.0,CB,SER,7.0,9.238,-10.75,-8.465,0.05,2.175,23.61
ATOM,106.0,OG,SER,7.0,8.542,-10.035,-7.461,-0.66,1.77,18.22
ATOM,107.0,H,SER,7.0,11.314,-8.585,-7.689,0.31,0.2245,0.0
ATOM,108.0,HA,SER,7.0,10.692,-10.339,-9.931,0.09,1.32,0.17
ATOM,109.0,HB2,SER,7.0,8.587,-11.075,-9.144,0.09,1.32,6.27
ATOM,110.0,HB3,SER,7.0,9.712,-11.519,-8.047,0.09,1.32,3.77
ATOM,111.0,HG,SER,7.0,9.198,-9.612,-6.836,0.43,0.2245,3.14
ATOM,112.0,N,PRO,8.0,9.215,-8.63,-11.001,-0.29,1.85,0.06
ATOM,113.0,CA,PRO,8.0,9.438,-9.758,-11.915,0.02,2.275,0.5
ATOM,114.0,C,PRO,8.0,10.859,-9.71,-12.466,0.51,2.0,0.0
ATOM,115.0,O,PRO,8.0,11.569,-8.73,-12.259,-0.51,1.7,0.0
ATOM,116.0,CB,PRO,8.0,8.404,-9.513,-13.008,-0.18,2.175,17.65
ATOM,117.0,CG,PRO,8.0,8.457,-8.015,-13.139,-0.18,2.175,2.06
ATOM,118.0,CD,PRO,8.0,8.444,-7.563,-11.669,0.0,2.175,2.35
ATOM,119.0,HA,PRO,8.0,9.262,-10.63,-11.454,0.09,1.32,3.54
ATOM,120.0,HB2,PRO,8.0,8.67,-9.95,-13.856,0.09,1.32,2.11
ATOM,121.0,HB3,PRO,8.0,7.504,-9.81,-12.722,0.09,1.32,11.07
ATOM,122.0,HG2,PRO,8.0,9.292,-7.728,-13.579,0.09,1.32,0.0
ATOM,123.0,HG3,PRO,8.0,7.66,-7.673,-13.61,0.09,1.32,2.03
ATOM,124.0,HD2,PRO,8.0,8.892,-6.683,-11.569,0.09,1.32,0.0
ATOM,125.0,HD3,PRO,8.0,7.514,-7.524,-11.322,0.09,1.32,10.86
ATOM,126.0,N,ALA,9.0,11.27,-10.759,-13.172,-0.47,1.85,1.48
ATOM,127.0,CA,ALA,9.0,12.605,-10.791,-13.759,0.07,2.275,0.6
ATOM,128.0,C,ALA,9.0,12.68,-9.757,-14.886,0.51,2.0,0.0
ATOM,129.0,O,ALA,9.0,13.724,-9.149,-15.123,-0.51,1.7,4.54
ATOM,130.0,CB,ALA,9.0,12.906,-12.188,-14.297,-0.27,2.06,42.05
ATOM,131.0,H,ALA,9.0,10.582,-11.524,-13.265,0.31,0.2245,8.5
ATOM,132.0,HA,ALA,9.0,13.275,-10.547,-13.06,0.09,1.32,0.32
ATOM,133.0,HB1,ALA,9.0,12.967,-12.154,-15.293,0.09,1.32,4.32
ATOM,134.0,HB2,ALA,9.0,13.773,-12.509,-13.92,0.09,1.32,11.11
ATOM,135.0,HB3,ALA,9.0,12.173,-12.812,-14.029,0.09,1.32,8.05
ATOM,136.0,N,THR,10.0,11.561,-9.569,-15.579,-0.47,1.85,0.0
ATOM,137.0,CA,THR,10.0,11.469,-8.598,-16.664,0.07,2.275,0.0
ATOM,138.0,C,THR,10.0,10.161,-7.826,-16.489,0.51,2.0,0.0
ATOM,139.0,O,THR,10.0,9.12,-8.414,-16.186,-0.51,1.7,11.91
ATOM,140.0,CB,THR,10.0,11.479,-9.293,-18.055,0.14,2.275,5.71
ATOM,141.0,OG1,THR,10.0,12.724,-9.974,-18.24,-0.66,1.77,20.07
ATOM,142.0,CG2,THR,10.0,11.316,-8.27,-19.177,-0.27,2.06,6.97
ATOM,143.0,H,THR,10.0,10.762,-10.17,-15.282,0.31,0.2245,2.8
ATOM,144.0,HA,THR,10.0,12.224,-7.956,-16.586,0.09,1.32,0.0
ATOM,145.0,HB,THR,10.0,10.728,-9.981,-18.076,0.09,1.32,9.79
ATOM,146.0,HG21,THR,10.0,12.204,-7.859,-19.39,0.09,1.32,0.0
ATOM,147.0,HG22,THR,10.0,10.956,-8.721,-19.995,0.09,1.32,7.84
ATOM,148.0,HG23,THR,10.0,10.68,-7.552,-18.889,0.09,1.32,0.0
ATOM,149.0,HG1,THR,10.0,13.285,-9.91,-17.408,0.43,0.2245,3.48
ATOM,150.0,N,LEU,11.0,10.219,-6.508,-16.657,-0.47,1.85,0.0
ATOM,151.0,CA,LEU,11.0,9.033,-5.671,-16.519,0.07,2.275,0.0
ATOM,152.0,C,LEU,11.0,8.904,-4.746,-17.722,0.51,2.0,0.0
ATOM,153.0,O,LEU,11.0,9.727,-3.856,-17.919,-0.51,1.7,0.0
ATOM,154.0,CB,LEU,11.0,9.102,-4.831,-15.232,-0.18,2.175,0.0
ATOM,155.0,CG,LEU,11.0,7.881,-3.941,-14.953,-0.09,2.275,0.0
ATOM,156.0,CD1,LEU,11.0,6.663,-4.828,-14.706,-0.27,2.06,22.46
ATOM,157.0,CD2,LEU,11.0,8.133,-3.042,-13.736,-0.27,2.06,0.0
ATOM,158.0,H,LEU,11.0,11.159,-6.138,-16.889,0.31,0.2245,0.0
ATOM,159.0,HA,LEU,11.0,8.224,-6.263,-16.485,0.09,1.32,0.38
ATOM,160.0,HB2,LEU,11.0,9.194,-5.456,-14.466,0.09,1.32,0.0
ATOM,161.0,HB3,LEU,11.0,9.893,-4.237,-15.299,0.09,1.32,0.0
ATOM,162.0,HG,LEU,11.0,7.715,-3.363,-15.742,0.09,1.32,0.0
ATOM,163.0,HD11,LEU,11.0,6.837,-5.418,-13.919,0.09,1.32,0.0
ATOM,164.0,HD12,LEU,11.0,5.866,-4.254,-14.524,0.09,1.32,9.51
ATOM,165.0,HD13,LEU,11.0,6.493,-5.39,-15.515,0.09,1.32,2.92
ATOM,166.0,HD21,LEU,11.0,8.925,-2.461,-13.915,0.09,1.32,0.0
ATOM,167.0,HD22,LEU,11.0,7.327,-2.474,-13.575,0.09,1.32,0.15
ATOM,168.0,HD23,LEU,11.0,8.308,-3.614,-12.936,0.09,1.32,0.0
ATOM,169.0,N,SER,12.0,7.866,-4.97,-18.522,-0.47,1.85,0.0
ATOM,170.0,CA,SER,12.0,7.6,-4.165,-19.711,0.07,2.275,0.0
ATOM,171.0,C,SER,12.0,6.806,-2.93,-19.292,0.51,2.0,0.0
ATOM,172.0,O,SER,12.0,5.746,-3.053,-18.682,-0.51,1.7,8.04
ATOM,173.0,CB,SER,12.0,6.774,-4.972,-20.716,0.05,2.175,8.82
ATOM,174.0,OG,SER,12.0,7.32,-6.263,-20.91,-0.66,1.77,23.36
ATOM,175.0,H,SER,12.0,7.259,-5.768,-18.228,0.31,0.2245,6.02
ATOM,176.0,HA,SER,12.0,8.473,-3.858,-20.082,0.09,1.32,0.0
ATOM,177.0,HB2,SER,12.0,5.844,-5.06,-20.368,0.09,1.32,3.99
ATOM,178.0,HB3,SER,12.0,6.768,-4.487,-21.587,0.09,1.32,0.24
ATOM,179.0,HG,SER,12.0,8.29,-6.185,-21.139,0.43,0.2245,2.88
ATOM,180.0,N,VAL,13.0,7.309,-1.746,-19.621,-0.47,1.85,0.0
ATOM,181.0,CA,VAL,13.0,6.622,-0.512,-19.244,0.07,2.275,0.0
ATOM,182.0,C,VAL,13.0,6.515,0.468,-20.409,0.51,2.0,0.0
ATOM,183.0,O,VAL,13.0,7.476,0.671,-21.15,-0.51,1.7,0.0
ATOM,184.0,CB,VAL,13.0,7.357,0.202,-18.075,-0.09,2.275,0.0
ATOM,185.0,CG1,VAL,13.0,6.577,1.438,-17.642,-0.27,2.06,0.0
ATOM,186.0,CG2,VAL,13.0,7.527,-0.751,-16.897,-0.27,2.06,0.38
ATOM,187.0,H,VAL,13.0,8.196,-1.772,-20.147,0.31,0.2245,0.0
ATOM,188.0,HA,VAL,13.0,5.684,-0.753,-18.954,0.09,1.32,0.0
ATOM,189.0,HB,VAL,13.0,8.232,0.514,-18.422,0.09,1.32,0.0
ATOM,190.0,HG11,VAL,13.0,5.62,1.339,-17.912,0.09,1.32,0.0
ATOM,191.0,HG12,VAL,13.0,6.635,1.537,-16.649,0.09,1.32,0.0
ATOM,192.0,HG13,VAL,13.0,6.965,2.247,-18.081,0.09,1.32,0.0
ATOM,193.0,HG21,VAL,13.0,7.677,-0.22,-16.064,0.09,1.32,0.0
ATOM,194.0,HG22,VAL,13.0,6.701,-1.305,-16.8,0.09,1.32,2.44
ATOM,195.0,HG23,VAL,13.0,8.313,-1.344,-17.065,0.09,1.32,0.0
ATOM,196.0,N,SER,14.0,5.337,1.062,-20.576,-0.47,1.85,0.0
ATOM,197.0,CA,SER,14.0,5.131,2.045,-21.635,0.07,2.275,0.0
ATOM,198.0,C,SER,14.0,5.534,3.391,-21.049,0.51,2.0,0.0
ATOM,199.0,O,SER,14.0,5.224,3.685,-19.897,-0.51,1.7,0.0
ATOM,200.0,CB,SER,14.0,3.655,2.105,-22.058,0.05,2.175,16.36
ATOM,201.0,OG,SER,14.0,3.211,0.876,-22.608,-0.66,1.77,9.71
ATOM,202.0,H,SER,14.0,4.601,0.774,-19.909,0.31,0.2245,0.0
ATOM,203.0,HA,SER,14.0,5.749,1.836,-22.378,0.09,1.32,0.0
ATOM,204.0,HB2,SER,14.0,3.102,2.321,-21.255,0.09,1.32,1.64
ATOM,205.0,HB3,SER,14.0,3.55,2.824,-22.743,0.09,1.32,6.68
ATOM,206.0,HG,SER,14.0,3.865,0.563,-23.295,0.43,0.2245,1.33
ATOM,207.0,N,PRO,15.0,6.242,4.22,-21.825,-0.29,1.85,0.0
ATOM,208.0,CA,PRO,15.0,6.653,5.53,-21.313,0.02,2.275,0.0
ATOM,209.0,C,PRO,15.0,5.462,6.267,-20.697,0.51,2.0,0.47
ATOM,210.0,O,PRO,15.0,4.415,6.396,-21.326,-0.51,1.7,21.69
ATOM,211.0,CB,PRO,15.0,7.195,6.22,-22.559,-0.18,2.175,16.54
ATOM,212.0,CG,PRO,15.0,7.836,5.071,-23.296,-0.18,2.175,4.21
ATOM,213.0,CD,PRO,15.0,6.776,3.992,-23.18,0.0,2.175,1.93
ATOM,214.0,HA,PRO,15.0,7.397,5.436,-20.644,0.09,1.32,0.0
ATOM,215.0,HB2,PRO,15.0,6.462,6.616,-23.097,0.09,1.32,8.17
ATOM,216.0,HB3,PRO,15.0,7.87,6.906,-22.324,0.09,1.32,2.76
ATOM,217.0,HG2,PRO,15.0,7.996,5.31,-24.242,0.09,1.32,7.95
ATOM,218.0,HG3,PRO,15.0,8.673,4.795,-22.848,0.09,1.32,0.0
ATOM,219.0,HD2,PRO,15.0,6.064,4.111,-23.864,0.09,1.32,9.0
ATOM,220.0,HD3,PRO,15.0,7.177,3.084,-23.254,0.09,1.32,0.0
ATOM,221.0,N,GLY,16.0,5.624,6.727,-19.46,-0.47,1.85,1.35
ATOM,222.0,CA,GLY,16.0,4.554,7.434,-18.78,-0.02,2.175,15.88
ATOM,223.0,C,GLY,16.0,3.819,6.56,-17.78,0.51,2.0,1.93
ATOM,224.0,O,GLY,16.0,3.123,7.061,-16.893,-0.51,1.7,18.68
ATOM,225.0,H,GLY,16.0,6.552,6.541,-19.041,0.31,0.2245,0.0
ATOM,226.0,HA2,GLY,16.0,4.937,8.242,-18.298,0.09,1.32,1.62
ATOM,227.0,HA3,GLY,16.0,3.892,7.784,-19.466,0.09,1.32,7.74
ATOM,228.0,N,GLU,17.0,3.986,5.248,-17.92,-0.47,1.85,1.24
ATOM,229.0,CA,GLU,17.0,3.339,4.269,-17.054,0.07,2.275,2.22
ATOM,230.0,C,GLU,17.0,4.032,4.174,-15.691,0.51,2.0,0.0
ATOM,231.0,O,GLU,17.0,5.22,4.473,-15.562,-0.51,1.7,0.0
ATOM,232.0,CB,GLU,17.0,3.375,2.895,-17.742,-0.18,2.175,1.41
ATOM,233.0,CG,GLU,17.0,2.27,1.911,-17.36,-0.28,2.175,12.17
ATOM,234.0,CD,GLU,17.0,2.282,0.663,-18.245,0.62,2.0,3.81
ATOM,235.0,OE1,GLU,17.0,1.304,-0.125,-18.212,-0.76,1.7,34.68
ATOM,236.0,OE2,GLU,17.0,3.276,0.467,-18.975,-0.76,1.7,0.01
ATOM,237.0,H,GLU,17.0,4.623,4.978,-18.707,0.31,0.2245,0.0
ATOM,238.0,HA,GLU,17.0,2.372,4.522,-16.917,0.09,1.32,6.09
ATOM,239.0,HB2,GLU,17.0,3.308,3.05,-18.721,0.09,1.32,0.17
ATOM,240.0,HB3,GLU,17.0,4.243,2.47,-17.514,0.09,1.32,0.0
ATOM,241.0,HG2,GLU,17.0,2.422,1.619,-16.44,0.09,1.32,0.8
ATOM,242.0,HG3,GLU,17.0,1.406,2.351,-17.487,0.09,1.32,9.66
ATOM,243.0,N,ARG,18.0,3.278,3.758,-14.678,-0.47,1.85,1.16
ATOM,244.0,CA,ARG,18.0,3.824,3.582,-13.335,0.07,2.275,0.0
ATOM,245.0,C,ARG,18.0,4.553,2.242,-13.36,0.51,2.0,0.0
ATOM,246.0,O,ARG,18.0,4.126,1.316,-14.054,-0.51,1.7,12.56
ATOM,247.0,CB,ARG,18.0,2.685,3.536,-12.313,-0.18,2.175,5.88
ATOM,248.0,CG,ARG,18.0,3.106,3.291,-10.861,-0.18,2.175,0.6
ATOM,249.0,CD,ARG,18.0,1.862,3.08,-10.008,0.2,2.175,14.73
ATOM,250.0,NE,ARG,18.0,2.14,2.835,-8.594,-0.7,1.85,4.58
ATOM,251.0,CZ,ARG,18.0,2.439,3.78,-7.707,0.64,2.0,1.7
ATOM,252.0,NH1,ARG,18.0,2.506,5.053,-8.08,-0.8,1.85,13.16
ATOM,253.0,NH2,ARG,18.0,2.651,3.45,-6.439,-0.8,1.85,16.37
ATOM,254.0,H,ARG,18.0,2.285,3.572,-14.92,0.31,0.2245,5.48
ATOM,255.0,HA,ARG,18.0,4.478,4.298,-13.154,0.09,1.32,0.0
ATOM,256.0,HB2,ARG,18.0,2.199,4.411,-12.345,0.09,1.32,5.97
ATOM,257.0,HB3,ARG,18.0,2.058,2.801,-12.575,0.09,1.32,6.7
ATOM,258.0,HG2,ARG,18.0,3.659,2.477,-10.813,0.09,1.32,0.0
ATOM,259.0,HG3,ARG,18.0,3.586,4.082,-10.522,0.09,1.32,0.0
ATOM,260.0,HD2,ARG,18.0,1.287,3.9,-10.093,0.09,1.32,6.44
ATOM,261.0,HD3,ARG,18.0,1.36,2.295,-10.386,0.09,1.32,10.32
ATOM,262.0,HE,ARG,18.0,2.103,1.881,-8.267,0.44,0.2245,7.08
ATOM,263.0,HH11,ARG,18.0,2.315,5.323,-9.02,0.46,0.2245,4.56
ATOM,264.0,HH12,ARG,18.0,2.752,5.756,-7.403,0.46,0.2245,13.16
ATOM,265.0,HH21,ARG,18.0,2.565,2.493,-6.153,0.46,0.2245,14.19
ATOM,266.0,HH22,ARG,18.0,2.894,4.151,-5.771,0.46,0.2245,16.1
ATOM,267.0,N,ALA,19.0,5.655,2.137,-12.629,-0.47,1.85,0.0
ATOM,268.0,CA,ALA,19.0,6.409,0.891,-12.584,0.07,2.275,0.01
ATOM,269.0,C,ALA,19.0,6.656,0.472,-11.138,0.51,2.0,0.0
ATOM,270.0,O,ALA,19.0,7.197,1.244,-10.351,-0.51,1.7,0.0
ATOM,271.0,CB,ALA,19.0,7.73,1.056,-13.313,-0.27,2.06,0.0
ATOM,272.0,H,ALA,19.0,5.923,2.99,-12.11,0.31,0.2245,0.0
ATOM,273.0,HA,ALA,19.0,5.876,0.171,-13.039,0.09,1.32,0.99
ATOM,274.0,HB1,ALA,19.0,7.829,2.003,-13.619,0.09,1.32,0.0
ATOM,275.0,HB2,ALA,19.0,8.485,0.826,-12.698,0.09,1.32,0.0
ATOM,276.0,HB3,ALA,19.0,7.754,0.448,-14.107,0.09,1.32,0.0
ATOM,277.0,N,THR,20.0,6.258,-0.753,-10.803,-0.47,1.85,0.45
ATOM,278.0,CA,THR,20.0,6.427,-1.29,-9.455,0.07,2.275,0.0
ATOM,279.0,C,THR,20.0,7.327,-2.526,-9.448,0.51,2.0,0.0
ATOM,280.0,O,THR,20.0,6.99,-3.559,-10.035,-0.51,1.7,7.36
ATOM,281.0,CB,THR,20.0,5.067,-1.677,-8.836,0.14,2.275,5.69
ATOM,282.0,OG1,THR,20.0,4.217,-0.525,-8.791,-0.66,1.77,8.93
ATOM,283.0,CG2,THR,20.0,5.254,-2.214,-7.423,-0.27,2.06,14.05
ATOM,284.0,H,THR,20.0,5.818,-1.292,-11.58,0.31,0.2245,5.24
ATOM,285.0,HA,THR,20.0,6.86,-0.582,-8.88,0.09,1.32,0.0
ATOM,286.0,HB,THR,20.0,4.625,-2.377,-9.43,0.09,1.32,9.01
ATOM,287.0,HG21,THR,20.0,6.202,-2.513,-7.296,0.09,1.32,0.0
ATOM,288.0,HG22,THR,20.0,5.044,-1.496,-6.756,0.09,1.32,2.84
ATOM,289.0,HG23,THR,20.0,4.641,-2.992,-7.272,0.09,1.32,11.32
ATOM,290.0,HG1,THR,20.0,4.634,0.238,-9.297,0.43,0.2245,0.0
ATOM,291.0,N,LEU,21.0,8.472,-2.413,-8.778,-0.47,1.85,0.0
ATOM,292.0,CA,LEU,21.0,9.428,-3.514,-8.682,0.07,2.275,0.0
ATOM,293.0,C,LEU,21.0,9.469,-4.038,-7.258,0.51,2.0,0.0
ATOM,294.0,O,LEU,21.0,9.498,-3.252,-6.311,-0.51,1.7,0.0
ATOM,295.0,CB,LEU,21.0,10.827,-3.042,-9.077,-0.18,2.175,0.0
ATOM,296.0,CG,LEU,21.0,11.101,-2.787,-10.561,-0.09,2.275,0.0
ATOM,297.0,CD1,LEU,21.0,10.197,-1.678,-11.087,-0.27,2.06,0.0
ATOM,298.0,CD2,LEU,21.0,12.554,-2.4,-10.718,-0.27,2.06,0.0
ATOM,299.0,H,LEU,21.0,8.625,-1.484,-8.334,0.31,0.2245,0.0
ATOM,300.0,HA,LEU,21.0,9.124,-4.253,-9.287,0.09,1.32,0.0
ATOM,301.0,HB2,LEU,21.0,11.008,-2.183,-8.591,0.09,1.32,0.0
ATOM,302.0,HB3,LEU,21.0,11.482,-3.736,-8.77,0.09,1.32,0.0
ATOM,303.0,HG,LEU,21.0,10.927,-3.627,-11.073,0.09,1.32,0.0
ATOM,304.0,HD11,LEU,21.0,10.37,-0.837,-10.575,0.09,1.32,0.0
ATOM,305.0,HD12,LEU,21.0,10.388,-1.524,-12.056,0.09,1.32,0.0
ATOM,306.0,HD13,LEU,21.0,9.24,-1.946,-10.974,0.09,1.32,0.0
ATOM,307.0,HD21,LEU,21.0,13.141,-3.142,-10.386,0.09,1.32,0.0
ATOM,308.0,HD22,LEU,21.0,12.757,-2.228,-11.684,0.09,1.32,0.0
ATOM,309.0,HD23,LEU,21.0,12.743,-1.57,-10.189,0.09,1.32,0.0
ATOM,310.0,N,SER,22.0,9.491,-5.36,-7.11,-0.47,1.85,0.0
ATOM,311.0,CA,SER,22.0,9.513,-5.98,-5.791,0.07,2.275,0.0
ATOM,312.0,C,SER,22.0,10.843,-6.646,-5.455,0.51,2.0,0.0
ATOM,313.0,O,SER,22.0,11.574,-7.098,-6.339,-0.51,1.7,0.0
ATOM,314.0,CB,SER,22.0,8.382,-7.012,-5.676,0.05,2.175,10.31
ATOM,315.0,OG,SER,22.0,7.118,-6.384,-5.785,-0.66,1.77,23.79
ATOM,316.0,H,SER,22.0,9.491,-5.898,-7.997,0.31,0.2245,0.0
ATOM,317.0,HA,SER,22.0,9.349,-5.252,-5.1,0.09,1.32,0.0
ATOM,318.0,HB2,SER,22.0,8.481,-7.676,-6.409,0.09,1.32,0.0
ATOM,319.0,HB3,SER,22.0,8.449,-7.459,-4.791,0.09,1.32,4.81
ATOM,320.0,HG,SER,22.0,7.16,-5.668,-6.481,0.43,0.2245,2.52
ATOM,321.0,N,CYS,23.0,11.142,-6.691,-4.161,-0.47,1.85,0.09
ATOM,322.0,CA,CYS,23.0,12.364,-7.3,-3.647,0.07,2.275,0.29
ATOM,323.0,C,CYS,23.0,12.031,-7.903,-2.287,0.51,2.0,0.12
ATOM,324.0,O,CYS,23.0,11.409,-7.247,-1.452,-0.51,1.7,0.31
ATOM,325.0,CB,CYS,23.0,13.455,-6.237,-3.49,-0.1,2.175,0.0
ATOM,326.0,SG,CYS,23.0,14.969,-6.708,-2.574,-0.08,1.975,0.0
ATOM,327.0,H,CYS,23.0,10.423,-6.25,-3.539,0.31,0.2245,0.12
ATOM,328.0,HA,CYS,23.0,12.631,-8.036,-4.256,0.09,1.32,0.0
ATOM,329.0,HB2,CYS,23.0,13.735,-5.938,-4.414,0.09,1.32,0.0
ATOM,330.0,HB3,CYS,23.0,13.048,-5.439,-3.02,0.09,1.32,0.0
ATOM,331.0,N,ARG,24.0,12.43,-9.154,-2.075,-0.47,1.85,0.06
ATOM,332.0,CA,ARG,24.0,12.171,-9.828,-0.807,0.07,2.275,0.0
ATOM,333.0,C,ARG,24.0,13.441,-10.434,-0.22,0.51,2.0,0.0
ATOM,334.0,O,ARG,24.0,14.305,-10.926,-0.948,-0.51,1.7,0.0
ATOM,335.0,CB,ARG,24.0,11.116,-10.923,-0.988,-0.18,2.175,0.33
ATOM,336.0,CG,ARG,24.0,11.471,-11.984,-2.017,-0.18,2.175,1.68
ATOM,337.0,CD,ARG,24.0,10.393,-13.066,-2.068,0.2,2.175,19.34
ATOM,338.0,NE,ARG,24.0,10.352,-13.861,-0.841,-0.7,1.85,4.73
ATOM,339.0,CZ,ARG,24.0,11.22,-14.824,-0.547,0.64,2.0,1.87
ATOM,340.0,NH1,ARG,24.0,12.198,-15.119,-1.392,-0.8,1.85,9.68
ATOM,341.0,NH2,ARG,24.0,11.113,-15.49,0.596,-0.8,1.85,17.13
ATOM,342.0,H,ARG,24.0,12.928,-9.596,-2.869,0.31,0.2245,0.0
ATOM,343.0,HA,ARG,24.0,11.803,-9.154,-0.15,0.09,1.32,0.0
ATOM,344.0,HB2,ARG,24.0,10.985,-11.377,-0.108,0.09,1.32,0.11
ATOM,345.0,HB3,ARG,24.0,10.263,-10.489,-1.273,0.09,1.32,1.9
ATOM,346.0,HG2,ARG,24.0,11.534,-11.57,-2.916,0.09,1.32,0.78
ATOM,347.0,HG3,ARG,24.0,12.328,-12.417,-1.768,0.09,1.32,0.0
ATOM,348.0,HD2,ARG,24.0,9.514,-12.617,-2.2,0.09,1.32,7.6
ATOM,349.0,HD3,ARG,24.0,10.594,-13.661,-2.841,0.09,1.32,2.62
ATOM,350.0,HE,ARG,24.0,9.621,-13.666,-0.179,0.44,0.2245,7.65
ATOM,351.0,HH11,ARG,24.0,12.313,-14.618,-2.245,0.46,0.2245,0.0
ATOM,352.0,HH12,ARG,24.0,12.84,-15.864,-1.168,0.46,0.2245,9.95
ATOM,353.0,HH21,ARG,24.0,10.385,-15.248,1.243,0.46,0.2245,17.55
ATOM,354.0,HH22,ARG,24.0,11.75,-16.225,0.813,0.46,0.2245,13.1
ATOM,355.0,N,ALA,25.0,13.544,-10.385,1.104,-0.47,1.85,0.0
ATOM,356.0,CA,ALA,25.0,14.692,-10.918,1.823,0.07,2.275,0.0
ATOM,357.0,C,ALA,25.0,14.307,-12.234,2.495,0.51,2.0,0.0
ATOM,358.0,O,ALA,25.0,13.208,-12.356,3.043,-0.51,1.7,2.63
ATOM,359.0,CB,ALA,25.0,15.153,-9.911,2.877,-0.27,2.06,0.0
ATOM,360.0,H,ALA,25.0,12.731,-9.932,1.582,0.31,0.2245,0.0
ATOM,361.0,HA,ALA,25.0,15.431,-11.097,1.171,0.09,1.32,0.0
ATOM,362.0,HB1,ALA,25.0,14.477,-9.18,2.954,0.09,1.32,0.0
ATOM,363.0,HB2,ALA,25.0,15.248,-10.373,3.757,0.09,1.32,0.0
ATOM,364.0,HB3,ALA,25.0,16.033,-9.526,2.604,0.09,1.32,0.0
ATOM,365.0,N,SER,26.0,15.205,-13.216,2.448,-0.47,1.85,0.0
ATOM,366.0,CA,SER,26.0,14.939,-14.512,3.062,0.07,2.275,0.86
ATOM,367.0,C,SER,26.0,14.72,-14.391,4.574,0.51,2.0,0.0
ATOM,368.0,O,SER,26.0,14.147,-15.284,5.194,-0.51,1.7,29.21
ATOM,369.0,CB,SER,26.0,16.078,-15.492,2.76,0.05,2.175,14.62
ATOM,370.0,OG,SER,26.0,17.331,-14.984,3.162,-0.66,1.77,2.02
ATOM,371.0,H,SER,26.0,16.082,-12.984,1.952,0.31,0.2245,0.0
ATOM,372.0,HA,SER,26.0,14.091,-14.883,2.659,0.09,1.32,0.19
ATOM,373.0,HB2,SER,26.0,15.9,-16.347,3.246,0.09,1.32,9.12
ATOM,374.0,HB3,SER,26.0,16.095,-15.665,1.776,0.09,1.32,0.55
ATOM,375.0,HG,SER,26.0,17.222,-14.05,3.503,0.43,0.2245,0.0
ATOM,376.0,N,GLN,27.0,15.186,-13.289,5.157,-0.47,1.85,0.0
ATOM,377.0,CA,GLN,27.0,15.004,-13.013,6.585,0.07,2.275,0.41
ATOM,378.0,C,GLN,27.0,14.947,-11.5,6.777,0.51,2.0,0.0
ATOM,379.0,O,GLN,27.0,15.363,-10.746,5.896,-0.51,1.7,0.0
ATOM,380.0,CB,GLN,27.0,16.129,-13.626,7.434,-0.18,2.175,10.64
ATOM,381.0,CG,GLN,27.0,17.544,-13.223,7.057,-0.18,2.175,0.0
ATOM,382.0,CD,GLN,27.0,18.58,-13.837,7.992,0.55,2.0,0.68
ATOM,383.0,H,GLN,27.0,15.69,-12.64,4.514,0.31,0.2245,0.0
ATOM,384.0,HA,GLN,27.0,14.126,-13.391,6.862,0.09,1.32,5.18
ATOM,385.0,HB2,GLN,27.0,15.976,-13.367,8.398,0.09,1.32,6.03
ATOM,386.0,HB3,GLN,27.0,16.062,-14.633,7.37,0.09,1.32,4.78
ATOM,387.0,HG2,GLN,27.0,17.733,-13.535,6.13,0.09,1.32,0.0
ATOM,388.0,HG3,GLN,27.0,17.622,-12.231,7.107,0.09,1.32,0.0
ATOM,389.0,OE1,GLN,27.0,19.04,-13.197,8.944,-0.55,1.7,30.27
ATOM,390.0,NE2,GLN,27.0,18.938,-15.087,7.733,-0.62,1.85,17.89
ATOM,391.0,HE21,GLN,27.0,19.634,-15.558,8.305,0.32,0.2245,21.68
ATOM,392.0,HE22,GLN,27.0,18.504,-15.572,6.95,0.3,0.2245,9.65
ATOM,393.0,N,SER,28.0,14.427,-11.051,7.916,-0.47,1.85,0.32
ATOM,394.0,CA,SER,28.0,14.295,-9.617,8.166,0.07,2.275,0.0
ATOM,395.0,C,SER,28.0,15.604,-8.841,8.103,0.51,2.0,0.0
ATOM,396.0,O,SER,28.0,16.6,-9.241,8.701,-0.51,1.7,10.6
ATOM,397.0,CB,SER,28.0,13.643,-9.365,9.525,0.05,2.175,19.15
ATOM,398.0,OG,SER,28.0,13.508,-7.969,9.755,-0.66,1.77,12.4
ATOM,399.0,H,SER,28.0,14.135,-11.78,8.585,0.31,0.2245,8.93
ATOM,400.0,HA,SER,28.0,13.672,-9.234,7.454,0.09,1.32,0.0
ATOM,401.0,HB2,SER,28.0,12.743,-9.782,9.533,0.09,1.32,7.78
ATOM,402.0,HB3,SER,28.0,14.217,-9.754,10.234,0.09,1.32,9.48
ATOM,403.0,HG,SER,28.0,12.571,-7.689,9.553,0.43,0.2245,8.65
ATOM,404.0,N,ILE,29.0,15.592,-7.723,7.38,-0.47,1.85,0.0
ATOM,405.0,CA,ILE,29.0,16.78,-6.884,7.268,0.07,2.275,0.0
ATOM,406.0,C,ILE,29.0,16.476,-5.439,7.651,0.51,2.0,0.0
ATOM,407.0,O,ILE,29.0,17.216,-4.531,7.291,-0.51,1.7,0.0
ATOM,408.0,CB,ILE,29.0,17.377,-6.911,5.843,-0.09,2.275,0.0
ATOM,409.0,CG1,ILE,29.0,16.319,-6.498,4.814,-0.18,2.175,0.0
ATOM,410.0,CG2,ILE,29.0,17.932,-8.288,5.546,-0.27,2.06,0.0
ATOM,411.0,CD1,ILE,29.0,16.831,-6.485,3.381,-0.27,2.06,0.0
ATOM,412.0,H,ILE,29.0,14.691,-7.509,6.919,0.31,0.2245,0.0
ATOM,413.0,HA,ILE,29.0,17.435,-7.229,7.949,0.09,1.32,0.0
ATOM,414.0,HB,ILE,29.0,18.115,-6.248,5.809,0.09,1.32,0.0
ATOM,415.0,HG12,ILE,29.0,15.552,-7.132,4.876,0.09,1.32,0.0
ATOM,416.0,HG13,ILE,29.0,15.999,-5.581,5.045,0.09,1.32,0.0
ATOM,417.0,HG21,ILE,29.0,18.356,-8.293,4.64,0.09,1.32,0.0
ATOM,418.0,HG22,ILE,29.0,18.618,-8.53,6.232,0.09,1.32,0.0
ATOM,419.0,HG23,ILE,29.0,17.193,-8.961,5.567,0.09,1.32,0.0
ATOM,420.0,HD11,ILE,29.0,17.145,-7.4,3.138,0.09,1.32,0.0
ATOM,421.0,HD12,ILE,29.0,16.091,-6.208,2.772,0.09,1.32,0.0
ATOM,422.0,HD13,ILE,29.0,17.587,-5.838,3.31,0.09,1.32,0.0
ATOM,423.0,N,GLY,30.0,15.388,-5.238,8.391,-0.47,1.85,3.18
ATOM,424.0,CA,GLY,30.0,15.01,-3.901,8.826,-0.02,2.175,17.98
ATOM,425.0,C,GLY,30.0,14.749,-2.937,7.681,0.51,2.0,0.77
ATOM,426.0,O,GLY,30.0,13.79,-3.107,6.924,-0.51,1.7,0.0
ATOM,427.0,H,GLY,30.0,14.852,-6.092,8.622,0.31,0.2245,0.0
ATOM,428.0,HA2,GLY,30.0,14.175,-3.962,9.407,0.09,1.32,9.28
ATOM,429.0,HA3,GLY,30.0,15.746,-3.522,9.42,0.09,1.32,6.75
ATOM,430.0,N,ASN,31.0,15.6,-1.922,7.559,-0.47,1.85,0.7
ATOM,431.0,CA,ASN,31.0,15.482,-0.929,6.487,0.07,2.275,0.0
ATOM,432.0,C,ASN,31.0,16.789,-0.926,5.695,0.51,2.0,0.0
ATOM,433.0,O,ASN,31.0,17.064,-0.004,4.934,-0.51,1.7,0.0
ATOM,434.0,CB,ASN,31.0,15.256,0.465,7.083,-0.18,2.175,9.18
ATOM,435.0,CG,ASN,31.0,16.525,1.053,7.689,0.55,2.0,1.55
ATOM,436.0,H,ASN,31.0,16.349,-1.892,8.281,0.31,0.2245,2.29
ATOM,437.0,HA,ASN,31.0,14.767,-1.244,5.871,0.09,1.32,0.0
ATOM,438.0,HB2,ASN,31.0,14.943,1.07,6.359,0.09,1.32,0.4
ATOM,439.0,HB3,ASN,31.0,14.568,0.394,7.798,0.09,1.32,9.22
ATOM,440.0,OD1,ASN,31.0,17.5,0.34,7.933,-0.55,1.7,7.4
ATOM,441.0,ND2,ASN,31.0,16.51,2.355,7.947,-0.62,1.85,15.47
ATOM,442.0,HD22,ASN,31.0,15.688,2.893,7.747,0.3,0.2245,14.38
ATOM,443.0,HD21,ASN,31.0,17.314,2.8,8.34,0.32,0.2245,15.24
ATOM,444.0,N,ASN,32.0,17.59,-1.967,5.89,-0.47,1.85,0.0
ATOM,445.0,CA,ASN,32.0,18.895,-2.084,5.255,0.07,2.275,0.0
ATOM,446.0,C,ASN,32.0,18.816,-2.673,3.853,0.51,2.0,0.0
ATOM,447.0,O,ASN,32.0,19.386,-3.723,3.57,-0.51,1.7,0.0
ATOM,448.0,CB,ASN,32.0,19.794,-2.926,6.153,-0.18,2.175,0.0
ATOM,449.0,CG,ASN,32.0,19.955,-2.311,7.531,0.55,2.0,0.01
ATOM,450.0,OD1,ASN,32.0,19.455,-2.847,8.517,-0.55,1.7,9.86
ATOM,451.0,ND2,ASN,32.0,20.678,-1.199,7.609,-0.62,1.85,5.96
ATOM,452.0,H,ASN,32.0,17.204,-2.693,6.537,0.31,0.2245,0.0
ATOM,453.0,HA,ASN,32.0,19.266,-1.146,5.16,0.09,1.32,0.0
ATOM,454.0,HB2,ASN,32.0,19.387,-3.827,6.254,0.09,1.32,0.0
ATOM,455.0,HB3,ASN,32.0,20.691,-2.994,5.73,0.09,1.32,0.0
ATOM,456.0,HD22,ASN,32.0,21.078,-0.81,6.776,0.3,0.2245,0.0
ATOM,457.0,HD21,ASN,32.0,20.822,-0.753,8.489,0.32,0.2245,16.91
ATOM,458.0,N,LEU,33.0,18.115,-1.954,2.982,-0.47,1.85,0.0
ATOM,459.0,CA,LEU,33.0,17.896,-2.37,1.602,0.07,2.275,0.0
ATOM,460.0,C,LEU,33.0,18.146,-1.157,0.709,0.51,2.0,0.0
ATOM,461.0,O,LEU,33.0,17.572,-0.089,0.928,-0.51,1.7,0.0
ATOM,462.0,CB,LEU,33.0,16.451,-2.875,1.463,-0.18,2.175,0.0
ATOM,463.0,CG,LEU,33.0,15.965,-3.6,0.202,-0.09,2.275,0.0
ATOM,464.0,CD1,LEU,33.0,15.753,-2.589,-0.928,-0.27,2.06,0.0
ATOM,465.0,CD2,LEU,33.0,16.973,-4.671,-0.192,-0.27,2.06,0.0
ATOM,466.0,H,LEU,33.0,17.732,-1.06,3.374,0.31,0.2245,0.0
ATOM,467.0,HA,LEU,33.0,18.557,-3.074,1.369,0.09,1.32,0.0
ATOM,468.0,HB2,LEU,33.0,16.275,-3.503,2.249,0.09,1.32,0.0
ATOM,469.0,HB3,LEU,33.0,15.837,-2.071,1.595,0.09,1.32,0.0
ATOM,470.0,HG,LEU,33.0,15.104,-4.056,0.401,0.09,1.32,0.0
ATOM,471.0,HD11,LEU,33.0,16.617,-2.127,-1.123,0.09,1.32,0.0
ATOM,472.0,HD12,LEU,33.0,15.437,-3.069,-1.745,0.09,1.32,0.0
ATOM,473.0,HD13,LEU,33.0,15.069,-1.918,-0.646,0.09,1.32,0.0
ATOM,474.0,HD21,LEU,33.0,17.069,-5.331,0.554,0.09,1.32,0.0
ATOM,475.0,HD22,LEU,33.0,16.655,-5.143,-1.015,0.09,1.32,0.0
ATOM,476.0,HD23,LEU,33.0,17.859,-4.245,-0.375,0.09,1.32,0.0
ATOM,477.0,N,HIS,34.0,19.001,-1.328,-0.296,-0.47,1.85,0.0
ATOM,478.0,CA,HIS,34.0,19.353,-0.241,-1.207,0.07,2.275,0.0
ATOM,479.0,C,HIS,34.0,19.017,-0.614,-2.649,0.51,2.0,0.0
ATOM,480.0,O,HIS,34.0,19.142,-1.772,-3.024,-0.51,1.7,0.0
ATOM,481.0,CB,HIS,34.0,20.847,0.044,-1.072,-0.09,2.175,0.17
ATOM,482.0,CG,HIS,34.0,21.312,0.089,0.351,-0.05,1.8,0.92
ATOM,483.0,H,HIS,34.0,19.392,-2.289,-0.376,0.31,0.2245,0.0
ATOM,484.0,HA,HIS,34.0,18.814,0.57,-0.958,0.09,1.32,0.0
ATOM,485.0,HB2,HIS,34.0,21.363,-0.673,-1.55,0.09,1.32,0.0
ATOM,486.0,HB3,HIS,34.0,21.052,0.93,-1.498,0.09,1.32,0.0
ATOM,487.0,ND1,HIS,34.0,21.044,1.15,1.187,-0.36,1.85,1.28
ATOM,488.0,CD2,HIS,34.0,21.971,-0.825,1.102,0.22,1.8,4.45
ATOM,489.0,CE1,HIS,34.0,21.518,0.889,2.393,0.25,1.8,6.5
ATOM,490.0,NE2,HIS,34.0,22.085,-0.304,2.368,-0.7,1.85,4.46
ATOM,491.0,HD1,HIS,34.0,20.565,1.987,0.921,0.32,0.2245,0.0
ATOM,492.0,HD2,HIS,34.0,22.311,-1.71,0.795,0.1,1.468,0.0
ATOM,493.0,HE1,HIS,34.0,21.459,1.489,3.185,0.13,0.9,0.0
ATOM,494.0,N,TRP,35.0,18.6,0.372,-3.445,-0.47,1.85,0.0
ATOM,495.0,CA,TRP,35.0,18.228,0.139,-4.845,0.07,2.275,0.0
ATOM,496.0,C,TRP,35.0,19.199,0.771,-5.835,0.51,2.0,0.0
ATOM,497.0,O,TRP,35.0,19.585,1.932,-5.681,-0.51,1.7,0.0
ATOM,498.0,CB,TRP,35.0,16.822,0.692,-5.129,-0.18,2.175,0.0
ATOM,499.0,CG,TRP,35.0,15.705,-0.052,-4.473,-0.03,1.9924,0.0
ATOM,500.0,CD1,TRP,35.0,15.123,0.228,-3.267,0.035,1.9924,0.0
ATOM,501.0,CD2,TRP,35.0,15.019,-1.196,-4.994,-0.02,1.8,0.0
ATOM,502.0,NE1,TRP,35.0,14.115,-0.668,-3.01,-0.61,1.85,0.0
ATOM,503.0,CE2,TRP,35.0,14.031,-1.554,-4.053,0.13,1.8,0.0
ATOM,504.0,CE3,TRP,35.0,15.145,-1.953,-6.168,-0.115,1.9924,0.0
ATOM,505.0,CZ2,TRP,35.0,13.17,-2.638,-4.248,-0.115,1.9924,0.0
ATOM,506.0,CZ3,TRP,35.0,14.289,-3.029,-6.364,-0.115,1.9924,0.0
ATOM,507.0,CH2,TRP,35.0,13.314,-3.362,-5.408,-0.115,1.9924,0.0
ATOM,508.0,H,TRP,35.0,18.562,1.308,-2.994,0.31,0.2245,0.0
ATOM,509.0,HA,TRP,35.0,18.242,-0.863,-4.999,0.09,1.32,0.0
ATOM,510.0,HB2,TRP,35.0,16.781,1.637,-4.808,0.09,1.32,0.0
ATOM,511.0,HB3,TRP,35.0,16.663,0.664,-6.114,0.09,1.32,0.0
ATOM,512.0,HD1,TRP,35.0,15.392,0.975,-2.661,0.115,1.3582,0.0
ATOM,513.0,HE1,TRP,35.0,13.535,-0.676,-2.196,0.38,0.2245,0.0
ATOM,514.0,HE3,TRP,35.0,15.833,-1.727,-6.852,0.115,1.3582,0.0
ATOM,515.0,HZ2,TRP,35.0,12.479,-2.867,-3.558,0.115,1.3582,0.0
ATOM,516.0,HZ3,TRP,35.0,14.371,-3.57,-7.194,0.115,1.3582,0.0
ATOM,517.0,HH2,TRP,35.0,12.717,-4.144,-5.584,0.115,1.3582,0.0
ATOM,518.0,N,TYR,36.0,19.57,0.009,-6.864,-0.47,1.85,0.0
ATOM,519.0,CA,TYR,36.0,20.488,0.493,-7.891,0.07,2.275,0.0
ATOM,520.0,C,TYR,36.0,19.891,0.374,-9.293,0.51,2.0,0.0
ATOM,521.0,O,TYR,36.0,19.082,-0.503,-9.569,-0.51,1.7,0.0
ATOM,522.0,CB,TYR,36.0,21.794,-0.304,-7.896,-0.18,2.175,0.03
ATOM,523.0,CG,TYR,36.0,22.637,-0.197,-6.653,0.0,1.9924,0.0
ATOM,524.0,CD1,TYR,36.0,22.362,-0.985,-5.536,-0.115,1.9924,0.0
ATOM,525.0,CD2,TYR,36.0,23.75,0.646,-6.612,-0.115,1.9924,0.0
ATOM,526.0,CE1,TYR,36.0,23.182,-0.948,-4.414,-0.115,1.9924,0.0
ATOM,527.0,CE2,TYR,36.0,24.576,0.694,-5.486,-0.115,1.9924,7.34
ATOM,528.0,CZ,TYR,36.0,24.284,-0.111,-4.396,0.11,1.9924,0.07
ATOM,529.0,OH,TYR,36.0,25.102,-0.102,-3.292,-0.54,1.77,23.16
ATOM,530.0,H,TYR,36.0,19.155,-0.944,-6.87,0.31,0.2245,0.0
ATOM,531.0,HA,TYR,36.0,20.675,1.47,-7.714,0.09,1.32,0.0
ATOM,532.0,HB2,TYR,36.0,21.565,-1.274,-8.039,0.09,1.32,0.0
ATOM,533.0,HB3,TYR,36.0,22.346,0.01,-8.677,0.09,1.32,0.0
ATOM,534.0,HD1,TYR,36.0,21.563,-1.586,-5.54,0.115,1.3582,0.0
ATOM,535.0,HD2,TYR,36.0,23.96,1.221,-7.397,0.115,1.3582,0.0
ATOM,536.0,HE1,TYR,36.0,22.975,-1.527,-3.623,0.115,1.3582,0.0
ATOM,537.0,HE2,TYR,36.0,25.365,1.301,-5.47,0.115,1.3582,11.45
ATOM,538.0,HH,TYR,36.0,25.03,-0.98,-2.822,0.43,0.2245,1.93
ATOM,539.0,N,GLN,37.0,20.335,1.251,-10.181,-0.47,1.85,0.0
ATOM,540.0,CA,GLN,37.0,19.883,1.244,-11.566,0.07,2.275,0.0
ATOM,541.0,C,GLN,37.0,21.146,1.019,-12.389,0.51,2.0,0.0
ATOM,542.0,O,GLN,37.0,22.151,1.711,-12.186,-0.51,1.7,1.1
ATOM,543.0,CB,GLN,37.0,19.262,2.597,-11.915,-0.18,2.175,0.0
ATOM,544.0,CG,GLN,37.0,18.862,2.753,-13.377,-0.18,2.175,0.0
ATOM,545.0,CD,GLN,37.0,18.696,4.206,-13.761,0.55,2.0,0.0
ATOM,546.0,H,GLN,37.0,21.026,1.937,-9.809,0.31,0.2245,0.0
ATOM,547.0,HA,GLN,37.0,19.294,0.466,-11.696,0.09,1.32,0.0
ATOM,548.0,HB2,GLN,37.0,18.44,2.729,-11.353,0.09,1.32,0.0
ATOM,549.0,HB3,GLN,37.0,19.923,3.321,-11.696,0.09,1.32,0.0
ATOM,550.0,HG2,GLN,37.0,19.573,2.349,-13.946,0.09,1.32,0.0
ATOM,551.0,HG3,GLN,37.0,17.997,2.28,-13.522,0.09,1.32,0.0
ATOM,552.0,OE1,GLN,37.0,19.67,4.956,-13.823,-0.55,1.7,3.41
ATOM,553.0,NE2,GLN,37.0,17.458,4.618,-14.008,-0.62,1.85,0.0
ATOM,554.0,HE21,GLN,37.0,17.267,5.585,-14.258,0.32,0.2245,1.25
ATOM,555.0,HE22,GLN,37.0,16.694,3.945,-13.943,0.3,0.2245,0.0
ATOM,556.0,N,GLN,38.0,21.118,0.045,-13.294,-0.47,1.85,0.0
ATOM,557.0,CA,GLN,38.0,22.285,-0.225,-14.125,0.07,2.275,0.0
ATOM,558.0,C,GLN,38.0,21.958,-0.239,-15.61,0.51,2.0,0.0
ATOM,559.0,O,GLN,38.0,21.196,-1.08,-16.08,-0.51,1.7,1.25
ATOM,560.0,CB,GLN,38.0,22.94,-1.563,-13.758,-0.18,2.175,0.0
ATOM,561.0,CG,GLN,38.0,24.117,-1.908,-14.68,-0.18,2.175,2.3
ATOM,562.0,CD,GLN,38.0,24.858,-3.175,-14.284,0.55,2.0,2.5
ATOM,563.0,H,GLN,38.0,20.234,-0.48,-13.352,0.31,0.2245,0.0
ATOM,564.0,HA,GLN,38.0,22.959,0.516,-13.964,0.09,1.32,0.0
ATOM,565.0,HB2,GLN,38.0,23.284,-1.51,-12.829,0.09,1.32,0.0
ATOM,566.0,HB3,GLN,38.0,22.264,-2.287,-13.84,0.09,1.32,0.0
ATOM,567.0,HG2,GLN,38.0,23.764,-2.022,-15.612,0.09,1.32,2.4
ATOM,568.0,HG3,GLN,38.0,24.763,-1.141,-14.667,0.09,1.32,0.0
ATOM,569.0,OE1,GLN,38.0,24.256,-4.233,-14.114,-0.55,1.7,15.66
ATOM,570.0,NE2,GLN,38.0,26.176,-3.07,-14.144,-0.62,1.85,11.07
ATOM,571.0,HE21,GLN,38.0,26.736,-3.871,-13.868,0.32,0.2245,19.71
ATOM,572.0,HE22,GLN,38.0,26.618,-2.169,-14.32,0.3,0.2245,0.0
ATOM,573.0,N,LYS,39.0,22.541,0.699,-16.343,-0.47,1.85,0.0
ATOM,574.0,CA,LYS,39.0,22.319,0.778,-17.779,0.07,2.275,0.0
ATOM,575.0,C,LYS,39.0,23.42,-0.01,-18.478,0.51,2.0,0.01
ATOM,576.0,O,LYS,39.0,24.521,-0.152,-17.946,-0.51,1.7,0.03
ATOM,577.0,CB,LYS,39.0,22.308,2.242,-18.217,-0.18,2.175,0.0
ATOM,578.0,CG,LYS,39.0,21.077,2.983,-17.711,-0.18,2.175,1.43
ATOM,579.0,CD,LYS,39.0,21.068,4.45,-18.105,-0.18,2.175,4.21
ATOM,580.0,CE,LYS,39.0,19.799,5.126,-17.607,0.21,2.175,2.07
ATOM,581.0,NZ,LYS,39.0,19.73,6.571,-17.972,-0.3,1.85,8.81
ATOM,582.0,H,LYS,39.0,23.151,1.352,-15.819,0.31,0.2245,1.84
ATOM,583.0,HA,LYS,39.0,21.439,0.364,-17.998,0.09,1.32,0.0
ATOM,584.0,HB2,LYS,39.0,23.113,2.685,-17.849,0.09,1.32,0.0
ATOM,585.0,HB3,LYS,39.0,22.307,2.272,-19.207,0.09,1.32,2.07
ATOM,586.0,HG2,LYS,39.0,20.255,2.541,-18.087,0.09,1.32,0.0
ATOM,587.0,HG3,LYS,39.0,21.046,2.916,-16.708,0.09,1.32,0.46
ATOM,588.0,HD2,LYS,39.0,21.849,4.9,-17.693,0.09,1.32,2.49
ATOM,589.0,HD3,LYS,39.0,21.097,4.52,-19.092,0.09,1.32,8.75
ATOM,590.0,HE2,LYS,39.0,19.002,4.651,-17.999,0.05,1.32,0.0
ATOM,591.0,HE3,LYS,39.0,19.756,5.039,-16.604,0.05,1.32,0.0
ATOM,592.0,HZ1,LYS,39.0,20.657,6.928,-18.082,0.33,0.2245,15.98
ATOM,593.0,HZ2,LYS,39.0,19.228,6.671,-18.83,0.33,0.2245,5.01
ATOM,594.0,HZ3,LYS,39.0,19.26,7.072,-17.247,0.33,0.2245,7.09
ATOM,595.0,N,PRO,40.0,23.137,-0.537,-19.682,-0.29,1.85,0.7
ATOM,596.0,CA,PRO,40.0,24.124,-1.319,-20.434,0.02,2.275,1.27
ATOM,597.0,C,PRO,40.0,25.523,-0.711,-20.449,0.51,2.0,0.68
ATOM,598.0,O,PRO,40.0,25.689,0.481,-20.698,-0.51,1.7,10.11
ATOM,599.0,CB,PRO,40.0,23.508,-1.396,-21.831,-0.18,2.175,18.3
ATOM,600.0,CG,PRO,40.0,22.038,-1.393,-21.538,-0.18,2.175,23.42
ATOM,601.0,CD,PRO,40.0,21.927,-0.31,-20.494,0.0,2.175,9.02
ATOM,602.0,HA,PRO,40.0,24.156,-2.278,-20.084,0.09,1.32,8.66
ATOM,603.0,HB2,PRO,40.0,23.764,-0.604,-22.376,0.09,1.32,8.47
ATOM,604.0,HB3,PRO,40.0,23.777,-2.234,-22.292,0.09,1.32,11.44
ATOM,605.0,HG2,PRO,40.0,21.519,-1.16,-22.349,0.09,1.32,11.03
ATOM,606.0,HG3,PRO,40.0,21.752,-2.269,-21.174,0.09,1.32,11.0
ATOM,607.0,HD2,PRO,40.0,21.945,0.595,-20.905,0.09,1.32,7.16
ATOM,608.0,HD3,PRO,40.0,21.107,-0.42,-19.94,0.09,1.32,0.0
ATOM,609.0,N,GLY,41.0,26.522,-1.541,-20.167,-0.47,1.85,3.29
ATOM,610.0,CA,GLY,41.0,27.9,-1.082,-20.173,-0.02,2.175,21.56
ATOM,611.0,C,GLY,41.0,28.3,-0.066,-19.116,0.51,2.0,1.87
ATOM,612.0,O,GLY,41.0,29.397,0.492,-19.183,-0.51,1.7,32.97
ATOM,613.0,H,GLY,41.0,26.237,-2.512,-19.95,0.31,0.2245,15.61
ATOM,614.0,HA2,GLY,41.0,28.525,-1.904,-20.095,0.09,1.32,13.31
ATOM,615.0,HA3,GLY,41.0,28.116,-0.69,-21.107,0.09,1.32,12.18
ATOM,616.0,N,GLN,42.0,27.426,0.181,-18.145,-0.47,1.85,0.26
ATOM,617.0,CA,GLN,42.0,27.715,1.137,-17.077,0.07,2.275,1.31
ATOM,618.0,C,GLN,42.0,27.636,0.458,-15.717,0.51,2.0,2.09
ATOM,619.0,O,GLN,42.0,27.03,-0.6,-15.584,-0.51,1.7,3.66
ATOM,620.0,CB,GLN,42.0,26.706,2.283,-17.095,-0.18,2.175,0.51
ATOM,621.0,CG,GLN,42.0,26.843,3.246,-18.25,-0.18,2.175,11.36
ATOM,622.0,CD,GLN,42.0,25.685,4.216,-18.315,0.55,2.0,2.11
ATOM,623.0,H,GLN,42.0,26.538,-0.353,-18.209,0.31,0.2245,0.1
ATOM,624.0,HA,GLN,42.0,28.656,1.467,-17.204,0.09,1.32,4.5
ATOM,625.0,HB2,GLN,42.0,25.777,1.89,-17.121,0.09,1.32,0.0
ATOM,626.0,HB3,GLN,42.0,26.801,2.806,-16.236,0.09,1.32,2.69
ATOM,627.0,HG2,GLN,42.0,27.688,3.766,-18.14,0.09,1.32,11.26
ATOM,628.0,HG3,GLN,42.0,26.873,2.728,-19.103,0.09,1.32,0.91
ATOM,629.0,OE1,GLN,42.0,25.219,4.719,-17.288,-0.55,1.7,25.81
ATOM,630.0,NE2,GLN,42.0,25.213,4.491,-19.526,-0.62,1.85,18.68
ATOM,631.0,HE21,GLN,42.0,24.425,5.125,-19.649,0.32,0.2245,12.95
ATOM,632.0,HE22,GLN,42.0,25.653,4.057,-20.336,0.3,0.2245,13.01
ATOM,633.0,N,ALA,43.0,28.234,1.089,-14.709,-0.47,1.85,3.04
ATOM,634.0,CA,ALA,43.0,28.211,0.563,-13.346,0.07,2.275,2.83
ATOM,635.0,C,ALA,43.0,26.857,0.868,-12.72,0.51,2.0,0.0
ATOM,636.0,O,ALA,43.0,26.176,1.815,-13.12,-0.51,1.7,6.19
ATOM,637.0,CB,ALA,43.0,29.321,1.209,-12.514,-0.27,2.06,34.29
ATOM,638.0,H,ALA,43.0,28.711,1.974,-14.972,0.31,0.2245,9.11
ATOM,639.0,HA,ALA,43.0,28.334,-0.428,-13.38,0.09,1.32,2.64
ATOM,640.0,HB1,ALA,43.0,29.228,0.925,-11.562,0.09,1.32,3.7
ATOM,641.0,HB2,ALA,43.0,30.209,0.918,-12.866,0.09,1.32,11.65
ATOM,642.0,HB3,ALA,43.0,29.245,2.202,-12.576,0.09,1.32,9.76
ATOM,643.0,N,PRO,44.0,26.434,0.06,-11.736,-0.29,1.85,0.0
ATOM,644.0,CA,PRO,44.0,25.142,0.329,-11.106,0.02,2.275,0.0
ATOM,645.0,C,PRO,44.0,25.188,1.707,-10.443,0.51,2.0,0.0
ATOM,646.0,O,PRO,44.0,26.232,2.116,-9.928,-0.51,1.7,16.58
ATOM,647.0,CB,PRO,44.0,25.022,-0.79,-10.073,-0.18,2.175,1.15
ATOM,648.0,CG,PRO,44.0,25.836,-1.905,-10.669,-0.18,2.175,10.97
ATOM,649.0,CD,PRO,44.0,27.042,-1.168,-11.194,0.0,2.175,11.42
ATOM,650.0,HA,PRO,44.0,24.399,0.28,-11.771,0.09,1.32,0.0
ATOM,651.0,HB2,PRO,44.0,25.401,-0.506,-9.194,0.09,1.32,2.38
ATOM,652.0,HB3,PRO,44.0,24.071,-1.069,-9.957,0.09,1.32,0.0
ATOM,653.0,HG2,PRO,44.0,26.093,-2.56,-9.972,0.09,1.32,8.05
ATOM,654.0,HG3,PRO,44.0,25.338,-2.344,-11.403,0.09,1.32,0.0
ATOM,655.0,HD2,PRO,44.0,27.682,-0.951,-10.465,0.09,1.32,8.32
ATOM,656.0,HD3,PRO,44.0,27.498,-1.682,-11.914,0.09,1.32,1.94
ATOM,657.0,N,ARG,45.0,24.07,2.424,-10.472,-0.47,1.85,0.0
ATOM,658.0,CA,ARG,45.0,23.999,3.741,-9.846,0.07,2.275,0.52
ATOM,659.0,C,ARG,45.0,23.002,3.658,-8.689,0.51,2.0,0.0
ATOM,660.0,O,ARG,45.0,21.874,3.21,-8.868,-0.51,1.7,0.0
ATOM,661.0,CB,ARG,45.0,23.539,4.807,-10.853,-0.18,2.175,4.89
ATOM,662.0,CG,ARG,45.0,23.467,6.215,-10.263,-0.18,2.175,6.61
ATOM,663.0,CD,ARG,45.0,22.951,7.256,-11.255,0.2,2.175,12.22
ATOM,664.0,NE,ARG,45.0,21.573,7.003,-11.669,-0.7,1.85,1.71
ATOM,665.0,CZ,ARG,45.0,20.732,7.941,-12.103,0.64,2.0,1.63
ATOM,666.0,NH1,ARG,45.0,21.121,9.208,-12.179,-0.8,1.85,15.21
ATOM,667.0,NH2,ARG,45.0,19.5,7.613,-12.469,-0.8,1.85,0.67
ATOM,668.0,H,ARG,45.0,23.275,1.979,-10.964,0.31,0.2245,0.0
ATOM,669.0,HA,ARG,45.0,24.893,3.977,-9.48,0.09,1.32,3.02
ATOM,670.0,HB2,ARG,45.0,24.185,4.822,-11.606,0.09,1.32,6.53
ATOM,671.0,HB3,ARG,45.0,22.633,4.561,-11.173,0.09,1.32,0.0
ATOM,672.0,HG2,ARG,45.0,22.853,6.211,-9.471,0.09,1.32,0.0
ATOM,673.0,HG3,ARG,45.0,24.382,6.497,-9.968,0.09,1.32,10.72
ATOM,674.0,HD2,ARG,45.0,23.006,8.151,-10.816,0.09,1.32,4.28
ATOM,675.0,HD3,ARG,45.0,23.547,7.236,-12.056,0.09,1.32,10.1
ATOM,676.0,HE,ARG,45.0,21.234,6.055,-11.623,0.44,0.2245,0.0
ATOM,677.0,HH11,ARG,45.0,22.049,9.475,-11.934,0.46,0.2245,10.92
ATOM,678.0,HH12,ARG,45.0,20.47,9.91,-12.49,0.46,0.2245,10.32
ATOM,679.0,HH21,ARG,45.0,19.214,6.651,-12.435,0.46,0.2245,0.0
ATOM,680.0,HH22,ARG,45.0,18.862,8.314,-12.777,0.46,0.2245,5.91
ATOM,681.0,N,LEU,46.0,23.428,4.088,-7.504,-0.47,1.85,0.04
ATOM,682.0,CA,LEU,46.0,22.568,4.056,-6.322,0.07,2.275,0.0
ATOM,683.0,C,LEU,46.0,21.427,5.067,-6.447,0.51,2.0,0.0
ATOM,684.0,O,LEU,46.0,21.66,6.256,-6.656,-0.51,1.7,1.95
ATOM,685.0,CB,LEU,46.0,23.401,4.361,-5.071,-0.18,2.175,5.16
ATOM,686.0,CG,LEU,46.0,22.674,4.326,-3.723,-0.09,2.275,0.0
ATOM,687.0,CD1,LEU,46.0,22.227,2.898,-3.421,-0.27,2.06,0.75
ATOM,688.0,CD2,LEU,46.0,23.619,4.831,-2.623,-0.27,2.06,25.84
ATOM,689.0,H,LEU,46.0,24.403,4.441,-7.492,0.31,0.2245,7.94
ATOM,690.0,HA,LEU,46.0,22.168,3.137,-6.241,0.09,1.32,0.0
ATOM,691.0,HB2,LEU,46.0,24.14,3.689,-5.027,0.09,1.32,0.86
ATOM,692.0,HB3,LEU,46.0,23.786,5.276,-5.177,0.09,1.32,5.99
ATOM,693.0,HG,LEU,46.0,21.877,4.919,-3.768,0.09,1.32,0.0
ATOM,694.0,HD11,LEU,46.0,23.027,2.3,-3.384,0.09,1.32,0.0
ATOM,695.0,HD12,LEU,46.0,21.753,2.878,-2.541,0.09,1.32,0.0
ATOM,696.0,HD13,LEU,46.0,21.609,2.584,-4.141,0.09,1.32,0.0
ATOM,697.0,HD21,LEU,46.0,23.895,5.767,-2.832,0.09,1.32,4.59
ATOM,698.0,HD22,LEU,46.0,23.143,4.807,-1.746,0.09,1.32,0.0
ATOM,699.0,HD23,LEU,46.0,24.424,4.242,-2.587,0.09,1.32,7.59
ATOM,700.0,N,LEU,47.0,20.193,4.592,-6.316,-0.47,1.85,0.0
ATOM,701.0,CA,LEU,47.0,19.025,5.464,-6.421,0.07,2.275,0.0
ATOM,702.0,C,LEU,47.0,18.38,5.739,-5.067,0.51,2.0,0.0
ATOM,703.0,O,LEU,47.0,18.063,6.883,-4.737,-0.51,1.7,0.0
ATOM,704.0,CB,LEU,47.0,17.969,4.83,-7.324,-0.18,2.175,0.0
ATOM,705.0,CG,LEU,47.0,18.326,4.521,-8.774,-0.09,2.275,0.0
ATOM,706.0,CD1,LEU,47.0,17.089,3.952,-9.471,-0.27,2.06,0.0
ATOM,707.0,CD2,LEU,47.0,18.806,5.78,-9.467,-0.27,2.06,0.0
ATOM,708.0,H,LEU,47.0,20.132,3.573,-6.137,0.31,0.2245,0.0
ATOM,709.0,HA,LEU,47.0,19.32,6.347,-6.818,0.09,1.32,0.0
ATOM,710.0,HB2,LEU,47.0,17.685,3.961,-6.896,0.09,1.32,0.0
ATOM,711.0,HB3,LEU,47.0,17.171,5.446,-7.339,0.09,1.32,0.0
ATOM,712.0,HG,LEU,47.0,19.053,3.848,-8.797,0.09,1.32,0.0
ATOM,713.0,HD11,LEU,47.0,16.352,4.625,-9.437,0.09,1.32,0.0
ATOM,714.0,HD12,LEU,47.0,17.312,3.746,-10.423,0.09,1.32,0.0
ATOM,715.0,HD13,LEU,47.0,16.802,3.116,-9.005,0.09,1.32,0.0
ATOM,716.0,HD21,LEU,47.0,19.617,6.136,-8.998,0.09,1.32,0.0
ATOM,717.0,HD22,LEU,47.0,19.04,5.574,-10.419,0.09,1.32,0.0
ATOM,718.0,HD23,LEU,47.0,18.083,6.473,-9.448,0.09,1.32,0.0
ATOM,719.0,N,ILE,48.0,18.177,4.672,-4.3,-0.47,1.85,0.0
ATOM,720.0,CA,ILE,48.0,17.539,4.757,-2.988,0.07,2.275,0.0
ATOM,721.0,C,ILE,48.0,18.405,4.008,-1.984,0.51,2.0,0.0
ATOM,722.0,O,ILE,48.0,18.958,2.961,-2.308,-0.51,1.7,0.0
ATOM,723.0,CB,ILE,48.0,16.145,4.068,-2.996,-0.09,2.275,0.0
ATOM,724.0,CG1,ILE,48.0,15.253,4.669,-4.091,-0.18,2.175,0.0
ATOM,725.0,CG2,ILE,48.0,15.487,4.184,-1.615,-0.27,2.06,0.0
ATOM,726.0,CD1,ILE,48.0,14.791,6.078,-3.83,-0.27,2.06,1.28
ATOM,727.0,H,ILE,48.0,18.511,3.773,-4.713,0.31,0.2245,0.0
ATOM,728.0,HA,ILE,48.0,17.563,5.717,-2.727,0.09,1.32,0.0
ATOM,729.0,HB,ILE,48.0,16.285,3.107,-3.203,0.09,1.32,0.0
ATOM,730.0,HG12,ILE,48.0,15.762,4.644,-4.956,0.09,1.32,0.0
ATOM,731.0,HG13,ILE,48.0,14.448,4.076,-4.192,0.09,1.32,0.0
ATOM,732.0,HG21,ILE,48.0,14.619,3.695,-1.624,0.09,1.32,0.0
ATOM,733.0,HG22,ILE,48.0,16.091,3.785,-0.93,0.09,1.32,0.0
ATOM,734.0,HG23,ILE,48.0,15.33,5.146,-1.407,0.09,1.32,0.0
ATOM,735.0,HD11,ILE,48.0,15.585,6.68,-3.745,0.09,1.32,0.0
ATOM,736.0,HD12,ILE,48.0,14.219,6.389,-4.589,0.09,1.32,0.0
ATOM,737.0,HD13,ILE,48.0,14.261,6.105,-2.982,0.09,1.32,0.09
ATOM,738.0,N,TYR,49.0,18.537,4.542,-0.773,-0.47,1.85,0.0
ATOM,739.0,CA,TYR,49.0,19.315,3.85,0.245,0.07,2.275,0.0
ATOM,740.0,C,TYR,49.0,18.522,3.788,1.545,0.51,2.0,0.0
ATOM,741.0,O,TYR,49.0,17.715,4.674,1.845,-0.51,1.7,0.0
ATOM,742.0,CB,TYR,49.0,20.689,4.508,0.452,-0.18,2.175,2.32
ATOM,743.0,CG,TYR,49.0,20.686,5.853,1.136,0.0,1.9924,0.21
ATOM,744.0,CD1,TYR,49.0,21.161,5.988,2.44,-0.115,1.9924,7.68
ATOM,745.0,CD2,TYR,49.0,20.265,6.999,0.466,-0.115,1.9924,0.0
ATOM,746.0,CE1,TYR,49.0,21.226,7.231,3.058,-0.115,1.9924,9.96
ATOM,747.0,CE2,TYR,49.0,20.323,8.251,1.074,-0.115,1.9924,0.25
ATOM,748.0,CZ,TYR,49.0,20.808,8.358,2.369,0.11,1.9924,1.87
ATOM,749.0,OH,TYR,49.0,20.901,9.593,2.965,-0.54,1.77,28.74
ATOM,750.0,H,TYR,49.0,18.064,5.441,-0.629,0.31,0.2245,0.0
ATOM,751.0,HA,TYR,49.0,19.48,2.911,-0.065,0.09,1.32,0.0
ATOM,752.0,HB2,TYR,49.0,21.253,3.878,0.998,0.09,1.32,0.87
ATOM,753.0,HB3,TYR,49.0,21.117,4.617,-0.452,0.09,1.32,0.0
ATOM,754.0,HD1,TYR,49.0,21.461,5.175,2.942,0.115,1.3582,0.48
ATOM,755.0,HD2,TYR,49.0,19.917,6.924,-0.466,0.115,1.3582,0.0
ATOM,756.0,HE1,TYR,49.0,21.573,7.311,3.993,0.115,1.3582,8.0
ATOM,757.0,HE2,TYR,49.0,20.018,9.063,0.582,0.115,1.3582,0.15
ATOM,758.0,HH,TYR,49.0,20.244,9.646,3.715,0.43,0.2245,6.36
ATOM,759.0,N,TYR,50.0,18.75,2.721,2.298,-0.47,1.85,0.0
ATOM,760.0,CA,TYR,50.0,18.038,2.469,3.539,0.07,2.275,0.0
ATOM,761.0,C,TYR,50.0,16.526,2.472,3.3,0.51,2.0,0.0
ATOM,762.0,O,TYR,50.0,15.754,3.157,3.968,-0.51,1.7,1.15
ATOM,763.0,CB,TYR,50.0,18.47,3.462,4.628,-0.18,2.175,0.0
ATOM,764.0,CG,TYR,50.0,19.84,3.111,5.189,0.0,1.9924,0.0
ATOM,765.0,CD1,TYR,50.0,20.118,1.812,5.618,-0.115,1.9924,0.63
ATOM,766.0,CD2,TYR,50.0,20.866,4.056,5.248,-0.115,1.9924,2.45
ATOM,767.0,CE1,TYR,50.0,21.382,1.454,6.083,-0.115,1.9924,3.76
ATOM,768.0,CE2,TYR,50.0,22.142,3.709,5.714,-0.115,1.9924,14.92
ATOM,769.0,CZ,TYR,50.0,22.389,2.403,6.127,0.11,1.9924,1.59
ATOM,770.0,OH,TYR,50.0,23.641,2.038,6.567,-0.54,1.77,32.77
ATOM,771.0,H,TYR,50.0,19.486,2.078,1.921,0.31,0.2245,0.0
ATOM,772.0,HA,TYR,50.0,18.295,1.558,3.877,0.09,1.32,0.0
ATOM,773.0,HB2,TYR,50.0,18.52,4.361,4.228,0.09,1.32,0.0
ATOM,774.0,HB3,TYR,50.0,17.816,3.422,5.364,0.09,1.32,0.0
ATOM,775.0,HD1,TYR,50.0,19.393,1.119,5.593,0.115,1.3582,0.0
ATOM,776.0,HD2,TYR,50.0,20.693,4.991,4.955,0.115,1.3582,0.0
ATOM,777.0,HE1,TYR,50.0,21.558,0.515,6.381,0.115,1.3582,0.0
ATOM,778.0,HE2,TYR,50.0,22.864,4.393,5.749,0.115,1.3582,13.98
ATOM,779.0,HH,TYR,50.0,23.679,1.045,6.658,0.43,0.2245,13.12
ATOM,780.0,N,ALA,51.0,16.139,1.678,2.305,-0.47,1.85,0.0
ATOM,781.0,CA,ALA,51.0,14.755,1.464,1.9,0.07,2.275,0.0
ATOM,782.0,C,ALA,51.0,13.98,2.629,1.311,0.51,2.0,0.0
ATOM,783.0,O,ALA,51.0,13.264,2.451,0.327,-0.51,1.7,0.0
ATOM,784.0,CB,ALA,51.0,13.959,0.868,3.069,-0.27,2.06,2.6
ATOM,785.0,H,ALA,51.0,16.949,1.198,1.815,0.31,0.2245,0.0
ATOM,786.0,HA,ALA,51.0,14.743,0.687,1.207,0.09,1.32,0.0
ATOM,787.0,HB1,ALA,51.0,13.011,0.737,2.787,0.09,1.32,0.0
ATOM,788.0,HB2,ALA,51.0,14.359,-0.01,3.324,0.09,1.32,0.0
ATOM,789.0,HB3,ALA,51.0,13.997,1.494,3.845,0.09,1.32,0.87
ATOM,790.0,N,SER,52.0,14.112,3.815,1.894,-0.47,1.85,0.0
ATOM,791.0,CA,SER,52.0,13.34,4.949,1.412,0.07,2.275,0.0
ATOM,792.0,C,SER,52.0,14.041,6.302,1.329,0.51,2.0,0.12
ATOM,793.0,O,SER,52.0,13.432,7.269,0.872,-0.51,1.7,15.65
ATOM,794.0,CB,SER,52.0,12.089,5.094,2.279,0.05,2.175,14.19
ATOM,795.0,OG,SER,52.0,12.439,5.289,3.641,-0.66,1.77,27.59
ATOM,796.0,H,SER,52.0,14.776,3.855,2.677,0.31,0.2245,0.0
ATOM,797.0,HA,SER,52.0,13.006,4.718,0.46,0.09,1.32,0.0
ATOM,798.0,HB2,SER,52.0,11.568,5.88,1.963,0.09,1.32,6.82
ATOM,799.0,HB3,SER,52.0,11.546,4.264,2.201,0.09,1.32,0.19
ATOM,800.0,HG,SER,52.0,13.262,4.763,3.851,0.43,0.2245,4.32
ATOM,801.0,N,GLN,53.0,15.294,6.39,1.771,-0.47,1.85,0.0
ATOM,802.0,CA,GLN,53.0,16.01,7.667,1.713,0.07,2.275,0.53
ATOM,803.0,C,GLN,53.0,16.423,8.006,0.28,0.51,2.0,0.0
ATOM,804.0,O,GLN,53.0,17.001,7.181,-0.423,-0.51,1.7,0.0
ATOM,805.0,CB,GLN,53.0,17.257,7.641,2.605,-0.18,2.175,1.32
ATOM,806.0,CG,GLN,53.0,16.973,7.488,4.095,-0.18,2.175,11.33
ATOM,807.0,CD,GLN,53.0,18.197,7.788,4.955,0.55,2.0,2.31
ATOM,808.0,H,GLN,53.0,15.698,5.521,2.141,0.31,0.2245,0.0
ATOM,809.0,HA,GLN,53.0,15.383,8.388,2.03,0.09,1.32,5.23
ATOM,810.0,HB2,GLN,53.0,17.839,6.874,2.32,0.09,1.32,0.0
ATOM,811.0,HB3,GLN,53.0,17.764,8.499,2.472,0.09,1.32,1.17
ATOM,812.0,HG2,GLN,53.0,16.246,8.121,4.35,0.09,1.32,9.93
ATOM,813.0,HG3,GLN,53.0,16.684,6.55,4.272,0.09,1.32,0.28
ATOM,814.0,OE1,GLN,53.0,18.782,8.873,4.866,-0.55,1.7,20.29
ATOM,815.0,NE2,GLN,53.0,18.583,6.833,5.792,-0.62,1.85,13.37
ATOM,816.0,HE21,GLN,53.0,19.397,6.957,6.384,0.32,0.2245,14.21
ATOM,817.0,HE22,GLN,53.0,18.045,5.968,5.831,0.3,0.2245,1.72
ATOM,818.0,N,SER,54.0,16.131,9.229,-0.146,-0.47,1.85,0.0
ATOM,819.0,CA,SER,54.0,16.476,9.659,-1.499,0.07,2.275,0.0
ATOM,820.0,C,SER,54.0,17.88,10.264,-1.592,0.51,2.0,0.17
ATOM,821.0,O,SER,54.0,18.42,10.766,-0.606,-0.51,1.7,16.45
ATOM,822.0,CB,SER,54.0,15.427,10.654,-2.008,0.05,2.175,20.93
ATOM,823.0,OG,SER,54.0,14.864,11.389,-0.933,-0.66,1.77,28.68
ATOM,824.0,H,SER,54.0,15.652,9.834,0.543,0.31,0.2245,4.29
ATOM,825.0,HA,SER,54.0,16.452,8.845,-2.102,0.09,1.32,0.0
ATOM,826.0,HB2,SER,54.0,15.865,11.285,-2.639,0.09,1.32,3.79
ATOM,827.0,HB3,SER,54.0,14.705,10.149,-2.469,0.09,1.32,3.89
ATOM,828.0,HG,SER,54.0,14.611,10.762,-0.198,0.43,0.2245,9.12
ATOM,829.0,N,ILE,55.0,18.462,10.188,-2.787,-0.47,1.85,0.0
ATOM,830.0,CA,ILE,55.0,19.804,10.699,-3.071,0.07,2.275,0.0
ATOM,831.0,C,ILE,55.0,19.699,11.981,-3.891,0.51,2.0,0.79
ATOM,832.0,O,ILE,55.0,18.883,12.065,-4.812,-0.51,1.7,2.79
ATOM,833.0,CB,ILE,55.0,20.623,9.666,-3.885,-0.09,2.275,0.0
ATOM,834.0,CG1,ILE,55.0,20.924,8.439,-3.021,-0.18,2.175,0.0
ATOM,835.0,CG2,ILE,55.0,21.916,10.296,-4.398,-0.27,2.06,14.66
ATOM,836.0,CD1,ILE,55.0,21.868,8.719,-1.873,-0.27,2.06,16.19
ATOM,837.0,H,ILE,55.0,17.869,9.724,-3.521,0.31,0.2245,0.03
ATOM,838.0,HA,ILE,55.0,20.199,10.954,-2.189,0.09,1.32,0.93
ATOM,839.0,HB,ILE,55.0,20.067,9.376,-4.652,0.09,1.32,0.0
ATOM,840.0,HG12,ILE,55.0,20.062,8.091,-2.656,0.09,1.32,0.0
ATOM,841.0,HG13,ILE,55.0,21.329,7.738,-3.606,0.09,1.32,0.0
ATOM,842.0,HG21,ILE,55.0,22.414,9.629,-4.947,0.09,1.32,5.05
ATOM,843.0,HG22,ILE,55.0,21.697,11.092,-4.958,0.09,1.32,0.0
ATOM,844.0,HG23,ILE,55.0,22.478,10.577,-3.623,0.09,1.32,3.57
ATOM,845.0,HD11,ILE,55.0,21.467,9.413,-1.276,0.09,1.32,1.47
ATOM,846.0,HD12,ILE,55.0,22.019,7.878,-1.355,0.09,1.32,0.33
ATOM,847.0,HD13,ILE,55.0,22.739,9.05,-2.233,0.09,1.32,5.72
ATOM,848.0,N,SER,56.0,20.519,12.976,-3.568,-0.47,1.85,3.04
ATOM,849.0,CA,SER,56.0,20.474,14.234,-4.305,0.07,2.275,3.48
ATOM,850.0,C,SER,56.0,20.779,13.969,-5.776,0.51,2.0,0.09
ATOM,851.0,O,SER,56.0,21.665,13.179,-6.102,-0.51,1.7,9.99
ATOM,852.0,CB,SER,56.0,21.491,15.231,-3.741,0.05,2.175,26.94
ATOM,853.0,OG,SER,56.0,22.82,14.8,-3.983,-0.66,1.77,29.22
ATOM,854.0,H,SER,56.0,21.16,12.788,-2.786,0.31,0.2245,6.86
ATOM,855.0,HA,SER,56.0,19.545,14.599,-4.244,0.09,1.32,7.7
ATOM,856.0,HB2,SER,56.0,21.351,16.114,-4.18,0.09,1.32,9.9
ATOM,857.0,HB3,SER,56.0,21.35,15.31,-2.758,0.09,1.32,10.71
ATOM,858.0,HG,SER,56.0,22.818,13.828,-4.212,0.43,0.2245,5.34
ATOM,859.0,N,GLY,57.0,20.034,14.62,-6.662,-0.47,1.85,2.21
ATOM,860.0,CA,GLY,57.0,20.26,14.434,-8.084,-0.02,2.175,20.93
ATOM,861.0,C,GLY,57.0,19.43,13.333,-8.72,0.51,2.0,1.43
ATOM,862.0,O,GLY,57.0,19.38,13.23,-9.947,-0.51,1.7,21.63
ATOM,863.0,H,GLY,57.0,19.314,15.24,-6.265,0.31,0.2245,14.48
ATOM,864.0,HA2,GLY,57.0,20.073,15.315,-8.571,0.09,1.32,12.83
ATOM,865.0,HA3,GLY,57.0,21.252,14.236,-8.243,0.09,1.32,8.84
ATOM,866.0,N,ILE,58.0,18.787,12.502,-7.901,-0.47,1.85,0.0
ATOM,867.0,CA,ILE,58.0,17.954,11.416,-8.418,0.07,2.275,0.0
ATOM,868.0,C,ILE,58.0,16.52,11.92,-8.624,0.51,2.0,0.41
ATOM,869.0,O,ILE,58.0,15.932,12.524,-7.725,-0.51,1.7,17.49
ATOM,870.0,CB,ILE,58.0,17.941,10.213,-7.443,-0.09,2.275,0.16
ATOM,871.0,CG1,ILE,58.0,19.367,9.687,-7.247,-0.18,2.175,0.0
ATOM,872.0,CG2,ILE,58.0,17.031,9.113,-7.971,-0.27,2.06,1.92
ATOM,873.0,CD1,ILE,58.0,20.047,9.214,-8.532,-0.27,2.06,4.64
ATOM,874.0,H,ILE,58.0,18.925,12.687,-6.892,0.31,0.2245,0.0
ATOM,875.0,HA,ILE,58.0,18.309,11.195,-9.325,0.09,1.32,0.0
ATOM,876.0,HB,ILE,58.0,17.608,10.536,-6.568,0.09,1.32,0.08
ATOM,877.0,HG12,ILE,58.0,19.921,10.413,-6.842,0.09,1.32,0.0
ATOM,878.0,HG13,ILE,58.0,19.334,8.918,-6.608,0.09,1.32,0.0
ATOM,879.0,HG21,ILE,58.0,17.009,8.357,-7.319,0.09,1.32,0.0
ATOM,880.0,HG22,ILE,58.0,16.108,9.474,-8.092,0.09,1.32,0.0
ATOM,881.0,HG23,ILE,58.0,17.378,8.786,-8.848,0.09,1.32,0.0
ATOM,882.0,HD11,ILE,58.0,20.098,9.977,-9.171,0.09,1.32,0.15
ATOM,883.0,HD12,ILE,58.0,20.964,8.891,-8.313,0.09,1.32,1.95
ATOM,884.0,HD13,ILE,58.0,19.51,8.474,-8.928,0.09,1.32,0.0
ATOM,885.0,N,PRO,59.0,15.946,11.69,-9.822,-0.29,1.85,0.2
ATOM,886.0,CA,PRO,59.0,14.58,12.126,-10.14,0.02,2.275,1.52
ATOM,887.0,C,PRO,59.0,13.548,11.763,-9.072,0.51,2.0,0.0
ATOM,888.0,O,PRO,59.0,13.59,10.678,-8.485,-0.51,1.7,1.52
ATOM,889.0,CB,PRO,59.0,14.307,11.444,-11.48,-0.18,2.175,1.33
ATOM,890.0,CG,PRO,59.0,15.654,11.469,-12.125,-0.18,2.175,11.22
ATOM,891.0,CD,PRO,59.0,16.565,11.034,-10.989,0.0,2.175,0.42
ATOM,892.0,HA,PRO,59.0,14.563,13.128,-10.325,0.09,1.32,8.85
ATOM,893.0,HB2,PRO,59.0,13.992,10.511,-11.344,0.09,1.32,0.0
ATOM,894.0,HB3,PRO,59.0,13.645,11.96,-12.012,0.09,1.32,1.44
ATOM,895.0,HG2,PRO,59.0,15.7,10.825,-12.877,0.09,1.32,1.08
ATOM,896.0,HG3,PRO,59.0,15.885,12.384,-12.428,0.09,1.32,10.86
ATOM,897.0,HD2,PRO,59.0,16.559,10.046,-10.883,0.09,1.32,0.0
ATOM,898.0,HD3,PRO,59.0,17.494,11.362,-11.128,0.09,1.32,0.61
ATOM,899.0,N,ALA,60.0,12.622,12.682,-8.829,-0.47,1.85,1.35
ATOM,900.0,CA,ALA,60.0,11.573,12.492,-7.827,0.07,2.275,1.96
ATOM,901.0,C,ALA,60.0,10.66,11.299,-8.101,0.51,2.0,0.06
ATOM,902.0,O,ALA,60.0,10.051,10.756,-7.179,-0.51,1.7,15.94
ATOM,903.0,CB,ALA,60.0,10.729,13.761,-7.717,-0.27,2.06,41.32
ATOM,904.0,H,ALA,60.0,12.704,13.546,-9.408,0.31,0.2245,9.95
ATOM,905.0,HA,ALA,60.0,12.016,12.355,-6.919,0.09,1.32,9.92
ATOM,906.0,HB1,ALA,60.0,9.85,13.615,-8.169,0.09,1.32,8.66
ATOM,907.0,HB2,ALA,60.0,10.578,13.976,-6.753,0.09,1.32,11.59
ATOM,908.0,HB3,ALA,60.0,11.21,14.518,-8.157,0.09,1.32,7.96
ATOM,909.0,N,ARG,61.0,10.548,10.891,-9.361,-0.47,1.85,1.28
ATOM,910.0,CA,ARG,61.0,9.674,9.774,-9.682,0.07,2.275,2.02
ATOM,911.0,C,ARG,61.0,10.116,8.452,-9.051,0.51,2.0,0.0
ATOM,912.0,O,ARG,61.0,9.336,7.505,-8.994,-0.51,1.7,0.91
ATOM,913.0,CB,ARG,61.0,9.531,9.625,-11.204,-0.18,2.175,0.3
ATOM,914.0,CG,ARG,61.0,10.838,9.504,-11.967,-0.18,2.175,0.0
ATOM,915.0,CD,ARG,61.0,10.567,9.383,-13.465,0.2,2.175,0.0
ATOM,916.0,NE,ARG,61.0,11.794,9.165,-14.228,-0.7,1.85,0.0
ATOM,917.0,CZ,ARG,61.0,12.706,10.1,-14.474,0.64,2.0,0.0
ATOM,918.0,NH1,ARG,61.0,12.538,11.334,-14.024,-0.8,1.85,3.15
ATOM,919.0,NH2,ARG,61.0,13.793,9.798,-15.168,-0.8,1.85,1.33
ATOM,920.0,H,ARG,61.0,11.105,11.409,-10.049,0.31,0.2245,1.47
ATOM,921.0,HA,ARG,61.0,8.736,9.986,-9.35,0.09,1.32,2.16
ATOM,922.0,HB2,ARG,61.0,8.988,8.804,-11.384,0.09,1.32,0.0
ATOM,923.0,HB3,ARG,61.0,9.043,10.427,-11.548,0.09,1.32,8.08
ATOM,924.0,HG2,ARG,61.0,11.389,10.314,-11.819,0.09,1.32,0.0
ATOM,925.0,HG3,ARG,61.0,11.321,8.689,-11.676,0.09,1.32,0.0
ATOM,926.0,HD2,ARG,61.0,9.95,8.614,-13.604,0.09,1.32,0.0
ATOM,927.0,HD3,ARG,61.0,10.135,10.228,-13.767,0.09,1.32,1.69
ATOM,928.0,HE,ARG,61.0,11.96,8.239,-14.594,0.44,0.2245,0.0
ATOM,929.0,HH11,ARG,61.0,11.74,11.58,-13.479,0.46,0.2245,5.48
ATOM,930.0,HH12,ARG,61.0,13.227,12.039,-14.233,0.46,0.2245,9.29
ATOM,931.0,HH21,ARG,61.0,13.933,8.858,-15.489,0.46,0.2245,0.0
ATOM,932.0,HH22,ARG,61.0,14.473,10.5,-15.372,0.46,0.2245,4.63
ATOM,933.0,N,PHE,62.0,11.356,8.392,-8.572,-0.47,1.85,0.0
ATOM,934.0,CA,PHE,62.0,11.873,7.179,-7.936,0.07,2.275,0.0
ATOM,935.0,C,PHE,62.0,11.593,7.222,-6.434,0.51,2.0,0.0
ATOM,936.0,O,PHE,62.0,11.996,8.16,-5.747,-0.51,1.7,8.59
ATOM,937.0,CB,PHE,62.0,13.382,7.049,-8.163,-0.18,2.175,0.0
ATOM,938.0,CG,PHE,62.0,13.76,6.754,-9.584,0.0,1.9924,0.0
ATOM,939.0,CD1,PHE,62.0,13.58,5.477,-10.117,-0.115,1.9924,0.0
ATOM,940.0,CD2,PHE,62.0,14.282,7.755,-10.397,-0.115,1.9924,0.0
ATOM,941.0,CE1,PHE,62.0,13.918,5.202,-11.443,-0.115,1.9924,0.0
ATOM,942.0,CE2,PHE,62.0,14.623,7.494,-11.725,-0.115,1.9924,0.0
ATOM,943.0,CZ,PHE,62.0,14.439,6.21,-12.249,-0.115,1.9924,0.0
ATOM,944.0,H,PHE,62.0,11.912,9.259,-8.685,0.31,0.2245,0.0
ATOM,945.0,HA,PHE,62.0,11.35,6.41,-8.305,0.09,1.32,0.0
ATOM,946.0,HB2,PHE,62.0,13.8,7.907,-7.905,0.09,1.32,0.0
ATOM,947.0,HB3,PHE,62.0,13.709,6.306,-7.597,0.09,1.32,0.0
ATOM,948.0,HD1,PHE,62.0,13.206,4.752,-9.55,0.115,1.3582,0.0
ATOM,949.0,HD2,PHE,62.0,14.415,8.674,-10.027,0.115,1.3582,0.0
ATOM,950.0,HE1,PHE,62.0,13.784,4.275,-11.806,0.115,1.3582,0.0
ATOM,951.0,HE2,PHE,62.0,15.001,8.23,-12.3,0.115,1.3582,0.33
ATOM,952.0,HZ,PHE,62.0,14.68,6.017,-13.197,0.115,1.3582,0.0
ATOM,953.0,N,SER,63.0,10.91,6.199,-5.935,-0.47,1.85,0.0
ATOM,954.0,CA,SER,63.0,10.565,6.129,-4.522,0.07,2.275,0.14
ATOM,955.0,C,SER,63.0,10.652,4.699,-4.002,0.51,2.0,0.05
ATOM,956.0,O,SER,63.0,10.247,3.751,-4.677,-0.51,1.7,1.0
ATOM,957.0,CB,SER,63.0,9.146,6.671,-4.309,0.05,2.175,20.19
ATOM,958.0,OG,SER,63.0,8.764,6.588,-2.948,-0.66,1.77,29.77
ATOM,959.0,H,SER,63.0,10.649,5.469,-6.626,0.31,0.2245,0.0
ATOM,960.0,HA,SER,63.0,11.231,6.685,-4.008,0.09,1.32,2.58
ATOM,961.0,HB2,SER,63.0,9.122,7.624,-4.597,0.09,1.32,4.66
ATOM,962.0,HB3,SER,63.0,8.514,6.132,-4.858,0.09,1.32,0.33
ATOM,963.0,HG,SER,63.0,9.336,5.915,-2.481,0.43,0.2245,0.54
ATOM,964.0,N,GLY,64.0,11.191,4.545,-2.8,-0.47,1.85,0.0
ATOM,965.0,CA,GLY,64.0,11.306,3.223,-2.218,-0.02,2.175,0.16
ATOM,966.0,C,GLY,64.0,10.491,3.123,-0.946,0.51,2.0,0.07
ATOM,967.0,O,GLY,64.0,10.321,4.113,-0.234,-0.51,1.7,5.17
ATOM,968.0,H,GLY,64.0,11.505,5.412,-2.341,0.31,0.2245,1.36
ATOM,969.0,HA2,GLY,64.0,10.982,2.534,-2.878,0.09,1.32,0.0
ATOM,970.0,HA3,GLY,64.0,12.273,3.027,-2.012,0.09,1.32,0.0
ATOM,971.0,N,SER,65.0,9.984,1.929,-0.662,-0.47,1.85,0.0
ATOM,972.0,CA,SER,65.0,9.183,1.7,0.533,0.07,2.275,0.51
ATOM,973.0,C,SER,65.0,9.35,0.258,0.998,0.51,2.0,0.0
ATOM,974.0,O,SER,65.0,9.995,-0.552,0.327,-0.51,1.7,0.0
ATOM,975.0,CB,SER,65.0,7.705,1.964,0.233,0.05,2.175,25.15
ATOM,976.0,OG,SER,65.0,7.231,1.05,-0.744,-0.66,1.77,16.68
ATOM,977.0,H,SER,65.0,10.205,1.186,-1.355,0.31,0.2245,0.0
ATOM,978.0,HA,SER,65.0,9.525,2.3,1.26,0.09,1.32,2.6
ATOM,979.0,HB2,SER,65.0,7.182,1.846,1.068,0.09,1.32,6.16
ATOM,980.0,HB3,SER,65.0,7.609,2.888,-0.115,0.09,1.32,5.91
ATOM,981.0,HG,SER,65.0,7.973,0.82,-1.371,0.43,0.2245,0.5
ATOM,982.0,N,GLY,66.0,8.752,-0.059,2.144,-0.47,1.85,1.04
ATOM,983.0,CA,GLY,66.0,8.837,-1.406,2.676,-0.02,2.175,9.27
ATOM,984.0,C,GLY,66.0,9.8,-1.531,3.844,0.51,2.0,0.33
ATOM,985.0,O,GLY,66.0,10.562,-0.613,4.138,-0.51,1.7,8.07
ATOM,986.0,H,GLY,66.0,8.242,0.714,2.601,0.31,0.2245,11.56
ATOM,987.0,HA2,GLY,66.0,7.912,-1.71,2.974,0.09,1.32,10.64
ATOM,988.0,HA3,GLY,66.0,9.127,-2.043,1.937,0.09,1.32,0.0
ATOM,989.0,N,SER,67.0,9.758,-2.677,4.512,-0.47,1.85,0.0
ATOM,990.0,CA,SER,67.0,10.625,-2.94,5.652,0.07,2.275,0.0
ATOM,991.0,C,SER,67.0,10.557,-4.422,5.993,0.51,2.0,0.0
ATOM,992.0,O,SER,67.0,9.657,-5.135,5.539,-0.51,1.7,8.8
ATOM,993.0,CB,SER,67.0,10.179,-2.107,6.863,0.05,2.175,16.83
ATOM,994.0,OG,SER,67.0,8.869,-2.457,7.271,-0.66,1.77,24.65
ATOM,995.0,H,SER,67.0,9.06,-3.363,4.154,0.31,0.2245,2.43
ATOM,996.0,HA,SER,67.0,11.565,-2.727,5.387,0.09,1.32,0.0
ATOM,997.0,HB2,SER,67.0,10.811,-2.274,7.614,0.09,1.32,4.51
ATOM,998.0,HB3,SER,67.0,10.195,-1.144,6.609,0.09,1.32,5.4
ATOM,999.0,HG,SER,67.0,8.212,-2.146,6.586,0.43,0.2245,16.1
ATOM,1000.0,N,GLY,68.0,11.516,-4.886,6.784,-0.47,1.85,1.09
ATOM,1001.0,CA,GLY,68.0,11.531,-6.28,7.178,-0.02,2.175,8.96
ATOM,1002.0,C,GLY,68.0,12.002,-7.197,6.07,0.51,2.0,0.0
ATOM,1003.0,O,GLY,68.0,13.203,-7.318,5.834,-0.51,1.7,0.0
ATOM,1004.0,H,GLY,68.0,12.219,-4.191,7.079,0.31,0.2245,0.0
ATOM,1005.0,HA2,GLY,68.0,12.136,-6.395,7.987,0.09,1.32,0.0
ATOM,1006.0,HA3,GLY,68.0,10.597,-6.558,7.468,0.09,1.32,8.32
ATOM,1007.0,N,THR,69.0,11.059,-7.843,5.387,-0.47,1.85,0.0
ATOM,1008.0,CA,THR,69.0,11.405,-8.757,4.307,0.07,2.275,0.0
ATOM,1009.0,C,THR,69.0,10.786,-8.409,2.956,0.51,2.0,0.0
ATOM,1010.0,O,THR,69.0,11.092,-9.056,1.961,-0.51,1.7,0.0
ATOM,1011.0,CB,THR,69.0,11.0,-10.203,4.652,0.14,2.275,2.75
ATOM,1012.0,OG1,THR,69.0,9.575,-10.28,4.79,-0.66,1.77,17.69
ATOM,1013.0,CG2,THR,69.0,11.655,-10.643,5.95,-0.27,2.06,10.53
ATOM,1014.0,H,THR,69.0,10.089,-7.643,5.684,0.31,0.2245,4.71
ATOM,1015.0,HA,THR,69.0,12.421,-8.754,4.198,0.09,1.32,0.0
ATOM,1016.0,HB,THR,69.0,11.279,-10.814,3.885,0.09,1.32,0.32
ATOM,1017.0,HG21,THR,69.0,11.932,-11.605,5.884,0.09,1.32,2.28
ATOM,1018.0,HG22,THR,69.0,12.465,-10.081,6.131,0.09,1.32,0.0
ATOM,1019.0,HG23,THR,69.0,11.009,-10.54,6.71,0.09,1.32,8.31
ATOM,1020.0,HG1,THR,69.0,9.143,-10.393,3.889,0.43,0.2245,3.82
ATOM,1021.0,N,GLU,70.0,9.921,-7.399,2.913,-0.47,1.85,0.0
ATOM,1022.0,CA,GLU,70.0,9.277,-7.006,1.655,0.07,2.275,0.0
ATOM,1023.0,C,GLU,70.0,9.543,-5.541,1.33,0.51,2.0,0.31
ATOM,1024.0,O,GLU,70.0,9.201,-4.652,2.109,-0.51,1.7,2.46
ATOM,1025.0,CB,GLU,70.0,7.765,-7.243,1.737,-0.18,2.175,12.48
ATOM,1026.0,CG,GLU,70.0,7.369,-8.691,1.976,-0.28,2.175,18.97
ATOM,1027.0,CD,GLU,70.0,7.772,-9.605,0.836,0.62,2.0,3.18
ATOM,1028.0,OE1,GLU,70.0,7.317,-9.376,-0.305,-0.76,1.7,28.69
ATOM,1029.0,OE2,GLU,70.0,8.545,-10.555,1.08,-0.76,1.7,9.24
ATOM,1030.0,H,GLU,70.0,9.746,-6.928,3.815,0.31,0.2245,0.03
ATOM,1031.0,HA,GLU,70.0,9.623,-7.586,0.906,0.09,1.32,0.0
ATOM,1032.0,HB2,GLU,70.0,7.42,-6.71,2.491,0.09,1.32,6.99
ATOM,1033.0,HB3,GLU,70.0,7.372,-6.963,0.879,0.09,1.32,6.52
ATOM,1034.0,HG2,GLU,70.0,7.827,-9.006,2.786,0.09,1.32,0.0
ATOM,1035.0,HG3,GLU,70.0,6.391,-8.735,2.06,0.09,1.32,10.85
ATOM,1036.0,N,PHE,71.0,10.147,-5.294,0.17,-0.47,1.85,0.1
ATOM,1037.0,CA,PHE,71.0,10.476,-3.934,-0.24,0.07,2.275,0.36
ATOM,1038.0,C,PHE,71.0,9.987,-3.645,-1.655,0.51,2.0,0.0
ATOM,1039.0,O,PHE,71.0,9.814,-4.568,-2.458,-0.51,1.7,1.37
ATOM,1040.0,CB,PHE,71.0,11.994,-3.709,-0.143,-0.18,2.175,0.0
ATOM,1041.0,CG,PHE,71.0,12.549,-3.936,1.241,0.0,1.9924,0.0
ATOM,1042.0,CD1,PHE,71.0,12.844,-5.223,1.685,-0.115,1.9924,0.0
ATOM,1043.0,CD2,PHE,71.0,12.706,-2.871,2.121,-0.115,1.9924,0.0
ATOM,1044.0,CE1,PHE,71.0,13.283,-5.448,2.996,-0.115,1.9924,0.0
ATOM,1045.0,CE2,PHE,71.0,13.146,-3.084,3.439,-0.115,1.9924,0.0
ATOM,1046.0,CZ,PHE,71.0,13.431,-4.376,3.872,-0.115,1.9924,0.0
ATOM,1047.0,H,PHE,71.0,10.357,-6.133,-0.401,0.31,0.2245,0.12
ATOM,1048.0,HA,PHE,71.0,9.974,-3.312,0.373,0.09,1.32,0.0
ATOM,1049.0,HB2,PHE,71.0,12.432,-4.345,-0.756,0.09,1.32,0.0
ATOM,1050.0,HB3,PHE,71.0,12.176,-2.773,-0.395,0.09,1.32,0.0
ATOM,1051.0,HD1,PHE,71.0,12.745,-5.997,1.069,0.115,1.3582,0.0
ATOM,1052.0,HD2,PHE,71.0,12.506,-1.941,1.82,0.115,1.3582,0.0
ATOM,1053.0,HE1,PHE,71.0,13.487,-6.385,3.294,0.115,1.3582,0.0
ATOM,1054.0,HE2,PHE,71.0,13.25,-2.297,4.06,0.115,1.3582,0.0
ATOM,1055.0,HZ,PHE,71.0,13.741,-4.537,4.806,0.115,1.3582,0.0
ATOM,1056.0,N,THR,72.0,9.775,-2.364,-1.953,-0.47,1.85,0.0
ATOM,1057.0,CA,THR,72.0,9.284,-1.958,-3.262,0.07,2.275,0.0
ATOM,1058.0,C,THR,72.0,9.94,-0.687,-3.799,0.51,2.0,0.0
ATOM,1059.0,O,THR,72.0,10.213,0.255,-3.05,-0.51,1.7,0.02
ATOM,1060.0,CB,THR,72.0,7.754,-1.719,-3.22,0.14,2.275,2.03
ATOM,1061.0,OG1,THR,72.0,7.095,-2.89,-2.717,-0.66,1.77,22.7
ATOM,1062.0,CG2,THR,72.0,7.224,-1.408,-4.608,-0.27,2.06,4.5
ATOM,1063.0,H,THR,72.0,9.987,-1.698,-1.186,0.31,0.2245,0.0
ATOM,1064.0,HA,THR,72.0,9.47,-2.711,-3.923,0.09,1.32,0.0
ATOM,1065.0,HB,THR,72.0,7.563,-0.946,-2.583,0.09,1.32,0.0
ATOM,1066.0,HG21,THR,72.0,7.979,-1.132,-5.208,0.09,1.32,0.0
ATOM,1067.0,HG22,THR,72.0,6.779,-2.22,-4.994,0.09,1.32,0.26
ATOM,1068.0,HG23,THR,72.0,6.556,-0.661,-4.559,0.09,1.32,3.49
ATOM,1069.0,HG1,THR,72.0,7.766,-3.614,-2.529,0.43,0.2245,2.94
ATOM,1070.0,N,LEU,73.0,10.206,-0.683,-5.1,-0.47,1.85,0.0
ATOM,1071.0,CA,LEU,73.0,10.766,0.479,-5.77,0.07,2.275,0.0
ATOM,1072.0,C,LEU,73.0,9.7,0.897,-6.762,0.51,2.0,0.0
ATOM,1073.0,O,LEU,73.0,9.307,0.114,-7.626,-0.51,1.7,0.0
ATOM,1074.0,CB,LEU,73.0,12.045,0.148,-6.54,-0.18,2.175,0.0
ATOM,1075.0,CG,LEU,73.0,12.531,1.339,-7.385,-0.09,2.275,0.0
ATOM,1076.0,CD1,LEU,73.0,12.946,2.479,-6.469,-0.27,2.06,0.0
ATOM,1077.0,CD2,LEU,73.0,13.703,0.929,-8.28,-0.27,2.06,0.0
ATOM,1078.0,H,LEU,73.0,9.981,-1.575,-5.591,0.31,0.2245,0.0
ATOM,1079.0,HA,LEU,73.0,10.888,1.2,-5.113,0.09,1.32,0.0
ATOM,1080.0,HB2,LEU,73.0,12.749,-0.058,-5.893,0.09,1.32,0.0
ATOM,1081.0,HB3,LEU,73.0,11.854,-0.588,-7.153,0.09,1.32,0.0
ATOM,1082.0,HG,LEU,73.0,11.788,1.637,-7.975,0.09,1.32,0.0
ATOM,1083.0,HD11,LEU,73.0,13.686,2.174,-5.869,0.09,1.32,0.0
ATOM,1084.0,HD12,LEU,73.0,13.262,3.253,-7.019,0.09,1.32,0.0
ATOM,1085.0,HD13,LEU,73.0,12.164,2.764,-5.913,0.09,1.32,0.0
ATOM,1086.0,HD21,LEU,73.0,13.41,0.196,-8.893,0.09,1.32,0.0
ATOM,1087.0,HD22,LEU,73.0,14.0,1.717,-8.817,0.09,1.32,0.0
ATOM,1088.0,HD23,LEU,73.0,14.458,0.608,-7.709,0.09,1.32,0.0
ATOM,1089.0,N,THR,74.0,9.23,2.128,-6.637,-0.47,1.85,0.0
ATOM,1090.0,CA,THR,74.0,8.198,2.625,-7.529,0.07,2.275,0.0
ATOM,1091.0,C,THR,74.0,8.688,3.769,-8.401,0.51,2.0,0.0
ATOM,1092.0,O,THR,74.0,9.376,4.673,-7.928,-0.51,1.7,0.0
ATOM,1093.0,CB,THR,74.0,6.973,3.117,-6.727,0.14,2.275,3.85
ATOM,1094.0,OG1,THR,74.0,6.437,2.029,-5.967,-0.66,1.77,8.22
ATOM,1095.0,CG2,THR,74.0,5.891,3.652,-7.667,-0.27,2.06,2.44
ATOM,1096.0,H,THR,74.0,9.649,2.685,-5.873,0.31,0.2245,0.0
ATOM,1097.0,HA,THR,74.0,7.905,1.867,-8.136,0.09,1.32,0.0
ATOM,1098.0,HB,THR,74.0,7.277,3.841,-6.078,0.09,1.32,0.31
ATOM,1099.0,HG21,THR,74.0,6.314,4.208,-8.384,0.09,1.32,0.0
ATOM,1100.0,HG22,THR,74.0,5.402,2.886,-8.087,0.09,1.32,0.0
ATOM,1101.0,HG23,THR,74.0,5.245,4.215,-7.149,0.09,1.32,1.49
ATOM,1102.0,HG1,THR,74.0,6.986,1.199,-6.108,0.43,0.2245,0.0
ATOM,1103.0,N,ILE,75.0,8.359,3.7,-9.687,-0.47,1.85,0.0
ATOM,1104.0,CA,ILE,75.0,8.7,4.761,-10.628,0.07,2.275,0.0
ATOM,1105.0,C,ILE,75.0,7.306,5.277,-10.979,0.51,2.0,0.0
ATOM,1106.0,O,ILE,75.0,6.574,4.633,-11.724,-0.51,1.7,0.0
ATOM,1107.0,CB,ILE,75.0,9.412,4.212,-11.884,-0.09,2.275,0.0
ATOM,1108.0,CG1,ILE,75.0,10.64,3.393,-11.466,-0.18,2.175,0.0
ATOM,1109.0,CG2,ILE,75.0,9.847,5.37,-12.779,-0.27,2.06,0.0
ATOM,1110.0,CD1,ILE,75.0,11.44,2.814,-12.619,-0.27,2.06,0.0
ATOM,1111.0,H,ILE,75.0,7.846,2.837,-9.959,0.31,0.2245,0.0
ATOM,1112.0,HA,ILE,75.0,9.129,5.461,-10.111,0.09,1.32,0.0
ATOM,1113.0,HB,ILE,75.0,8.783,3.606,-12.351,0.09,1.32,0.0
ATOM,1114.0,HG12,ILE,75.0,11.239,3.981,-10.919,0.09,1.32,0.0
ATOM,1115.0,HG13,ILE,75.0,10.328,2.639,-10.884,0.09,1.32,0.0
ATOM,1116.0,HG21,ILE,75.0,10.297,5.009,-13.593,0.09,1.32,0.0
ATOM,1117.0,HG22,ILE,75.0,9.045,5.9,-13.048,0.09,1.32,0.0
ATOM,1118.0,HG23,ILE,75.0,10.481,5.955,-12.278,0.09,1.32,0.0
ATOM,1119.0,HD11,ILE,75.0,11.77,3.558,-13.197,0.09,1.32,0.0
ATOM,1120.0,HD12,ILE,75.0,12.215,2.3,-12.256,0.09,1.32,0.0
ATOM,1121.0,HD13,ILE,75.0,10.855,2.207,-13.153,0.09,1.32,0.0
ATOM,1122.0,N,SER,76.0,6.935,6.418,-10.402,-0.47,1.85,0.0
ATOM,1123.0,CA,SER,76.0,5.603,7.0,-10.589,0.07,2.275,0.0
ATOM,1124.0,C,SER,76.0,5.162,7.183,-12.035,0.51,2.0,0.0
ATOM,1125.0,O,SER,76.0,4.012,6.909,-12.378,-0.51,1.7,10.79
ATOM,1126.0,CB,SER,76.0,5.504,8.334,-9.843,0.05,2.175,17.48
ATOM,1127.0,OG,SER,76.0,6.465,9.256,-10.313,-0.66,1.77,10.11
ATOM,1128.0,H,SER,76.0,7.669,6.861,-9.808,0.31,0.2245,0.0
ATOM,1129.0,HA,SER,76.0,4.928,6.377,-10.134,0.09,1.32,0.0
ATOM,1130.0,HB2,SER,76.0,4.592,8.711,-9.984,0.09,1.32,9.87
ATOM,1131.0,HB3,SER,76.0,5.658,8.168,-8.872,0.09,1.32,9.19
ATOM,1132.0,HG,SER,76.0,7.382,8.939,-10.07,0.43,0.2245,0.0
ATOM,1133.0,N,SER,77.0,6.068,7.661,-12.877,-0.47,1.85,0.0
ATOM,1134.0,CA,SER,77.0,5.773,7.856,-14.293,0.07,2.275,0.0
ATOM,1135.0,C,SER,77.0,7.097,7.651,-14.996,0.51,2.0,0.0
ATOM,1136.0,O,SER,77.0,7.915,8.563,-15.077,-0.51,1.7,0.0
ATOM,1137.0,CB,SER,77.0,5.242,9.271,-14.558,0.05,2.175,18.05
ATOM,1138.0,OG,SER,77.0,4.868,9.422,-15.92,-0.66,1.77,17.82
ATOM,1139.0,H,SER,77.0,6.99,7.881,-12.45,0.31,0.2245,0.0
ATOM,1140.0,HA,SER,77.0,5.155,7.145,-14.58,0.09,1.32,0.0
ATOM,1141.0,HB2,SER,77.0,4.446,9.426,-13.984,0.09,1.32,7.67
ATOM,1142.0,HB3,SER,77.0,5.958,9.926,-14.344,0.09,1.32,4.69
ATOM,1143.0,HG,SER,77.0,4.336,8.628,-16.208,0.43,0.2245,0.05
ATOM,1144.0,N,LEU,78.0,7.305,6.434,-15.483,-0.47,1.85,0.0
ATOM,1145.0,CA,LEU,78.0,8.548,6.079,-16.144,0.07,2.275,0.0
ATOM,1146.0,C,LEU,78.0,8.835,6.905,-17.387,0.51,2.0,0.0
ATOM,1147.0,O,LEU,78.0,7.935,7.217,-18.167,-0.51,1.7,0.86
ATOM,1148.0,CB,LEU,78.0,8.542,4.583,-16.492,-0.18,2.175,0.0
ATOM,1149.0,CG,LEU,78.0,9.78,4.01,-17.191,-0.09,2.275,0.0
ATOM,1150.0,CD1,LEU,78.0,9.986,2.563,-16.767,-0.27,2.06,0.0
ATOM,1151.0,CD2,LEU,78.0,9.615,4.119,-18.716,-0.27,2.06,0.0
ATOM,1152.0,H,LEU,78.0,6.514,5.771,-15.351,0.31,0.2245,0.0
ATOM,1153.0,HA,LEU,78.0,9.314,6.218,-15.487,0.09,1.32,0.0
ATOM,1154.0,HB2,LEU,78.0,8.421,4.073,-15.637,0.09,1.32,0.0
ATOM,1155.0,HB3,LEU,78.0,7.758,4.414,-17.09,0.09,1.32,0.0
ATOM,1156.0,HG,LEU,78.0,10.576,4.549,-16.932,0.09,1.32,0.0
ATOM,1157.0,HD11,LEU,78.0,9.183,2.023,-17.021,0.09,1.32,0.0
ATOM,1158.0,HD12,LEU,78.0,10.794,2.192,-17.225,0.09,1.32,0.0
ATOM,1159.0,HD13,LEU,78.0,10.116,2.52,-15.776,0.09,1.32,0.0
ATOM,1160.0,HD21,LEU,78.0,9.507,5.079,-18.965,0.09,1.32,0.0
ATOM,1161.0,HD22,LEU,78.0,10.426,3.743,-19.16,0.09,1.32,0.0
ATOM,1162.0,HD23,LEU,78.0,8.807,3.604,-18.995,0.09,1.32,0.0
ATOM,1163.0,N,GLN,79.0,10.099,7.285,-17.54,-0.47,1.85,0.0
ATOM,1164.0,CA,GLN,79.0,10.536,8.035,-18.706,0.07,2.275,0.26
ATOM,1165.0,C,GLN,79.0,11.481,7.098,-19.454,0.51,2.0,0.0
ATOM,1166.0,O,GLN,79.0,12.12,6.235,-18.843,-0.51,1.7,0.0
ATOM,1167.0,CB,GLN,79.0,11.223,9.342,-18.281,-0.18,2.175,1.47
ATOM,1168.0,CG,GLN,79.0,10.274,10.256,-17.502,-0.18,2.175,2.86
ATOM,1169.0,CD,GLN,79.0,10.763,11.689,-17.338,0.55,2.0,2.35
ATOM,1170.0,H,GLN,79.0,10.734,7.003,-16.767,0.31,0.2245,0.0
ATOM,1171.0,HA,GLN,79.0,9.754,8.199,-19.283,0.09,1.32,2.26
ATOM,1172.0,HB2,GLN,79.0,11.992,9.124,-17.696,0.09,1.32,0.0
ATOM,1173.0,HB3,GLN,79.0,11.521,9.827,-19.093,0.09,1.32,3.02
ATOM,1174.0,HG2,GLN,79.0,9.388,10.275,-17.98,0.09,1.32,6.7
ATOM,1175.0,HG3,GLN,79.0,10.133,9.861,-16.587,0.09,1.32,0.0
ATOM,1176.0,OE1,GLN,79.0,11.917,12.02,-17.635,-0.55,1.7,15.82
ATOM,1177.0,NE2,GLN,79.0,9.879,12.548,-16.85,-0.62,1.85,20.72
ATOM,1178.0,HE21,GLN,79.0,10.135,13.525,-16.697,0.32,0.2245,21.87
ATOM,1179.0,HE22,GLN,79.0,8.942,12.223,-16.63,0.3,0.2245,11.85
ATOM,1180.0,N,SER,80.0,11.546,7.247,-20.775,-0.47,1.85,0.0
ATOM,1181.0,CA,SER,80.0,12.381,6.392,-21.611,0.07,2.275,0.0
ATOM,1182.0,C,SER,80.0,13.82,6.173,-21.143,0.51,2.0,0.22
ATOM,1183.0,O,SER,80.0,14.393,5.113,-21.39,-0.51,1.7,6.72
ATOM,1184.0,CB,SER,80.0,12.373,6.905,-23.062,0.05,2.175,18.14
ATOM,1185.0,OG,SER,80.0,12.739,8.274,-23.138,-0.66,1.77,28.84
ATOM,1186.0,H,SER,80.0,10.956,8.017,-21.154,0.31,0.2245,4.89
ATOM,1187.0,HA,SER,80.0,11.93,5.468,-21.66,0.09,1.32,0.0
ATOM,1188.0,HB2,SER,80.0,13.021,6.365,-23.593,0.09,1.32,8.39
ATOM,1189.0,HB3,SER,80.0,11.454,6.793,-23.432,0.09,1.32,2.29
ATOM,1190.0,HG,SER,80.0,13.149,8.557,-22.272,0.43,0.2245,0.94
ATOM,1191.0,N,GLU,81.0,14.419,7.149,-20.472,-0.47,1.85,0.05
ATOM,1192.0,CA,GLU,81.0,15.789,6.954,-20.014,0.07,2.275,2.3
ATOM,1193.0,C,GLU,81.0,15.878,6.029,-18.794,0.51,2.0,0.0
ATOM,1194.0,O,GLU,81.0,16.973,5.69,-18.35,-0.51,1.7,0.63
ATOM,1195.0,CB,GLU,81.0,16.465,8.295,-19.697,-0.18,2.175,15.31
ATOM,1196.0,CG,GLU,81.0,15.831,9.116,-18.583,-0.28,2.175,7.06
ATOM,1197.0,CD,GLU,81.0,14.659,9.957,-19.059,0.62,2.0,3.09
ATOM,1198.0,OE1,GLU,81.0,14.252,10.869,-18.308,-0.76,1.7,13.16
ATOM,1199.0,OE2,GLU,81.0,14.144,9.708,-20.173,-0.76,1.7,11.56
ATOM,1200.0,H,GLU,81.0,13.869,7.994,-20.316,0.31,0.2245,0.0
ATOM,1201.0,HA,GLU,81.0,16.347,6.565,-20.765,0.09,1.32,9.24
ATOM,1202.0,HB2,GLU,81.0,17.4,8.101,-19.43,0.09,1.32,0.23
ATOM,1203.0,HB3,GLU,81.0,16.441,8.843,-20.523,0.09,1.32,7.68
ATOM,1204.0,HG2,GLU,81.0,15.493,8.497,-17.898,0.09,1.32,0.0
ATOM,1205.0,HG3,GLU,81.0,16.511,9.73,-18.226,0.09,1.32,11.0
ATOM,1206.0,N,ASP,82.0,14.727,5.609,-18.273,-0.47,1.85,0.0
ATOM,1207.0,CA,ASP,82.0,14.689,4.735,-17.102,0.07,2.275,0.0
ATOM,1208.0,C,ASP,82.0,14.85,3.253,-17.411,0.51,2.0,0.0
ATOM,1209.0,O,ASP,82.0,15.008,2.438,-16.5,-0.51,1.7,0.0
ATOM,1210.0,CB,ASP,82.0,13.386,4.938,-16.325,-0.28,2.175,0.0
ATOM,1211.0,CG,ASP,82.0,13.191,6.371,-15.889,0.62,2.0,0.0
ATOM,1212.0,OD1,ASP,82.0,14.207,7.073,-15.699,-0.76,1.7,0.93
ATOM,1213.0,OD2,ASP,82.0,12.027,6.79,-15.724,-0.76,1.7,0.0
ATOM,1214.0,H,ASP,82.0,13.877,5.949,-18.761,0.31,0.2245,0.0
ATOM,1215.0,HA,ASP,82.0,15.475,5.002,-16.507,0.09,1.32,0.0
ATOM,1216.0,HB2,ASP,82.0,12.633,4.676,-16.917,0.09,1.32,0.0
ATOM,1217.0,HB3,ASP,82.0,13.416,4.357,-15.521,0.09,1.32,0.0
ATOM,1218.0,N,PHE,83.0,14.8,2.891,-18.688,-0.47,1.85,0.0
ATOM,1219.0,CA,PHE,83.0,14.959,1.496,-19.043,0.07,2.275,0.0
ATOM,1220.0,C,PHE,83.0,16.36,1.051,-18.655,0.51,2.0,0.34
ATOM,1221.0,O,PHE,83.0,17.354,1.671,-19.026,-0.51,1.7,9.13
ATOM,1222.0,CB,PHE,83.0,14.681,1.298,-20.534,-0.18,2.175,11.75
ATOM,1223.0,CG,PHE,83.0,13.267,1.632,-20.915,0.0,1.9924,0.0
ATOM,1224.0,CD1,PHE,83.0,12.2,1.048,-20.234,-0.115,1.9924,0.0
ATOM,1225.0,CD2,PHE,83.0,12.995,2.566,-21.908,-0.115,1.9924,4.65
ATOM,1226.0,CE1,PHE,83.0,10.888,1.392,-20.529,-0.115,1.9924,0.0
ATOM,1227.0,CE2,PHE,83.0,11.681,2.917,-22.212,-0.115,1.9924,0.23
ATOM,1228.0,CZ,PHE,83.0,10.627,2.331,-21.521,-0.115,1.9924,0.0
ATOM,1229.0,H,PHE,83.0,14.647,3.651,-19.36,0.31,0.2245,0.0
ATOM,1230.0,HA,PHE,83.0,14.323,0.971,-18.478,0.09,1.32,0.0
ATOM,1231.0,HB2,PHE,83.0,15.283,1.895,-21.036,0.09,1.32,4.82
ATOM,1232.0,HB3,PHE,83.0,14.84,0.35,-20.748,0.09,1.32,3.6
ATOM,1233.0,HD1,PHE,83.0,12.38,0.373,-19.522,0.115,1.3582,0.0
ATOM,1234.0,HD2,PHE,83.0,13.747,2.991,-22.409,0.115,1.3582,6.81
ATOM,1235.0,HE1,PHE,83.0,10.133,0.96,-20.025,0.115,1.3582,0.0
ATOM,1236.0,HE2,PHE,83.0,11.502,3.598,-22.938,0.115,1.3582,0.28
ATOM,1237.0,HZ,PHE,83.0,9.684,2.581,-21.733,0.115,1.3582,0.0
ATOM,1238.0,N,ALA,84.0,16.418,-0.021,-17.874,-0.47,1.85,0.52
ATOM,1239.0,CA,ALA,84.0,17.676,-0.55,-17.378,0.07,2.275,2.99
ATOM,1240.0,C,ALA,84.0,17.372,-1.734,-16.479,0.51,2.0,0.0
ATOM,1241.0,O,ALA,84.0,16.214,-2.142,-16.339,-0.51,1.7,0.0
ATOM,1242.0,CB,ALA,84.0,18.406,0.528,-16.574,-0.27,2.06,0.0
ATOM,1243.0,H,ALA,84.0,15.49,-0.444,-17.651,0.31,0.2245,0.0
ATOM,1244.0,HA,ALA,84.0,18.225,-0.865,-18.15,0.09,1.32,3.44
ATOM,1245.0,HB1,ALA,84.0,18.109,1.429,-16.884,0.09,1.32,0.0
ATOM,1246.0,HB2,ALA,84.0,18.191,0.419,-15.605,0.09,1.32,0.0
ATOM,1247.0,HB3,ALA,84.0,19.39,0.433,-16.712,0.09,1.32,0.0
ATOM,1248.0,N,VAL,85.0,18.413,-2.292,-15.872,-0.47,1.85,0.0
ATOM,1249.0,CA,VAL,85.0,18.222,-3.405,-14.962,0.07,2.275,0.0
ATOM,1250.0,C,VAL,85.0,18.356,-2.835,-13.56,0.51,2.0,0.0
ATOM,1251.0,O,VAL,85.0,19.32,-2.131,-13.257,-0.51,1.7,0.0
ATOM,1252.0,CB,VAL,85.0,19.274,-4.51,-15.171,-0.09,2.275,0.17
ATOM,1253.0,CG1,VAL,85.0,19.062,-5.617,-14.157,-0.27,2.06,1.72
ATOM,1254.0,CG2,VAL,85.0,19.167,-5.073,-16.587,-0.27,2.06,15.54
ATOM,1255.0,H,VAL,85.0,19.33,-1.878,-16.098,0.31,0.2245,0.0
ATOM,1256.0,HA,VAL,85.0,17.298,-3.746,-15.069,0.09,1.32,0.0
ATOM,1257.0,HB,VAL,85.0,20.166,-4.114,-14.991,0.09,1.32,0.0
ATOM,1258.0,HG11,VAL,85.0,19.602,-5.429,-13.335,0.09,1.32,0.0
ATOM,1259.0,HG12,VAL,85.0,18.093,-5.667,-13.911,0.09,1.32,0.0
ATOM,1260.0,HG13,VAL,85.0,19.349,-6.492,-14.549,0.09,1.32,4.74
ATOM,1261.0,HG21,VAL,85.0,19.846,-5.797,-16.703,0.09,1.32,9.76
ATOM,1262.0,HG22,VAL,85.0,18.25,-5.444,-16.723,0.09,1.32,0.0
ATOM,1263.0,HG23,VAL,85.0,19.337,-4.34,-17.244,0.09,1.32,4.84
ATOM,1264.0,N,TYR,86.0,17.377,-3.117,-12.713,-0.47,1.85,0.0
ATOM,1265.0,CA,TYR,86.0,17.403,-2.614,-11.346,0.07,2.275,0.0
ATOM,1266.0,C,TYR,86.0,17.708,-3.73,-10.356,0.51,2.0,0.0
ATOM,1267.0,O,TYR,86.0,17.181,-4.834,-10.475,-0.51,1.7,0.0
ATOM,1268.0,CB,TYR,86.0,16.064,-1.954,-11.004,-0.18,2.175,0.0
ATOM,1269.0,CG,TYR,86.0,15.781,-0.698,-11.811,0.0,1.9924,0.0
ATOM,1270.0,CD1,TYR,86.0,15.422,-0.77,-13.165,-0.115,1.9924,0.0
ATOM,1271.0,CD2,TYR,86.0,15.906,0.566,-11.228,-0.115,1.9924,0.0
ATOM,1272.0,CE1,TYR,86.0,15.195,0.395,-13.916,-0.115,1.9924,0.0
ATOM,1273.0,CE2,TYR,86.0,15.684,1.728,-11.962,-0.115,1.9924,0.0
ATOM,1274.0,CZ,TYR,86.0,15.331,1.639,-13.304,0.11,1.9924,0.0
ATOM,1275.0,OH,TYR,86.0,15.139,2.796,-14.015,-0.54,1.77,0.0
ATOM,1276.0,H,TYR,86.0,16.618,-3.706,-13.094,0.31,0.2245,0.0
ATOM,1277.0,HA,TYR,86.0,18.135,-1.924,-11.276,0.09,1.32,0.0
ATOM,1278.0,HB2,TYR,86.0,15.337,-2.608,-11.184,0.09,1.32,0.0
ATOM,1279.0,HB3,TYR,86.0,16.074,-1.706,-10.041,0.09,1.32,0.0
ATOM,1280.0,HD1,TYR,86.0,15.326,-1.659,-13.605,0.115,1.3582,0.0
ATOM,1281.0,HD2,TYR,86.0,16.159,0.636,-10.264,0.115,1.3582,0.0
ATOM,1282.0,HE1,TYR,86.0,14.938,0.328,-14.875,0.115,1.3582,0.0
ATOM,1283.0,HE2,TYR,86.0,15.778,2.622,-11.527,0.115,1.3582,0.0
ATOM,1284.0,HH,TYR,86.0,15.137,2.587,-14.992,0.43,0.2245,0.0
ATOM,1285.0,N,TYR,87.0,18.568,-3.435,-9.385,-0.47,1.85,0.0
ATOM,1286.0,CA,TYR,87.0,18.949,-4.409,-8.369,0.07,2.275,0.0
ATOM,1287.0,C,TYR,87.0,18.711,-3.883,-6.963,0.51,2.0,0.0
ATOM,1288.0,O,TYR,87.0,18.852,-2.687,-6.712,-0.51,1.7,0.0
ATOM,1289.0,CB,TYR,87.0,20.443,-4.738,-8.45,-0.18,2.175,0.55
ATOM,1290.0,CG,TYR,87.0,20.899,-5.431,-9.706,0.0,1.9924,0.1
ATOM,1291.0,CD1,TYR,87.0,21.403,-4.708,-10.785,-0.115,1.9924,2.87
ATOM,1292.0,CD2,TYR,87.0,20.846,-6.818,-9.807,-0.115,1.9924,1.37
ATOM,1293.0,CE1,TYR,87.0,21.851,-5.362,-11.941,-0.115,1.9924,3.38
ATOM,1294.0,CE2,TYR,87.0,21.281,-7.475,-10.948,-0.115,1.9924,9.49
ATOM,1295.0,CZ,TYR,87.0,21.782,-6.744,-12.008,0.11,1.9924,1.75
ATOM,1296.0,OH,TYR,87.0,22.209,-7.405,-13.131,-0.54,1.77,20.72
ATOM,1297.0,H,TYR,87.0,18.939,-2.463,-9.414,0.31,0.2245,0.0
ATOM,1298.0,HA,TYR,87.0,18.381,-5.236,-8.496,0.09,1.32,0.0
ATOM,1299.0,HB2,TYR,87.0,20.955,-3.876,-8.362,0.09,1.32,0.07
ATOM,1300.0,HB3,TYR,87.0,20.673,-5.326,-7.666,0.09,1.32,0.0
ATOM,1301.0,HD1,TYR,87.0,21.448,-3.713,-10.742,0.115,1.3582,0.0
ATOM,1302.0,HD2,TYR,87.0,20.488,-7.351,-9.04,0.115,1.3582,0.0
ATOM,1303.0,HE1,TYR,87.0,22.216,-4.833,-12.703,0.115,1.3582,0.0
ATOM,1304.0,HE2,TYR,87.0,21.232,-8.473,-11.003,0.115,1.3582,4.36
ATOM,1305.0,HH,TYR,87.0,21.668,-8.237,-13.25,0.43,0.2245,14.23
ATOM,1306.0,N,CYS,88.0,18.36,-4.782,-6.049,-0.47,1.85,0.0
ATOM,1307.0,CA,CYS,88.0,18.208,-4.4,-4.656,0.07,2.275,0.0
ATOM,1308.0,C,CYS,88.0,19.394,-5.067,-3.98,0.51,2.0,0.0
ATOM,1309.0,O,CYS,88.0,19.961,-6.02,-4.514,-0.51,1.7,0.0
ATOM,1310.0,CB,CYS,88.0,16.871,-4.871,-4.053,-0.1,2.175,0.0
ATOM,1311.0,SG,CYS,88.0,16.454,-6.645,-3.991,-0.08,1.975,0.0
ATOM,1312.0,H,CYS,88.0,18.211,-5.739,-6.407,0.31,0.2245,0.0
ATOM,1313.0,HA,CYS,88.0,18.316,-3.43,-4.581,0.09,1.32,0.0
ATOM,1314.0,HB2,CYS,88.0,16.825,-4.504,-3.096,0.09,1.32,0.0
ATOM,1315.0,HB3,CYS,88.0,16.123,-4.39,-4.566,0.09,1.32,0.0
ATOM,1316.0,N,GLN,89.0,19.802,-4.55,-2.83,-0.47,1.85,0.0
ATOM,1317.0,CA,GLN,89.0,20.944,-5.122,-2.131,0.07,2.275,0.0
ATOM,1318.0,C,GLN,89.0,20.778,-4.881,-0.643,0.51,2.0,0.0
ATOM,1319.0,O,GLN,89.0,20.412,-3.784,-0.238,-0.51,1.7,0.0
ATOM,1320.0,CB,GLN,89.0,22.236,-4.468,-2.632,-0.18,2.175,0.0
ATOM,1321.0,CG,GLN,89.0,23.515,-4.932,-1.937,-0.18,2.175,0.08
ATOM,1322.0,CD,GLN,89.0,24.253,-3.794,-1.249,0.55,2.0,0.66
ATOM,1323.0,OE1,GLN,89.0,24.783,-2.891,-1.902,-0.55,1.7,8.7
ATOM,1324.0,NE2,GLN,89.0,24.293,-3.832,0.076,-0.62,1.85,0.02
ATOM,1325.0,H,GLN,89.0,19.262,-3.742,-2.489,0.31,0.2245,0.0
ATOM,1326.0,HA,GLN,89.0,20.94,-6.109,-2.287,0.09,1.32,0.0
ATOM,1327.0,HB2,GLN,89.0,22.333,-4.659,-3.615,0.09,1.32,0.0
ATOM,1328.0,HB3,GLN,89.0,22.162,-3.471,-2.507,0.09,1.32,0.0
ATOM,1329.0,HG2,GLN,89.0,23.274,-5.616,-1.251,0.09,1.32,0.0
ATOM,1330.0,HG3,GLN,89.0,24.12,-5.338,-2.62,0.09,1.32,0.0
ATOM,1331.0,HE21,GLN,89.0,24.78,-3.113,0.604,0.32,0.2245,5.41
ATOM,1332.0,HE22,GLN,89.0,23.824,-4.596,0.561,0.3,0.2245,0.0
ATOM,1333.0,N,GLN,90.0,21.027,-5.907,0.165,-0.47,1.85,0.0
ATOM,1334.0,CA,GLN,90.0,20.905,-5.763,1.614,0.07,2.275,0.0
ATOM,1335.0,C,GLN,90.0,22.281,-5.557,2.243,0.51,2.0,0.0
ATOM,1336.0,O,GLN,90.0,23.286,-6.072,1.75,-0.51,1.7,0.0
ATOM,1337.0,CB,GLN,90.0,20.207,-6.992,2.226,-0.18,2.175,0.0
ATOM,1338.0,CG,GLN,90.0,20.987,-8.314,2.166,-0.18,2.175,0.0
ATOM,1339.0,CD,GLN,90.0,22.061,-8.416,3.233,0.55,2.0,0.0
ATOM,1340.0,H,GLN,90.0,21.304,-6.783,-0.304,0.31,0.2245,0.0
ATOM,1341.0,HA,GLN,90.0,20.357,-4.943,1.8,0.09,1.32,0.0
ATOM,1342.0,HB2,GLN,90.0,20.008,-6.797,3.195,0.09,1.32,0.0
ATOM,1343.0,HB3,GLN,90.0,19.329,-7.133,1.748,0.09,1.32,0.0
ATOM,1344.0,HG2,GLN,90.0,20.34,-9.066,2.288,0.09,1.32,0.0
ATOM,1345.0,HG3,GLN,90.0,21.417,-8.384,1.267,0.09,1.32,0.0
ATOM,1346.0,OE1,GLN,90.0,21.93,-7.843,4.314,-0.55,1.7,0.0
ATOM,1347.0,NE2,GLN,90.0,23.12,-9.161,2.941,-0.62,1.85,0.0
ATOM,1348.0,HE21,GLN,90.0,23.885,-9.264,3.601,0.32,0.2245,0.0
ATOM,1349.0,HE22,GLN,90.0,23.155,-9.633,2.037,0.3,0.2245,0.0
ATOM,1350.0,N,SER,91.0,22.322,-4.791,3.328,-0.47,1.85,0.0
ATOM,1351.0,CA,SER,91.0,23.573,-4.516,4.019,0.07,2.275,0.0
ATOM,1352.0,C,SER,91.0,23.451,-4.841,5.504,0.51,2.0,0.0
ATOM,1353.0,O,SER,91.0,24.295,-4.447,6.304,-0.51,1.7,12.56
ATOM,1354.0,CB,SER,91.0,23.952,-3.044,3.848,0.05,2.175,9.2
ATOM,1355.0,OG,SER,91.0,22.939,-2.203,4.38,-0.66,1.77,0.39
ATOM,1356.0,H,SER,91.0,21.403,-4.415,3.632,0.31,0.2245,0.0
ATOM,1357.0,HA,SER,91.0,24.284,-5.112,3.631,0.09,1.32,0.0
ATOM,1358.0,HB2,SER,91.0,24.802,-2.872,4.332,0.09,1.32,1.33
ATOM,1359.0,HB3,SER,91.0,24.057,-2.85,2.879,0.09,1.32,0.0
ATOM,1360.0,HG,SER,91.0,22.043,-2.593,4.175,0.43,0.2245,0.0
ATOM,1361.0,N,ASN,92.0,22.394,-5.557,5.864,-0.47,1.85,0.0
ATOM,1362.0,CA,ASN,92.0,22.167,-5.933,7.254,0.07,2.275,0.0
ATOM,1363.0,C,ASN,92.0,23.159,-7.004,7.689,0.51,2.0,0.0
ATOM,1364.0,O,ASN,92.0,23.62,-7.022,8.835,-0.51,1.7,25.68
ATOM,1365.0,CB,ASN,92.0,20.751,-6.483,7.425,-0.18,2.175,0.0
ATOM,1366.0,CG,ASN,92.0,20.454,-6.89,8.856,0.55,2.0,0.0
ATOM,1367.0,OD1,ASN,92.0,20.463,-8.071,9.19,-0.55,1.7,15.44
ATOM,1368.0,ND2,ASN,92.0,20.172,-5.91,9.702,-0.62,1.85,13.56
ATOM,1369.0,H,ASN,92.0,21.757,-5.82,5.088,0.31,0.2245,0.0
ATOM,1370.0,HA,ASN,92.0,22.347,-5.119,7.816,0.09,1.32,3.61
ATOM,1371.0,HB2,ASN,92.0,20.103,-5.776,7.155,0.09,1.32,0.0
ATOM,1372.0,HB3,ASN,92.0,20.651,-7.283,6.84,0.09,1.32,0.0
ATOM,1373.0,HD22,ASN,92.0,20.157,-4.961,9.382,0.3,0.2245,0.88
ATOM,1374.0,HD21,ASN,92.0,19.972,-6.114,10.661,0.32,0.2245,21.91
ATOM,1375.0,N,SER,93.0,23.488,-7.894,6.763,-0.47,1.85,0.0
ATOM,1376.0,CA,SER,93.0,24.388,-9.001,7.059,0.07,2.275,0.64
ATOM,1377.0,C,SER,93.0,25.515,-9.197,6.058,0.51,2.0,0.0
ATOM,1378.0,O,SER,93.0,25.324,-9.016,4.854,-0.51,1.7,0.0
ATOM,1379.0,CB,SER,93.0,23.559,-10.29,7.158,0.05,2.175,7.59
ATOM,1380.0,OG,SER,93.0,24.284,-11.422,6.7,-0.66,1.77,10.47
ATOM,1381.0,H,SER,93.0,23.059,-7.737,5.831,0.31,0.2245,0.0
ATOM,1382.0,HA,SER,93.0,24.812,-8.822,7.973,0.09,1.32,4.19
ATOM,1383.0,HB2,SER,93.0,23.304,-10.433,8.112,0.09,1.32,8.83
ATOM,1384.0,HB3,SER,93.0,22.738,-10.184,6.601,0.09,1.32,0.0
ATOM,1385.0,HG,SER,93.0,23.868,-11.765,5.859,0.43,0.2245,0.06
ATOM,1386.0,N,TRP,94.0,26.698,-9.559,6.554,-0.47,1.85,1.22
ATOM,1387.0,CA,TRP,94.0,27.824,-9.822,5.663,0.07,2.275,0.0
ATOM,1388.0,C,TRP,94.0,27.855,-11.327,5.424,0.51,2.0,0.0
ATOM,1389.0,O,TRP,94.0,27.681,-12.11,6.358,-0.51,1.7,19.6
ATOM,1390.0,CB,TRP,94.0,29.16,-9.364,6.273,-0.18,2.175,15.52
ATOM,1391.0,CG,TRP,94.0,30.316,-9.692,5.362,-0.03,1.9924,1.43
ATOM,1392.0,CD1,TRP,94.0,31.165,-10.765,5.458,0.035,1.9924,14.59
ATOM,1393.0,CD2,TRP,94.0,30.631,-9.046,4.121,-0.02,1.8,1.94
ATOM,1394.0,NE1,TRP,94.0,31.974,-10.832,4.35,-0.61,1.85,7.43
ATOM,1395.0,CE2,TRP,94.0,31.668,-9.791,3.512,0.13,1.8,1.83
ATOM,1396.0,CE3,TRP,94.0,30.13,-7.916,3.46,-0.115,1.9924,6.46
ATOM,1397.0,CZ2,TRP,94.0,32.211,-9.442,2.273,-0.115,1.9924,15.31
ATOM,1398.0,CZ3,TRP,94.0,30.669,-7.57,2.225,-0.115,1.9924,9.2
ATOM,1399.0,CH2,TRP,94.0,31.698,-8.333,1.644,-0.115,1.9924,18.25
ATOM,1400.0,H,TRP,94.0,26.743,-9.633,7.579,0.31,0.2245,10.33
ATOM,1401.0,HA,TRP,94.0,27.636,-9.383,4.795,0.09,1.32,0.0
ATOM,1402.0,HB2,TRP,94.0,29.142,-8.39,6.386,0.09,1.32,4.87
ATOM,1403.0,HB3,TRP,94.0,29.306,-9.841,7.118,0.09,1.32,7.17
ATOM,1404.0,HD1,TRP,94.0,31.191,-11.405,6.224,0.115,1.3582,13.78
ATOM,1405.0,HE1,TRP,94.0,32.673,-11.526,4.18,0.38,0.2245,20.73
ATOM,1406.0,HE3,TRP,94.0,29.402,-7.368,3.86,0.115,1.3582,0.0
ATOM,1407.0,HZ2,TRP,94.0,32.949,-9.99,1.87,0.115,1.3582,16.59
ATOM,1408.0,HZ3,TRP,94.0,30.319,-6.771,1.75,0.115,1.3582,3.52
ATOM,1409.0,HH2,TRP,94.0,32.057,-8.054,0.754,0.115,1.3582,17.7
ATOM,1410.0,N,PRO,95.0,28.081,-11.762,4.171,-0.29,1.85,0.0
ATOM,1411.0,CA,PRO,95.0,28.318,-10.985,2.953,0.02,2.275,0.0
ATOM,1412.0,C,PRO,95.0,27.093,-10.277,2.377,0.51,2.0,0.0
ATOM,1413.0,O,PRO,95.0,26.006,-10.858,2.304,-0.51,1.7,0.0
ATOM,1414.0,CB,PRO,95.0,28.873,-12.03,1.993,-0.18,2.175,12.65
ATOM,1415.0,CG,PRO,95.0,28.079,-13.239,2.358,-0.18,2.175,3.66
ATOM,1416.0,CD,PRO,95.0,28.114,-13.207,3.876,0.0,2.175,11.35
ATOM,1417.0,HA,PRO,95.0,29.077,-10.31,3.106,0.09,1.32,0.0
ATOM,1418.0,HB2,PRO,95.0,28.71,-11.767,1.048,0.09,1.32,4.54
ATOM,1419.0,HB3,PRO,95.0,29.843,-12.178,2.15,0.09,1.32,3.5
ATOM,1420.0,HG2,PRO,95.0,27.146,-13.166,2.028,0.09,1.32,0.0
ATOM,1421.0,HG3,PRO,95.0,28.51,-14.064,2.015,0.09,1.32,9.67
ATOM,1422.0,HD2,PRO,95.0,27.319,-13.665,4.264,0.09,1.32,1.32
ATOM,1423.0,HD3,PRO,95.0,28.951,-13.62,4.226,0.09,1.32,8.7
ATOM,1424.0,N,TYR,96.0,27.273,-9.019,1.975,-0.47,1.85,0.0
ATOM,1425.0,CA,TYR,96.0,26.175,-8.263,1.379,0.07,2.275,0.0
ATOM,1426.0,C,TYR,96.0,25.737,-9.018,0.132,0.51,2.0,0.0
ATOM,1427.0,O,TYR,96.0,26.569,-9.609,-0.559,-0.51,1.7,15.92
ATOM,1428.0,CB,TYR,96.0,26.626,-6.858,0.974,-0.18,2.175,1.93
ATOM,1429.0,CG,TYR,96.0,27.153,-6.016,2.114,0.0,1.9924,0.0
ATOM,1430.0,CD1,TYR,96.0,26.714,-6.222,3.423,-0.115,1.9924,0.0
ATOM,1431.0,CD2,TYR,96.0,28.072,-4.994,1.88,-0.115,1.9924,2.96
ATOM,1432.0,CE1,TYR,96.0,27.175,-5.432,4.469,-0.115,1.9924,0.19
ATOM,1433.0,CE2,TYR,96.0,28.541,-4.194,2.924,-0.115,1.9924,11.78
ATOM,1434.0,CZ,TYR,96.0,28.088,-4.422,4.212,0.11,1.9924,0.0
ATOM,1435.0,OH,TYR,96.0,28.551,-3.644,5.244,-0.54,1.77,30.45
ATOM,1436.0,H,TYR,96.0,28.222,-8.642,2.118,0.31,0.2245,0.0
ATOM,1437.0,HA,TYR,96.0,25.417,-8.25,2.019,0.09,1.32,0.0
ATOM,1438.0,HB2,TYR,96.0,27.35,-6.947,0.291,0.09,1.32,5.87
ATOM,1439.0,HB3,TYR,96.0,25.844,-6.383,0.572,0.09,1.32,0.0
ATOM,1440.0,HD1,TYR,96.0,26.055,-6.951,3.612,0.115,1.3582,0.0
ATOM,1441.0,HD2,TYR,96.0,28.402,-4.831,0.954,0.115,1.3582,13.0
ATOM,1442.0,HE1,TYR,96.0,26.85,-5.593,5.402,0.115,1.3582,3.61
ATOM,1443.0,HE2,TYR,96.0,29.196,-3.466,2.739,0.115,1.3582,16.68
ATOM,1444.0,HH,TYR,96.0,27.793,-3.117,5.625,0.43,0.2245,16.62
ATOM,1445.0,N,THR,97.0,24.438,-9.005,-0.153,-0.47,1.85,0.0
ATOM,1446.0,CA,THR,97.0,23.927,-9.713,-1.317,0.07,2.275,0.0
ATOM,1447.0,C,THR,97.0,22.944,-8.9,-2.142,0.51,2.0,0.0
ATOM,1448.0,O,THR,97.0,22.202,-8.07,-1.614,-0.51,1.7,0.0
ATOM,1449.0,CB,THR,97.0,23.254,-11.048,-0.912,0.14,2.275,0.79
ATOM,1450.0,OG1,THR,97.0,22.328,-10.821,0.159,-0.66,1.77,0.0
ATOM,1451.0,CG2,THR,97.0,24.307,-12.058,-0.466,-0.27,2.06,4.85
ATOM,1452.0,H,THR,97.0,23.849,-8.468,0.502,0.31,0.2245,0.0
ATOM,1453.0,HA,THR,97.0,24.716,-9.959,-1.913,0.09,1.32,2.11
ATOM,1454.0,HB,THR,97.0,22.734,-11.406,-1.713,0.09,1.32,2.58
ATOM,1455.0,HG21,THR,97.0,25.154,-11.58,-0.226,0.09,1.32,0.0
ATOM,1456.0,HG22,THR,97.0,23.975,-12.562,0.333,0.09,1.32,0.0
ATOM,1457.0,HG23,THR,97.0,24.492,-12.703,-1.209,0.09,1.32,3.82
ATOM,1458.0,HG1,THR,97.0,21.877,-11.681,0.419,0.43,0.2245,0.0
ATOM,1459.0,N,PHE,98.0,22.957,-9.149,-3.448,-0.47,1.85,0.0
ATOM,1460.0,CA,PHE,98.0,22.077,-8.465,-4.393,0.07,2.275,0.0
ATOM,1461.0,C,PHE,98.0,20.932,-9.379,-4.815,0.51,2.0,0.0
ATOM,1462.0,O,PHE,98.0,21.061,-10.608,-4.793,-0.51,1.7,14.91
ATOM,1463.0,CB,PHE,98.0,22.851,-8.086,-5.663,-0.18,2.175,6.27
ATOM,1464.0,CG,PHE,98.0,23.821,-6.952,-5.484,0.0,1.9924,0.34
ATOM,1465.0,CD1,PHE,98.0,23.398,-5.633,-5.602,-0.115,1.9924,2.53
ATOM,1466.0,CD2,PHE,98.0,25.163,-7.203,-5.231,-0.115,1.9924,9.19
ATOM,1467.0,CE1,PHE,98.0,24.303,-4.577,-5.476,-0.115,1.9924,2.32
ATOM,1468.0,CE2,PHE,98.0,26.074,-6.155,-5.101,-0.115,1.9924,14.3
ATOM,1469.0,CZ,PHE,98.0,25.643,-4.841,-5.225,-0.115,1.9924,9.61
ATOM,1470.0,H,PHE,98.0,23.65,-9.875,-3.741,0.31,0.2245,6.56
ATOM,1471.0,HA,PHE,98.0,21.665,-7.691,-3.903,0.09,1.32,0.0
ATOM,1472.0,HB2,PHE,98.0,23.361,-8.884,-5.953,0.09,1.32,7.22
ATOM,1473.0,HB3,PHE,98.0,22.189,-7.818,-6.35,0.09,1.32,0.0
ATOM,1474.0,HD1,PHE,98.0,22.44,-5.431,-5.777,0.115,1.3582,0.0
ATOM,1475.0,HD2,PHE,98.0,25.483,-8.146,-5.14,0.115,1.3582,10.32
ATOM,1476.0,HE1,PHE,98.0,23.975,-3.632,-5.57,0.115,1.3582,0.0
ATOM,1477.0,HE2,PHE,98.0,27.048,-6.361,-4.918,0.115,1.3582,18.07
ATOM,1478.0,HZ,PHE,98.0,26.29,-4.087,-5.134,0.115,1.3582,13.47
ATOM,1479.0,N,GLY,99.0,19.809,-8.779,-5.193,-0.47,1.85,0.0
ATOM,1480.0,CA,GLY,99.0,18.708,-9.575,-5.688,-0.02,2.175,0.0
ATOM,1481.0,C,GLY,99.0,19.163,-9.928,-7.096,0.51,2.0,0.01
ATOM,1482.0,O,GLY,99.0,20.189,-9.412,-7.553,-0.51,1.7,3.16
ATOM,1483.0,H,GLY,99.0,19.799,-7.757,-5.105,0.31,0.2245,0.0
ATOM,1484.0,HA2,GLY,99.0,18.612,-10.39,-5.161,0.09,1.32,0.0
ATOM,1485.0,HA3,GLY,99.0,17.893,-9.041,-5.732,0.09,1.32,0.0
ATOM,1486.0,N,GLY,100.0,18.419,-10.789,-7.785,-0.47,1.85,2.29
ATOM,1487.0,CA,GLY,100.0,18.795,-11.195,-9.131,-0.02,2.175,19.95
ATOM,1488.0,C,GLY,100.0,18.56,-10.156,-10.21,0.51,2.0,0.27
ATOM,1489.0,O,GLY,100.0,18.973,-10.346,-11.361,-0.51,1.7,22.67
ATOM,1490.0,H,GLY,100.0,17.577,-11.132,-7.293,0.31,0.2245,1.04
ATOM,1491.0,HA2,GLY,100.0,19.786,-11.461,-9.134,0.09,1.32,10.35
ATOM,1492.0,HA3,GLY,100.0,18.284,-12.051,-9.375,0.09,1.32,12.94
ATOM,1493.0,N,GLY,101.0,17.876,-9.072,-9.853,-0.47,1.85,0.0
ATOM,1494.0,CA,GLY,101.0,17.622,-8.0,-10.801,-0.02,2.175,0.37
ATOM,1495.0,C,GLY,101.0,16.314,-8.049,-11.576,0.51,2.0,1.13
ATOM,1496.0,O,GLY,101.0,15.772,-9.12,-11.846,-0.51,1.7,8.77
ATOM,1497.0,H,GLY,101.0,17.552,-9.063,-8.87,0.31,0.2245,0.0
ATOM,1498.0,HA2,GLY,101.0,17.676,-7.095,-10.302,0.09,1.32,0.0
ATOM,1499.0,HA3,GLY,101.0,18.405,-7.961,-11.477,0.09,1.32,0.0
ATOM,1500.0,N,THR,102.0,15.806,-6.869,-11.918,-0.47,1.85,0.0
ATOM,1501.0,CA,THR,102.0,14.575,-6.725,-12.693,0.07,2.275,0.0
ATOM,1502.0,C,THR,102.0,14.909,-5.905,-13.935,0.51,2.0,0.0
ATOM,1503.0,O,THR,102.0,15.297,-4.738,-13.835,-0.51,1.7,0.0
ATOM,1504.0,CB,THR,102.0,13.474,-5.981,-11.899,0.14,2.275,0.0
ATOM,1505.0,OG1,THR,102.0,12.924,-6.851,-10.901,-0.66,1.77,0.0
ATOM,1506.0,CG2,THR,102.0,12.353,-5.518,-12.831,-0.27,2.06,0.0
ATOM,1507.0,H,THR,102.0,16.364,-6.048,-11.584,0.31,0.2245,0.0
ATOM,1508.0,HA,THR,102.0,14.273,-7.626,-12.982,0.09,1.32,0.0
ATOM,1509.0,HB,THR,102.0,13.897,-5.181,-11.428,0.09,1.32,0.0
ATOM,1510.0,HG21,THR,102.0,12.742,-4.997,-13.592,0.09,1.32,0.0
ATOM,1511.0,HG22,THR,102.0,11.864,-6.315,-13.191,0.09,1.32,0.0
ATOM,1512.0,HG23,THR,102.0,11.713,-4.938,-12.325,0.09,1.32,0.0
ATOM,1513.0,HG1,THR,102.0,12.387,-7.583,-11.333,0.43,0.2245,0.0
ATOM,1514.0,N,LYS,103.0,14.781,-6.515,-15.108,-0.47,1.85,0.65
ATOM,1515.0,CA,LYS,103.0,15.068,-5.792,-16.338,0.07,2.275,0.0
ATOM,1516.0,C,LYS,103.0,13.827,-5.033,-16.777,0.51,2.0,0.0
ATOM,1517.0,O,LYS,103.0,12.847,-5.63,-17.227,-0.51,1.7,0.0
ATOM,1518.0,CB,LYS,103.0,15.505,-6.75,-17.453,-0.18,2.175,2.05
ATOM,1519.0,CG,LYS,103.0,15.985,-6.022,-18.711,-0.18,2.175,0.39
ATOM,1520.0,CD,LYS,103.0,16.538,-6.985,-19.746,-0.18,2.175,11.88
ATOM,1521.0,CE,LYS,103.0,17.206,-6.247,-20.9,0.21,2.175,20.64
ATOM,1522.0,NZ,LYS,103.0,16.273,-5.332,-21.62,-0.3,1.85,5.37
ATOM,1523.0,H,LYS,103.0,14.476,-7.495,-15.069,0.31,0.2245,0.0
ATOM,1524.0,HA,LYS,103.0,15.805,-5.135,-16.167,0.09,1.32,0.0
ATOM,1525.0,HB2,LYS,103.0,16.252,-7.306,-17.112,0.09,1.32,5.62
ATOM,1526.0,HB3,LYS,103.0,14.729,-7.317,-17.699,0.09,1.32,0.0
ATOM,1527.0,HG2,LYS,103.0,15.213,-5.524,-19.108,0.09,1.32,0.0
ATOM,1528.0,HG3,LYS,103.0,16.701,-5.372,-18.453,0.09,1.32,0.19
ATOM,1529.0,HD2,LYS,103.0,17.216,-7.572,-19.313,0.09,1.32,8.5
ATOM,1530.0,HD3,LYS,103.0,15.792,-7.532,-20.112,0.09,1.32,3.12
ATOM,1531.0,HE2,LYS,103.0,17.978,-5.711,-20.538,0.05,1.32,6.38
ATOM,1532.0,HE3,LYS,103.0,17.569,-6.924,-21.551,0.05,1.32,12.11
ATOM,1533.0,HZ1,LYS,103.0,15.558,-5.029,-20.992,0.33,0.2245,0.0
ATOM,1534.0,HZ2,LYS,103.0,16.782,-4.541,-21.957,0.33,0.2245,20.21
ATOM,1535.0,HZ3,LYS,103.0,15.861,-5.819,-22.388,0.33,0.2245,8.69
ATOM,1536.0,N,VAL,104.0,13.868,-3.716,-16.636,-0.47,1.85,0.0
ATOM,1537.0,CA,VAL,104.0,12.75,-2.878,-17.038,0.07,2.275,0.0
ATOM,1538.0,C,VAL,104.0,12.997,-2.48,-18.485,0.51,2.0,0.0
ATOM,1539.0,O,VAL,104.0,14.024,-1.884,-18.797,-0.51,1.7,1.12
ATOM,1540.0,CB,VAL,104.0,12.664,-1.612,-16.163,-0.09,2.275,0.0
ATOM,1541.0,CG1,VAL,104.0,11.459,-0.769,-16.571,-0.27,2.06,0.0
ATOM,1542.0,CG2,VAL,104.0,12.551,-2.014,-14.693,-0.27,2.06,0.0
ATOM,1543.0,H,VAL,104.0,14.745,-3.346,-16.224,0.31,0.2245,0.0
ATOM,1544.0,HA,VAL,104.0,11.921,-3.422,-17.005,0.09,1.32,0.0
ATOM,1545.0,HB,VAL,104.0,13.474,-1.065,-16.341,0.09,1.32,0.0
ATOM,1546.0,HG11,VAL,104.0,10.625,-1.309,-16.464,0.09,1.32,0.0
ATOM,1547.0,HG12,VAL,104.0,11.409,0.042,-15.99,0.09,1.32,0.0
ATOM,1548.0,HG13,VAL,104.0,11.557,-0.49,-17.526,0.09,1.32,0.0
ATOM,1549.0,HG21,VAL,104.0,12.357,-2.992,-14.636,0.09,1.32,0.0
ATOM,1550.0,HG22,VAL,104.0,13.414,-1.812,-14.232,0.09,1.32,0.0
ATOM,1551.0,HG23,VAL,104.0,11.81,-1.496,-14.268,0.09,1.32,0.0
ATOM,1552.0,N,GLU,105.0,12.067,-2.827,-19.369,-0.47,1.85,0.0
ATOM,1553.0,CA,GLU,105.0,12.23,-2.496,-20.781,0.07,2.275,0.0
ATOM,1554.0,C,GLU,105.0,10.965,-1.914,-21.408,0.51,2.0,0.0
ATOM,1555.0,O,GLU,105.0,9.853,-2.146,-20.933,-0.51,1.7,0.0
ATOM,1556.0,CB,GLU,105.0,12.705,-3.731,-21.558,-0.18,2.175,4.37
ATOM,1557.0,CG,GLU,105.0,11.764,-4.916,-21.53,-0.28,2.175,0.43
ATOM,1558.0,CD,GLU,105.0,12.387,-6.169,-22.14,0.62,2.0,3.24
ATOM,1559.0,OE1,GLU,105.0,11.629,-7.042,-22.606,-0.76,1.7,30.38
ATOM,1560.0,OE2,GLU,105.0,13.632,-6.289,-22.146,-0.76,1.7,11.47
ATOM,1561.0,H,GLU,105.0,11.255,-3.329,-18.985,0.31,0.2245,0.0
ATOM,1562.0,HA,GLU,105.0,12.991,-1.832,-20.887,0.09,1.32,0.01
ATOM,1563.0,HB2,GLU,105.0,12.821,-3.459,-22.503,0.09,1.32,5.14
ATOM,1564.0,HB3,GLU,105.0,13.565,-4.018,-21.161,0.09,1.32,0.0
ATOM,1565.0,HG2,GLU,105.0,11.548,-5.123,-20.596,0.09,1.32,0.0
ATOM,1566.0,HG3,GLU,105.0,10.968,-4.699,-22.061,0.09,1.32,0.51
ATOM,1567.0,N,ILE,106.0,11.149,-1.153,-22.481,-0.47,1.85,0.0
ATOM,1568.0,CA,ILE,106.0,10.039,-0.497,-23.161,0.07,2.275,0.0
ATOM,1569.0,C,ILE,106.0,9.001,-1.441,-23.753,0.51,2.0,0.0
ATOM,1570.0,O,ILE,106.0,9.325,-2.525,-24.243,-0.51,1.7,14.56
ATOM,1571.0,CB,ILE,106.0,10.55,0.438,-24.283,-0.09,2.275,0.14
ATOM,1572.0,CG1,ILE,106.0,9.399,1.308,-24.796,-0.18,2.175,0.47
ATOM,1573.0,CG2,ILE,106.0,11.136,-0.384,-25.423,-0.27,2.06,30.92
ATOM,1574.0,CD1,ILE,106.0,9.824,2.338,-25.819,-0.27,2.06,31.03
ATOM,1575.0,H,ILE,106.0,12.139,-1.067,-22.789,0.31,0.2245,2.28
ATOM,1576.0,HA,ILE,106.0,9.558,0.053,-22.45,0.09,1.32,0.0
ATOM,1577.0,HB,ILE,106.0,11.238,1.034,-23.892,0.09,1.32,0.0
ATOM,1578.0,HG12,ILE,106.0,8.71,0.711,-25.202,0.09,1.32,0.45
ATOM,1579.0,HG13,ILE,106.0,8.993,1.78,-24.014,0.09,1.32,0.0
ATOM,1580.0,HG21,ILE,106.0,11.48,0.228,-26.133,0.09,1.32,5.6
ATOM,1581.0,HG22,ILE,106.0,11.885,-0.947,-25.077,0.09,1.32,4.84
ATOM,1582.0,HG23,ILE,106.0,10.427,-0.973,-25.807,0.09,1.32,4.23
ATOM,1583.0,HD11,ILE,106.0,10.223,1.875,-26.609,0.09,1.32,5.58
ATOM,1584.0,HD12,ILE,106.0,9.027,2.867,-26.108,0.09,1.32,6.89
ATOM,1585.0,HD13,ILE,106.0,10.501,2.949,-25.412,0.09,1.32,2.29
ATOM,1586.0,N,LYS,107.0,7.748,-0.999,-23.693,-0.47,1.85,0.0
ATOM,1587.0,CA,LYS,107.0,6.603,-1.739,-24.206,0.07,2.275,2.73
ATOM,1588.0,C,LYS,107.0,5.81,-0.807,-25.124,0.34,2.0,3.21
ATOM,1589.0,O,LYS,107.0,6.111,0.409,-25.118,-0.67,1.7,11.27
ATOM,1590.0,CB,LYS,107.0,5.727,-2.204,-23.034,-0.18,2.175,0.28
ATOM,1591.0,CG,LYS,107.0,4.364,-2.756,-23.418,-0.18,2.175,8.46
ATOM,1592.0,CD,LYS,107.0,3.685,-3.461,-22.246,-0.18,2.175,16.68
ATOM,1593.0,CE,LYS,107.0,3.407,-2.525,-21.076,0.21,2.175,2.13
ATOM,1594.0,NZ,LYS,107.0,2.416,-1.468,-21.406,-0.3,1.85,5.0
ATOM,1595.0,OXT,LYS,107.0,4.901,-1.292,-25.834,-0.67,1.7,34.34
ATOM,1596.0,H,LYS,107.0,7.653,-0.054,-23.236,0.31,0.2245,0.0
ATOM,1597.0,HA,LYS,107.0,6.925,-2.514,-24.741,0.09,1.32,7.47
ATOM,1598.0,HB2,LYS,107.0,6.228,-2.918,-22.538,0.09,1.32,0.0
ATOM,1599.0,HB3,LYS,107.0,5.589,-1.42,-22.422,0.09,1.32,0.0
ATOM,1600.0,HG2,LYS,107.0,3.778,-2.002,-23.721,0.09,1.32,1.17
ATOM,1601.0,HG3,LYS,107.0,4.473,-3.411,-24.167,0.09,1.32,9.25
ATOM,1602.0,HD2,LYS,107.0,2.816,-3.841,-22.561,0.09,1.32,10.83
ATOM,1603.0,HD3,LYS,107.0,4.279,-4.199,-21.928,0.09,1.32,0.13
ATOM,1604.0,HE2,LYS,107.0,3.064,-3.07,-20.301,0.05,1.32,9.45
ATOM,1605.0,HE3,LYS,107.0,4.273,-2.091,-20.796,0.05,1.32,0.0
ATOM,1606.0,HZ1,LYS,107.0,2.528,-0.699,-20.777,0.33,0.2245,0.03
ATOM,1607.0,HZ2,LYS,107.0,2.562,-1.156,-22.345,0.33,0.2245,2.51
ATOM,1608.0,HZ3,LYS,107.0,1.492,-1.839,-21.317,0.33,0.2245,17.07
