atom,serial,name,resname,resid,x,y,z,charges,radius,sasa
ATOM,1.0,N,MET,4.0,44.056,-5.833,-10.189,-0.3,1.85,13.17
ATOM,2.0,CA,MET,4.0,44.519,-4.714,-9.307,0.21,2.275,1.56
ATOM,3.0,C,MET,4.0,44.493,-5.167,-7.847,0.51,2.0,0.0
ATOM,4.0,O,MET,4.0,43.432,-5.201,-7.225,-0.51,1.7,21.38
ATOM,5.0,CB,MET,4.0,43.614,-3.504,-9.493,-0.18,2.175,8.75
ATOM,6.0,CG,MET,4.0,44.163,-2.249,-8.891,-0.14,2.175,3.17
ATOM,7.0,SD,MET,4.0,45.605,-1.553,-9.712,-0.09,2.0,7.85
ATOM,8.0,CE,MET,4.0,45.741,-0.211,-8.548,-0.22,2.06,0.55
ATOM,9.0,H,MET,4.0,43.126,-5.644,-10.489,0.33,0.2245,14.85
ATOM,10.0,HA,MET,4.0,45.461,-4.507,-9.558,0.1,1.32,2.28
ATOM,11.0,HB2,MET,4.0,43.469,-3.357,-10.482,0.09,1.32,5.4
ATOM,12.0,HB3,MET,4.0,42.717,-3.703,-9.074,0.09,1.32,8.06
ATOM,13.0,HG2,MET,4.0,43.397,-1.541,-8.846,0.09,1.32,2.85
ATOM,14.0,HG3,MET,4.0,44.373,-2.429,-7.884,0.09,1.32,0.0
ATOM,15.0,HE1,MET,4.0,44.915,-0.167,-7.981,0.09,1.32,0.29
ATOM,16.0,HE2,MET,4.0,46.537,-0.353,-7.956,0.09,1.32,0.0
ATOM,17.0,HE3,MET,4.0,45.849,0.656,-9.039,0.09,1.32,0.0
ATOM,18.0,H2,MET,4.0,44.662,-5.895,-10.977,0.33,0.2245,20.12
ATOM,19.0,H3,MET,4.0,44.081,-6.683,-9.672,0.33,0.2245,13.19
ATOM,20.0,N,LYS,5.0,45.667,-5.473,-7.303,-0.47,1.85,0.0
ATOM,21.0,CA,LYS,5.0,45.776,-6.23,-6.047,0.07,2.275,0.61
ATOM,22.0,C,LYS,5.0,45.32,-5.448,-4.803,0.51,2.0,0.0
ATOM,23.0,O,LYS,5.0,44.705,-6.016,-3.898,-0.51,1.7,17.08
ATOM,24.0,CB,LYS,5.0,47.217,-6.736,-5.866,-0.18,2.175,1.8
ATOM,25.0,CG,LYS,5.0,47.711,-7.664,-6.999,-0.18,2.175,5.92
ATOM,26.0,CD,LYS,5.0,49.238,-7.686,-7.125,-0.18,2.175,0.37
ATOM,27.0,CE,LYS,5.0,49.701,-8.437,-8.37,0.21,2.175,0.91
ATOM,28.0,NZ,LYS,5.0,49.434,-9.913,-8.3,-0.3,1.85,11.93
ATOM,29.0,H,LYS,5.0,46.496,-5.136,-7.834,0.31,0.2245,1.08
ATOM,30.0,HA,LYS,5.0,45.205,-7.068,-6.124,0.09,1.32,9.35
ATOM,31.0,HB2,LYS,5.0,47.825,-5.948,-5.831,0.09,1.32,0.0
ATOM,32.0,HB3,LYS,5.0,47.266,-7.245,-5.011,0.09,1.32,5.56
ATOM,33.0,HG2,LYS,5.0,47.388,-8.594,-6.812,0.09,1.32,7.82
ATOM,34.0,HG3,LYS,5.0,47.319,-7.347,-7.864,0.09,1.32,1.46
ATOM,35.0,HD2,LYS,5.0,49.566,-6.747,-7.18,0.09,1.32,0.0
ATOM,36.0,HD3,LYS,5.0,49.618,-8.137,-6.323,0.09,1.32,8.12
ATOM,37.0,HE2,LYS,5.0,49.226,-8.059,-9.174,0.05,1.32,2.57
ATOM,38.0,HE3,LYS,5.0,50.69,-8.292,-8.489,0.05,1.32,0.05
ATOM,39.0,HZ1,LYS,5.0,49.427,-10.197,-7.344,0.33,0.2245,14.65
ATOM,40.0,HZ2,LYS,5.0,48.549,-10.103,-8.718,0.33,0.2245,15.79
ATOM,41.0,HZ3,LYS,5.0,50.153,-10.397,-8.793,0.33,0.2245,14.72
ATOM,42.0,N,TYR,6.0,45.609,-4.151,-4.768,-0.47,1.85,0.0
ATOM,43.0,CA,TYR,6.0,45.298,-3.318,-3.608,0.07,2.275,0.33
ATOM,44.0,C,TYR,6.0,44.534,-2.084,-4.034,0.51,2.0,0.84
ATOM,45.0,O,TYR,6.0,44.777,-1.558,-5.112,-0.51,1.7,0.21
ATOM,46.0,CB,TYR,6.0,46.591,-2.886,-2.918,-0.18,2.175,0.0
ATOM,47.0,CG,TYR,6.0,47.416,-4.034,-2.418,0.0,1.9924,0.0
ATOM,48.0,CD1,TYR,6.0,47.069,-4.702,-1.254,-0.115,1.9924,0.03
ATOM,49.0,CD2,TYR,6.0,48.536,-4.466,-3.114,-0.115,1.9924,0.0
ATOM,50.0,CE1,TYR,6.0,47.821,-5.77,-0.79,-0.115,1.9924,6.59
ATOM,51.0,CE2,TYR,6.0,49.293,-5.525,-2.663,-0.115,1.9924,0.57
ATOM,52.0,CZ,TYR,6.0,48.937,-6.174,-1.502,0.11,1.9924,0.75
ATOM,53.0,OH,TYR,6.0,49.714,-7.226,-1.056,-0.54,1.77,23.13
ATOM,54.0,H,TYR,6.0,46.07,-3.784,-5.626,0.31,0.2245,0.0
ATOM,55.0,HA,TYR,6.0,44.717,-3.853,-2.985,0.09,1.32,0.0
ATOM,56.0,HB2,TYR,6.0,47.134,-2.366,-3.573,0.09,1.32,0.0
ATOM,57.0,HB3,TYR,6.0,46.35,-2.308,-2.142,0.09,1.32,0.0
ATOM,58.0,HD1,TYR,6.0,46.261,-4.41,-0.736,0.115,1.3582,0.0
ATOM,59.0,HD2,TYR,6.0,48.796,-3.998,-3.961,0.115,1.3582,0.0
ATOM,60.0,HE1,TYR,6.0,47.559,-6.245,0.05,0.115,1.3582,3.82
ATOM,61.0,HE2,TYR,6.0,50.101,-5.823,-3.178,0.115,1.3582,3.28
ATOM,62.0,HH,TYR,6.0,49.313,-7.595,-0.221,0.43,0.2245,0.0
ATOM,63.0,N,HIS,7.0,43.64,-1.61,-3.168,-0.47,1.85,0.94
ATOM,64.0,CA,HIS,7.0,42.868,-0.39,-3.419,0.07,2.275,1.77
ATOM,65.0,C,HIS,7.0,43.554,0.841,-2.832,0.51,2.0,0.0
ATOM,66.0,O,HIS,7.0,43.557,1.906,-3.448,-0.51,1.7,0.0
ATOM,67.0,CB,HIS,7.0,41.451,-0.498,-2.837,-0.09,2.175,6.31
ATOM,68.0,CG,HIS,7.0,40.595,0.704,-3.1,-0.05,1.8,0.68
ATOM,69.0,ND1,HIS,7.0,40.307,1.645,-2.133,-0.36,1.85,5.04
ATOM,70.0,CD2,HIS,7.0,39.955,1.114,-4.221,0.22,1.8,12.66
ATOM,71.0,CE1,HIS,7.0,39.544,2.591,-2.654,0.25,1.8,12.15
ATOM,72.0,NE2,HIS,7.0,39.305,2.287,-3.917,-0.7,1.85,16.94
ATOM,73.0,H,HIS,7.0,43.536,-2.178,-2.299,0.31,0.2245,0.0
ATOM,74.0,HA,HIS,7.0,42.792,-0.264,-4.417,0.09,1.32,1.96
ATOM,75.0,HB2,HIS,7.0,40.997,-1.303,-3.234,0.09,1.32,9.09
ATOM,76.0,HB3,HIS,7.0,41.518,-0.627,-1.842,0.09,1.32,0.06
ATOM,77.0,HD1,HIS,7.0,40.627,1.614,-1.186,0.32,0.2245,0.08
ATOM,78.0,HD2,HIS,7.0,39.954,0.652,-5.104,0.1,1.468,11.83
ATOM,79.0,HE1,HIS,7.0,39.206,3.397,-2.176,0.13,0.9,2.32
ATOM,80.0,N,ASP,8.0,44.118,0.673,-1.639,-0.47,1.85,0.0
ATOM,81.0,CA,ASP,8.0,44.658,1.768,-0.844,0.07,2.275,0.0
ATOM,82.0,C,ASP,8.0,46.149,1.585,-0.601,0.51,2.0,0.0
ATOM,83.0,O,ASP,8.0,46.617,0.478,-0.343,-0.51,1.7,0.0
ATOM,84.0,CB,ASP,8.0,43.905,1.847,0.479,-0.28,2.175,0.0
ATOM,85.0,CG,ASP,8.0,42.464,2.246,0.292,0.62,2.0,0.0
ATOM,86.0,OD1,ASP,8.0,42.223,3.127,-0.559,-0.76,1.7,0.0
ATOM,87.0,OD2,ASP,8.0,41.578,1.691,0.979,-0.76,1.7,0.96
ATOM,88.0,H,ASP,8.0,44.141,-0.327,-1.316,0.31,0.2245,0.0
ATOM,89.0,HA,ASP,8.0,44.548,2.612,-1.384,0.09,1.32,0.0
ATOM,90.0,HB2,ASP,8.0,43.939,0.951,0.906,0.09,1.32,0.0
ATOM,91.0,HB3,ASP,8.0,44.356,2.522,1.05,0.09,1.32,0.0
ATOM,92.0,N,TYR,9.0,46.877,2.689,-0.693,-0.47,1.85,0.0
ATOM,93.0,CA,TYR,9.0,48.323,2.7,-0.65,0.07,2.275,0.0
ATOM,94.0,C,TYR,9.0,48.733,3.721,0.401,0.51,2.0,0.0
ATOM,95.0,O,TYR,9.0,48.413,4.899,0.267,-0.51,1.7,0.0
ATOM,96.0,CB,TYR,9.0,48.881,3.06,-2.042,-0.18,2.175,0.0
ATOM,97.0,CG,TYR,9.0,48.548,2.0,-3.068,0.0,1.9924,0.0
ATOM,98.0,CD1,TYR,9.0,49.456,1.005,-3.382,-0.115,1.9924,0.0
ATOM,99.0,CD2,TYR,9.0,47.294,1.95,-3.671,-0.115,1.9924,0.0
ATOM,100.0,CE1,TYR,9.0,49.16,0.017,-4.29,-0.115,1.9924,0.0
ATOM,101.0,CE2,TYR,9.0,46.981,0.948,-4.577,-0.115,1.9924,0.0
ATOM,102.0,CZ,TYR,9.0,47.923,-0.01,-4.881,0.11,1.9924,0.0
ATOM,103.0,OH,TYR,9.0,47.61,-1.028,-5.782,-0.54,1.77,0.65
ATOM,104.0,H,TYR,9.0,46.303,3.567,-0.801,0.31,0.2245,0.0
ATOM,105.0,HA,TYR,9.0,48.643,1.806,-0.355,0.09,1.32,0.0
ATOM,106.0,HB2,TYR,9.0,48.473,3.912,-2.325,0.09,1.32,0.0
ATOM,107.0,HB3,TYR,9.0,49.862,3.131,-1.97,0.09,1.32,0.0
ATOM,108.0,HD1,TYR,9.0,50.36,1.005,-2.932,0.115,1.3582,0.0
ATOM,109.0,HD2,TYR,9.0,46.613,2.643,-3.447,0.115,1.3582,0.0
ATOM,110.0,HE1,TYR,9.0,49.846,-0.682,-4.518,0.115,1.3582,0.0
ATOM,111.0,HE2,TYR,9.0,46.078,0.923,-5.006,0.115,1.3582,0.0
ATOM,112.0,HH,TYR,9.0,46.667,-1.309,-5.63,0.43,0.2245,0.0
ATOM,113.0,N,ILE,10.0,49.384,3.255,1.462,-0.47,1.85,0.0
ATOM,114.0,CA,ILE,10.0,49.834,4.13,2.526,0.07,2.275,0.0
ATOM,115.0,C,ILE,10.0,51.343,4.277,2.382,0.51,2.0,0.0
ATOM,116.0,O,ILE,10.0,52.096,3.329,2.622,-0.51,1.7,0.3
ATOM,117.0,CB,ILE,10.0,49.471,3.594,3.918,-0.09,2.275,0.0
ATOM,118.0,CG1,ILE,10.0,47.956,3.404,4.051,-0.18,2.175,0.0
ATOM,119.0,CG2,ILE,10.0,49.966,4.58,4.98,-0.27,2.06,0.0
ATOM,120.0,CD1,ILE,10.0,47.534,2.816,5.387,-0.27,2.06,0.0
ATOM,121.0,H,ILE,10.0,49.537,2.226,1.458,0.31,0.2245,0.0
ATOM,122.0,HA,ILE,10.0,49.444,5.025,2.343,0.09,1.32,0.0
ATOM,123.0,HB,ILE,10.0,49.902,2.703,4.029,0.09,1.32,0.0
ATOM,124.0,HG12,ILE,10.0,47.515,4.29,3.934,0.09,1.32,0.0
ATOM,125.0,HG13,ILE,10.0,47.653,2.792,3.324,0.09,1.32,0.0
ATOM,126.0,HG21,ILE,10.0,49.756,4.221,5.886,0.09,1.32,0.0
ATOM,127.0,HG22,ILE,10.0,50.952,4.697,4.886,0.09,1.32,0.35
ATOM,128.0,HG23,ILE,10.0,49.51,5.457,4.852,0.09,1.32,0.0
ATOM,129.0,HD11,ILE,10.0,47.827,3.426,6.121,0.09,1.32,0.0
ATOM,130.0,HD12,ILE,10.0,46.541,2.72,5.404,0.09,1.32,0.0
ATOM,131.0,HD13,ILE,10.0,47.961,1.921,5.501,0.09,1.32,0.0
ATOM,132.0,N,TRP,11.0,51.763,5.475,2.008,-0.47,1.85,0.0
ATOM,133.0,CA,TRP,11.0,53.131,5.759,1.626,0.07,2.275,0.0
ATOM,134.0,C,TRP,11.0,53.941,6.41,2.729,0.51,2.0,1.11
ATOM,135.0,O,TRP,11.0,53.407,7.065,3.627,-0.51,1.7,0.93
ATOM,136.0,CB,TRP,11.0,53.148,6.716,0.435,-0.18,2.175,0.0
ATOM,137.0,CG,TRP,11.0,52.511,6.186,-0.817,-0.03,1.9924,0.0
ATOM,138.0,CD1,TRP,11.0,51.232,6.395,-1.238,0.035,1.9924,0.0
ATOM,139.0,CD2,TRP,11.0,53.149,5.405,-1.829,-0.02,1.8,0.0
ATOM,140.0,NE1,TRP,11.0,51.029,5.782,-2.441,-0.61,1.85,0.0
ATOM,141.0,CE2,TRP,11.0,52.183,5.156,-2.823,0.13,1.8,0.0
ATOM,142.0,CE3,TRP,11.0,54.436,4.88,-1.987,-0.115,1.9924,0.0
ATOM,143.0,CZ2,TRP,11.0,52.466,4.422,-3.977,-0.115,1.9924,0.0
ATOM,144.0,CZ3,TRP,11.0,54.711,4.136,-3.133,-0.115,1.9924,0.0
ATOM,145.0,CH2,TRP,11.0,53.725,3.917,-4.108,-0.115,1.9924,0.25
ATOM,146.0,H,TRP,11.0,51.009,6.211,2.012,0.31,0.2245,0.0
ATOM,147.0,HA,TRP,11.0,53.579,4.874,1.4,0.09,1.32,0.0
ATOM,148.0,HB2,TRP,11.0,52.658,7.55,0.683,0.09,1.32,0.0
ATOM,149.0,HB3,TRP,11.0,54.096,6.937,0.211,0.09,1.32,0.0
ATOM,150.0,HD1,TRP,11.0,50.543,6.92,-0.738,0.115,1.3582,0.0
ATOM,151.0,HE1,TRP,11.0,50.174,5.787,-2.964,0.38,0.2245,0.0
ATOM,152.0,HE3,TRP,11.0,55.143,5.029,-1.306,0.115,1.3582,0.0
ATOM,153.0,HZ2,TRP,11.0,51.754,4.282,-4.672,0.115,1.3582,0.0
ATOM,154.0,HZ3,TRP,11.0,55.621,3.757,-3.255,0.115,1.3582,0.0
ATOM,155.0,HH2,TRP,11.0,53.967,3.374,-4.916,0.115,1.3582,0.0
ATOM,156.0,N,ASP,12.0,55.233,6.208,2.587,-0.47,1.85,0.06
ATOM,157.0,CA,ASP,12.0,56.303,6.866,3.31,0.07,2.275,0.08
ATOM,158.0,C,ASP,12.0,56.9,7.905,2.349,0.51,2.0,0.0
ATOM,159.0,O,ASP,12.0,56.92,7.686,1.143,-0.51,1.7,0.0
ATOM,160.0,CB,ASP,12.0,57.294,5.76,3.702,-0.28,2.175,0.0
ATOM,161.0,CG,ASP,12.0,58.637,6.252,4.175,0.62,2.0,0.0
ATOM,162.0,OD1,ASP,12.0,58.704,7.066,5.107,-0.76,1.7,12.89
ATOM,163.0,OD2,ASP,12.0,59.639,5.693,3.662,-0.76,1.7,0.0
ATOM,164.0,H,ASP,12.0,55.45,5.462,1.838,0.31,0.2245,0.0
ATOM,165.0,HA,ASP,12.0,55.898,7.371,4.059,0.09,1.32,0.0
ATOM,166.0,HB2,ASP,12.0,56.869,5.22,4.433,0.09,1.32,1.36
ATOM,167.0,HB3,ASP,12.0,57.426,5.174,2.899,0.09,1.32,0.0
ATOM,168.0,N,LEU,13.0,57.375,9.034,2.869,-0.47,1.85,0.0
ATOM,169.0,CA,LEU,13.0,57.919,10.093,2.033,0.07,2.275,0.0
ATOM,170.0,C,LEU,13.0,59.417,9.867,1.803,0.51,2.0,0.0
ATOM,171.0,O,LEU,13.0,59.812,9.358,0.774,-0.51,1.7,0.0
ATOM,172.0,CB,LEU,13.0,57.634,11.467,2.652,-0.18,2.175,0.0
ATOM,173.0,CG,LEU,13.0,58.072,12.685,1.827,-0.09,2.275,0.0
ATOM,174.0,CD1,LEU,13.0,57.372,12.724,0.466,-0.27,2.06,0.0
ATOM,175.0,CD2,LEU,13.0,57.801,13.96,2.611,-0.27,2.06,3.39
ATOM,176.0,H,LEU,13.0,57.323,9.09,3.906,0.31,0.2245,1.09
ATOM,177.0,HA,LEU,13.0,57.459,10.072,1.142,0.09,1.32,0.0
ATOM,178.0,HB2,LEU,13.0,56.651,11.542,2.79,0.09,1.32,0.0
ATOM,179.0,HB3,LEU,13.0,58.109,11.514,3.524,0.09,1.32,2.19
ATOM,180.0,HG,LEU,13.0,59.063,12.642,1.686,0.09,1.32,0.0
ATOM,181.0,HD11,LEU,13.0,56.384,12.773,0.605,0.09,1.32,0.0
ATOM,182.0,HD12,LEU,13.0,57.681,13.527,-0.041,0.09,1.32,0.03
ATOM,183.0,HD13,LEU,13.0,57.599,11.896,-0.045,0.09,1.32,0.0
ATOM,184.0,HD21,LEU,13.0,58.314,13.94,3.47,0.09,1.32,4.8
ATOM,185.0,HD22,LEU,13.0,58.087,14.753,2.071,0.09,1.32,0.0
ATOM,186.0,HD23,LEU,13.0,56.823,14.029,2.81,0.09,1.32,0.0
ATOM,187.0,N,GLY,14.0,60.247,10.207,2.782,-0.47,1.85,0.23
ATOM,188.0,CA,GLY,14.0,61.694,10.104,2.617,-0.02,2.175,6.71
ATOM,189.0,C,GLY,14.0,62.127,8.678,2.363,0.51,2.0,1.41
ATOM,190.0,O,GLY,14.0,61.759,7.773,3.111,-0.51,1.7,6.97
ATOM,191.0,H,GLY,14.0,59.791,10.542,3.649,0.31,0.2245,7.66
ATOM,192.0,HA2,GLY,14.0,61.982,10.688,1.844,0.09,1.32,0.0
ATOM,193.0,HA3,GLY,14.0,62.149,10.452,3.45,0.09,1.32,9.55
ATOM,194.0,N,GLY,15.0,62.911,8.471,1.312,-0.47,1.85,0.0
ATOM,195.0,CA,GLY,15.0,63.44,7.152,0.984,-0.02,2.175,2.71
ATOM,196.0,C,GLY,15.0,62.511,6.25,0.181,0.51,2.0,0.0
ATOM,197.0,O,GLY,15.0,62.912,5.153,-0.22,-0.51,1.7,4.43
ATOM,198.0,H,GLY,15.0,63.114,9.323,0.747,0.31,0.2245,0.0
ATOM,199.0,HA2,GLY,15.0,64.32,7.265,0.467,0.09,1.32,0.48
ATOM,200.0,HA3,GLY,15.0,63.698,6.671,1.854,0.09,1.32,0.06
ATOM,201.0,N,THR,16.0,61.284,6.711,-0.068,-0.47,1.85,0.0
ATOM,202.0,CA,THR,16.0,60.291,5.932,-0.807,0.07,2.275,0.0
ATOM,203.0,C,THR,16.0,59.762,6.769,-1.974,0.51,2.0,0.0
ATOM,204.0,O,THR,16.0,59.979,6.426,-3.131,-0.51,1.7,0.0
ATOM,205.0,CB,THR,16.0,59.17,5.463,0.133,0.14,2.275,0.0
ATOM,206.0,OG1,THR,16.0,59.735,4.596,1.133,-0.66,1.77,0.0
ATOM,207.0,CG2,THR,16.0,58.106,4.721,-0.616,-0.27,2.06,0.0
ATOM,208.0,H,THR,16.0,61.097,7.665,0.306,0.31,0.2245,0.0
ATOM,209.0,HA,THR,16.0,60.735,5.119,-1.18,0.09,1.32,0.0
ATOM,210.0,HB,THR,16.0,58.773,6.272,0.605,0.09,1.32,0.0
ATOM,211.0,HG21,THR,16.0,58.515,4.156,-1.341,0.09,1.32,0.0
ATOM,212.0,HG22,THR,16.0,57.593,4.119,0.006,0.09,1.32,0.0
ATOM,213.0,HG23,THR,16.0,57.46,5.366,-1.041,0.09,1.32,0.0
ATOM,214.0,HG1,THR,16.0,59.649,5.014,2.042,0.43,0.2245,0.0
ATOM,215.0,N,LEU,17.0,59.085,7.875,-1.681,-0.47,1.85,0.0
ATOM,216.0,CA,LEU,17.0,58.654,8.801,-2.739,0.07,2.275,0.0
ATOM,217.0,C,LEU,17.0,59.687,9.893,-2.997,0.51,2.0,0.0
ATOM,218.0,O,LEU,17.0,59.943,10.255,-4.141,-0.51,1.7,0.0
ATOM,219.0,CB,LEU,17.0,57.321,9.435,-2.369,-0.18,2.175,0.0
ATOM,220.0,CG,LEU,17.0,56.15,8.465,-2.248,-0.09,2.275,0.0
ATOM,221.0,CD1,LEU,17.0,54.938,9.238,-1.838,-0.27,2.06,0.0
ATOM,222.0,CD2,LEU,17.0,55.899,7.72,-3.55,-0.27,2.06,0.5
ATOM,223.0,H,LEU,17.0,58.893,8.026,-0.679,0.31,0.2245,0.0
ATOM,224.0,HA,LEU,17.0,58.528,8.272,-3.589,0.09,1.32,0.0
ATOM,225.0,HB2,LEU,17.0,57.427,9.884,-1.488,0.09,1.32,0.0
ATOM,226.0,HB3,LEU,17.0,57.088,10.096,-3.072,0.09,1.32,0.0
ATOM,227.0,HG,LEU,17.0,56.37,7.782,-1.56,0.09,1.32,0.0
ATOM,228.0,HD11,LEU,17.0,54.725,9.941,-2.524,0.09,1.32,0.0
ATOM,229.0,HD12,LEU,17.0,54.147,8.624,-1.75,0.09,1.32,0.0
ATOM,230.0,HD13,LEU,17.0,55.096,9.689,-0.954,0.09,1.32,0.0
ATOM,231.0,HD21,LEU,17.0,56.715,7.197,-3.8,0.09,1.32,0.0
ATOM,232.0,HD22,LEU,17.0,55.126,7.094,-3.434,0.09,1.32,0.0
ATOM,233.0,HD23,LEU,17.0,55.69,8.376,-4.276,0.09,1.32,0.0
ATOM,234.0,N,LEU,18.0,60.257,10.415,-1.915,-0.47,1.85,0.0
ATOM,235.0,CA,LEU,18.0,61.214,11.523,-1.975,0.07,2.275,0.0
ATOM,236.0,C,LEU,18.0,62.63,10.993,-1.815,0.51,2.0,0.0
ATOM,237.0,O,LEU,18.0,62.925,10.308,-0.835,-0.51,1.7,0.0
ATOM,238.0,CB,LEU,18.0,60.916,12.516,-0.859,-0.18,2.175,0.0
ATOM,239.0,CG,LEU,18.0,61.813,13.753,-0.788,-0.09,2.275,0.0
ATOM,240.0,CD1,LEU,18.0,61.48,14.71,-1.915,-0.27,2.06,0.0
ATOM,241.0,CD2,LEU,18.0,61.662,14.404,0.569,-0.27,2.06,8.6
ATOM,242.0,H,LEU,18.0,59.965,9.968,-1.015,0.31,0.2245,0.0
ATOM,243.0,HA,LEU,18.0,61.136,11.962,-2.872,0.09,1.32,0.0
ATOM,244.0,HB2,LEU,18.0,59.978,12.838,-0.975,0.09,1.32,0.0
ATOM,245.0,HB3,LEU,18.0,61.003,12.037,0.012,0.09,1.32,0.0
ATOM,246.0,HG,LEU,18.0,62.767,13.465,-0.864,0.09,1.32,0.0
ATOM,247.0,HD11,LEU,18.0,60.524,14.998,-1.842,0.09,1.32,0.0
ATOM,248.0,HD12,LEU,18.0,62.072,15.516,-1.86,0.09,1.32,0.0
ATOM,249.0,HD13,LEU,18.0,61.622,14.256,-2.796,0.09,1.32,0.0
ATOM,250.0,HD21,LEU,18.0,61.929,13.758,1.287,0.09,1.32,0.97
ATOM,251.0,HD22,LEU,18.0,62.247,15.216,0.623,0.09,1.32,0.09
ATOM,252.0,HD23,LEU,18.0,60.708,14.676,0.71,0.09,1.32,0.0
ATOM,253.0,N,ASP,19.0,63.493,11.305,-2.785,-0.47,1.85,0.0
ATOM,254.0,CA,ASP,19.0,64.906,10.941,-2.708,0.07,2.275,0.0
ATOM,255.0,C,ASP,19.0,65.637,12.033,-1.916,0.51,2.0,0.0
ATOM,256.0,O,ASP,19.0,66.406,12.829,-2.465,-0.51,1.7,0.0
ATOM,257.0,CB,ASP,19.0,65.471,10.772,-4.119,-0.28,2.175,0.0
ATOM,258.0,CG,ASP,19.0,66.826,10.08,-4.145,0.62,2.0,0.0
ATOM,259.0,OD1,ASP,19.0,67.413,9.859,-3.066,-0.76,1.7,0.0
ATOM,260.0,OD2,ASP,19.0,67.287,9.765,-5.265,-0.76,1.7,17.05
ATOM,261.0,H,ASP,19.0,63.077,11.821,-3.585,0.31,0.2245,0.0
ATOM,262.0,HA,ASP,19.0,64.97,10.104,-2.173,0.09,1.32,0.01
ATOM,263.0,HB2,ASP,19.0,64.826,10.227,-4.646,0.09,1.32,0.0
ATOM,264.0,HB3,ASP,19.0,65.568,11.676,-4.523,0.09,1.32,0.0
ATOM,265.0,N,ASN,20.0,65.386,12.072,-0.611,-0.47,1.85,0.0
ATOM,266.0,CA,ASN,20.0,66.021,13.078,0.231,0.07,2.275,0.0
ATOM,267.0,C,ASN,20.0,67.532,12.896,0.284,0.51,2.0,0.0
ATOM,268.0,O,ASN,20.0,68.262,13.876,0.459,-0.51,1.7,0.17
ATOM,269.0,CB,ASN,20.0,65.444,13.076,1.646,-0.18,2.175,10.08
ATOM,270.0,CG,ASN,20.0,65.559,11.737,2.315,0.55,2.0,1.3
ATOM,271.0,H,ASN,20.0,64.731,11.358,-0.264,0.31,0.2245,0.0
ATOM,272.0,HA,ASN,20.0,65.847,13.976,-0.195,0.09,1.32,0.0
ATOM,273.0,HB2,ASN,20.0,65.941,13.752,2.186,0.09,1.32,5.58
ATOM,274.0,HB3,ASN,20.0,64.48,13.329,1.589,0.09,1.32,0.0
ATOM,275.0,OD1,ASN,20.0,64.756,10.837,2.055,-0.55,1.7,0.76
ATOM,276.0,ND2,ASN,20.0,66.552,11.583,3.195,-0.62,1.85,12.44
ATOM,277.0,HD22,ASN,20.0,67.167,12.352,3.377,0.3,0.2245,6.41
ATOM,278.0,HD21,ASN,20.0,66.676,10.715,3.663,0.32,0.2245,2.91
ATOM,279.0,N,TYR,21.0,68.026,11.671,0.142,-0.47,1.85,0.0
ATOM,280.0,CA,TYR,21.0,69.476,11.493,0.192,0.07,2.275,0.0
ATOM,281.0,C,TYR,21.0,70.153,12.087,-1.029,0.51,2.0,0.0
ATOM,282.0,O,TYR,21.0,71.328,12.44,-0.959,-0.51,1.7,0.0
ATOM,283.0,CB,TYR,21.0,69.861,10.03,0.451,-0.18,2.175,0.0
ATOM,284.0,CG,TYR,21.0,69.474,9.603,1.85,0.0,1.9924,0.0
ATOM,285.0,CD1,TYR,21.0,70.059,10.199,2.965,-0.115,1.9924,0.19
ATOM,286.0,CD2,TYR,21.0,68.512,8.63,2.062,-0.115,1.9924,0.0
ATOM,287.0,CE1,TYR,21.0,69.685,9.829,4.254,-0.115,1.9924,4.44
ATOM,288.0,CE2,TYR,21.0,68.138,8.252,3.347,-0.115,1.9924,2.35
ATOM,289.0,CZ,TYR,21.0,68.726,8.861,4.429,0.11,1.9924,0.0
ATOM,290.0,OH,TYR,21.0,68.368,8.486,5.705,-0.54,1.77,27.92
ATOM,291.0,H,TYR,21.0,67.353,10.922,0.005,0.31,0.2245,0.04
ATOM,292.0,HA,TYR,21.0,69.823,11.972,1.011,0.09,1.32,0.0
ATOM,293.0,HB2,TYR,21.0,69.379,9.463,-0.194,0.09,1.32,0.0
ATOM,294.0,HB3,TYR,21.0,70.838,9.945,0.358,0.09,1.32,0.0
ATOM,295.0,HD1,TYR,21.0,70.758,10.903,2.841,0.115,1.3582,0.0
ATOM,296.0,HD2,TYR,21.0,68.074,8.189,1.278,0.115,1.3582,0.92
ATOM,297.0,HE1,TYR,21.0,70.115,10.271,5.044,0.115,1.3582,7.0
ATOM,298.0,HE2,TYR,21.0,67.446,7.542,3.476,0.115,1.3582,4.59
ATOM,299.0,HH,TYR,21.0,68.996,7.78,6.027,0.43,0.2245,7.97
ATOM,300.0,N,GLU,22.0,69.433,12.247,-2.137,-0.47,1.85,0.0
ATOM,301.0,CA,GLU,22.0,70.039,12.88,-3.316,0.07,2.275,0.0
ATOM,302.0,C,GLU,22.0,70.289,14.37,-3.099,0.51,2.0,0.0
ATOM,303.0,O,GLU,22.0,71.371,14.877,-3.405,-0.51,1.7,0.0
ATOM,304.0,CB,GLU,22.0,69.182,12.664,-4.571,-0.18,2.175,0.0
ATOM,305.0,CG,GLU,22.0,69.781,13.229,-5.855,-0.28,2.175,3.74
ATOM,306.0,CD,GLU,22.0,71.129,12.636,-6.194,0.62,2.0,3.96
ATOM,307.0,OE1,GLU,22.0,71.406,11.503,-5.756,-0.76,1.7,6.2
ATOM,308.0,OE2,GLU,22.0,71.914,13.324,-6.885,-0.76,1.7,25.59
ATOM,309.0,H,GLU,22.0,68.469,11.908,-2.099,0.31,0.2245,0.0
ATOM,310.0,HA,GLU,22.0,70.912,12.42,-3.53,0.09,1.32,0.0
ATOM,311.0,HB2,GLU,22.0,69.075,11.692,-4.695,0.09,1.32,0.0
ATOM,312.0,HB3,GLU,22.0,68.317,13.113,-4.423,0.09,1.32,0.0
ATOM,313.0,HG2,GLU,22.0,69.166,13.021,-6.595,0.09,1.32,3.88
ATOM,314.0,HG3,GLU,22.0,69.901,14.199,-5.736,0.09,1.32,0.26
ATOM,315.0,N,THR,23.0,69.294,15.08,-2.583,-0.47,1.85,0.0
ATOM,316.0,CA,THR,23.0,69.471,16.495,-2.31,0.07,2.275,0.0
ATOM,317.0,C,THR,23.0,70.515,16.715,-1.205,0.51,2.0,0.0
ATOM,318.0,O,THR,23.0,71.329,17.641,-1.275,-0.51,1.7,0.0
ATOM,319.0,CB,THR,23.0,68.132,17.192,-1.971,0.14,2.275,0.0
ATOM,320.0,OG1,THR,23.0,67.314,16.333,-1.18,-0.66,1.77,0.24
ATOM,321.0,CG2,THR,23.0,67.376,17.574,-3.24,-0.27,2.06,0.0
ATOM,322.0,H,THR,23.0,68.424,14.559,-2.402,0.31,0.2245,0.0
ATOM,323.0,HA,THR,23.0,69.804,16.949,-3.145,0.09,1.32,0.0
ATOM,324.0,HB,THR,23.0,68.334,18.036,-1.429,0.09,1.32,0.0
ATOM,325.0,HG21,THR,23.0,66.397,17.399,-3.116,0.09,1.32,0.0
ATOM,326.0,HG22,THR,23.0,67.515,18.547,-3.436,0.09,1.32,0.0
ATOM,327.0,HG23,THR,23.0,67.714,17.031,-4.011,0.09,1.32,0.0
ATOM,328.0,HG1,THR,23.0,67.874,15.629,-0.729,0.43,0.2245,0.0
ATOM,329.0,N,SER,24.0,70.516,15.855,-0.19,-0.47,1.85,0.0
ATOM,330.0,CA,SER,24.0,71.502,15.96,0.873,0.07,2.275,0.0
ATOM,331.0,C,SER,24.0,72.908,15.668,0.358,0.51,2.0,0.0
ATOM,332.0,O,SER,24.0,73.853,16.373,0.708,-0.51,1.7,0.0
ATOM,333.0,CB,SER,24.0,71.133,15.022,2.016,0.05,2.175,2.26
ATOM,334.0,OG,SER,24.0,69.934,15.451,2.652,-0.66,1.77,6.26
ATOM,335.0,H,SER,24.0,69.779,15.132,-0.226,0.31,0.2245,0.0
ATOM,336.0,HA,SER,24.0,71.492,16.907,1.22,0.09,1.32,0.0
ATOM,337.0,HB2,SER,24.0,70.994,14.107,1.654,0.09,1.32,0.0
ATOM,338.0,HB3,SER,24.0,71.868,15.022,2.686,0.09,1.32,0.0
ATOM,339.0,HG,SER,24.0,70.146,16.182,3.298,0.43,0.2245,0.0
ATOM,340.0,N,THR,25.0,73.044,14.666,-0.504,-0.47,1.85,0.0
ATOM,341.0,CA,THR,25.0,74.346,14.343,-1.097,0.07,2.275,0.0
ATOM,342.0,C,THR,25.0,74.869,15.51,-1.928,0.51,2.0,0.0
ATOM,343.0,O,THR,25.0,76.04,15.882,-1.823,-0.51,1.7,0.0
ATOM,344.0,CB,THR,25.0,74.271,13.065,-1.949,0.14,2.275,0.0
ATOM,345.0,OG1,THR,25.0,73.989,11.949,-1.095,-0.66,1.77,0.0
ATOM,346.0,CG2,THR,25.0,75.575,12.805,-2.699,-0.27,2.06,0.0
ATOM,347.0,H,THR,25.0,72.176,14.146,-0.717,0.31,0.2245,0.0
ATOM,348.0,HA,THR,25.0,74.998,14.166,-0.352,0.09,1.32,0.0
ATOM,349.0,HB,THR,25.0,73.506,13.157,-2.615,0.09,1.32,0.0
ATOM,350.0,HG21,THR,25.0,76.35,12.902,-2.072,0.09,1.32,0.0
ATOM,351.0,HG22,THR,25.0,75.569,11.877,-3.075,0.09,1.32,0.0
ATOM,352.0,HG23,THR,25.0,75.671,13.464,-3.447,0.09,1.32,0.15
ATOM,353.0,HG1,THR,25.0,73.007,11.91,-0.883,0.43,0.2245,0.0
ATOM,354.0,N,ALA,26.0,74.01,16.101,-2.741,-0.47,1.85,0.0
ATOM,355.0,CA,ALA,26.0,74.421,17.241,-3.543,0.07,2.275,1.79
ATOM,356.0,C,ALA,26.0,74.954,18.347,-2.645,0.51,2.0,0.0
ATOM,357.0,O,ALA,26.0,76.029,18.901,-2.902,-0.51,1.7,3.19
ATOM,358.0,CB,ALA,26.0,73.257,17.737,-4.396,-0.27,2.06,13.8
ATOM,359.0,H,ALA,26.0,73.061,15.698,-2.755,0.31,0.2245,0.0
ATOM,360.0,HA,ALA,26.0,75.154,16.954,-4.168,0.09,1.32,6.38
ATOM,361.0,HB1,ALA,26.0,72.409,17.315,-4.079,0.09,1.32,0.0
ATOM,362.0,HB2,ALA,26.0,73.186,18.73,-4.316,0.09,1.32,0.19
ATOM,363.0,HB3,ALA,26.0,73.416,17.49,-5.351,0.09,1.32,10.4
ATOM,364.0,N,ALA,27.0,74.229,18.648,-1.573,-0.47,1.85,0.0
ATOM,365.0,CA,ALA,27.0,74.659,19.678,-0.616,0.07,2.275,0.0
ATOM,366.0,C,ALA,27.0,75.956,19.294,0.11,0.51,2.0,0.0
ATOM,367.0,O,ALA,27.0,76.817,20.138,0.34,-0.51,1.7,0.0
ATOM,368.0,CB,ALA,27.0,73.575,19.95,0.384,-0.27,2.06,0.0
ATOM,369.0,H,ALA,27.0,73.352,18.107,-1.468,0.31,0.2245,0.0
ATOM,370.0,HA,ALA,27.0,74.819,20.539,-1.12,0.09,1.32,0.0
ATOM,371.0,HB1,ALA,27.0,72.686,20.01,-0.078,0.09,1.32,0.0
ATOM,372.0,HB2,ALA,27.0,73.538,19.212,1.063,0.09,1.32,0.0
ATOM,373.0,HB3,ALA,27.0,73.752,20.817,0.858,0.09,1.32,0.0
ATOM,374.0,N,PHE,28.0,76.108,18.023,0.465,-0.47,1.85,0.0
ATOM,375.0,CA,PHE,28.0,77.278,17.567,1.208,0.07,2.275,0.0
ATOM,376.0,C,PHE,28.0,78.533,17.64,0.329,0.51,2.0,0.0
ATOM,377.0,O,PHE,28.0,79.588,18.116,0.758,-0.51,1.7,0.0
ATOM,378.0,CB,PHE,28.0,77.024,16.143,1.698,-0.18,2.175,0.0
ATOM,379.0,CG,PHE,28.0,77.945,15.687,2.797,0.0,1.9924,0.0
ATOM,380.0,CD1,PHE,28.0,77.515,15.686,4.115,-0.115,1.9924,0.0
ATOM,381.0,CD2,PHE,28.0,79.226,15.225,2.512,-0.115,1.9924,0.0
ATOM,382.0,CE1,PHE,28.0,78.347,15.237,5.135,-0.115,1.9924,0.0
ATOM,383.0,CE2,PHE,28.0,80.06,14.783,3.521,-0.115,1.9924,0.0
ATOM,384.0,CZ,PHE,28.0,79.626,14.79,4.836,-0.115,1.9924,0.0
ATOM,385.0,H,PHE,28.0,75.335,17.393,0.173,0.31,0.2245,0.0
ATOM,386.0,HA,PHE,28.0,77.42,18.213,1.963,0.09,1.32,0.0
ATOM,387.0,HB2,PHE,28.0,76.095,16.101,2.042,0.09,1.32,0.0
ATOM,388.0,HB3,PHE,28.0,77.143,15.53,0.927,0.09,1.32,0.0
ATOM,389.0,HD1,PHE,28.0,76.6,16.008,4.341,0.115,1.3582,0.0
ATOM,390.0,HD2,PHE,28.0,79.544,15.214,1.562,0.115,1.3582,0.0
ATOM,391.0,HE1,PHE,28.0,78.015,15.241,6.084,0.115,1.3582,0.0
ATOM,392.0,HE2,PHE,28.0,80.994,14.454,3.293,0.115,1.3582,0.0
ATOM,393.0,HZ,PHE,28.0,80.227,14.475,5.569,0.115,1.3582,0.0
ATOM,394.0,N,VAL,29.0,78.409,17.188,-0.912,-0.47,1.85,0.0
ATOM,395.0,CA,VAL,29.0,79.52,17.237,-1.867,0.07,2.275,0.0
ATOM,396.0,C,VAL,29.0,79.919,18.692,-2.138,0.51,2.0,0.0
ATOM,397.0,O,VAL,29.0,81.11,19.023,-2.144,-0.51,1.7,0.12
ATOM,398.0,CB,VAL,29.0,79.136,16.502,-3.175,-0.09,2.275,0.34
ATOM,399.0,CG1,VAL,29.0,80.142,16.783,-4.296,-0.27,2.06,25.99
ATOM,400.0,CG2,VAL,29.0,79.018,14.998,-2.933,-0.27,2.06,0.94
ATOM,401.0,H,VAL,29.0,77.474,16.802,-1.148,0.31,0.2245,0.0
ATOM,402.0,HA,VAL,29.0,80.307,16.774,-1.455,0.09,1.32,0.0
ATOM,403.0,HB,VAL,29.0,78.257,16.864,-3.478,0.09,1.32,0.26
ATOM,404.0,HG11,VAL,29.0,79.977,17.696,-4.665,0.09,1.32,5.66
ATOM,405.0,HG12,VAL,29.0,81.068,16.731,-3.927,0.09,1.32,0.56
ATOM,406.0,HG13,VAL,29.0,80.028,16.103,-5.018,0.09,1.32,8.39
ATOM,407.0,HG21,VAL,29.0,78.381,14.609,-3.596,0.09,1.32,1.92
ATOM,408.0,HG22,VAL,29.0,79.918,14.578,-3.041,0.09,1.32,0.0
ATOM,409.0,HG23,VAL,29.0,78.68,14.841,-2.006,0.09,1.32,0.0
ATOM,410.0,N,GLU,30.0,78.947,19.575,-2.337,-0.47,1.85,0.0
ATOM,411.0,CA,GLU,30.0,79.286,20.969,-2.608,0.07,2.275,1.08
ATOM,412.0,C,GLU,30.0,79.922,21.639,-1.389,0.51,2.0,0.0
ATOM,413.0,O,GLU,30.0,80.831,22.469,-1.532,-0.51,1.7,2.87
ATOM,414.0,CB,GLU,30.0,78.085,21.746,-3.156,-0.18,2.175,8.83
ATOM,415.0,CG,GLU,30.0,76.98,22.06,-2.204,-0.28,2.175,1.41
ATOM,416.0,CD,GLU,30.0,75.854,22.85,-2.877,0.62,2.0,1.27
ATOM,417.0,OE1,GLU,30.0,76.074,23.398,-3.985,-0.76,1.7,36.48
ATOM,418.0,OE2,GLU,30.0,74.746,22.907,-2.318,-0.76,1.7,3.35
ATOM,419.0,H,GLU,30.0,77.992,19.211,-2.286,0.31,0.2245,0.0
ATOM,420.0,HA,GLU,30.0,79.926,21.017,-3.386,0.09,1.32,3.22
ATOM,421.0,HB2,GLU,30.0,78.438,22.61,-3.518,0.09,1.32,8.25
ATOM,422.0,HB3,GLU,30.0,77.705,21.204,-3.906,0.09,1.32,6.33
ATOM,423.0,HG2,GLU,30.0,76.584,21.224,-1.879,0.09,1.32,0.0
ATOM,424.0,HG3,GLU,30.0,77.325,22.622,-1.478,0.09,1.32,0.0
ATOM,425.0,N,THR,31.0,79.486,21.266,-0.19,-0.47,1.85,0.0
ATOM,426.0,CA,THR,31.0,80.081,21.808,1.037,0.07,2.275,0.0
ATOM,427.0,C,THR,31.0,81.53,21.314,1.208,0.51,2.0,0.0
ATOM,428.0,O,THR,31.0,82.417,22.105,1.545,-0.51,1.7,0.0
ATOM,429.0,CB,THR,31.0,79.225,21.479,2.278,0.14,2.275,0.0
ATOM,430.0,OG1,THR,31.0,77.866,21.879,2.052,-0.66,1.77,0.0
ATOM,431.0,CG2,THR,31.0,79.749,22.204,3.515,-0.27,2.06,0.0
ATOM,432.0,H,THR,31.0,78.713,20.58,-0.194,0.31,0.2245,0.0
ATOM,433.0,HA,THR,31.0,80.1,22.809,0.968,0.09,1.32,0.0
ATOM,434.0,HB,THR,31.0,79.239,20.469,2.428,0.09,1.32,0.0
ATOM,435.0,HG21,THR,31.0,80.122,21.538,4.164,0.09,1.32,0.0
ATOM,436.0,HG22,THR,31.0,80.47,22.846,3.25,0.09,1.32,0.0
ATOM,437.0,HG23,THR,31.0,79.002,22.709,3.952,0.09,1.32,0.0
ATOM,438.0,HG1,THR,31.0,77.409,21.23,1.435,0.43,0.2245,0.0
ATOM,439.0,N,LEU,32.0,81.787,20.032,0.955,-0.47,1.85,0.0
ATOM,440.0,CA,LEU,32.0,83.161,19.514,0.946,0.07,2.275,0.0
ATOM,441.0,C,LEU,32.0,84.071,20.305,0.004,0.51,2.0,0.0
ATOM,442.0,O,LEU,32.0,85.229,20.587,0.346,-0.51,1.7,0.0
ATOM,443.0,CB,LEU,32.0,83.195,18.039,0.553,-0.18,2.175,0.0
ATOM,444.0,CG,LEU,32.0,82.701,17.025,1.583,-0.09,2.275,0.0
ATOM,445.0,CD1,LEU,32.0,82.623,15.665,0.912,-0.27,2.06,0.0
ATOM,446.0,CD2,LEU,32.0,83.608,16.973,2.8,-0.27,2.06,0.0
ATOM,447.0,H,LEU,32.0,80.956,19.445,0.77,0.31,0.2245,0.0
ATOM,448.0,HA,LEU,32.0,83.534,19.586,1.882,0.09,1.32,0.0
ATOM,449.0,HB2,LEU,32.0,82.63,17.928,-0.267,0.09,1.32,0.0
ATOM,450.0,HB3,LEU,32.0,84.143,17.802,0.334,0.09,1.32,0.0
ATOM,451.0,HG,LEU,32.0,81.801,17.293,1.897,0.09,1.32,0.0
ATOM,452.0,HD11,LEU,32.0,83.53,15.402,0.58,0.09,1.32,0.0
ATOM,453.0,HD12,LEU,32.0,82.301,14.984,1.57,0.09,1.32,0.0
ATOM,454.0,HD13,LEU,32.0,81.987,15.707,0.14,0.09,1.32,0.0
ATOM,455.0,HD21,LEU,32.0,83.638,17.874,3.236,0.09,1.32,0.0
ATOM,456.0,HD22,LEU,32.0,83.256,16.3,3.453,0.09,1.32,0.0
ATOM,457.0,HD23,LEU,32.0,84.532,16.71,2.519,0.09,1.32,0.0
ATOM,458.0,N,ALA,33.0,83.547,20.682,-1.157,-0.47,1.85,0.0
ATOM,459.0,CA,ALA,33.0,84.348,21.393,-2.159,0.07,2.275,0.62
ATOM,460.0,C,ALA,33.0,84.81,22.755,-1.647,0.51,2.0,0.21
ATOM,461.0,O,ALA,33.0,85.872,23.234,-2.051,-0.51,1.7,14.95
ATOM,462.0,CB,ALA,33.0,83.575,21.539,-3.455,-0.27,2.06,29.52
ATOM,463.0,H,ALA,33.0,82.551,20.438,-1.292,0.31,0.2245,0.0
ATOM,464.0,HA,ALA,33.0,85.162,20.837,-2.373,0.09,1.32,1.02
ATOM,465.0,HB1,ALA,33.0,84.199,21.798,-4.193,0.09,1.32,10.74
ATOM,466.0,HB2,ALA,33.0,83.135,20.67,-3.685,0.09,1.32,2.92
ATOM,467.0,HB3,ALA,33.0,82.875,22.246,-3.352,0.09,1.32,3.23
ATOM,468.0,N,LEU,34.0,84.034,23.37,-0.757,-0.47,1.85,0.13
ATOM,469.0,CA,LEU,34.0,84.422,24.648,-0.136,0.07,2.275,0.31
ATOM,470.0,C,LEU,34.0,85.721,24.519,0.651,0.51,2.0,0.0
ATOM,471.0,O,LEU,34.0,86.455,25.503,0.811,-0.51,1.7,31.32
ATOM,472.0,CB,LEU,34.0,83.336,25.163,0.81,-0.18,2.175,0.73
ATOM,473.0,CG,LEU,34.0,81.988,25.539,0.213,-0.09,2.275,0.4
ATOM,474.0,CD1,LEU,34.0,80.988,25.789,1.328,-0.27,2.06,7.28
ATOM,475.0,CD2,LEU,34.0,82.122,26.761,-0.69,-0.27,2.06,36.03
ATOM,476.0,H,LEU,34.0,83.145,22.882,-0.539,0.31,0.2245,0.0
ATOM,477.0,HA,LEU,34.0,84.557,25.326,-0.869,0.09,1.32,4.96
ATOM,478.0,HB2,LEU,34.0,83.17,24.449,1.498,0.09,1.32,0.0
ATOM,479.0,HB3,LEU,34.0,83.698,25.978,1.272,0.09,1.32,6.74
ATOM,480.0,HG,LEU,34.0,81.664,24.791,-0.362,0.09,1.32,0.0
ATOM,481.0,HD11,LEU,34.0,81.313,26.536,1.909,0.09,1.32,2.77
ATOM,482.0,HD12,LEU,34.0,80.101,26.036,0.935,0.09,1.32,2.53
ATOM,483.0,HD13,LEU,34.0,80.886,24.96,1.88,0.09,1.32,0.0
ATOM,484.0,HD21,LEU,34.0,82.76,26.558,-1.433,0.09,1.32,6.32
ATOM,485.0,HD22,LEU,34.0,81.227,26.992,-1.072,0.09,1.32,10.35
ATOM,486.0,HD23,LEU,34.0,82.467,27.533,-0.156,0.09,1.32,9.63
ATOM,487.0,N,TYR,35.0,85.997,23.319,1.152,-0.47,1.85,0.0
ATOM,488.0,CA,TYR,35.0,87.221,23.038,1.9,0.07,2.275,2.33
ATOM,489.0,C,TYR,35.0,88.308,22.398,1.024,0.51,2.0,1.94
ATOM,490.0,O,TYR,35.0,89.335,21.941,1.537,-0.51,1.7,22.15
ATOM,491.0,CB,TYR,35.0,86.91,22.129,3.091,-0.18,2.175,0.23
ATOM,492.0,CG,TYR,35.0,85.925,22.715,4.069,0.0,1.9924,0.0
ATOM,493.0,CD1,TYR,35.0,86.354,23.335,5.243,-0.115,1.9924,6.19
ATOM,494.0,CD2,TYR,35.0,84.559,22.646,3.828,-0.115,1.9924,0.0
ATOM,495.0,CE1,TYR,35.0,85.445,23.873,6.143,-0.115,1.9924,9.18
ATOM,496.0,CE2,TYR,35.0,83.641,23.179,4.716,-0.115,1.9924,0.5
ATOM,497.0,CZ,TYR,35.0,84.086,23.789,5.877,0.11,1.9924,0.51
ATOM,498.0,OH,TYR,35.0,83.182,24.315,6.761,-0.54,1.77,0.0
ATOM,499.0,H,TYR,35.0,85.266,22.595,0.966,0.31,0.2245,0.0
ATOM,500.0,HA,TYR,35.0,87.585,23.913,2.254,0.09,1.32,5.8
ATOM,501.0,HB2,TYR,35.0,86.534,21.274,2.74,0.09,1.32,0.0
ATOM,502.0,HB3,TYR,35.0,87.764,21.949,3.576,0.09,1.32,1.75
ATOM,503.0,HD1,TYR,35.0,87.334,23.392,5.44,0.115,1.3582,11.09
ATOM,504.0,HD2,TYR,35.0,84.231,22.201,2.992,0.115,1.3582,0.0
ATOM,505.0,HE1,TYR,35.0,85.767,24.32,6.979,0.115,1.3582,3.17
ATOM,506.0,HE2,TYR,35.0,82.661,23.125,4.523,0.115,1.3582,0.0
ATOM,507.0,HH,TYR,35.0,83.643,24.52,7.623,0.43,0.2245,0.0
ATOM,508.0,N,GLY,36.0,88.089,22.371,-0.29,-0.47,1.85,1.79
ATOM,509.0,CA,GLY,36.0,89.046,21.784,-1.223,-0.02,2.175,19.04
ATOM,510.0,C,GLY,36.0,89.028,20.267,-1.273,0.51,2.0,0.69
ATOM,511.0,O,GLY,36.0,89.989,19.644,-1.733,-0.51,1.7,30.3
ATOM,512.0,H,GLY,36.0,87.189,22.799,-0.588,0.31,0.2245,0.0
ATOM,513.0,HA2,GLY,36.0,88.865,22.152,-2.16,0.09,1.32,9.67
ATOM,514.0,HA3,GLY,36.0,89.987,22.1,-0.976,0.09,1.32,10.18
ATOM,515.0,N,ILE,37.0,87.928,19.665,-0.822,-0.47,1.85,0.09
ATOM,516.0,CA,ILE,37.0,87.813,18.217,-0.751,0.07,2.275,0.0
ATOM,517.0,C,ILE,37.0,86.814,17.708,-1.779,0.51,2.0,0.01
ATOM,518.0,O,ILE,37.0,85.721,18.252,-1.914,-0.51,1.7,0.27
ATOM,519.0,CB,ILE,37.0,87.375,17.773,0.651,-0.09,2.275,0.0
ATOM,520.0,CG1,ILE,37.0,88.462,18.131,1.668,-0.18,2.175,7.28
ATOM,521.0,CG2,ILE,37.0,87.089,16.269,0.682,-0.27,2.06,2.71
ATOM,522.0,CD1,ILE,37.0,88.046,17.966,3.093,-0.27,2.06,11.83
ATOM,523.0,H,ILE,37.0,87.169,20.316,-0.529,0.31,0.2245,0.0
ATOM,524.0,HA,ILE,37.0,88.709,17.848,-1.014,0.09,1.32,2.29
ATOM,525.0,HB,ILE,37.0,86.554,18.274,0.891,0.09,1.32,0.0
ATOM,526.0,HG12,ILE,37.0,89.261,17.554,1.484,0.09,1.32,9.51
ATOM,527.0,HG13,ILE,37.0,88.727,19.086,1.51,0.09,1.32,0.0
ATOM,528.0,HG21,ILE,37.0,86.78,16.012,1.594,0.09,1.32,0.0
ATOM,529.0,HG22,ILE,37.0,86.38,16.055,0.014,0.09,1.32,0.0
ATOM,530.0,HG23,ILE,37.0,87.923,15.771,0.457,0.09,1.32,6.32
ATOM,531.0,HD11,ILE,37.0,87.79,17.012,3.265,0.09,1.32,1.4
ATOM,532.0,HD12,ILE,37.0,88.803,18.217,3.7,0.09,1.32,6.44
ATOM,533.0,HD13,ILE,37.0,87.26,18.556,3.289,0.09,1.32,0.0
ATOM,534.0,N,THR,38.0,87.216,16.665,-2.506,-0.47,1.85,0.0
ATOM,535.0,CA,THR,38.0,86.356,15.986,-3.463,0.07,2.275,0.34
ATOM,536.0,C,THR,38.0,86.033,14.587,-2.95,0.51,2.0,0.0
ATOM,537.0,O,THR,38.0,86.929,13.827,-2.61,-0.51,1.7,14.09
ATOM,538.0,CB,THR,38.0,87.05,15.85,-4.839,0.14,2.275,5.47
ATOM,539.0,OG1,THR,38.0,87.44,17.147,-5.31,-0.66,1.77,26.43
ATOM,540.0,CG2,THR,38.0,86.121,15.204,-5.851,-0.27,2.06,34.41
ATOM,541.0,H,THR,38.0,88.208,16.378,-2.326,0.31,0.2245,7.66
ATOM,542.0,HA,THR,38.0,85.499,16.497,-3.545,0.09,1.32,2.35
ATOM,543.0,HB,THR,38.0,87.891,15.285,-4.725,0.09,1.32,9.09
ATOM,544.0,HG21,THR,38.0,85.168,15.305,-5.554,0.09,1.32,1.85
ATOM,545.0,HG22,THR,38.0,86.232,15.643,-6.746,0.09,1.32,10.89
ATOM,546.0,HG23,THR,38.0,86.335,14.228,-5.937,0.09,1.32,9.71
ATOM,547.0,HG1,THR,38.0,87.773,17.71,-4.547,0.43,0.2245,8.15
ATOM,548.0,N,GLN,39.0,84.743,14.259,-2.882,-0.47,1.85,0.0
ATOM,549.0,CA,GLN,39.0,84.308,12.887,-2.632,0.07,2.275,0.32
ATOM,550.0,C,GLN,39.0,83.204,12.549,-3.612,0.51,2.0,0.0
ATOM,551.0,O,GLN,39.0,82.448,13.422,-4.045,-0.51,1.7,3.85
ATOM,552.0,CB,GLN,39.0,83.808,12.704,-1.194,-0.18,2.175,0.0
ATOM,553.0,CG,GLN,39.0,84.899,12.802,-0.135,-0.18,2.175,0.0
ATOM,554.0,CD,GLN,39.0,85.87,11.626,-0.124,0.55,2.0,0.05
ATOM,555.0,H,GLN,39.0,84.085,15.051,-3.02,0.31,0.2245,0.0
ATOM,556.0,HA,GLN,39.0,85.08,12.282,-2.813,0.09,1.32,2.32
ATOM,557.0,HB2,GLN,39.0,83.123,13.409,-1.001,0.09,1.32,0.0
ATOM,558.0,HB3,GLN,39.0,83.379,11.8,-1.116,0.09,1.32,0.0
ATOM,559.0,HG2,GLN,39.0,85.426,13.644,-0.293,0.09,1.32,0.0
ATOM,560.0,HG3,GLN,39.0,84.464,12.861,0.77,0.09,1.32,0.0
ATOM,561.0,OE1,GLN,39.0,85.671,10.621,-0.814,-0.55,1.7,15.27
ATOM,562.0,NE2,GLN,39.0,86.926,11.744,0.682,-0.62,1.85,13.91
ATOM,563.0,HE21,GLN,39.0,87.607,10.995,0.752,0.32,0.2245,21.33
ATOM,564.0,HE22,GLN,39.0,87.035,12.597,1.223,0.3,0.2245,5.08
ATOM,565.0,N,ASP,40.0,83.115,11.273,-3.954,-0.47,1.85,1.86
ATOM,566.0,CA,ASP,40.0,82.172,10.815,-4.96,0.07,2.275,1.88
ATOM,567.0,C,ASP,40.0,80.741,10.708,-4.428,0.51,2.0,0.0
ATOM,568.0,O,ASP,40.0,80.503,10.441,-3.246,-0.51,1.7,0.0
ATOM,569.0,CB,ASP,40.0,82.621,9.471,-5.546,-0.28,2.175,19.23
ATOM,570.0,CG,ASP,40.0,82.539,8.34,-4.549,0.62,2.0,3.21
ATOM,571.0,OD1,ASP,40.0,83.457,8.213,-3.721,-0.76,1.7,15.39
ATOM,572.0,OD2,ASP,40.0,81.549,7.595,-4.619,-0.76,1.7,9.29
ATOM,573.0,H,ASP,40.0,83.767,10.639,-3.449,0.31,0.2245,1.2
ATOM,574.0,HA,ASP,40.0,82.157,11.509,-5.699,0.09,1.32,6.58
ATOM,575.0,HB2,ASP,40.0,82.031,9.264,-6.319,0.09,1.32,6.59
ATOM,576.0,HB3,ASP,40.0,83.563,9.57,-5.847,0.09,1.32,10.77
ATOM,577.0,N,HIS,41.0,79.797,10.89,-5.34,-0.47,1.85,1.19
ATOM,578.0,CA,HIS,41.0,78.374,10.823,-5.049,0.07,2.275,0.05
ATOM,579.0,C,HIS,41.0,77.963,9.567,-4.291,0.51,2.0,0.0
ATOM,580.0,O,HIS,41.0,77.308,9.647,-3.251,-0.51,1.7,0.0
ATOM,581.0,CB,HIS,41.0,77.586,10.912,-6.36,-0.08,2.175,12.74
ATOM,582.0,CG,HIS,41.0,76.118,10.668,-6.2,0.22,1.8,0.32
ATOM,583.0,H,HIS,41.0,80.169,11.09,-6.305,0.31,0.2245,8.4
ATOM,584.0,HA,HIS,41.0,78.125,11.63,-4.479,0.09,1.32,0.0
ATOM,585.0,HB2,HIS,41.0,77.714,11.828,-6.756,0.09,1.32,10.36
ATOM,586.0,HB3,HIS,41.0,77.951,10.232,-7.006,0.09,1.32,6.56
ATOM,587.0,ND1,HIS,41.0,75.579,9.403,-6.133,-0.7,1.85,2.61
ATOM,588.0,CD2,HIS,41.0,75.079,11.528,-6.078,-0.05,1.8,7.69
ATOM,589.0,CE1,HIS,41.0,74.269,9.494,-5.975,0.25,1.8,11.23
ATOM,590.0,NE2,HIS,41.0,73.94,10.774,-5.95,-0.36,1.85,2.34
ATOM,591.0,HD2,HIS,41.0,75.131,12.524,-6.081,0.09,1.468,7.02
ATOM,592.0,HE1,HIS,41.0,73.638,8.729,-5.891,0.13,0.9,11.03
ATOM,593.0,HE2,HIS,41.0,73.01,11.133,-5.852,0.32,0.2245,0.0
ATOM,594.0,N,ASP,42.0,78.318,8.396,-4.814,-0.47,1.85,0.0
ATOM,595.0,CA,ASP,42.0,77.778,7.157,-4.268,0.07,2.275,0.75
ATOM,596.0,C,ASP,42.0,78.274,6.897,-2.846,0.51,2.0,0.33
ATOM,597.0,O,ASP,42.0,77.523,6.384,-2.022,-0.51,1.7,3.45
ATOM,598.0,CB,ASP,42.0,78.11,5.959,-5.169,-0.28,2.175,15.23
ATOM,599.0,CG,ASP,42.0,77.374,5.986,-6.494,0.62,2.0,5.48
ATOM,600.0,OD1,ASP,42.0,76.609,6.937,-6.764,-0.76,1.7,15.72
ATOM,601.0,OD2,ASP,42.0,77.578,5.026,-7.278,-0.76,1.7,47.7
ATOM,602.0,H,ASP,42.0,78.977,8.443,-5.601,0.31,0.2245,1.68
ATOM,603.0,HA,ASP,42.0,76.775,7.265,-4.214,0.09,1.32,1.02
ATOM,604.0,HB2,ASP,42.0,79.089,5.973,-5.345,0.09,1.32,3.08
ATOM,605.0,HB3,ASP,42.0,77.86,5.131,-4.679,0.09,1.32,9.33
ATOM,606.0,N,SER,43.0,79.52,7.256,-2.555,-0.47,1.85,0.27
ATOM,607.0,CA,SER,43.0,80.064,7.082,-1.203,0.07,2.275,2.2
ATOM,608.0,C,SER,43.0,79.364,7.98,-0.203,0.51,2.0,0.0
ATOM,609.0,O,SER,43.0,79.03,7.546,0.9,-0.51,1.7,2.48
ATOM,610.0,CB,SER,43.0,81.557,7.383,-1.151,0.05,2.175,7.05
ATOM,611.0,OG,SER,43.0,82.294,6.451,-1.93,-0.66,1.77,24.97
ATOM,612.0,H,SER,43.0,80.059,7.657,-3.339,0.31,0.2245,0.0
ATOM,613.0,HA,SER,43.0,79.907,6.124,-0.93,0.09,1.32,6.43
ATOM,614.0,HB2,SER,43.0,81.716,8.298,-1.509,0.09,1.32,0.0
ATOM,615.0,HB3,SER,43.0,81.866,7.327,-0.206,0.09,1.32,1.26
ATOM,616.0,HG,SER,43.0,82.792,6.938,-2.646,0.43,0.2245,2.21
ATOM,617.0,N,VAL,44.0,79.177,9.236,-0.588,-0.47,1.85,0.0
ATOM,618.0,CA,VAL,44.0,78.533,10.215,0.28,0.07,2.275,0.0
ATOM,619.0,C,VAL,44.0,77.068,9.834,0.521,0.51,2.0,0.0
ATOM,620.0,O,VAL,44.0,76.584,9.889,1.656,-0.51,1.7,0.0
ATOM,621.0,CB,VAL,44.0,78.667,11.632,-0.301,-0.09,2.275,0.0
ATOM,622.0,CG1,VAL,44.0,77.784,12.627,0.434,-0.27,2.06,0.0
ATOM,623.0,CG2,VAL,44.0,80.125,12.088,-0.234,-0.27,2.06,0.0
ATOM,624.0,H,VAL,44.0,79.522,9.457,-1.542,0.31,0.2245,0.0
ATOM,625.0,HA,VAL,44.0,79.001,10.207,1.168,0.09,1.32,0.0
ATOM,626.0,HB,VAL,44.0,78.348,11.603,-1.249,0.09,1.32,0.0
ATOM,627.0,HG11,VAL,44.0,78.348,13.201,1.028,0.09,1.32,0.0
ATOM,628.0,HG12,VAL,44.0,77.306,13.204,-0.229,0.09,1.32,0.0
ATOM,629.0,HG13,VAL,44.0,77.114,12.134,0.989,0.09,1.32,0.0
ATOM,630.0,HG21,VAL,44.0,80.308,12.466,0.672,0.09,1.32,0.0
ATOM,631.0,HG22,VAL,44.0,80.72,11.304,-0.401,0.09,1.32,0.0
ATOM,632.0,HG23,VAL,44.0,80.281,12.787,-0.93,0.09,1.32,0.0
ATOM,633.0,N,TYR,45.0,76.382,9.413,-0.529,-0.47,1.85,0.0
ATOM,634.0,CA,TYR,45.0,74.983,9.018,-0.444,0.07,2.275,0.0
ATOM,635.0,C,TYR,45.0,74.826,7.857,0.535,0.51,2.0,0.0
ATOM,636.0,O,TYR,45.0,73.967,7.875,1.425,-0.51,1.7,0.0
ATOM,637.0,CB,TYR,45.0,74.51,8.649,-1.857,-0.18,2.175,0.28
ATOM,638.0,CG,TYR,45.0,73.033,8.436,-2.067,0.0,1.9924,0.0
ATOM,639.0,CD1,TYR,45.0,72.257,9.405,-2.682,-0.115,1.9924,0.0
ATOM,640.0,CD2,TYR,45.0,72.419,7.251,-1.705,-0.115,1.9924,7.95
ATOM,641.0,CE1,TYR,45.0,70.913,9.201,-2.911,-0.115,1.9924,3.12
ATOM,642.0,CE2,TYR,45.0,71.072,7.047,-1.921,-0.115,1.9924,10.58
ATOM,643.0,CZ,TYR,45.0,70.327,8.024,-2.528,0.11,1.9924,2.07
ATOM,644.0,OH,TYR,45.0,68.986,7.788,-2.736,-0.54,1.77,7.34
ATOM,645.0,H,TYR,45.0,76.927,9.388,-1.421,0.31,0.2245,0.0
ATOM,646.0,HA,TYR,45.0,74.453,9.795,-0.093,0.09,1.32,0.0
ATOM,647.0,HB2,TYR,45.0,74.814,9.384,-2.485,0.09,1.32,0.0
ATOM,648.0,HB3,TYR,45.0,74.991,7.8,-2.13,0.09,1.32,0.54
ATOM,649.0,HD1,TYR,45.0,72.68,10.271,-2.965,0.115,1.3582,0.0
ATOM,650.0,HD2,TYR,45.0,72.964,6.526,-1.278,0.115,1.3582,2.4
ATOM,651.0,HE1,TYR,45.0,70.366,9.917,-3.36,0.115,1.3582,0.0
ATOM,652.0,HE2,TYR,45.0,70.642,6.187,-1.634,0.115,1.3582,2.6
ATOM,653.0,HH,TYR,45.0,68.515,8.66,-2.855,0.43,0.2245,0.0
ATOM,654.0,N,GLN,46.0,75.661,6.834,0.388,-0.47,1.85,0.0
ATOM,655.0,CA,GLN,46.0,75.581,5.683,1.268,0.07,2.275,0.0
ATOM,656.0,C,GLN,46.0,75.906,6.062,2.702,0.51,2.0,0.0
ATOM,657.0,O,GLN,46.0,75.251,5.588,3.639,-0.51,1.7,0.0
ATOM,658.0,CB,GLN,46.0,76.504,4.563,0.766,-0.18,2.175,4.87
ATOM,659.0,CG,GLN,46.0,76.563,3.321,1.655,-0.18,2.175,17.08
ATOM,660.0,CD,GLN,46.0,75.228,2.657,1.852,0.55,2.0,2.19
ATOM,661.0,H,GLN,46.0,76.344,6.93,-0.38,0.31,0.2245,0.0
ATOM,662.0,HA,GLN,46.0,74.632,5.339,1.248,0.09,1.32,0.0
ATOM,663.0,HB2,GLN,46.0,76.193,4.276,-0.146,0.09,1.32,6.78
ATOM,664.0,HB3,GLN,46.0,77.438,4.929,0.685,0.09,1.32,0.95
ATOM,665.0,HG2,GLN,46.0,77.195,2.664,1.234,0.09,1.32,11.63
ATOM,666.0,HG3,GLN,46.0,76.928,3.593,2.55,0.09,1.32,2.36
ATOM,667.0,OE1,GLN,46.0,74.345,2.728,0.986,-0.55,1.7,19.44
ATOM,668.0,NE2,GLN,46.0,75.066,1.993,3.008,-0.62,1.85,15.21
ATOM,669.0,HE21,GLN,46.0,74.185,1.53,3.219,0.32,0.2245,20.57
ATOM,670.0,HE22,GLN,46.0,75.84,1.963,3.664,0.3,0.2245,8.96
ATOM,671.0,N,ALA,47.0,76.911,6.909,2.889,-0.47,1.85,0.37
ATOM,672.0,CA,ALA,47.0,77.274,7.345,4.236,0.07,2.275,0.42
ATOM,673.0,C,ALA,47.0,76.128,8.094,4.911,0.51,2.0,0.0
ATOM,674.0,O,ALA,47.0,75.85,7.865,6.094,-0.51,1.7,0.0
ATOM,675.0,CB,ALA,47.0,78.51,8.196,4.212,-0.27,2.06,0.72
ATOM,676.0,H,ALA,47.0,77.395,7.221,2.034,0.31,0.2245,0.0
ATOM,677.0,HA,ALA,47.0,77.496,6.532,4.791,0.09,1.32,0.0
ATOM,678.0,HB1,ALA,47.0,78.292,9.111,3.862,0.09,1.32,0.0
ATOM,679.0,HB2,ALA,47.0,78.886,8.285,5.138,0.09,1.32,0.0
ATOM,680.0,HB3,ALA,47.0,79.204,7.779,3.62,0.09,1.32,2.27
ATOM,681.0,N,LEU,48.0,75.491,9.006,4.188,-0.47,1.85,0.0
ATOM,682.0,CA,LEU,48.0,74.337,9.736,4.729,0.07,2.275,0.0
ATOM,683.0,C,LEU,48.0,73.184,8.801,5.072,0.51,2.0,0.0
ATOM,684.0,O,LEU,48.0,72.464,9.026,6.047,-0.51,1.7,1.65
ATOM,685.0,CB,LEU,48.0,73.896,10.837,3.766,-0.18,2.175,0.0
ATOM,686.0,CG,LEU,48.0,74.87,12.015,3.693,-0.09,2.275,0.0
ATOM,687.0,CD1,LEU,48.0,74.527,12.884,2.514,-0.27,2.06,0.0
ATOM,688.0,CD2,LEU,48.0,74.834,12.831,4.99,-0.27,2.06,0.0
ATOM,689.0,H,LEU,48.0,75.864,9.157,3.236,0.31,0.2245,0.0
ATOM,690.0,HA,LEU,48.0,74.628,10.208,5.572,0.09,1.32,0.0
ATOM,691.0,HB2,LEU,48.0,73.834,10.447,2.862,0.09,1.32,0.0
ATOM,692.0,HB3,LEU,48.0,73.029,11.187,4.076,0.09,1.32,0.52
ATOM,693.0,HG,LEU,48.0,75.797,11.659,3.595,0.09,1.32,0.0
ATOM,694.0,HD11,LEU,48.0,73.592,13.236,2.608,0.09,1.32,0.0
ATOM,695.0,HD12,LEU,48.0,75.163,13.658,2.462,0.09,1.32,0.0
ATOM,696.0,HD13,LEU,48.0,74.591,12.352,1.666,0.09,1.32,0.0
ATOM,697.0,HD21,LEU,48.0,75.092,12.244,5.756,0.09,1.32,0.0
ATOM,698.0,HD22,LEU,48.0,75.477,13.592,4.918,0.09,1.32,0.0
ATOM,699.0,HD23,LEU,48.0,73.91,13.183,5.132,0.09,1.32,1.38
ATOM,700.0,N,LYS,49.0,73.018,7.731,4.299,-0.47,1.85,0.0
ATOM,701.0,CA,LYS,49.0,71.973,6.739,4.578,0.07,2.275,0.0
ATOM,702.0,C,LYS,49.0,72.219,6.016,5.893,0.51,2.0,0.35
ATOM,703.0,O,LYS,49.0,71.259,5.56,6.543,-0.51,1.7,19.96
ATOM,704.0,CB,LYS,49.0,71.862,5.715,3.446,-0.18,2.175,1.32
ATOM,705.0,CG,LYS,49.0,71.152,6.215,2.23,-0.18,2.175,0.0
ATOM,706.0,CD,LYS,49.0,70.902,5.095,1.213,-0.18,2.175,0.48
ATOM,707.0,CE,LYS,49.0,69.672,4.28,1.526,0.21,2.175,11.01
ATOM,708.0,NZ,LYS,49.0,69.468,3.175,0.534,-0.3,1.85,12.72
ATOM,709.0,H,LYS,49.0,73.674,7.659,3.501,0.31,0.2245,0.0
ATOM,710.0,HA,LYS,49.0,71.084,7.215,4.629,0.09,1.32,0.0
ATOM,711.0,HB2,LYS,49.0,72.792,5.441,3.191,0.09,1.32,0.0
ATOM,712.0,HB3,LYS,49.0,71.373,4.917,3.805,0.09,1.32,3.28
ATOM,713.0,HG2,LYS,49.0,70.264,6.604,2.489,0.09,1.32,0.0
ATOM,714.0,HG3,LYS,49.0,71.7,6.926,1.782,0.09,1.32,0.0
ATOM,715.0,HD2,LYS,49.0,70.796,5.511,0.309,0.09,1.32,0.0
ATOM,716.0,HD3,LYS,49.0,71.7,4.491,1.208,0.09,1.32,0.0
ATOM,717.0,HE2,LYS,49.0,69.763,3.878,2.441,0.05,1.32,7.2
ATOM,718.0,HE3,LYS,49.0,68.865,4.877,1.513,0.05,1.32,3.01
ATOM,719.0,HZ1,LYS,49.0,69.412,2.306,1.021,0.33,0.2245,20.57
ATOM,720.0,HZ2,LYS,49.0,68.621,3.338,0.033,0.33,0.2245,19.76
ATOM,721.0,HZ3,LYS,49.0,70.239,3.159,-0.1,0.33,0.2245,10.89
ATOM,722.0,N,VAL,50.0,73.482,5.888,6.284,-0.47,1.85,0.11
ATOM,723.0,CA,VAL,50.0,73.826,5.399,7.618,0.07,2.275,0.42
ATOM,724.0,C,VAL,50.0,73.392,6.468,8.627,0.51,2.0,0.0
ATOM,725.0,O,VAL,50.0,72.443,6.254,9.397,-0.51,1.7,23.16
ATOM,726.0,CB,VAL,50.0,75.329,5.065,7.759,-0.09,2.275,0.0
ATOM,727.0,CG1,VAL,50.0,75.681,4.683,9.196,-0.27,2.06,26.15
ATOM,728.0,CG2,VAL,50.0,75.724,3.938,6.784,-0.27,2.06,12.22
ATOM,729.0,H,VAL,50.0,74.19,6.16,5.575,0.31,0.2245,0.0
ATOM,730.0,HA,VAL,50.0,73.298,4.578,7.797,0.09,1.32,7.11
ATOM,731.0,HB,VAL,50.0,75.843,5.892,7.544,0.09,1.32,0.0
ATOM,732.0,HG11,VAL,50.0,75.143,5.24,9.828,0.09,1.32,0.64
ATOM,733.0,HG12,VAL,50.0,75.474,3.717,9.342,0.09,1.32,9.08
ATOM,734.0,HG13,VAL,50.0,76.654,4.844,9.352,0.09,1.32,0.06
ATOM,735.0,HG21,VAL,50.0,76.71,3.803,6.833,0.09,1.32,3.07
ATOM,736.0,HG22,VAL,50.0,75.249,3.103,7.05,0.09,1.32,9.64
ATOM,737.0,HG23,VAL,50.0,75.459,4.205,5.861,0.09,1.32,0.0
ATOM,738.0,N,SER,51.0,74.076,7.609,8.625,-0.47,1.85,0.0
ATOM,739.0,CA,SER,51.0,73.693,8.748,9.478,0.07,2.275,0.27
ATOM,740.0,C,SER,51.0,74.526,9.948,9.106,0.51,2.0,0.0
ATOM,741.0,O,SER,51.0,75.612,9.824,8.526,-0.51,1.7,0.0
ATOM,742.0,CB,SER,51.0,73.906,8.431,10.958,0.05,2.175,16.41
ATOM,743.0,OG,SER,51.0,75.277,8.48,11.317,-0.66,1.77,0.77
ATOM,744.0,H,SER,51.0,74.89,7.632,7.983,0.31,0.2245,0.0
ATOM,745.0,HA,SER,51.0,72.733,8.956,9.291,0.09,1.32,6.63
ATOM,746.0,HB2,SER,51.0,73.404,9.099,11.506,0.09,1.32,4.4
ATOM,747.0,HB3,SER,51.0,73.556,7.514,11.144,0.09,1.32,3.78
ATOM,748.0,HG,SER,51.0,75.36,8.51,12.312,0.43,0.2245,10.36
ATOM,749.0,N,THR,52.0,74.037,11.131,9.454,-0.47,1.85,0.11
ATOM,750.0,CA,THR,52.0,74.822,12.332,9.228,0.07,2.275,0.0
ATOM,751.0,C,THR,52.0,76.096,12.335,10.079,0.51,2.0,0.0
ATOM,752.0,O,THR,52.0,77.156,12.68,9.574,-0.51,1.7,0.0
ATOM,753.0,CB,THR,52.0,73.974,13.59,9.413,0.14,2.275,3.01
ATOM,754.0,OG1,THR,52.0,72.861,13.521,8.517,-0.66,1.77,16.91
ATOM,755.0,CG2,THR,52.0,74.777,14.84,9.134,-0.27,2.06,2.8
ATOM,756.0,H,THR,52.0,73.101,11.12,9.876,0.31,0.2245,6.83
ATOM,757.0,HA,THR,52.0,75.096,12.363,8.258,0.09,1.32,0.0
ATOM,758.0,HB,THR,52.0,73.614,13.612,10.364,0.09,1.32,4.61
ATOM,759.0,HG21,THR,52.0,74.886,14.966,8.144,0.09,1.32,0.0
ATOM,760.0,HG22,THR,52.0,74.308,15.643,9.513,0.09,1.32,0.3
ATOM,761.0,HG23,THR,52.0,75.686,14.767,9.554,0.09,1.32,0.0
ATOM,762.0,HG1,THR,52.0,73.009,12.803,7.828,0.43,0.2245,2.92
ATOM,763.0,N,PRO,53.0,76.014,11.952,11.363,-0.29,1.85,0.0
ATOM,764.0,CA,PRO,53.0,77.269,11.884,12.108,0.02,2.275,1.39
ATOM,765.0,C,PRO,53.0,78.311,10.944,11.48,0.51,2.0,0.41
ATOM,766.0,O,PRO,53.0,79.504,11.264,11.49,-0.51,1.7,2.82
ATOM,767.0,CB,PRO,53.0,76.828,11.387,13.491,-0.18,2.175,17.32
ATOM,768.0,CG,PRO,53.0,75.421,11.842,13.607,-0.18,2.175,19.54
ATOM,769.0,CD,PRO,53.0,74.853,11.699,12.232,0.0,2.175,7.41
ATOM,770.0,HA,PRO,53.0,77.666,12.814,12.23,0.09,1.32,4.38
ATOM,771.0,HB2,PRO,53.0,76.893,10.388,13.541,0.09,1.32,4.16
ATOM,772.0,HB3,PRO,53.0,77.402,11.789,14.207,0.09,1.32,11.78
ATOM,773.0,HG2,PRO,53.0,74.917,11.273,14.266,0.09,1.32,11.89
ATOM,774.0,HG3,PRO,53.0,75.382,12.799,13.915,0.09,1.32,12.09
ATOM,775.0,HD2,PRO,53.0,74.492,10.779,12.074,0.09,1.32,0.0
ATOM,776.0,HD3,PRO,53.0,74.132,12.372,12.057,0.09,1.32,3.58
ATOM,777.0,N,PHE,54.0,77.871,9.817,10.922,-0.47,1.85,0.45
ATOM,778.0,CA,PHE,54.0,78.816,8.905,10.26,0.07,2.275,2.4
ATOM,779.0,C,PHE,54.0,79.445,9.561,9.027,0.51,2.0,0.0
ATOM,780.0,O,PHE,54.0,80.657,9.451,8.808,-0.51,1.7,0.0
ATOM,781.0,CB,PHE,54.0,78.155,7.589,9.861,-0.18,2.175,0.26
ATOM,782.0,CG,PHE,54.0,79.057,6.71,9.041,0.0,1.9924,0.0
ATOM,783.0,CD1,PHE,54.0,80.193,6.153,9.611,-0.115,1.9924,8.03
ATOM,784.0,CD2,PHE,54.0,78.789,6.471,7.709,-0.115,1.9924,0.0
ATOM,785.0,CE1,PHE,54.0,81.042,5.367,8.858,-0.115,1.9924,11.67
ATOM,786.0,CE2,PHE,54.0,79.635,5.678,6.955,-0.115,1.9924,2.91
ATOM,787.0,CZ,PHE,54.0,80.767,5.136,7.532,-0.115,1.9924,11.57
ATOM,788.0,H,PHE,54.0,76.863,9.647,10.99,0.31,0.2245,0.0
ATOM,789.0,HA,PHE,54.0,79.562,8.737,10.912,0.09,1.32,2.09
ATOM,790.0,HB2,PHE,54.0,77.922,7.103,10.685,0.09,1.32,5.77
ATOM,791.0,HB3,PHE,54.0,77.36,7.8,9.32,0.09,1.32,0.0
ATOM,792.0,HD1,PHE,54.0,80.398,6.32,10.571,0.115,1.3582,11.4
ATOM,793.0,HD2,PHE,54.0,77.977,6.873,7.284,0.115,1.3582,0.0
ATOM,794.0,HE1,PHE,54.0,81.863,4.967,9.29,0.115,1.3582,18.2
ATOM,795.0,HE2,PHE,54.0,79.42,5.5,5.98,0.115,1.3582,6.24
ATOM,796.0,HZ,PHE,54.0,81.39,4.572,6.982,0.115,1.3582,16.76
ATOM,797.0,N,ALA,55.0,78.63,10.245,8.233,-0.47,1.85,0.0
ATOM,798.0,CA,ALA,55.0,79.147,10.916,7.05,0.07,2.275,0.0
ATOM,799.0,C,ALA,55.0,80.157,12.001,7.427,0.51,2.0,0.0
ATOM,800.0,O,ALA,55.0,81.197,12.145,6.786,-0.51,1.7,0.0
ATOM,801.0,CB,ALA,55.0,78.019,11.507,6.231,-0.27,2.06,0.0
ATOM,802.0,H,ALA,55.0,77.64,10.257,8.518,0.31,0.2245,0.0
ATOM,803.0,HA,ALA,55.0,79.612,10.238,6.466,0.09,1.32,0.0
ATOM,804.0,HB1,ALA,55.0,77.55,10.78,5.727,0.09,1.32,0.0
ATOM,805.0,HB2,ALA,55.0,77.365,11.963,6.836,0.09,1.32,0.0
ATOM,806.0,HB3,ALA,55.0,78.386,12.174,5.581,0.09,1.32,0.0
ATOM,807.0,N,ILE,56.0,79.851,12.783,8.458,-0.47,1.85,0.0
ATOM,808.0,CA,ILE,56.0,80.764,13.843,8.897,0.07,2.275,0.0
ATOM,809.0,C,ILE,56.0,82.045,13.276,9.499,0.51,2.0,0.0
ATOM,810.0,O,ILE,56.0,83.13,13.749,9.189,-0.51,1.7,0.0
ATOM,811.0,CB,ILE,56.0,80.069,14.822,9.866,-0.09,2.275,0.38
ATOM,812.0,CG1,ILE,56.0,79.03,15.632,9.078,-0.18,2.175,0.0
ATOM,813.0,CG2,ILE,56.0,81.09,15.743,10.545,-0.27,2.06,17.96
ATOM,814.0,CD1,ILE,56.0,78.179,16.543,9.918,-0.27,2.06,1.93
ATOM,815.0,H,ILE,56.0,78.944,12.586,8.909,0.31,0.2245,0.0
ATOM,816.0,HA,ILE,56.0,81.032,14.343,8.065,0.09,1.32,0.0
ATOM,817.0,HB,ILE,56.0,79.592,14.292,10.546,0.09,1.32,0.0
ATOM,818.0,HG12,ILE,56.0,79.516,16.175,8.39,0.09,1.32,0.0
ATOM,819.0,HG13,ILE,56.0,78.436,14.983,8.596,0.09,1.32,0.0
ATOM,820.0,HG21,ILE,56.0,80.614,16.352,11.174,0.09,1.32,6.03
ATOM,821.0,HG22,ILE,56.0,81.749,15.188,11.047,0.09,1.32,1.02
ATOM,822.0,HG23,ILE,56.0,81.562,16.279,9.849,0.09,1.32,0.0
ATOM,823.0,HD11,ILE,56.0,78.761,17.204,10.392,0.09,1.32,0.72
ATOM,824.0,HD12,ILE,56.0,77.531,17.032,9.333,0.09,1.32,0.0
ATOM,825.0,HD13,ILE,56.0,77.673,16.004,10.592,0.09,1.32,2.16
ATOM,826.0,N,GLU,57.0,81.935,12.256,10.336,-0.47,1.85,0.12
ATOM,827.0,CA,GLU,57.0,83.151,11.661,10.902,0.07,2.275,0.04
ATOM,828.0,C,GLU,57.0,84.022,11.033,9.813,0.51,2.0,0.0
ATOM,829.0,O,GLU,57.0,85.252,11.036,9.919,-0.51,1.7,7.67
ATOM,830.0,CB,GLU,57.0,82.82,10.631,11.981,-0.18,2.175,5.53
ATOM,831.0,CG,GLU,57.0,84.038,10.185,12.835,-0.28,2.175,19.84
ATOM,832.0,CD,GLU,57.0,84.731,11.322,13.623,0.62,2.0,3.34
ATOM,833.0,OE1,GLU,57.0,84.203,12.46,13.712,-0.76,1.7,22.2
ATOM,834.0,OE2,GLU,57.0,85.827,11.065,14.172,-0.76,1.7,41.22
ATOM,835.0,H,GLU,57.0,80.989,11.937,10.543,0.31,0.2245,0.0
ATOM,836.0,HA,GLU,57.0,83.678,12.37,11.385,0.09,1.32,0.0
ATOM,837.0,HB2,GLU,57.0,82.171,11.031,12.601,0.09,1.32,5.18
ATOM,838.0,HB3,GLU,57.0,82.471,9.825,11.542,0.09,1.32,0.87
ATOM,839.0,HG2,GLU,57.0,83.719,9.526,13.494,0.09,1.32,11.08
ATOM,840.0,HG3,GLU,57.0,84.71,9.801,12.226,0.09,1.32,5.02
ATOM,841.0,N,THR,58.0,83.391,10.507,8.769,-0.47,1.85,0.0
ATOM,842.0,CA,THR,58.0,84.123,9.851,7.675,0.07,2.275,0.45
ATOM,843.0,C,THR,58.0,84.812,10.856,6.756,0.51,2.0,0.0
ATOM,844.0,O,THR,58.0,86.0,10.694,6.43,-0.51,1.7,22.19
ATOM,845.0,CB,THR,58.0,83.181,8.951,6.86,0.14,2.275,0.0
ATOM,846.0,OG1,THR,58.0,82.69,7.917,7.717,-0.66,1.77,5.35
ATOM,847.0,CG2,THR,58.0,83.886,8.316,5.676,-0.27,2.06,19.9
ATOM,848.0,H,THR,58.0,82.359,10.595,8.788,0.31,0.2245,0.0
ATOM,849.0,HA,THR,58.0,84.83,9.255,8.083,0.09,1.32,8.24
ATOM,850.0,HB,THR,58.0,82.39,9.505,6.542,0.09,1.32,0.0
ATOM,851.0,HG21,THR,58.0,83.627,8.788,4.83,0.09,1.32,0.0
ATOM,852.0,HG22,THR,58.0,84.88,8.381,5.795,0.09,1.32,5.01
ATOM,853.0,HG23,THR,58.0,83.628,7.349,5.602,0.09,1.32,6.23
ATOM,854.0,HG1,THR,58.0,81.916,8.253,8.265,0.43,0.2245,0.0
ATOM,855.0,N,PHE,59.0,84.089,11.899,6.357,-0.47,1.85,0.0
ATOM,856.0,CA,PHE,59.0,84.543,12.793,5.297,0.07,2.275,0.36
ATOM,857.0,C,PHE,59.0,84.941,14.194,5.766,0.51,2.0,0.04
ATOM,858.0,O,PHE,59.0,85.67,14.883,5.048,-0.51,1.7,6.37
ATOM,859.0,CB,PHE,59.0,83.449,12.919,4.229,-0.18,2.175,0.0
ATOM,860.0,CG,PHE,59.0,83.124,11.628,3.542,0.0,1.9924,0.0
ATOM,861.0,CD1,PHE,59.0,84.093,10.943,2.828,-0.115,1.9924,0.92
ATOM,862.0,CD2,PHE,59.0,81.845,11.099,3.599,-0.115,1.9924,0.0
ATOM,863.0,CE1,PHE,59.0,83.792,9.755,2.203,-0.115,1.9924,3.16
ATOM,864.0,CE2,PHE,59.0,81.54,9.908,2.976,-0.115,1.9924,0.0
ATOM,865.0,CZ,PHE,59.0,82.516,9.231,2.276,-0.115,1.9924,2.86
ATOM,866.0,H,PHE,59.0,83.186,12.019,6.859,0.31,0.2245,0.0
ATOM,867.0,HA,PHE,59.0,85.382,12.373,4.896,0.09,1.32,2.35
ATOM,868.0,HB2,PHE,59.0,82.63,13.246,4.676,0.09,1.32,0.0
ATOM,869.0,HB3,PHE,59.0,83.768,13.56,3.548,0.09,1.32,0.0
ATOM,870.0,HD1,PHE,59.0,85.017,11.313,2.767,0.115,1.3582,0.46
ATOM,871.0,HD2,PHE,59.0,81.131,11.593,4.104,0.115,1.3582,0.0
ATOM,872.0,HE1,PHE,59.0,84.513,9.266,1.686,0.115,1.3582,8.64
ATOM,873.0,HE2,PHE,59.0,80.598,9.536,3.034,0.115,1.3582,0.0
ATOM,874.0,HZ,PHE,59.0,82.306,8.365,1.822,0.115,1.3582,3.63
ATOM,875.0,N,ALA,60.0,84.46,14.63,6.935,-0.47,1.85,0.0
ATOM,876.0,CA,ALA,60.0,84.606,16.026,7.376,0.07,2.275,0.0
ATOM,877.0,C,ALA,60.0,84.842,16.184,8.885,0.51,2.0,0.0
ATOM,878.0,O,ALA,60.0,84.317,17.116,9.488,-0.51,1.7,1.7
ATOM,879.0,CB,ALA,60.0,83.36,16.808,6.97,-0.27,2.06,0.0
ATOM,880.0,H,ALA,60.0,83.977,13.904,7.502,0.31,0.2245,0.0
ATOM,881.0,HA,ALA,60.0,85.397,16.436,6.885,0.09,1.32,0.13
ATOM,882.0,HB1,ALA,60.0,82.549,16.358,7.342,0.09,1.32,0.0
ATOM,883.0,HB2,ALA,60.0,83.42,17.738,7.33,0.09,1.32,0.0
ATOM,884.0,HB3,ALA,60.0,83.297,16.839,5.973,0.09,1.32,0.0
ATOM,885.0,N,PRO,61.0,85.641,15.291,9.494,-0.29,1.85,0.0
ATOM,886.0,CA,PRO,61.0,85.707,15.266,10.963,0.02,2.275,0.0
ATOM,887.0,C,PRO,61.0,86.209,16.551,11.619,0.51,2.0,0.0
ATOM,888.0,O,PRO,61.0,85.73,16.906,12.698,-0.51,1.7,23.39
ATOM,889.0,CB,PRO,61.0,86.664,14.103,11.248,-0.18,2.175,3.8
ATOM,890.0,CG,PRO,61.0,87.473,13.96,10.01,-0.18,2.175,16.16
ATOM,891.0,CD,PRO,61.0,86.51,14.264,8.898,0.0,2.175,3.89
ATOM,892.0,HA,PRO,61.0,84.794,15.002,11.351,0.09,1.32,0.31
ATOM,893.0,HB2,PRO,61.0,87.247,14.314,12.04,0.09,1.32,2.39
ATOM,894.0,HB3,PRO,61.0,86.148,13.263,11.444,0.09,1.32,0.0
ATOM,895.0,HG2,PRO,61.0,88.237,14.608,10.008,0.09,1.32,3.11
ATOM,896.0,HG3,PRO,61.0,87.833,13.028,9.926,0.09,1.32,8.76
ATOM,897.0,HD2,PRO,61.0,86.98,14.625,8.095,0.09,1.32,5.14
ATOM,898.0,HD3,PRO,61.0,85.978,13.458,8.643,0.09,1.32,0.0
ATOM,899.0,N,ASN,62.0,87.143,17.244,10.972,-0.47,1.85,0.0
ATOM,900.0,CA,ASN,62.0,87.743,18.46,11.54,0.07,2.275,2.86
ATOM,901.0,C,ASN,62.0,87.598,19.677,10.631,0.51,2.0,0.5
ATOM,902.0,O,ASN,62.0,88.407,20.61,10.682,-0.51,1.7,20.52
ATOM,903.0,CB,ASN,62.0,89.221,18.208,11.848,-0.18,2.175,13.14
ATOM,904.0,CG,ASN,62.0,89.428,17.033,12.777,0.55,2.0,2.27
ATOM,905.0,H,ASN,62.0,87.41,16.86,10.045,0.31,0.2245,1.51
ATOM,906.0,HA,ASN,62.0,87.238,18.665,12.394,0.09,1.32,4.07
ATOM,907.0,HB2,ASN,62.0,89.693,18.025,10.99,0.09,1.32,9.23
ATOM,908.0,HB3,ASN,62.0,89.595,19.026,12.277,0.09,1.32,8.59
ATOM,909.0,OD1,ASN,62.0,90.064,16.045,12.412,-0.55,1.7,29.85
ATOM,910.0,ND2,ASN,62.0,88.875,17.126,13.981,-0.62,1.85,17.89
ATOM,911.0,HD22,ASN,62.0,88.349,17.942,14.227,0.3,0.2245,12.7
ATOM,912.0,HD21,ASN,62.0,88.981,16.384,14.641,0.32,0.2245,20.85
ATOM,913.0,N,LEU,63.0,86.561,19.683,9.798,-0.47,1.85,0.02
ATOM,914.0,CA,LEU,63.0,86.277,20.835,8.962,0.07,2.275,0.0
ATOM,915.0,C,LEU,63.0,85.44,21.833,9.758,0.51,2.0,0.07
ATOM,916.0,O,LEU,63.0,84.328,21.518,10.202,-0.51,1.7,10.1
ATOM,917.0,CB,LEU,63.0,85.564,20.41,7.675,-0.18,2.175,0.0
ATOM,918.0,CG,LEU,63.0,86.329,19.435,6.773,-0.09,2.275,0.23
ATOM,919.0,CD1,LEU,63.0,85.566,19.219,5.472,-0.27,2.06,0.0
ATOM,920.0,CD2,LEU,63.0,87.76,19.93,6.485,-0.27,2.06,24.16
ATOM,921.0,H,LEU,63.0,85.993,18.817,9.801,0.31,0.2245,0.0
ATOM,922.0,HA,LEU,63.0,87.138,21.276,8.712,0.09,1.32,0.73
ATOM,923.0,HB2,LEU,63.0,84.709,19.968,7.931,0.09,1.32,0.0
ATOM,924.0,HB3,LEU,63.0,85.383,21.229,7.141,0.09,1.32,0.0
ATOM,925.0,HG,LEU,63.0,86.428,18.564,7.248,0.09,1.32,0.06
ATOM,926.0,HD11,LEU,63.0,85.462,20.093,4.997,0.09,1.32,0.0
ATOM,927.0,HD12,LEU,63.0,86.072,18.582,4.89,0.09,1.32,0.0
ATOM,928.0,HD13,LEU,63.0,84.663,18.84,5.674,0.09,1.32,0.0
ATOM,929.0,HD21,LEU,63.0,88.253,20.019,7.348,0.09,1.32,1.84
ATOM,930.0,HD22,LEU,63.0,88.22,19.269,5.897,0.09,1.32,0.87
ATOM,931.0,HD23,LEU,63.0,87.712,20.815,6.028,0.09,1.32,0.0
ATOM,932.0,N,GLU,64.0,85.985,23.033,9.944,-0.47,1.85,0.0
ATOM,933.0,CA,GLU,64.0,85.371,24.038,10.809,0.07,2.275,1.68
ATOM,934.0,C,GLU,64.0,84.09,24.593,10.188,0.51,2.0,0.0
ATOM,935.0,O,GLU,64.0,84.092,24.996,9.031,-0.51,1.7,1.45
ATOM,936.0,CB,GLU,64.0,86.363,25.18,11.085,-0.18,2.175,7.14
ATOM,937.0,CG,GLU,64.0,85.854,26.227,12.077,-0.28,2.175,3.99
ATOM,938.0,CD,GLU,64.0,86.914,27.244,12.476,0.62,2.0,3.25
ATOM,939.0,OE1,GLU,64.0,87.79,27.566,11.641,-0.76,1.7,38.64
ATOM,940.0,OE2,GLU,64.0,86.862,27.731,13.631,-0.76,1.7,46.67
ATOM,941.0,H,GLU,64.0,86.874,23.191,9.427,0.31,0.2245,5.15
ATOM,942.0,HA,GLU,64.0,85.158,23.629,11.705,0.09,1.32,6.53
ATOM,943.0,HB2,GLU,64.0,87.177,24.782,11.466,0.09,1.32,8.7
ATOM,944.0,HB3,GLU,64.0,86.536,25.638,10.233,0.09,1.32,5.1
ATOM,945.0,HG2,GLU,64.0,85.116,26.718,11.651,0.09,1.32,0.0
ATOM,946.0,HG3,GLU,64.0,85.567,25.761,12.894,0.09,1.32,8.07
ATOM,947.0,N,ASN,65.0,83.012,24.618,10.977,-0.47,1.85,0.01
ATOM,948.0,CA,ASN,65.0,81.693,25.117,10.543,0.07,2.275,2.04
ATOM,949.0,C,ASN,65.0,81.029,24.272,9.448,0.51,2.0,0.0
ATOM,950.0,O,ASN,65.0,80.119,24.755,8.773,-0.51,1.7,0.0
ATOM,951.0,CB,ASN,65.0,81.768,26.575,10.056,-0.18,2.175,1.75
ATOM,952.0,CG,ASN,65.0,82.426,27.506,11.063,0.55,2.0,1.97
ATOM,953.0,H,ASN,65.0,83.181,24.249,11.944,0.31,0.2245,11.45
ATOM,954.0,HA,ASN,65.0,81.084,25.079,11.355,0.09,1.32,6.8
ATOM,955.0,HB2,ASN,65.0,82.297,26.595,9.212,0.09,1.32,0.0
ATOM,956.0,HB3,ASN,65.0,80.839,26.895,9.886,0.09,1.32,1.8
ATOM,957.0,OD1,ASN,65.0,82.18,27.413,12.266,-0.55,1.7,26.43
ATOM,958.0,ND2,ASN,65.0,83.265,28.417,10.568,-0.62,1.85,16.63
ATOM,959.0,HD22,ASN,65.0,83.423,28.46,9.581,0.3,0.2245,7.73
ATOM,960.0,HD21,ASN,65.0,83.731,29.052,11.179,0.32,0.2245,15.51
ATOM,961.0,N,PHE,66.0,81.474,23.03,9.267,-0.47,1.85,0.19
ATOM,962.0,CA,PHE,66.0,80.991,22.224,8.142,0.07,2.275,0.0
ATOM,963.0,C,PHE,66.0,79.493,21.972,8.237,0.51,2.0,0.0
ATOM,964.0,O,PHE,66.0,78.763,22.217,7.277,-0.51,1.7,0.0
ATOM,965.0,CB,PHE,66.0,81.724,20.886,8.051,-0.18,2.175,0.0
ATOM,966.0,CG,PHE,66.0,81.224,20.009,6.932,0.0,1.9924,0.0
ATOM,967.0,CD1,PHE,66.0,81.8,20.079,5.674,-0.115,1.9924,0.0
ATOM,968.0,CD2,PHE,66.0,80.152,19.137,7.129,-0.115,1.9924,0.0
ATOM,969.0,CE1,PHE,66.0,81.323,19.279,4.629,-0.115,1.9924,0.0
ATOM,970.0,CE2,PHE,66.0,79.674,18.353,6.092,-0.115,1.9924,0.0
ATOM,971.0,CZ,PHE,66.0,80.259,18.425,4.845,-0.115,1.9924,0.0
ATOM,972.0,H,PHE,66.0,82.159,22.699,9.958,0.31,0.2245,1.63
ATOM,973.0,HA,PHE,66.0,81.144,22.768,7.308,0.09,1.32,0.0
ATOM,974.0,HB2,PHE,66.0,82.678,21.072,7.888,0.09,1.32,0.0
ATOM,975.0,HB3,PHE,66.0,81.585,20.404,8.9,0.09,1.32,2.16
ATOM,976.0,HD1,PHE,66.0,82.558,20.697,5.502,0.115,1.3582,0.0
ATOM,977.0,HD2,PHE,66.0,79.727,19.08,8.033,0.115,1.3582,0.0
ATOM,978.0,HE1,PHE,66.0,81.764,19.338,3.727,0.115,1.3582,0.0
ATOM,979.0,HE2,PHE,66.0,78.891,17.728,6.258,0.115,1.3582,0.0
ATOM,980.0,HZ,PHE,66.0,79.915,17.859,4.092,0.115,1.3582,0.0
ATOM,981.0,N,LEU,67.0,79.04,21.479,9.387,-0.47,1.85,0.0
ATOM,982.0,CA,LEU,67.0,77.624,21.109,9.543,0.07,2.275,0.0
ATOM,983.0,C,LEU,67.0,76.712,22.286,9.246,0.51,2.0,0.0
ATOM,984.0,O,LEU,67.0,75.729,22.157,8.525,-0.51,1.7,0.0
ATOM,985.0,CB,LEU,67.0,77.332,20.557,10.943,-0.18,2.175,7.96
ATOM,986.0,CG,LEU,67.0,75.863,20.145,11.188,-0.09,2.275,0.0
ATOM,987.0,CD1,LEU,67.0,75.785,18.891,11.994,-0.27,2.06,21.74
ATOM,988.0,CD2,LEU,67.0,75.041,21.248,11.842,-0.27,2.06,21.87
ATOM,989.0,H,LEU,67.0,79.74,21.381,10.135,0.31,0.2245,5.9
ATOM,990.0,HA,LEU,67.0,77.419,20.369,8.892,0.09,1.32,0.0
ATOM,991.0,HB2,LEU,67.0,77.887,19.749,11.078,0.09,1.32,1.48
ATOM,992.0,HB3,LEU,67.0,77.552,21.259,11.603,0.09,1.32,5.33
ATOM,993.0,HG,LEU,67.0,75.424,20.014,10.295,0.09,1.32,0.0
ATOM,994.0,HD11,LEU,67.0,76.228,19.022,12.887,0.09,1.32,10.92
ATOM,995.0,HD12,LEU,67.0,74.825,18.633,12.147,0.09,1.32,6.12
ATOM,996.0,HD13,LEU,67.0,76.247,18.138,11.514,0.09,1.32,0.0
ATOM,997.0,HD21,LEU,67.0,75.037,22.056,11.252,0.09,1.32,0.0
ATOM,998.0,HD22,LEU,67.0,74.102,20.929,11.977,0.09,1.32,4.47
ATOM,999.0,HD23,LEU,67.0,75.443,21.484,12.727,0.09,1.32,10.13
ATOM,1000.0,N,GLU,68.0,77.032,23.44,9.815,-0.47,1.85,0.0
ATOM,1001.0,CA,GLU,68.0,76.213,24.62,9.624,0.07,2.275,0.03
ATOM,1002.0,C,GLU,68.0,76.09,24.991,8.151,0.51,2.0,0.0
ATOM,1003.0,O,GLU,68.0,74.998,25.282,7.663,-0.51,1.7,0.33
ATOM,1004.0,CB,GLU,68.0,76.788,25.792,10.414,-0.18,2.175,1.13
ATOM,1005.0,CG,GLU,68.0,75.792,26.89,10.609,-0.28,2.175,10.95
ATOM,1006.0,CD,GLU,68.0,76.256,27.959,11.583,0.62,2.0,6.5
ATOM,1007.0,OE1,GLU,68.0,77.329,27.8,12.214,-0.76,1.7,30.35
ATOM,1008.0,OE2,GLU,68.0,75.523,28.958,11.718,-0.76,1.7,42.89
ATOM,1009.0,H,GLU,68.0,77.894,23.421,10.39,0.31,0.2245,1.57
ATOM,1010.0,HA,GLU,68.0,75.289,24.462,10.005,0.09,1.32,1.61
ATOM,1011.0,HB2,GLU,68.0,77.05,25.453,11.296,0.09,1.32,6.45
ATOM,1012.0,HB3,GLU,68.0,77.545,26.149,9.904,0.09,1.32,0.36
ATOM,1013.0,HG2,GLU,68.0,75.634,27.336,9.742,0.09,1.32,0.45
ATOM,1014.0,HG3,GLU,68.0,74.958,26.507,10.975,0.09,1.32,9.36
ATOM,1015.0,N,LYS,69.0,77.218,24.983,7.445,-0.47,1.85,0.0
ATOM,1016.0,CA,LYS,69.0,77.238,25.314,6.028,0.07,2.275,0.95
ATOM,1017.0,C,LYS,69.0,76.534,24.239,5.207,0.51,2.0,0.0
ATOM,1018.0,O,LYS,69.0,75.805,24.551,4.27,-0.51,1.7,0.82
ATOM,1019.0,CB,LYS,69.0,78.674,25.487,5.543,-0.18,2.175,2.1
ATOM,1020.0,CG,LYS,69.0,79.41,26.668,6.167,-0.18,2.175,5.64
ATOM,1021.0,CD,LYS,69.0,80.87,26.653,5.762,-0.18,2.175,0.56
ATOM,1022.0,CE,LYS,69.0,81.664,27.741,6.468,0.21,2.175,4.08
ATOM,1023.0,NZ,LYS,69.0,81.356,29.094,5.932,-0.3,1.85,13.2
ATOM,1024.0,H,LYS,69.0,78.067,24.724,7.986,0.31,0.2245,0.0
ATOM,1025.0,HA,LYS,69.0,76.759,26.19,5.889,0.09,1.32,1.44
ATOM,1026.0,HB2,LYS,69.0,79.182,24.654,5.76,0.09,1.32,0.0
ATOM,1027.0,HB3,LYS,69.0,78.657,25.619,4.552,0.09,1.32,1.01
ATOM,1028.0,HG2,LYS,69.0,78.991,27.514,5.849,0.09,1.32,7.05
ATOM,1029.0,HG3,LYS,69.0,79.345,26.603,7.158,0.09,1.32,0.05
ATOM,1030.0,HD2,LYS,69.0,81.264,25.769,6.001,0.09,1.32,0.0
ATOM,1031.0,HD3,LYS,69.0,80.936,26.802,4.779,0.09,1.32,0.0
ATOM,1032.0,HE2,LYS,69.0,81.447,27.717,7.448,0.05,1.32,0.0
ATOM,1033.0,HE3,LYS,69.0,82.645,27.556,6.351,0.05,1.32,6.67
ATOM,1034.0,HZ1,LYS,69.0,81.038,29.012,4.988,0.33,0.2245,12.27
ATOM,1035.0,HZ2,LYS,69.0,80.643,29.518,6.49,0.33,0.2245,16.95
ATOM,1036.0,HZ3,LYS,69.0,82.181,29.658,5.96,0.33,0.2245,20.02
ATOM,1037.0,N,TYR,70.0,76.743,22.979,5.578,-0.47,1.85,0.0
ATOM,1038.0,CA,TYR,70.0,76.044,21.867,4.929,0.07,2.275,0.0
ATOM,1039.0,C,TYR,70.0,74.522,22.015,5.039,0.51,2.0,0.0
ATOM,1040.0,O,TYR,70.0,73.81,21.857,4.043,-0.51,1.7,0.0
ATOM,1041.0,CB,TYR,70.0,76.522,20.534,5.517,-0.18,2.175,0.0
ATOM,1042.0,CG,TYR,70.0,75.617,19.356,5.226,0.0,1.9924,0.0
ATOM,1043.0,CD1,TYR,70.0,75.275,19.024,3.917,-0.115,1.9924,0.0
ATOM,1044.0,CD2,TYR,70.0,75.081,18.597,6.262,-0.115,1.9924,0.0
ATOM,1045.0,CE1,TYR,70.0,74.432,17.966,3.654,-0.115,1.9924,0.0
ATOM,1046.0,CE2,TYR,70.0,74.248,17.529,6.002,-0.115,1.9924,0.0
ATOM,1047.0,CZ,TYR,70.0,73.936,17.215,4.696,0.11,1.9924,0.0
ATOM,1048.0,OH,TYR,70.0,73.096,16.15,4.44,-0.54,1.77,1.56
ATOM,1049.0,H,TYR,70.0,77.425,22.854,6.346,0.31,0.2245,0.0
ATOM,1050.0,HA,TYR,70.0,76.286,21.87,3.95,0.09,1.32,0.0
ATOM,1051.0,HB2,TYR,70.0,77.426,20.334,5.14,0.09,1.32,0.0
ATOM,1052.0,HB3,TYR,70.0,76.589,20.638,6.509,0.09,1.32,0.0
ATOM,1053.0,HD1,TYR,70.0,75.647,19.563,3.16,0.115,1.3582,0.0
ATOM,1054.0,HD2,TYR,70.0,75.306,18.832,7.207,0.115,1.3582,0.0
ATOM,1055.0,HE1,TYR,70.0,74.181,17.743,2.707,0.115,1.3582,0.0
ATOM,1056.0,HE2,TYR,70.0,73.872,16.986,6.754,0.115,1.3582,0.11
ATOM,1057.0,HH,TYR,70.0,72.153,16.476,4.424,0.43,0.2245,0.78
ATOM,1058.0,N,LYS,71.0,74.024,22.323,6.239,-0.47,1.85,0.0
ATOM,1059.0,CA,LYS,71.0,72.576,22.456,6.444,0.07,2.275,0.0
ATOM,1060.0,C,LYS,71.0,71.991,23.61,5.634,0.51,2.0,0.24
ATOM,1061.0,O,LYS,71.0,70.875,23.51,5.114,-0.51,1.7,4.31
ATOM,1062.0,CB,LYS,71.0,72.239,22.615,7.929,-0.18,2.175,11.14
ATOM,1063.0,CG,LYS,71.0,72.571,21.398,8.759,-0.18,2.175,1.8
ATOM,1064.0,CD,LYS,71.0,71.594,20.269,8.541,-0.18,2.175,2.39
ATOM,1065.0,CE,LYS,71.0,71.957,19.101,9.432,0.21,2.175,4.53
ATOM,1066.0,NZ,LYS,71.0,70.895,18.084,9.464,-0.3,1.85,10.05
ATOM,1067.0,H,LYS,71.0,74.722,22.455,6.985,0.31,0.2245,0.0
ATOM,1068.0,HA,LYS,71.0,72.129,21.598,6.154,0.09,1.32,0.0
ATOM,1069.0,HB2,LYS,71.0,72.756,23.392,8.281,0.09,1.32,1.07
ATOM,1070.0,HB3,LYS,71.0,71.261,22.797,8.005,0.09,1.32,7.72
ATOM,1071.0,HG2,LYS,71.0,73.496,21.08,8.519,0.09,1.32,0.0
ATOM,1072.0,HG3,LYS,71.0,72.564,21.652,9.733,0.09,1.32,3.5
ATOM,1073.0,HD2,LYS,71.0,70.683,20.577,8.776,0.09,1.32,8.38
ATOM,1074.0,HD3,LYS,71.0,71.64,19.975,7.598,0.09,1.32,0.0
ATOM,1075.0,HE2,LYS,71.0,72.809,18.686,9.092,0.05,1.32,0.0
ATOM,1076.0,HE3,LYS,71.0,72.122,19.443,10.364,0.05,1.32,3.56
ATOM,1077.0,HZ1,LYS,71.0,71.199,17.292,9.998,0.33,0.2245,11.79
ATOM,1078.0,HZ2,LYS,71.0,70.07,18.467,9.886,0.33,0.2245,18.42
ATOM,1079.0,HZ3,LYS,71.0,70.679,17.788,8.531,0.33,0.2245,5.88
ATOM,1080.0,N,GLU,72.0,72.743,24.699,5.516,-0.47,1.85,0.07
ATOM,1081.0,CA,GLU,72.0,72.308,25.81,4.678,0.07,2.275,1.18
ATOM,1082.0,C,GLU,72.0,72.235,25.389,3.209,0.51,2.0,0.0
ATOM,1083.0,O,GLU,72.0,71.255,25.667,2.522,-0.51,1.7,2.37
ATOM,1084.0,CB,GLU,72.0,73.216,27.027,4.876,-0.18,2.175,5.05
ATOM,1085.0,CG,GLU,72.0,72.998,27.712,6.222,-0.28,2.175,13.45
ATOM,1086.0,CD,GLU,72.0,73.638,29.09,6.318,0.62,2.0,4.32
ATOM,1087.0,OE1,GLU,72.0,73.749,29.78,5.278,-0.76,1.7,33.85
ATOM,1088.0,OE2,GLU,72.0,74.021,29.487,7.444,-0.76,1.7,32.16
ATOM,1089.0,H,GLU,72.0,73.625,24.688,6.048,0.31,0.2245,0.0
ATOM,1090.0,HA,GLU,72.0,71.402,26.128,4.978,0.09,1.32,3.23
ATOM,1091.0,HB2,GLU,72.0,74.143,26.717,4.848,0.09,1.32,0.0
ATOM,1092.0,HB3,GLU,72.0,73.006,27.676,4.176,0.09,1.32,0.35
ATOM,1093.0,HG2,GLU,72.0,72.028,27.826,6.355,0.09,1.32,9.06
ATOM,1094.0,HG3,GLU,72.0,73.401,27.149,6.924,0.09,1.32,0.03
ATOM,1095.0,N,ASN,73.0,73.258,24.684,2.735,-0.47,1.85,0.0
ATOM,1096.0,CA,ASN,73.0,73.256,24.187,1.363,0.07,2.275,0.0
ATOM,1097.0,C,ASN,73.0,72.151,23.157,1.118,0.51,2.0,0.0
ATOM,1098.0,O,ASN,73.0,71.563,23.121,0.04,-0.51,1.7,0.0
ATOM,1099.0,CB,ASN,73.0,74.623,23.608,0.988,-0.18,2.175,0.0
ATOM,1100.0,CG,ASN,73.0,75.646,24.686,0.671,0.55,2.0,0.12
ATOM,1101.0,H,ASN,73.0,74.03,24.524,3.403,0.31,0.2245,0.0
ATOM,1102.0,HA,ASN,73.0,73.061,24.974,0.76,0.09,1.32,0.0
ATOM,1103.0,HB2,ASN,73.0,74.958,23.069,1.755,0.09,1.32,0.0
ATOM,1104.0,HB3,ASN,73.0,74.51,23.031,0.184,0.09,1.32,0.0
ATOM,1105.0,OD1,ASN,73.0,75.294,25.767,0.189,-0.55,1.7,13.23
ATOM,1106.0,ND2,ASN,73.0,76.915,24.39,0.915,-0.62,1.85,1.36
ATOM,1107.0,HD22,ASN,73.0,77.155,23.489,1.284,0.3,0.2245,0.0
ATOM,1108.0,HD21,ASN,73.0,77.633,25.06,0.732,0.32,0.2245,5.51
ATOM,1109.0,N,GLU,74.0,71.861,22.338,2.126,-0.47,1.85,0.0
ATOM,1110.0,CA,GLU,74.0,70.791,21.35,2.019,0.07,2.275,0.0
ATOM,1111.0,C,GLU,74.0,69.427,22.033,1.893,0.51,2.0,0.0
ATOM,1112.0,O,GLU,74.0,68.601,21.626,1.084,-0.51,1.7,0.0
ATOM,1113.0,CB,GLU,74.0,70.826,20.413,3.224,-0.18,2.175,0.0
ATOM,1114.0,CG,GLU,74.0,69.81,19.283,3.176,-0.28,2.175,0.05
ATOM,1115.0,CD,GLU,74.0,69.745,18.535,4.487,0.62,2.0,0.87
ATOM,1116.0,OE1,GLU,74.0,69.619,19.181,5.544,-0.76,1.7,14.84
ATOM,1117.0,OE2,GLU,74.0,69.808,17.294,4.479,-0.76,1.7,13.82
ATOM,1118.0,H,GLU,74.0,72.446,22.46,2.972,0.31,0.2245,0.0
ATOM,1119.0,HA,GLU,74.0,70.946,20.767,1.214,0.09,1.32,0.0
ATOM,1120.0,HB2,GLU,74.0,71.724,20.005,3.261,0.09,1.32,0.0
ATOM,1121.0,HB3,GLU,74.0,70.636,20.95,4.029,0.09,1.32,0.0
ATOM,1122.0,HG2,GLU,74.0,68.927,19.671,3.008,0.09,1.32,0.0
ATOM,1123.0,HG3,GLU,74.0,70.087,18.649,2.483,0.09,1.32,0.0
ATOM,1124.0,N,ALA,75.0,69.191,23.064,2.699,-0.47,1.85,0.32
ATOM,1125.0,CA,ALA,75.0,67.942,23.818,2.601,0.07,2.275,2.35
ATOM,1126.0,C,ALA,75.0,67.771,24.404,1.205,0.51,2.0,0.24
ATOM,1127.0,O,ALA,75.0,66.673,24.379,0.643,-0.51,1.7,5.46
ATOM,1128.0,CB,ALA,75.0,67.9,24.914,3.642,-0.27,2.06,31.49
ATOM,1129.0,H,ALA,75.0,69.939,23.278,3.375,0.31,0.2245,0.0
ATOM,1130.0,HA,ALA,75.0,67.173,23.195,2.785,0.09,1.32,1.82
ATOM,1131.0,HB1,ALA,75.0,67.405,24.594,4.451,0.09,1.32,11.48
ATOM,1132.0,HB2,ALA,75.0,68.832,25.167,3.906,0.09,1.32,0.0
ATOM,1133.0,HB3,ALA,75.0,67.435,25.718,3.269,0.09,1.32,9.37
ATOM,1134.0,N,ARG,76.0,68.858,24.917,0.636,-0.47,1.85,0.78
ATOM,1135.0,CA,ARG,76.0,68.825,25.425,-0.736,0.07,2.275,1.23
ATOM,1136.0,C,ARG,76.0,68.468,24.346,-1.756,0.51,2.0,0.0
ATOM,1137.0,O,ARG,76.0,67.65,24.567,-2.644,-0.51,1.7,2.77
ATOM,1138.0,CB,ARG,76.0,70.156,26.054,-1.113,-0.18,2.175,0.47
ATOM,1139.0,CG,ARG,76.0,70.13,26.764,-2.455,-0.18,2.175,6.99
ATOM,1140.0,CD,ARG,76.0,71.305,27.707,-2.623,0.2,2.175,22.85
ATOM,1141.0,NE,ARG,76.0,71.375,28.689,-1.54,-0.7,1.85,4.86
ATOM,1142.0,CZ,ARG,76.0,72.196,28.632,-0.49,0.64,2.0,1.82
ATOM,1143.0,NH1,ARG,76.0,73.062,27.634,-0.341,-0.8,1.85,8.05
ATOM,1144.0,NH2,ARG,76.0,72.15,29.592,0.429,-0.8,1.85,25.08
ATOM,1145.0,H,ARG,76.0,69.704,24.926,1.23,0.31,0.2245,0.0
ATOM,1146.0,HA,ARG,76.0,68.131,26.162,-0.791,0.09,1.32,0.0
ATOM,1147.0,HB2,ARG,76.0,70.398,26.721,-0.417,0.09,1.32,0.46
ATOM,1148.0,HB3,ARG,76.0,70.843,25.337,-1.158,0.09,1.32,0.0
ATOM,1149.0,HG2,ARG,76.0,70.165,26.087,-3.19,0.09,1.32,6.98
ATOM,1150.0,HG3,ARG,76.0,69.289,27.298,-2.532,0.09,1.32,0.21
ATOM,1151.0,HD2,ARG,76.0,72.141,27.166,-2.629,0.09,1.32,3.75
ATOM,1152.0,HD3,ARG,76.0,71.2,28.184,-3.491,0.09,1.32,11.29
ATOM,1153.0,HE,ARG,76.0,70.744,29.484,-1.591,0.44,0.2245,12.7
ATOM,1154.0,HH11,ARG,76.0,73.122,26.916,-1.034,0.46,0.2245,1.34
ATOM,1155.0,HH12,ARG,76.0,73.655,27.603,0.464,0.46,0.2245,3.19
ATOM,1156.0,HH21,ARG,76.0,71.516,30.359,0.318,0.46,0.2245,18.17
ATOM,1157.0,HH22,ARG,76.0,72.748,29.549,1.228,0.46,0.2245,7.0
ATOM,1158.0,N,GLU,77.0,69.079,23.173,-1.635,-0.47,1.85,0.0
ATOM,1159.0,CA,GLU,77.0,68.726,22.058,-2.511,0.07,2.275,0.14
ATOM,1160.0,C,GLU,77.0,67.248,21.702,-2.405,0.51,2.0,0.0
ATOM,1161.0,O,GLU,77.0,66.608,21.385,-3.417,-0.51,1.7,0.49
ATOM,1162.0,CB,GLU,77.0,69.566,20.824,-2.171,-0.18,2.175,0.0
ATOM,1163.0,CG,GLU,77.0,70.939,20.842,-2.786,-0.28,2.175,0.0
ATOM,1164.0,CD,GLU,77.0,70.89,20.644,-4.296,0.62,2.0,0.19
ATOM,1165.0,OE1,GLU,77.0,70.115,19.788,-4.784,-0.76,1.7,10.92
ATOM,1166.0,OE2,GLU,77.0,71.627,21.345,-4.987,-0.76,1.7,31.91
ATOM,1167.0,H,GLU,77.0,69.796,23.12,-0.898,0.31,0.2245,0.0
ATOM,1168.0,HA,GLU,77.0,68.946,22.298,-3.468,0.09,1.32,4.72
ATOM,1169.0,HB2,GLU,77.0,69.669,20.798,-1.193,0.09,1.32,0.0
ATOM,1170.0,HB3,GLU,77.0,69.087,20.037,-2.515,0.09,1.32,0.0
ATOM,1171.0,HG2,GLU,77.0,71.349,21.717,-2.621,0.09,1.32,0.45
ATOM,1172.0,HG3,GLU,77.0,71.464,20.102,-2.414,0.09,1.32,0.0
ATOM,1173.0,N,LEU,78.0,66.712,21.751,-1.187,-0.47,1.85,0.0
ATOM,1174.0,CA,LEU,78.0,65.317,21.383,-0.939,0.07,2.275,0.0
ATOM,1175.0,C,LEU,78.0,64.319,22.438,-1.421,0.51,2.0,0.5
ATOM,1176.0,O,LEU,78.0,63.112,22.219,-1.341,-0.51,1.7,0.86
ATOM,1177.0,CB,LEU,78.0,65.092,21.075,0.539,-0.18,2.175,4.08
ATOM,1178.0,CG,LEU,78.0,65.597,19.701,0.984,-0.09,2.275,0.02
ATOM,1179.0,CD1,LEU,78.0,65.648,19.623,2.489,-0.27,2.06,19.17
ATOM,1180.0,CD2,LEU,78.0,64.729,18.597,0.401,-0.27,2.06,2.52
ATOM,1181.0,H,LEU,78.0,67.36,22.068,-0.439,0.31,0.2245,0.0
ATOM,1182.0,HA,LEU,78.0,65.123,20.516,-1.43,0.09,1.32,0.0
ATOM,1183.0,HB2,LEU,78.0,65.575,21.755,1.072,0.09,1.32,0.0
ATOM,1184.0,HB3,LEU,78.0,64.12,21.105,0.715,0.09,1.32,0.29
ATOM,1185.0,HG,LEU,78.0,66.512,19.557,0.606,0.09,1.32,0.0
ATOM,1186.0,HD11,LEU,78.0,64.732,19.77,2.87,0.09,1.32,0.82
ATOM,1187.0,HD12,LEU,78.0,65.98,18.72,2.773,0.09,1.32,6.77
ATOM,1188.0,HD13,LEU,78.0,66.267,20.326,2.846,0.09,1.32,0.71
ATOM,1189.0,HD21,LEU,78.0,64.755,18.643,-0.599,0.09,1.32,0.0
ATOM,1190.0,HD22,LEU,78.0,65.073,17.706,0.702,0.09,1.32,0.46
ATOM,1191.0,HD23,LEU,78.0,63.785,18.712,0.714,0.09,1.32,0.0
ATOM,1192.0,N,GLU,79.0,64.807,23.568,-1.931,-0.47,1.85,0.36
ATOM,1193.0,CA,GLU,79.0,63.92,24.454,-2.691,0.07,2.275,1.29
ATOM,1194.0,C,GLU,79.0,63.397,23.736,-3.938,0.51,2.0,0.0
ATOM,1195.0,O,GLU,79.0,62.339,24.087,-4.465,-0.51,1.7,7.39
ATOM,1196.0,CB,GLU,79.0,64.636,25.746,-3.089,-0.18,2.175,1.72
ATOM,1197.0,CG,GLU,79.0,65.016,26.615,-1.905,-0.28,2.175,12.6
ATOM,1198.0,CD,GLU,79.0,65.923,27.773,-2.287,0.62,2.0,3.17
ATOM,1199.0,OE1,GLU,79.0,66.035,28.091,-3.492,-0.76,1.7,28.99
ATOM,1200.0,OE2,GLU,79.0,66.527,28.361,-1.367,-0.76,1.7,29.83
ATOM,1201.0,H,GLU,79.0,65.795,23.751,-1.756,0.31,0.2245,0.0
ATOM,1202.0,HA,GLU,79.0,63.147,24.731,-2.116,0.09,1.32,2.11
ATOM,1203.0,HB2,GLU,79.0,65.463,25.497,-3.556,0.09,1.32,0.0
ATOM,1204.0,HB3,GLU,79.0,64.025,26.263,-3.657,0.09,1.32,5.3
ATOM,1205.0,HG2,GLU,79.0,64.194,26.997,-1.524,0.09,1.32,10.52
ATOM,1206.0,HG3,GLU,79.0,65.504,26.061,-1.255,0.09,1.32,0.0
ATOM,1207.0,N,HIS,80.0,64.139,22.731,-4.405,-0.47,1.85,0.0
ATOM,1208.0,CA,HIS,80.0,63.718,21.894,-5.519,0.07,2.275,1.11
ATOM,1209.0,C,HIS,80.0,63.947,20.431,-5.153,0.51,2.0,0.0
ATOM,1210.0,O,HIS,80.0,64.918,19.814,-5.597,-0.51,1.7,3.54
ATOM,1211.0,CB,HIS,80.0,64.494,22.263,-6.781,-0.09,2.175,11.16
ATOM,1212.0,CG,HIS,80.0,64.284,23.676,-7.213,-0.05,1.8,0.52
ATOM,1213.0,H,HIS,80.0,65.046,22.599,-3.901,0.31,0.2245,0.0
ATOM,1214.0,HA,HIS,80.0,62.74,22.03,-5.67,0.09,1.32,1.51
ATOM,1215.0,HB2,HIS,80.0,65.476,22.124,-6.614,0.09,1.32,6.04
ATOM,1216.0,HB3,HIS,80.0,64.207,21.656,-7.53,0.09,1.32,9.43
ATOM,1217.0,ND1,HIS,80.0,63.192,24.075,-7.955,-0.36,1.85,7.39
ATOM,1218.0,CD2,HIS,80.0,65.005,24.794,-6.972,0.22,1.8,13.19
ATOM,1219.0,CE1,HIS,80.0,63.265,25.377,-8.172,0.25,1.8,26.5
ATOM,1220.0,NE2,HIS,80.0,64.352,25.838,-7.582,-0.7,1.85,24.3
ATOM,1221.0,HD1,HIS,80.0,62.462,23.473,-8.276,0.32,0.2245,18.47
ATOM,1222.0,HD2,HIS,80.0,65.852,24.853,-6.451,0.1,1.468,8.12
ATOM,1223.0,HE1,HIS,80.0,62.611,25.918,-8.694,0.13,0.9,17.67
ATOM,1224.0,N,PRO,81.0,63.037,19.867,-4.341,-0.29,1.85,0.0
ATOM,1225.0,CA,PRO,81.0,63.231,18.479,-3.92,0.02,2.275,0.0
ATOM,1226.0,C,PRO,81.0,63.171,17.517,-5.103,0.51,2.0,0.0
ATOM,1227.0,O,PRO,81.0,62.592,17.844,-6.143,-0.51,1.7,14.0
ATOM,1228.0,CB,PRO,81.0,62.077,18.228,-2.94,-0.18,2.175,0.0
ATOM,1229.0,CG,PRO,81.0,61.473,19.567,-2.64,-0.18,2.175,0.0
ATOM,1230.0,CD,PRO,81.0,61.79,20.441,-3.803,0.0,2.175,0.0
ATOM,1231.0,HA,PRO,81.0,64.103,18.375,-3.421,0.09,1.32,0.0
ATOM,1232.0,HB2,PRO,81.0,61.391,17.611,-3.352,0.09,1.32,0.0
ATOM,1233.0,HB3,PRO,81.0,62.418,17.792,-2.096,0.09,1.32,0.0
ATOM,1234.0,HG2,PRO,81.0,60.475,19.476,-2.511,0.09,1.32,0.0
ATOM,1235.0,HG3,PRO,81.0,61.863,19.939,-1.785,0.09,1.32,0.0
ATOM,1236.0,HD2,PRO,81.0,61.068,20.415,-4.499,0.09,1.32,0.37
ATOM,1237.0,HD3,PRO,81.0,61.938,21.395,-3.525,0.09,1.32,0.0
ATOM,1238.0,N,ILE,82.0,63.772,16.348,-4.942,-0.47,1.85,0.0
ATOM,1239.0,CA,ILE,82.0,63.888,15.363,-6.003,0.07,2.275,0.0
ATOM,1240.0,C,ILE,82.0,63.142,14.096,-5.601,0.51,2.0,0.0
ATOM,1241.0,O,ILE,82.0,63.459,13.487,-4.585,-0.51,1.7,0.0
ATOM,1242.0,CB,ILE,82.0,65.381,15.052,-6.272,-0.09,2.275,0.0
ATOM,1243.0,CG1,ILE,82.0,66.097,16.331,-6.72,-0.18,2.175,2.81
ATOM,1244.0,CG2,ILE,82.0,65.553,13.967,-7.327,-0.27,2.06,16.54
ATOM,1245.0,CD1,ILE,82.0,67.594,16.211,-6.805,-0.27,2.06,16.88
ATOM,1246.0,H,ILE,82.0,64.159,16.194,-3.978,0.31,0.2245,0.0
ATOM,1247.0,HA,ILE,82.0,63.406,15.738,-6.794,0.09,1.32,2.43
ATOM,1248.0,HB,ILE,82.0,65.786,14.753,-5.421,0.09,1.32,0.0
ATOM,1249.0,HG12,ILE,82.0,65.736,16.593,-7.618,0.09,1.32,9.57
ATOM,1250.0,HG13,ILE,82.0,65.865,17.058,-6.069,0.09,1.32,0.0
ATOM,1251.0,HG21,ILE,82.0,66.525,13.775,-7.451,0.09,1.32,1.05
ATOM,1252.0,HG22,ILE,82.0,65.085,13.137,-7.03,0.09,1.32,0.0
ATOM,1253.0,HG23,ILE,82.0,65.162,14.278,-8.191,0.09,1.32,9.39
ATOM,1254.0,HD11,ILE,82.0,67.837,15.498,-7.463,0.09,1.32,3.79
ATOM,1255.0,HD12,ILE,82.0,67.984,17.083,-7.102,0.09,1.32,8.61
ATOM,1256.0,HD13,ILE,82.0,67.963,15.972,-5.906,0.09,1.32,0.0
ATOM,1257.0,N,LEU,83.0,62.136,13.714,-6.384,-0.47,1.85,0.0
ATOM,1258.0,CA,LEU,83.0,61.433,12.444,-6.176,0.07,2.275,0.0
ATOM,1259.0,C,LEU,83.0,62.275,11.297,-6.71,0.51,2.0,0.0
ATOM,1260.0,O,LEU,83.0,63.15,11.509,-7.555,-0.51,1.7,8.3
ATOM,1261.0,CB,LEU,83.0,60.087,12.448,-6.91,-0.18,2.175,0.13
ATOM,1262.0,CG,LEU,83.0,59.08,13.51,-6.484,-0.09,2.275,0.86
ATOM,1263.0,CD1,LEU,83.0,57.868,13.432,-7.406,-0.27,2.06,4.26
ATOM,1264.0,CD2,LEU,83.0,58.689,13.326,-5.023,-0.27,2.06,0.0
ATOM,1265.0,H,LEU,83.0,61.895,14.38,-7.142,0.31,0.2245,7.02
ATOM,1266.0,HA,LEU,83.0,61.299,12.313,-5.192,0.09,1.32,0.0
ATOM,1267.0,HB2,LEU,83.0,60.273,12.584,-7.882,0.09,1.32,6.82
ATOM,1268.0,HB3,LEU,83.0,59.662,11.557,-6.768,0.09,1.32,0.0
ATOM,1269.0,HG,LEU,83.0,59.496,14.407,-6.563,0.09,1.32,0.77
ATOM,1270.0,HD11,LEU,83.0,57.455,12.524,-7.336,0.09,1.32,0.0
ATOM,1271.0,HD12,LEU,83.0,57.199,14.125,-7.136,0.09,1.32,0.0
ATOM,1272.0,HD13,LEU,83.0,58.156,13.596,-8.349,0.09,1.32,9.19
ATOM,1273.0,HD21,LEU,83.0,59.503,13.403,-4.447,0.09,1.32,0.0
ATOM,1274.0,HD22,LEU,83.0,58.029,14.031,-4.763,0.09,1.32,0.0
ATOM,1275.0,HD23,LEU,83.0,58.278,12.422,-4.899,0.09,1.32,0.0
ATOM,1276.0,N,PHE,84.0,62.003,10.075,-6.26,-0.47,1.85,0.0
ATOM,1277.0,CA,PHE,84.0,62.572,8.923,-6.952,0.07,2.275,0.0
ATOM,1278.0,C,PHE,84.0,62.044,8.881,-8.378,0.51,2.0,0.0
ATOM,1279.0,O,PHE,84.0,60.917,9.312,-8.645,-0.51,1.7,1.59
ATOM,1280.0,CB,PHE,84.0,62.286,7.629,-6.199,-0.18,2.175,0.0
ATOM,1281.0,CG,PHE,84.0,63.213,7.409,-5.044,0.0,1.9924,0.0
ATOM,1282.0,CD1,PHE,84.0,64.503,6.956,-5.267,-0.115,1.9924,4.35
ATOM,1283.0,CD2,PHE,84.0,62.838,7.717,-3.751,-0.115,1.9924,0.0
ATOM,1284.0,CE1,PHE,84.0,65.372,6.782,-4.21,-0.115,1.9924,6.34
ATOM,1285.0,CE2,PHE,84.0,63.705,7.548,-2.705,-0.115,1.9924,0.0
ATOM,1286.0,CZ,PHE,84.0,64.963,7.072,-2.931,-0.115,1.9924,3.19
ATOM,1287.0,H,PHE,84.0,61.399,10.021,-5.44,0.31,0.2245,0.0
ATOM,1288.0,HA,PHE,84.0,63.559,9.076,-7.012,0.09,1.32,0.85
ATOM,1289.0,HB2,PHE,84.0,61.365,7.678,-5.849,0.09,1.32,0.0
ATOM,1290.0,HB3,PHE,84.0,62.398,6.879,-6.83,0.09,1.32,1.1
ATOM,1291.0,HD1,PHE,84.0,64.806,6.756,-6.193,0.115,1.3582,9.97
ATOM,1292.0,HD2,PHE,84.0,61.911,8.072,-3.58,0.115,1.3582,0.0
ATOM,1293.0,HE1,PHE,84.0,66.307,6.44,-4.386,0.115,1.3582,10.66
ATOM,1294.0,HE2,PHE,84.0,63.402,7.779,-1.758,0.115,1.3582,0.0
ATOM,1295.0,HZ,PHE,84.0,65.6,6.93,-2.163,0.115,1.3582,4.69
ATOM,1296.0,N,GLU,85.0,62.861,8.384,-9.301,-0.47,1.85,1.56
ATOM,1297.0,CA,GLU,85.0,62.487,8.342,-10.701,0.07,2.275,0.69
ATOM,1298.0,C,GLU,85.0,61.217,7.524,-10.869,0.51,2.0,0.0
ATOM,1299.0,O,GLU,85.0,61.138,6.425,-10.359,-0.51,1.7,4.26
ATOM,1300.0,CB,GLU,85.0,63.603,7.695,-11.532,-0.18,2.175,12.6
ATOM,1301.0,CG,GLU,85.0,63.38,7.768,-13.03,-0.28,2.175,21.47
ATOM,1302.0,CD,GLU,85.0,63.357,9.192,-13.541,0.62,2.0,3.39
ATOM,1303.0,OE1,GLU,85.0,64.187,10.004,-13.074,-0.76,1.7,36.36
ATOM,1304.0,OE2,GLU,85.0,62.513,9.506,-14.406,-0.76,1.7,40.87
ATOM,1305.0,H,GLU,85.0,63.77,8.037,-8.936,0.31,0.2245,6.66
ATOM,1306.0,HA,GLU,85.0,62.333,9.273,-11.042,0.09,1.32,3.54
ATOM,1307.0,HB2,GLU,85.0,64.439,8.173,-11.328,0.09,1.32,7.12
ATOM,1308.0,HB3,GLU,85.0,63.648,6.745,-11.28,0.09,1.32,8.13
ATOM,1309.0,HG2,GLU,85.0,64.121,7.303,-13.476,0.09,1.32,10.73
ATOM,1310.0,HG3,GLU,85.0,62.508,7.365,-13.234,0.09,1.32,2.96
ATOM,1311.0,N,GLY,86.0,60.23,8.083,-11.562,-0.47,1.85,0.0
ATOM,1312.0,CA,GLY,86.0,59.015,7.343,-11.887,-0.02,2.175,10.1
ATOM,1313.0,C,GLY,86.0,57.892,7.441,-10.87,0.51,2.0,0.0
ATOM,1314.0,O,GLY,86.0,56.844,6.848,-11.062,-0.51,1.7,0.0
ATOM,1315.0,H,GLY,86.0,60.395,9.066,-11.844,0.31,0.2245,8.68
ATOM,1316.0,HA2,GLY,86.0,58.667,7.662,-12.8,0.09,1.32,4.47
ATOM,1317.0,HA3,GLY,86.0,59.257,6.353,-12.023,0.09,1.32,4.13
ATOM,1318.0,N,VAL,87.0,58.083,8.197,-9.793,-0.47,1.85,0.0
ATOM,1319.0,CA,VAL,87.0,57.042,8.312,-8.771,0.07,2.275,0.0
ATOM,1320.0,C,VAL,87.0,55.712,8.843,-9.298,0.51,2.0,0.0
ATOM,1321.0,O,VAL,87.0,54.67,8.235,-9.071,-0.51,1.7,0.0
ATOM,1322.0,CB,VAL,87.0,57.536,9.172,-7.574,-0.09,2.275,0.0
ATOM,1323.0,CG1,VAL,87.0,56.386,9.68,-6.72,-0.27,2.06,0.0
ATOM,1324.0,CG2,VAL,87.0,58.485,8.346,-6.729,-0.27,2.06,0.0
ATOM,1325.0,H,VAL,87.0,58.993,8.676,-9.743,0.31,0.2245,0.33
ATOM,1326.0,HA,VAL,87.0,56.876,7.383,-8.389,0.09,1.32,0.13
ATOM,1327.0,HB,VAL,87.0,57.998,9.973,-7.955,0.09,1.32,0.11
ATOM,1328.0,HG11,VAL,87.0,56.742,10.033,-5.855,0.09,1.32,0.0
ATOM,1329.0,HG12,VAL,87.0,55.906,10.412,-7.205,0.09,1.32,0.0
ATOM,1330.0,HG13,VAL,87.0,55.749,8.931,-6.536,0.09,1.32,0.12
ATOM,1331.0,HG21,VAL,87.0,58.395,7.38,-6.975,0.09,1.32,0.0
ATOM,1332.0,HG22,VAL,87.0,59.425,8.647,-6.893,0.09,1.32,0.0
ATOM,1333.0,HG23,VAL,87.0,58.26,8.466,-5.761,0.09,1.32,0.0
ATOM,1334.0,N,SER,88.0,55.728,9.982,-9.979,-0.47,1.85,0.0
ATOM,1335.0,CA,SER,88.0,54.453,10.594,-10.361,0.07,2.275,0.0
ATOM,1336.0,C,SER,88.0,53.662,9.706,-11.331,0.51,2.0,0.45
ATOM,1337.0,O,SER,88.0,52.437,9.592,-11.212,-0.51,1.7,0.76
ATOM,1338.0,CB,SER,88.0,54.664,12.013,-10.894,0.05,2.175,14.36
ATOM,1339.0,OG,SER,88.0,55.421,12.027,-12.066,-0.66,1.77,23.65
ATOM,1340.0,H,SER,88.0,56.643,10.368,-10.198,0.31,0.2245,2.01
ATOM,1341.0,HA,SER,88.0,53.898,10.706,-9.527,0.09,1.32,0.0
ATOM,1342.0,HB2,SER,88.0,53.766,12.42,-11.071,0.09,1.32,4.63
ATOM,1343.0,HB3,SER,88.0,55.132,12.548,-10.188,0.09,1.32,0.2
ATOM,1344.0,HG,SER,88.0,56.123,11.311,-12.031,0.43,0.2245,8.08
ATOM,1345.0,N,ASP,89.0,54.36,9.02,-12.235,-0.47,1.85,0.0
ATOM,1346.0,CA,ASP,89.0,53.691,8.09,-13.15,0.07,2.275,0.51
ATOM,1347.0,C,ASP,89.0,53.061,6.902,-12.422,0.51,2.0,0.0
ATOM,1348.0,O,ASP,89.0,52.014,6.408,-12.811,-0.51,1.7,0.25
ATOM,1349.0,CB,ASP,89.0,54.657,7.543,-14.199,-0.28,2.175,7.04
ATOM,1350.0,CG,ASP,89.0,55.001,8.542,-15.287,0.62,2.0,3.58
ATOM,1351.0,OD1,ASP,89.0,54.184,9.443,-15.588,-0.76,1.7,35.0
ATOM,1352.0,OD2,ASP,89.0,56.092,8.387,-15.887,-0.76,1.7,42.58
ATOM,1353.0,H,ASP,89.0,55.375,9.194,-12.235,0.31,0.2245,0.05
ATOM,1354.0,HA,ASP,89.0,52.937,8.6,-13.591,0.09,1.32,0.53
ATOM,1355.0,HB2,ASP,89.0,55.498,7.276,-13.734,0.09,1.32,0.03
ATOM,1356.0,HB3,ASP,89.0,54.235,6.744,-14.621,0.09,1.32,2.44
ATOM,1357.0,N,LEU,90.0,53.723,6.399,-11.375,-0.47,1.85,0.0
ATOM,1358.0,CA,LEU,90.0,53.16,5.286,-10.623,0.07,2.275,0.0
ATOM,1359.0,C,LEU,90.0,51.929,5.729,-9.845,0.51,2.0,0.0
ATOM,1360.0,O,LEU,90.0,50.918,5.034,-9.829,-0.51,1.7,0.0
ATOM,1361.0,CB,LEU,90.0,54.203,4.637,-9.699,-0.18,2.175,0.0
ATOM,1362.0,CG,LEU,90.0,53.668,3.493,-8.832,-0.09,2.275,0.0
ATOM,1363.0,CD1,LEU,90.0,53.038,2.402,-9.682,-0.27,2.06,0.0
ATOM,1364.0,CD2,LEU,90.0,54.766,2.903,-7.961,-0.27,2.06,0.0
ATOM,1365.0,H,LEU,90.0,54.62,6.85,-11.163,0.31,0.2245,0.0
ATOM,1366.0,HA,LEU,90.0,52.885,4.567,-11.27,0.09,1.32,0.0
ATOM,1367.0,HB2,LEU,90.0,54.924,4.268,-10.268,0.09,1.32,0.0
ATOM,1368.0,HB3,LEU,90.0,54.547,5.337,-9.092,0.09,1.32,0.41
ATOM,1369.0,HG,LEU,90.0,52.982,3.86,-8.199,0.09,1.32,0.0
ATOM,1370.0,HD11,LEU,90.0,53.722,2.03,-10.311,0.09,1.32,0.0
ATOM,1371.0,HD12,LEU,90.0,52.698,1.67,-9.09,0.09,1.32,0.0
ATOM,1372.0,HD13,LEU,90.0,52.277,2.784,-10.208,0.09,1.32,0.0
ATOM,1373.0,HD21,LEU,90.0,55.134,3.613,-7.359,0.09,1.32,0.42
ATOM,1374.0,HD22,LEU,90.0,54.39,2.159,-7.406,0.09,1.32,0.0
ATOM,1375.0,HD23,LEU,90.0,55.499,2.546,-8.542,0.09,1.32,0.0
ATOM,1376.0,N,LEU,91.0,52.021,6.886,-9.194,-0.47,1.85,0.0
ATOM,1377.0,CA,LEU,91.0,50.863,7.417,-8.493,0.07,2.275,0.0
ATOM,1378.0,C,LEU,91.0,49.667,7.555,-9.453,0.51,2.0,0.0
ATOM,1379.0,O,LEU,91.0,48.538,7.198,-9.122,-0.51,1.7,0.0
ATOM,1380.0,CB,LEU,91.0,51.195,8.752,-7.828,-0.18,2.175,0.0
ATOM,1381.0,CG,LEU,91.0,52.26,8.689,-6.732,-0.09,2.275,0.0
ATOM,1382.0,CD1,LEU,91.0,52.557,10.093,-6.226,-0.27,2.06,0.0
ATOM,1383.0,CD2,LEU,91.0,51.864,7.794,-5.566,-0.27,2.06,0.29
ATOM,1384.0,H,LEU,91.0,52.939,7.345,-9.231,0.31,0.2245,0.0
ATOM,1385.0,HA,LEU,91.0,50.602,6.779,-7.763,0.09,1.32,0.0
ATOM,1386.0,HB2,LEU,91.0,51.528,9.37,-8.53,0.09,1.32,0.0
ATOM,1387.0,HB3,LEU,91.0,50.365,9.104,-7.416,0.09,1.32,0.0
ATOM,1388.0,HG,LEU,91.0,53.091,8.289,-7.109,0.09,1.32,0.15
ATOM,1389.0,HD11,LEU,91.0,51.722,10.498,-5.854,0.09,1.32,0.0
ATOM,1390.0,HD12,LEU,91.0,53.254,10.05,-5.509,0.09,1.32,0.0
ATOM,1391.0,HD13,LEU,91.0,52.892,10.657,-6.981,0.09,1.32,0.0
ATOM,1392.0,HD21,LEU,91.0,51.714,6.861,-5.896,0.09,1.32,0.0
ATOM,1393.0,HD22,LEU,91.0,52.595,7.791,-4.883,0.09,1.32,0.0
ATOM,1394.0,HD23,LEU,91.0,51.022,8.139,-5.15,0.09,1.32,0.0
ATOM,1395.0,N,GLU,92.0,49.944,8.036,-10.662,-0.47,1.85,0.0
ATOM,1396.0,CA,GLU,92.0,48.879,8.206,-11.656,0.07,2.275,0.0
ATOM,1397.0,C,GLU,92.0,48.281,6.881,-12.118,0.51,2.0,0.0
ATOM,1398.0,O,GLU,92.0,47.061,6.745,-12.199,-0.51,1.7,0.0
ATOM,1399.0,CB,GLU,92.0,49.389,8.994,-12.853,-0.18,2.175,3.68
ATOM,1400.0,CG,GLU,92.0,48.308,9.378,-13.869,-0.28,2.175,12.92
ATOM,1401.0,CD,GLU,92.0,47.169,10.202,-13.279,0.62,2.0,3.11
ATOM,1402.0,OE1,GLU,92.0,47.334,10.846,-12.217,-0.76,1.7,12.51
ATOM,1403.0,OE2,GLU,92.0,46.074,10.203,-13.881,-0.76,1.7,25.47
ATOM,1404.0,H,GLU,92.0,50.931,8.269,-10.833,0.31,0.2245,0.0
ATOM,1405.0,HA,GLU,92.0,48.146,8.787,-11.264,0.09,1.32,0.0
ATOM,1406.0,HB2,GLU,92.0,49.787,9.833,-12.521,0.09,1.32,0.16
ATOM,1407.0,HB3,GLU,92.0,50.05,8.438,-13.328,0.09,1.32,0.82
ATOM,1408.0,HG2,GLU,92.0,48.732,9.92,-14.575,0.09,1.32,11.12
ATOM,1409.0,HG3,GLU,92.0,47.917,8.548,-14.229,0.09,1.32,0.0
ATOM,1410.0,N,ASP,93.0,49.133,5.89,-12.395,-0.47,1.85,0.0
ATOM,1411.0,CA,ASP,93.0,48.617,4.606,-12.836,0.07,2.275,0.77
ATOM,1412.0,C,ASP,93.0,47.702,3.996,-11.777,0.51,2.0,0.0
ATOM,1413.0,O,ASP,93.0,46.685,3.397,-12.084,-0.51,1.7,0.74
ATOM,1414.0,CB,ASP,93.0,49.754,3.633,-13.171,-0.28,2.175,2.57
ATOM,1415.0,CG,ASP,93.0,50.464,3.959,-14.467,0.62,2.0,2.61
ATOM,1416.0,OD1,ASP,93.0,49.866,4.619,-15.349,-0.76,1.7,28.13
ATOM,1417.0,OD2,ASP,93.0,51.627,3.543,-14.633,-0.76,1.7,10.56
ATOM,1418.0,H,ASP,93.0,50.125,6.111,-12.273,0.31,0.2245,0.0
ATOM,1419.0,HA,ASP,93.0,48.05,4.772,-13.651,0.09,1.32,0.31
ATOM,1420.0,HB2,ASP,93.0,50.414,3.667,-12.425,0.09,1.32,0.0
ATOM,1421.0,HB3,ASP,93.0,49.363,2.719,-13.238,0.09,1.32,0.24
ATOM,1422.0,N,ILE,94.0,48.07,4.13,-10.505,-0.47,1.85,0.0
ATOM,1423.0,CA,ILE,94.0,47.237,3.623,-9.421,0.07,2.275,0.0
ATOM,1424.0,C,ILE,94.0,45.921,4.399,-9.299,0.51,2.0,0.0
ATOM,1425.0,O,ILE,94.0,44.841,3.806,-9.144,-0.51,1.7,0.0
ATOM,1426.0,CB,ILE,94.0,48.022,3.646,-8.076,-0.09,2.275,0.0
ATOM,1427.0,CG1,ILE,94.0,49.105,2.559,-8.085,-0.18,2.175,0.0
ATOM,1428.0,CG2,ILE,94.0,47.099,3.473,-6.89,-0.27,2.06,0.0
ATOM,1429.0,CD1,ILE,94.0,50.12,2.703,-6.959,-0.27,2.06,0.0
ATOM,1430.0,H,ILE,94.0,48.974,4.612,-10.359,0.31,0.2245,0.0
ATOM,1431.0,HA,ILE,94.0,46.988,2.679,-9.671,0.09,1.32,0.0
ATOM,1432.0,HB,ILE,94.0,48.467,4.527,-8.004,0.09,1.32,0.0
ATOM,1433.0,HG12,ILE,94.0,48.662,1.671,-8.007,0.09,1.32,0.0
ATOM,1434.0,HG13,ILE,94.0,49.588,2.606,-8.956,0.09,1.32,0.0
ATOM,1435.0,HG21,ILE,94.0,47.624,3.537,-6.041,0.09,1.32,0.0
ATOM,1436.0,HG22,ILE,94.0,46.4,4.188,-6.898,0.09,1.32,0.0
ATOM,1437.0,HG23,ILE,94.0,46.654,2.578,-6.935,0.09,1.32,0.0
ATOM,1438.0,HD11,ILE,94.0,49.646,2.649,-6.083,0.09,1.32,0.0
ATOM,1439.0,HD12,ILE,94.0,50.79,1.967,-7.027,0.09,1.32,0.0
ATOM,1440.0,HD13,ILE,94.0,50.577,3.585,-7.043,0.09,1.32,0.0
ATOM,1441.0,N,SER,95.0,46.009,5.724,-9.34,-0.47,1.85,0.0
ATOM,1442.0,CA,SER,95.0,44.811,6.551,-9.244,0.07,2.275,0.06
ATOM,1443.0,C,SER,95.0,43.856,6.296,-10.412,0.51,2.0,0.33
ATOM,1444.0,O,SER,95.0,42.641,6.351,-10.242,-0.51,1.7,14.25
ATOM,1445.0,CB,SER,95.0,45.186,8.025,-9.168,0.05,2.175,11.13
ATOM,1446.0,OG,SER,95.0,45.869,8.284,-7.948,-0.66,1.77,3.78
ATOM,1447.0,H,SER,95.0,46.963,6.102,-9.442,0.31,0.2245,0.0
ATOM,1448.0,HA,SER,95.0,44.328,6.306,-8.394,0.09,1.32,0.0
ATOM,1449.0,HB2,SER,95.0,45.785,8.247,-9.925,0.09,1.32,0.0
ATOM,1450.0,HB3,SER,95.0,44.36,8.571,-9.196,0.09,1.32,9.59
ATOM,1451.0,HG,SER,95.0,46.828,8.024,-8.044,0.43,0.2245,0.0
ATOM,1452.0,N,ASN,96.0,44.415,5.99,-11.582,-0.47,1.85,0.0
ATOM,1453.0,CA,ASN,96.0,43.586,5.656,-12.745,0.07,2.275,0.48
ATOM,1454.0,C,ASN,96.0,42.775,4.384,-12.574,0.51,2.0,0.0
ATOM,1455.0,O,ASN,96.0,41.765,4.204,-13.261,-0.51,1.7,26.14
ATOM,1456.0,CB,ASN,96.0,44.444,5.548,-14.0,-0.18,2.175,5.61
ATOM,1457.0,CG,ASN,96.0,44.765,6.884,-14.588,0.55,2.0,2.04
ATOM,1458.0,H,ASN,96.0,45.445,6.008,-11.599,0.31,0.2245,0.0
ATOM,1459.0,HA,ASN,96.0,42.925,6.42,-12.862,0.09,1.32,5.61
ATOM,1460.0,HB2,ASN,96.0,45.294,5.085,-13.757,0.09,1.32,0.0
ATOM,1461.0,HB3,ASN,96.0,43.944,5.006,-14.673,0.09,1.32,5.81
ATOM,1462.0,OD1,ASN,96.0,44.121,7.885,-14.261,-0.55,1.7,20.96
ATOM,1463.0,ND2,ASN,96.0,45.748,6.92,-15.475,-0.62,1.85,15.39
ATOM,1464.0,HD22,ASN,96.0,46.23,6.078,-15.725,0.3,0.2245,9.15
ATOM,1465.0,HD21,ASN,96.0,46.012,7.787,-15.899,0.32,0.2245,11.41
ATOM,1466.0,N,GLN,97.0,43.187,3.501,-11.671,-0.47,1.85,0.0
ATOM,1467.0,CA,GLN,97.0,42.407,2.298,-11.346,0.07,2.275,1.24
ATOM,1468.0,C,GLN,97.0,41.511,2.473,-10.126,0.51,2.0,1.87
ATOM,1469.0,O,GLN,97.0,41.006,1.495,-9.58,-0.51,1.7,19.86
ATOM,1470.0,CB,GLN,97.0,43.342,1.112,-11.136,-0.18,2.175,0.0
ATOM,1471.0,CG,GLN,97.0,44.108,0.731,-12.385,-0.18,2.175,4.02
ATOM,1472.0,CD,GLN,97.0,43.191,0.373,-13.533,0.55,2.0,2.16
ATOM,1473.0,H,GLN,97.0,44.094,3.727,-11.219,0.31,0.2245,0.0
ATOM,1474.0,HA,GLN,97.0,41.812,2.096,-12.142,0.09,1.32,2.44
ATOM,1475.0,HB2,GLN,97.0,44.002,1.344,-10.423,0.09,1.32,0.0
ATOM,1476.0,HB3,GLN,97.0,42.801,0.322,-10.847,0.09,1.32,0.67
ATOM,1477.0,HG2,GLN,97.0,44.679,1.503,-12.662,0.09,1.32,0.0
ATOM,1478.0,HG3,GLN,97.0,44.687,-0.057,-12.18,0.09,1.32,1.47
ATOM,1479.0,OE1,GLN,97.0,42.199,-0.345,-13.347,-0.55,1.7,31.18
ATOM,1480.0,NE2,GLN,97.0,43.506,0.876,-14.718,-0.62,1.85,19.83
ATOM,1481.0,HE21,GLN,97.0,42.944,0.668,-15.543,0.32,0.2245,22.39
ATOM,1482.0,HE22,GLN,97.0,44.324,1.479,-14.797,0.3,0.2245,9.63
ATOM,1483.0,N,GLY,98.0,41.312,3.714,-9.697,-0.47,1.85,1.82
ATOM,1484.0,CA,GLY,98.0,40.453,3.998,-8.559,-0.02,2.175,18.63
ATOM,1485.0,C,GLY,98.0,41.152,3.862,-7.216,0.51,2.0,0.04
ATOM,1486.0,O,GLY,98.0,40.505,3.926,-6.168,-0.51,1.7,7.71
ATOM,1487.0,H,GLY,98.0,41.814,4.447,-10.235,0.31,0.2245,0.0
ATOM,1488.0,HA2,GLY,98.0,40.082,4.943,-8.646,0.09,1.32,10.72
ATOM,1489.0,HA3,GLY,98.0,39.649,3.371,-8.58,0.09,1.32,9.41
ATOM,1490.0,N,GLY,99.0,42.47,3.691,-7.229,-0.47,1.85,0.07
ATOM,1491.0,CA,GLY,99.0,43.217,3.583,-5.984,-0.02,2.175,0.45
ATOM,1492.0,C,GLY,99.0,43.262,4.896,-5.238,0.51,2.0,0.0
ATOM,1493.0,O,GLY,99.0,43.075,5.962,-5.824,-0.51,1.7,9.6
ATOM,1494.0,H,GLY,99.0,42.9,3.644,-8.166,0.31,0.2245,0.0
ATOM,1495.0,HA2,GLY,99.0,42.789,2.877,-5.398,0.09,1.32,0.0
ATOM,1496.0,HA3,GLY,99.0,44.161,3.277,-6.187,0.09,1.32,0.0
ATOM,1497.0,N,ARG,100.0,43.477,4.8,-3.931,-0.47,1.85,0.0
ATOM,1498.0,CA,ARG,100.0,43.666,5.967,-3.075,0.07,2.275,0.0
ATOM,1499.0,C,ARG,100.0,45.054,5.913,-2.468,0.51,2.0,0.0
ATOM,1500.0,O,ARG,100.0,45.577,4.831,-2.182,-0.51,1.7,0.0
ATOM,1501.0,CB,ARG,100.0,42.65,6.03,-1.929,-0.18,2.175,0.0
ATOM,1502.0,CG,ARG,100.0,41.204,6.137,-2.385,-0.18,2.175,5.29
ATOM,1503.0,CD,ARG,100.0,40.26,6.271,-1.221,0.2,2.175,5.61
ATOM,1504.0,NE,ARG,100.0,40.258,5.081,-0.38,-0.7,1.85,0.0
ATOM,1505.0,CZ,ARG,100.0,39.471,4.916,0.682,0.64,2.0,0.42
ATOM,1506.0,NH1,ARG,100.0,38.614,5.858,1.04,-0.8,1.85,13.44
ATOM,1507.0,NH2,ARG,100.0,39.545,3.799,1.384,-0.8,1.85,6.44
ATOM,1508.0,H,ARG,100.0,43.499,3.819,-3.568,0.31,0.2245,0.0
ATOM,1509.0,HA,ARG,100.0,43.587,6.793,-3.633,0.09,1.32,2.86
ATOM,1510.0,HB2,ARG,100.0,42.743,5.201,-1.386,0.09,1.32,0.0
ATOM,1511.0,HB3,ARG,100.0,42.859,6.829,-1.373,0.09,1.32,0.0
ATOM,1512.0,HG2,ARG,100.0,41.102,6.94,-2.971,0.09,1.32,7.77
ATOM,1513.0,HG3,ARG,100.0,40.96,5.315,-2.898,0.09,1.32,0.0
ATOM,1514.0,HD2,ARG,100.0,40.542,7.057,-0.674,0.09,1.32,0.0
ATOM,1515.0,HD3,ARG,100.0,39.339,6.421,-1.578,0.09,1.32,9.42
ATOM,1516.0,HE,ARG,100.0,40.891,4.335,-0.615,0.44,0.2245,0.0
ATOM,1517.0,HH11,ARG,100.0,38.527,6.7,0.511,0.46,0.2245,8.32
ATOM,1518.0,HH12,ARG,100.0,38.039,5.727,1.856,0.46,0.2245,7.0
ATOM,1519.0,HH21,ARG,100.0,40.177,3.071,1.106,0.46,0.2245,0.0
ATOM,1520.0,HH22,ARG,100.0,38.971,3.673,2.194,0.46,0.2245,0.0
ATOM,1521.0,N,HIS,101.0,45.62,7.101,-2.255,-0.47,1.85,0.0
ATOM,1522.0,CA,HIS,101.0,46.933,7.279,-1.68,0.07,2.275,0.0
ATOM,1523.0,C,HIS,101.0,46.814,8.029,-0.373,0.51,2.0,0.0
ATOM,1524.0,O,HIS,101.0,46.082,9.003,-0.271,-0.51,1.7,0.0
ATOM,1525.0,CB,HIS,101.0,47.828,8.101,-2.602,-0.09,2.175,0.0
ATOM,1526.0,CG,HIS,101.0,47.997,7.528,-3.968,-0.05,1.8,0.0
ATOM,1527.0,H,HIS,101.0,45.01,7.912,-2.55,0.31,0.2245,0.38
ATOM,1528.0,HA,HIS,101.0,47.328,6.375,-1.492,0.09,1.32,0.0
ATOM,1529.0,HB2,HIS,101.0,47.44,9.029,-2.693,0.09,1.32,0.0
ATOM,1530.0,HB3,HIS,101.0,48.741,8.187,-2.179,0.09,1.32,0.0
ATOM,1531.0,ND1,HIS,101.0,48.757,6.406,-4.219,-0.36,1.85,0.0
ATOM,1532.0,CD2,HIS,101.0,47.51,7.936,-5.164,0.22,1.8,0.05
ATOM,1533.0,CE1,HIS,101.0,48.725,6.142,-5.514,0.25,1.8,0.0
ATOM,1534.0,NE2,HIS,101.0,47.98,7.055,-6.108,-0.7,1.85,0.0
ATOM,1535.0,HD1,HIS,101.0,49.251,5.878,-3.531,0.32,0.2245,0.0
ATOM,1536.0,HD2,HIS,101.0,46.925,8.723,-5.33,0.1,1.468,0.5
ATOM,1537.0,HE1,HIS,101.0,49.186,5.383,-5.965,0.13,0.9,0.0
ATOM,1538.0,N,PHE,102.0,47.58,7.576,0.61,-0.47,1.85,0.0
ATOM,1539.0,CA,PHE,102.0,47.706,8.23,1.905,0.07,2.275,0.0
ATOM,1540.0,C,PHE,102.0,49.18,8.378,2.198,0.51,2.0,0.0
ATOM,1541.0,O,PHE,102.0,50.007,7.654,1.646,-0.51,1.7,0.0
ATOM,1542.0,CB,PHE,102.0,47.026,7.411,3.004,-0.18,2.175,0.0
ATOM,1543.0,CG,PHE,102.0,45.588,7.134,2.718,0.0,1.9924,0.0
ATOM,1544.0,CD1,PHE,102.0,44.604,8.007,3.134,-0.115,1.9924,0.0
ATOM,1545.0,CD2,PHE,102.0,45.219,6.018,1.987,-0.115,1.9924,0.0
ATOM,1546.0,CE1,PHE,102.0,43.275,7.748,2.845,-0.115,1.9924,0.0
ATOM,1547.0,CE2,PHE,102.0,43.898,5.772,1.697,-0.115,1.9924,0.0
ATOM,1548.0,CZ,PHE,102.0,42.935,6.629,2.121,-0.115,1.9924,0.0
ATOM,1549.0,H,PHE,102.0,48.098,6.689,0.372,0.31,0.2245,0.0
ATOM,1550.0,HA,PHE,102.0,47.333,9.147,1.805,0.09,1.32,0.0
ATOM,1551.0,HB2,PHE,102.0,47.501,6.55,3.073,0.09,1.32,0.0
ATOM,1552.0,HB3,PHE,102.0,47.083,7.928,3.842,0.09,1.32,0.0
ATOM,1553.0,HD1,PHE,102.0,44.843,8.827,3.642,0.115,1.3582,0.0
ATOM,1554.0,HD2,PHE,102.0,45.927,5.384,1.666,0.115,1.3582,0.0
ATOM,1555.0,HE1,PHE,102.0,42.564,8.386,3.171,0.115,1.3582,0.0
ATOM,1556.0,HE2,PHE,102.0,43.654,4.937,1.161,0.115,1.3582,0.0
ATOM,1557.0,HZ,PHE,102.0,41.964,6.456,1.91,0.115,1.3582,0.0
ATOM,1558.0,N,LEU,103.0,49.524,9.313,3.075,-0.47,1.85,0.0
ATOM,1559.0,CA,LEU,103.0,50.921,9.501,3.464,0.07,2.275,0.0
ATOM,1560.0,C,LEU,103.0,51.0,9.606,4.97,0.51,2.0,0.0
ATOM,1561.0,O,LEU,103.0,50.195,10.321,5.569,-0.51,1.7,0.0
ATOM,1562.0,CB,LEU,103.0,51.501,10.762,2.824,-0.18,2.175,0.0
ATOM,1563.0,CG,LEU,103.0,52.999,11.06,2.935,-0.09,2.275,0.0
ATOM,1564.0,CD1,LEU,103.0,53.809,10.097,2.154,-0.27,2.06,0.0
ATOM,1565.0,CD2,LEU,103.0,53.255,12.461,2.413,-0.27,2.06,0.0
ATOM,1566.0,H,LEU,103.0,48.744,9.879,3.448,0.31,0.2245,0.0
ATOM,1567.0,HA,LEU,103.0,51.443,8.702,3.168,0.09,1.32,0.0
ATOM,1568.0,HB2,LEU,103.0,51.28,10.731,1.835,0.09,1.32,0.0
ATOM,1569.0,HB3,LEU,103.0,51.013,11.557,3.218,0.09,1.32,0.0
ATOM,1570.0,HG,LEU,103.0,53.255,11.024,3.91,0.09,1.32,0.0
ATOM,1571.0,HD11,LEU,103.0,53.561,10.134,1.178,0.09,1.32,0.0
ATOM,1572.0,HD12,LEU,103.0,54.79,10.308,2.239,0.09,1.32,0.0
ATOM,1573.0,HD13,LEU,103.0,53.658,9.157,2.484,0.09,1.32,0.0
ATOM,1574.0,HD21,LEU,103.0,52.736,13.123,2.957,0.09,1.32,0.0
ATOM,1575.0,HD22,LEU,103.0,54.232,12.672,2.479,0.09,1.32,0.0
ATOM,1576.0,HD23,LEU,103.0,52.967,12.522,1.456,0.09,1.32,0.0
ATOM,1577.0,N,VAL,104.0,51.939,8.877,5.576,-0.47,1.85,0.0
ATOM,1578.0,CA,VAL,104.0,52.211,9.008,7.01,0.07,2.275,0.0
ATOM,1579.0,C,VAL,104.0,53.652,9.448,7.187,0.51,2.0,0.0
ATOM,1580.0,O,VAL,104.0,54.575,8.794,6.693,-0.51,1.7,0.0
ATOM,1581.0,CB,VAL,104.0,51.952,7.701,7.77,-0.09,2.275,0.0
ATOM,1582.0,CG1,VAL,104.0,52.39,7.825,9.233,-0.27,2.06,3.3
ATOM,1583.0,CG2,VAL,104.0,50.487,7.342,7.706,-0.27,2.06,0.0
ATOM,1584.0,H,VAL,104.0,52.45,8.222,4.956,0.31,0.2245,0.0
ATOM,1585.0,HA,VAL,104.0,51.618,9.723,7.373,0.09,1.32,0.0
ATOM,1586.0,HB,VAL,104.0,52.518,6.99,7.362,0.09,1.32,0.25
ATOM,1587.0,HG11,VAL,104.0,52.02,8.669,9.617,0.09,1.32,0.09
ATOM,1588.0,HG12,VAL,104.0,52.045,7.042,9.747,0.09,1.32,0.0
ATOM,1589.0,HG13,VAL,104.0,53.387,7.844,9.277,0.09,1.32,0.0
ATOM,1590.0,HG21,VAL,104.0,50.12,7.588,6.807,0.09,1.32,0.0
ATOM,1591.0,HG22,VAL,104.0,50.376,6.357,7.852,0.09,1.32,0.0
ATOM,1592.0,HG23,VAL,104.0,49.987,7.841,8.417,0.09,1.32,0.0
ATOM,1593.0,N,SER,105.0,53.822,10.56,7.899,-0.47,1.85,0.0
ATOM,1594.0,CA,SER,105.0,55.141,11.098,8.199,0.07,2.275,0.25
ATOM,1595.0,C,SER,105.0,55.21,11.484,9.668,0.51,2.0,0.0
ATOM,1596.0,O,SER,105.0,54.223,11.9,10.262,-0.51,1.7,3.44
ATOM,1597.0,CB,SER,105.0,55.412,12.334,7.35,0.05,2.175,0.57
ATOM,1598.0,OG,SER,105.0,56.694,12.898,7.639,-0.66,1.77,4.02
ATOM,1599.0,H,SER,105.0,52.935,11.006,8.219,0.31,0.2245,0.0
ATOM,1600.0,HA,SER,105.0,55.818,10.377,8.036,0.09,1.32,1.95
ATOM,1601.0,HB2,SER,105.0,55.387,12.081,6.387,0.09,1.32,0.0
ATOM,1602.0,HB3,SER,105.0,54.714,13.02,7.54,0.09,1.32,0.0
ATOM,1603.0,HG,SER,105.0,56.778,13.774,7.171,0.43,0.2245,0.0
ATOM,1604.0,N,HIS,106.0,56.413,11.363,10.212,-0.47,1.85,0.0
ATOM,1605.0,CA,HIS,106.0,56.717,11.857,11.551,0.07,2.275,1.06
ATOM,1606.0,C,HIS,106.0,57.103,13.323,11.554,0.51,2.0,0.0
ATOM,1607.0,O,HIS,106.0,57.214,13.911,12.628,-0.51,1.7,13.46
ATOM,1608.0,CB,HIS,106.0,57.906,11.115,12.121,-0.08,2.175,5.28
ATOM,1609.0,CG,HIS,106.0,57.721,9.639,12.215,0.22,1.8,0.0
ATOM,1610.0,ND1,HIS,106.0,56.477,9.058,12.284,-0.7,1.85,3.9
ATOM,1611.0,CD2,HIS,106.0,58.616,8.621,12.218,-0.05,1.8,6.72
ATOM,1612.0,CE1,HIS,106.0,56.614,7.744,12.342,0.25,1.8,0.32
ATOM,1613.0,NE2,HIS,106.0,57.9,7.455,12.299,-0.36,1.85,0.0
ATOM,1614.0,H,HIS,106.0,57.118,10.889,9.607,0.31,0.2245,5.26
ATOM,1615.0,HA,HIS,106.0,55.89,11.744,12.125,0.09,1.32,3.52
ATOM,1616.0,HB2,HIS,106.0,58.718,11.294,11.545,0.09,1.32,5.62
ATOM,1617.0,HB3,HIS,106.0,58.103,11.467,13.048,0.09,1.32,2.29
ATOM,1618.0,HD2,HIS,106.0,59.608,8.705,12.172,0.09,1.468,3.79
ATOM,1619.0,HE1,HIS,106.0,55.87,7.084,12.409,0.13,0.9,0.17
ATOM,1620.0,HE2,HIS,106.0,58.29,6.531,12.32,0.32,0.2245,0.0
ATOM,1621.0,N,ARG,107.0,57.362,13.886,10.379,-0.47,1.85,0.0
ATOM,1622.0,CA,ARG,107.0,57.777,15.275,10.272,0.07,2.275,0.0
ATOM,1623.0,C,ARG,107.0,56.583,16.189,10.477,0.51,2.0,0.0
ATOM,1624.0,O,ARG,107.0,55.421,15.759,10.407,-0.51,1.7,0.0
ATOM,1625.0,CB,ARG,107.0,58.428,15.535,8.918,-0.18,2.175,1.39
ATOM,1626.0,CG,ARG,107.0,59.661,14.725,8.665,-0.18,2.175,6.44
ATOM,1627.0,CD,ARG,107.0,60.873,15.316,9.353,0.2,2.175,7.69
ATOM,1628.0,NE,ARG,107.0,62.024,14.434,9.257,-0.7,1.85,7.72
ATOM,1629.0,CZ,ARG,107.0,63.258,14.758,9.633,0.64,2.0,4.21
ATOM,1630.0,NH1,ARG,107.0,63.507,15.96,10.141,-0.8,1.85,26.79
ATOM,1631.0,NH2,ARG,107.0,64.24,13.887,9.505,-0.8,1.85,29.04
ATOM,1632.0,H,ARG,107.0,57.244,13.257,9.56,0.31,0.2245,0.0
ATOM,1633.0,HA,ARG,107.0,58.458,15.468,10.985,0.09,1.32,3.23
ATOM,1634.0,HB2,ARG,107.0,57.757,15.324,8.208,0.09,1.32,0.0
ATOM,1635.0,HB3,ARG,107.0,58.669,16.503,8.873,0.09,1.32,0.76
ATOM,1636.0,HG2,ARG,107.0,59.535,13.794,9.009,0.09,1.32,1.49
ATOM,1637.0,HG3,ARG,107.0,59.852,14.691,7.683,0.09,1.32,8.34
ATOM,1638.0,HD2,ARG,107.0,61.085,16.186,8.916,0.09,1.32,5.23
ATOM,1639.0,HD3,ARG,107.0,60.645,15.46,10.312,0.09,1.32,4.74
ATOM,1640.0,HE,ARG,107.0,61.88,13.508,8.878,0.44,0.2245,11.15
ATOM,1641.0,HH11,ARG,107.0,62.778,16.627,10.267,0.46,0.2245,11.57
ATOM,1642.0,HH12,ARG,107.0,64.449,16.201,10.404,0.46,0.2245,18.7
ATOM,1643.0,HH21,ARG,107.0,64.05,12.97,9.14,0.46,0.2245,18.42
ATOM,1644.0,HH22,ARG,107.0,65.173,14.131,9.769,0.46,0.2245,18.61
ATOM,1645.0,N,ASN,108.0,56.866,17.461,10.742,-0.47,1.85,1.24
ATOM,1646.0,CA,ASN,108.0,55.828,18.461,10.912,0.07,2.275,0.0
ATOM,1647.0,C,ASN,108.0,55.249,18.893,9.551,0.51,2.0,0.0
ATOM,1648.0,O,ASN,108.0,55.497,18.253,8.535,-0.51,1.7,0.0
ATOM,1649.0,CB,ASN,108.0,56.348,19.647,11.751,-0.18,2.175,8.08
ATOM,1650.0,CG,ASN,108.0,57.427,20.446,11.056,0.55,2.0,1.39
ATOM,1651.0,H,ASN,108.0,57.884,17.671,10.815,0.31,0.2245,4.61
ATOM,1652.0,HA,ASN,108.0,55.073,18.034,11.42,0.09,1.32,0.0
ATOM,1653.0,HB2,ASN,108.0,55.575,20.248,11.946,0.09,1.32,5.61
ATOM,1654.0,HB3,ASN,108.0,56.715,19.282,12.605,0.09,1.32,6.83
ATOM,1655.0,OD1,ASN,108.0,57.638,20.324,9.852,-0.55,1.7,3.54
ATOM,1656.0,ND2,ASN,108.0,58.126,21.285,11.827,-0.62,1.85,29.23
ATOM,1657.0,HD22,ASN,108.0,57.924,21.349,12.803,0.3,0.2245,17.52
ATOM,1658.0,HD21,ASN,108.0,58.849,21.844,11.425,0.32,0.2245,20.9
ATOM,1659.0,N,ASP,109.0,54.49,19.979,9.542,-0.47,1.85,0.27
ATOM,1660.0,CA,ASP,109.0,53.77,20.377,8.33,0.07,2.275,0.04
ATOM,1661.0,C,ASP,109.0,54.663,20.878,7.165,0.51,2.0,0.99
ATOM,1662.0,O,ASP,109.0,54.133,21.227,6.113,-0.51,1.7,3.25
ATOM,1663.0,CB,ASP,109.0,52.64,21.362,8.677,-0.28,2.175,13.46
ATOM,1664.0,CG,ASP,109.0,51.44,20.686,9.338,0.62,2.0,0.0
ATOM,1665.0,OD1,ASP,109.0,51.258,19.448,9.208,-0.76,1.7,2.43
ATOM,1666.0,OD2,ASP,109.0,50.637,21.4,9.975,-0.76,1.7,33.33
ATOM,1667.0,H,ASP,109.0,54.45,20.503,10.429,0.31,0.2245,3.3
ATOM,1668.0,HA,ASP,109.0,53.284,19.55,7.982,0.09,1.32,0.0
ATOM,1669.0,HB2,ASP,109.0,53.007,22.04,9.303,0.09,1.32,9.54
ATOM,1670.0,HB3,ASP,109.0,52.338,21.791,7.835,0.09,1.32,2.44
ATOM,1671.0,N,GLN,110.0,55.995,20.883,7.305,-0.47,1.85,4.37
ATOM,1672.0,CA,GLN,110.0,56.892,21.065,6.131,0.07,2.275,0.78
ATOM,1673.0,C,GLN,110.0,56.677,19.991,5.057,0.51,2.0,0.0
ATOM,1674.0,O,GLN,110.0,56.9,20.218,3.861,-0.51,1.7,0.0
ATOM,1675.0,CB,GLN,110.0,58.38,21.054,6.522,-0.18,2.175,1.85
ATOM,1676.0,CG,GLN,110.0,59.301,21.55,5.388,-0.18,2.175,3.84
ATOM,1677.0,CD,GLN,110.0,60.764,21.154,5.537,0.55,2.0,3.56
ATOM,1678.0,H,GLN,110.0,56.341,20.754,8.264,0.31,0.2245,0.05
ATOM,1679.0,HA,GLN,110.0,56.673,21.961,5.723,0.09,1.32,0.0
ATOM,1680.0,HB2,GLN,110.0,58.513,21.652,7.304,0.09,1.32,6.68
ATOM,1681.0,HB3,GLN,110.0,58.648,20.123,6.746,0.09,1.32,1.61
ATOM,1682.0,HG2,GLN,110.0,58.955,21.178,4.52,0.09,1.32,0.0
ATOM,1683.0,HG3,GLN,110.0,59.241,22.553,5.354,0.09,1.32,2.97
ATOM,1684.0,OE1,GLN,110.0,61.176,20.585,6.554,-0.55,1.7,34.1
ATOM,1685.0,NE2,GLN,110.0,61.56,21.457,4.509,-0.62,1.85,15.12
ATOM,1686.0,HE21,GLN,110.0,62.551,21.236,4.542,0.32,0.2245,8.81
ATOM,1687.0,HE22,GLN,110.0,61.156,21.911,3.695,0.3,0.2245,4.37
ATOM,1688.0,N,VAL,111.0,56.266,18.81,5.488,-0.47,1.85,0.62
ATOM,1689.0,CA,VAL,111.0,55.874,17.737,4.573,0.07,2.275,0.57
ATOM,1690.0,C,VAL,111.0,54.976,18.301,3.492,0.51,2.0,0.0
ATOM,1691.0,O,VAL,111.0,55.113,17.967,2.318,-0.51,1.7,0.0
ATOM,1692.0,CB,VAL,111.0,55.14,16.592,5.335,-0.09,2.275,0.0
ATOM,1693.0,CG1,VAL,111.0,54.423,15.635,4.366,-0.27,2.06,0.0
ATOM,1694.0,CG2,VAL,111.0,56.13,15.823,6.198,-0.27,2.06,1.86
ATOM,1695.0,H,VAL,111.0,56.244,18.706,6.525,0.31,0.2245,0.0
ATOM,1696.0,HA,VAL,111.0,56.704,17.381,4.14,0.09,1.32,0.46
ATOM,1697.0,HB,VAL,111.0,54.435,17.012,5.899,0.09,1.32,0.0
ATOM,1698.0,HG11,VAL,111.0,54.286,14.757,4.818,0.09,1.32,0.0
ATOM,1699.0,HG12,VAL,111.0,53.542,16.028,4.113,0.09,1.32,0.0
ATOM,1700.0,HG13,VAL,111.0,54.986,15.514,3.552,0.09,1.32,0.0
ATOM,1701.0,HG21,VAL,111.0,56.64,16.467,6.768,0.09,1.32,0.0
ATOM,1702.0,HG22,VAL,111.0,55.631,15.181,6.78,0.09,1.32,0.0
ATOM,1703.0,HG23,VAL,111.0,56.762,15.322,5.608,0.09,1.32,0.0
ATOM,1704.0,N,LEU,112.0,54.049,19.164,3.883,-0.47,1.85,0.0
ATOM,1705.0,CA,LEU,112.0,53.05,19.628,2.951,0.07,2.275,0.55
ATOM,1706.0,C,LEU,112.0,53.7,20.48,1.868,0.51,2.0,0.19
ATOM,1707.0,O,LEU,112.0,53.315,20.391,0.702,-0.51,1.7,0.62
ATOM,1708.0,CB,LEU,112.0,51.937,20.371,3.68,-0.18,2.175,7.48
ATOM,1709.0,CG,LEU,112.0,51.291,19.605,4.846,-0.09,2.275,0.0
ATOM,1710.0,CD1,LEU,112.0,50.134,20.41,5.42,-0.27,2.06,26.68
ATOM,1711.0,CD2,LEU,112.0,50.837,18.218,4.448,-0.27,2.06,2.85
ATOM,1712.0,H,LEU,112.0,54.108,19.458,4.87,0.31,0.2245,0.0
ATOM,1713.0,HA,LEU,112.0,52.619,18.835,2.51,0.09,1.32,0.0
ATOM,1714.0,HB2,LEU,112.0,52.317,21.208,4.055,0.09,1.32,2.43
ATOM,1715.0,HB3,LEU,112.0,51.218,20.571,3.027,0.09,1.32,7.45
ATOM,1716.0,HG,LEU,112.0,51.978,19.457,5.553,0.09,1.32,0.0
ATOM,1717.0,HD11,LEU,112.0,49.448,20.564,4.708,0.09,1.32,10.11
ATOM,1718.0,HD12,LEU,112.0,49.719,19.906,6.178,0.09,1.32,5.5
ATOM,1719.0,HD13,LEU,112.0,50.472,21.291,5.753,0.09,1.32,5.07
ATOM,1720.0,HD21,LEU,112.0,51.622,17.683,4.128,0.09,1.32,0.0
ATOM,1721.0,HD22,LEU,112.0,50.424,17.757,5.236,0.09,1.32,0.98
ATOM,1722.0,HD23,LEU,112.0,50.16,18.281,3.712,0.09,1.32,7.64
ATOM,1723.0,N,GLU,113.0,54.691,21.286,2.249,-0.47,1.85,0.27
ATOM,1724.0,CA,GLU,113.0,55.447,22.098,1.286,0.07,2.275,1.12
ATOM,1725.0,C,GLU,113.0,56.194,21.243,0.278,0.51,2.0,0.0
ATOM,1726.0,O,GLU,113.0,56.254,21.566,-0.903,-0.51,1.7,0.01
ATOM,1727.0,CB,GLU,113.0,56.477,22.977,2.005,-0.18,2.175,0.47
ATOM,1728.0,CG,GLU,113.0,55.896,24.011,2.963,-0.28,2.175,13.44
ATOM,1729.0,CD,GLU,113.0,56.952,24.665,3.851,0.62,2.0,3.16
ATOM,1730.0,OE1,GLU,113.0,58.169,24.515,3.577,-0.76,1.7,14.89
ATOM,1731.0,OE2,GLU,113.0,56.561,25.33,4.832,-0.76,1.7,41.72
ATOM,1732.0,H,GLU,113.0,54.881,21.292,3.269,0.31,0.2245,0.0
ATOM,1733.0,HA,GLU,113.0,54.81,22.717,0.801,0.09,1.32,2.94
ATOM,1734.0,HB2,GLU,113.0,57.063,22.38,2.532,0.09,1.32,0.0
ATOM,1735.0,HB3,GLU,113.0,56.988,23.465,1.314,0.09,1.32,0.0
ATOM,1736.0,HG2,GLU,113.0,55.477,24.723,2.432,0.09,1.32,10.91
ATOM,1737.0,HG3,GLU,113.0,55.254,23.56,3.555,0.09,1.32,0.91
ATOM,1738.0,N,ILE,114.0,56.785,20.156,0.746,-0.47,1.85,0.0
ATOM,1739.0,CA,ILE,114.0,57.504,19.248,-0.137,0.07,2.275,0.0
ATOM,1740.0,C,ILE,114.0,56.564,18.644,-1.182,0.51,2.0,0.0
ATOM,1741.0,O,ILE,114.0,56.92,18.543,-2.353,-0.51,1.7,0.0
ATOM,1742.0,CB,ILE,114.0,58.195,18.118,0.659,-0.09,2.275,0.0
ATOM,1743.0,CG1,ILE,114.0,59.258,18.711,1.594,-0.18,2.175,2.32
ATOM,1744.0,CG2,ILE,114.0,58.813,17.068,-0.267,-0.27,2.06,0.0
ATOM,1745.0,CD1,ILE,114.0,60.435,19.353,0.902,-0.27,2.06,1.94
ATOM,1746.0,H,ILE,114.0,56.695,20.01,1.768,0.31,0.2245,0.0
ATOM,1747.0,HA,ILE,114.0,58.168,19.808,-0.642,0.09,1.32,0.0
ATOM,1748.0,HB,ILE,114.0,57.508,17.674,1.218,0.09,1.32,0.0
ATOM,1749.0,HG12,ILE,114.0,58.811,19.393,2.181,0.09,1.32,0.0
ATOM,1750.0,HG13,ILE,114.0,59.595,17.972,2.186,0.09,1.32,5.83
ATOM,1751.0,HG21,ILE,114.0,59.206,16.335,0.283,0.09,1.32,0.0
ATOM,1752.0,HG22,ILE,114.0,58.105,16.698,-0.864,0.09,1.32,0.07
ATOM,1753.0,HG23,ILE,114.0,59.527,17.494,-0.818,0.09,1.32,0.0
ATOM,1754.0,HD11,ILE,114.0,60.114,20.103,0.324,0.09,1.32,0.0
ATOM,1755.0,HD12,ILE,114.0,61.071,19.709,1.587,0.09,1.32,0.02
ATOM,1756.0,HD13,ILE,114.0,60.901,18.673,0.336,0.09,1.32,0.0
ATOM,1757.0,N,LEU,115.0,55.369,18.249,-0.763,-0.47,1.85,0.0
ATOM,1758.0,CA,LEU,115.0,54.387,17.67,-1.685,0.07,2.275,0.0
ATOM,1759.0,C,LEU,115.0,53.926,18.679,-2.736,0.51,2.0,0.0
ATOM,1760.0,O,LEU,115.0,53.644,18.311,-3.879,-0.51,1.7,0.0
ATOM,1761.0,CB,LEU,115.0,53.184,17.145,-0.906,-0.18,2.175,0.0
ATOM,1762.0,CG,LEU,115.0,53.477,16.07,0.141,-0.09,2.275,0.0
ATOM,1763.0,CD1,LEU,115.0,52.196,15.629,0.831,-0.27,2.06,1.08
ATOM,1764.0,CD2,LEU,115.0,54.174,14.879,-0.496,-0.27,2.06,0.0
ATOM,1765.0,H,LEU,115.0,55.19,18.381,0.249,0.31,0.2245,0.0
ATOM,1766.0,HA,LEU,115.0,54.817,16.89,-2.16,0.09,1.32,0.0
ATOM,1767.0,HB2,LEU,115.0,52.766,17.915,-0.431,0.09,1.32,0.35
ATOM,1768.0,HB3,LEU,115.0,52.541,16.756,-1.559,0.09,1.32,0.0
ATOM,1769.0,HG,LEU,115.0,54.11,16.442,0.821,0.09,1.32,0.0
ATOM,1770.0,HD11,LEU,115.0,51.562,15.255,0.153,0.09,1.32,0.0
ATOM,1771.0,HD12,LEU,115.0,52.407,14.927,1.512,0.09,1.32,0.0
ATOM,1772.0,HD13,LEU,115.0,51.772,16.414,1.284,0.09,1.32,0.95
ATOM,1773.0,HD21,LEU,115.0,55.038,15.175,-0.906,0.09,1.32,0.0
ATOM,1774.0,HD22,LEU,115.0,54.358,14.185,0.202,0.09,1.32,0.0
ATOM,1775.0,HD23,LEU,115.0,53.587,14.487,-1.206,0.09,1.32,0.0
ATOM,1776.0,N,GLU,116.0,53.847,19.947,-2.36,-0.47,1.85,0.0
ATOM,1777.0,CA,GLU,116.0,53.522,21.008,-3.311,0.07,2.275,0.0
ATOM,1778.0,C,GLU,116.0,54.669,21.248,-4.295,0.51,2.0,0.23
ATOM,1779.0,O,GLU,116.0,54.462,21.323,-5.512,-0.51,1.7,10.39
ATOM,1780.0,CB,GLU,116.0,53.204,22.312,-2.571,-0.18,2.175,9.59
ATOM,1781.0,CG,GLU,116.0,51.914,22.298,-1.782,-0.28,2.175,10.14
ATOM,1782.0,CD,GLU,116.0,50.674,22.111,-2.635,0.62,2.0,2.97
ATOM,1783.0,OE1,GLU,116.0,50.707,22.444,-3.84,-0.76,1.7,31.64
ATOM,1784.0,OE2,GLU,116.0,49.653,21.647,-2.084,-0.76,1.7,31.13
ATOM,1785.0,H,GLU,116.0,54.032,20.12,-1.354,0.31,0.2245,0.0
ATOM,1786.0,HA,GLU,116.0,52.69,20.76,-3.824,0.09,1.32,0.15
ATOM,1787.0,HB2,GLU,116.0,53.944,22.481,-1.938,0.09,1.32,0.14
ATOM,1788.0,HB3,GLU,116.0,53.137,23.028,-3.248,0.09,1.32,7.47
ATOM,1789.0,HG2,GLU,116.0,51.948,21.546,-1.142,0.09,1.32,0.15
ATOM,1790.0,HG3,GLU,116.0,51.823,23.164,-1.315,0.09,1.32,11.16
ATOM,1791.0,N,LYS,117.0,55.887,21.371,-3.782,-0.47,1.85,0.0
ATOM,1792.0,CA,LYS,117.0,57.035,21.648,-4.632,0.07,2.275,1.18
ATOM,1793.0,C,LYS,117.0,57.288,20.535,-5.642,0.51,2.0,0.0
ATOM,1794.0,O,LYS,117.0,57.773,20.801,-6.744,-0.51,1.7,24.71
ATOM,1795.0,CB,LYS,117.0,58.291,21.868,-3.788,-0.18,2.175,1.46
ATOM,1796.0,CG,LYS,117.0,58.323,23.196,-3.065,-0.18,2.175,7.52
ATOM,1797.0,CD,LYS,117.0,59.663,23.403,-2.384,-0.18,2.175,0.16
ATOM,1798.0,CE,LYS,117.0,59.543,23.395,-0.887,0.21,2.175,0.56
ATOM,1799.0,NZ,LYS,117.0,58.945,24.683,-0.437,-0.3,1.85,9.79
ATOM,1800.0,H,LYS,117.0,55.945,21.256,-2.755,0.31,0.2245,0.0
ATOM,1801.0,HA,LYS,117.0,56.868,22.51,-5.138,0.09,1.32,8.24
ATOM,1802.0,HB2,LYS,117.0,58.341,21.136,-3.11,0.09,1.32,0.0
ATOM,1803.0,HB3,LYS,117.0,59.084,21.817,-4.394,0.09,1.32,0.82
ATOM,1804.0,HG2,LYS,117.0,58.178,23.933,-3.723,0.09,1.32,10.26
ATOM,1805.0,HG3,LYS,117.0,57.603,23.213,-2.374,0.09,1.32,0.49
ATOM,1806.0,HD2,LYS,117.0,60.28,22.668,-2.664,0.09,1.32,0.0
ATOM,1807.0,HD3,LYS,117.0,60.037,24.283,-2.675,0.09,1.32,4.1
ATOM,1808.0,HE2,LYS,117.0,58.953,22.646,-0.603,0.05,1.32,0.0
ATOM,1809.0,HE3,LYS,117.0,60.445,23.296,-0.48,0.05,1.32,2.39
ATOM,1810.0,HZ1,LYS,117.0,58.76,25.258,-1.233,0.33,0.2245,11.9
ATOM,1811.0,HZ2,LYS,117.0,58.091,24.5,0.049,0.33,0.2245,2.27
ATOM,1812.0,HZ3,LYS,117.0,59.585,25.15,0.173,0.33,0.2245,15.6
ATOM,1813.0,N,THR,118.0,56.97,19.296,-5.273,-0.47,1.85,0.0
ATOM,1814.0,CA,THR,118.0,57.152,18.144,-6.163,0.07,2.275,2.02
ATOM,1815.0,C,THR,118.0,55.888,17.78,-6.949,0.51,2.0,0.35
ATOM,1816.0,O,THR,118.0,55.88,16.791,-7.692,-0.51,1.7,8.2
ATOM,1817.0,CB,THR,118.0,57.631,16.909,-5.38,0.14,2.275,0.29
ATOM,1818.0,OG1,THR,118.0,56.678,16.586,-4.37,-0.66,1.77,0.04
ATOM,1819.0,CG2,THR,118.0,58.986,17.163,-4.739,-0.27,2.06,0.13
ATOM,1820.0,H,THR,118.0,56.585,19.214,-4.31,0.31,0.2245,0.0
ATOM,1821.0,HA,THR,118.0,57.883,18.37,-6.829,0.09,1.32,6.68
ATOM,1822.0,HB,THR,118.0,57.698,16.119,-6.023,0.09,1.32,0.0
ATOM,1823.0,HG21,THR,118.0,59.048,18.118,-4.44,0.09,1.32,0.0
ATOM,1824.0,HG22,THR,118.0,59.105,16.562,-3.945,0.09,1.32,0.0
ATOM,1825.0,HG23,THR,118.0,59.716,16.979,-5.401,0.09,1.32,0.62
ATOM,1826.0,HG1,THR,118.0,56.739,17.238,-3.605,0.43,0.2245,0.0
ATOM,1827.0,N,SER,119.0,54.839,18.58,-6.791,-0.47,1.85,0.0
ATOM,1828.0,CA,SER,119.0,53.591,18.418,-7.544,0.07,2.275,2.26
ATOM,1829.0,C,SER,119.0,52.967,17.034,-7.385,0.51,2.0,0.23
ATOM,1830.0,O,SER,119.0,52.408,16.486,-8.338,-0.51,1.7,13.55
ATOM,1831.0,CB,SER,119.0,53.813,18.752,-9.025,0.05,2.175,22.99
ATOM,1832.0,OG,SER,119.0,54.287,20.081,-9.146,-0.66,1.77,27.82
ATOM,1833.0,H,SER,119.0,54.976,19.338,-6.083,0.31,0.2245,0.0
ATOM,1834.0,HA,SER,119.0,52.927,19.1,-7.193,0.09,1.32,6.13
ATOM,1835.0,HB2,SER,119.0,54.488,18.13,-9.394,0.09,1.32,5.47
ATOM,1836.0,HB3,SER,119.0,52.95,18.669,-9.502,0.09,1.32,8.92
ATOM,1837.0,HG,SER,119.0,54.351,20.496,-8.239,0.43,0.2245,4.54
ATOM,1838.0,N,ILE,120.0,53.032,16.474,-6.184,-0.47,1.85,0.0
ATOM,1839.0,CA,ILE,120.0,52.277,15.249,-5.9,0.07,2.275,0.0
ATOM,1840.0,C,ILE,120.0,51.224,15.406,-4.794,0.51,2.0,0.0
ATOM,1841.0,O,ILE,120.0,50.554,14.445,-4.445,-0.51,1.7,0.0
ATOM,1842.0,CB,ILE,120.0,53.197,14.038,-5.625,-0.09,2.275,0.0
ATOM,1843.0,CG1,ILE,120.0,54.097,14.281,-4.409,-0.18,2.175,0.0
ATOM,1844.0,CG2,ILE,120.0,54.014,13.715,-6.874,-0.27,2.06,0.0
ATOM,1845.0,CD1,ILE,120.0,54.833,13.035,-3.944,-0.27,2.06,0.0
ATOM,1846.0,H,ILE,120.0,53.63,16.95,-5.499,0.31,0.2245,0.0
ATOM,1847.0,HA,ILE,120.0,51.769,15.028,-6.749,0.09,1.32,0.0
ATOM,1848.0,HB,ILE,120.0,52.616,13.252,-5.427,0.09,1.32,0.0
ATOM,1849.0,HG12,ILE,120.0,54.765,14.981,-4.645,0.09,1.32,0.0
ATOM,1850.0,HG13,ILE,120.0,53.528,14.613,-3.66,0.09,1.32,0.0
ATOM,1851.0,HG21,ILE,120.0,54.555,12.892,-6.712,0.09,1.32,0.0
ATOM,1852.0,HG22,ILE,120.0,53.397,13.563,-7.643,0.09,1.32,0.0
ATOM,1853.0,HG23,ILE,120.0,54.622,14.479,-7.079,0.09,1.32,0.0
ATOM,1854.0,HD11,ILE,120.0,55.411,12.7,-4.685,0.09,1.32,0.0
ATOM,1855.0,HD12,ILE,120.0,55.397,13.264,-3.153,0.09,1.32,0.04
ATOM,1856.0,HD13,ILE,120.0,54.167,12.336,-3.692,0.09,1.32,0.0
ATOM,1857.0,N,ALA,121.0,51.022,16.623,-4.29,-0.47,1.85,0.0
ATOM,1858.0,CA,ALA,121.0,50.019,16.849,-3.248,0.07,2.275,0.51
ATOM,1859.0,C,ALA,121.0,48.634,16.369,-3.682,0.51,2.0,0.2
ATOM,1860.0,O,ALA,121.0,47.86,15.834,-2.876,-0.51,1.7,9.63
ATOM,1861.0,CB,ALA,121.0,49.966,18.321,-2.863,-0.27,2.06,8.71
ATOM,1862.0,H,ALA,121.0,51.616,17.368,-4.686,0.31,0.2245,0.06
ATOM,1863.0,HA,ALA,121.0,50.291,16.337,-2.421,0.09,1.32,0.0
ATOM,1864.0,HB1,ALA,121.0,50.779,18.557,-2.332,0.09,1.32,0.0
ATOM,1865.0,HB2,ALA,121.0,49.935,18.882,-3.69,0.09,1.32,4.22
ATOM,1866.0,HB3,ALA,121.0,49.149,18.493,-2.314,0.09,1.32,8.45
ATOM,1867.0,N,ALA,122.0,48.332,16.555,-4.965,-0.47,1.85,0.85
ATOM,1868.0,CA,ALA,122.0,47.021,16.202,-5.502,0.07,2.275,2.84
ATOM,1869.0,C,ALA,122.0,46.684,14.725,-5.383,0.51,2.0,0.0
ATOM,1870.0,O,ALA,122.0,45.512,14.359,-5.468,-0.51,1.7,27.49
ATOM,1871.0,CB,ALA,122.0,46.912,16.64,-6.957,-0.27,2.06,38.32
ATOM,1872.0,H,ALA,122.0,49.094,16.964,-5.538,0.31,0.2245,2.6
ATOM,1873.0,HA,ALA,122.0,46.313,16.737,-4.999,0.09,1.32,11.35
ATOM,1874.0,HB1,ALA,122.0,46.13,16.187,-7.384,0.09,1.32,8.3
ATOM,1875.0,HB2,ALA,122.0,46.786,17.631,-6.999,0.09,1.32,11.67
ATOM,1876.0,HB3,ALA,122.0,47.748,16.39,-7.444,0.09,1.32,3.63
ATOM,1877.0,N,TYR,123.0,47.686,13.873,-5.176,-0.47,1.85,0.0
ATOM,1878.0,CA,TYR,123.0,47.435,12.44,-5.104,0.07,2.275,0.06
ATOM,1879.0,C,TYR,123.0,46.861,11.951,-3.785,0.51,2.0,0.2
ATOM,1880.0,O,TYR,123.0,46.261,10.885,-3.748,-0.51,1.7,6.78
ATOM,1881.0,CB,TYR,123.0,48.7,11.637,-5.439,-0.18,2.175,0.0
ATOM,1882.0,CG,TYR,123.0,48.954,11.633,-6.917,0.0,1.9924,0.0
ATOM,1883.0,CD1,TYR,123.0,48.135,10.892,-7.76,-0.115,1.9924,2.8
ATOM,1884.0,CD2,TYR,123.0,49.945,12.427,-7.49,-0.115,1.9924,0.0
ATOM,1885.0,CE1,TYR,123.0,48.326,10.913,-9.125,-0.115,1.9924,5.96
ATOM,1886.0,CE2,TYR,123.0,50.135,12.449,-8.873,-0.115,1.9924,5.36
ATOM,1887.0,CZ,TYR,123.0,49.319,11.698,-9.67,0.11,1.9924,1.74
ATOM,1888.0,OH,TYR,123.0,49.506,11.746,-11.031,-0.54,1.77,15.19
ATOM,1889.0,H,TYR,123.0,48.617,14.303,-5.076,0.31,0.2245,0.0
ATOM,1890.0,HA,TYR,123.0,46.77,12.199,-5.845,0.09,1.32,3.07
ATOM,1891.0,HB2,TYR,123.0,49.463,12.063,-4.985,0.09,1.32,0.0
ATOM,1892.0,HB3,TYR,123.0,48.563,10.709,-5.137,0.09,1.32,0.0
ATOM,1893.0,HD1,TYR,123.0,47.399,10.337,-7.37,0.115,1.3582,0.07
ATOM,1894.0,HD2,TYR,123.0,50.526,12.988,-6.908,0.115,1.3582,0.0
ATOM,1895.0,HE1,TYR,123.0,47.74,10.356,-9.725,0.115,1.3582,0.0
ATOM,1896.0,HE2,TYR,123.0,50.863,13.011,-9.263,0.115,1.3582,2.64
ATOM,1897.0,HH,TYR,123.0,48.677,11.429,-11.488,0.43,0.2245,0.0
ATOM,1898.0,N,PHE,124.0,47.036,12.71,-2.697,-0.47,1.85,0.0
ATOM,1899.0,CA,PHE,124.0,46.782,12.163,-1.37,0.07,2.275,0.0
ATOM,1900.0,C,PHE,124.0,45.421,12.502,-0.834,0.51,2.0,0.89
ATOM,1901.0,O,PHE,124.0,45.057,13.663,-0.73,-0.51,1.7,20.19
ATOM,1902.0,CB,PHE,124.0,47.886,12.6,-0.408,-0.18,2.175,0.0
ATOM,1903.0,CG,PHE,124.0,49.223,12.091,-0.831,0.0,1.9924,0.0
ATOM,1904.0,CD1,PHE,124.0,49.592,10.783,-0.573,-0.115,1.9924,0.0
ATOM,1905.0,CD2,PHE,124.0,50.068,12.878,-1.585,-0.115,1.9924,0.0
ATOM,1906.0,CE1,PHE,124.0,50.792,10.281,-1.017,-0.115,1.9924,0.0
ATOM,1907.0,CE2,PHE,124.0,51.279,12.376,-2.04,-0.115,1.9924,0.0
ATOM,1908.0,CZ,PHE,124.0,51.638,11.064,-1.749,-0.115,1.9924,0.0
ATOM,1909.0,H,PHE,124.0,47.352,13.671,-2.878,0.31,0.2245,0.0
ATOM,1910.0,HA,PHE,124.0,46.826,11.15,-1.462,0.09,1.32,0.0
ATOM,1911.0,HB2,PHE,124.0,47.913,13.581,-0.408,0.09,1.32,0.7
ATOM,1912.0,HB3,PHE,124.0,47.678,12.229,0.477,0.09,1.32,0.0
ATOM,1913.0,HD1,PHE,124.0,48.973,10.19,-0.054,0.115,1.3582,0.0
ATOM,1914.0,HD2,PHE,124.0,49.809,13.818,-1.808,0.115,1.3582,0.0
ATOM,1915.0,HE1,PHE,124.0,51.041,9.323,-0.793,0.115,1.3582,0.0
ATOM,1916.0,HE2,PHE,124.0,51.897,12.967,-2.581,0.115,1.3582,0.0
ATOM,1917.0,HZ,PHE,124.0,52.511,10.704,-2.078,0.115,1.3582,0.0
ATOM,1918.0,N,THR,125.0,44.671,11.465,-0.495,-0.47,1.85,0.0
ATOM,1919.0,CA,THR,125.0,43.383,11.634,0.164,0.07,2.275,0.06
ATOM,1920.0,C,THR,125.0,43.57,12.241,1.551,0.51,2.0,0.0
ATOM,1921.0,O,THR,125.0,42.815,13.13,1.954,-0.51,1.7,22.32
ATOM,1922.0,CB,THR,125.0,42.637,10.3,0.222,0.14,2.275,0.0
ATOM,1923.0,OG1,THR,125.0,42.346,9.872,-1.119,-0.66,1.77,6.6
ATOM,1924.0,CG2,THR,125.0,41.35,10.415,1.019,-0.27,2.06,10.82
ATOM,1925.0,H,THR,125.0,45.073,10.536,-0.735,0.31,0.2245,0.0
ATOM,1926.0,HA,THR,125.0,42.822,12.264,-0.383,0.09,1.32,8.58
ATOM,1927.0,HB,THR,125.0,43.238,9.6,0.652,0.09,1.32,0.0
ATOM,1928.0,HG21,THR,125.0,40.565,10.455,0.396,0.09,1.32,9.3
ATOM,1929.0,HG22,THR,125.0,41.249,9.62,1.622,0.09,1.32,0.0
ATOM,1930.0,HG23,THR,125.0,41.367,11.248,1.577,0.09,1.32,0.55
ATOM,1931.0,HG1,THR,125.0,42.791,10.481,-1.782,0.43,0.2245,10.38
ATOM,1932.0,N,GLU,126.0,44.581,11.778,2.282,-0.47,1.85,0.0
ATOM,1933.0,CA,GLU,126.0,44.967,12.413,3.537,0.07,2.275,0.59
ATOM,1934.0,C,GLU,126.0,46.459,12.229,3.767,0.51,2.0,0.0
ATOM,1935.0,O,GLU,126.0,47.025,11.167,3.476,-0.51,1.7,0.0
ATOM,1936.0,CB,GLU,126.0,44.177,11.87,4.732,-0.18,2.175,0.34
ATOM,1937.0,CG,GLU,126.0,44.501,12.622,6.032,-0.28,2.175,4.92
ATOM,1938.0,CD,GLU,126.0,43.566,12.35,7.195,0.62,2.0,2.35
ATOM,1939.0,OE1,GLU,126.0,42.394,11.984,6.992,-0.76,1.7,1.08
ATOM,1940.0,OE2,GLU,126.0,44.021,12.513,8.345,-0.76,1.7,8.72
ATOM,1941.0,H,GLU,126.0,45.059,10.946,1.889,0.31,0.2245,0.0
ATOM,1942.0,HA,GLU,126.0,44.75,13.391,3.502,0.09,1.32,4.14
ATOM,1943.0,HB2,GLU,126.0,43.228,11.998,4.55,0.09,1.32,0.0
ATOM,1944.0,HB3,GLU,126.0,44.429,10.938,4.864,0.09,1.32,0.0
ATOM,1945.0,HG2,GLU,126.0,45.416,12.358,6.313,0.09,1.32,0.0
ATOM,1946.0,HG3,GLU,126.0,44.463,13.595,5.837,0.09,1.32,7.26
ATOM,1947.0,N,VAL,127.0,47.078,13.295,4.26,-0.47,1.85,0.0
ATOM,1948.0,CA,VAL,127.0,48.472,13.308,4.688,0.07,2.275,0.0
ATOM,1949.0,C,VAL,127.0,48.479,13.449,6.207,0.51,2.0,0.0
ATOM,1950.0,O,VAL,127.0,47.929,14.421,6.745,-0.51,1.7,13.87
ATOM,1951.0,CB,VAL,127.0,49.257,14.464,4.051,-0.09,2.275,0.25
ATOM,1952.0,CG1,VAL,127.0,50.678,14.512,4.596,-0.27,2.06,0.0
ATOM,1953.0,CG2,VAL,127.0,49.264,14.344,2.537,-0.27,2.06,7.89
ATOM,1954.0,H,VAL,127.0,46.463,14.152,4.318,0.31,0.2245,6.9
ATOM,1955.0,HA,VAL,127.0,48.879,12.432,4.458,0.09,1.32,0.0
ATOM,1956.0,HB,VAL,127.0,48.815,15.316,4.317,0.09,1.32,3.29
ATOM,1957.0,HG11,VAL,127.0,51.054,13.586,4.629,0.09,1.32,0.0
ATOM,1958.0,HG12,VAL,127.0,51.245,15.081,4.0,0.09,1.32,0.0
ATOM,1959.0,HG13,VAL,127.0,50.669,14.9,5.517,0.09,1.32,0.0
ATOM,1960.0,HG21,VAL,127.0,49.854,15.054,2.151,0.09,1.32,0.0
ATOM,1961.0,HG22,VAL,127.0,49.611,13.442,2.277,0.09,1.32,0.0
ATOM,1962.0,HG23,VAL,127.0,48.332,14.457,2.191,0.09,1.32,2.71
ATOM,1963.0,N,VAL,128.0,49.078,12.475,6.882,-0.47,1.85,0.0
ATOM,1964.0,CA,VAL,128.0,49.238,12.491,8.338,0.07,2.275,0.0
ATOM,1965.0,C,VAL,128.0,50.651,12.985,8.619,0.51,2.0,0.0
ATOM,1966.0,O,VAL,128.0,51.62,12.379,8.163,-0.51,1.7,0.0
ATOM,1967.0,CB,VAL,128.0,49.036,11.088,8.931,-0.09,2.275,0.0
ATOM,1968.0,CG1,VAL,128.0,49.384,11.072,10.428,-0.27,2.06,2.14
ATOM,1969.0,CG2,VAL,128.0,47.603,10.594,8.666,-0.27,2.06,0.0
ATOM,1970.0,H,VAL,128.0,49.429,11.689,6.284,0.31,0.2245,0.0
ATOM,1971.0,HA,VAL,128.0,48.599,13.149,8.713,0.09,1.32,0.0
ATOM,1972.0,HB,VAL,128.0,49.675,10.47,8.485,0.09,1.32,0.0
ATOM,1973.0,HG11,VAL,128.0,50.097,11.747,10.605,0.09,1.32,0.0
ATOM,1974.0,HG12,VAL,128.0,48.568,11.296,10.955,0.09,1.32,0.0
ATOM,1975.0,HG13,VAL,128.0,49.709,10.163,10.678,0.09,1.32,0.0
ATOM,1976.0,HG21,VAL,128.0,47.243,10.188,9.502,0.09,1.32,0.0
ATOM,1977.0,HG22,VAL,128.0,47.041,11.37,8.392,0.09,1.32,0.0
ATOM,1978.0,HG23,VAL,128.0,47.627,9.914,7.937,0.09,1.32,0.0
ATOM,1979.0,N,THR,129.0,50.763,14.097,9.353,-0.47,1.85,0.0
ATOM,1980.0,CA,THR,129.0,52.05,14.605,9.821,0.07,2.275,0.0
ATOM,1981.0,C,THR,129.0,52.055,14.544,11.344,0.51,2.0,0.0
ATOM,1982.0,O,THR,129.0,51.078,14.12,11.947,-0.51,1.7,1.21
ATOM,1983.0,CB,THR,129.0,52.277,16.062,9.385,0.14,2.275,0.0
ATOM,1984.0,OG1,THR,129.0,51.44,16.921,10.16,-0.66,1.77,0.89
ATOM,1985.0,CG2,THR,129.0,51.965,16.254,7.907,-0.27,2.06,0.87
ATOM,1986.0,H,THR,129.0,49.854,14.566,9.56,0.31,0.2245,0.76
ATOM,1987.0,HA,THR,129.0,52.771,14.011,9.479,0.09,1.32,0.0
ATOM,1988.0,HB,THR,129.0,53.249,16.312,9.567,0.09,1.32,0.0
ATOM,1989.0,HG21,THR,129.0,52.809,16.458,7.406,0.09,1.32,0.0
ATOM,1990.0,HG22,THR,129.0,51.556,15.418,7.535,0.09,1.32,0.0
ATOM,1991.0,HG23,THR,129.0,51.322,17.014,7.792,0.09,1.32,1.03
ATOM,1992.0,HG1,THR,129.0,51.395,17.837,9.745,0.43,0.2245,0.0
ATOM,1993.0,N,SER,130.0,53.149,14.987,11.958,-0.47,1.85,0.0
ATOM,1994.0,CA,SER,130.0,53.233,14.974,13.424,0.07,2.275,0.59
ATOM,1995.0,C,SER,130.0,52.109,15.761,14.083,0.51,2.0,0.14
ATOM,1996.0,O,SER,130.0,51.723,15.458,15.214,-0.51,1.7,10.05
ATOM,1997.0,CB,SER,130.0,54.567,15.516,13.899,0.05,2.175,16.84
ATOM,1998.0,OG,SER,130.0,54.714,16.881,13.569,-0.66,1.77,9.83
ATOM,1999.0,H,SER,130.0,53.9,15.325,11.344,0.31,0.2245,0.0
ATOM,2000.0,HA,SER,130.0,53.16,14.011,13.728,0.09,1.32,4.46
ATOM,2001.0,HB2,SER,130.0,54.625,15.415,14.891,0.09,1.32,10.03
ATOM,2002.0,HB3,SER,130.0,55.302,14.998,13.464,0.09,1.32,0.0
ATOM,2003.0,HG,SER,130.0,54.092,17.115,12.822,0.43,0.2245,0.0
ATOM,2004.0,N,SER,131.0,51.566,16.755,13.382,-0.47,1.85,0.0
ATOM,2005.0,CA,SER,131.0,50.527,17.601,13.953,0.07,2.275,1.89
ATOM,2006.0,C,SER,131.0,49.199,16.867,14.167,0.51,2.0,0.03
ATOM,2007.0,O,SER,131.0,48.318,17.382,14.841,-0.51,1.7,27.69
ATOM,2008.0,CB,SER,131.0,50.315,18.854,13.102,0.05,2.175,16.55
ATOM,2009.0,OG,SER,131.0,49.668,18.528,11.894,-0.66,1.77,13.01
ATOM,2010.0,H,SER,131.0,51.939,16.868,12.423,0.31,0.2245,0.0
ATOM,2011.0,HA,SER,131.0,50.847,17.924,14.861,0.09,1.32,10.51
ATOM,2012.0,HB2,SER,131.0,49.753,19.495,13.613,0.09,1.32,9.78
ATOM,2013.0,HB3,SER,131.0,51.202,19.256,12.901,0.09,1.32,3.32
ATOM,2014.0,HG,SER,131.0,50.208,18.863,11.121,0.43,0.2245,0.07
ATOM,2015.0,N,SER,132.0,49.056,15.664,13.6,-0.47,1.85,0.0
ATOM,2016.0,CA,SER,132.0,47.902,14.803,13.913,0.07,2.275,1.76
ATOM,2017.0,C,SER,132.0,47.976,14.172,15.304,0.51,2.0,0.67
ATOM,2018.0,O,SER,132.0,46.996,13.6,15.795,-0.51,1.7,19.65
ATOM,2019.0,CB,SER,132.0,47.734,13.707,12.856,0.05,2.175,3.1
ATOM,2020.0,OG,SER,132.0,47.171,14.246,11.679,-0.66,1.77,12.29
ATOM,2021.0,H,SER,132.0,49.804,15.397,12.941,0.31,0.2245,0.0
ATOM,2022.0,HA,SER,132.0,47.069,15.381,13.878,0.09,1.32,8.8
ATOM,2023.0,HB2,SER,132.0,48.626,13.326,12.648,0.09,1.32,0.0
ATOM,2024.0,HB3,SER,132.0,47.13,13.007,13.217,0.09,1.32,0.0
ATOM,2025.0,HG,SER,132.0,47.747,14.991,11.342,0.43,0.2245,6.03
ATOM,2026.0,N,GLY,133.0,49.144,14.254,15.943,-0.47,1.85,0.0
ATOM,2027.0,CA,GLY,133.0,49.307,13.804,17.323,-0.02,2.175,15.82
ATOM,2028.0,C,GLY,133.0,49.503,12.316,17.543,0.51,2.0,0.69
ATOM,2029.0,O,GLY,133.0,49.393,11.835,18.672,-0.51,1.7,26.35
ATOM,2030.0,H,GLY,133.0,49.918,14.661,15.379,0.31,0.2245,0.0
ATOM,2031.0,HA2,GLY,133.0,50.104,14.311,17.743,0.09,1.32,9.95
ATOM,2032.0,HA3,GLY,133.0,48.488,14.118,17.87,0.09,1.32,10.97
ATOM,2033.0,N,PHE,134.0,49.804,11.569,16.485,-0.47,1.85,0.0
ATOM,2034.0,CA,PHE,134.0,49.992,10.136,16.64,0.07,2.275,0.0
ATOM,2035.0,C,PHE,134.0,51.412,9.758,17.039,0.51,2.0,0.37
ATOM,2036.0,O,PHE,134.0,52.377,10.496,16.79,-0.51,1.7,19.46
ATOM,2037.0,CB,PHE,134.0,49.626,9.393,15.348,-0.18,2.175,0.0
ATOM,2038.0,CG,PHE,134.0,48.207,9.615,14.9,0.0,1.9924,0.0
ATOM,2039.0,CD1,PHE,134.0,47.146,9.253,15.708,-0.115,1.9924,2.56
ATOM,2040.0,CD2,PHE,134.0,47.937,10.196,13.68,-0.115,1.9924,0.0
ATOM,2041.0,CE1,PHE,134.0,45.84,9.458,15.291,-0.115,1.9924,7.2
ATOM,2042.0,CE2,PHE,134.0,46.637,10.397,13.262,-0.115,1.9924,0.1
ATOM,2043.0,CZ,PHE,134.0,45.597,10.029,14.071,-0.115,1.9924,5.38
ATOM,2044.0,H,PHE,134.0,49.887,12.073,15.594,0.31,0.2245,0.34
ATOM,2045.0,HA,PHE,134.0,49.388,9.839,17.399,0.09,1.32,0.0
ATOM,2046.0,HB2,PHE,134.0,50.227,9.717,14.634,0.09,1.32,3.8
ATOM,2047.0,HB3,PHE,134.0,49.748,8.426,15.512,0.09,1.32,0.0
ATOM,2048.0,HD1,PHE,134.0,47.314,8.842,16.6,0.115,1.3582,0.13
ATOM,2049.0,HD2,PHE,134.0,48.696,10.478,13.086,0.115,1.3582,0.0
ATOM,2050.0,HE1,PHE,134.0,45.08,9.181,15.895,0.115,1.3582,14.24
ATOM,2051.0,HE2,PHE,134.0,46.464,10.817,12.352,0.115,1.3582,0.0
ATOM,2052.0,HZ,PHE,134.0,44.645,10.178,13.771,0.115,1.3582,1.19
ATOM,2053.0,N,LYS,135.0,51.533,8.575,17.631,-0.47,1.85,0.0
ATOM,2054.0,CA,LYS,135.0,52.821,7.986,17.926,0.07,2.275,0.0
ATOM,2055.0,C,LYS,135.0,53.597,7.686,16.644,0.51,2.0,0.0
ATOM,2056.0,O,LYS,135.0,53.016,7.574,15.555,-0.51,1.7,3.46
ATOM,2057.0,CB,LYS,135.0,52.657,6.7,18.742,-0.18,2.175,0.0
ATOM,2058.0,CG,LYS,135.0,52.007,6.909,20.098,-0.18,2.175,1.46
ATOM,2059.0,CD,LYS,135.0,52.888,7.724,21.011,-0.18,2.175,10.88
ATOM,2060.0,CE,LYS,135.0,52.362,7.712,22.436,0.21,2.175,21.75
ATOM,2061.0,NZ,LYS,135.0,50.999,8.293,22.541,-0.3,1.85,12.28
ATOM,2062.0,H,LYS,135.0,50.623,8.115,17.861,0.31,0.2245,0.0
ATOM,2063.0,HA,LYS,135.0,53.363,8.631,18.482,0.09,1.32,2.79
ATOM,2064.0,HB2,LYS,135.0,52.092,6.068,18.215,0.09,1.32,0.0
ATOM,2065.0,HB3,LYS,135.0,53.563,6.305,18.883,0.09,1.32,2.25
ATOM,2066.0,HG2,LYS,135.0,51.136,7.387,19.97,0.09,1.32,0.0
ATOM,2067.0,HG3,LYS,135.0,51.835,6.016,20.517,0.09,1.32,1.07
ATOM,2068.0,HD2,LYS,135.0,53.805,7.338,21.011,0.09,1.32,9.07
ATOM,2069.0,HD3,LYS,135.0,52.91,8.666,20.692,0.09,1.32,5.78
ATOM,2070.0,HE2,LYS,135.0,52.342,6.762,22.767,0.05,1.32,10.12
ATOM,2071.0,HE3,LYS,135.0,52.991,8.239,23.019,0.05,1.32,12.2
ATOM,2072.0,HZ1,LYS,135.0,50.812,8.851,21.733,0.33,0.2245,5.53
ATOM,2073.0,HZ2,LYS,135.0,50.326,7.555,22.6,0.33,0.2245,14.3
ATOM,2074.0,HZ3,LYS,135.0,50.942,8.863,23.361,0.33,0.2245,20.56
ATOM,2075.0,N,ARG,136.0,54.912,7.572,16.779,-0.47,1.85,0.0
ATOM,2076.0,CA,ARG,136.0,55.784,7.257,15.663,0.07,2.275,0.11
ATOM,2077.0,C,ARG,136.0,55.701,5.775,15.33,0.51,2.0,0.0
ATOM,2078.0,O,ARG,136.0,55.515,4.927,16.208,-0.51,1.7,3.69
ATOM,2079.0,CB,ARG,136.0,57.233,7.632,15.994,-0.18,2.175,0.15
ATOM,2080.0,CG,ARG,136.0,57.431,9.143,16.181,-0.18,2.175,9.12
ATOM,2081.0,CD,ARG,136.0,58.854,9.516,16.594,0.2,2.175,20.64
ATOM,2082.0,NE,ARG,136.0,59.818,9.313,15.511,-0.7,1.85,4.65
ATOM,2083.0,CZ,ARG,136.0,60.594,8.238,15.354,0.64,2.0,1.96
ATOM,2084.0,NH1,ARG,136.0,60.563,7.236,16.214,-0.8,1.85,15.71
ATOM,2085.0,NH2,ARG,136.0,61.408,8.171,14.311,-0.8,1.85,13.18
ATOM,2086.0,H,ARG,136.0,55.261,7.728,17.752,0.31,0.2245,5.15
ATOM,2087.0,HA,ARG,136.0,55.49,7.784,14.858,0.09,1.32,0.18
ATOM,2088.0,HB2,ARG,136.0,57.487,7.186,16.839,0.09,1.32,5.1
ATOM,2089.0,HB3,ARG,136.0,57.811,7.341,15.247,0.09,1.32,0.0
ATOM,2090.0,HG2,ARG,136.0,57.225,9.61,15.32,0.09,1.32,0.04
ATOM,2091.0,HG3,ARG,136.0,56.806,9.47,16.892,0.09,1.32,5.44
ATOM,2092.0,HD2,ARG,136.0,58.855,10.476,16.86,0.09,1.32,11.64
ATOM,2093.0,HD3,ARG,136.0,59.106,8.946,17.372,0.09,1.32,5.01
ATOM,2094.0,HE,ARG,136.0,59.905,10.051,14.82,0.44,0.2245,5.71
ATOM,2095.0,HH11,ARG,136.0,59.937,7.257,16.995,0.46,0.2245,7.01
ATOM,2096.0,HH12,ARG,136.0,61.168,6.445,16.088,0.46,0.2245,14.1
ATOM,2097.0,HH21,ARG,136.0,61.425,8.912,13.637,0.46,0.2245,10.75
ATOM,2098.0,HH22,ARG,136.0,62.008,7.379,14.192,0.46,0.2245,4.21
ATOM,2099.0,N,LYS,137.0,55.863,5.473,14.053,-0.47,1.85,0.0
ATOM,2100.0,CA,LYS,137.0,56.134,4.109,13.612,0.07,2.275,0.0
ATOM,2101.0,C,LYS,137.0,57.348,3.611,14.411,0.51,2.0,0.0
ATOM,2102.0,O,LYS,137.0,58.268,4.379,14.666,-0.51,1.7,0.27
ATOM,2103.0,CB,LYS,137.0,56.395,4.079,12.103,-0.18,2.175,0.0
ATOM,2104.0,CG,LYS,137.0,55.223,4.576,11.261,-0.18,2.175,0.0
ATOM,2105.0,CD,LYS,137.0,55.549,4.685,9.78,-0.18,2.175,0.0
ATOM,2106.0,CE,LYS,137.0,56.452,5.866,9.463,0.21,2.175,1.28
ATOM,2107.0,NZ,LYS,137.0,56.818,5.926,8.007,-0.3,1.85,1.5
ATOM,2108.0,H,LYS,137.0,55.782,6.278,13.398,0.31,0.2245,0.0
ATOM,2109.0,HA,LYS,137.0,55.357,3.533,13.827,0.09,1.32,0.0
ATOM,2110.0,HB2,LYS,137.0,57.184,4.657,11.911,0.09,1.32,0.0
ATOM,2111.0,HB3,LYS,137.0,56.592,3.137,11.839,0.09,1.32,0.0
ATOM,2112.0,HG2,LYS,137.0,54.449,3.941,11.377,0.09,1.32,0.11
ATOM,2113.0,HG3,LYS,137.0,54.942,5.482,11.599,0.09,1.32,0.01
ATOM,2114.0,HD2,LYS,137.0,56.01,3.846,9.489,0.09,1.32,0.0
ATOM,2115.0,HD3,LYS,137.0,54.696,4.792,9.269,0.09,1.32,0.0
ATOM,2116.0,HE2,LYS,137.0,55.981,6.716,9.713,0.05,1.32,0.0
ATOM,2117.0,HE3,LYS,137.0,57.294,5.791,10.004,0.05,1.32,0.0
ATOM,2118.0,HZ1,LYS,137.0,56.131,5.433,7.479,0.33,0.2245,1.44
ATOM,2119.0,HZ2,LYS,137.0,56.848,6.88,7.719,0.33,0.2245,2.21
ATOM,2120.0,HZ3,LYS,137.0,57.712,5.504,7.88,0.33,0.2245,2.32
ATOM,2121.0,N,PRO,138.0,57.383,2.323,14.784,-0.29,1.85,0.0
ATOM,2122.0,CA,PRO,138.0,56.516,1.212,14.378,0.02,2.275,0.0
ATOM,2123.0,C,PRO,138.0,55.17,1.08,15.101,0.51,2.0,0.15
ATOM,2124.0,O,PRO,138.0,54.43,0.131,14.834,-0.51,1.7,3.34
ATOM,2125.0,CB,PRO,138.0,57.386,-0.01,14.683,-0.18,2.175,0.94
ATOM,2126.0,CG,PRO,138.0,58.143,0.412,15.902,-0.18,2.175,18.68
ATOM,2127.0,CD,PRO,138.0,58.46,1.861,15.683,0.0,2.175,11.45
ATOM,2128.0,HA,PRO,138.0,56.364,1.239,13.356,0.09,1.32,0.0
ATOM,2129.0,HB2,PRO,138.0,56.82,-0.809,14.872,0.09,1.32,3.06
ATOM,2130.0,HB3,PRO,138.0,58.004,-0.202,13.926,0.09,1.32,0.0
ATOM,2131.0,HG2,PRO,138.0,57.581,0.286,16.725,0.09,1.32,8.69
ATOM,2132.0,HG3,PRO,138.0,58.983,-0.131,15.998,0.09,1.32,6.6
ATOM,2133.0,HD2,PRO,138.0,58.442,2.377,16.541,0.09,1.32,9.69
ATOM,2134.0,HD3,PRO,138.0,59.355,1.982,15.246,0.09,1.32,0.0
ATOM,2135.0,N,ASN,139.0,54.817,2.01,15.983,-0.47,1.85,0.57
ATOM,2136.0,CA,ASN,139.0,53.495,1.955,16.603,0.07,2.275,3.46
ATOM,2137.0,C,ASN,139.0,52.455,2.068,15.483,0.51,2.0,0.0
ATOM,2138.0,O,ASN,139.0,52.568,2.96,14.64,-0.51,1.7,0.0
ATOM,2139.0,CB,ASN,139.0,53.343,3.084,17.637,-0.18,2.175,1.16
ATOM,2140.0,CG,ASN,139.0,52.101,2.95,18.482,0.55,2.0,0.0
ATOM,2141.0,H,ASN,139.0,55.518,2.731,16.179,0.31,0.2245,0.19
ATOM,2142.0,HA,ASN,139.0,53.391,1.052,17.003,0.09,1.32,3.06
ATOM,2143.0,HB2,ASN,139.0,54.144,3.067,18.233,0.09,1.32,6.82
ATOM,2144.0,HB3,ASN,139.0,53.307,3.951,17.143,0.09,1.32,0.0
ATOM,2145.0,OD1,ASN,139.0,50.997,2.859,17.972,-0.55,1.7,3.93
ATOM,2146.0,ND2,ASN,139.0,52.277,2.991,19.796,-0.62,1.85,15.19
ATOM,2147.0,HD22,ASN,139.0,53.195,3.112,20.177,0.3,0.2245,14.53
ATOM,2148.0,HD21,ASN,139.0,51.492,2.902,20.411,0.32,0.2245,19.31
ATOM,2149.0,N,PRO,140.0,51.463,1.155,15.442,-0.29,1.85,0.0
ATOM,2150.0,CA,PRO,140.0,50.467,1.19,14.373,0.02,2.275,0.0
ATOM,2151.0,C,PRO,140.0,49.352,2.23,14.51,0.51,2.0,0.0
ATOM,2152.0,O,PRO,140.0,48.446,2.238,13.688,-0.51,1.7,0.0
ATOM,2153.0,CB,PRO,140.0,49.855,-0.212,14.434,-0.18,2.175,0.0
ATOM,2154.0,CG,PRO,140.0,49.934,-0.557,15.899,-0.18,2.175,10.94
ATOM,2155.0,CD,PRO,140.0,51.246,0.015,16.359,0.0,2.175,10.7
ATOM,2156.0,HA,PRO,140.0,50.933,1.294,13.458,0.09,1.32,0.0
ATOM,2157.0,HB2,PRO,140.0,48.908,-0.201,14.125,0.09,1.32,0.0
ATOM,2158.0,HB3,PRO,140.0,50.385,-0.856,13.891,0.09,1.32,0.0
ATOM,2159.0,HG2,PRO,140.0,49.167,-0.145,16.394,0.09,1.32,2.86
ATOM,2160.0,HG3,PRO,140.0,49.91,-1.551,16.022,0.09,1.32,2.51
ATOM,2161.0,HD2,PRO,140.0,51.197,0.334,17.305,0.09,1.32,2.95
ATOM,2162.0,HD3,PRO,140.0,51.989,-0.65,16.27,0.09,1.32,2.22
ATOM,2163.0,N,GLU,141.0,49.401,3.094,15.527,-0.47,1.85,0.0
ATOM,2164.0,CA,GLU,141.0,48.313,4.039,15.784,0.07,2.275,0.98
ATOM,2165.0,C,GLU,141.0,47.852,4.834,14.552,0.51,2.0,0.0
ATOM,2166.0,O,GLU,141.0,46.663,4.889,14.26,-0.51,1.7,1.39
ATOM,2167.0,CB,GLU,141.0,48.699,5.012,16.912,-0.18,2.175,1.54
ATOM,2168.0,CG,GLU,141.0,47.572,5.936,17.317,-0.28,2.175,5.98
ATOM,2169.0,CD,GLU,141.0,47.931,6.833,18.477,0.62,2.0,0.61
ATOM,2170.0,OE1,GLU,141.0,48.987,7.48,18.445,-0.76,1.7,0.54
ATOM,2171.0,OE2,GLU,141.0,47.128,6.896,19.434,-0.76,1.7,41.59
ATOM,2172.0,H,GLU,141.0,50.259,3.037,16.106,0.31,0.2245,0.0
ATOM,2173.0,HA,GLU,141.0,47.513,3.536,16.17,0.09,1.32,2.88
ATOM,2174.0,HB2,GLU,141.0,48.945,4.472,17.693,0.09,1.32,2.55
ATOM,2175.0,HB3,GLU,141.0,49.441,5.563,16.584,0.09,1.32,0.0
ATOM,2176.0,HG2,GLU,141.0,47.354,6.514,16.549,0.09,1.32,0.0
ATOM,2177.0,HG3,GLU,141.0,46.802,5.386,17.593,0.09,1.32,8.88
ATOM,2178.0,N,SER,142.0,48.786,5.455,13.836,-0.47,1.85,0.0
ATOM,2179.0,CA,SER,142.0,48.406,6.282,12.696,0.07,2.275,0.0
ATOM,2180.0,C,SER,142.0,47.829,5.465,11.546,0.51,2.0,0.0
ATOM,2181.0,O,SER,142.0,46.878,5.903,10.9,-0.51,1.7,0.0
ATOM,2182.0,CB,SER,142.0,49.573,7.151,12.21,0.05,2.175,1.08
ATOM,2183.0,OG,SER,142.0,50.72,6.396,11.903,-0.66,1.77,0.71
ATOM,2184.0,H,SER,142.0,49.755,5.306,14.145,0.31,0.2245,0.0
ATOM,2185.0,HA,SER,142.0,47.691,6.93,13.005,0.09,1.32,0.0
ATOM,2186.0,HB2,SER,142.0,49.278,7.649,11.392,0.09,1.32,0.0
ATOM,2187.0,HB3,SER,142.0,49.797,7.811,12.931,0.09,1.32,0.0
ATOM,2188.0,HG,SER,142.0,51.09,5.989,12.739,0.43,0.2245,0.03
ATOM,2189.0,N,MET,143.0,48.37,4.277,11.314,-0.47,1.85,0.0
ATOM,2190.0,CA,MET,143.0,47.835,3.448,10.225,0.07,2.275,0.0
ATOM,2191.0,C,MET,143.0,46.474,2.834,10.617,0.51,2.0,0.0
ATOM,2192.0,O,MET,143.0,45.61,2.715,9.765,-0.51,1.7,0.0
ATOM,2193.0,CB,MET,143.0,48.871,2.441,9.69,-0.18,2.175,0.0
ATOM,2194.0,CG,MET,143.0,49.902,3.017,8.573,-0.14,2.175,0.14
ATOM,2195.0,SD,MET,143.0,51.179,1.84,8.432,-0.09,2.0,0.0
ATOM,2196.0,CE,MET,143.0,52.552,2.971,8.178,-0.22,2.06,1.79
ATOM,2197.0,H,MET,143.0,49.143,4.003,11.919,0.31,0.2245,0.24
ATOM,2198.0,HA,MET,143.0,47.685,4.037,9.427,0.09,1.32,0.0
ATOM,2199.0,HB2,MET,143.0,49.444,2.099,10.441,0.09,1.32,0.0
ATOM,2200.0,HB3,MET,143.0,48.407,1.661,9.258,0.09,1.32,0.0
ATOM,2201.0,HG2,MET,143.0,49.363,3.13,7.746,0.09,1.32,0.0
ATOM,2202.0,HG3,MET,143.0,50.202,3.9,8.916,0.09,1.32,0.0
ATOM,2203.0,HE1,MET,143.0,52.988,2.773,7.3,0.09,1.32,1.19
ATOM,2204.0,HE2,MET,143.0,52.213,3.912,8.178,0.09,1.32,0.0
ATOM,2205.0,HE3,MET,143.0,53.218,2.856,8.915,0.09,1.32,0.0
ATOM,2206.0,N,LEU,144.0,46.261,2.528,11.899,-0.47,1.85,0.0
ATOM,2207.0,CA,LEU,144.0,44.937,2.087,12.359,0.07,2.275,0.0
ATOM,2208.0,C,LEU,144.0,43.911,3.213,12.252,0.51,2.0,0.34
ATOM,2209.0,O,LEU,144.0,42.743,2.978,11.94,-0.51,1.7,1.98
ATOM,2210.0,CB,LEU,144.0,45.002,1.566,13.798,-0.18,2.175,6.86
ATOM,2211.0,CG,LEU,144.0,45.711,0.216,13.951,-0.09,2.275,0.0
ATOM,2212.0,CD1,LEU,144.0,46.017,-0.089,15.407,-0.27,2.06,22.8
ATOM,2213.0,CD2,LEU,144.0,44.898,-0.921,13.325,-0.27,2.06,12.11
ATOM,2214.0,H,LEU,144.0,47.079,2.625,12.518,0.31,0.2245,0.0
ATOM,2215.0,HA,LEU,144.0,44.636,1.325,11.775,0.09,1.32,0.0
ATOM,2216.0,HB2,LEU,144.0,45.501,2.226,14.339,0.09,1.32,0.0
ATOM,2217.0,HB3,LEU,144.0,44.077,1.455,14.125,0.09,1.32,7.16
ATOM,2218.0,HG,LEU,144.0,46.567,0.24,13.428,0.09,1.32,0.0
ATOM,2219.0,HD11,LEU,144.0,45.164,-0.119,15.93,0.09,1.32,10.41
ATOM,2220.0,HD12,LEU,144.0,46.479,-0.974,15.475,0.09,1.32,2.58
ATOM,2221.0,HD13,LEU,144.0,46.611,0.624,15.782,0.09,1.32,0.35
ATOM,2222.0,HD21,LEU,144.0,44.771,-0.738,12.351,0.09,1.32,0.0
ATOM,2223.0,HD22,LEU,144.0,45.39,-1.782,13.444,0.09,1.32,2.0
ATOM,2224.0,HD23,LEU,144.0,44.008,-0.977,13.776,0.09,1.32,9.86
ATOM,2225.0,N,TYR,145.0,44.341,4.441,12.512,-0.47,1.85,0.63
ATOM,2226.0,CA,TYR,145.0,43.481,5.61,12.328,0.07,2.275,2.92
ATOM,2227.0,C,TYR,145.0,43.014,5.696,10.873,0.51,2.0,0.0
ATOM,2228.0,O,TYR,145.0,41.834,5.913,10.602,-0.51,1.7,0.26
ATOM,2229.0,CB,TYR,145.0,44.214,6.897,12.741,-0.18,2.175,0.3
ATOM,2230.0,CG,TYR,145.0,43.735,8.169,12.08,0.0,1.9924,0.0
ATOM,2231.0,CD1,TYR,145.0,42.599,8.828,12.519,-0.115,1.9924,3.39
ATOM,2232.0,CD2,TYR,145.0,44.456,8.748,11.033,-0.115,1.9924,0.0
ATOM,2233.0,CE1,TYR,145.0,42.174,10.008,11.926,-0.115,1.9924,7.95
ATOM,2234.0,CE2,TYR,145.0,44.047,9.918,10.43,-0.115,1.9924,0.0
ATOM,2235.0,CZ,TYR,145.0,42.901,10.56,10.881,0.11,1.9924,0.84
ATOM,2236.0,OH,TYR,145.0,42.467,11.729,10.308,-0.54,1.77,10.9
ATOM,2237.0,H,TYR,145.0,45.32,4.501,12.85,0.31,0.2245,0.0
ATOM,2238.0,HA,TYR,145.0,42.671,5.501,12.909,0.09,1.32,4.74
ATOM,2239.0,HB2,TYR,145.0,44.115,7.003,13.735,0.09,1.32,4.41
ATOM,2240.0,HB3,TYR,145.0,45.188,6.78,12.525,0.09,1.32,0.0
ATOM,2241.0,HD1,TYR,145.0,42.068,8.447,13.282,0.115,1.3582,13.43
ATOM,2242.0,HD2,TYR,145.0,45.294,8.295,10.717,0.115,1.3582,0.0
ATOM,2243.0,HE1,TYR,145.0,41.342,10.464,12.253,0.115,1.3582,13.45
ATOM,2244.0,HE2,TYR,145.0,44.569,10.308,9.67,0.115,1.3582,0.0
ATOM,2245.0,HH,TYR,145.0,43.099,11.994,9.581,0.43,0.2245,0.0
ATOM,2246.0,N,LEU,146.0,43.944,5.551,9.932,-0.47,1.85,0.0
ATOM,2247.0,CA,LEU,146.0,43.586,5.599,8.517,0.07,2.275,0.0
ATOM,2248.0,C,LEU,146.0,42.687,4.433,8.121,0.51,2.0,0.0
ATOM,2249.0,O,LEU,146.0,41.726,4.606,7.372,-0.51,1.7,0.0
ATOM,2250.0,CB,LEU,146.0,44.836,5.614,7.635,-0.18,2.175,0.0
ATOM,2251.0,CG,LEU,146.0,45.664,6.902,7.648,-0.09,2.275,0.0
ATOM,2252.0,CD1,LEU,146.0,46.936,6.696,6.834,-0.27,2.06,0.0
ATOM,2253.0,CD2,LEU,146.0,44.861,8.094,7.147,-0.27,2.06,0.0
ATOM,2254.0,H,LEU,146.0,44.904,5.407,10.278,0.31,0.2245,0.0
ATOM,2255.0,HA,LEU,146.0,43.087,6.459,8.342,0.09,1.32,0.0
ATOM,2256.0,HB2,LEU,146.0,45.433,4.875,7.939,0.09,1.32,0.0
ATOM,2257.0,HB3,LEU,146.0,44.549,5.455,6.694,0.09,1.32,0.0
ATOM,2258.0,HG,LEU,146.0,45.904,7.124,8.587,0.09,1.32,0.0
ATOM,2259.0,HD11,LEU,146.0,46.695,6.464,5.892,0.09,1.32,0.0
ATOM,2260.0,HD12,LEU,146.0,47.477,7.537,6.842,0.09,1.32,0.0
ATOM,2261.0,HD13,LEU,146.0,47.471,5.952,7.234,0.09,1.32,0.0
ATOM,2262.0,HD21,LEU,146.0,44.061,8.229,7.733,0.09,1.32,0.0
ATOM,2263.0,HD22,LEU,146.0,45.432,8.915,7.169,0.09,1.32,0.0
ATOM,2264.0,HD23,LEU,146.0,44.56,7.924,6.208,0.09,1.32,0.0
ATOM,2265.0,N,ARG,147.0,43.019,3.251,8.615,-0.47,1.85,0.0
ATOM,2266.0,CA,ARG,147.0,42.226,2.057,8.317,0.07,2.275,0.0
ATOM,2267.0,C,ARG,147.0,40.778,2.222,8.772,0.51,2.0,0.0
ATOM,2268.0,O,ARG,147.0,39.848,1.853,8.042,-0.51,1.7,0.98
ATOM,2269.0,CB,ARG,147.0,42.853,0.827,8.967,-0.18,2.175,0.0
ATOM,2270.0,CG,ARG,147.0,42.085,-0.459,8.739,-0.18,2.175,0.35
ATOM,2271.0,CD,ARG,147.0,42.423,-1.464,9.806,0.2,2.175,10.97
ATOM,2272.0,NE,ARG,147.0,43.297,-2.492,9.274,-0.7,1.85,0.58
ATOM,2273.0,CZ,ARG,147.0,42.883,-3.652,8.769,0.64,2.0,2.2
ATOM,2274.0,NH1,ARG,147.0,41.588,-3.966,8.7,-0.8,1.85,16.85
ATOM,2275.0,NH2,ARG,147.0,43.782,-4.508,8.313,-0.8,1.85,5.36
ATOM,2276.0,H,ARG,147.0,43.863,3.241,9.213,0.31,0.2245,0.0
ATOM,2277.0,HA,ARG,147.0,42.235,1.904,7.321,0.09,1.32,0.0
ATOM,2278.0,HB2,ARG,147.0,43.771,0.711,8.594,0.09,1.32,0.0
ATOM,2279.0,HB3,ARG,147.0,42.906,0.986,9.95,0.09,1.32,0.0
ATOM,2280.0,HG2,ARG,147.0,41.11,-0.273,8.776,0.09,1.32,3.04
ATOM,2281.0,HG3,ARG,147.0,42.333,-0.84,7.855,0.09,1.32,0.0
ATOM,2282.0,HD2,ARG,147.0,42.882,-0.992,10.549,0.09,1.32,0.0
ATOM,2283.0,HD3,ARG,147.0,41.579,-1.88,10.124,0.09,1.32,5.71
ATOM,2284.0,HE,ARG,147.0,44.294,-2.32,9.286,0.44,0.2245,0.0
ATOM,2285.0,HH11,ARG,147.0,40.904,-3.309,9.016,0.46,0.2245,9.36
ATOM,2286.0,HH12,ARG,147.0,41.308,-4.85,8.334,0.46,0.2245,17.07
ATOM,2287.0,HH21,ARG,147.0,44.756,-4.281,8.328,0.46,0.2245,0.0
ATOM,2288.0,HH22,ARG,147.0,43.489,-5.396,7.946,0.46,0.2245,12.34
ATOM,2289.0,N,GLU,148.0,40.583,2.772,9.967,-0.47,1.85,0.0
ATOM,2290.0,CA,GLU,148.0,39.239,3.005,10.502,0.07,2.275,1.07
ATOM,2291.0,C,GLU,148.0,38.527,4.136,9.765,0.51,2.0,0.0
ATOM,2292.0,O,GLU,148.0,37.385,3.997,9.314,-0.51,1.7,6.75
ATOM,2293.0,CB,GLU,148.0,39.319,3.309,12.008,-0.18,2.175,1.64
ATOM,2294.0,CG,GLU,148.0,37.968,3.575,12.688,-0.28,2.175,14.67
ATOM,2295.0,CD,GLU,148.0,38.091,3.887,14.176,0.62,2.0,5.52
ATOM,2296.0,OE1,GLU,148.0,38.933,3.265,14.864,-0.76,1.7,38.29
ATOM,2297.0,OE2,GLU,148.0,37.326,4.753,14.662,-0.76,1.7,48.41
ATOM,2298.0,H,GLU,148.0,41.451,3.019,10.481,0.31,0.2245,0.0
ATOM,2299.0,HA,GLU,148.0,38.695,2.159,10.424,0.09,1.32,7.78
ATOM,2300.0,HB2,GLU,148.0,39.721,2.526,12.451,0.09,1.32,5.89
ATOM,2301.0,HB3,GLU,148.0,39.87,4.118,12.122,0.09,1.32,0.87
ATOM,2302.0,HG2,GLU,148.0,37.558,4.355,12.254,0.09,1.32,3.77
ATOM,2303.0,HG3,GLU,148.0,37.417,2.766,12.599,0.09,1.32,10.05
ATOM,2304.0,N,LYS,149.0,39.203,5.266,9.612,-0.47,1.85,0.0
ATOM,2305.0,CA,LYS,149.0,38.569,6.445,9.036,0.07,2.275,1.12
ATOM,2306.0,C,LYS,149.0,38.178,6.218,7.583,0.51,2.0,0.0
ATOM,2307.0,O,LYS,149.0,37.104,6.662,7.148,-0.51,1.7,19.35
ATOM,2308.0,CB,LYS,149.0,39.502,7.657,9.143,-0.18,2.175,1.53
ATOM,2309.0,CG,LYS,149.0,38.938,8.935,8.542,-0.18,2.175,4.46
ATOM,2310.0,CD,LYS,149.0,39.791,10.15,8.886,-0.18,2.175,1.71
ATOM,2311.0,CE,LYS,149.0,39.221,11.404,8.259,0.21,2.175,15.51
ATOM,2312.0,NZ,LYS,149.0,40.09,12.592,8.544,-0.3,1.85,7.5
ATOM,2313.0,H,LYS,149.0,40.187,5.239,9.927,0.31,0.2245,0.0
ATOM,2314.0,HA,LYS,149.0,37.735,6.659,9.566,0.09,1.32,8.5
ATOM,2315.0,HB2,LYS,149.0,39.689,7.82,10.11,0.09,1.32,3.12
ATOM,2316.0,HB3,LYS,149.0,40.354,7.435,8.67,0.09,1.32,0.0
ATOM,2317.0,HG2,LYS,149.0,38.901,8.839,7.545,0.09,1.32,0.0
ATOM,2318.0,HG3,LYS,149.0,38.012,9.082,8.893,0.09,1.32,8.5
ATOM,2319.0,HD2,LYS,149.0,39.804,10.261,9.872,0.09,1.32,2.17
ATOM,2320.0,HD3,LYS,149.0,40.709,10.005,8.537,0.09,1.32,0.0
ATOM,2321.0,HE2,LYS,149.0,39.158,11.28,7.269,0.05,1.32,0.7
ATOM,2322.0,HE3,LYS,149.0,38.308,11.575,8.631,0.05,1.32,10.69
ATOM,2323.0,HZ1,LYS,149.0,40.087,12.77,9.526,0.33,0.2245,11.66
ATOM,2324.0,HZ2,LYS,149.0,41.019,12.397,8.237,0.33,0.2245,0.0
ATOM,2325.0,HZ3,LYS,149.0,39.73,13.384,8.055,0.33,0.2245,19.5
ATOM,2326.0,N,TYR,150.0,39.058,5.542,6.841,-0.47,1.85,0.0
ATOM,2327.0,CA,TYR,150.0,38.871,5.33,5.407,0.07,2.275,0.83
ATOM,2328.0,C,TYR,150.0,38.416,3.908,5.09,0.51,2.0,0.12
ATOM,2329.0,O,TYR,150.0,38.298,3.527,3.926,-0.51,1.7,3.24
ATOM,2330.0,CB,TYR,150.0,40.145,5.735,4.638,-0.18,2.175,0.0
ATOM,2331.0,CG,TYR,150.0,40.357,7.228,4.729,0.0,1.9924,0.0
ATOM,2332.0,CD1,TYR,150.0,39.599,8.095,3.967,-0.115,1.9924,2.75
ATOM,2333.0,CD2,TYR,150.0,41.279,7.778,5.625,-0.115,1.9924,0.0
ATOM,2334.0,CE1,TYR,150.0,39.754,9.467,4.073,-0.115,1.9924,6.5
ATOM,2335.0,CE2,TYR,150.0,41.443,9.147,5.731,-0.115,1.9924,0.0
ATOM,2336.0,CZ,TYR,150.0,40.676,9.987,4.958,0.11,1.9924,0.0
ATOM,2337.0,OH,TYR,150.0,40.789,11.358,5.034,-0.54,1.77,10.37
ATOM,2338.0,H,TYR,150.0,39.881,5.183,7.369,0.31,0.2245,0.0
ATOM,2339.0,HA,TYR,150.0,38.155,5.967,5.084,0.09,1.32,2.43
ATOM,2340.0,HB2,TYR,150.0,40.909,5.281,5.052,0.09,1.32,0.0
ATOM,2341.0,HB3,TYR,150.0,40.024,5.491,3.696,0.09,1.32,0.0
ATOM,2342.0,HD1,TYR,150.0,38.921,7.729,3.322,0.115,1.3582,3.18
ATOM,2343.0,HD2,TYR,150.0,41.825,7.168,6.196,0.115,1.3582,0.0
ATOM,2344.0,HE1,TYR,150.0,39.195,10.081,3.508,0.115,1.3582,11.67
ATOM,2345.0,HE2,TYR,150.0,42.119,9.524,6.369,0.115,1.3582,0.0
ATOM,2346.0,HH,TYR,150.0,41.401,11.594,5.786,0.43,0.2245,0.0
ATOM,2347.0,N,GLN,151.0,38.117,3.142,6.133,-0.47,1.85,0.0
ATOM,2348.0,CA,GLN,151.0,37.519,1.814,5.981,0.07,2.275,2.96
ATOM,2349.0,C,GLN,151.0,38.294,0.996,4.95,0.51,2.0,1.44
ATOM,2350.0,O,GLN,151.0,37.771,0.502,3.95,-0.51,1.7,14.2
ATOM,2351.0,CB,GLN,151.0,36.03,1.96,5.672,-0.18,2.175,8.94
ATOM,2352.0,CG,GLN,151.0,35.286,2.463,6.897,-0.18,2.175,4.38
ATOM,2353.0,CD,GLN,151.0,33.848,2.799,6.624,0.55,2.0,2.52
ATOM,2354.0,H,GLN,151.0,38.341,3.561,7.06,0.31,0.2245,0.0
ATOM,2355.0,HA,GLN,151.0,37.588,1.341,6.863,0.09,1.32,3.52
ATOM,2356.0,HB2,GLN,151.0,35.915,2.617,4.946,0.09,1.32,3.69
ATOM,2357.0,HB3,GLN,151.0,35.664,1.077,5.426,0.09,1.32,8.25
ATOM,2358.0,HG2,GLN,151.0,35.324,1.752,7.606,0.09,1.32,7.21
ATOM,2359.0,HG3,GLN,151.0,35.753,3.284,7.237,0.09,1.32,0.0
ATOM,2360.0,OE1,GLN,151.0,33.546,3.79,5.96,-0.55,1.7,36.97
ATOM,2361.0,NE2,GLN,151.0,32.94,1.984,7.162,-0.62,1.85,27.76
ATOM,2362.0,HE21,GLN,151.0,31.943,2.154,7.033,0.32,0.2245,22.47
ATOM,2363.0,HE22,GLN,151.0,33.259,1.185,7.705,0.3,0.2245,16.9
ATOM,2364.0,N,ILE,152.0,39.585,0.857,5.237,-0.47,1.85,0.37
ATOM,2365.0,CA,ILE,152.0,40.529,0.213,4.345,0.07,2.275,0.0
ATOM,2366.0,C,ILE,152.0,40.463,-1.306,4.505,0.51,2.0,0.46
ATOM,2367.0,O,ILE,152.0,40.824,-1.841,5.559,-0.51,1.7,4.06
ATOM,2368.0,CB,ILE,152.0,41.983,0.716,4.632,-0.09,2.275,0.0
ATOM,2369.0,CG1,ILE,152.0,42.075,2.23,4.415,-0.18,2.175,0.0
ATOM,2370.0,CG2,ILE,152.0,42.984,-0.022,3.761,-0.27,2.06,0.0
ATOM,2371.0,CD1,ILE,152.0,43.445,2.827,4.717,-0.27,2.06,0.0
ATOM,2372.0,H,ILE,152.0,39.859,1.256,6.169,0.31,0.2245,0.0
ATOM,2373.0,HA,ILE,152.0,40.223,0.412,3.41,0.09,1.32,0.06
ATOM,2374.0,HB,ILE,152.0,42.18,0.523,5.584,0.09,1.32,0.0
ATOM,2375.0,HG12,ILE,152.0,41.842,2.429,3.464,0.09,1.32,0.0
ATOM,2376.0,HG13,ILE,152.0,41.4,2.673,5.006,0.09,1.32,0.0
ATOM,2377.0,HG21,ILE,152.0,43.91,0.277,3.988,0.09,1.32,0.0
ATOM,2378.0,HG22,ILE,152.0,42.906,-1.005,3.919,0.09,1.32,0.0
ATOM,2379.0,HG23,ILE,152.0,42.8,0.174,2.799,0.09,1.32,0.0
ATOM,2380.0,HD11,ILE,152.0,44.123,2.402,4.122,0.09,1.32,0.0
ATOM,2381.0,HD12,ILE,152.0,43.416,3.81,4.55,0.09,1.32,0.0
ATOM,2382.0,HD13,ILE,152.0,43.673,2.652,5.672,0.09,1.32,0.0
ATOM,2383.0,N,SER,153.0,40.029,-1.994,3.448,-0.47,1.85,0.0
ATOM,2384.0,CA,SER,153.0,39.982,-3.464,3.415,0.07,2.275,2.57
ATOM,2385.0,C,SER,153.0,41.061,-4.104,2.545,0.51,2.0,0.48
ATOM,2386.0,O,SER,153.0,41.337,-5.3,2.668,-0.51,1.7,30.47
ATOM,2387.0,CB,SER,153.0,38.626,-3.918,2.879,0.05,2.175,27.09
ATOM,2388.0,OG,SER,153.0,38.413,-3.374,1.588,-0.66,1.77,23.09
ATOM,2389.0,H,SER,153.0,39.724,-1.402,2.643,0.31,0.2245,0.72
ATOM,2390.0,HA,SER,153.0,40.112,-3.797,4.368,0.09,1.32,4.33
ATOM,2391.0,HB2,SER,153.0,38.618,-4.907,2.82,0.09,1.32,8.51
ATOM,2392.0,HB3,SER,153.0,37.915,-3.594,3.489,0.09,1.32,9.82
ATOM,2393.0,HG,SER,153.0,38.867,-2.486,1.521,0.43,0.2245,6.23
ATOM,2394.0,N,SER,154.0,41.645,-3.325,1.638,-0.47,1.85,0.0
ATOM,2395.0,CA,SER,154.0,42.658,-3.824,0.716,0.07,2.275,0.17
ATOM,2396.0,C,SER,154.0,43.757,-2.782,0.637,0.51,2.0,0.0
ATOM,2397.0,O,SER,154.0,43.775,-1.951,-0.274,-0.51,1.7,0.0
ATOM,2398.0,CB,SER,154.0,42.045,-4.063,-0.664,0.05,2.175,14.54
ATOM,2399.0,OG,SER,154.0,43.019,-4.52,-1.573,-0.66,1.77,4.82
ATOM,2400.0,H,SER,154.0,41.317,-2.334,1.645,0.31,0.2245,0.01
ATOM,2401.0,HA,SER,154.0,43.045,-4.656,1.1,0.09,1.32,4.48
ATOM,2402.0,HB2,SER,154.0,41.327,-4.748,-0.58,0.09,1.32,7.94
ATOM,2403.0,HB3,SER,154.0,41.663,-3.205,-0.996,0.09,1.32,0.0
ATOM,2404.0,HG,SER,154.0,43.635,-5.161,-1.114,0.43,0.2245,6.38
ATOM,2405.0,N,GLY,155.0,44.665,-2.83,1.604,-0.47,1.85,0.0
ATOM,2406.0,CA,GLY,155.0,45.68,-1.791,1.756,-0.02,2.175,0.0
ATOM,2407.0,C,GLY,155.0,47.091,-2.332,1.704,0.51,2.0,0.0
ATOM,2408.0,O,GLY,155.0,47.375,-3.432,2.184,-0.51,1.7,0.35
ATOM,2409.0,H,GLY,155.0,44.593,-3.654,2.232,0.31,0.2245,5.27
ATOM,2410.0,HA2,GLY,155.0,45.557,-1.098,1.023,0.09,1.32,0.0
ATOM,2411.0,HA3,GLY,155.0,45.534,-1.312,2.641,0.09,1.32,0.0
ATOM,2412.0,N,LEU,156.0,47.975,-1.536,1.111,-0.47,1.85,0.0
ATOM,2413.0,CA,LEU,156.0,49.402,-1.833,1.065,0.07,2.275,0.0
ATOM,2414.0,C,LEU,156.0,50.173,-0.675,1.702,0.51,2.0,0.0
ATOM,2415.0,O,LEU,156.0,49.96,0.488,1.359,-0.51,1.7,0.0
ATOM,2416.0,CB,LEU,156.0,49.858,-2.028,-0.381,-0.18,2.175,0.0
ATOM,2417.0,CG,LEU,156.0,51.337,-2.387,-0.584,-0.09,2.275,0.0
ATOM,2418.0,CD1,LEU,156.0,51.68,-3.741,0.01,-0.27,2.06,3.32
ATOM,2419.0,CD2,LEU,156.0,51.711,-2.341,-2.056,-0.27,2.06,0.64
ATOM,2420.0,H,LEU,156.0,47.559,-0.678,0.68,0.31,0.2245,0.0
ATOM,2421.0,HA,LEU,156.0,49.577,-2.658,1.598,0.09,1.32,0.0
ATOM,2422.0,HB2,LEU,156.0,49.319,-2.767,-0.776,0.09,1.32,0.0
ATOM,2423.0,HB3,LEU,156.0,49.69,-1.18,-0.874,0.09,1.32,0.0
ATOM,2424.0,HG,LEU,156.0,51.902,-1.678,-0.15,0.09,1.32,0.0
ATOM,2425.0,HD11,LEU,156.0,51.125,-4.45,-0.427,0.09,1.32,0.0
ATOM,2426.0,HD12,LEU,156.0,52.649,-3.939,-0.142,0.09,1.32,0.0
ATOM,2427.0,HD13,LEU,156.0,51.494,-3.734,0.993,0.09,1.32,0.0
ATOM,2428.0,HD21,LEU,156.0,51.553,-1.419,-2.414,0.09,1.32,0.0
ATOM,2429.0,HD22,LEU,156.0,52.678,-2.578,-2.164,0.09,1.32,0.01
ATOM,2430.0,HD23,LEU,156.0,51.15,-2.995,-2.566,0.09,1.32,0.0
ATOM,2431.0,N,VAL,157.0,51.06,-1.007,2.631,-0.47,1.85,0.0
ATOM,2432.0,CA,VAL,157.0,51.922,-0.039,3.295,0.07,2.275,0.0
ATOM,2433.0,C,VAL,157.0,53.299,-0.129,2.652,0.51,2.0,0.0
ATOM,2434.0,O,VAL,157.0,53.905,-1.201,2.642,-0.51,1.7,0.0
ATOM,2435.0,CB,VAL,157.0,52.02,-0.348,4.802,-0.09,2.275,0.0
ATOM,2436.0,CG1,VAL,157.0,53.025,0.555,5.49,-0.27,2.06,0.47
ATOM,2437.0,CG2,VAL,157.0,50.658,-0.207,5.446,-0.27,2.06,0.0
ATOM,2438.0,H,VAL,157.0,51.088,-2.034,2.848,0.31,0.2245,0.0
ATOM,2439.0,HA,VAL,157.0,51.561,0.872,3.125,0.09,1.32,0.0
ATOM,2440.0,HB,VAL,157.0,52.353,-1.285,4.896,0.09,1.32,0.0
ATOM,2441.0,HG11,VAL,157.0,53.925,0.117,5.493,0.09,1.32,0.0
ATOM,2442.0,HG12,VAL,157.0,53.084,1.427,5.002,0.09,1.32,0.58
ATOM,2443.0,HG13,VAL,157.0,52.736,0.723,6.433,0.09,1.32,0.0
ATOM,2444.0,HG21,VAL,157.0,50.1,0.431,4.912,0.09,1.32,0.0
ATOM,2445.0,HG22,VAL,157.0,50.207,-1.101,5.474,0.09,1.32,0.0
ATOM,2446.0,HG23,VAL,157.0,50.763,0.143,6.378,0.09,1.32,0.0
ATOM,2447.0,N,ILE,158.0,53.791,0.983,2.111,-0.47,1.85,0.0
ATOM,2448.0,CA,ILE,158.0,55.054,1.012,1.391,0.07,2.275,0.0
ATOM,2449.0,C,ILE,158.0,56.033,1.928,2.12,0.51,2.0,0.0
ATOM,2450.0,O,ILE,158.0,55.744,3.102,2.333,-0.51,1.7,0.73
ATOM,2451.0,CB,ILE,158.0,54.879,1.531,-0.053,-0.09,2.275,0.0
ATOM,2452.0,CG1,ILE,158.0,53.786,0.744,-0.791,-0.18,2.175,0.0
ATOM,2453.0,CG2,ILE,158.0,56.198,1.438,-0.793,-0.27,2.06,0.0
ATOM,2454.0,CD1,ILE,158.0,52.449,1.437,-0.798,-0.27,2.06,0.0
ATOM,2455.0,H,ILE,158.0,53.192,1.829,2.249,0.31,0.2245,0.0
ATOM,2456.0,HA,ILE,158.0,55.434,0.089,1.446,0.09,1.32,0.0
ATOM,2457.0,HB,ILE,158.0,54.592,2.483,-0.004,0.09,1.32,0.0
ATOM,2458.0,HG12,ILE,158.0,54.087,0.599,-1.731,0.09,1.32,0.0
ATOM,2459.0,HG13,ILE,158.0,53.69,-0.143,-0.343,0.09,1.32,0.0
ATOM,2460.0,HG21,ILE,158.0,56.096,1.816,-1.713,0.09,1.32,0.0
ATOM,2461.0,HG22,ILE,158.0,56.898,1.955,-0.3,0.09,1.32,0.0
ATOM,2462.0,HG23,ILE,158.0,56.48,0.481,-0.859,0.09,1.32,0.0
ATOM,2463.0,HD11,ILE,158.0,52.535,2.325,-1.25,0.09,1.32,0.0
ATOM,2464.0,HD12,ILE,158.0,51.784,0.876,-1.291,0.09,1.32,0.0
ATOM,2465.0,HD13,ILE,158.0,52.137,1.572,0.143,0.09,1.32,0.0
ATOM,2466.0,N,GLY,159.0,57.185,1.399,2.51,-0.47,1.85,0.0
ATOM,2467.0,CA,GLY,159.0,58.205,2.219,3.146,-0.02,2.175,0.0
ATOM,2468.0,C,GLY,159.0,59.557,1.567,3.019,0.51,2.0,0.0
ATOM,2469.0,O,GLY,159.0,59.663,0.385,2.71,-0.51,1.7,0.0
ATOM,2470.0,H,GLY,159.0,57.29,0.387,2.328,0.31,0.2245,0.0
ATOM,2471.0,HA2,GLY,159.0,58.223,3.126,2.71,0.09,1.32,0.0
ATOM,2472.0,HA3,GLY,159.0,57.977,2.34,4.119,0.09,1.32,0.0
ATOM,2473.0,N,ASP,160.0,60.605,2.341,3.274,-0.47,1.85,0.0
ATOM,2474.0,CA,ASP,160.0,61.96,1.845,3.063,0.07,2.275,0.0
ATOM,2475.0,C,ASP,160.0,62.612,1.266,4.313,0.51,2.0,0.0
ATOM,2476.0,O,ASP,160.0,63.696,0.697,4.209,-0.51,1.7,16.04
ATOM,2477.0,CB,ASP,160.0,62.865,2.932,2.456,-0.28,2.175,2.04
ATOM,2478.0,CG,ASP,160.0,63.116,4.1,3.394,0.62,2.0,0.0
ATOM,2479.0,OD1,ASP,160.0,62.197,4.495,4.135,-0.76,1.7,2.05
ATOM,2480.0,OD2,ASP,160.0,64.248,4.643,3.379,-0.76,1.7,14.07
ATOM,2481.0,H,ASP,160.0,60.385,3.286,3.621,0.31,0.2245,0.0
ATOM,2482.0,HA,ASP,160.0,61.898,1.088,2.384,0.09,1.32,0.0
ATOM,2483.0,HB2,ASP,160.0,63.737,2.509,2.23,0.09,1.32,6.65
ATOM,2484.0,HB3,ASP,160.0,62.422,3.271,1.632,0.09,1.32,0.0
ATOM,2485.0,N,ARG,161.0,61.977,1.402,5.466,-0.47,1.85,0.0
ATOM,2486.0,CA,ARG,161.0,62.598,0.993,6.728,0.07,2.275,0.0
ATOM,2487.0,C,ARG,161.0,61.829,-0.095,7.462,0.51,2.0,0.0
ATOM,2488.0,O,ARG,161.0,60.614,-0.212,7.335,-0.51,1.7,0.0
ATOM,2489.0,CB,ARG,161.0,62.736,2.202,7.656,-0.18,2.175,0.0
ATOM,2490.0,CG,ARG,161.0,63.794,3.184,7.259,-0.18,2.175,4.82
ATOM,2491.0,CD,ARG,161.0,63.857,4.332,8.245,0.2,2.175,9.91
ATOM,2492.0,NE,ARG,161.0,64.111,3.873,9.608,-0.7,1.85,4.51
ATOM,2493.0,CZ,ARG,161.0,63.992,4.634,10.691,0.64,2.0,1.86
ATOM,2494.0,NH1,ARG,161.0,63.632,5.905,10.585,-0.8,1.85,16.26
ATOM,2495.0,NH2,ARG,161.0,64.238,4.127,11.888,-0.8,1.85,16.46
ATOM,2496.0,H,ARG,161.0,61.028,1.811,5.405,0.31,0.2245,0.0
ATOM,2497.0,HA,ARG,161.0,63.535,0.649,6.528,0.09,1.32,0.41
ATOM,2498.0,HB2,ARG,161.0,61.853,2.674,7.675,0.09,1.32,0.0
ATOM,2499.0,HB3,ARG,161.0,62.946,1.86,8.574,0.09,1.32,0.0
ATOM,2500.0,HG2,ARG,161.0,64.686,2.739,7.246,0.09,1.32,8.47
ATOM,2501.0,HG3,ARG,161.0,63.589,3.562,6.36,0.09,1.32,0.0
ATOM,2502.0,HD2,ARG,161.0,64.591,4.946,7.963,0.09,1.32,11.38
ATOM,2503.0,HD3,ARG,161.0,62.983,4.814,8.218,0.09,1.32,4.71
ATOM,2504.0,HE,ARG,161.0,64.396,2.915,9.736,0.44,0.2245,3.81
ATOM,2505.0,HH11,ARG,161.0,63.425,6.307,9.696,0.46,0.2245,11.51
ATOM,2506.0,HH12,ARG,161.0,63.565,6.475,11.412,0.46,0.2245,7.26
ATOM,2507.0,HH21,ARG,161.0,64.496,3.16,11.976,0.46,0.2245,12.21
ATOM,2508.0,HH22,ARG,161.0,64.168,4.699,12.703,0.46,0.2245,12.57
ATOM,2509.0,N,PRO,162.0,62.545,-0.9,8.269,-0.29,1.85,0.0
ATOM,2510.0,CA,PRO,162.0,61.865,-1.854,9.123,0.02,2.275,0.65
ATOM,2511.0,C,PRO,162.0,60.669,-1.307,9.895,0.51,2.0,0.0
ATOM,2512.0,O,PRO,162.0,59.655,-1.989,9.992,-0.51,1.7,0.0
ATOM,2513.0,CB,PRO,162.0,62.975,-2.308,10.073,-0.18,2.175,10.19
ATOM,2514.0,CG,PRO,162.0,64.18,-2.259,9.223,-0.18,2.175,20.86
ATOM,2515.0,CD,PRO,162.0,64.012,-1.028,8.367,0.0,2.175,11.41
ATOM,2516.0,HA,PRO,162.0,61.584,-2.684,8.583,0.09,1.32,3.78
ATOM,2517.0,HB2,PRO,162.0,63.048,-1.683,10.849,0.09,1.32,3.69
ATOM,2518.0,HB3,PRO,162.0,62.796,-3.233,10.404,0.09,1.32,5.96
ATOM,2519.0,HG2,PRO,162.0,65.014,-2.188,9.781,0.09,1.32,12.19
ATOM,2520.0,HG3,PRO,162.0,64.25,-3.081,8.647,0.09,1.32,11.83
ATOM,2521.0,HD2,PRO,162.0,64.405,-0.224,8.804,0.09,1.32,2.71
ATOM,2522.0,HD3,PRO,162.0,64.414,-1.155,7.463,0.09,1.32,5.45
ATOM,2523.0,N,ILE,163.0,60.763,-0.095,10.437,-0.47,1.85,0.0
ATOM,2524.0,CA,ILE,163.0,59.647,0.424,11.239,0.07,2.275,0.0
ATOM,2525.0,C,ILE,163.0,58.37,0.626,10.419,0.51,2.0,0.0
ATOM,2526.0,O,ILE,163.0,57.261,0.57,10.964,-0.51,1.7,0.0
ATOM,2527.0,CB,ILE,163.0,59.989,1.729,12.004,-0.09,2.275,0.0
ATOM,2528.0,CG1,ILE,163.0,60.377,2.865,11.049,-0.18,2.175,0.0
ATOM,2529.0,CG2,ILE,163.0,61.068,1.45,13.047,-0.27,2.06,16.41
ATOM,2530.0,CD1,ILE,163.0,60.489,4.21,11.733,-0.27,2.06,0.0
ATOM,2531.0,H,ILE,163.0,61.629,0.414,10.257,0.31,0.2245,0.04
ATOM,2532.0,HA,ILE,163.0,59.439,-0.289,11.924,0.09,1.32,0.0
ATOM,2533.0,HB,ILE,163.0,59.172,2.01,12.504,0.09,1.32,0.0
ATOM,2534.0,HG12,ILE,163.0,61.252,2.638,10.63,0.09,1.32,0.0
ATOM,2535.0,HG13,ILE,163.0,59.681,2.923,10.337,0.09,1.32,0.0
ATOM,2536.0,HG21,ILE,163.0,61.223,2.272,13.592,0.09,1.32,3.48
ATOM,2537.0,HG22,ILE,163.0,60.77,0.706,13.642,0.09,1.32,0.39
ATOM,2538.0,HG23,ILE,163.0,61.914,1.19,12.587,0.09,1.32,1.68
ATOM,2539.0,HD11,ILE,163.0,61.188,4.162,12.445,0.09,1.32,0.41
ATOM,2540.0,HD12,ILE,163.0,60.743,4.904,11.06,0.09,1.32,2.64
ATOM,2541.0,HD13,ILE,163.0,59.609,4.447,12.143,0.09,1.32,0.0
ATOM,2542.0,N,ASP,164.0,58.526,0.844,9.11,-0.47,1.85,0.0
ATOM,2543.0,CA,ASP,164.0,57.372,1.005,8.228,0.07,2.275,0.0
ATOM,2544.0,C,ASP,164.0,56.651,-0.323,8.057,0.51,2.0,0.0
ATOM,2545.0,O,ASP,164.0,55.423,-0.405,8.13,-0.51,1.7,0.0
ATOM,2546.0,CB,ASP,164.0,57.826,1.533,6.873,-0.28,2.175,0.01
ATOM,2547.0,CG,ASP,164.0,58.582,2.835,6.985,0.62,2.0,0.0
ATOM,2548.0,OD1,ASP,164.0,58.226,3.689,7.841,-0.76,1.7,0.76
ATOM,2549.0,OD2,ASP,164.0,59.577,2.985,6.26,-0.76,1.7,0.64
ATOM,2550.0,H,ASP,164.0,59.507,0.887,8.788,0.31,0.2245,0.0
ATOM,2551.0,HA,ASP,164.0,56.735,1.632,8.685,0.09,1.32,0.0
ATOM,2552.0,HB2,ASP,164.0,58.42,0.851,6.46,0.09,1.32,0.0
ATOM,2553.0,HB3,ASP,164.0,57.019,1.677,6.312,0.09,1.32,0.57
ATOM,2554.0,N,ILE,165.0,57.448,-1.367,7.847,-0.47,1.85,0.0
ATOM,2555.0,CA,ILE,165.0,56.934,-2.721,7.723,0.07,2.275,0.0
ATOM,2556.0,C,ILE,165.0,56.268,-3.158,9.02,0.51,2.0,0.0
ATOM,2557.0,O,ILE,165.0,55.176,-3.726,9.018,-0.51,1.7,0.0
ATOM,2558.0,CB,ILE,165.0,58.077,-3.728,7.372,-0.09,2.275,0.76
ATOM,2559.0,CG1,ILE,165.0,58.84,-3.317,6.104,-0.18,2.175,0.9
ATOM,2560.0,CG2,ILE,165.0,57.546,-5.157,7.28,-0.27,2.06,12.58
ATOM,2561.0,CD1,ILE,165.0,57.989,-3.004,4.931,-0.27,2.06,0.74
ATOM,2562.0,H,ILE,165.0,58.461,-1.13,7.78,0.31,0.2245,0.0
ATOM,2563.0,HA,ILE,165.0,56.212,-2.688,7.027,0.09,1.32,0.0
ATOM,2564.0,HB,ILE,165.0,58.719,-3.728,8.136,0.09,1.32,0.6
ATOM,2565.0,HG12,ILE,165.0,59.407,-2.517,6.335,0.09,1.32,0.0
ATOM,2566.0,HG13,ILE,165.0,59.467,-4.072,5.872,0.09,1.32,3.28
ATOM,2567.0,HG21,ILE,165.0,58.31,-5.787,7.157,0.09,1.32,10.48
ATOM,2568.0,HG22,ILE,165.0,57.059,-5.384,8.121,0.09,1.32,0.0
ATOM,2569.0,HG23,ILE,165.0,56.924,-5.23,6.503,0.09,1.32,0.0
ATOM,2570.0,HD11,ILE,165.0,57.371,-2.242,5.145,0.09,1.32,0.0
ATOM,2571.0,HD12,ILE,165.0,58.561,-2.746,4.147,0.09,1.32,0.0
ATOM,2572.0,HD13,ILE,165.0,57.438,-3.805,4.679,0.09,1.32,0.32
ATOM,2573.0,N,GLU,166.0,56.931,-2.887,10.137,-0.47,1.85,0.0
ATOM,2574.0,CA,GLU,166.0,56.398,-3.284,11.442,0.07,2.275,0.6
ATOM,2575.0,C,GLU,166.0,55.085,-2.577,11.749,0.51,2.0,0.0
ATOM,2576.0,O,GLU,166.0,54.154,-3.198,12.262,-0.51,1.7,2.83
ATOM,2577.0,CB,GLU,166.0,57.435,-3.031,12.533,-0.18,2.175,2.11
ATOM,2578.0,CG,GLU,166.0,58.63,-3.984,12.413,-0.28,2.175,9.3
ATOM,2579.0,CD,GLU,166.0,59.896,-3.509,13.099,0.62,2.0,3.33
ATOM,2580.0,OE1,GLU,166.0,59.95,-2.362,13.58,-0.76,1.7,9.01
ATOM,2581.0,OE2,GLU,166.0,60.868,-4.306,13.129,-0.76,1.7,36.07
ATOM,2582.0,H,GLU,166.0,57.826,-2.388,10.012,0.31,0.2245,0.0
ATOM,2583.0,HA,GLU,166.0,56.254,-4.283,11.456,0.09,1.32,0.38
ATOM,2584.0,HB2,GLU,166.0,57.774,-2.124,12.426,0.09,1.32,0.0
ATOM,2585.0,HB3,GLU,166.0,57.016,-3.196,13.396,0.09,1.32,6.32
ATOM,2586.0,HG2,GLU,166.0,58.371,-4.847,12.824,0.09,1.32,9.45
ATOM,2587.0,HG3,GLU,166.0,58.834,-4.096,11.45,0.09,1.32,0.9
ATOM,2588.0,N,ALA,167.0,54.986,-1.287,11.432,-0.47,1.85,0.0
ATOM,2589.0,CA,ALA,167.0,53.732,-0.566,11.641,0.07,2.275,0.0
ATOM,2590.0,C,ALA,167.0,52.62,-1.142,10.785,0.51,2.0,0.0
ATOM,2591.0,O,ALA,167.0,51.497,-1.357,11.255,-0.51,1.7,0.0
ATOM,2592.0,CB,ALA,167.0,53.891,0.925,11.364,-0.27,2.06,0.0
ATOM,2593.0,H,ALA,167.0,55.838,-0.861,11.042,0.31,0.2245,0.0
ATOM,2594.0,HA,ALA,167.0,53.471,-0.649,12.612,0.09,1.32,0.0
ATOM,2595.0,HB1,ALA,167.0,54.764,1.241,11.734,0.09,1.32,0.0
ATOM,2596.0,HB2,ALA,167.0,53.87,1.084,10.378,0.09,1.32,0.0
ATOM,2597.0,HB3,ALA,167.0,53.144,1.426,11.799,0.09,1.32,0.41
ATOM,2598.0,N,GLY,168.0,52.926,-1.39,9.516,-0.47,1.85,0.0
ATOM,2599.0,CA,GLY,168.0,51.926,-1.947,8.605,-0.02,2.175,0.0
ATOM,2600.0,C,GLY,168.0,51.427,-3.299,9.084,0.51,2.0,0.0
ATOM,2601.0,O,GLY,168.0,50.217,-3.544,9.122,-0.51,1.7,0.0
ATOM,2602.0,H,GLY,168.0,53.892,-1.165,9.24,0.31,0.2245,0.0
ATOM,2603.0,HA2,GLY,168.0,51.148,-1.308,8.534,0.09,1.32,0.0
ATOM,2604.0,HA3,GLY,168.0,52.332,-2.045,7.686,0.09,1.32,0.0
ATOM,2605.0,N,GLN,169.0,52.352,-4.186,9.437,-0.47,1.85,0.0
ATOM,2606.0,CA,GLN,169.0,51.991,-5.529,9.921,0.07,2.275,1.1
ATOM,2607.0,C,GLN,169.0,51.103,-5.423,11.157,0.51,2.0,0.19
ATOM,2608.0,O,GLN,169.0,50.084,-6.115,11.267,-0.51,1.7,14.1
ATOM,2609.0,CB,GLN,169.0,53.241,-6.345,10.282,-0.18,2.175,7.04
ATOM,2610.0,CG,GLN,169.0,54.061,-6.851,9.122,-0.18,2.175,1.13
ATOM,2611.0,CD,GLN,169.0,55.315,-7.627,9.567,0.55,2.0,0.9
ATOM,2612.0,H,GLN,169.0,53.332,-3.861,9.346,0.31,0.2245,0.0
ATOM,2613.0,HA,GLN,169.0,51.464,-5.982,9.199,0.09,1.32,2.03
ATOM,2614.0,HB2,GLN,169.0,53.835,-5.77,10.864,0.09,1.32,0.23
ATOM,2615.0,HB3,GLN,169.0,52.949,-7.141,10.836,0.09,1.32,10.03
ATOM,2616.0,HG2,GLN,169.0,53.504,-7.466,8.565,0.09,1.32,6.12
ATOM,2617.0,HG3,GLN,169.0,54.362,-6.077,8.565,0.09,1.32,0.0
ATOM,2618.0,OE1,GLN,169.0,56.123,-7.15,10.382,-0.55,1.7,16.91
ATOM,2619.0,NE2,GLN,169.0,55.486,-8.811,9.016,-0.62,1.85,23.22
ATOM,2620.0,HE21,GLN,169.0,56.3,-9.379,9.25,0.32,0.2245,22.22
ATOM,2621.0,HE22,GLN,169.0,54.796,-9.157,8.352,0.3,0.2245,16.38
ATOM,2622.0,N,ALA,170.0,51.485,-4.559,12.092,-0.47,1.85,0.04
ATOM,2623.0,CA,ALA,170.0,50.737,-4.408,13.348,0.07,2.275,3.32
ATOM,2624.0,C,ALA,170.0,49.349,-3.805,13.131,0.51,2.0,0.0
ATOM,2625.0,O,ALA,170.0,48.46,-3.932,13.983,-0.51,1.7,20.54
ATOM,2626.0,CB,ALA,170.0,51.526,-3.573,14.325,-0.27,2.06,15.36
ATOM,2627.0,H,ALA,170.0,52.335,-4.013,11.867,0.31,0.2245,0.0
ATOM,2628.0,HA,ALA,170.0,50.628,-5.322,13.768,0.09,1.32,10.47
ATOM,2629.0,HB1,ALA,170.0,51.293,-3.835,15.264,0.09,1.32,9.78
ATOM,2630.0,HB2,ALA,170.0,52.507,-3.715,14.181,0.09,1.32,2.96
ATOM,2631.0,HB3,ALA,170.0,51.314,-2.603,14.194,0.09,1.32,0.0
ATOM,2632.0,N,ALA,171.0,49.164,-3.142,11.996,-0.47,1.85,0.0
ATOM,2633.0,CA,ALA,171.0,47.875,-2.58,11.621,0.07,2.275,0.0
ATOM,2634.0,C,ALA,171.0,47.04,-3.551,10.783,0.51,2.0,1.36
ATOM,2635.0,O,ALA,171.0,45.944,-3.196,10.356,-0.51,1.7,1.65
ATOM,2636.0,CB,ALA,171.0,48.084,-1.276,10.862,-0.27,2.06,0.0
ATOM,2637.0,H,ALA,171.0,50.018,-3.059,11.4,0.31,0.2245,0.0
ATOM,2638.0,HA,ALA,171.0,47.356,-2.36,12.463,0.09,1.32,0.0
ATOM,2639.0,HB1,ALA,171.0,47.742,-0.513,11.409,0.09,1.32,0.0
ATOM,2640.0,HB2,ALA,171.0,49.059,-1.146,10.684,0.09,1.32,0.0
ATOM,2641.0,HB3,ALA,171.0,47.589,-1.312,9.995,0.09,1.32,0.0
ATOM,2642.0,N,GLY,172.0,47.565,-4.751,10.546,-0.47,1.85,1.31
ATOM,2643.0,CA,GLY,172.0,46.87,-5.775,9.765,-0.02,2.175,17.92
ATOM,2644.0,C,GLY,172.0,46.905,-5.578,8.261,0.51,2.0,1.72
ATOM,2645.0,O,GLY,172.0,46.075,-6.136,7.546,-0.51,1.7,20.65
ATOM,2646.0,H,GLY,172.0,48.51,-4.899,10.963,0.31,0.2245,0.0
ATOM,2647.0,HA2,GLY,172.0,47.27,-6.691,9.993,0.09,1.32,9.51
ATOM,2648.0,HA3,GLY,172.0,45.893,-5.819,10.075,0.09,1.32,5.8
ATOM,2649.0,N,LEU,173.0,47.877,-4.81,7.767,-0.47,1.85,0.04
ATOM,2650.0,CA,LEU,173.0,47.961,-4.497,6.351,0.07,2.275,0.0
ATOM,2651.0,C,LEU,173.0,49.149,-5.205,5.719,0.51,2.0,0.94
ATOM,2652.0,O,LEU,173.0,50.15,-5.469,6.373,-0.51,1.7,5.49
ATOM,2653.0,CB,LEU,173.0,48.09,-2.983,6.157,-0.18,2.175,0.0
ATOM,2654.0,CG,LEU,173.0,46.963,-2.153,6.773,-0.09,2.275,0.0
ATOM,2655.0,CD1,LEU,173.0,47.341,-0.686,6.839,-0.27,2.06,0.0
ATOM,2656.0,CD2,LEU,173.0,45.681,-2.358,5.984,-0.27,2.06,1.16
ATOM,2657.0,H,LEU,173.0,48.555,-4.463,8.475,0.31,0.2245,0.0
ATOM,2658.0,HA,LEU,173.0,47.122,-4.818,5.899,0.09,1.32,1.53
ATOM,2659.0,HB2,LEU,173.0,48.939,-2.693,6.58,0.09,1.32,0.0
ATOM,2660.0,HB3,LEU,173.0,48.098,-2.8,5.184,0.09,1.32,0.0
ATOM,2661.0,HG,LEU,173.0,46.779,-2.493,7.698,0.09,1.32,0.0
ATOM,2662.0,HD11,LEU,173.0,47.522,-0.343,5.916,0.09,1.32,0.0
ATOM,2663.0,HD12,LEU,173.0,46.59,-0.162,7.245,0.09,1.32,0.0
ATOM,2664.0,HD13,LEU,173.0,48.163,-0.575,7.4,0.09,1.32,0.0
ATOM,2665.0,HD21,LEU,173.0,45.426,-3.326,6.003,0.09,1.32,1.64
ATOM,2666.0,HD22,LEU,173.0,44.946,-1.813,6.39,0.09,1.32,0.0
ATOM,2667.0,HD23,LEU,173.0,45.821,-2.071,5.035,0.09,1.32,0.0
ATOM,2668.0,N,ASP,174.0,49.037,-5.5,4.428,-0.47,1.85,0.13
ATOM,2669.0,CA,ASP,174.0,50.183,-5.989,3.683,0.07,2.275,0.15
ATOM,2670.0,C,ASP,174.0,51.222,-4.88,3.568,0.51,2.0,0.0
ATOM,2671.0,O,ASP,174.0,50.897,-3.69,3.659,-0.51,1.7,0.0
ATOM,2672.0,CB,ASP,174.0,49.773,-6.468,2.293,-0.28,2.175,1.79
ATOM,2673.0,CG,ASP,174.0,49.063,-7.815,2.315,0.62,2.0,5.03
ATOM,2674.0,OD1,ASP,174.0,48.835,-8.384,3.408,-0.76,1.7,34.99
ATOM,2675.0,OD2,ASP,174.0,48.741,-8.3,1.212,-0.76,1.7,26.01
ATOM,2676.0,H,ASP,174.0,48.1,-5.355,4.022,0.31,0.2245,3.22
ATOM,2677.0,HA,ASP,174.0,50.599,-6.725,4.22,0.09,1.32,4.81
ATOM,2678.0,HB2,ASP,174.0,49.157,-5.793,1.901,0.09,1.32,0.0
ATOM,2679.0,HB3,ASP,174.0,50.593,-6.552,1.739,0.09,1.32,1.39
ATOM,2680.0,N,THR,175.0,52.467,-5.286,3.365,-0.47,1.85,0.0
ATOM,2681.0,CA,THR,175.0,53.578,-4.349,3.307,0.07,2.275,0.0
ATOM,2682.0,C,THR,175.0,54.489,-4.584,2.102,0.51,2.0,0.0
ATOM,2683.0,O,THR,175.0,54.533,-5.683,1.539,-0.51,1.7,20.52
ATOM,2684.0,CB,THR,175.0,54.421,-4.403,4.597,0.14,2.275,0.0
ATOM,2685.0,OG1,THR,175.0,55.051,-5.682,4.713,-0.66,1.77,8.67
ATOM,2686.0,CG2,THR,175.0,53.569,-4.138,5.82,-0.27,2.06,0.0
ATOM,2687.0,H,THR,175.0,52.578,-6.314,3.253,0.31,0.2245,5.37
ATOM,2688.0,HA,THR,175.0,53.204,-3.409,3.238,0.09,1.32,0.0
ATOM,2689.0,HB,THR,175.0,55.151,-3.691,4.541,0.09,1.32,0.0
ATOM,2690.0,HG21,THR,175.0,52.603,-4.067,5.557,0.09,1.32,0.0
ATOM,2691.0,HG22,THR,175.0,53.672,-4.888,6.48,0.09,1.32,0.0
ATOM,2692.0,HG23,THR,175.0,53.852,-3.279,6.257,0.09,1.32,0.0
ATOM,2693.0,HG1,THR,175.0,54.375,-6.385,4.96,0.43,0.2245,8.61
ATOM,2694.0,N,HIS,176.0,55.222,-3.539,1.733,-0.47,1.85,0.0
ATOM,2695.0,CA,HIS,176.0,56.258,-3.63,0.73,0.07,2.275,0.13
ATOM,2696.0,C,HIS,176.0,57.464,-2.838,1.203,0.51,2.0,0.0
ATOM,2697.0,O,HIS,176.0,57.361,-1.658,1.496,-0.51,1.7,0.0
ATOM,2698.0,CB,HIS,176.0,55.773,-3.074,-0.611,-0.09,2.175,0.0
ATOM,2699.0,CG,HIS,176.0,56.81,-3.131,-1.687,-0.05,1.8,0.0
ATOM,2700.0,H,HIS,176.0,54.981,-2.65,2.233,0.31,0.2245,0.0
ATOM,2701.0,HA,HIS,176.0,56.53,-4.587,0.631,0.09,1.32,1.97
ATOM,2702.0,HB2,HIS,176.0,54.973,-3.601,-0.913,0.09,1.32,0.95
ATOM,2703.0,HB3,HIS,176.0,55.498,-2.116,-0.486,0.09,1.32,0.0
ATOM,2704.0,ND1,HIS,176.0,57.077,-4.283,-2.393,-0.36,1.85,1.84
ATOM,2705.0,CD2,HIS,176.0,57.68,-2.198,-2.144,0.22,1.8,0.0
ATOM,2706.0,CE1,HIS,176.0,58.052,-4.048,-3.255,0.25,1.8,5.46
ATOM,2707.0,NE2,HIS,176.0,58.438,-2.792,-3.123,-0.7,1.85,0.0
ATOM,2708.0,HD1,HIS,176.0,56.607,-5.156,-2.272,0.32,0.2245,7.78
ATOM,2709.0,HD2,HIS,176.0,57.757,-1.256,-1.828,0.1,1.468,0.0
ATOM,2710.0,HE1,HIS,176.0,58.433,-4.709,-3.897,0.13,0.9,0.27
ATOM,2711.0,N,LEU,177.0,58.605,-3.515,1.3,-0.47,1.85,0.0
ATOM,2712.0,CA,LEU,177.0,59.858,-2.883,1.655,0.07,2.275,0.0
ATOM,2713.0,C,LEU,177.0,60.451,-2.278,0.394,0.51,2.0,0.0
ATOM,2714.0,O,LEU,177.0,60.997,-2.978,-0.463,-0.51,1.7,5.02
ATOM,2715.0,CB,LEU,177.0,60.804,-3.914,2.272,-0.18,2.175,5.51
ATOM,2716.0,CG,LEU,177.0,62.168,-3.417,2.743,-0.09,2.275,1.6
ATOM,2717.0,CD1,LEU,177.0,62.017,-2.453,3.877,-0.27,2.06,1.15
ATOM,2718.0,CD2,LEU,177.0,63.014,-4.625,3.152,-0.27,2.06,35.52
ATOM,2719.0,H,LEU,177.0,58.514,-4.538,1.098,0.31,0.2245,9.02
ATOM,2720.0,HA,LEU,177.0,59.679,-2.148,2.304,0.09,1.32,0.0
ATOM,2721.0,HB2,LEU,177.0,60.342,-4.314,3.066,0.09,1.32,1.84
ATOM,2722.0,HB3,LEU,177.0,60.966,-4.627,1.589,0.09,1.32,6.16
ATOM,2723.0,HG,LEU,177.0,62.63,-2.97,1.972,0.09,1.32,0.25
ATOM,2724.0,HD11,LEU,177.0,61.555,-2.897,4.651,0.09,1.32,0.2
ATOM,2725.0,HD12,LEU,177.0,62.919,-2.131,4.181,0.09,1.32,2.38
ATOM,2726.0,HD13,LEU,177.0,61.472,-1.66,3.588,0.09,1.32,0.0
ATOM,2727.0,HD21,LEU,177.0,63.125,-5.232,2.366,0.09,1.32,9.83
ATOM,2728.0,HD22,LEU,177.0,63.91,-4.311,3.462,0.09,1.32,10.5
ATOM,2729.0,HD23,LEU,177.0,62.555,-5.114,3.892,0.09,1.32,8.17
ATOM,2730.0,N,PHE,178.0,60.309,-0.964,0.274,-0.47,1.85,0.0
ATOM,2731.0,CA,PHE,178.0,60.653,-0.27,-0.955,0.07,2.275,0.0
ATOM,2732.0,C,PHE,178.0,62.138,-0.262,-1.24,0.51,2.0,0.0
ATOM,2733.0,O,PHE,178.0,62.933,0.119,-0.375,-0.51,1.7,5.13
ATOM,2734.0,CB,PHE,178.0,60.185,1.179,-0.855,-0.18,2.175,0.0
ATOM,2735.0,CG,PHE,178.0,60.475,1.983,-2.084,0.0,1.9924,0.0
ATOM,2736.0,CD1,PHE,178.0,59.616,1.929,-3.17,-0.115,1.9924,0.0
ATOM,2737.0,CD2,PHE,178.0,61.617,2.763,-2.168,-0.115,1.9924,0.55
ATOM,2738.0,CE1,PHE,178.0,59.888,2.668,-4.306,-0.115,1.9924,0.0
ATOM,2739.0,CE2,PHE,178.0,61.887,3.495,-3.304,-0.115,1.9924,0.31
ATOM,2740.0,CZ,PHE,178.0,61.021,3.443,-4.361,-0.115,1.9924,0.0
ATOM,2741.0,H,PHE,178.0,59.938,-0.487,1.119,0.31,0.2245,0.0
ATOM,2742.0,HA,PHE,178.0,60.21,-0.78,-1.714,0.09,1.32,0.0
ATOM,2743.0,HB2,PHE,178.0,59.207,1.173,-0.715,0.09,1.32,0.0
ATOM,2744.0,HB3,PHE,178.0,60.657,1.598,-0.095,0.09,1.32,0.0
ATOM,2745.0,HD1,PHE,178.0,58.803,1.361,-3.135,0.115,1.3582,0.0
ATOM,2746.0,HD2,PHE,178.0,62.251,2.794,-1.393,0.115,1.3582,1.04
ATOM,2747.0,HE1,PHE,178.0,59.25,2.63,-5.087,0.115,1.3582,0.0
ATOM,2748.0,HE2,PHE,178.0,62.726,4.064,-3.346,0.115,1.3582,0.81
ATOM,2749.0,HZ,PHE,178.0,61.211,3.98,-5.197,0.115,1.3582,0.0
ATOM,2750.0,N,THR,179.0,62.494,-0.656,-2.461,-0.47,1.85,0.0
ATOM,2751.0,CA,THR,179.0,63.855,-0.509,-2.959,0.07,2.275,0.6
ATOM,2752.0,C,THR,179.0,63.922,0.321,-4.243,0.51,2.0,0.0
ATOM,2753.0,O,THR,179.0,64.856,1.088,-4.433,-0.51,1.7,22.93
ATOM,2754.0,CB,THR,179.0,64.534,-1.866,-3.165,0.14,2.275,6.41
ATOM,2755.0,OG1,THR,179.0,63.721,-2.699,-3.999,-0.66,1.77,8.36
ATOM,2756.0,CG2,THR,179.0,64.746,-2.567,-1.825,-0.27,2.06,29.51
ATOM,2757.0,H,THR,179.0,61.721,-1.074,-3.022,0.31,0.2245,0.0
ATOM,2758.0,HA,THR,179.0,64.407,-0.038,-2.253,0.09,1.32,5.5
ATOM,2759.0,HB,THR,179.0,65.429,-1.722,-3.638,0.09,1.32,10.35
ATOM,2760.0,HG21,THR,179.0,65.622,-3.053,-1.833,0.09,1.32,11.8
ATOM,2761.0,HG22,THR,179.0,64.751,-1.89,-1.087,0.09,1.32,3.35
ATOM,2762.0,HG23,THR,179.0,64.006,-3.223,-1.667,0.09,1.32,3.89
ATOM,2763.0,HG1,THR,179.0,62.746,-2.526,-3.823,0.43,0.2245,0.0
ATOM,2764.0,N,SER,180.0,62.94,0.171,-5.132,-0.47,1.85,0.0
ATOM,2765.0,CA,SER,180.0,62.853,1.003,-6.337,0.07,2.275,0.01
ATOM,2766.0,C,SER,180.0,61.439,1.045,-6.881,0.51,2.0,0.0
ATOM,2767.0,O,SER,180.0,60.636,0.157,-6.63,-0.51,1.7,0.0
ATOM,2768.0,CB,SER,180.0,63.791,0.511,-7.442,0.05,2.175,20.93
ATOM,2769.0,OG,SER,180.0,63.375,-0.731,-7.978,-0.66,1.77,8.17
ATOM,2770.0,H,SER,180.0,62.254,-0.572,-4.903,0.31,0.2245,0.0
ATOM,2771.0,HA,SER,180.0,63.12,1.941,-6.082,0.09,1.32,1.53
ATOM,2772.0,HB2,SER,180.0,63.808,1.192,-8.174,0.09,1.32,6.07
ATOM,2773.0,HB3,SER,180.0,64.709,0.408,-7.06,0.09,1.32,6.36
ATOM,2774.0,HG,SER,180.0,62.42,-0.896,-7.736,0.43,0.2245,0.0
ATOM,2775.0,N,ILE,181.0,61.145,2.078,-7.654,-0.47,1.85,0.0
ATOM,2776.0,CA,ILE,181.0,59.848,2.177,-8.292,0.07,2.275,0.0
ATOM,2777.0,C,ILE,181.0,59.632,1.038,-9.297,0.51,2.0,0.0
ATOM,2778.0,O,ILE,181.0,58.555,0.451,-9.341,-0.51,1.7,0.0
ATOM,2779.0,CB,ILE,181.0,59.685,3.568,-8.968,-0.09,2.275,0.0
ATOM,2780.0,CG1,ILE,181.0,59.598,4.68,-7.899,-0.18,2.175,0.0
ATOM,2781.0,CG2,ILE,181.0,58.461,3.594,-9.873,-0.27,2.06,2.53
ATOM,2782.0,CD1,ILE,181.0,58.332,4.687,-7.088,-0.27,2.06,0.15
ATOM,2783.0,H,ILE,181.0,61.896,2.781,-7.757,0.31,0.2245,4.51
ATOM,2784.0,HA,ILE,181.0,59.16,2.048,-7.57,0.09,1.32,0.0
ATOM,2785.0,HB,ILE,181.0,60.493,3.735,-9.517,0.09,1.32,1.62
ATOM,2786.0,HG12,ILE,181.0,60.386,4.577,-7.285,0.09,1.32,0.0
ATOM,2787.0,HG13,ILE,181.0,59.69,5.562,-8.372,0.09,1.32,0.0
ATOM,2788.0,HG21,ILE,181.0,58.405,4.479,-10.332,0.09,1.32,0.0
ATOM,2789.0,HG22,ILE,181.0,58.536,2.869,-10.556,0.09,1.32,0.15
ATOM,2790.0,HG23,ILE,181.0,57.638,3.451,-9.325,0.09,1.32,0.0
ATOM,2791.0,HD11,ILE,181.0,58.24,3.817,-6.602,0.09,1.32,0.0
ATOM,2792.0,HD12,ILE,181.0,58.362,5.436,-6.425,0.09,1.32,0.0
ATOM,2793.0,HD13,ILE,181.0,57.546,4.813,-7.694,0.09,1.32,0.0
ATOM,2794.0,N,VAL,182.0,60.656,0.715,-10.078,-0.47,1.85,0.0
ATOM,2795.0,CA,VAL,182.0,60.56,-0.383,-11.039,0.07,2.275,0.0
ATOM,2796.0,C,VAL,182.0,60.188,-1.69,-10.332,0.51,2.0,0.0
ATOM,2797.0,O,VAL,182.0,59.336,-2.44,-10.802,-0.51,1.7,0.84
ATOM,2798.0,CB,VAL,182.0,61.879,-0.562,-11.867,-0.09,2.275,1.57
ATOM,2799.0,CG1,VAL,182.0,61.913,-1.907,-12.607,-0.27,2.06,32.5
ATOM,2800.0,CG2,VAL,182.0,62.059,0.591,-12.853,-0.27,2.06,35.34
ATOM,2801.0,H,VAL,182.0,61.506,1.292,-9.952,0.31,0.2245,0.97
ATOM,2802.0,HA,VAL,182.0,59.827,-0.167,-11.691,0.09,1.32,0.29
ATOM,2803.0,HB,VAL,182.0,62.635,-0.566,-11.218,0.09,1.32,2.7
ATOM,2804.0,HG11,VAL,182.0,62.846,-2.261,-12.6,0.09,1.32,11.65
ATOM,2805.0,HG12,VAL,182.0,61.304,-2.549,-12.146,0.09,1.32,0.0
ATOM,2806.0,HG13,VAL,182.0,61.611,-1.771,-13.548,0.09,1.32,8.45
ATOM,2807.0,HG21,VAL,182.0,62.948,0.504,-13.299,0.09,1.32,10.55
ATOM,2808.0,HG22,VAL,182.0,61.332,0.553,-13.537,0.09,1.32,8.07
ATOM,2809.0,HG23,VAL,182.0,62.013,1.456,-12.356,0.09,1.32,4.93
ATOM,2810.0,N,ASN,183.0,60.815,-1.959,-9.19,-0.47,1.85,0.05
ATOM,2811.0,CA,ASN,183.0,60.519,-3.196,-8.488,0.07,2.275,0.79
ATOM,2812.0,C,ASN,183.0,59.114,-3.229,-7.902,0.51,2.0,0.0
ATOM,2813.0,O,ASN,183.0,58.466,-4.275,-7.896,-0.51,1.7,0.0
ATOM,2814.0,CB,ASN,183.0,61.533,-3.466,-7.389,-0.18,2.175,3.26
ATOM,2815.0,CG,ASN,183.0,61.402,-4.855,-6.838,0.55,2.0,2.18
ATOM,2816.0,H,ASN,183.0,61.485,-1.254,-8.872,0.31,0.2245,0.0
ATOM,2817.0,HA,ASN,183.0,60.572,-3.947,-9.168,0.09,1.32,1.11
ATOM,2818.0,HB2,ASN,183.0,62.447,-3.354,-7.768,0.09,1.32,5.97
ATOM,2819.0,HB3,ASN,183.0,61.383,-2.811,-6.654,0.09,1.32,0.0
ATOM,2820.0,OD1,ASN,183.0,61.48,-5.84,-7.581,-0.55,1.7,26.35
ATOM,2821.0,ND2,ASN,183.0,61.169,-4.953,-5.536,-0.62,1.85,7.08
ATOM,2822.0,HD22,ASN,183.0,61.084,-4.127,-4.977,0.3,0.2245,0.0
ATOM,2823.0,HD21,ASN,183.0,61.077,-5.854,-5.108,0.32,0.2245,15.61
ATOM,2824.0,N,LEU,184.0,58.643,-2.092,-7.391,-0.47,1.85,0.0
ATOM,2825.0,CA,LEU,184.0,57.279,-2.013,-6.895,0.07,2.275,0.0
ATOM,2826.0,C,LEU,184.0,56.285,-2.237,-8.038,0.51,2.0,0.0
ATOM,2827.0,O,LEU,184.0,55.314,-2.966,-7.881,-0.51,1.7,0.0
ATOM,2828.0,CB,LEU,184.0,57.04,-0.671,-6.209,-0.18,2.175,0.0
ATOM,2829.0,CG,LEU,184.0,55.628,-0.433,-5.657,-0.09,2.275,0.0
ATOM,2830.0,CD1,LEU,184.0,55.17,-1.556,-4.775,-0.27,2.06,0.0
ATOM,2831.0,CD2,LEU,184.0,55.609,0.882,-4.904,-0.27,2.06,0.0
ATOM,2832.0,H,LEU,184.0,59.31,-1.306,-7.381,0.31,0.2245,0.0
ATOM,2833.0,HA,LEU,184.0,57.139,-2.735,-6.212,0.09,1.32,0.0
ATOM,2834.0,HB2,LEU,184.0,57.671,-0.601,-5.441,0.09,1.32,0.0
ATOM,2835.0,HB3,LEU,184.0,57.223,0.051,-6.87,0.09,1.32,0.0
ATOM,2836.0,HG,LEU,184.0,54.997,-0.329,-6.436,0.09,1.32,0.0
ATOM,2837.0,HD11,LEU,184.0,55.792,-1.657,-3.993,0.09,1.32,0.0
ATOM,2838.0,HD12,LEU,184.0,54.245,-1.37,-4.431,0.09,1.32,0.0
ATOM,2839.0,HD13,LEU,184.0,55.156,-2.417,-5.291,0.09,1.32,0.0
ATOM,2840.0,HD21,LEU,184.0,55.858,1.629,-5.523,0.09,1.32,0.0
ATOM,2841.0,HD22,LEU,184.0,54.691,1.049,-4.538,0.09,1.32,0.0
ATOM,2842.0,HD23,LEU,184.0,56.264,0.847,-4.147,0.09,1.32,0.0
ATOM,2843.0,N,ARG,185.0,56.548,-1.633,-9.194,-0.47,1.85,0.0
ATOM,2844.0,CA,ARG,185.0,55.717,-1.904,-10.379,0.07,2.275,0.0
ATOM,2845.0,C,ARG,185.0,55.69,-3.388,-10.711,0.51,2.0,0.0
ATOM,2846.0,O,ARG,185.0,54.639,-3.929,-11.033,-0.51,1.7,0.91
ATOM,2847.0,CB,ARG,185.0,56.235,-1.141,-11.592,-0.18,2.175,5.25
ATOM,2848.0,CG,ARG,185.0,55.912,0.333,-11.586,-0.18,2.175,0.0
ATOM,2849.0,CD,ARG,185.0,56.34,0.984,-12.888,0.2,2.175,13.67
ATOM,2850.0,NE,ARG,185.0,55.851,2.356,-13.014,-0.7,1.85,4.42
ATOM,2851.0,CZ,ARG,185.0,54.617,2.692,-13.382,0.64,2.0,1.61
ATOM,2852.0,NH1,ARG,185.0,53.692,1.777,-13.61,-0.8,1.85,4.0
ATOM,2853.0,NH2,ARG,185.0,54.311,3.974,-13.477,-0.8,1.85,6.31
ATOM,2854.0,H,ARG,185.0,57.346,-0.988,-9.191,0.31,0.2245,0.0
ATOM,2855.0,HA,ARG,185.0,54.777,-1.596,-10.185,0.09,1.32,0.0
ATOM,2856.0,HB2,ARG,185.0,57.228,-1.243,-11.623,0.09,1.32,0.0
ATOM,2857.0,HB3,ARG,185.0,55.831,-1.546,-12.411,0.09,1.32,2.7
ATOM,2858.0,HG2,ARG,185.0,54.931,0.463,-11.483,0.09,1.32,0.0
ATOM,2859.0,HG3,ARG,185.0,56.398,0.781,-10.842,0.09,1.32,0.0
ATOM,2860.0,HD2,ARG,185.0,57.338,0.987,-12.921,0.09,1.32,0.94
ATOM,2861.0,HD3,ARG,185.0,55.98,0.437,-13.642,0.09,1.32,4.21
ATOM,2862.0,HE,ARG,185.0,56.497,3.104,-12.807,0.44,0.2245,4.1
ATOM,2863.0,HH11,ARG,185.0,53.901,0.805,-13.489,0.46,0.2245,0.0
ATOM,2864.0,HH12,ARG,185.0,52.773,2.052,-13.905,0.46,0.2245,0.0
ATOM,2865.0,HH21,ARG,185.0,54.984,4.681,-13.258,0.46,0.2245,0.59
ATOM,2866.0,HH22,ARG,185.0,53.389,4.249,-13.772,0.46,0.2245,0.0
ATOM,2867.0,N,GLN,186.0,56.847,-4.046,-10.647,-0.47,1.85,0.24
ATOM,2868.0,CA,GLN,186.0,56.921,-5.478,-10.967,0.07,2.275,2.42
ATOM,2869.0,C,GLN,186.0,56.061,-6.307,-10.017,0.51,2.0,0.0
ATOM,2870.0,O,GLN,186.0,55.375,-7.234,-10.443,-0.51,1.7,4.71
ATOM,2871.0,CB,GLN,186.0,58.383,-5.948,-10.955,-0.18,2.175,1.51
ATOM,2872.0,CG,GLN,186.0,58.618,-7.435,-11.246,-0.18,2.175,13.41
ATOM,2873.0,CD,GLN,186.0,58.303,-7.844,-12.678,0.55,2.0,2.07
ATOM,2874.0,H,GLN,186.0,57.661,-3.482,-10.362,0.31,0.2245,0.0
ATOM,2875.0,HA,GLN,186.0,56.56,-5.603,-11.899,0.09,1.32,4.74
ATOM,2876.0,HB2,GLN,186.0,58.897,-5.416,-11.642,0.09,1.32,1.18
ATOM,2877.0,HB3,GLN,186.0,58.778,-5.747,-10.047,0.09,1.32,0.0
ATOM,2878.0,HG2,GLN,186.0,59.581,-7.645,-11.059,0.09,1.32,9.64
ATOM,2879.0,HG3,GLN,186.0,58.041,-7.974,-10.625,0.09,1.32,4.36
ATOM,2880.0,OE1,GLN,186.0,57.37,-8.624,-12.915,-0.55,1.7,32.7
ATOM,2881.0,NE2,GLN,186.0,59.098,-7.36,-13.636,-0.62,1.85,25.07
ATOM,2882.0,HE21,GLN,186.0,58.953,-7.603,-14.603,0.32,0.2245,22.12
ATOM,2883.0,HE22,GLN,186.0,59.858,-6.736,-13.365,0.3,0.2245,12.31
ATOM,2884.0,N,VAL,187.0,56.074,-5.969,-8.733,-0.47,1.85,0.0
ATOM,2885.0,CA,VAL,187.0,55.263,-6.681,-7.752,0.07,2.275,0.04
ATOM,2886.0,C,VAL,187.0,53.764,-6.431,-7.975,0.51,2.0,0.0
ATOM,2887.0,O,VAL,187.0,52.938,-7.312,-7.716,-0.51,1.7,7.17
ATOM,2888.0,CB,VAL,187.0,55.712,-6.313,-6.307,-0.09,2.275,0.0
ATOM,2889.0,CG1,VAL,187.0,54.724,-6.801,-5.276,-0.27,2.06,20.87
ATOM,2890.0,CG2,VAL,187.0,57.104,-6.882,-6.05,-0.27,2.06,19.03
ATOM,2891.0,H,VAL,187.0,56.696,-5.174,-8.495,0.31,0.2245,0.0
ATOM,2892.0,HA,VAL,187.0,55.427,-7.669,-7.863,0.09,1.32,7.02
ATOM,2893.0,HB,VAL,187.0,55.736,-5.316,-6.253,0.09,1.32,0.0
ATOM,2894.0,HG11,VAL,187.0,53.801,-6.495,-5.518,0.09,1.32,0.0
ATOM,2895.0,HG12,VAL,187.0,54.738,-7.802,-5.238,0.09,1.32,9.55
ATOM,2896.0,HG13,VAL,187.0,54.964,-6.436,-4.374,0.09,1.32,1.92
ATOM,2897.0,HG21,VAL,187.0,57.579,-6.301,-5.391,0.09,1.32,0.0
ATOM,2898.0,HG22,VAL,187.0,57.018,-7.808,-5.684,0.09,1.32,8.94
ATOM,2899.0,HG23,VAL,187.0,57.613,-6.904,-6.909,0.09,1.32,0.32
ATOM,2900.0,N,LEU,188.0,53.424,-5.238,-8.459,-0.47,1.85,0.0
ATOM,2901.0,CA,LEU,188.0,52.026,-4.838,-8.669,0.07,2.275,0.0
ATOM,2902.0,C,LEU,188.0,51.48,-5.123,-10.08,0.51,2.0,0.0
ATOM,2903.0,O,LEU,188.0,50.288,-4.905,-10.32,-0.51,1.7,4.66
ATOM,2904.0,CB,LEU,188.0,51.862,-3.343,-8.38,-0.18,2.175,0.0
ATOM,2905.0,CG,LEU,188.0,52.139,-2.855,-6.951,-0.09,2.275,0.0
ATOM,2906.0,CD1,LEU,188.0,52.004,-1.341,-6.895,-0.27,2.06,0.0
ATOM,2907.0,CD2,LEU,188.0,51.207,-3.521,-5.972,-0.27,2.06,0.0
ATOM,2908.0,H,LEU,188.0,54.23,-4.613,-8.676,0.31,0.2245,0.0
ATOM,2909.0,HA,LEU,188.0,51.446,-5.343,-8.001,0.09,1.32,0.0
ATOM,2910.0,HB2,LEU,188.0,52.485,-2.844,-8.987,0.09,1.32,0.0
ATOM,2911.0,HB3,LEU,188.0,50.918,-3.091,-8.6,0.09,1.32,2.35
ATOM,2912.0,HG,LEU,188.0,53.064,-3.117,-6.695,0.09,1.32,0.0
ATOM,2913.0,HD11,LEU,188.0,51.077,-1.078,-7.162,0.09,1.32,0.2
ATOM,2914.0,HD12,LEU,188.0,52.185,-1.023,-5.964,0.09,1.32,0.0
ATOM,2915.0,HD13,LEU,188.0,52.662,-0.923,-7.522,0.09,1.32,0.0
ATOM,2916.0,HD21,LEU,188.0,51.334,-4.516,-6.001,0.09,1.32,0.0
ATOM,2917.0,HD22,LEU,188.0,51.397,-3.195,-5.043,0.09,1.32,0.0
ATOM,2918.0,HD23,LEU,188.0,50.255,-3.306,-6.205,0.09,1.32,0.24
ATOM,2919.0,N,ASP,189.0,52.335,-5.578,-10.994,-0.47,1.85,0.0
ATOM,2920.0,CA,ASP,189.0,51.956,-5.792,-12.401,0.07,2.275,3.3
ATOM,2921.0,C,ASP,189.0,51.427,-4.503,-13.055,0.51,2.0,1.82
ATOM,2922.0,O,ASP,189.0,50.502,-4.557,-13.869,-0.51,1.7,25.95
ATOM,2923.0,CB,ASP,189.0,50.877,-6.89,-12.541,-0.28,2.175,12.53
ATOM,2924.0,CG,ASP,189.0,51.316,-8.263,-12.05,0.62,2.0,3.07
ATOM,2925.0,OD1,ASP,189.0,52.483,-8.632,-12.24,-0.76,1.7,25.38
ATOM,2926.0,OD2,ASP,189.0,50.443,-8.982,-11.52,-0.76,1.7,21.18
ATOM,2927.0,H,ASP,189.0,53.294,-5.771,-10.633,0.31,0.2245,0.0
ATOM,2928.0,HA,ASP,189.0,52.794,-6.048,-12.897,0.09,1.32,6.64
ATOM,2929.0,HB2,ASP,189.0,50.082,-6.6,-12.013,0.09,1.32,3.07
ATOM,2930.0,HB3,ASP,189.0,50.637,-6.956,-13.506,0.09,1.32,8.14
ATOM,2931.0,N,ILE,190.0,51.977,-3.34,-12.715,-0.47,1.85,1.74
ATOM,2932.0,CA,ILE,190.0,51.385,-2.08,-13.204,0.07,2.275,1.8
ATOM,2933.0,C,ILE,190.0,52.39,-1.174,-13.879,0.34,2.0,3.08
ATOM,2934.0,O,ILE,190.0,52.03,-0.46,-14.84,-0.67,1.7,23.79
ATOM,2935.0,CB,ILE,190.0,50.666,-1.336,-12.07,-0.09,2.275,0.75
ATOM,2936.0,CG1,ILE,190.0,49.721,-0.276,-12.64,-0.18,2.175,6.41
ATOM,2937.0,CG2,ILE,190.0,51.668,-0.752,-11.089,-0.27,2.06,0.0
ATOM,2938.0,CD1,ILE,190.0,48.795,0.275,-11.599,-0.27,2.06,2.01
ATOM,2939.0,OXT,ILE,190.0,53.561,-1.112,-13.487,-0.67,1.7,6.91
ATOM,2940.0,H,ILE,190.0,52.803,-3.389,-12.116,0.31,0.2245,0.0
ATOM,2941.0,HA,ILE,190.0,50.71,-2.351,-13.907,0.09,1.32,3.53
ATOM,2942.0,HB,ILE,190.0,50.119,-1.996,-11.566,0.09,1.32,0.67
ATOM,2943.0,HG12,ILE,190.0,50.27,0.46,-13.019,0.09,1.32,0.0
ATOM,2944.0,HG13,ILE,190.0,49.186,-0.697,-13.365,0.09,1.32,9.06
ATOM,2945.0,HG21,ILE,190.0,51.182,-0.331,-10.324,0.09,1.32,0.0
ATOM,2946.0,HG22,ILE,190.0,52.262,-1.478,-10.744,0.09,1.32,0.0
ATOM,2947.0,HG23,ILE,190.0,52.224,-0.061,-11.549,0.09,1.32,0.0
ATOM,2948.0,HD11,ILE,190.0,49.326,0.699,-10.863,0.09,1.32,0.0
ATOM,2949.0,HD12,ILE,190.0,48.195,0.963,-12.01,0.09,1.32,0.19
ATOM,2950.0,HD13,ILE,190.0,48.236,-0.463,-11.218,0.09,1.32,0.05
