atom,serial,name,resname,resid,x,y,z,charges,radius,sasa
ATOM,1.0,N,GLY,1.0,-14.897,-6.49,0.264,-0.3,1.85,14.03
ATOM,2.0,CA,GLY,1.0,-15.669,-6.001,1.442,0.13,2.175,15.07
ATOM,3.0,C,GLY,1.0,-16.037,-7.137,2.376,0.51,2.0,1.32
ATOM,4.0,O,GLY,1.0,-15.762,-8.302,2.091,-0.51,1.7,8.21
ATOM,5.0,H,GLY,1.0,-15.533,-6.788,-0.443,0.33,0.2245,19.82
ATOM,6.0,HA2,GLY,1.0,-15.109,-5.322,1.93,0.09,1.32,0.0
ATOM,7.0,HA3,GLY,1.0,-16.503,-5.545,1.11,0.09,1.32,11.75
ATOM,8.0,H2,GLY,1.0,-14.328,-5.749,-0.084,0.33,0.2245,16.28
ATOM,9.0,H3,GLY,1.0,-14.322,-7.254,0.545,0.33,0.2245,12.23
ATOM,10.0,N,LEU,2.0,-16.652,-6.786,3.496,-0.47,1.85,0.0
ATOM,11.0,CA,LEU,2.0,-17.116,-7.769,4.481,0.07,2.275,0.0
ATOM,12.0,C,LEU,2.0,-18.607,-7.953,4.337,0.51,2.0,1.21
ATOM,13.0,O,LEU,2.0,-19.32,-7.007,3.97,-0.51,1.7,17.06
ATOM,14.0,CB,LEU,2.0,-16.82,-7.279,5.898,-0.18,2.175,0.0
ATOM,15.0,CG,LEU,2.0,-15.39,-7.48,6.425,-0.09,2.275,0.0
ATOM,16.0,CD1,LEU,2.0,-14.361,-6.585,5.707,-0.27,2.06,1.48
ATOM,17.0,CD2,LEU,2.0,-15.371,-7.28,7.927,-0.27,2.06,0.0
ATOM,18.0,H,LEU,2.0,-16.779,-5.758,3.621,0.31,0.2245,2.05
ATOM,19.0,HA,LEU,2.0,-16.661,-8.64,4.294,0.09,1.32,0.0
ATOM,20.0,HB2,LEU,2.0,-17.008,-6.297,5.93,0.09,1.32,0.0
ATOM,21.0,HB3,LEU,2.0,-17.434,-7.758,6.524,0.09,1.32,0.0
ATOM,22.0,HG,LEU,2.0,-15.128,-8.443,6.298,0.09,1.32,0.0
ATOM,23.0,HD11,LEU,2.0,-14.61,-5.629,5.844,0.09,1.32,0.0
ATOM,24.0,HD12,LEU,2.0,-13.457,-6.759,6.09,0.09,1.32,0.0
ATOM,25.0,HD13,LEU,2.0,-14.366,-6.801,4.734,0.09,1.32,0.32
ATOM,26.0,HD21,LEU,2.0,-15.982,-7.943,8.364,0.09,1.32,0.0
ATOM,27.0,HD22,LEU,2.0,-14.44,-7.41,8.273,0.09,1.32,0.0
ATOM,28.0,HD23,LEU,2.0,-15.679,-6.353,8.148,0.09,1.32,0.0
ATOM,29.0,N,SER,3.0,-19.078,-9.168,4.606,-0.47,1.85,1.73
ATOM,30.0,CA,SER,3.0,-20.509,-9.443,4.625,0.07,2.275,3.28
ATOM,31.0,C,SER,3.0,-21.135,-8.816,5.873,0.51,2.0,0.0
ATOM,32.0,O,SER,3.0,-20.421,-8.438,6.812,-0.51,1.7,0.0
ATOM,33.0,CB,SER,3.0,-20.75,-10.952,4.636,0.05,2.175,19.25
ATOM,34.0,OG,SER,3.0,-20.396,-11.508,5.893,-0.66,1.77,0.34
ATOM,35.0,H,SER,3.0,-18.353,-9.885,4.796,0.31,0.2245,0.0
ATOM,36.0,HA,SER,3.0,-20.924,-9.009,3.824,0.09,1.32,7.83
ATOM,37.0,HB2,SER,3.0,-21.714,-11.126,4.466,0.09,1.32,7.26
ATOM,38.0,HB3,SER,3.0,-20.192,-11.372,3.929,0.09,1.32,9.21
ATOM,39.0,HG,SER,3.0,-20.959,-12.313,6.07,0.43,0.2245,12.35
ATOM,40.0,N,ASP,4.0,-22.467,-8.718,5.899,-0.47,1.85,1.06
ATOM,41.0,CA,ASP,4.0,-23.159,-8.271,7.115,0.07,2.275,0.16
ATOM,42.0,C,ASP,4.0,-22.79,-9.16,8.309,0.51,2.0,0.37
ATOM,43.0,O,ASP,4.0,-22.501,-8.661,9.392,-0.51,1.7,2.96
ATOM,44.0,CB,ASP,4.0,-24.679,-8.266,6.911,-0.28,2.175,15.4
ATOM,45.0,CG,ASP,4.0,-25.115,-7.307,5.818,0.62,2.0,3.53
ATOM,46.0,OD1,ASP,4.0,-24.667,-6.138,5.829,-0.76,1.7,26.37
ATOM,47.0,OD2,ASP,4.0,-25.905,-7.73,4.943,-0.76,1.7,45.46
ATOM,48.0,H,ASP,4.0,-22.947,-8.973,5.027,0.31,0.2245,5.93
ATOM,49.0,HA,ASP,4.0,-22.825,-7.347,7.323,0.09,1.32,0.0
ATOM,50.0,HB2,ASP,4.0,-24.957,-9.185,6.66,0.09,1.32,6.94
ATOM,51.0,HB3,ASP,4.0,-25.102,-7.992,7.765,0.09,1.32,10.06
ATOM,52.0,N,GLY,5.0,-22.781,-10.473,8.096,-0.47,1.85,1.67
ATOM,53.0,CA,GLY,5.0,-22.398,-11.417,9.144,-0.02,2.175,20.96
ATOM,54.0,C,GLY,5.0,-21.002,-11.144,9.69,0.51,2.0,2.12
ATOM,55.0,O,GLY,5.0,-20.772,-11.137,10.908,-0.51,1.7,2.59
ATOM,56.0,H,GLY,5.0,-23.064,-10.763,7.141,0.31,0.2245,5.03
ATOM,57.0,HA2,GLY,5.0,-23.068,-11.365,9.901,0.09,1.32,2.26
ATOM,58.0,HA3,GLY,5.0,-22.433,-12.359,8.774,0.09,1.32,9.92
ATOM,59.0,N,GLU,6.0,-20.073,-10.879,8.782,-0.47,1.85,0.34
ATOM,60.0,CA,GLU,6.0,-18.693,-10.602,9.165,0.07,2.275,0.34
ATOM,61.0,C,GLU,6.0,-18.589,-9.306,9.955,0.51,2.0,0.0
ATOM,62.0,O,GLU,6.0,-17.918,-9.274,10.997,-0.51,1.7,0.0
ATOM,63.0,CB,GLU,6.0,-17.772,-10.607,7.945,-0.18,2.175,0.0
ATOM,64.0,CG,GLU,6.0,-17.591,-12.01,7.381,-0.28,2.175,11.2
ATOM,65.0,CD,GLU,6.0,-16.936,-12.043,6.009,0.62,2.0,0.47
ATOM,66.0,OE1,GLU,6.0,-17.03,-11.046,5.25,-0.76,1.7,0.5
ATOM,67.0,OE2,GLU,6.0,-16.339,-13.096,5.676,-0.76,1.7,30.76
ATOM,68.0,H,GLU,6.0,-20.404,-10.885,7.799,0.31,0.2245,0.0
ATOM,69.0,HA,GLU,6.0,-18.337,-11.365,9.721,0.09,1.32,0.84
ATOM,70.0,HB2,GLU,6.0,-18.188,-10.061,7.253,0.09,1.32,0.0
ATOM,71.0,HB3,GLU,6.0,-16.897,-10.285,8.227,0.09,1.32,0.0
ATOM,72.0,HG2,GLU,6.0,-17.012,-12.518,7.998,0.09,1.32,3.95
ATOM,73.0,HG3,GLU,6.0,-18.482,-12.426,7.293,0.09,1.32,1.91
ATOM,74.0,N,TRP,7.0,-19.269,-8.25,9.495,-0.47,1.85,0.0
ATOM,75.0,CA,TRP,7.0,-19.285,-7.006,10.277,0.07,2.275,0.0
ATOM,76.0,C,TRP,7.0,-19.848,-7.228,11.676,0.51,2.0,0.03
ATOM,77.0,O,TRP,7.0,-19.325,-6.69,12.641,-0.51,1.7,0.0
ATOM,78.0,CB,TRP,7.0,-20.051,-5.884,9.575,-0.18,2.175,0.68
ATOM,79.0,CG,TRP,7.0,-19.269,-5.246,8.481,-0.03,1.9924,0.0
ATOM,80.0,CD1,TRP,7.0,-19.61,-5.172,7.151,0.035,1.9924,3.94
ATOM,81.0,CD2,TRP,7.0,-18.012,-4.561,8.612,-0.02,1.8,0.0
ATOM,82.0,NE1,TRP,7.0,-18.639,-4.476,6.451,-0.61,1.85,0.68
ATOM,83.0,CE2,TRP,7.0,-17.648,-4.098,7.32,0.13,1.8,0.0
ATOM,84.0,CE3,TRP,7.0,-17.157,-4.297,9.692,-0.115,1.9924,0.0
ATOM,85.0,CZ2,TRP,7.0,-16.459,-3.39,7.08,-0.115,1.9924,0.0
ATOM,86.0,CZ3,TRP,7.0,-15.964,-3.569,9.449,-0.115,1.9924,0.0
ATOM,87.0,CH2,TRP,7.0,-15.636,-3.14,8.149,-0.115,1.9924,0.0
ATOM,88.0,H,TRP,7.0,-19.748,-8.379,8.604,0.31,0.2245,0.0
ATOM,89.0,HA,TRP,7.0,-18.33,-6.699,10.376,0.09,1.32,0.0
ATOM,90.0,HB2,TRP,7.0,-20.875,-6.261,9.175,0.09,1.32,0.0
ATOM,91.0,HB3,TRP,7.0,-20.268,-5.181,10.239,0.09,1.32,0.0
ATOM,92.0,HD1,TRP,7.0,-20.432,-5.56,6.748,0.115,1.3582,1.53
ATOM,93.0,HE1,TRP,7.0,-18.66,-4.283,5.473,0.38,0.2245,7.2
ATOM,94.0,HE3,TRP,7.0,-17.365,-4.602,10.61,0.115,1.3582,0.0
ATOM,95.0,HZ2,TRP,7.0,-16.236,-3.086,6.149,0.115,1.3582,0.38
ATOM,96.0,HZ3,TRP,7.0,-15.368,-3.37,10.209,0.115,1.3582,0.0
ATOM,97.0,HH2,TRP,7.0,-14.779,-2.641,8.013,0.115,1.3582,1.74
ATOM,98.0,N,GLN,8.0,-20.896,-8.04,11.786,-0.47,1.85,0.52
ATOM,99.0,CA,GLN,8.0,-21.481,-8.3,13.093,0.07,2.275,2.76
ATOM,100.0,C,GLN,8.0,-20.467,-8.976,14.005,0.51,2.0,0.0
ATOM,101.0,O,GLN,8.0,-20.375,-8.646,15.194,-0.51,1.7,1.06
ATOM,102.0,CB,GLN,8.0,-22.741,-9.169,12.973,-0.18,2.175,2.14
ATOM,103.0,CG,GLN,8.0,-23.476,-9.318,14.291,-0.18,2.175,9.69
ATOM,104.0,CD,GLN,8.0,-24.755,-10.119,14.16,0.55,2.0,3.45
ATOM,105.0,H,GLN,8.0,-21.237,-8.446,10.907,0.31,0.2245,0.0
ATOM,106.0,HA,GLN,8.0,-21.726,-7.417,13.507,0.09,1.32,3.44
ATOM,107.0,HB2,GLN,8.0,-23.357,-8.746,12.315,0.09,1.32,6.23
ATOM,108.0,HB3,GLN,8.0,-22.473,-10.076,12.658,0.09,1.32,0.3
ATOM,109.0,HG2,GLN,8.0,-22.876,-9.781,14.944,0.09,1.32,3.61
ATOM,110.0,HG3,GLN,8.0,-23.704,-8.407,14.638,0.09,1.32,7.73
ATOM,111.0,OE1,GLN,8.0,-24.828,-11.08,13.395,-0.55,1.7,32.95
ATOM,112.0,NE2,GLN,8.0,-25.77,-9.731,14.922,-0.62,1.85,28.5
ATOM,113.0,HE21,GLN,8.0,-26.668,-10.212,14.88,0.32,0.2245,22.09
ATOM,114.0,HE22,GLN,8.0,-25.64,-8.943,15.553,0.3,0.2245,17.16
ATOM,115.0,N,GLN,9.0,-19.704,-9.921,13.447,-0.47,1.85,0.0
ATOM,116.0,CA,GLN,9.0,-18.636,-10.553,14.217,0.07,2.275,0.1
ATOM,117.0,C,GLN,9.0,-17.583,-9.54,14.646,0.51,2.0,0.0
ATOM,118.0,O,GLN,9.0,-17.193,-9.513,15.805,-0.51,1.7,0.0
ATOM,119.0,CB,GLN,9.0,-17.988,-11.715,13.454,-0.18,2.175,0.0
ATOM,120.0,CG,GLN,9.0,-18.678,-13.05,13.716,-0.18,2.175,11.09
ATOM,121.0,CD,GLN,9.0,-18.292,-13.662,15.074,0.55,2.0,2.25
ATOM,122.0,H,GLN,9.0,-19.928,-10.151,12.472,0.31,0.2245,0.0
ATOM,123.0,HA,GLN,9.0,-19.046,-10.944,15.052,0.09,1.32,0.0
ATOM,124.0,HB2,GLN,9.0,-18.038,-11.526,12.478,0.09,1.32,0.0
ATOM,125.0,HB3,GLN,9.0,-17.037,-11.796,13.74,0.09,1.32,0.0
ATOM,126.0,HG2,GLN,9.0,-19.665,-12.911,13.708,0.09,1.32,6.18
ATOM,127.0,HG3,GLN,9.0,-18.419,-13.694,13.0,0.09,1.32,3.5
ATOM,128.0,OE1,GLN,9.0,-17.791,-14.778,15.129,-0.55,1.7,5.52
ATOM,129.0,NE2,GLN,9.0,-18.515,-12.923,16.164,-0.62,1.85,9.84
ATOM,130.0,HE21,GLN,9.0,-18.298,-13.272,17.077,0.32,0.2245,9.92
ATOM,131.0,HE22,GLN,9.0,-18.913,-11.991,16.041,0.3,0.2245,0.45
ATOM,132.0,N,VAL,10.0,-17.14,-8.705,13.712,-0.47,1.85,0.0
ATOM,133.0,CA,VAL,10.0,-16.126,-7.684,14.012,0.07,2.275,0.0
ATOM,134.0,C,VAL,10.0,-16.586,-6.84,15.196,0.51,2.0,0.0
ATOM,135.0,O,VAL,10.0,-15.843,-6.66,16.164,-0.51,1.7,0.0
ATOM,136.0,CB,VAL,10.0,-15.858,-6.756,12.796,-0.09,2.275,0.0
ATOM,137.0,CG1,VAL,10.0,-14.988,-5.57,13.209,-0.27,2.06,0.0
ATOM,138.0,CG2,VAL,10.0,-15.214,-7.531,11.66,-0.27,2.06,0.0
ATOM,139.0,H,VAL,10.0,-17.56,-8.83,12.774,0.31,0.2245,0.0
ATOM,140.0,HA,VAL,10.0,-15.282,-8.154,14.273,0.09,1.32,0.0
ATOM,141.0,HB,VAL,10.0,-16.733,-6.388,12.503,0.09,1.32,0.0
ATOM,142.0,HG11,VAL,10.0,-15.553,-4.748,13.262,0.09,1.32,0.0
ATOM,143.0,HG12,VAL,10.0,-14.58,-5.754,14.102,0.09,1.32,0.0
ATOM,144.0,HG13,VAL,10.0,-14.266,-5.438,12.532,0.09,1.32,0.0
ATOM,145.0,HG21,VAL,10.0,-15.58,-7.206,10.787,0.09,1.32,0.0
ATOM,146.0,HG22,VAL,10.0,-14.224,-7.39,11.682,0.09,1.32,0.0
ATOM,147.0,HG23,VAL,10.0,-15.416,-8.505,11.766,0.09,1.32,0.0
ATOM,148.0,N,LEU,11.0,-17.823,-6.336,15.131,-0.47,1.85,0.0
ATOM,149.0,CA,LEU,11.0,-18.316,-5.451,16.183,0.07,2.275,0.0
ATOM,150.0,C,LEU,11.0,-18.639,-6.174,17.501,0.51,2.0,0.61
ATOM,151.0,O,LEU,11.0,-18.624,-5.561,18.571,-0.51,1.7,11.79
ATOM,152.0,CB,LEU,11.0,-19.488,-4.601,15.667,-0.18,2.175,9.42
ATOM,153.0,CG,LEU,11.0,-19.04,-3.686,14.513,-0.09,2.275,0.0
ATOM,154.0,CD1,LEU,11.0,-20.163,-2.756,14.055,-0.27,2.06,14.18
ATOM,155.0,CD2,LEU,11.0,-17.822,-2.848,14.948,-0.27,2.06,0.0
ATOM,156.0,H,LEU,11.0,-18.37,-6.617,14.308,0.31,0.2245,0.0
ATOM,157.0,HA,LEU,11.0,-17.604,-4.752,16.377,0.09,1.32,0.0
ATOM,158.0,HB2,LEU,11.0,-20.169,-5.202,15.318,0.09,1.32,0.99
ATOM,159.0,HB3,LEU,11.0,-19.794,-4.032,16.393,0.09,1.32,5.62
ATOM,160.0,HG,LEU,11.0,-18.749,-4.259,13.742,0.09,1.32,0.0
ATOM,161.0,HD11,LEU,11.0,-20.449,-2.18,14.82,0.09,1.32,5.83
ATOM,162.0,HD12,LEU,11.0,-19.833,-2.181,13.308,0.09,1.32,0.0
ATOM,163.0,HD13,LEU,11.0,-20.938,-3.303,13.74,0.09,1.32,5.02
ATOM,164.0,HD21,LEU,11.0,-17.076,-3.463,15.194,0.09,1.32,0.0
ATOM,165.0,HD22,LEU,11.0,-17.544,-2.261,14.191,0.09,1.32,0.0
ATOM,166.0,HD23,LEU,11.0,-18.076,-2.29,15.735,0.09,1.32,0.0
ATOM,167.0,N,ASN,12.0,-18.874,-7.48,17.423,-0.47,1.85,0.78
ATOM,168.0,CA,ASN,12.0,-19.049,-8.284,18.627,0.07,2.275,2.02
ATOM,169.0,C,ASN,12.0,-17.698,-8.427,19.33,0.51,2.0,0.0
ATOM,170.0,O,ASN,12.0,-17.576,-8.191,20.545,-0.51,1.7,4.62
ATOM,171.0,CB,ASN,12.0,-19.629,-9.661,18.303,-0.18,2.175,2.6
ATOM,172.0,CG,ASN,12.0,-19.941,-10.459,19.559,0.55,2.0,2.03
ATOM,173.0,H,ASN,12.0,-18.92,-7.863,16.464,0.31,0.2245,0.0
ATOM,174.0,HA,ASN,12.0,-19.645,-7.773,19.244,0.09,1.32,4.58
ATOM,175.0,HB2,ASN,12.0,-20.471,-9.537,17.79,0.09,1.32,1.57
ATOM,176.0,HB3,ASN,12.0,-18.963,-10.165,17.765,0.09,1.32,0.0
ATOM,177.0,OD1,ASN,12.0,-19.213,-11.385,19.91,-0.55,1.7,20.34
ATOM,178.0,ND2,ASN,12.0,-21.009,-10.084,20.252,-0.62,1.85,24.63
ATOM,179.0,HD22,ASN,12.0,-21.564,-9.313,19.932,0.3,0.2245,14.87
ATOM,180.0,HD21,ASN,12.0,-21.261,-10.566,21.089,0.32,0.2245,21.82
ATOM,181.0,N,VAL,13.0,-16.683,-8.802,18.554,-0.47,1.85,0.0
ATOM,182.0,CA,VAL,13.0,-15.309,-8.872,19.058,0.07,2.275,0.0
ATOM,183.0,C,VAL,13.0,-14.91,-7.535,19.684,0.51,2.0,0.0
ATOM,184.0,O,VAL,13.0,-14.325,-7.499,20.775,-0.51,1.7,0.0
ATOM,185.0,CB,VAL,13.0,-14.327,-9.264,17.935,-0.09,2.275,0.0
ATOM,186.0,CG1,VAL,13.0,-12.867,-9.113,18.384,-0.27,2.06,0.0
ATOM,187.0,CG2,VAL,13.0,-14.611,-10.69,17.486,-0.27,2.06,2.26
ATOM,188.0,H,VAL,13.0,-16.944,-9.037,17.577,0.31,0.2245,0.0
ATOM,189.0,HA,VAL,13.0,-15.275,-9.571,19.775,0.09,1.32,0.01
ATOM,190.0,HB,VAL,13.0,-14.461,-8.629,17.177,0.09,1.32,0.0
ATOM,191.0,HG11,VAL,13.0,-12.829,-9.111,19.381,0.09,1.32,0.0
ATOM,192.0,HG12,VAL,13.0,-12.334,-9.877,18.027,0.09,1.32,0.0
ATOM,193.0,HG13,VAL,13.0,-12.503,-8.254,18.031,0.09,1.32,0.0
ATOM,194.0,HG21,VAL,13.0,-14.353,-10.791,16.525,0.09,1.32,0.0
ATOM,195.0,HG22,VAL,13.0,-14.079,-11.325,18.046,0.09,1.32,0.33
ATOM,196.0,HG23,VAL,13.0,-15.586,-10.882,17.594,0.09,1.32,0.0
ATOM,197.0,N,TRP,14.0,-15.266,-6.436,19.027,-0.47,1.85,0.0
ATOM,198.0,CA,TRP,14.0,-14.847,-5.114,19.492,0.07,2.275,0.0
ATOM,199.0,C,TRP,14.0,-15.423,-4.785,20.875,0.51,2.0,0.0
ATOM,200.0,O,TRP,14.0,-14.828,-4.008,21.641,-0.51,1.7,0.0
ATOM,201.0,CB,TRP,14.0,-15.219,-4.035,18.477,-0.18,2.175,0.0
ATOM,202.0,CG,TRP,14.0,-14.491,-2.774,18.732,-0.03,1.9924,0.0
ATOM,203.0,CD1,TRP,14.0,-14.998,-1.628,19.272,0.035,1.9924,0.0
ATOM,204.0,CD2,TRP,14.0,-13.1,-2.537,18.506,-0.02,1.8,0.0
ATOM,205.0,NE1,TRP,14.0,-14.007,-0.677,19.383,-0.61,1.85,0.0
ATOM,206.0,CE2,TRP,14.0,-12.832,-1.204,18.914,0.13,1.8,0.0
ATOM,207.0,CE3,TRP,14.0,-12.056,-3.314,17.984,-0.115,1.9924,0.0
ATOM,208.0,CZ2,TRP,14.0,-11.55,-0.628,18.823,-0.115,1.9924,0.0
ATOM,209.0,CZ3,TRP,14.0,-10.777,-2.736,17.882,-0.115,1.9924,0.26
ATOM,210.0,CH2,TRP,14.0,-10.546,-1.401,18.302,-0.115,1.9924,0.0
ATOM,211.0,H,TRP,14.0,-15.845,-6.591,18.187,0.31,0.2245,0.0
ATOM,212.0,HA,TRP,14.0,-13.842,-5.123,19.58,0.09,1.32,0.0
ATOM,213.0,HB2,TRP,14.0,-14.975,-4.351,17.574,0.09,1.32,0.0
ATOM,214.0,HB3,TRP,14.0,-16.186,-3.85,18.55,0.09,1.32,0.62
ATOM,215.0,HD1,TRP,14.0,-15.948,-1.493,19.548,0.115,1.3582,0.6
ATOM,216.0,HE1,TRP,14.0,-14.126,0.245,19.746,0.38,0.2245,2.66
ATOM,217.0,HE3,TRP,14.0,-12.201,-4.249,17.691,0.115,1.3582,0.0
ATOM,218.0,HZ2,TRP,14.0,-11.401,0.313,19.133,0.115,1.3582,0.0
ATOM,219.0,HZ3,TRP,14.0,-10.035,-3.272,17.512,0.115,1.3582,0.0
ATOM,220.0,HH2,TRP,14.0,-9.622,-1.031,18.209,0.115,1.3582,0.0
ATOM,221.0,N,GLY,15.0,-16.577,-5.381,21.191,-0.47,1.85,0.46
ATOM,222.0,CA,GLY,15.0,-17.147,-5.303,22.546,-0.02,2.175,17.76
ATOM,223.0,C,GLY,15.0,-16.116,-5.67,23.612,0.51,2.0,2.04
ATOM,224.0,O,GLY,15.0,-16.087,-5.074,24.694,-0.51,1.7,8.91
ATOM,225.0,H,GLY,15.0,-17.03,-5.895,20.413,0.31,0.2245,0.0
ATOM,226.0,HA2,GLY,15.0,-17.479,-4.366,22.711,0.09,1.32,1.64
ATOM,227.0,HA3,GLY,15.0,-17.932,-5.931,22.611,0.09,1.32,8.19
ATOM,228.0,N,LYS,16.0,-15.248,-6.634,23.302,-0.47,1.85,1.01
ATOM,229.0,CA,LYS,16.0,-14.193,-7.052,24.244,0.07,2.275,1.38
ATOM,230.0,C,LYS,16.0,-13.225,-5.901,24.469,0.51,2.0,0.0
ATOM,231.0,O,LYS,16.0,-12.85,-5.609,25.602,-0.51,1.7,0.67
ATOM,232.0,CB,LYS,16.0,-13.423,-8.263,23.713,-0.18,2.175,0.21
ATOM,233.0,CG,LYS,16.0,-14.262,-9.509,23.558,-0.18,2.175,3.84
ATOM,234.0,CD,LYS,16.0,-13.432,-10.612,22.925,-0.18,2.175,0.0
ATOM,235.0,CE,LYS,16.0,-13.877,-11.982,23.394,0.21,2.175,0.26
ATOM,236.0,NZ,LYS,16.0,-15.326,-12.264,23.195,-0.3,1.85,7.88
ATOM,237.0,H,LYS,16.0,-15.373,-7.055,22.367,0.31,0.2245,0.0
ATOM,238.0,HA,LYS,16.0,-14.622,-7.295,25.115,0.09,1.32,6.48
ATOM,239.0,HB2,LYS,16.0,-13.044,-8.021,22.82,0.09,1.32,0.0
ATOM,240.0,HB3,LYS,16.0,-12.677,-8.458,24.35,0.09,1.32,0.0
ATOM,241.0,HG2,LYS,16.0,-14.571,-9.813,24.453,0.09,1.32,6.46
ATOM,242.0,HG3,LYS,16.0,-15.04,-9.314,22.971,0.09,1.32,0.07
ATOM,243.0,HD2,LYS,16.0,-13.535,-10.564,21.936,0.09,1.32,0.0
ATOM,244.0,HD3,LYS,16.0,-12.478,-10.483,23.178,0.09,1.32,0.0
ATOM,245.0,HE2,LYS,16.0,-13.337,-12.688,22.902,0.05,1.32,0.0
ATOM,246.0,HE3,LYS,16.0,-13.659,-12.077,24.382,0.05,1.32,0.64
ATOM,247.0,HZ1,LYS,16.0,-15.639,-12.902,23.898,0.33,0.2245,4.49
ATOM,248.0,HZ2,LYS,16.0,-15.842,-11.411,23.263,0.33,0.2245,6.51
ATOM,249.0,HZ3,LYS,16.0,-15.464,-12.668,22.291,0.33,0.2245,7.24
ATOM,250.0,N,VAL,17.0,-12.832,-5.241,23.375,-0.47,1.85,0.0
ATOM,251.0,CA,VAL,17.0,-11.901,-4.116,23.451,0.07,2.275,0.0
ATOM,252.0,C,VAL,17.0,-12.508,-2.97,24.271,0.51,2.0,0.0
ATOM,253.0,O,VAL,17.0,-11.835,-2.385,25.142,-0.51,1.7,0.0
ATOM,254.0,CB,VAL,17.0,-11.498,-3.625,22.042,-0.09,2.275,0.0
ATOM,255.0,CG1,VAL,17.0,-10.646,-2.362,22.122,-0.27,2.06,0.0
ATOM,256.0,CG2,VAL,17.0,-10.777,-4.748,21.261,-0.27,2.06,1.05
ATOM,257.0,H,VAL,17.0,-13.238,-5.591,22.488,0.31,0.2245,0.0
ATOM,258.0,HA,VAL,17.0,-11.072,-4.425,23.924,0.09,1.32,0.0
ATOM,259.0,HB,VAL,17.0,-12.334,-3.382,21.557,0.09,1.32,0.0
ATOM,260.0,HG11,VAL,17.0,-9.69,-2.615,22.264,0.09,1.32,0.0
ATOM,261.0,HG12,VAL,17.0,-10.733,-1.848,21.269,0.09,1.32,0.0
ATOM,262.0,HG13,VAL,17.0,-10.959,-1.798,22.885,0.09,1.32,0.0
ATOM,263.0,HG21,VAL,17.0,-11.414,-5.136,20.601,0.09,1.32,0.0
ATOM,264.0,HG22,VAL,17.0,-9.991,-4.355,20.793,0.09,1.32,1.53
ATOM,265.0,HG23,VAL,17.0,-10.481,-5.445,21.907,0.09,1.32,0.0
ATOM,266.0,N,GLU,18.0,-13.783,-2.672,24.013,-0.47,1.85,0.0
ATOM,267.0,CA,GLU,18.0,-14.448,-1.545,24.667,0.07,2.275,0.28
ATOM,268.0,C,GLU,18.0,-14.613,-1.682,26.184,0.51,2.0,0.3
ATOM,269.0,O,GLU,18.0,-14.748,-0.676,26.887,-0.51,1.7,22.19
ATOM,270.0,CB,GLU,18.0,-15.786,-1.257,23.995,-0.18,2.175,8.22
ATOM,271.0,CG,GLU,18.0,-15.561,-0.738,22.595,-0.28,2.175,2.97
ATOM,272.0,CD,GLU,18.0,-16.822,-0.257,21.906,0.62,2.0,2.9
ATOM,273.0,OE1,GLU,18.0,-17.937,-0.673,22.287,-0.76,1.7,24.99
ATOM,274.0,OE2,GLU,18.0,-16.678,0.541,20.966,-0.76,1.7,8.78
ATOM,275.0,H,GLU,18.0,-14.247,-3.292,23.328,0.31,0.2245,0.0
ATOM,276.0,HA,GLU,18.0,-13.929,-0.686,24.466,0.09,1.32,0.64
ATOM,277.0,HB2,GLU,18.0,-16.274,-2.093,23.932,0.09,1.32,0.1
ATOM,278.0,HB3,GLU,18.0,-16.233,-0.565,24.505,0.09,1.32,7.16
ATOM,279.0,HG2,GLU,18.0,-14.939,0.03,22.642,0.09,1.32,3.67
ATOM,280.0,HG3,GLU,18.0,-15.185,-1.47,22.045,0.09,1.32,0.0
ATOM,281.0,N,ALA,19.0,-14.593,-2.913,26.686,-0.47,1.85,0.53
ATOM,282.0,CA,ALA,19.0,-14.678,-3.123,28.141,0.07,2.275,3.05
ATOM,283.0,C,ALA,19.0,-13.39,-2.68,28.844,0.51,2.0,0.0
ATOM,284.0,O,ALA,19.0,-13.402,-2.372,30.038,-0.51,1.7,29.77
ATOM,285.0,CB,ALA,19.0,-14.994,-4.568,28.462,-0.27,2.06,32.27
ATOM,286.0,H,ALA,19.0,-14.516,-3.675,26.003,0.31,0.2245,0.0
ATOM,287.0,HA,ALA,19.0,-15.443,-2.576,28.499,0.09,1.32,9.61
ATOM,288.0,HB1,ALA,19.0,-15.253,-5.052,27.625,0.09,1.32,0.34
ATOM,289.0,HB2,ALA,19.0,-14.189,-5.01,28.861,0.09,1.32,6.19
ATOM,290.0,HB3,ALA,19.0,-15.751,-4.612,29.115,0.09,1.32,11.88
ATOM,291.0,N,ASP,20.0,-12.287,-2.644,28.097,-0.47,1.85,0.0
ATOM,292.0,CA,ASP,20.0,-10.99,-2.252,28.651,0.07,2.275,0.0
ATOM,293.0,C,ASP,20.0,-10.119,-1.673,27.537,0.51,2.0,0.0
ATOM,294.0,O,ASP,20.0,-9.139,-2.283,27.107,-0.51,1.7,0.0
ATOM,295.0,CB,ASP,20.0,-10.302,-3.433,29.338,-0.28,2.175,9.33
ATOM,296.0,CG,ASP,20.0,-8.949,-3.052,29.956,0.62,2.0,2.49
ATOM,297.0,OD1,ASP,20.0,-8.678,-1.844,30.159,-0.76,1.7,16.1
ATOM,298.0,OD2,ASP,20.0,-8.16,-3.978,30.231,-0.76,1.7,20.12
ATOM,299.0,H,ASP,20.0,-12.425,-2.914,27.104,0.31,0.2245,0.0
ATOM,300.0,HA,ASP,20.0,-11.157,-1.515,29.306,0.09,1.32,5.29
ATOM,301.0,HB2,ASP,20.0,-10.894,-3.76,30.063,0.09,1.32,6.47
ATOM,302.0,HB3,ASP,20.0,-10.147,-4.141,28.662,0.09,1.32,0.0
ATOM,303.0,N,ILE,21.0,-10.501,-0.491,27.077,-0.47,1.85,0.0
ATOM,304.0,CA,ILE,21.0,-9.853,0.107,25.92,0.07,2.275,0.0
ATOM,305.0,C,ILE,21.0,-8.374,0.42,26.199,0.51,2.0,0.0
ATOM,306.0,O,ILE,21.0,-7.518,0.156,25.359,-0.51,1.7,0.0
ATOM,307.0,CB,ILE,21.0,-10.619,1.355,25.423,-0.09,2.275,1.25
ATOM,308.0,CG1,ILE,21.0,-9.997,1.895,24.134,-0.18,2.175,0.79
ATOM,309.0,CG2,ILE,21.0,-10.639,2.442,26.493,-0.27,2.06,19.71
ATOM,310.0,CD1,ILE,21.0,-10.487,1.193,22.907,-0.27,2.06,0.78
ATOM,311.0,H,ILE,21.0,-11.277,-0.045,27.597,0.31,0.2245,2.38
ATOM,312.0,HA,ILE,21.0,-9.86,-0.59,25.194,0.09,1.32,0.0
ATOM,313.0,HB,ILE,21.0,-11.554,1.079,25.224,0.09,1.32,0.94
ATOM,314.0,HG12,ILE,21.0,-10.21,2.867,24.069,0.09,1.32,0.0
ATOM,315.0,HG13,ILE,21.0,-9.007,1.787,24.201,0.09,1.32,0.0
ATOM,316.0,HG21,ILE,21.0,-11.178,3.217,26.169,0.09,1.32,7.64
ATOM,317.0,HG22,ILE,21.0,-11.047,2.078,27.328,0.09,1.32,5.01
ATOM,318.0,HG23,ILE,21.0,-9.705,2.741,26.68,0.09,1.32,0.0
ATOM,319.0,HD11,ILE,21.0,-11.48,1.299,22.829,0.09,1.32,3.56
ATOM,320.0,HD12,ILE,21.0,-10.05,1.584,22.095,0.09,1.32,0.0
ATOM,321.0,HD13,ILE,21.0,-10.265,0.218,22.962,0.09,1.32,0.0
ATOM,322.0,N,ALA,22.0,-8.085,0.956,27.383,-0.47,1.85,0.0
ATOM,323.0,CA,ALA,22.0,-6.711,1.323,27.745,0.07,2.275,0.0
ATOM,324.0,C,ALA,22.0,-5.803,0.082,27.876,0.51,2.0,0.0
ATOM,325.0,O,ALA,22.0,-4.665,0.084,27.41,-0.51,1.7,0.0
ATOM,326.0,CB,ALA,22.0,-6.701,2.143,29.023,-0.27,2.06,14.04
ATOM,327.0,H,ALA,22.0,-8.895,1.089,28.014,0.31,0.2245,1.97
ATOM,328.0,HA,ALA,22.0,-6.332,1.915,27.023,0.09,1.32,0.0
ATOM,329.0,HB1,ALA,22.0,-7.51,2.731,29.051,0.09,1.32,5.59
ATOM,330.0,HB2,ALA,22.0,-6.709,1.532,29.815,0.09,1.32,3.29
ATOM,331.0,HB3,ALA,22.0,-5.878,2.711,29.051,0.09,1.32,0.0
ATOM,332.0,N,GLY,23.0,-6.318,-0.973,28.495,-0.47,1.85,0.0
ATOM,333.0,CA,GLY,23.0,-5.569,-2.222,28.681,-0.02,2.175,9.26
ATOM,334.0,C,GLY,23.0,-5.274,-2.891,27.358,0.51,2.0,0.0
ATOM,335.0,O,GLY,23.0,-4.134,-3.293,27.089,-0.51,1.7,0.0
ATOM,336.0,H,GLY,23.0,-7.294,-0.844,28.838,0.31,0.2245,0.0
ATOM,337.0,HA2,GLY,23.0,-4.704,-2.018,29.159,0.09,1.32,0.7
ATOM,338.0,HA3,GLY,23.0,-6.108,-2.844,29.264,0.09,1.32,0.0
ATOM,339.0,N,HIS,24.0,-6.292,-2.989,26.505,-0.47,1.85,0.0
ATOM,340.0,CA,HIS,24.0,-6.065,-3.497,25.156,0.07,2.275,0.0
ATOM,341.0,C,HIS,24.0,-5.085,-2.615,24.374,0.51,2.0,0.0
ATOM,342.0,O,HIS,24.0,-4.17,-3.127,23.726,-0.51,1.7,0.0
ATOM,343.0,CB,HIS,24.0,-7.375,-3.649,24.397,-0.09,2.175,0.0
ATOM,344.0,CG,HIS,24.0,-8.189,-4.819,24.848,-0.05,1.8,0.0
ATOM,345.0,H,HIS,24.0,-7.205,-2.69,26.865,0.31,0.2245,0.0
ATOM,346.0,HA,HIS,24.0,-5.666,-4.421,25.224,0.09,1.32,0.0
ATOM,347.0,HB2,HIS,24.0,-7.926,-2.816,24.518,0.09,1.32,0.0
ATOM,348.0,HB3,HIS,24.0,-7.177,-3.762,23.418,0.09,1.32,1.0
ATOM,349.0,ND1,HIS,24.0,-8.959,-4.787,25.99,-0.36,1.85,0.0
ATOM,350.0,CD2,HIS,24.0,-8.343,-6.06,24.321,0.22,1.8,0.0
ATOM,351.0,CE1,HIS,24.0,-9.568,-5.954,26.139,0.25,1.8,0.0
ATOM,352.0,NE2,HIS,24.0,-9.198,-6.749,25.148,-0.7,1.85,0.0
ATOM,353.0,HD1,HIS,24.0,-9.045,-4.007,26.607,0.32,0.2245,0.0
ATOM,354.0,HD2,HIS,24.0,-7.916,-6.407,23.491,0.1,1.468,1.27
ATOM,355.0,HE1,HIS,24.0,-10.196,-6.193,26.873,0.13,0.9,3.93
ATOM,356.0,N,GLY,25.0,-5.276,-1.296,24.453,-0.47,1.85,0.0
ATOM,357.0,CA,GLY,25.0,-4.431,-0.348,23.718,-0.02,2.175,0.2
ATOM,358.0,C,GLY,25.0,-2.974,-0.467,24.134,0.51,2.0,0.0
ATOM,359.0,O,GLY,25.0,-2.073,-0.557,23.297,-0.51,1.7,0.02
ATOM,360.0,H,GLY,25.0,-6.059,-1.005,25.067,0.31,0.2245,0.0
ATOM,361.0,HA2,GLY,25.0,-4.514,-0.528,22.73,0.09,1.32,0.16
ATOM,362.0,HA3,GLY,25.0,-4.755,0.59,23.894,0.09,1.32,0.0
ATOM,363.0,N,GLN,26.0,-2.746,-0.473,25.442,-0.47,1.85,0.0
ATOM,364.0,CA,GLN,26.0,-1.411,-0.654,26.004,0.07,2.275,0.0
ATOM,365.0,C,GLN,26.0,-0.766,-1.947,25.483,0.51,2.0,0.0
ATOM,366.0,O,GLN,26.0,0.363,-1.914,24.971,-0.51,1.7,0.0
ATOM,367.0,CB,GLN,26.0,-1.5,-0.699,27.525,-0.18,2.175,0.0
ATOM,368.0,CG,GLN,26.0,-0.168,-0.943,28.226,-0.18,2.175,0.0
ATOM,369.0,CD,GLN,26.0,-0.338,-1.245,29.694,0.55,2.0,0.0
ATOM,370.0,H,GLN,26.0,-3.598,-0.338,26.031,0.31,0.2245,0.0
ATOM,371.0,HA,GLN,26.0,-0.837,0.114,25.701,0.09,1.32,0.0
ATOM,372.0,HB2,GLN,26.0,-1.866,0.175,27.855,0.09,1.32,0.0
ATOM,373.0,HB3,GLN,26.0,-2.128,-1.436,27.792,0.09,1.32,0.0
ATOM,374.0,HG2,GLN,26.0,0.284,-1.718,27.787,0.09,1.32,0.0
ATOM,375.0,HG3,GLN,26.0,0.397,-0.125,28.127,0.09,1.32,0.0
ATOM,376.0,OE1,GLN,26.0,-0.021,-0.416,30.545,-0.55,1.7,2.98
ATOM,377.0,NE2,GLN,26.0,-0.855,-2.435,30.002,-0.62,1.85,5.19
ATOM,378.0,HE21,GLN,26.0,-0.986,-2.714,30.97,0.32,0.2245,17.02
ATOM,379.0,HE22,GLN,26.0,-1.119,-3.064,29.245,0.3,0.2245,0.0
ATOM,380.0,N,GLU,27.0,-1.481,-3.074,25.612,-0.47,1.85,0.0
ATOM,381.0,CA,GLU,27.0,-0.923,-4.372,25.192,0.07,2.275,0.54
ATOM,382.0,C,GLU,27.0,-0.627,-4.399,23.69,0.51,2.0,0.0
ATOM,383.0,O,GLU,27.0,0.397,-4.955,23.26,-0.51,1.7,1.45
ATOM,384.0,CB,GLU,27.0,-1.826,-5.551,25.597,-0.18,2.175,1.56
ATOM,385.0,CG,GLU,27.0,-1.87,-5.762,27.1,-0.28,2.175,5.61
ATOM,386.0,CD,GLU,27.0,-2.502,-7.099,27.51,0.62,2.0,3.06
ATOM,387.0,OE1,GLU,27.0,-2.398,-8.104,26.75,-0.76,1.7,9.47
ATOM,388.0,OE2,GLU,27.0,-3.102,-7.137,28.612,-0.76,1.7,20.89
ATOM,389.0,H,GLU,27.0,-2.419,-2.957,26.015,0.31,0.2245,0.0
ATOM,390.0,HA,GLU,27.0,-0.074,-4.551,25.705,0.09,1.32,0.44
ATOM,391.0,HB2,GLU,27.0,-2.732,-5.345,25.295,0.09,1.32,0.0
ATOM,392.0,HB3,GLU,27.0,-1.457,-6.359,25.19,0.09,1.32,1.62
ATOM,393.0,HG2,GLU,27.0,-0.948,-5.761,27.444,0.09,1.32,0.9
ATOM,394.0,HG3,GLU,27.0,-2.416,-5.049,27.502,0.09,1.32,0.0
ATOM,395.0,N,VAL,28.0,-1.493,-3.771,22.894,-0.47,1.85,0.0
ATOM,396.0,CA,VAL,28.0,-1.244,-3.715,21.448,0.07,2.275,0.0
ATOM,397.0,C,VAL,28.0,0.075,-2.957,21.177,0.51,2.0,0.0
ATOM,398.0,O,VAL,28.0,0.937,-3.427,20.425,-0.51,1.7,0.0
ATOM,399.0,CB,VAL,28.0,-2.442,-3.089,20.662,-0.09,2.275,0.0
ATOM,400.0,CG1,VAL,28.0,-2.029,-2.713,19.228,-0.27,2.06,0.04
ATOM,401.0,CG2,VAL,28.0,-3.635,-4.056,20.658,-0.27,2.06,2.26
ATOM,402.0,H,VAL,28.0,-2.304,-3.353,23.355,0.31,0.2245,0.0
ATOM,403.0,HA,VAL,28.0,-1.131,-4.649,21.112,0.09,1.32,0.0
ATOM,404.0,HB,VAL,28.0,-2.69,-2.244,21.123,0.09,1.32,0.18
ATOM,405.0,HG11,VAL,28.0,-2.602,-3.213,18.583,0.09,1.32,0.0
ATOM,406.0,HG12,VAL,28.0,-2.152,-1.732,19.101,0.09,1.32,0.47
ATOM,407.0,HG13,VAL,28.0,-1.072,-2.956,19.091,0.09,1.32,0.0
ATOM,408.0,HG21,VAL,28.0,-3.625,-4.585,21.504,0.09,1.32,0.0
ATOM,409.0,HG22,VAL,28.0,-4.479,-3.528,20.595,0.09,1.32,0.02
ATOM,410.0,HG23,VAL,28.0,-3.554,-4.666,19.873,0.09,1.32,0.0
ATOM,411.0,N,LEU,29.0,0.237,-1.784,21.788,-0.47,1.85,0.0
ATOM,412.0,CA,LEU,29.0,1.45,-0.999,21.532,0.07,2.275,0.0
ATOM,413.0,C,LEU,29.0,2.696,-1.708,22.076,0.51,2.0,0.0
ATOM,414.0,O,LEU,29.0,3.755,-1.687,21.439,-0.51,1.7,0.0
ATOM,415.0,CB,LEU,29.0,1.331,0.39,22.13,-0.18,2.175,0.0
ATOM,416.0,CG,LEU,29.0,0.301,1.307,21.462,-0.09,2.275,0.04
ATOM,417.0,CD1,LEU,29.0,0.297,2.632,22.169,-0.27,2.06,0.0
ATOM,418.0,CD2,LEU,29.0,0.623,1.501,19.967,-0.27,2.06,0.59
ATOM,419.0,H,LEU,29.0,-0.515,-1.496,22.415,0.31,0.2245,0.0
ATOM,420.0,HA,LEU,29.0,1.557,-0.892,20.538,0.09,1.32,0.0
ATOM,421.0,HB2,LEU,29.0,1.065,0.297,23.084,0.09,1.32,0.0
ATOM,422.0,HB3,LEU,29.0,2.214,0.838,22.057,0.09,1.32,0.0
ATOM,423.0,HG,LEU,29.0,-0.596,0.881,21.529,0.09,1.32,0.63
ATOM,424.0,HD11,LEU,29.0,1.206,3.054,22.114,0.09,1.32,0.0
ATOM,425.0,HD12,LEU,29.0,-0.373,3.247,21.744,0.09,1.32,0.0
ATOM,426.0,HD13,LEU,29.0,0.055,2.506,23.135,0.09,1.32,0.0
ATOM,427.0,HD21,LEU,29.0,0.608,0.613,19.514,0.09,1.32,0.0
ATOM,428.0,HD22,LEU,29.0,-0.063,2.101,19.562,0.09,1.32,0.0
ATOM,429.0,HD23,LEU,29.0,1.528,1.912,19.88,0.09,1.32,0.0
ATOM,430.0,N,ILE,30.0,2.569,-2.349,23.236,-0.47,1.85,0.0
ATOM,431.0,CA,ILE,30.0,3.707,-3.09,23.794,0.07,2.275,0.0
ATOM,432.0,C,ILE,30.0,4.132,-4.24,22.864,0.51,2.0,0.0
ATOM,433.0,O,ILE,30.0,5.325,-4.415,22.587,-0.51,1.7,0.0
ATOM,434.0,CB,ILE,30.0,3.44,-3.553,25.25,-0.09,2.275,0.0
ATOM,435.0,CG1,ILE,30.0,3.459,-2.322,26.16,-0.18,2.175,0.0
ATOM,436.0,CG2,ILE,30.0,4.471,-4.603,25.697,-0.27,2.06,5.33
ATOM,437.0,CD1,ILE,30.0,3.16,-2.567,27.626,-0.27,2.06,0.0
ATOM,438.0,H,ILE,30.0,1.65,-2.284,23.685,0.31,0.2245,0.0
ATOM,439.0,HA,ILE,30.0,4.477,-2.447,23.819,0.09,1.32,0.0
ATOM,440.0,HB,ILE,30.0,2.537,-3.946,25.28,0.09,1.32,0.0
ATOM,441.0,HG12,ILE,30.0,4.367,-1.888,26.084,0.09,1.32,0.0
ATOM,442.0,HG13,ILE,30.0,2.784,-1.66,25.803,0.09,1.32,0.0
ATOM,443.0,HG21,ILE,30.0,4.26,-4.892,26.627,0.09,1.32,0.0
ATOM,444.0,HG22,ILE,30.0,4.427,-5.385,25.082,0.09,1.32,2.69
ATOM,445.0,HG23,ILE,30.0,5.381,-4.199,25.667,0.09,1.32,0.0
ATOM,446.0,HD11,ILE,30.0,3.838,-3.198,28.0,0.09,1.32,0.0
ATOM,447.0,HD12,ILE,30.0,3.2,-1.7,28.12,0.09,1.32,0.0
ATOM,448.0,HD13,ILE,30.0,2.248,-2.963,27.715,0.09,1.32,0.0
ATOM,449.0,N,ARG,31.0,3.151,-4.997,22.376,-0.47,1.85,0.36
ATOM,450.0,CA,ARG,31.0,3.385,-6.057,21.392,0.07,2.275,1.39
ATOM,451.0,C,ARG,31.0,4.081,-5.499,20.143,0.51,2.0,0.0
ATOM,452.0,O,ARG,31.0,5.057,-6.078,19.658,-0.51,1.7,0.5
ATOM,453.0,CB,ARG,31.0,2.066,-6.752,21.028,-0.18,2.175,0.21
ATOM,454.0,CG,ARG,31.0,2.17,-7.849,19.982,-0.18,2.175,0.0
ATOM,455.0,CD,ARG,31.0,3.022,-9.036,20.459,0.2,2.175,2.6
ATOM,456.0,NE,ARG,31.0,2.989,-10.093,19.451,-0.7,1.85,3.88
ATOM,457.0,CZ,ARG,31.0,3.375,-11.351,19.649,0.64,2.0,1.81
ATOM,458.0,NH1,ARG,31.0,3.857,-11.738,20.829,-0.8,1.85,16.13
ATOM,459.0,NH2,ARG,31.0,3.29,-12.219,18.654,-0.8,1.85,17.16
ATOM,460.0,H,ARG,31.0,2.204,-4.772,22.753,0.31,0.2245,0.0
ATOM,461.0,HA,ARG,31.0,3.98,-6.756,21.802,0.09,1.32,1.02
ATOM,462.0,HB2,ARG,31.0,1.688,-7.155,21.864,0.09,1.32,3.6
ATOM,463.0,HB3,ARG,31.0,1.434,-6.055,20.685,0.09,1.32,0.0
ATOM,464.0,HG2,ARG,31.0,1.259,-8.197,19.767,0.09,1.32,0.0
ATOM,465.0,HG3,ARG,31.0,2.595,-7.486,19.154,0.09,1.32,2.2
ATOM,466.0,HD2,ARG,31.0,3.945,-8.717,20.577,0.09,1.32,1.04
ATOM,467.0,HD3,ARG,31.0,2.633,-9.366,21.301,0.09,1.32,1.28
ATOM,468.0,HE,ARG,31.0,2.646,-9.85,18.53,0.44,0.2245,5.79
ATOM,469.0,HH11,ARG,31.0,3.916,-11.093,21.587,0.46,0.2245,9.98
ATOM,470.0,HH12,ARG,31.0,4.161,-12.685,20.955,0.46,0.2245,14.7
ATOM,471.0,HH21,ARG,31.0,2.92,-11.937,17.767,0.46,0.2245,14.39
ATOM,472.0,HH22,ARG,31.0,3.595,-13.165,18.784,0.46,0.2245,16.42
ATOM,473.0,N,LEU,32.0,3.578,-4.38,19.628,-0.47,1.85,0.0
ATOM,474.0,CA,LEU,32.0,4.206,-3.71,18.484,0.07,2.275,0.0
ATOM,475.0,C,LEU,32.0,5.676,-3.325,18.741,0.51,2.0,0.0
ATOM,476.0,O,LEU,32.0,6.575,-3.621,17.933,-0.51,1.7,0.0
ATOM,477.0,CB,LEU,32.0,3.411,-2.44,18.143,-0.18,2.175,0.0
ATOM,478.0,CG,LEU,32.0,3.871,-1.616,16.937,-0.09,2.275,0.0
ATOM,479.0,CD1,LEU,32.0,3.745,-2.4,15.637,-0.27,2.06,0.0
ATOM,480.0,CD2,LEU,32.0,3.08,-0.31,16.865,-0.27,2.06,3.82
ATOM,481.0,H,LEU,32.0,2.722,-4.028,20.094,0.31,0.2245,0.0
ATOM,482.0,HA,LEU,32.0,4.182,-4.339,17.691,0.09,1.32,0.26
ATOM,483.0,HB2,LEU,32.0,2.462,-2.714,17.972,0.09,1.32,0.0
ATOM,484.0,HB3,LEU,32.0,3.442,-1.84,18.943,0.09,1.32,0.0
ATOM,485.0,HG,LEU,32.0,4.83,-1.35,17.072,0.09,1.32,0.0
ATOM,486.0,HD11,LEU,32.0,2.79,-2.659,15.495,0.09,1.32,0.0
ATOM,487.0,HD12,LEU,32.0,4.053,-1.832,14.874,0.09,1.32,0.0
ATOM,488.0,HD13,LEU,32.0,4.309,-3.224,15.688,0.09,1.32,0.0
ATOM,489.0,HD21,LEU,32.0,3.232,0.216,17.701,0.09,1.32,0.0
ATOM,490.0,HD22,LEU,32.0,3.387,0.22,16.075,0.09,1.32,3.69
ATOM,491.0,HD23,LEU,32.0,2.107,-0.517,16.771,0.09,1.32,0.0
ATOM,492.0,N,PHE,33.0,5.902,-2.657,19.869,-0.47,1.85,0.0
ATOM,493.0,CA,PHE,33.0,7.21,-2.093,20.187,0.07,2.275,0.0
ATOM,494.0,C,PHE,33.0,8.246,-3.169,20.511,0.51,2.0,0.0
ATOM,495.0,O,PHE,33.0,9.419,-3.036,20.154,-0.51,1.7,2.01
ATOM,496.0,CB,PHE,33.0,7.106,-1.134,21.371,-0.18,2.175,0.0
ATOM,497.0,CG,PHE,33.0,6.327,0.119,21.094,0.0,1.9924,0.0
ATOM,498.0,CD1,PHE,33.0,6.165,0.609,19.792,-0.115,1.9924,0.0
ATOM,499.0,CD2,PHE,33.0,5.776,0.838,22.156,-0.115,1.9924,0.0
ATOM,500.0,CE1,PHE,33.0,5.447,1.8,19.562,-0.115,1.9924,0.0
ATOM,501.0,CE2,PHE,33.0,5.062,2.028,21.939,-0.115,1.9924,0.0
ATOM,502.0,CZ,PHE,33.0,4.905,2.513,20.644,-0.115,1.9924,0.0
ATOM,503.0,H,PHE,33.0,5.076,-2.573,20.497,0.31,0.2245,0.0
ATOM,504.0,HA,PHE,33.0,7.536,-1.618,19.356,0.09,1.32,0.0
ATOM,505.0,HB2,PHE,33.0,6.657,-1.616,22.113,0.09,1.32,0.0
ATOM,506.0,HB3,PHE,33.0,8.027,-0.871,21.63,0.09,1.32,0.0
ATOM,507.0,HD1,PHE,33.0,6.552,0.122,19.024,0.115,1.3582,0.0
ATOM,508.0,HD2,PHE,33.0,5.889,0.502,23.091,0.115,1.3582,0.0
ATOM,509.0,HE1,PHE,33.0,5.33,2.131,18.625,0.115,1.3582,0.0
ATOM,510.0,HE2,PHE,33.0,4.67,2.521,22.726,0.115,1.3582,0.0
ATOM,511.0,HZ,PHE,33.0,4.412,3.361,20.475,0.115,1.3582,0.0
ATOM,512.0,N,THR,34.0,7.814,-4.222,21.2,-0.47,1.85,0.0
ATOM,513.0,CA,THR,34.0,8.721,-5.292,21.603,0.07,2.275,0.58
ATOM,514.0,C,THR,34.0,9.064,-6.207,20.417,0.51,2.0,0.43
ATOM,515.0,O,THR,34.0,10.221,-6.609,20.249,-0.51,1.7,19.63
ATOM,516.0,CB,THR,34.0,8.186,-6.1,22.834,0.14,2.275,5.63
ATOM,517.0,OG1,THR,34.0,6.958,-6.766,22.507,-0.66,1.77,12.28
ATOM,518.0,CG2,THR,34.0,7.97,-5.193,24.03,-0.27,2.06,5.75
ATOM,519.0,H,THR,34.0,6.801,-4.215,21.42,0.31,0.2245,0.0
ATOM,520.0,HA,THR,34.0,9.577,-4.881,21.936,0.09,1.32,5.02
ATOM,521.0,HB,THR,34.0,8.882,-6.807,23.077,0.09,1.32,11.11
ATOM,522.0,HG21,THR,34.0,7.031,-4.839,24.026,0.09,1.32,0.0
ATOM,523.0,HG22,THR,34.0,8.122,-5.704,24.88,0.09,1.32,0.0
ATOM,524.0,HG23,THR,34.0,8.61,-4.421,23.995,0.09,1.32,0.24
ATOM,525.0,HG1,THR,34.0,6.204,-6.103,22.459,0.43,0.2245,0.0
ATOM,526.0,N,GLY,35.0,8.069,-6.512,19.583,-0.47,1.85,0.12
ATOM,527.0,CA,GLY,35.0,8.297,-7.313,18.386,-0.02,2.175,14.09
ATOM,528.0,C,GLY,35.0,9.018,-6.578,17.269,0.51,2.0,0.0
ATOM,529.0,O,GLY,35.0,9.686,-7.202,16.43,-0.51,1.7,21.31
ATOM,530.0,H,GLY,35.0,7.142,-6.137,19.856,0.31,0.2245,0.0
ATOM,531.0,HA2,GLY,35.0,8.834,-8.145,18.639,0.09,1.32,10.31
ATOM,532.0,HA3,GLY,35.0,7.399,-7.653,18.037,0.09,1.32,3.48
ATOM,533.0,N,HIS,36.0,8.89,-5.247,17.252,-0.47,1.85,0.0
ATOM,534.0,CA,HIS,36.0,9.427,-4.45,16.155,0.07,2.275,0.0
ATOM,535.0,C,HIS,36.0,9.992,-3.129,16.697,0.51,2.0,0.0
ATOM,536.0,O,HIS,36.0,9.367,-2.091,16.542,-0.51,1.7,0.0
ATOM,537.0,CB,HIS,36.0,8.329,-4.184,15.103,-0.09,2.175,0.0
ATOM,538.0,CG,HIS,36.0,7.559,-5.41,14.709,-0.05,1.8,0.0
ATOM,539.0,H,HIS,36.0,8.39,-4.848,18.064,0.31,0.2245,0.0
ATOM,540.0,HA,HIS,36.0,10.178,-4.956,15.727,0.09,1.32,1.32
ATOM,541.0,HB2,HIS,36.0,7.684,-3.509,15.474,0.09,1.32,0.0
ATOM,542.0,HB3,HIS,36.0,8.759,-3.801,14.28,0.09,1.32,0.0
ATOM,543.0,ND1,HIS,36.0,7.962,-6.251,13.692,-0.36,1.85,0.74
ATOM,544.0,CD2,HIS,36.0,6.414,-5.941,15.203,0.22,1.8,1.58
ATOM,545.0,CE1,HIS,36.0,7.099,-7.246,13.578,0.25,1.8,12.5
ATOM,546.0,NE2,HIS,36.0,6.151,-7.081,14.483,-0.7,1.85,17.55
ATOM,547.0,HD1,HIS,36.0,8.78,-6.125,13.131,0.32,0.2245,7.8
ATOM,548.0,HD2,HIS,36.0,5.865,-5.574,15.948,0.1,1.468,0.05
ATOM,549.0,HE1,HIS,36.0,7.153,-7.992,12.921,0.13,0.9,13.55
ATOM,550.0,N,PRO,37.0,11.177,-3.174,17.346,-0.29,1.85,0.0
ATOM,551.0,CA,PRO,37.0,11.722,-1.97,17.995,0.02,2.275,0.0
ATOM,552.0,C,PRO,37.0,11.87,-0.745,17.11,0.51,2.0,0.19
ATOM,553.0,O,PRO,37.0,11.917,0.383,17.629,-0.51,1.7,1.7
ATOM,554.0,CB,PRO,37.0,13.1,-2.431,18.482,-0.18,2.175,16.48
ATOM,555.0,CG,PRO,37.0,12.918,-3.9,18.716,-0.18,2.175,19.27
ATOM,556.0,CD,PRO,37.0,12.057,-4.343,17.552,0.0,2.175,9.44
ATOM,557.0,HA,PRO,37.0,11.165,-1.744,18.831,0.09,1.32,0.62
ATOM,558.0,HB2,PRO,37.0,13.795,-2.264,17.785,0.09,1.32,8.72
ATOM,559.0,HB3,PRO,37.0,13.352,-1.963,19.327,0.09,1.32,10.45
ATOM,560.0,HG2,PRO,37.0,13.797,-4.37,18.706,0.09,1.32,11.61
ATOM,561.0,HG3,PRO,37.0,12.454,-4.063,19.582,0.09,1.32,2.72
ATOM,562.0,HD2,PRO,37.0,12.606,-4.516,16.741,0.09,1.32,7.46
ATOM,563.0,HD3,PRO,37.0,11.521,-5.15,17.784,0.09,1.32,0.04
ATOM,564.0,N,GLU,38.0,11.963,-0.944,15.796,-0.47,1.85,1.13
ATOM,565.0,CA,GLU,38.0,12.086,0.2,14.884,0.07,2.275,2.64
ATOM,566.0,C,GLU,38.0,10.857,1.107,14.967,0.51,2.0,0.0
ATOM,567.0,O,GLU,38.0,10.951,2.32,14.713,-0.51,1.7,1.22
ATOM,568.0,CB,GLU,38.0,12.322,-0.256,13.443,-0.18,2.175,17.14
ATOM,569.0,CG,GLU,38.0,11.154,-0.986,12.783,-0.28,2.175,2.47
ATOM,570.0,CD,GLU,38.0,11.17,-2.491,12.978,0.62,2.0,2.49
ATOM,571.0,OE1,GLU,38.0,11.586,-2.983,14.056,-0.76,1.7,8.85
ATOM,572.0,OE2,GLU,38.0,10.743,-3.185,12.036,-0.76,1.7,18.68
ATOM,573.0,H,GLU,38.0,11.942,-1.923,15.49,0.31,0.2245,0.07
ATOM,574.0,HA,GLU,38.0,12.909,0.729,15.119,0.09,1.32,2.95
ATOM,575.0,HB2,GLU,38.0,12.512,0.549,12.9,0.09,1.32,5.53
ATOM,576.0,HB3,GLU,38.0,13.094,-0.875,13.445,0.09,1.32,8.5
ATOM,577.0,HG2,GLU,38.0,10.316,-0.642,13.179,0.09,1.32,0.0
ATOM,578.0,HG3,GLU,38.0,11.192,-0.811,11.811,0.09,1.32,2.72
ATOM,579.0,N,THR,39.0,9.713,0.522,15.339,-0.47,1.85,0.0
ATOM,580.0,CA,THR,39.0,8.473,1.267,15.413,0.07,2.275,0.0
ATOM,581.0,C,THR,39.0,8.533,2.261,16.565,0.51,2.0,0.0
ATOM,582.0,O,THR,39.0,8.025,3.374,16.449,-0.51,1.7,0.15
ATOM,583.0,CB,THR,39.0,7.245,0.336,15.532,0.14,2.275,0.09
ATOM,584.0,OG1,THR,39.0,7.315,-0.423,16.741,-0.66,1.77,0.0
ATOM,585.0,CG2,THR,39.0,7.177,-0.617,14.336,-0.27,2.06,0.0
ATOM,586.0,H,THR,39.0,9.799,-0.487,15.563,0.31,0.2245,0.0
ATOM,587.0,HA,THR,39.0,8.352,1.782,14.559,0.09,1.32,0.0
ATOM,588.0,HB,THR,39.0,6.401,0.913,15.563,0.09,1.32,1.88
ATOM,589.0,HG21,THR,39.0,6.642,-1.427,14.582,0.09,1.32,0.0
ATOM,590.0,HG22,THR,39.0,6.742,-0.154,13.563,0.09,1.32,0.0
ATOM,591.0,HG23,THR,39.0,8.103,-0.897,14.077,0.09,1.32,0.0
ATOM,592.0,HG1,THR,39.0,8.076,-1.08,16.7,0.43,0.2245,0.0
ATOM,593.0,N,LEU,40.0,9.177,1.866,17.667,-0.47,1.85,0.0
ATOM,594.0,CA,LEU,40.0,9.317,2.766,18.818,0.07,2.275,0.0
ATOM,595.0,C,LEU,40.0,10.023,4.068,18.401,0.51,2.0,0.0
ATOM,596.0,O,LEU,40.0,9.715,5.152,18.914,-0.51,1.7,0.0
ATOM,597.0,CB,LEU,40.0,10.078,2.075,19.953,-0.18,2.175,0.0
ATOM,598.0,CG,LEU,40.0,10.111,2.816,21.288,-0.09,2.275,0.0
ATOM,599.0,CD1,LEU,40.0,8.809,2.624,22.034,-0.27,2.06,0.0
ATOM,600.0,CD2,LEU,40.0,11.308,2.349,22.142,-0.27,2.06,10.29
ATOM,601.0,H,LEU,40.0,9.553,0.908,17.639,0.31,0.2245,0.0
ATOM,602.0,HA,LEU,40.0,8.403,3.0,19.155,0.09,1.32,0.0
ATOM,603.0,HB2,LEU,40.0,9.648,1.191,20.113,0.09,1.32,0.0
ATOM,604.0,HB3,LEU,40.0,11.02,1.951,19.657,0.09,1.32,0.0
ATOM,605.0,HG,LEU,40.0,10.257,3.791,21.114,0.09,1.32,0.0
ATOM,606.0,HD11,LEU,40.0,8.66,1.649,22.21,0.09,1.32,0.0
ATOM,607.0,HD12,LEU,40.0,8.843,3.114,22.907,0.09,1.32,0.0
ATOM,608.0,HD13,LEU,40.0,8.049,2.98,21.486,0.09,1.32,0.0
ATOM,609.0,HD21,LEU,40.0,12.153,2.534,21.645,0.09,1.32,1.21
ATOM,610.0,HD22,LEU,40.0,11.305,2.848,23.005,0.09,1.32,0.0
ATOM,611.0,HD23,LEU,40.0,11.221,1.37,22.314,0.09,1.32,3.09
ATOM,612.0,N,GLU,41.0,10.953,3.954,17.452,-0.47,1.85,0.0
ATOM,613.0,CA,GLU,41.0,11.758,5.102,17.013,0.07,2.275,0.0
ATOM,614.0,C,GLU,41.0,10.939,6.179,16.308,0.51,2.0,0.07
ATOM,615.0,O,GLU,41.0,11.374,7.329,16.209,-0.51,1.7,11.4
ATOM,616.0,CB,GLU,41.0,12.917,4.631,16.125,-0.18,2.175,12.16
ATOM,617.0,CG,GLU,41.0,13.918,3.794,16.884,-0.28,2.175,13.34
ATOM,618.0,CD,GLU,41.0,14.31,4.42,18.213,0.62,2.0,3.22
ATOM,619.0,OE1,GLU,41.0,14.859,5.534,18.178,-0.76,1.7,21.24
ATOM,620.0,OE2,GLU,41.0,14.063,3.805,19.284,-0.76,1.7,17.32
ATOM,621.0,H,GLU,41.0,11.058,3.001,17.056,0.31,0.2245,0.0
ATOM,622.0,HA,GLU,41.0,12.226,5.508,17.818,0.09,1.32,0.0
ATOM,623.0,HB2,GLU,41.0,12.537,4.079,15.413,0.09,1.32,0.2
ATOM,624.0,HB3,GLU,41.0,13.376,5.427,15.792,0.09,1.32,6.62
ATOM,625.0,HG2,GLU,41.0,13.513,2.921,17.08,0.09,1.32,0.0
ATOM,626.0,HG3,GLU,41.0,14.736,3.715,16.346,0.09,1.32,11.19
ATOM,627.0,N,LYS,42.0,9.754,5.8,15.829,-0.47,1.85,0.0
ATOM,628.0,CA,LYS,42.0,8.842,6.748,15.19,0.07,2.275,0.31
ATOM,629.0,C,LYS,42.0,8.129,7.652,16.195,0.51,2.0,0.01
ATOM,630.0,O,LYS,42.0,7.568,8.686,15.816,-0.51,1.7,20.08
ATOM,631.0,CB,LYS,42.0,7.824,6.016,14.314,-0.18,2.175,0.42
ATOM,632.0,CG,LYS,42.0,8.416,5.37,13.069,-0.18,2.175,0.0
ATOM,633.0,CD,LYS,42.0,8.9,6.416,12.067,-0.18,2.175,3.57
ATOM,634.0,CE,LYS,42.0,9.571,5.747,10.873,0.21,2.175,5.48
ATOM,635.0,NZ,LYS,42.0,9.878,6.731,9.783,-0.3,1.85,7.02
ATOM,636.0,H,LYS,42.0,9.539,4.791,15.947,0.31,0.2245,0.0
ATOM,637.0,HA,LYS,42.0,9.373,7.331,14.553,0.09,1.32,2.61
ATOM,638.0,HB2,LYS,42.0,7.396,5.3,14.864,0.09,1.32,0.39
ATOM,639.0,HB3,LYS,42.0,7.13,6.675,14.025,0.09,1.32,0.0
ATOM,640.0,HG2,LYS,42.0,9.192,4.798,13.335,0.09,1.32,0.0
ATOM,641.0,HG3,LYS,42.0,7.719,4.804,12.63,0.09,1.32,0.0
ATOM,642.0,HD2,LYS,42.0,8.12,6.934,11.744,0.09,1.32,0.0
ATOM,643.0,HD3,LYS,42.0,9.56,7.005,12.512,0.09,1.32,5.21
ATOM,644.0,HE2,LYS,42.0,10.425,5.32,11.176,0.05,1.32,7.69
ATOM,645.0,HE3,LYS,42.0,8.961,5.04,10.51,0.05,1.32,0.0
ATOM,646.0,HZ1,LYS,42.0,9.596,6.345,8.907,0.33,0.2245,6.24
ATOM,647.0,HZ2,LYS,42.0,9.379,7.577,9.958,0.33,0.2245,1.42
ATOM,648.0,HZ3,LYS,42.0,10.859,6.912,9.774,0.33,0.2245,20.33
ATOM,649.0,N,PHE,43.0,8.146,7.25,17.468,-0.47,1.85,0.0
ATOM,650.0,CA,PHE,43.0,7.545,8.022,18.551,0.07,2.275,0.35
ATOM,651.0,C,PHE,43.0,8.634,8.678,19.392,0.51,2.0,0.0
ATOM,652.0,O,PHE,43.0,9.242,8.013,20.236,-0.51,1.7,0.0
ATOM,653.0,CB,PHE,43.0,6.752,7.124,19.504,-0.18,2.175,0.0
ATOM,654.0,CG,PHE,43.0,5.52,6.496,18.907,0.0,1.9924,0.0
ATOM,655.0,CD1,PHE,43.0,5.594,5.263,18.263,-0.115,1.9924,0.17
ATOM,656.0,CD2,PHE,43.0,4.262,7.087,19.067,-0.115,1.9924,6.4
ATOM,657.0,CE1,PHE,43.0,4.441,4.649,17.751,-0.115,1.9924,4.04
ATOM,658.0,CE2,PHE,43.0,3.111,6.47,18.555,-0.115,1.9924,9.38
ATOM,659.0,CZ,PHE,43.0,3.208,5.261,17.889,-0.115,1.9924,8.85
ATOM,660.0,H,PHE,43.0,8.628,6.334,17.62,0.31,0.2245,0.0
ATOM,661.0,HA,PHE,43.0,7.02,8.764,18.127,0.09,1.32,3.5
ATOM,662.0,HB2,PHE,43.0,7.353,6.392,19.802,0.09,1.32,0.0
ATOM,663.0,HB3,PHE,43.0,6.467,7.679,20.276,0.09,1.32,0.0
ATOM,664.0,HD1,PHE,43.0,6.47,4.805,18.162,0.115,1.3582,0.0
ATOM,665.0,HD2,PHE,43.0,4.181,7.954,19.55,0.115,1.3582,2.02
ATOM,666.0,HE1,PHE,43.0,4.527,3.762,17.283,0.115,1.3582,2.47
ATOM,667.0,HE2,PHE,43.0,2.214,6.922,18.679,0.115,1.3582,0.19
ATOM,668.0,HZ,PHE,43.0,2.391,4.828,17.508,0.115,1.3582,8.88
ATOM,669.0,N,ASP,44.0,8.874,9.969,19.19,-0.47,1.85,0.0
ATOM,670.0,CA,ASP,44.0,9.799,10.687,20.065,0.07,2.275,0.0
ATOM,671.0,C,ASP,44.0,9.391,10.589,21.536,0.51,2.0,0.15
ATOM,672.0,O,ASP,44.0,10.251,10.518,22.413,-0.51,1.7,12.7
ATOM,673.0,CB,ASP,44.0,9.941,12.15,19.65,-0.28,2.175,15.36
ATOM,674.0,CG,ASP,44.0,11.093,12.361,18.692,0.62,2.0,3.05
ATOM,675.0,OD1,ASP,44.0,10.966,11.972,17.512,-0.76,1.7,28.48
ATOM,676.0,OD2,ASP,44.0,12.129,12.91,19.127,-0.76,1.7,33.16
ATOM,677.0,H,ASP,44.0,8.376,10.398,18.402,0.31,0.2245,5.56
ATOM,678.0,HA,ASP,44.0,10.7,10.238,19.98,0.09,1.32,0.0
ATOM,679.0,HB2,ASP,44.0,9.099,12.426,19.205,0.09,1.32,8.14
ATOM,680.0,HB3,ASP,44.0,10.1,12.688,20.467,0.09,1.32,8.15
ATOM,681.0,N,LYS,45.0,8.084,10.55,21.795,-0.47,1.85,0.21
ATOM,682.0,CA,LYS,45.0,7.584,10.494,23.168,0.07,2.275,2.75
ATOM,683.0,C,LYS,45.0,7.634,9.094,23.816,0.51,2.0,0.0
ATOM,684.0,O,LYS,45.0,7.277,8.934,24.996,-0.51,1.7,4.58
ATOM,685.0,CB,LYS,45.0,6.171,11.071,23.246,-0.18,2.175,11.42
ATOM,686.0,CG,LYS,45.0,5.081,10.128,22.753,-0.18,2.175,1.53
ATOM,687.0,CD,LYS,45.0,3.723,10.795,22.86,-0.18,2.175,10.14
ATOM,688.0,CE,LYS,45.0,2.643,9.898,22.273,0.21,2.175,2.58
ATOM,689.0,NZ,LYS,45.0,1.363,10.622,22.03,-0.3,1.85,9.94
ATOM,690.0,H,LYS,45.0,7.472,10.563,20.962,0.31,0.2245,2.76
ATOM,691.0,HA,LYS,45.0,8.138,11.128,23.745,0.09,1.32,9.35
ATOM,692.0,HB2,LYS,45.0,5.978,11.3,24.199,0.09,1.32,5.92
ATOM,693.0,HB3,LYS,45.0,6.141,11.901,22.69,0.09,1.32,9.13
ATOM,694.0,HG2,LYS,45.0,5.257,9.899,21.801,0.09,1.32,0.74
ATOM,695.0,HG3,LYS,45.0,5.085,9.305,23.312,0.09,1.32,0.0
ATOM,696.0,HD2,LYS,45.0,3.515,10.955,23.815,0.09,1.32,0.28
ATOM,697.0,HD3,LYS,45.0,3.738,11.645,22.352,0.09,1.32,7.98
ATOM,698.0,HE2,LYS,45.0,2.975,9.517,21.402,0.05,1.32,0.57
ATOM,699.0,HE3,LYS,45.0,2.473,9.135,22.908,0.05,1.32,0.0
ATOM,700.0,HZ1,LYS,45.0,0.776,10.067,21.443,0.33,0.2245,0.41
ATOM,701.0,HZ2,LYS,45.0,0.906,10.787,22.903,0.33,0.2245,11.06
ATOM,702.0,HZ3,LYS,45.0,1.557,11.494,21.583,0.33,0.2245,16.79
ATOM,703.0,N,PHE,46.0,8.049,8.085,23.053,-0.47,1.85,0.0
ATOM,704.0,CA,PHE,46.0,8.22,6.741,23.612,0.07,2.275,0.0
ATOM,705.0,C,PHE,46.0,9.616,6.169,23.445,0.51,2.0,0.0
ATOM,706.0,O,PHE,46.0,9.913,5.12,23.995,-0.51,1.7,0.0
ATOM,707.0,CB,PHE,46.0,7.186,5.738,23.065,-0.18,2.175,0.0
ATOM,708.0,CG,PHE,46.0,5.756,6.106,23.362,0.0,1.9924,0.0
ATOM,709.0,CD1,PHE,46.0,5.366,6.513,24.641,-0.115,1.9924,0.15
ATOM,710.0,CD2,PHE,46.0,4.781,6.024,22.36,-0.115,1.9924,0.0
ATOM,711.0,CE1,PHE,46.0,4.025,6.857,24.909,-0.115,1.9924,0.02
ATOM,712.0,CE2,PHE,46.0,3.454,6.364,22.625,-0.115,1.9924,0.0
ATOM,713.0,CZ,PHE,46.0,3.074,6.779,23.897,-0.115,1.9924,0.0
ATOM,714.0,H,PHE,46.0,8.234,8.323,22.067,0.31,0.2245,0.0
ATOM,715.0,HA,PHE,46.0,8.05,6.82,24.613,0.09,1.32,0.0
ATOM,716.0,HB2,PHE,46.0,7.296,5.701,22.084,0.09,1.32,0.0
ATOM,717.0,HB3,PHE,46.0,7.371,4.861,23.482,0.09,1.32,0.0
ATOM,718.0,HD1,PHE,46.0,6.031,6.565,25.373,0.115,1.3582,0.02
ATOM,719.0,HD2,PHE,46.0,5.041,5.719,21.446,0.115,1.3582,0.0
ATOM,720.0,HE1,PHE,46.0,3.773,7.154,25.832,0.115,1.3582,0.0
ATOM,721.0,HE2,PHE,46.0,2.767,6.304,21.881,0.115,1.3582,0.0
ATOM,722.0,HZ,PHE,46.0,2.125,7.021,24.086,0.115,1.3582,0.0
ATOM,723.0,N,LYS,47.0,10.486,6.826,22.693,-0.47,1.85,0.0
ATOM,724.0,CA,LYS,47.0,11.803,6.203,22.489,0.07,2.275,0.0
ATOM,725.0,C,LYS,47.0,12.723,6.215,23.723,0.51,2.0,0.09
ATOM,726.0,O,LYS,47.0,13.801,5.623,23.697,-0.51,1.7,11.64
ATOM,727.0,CB,LYS,47.0,12.496,6.659,21.191,-0.18,2.175,0.0
ATOM,728.0,CG,LYS,47.0,12.264,8.083,20.777,-0.18,2.175,0.0
ATOM,729.0,CD,LYS,47.0,13.507,8.923,20.917,-0.18,2.175,11.53
ATOM,730.0,CE,LYS,47.0,13.583,9.931,19.786,0.21,2.175,8.6
ATOM,731.0,NZ,LYS,47.0,13.616,9.261,18.448,-0.3,1.85,4.85
ATOM,732.0,H,LYS,47.0,10.197,7.708,22.307,0.31,0.2245,0.0
ATOM,733.0,HA,LYS,47.0,11.661,5.232,22.207,0.09,1.32,0.0
ATOM,734.0,HB2,LYS,47.0,13.487,6.513,21.311,0.09,1.32,1.43
ATOM,735.0,HB3,LYS,47.0,12.18,6.049,20.451,0.09,1.32,0.0
ATOM,736.0,HG2,LYS,47.0,11.964,8.105,19.816,0.09,1.32,0.0
ATOM,737.0,HG3,LYS,47.0,11.537,8.481,21.347,0.09,1.32,0.0
ATOM,738.0,HD2,LYS,47.0,13.474,9.415,21.776,0.09,1.32,7.19
ATOM,739.0,HD3,LYS,47.0,14.305,8.338,20.872,0.09,1.32,5.9
ATOM,740.0,HE2,LYS,47.0,12.782,10.533,19.828,0.05,1.32,0.0
ATOM,741.0,HE3,LYS,47.0,14.413,10.484,19.893,0.05,1.32,11.83
ATOM,742.0,HZ1,LYS,47.0,14.312,9.697,17.881,0.33,0.2245,19.9
ATOM,743.0,HZ2,LYS,47.0,13.836,8.295,18.571,0.33,0.2245,0.03
ATOM,744.0,HZ3,LYS,47.0,12.721,9.352,18.014,0.33,0.2245,0.52
ATOM,745.0,N,HIS,48.0,12.27,6.848,24.809,-0.47,1.85,0.33
ATOM,746.0,CA,HIS,48.0,12.934,6.746,26.116,0.07,2.275,3.52
ATOM,747.0,C,HIS,48.0,12.63,5.408,26.799,0.51,2.0,0.0
ATOM,748.0,O,HIS,48.0,13.294,5.044,27.776,-0.51,1.7,10.17
ATOM,749.0,CB,HIS,48.0,12.482,7.88,27.042,-0.09,2.175,18.47
ATOM,750.0,CG,HIS,48.0,11.041,7.789,27.439,-0.05,1.8,0.82
ATOM,751.0,H,HIS,48.0,11.412,7.416,24.652,0.31,0.2245,0.0
ATOM,752.0,HA,HIS,48.0,13.929,6.806,25.971,0.09,1.32,8.79
ATOM,753.0,HB2,HIS,48.0,13.042,7.863,27.876,0.09,1.32,8.7
ATOM,754.0,HB3,HIS,48.0,12.627,8.758,26.575,0.09,1.32,10.57
ATOM,755.0,ND1,HIS,48.0,10.627,7.202,28.617,-0.36,1.85,5.87
ATOM,756.0,CD2,HIS,48.0,9.914,8.179,26.797,0.22,1.8,9.63
ATOM,757.0,CE1,HIS,48.0,9.309,7.259,28.694,0.25,1.8,15.17
ATOM,758.0,NE2,HIS,48.0,8.851,7.843,27.601,-0.7,1.85,10.13
ATOM,759.0,HD1,HIS,48.0,11.232,6.799,29.303,0.32,0.2245,13.0
ATOM,760.0,HD2,HIS,48.0,9.863,8.625,25.908,0.1,1.468,0.52
ATOM,761.0,HE1,HIS,48.0,8.754,6.918,29.448,0.13,0.9,8.79
ATOM,762.0,N,LEU,49.0,11.605,4.702,26.313,-0.47,1.85,0.0
ATOM,763.0,CA,LEU,49.0,11.196,3.433,26.906,0.07,2.275,0.0
ATOM,764.0,C,LEU,49.0,12.162,2.332,26.503,0.51,2.0,0.0
ATOM,765.0,O,LEU,49.0,12.023,1.704,25.449,-0.51,1.7,1.22
ATOM,766.0,CB,LEU,49.0,9.747,3.067,26.541,-0.18,2.175,0.0
ATOM,767.0,CG,LEU,49.0,8.64,3.986,27.079,-0.09,2.275,0.0
ATOM,768.0,CD1,LEU,49.0,7.297,3.664,26.41,-0.27,2.06,0.0
ATOM,769.0,CD2,LEU,49.0,8.529,3.871,28.601,-0.27,2.06,2.3
ATOM,770.0,H,LEU,49.0,11.136,5.13,25.492,0.31,0.2245,0.0
ATOM,771.0,HA,LEU,49.0,11.216,3.526,27.905,0.09,1.32,0.0
ATOM,772.0,HB2,LEU,49.0,9.675,3.069,25.545,0.09,1.32,0.0
ATOM,773.0,HB3,LEU,49.0,9.568,2.15,26.891,0.09,1.32,0.0
ATOM,774.0,HG,LEU,49.0,8.883,4.934,26.887,0.09,1.32,0.0
ATOM,775.0,HD11,LEU,49.0,7.054,2.715,26.602,0.09,1.32,0.0
ATOM,776.0,HD12,LEU,49.0,6.595,4.272,26.775,0.09,1.32,0.0
ATOM,777.0,HD13,LEU,49.0,7.381,3.798,25.424,0.09,1.32,0.0
ATOM,778.0,HD21,LEU,49.0,9.399,4.135,29.017,0.09,1.32,0.26
ATOM,779.0,HD22,LEU,49.0,7.804,4.477,28.926,0.09,1.32,0.0
ATOM,780.0,HD23,LEU,49.0,8.313,2.927,28.846,0.09,1.32,0.0
ATOM,781.0,N,LYS,50.0,13.153,2.103,27.354,-0.47,1.85,0.0
ATOM,782.0,CA,LYS,50.0,14.161,1.087,27.07,0.07,2.275,0.0
ATOM,783.0,C,LYS,50.0,13.626,-0.334,27.246,0.51,2.0,0.0
ATOM,784.0,O,LYS,50.0,13.867,-1.194,26.4,-0.51,1.7,25.33
ATOM,785.0,CB,LYS,50.0,15.427,1.32,27.905,-0.18,2.175,5.65
ATOM,786.0,CG,LYS,50.0,16.389,2.329,27.276,-0.18,2.175,14.26
ATOM,787.0,CD,LYS,50.0,16.758,1.919,25.844,-0.18,2.175,5.14
ATOM,788.0,CE,LYS,50.0,17.932,2.721,25.299,0.21,2.175,17.34
ATOM,789.0,NZ,LYS,50.0,18.335,2.218,23.95,-0.3,1.85,14.52
ATOM,790.0,H,LYS,50.0,13.149,2.686,28.206,0.31,0.2245,0.0
ATOM,791.0,HA,LYS,50.0,14.474,1.196,26.112,0.09,1.32,0.68
ATOM,792.0,HB2,LYS,50.0,15.154,1.664,28.796,0.09,1.32,1.15
ATOM,793.0,HB3,LYS,50.0,15.903,0.452,27.998,0.09,1.32,5.18
ATOM,794.0,HG2,LYS,50.0,15.951,3.223,27.249,0.09,1.32,1.48
ATOM,795.0,HG3,LYS,50.0,17.221,2.37,27.821,0.09,1.32,9.82
ATOM,796.0,HD2,LYS,50.0,17.003,0.953,25.845,0.09,1.32,7.07
ATOM,797.0,HD3,LYS,50.0,15.968,2.071,25.257,0.09,1.32,3.04
ATOM,798.0,HE2,LYS,50.0,17.665,3.68,25.224,0.05,1.32,8.6
ATOM,799.0,HE3,LYS,50.0,18.705,2.634,25.925,0.05,1.32,10.08
ATOM,800.0,HZ1,LYS,50.0,18.112,1.247,23.882,0.33,0.2245,15.29
ATOM,801.0,HZ2,LYS,50.0,17.84,2.728,23.248,0.33,0.2245,19.23
ATOM,802.0,HZ3,LYS,50.0,19.318,2.348,23.831,0.33,0.2245,20.63
ATOM,803.0,N,THR,51.0,12.869,-0.557,28.319,-0.47,1.85,0.0
ATOM,804.0,CA,THR,51.0,12.407,-1.894,28.697,0.07,2.275,0.05
ATOM,805.0,C,THR,51.0,10.893,-2.018,28.661,0.51,2.0,0.0
ATOM,806.0,O,THR,51.0,10.179,-1.015,28.768,-0.51,1.7,0.0
ATOM,807.0,CB,THR,51.0,12.836,-2.241,30.137,0.14,2.275,2.89
ATOM,808.0,OG1,THR,51.0,12.134,-1.389,31.055,-0.66,1.77,2.02
ATOM,809.0,CG2,THR,51.0,14.349,-2.074,30.326,-0.27,2.06,30.11
ATOM,810.0,H,THR,51.0,12.634,0.301,28.866,0.31,0.2245,0.0
ATOM,811.0,HA,THR,51.0,12.798,-2.561,28.042,0.09,1.32,4.78
ATOM,812.0,HB,THR,51.0,12.574,-3.205,30.334,0.09,1.32,5.6
ATOM,813.0,HG21,THR,51.0,14.582,-1.101,30.311,0.09,1.32,0.13
ATOM,814.0,HG22,THR,51.0,14.621,-2.468,31.204,0.09,1.32,11.63
ATOM,815.0,HG23,THR,51.0,14.832,-2.544,29.586,0.09,1.32,8.61
ATOM,816.0,HG1,THR,51.0,12.408,-0.432,30.921,0.43,0.2245,0.0
ATOM,817.0,N,GLU,52.0,10.405,-3.255,28.55,-0.47,1.85,1.57
ATOM,818.0,CA,GLU,52.0,8.971,-3.524,28.661,0.07,2.275,0.0
ATOM,819.0,C,GLU,52.0,8.359,-3.106,30.012,0.51,2.0,0.0
ATOM,820.0,O,GLU,52.0,7.192,-2.697,30.07,-0.51,1.7,0.0
ATOM,821.0,CB,GLU,52.0,8.661,-4.991,28.359,-0.18,2.175,5.58
ATOM,822.0,CG,GLU,52.0,7.169,-5.32,28.431,-0.28,2.175,2.86
ATOM,823.0,CD,GLU,52.0,6.821,-6.725,27.978,0.62,2.0,3.35
ATOM,824.0,OE1,GLU,52.0,7.661,-7.393,27.332,-0.76,1.7,29.02
ATOM,825.0,OE2,GLU,52.0,5.684,-7.155,28.265,-0.76,1.7,21.81
ATOM,826.0,H,GLU,52.0,11.114,-3.991,28.382,0.31,0.2245,9.94
ATOM,827.0,HA,GLU,52.0,8.477,-3.042,27.913,0.09,1.32,0.0
ATOM,828.0,HB2,GLU,52.0,8.96,-5.181,27.445,0.09,1.32,1.73
ATOM,829.0,HB3,GLU,52.0,9.116,-5.541,29.03,0.09,1.32,8.67
ATOM,830.0,HG2,GLU,52.0,6.882,-5.229,29.372,0.09,1.32,1.08
ATOM,831.0,HG3,GLU,52.0,6.688,-4.689,27.843,0.09,1.32,0.0
ATOM,832.0,N,ALA,53.0,9.126,-3.218,31.095,-0.47,1.85,1.76
ATOM,833.0,CA,ALA,53.0,8.65,-2.736,32.391,0.07,2.275,3.19
ATOM,834.0,C,ALA,53.0,8.353,-1.246,32.334,0.51,2.0,0.29
ATOM,835.0,O,ALA,53.0,7.332,-0.796,32.843,-0.51,1.7,2.31
ATOM,836.0,CB,ALA,53.0,9.674,-3.016,33.485,-0.27,2.06,36.96
ATOM,837.0,H,ALA,53.0,10.044,-3.655,30.945,0.31,0.2245,2.54
ATOM,838.0,HA,ALA,53.0,7.803,-3.226,32.626,0.09,1.32,4.14
ATOM,839.0,HB1,ALA,53.0,10.284,-3.75,33.19,0.09,1.32,7.55
ATOM,840.0,HB2,ALA,53.0,10.208,-2.19,33.661,0.09,1.32,4.3
ATOM,841.0,HB3,ALA,53.0,9.201,-3.292,34.321,0.09,1.32,11.45
ATOM,842.0,N,GLU,54.0,9.254,-0.483,31.724,-0.47,1.85,0.1
ATOM,843.0,CA,GLU,54.0,9.04,0.952,31.548,0.07,2.275,1.3
ATOM,844.0,C,GLU,54.0,7.801,1.221,30.68,0.51,2.0,0.0
ATOM,845.0,O,GLU,54.0,7.032,2.154,30.956,-0.51,1.7,2.06
ATOM,846.0,CB,GLU,54.0,10.272,1.608,30.939,-0.18,2.175,1.42
ATOM,847.0,CG,GLU,54.0,11.449,1.696,31.894,-0.28,2.175,16.81
ATOM,848.0,CD,GLU,54.0,12.78,1.586,31.183,0.62,2.0,2.96
ATOM,849.0,OE1,GLU,54.0,12.819,1.738,29.945,-0.76,1.7,0.41
ATOM,850.0,OE2,GLU,54.0,13.796,1.332,31.867,-0.76,1.7,30.18
ATOM,851.0,H,GLU,54.0,10.099,-0.981,31.393,0.31,0.2245,0.0
ATOM,852.0,HA,GLU,54.0,8.916,1.39,32.445,0.09,1.32,3.7
ATOM,853.0,HB2,GLU,54.0,10.554,1.065,30.169,0.09,1.32,0.0
ATOM,854.0,HB3,GLU,54.0,10.03,2.525,30.68,0.09,1.32,0.81
ATOM,855.0,HG2,GLU,54.0,11.42,2.571,32.339,0.09,1.32,10.74
ATOM,856.0,HG3,GLU,54.0,11.388,0.95,32.53,0.09,1.32,3.09
ATOM,857.0,N,MET,55.0,7.633,0.42,29.626,-0.47,1.85,0.0
ATOM,858.0,CA,MET,55.0,6.449,0.533,28.751,0.07,2.275,0.0
ATOM,859.0,C,MET,55.0,5.176,0.287,29.537,0.51,2.0,0.0
ATOM,860.0,O,MET,55.0,4.213,1.041,29.406,-0.51,1.7,0.0
ATOM,861.0,CB,MET,55.0,6.506,-0.472,27.605,-0.18,2.175,0.0
ATOM,862.0,CG,MET,55.0,7.615,-0.215,26.603,-0.14,2.175,0.0
ATOM,863.0,SD,MET,55.0,7.655,-1.529,25.369,-0.09,2.0,0.0
ATOM,864.0,CE,MET,55.0,9.224,-1.173,24.552,-0.22,2.06,7.25
ATOM,865.0,H,MET,55.0,8.385,-0.273,29.475,0.31,0.2245,0.0
ATOM,866.0,HA,MET,55.0,6.425,1.471,28.391,0.09,1.32,0.0
ATOM,867.0,HB2,MET,55.0,6.631,-1.399,27.988,0.09,1.32,0.0
ATOM,868.0,HB3,MET,55.0,5.622,-0.458,27.113,0.09,1.32,0.0
ATOM,869.0,HG2,MET,55.0,7.459,0.686,26.164,0.09,1.32,0.0
ATOM,870.0,HG3,MET,55.0,8.499,-0.159,27.097,0.09,1.32,0.0
ATOM,871.0,HE1,MET,55.0,9.094,-0.428,23.899,0.09,1.32,0.0
ATOM,872.0,HE2,MET,55.0,9.899,-0.905,25.238,0.09,1.32,0.0
ATOM,873.0,HE3,MET,55.0,9.538,-1.991,24.072,0.09,1.32,1.96
ATOM,874.0,N,LYS,56.0,5.187,-0.786,30.333,-0.47,1.85,0.0
ATOM,875.0,CA,LYS,56.0,4.037,-1.207,31.138,0.07,2.275,0.0
ATOM,876.0,C,LYS,56.0,3.671,-0.152,32.171,0.51,2.0,0.0
ATOM,877.0,O,LYS,56.0,2.491,0.022,32.491,-0.51,1.7,11.83
ATOM,878.0,CB,LYS,56.0,4.349,-2.524,31.853,-0.18,2.175,2.33
ATOM,879.0,CG,LYS,56.0,3.128,-3.386,32.131,-0.18,2.175,15.84
ATOM,880.0,CD,LYS,56.0,2.702,-4.166,30.882,-0.18,2.175,1.92
ATOM,881.0,CE,LYS,56.0,3.795,-5.127,30.4,0.21,2.175,5.1
ATOM,882.0,NZ,LYS,56.0,3.363,-6.001,29.263,-0.3,1.85,5.2
ATOM,883.0,H,LYS,56.0,6.098,-1.306,30.333,0.31,0.2245,0.0
ATOM,884.0,HA,LYS,56.0,3.249,-1.35,30.525,0.09,1.32,0.0
ATOM,885.0,HB2,LYS,56.0,4.979,-3.047,31.281,0.09,1.32,0.0
ATOM,886.0,HB3,LYS,56.0,4.787,-2.308,32.725,0.09,1.32,4.12
ATOM,887.0,HG2,LYS,56.0,3.343,-4.039,32.855,0.09,1.32,10.23
ATOM,888.0,HG3,LYS,56.0,2.37,-2.803,32.416,0.09,1.32,2.83
ATOM,889.0,HD2,LYS,56.0,1.889,-4.697,31.099,0.09,1.32,8.25
ATOM,890.0,HD3,LYS,56.0,2.507,-3.52,30.151,0.09,1.32,0.0
ATOM,891.0,HE2,LYS,56.0,4.595,-4.585,30.111,0.05,1.32,0.0
ATOM,892.0,HE3,LYS,56.0,4.075,-5.71,31.174,0.05,1.32,10.61
ATOM,893.0,HZ1,LYS,56.0,2.813,-5.463,28.627,0.33,0.2245,0.38
ATOM,894.0,HZ2,LYS,56.0,4.172,-6.354,28.796,0.33,0.2245,0.0
ATOM,895.0,HZ3,LYS,56.0,2.821,-6.759,29.621,0.33,0.2245,18.91
ATOM,896.0,N,ALA,57.0,4.689,0.539,32.685,-0.47,1.85,0.0
ATOM,897.0,CA,ALA,57.0,4.532,1.549,33.739,0.07,2.275,2.15
ATOM,898.0,C,ALA,57.0,4.218,2.94,33.185,0.51,2.0,0.13
ATOM,899.0,O,ALA,57.0,3.883,3.864,33.94,-0.51,1.7,14.5
ATOM,900.0,CB,ALA,57.0,5.788,1.589,34.619,-0.27,2.06,32.03
ATOM,901.0,H,ALA,57.0,5.622,0.299,32.269,0.31,0.2245,0.0
ATOM,902.0,HA,ALA,57.0,3.771,1.265,34.345,0.09,1.32,8.08
ATOM,903.0,HB1,ALA,57.0,6.272,0.72,34.54,0.09,1.32,1.66
ATOM,904.0,HB2,ALA,57.0,6.379,2.333,34.314,0.09,1.32,6.26
ATOM,905.0,HB3,ALA,57.0,5.519,1.74,35.568,0.09,1.32,11.28
ATOM,906.0,N,SER,58.0,4.298,3.085,31.861,-0.47,1.85,0.0
ATOM,907.0,CA,SER,58.0,4.086,4.374,31.221,0.07,2.275,2.1
ATOM,908.0,C,SER,58.0,2.595,4.701,31.092,0.51,2.0,0.08
ATOM,909.0,O,SER,58.0,1.87,4.07,30.329,-0.51,1.7,0.82
ATOM,910.0,CB,SER,58.0,4.726,4.373,29.845,0.05,2.175,1.75
ATOM,911.0,OG,SER,58.0,4.433,5.572,29.164,-0.66,1.77,3.74
ATOM,912.0,H,SER,58.0,4.52,2.214,31.343,0.31,0.2245,0.0
ATOM,913.0,HA,SER,58.0,4.505,5.087,31.799,0.09,1.32,6.71
ATOM,914.0,HB2,SER,58.0,5.712,4.289,29.946,0.09,1.32,0.12
ATOM,915.0,HB3,SER,58.0,4.367,3.606,29.322,0.09,1.32,0.0
ATOM,916.0,HG,SER,58.0,4.993,5.636,28.338,0.43,0.2245,0.23
ATOM,917.0,N,GLU,59.0,2.137,5.707,31.825,-0.47,1.85,0.0
ATOM,918.0,CA,GLU,59.0,0.727,6.071,31.744,0.07,2.275,0.0
ATOM,919.0,C,GLU,59.0,0.423,6.76,30.409,0.51,2.0,0.2
ATOM,920.0,O,GLU,59.0,-0.703,6.68,29.9,-0.51,1.7,3.15
ATOM,921.0,CB,GLU,59.0,0.304,6.938,32.932,-0.18,2.175,13.93
ATOM,922.0,CG,GLU,59.0,0.37,6.213,34.299,-0.28,2.175,20.4
ATOM,923.0,CD,GLU,59.0,-0.472,4.939,34.368,0.62,2.0,3.36
ATOM,924.0,OE1,GLU,59.0,-1.566,4.884,33.774,-0.76,1.7,13.32
ATOM,925.0,OE2,GLU,59.0,-0.045,3.977,35.052,-0.76,1.7,31.52
ATOM,926.0,H,GLU,59.0,2.824,6.179,32.42,0.31,0.2245,6.8
ATOM,927.0,HA,GLU,59.0,0.157,5.248,31.829,0.09,1.32,0.07
ATOM,928.0,HB2,GLU,59.0,0.915,7.704,32.985,0.09,1.32,8.68
ATOM,929.0,HB3,GLU,59.0,-0.629,7.209,32.797,0.09,1.32,7.05
ATOM,930.0,HG2,GLU,59.0,1.307,5.961,34.458,0.09,1.32,2.01
ATOM,931.0,HG3,GLU,59.0,0.031,6.832,34.984,0.09,1.32,11.07
ATOM,932.0,N,ASP,60.0,1.429,7.423,29.837,-0.47,1.85,1.28
ATOM,933.0,CA,ASP,60.0,1.248,8.097,28.556,0.07,2.275,2.47
ATOM,934.0,C,ASP,60.0,1.113,7.083,27.414,0.51,2.0,0.0
ATOM,935.0,O,ASP,60.0,0.4,7.346,26.441,-0.51,1.7,0.1
ATOM,936.0,CB,ASP,60.0,2.393,9.061,28.261,-0.28,2.175,14.53
ATOM,937.0,CG,ASP,60.0,2.049,10.03,27.165,0.62,2.0,3.2
ATOM,938.0,OD1,ASP,60.0,0.974,10.666,27.248,-0.76,1.7,13.69
ATOM,939.0,OD2,ASP,60.0,2.845,10.152,26.214,-0.76,1.7,9.0
ATOM,940.0,H,ASP,60.0,2.316,7.416,30.365,0.31,0.2245,3.17
ATOM,941.0,HA,ASP,60.0,0.378,8.601,28.602,0.09,1.32,0.12
ATOM,942.0,HB2,ASP,60.0,2.588,9.567,29.093,0.09,1.32,10.24
ATOM,943.0,HB3,ASP,60.0,3.181,8.525,27.985,0.09,1.32,1.17
ATOM,944.0,N,LEU,61.0,1.787,5.935,27.535,-0.47,1.85,0.0
ATOM,945.0,CA,LEU,61.0,1.633,4.861,26.546,0.07,2.275,0.0
ATOM,946.0,C,LEU,61.0,0.2,4.325,26.575,0.51,2.0,0.0
ATOM,947.0,O,LEU,61.0,-0.423,4.133,25.527,-0.51,1.7,0.0
ATOM,948.0,CB,LEU,61.0,2.662,3.736,26.756,-0.18,2.175,0.0
ATOM,949.0,CG,LEU,61.0,2.686,2.632,25.681,-0.09,2.275,0.0
ATOM,950.0,CD1,LEU,61.0,4.046,1.958,25.612,-0.27,2.06,0.0
ATOM,951.0,CD2,LEU,61.0,1.61,1.596,25.939,-0.27,2.06,0.0
ATOM,952.0,H,LEU,61.0,2.405,5.872,28.358,0.31,0.2245,0.0
ATOM,953.0,HA,LEU,61.0,1.812,5.238,25.636,0.09,1.32,0.0
ATOM,954.0,HB2,LEU,61.0,3.566,4.149,26.773,0.09,1.32,0.0
ATOM,955.0,HB3,LEU,61.0,2.462,3.298,27.624,0.09,1.32,0.0
ATOM,956.0,HG,LEU,61.0,2.471,3.045,24.794,0.09,1.32,0.0
ATOM,957.0,HD11,LEU,61.0,4.26,1.543,26.497,0.09,1.32,0.0
ATOM,958.0,HD12,LEU,61.0,4.033,1.247,24.908,0.09,1.32,0.0
ATOM,959.0,HD13,LEU,61.0,4.746,2.637,25.385,0.09,1.32,0.0
ATOM,960.0,HD21,LEU,61.0,0.709,2.034,25.925,0.09,1.32,0.0
ATOM,961.0,HD22,LEU,61.0,1.644,0.89,25.229,0.09,1.32,0.0
ATOM,962.0,HD23,LEU,61.0,1.757,1.172,26.834,0.09,1.32,0.0
ATOM,963.0,N,LYS,62.0,-0.327,4.104,27.778,-0.47,1.85,0.0
ATOM,964.0,CA,LYS,62.0,-1.71,3.673,27.949,0.07,2.275,0.0
ATOM,965.0,C,LYS,62.0,-2.663,4.711,27.341,0.51,2.0,0.0
ATOM,966.0,O,LYS,62.0,-3.604,4.372,26.622,-0.51,1.7,0.0
ATOM,967.0,CB,LYS,62.0,-2.014,3.436,29.432,-0.18,2.175,0.0
ATOM,968.0,CG,LYS,62.0,-3.462,3.161,29.725,-0.18,2.175,0.66
ATOM,969.0,CD,LYS,62.0,-3.743,3.042,31.227,-0.18,2.175,11.41
ATOM,970.0,CE,LYS,62.0,-3.249,1.73,31.787,0.21,2.175,3.25
ATOM,971.0,NZ,LYS,62.0,-3.656,1.586,33.209,-0.3,1.85,13.62
ATOM,972.0,H,LYS,62.0,0.325,4.264,28.573,0.31,0.2245,0.0
ATOM,973.0,HA,LYS,62.0,-1.844,2.801,27.473,0.09,1.32,0.0
ATOM,974.0,HB2,LYS,62.0,-1.469,2.654,29.735,0.09,1.32,0.0
ATOM,975.0,HB3,LYS,62.0,-1.732,4.253,29.936,0.09,1.32,0.0
ATOM,976.0,HG2,LYS,62.0,-4.028,3.907,29.359,0.09,1.32,1.93
ATOM,977.0,HG3,LYS,62.0,-3.739,2.301,29.285,0.09,1.32,0.0
ATOM,978.0,HD2,LYS,62.0,-3.279,3.79,31.693,0.09,1.32,0.48
ATOM,979.0,HD3,LYS,62.0,-4.726,3.106,31.369,0.09,1.32,3.43
ATOM,980.0,HE2,LYS,62.0,-3.638,0.978,31.257,0.05,1.32,0.23
ATOM,981.0,HE3,LYS,62.0,-2.252,1.7,31.727,0.05,1.32,1.64
ATOM,982.0,HZ1,LYS,62.0,-3.544,0.634,33.492,0.33,0.2245,20.61
ATOM,983.0,HZ2,LYS,62.0,-3.083,2.174,33.78,0.33,0.2245,5.9
ATOM,984.0,HZ3,LYS,62.0,-4.614,1.854,33.31,0.33,0.2245,15.93
ATOM,985.0,N,LYS,63.0,-2.382,5.981,27.614,-0.47,1.85,0.09
ATOM,986.0,CA,LYS,63.0,-3.156,7.072,27.047,0.07,2.275,1.98
ATOM,987.0,C,LYS,63.0,-3.16,7.01,25.513,0.51,2.0,0.0
ATOM,988.0,O,LYS,63.0,-4.224,7.043,24.891,-0.51,1.7,0.12
ATOM,989.0,CB,LYS,63.0,-2.579,8.394,27.534,-0.18,2.175,1.29
ATOM,990.0,CG,LYS,63.0,-3.315,9.615,27.063,-0.18,2.175,4.51
ATOM,991.0,CD,LYS,63.0,-2.609,10.871,27.589,-0.18,2.175,5.09
ATOM,992.0,CE,LYS,63.0,-3.366,12.099,27.189,0.21,2.175,17.91
ATOM,993.0,NZ,LYS,63.0,-2.693,13.327,27.727,-0.3,1.85,15.55
ATOM,994.0,H,LYS,63.0,-1.576,6.12,28.256,0.31,0.2245,0.0
ATOM,995.0,HA,LYS,63.0,-4.109,7.005,27.369,0.09,1.32,4.38
ATOM,996.0,HB2,LYS,63.0,-2.585,8.384,28.538,0.09,1.32,4.76
ATOM,997.0,HB3,LYS,63.0,-1.627,8.451,27.218,0.09,1.32,0.0
ATOM,998.0,HG2,LYS,63.0,-3.314,9.649,26.071,0.09,1.32,1.18
ATOM,999.0,HG3,LYS,63.0,-4.243,9.608,27.414,0.09,1.32,9.33
ATOM,1000.0,HD2,LYS,63.0,-2.57,10.813,28.578,0.09,1.32,9.41
ATOM,1001.0,HD3,LYS,63.0,-1.698,10.902,27.199,0.09,1.32,0.15
ATOM,1002.0,HE2,LYS,63.0,-3.401,12.166,26.193,0.05,1.32,8.41
ATOM,1003.0,HE3,LYS,63.0,-4.295,12.059,27.555,0.05,1.32,10.4
ATOM,1004.0,HZ1,LYS,63.0,-2.614,14.002,26.996,0.33,0.2245,20.29
ATOM,1005.0,HZ2,LYS,63.0,-3.241,13.698,28.474,0.33,0.2245,20.38
ATOM,1006.0,HZ3,LYS,63.0,-1.786,13.081,28.061,0.33,0.2245,11.19
ATOM,1007.0,N,HIS,64.0,-1.978,6.903,24.906,-0.47,1.85,0.27
ATOM,1008.0,CA,HIS,64.0,-1.921,6.763,23.455,0.07,2.275,1.07
ATOM,1009.0,C,HIS,64.0,-2.657,5.508,22.949,0.51,2.0,0.0
ATOM,1010.0,O,HIS,64.0,-3.342,5.544,21.911,-0.51,1.7,0.0
ATOM,1011.0,CB,HIS,64.0,-0.504,6.812,22.908,-0.08,2.175,0.02
ATOM,1012.0,CG,HIS,64.0,-0.476,7.01,21.427,0.22,1.8,0.0
ATOM,1013.0,H,HIS,64.0,-1.158,6.927,25.519,0.31,0.2245,0.0
ATOM,1014.0,HA,HIS,64.0,-2.364,7.571,23.036,0.09,1.32,0.23
ATOM,1015.0,HB2,HIS,64.0,-0.009,7.569,23.337,0.09,1.32,0.06
ATOM,1016.0,HB3,HIS,64.0,-0.038,5.951,23.12,0.09,1.32,0.0
ATOM,1017.0,ND1,HIS,64.0,-0.832,8.206,20.831,-0.7,1.85,3.03
ATOM,1018.0,CD2,HIS,64.0,-0.21,6.149,20.42,-0.05,1.8,0.0
ATOM,1019.0,CE1,HIS,64.0,-0.75,8.077,19.518,0.25,1.8,9.15
ATOM,1020.0,NE2,HIS,64.0,-0.381,6.837,19.243,-0.36,1.85,0.04
ATOM,1021.0,HD2,HIS,64.0,0.059,5.194,20.51,0.09,1.468,0.0
ATOM,1022.0,HE1,HIS,64.0,-0.935,8.79,18.849,0.13,0.9,15.94
ATOM,1023.0,HE2,HIS,64.0,-0.247,6.461,18.324,0.32,0.2245,3.92
ATOM,1024.0,N,GLY,65.0,-2.543,4.411,23.695,-0.47,1.85,0.0
ATOM,1025.0,CA,GLY,65.0,-3.266,3.182,23.349,-0.02,2.175,0.0
ATOM,1026.0,C,GLY,65.0,-4.769,3.448,23.269,0.51,2.0,0.0
ATOM,1027.0,O,GLY,65.0,-5.455,3.006,22.34,-0.51,1.7,0.0
ATOM,1028.0,H,GLY,65.0,-1.921,4.497,24.514,0.31,0.2245,0.0
ATOM,1029.0,HA2,GLY,65.0,-2.941,2.843,22.462,0.09,1.32,0.22
ATOM,1030.0,HA3,GLY,65.0,-3.089,2.483,24.047,0.09,1.32,0.0
ATOM,1031.0,N,THR,66.0,-5.286,4.196,24.236,-0.47,1.85,0.0
ATOM,1032.0,CA,THR,66.0,-6.696,4.603,24.193,0.07,2.275,0.0
ATOM,1033.0,C,THR,66.0,-7.02,5.453,22.945,0.51,2.0,0.0
ATOM,1034.0,O,THR,66.0,-8.056,5.253,22.317,-0.51,1.7,0.0
ATOM,1035.0,CB,THR,66.0,-7.107,5.354,25.469,0.14,2.275,2.33
ATOM,1036.0,OG1,THR,66.0,-6.904,4.494,26.605,-0.66,1.77,3.29
ATOM,1037.0,CG2,THR,66.0,-8.568,5.737,25.394,-0.27,2.06,20.34
ATOM,1038.0,H,THR,66.0,-4.639,4.458,24.992,0.31,0.2245,0.0
ATOM,1039.0,HA,THR,66.0,-7.268,3.773,24.159,0.09,1.32,0.0
ATOM,1040.0,HB,THR,66.0,-6.509,6.17,25.581,0.09,1.32,1.04
ATOM,1041.0,HG21,THR,66.0,-8.66,6.735,25.328,0.09,1.32,10.54
ATOM,1042.0,HG22,THR,66.0,-8.993,5.318,24.586,0.09,1.32,0.0
ATOM,1043.0,HG23,THR,66.0,-9.05,5.42,26.216,0.09,1.32,3.98
ATOM,1044.0,HG1,THR,66.0,-5.923,4.327,26.742,0.43,0.2245,0.0
ATOM,1045.0,N,VAL,67.0,-6.145,6.397,22.594,-0.47,1.85,0.0
ATOM,1046.0,CA,VAL,67.0,-6.376,7.241,21.413,0.07,2.275,0.21
ATOM,1047.0,C,VAL,67.0,-6.436,6.364,20.148,0.51,2.0,0.0
ATOM,1048.0,O,VAL,67.0,-7.342,6.482,19.294,-0.51,1.7,1.48
ATOM,1049.0,CB,VAL,67.0,-5.275,8.324,21.322,-0.09,2.275,0.0
ATOM,1050.0,CG1,VAL,67.0,-5.253,9.02,19.945,-0.27,2.06,23.31
ATOM,1051.0,CG2,VAL,67.0,-5.472,9.356,22.446,-0.27,2.06,21.85
ATOM,1052.0,H,VAL,67.0,-5.318,6.481,23.204,0.31,0.2245,0.0
ATOM,1053.0,HA,VAL,67.0,-7.264,7.688,21.517,0.09,1.32,3.7
ATOM,1054.0,HB,VAL,67.0,-4.391,7.87,21.425,0.09,1.32,0.0
ATOM,1055.0,HG11,VAL,67.0,-6.141,9.442,19.782,0.09,1.32,9.57
ATOM,1056.0,HG12,VAL,67.0,-4.54,9.716,19.946,0.09,1.32,7.18
ATOM,1057.0,HG13,VAL,67.0,-5.065,8.34,19.242,0.09,1.32,2.31
ATOM,1058.0,HG21,VAL,67.0,-4.96,10.181,22.219,0.09,1.32,9.01
ATOM,1059.0,HG22,VAL,67.0,-6.444,9.566,22.523,0.09,1.32,8.93
ATOM,1060.0,HG23,VAL,67.0,-5.136,8.969,23.301,0.09,1.32,0.0
ATOM,1061.0,N,VAL,68.0,-5.486,5.448,20.053,-0.47,1.85,0.0
ATOM,1062.0,CA,VAL,68.0,-5.372,4.596,18.861,0.07,2.275,0.0
ATOM,1063.0,C,VAL,68.0,-6.606,3.7,18.67,0.51,2.0,0.0
ATOM,1064.0,O,VAL,68.0,-7.245,3.703,17.605,-0.51,1.7,0.98
ATOM,1065.0,CB,VAL,68.0,-4.072,3.774,18.923,-0.09,2.275,0.0
ATOM,1066.0,CG1,VAL,68.0,-4.051,2.701,17.843,-0.27,2.06,11.94
ATOM,1067.0,CG2,VAL,68.0,-2.884,4.721,18.808,-0.27,2.06,3.78
ATOM,1068.0,H,VAL,68.0,-4.848,5.381,20.862,0.31,0.2245,0.0
ATOM,1069.0,HA,VAL,68.0,-5.301,5.197,18.054,0.09,1.32,2.98
ATOM,1070.0,HB,VAL,68.0,-4.052,3.303,19.802,0.09,1.32,0.11
ATOM,1071.0,HG11,VAL,68.0,-4.756,2.899,17.162,0.09,1.32,2.95
ATOM,1072.0,HG12,VAL,68.0,-3.154,2.69,17.401,0.09,1.32,1.56
ATOM,1073.0,HG13,VAL,68.0,-4.229,1.808,18.256,0.09,1.32,0.18
ATOM,1074.0,HG21,VAL,68.0,-2.895,5.357,19.579,0.09,1.32,0.0
ATOM,1075.0,HG22,VAL,68.0,-2.037,4.19,18.821,0.09,1.32,0.44
ATOM,1076.0,HG23,VAL,68.0,-2.95,5.229,17.95,0.09,1.32,7.44
ATOM,1077.0,N,LEU,69.0,-6.951,2.941,19.704,-0.47,1.85,0.0
ATOM,1078.0,CA,LEU,69.0,-8.068,2.013,19.581,0.07,2.275,0.0
ATOM,1079.0,C,LEU,69.0,-9.414,2.731,19.479,0.51,2.0,0.0
ATOM,1080.0,O,LEU,69.0,-10.336,2.22,18.844,-0.51,1.7,0.0
ATOM,1081.0,CB,LEU,69.0,-8.05,0.98,20.71,-0.18,2.175,0.0
ATOM,1082.0,CG,LEU,69.0,-6.855,0.012,20.658,-0.09,2.275,0.05
ATOM,1083.0,CD1,LEU,69.0,-7.096,-1.139,21.622,-0.27,2.06,1.05
ATOM,1084.0,CD2,LEU,69.0,-6.597,-0.529,19.252,-0.27,2.06,0.65
ATOM,1085.0,H,LEU,69.0,-6.389,3.061,20.554,0.31,0.2245,0.0
ATOM,1086.0,HA,LEU,69.0,-7.94,1.463,18.741,0.09,1.32,0.0
ATOM,1087.0,HB2,LEU,69.0,-7.998,1.464,21.569,0.09,1.32,0.0
ATOM,1088.0,HB3,LEU,69.0,-8.871,0.438,20.644,0.09,1.32,0.0
ATOM,1089.0,HG,LEU,69.0,-6.033,0.504,20.923,0.09,1.32,0.25
ATOM,1090.0,HD11,LEU,69.0,-7.931,-1.625,21.361,0.09,1.32,0.0
ATOM,1091.0,HD12,LEU,69.0,-6.32,-1.77,21.59,0.09,1.32,0.0
ATOM,1092.0,HD13,LEU,69.0,-7.196,-0.782,22.551,0.09,1.32,0.0
ATOM,1093.0,HD21,LEU,69.0,-6.403,0.233,18.634,0.09,1.32,0.0
ATOM,1094.0,HD22,LEU,69.0,-5.814,-1.15,19.274,0.09,1.32,0.0
ATOM,1095.0,HD23,LEU,69.0,-7.406,-1.022,18.933,0.09,1.32,0.0
ATOM,1096.0,N,THR,70.0,-9.523,3.917,20.087,-0.47,1.85,0.0
ATOM,1097.0,CA,THR,70.0,-10.744,4.731,19.928,0.07,2.275,0.0
ATOM,1098.0,C,THR,70.0,-10.916,5.136,18.463,0.51,2.0,0.0
ATOM,1099.0,O,THR,70.0,-12.001,5.005,17.903,-0.51,1.7,3.9
ATOM,1100.0,CB,THR,70.0,-10.719,5.972,20.847,0.14,2.275,1.56
ATOM,1101.0,OG1,THR,70.0,-10.714,5.516,22.202,-0.66,1.77,8.7
ATOM,1102.0,CG2,THR,70.0,-11.954,6.865,20.607,-0.27,2.06,37.72
ATOM,1103.0,H,THR,70.0,-8.716,4.203,20.652,0.31,0.2245,0.0
ATOM,1104.0,HA,THR,70.0,-11.53,4.173,20.198,0.09,1.32,4.59
ATOM,1105.0,HB,THR,70.0,-9.861,6.485,20.677,0.09,1.32,0.33
ATOM,1106.0,HG21,THR,70.0,-12.778,6.3,20.626,0.09,1.32,9.3
ATOM,1107.0,HG22,THR,70.0,-12.004,7.558,21.325,0.09,1.32,11.45
ATOM,1108.0,HG23,THR,70.0,-11.871,7.309,19.716,0.09,1.32,5.91
ATOM,1109.0,HG1,THR,70.0,-9.774,5.32,22.503,0.43,0.2245,0.0
ATOM,1110.0,N,ALA,71.0,-9.825,5.585,17.846,-0.47,1.85,0.31
ATOM,1111.0,CA,ALA,71.0,-9.836,5.947,16.426,0.07,2.275,3.12
ATOM,1112.0,C,ALA,71.0,-10.23,4.718,15.571,0.51,2.0,0.0
ATOM,1113.0,O,ALA,71.0,-11.141,4.788,14.707,-0.51,1.7,1.89
ATOM,1114.0,CB,ALA,71.0,-8.481,6.477,16.004,-0.27,2.06,12.66
ATOM,1115.0,H,ALA,71.0,-8.981,5.655,18.446,0.31,0.2245,0.0
ATOM,1116.0,HA,ALA,71.0,-10.518,6.663,16.276,0.09,1.32,9.34
ATOM,1117.0,HB1,ALA,71.0,-8.161,5.981,15.195,0.09,1.32,1.63
ATOM,1118.0,HB2,ALA,71.0,-8.552,7.451,15.786,0.09,1.32,8.85
ATOM,1119.0,HB3,ALA,71.0,-7.823,6.353,16.748,0.09,1.32,0.0
ATOM,1120.0,N,LEU,72.0,-9.565,3.588,15.828,-0.47,1.85,0.3
ATOM,1121.0,CA,LEU,72.0,-9.844,2.364,15.068,0.07,2.275,1.04
ATOM,1122.0,C,LEU,72.0,-11.296,1.921,15.259,0.51,2.0,0.0
ATOM,1123.0,O,LEU,72.0,-11.969,1.518,14.295,-0.51,1.7,0.0
ATOM,1124.0,CB,LEU,72.0,-8.895,1.233,15.469,-0.18,2.175,0.15
ATOM,1125.0,CG,LEU,72.0,-9.032,-0.085,14.692,-0.09,2.275,0.0
ATOM,1126.0,CD1,LEU,72.0,-8.972,0.141,13.168,-0.27,2.06,0.0
ATOM,1127.0,CD2,LEU,72.0,-7.967,-1.113,15.135,-0.27,2.06,0.23
ATOM,1128.0,H,LEU,72.0,-8.865,3.65,16.58,0.31,0.2245,0.0
ATOM,1129.0,HA,LEU,72.0,-9.696,2.554,14.092,0.09,1.32,0.0
ATOM,1130.0,HB2,LEU,72.0,-7.96,1.556,15.338,0.09,1.32,3.73
ATOM,1131.0,HB3,LEU,72.0,-9.053,1.026,16.431,0.09,1.32,0.0
ATOM,1132.0,HG,LEU,72.0,-9.909,-0.511,14.923,0.09,1.32,0.0
ATOM,1133.0,HD11,LEU,72.0,-8.096,0.557,12.936,0.09,1.32,0.16
ATOM,1134.0,HD12,LEU,72.0,-9.065,-0.738,12.706,0.09,1.32,0.0
ATOM,1135.0,HD13,LEU,72.0,-9.718,0.746,12.9,0.09,1.32,0.0
ATOM,1136.0,HD21,LEU,72.0,-8.083,-1.3,16.107,0.09,1.32,0.0
ATOM,1137.0,HD22,LEU,72.0,-8.089,-1.951,14.61,0.09,1.32,0.0
ATOM,1138.0,HD23,LEU,72.0,-7.061,-0.733,14.966,0.09,1.32,4.56
ATOM,1139.0,N,GLY,73.0,-11.78,1.988,16.498,-0.47,1.85,0.0
ATOM,1140.0,CA,GLY,73.0,-13.155,1.586,16.796,-0.02,2.175,0.56
ATOM,1141.0,C,GLY,73.0,-14.169,2.412,16.026,0.51,2.0,0.26
ATOM,1142.0,O,GLY,73.0,-15.131,1.864,15.475,-0.51,1.7,0.0
ATOM,1143.0,H,GLY,73.0,-11.118,2.339,17.21,0.31,0.2245,0.0
ATOM,1144.0,HA2,GLY,73.0,-13.272,0.608,16.565,0.09,1.32,0.0
ATOM,1145.0,HA3,GLY,73.0,-13.323,1.687,17.788,0.09,1.32,1.49
ATOM,1146.0,N,GLY,74.0,-13.959,3.729,15.98,-0.47,1.85,2.53
ATOM,1147.0,CA,GLY,74.0,-14.837,4.609,15.196,-0.02,2.175,18.2
ATOM,1148.0,C,GLY,74.0,-14.874,4.197,13.736,0.51,2.0,0.0
ATOM,1149.0,O,GLY,74.0,-15.943,4.161,13.111,-0.51,1.7,2.92
ATOM,1150.0,H,GLY,74.0,-13.152,4.066,16.526,0.31,0.2245,0.0
ATOM,1151.0,HA2,GLY,74.0,-15.768,4.573,15.581,0.09,1.32,4.18
ATOM,1152.0,HA3,GLY,74.0,-14.504,5.558,15.271,0.09,1.32,9.68
ATOM,1153.0,N,ILE,75.0,-13.691,3.874,13.204,-0.47,1.85,0.09
ATOM,1154.0,CA,ILE,75.0,-13.556,3.421,11.819,0.07,2.275,0.0
ATOM,1155.0,C,ILE,75.0,-14.335,2.116,11.607,0.51,2.0,0.0
ATOM,1156.0,O,ILE,75.0,-15.141,1.999,10.671,-0.51,1.7,0.0
ATOM,1157.0,CB,ILE,75.0,-12.065,3.303,11.421,-0.09,2.275,0.0
ATOM,1158.0,CG1,ILE,75.0,-11.447,4.702,11.283,-0.18,2.175,0.55
ATOM,1159.0,CG2,ILE,75.0,-11.876,2.501,10.135,-0.27,2.06,0.41
ATOM,1160.0,CD1,ILE,75.0,-9.93,4.703,11.097,-0.27,2.06,0.03
ATOM,1161.0,H,ILE,75.0,-12.885,3.972,13.854,0.31,0.2245,0.0
ATOM,1162.0,HA,ILE,75.0,-14.003,4.113,11.25,0.09,1.32,0.0
ATOM,1163.0,HB,ILE,75.0,-11.592,2.828,12.151,0.09,1.32,0.0
ATOM,1164.0,HG12,ILE,75.0,-11.865,5.157,10.499,0.09,1.32,0.0
ATOM,1165.0,HG13,ILE,75.0,-11.664,5.223,12.108,0.09,1.32,1.37
ATOM,1166.0,HG21,ILE,75.0,-10.901,2.407,9.944,0.09,1.32,0.0
ATOM,1167.0,HG22,ILE,75.0,-12.284,1.597,10.246,0.09,1.32,0.37
ATOM,1168.0,HG23,ILE,75.0,-12.32,2.978,9.379,0.09,1.32,0.0
ATOM,1169.0,HD11,ILE,75.0,-9.705,4.196,10.269,0.09,1.32,0.0
ATOM,1170.0,HD12,ILE,75.0,-9.614,5.645,11.016,0.09,1.32,0.0
ATOM,1171.0,HD13,ILE,75.0,-9.507,4.268,11.888,0.09,1.32,0.32
ATOM,1172.0,N,LEU,76.0,-14.128,1.148,12.498,-0.47,1.85,0.0
ATOM,1173.0,CA,LEU,76.0,-14.784,-0.157,12.345,0.07,2.275,0.0
ATOM,1174.0,C,LEU,76.0,-16.306,-0.035,12.378,0.51,2.0,0.0
ATOM,1175.0,O,LEU,76.0,-17.013,-0.731,11.635,-0.51,1.7,0.0
ATOM,1176.0,CB,LEU,76.0,-14.316,-1.147,13.41,-0.18,2.175,0.0
ATOM,1177.0,CG,LEU,76.0,-12.833,-1.517,13.308,-0.09,2.275,0.0
ATOM,1178.0,CD1,LEU,76.0,-12.436,-2.351,14.5,-0.27,2.06,0.0
ATOM,1179.0,CD2,LEU,76.0,-12.506,-2.244,11.977,-0.27,2.06,0.18
ATOM,1180.0,H,LEU,76.0,-13.494,1.383,13.272,0.31,0.2245,0.0
ATOM,1181.0,HA,LEU,76.0,-14.515,-0.545,11.454,0.09,1.32,0.55
ATOM,1182.0,HB2,LEU,76.0,-14.458,-0.735,14.296,0.09,1.32,0.0
ATOM,1183.0,HB3,LEU,76.0,-14.837,-1.978,13.307,0.09,1.32,0.0
ATOM,1184.0,HG,LEU,76.0,-12.294,-0.678,13.287,0.09,1.32,0.0
ATOM,1185.0,HD11,LEU,76.0,-12.984,-3.19,14.527,0.09,1.32,0.0
ATOM,1186.0,HD12,LEU,76.0,-11.466,-2.596,14.437,0.09,1.32,0.0
ATOM,1187.0,HD13,LEU,76.0,-12.589,-1.833,15.345,0.09,1.32,0.0
ATOM,1188.0,HD21,LEU,76.0,-12.736,-1.641,11.218,0.09,1.32,1.51
ATOM,1189.0,HD22,LEU,76.0,-11.534,-2.461,11.962,0.09,1.32,0.0
ATOM,1190.0,HD23,LEU,76.0,-13.046,-3.079,11.928,0.09,1.32,0.0
ATOM,1191.0,N,LYS,77.0,-16.806,0.848,13.236,-0.47,1.85,0.0
ATOM,1192.0,CA,LYS,77.0,-18.261,1.039,13.358,0.07,2.275,0.0
ATOM,1193.0,C,LYS,77.0,-18.9,1.645,12.104,0.51,2.0,0.0
ATOM,1194.0,O,LYS,77.0,-20.128,1.66,11.97,-0.51,1.7,18.75
ATOM,1195.0,CB,LYS,77.0,-18.587,1.839,14.617,-0.18,2.175,8.22
ATOM,1196.0,CG,LYS,77.0,-18.314,1.013,15.851,-0.18,2.175,1.51
ATOM,1197.0,CD,LYS,77.0,-18.537,1.736,17.122,-0.18,2.175,8.76
ATOM,1198.0,CE,LYS,77.0,-18.183,0.816,18.268,0.21,2.175,3.64
ATOM,1199.0,NZ,LYS,77.0,-18.513,1.459,19.558,-0.3,1.85,9.09
ATOM,1200.0,H,LYS,77.0,-16.115,1.371,13.791,0.31,0.2245,0.0
ATOM,1201.0,HA,LYS,77.0,-18.69,0.136,13.534,0.09,1.32,0.0
ATOM,1202.0,HB2,LYS,77.0,-18.012,2.637,14.635,0.09,1.32,0.19
ATOM,1203.0,HB3,LYS,77.0,-19.543,2.074,14.596,0.09,1.32,7.26
ATOM,1204.0,HG2,LYS,77.0,-18.908,0.188,15.822,0.09,1.32,0.35
ATOM,1205.0,HG3,LYS,77.0,-17.353,0.685,15.812,0.09,1.32,0.0
ATOM,1206.0,HD2,LYS,77.0,-17.949,2.53,17.167,0.09,1.32,3.1
ATOM,1207.0,HD3,LYS,77.0,-19.489,1.987,17.207,0.09,1.32,10.09
ATOM,1208.0,HE2,LYS,77.0,-18.701,-0.033,18.178,0.05,1.32,6.55
ATOM,1209.0,HE3,LYS,77.0,-17.205,0.617,18.237,0.05,1.32,0.0
ATOM,1210.0,HZ1,LYS,77.0,-18.544,2.453,19.44,0.33,0.2245,15.53
ATOM,1211.0,HZ2,LYS,77.0,-19.405,1.135,19.877,0.33,0.2245,16.62
ATOM,1212.0,HZ3,LYS,77.0,-17.815,1.228,20.237,0.33,0.2245,0.0
ATOM,1213.0,N,LYS,78.0,-18.068,2.137,11.178,-0.47,1.85,0.0
ATOM,1214.0,CA,LYS,78.0,-18.565,2.621,9.885,0.07,2.275,0.52
ATOM,1215.0,C,LYS,78.0,-18.763,1.488,8.884,0.51,2.0,0.24
ATOM,1216.0,O,LYS,78.0,-19.308,1.712,7.795,-0.51,1.7,4.0
ATOM,1217.0,CB,LYS,78.0,-17.626,3.672,9.284,-0.18,2.175,0.0
ATOM,1218.0,CG,LYS,78.0,-17.533,4.996,10.065,-0.18,2.175,0.04
ATOM,1219.0,CD,LYS,78.0,-18.898,5.635,10.364,-0.18,2.175,12.87
ATOM,1220.0,CE,LYS,78.0,-19.625,6.111,9.111,0.21,2.175,15.57
ATOM,1221.0,NZ,LYS,78.0,-18.943,7.258,8.444,-0.3,1.85,5.26
ATOM,1222.0,H,LYS,78.0,-17.071,2.145,11.448,0.31,0.2245,0.0
ATOM,1223.0,HA,LYS,78.0,-19.453,3.082,10.033,0.09,1.32,2.05
ATOM,1224.0,HB2,LYS,78.0,-16.705,3.281,9.235,0.09,1.32,0.0
ATOM,1225.0,HB3,LYS,78.0,-17.943,3.885,8.358,0.09,1.32,0.0
ATOM,1226.0,HG2,LYS,78.0,-17.063,4.822,10.937,0.09,1.32,0.0
ATOM,1227.0,HG3,LYS,78.0,-16.984,5.647,9.53,0.09,1.32,0.0
ATOM,1228.0,HD2,LYS,78.0,-19.469,4.957,10.826,0.09,1.32,2.6
ATOM,1229.0,HD3,LYS,78.0,-18.755,6.419,10.967,0.09,1.32,6.9
ATOM,1230.0,HE2,LYS,78.0,-19.688,5.343,8.462,0.05,1.32,0.03
ATOM,1231.0,HE3,LYS,78.0,-20.56,6.387,9.364,0.05,1.32,12.04
ATOM,1232.0,HZ1,LYS,78.0,-19.322,7.379,7.528,0.33,0.2245,13.61
ATOM,1233.0,HZ2,LYS,78.0,-19.09,8.087,8.981,0.33,0.2245,11.39
ATOM,1234.0,HZ3,LYS,78.0,-17.964,7.068,8.381,0.33,0.2245,0.0
ATOM,1235.0,N,LYS,79.0,-18.28,0.295,9.239,-0.47,1.85,0.0
ATOM,1236.0,CA,LYS,79.0,-18.469,-0.902,8.412,0.07,2.275,0.0
ATOM,1237.0,C,LYS,79.0,-18.042,-0.634,6.962,0.51,2.0,0.0
ATOM,1238.0,O,LYS,79.0,-18.771,-0.939,6.004,-0.51,1.7,4.56
ATOM,1239.0,CB,LYS,79.0,-19.923,-1.394,8.493,-0.18,2.175,1.06
ATOM,1240.0,CG,LYS,79.0,-20.376,-1.805,9.9,-0.18,2.175,0.04
ATOM,1241.0,CD,LYS,79.0,-21.707,-2.588,9.902,-0.18,2.175,1.74
ATOM,1242.0,CE,LYS,79.0,-22.873,-1.894,9.223,0.21,2.175,17.09
ATOM,1243.0,NZ,LYS,79.0,-24.047,-2.846,9.171,-0.3,1.85,11.49
ATOM,1244.0,H,LYS,79.0,-17.764,0.287,10.142,0.31,0.2245,0.0
ATOM,1245.0,HA,LYS,79.0,-17.901,-1.645,8.78,0.09,1.32,0.0
ATOM,1246.0,HB2,LYS,79.0,-20.519,-0.659,8.178,0.09,1.32,0.55
ATOM,1247.0,HB3,LYS,79.0,-20.018,-2.186,7.893,0.09,1.32,0.14
ATOM,1248.0,HG2,LYS,79.0,-19.669,-2.383,10.314,0.09,1.32,0.0
ATOM,1249.0,HG3,LYS,79.0,-20.493,-0.981,10.459,0.09,1.32,0.0
ATOM,1250.0,HD2,LYS,79.0,-21.546,-3.474,9.444,0.09,1.32,0.0
ATOM,1251.0,HD3,LYS,79.0,-21.956,-2.775,10.862,0.09,1.32,3.36
ATOM,1252.0,HE2,LYS,79.0,-23.134,-1.096,9.746,0.05,1.32,10.14
ATOM,1253.0,HE3,LYS,79.0,-22.621,-1.649,8.298,0.05,1.32,4.47
ATOM,1254.0,HZ1,LYS,79.0,-23.802,-3.682,9.653,0.33,0.2245,9.66
ATOM,1255.0,HZ2,LYS,79.0,-24.829,-2.413,9.609,0.33,0.2245,20.1
ATOM,1256.0,HZ3,LYS,79.0,-24.254,-3.047,8.218,0.33,0.2245,10.48
ATOM,1257.0,N,GLY,80.0,-16.852,-0.052,6.816,-0.47,1.85,0.0
ATOM,1258.0,CA,GLY,80.0,-16.258,0.149,5.491,-0.02,2.175,3.23
ATOM,1259.0,C,GLY,80.0,-16.592,1.496,4.868,0.51,2.0,1.28
ATOM,1260.0,O,GLY,80.0,-15.935,1.908,3.912,-0.51,1.7,18.01
ATOM,1261.0,H,GLY,80.0,-16.395,0.239,7.697,0.31,0.2245,0.05
ATOM,1262.0,HA2,GLY,80.0,-15.247,0.055,5.564,0.09,1.32,0.0
ATOM,1263.0,HA3,GLY,80.0,-16.574,-0.594,4.871,0.09,1.32,5.2
ATOM,1264.0,N,HIS,81.0,-17.601,2.184,5.403,-0.47,1.85,0.0
ATOM,1265.0,CA,HIS,81.0,-17.972,3.524,4.911,0.07,2.275,2.38
ATOM,1266.0,C,HIS,81.0,-17.191,4.579,5.681,0.51,2.0,0.52
ATOM,1267.0,O,HIS,81.0,-17.773,5.448,6.359,-0.51,1.7,3.39
ATOM,1268.0,CB,HIS,81.0,-19.477,3.757,5.038,-0.09,2.175,8.24
ATOM,1269.0,CG,HIS,81.0,-20.294,2.831,4.202,-0.05,1.8,0.65
ATOM,1270.0,H,HIS,81.0,-18.094,1.709,6.179,0.31,0.2245,0.0
ATOM,1271.0,HA,HIS,81.0,-17.721,3.582,3.946,0.09,1.32,5.61
ATOM,1272.0,HB2,HIS,81.0,-19.746,3.639,6.0,0.09,1.32,0.6
ATOM,1273.0,HB3,HIS,81.0,-19.685,4.702,4.762,0.09,1.32,8.49
ATOM,1274.0,ND1,HIS,81.0,-20.669,1.577,4.632,-0.36,1.85,5.45
ATOM,1275.0,CD2,HIS,81.0,-20.8,2.969,2.955,0.22,1.8,21.97
ATOM,1276.0,CE1,HIS,81.0,-21.383,0.986,3.691,0.25,1.8,23.64
ATOM,1277.0,NE2,HIS,81.0,-21.476,1.809,2.662,-0.7,1.85,31.32
ATOM,1278.0,HD1,HIS,81.0,-20.436,1.179,5.52,0.32,0.2245,0.29
ATOM,1279.0,HD2,HIS,81.0,-20.702,3.761,2.359,0.1,1.468,16.61
ATOM,1280.0,HE1,HIS,81.0,-21.782,0.076,3.746,0.13,0.9,17.02
ATOM,1281.0,N,HIS,82.0,-15.865,4.496,5.561,-0.47,1.85,0.0
ATOM,1282.0,CA,HIS,82.0,-14.955,5.207,6.48,0.07,2.275,0.0
ATOM,1283.0,C,HIS,82.0,-14.021,6.217,5.804,0.51,2.0,0.0
ATOM,1284.0,O,HIS,82.0,-13.015,6.61,6.391,-0.51,1.7,0.0
ATOM,1285.0,CB,HIS,82.0,-14.127,4.198,7.299,-0.08,2.175,0.0
ATOM,1286.0,CG,HIS,82.0,-13.377,3.207,6.454,0.22,1.8,0.0
ATOM,1287.0,H,HIS,82.0,-15.531,3.901,4.782,0.31,0.2245,0.65
ATOM,1288.0,HA,HIS,82.0,-15.527,5.71,7.158,0.09,1.32,0.0
ATOM,1289.0,HB2,HIS,82.0,-13.464,4.702,7.859,0.09,1.32,0.0
ATOM,1290.0,HB3,HIS,82.0,-14.745,3.691,7.907,0.09,1.32,0.0
ATOM,1291.0,ND1,HIS,82.0,-13.224,1.881,6.808,-0.7,1.85,1.0
ATOM,1292.0,CD2,HIS,82.0,-12.762,3.345,5.252,-0.05,1.8,2.29
ATOM,1293.0,CE1,HIS,82.0,-12.529,1.252,5.873,0.25,1.8,0.83
ATOM,1294.0,NE2,HIS,82.0,-12.237,2.118,4.916,-0.36,1.85,0.0
ATOM,1295.0,HD2,HIS,82.0,-12.7,4.18,4.712,0.09,1.468,1.73
ATOM,1296.0,HE1,HIS,82.0,-12.269,0.292,5.887,0.13,0.9,0.55
ATOM,1297.0,HE2,HIS,82.0,-11.72,1.914,4.084,0.32,0.2245,0.0
ATOM,1298.0,N,GLU,83.0,-14.339,6.636,4.584,-0.47,1.85,0.6
ATOM,1299.0,CA,GLU,83.0,-13.473,7.584,3.878,0.07,2.275,0.37
ATOM,1300.0,C,GLU,83.0,-13.123,8.824,4.721,0.51,2.0,0.0
ATOM,1301.0,O,GLU,83.0,-11.944,9.173,4.835,-0.51,1.7,0.0
ATOM,1302.0,CB,GLU,83.0,-14.081,7.977,2.517,-0.18,2.175,13.1
ATOM,1303.0,CG,GLU,83.0,-13.412,9.174,1.818,-0.28,2.175,18.4
ATOM,1304.0,CD,GLU,83.0,-12.006,8.881,1.28,0.62,2.0,2.21
ATOM,1305.0,OE1,GLU,83.0,-11.642,7.689,1.127,-0.76,1.7,16.05
ATOM,1306.0,OE2,GLU,83.0,-11.275,9.858,0.984,-0.76,1.7,9.39
ATOM,1307.0,H,GLU,83.0,-15.21,6.254,4.194,0.31,0.2245,3.97
ATOM,1308.0,HA,GLU,83.0,-12.615,7.119,3.604,0.09,1.32,0.49
ATOM,1309.0,HB2,GLU,83.0,-13.994,7.2,1.915,0.09,1.32,8.19
ATOM,1310.0,HB3,GLU,83.0,-15.025,8.217,2.669,0.09,1.32,8.1
ATOM,1311.0,HG2,GLU,83.0,-13.973,9.431,1.051,0.09,1.32,10.91
ATOM,1312.0,HG3,GLU,83.0,-13.329,9.904,2.474,0.09,1.32,1.65
ATOM,1313.0,N,ALA,84.0,-14.126,9.472,5.32,-0.47,1.85,0.31
ATOM,1314.0,CA,ALA,84.0,-13.886,10.713,6.08,0.07,2.275,1.73
ATOM,1315.0,C,ALA,84.0,-12.967,10.465,7.295,0.51,2.0,0.16
ATOM,1316.0,O,ALA,84.0,-12.107,11.295,7.631,-0.51,1.7,8.71
ATOM,1317.0,CB,ALA,84.0,-15.196,11.343,6.519,-0.27,2.06,36.87
ATOM,1318.0,H,ALA,84.0,-15.057,9.043,5.209,0.31,0.2245,4.39
ATOM,1319.0,HA,ALA,84.0,-13.437,11.379,5.475,0.09,1.32,6.87
ATOM,1320.0,HB1,ALA,84.0,-15.719,11.625,5.715,0.09,1.32,11.37
ATOM,1321.0,HB2,ALA,84.0,-15.729,10.679,7.044,0.09,1.32,0.44
ATOM,1322.0,HB3,ALA,84.0,-15.009,12.143,7.09,0.09,1.32,10.42
ATOM,1323.0,N,GLU,85.0,-13.157,9.315,7.932,-0.47,1.85,0.0
ATOM,1324.0,CA,GLU,85.0,-12.403,8.934,9.121,0.07,2.275,1.46
ATOM,1325.0,C,GLU,85.0,-10.982,8.499,8.773,0.51,2.0,0.0
ATOM,1326.0,O,GLU,85.0,-10.032,8.803,9.494,-0.51,1.7,3.6
ATOM,1327.0,CB,GLU,85.0,-13.109,7.79,9.871,-0.18,2.175,1.9
ATOM,1328.0,CG,GLU,85.0,-14.458,8.148,10.536,-0.28,2.175,14.9
ATOM,1329.0,CD,GLU,85.0,-15.656,8.227,9.57,0.62,2.0,0.0
ATOM,1330.0,OE1,GLU,85.0,-15.551,7.834,8.383,-0.76,1.7,0.0
ATOM,1331.0,OE2,GLU,85.0,-16.73,8.691,10.015,-0.76,1.7,19.42
ATOM,1332.0,H,GLU,85.0,-13.895,8.705,7.507,0.31,0.2245,0.0
ATOM,1333.0,HA,GLU,85.0,-12.366,9.713,9.763,0.09,1.32,6.9
ATOM,1334.0,HB2,GLU,85.0,-13.29,7.069,9.219,0.09,1.32,0.0
ATOM,1335.0,HB3,GLU,85.0,-12.505,7.482,10.59,0.09,1.32,1.65
ATOM,1336.0,HG2,GLU,85.0,-14.663,7.449,11.201,0.09,1.32,0.25
ATOM,1337.0,HG3,GLU,85.0,-14.364,9.035,10.958,0.09,1.32,8.92
ATOM,1338.0,N,LEU,86.0,-10.849,7.774,7.667,-0.47,1.85,0.0
ATOM,1339.0,CA,LEU,86.0,-9.589,7.146,7.311,0.07,2.275,0.0
ATOM,1340.0,C,LEU,86.0,-8.645,8.137,6.622,0.51,2.0,0.0
ATOM,1341.0,O,LEU,86.0,-7.445,8.167,6.922,-0.51,1.7,0.0
ATOM,1342.0,CB,LEU,86.0,-9.852,5.902,6.446,-0.18,2.175,0.0
ATOM,1343.0,CG,LEU,86.0,-8.689,4.953,6.194,-0.09,2.275,0.0
ATOM,1344.0,CD1,LEU,86.0,-9.177,3.526,6.144,-0.27,2.06,0.0
ATOM,1345.0,CD2,LEU,86.0,-7.98,5.336,4.887,-0.27,2.06,0.0
ATOM,1346.0,H,LEU,86.0,-11.712,7.699,7.091,0.31,0.2245,0.0
ATOM,1347.0,HA,LEU,86.0,-9.139,6.819,8.152,0.09,1.32,0.0
ATOM,1348.0,HB2,LEU,86.0,-10.58,5.375,6.893,0.09,1.32,0.0
ATOM,1349.0,HB3,LEU,86.0,-10.181,6.221,5.554,0.09,1.32,0.0
ATOM,1350.0,HG,LEU,86.0,-8.021,5.054,6.932,0.09,1.32,0.0
ATOM,1351.0,HD11,LEU,86.0,-9.846,3.42,5.405,0.09,1.32,0.0
ATOM,1352.0,HD12,LEU,86.0,-8.406,2.908,5.978,0.09,1.32,0.0
ATOM,1353.0,HD13,LEU,86.0,-9.61,3.283,7.015,0.09,1.32,0.0
ATOM,1354.0,HD21,LEU,86.0,-7.637,6.271,4.962,0.09,1.32,0.0
ATOM,1355.0,HD22,LEU,86.0,-7.219,4.708,4.731,0.09,1.32,0.0
ATOM,1356.0,HD23,LEU,86.0,-8.63,5.274,4.131,0.09,1.32,0.79
ATOM,1357.0,N,LYS,87.0,-9.182,8.97,5.726,-0.47,1.85,0.0
ATOM,1358.0,CA,LYS,87.0,-8.341,9.904,4.956,0.07,2.275,0.0
ATOM,1359.0,C,LYS,87.0,-7.334,10.715,5.818,0.51,2.0,0.0
ATOM,1360.0,O,LYS,87.0,-6.118,10.654,5.558,-0.51,1.7,0.0
ATOM,1361.0,CB,LYS,87.0,-9.188,10.821,4.057,-0.18,2.175,0.0
ATOM,1362.0,CG,LYS,87.0,-8.352,11.581,3.023,-0.18,2.175,0.35
ATOM,1363.0,CD,LYS,87.0,-9.144,12.684,2.338,-0.18,2.175,8.82
ATOM,1364.0,CE,LYS,87.0,-8.19,13.594,1.571,0.21,2.175,4.62
ATOM,1365.0,NZ,LYS,87.0,-8.895,14.53,0.655,-0.3,1.85,14.14
ATOM,1366.0,H,LYS,87.0,-10.205,8.906,5.622,0.31,0.2245,0.0
ATOM,1367.0,HA,LYS,87.0,-7.81,9.374,4.27,0.09,1.32,0.0
ATOM,1368.0,HB2,LYS,87.0,-9.846,10.26,3.573,0.09,1.32,0.0
ATOM,1369.0,HB3,LYS,87.0,-9.647,11.484,4.635,0.09,1.32,0.31
ATOM,1370.0,HG2,LYS,87.0,-7.561,11.987,3.485,0.09,1.32,0.02
ATOM,1371.0,HG3,LYS,87.0,-8.029,10.933,2.33,0.09,1.32,0.0
ATOM,1372.0,HD2,LYS,87.0,-9.775,12.278,1.698,0.09,1.32,0.25
ATOM,1373.0,HD3,LYS,87.0,-9.609,13.221,3.022,0.09,1.32,8.47
ATOM,1374.0,HE2,LYS,87.0,-7.648,14.125,2.234,0.05,1.32,2.77
ATOM,1375.0,HE3,LYS,87.0,-7.558,13.021,1.035,0.05,1.32,0.11
ATOM,1376.0,HZ1,LYS,87.0,-9.231,15.314,1.176,0.33,0.2245,19.98
ATOM,1377.0,HZ2,LYS,87.0,-8.261,14.844,-0.051,0.33,0.2245,17.27
ATOM,1378.0,HZ3,LYS,87.0,-9.665,14.058,0.227,0.33,0.2245,15.73
ATOM,1379.0,N,PRO,88.0,-7.815,11.437,6.857,-0.29,1.85,0.0
ATOM,1380.0,CA,PRO,88.0,-6.914,12.213,7.729,0.02,2.275,2.68
ATOM,1381.0,C,PRO,88.0,-5.853,11.376,8.451,0.51,2.0,0.18
ATOM,1382.0,O,PRO,88.0,-4.718,11.84,8.628,-0.51,1.7,3.61
ATOM,1383.0,CB,PRO,88.0,-7.868,12.868,8.748,-0.18,2.175,19.52
ATOM,1384.0,CG,PRO,88.0,-9.105,12.036,8.702,-0.18,2.175,10.58
ATOM,1385.0,CD,PRO,88.0,-9.219,11.592,7.277,0.0,2.175,1.04
ATOM,1386.0,HA,PRO,88.0,-6.472,12.965,7.198,0.09,1.32,4.63
ATOM,1387.0,HB2,PRO,88.0,-7.459,12.858,9.664,0.09,1.32,8.65
ATOM,1388.0,HB3,PRO,88.0,-8.059,13.817,8.487,0.09,1.32,11.93
ATOM,1389.0,HG2,PRO,88.0,-9.023,11.248,9.32,0.09,1.32,0.41
ATOM,1390.0,HG3,PRO,88.0,-9.904,12.579,8.976,0.09,1.32,8.59
ATOM,1391.0,HD2,PRO,88.0,-9.705,10.721,7.199,0.09,1.32,0.0
ATOM,1392.0,HD3,PRO,88.0,-9.679,12.279,6.711,0.09,1.32,5.63
ATOM,1393.0,N,LEU,89.0,-6.204,10.152,8.841,-0.47,1.85,0.0
ATOM,1394.0,CA,LEU,89.0,-5.223,9.275,9.482,0.07,2.275,0.0
ATOM,1395.0,C,LEU,89.0,-4.147,8.819,8.504,0.51,2.0,0.17
ATOM,1396.0,O,LEU,89.0,-2.941,8.835,8.827,-0.51,1.7,0.24
ATOM,1397.0,CB,LEU,89.0,-5.897,8.07,10.141,-0.18,2.175,0.0
ATOM,1398.0,CG,LEU,89.0,-6.576,8.411,11.475,-0.09,2.275,1.48
ATOM,1399.0,CD1,LEU,89.0,-7.342,7.206,11.958,-0.27,2.06,5.22
ATOM,1400.0,CD2,LEU,89.0,-5.577,8.878,12.543,-0.27,2.06,22.7
ATOM,1401.0,H,LEU,89.0,-7.18,9.89,8.66,0.31,0.2245,0.0
ATOM,1402.0,HA,LEU,89.0,-4.778,9.787,10.23,0.09,1.32,0.0
ATOM,1403.0,HB2,LEU,89.0,-6.594,7.737,9.532,0.09,1.32,0.0
ATOM,1404.0,HB3,LEU,89.0,-5.208,7.395,10.325,0.09,1.32,3.14
ATOM,1405.0,HG,LEU,89.0,-7.197,9.173,11.331,0.09,1.32,2.44
ATOM,1406.0,HD11,LEU,89.0,-6.716,6.433,12.089,0.09,1.32,5.25
ATOM,1407.0,HD12,LEU,89.0,-7.792,7.414,12.83,0.09,1.32,0.72
ATOM,1408.0,HD13,LEU,89.0,-8.039,6.951,11.283,0.09,1.32,0.0
ATOM,1409.0,HD21,LEU,89.0,-5.107,9.696,12.217,0.09,1.32,1.78
ATOM,1410.0,HD22,LEU,89.0,-6.071,9.085,13.386,0.09,1.32,6.32
ATOM,1411.0,HD23,LEU,89.0,-4.913,8.152,12.711,0.09,1.32,1.95
ATOM,1412.0,N,ALA,90.0,-4.58,8.395,7.315,-0.47,1.85,0.0
ATOM,1413.0,CA,ALA,90.0,-3.647,8.083,6.246,0.07,2.275,0.14
ATOM,1414.0,C,ALA,90.0,-2.687,9.251,5.994,0.51,2.0,0.0
ATOM,1415.0,O,ALA,90.0,-1.458,9.072,5.902,-0.51,1.7,0.0
ATOM,1416.0,CB,ALA,90.0,-4.415,7.717,4.984,-0.27,2.06,0.0
ATOM,1417.0,H,ALA,90.0,-5.607,8.312,7.23,0.31,0.2245,0.0
ATOM,1418.0,HA,ALA,90.0,-3.102,7.278,6.509,0.09,1.32,0.0
ATOM,1419.0,HB1,ALA,90.0,-5.071,8.44,4.771,0.09,1.32,0.0
ATOM,1420.0,HB2,ALA,90.0,-3.776,7.613,4.222,0.09,1.32,0.0
ATOM,1421.0,HB3,ALA,90.0,-4.904,6.857,5.128,0.09,1.32,0.0
ATOM,1422.0,N,GLN,91.0,-3.225,10.466,5.938,-0.47,1.85,0.0
ATOM,1423.0,CA,GLN,91.0,-2.391,11.614,5.614,0.07,2.275,0.0
ATOM,1424.0,C,GLN,91.0,-1.432,11.973,6.753,0.51,2.0,0.47
ATOM,1425.0,O,GLN,91.0,-0.249,12.265,6.501,-0.51,1.7,0.45
ATOM,1426.0,CB,GLN,91.0,-3.241,12.785,5.113,-0.18,2.175,8.07
ATOM,1427.0,CG,GLN,91.0,-4.044,12.365,3.854,-0.18,2.175,0.0
ATOM,1428.0,CD,GLN,91.0,-4.447,13.508,2.929,0.55,2.0,1.12
ATOM,1429.0,H,GLN,91.0,-4.231,10.517,6.134,0.31,0.2245,0.0
ATOM,1430.0,HA,GLN,91.0,-1.829,11.376,4.808,0.09,1.32,0.0
ATOM,1431.0,HB2,GLN,91.0,-3.888,13.041,5.807,0.09,1.32,0.89
ATOM,1432.0,HB3,GLN,91.0,-2.653,13.531,4.856,0.09,1.32,5.95
ATOM,1433.0,HG2,GLN,91.0,-3.482,11.712,3.333,0.09,1.32,0.0
ATOM,1434.0,HG3,GLN,91.0,-4.877,11.891,4.163,0.09,1.32,0.0
ATOM,1435.0,OE1,GLN,91.0,-4.818,14.592,3.377,-0.55,1.7,28.45
ATOM,1436.0,NE2,GLN,91.0,-4.403,13.247,1.619,-0.62,1.85,1.64
ATOM,1437.0,HE21,GLN,91.0,-4.671,13.955,0.944,0.32,0.2245,10.46
ATOM,1438.0,HE22,GLN,91.0,-4.096,12.328,1.315,0.3,0.2245,0.0
ATOM,1439.0,N,SER,92.0,-1.906,11.925,8.003,-0.47,1.85,0.7
ATOM,1440.0,CA,SER,92.0,-1.001,12.264,9.108,0.07,2.275,2.45
ATOM,1441.0,C,SER,92.0,0.092,11.208,9.252,0.51,2.0,0.0
ATOM,1442.0,O,SER,92.0,1.247,11.533,9.492,-0.51,1.7,0.0
ATOM,1443.0,CB,SER,92.0,-1.744,12.458,10.422,0.05,2.175,19.03
ATOM,1444.0,OG,SER,92.0,-2.193,11.226,10.944,-0.66,1.77,2.76
ATOM,1445.0,H,SER,92.0,-2.876,11.653,8.109,0.31,0.2245,0.0
ATOM,1446.0,HA,SER,92.0,-0.56,13.139,8.889,0.09,1.32,3.36
ATOM,1447.0,HB2,SER,92.0,-1.129,12.886,11.081,0.09,1.32,0.72
ATOM,1448.0,HB3,SER,92.0,-2.532,13.05,10.263,0.09,1.32,6.91
ATOM,1449.0,HG,SER,92.0,-2.411,10.602,10.193,0.43,0.2245,0.0
ATOM,1450.0,N,HIS,93.0,-0.276,9.94,9.063,-0.47,1.85,0.0
ATOM,1451.0,CA,HIS,93.0,0.691,8.865,9.214,0.07,2.275,0.0
ATOM,1452.0,C,HIS,93.0,1.748,8.79,8.094,0.51,2.0,0.0
ATOM,1453.0,O,HIS,93.0,2.928,8.49,8.348,-0.51,1.7,0.0
ATOM,1454.0,CB,HIS,93.0,-0.039,7.566,9.513,-0.08,2.175,1.43
ATOM,1455.0,CG,HIS,93.0,-0.549,7.513,10.921,0.22,1.8,0.53
ATOM,1456.0,ND1,HIS,93.0,-0.106,6.578,11.839,-0.7,1.85,1.12
ATOM,1457.0,CD2,HIS,93.0,-1.506,8.237,11.549,-0.05,1.8,0.97
ATOM,1458.0,CE1,HIS,93.0,-0.756,6.747,12.979,0.25,1.8,22.01
ATOM,1459.0,NE2,HIS,93.0,-1.621,7.737,12.825,-0.36,1.85,2.92
ATOM,1460.0,H,HIS,93.0,-1.264,9.801,8.812,0.31,0.2245,0.0
ATOM,1461.0,HA,HIS,93.0,1.188,8.997,10.096,0.09,1.32,0.0
ATOM,1462.0,HB2,HIS,93.0,-0.819,7.473,8.893,0.09,1.32,0.07
ATOM,1463.0,HB3,HIS,93.0,0.586,6.796,9.377,0.09,1.32,0.0
ATOM,1464.0,HD2,HIS,93.0,-2.03,8.99,11.162,0.09,1.468,0.0
ATOM,1465.0,HE1,HIS,93.0,-0.619,6.22,13.812,0.13,0.9,12.52
ATOM,1466.0,HE2,HIS,93.0,-2.255,8.069,13.525,0.32,0.2245,11.81
ATOM,1467.0,N,ALA,94.0,1.347,9.133,6.874,-0.47,1.85,0.0
ATOM,1468.0,CA,ALA,94.0,2.307,9.228,5.779,0.07,2.275,0.0
ATOM,1469.0,C,ALA,94.0,3.139,10.508,5.884,0.51,2.0,0.25
ATOM,1470.0,O,ALA,94.0,4.372,10.453,5.881,-0.51,1.7,0.62
ATOM,1471.0,CB,ALA,94.0,1.601,9.172,4.424,-0.27,2.06,0.07
ATOM,1472.0,H,ALA,94.0,0.339,9.318,6.774,0.31,0.2245,0.0
ATOM,1473.0,HA,ALA,94.0,2.931,8.438,5.823,0.09,1.32,0.0
ATOM,1474.0,HB1,ALA,94.0,2.283,9.101,3.698,0.09,1.32,0.0
ATOM,1475.0,HB2,ALA,94.0,0.999,8.376,4.397,0.09,1.32,0.0
ATOM,1476.0,HB3,ALA,94.0,1.062,10.003,4.297,0.09,1.32,0.0
ATOM,1477.0,N,THR,95.0,2.472,11.66,5.969,-0.47,1.85,0.0
ATOM,1478.0,CA,THR,95.0,3.188,12.923,5.774,0.07,2.275,0.06
ATOM,1479.0,C,THR,95.0,3.872,13.423,7.03,0.51,2.0,0.0
ATOM,1480.0,O,THR,95.0,5.004,13.931,6.972,-0.51,1.7,4.09
ATOM,1481.0,CB,THR,95.0,2.27,14.037,5.187,0.14,2.275,3.42
ATOM,1482.0,OG1,THR,95.0,1.474,13.504,4.118,-0.66,1.77,4.56
ATOM,1483.0,CG2,THR,95.0,3.108,15.171,4.632,-0.27,2.06,37.38
ATOM,1484.0,H,THR,95.0,1.474,11.586,6.171,0.31,0.2245,0.0
ATOM,1485.0,HA,THR,95.0,3.895,12.776,5.059,0.09,1.32,4.56
ATOM,1486.0,HB,THR,95.0,1.644,14.359,5.924,0.09,1.32,4.56
ATOM,1487.0,HG21,THR,95.0,3.506,15.703,5.384,0.09,1.32,6.88
ATOM,1488.0,HG22,THR,95.0,3.85,14.804,4.065,0.09,1.32,9.32
ATOM,1489.0,HG23,THR,95.0,2.537,15.776,4.07,0.09,1.32,11.7
ATOM,1490.0,HG1,THR,95.0,1.907,12.68,3.739,0.43,0.2245,3.09
ATOM,1491.0,N,LYS,96.0,3.197,13.298,8.164,-0.47,1.85,0.0
ATOM,1492.0,CA,LYS,96.0,3.746,13.836,9.404,0.07,2.275,0.75
ATOM,1493.0,C,LYS,96.0,4.59,12.803,10.137,0.51,2.0,0.0
ATOM,1494.0,O,LYS,96.0,5.775,13.047,10.419,-0.51,1.7,14.63
ATOM,1495.0,CB,LYS,96.0,2.643,14.373,10.315,-0.18,2.175,2.03
ATOM,1496.0,CG,LYS,96.0,3.2,15.01,11.564,-0.18,2.175,1.5
ATOM,1497.0,CD,LYS,96.0,2.155,15.738,12.362,-0.18,2.175,11.5
ATOM,1498.0,CE,LYS,96.0,2.837,16.785,13.228,0.21,2.175,23.4
ATOM,1499.0,NZ,LYS,96.0,3.829,16.157,14.16,-0.3,1.85,12.84
ATOM,1500.0,H,LYS,96.0,2.295,12.811,8.096,0.31,0.2245,0.0
ATOM,1501.0,HA,LYS,96.0,4.328,14.632,9.184,0.09,1.32,5.9
ATOM,1502.0,HB2,LYS,96.0,2.13,15.055,9.811,0.09,1.32,7.77
ATOM,1503.0,HB3,LYS,96.0,2.06,13.614,10.576,0.09,1.32,0.0
ATOM,1504.0,HG2,LYS,96.0,3.613,14.292,12.141,0.09,1.32,0.06
ATOM,1505.0,HG3,LYS,96.0,3.927,15.659,11.305,0.09,1.32,6.19
ATOM,1506.0,HD2,LYS,96.0,1.532,16.196,11.749,0.09,1.32,9.07
ATOM,1507.0,HD3,LYS,96.0,1.687,15.102,12.952,0.09,1.32,1.53
ATOM,1508.0,HE2,LYS,96.0,3.313,17.438,12.639,0.05,1.32,10.6
ATOM,1509.0,HE3,LYS,96.0,2.145,17.266,13.767,0.05,1.32,11.92
ATOM,1510.0,HZ1,LYS,96.0,4.088,16.822,14.857,0.33,0.2245,20.62
ATOM,1511.0,HZ2,LYS,96.0,3.412,15.359,14.591,0.33,0.2245,8.63
ATOM,1512.0,HZ3,LYS,96.0,4.634,15.879,13.64,0.33,0.2245,12.45
ATOM,1513.0,N,HIS,97.0,3.992,11.639,10.4,-0.47,1.85,0.0
ATOM,1514.0,CA,HIS,97.0,4.637,10.624,11.238,0.07,2.275,0.19
ATOM,1515.0,C,HIS,97.0,5.588,9.702,10.479,0.51,2.0,0.0
ATOM,1516.0,O,HIS,97.0,6.427,9.044,11.103,-0.51,1.7,4.98
ATOM,1517.0,CB,HIS,97.0,3.595,9.81,12.013,-0.09,2.175,2.98
ATOM,1518.0,CG,HIS,97.0,2.586,10.657,12.717,-0.05,1.8,0.78
ATOM,1519.0,ND1,HIS,97.0,1.231,10.386,12.679,-0.36,1.85,1.71
ATOM,1520.0,CD2,HIS,97.0,2.733,11.752,13.495,0.22,1.8,11.7
ATOM,1521.0,CE1,HIS,97.0,0.59,11.296,13.388,0.25,1.8,12.47
ATOM,1522.0,NE2,HIS,97.0,1.476,12.138,13.887,-0.7,1.85,16.05
ATOM,1523.0,H,HIS,97.0,3.059,11.519,9.972,0.31,0.2245,0.0
ATOM,1524.0,HA,HIS,97.0,5.171,11.104,11.96,0.09,1.32,5.61
ATOM,1525.0,HB2,HIS,97.0,3.112,9.206,11.372,0.09,1.32,0.0
ATOM,1526.0,HB3,HIS,97.0,4.068,9.244,12.696,0.09,1.32,2.07
ATOM,1527.0,HD1,HIS,97.0,0.811,9.623,12.192,0.32,0.2245,0.0
ATOM,1528.0,HD2,HIS,97.0,3.59,12.196,13.739,0.1,1.468,6.65
ATOM,1529.0,HE1,HIS,97.0,-0.396,11.342,13.523,0.13,0.9,8.02
ATOM,1530.0,N,LYS,98.0,5.45,9.647,9.149,-0.47,1.85,0.0
ATOM,1531.0,CA,LYS,98.0,6.326,8.844,8.29,0.07,2.275,0.0
ATOM,1532.0,C,LYS,98.0,6.314,7.357,8.651,0.51,2.0,0.0
ATOM,1533.0,O,LYS,98.0,7.357,6.726,8.832,-0.51,1.7,0.0
ATOM,1534.0,CB,LYS,98.0,7.75,9.435,8.274,-0.18,2.175,0.2
ATOM,1535.0,CG,LYS,98.0,7.731,10.866,7.762,-0.18,2.175,0.0
ATOM,1536.0,CD,LYS,98.0,9.077,11.56,7.783,-0.18,2.175,15.02
ATOM,1537.0,CE,LYS,98.0,8.883,13.055,7.543,0.21,2.175,20.92
ATOM,1538.0,NZ,LYS,98.0,8.054,13.35,6.326,-0.3,1.85,8.29
ATOM,1539.0,H,LYS,98.0,4.664,10.226,8.776,0.31,0.2245,0.0
ATOM,1540.0,HA,LYS,98.0,6.018,8.944,7.329,0.09,1.32,0.0
ATOM,1541.0,HB2,LYS,98.0,8.093,9.432,9.195,0.09,1.32,1.37
ATOM,1542.0,HB3,LYS,98.0,8.301,8.889,7.67,0.09,1.32,3.34
ATOM,1543.0,HG2,LYS,98.0,7.38,10.866,6.81,0.09,1.32,0.09
ATOM,1544.0,HG3,LYS,98.0,7.079,11.403,8.322,0.09,1.32,0.0
ATOM,1545.0,HD2,LYS,98.0,9.493,11.437,8.669,0.09,1.32,10.01
ATOM,1546.0,HD3,LYS,98.0,9.643,11.198,7.06,0.09,1.32,10.24
ATOM,1547.0,HE2,LYS,98.0,8.433,13.458,8.348,0.05,1.32,4.03
ATOM,1548.0,HE3,LYS,98.0,9.785,13.487,7.433,0.05,1.32,11.94
ATOM,1549.0,HZ1,LYS,98.0,8.504,12.963,5.525,0.33,0.2245,16.94
ATOM,1550.0,HZ2,LYS,98.0,7.152,12.94,6.44,0.33,0.2245,0.01
ATOM,1551.0,HZ3,LYS,98.0,7.968,14.338,6.224,0.33,0.2245,16.09
ATOM,1552.0,N,ILE,99.0,5.112,6.803,8.724,-0.47,1.85,0.0
ATOM,1553.0,CA,ILE,99.0,4.917,5.416,9.132,0.07,2.275,0.0
ATOM,1554.0,C,ILE,99.0,4.745,4.544,7.885,0.51,2.0,0.0
ATOM,1555.0,O,ILE,99.0,3.712,4.658,7.188,-0.51,1.7,0.0
ATOM,1556.0,CB,ILE,99.0,3.658,5.286,10.05,-0.09,2.275,0.0
ATOM,1557.0,CG1,ILE,99.0,3.734,6.257,11.243,-0.18,2.175,1.06
ATOM,1558.0,CG2,ILE,99.0,3.451,3.827,10.501,-0.27,2.06,4.97
ATOM,1559.0,CD1,ILE,99.0,5.047,6.217,12.039,-0.27,2.06,4.19
ATOM,1560.0,H,ILE,99.0,4.324,7.437,8.467,0.31,0.2245,0.0
ATOM,1561.0,HA,ILE,99.0,5.768,5.126,9.565,0.09,1.32,0.0
ATOM,1562.0,HB,ILE,99.0,2.864,5.528,9.504,0.09,1.32,0.0
ATOM,1563.0,HG12,ILE,99.0,3.599,7.189,10.902,0.09,1.32,0.0
ATOM,1564.0,HG13,ILE,99.0,2.982,6.042,11.87,0.09,1.32,2.59
ATOM,1565.0,HG21,ILE,99.0,2.599,3.764,11.012,0.09,1.32,2.41
ATOM,1566.0,HG22,ILE,99.0,3.409,3.242,9.697,0.09,1.32,0.0
ATOM,1567.0,HG23,ILE,99.0,4.215,3.555,11.079,0.09,1.32,0.0
ATOM,1568.0,HD11,ILE,99.0,5.798,6.449,11.429,0.09,1.32,0.0
ATOM,1569.0,HD12,ILE,99.0,4.991,6.877,12.781,0.09,1.32,2.15
ATOM,1570.0,HD13,ILE,99.0,5.172,5.3,12.404,0.09,1.32,1.66
ATOM,1571.0,N,PRO,100.0,5.752,3.701,7.564,-0.29,1.85,0.0
ATOM,1572.0,CA,PRO,100.0,5.564,2.804,6.42,0.02,2.275,0.0
ATOM,1573.0,C,PRO,100.0,4.337,1.894,6.612,0.51,2.0,0.0
ATOM,1574.0,O,PRO,100.0,3.987,1.529,7.751,-0.51,1.7,0.0
ATOM,1575.0,CB,PRO,100.0,6.846,1.946,6.399,-0.18,2.175,6.67
ATOM,1576.0,CG,PRO,100.0,7.822,2.626,7.275,-0.18,2.175,11.38
ATOM,1577.0,CD,PRO,100.0,7.058,3.515,8.224,0.0,2.175,0.0
ATOM,1578.0,HA,PRO,100.0,5.482,3.326,5.563,0.09,1.32,0.0
ATOM,1579.0,HB2,PRO,100.0,6.641,1.012,6.73,0.09,1.32,0.0
ATOM,1580.0,HB3,PRO,100.0,7.192,1.865,5.452,0.09,1.32,4.08
ATOM,1581.0,HG2,PRO,100.0,8.375,1.948,7.795,0.09,1.32,1.2
ATOM,1582.0,HG3,PRO,100.0,8.477,3.177,6.725,0.09,1.32,1.92
ATOM,1583.0,HD2,PRO,100.0,6.94,3.079,9.118,0.09,1.32,0.0
ATOM,1584.0,HD3,PRO,100.0,7.518,4.398,8.348,0.09,1.32,0.0
ATOM,1585.0,N,ILE,101.0,3.711,1.51,5.507,-0.47,1.85,0.0
ATOM,1586.0,CA,ILE,101.0,2.542,0.634,5.562,0.07,2.275,0.0
ATOM,1587.0,C,ILE,101.0,2.848,-0.699,6.28,0.51,2.0,0.07
ATOM,1588.0,O,ILE,101.0,1.985,-1.251,6.969,-0.51,1.7,0.23
ATOM,1589.0,CB,ILE,101.0,1.881,0.437,4.153,-0.09,2.275,0.0
ATOM,1590.0,CG1,ILE,101.0,0.513,-0.236,4.262,-0.18,2.175,3.92
ATOM,1591.0,CG2,ILE,101.0,2.788,-0.307,3.196,-0.27,2.06,30.0
ATOM,1592.0,CD1,ILE,101.0,-0.634,0.757,4.452,-0.27,2.06,0.0
ATOM,1593.0,H,ILE,101.0,4.111,1.875,4.624,0.31,0.2245,0.0
ATOM,1594.0,HA,ILE,101.0,1.857,1.106,6.129,0.09,1.32,0.0
ATOM,1595.0,HB,ILE,101.0,1.757,1.343,3.757,0.09,1.32,0.0
ATOM,1596.0,HG12,ILE,101.0,0.346,-0.759,3.433,0.09,1.32,4.09
ATOM,1597.0,HG13,ILE,101.0,0.525,-0.854,5.043,0.09,1.32,0.0
ATOM,1598.0,HG21,ILE,101.0,2.374,-0.328,2.286,0.09,1.32,8.61
ATOM,1599.0,HG22,ILE,101.0,3.674,0.154,3.144,0.09,1.32,2.53
ATOM,1600.0,HG23,ILE,101.0,2.923,-1.244,3.518,0.09,1.32,5.25
ATOM,1601.0,HD11,ILE,101.0,-0.659,1.375,3.671,0.09,1.32,0.0
ATOM,1602.0,HD12,ILE,101.0,-1.491,0.253,4.515,0.09,1.32,0.0
ATOM,1603.0,HD13,ILE,101.0,-0.48,1.273,5.29,0.09,1.32,0.0
ATOM,1604.0,N,LYS,102.0,4.081,-1.199,6.137,-0.47,1.85,0.0
ATOM,1605.0,CA,LYS,102.0,4.516,-2.39,6.883,0.07,2.275,1.26
ATOM,1606.0,C,LYS,102.0,4.213,-2.26,8.379,0.51,2.0,0.0
ATOM,1607.0,O,LYS,102.0,3.876,-3.249,9.037,-0.51,1.7,0.0
ATOM,1608.0,CB,LYS,102.0,6.027,-2.61,6.69,-0.18,2.175,6.71
ATOM,1609.0,CG,LYS,102.0,6.552,-3.96,7.196,-0.18,2.175,1.74
ATOM,1610.0,CD,LYS,102.0,6.348,-5.048,6.154,-0.18,2.175,7.59
ATOM,1611.0,CE,LYS,102.0,6.726,-6.416,6.682,0.21,2.175,9.29
ATOM,1612.0,NZ,LYS,102.0,6.098,-7.464,5.834,-0.3,1.85,11.58
ATOM,1613.0,H,LYS,102.0,4.686,-0.689,5.474,0.31,0.2245,0.89
ATOM,1614.0,HA,LYS,102.0,4.024,-3.193,6.523,0.09,1.32,1.22
ATOM,1615.0,HB2,LYS,102.0,6.228,-2.546,5.714,0.09,1.32,7.97
ATOM,1616.0,HB3,LYS,102.0,6.511,-1.885,7.179,0.09,1.32,0.09
ATOM,1617.0,HG2,LYS,102.0,7.526,-3.872,7.39,0.09,1.32,7.0
ATOM,1618.0,HG3,LYS,102.0,6.059,-4.205,8.026,0.09,1.32,0.0
ATOM,1619.0,HD2,LYS,102.0,5.386,-5.062,5.889,0.09,1.32,1.06
ATOM,1620.0,HD3,LYS,102.0,6.916,-4.844,5.36,0.09,1.32,10.49
ATOM,1621.0,HE2,LYS,102.0,7.715,-6.517,6.651,0.05,1.32,11.11
ATOM,1622.0,HE3,LYS,102.0,6.398,-6.509,7.616,0.05,1.32,0.0
ATOM,1623.0,HZ1,LYS,102.0,6.641,-8.302,5.884,0.33,0.2245,20.65
ATOM,1624.0,HZ2,LYS,102.0,5.172,-7.646,6.163,0.33,0.2245,0.0
ATOM,1625.0,HZ3,LYS,102.0,6.06,-7.146,4.887,0.33,0.2245,15.18
ATOM,1626.0,N,TYR,103.0,4.354,-1.059,8.94,-0.47,1.85,0.0
ATOM,1627.0,CA,TYR,103.0,4.136,-0.936,10.396,0.07,2.275,0.0
ATOM,1628.0,C,TYR,103.0,2.645,-1.098,10.718,0.51,2.0,0.02
ATOM,1629.0,O,TYR,103.0,2.285,-1.541,11.817,-0.51,1.7,1.01
ATOM,1630.0,CB,TYR,103.0,4.637,0.387,10.958,-0.18,2.175,0.51
ATOM,1631.0,CG,TYR,103.0,6.149,0.603,10.934,0.0,1.9924,0.0
ATOM,1632.0,CD1,TYR,103.0,7.018,-0.317,10.326,-0.115,1.9924,0.0
ATOM,1633.0,CD2,TYR,103.0,6.7,1.766,11.471,-0.115,1.9924,0.0
ATOM,1634.0,CE1,TYR,103.0,8.422,-0.076,10.284,-0.115,1.9924,1.78
ATOM,1635.0,CE2,TYR,103.0,8.076,2.013,11.436,-0.115,1.9924,0.0
ATOM,1636.0,CZ,TYR,103.0,8.931,1.09,10.849,0.11,1.9924,0.0
ATOM,1637.0,OH,TYR,103.0,10.297,1.357,10.832,-0.54,1.77,15.19
ATOM,1638.0,H,TYR,103.0,4.605,-0.294,8.329,0.31,0.2245,0.0
ATOM,1639.0,HA,TYR,103.0,4.636,-1.675,10.848,0.09,1.32,0.0
ATOM,1640.0,HB2,TYR,103.0,4.216,1.136,10.434,0.09,1.32,0.0
ATOM,1641.0,HB3,TYR,103.0,4.337,0.461,11.916,0.09,1.32,2.71
ATOM,1642.0,HD1,TYR,103.0,6.663,-1.148,9.918,0.115,1.3582,0.0
ATOM,1643.0,HD2,TYR,103.0,6.097,2.445,11.893,0.115,1.3582,1.94
ATOM,1644.0,HE1,TYR,103.0,9.019,-0.74,9.852,0.115,1.3582,8.07
ATOM,1645.0,HE2,TYR,103.0,8.441,2.854,11.834,0.115,1.3582,0.0
ATOM,1646.0,HH,TYR,103.0,10.577,1.648,11.742,0.43,0.2245,1.39
ATOM,1647.0,N,LEU,104.0,1.784,-0.722,9.766,-0.47,1.85,0.0
ATOM,1648.0,CA,LEU,104.0,0.333,-0.947,9.931,0.07,2.275,0.0
ATOM,1649.0,C,LEU,104.0,0.001,-2.442,9.865,0.51,2.0,0.0
ATOM,1650.0,O,LEU,104.0,-0.907,-2.916,10.552,-0.51,1.7,0.0
ATOM,1651.0,CB,LEU,104.0,-0.48,-0.135,8.909,-0.18,2.175,0.0
ATOM,1652.0,CG,LEU,104.0,-0.316,1.381,9.101,-0.09,2.275,0.0
ATOM,1653.0,CD1,LEU,104.0,-0.92,2.143,7.953,-0.27,2.06,0.04
ATOM,1654.0,CD2,LEU,104.0,-0.892,1.88,10.434,-0.27,2.06,12.62
ATOM,1655.0,H,LEU,104.0,2.202,-0.279,8.939,0.31,0.2245,0.0
ATOM,1656.0,HA,LEU,104.0,0.061,-0.6,10.832,0.09,1.32,0.0
ATOM,1657.0,HB2,LEU,104.0,-0.151,-0.357,8.014,0.09,1.32,0.0
ATOM,1658.0,HB3,LEU,104.0,-1.426,-0.349,9.034,0.09,1.32,0.0
ATOM,1659.0,HG,LEU,104.0,0.663,1.588,9.171,0.09,1.32,0.0
ATOM,1660.0,HD11,LEU,104.0,-1.9,1.938,7.883,0.09,1.32,0.0
ATOM,1661.0,HD12,LEU,104.0,-0.803,3.129,8.096,0.09,1.32,0.03
ATOM,1662.0,HD13,LEU,104.0,-0.47,1.883,7.095,0.09,1.32,0.0
ATOM,1663.0,HD21,LEU,104.0,-0.421,1.423,11.186,0.09,1.32,2.15
ATOM,1664.0,HD22,LEU,104.0,-0.756,2.867,10.501,0.09,1.32,0.12
ATOM,1665.0,HD23,LEU,104.0,-1.868,1.67,10.469,0.09,1.32,0.0
ATOM,1666.0,N,GLU,105.0,0.732,-3.177,9.028,-0.47,1.85,0.0
ATOM,1667.0,CA,GLU,105.0,0.687,-4.628,9.056,0.07,2.275,0.0
ATOM,1668.0,C,GLU,105.0,1.08,-5.139,10.444,0.51,2.0,0.0
ATOM,1669.0,O,GLU,105.0,0.346,-5.934,11.042,-0.51,1.7,0.0
ATOM,1670.0,CB,GLU,105.0,1.599,-5.224,7.992,-0.18,2.175,0.0
ATOM,1671.0,CG,GLU,105.0,1.526,-6.744,7.934,-0.28,2.175,3.77
ATOM,1672.0,CD,GLU,105.0,2.601,-7.354,7.051,0.62,2.0,3.71
ATOM,1673.0,OE1,GLU,105.0,3.364,-6.612,6.397,-0.76,1.7,9.37
ATOM,1674.0,OE2,GLU,105.0,2.694,-8.586,7.034,-0.76,1.7,35.01
ATOM,1675.0,H,GLU,105.0,1.321,-2.63,8.371,0.31,0.2245,0.0
ATOM,1676.0,HA,GLU,105.0,-0.239,-4.948,8.836,0.09,1.32,0.0
ATOM,1677.0,HB2,GLU,105.0,1.312,-4.881,7.12,0.09,1.32,2.52
ATOM,1678.0,HB3,GLU,105.0,2.522,-4.981,8.212,0.09,1.32,0.0
ATOM,1679.0,HG2,GLU,105.0,1.655,-7.093,8.843,0.09,1.32,0.0
ATOM,1680.0,HG3,GLU,105.0,0.654,-6.998,7.558,0.09,1.32,0.0
ATOM,1681.0,N,PHE,106.0,2.216,-4.666,10.965,-0.47,1.85,0.0
ATOM,1682.0,CA,PHE,106.0,2.651,-5.078,12.303,0.07,2.275,0.0
ATOM,1683.0,C,PHE,106.0,1.564,-4.835,13.36,0.51,2.0,0.0
ATOM,1684.0,O,PHE,106.0,1.275,-5.724,14.184,-0.51,1.7,1.55
ATOM,1685.0,CB,PHE,106.0,3.918,-4.357,12.752,-0.18,2.175,0.0
ATOM,1686.0,CG,PHE,106.0,5.127,-4.611,11.892,0.0,1.9924,0.0
ATOM,1687.0,CD1,PHE,106.0,5.246,-5.785,11.16,-0.115,1.9924,0.68
ATOM,1688.0,CD2,PHE,106.0,6.182,-3.69,11.876,-0.115,1.9924,0.0
ATOM,1689.0,CE1,PHE,106.0,6.397,-6.031,10.396,-0.115,1.9924,1.99
ATOM,1690.0,CE2,PHE,106.0,7.341,-3.928,11.108,-0.115,1.9924,0.1
ATOM,1691.0,CZ,PHE,106.0,7.434,-5.095,10.373,-0.115,1.9924,2.34
ATOM,1692.0,H,PHE,106.0,2.738,-4.012,10.367,0.31,0.2245,0.0
ATOM,1693.0,HA,PHE,106.0,2.801,-6.074,12.269,0.09,1.32,0.15
ATOM,1694.0,HB2,PHE,106.0,3.735,-3.381,12.738,0.09,1.32,0.0
ATOM,1695.0,HB3,PHE,106.0,4.131,-4.66,13.673,0.09,1.32,0.0
ATOM,1696.0,HD1,PHE,106.0,4.52,-6.459,11.169,0.115,1.3582,2.56
ATOM,1697.0,HD2,PHE,106.0,6.117,-2.853,12.412,0.115,1.3582,0.0
ATOM,1698.0,HE1,PHE,106.0,6.467,-6.883,9.87,0.115,1.3582,8.77
ATOM,1699.0,HE2,PHE,106.0,8.08,-3.247,11.109,0.115,1.3582,0.0
ATOM,1700.0,HZ,PHE,106.0,8.247,-5.28,9.816,0.115,1.3582,9.97
ATOM,1701.0,N,ILE,107.0,0.979,-3.636,13.372,-0.47,1.85,0.0
ATOM,1702.0,CA,ILE,107.0,-0.006,-3.35,14.425,0.07,2.275,0.0
ATOM,1703.0,C,ILE,107.0,-1.302,-4.164,14.241,0.51,2.0,0.0
ATOM,1704.0,O,ILE,107.0,-1.943,-4.521,15.231,-0.51,1.7,0.0
ATOM,1705.0,CB,ILE,107.0,-0.303,-1.831,14.591,-0.09,2.275,0.08
ATOM,1706.0,CG1,ILE,107.0,-0.825,-1.544,16.004,-0.18,2.175,0.0
ATOM,1707.0,CG2,ILE,107.0,-1.257,-1.305,13.505,-0.27,2.06,4.53
ATOM,1708.0,CD1,ILE,107.0,-0.977,-0.079,16.294,-0.27,2.06,9.19
ATOM,1709.0,H,ILE,107.0,1.254,-2.988,12.644,0.31,0.2245,0.0
ATOM,1710.0,HA,ILE,107.0,0.405,-3.664,15.288,0.09,1.32,0.0
ATOM,1711.0,HB,ILE,107.0,0.552,-1.343,14.471,0.09,1.32,0.66
ATOM,1712.0,HG12,ILE,107.0,-1.708,-1.996,16.107,0.09,1.32,0.0
ATOM,1713.0,HG13,ILE,107.0,-0.182,-1.942,16.656,0.09,1.32,0.0
ATOM,1714.0,HG21,ILE,107.0,-1.357,-0.32,13.609,0.09,1.32,1.64
ATOM,1715.0,HG22,ILE,107.0,-0.877,-1.514,12.609,0.09,1.32,0.0
ATOM,1716.0,HG23,ILE,107.0,-2.143,-1.747,13.608,0.09,1.32,0.87
ATOM,1717.0,HD11,ILE,107.0,-1.624,0.327,15.647,0.09,1.32,3.68
ATOM,1718.0,HD12,ILE,107.0,-1.319,0.046,17.226,0.09,1.32,0.0
ATOM,1719.0,HD13,ILE,107.0,-0.09,0.376,16.204,0.09,1.32,2.47
ATOM,1720.0,N,SER,108.0,-1.663,-4.472,12.991,-0.47,1.85,0.0
ATOM,1721.0,CA,SER,108.0,-2.82,-5.342,12.698,0.07,2.275,0.0
ATOM,1722.0,C,SER,108.0,-2.582,-6.738,13.302,0.51,2.0,0.39
ATOM,1723.0,O,SER,108.0,-3.435,-7.281,14.013,-0.51,1.7,0.0
ATOM,1724.0,CB,SER,108.0,-3.044,-5.433,11.19,0.05,2.175,0.95
ATOM,1725.0,OG,SER,108.0,-3.368,-4.159,10.655,-0.66,1.77,0.35
ATOM,1726.0,H,SER,108.0,-1.069,-4.053,12.25,0.31,0.2245,0.0
ATOM,1727.0,HA,SER,108.0,-3.622,-4.949,13.143,0.09,1.32,0.0
ATOM,1728.0,HB2,SER,108.0,-2.211,-5.762,10.76,0.09,1.32,0.0
ATOM,1729.0,HB3,SER,108.0,-3.797,-6.058,11.014,0.09,1.32,1.36
ATOM,1730.0,HG,SER,108.0,-2.535,-3.617,10.56,0.43,0.2245,0.0
ATOM,1731.0,N,ASP,109.0,-1.4,-7.296,13.043,-0.47,1.85,0.0
ATOM,1732.0,CA,ASP,109.0,-0.999,-8.568,13.633,0.07,2.275,0.78
ATOM,1733.0,C,ASP,109.0,-0.988,-8.506,15.171,0.51,2.0,0.24
ATOM,1734.0,O,ASP,109.0,-1.415,-9.463,15.836,-0.51,1.7,3.44
ATOM,1735.0,CB,ASP,109.0,0.38,-8.977,13.105,-0.28,2.175,12.48
ATOM,1736.0,CG,ASP,109.0,0.34,-9.441,11.65,0.62,2.0,3.21
ATOM,1737.0,OD1,ASP,109.0,-0.76,-9.657,11.112,-0.76,1.7,27.31
ATOM,1738.0,OD2,ASP,109.0,1.421,-9.61,11.05,-0.76,1.7,25.72
ATOM,1739.0,H,ASP,109.0,-0.798,-6.752,12.392,0.31,0.2245,0.0
ATOM,1740.0,HA,ASP,109.0,-1.694,-9.252,13.377,0.09,1.32,0.7
ATOM,1741.0,HB2,ASP,109.0,0.981,-8.19,13.168,0.09,1.32,0.0
ATOM,1742.0,HB3,ASP,109.0,0.717,-9.723,13.665,0.09,1.32,9.36
ATOM,1743.0,N,ALA,110.0,-0.501,-7.393,15.731,-0.47,1.85,0.56
ATOM,1744.0,CA,ALA,110.0,-0.475,-7.199,17.19,0.07,2.275,0.73
ATOM,1745.0,C,ALA,110.0,-1.901,-7.272,17.784,0.51,2.0,0.0
ATOM,1746.0,O,ALA,110.0,-2.116,-7.856,18.858,-0.51,1.7,0.0
ATOM,1747.0,CB,ALA,110.0,0.193,-5.873,17.549,-0.27,2.06,0.21
ATOM,1748.0,H,ALA,110.0,-0.148,-6.687,15.058,0.31,0.2245,0.0
ATOM,1749.0,HA,ALA,110.0,0.075,-7.929,17.604,0.09,1.32,0.0
ATOM,1750.0,HB1,ALA,110.0,-0.417,-5.119,17.31,0.09,1.32,0.0
ATOM,1751.0,HB2,ALA,110.0,0.382,-5.852,18.529,0.09,1.32,0.0
ATOM,1752.0,HB3,ALA,110.0,1.049,-5.785,17.042,0.09,1.32,0.92
ATOM,1753.0,N,ILE,111.0,-2.871,-6.67,17.094,-0.47,1.85,0.0
ATOM,1754.0,CA,ILE,111.0,-4.27,-6.682,17.556,0.07,2.275,0.0
ATOM,1755.0,C,ILE,111.0,-4.8,-8.127,17.638,0.51,2.0,0.0
ATOM,1756.0,O,ILE,111.0,-5.381,-8.525,18.654,-0.51,1.7,0.03
ATOM,1757.0,CB,ILE,111.0,-5.162,-5.782,16.661,-0.09,2.275,0.0
ATOM,1758.0,CG1,ILE,111.0,-4.836,-4.317,16.945,-0.18,2.175,0.0
ATOM,1759.0,CG2,ILE,111.0,-6.65,-6.06,16.889,-0.27,2.06,0.26
ATOM,1760.0,CD1,ILE,111.0,-5.301,-3.335,15.848,-0.27,2.06,1.41
ATOM,1761.0,H,ILE,111.0,-2.565,-6.202,16.223,0.31,0.2245,0.0
ATOM,1762.0,HA,ILE,111.0,-4.258,-6.332,18.493,0.09,1.32,0.0
ATOM,1763.0,HB,ILE,111.0,-4.934,-5.975,15.719,0.09,1.32,0.0
ATOM,1764.0,HG12,ILE,111.0,-5.268,-4.049,17.804,0.09,1.32,0.23
ATOM,1765.0,HG13,ILE,111.0,-3.846,-4.221,17.042,0.09,1.32,0.0
ATOM,1766.0,HG21,ILE,111.0,-7.19,-5.484,16.279,0.09,1.32,0.0
ATOM,1767.0,HG22,ILE,111.0,-6.838,-7.02,16.698,0.09,1.32,0.0
ATOM,1768.0,HG23,ILE,111.0,-6.882,-5.855,17.837,0.09,1.32,2.64
ATOM,1769.0,HD11,ILE,111.0,-6.288,-3.409,15.756,0.09,1.32,0.0
ATOM,1770.0,HD12,ILE,111.0,-5.046,-2.414,16.12,0.09,1.32,0.82
ATOM,1771.0,HD13,ILE,111.0,-4.854,-3.58,14.995,0.09,1.32,0.0
ATOM,1772.0,N,ILE,112.0,-4.567,-8.91,16.582,-0.47,1.85,0.0
ATOM,1773.0,CA,ILE,112.0,-4.976,-10.318,16.578,0.07,2.275,0.0
ATOM,1774.0,C,ILE,112.0,-4.313,-11.072,17.728,0.51,2.0,0.0
ATOM,1775.0,O,ILE,112.0,-4.997,-11.792,18.463,-0.51,1.7,0.0
ATOM,1776.0,CB,ILE,112.0,-4.704,-10.986,15.219,-0.09,2.275,0.7
ATOM,1777.0,CG1,ILE,112.0,-5.54,-10.318,14.112,-0.18,2.175,3.18
ATOM,1778.0,CG2,ILE,112.0,-4.921,-12.501,15.282,-0.27,2.06,11.46
ATOM,1779.0,CD1,ILE,112.0,-7.065,-10.352,14.28,-0.27,2.06,0.0
ATOM,1780.0,H,ILE,112.0,-4.088,-8.45,15.792,0.31,0.2245,0.0
ATOM,1781.0,HA,ILE,112.0,-5.961,-10.323,16.761,0.09,1.32,0.0
ATOM,1782.0,HB,ILE,112.0,-3.745,-10.855,14.996,0.09,1.32,0.73
ATOM,1783.0,HG12,ILE,112.0,-5.251,-9.354,14.036,0.09,1.32,0.0
ATOM,1784.0,HG13,ILE,112.0,-5.312,-10.765,13.236,0.09,1.32,4.19
ATOM,1785.0,HG21,ILE,112.0,-4.66,-12.907,14.41,0.09,1.32,4.05
ATOM,1786.0,HG22,ILE,112.0,-4.36,-12.883,16.012,0.09,1.32,1.31
ATOM,1787.0,HG23,ILE,112.0,-5.883,-12.688,15.465,0.09,1.32,0.0
ATOM,1788.0,HD11,ILE,112.0,-7.305,-9.886,15.126,0.09,1.32,0.0
ATOM,1789.0,HD12,ILE,112.0,-7.483,-9.89,13.504,0.09,1.32,0.0
ATOM,1790.0,HD13,ILE,112.0,-7.362,-11.301,14.316,0.09,1.32,0.0
ATOM,1791.0,N,HIS,113.0,-3.006,-10.86,17.92,-0.47,1.85,0.32
ATOM,1792.0,CA,HIS,113.0,-2.285,-11.53,19.008,0.07,2.275,1.8
ATOM,1793.0,C,HIS,113.0,-2.862,-11.164,20.382,0.51,2.0,0.0
ATOM,1794.0,O,HIS,113.0,-3.139,-12.046,21.203,-0.51,1.7,0.2
ATOM,1795.0,CB,HIS,113.0,-0.799,-11.198,18.991,-0.09,2.175,0.44
ATOM,1796.0,CG,HIS,113.0,-0.09,-11.673,20.214,-0.05,1.8,0.0
ATOM,1797.0,H,HIS,113.0,-2.565,-10.206,17.257,0.31,0.2245,0.0
ATOM,1798.0,HA,HIS,113.0,-2.379,-12.526,18.885,0.09,1.32,3.33
ATOM,1799.0,HB2,HIS,113.0,-0.375,-11.629,18.191,0.09,1.32,5.92
ATOM,1800.0,HB3,HIS,113.0,-0.686,-10.204,18.925,0.09,1.32,0.0
ATOM,1801.0,ND1,HIS,113.0,0.436,-12.941,20.321,-0.36,1.85,2.45
ATOM,1802.0,CD2,HIS,113.0,0.129,-11.07,21.407,0.22,1.8,1.61
ATOM,1803.0,CE1,HIS,113.0,0.977,-13.089,21.518,0.25,1.8,12.93
ATOM,1804.0,NE2,HIS,113.0,0.798,-11.972,22.199,-0.7,1.85,12.79
ATOM,1805.0,HD1,HIS,113.0,0.412,-13.638,19.605,0.32,0.2245,14.92
ATOM,1806.0,HD2,HIS,113.0,-0.144,-10.148,21.664,0.1,1.468,0.32
ATOM,1807.0,HE1,HIS,113.0,1.44,-13.906,21.851,0.13,0.9,16.39
ATOM,1808.0,N,VAL,114.0,-3.027,-9.863,20.63,-0.47,1.85,0.0
ATOM,1809.0,CA,VAL,114.0,-3.571,-9.394,21.907,0.07,2.275,0.0
ATOM,1810.0,C,VAL,114.0,-4.986,-9.951,22.177,0.51,2.0,0.0
ATOM,1811.0,O,VAL,114.0,-5.309,-10.312,23.322,-0.51,1.7,0.0
ATOM,1812.0,CB,VAL,114.0,-3.578,-7.851,21.976,-0.09,2.275,0.0
ATOM,1813.0,CG1,VAL,114.0,-4.356,-7.353,23.216,-0.27,2.06,0.59
ATOM,1814.0,CG2,VAL,114.0,-2.155,-7.326,21.967,-0.27,2.06,0.0
ATOM,1815.0,H,VAL,114.0,-2.744,-9.232,19.862,0.31,0.2245,0.0
ATOM,1816.0,HA,VAL,114.0,-2.969,-9.724,22.647,0.09,1.32,0.0
ATOM,1817.0,HB,VAL,114.0,-4.068,-7.51,21.181,0.09,1.32,0.12
ATOM,1818.0,HG11,VAL,114.0,-5.324,-7.3,22.988,0.09,1.32,0.06
ATOM,1819.0,HG12,VAL,114.0,-4.215,-7.996,23.964,0.09,1.32,0.0
ATOM,1820.0,HG13,VAL,114.0,-4.014,-6.453,23.47,0.09,1.32,0.0
ATOM,1821.0,HG21,VAL,114.0,-1.695,-7.626,21.13,0.09,1.32,0.0
ATOM,1822.0,HG22,VAL,114.0,-2.169,-6.326,22.001,0.09,1.32,0.0
ATOM,1823.0,HG23,VAL,114.0,-1.665,-7.681,22.764,0.09,1.32,2.17
ATOM,1824.0,N,LEU,115.0,-5.828,-10.022,21.145,-0.47,1.85,0.0
ATOM,1825.0,CA,LEU,115.0,-7.181,-10.554,21.35,0.07,2.275,0.0
ATOM,1826.0,C,LEU,115.0,-7.113,-12.012,21.826,0.51,2.0,0.0
ATOM,1827.0,O,LEU,115.0,-7.794,-12.388,22.759,-0.51,1.7,0.0
ATOM,1828.0,CB,LEU,115.0,-8.064,-10.428,20.1,-0.18,2.175,0.0
ATOM,1829.0,CG,LEU,115.0,-8.55,-9.005,19.785,-0.09,2.275,0.1
ATOM,1830.0,CD1,LEU,115.0,-9.059,-8.913,18.352,-0.27,2.06,0.0
ATOM,1831.0,CD2,LEU,115.0,-9.621,-8.573,20.794,-0.27,2.06,0.17
ATOM,1832.0,H,LEU,115.0,-5.468,-9.692,20.249,0.31,0.2245,0.0
ATOM,1833.0,HA,LEU,115.0,-7.633,-10.012,22.061,0.09,1.32,0.0
ATOM,1834.0,HB2,LEU,115.0,-7.536,-10.739,19.321,0.09,1.32,0.0
ATOM,1835.0,HB3,LEU,115.0,-8.866,-10.992,20.235,0.09,1.32,0.0
ATOM,1836.0,HG,LEU,115.0,-7.789,-8.37,19.909,0.09,1.32,1.07
ATOM,1837.0,HD11,LEU,115.0,-9.821,-9.549,18.227,0.09,1.32,0.0
ATOM,1838.0,HD12,LEU,115.0,-9.37,-7.981,18.168,0.09,1.32,0.0
ATOM,1839.0,HD13,LEU,115.0,-8.321,-9.149,17.72,0.09,1.32,0.0
ATOM,1840.0,HD21,LEU,115.0,-9.232,-8.591,21.714,0.09,1.32,0.0
ATOM,1841.0,HD22,LEU,115.0,-9.925,-7.647,20.575,0.09,1.32,0.0
ATOM,1842.0,HD23,LEU,115.0,-10.394,-9.203,20.742,0.09,1.32,0.0
ATOM,1843.0,N,HIS,116.0,-6.276,-12.82,21.184,-0.47,1.85,0.0
ATOM,1844.0,CA,HIS,116.0,-6.074,-14.183,21.65,0.07,2.275,0.0
ATOM,1845.0,C,HIS,116.0,-5.46,-14.244,23.047,0.51,2.0,0.1
ATOM,1846.0,O,HIS,116.0,-5.839,-15.105,23.86,-0.51,1.7,1.78
ATOM,1847.0,CB,HIS,116.0,-5.199,-14.965,20.678,-0.08,2.175,10.85
ATOM,1848.0,CG,HIS,116.0,-5.949,-15.504,19.506,0.22,1.8,0.69
ATOM,1849.0,H,HIS,116.0,-5.806,-12.412,20.365,0.31,0.2245,0.0
ATOM,1850.0,HA,HIS,116.0,-6.975,-14.648,21.683,0.09,1.32,0.0
ATOM,1851.0,HB2,HIS,116.0,-4.468,-14.364,20.337,0.09,1.32,0.0
ATOM,1852.0,HB3,HIS,116.0,-4.776,-15.737,21.166,0.09,1.32,9.53
ATOM,1853.0,ND1,HIS,116.0,-6.984,-16.41,19.634,-0.7,1.85,7.91
ATOM,1854.0,CD2,HIS,116.0,-5.806,-15.277,18.179,-0.05,1.8,11.04
ATOM,1855.0,CE1,HIS,116.0,-7.453,-16.705,18.436,0.25,1.8,13.34
ATOM,1856.0,NE2,HIS,116.0,-6.747,-16.042,17.538,-0.36,1.85,3.39
ATOM,1857.0,HD2,HIS,116.0,-5.144,-14.671,17.749,0.09,1.468,1.26
ATOM,1858.0,HE1,HIS,116.0,-8.209,-17.323,18.241,0.13,0.9,5.91
ATOM,1859.0,HE2,HIS,116.0,-6.88,-16.09,16.544,0.32,0.2245,0.0
ATOM,1860.0,N,SER,117.0,-4.524,-13.333,23.33,-0.47,1.85,0.1
ATOM,1861.0,CA,SER,117.0,-3.812,-13.373,24.608,0.07,2.275,2.81
ATOM,1862.0,C,SER,117.0,-4.742,-13.024,25.749,0.51,2.0,0.0
ATOM,1863.0,O,SER,117.0,-4.651,-13.615,26.824,-0.51,1.7,17.34
ATOM,1864.0,CB,SER,117.0,-2.604,-12.426,24.613,0.05,2.175,4.2
ATOM,1865.0,OG,SER,117.0,-1.908,-12.505,25.849,-0.66,1.77,22.3
ATOM,1866.0,H,SER,117.0,-4.357,-12.631,22.598,0.31,0.2245,0.0
ATOM,1867.0,HA,SER,117.0,-3.482,-14.313,24.747,0.09,1.32,9.07
ATOM,1868.0,HB2,SER,117.0,-1.99,-12.688,23.878,0.09,1.32,0.09
ATOM,1869.0,HB3,SER,117.0,-2.928,-11.496,24.482,0.09,1.32,0.0
ATOM,1870.0,HG,SER,117.0,-1.925,-11.613,26.296,0.43,0.2245,11.22
ATOM,1871.0,N,LYS,118.0,-5.623,-12.044,25.523,-0.47,1.85,0.0
ATOM,1872.0,CA,LYS,118.0,-6.521,-11.57,26.593,0.07,2.275,1.13
ATOM,1873.0,C,LYS,118.0,-7.795,-12.411,26.705,0.51,2.0,0.0
ATOM,1874.0,O,LYS,118.0,-8.46,-12.411,27.751,-0.51,1.7,21.71
ATOM,1875.0,CB,LYS,118.0,-6.862,-10.081,26.404,-0.18,2.175,0.16
ATOM,1876.0,CG,LYS,118.0,-5.664,-9.151,26.623,-0.18,2.175,0.32
ATOM,1877.0,CD,LYS,118.0,-6.03,-7.685,26.49,-0.18,2.175,0.0
ATOM,1878.0,CE,LYS,118.0,-6.694,-7.144,27.758,0.21,2.175,1.68
ATOM,1879.0,NZ,LYS,118.0,-5.86,-7.364,28.991,-0.3,1.85,7.24
ATOM,1880.0,H,LYS,118.0,-5.622,-11.66,24.568,0.31,0.2245,0.0
ATOM,1881.0,HA,LYS,118.0,-6.024,-11.617,27.472,0.09,1.32,6.15
ATOM,1882.0,HB2,LYS,118.0,-7.19,-9.953,25.476,0.09,1.32,0.0
ATOM,1883.0,HB3,LYS,118.0,-7.568,-9.839,27.059,0.09,1.32,1.38
ATOM,1884.0,HG2,LYS,118.0,-5.296,-9.315,27.543,0.09,1.32,2.39
ATOM,1885.0,HG3,LYS,118.0,-4.956,-9.375,25.947,0.09,1.32,0.0
ATOM,1886.0,HD2,LYS,118.0,-5.203,-7.156,26.321,0.09,1.32,0.0
ATOM,1887.0,HD3,LYS,118.0,-6.668,-7.575,25.733,0.09,1.32,0.0
ATOM,1888.0,HE2,LYS,118.0,-6.853,-6.158,27.646,0.05,1.32,0.0
ATOM,1889.0,HE3,LYS,118.0,-7.581,-7.601,27.881,0.05,1.32,3.12
ATOM,1890.0,HZ1,LYS,118.0,-5.601,-6.478,29.368,0.33,0.2245,5.26
ATOM,1891.0,HZ2,LYS,118.0,-6.397,-7.875,29.658,0.33,0.2245,19.32
ATOM,1892.0,HZ3,LYS,118.0,-5.045,-7.881,28.742,0.33,0.2245,1.23
ATOM,1893.0,N,HIS,119.0,-8.131,-13.13,25.631,-0.47,1.85,0.0
ATOM,1894.0,CA,HIS,119.0,-9.399,-13.862,25.552,0.07,2.275,0.89
ATOM,1895.0,C,HIS,119.0,-9.163,-15.268,24.98,0.51,2.0,0.0
ATOM,1896.0,O,HIS,119.0,-9.842,-15.675,24.033,-0.51,1.7,0.0
ATOM,1897.0,CB,HIS,119.0,-10.426,-13.074,24.71,-0.08,2.175,0.23
ATOM,1898.0,CG,HIS,119.0,-10.532,-11.632,25.097,0.22,1.8,0.0
ATOM,1899.0,ND1,HIS,119.0,-9.898,-10.623,24.403,-0.7,1.85,0.0
ATOM,1900.0,CD2,HIS,119.0,-11.244,-11.028,26.079,-0.05,1.8,5.13
ATOM,1901.0,CE1,HIS,119.0,-10.199,-9.459,24.956,0.25,1.8,0.0
ATOM,1902.0,NE2,HIS,119.0,-11.012,-9.677,25.977,-0.36,1.85,1.78
ATOM,1903.0,H,HIS,119.0,-7.427,-13.126,24.868,0.31,0.2245,0.0
ATOM,1904.0,HA,HIS,119.0,-9.768,-13.96,26.478,0.09,1.32,4.79
ATOM,1905.0,HB2,HIS,119.0,-10.158,-13.128,23.745,0.09,1.32,0.0
ATOM,1906.0,HB3,HIS,119.0,-11.327,-13.502,24.822,0.09,1.32,0.0
ATOM,1907.0,HD2,HIS,119.0,-11.825,-11.477,26.751,0.09,1.468,13.72
ATOM,1908.0,HE1,HIS,119.0,-9.869,-8.568,24.656,0.13,0.9,0.0
ATOM,1909.0,HE2,HIS,119.0,-11.395,-8.973,26.576,0.32,0.2245,9.68
ATOM,1910.0,N,PRO,120.0,-8.228,-16.035,25.593,-0.29,1.85,0.0
ATOM,1911.0,CA,PRO,120.0,-7.875,-17.332,25.0,0.02,2.275,0.82
ATOM,1912.0,C,PRO,120.0,-9.084,-18.252,25.001,0.51,2.0,0.23
ATOM,1913.0,O,PRO,120.0,-9.746,-18.39,26.035,-0.51,1.7,18.44
ATOM,1914.0,CB,PRO,120.0,-6.78,-17.873,25.931,-0.18,2.175,19.62
ATOM,1915.0,CG,PRO,120.0,-7.04,-17.166,27.289,-0.18,2.175,21.7
ATOM,1916.0,CD,PRO,120.0,-7.514,-15.777,26.862,0.0,2.175,5.41
ATOM,1917.0,HA,PRO,120.0,-7.514,-17.211,24.072,0.09,1.32,0.97
ATOM,1918.0,HB2,PRO,120.0,-6.857,-18.859,26.049,0.09,1.32,9.88
ATOM,1919.0,HB3,PRO,120.0,-5.872,-17.637,25.601,0.09,1.32,6.51
ATOM,1920.0,HG2,PRO,120.0,-7.743,-17.648,27.782,0.09,1.32,7.0
ATOM,1921.0,HG3,PRO,120.0,-6.199,-17.116,27.8,0.09,1.32,10.29
ATOM,1922.0,HD2,PRO,120.0,-8.13,-15.387,27.541,0.09,1.32,5.05
ATOM,1923.0,HD3,PRO,120.0,-6.739,-15.166,26.714,0.09,1.32,0.0
ATOM,1924.0,N,GLY,121.0,-9.383,-18.852,23.849,-0.47,1.85,3.39
ATOM,1925.0,CA,GLY,121.0,-10.543,-19.737,23.72,-0.02,2.175,21.13
ATOM,1926.0,C,GLY,121.0,-11.86,-19.003,23.507,0.51,2.0,1.45
ATOM,1927.0,O,GLY,121.0,-12.92,-19.635,23.316,-0.51,1.7,35.16
ATOM,1928.0,H,GLY,121.0,-8.735,-18.642,23.067,0.31,0.2245,7.79
ATOM,1929.0,HA2,GLY,121.0,-10.387,-20.376,22.942,0.09,1.32,12.27
ATOM,1930.0,HA3,GLY,121.0,-10.614,-20.314,24.557,0.09,1.32,10.17
ATOM,1931.0,N,ASP,122.0,-11.801,-17.669,23.523,-0.47,1.85,0.0
ATOM,1932.0,CA,ASP,122.0,-12.987,-16.851,23.34,0.07,2.275,1.1
ATOM,1933.0,C,ASP,122.0,-12.882,-15.934,22.123,0.51,2.0,0.7
ATOM,1934.0,O,ASP,122.0,-13.643,-14.966,22.007,-0.51,1.7,4.41
ATOM,1935.0,CB,ASP,122.0,-13.271,-16.023,24.595,-0.28,2.175,9.04
ATOM,1936.0,CG,ASP,122.0,-14.676,-15.463,24.61,0.62,2.0,3.27
ATOM,1937.0,OD1,ASP,122.0,-15.602,-16.159,24.133,-0.76,1.7,34.29
ATOM,1938.0,OD2,ASP,122.0,-14.859,-14.327,25.098,-0.76,1.7,19.5
ATOM,1939.0,H,ASP,122.0,-10.85,-17.281,23.675,0.31,0.2245,0.0
ATOM,1940.0,HA,ASP,122.0,-13.763,-17.478,23.167,0.09,1.32,2.66
ATOM,1941.0,HB2,ASP,122.0,-13.152,-16.613,25.384,0.09,1.32,7.72
ATOM,1942.0,HB3,ASP,122.0,-12.624,-15.271,24.619,0.09,1.32,0.0
ATOM,1943.0,N,PHE,123.0,-11.947,-16.246,21.22,-0.47,1.85,0.0
ATOM,1944.0,CA,PHE,123.0,-11.785,-15.489,19.968,0.07,2.275,0.0
ATOM,1945.0,C,PHE,123.0,-11.766,-16.549,18.863,0.51,2.0,0.05
ATOM,1946.0,O,PHE,123.0,-10.705,-17.011,18.423,-0.51,1.7,5.5
ATOM,1947.0,CB,PHE,123.0,-10.496,-14.65,20.048,-0.18,2.175,0.0
ATOM,1948.0,CG,PHE,123.0,-10.229,-13.767,18.848,0.0,1.9924,0.0
ATOM,1949.0,CD1,PHE,123.0,-11.261,-13.096,18.197,-0.115,1.9924,0.0
ATOM,1950.0,CD2,PHE,123.0,-8.918,-13.589,18.391,-0.115,1.9924,0.0
ATOM,1951.0,CE1,PHE,123.0,-10.996,-12.279,17.104,-0.115,1.9924,0.0
ATOM,1952.0,CE2,PHE,123.0,-8.644,-12.763,17.317,-0.115,1.9924,0.0
ATOM,1953.0,CZ,PHE,123.0,-9.689,-12.102,16.669,-0.115,1.9924,0.0
ATOM,1954.0,H,PHE,123.0,-11.352,-17.058,21.473,0.31,0.2245,0.71
ATOM,1955.0,HA,PHE,123.0,-12.606,-14.962,19.843,0.09,1.32,0.48
ATOM,1956.0,HB2,PHE,123.0,-10.567,-14.065,20.846,0.09,1.32,0.0
ATOM,1957.0,HB3,PHE,123.0,-9.734,-15.278,20.138,0.09,1.32,0.0
ATOM,1958.0,HD1,PHE,123.0,-12.197,-13.199,18.515,0.115,1.3582,0.11
ATOM,1959.0,HD2,PHE,123.0,-8.172,-14.07,18.855,0.115,1.3582,0.0
ATOM,1960.0,HE1,PHE,123.0,-11.757,-11.819,16.631,0.115,1.3582,0.0
ATOM,1961.0,HE2,PHE,123.0,-7.692,-12.639,17.001,0.115,1.3582,0.0
ATOM,1962.0,HZ,PHE,123.0,-9.497,-11.502,15.894,0.115,1.3582,0.0
ATOM,1963.0,N,GLY,124.0,-12.971,-16.952,18.46,-0.47,1.85,1.19
ATOM,1964.0,CA,GLY,124.0,-13.162,-18.096,17.577,-0.02,2.175,13.03
ATOM,1965.0,C,GLY,124.0,-12.649,-17.91,16.162,0.51,2.0,0.0
ATOM,1966.0,O,GLY,124.0,-12.326,-16.784,15.745,-0.51,1.7,0.0
ATOM,1967.0,H,GLY,124.0,-13.762,-16.379,18.831,0.31,0.2245,6.73
ATOM,1968.0,HA2,GLY,124.0,-12.707,-18.916,17.993,0.09,1.32,10.18
ATOM,1969.0,HA3,GLY,124.0,-14.161,-18.326,17.543,0.09,1.32,7.71
ATOM,1970.0,N,ALA,125.0,-12.576,-19.02,15.423,-0.47,1.85,3.16
ATOM,1971.0,CA,ALA,125.0,-12.043,-19.0,14.068,0.07,2.275,3.37
ATOM,1972.0,C,ALA,125.0,-12.845,-18.039,13.17,0.51,2.0,0.09
ATOM,1973.0,O,ALA,125.0,-12.256,-17.289,12.392,-0.51,1.7,8.28
ATOM,1974.0,CB,ALA,125.0,-12.006,-20.411,13.472,-0.27,2.06,40.77
ATOM,1975.0,H,ALA,125.0,-12.926,-19.877,15.892,0.31,0.2245,10.76
ATOM,1976.0,HA,ALA,125.0,-11.089,-18.681,14.094,0.09,1.32,3.71
ATOM,1977.0,HB1,ALA,125.0,-12.792,-20.929,13.803,0.09,1.32,8.38
ATOM,1978.0,HB2,ALA,125.0,-12.04,-20.349,12.477,0.09,1.32,9.72
ATOM,1979.0,HB3,ALA,125.0,-11.162,-20.865,13.752,0.09,1.32,11.79
ATOM,1980.0,N,ASP,126.0,-14.178,-18.065,13.27,-0.47,1.85,1.62
ATOM,1981.0,CA,ASP,126.0,-15.002,-17.11,12.502,0.07,2.275,3.07
ATOM,1982.0,C,ASP,126.0,-14.667,-15.654,12.881,0.51,2.0,0.0
ATOM,1983.0,O,ASP,126.0,-14.435,-14.801,12.003,-0.51,1.7,3.65
ATOM,1984.0,CB,ASP,126.0,-16.517,-17.443,12.583,-0.28,2.175,16.34
ATOM,1985.0,CG,ASP,126.0,-17.065,-17.512,14.004,0.62,2.0,2.29
ATOM,1986.0,OD1,ASP,126.0,-16.327,-17.309,14.99,-0.76,1.7,8.35
ATOM,1987.0,OD2,ASP,126.0,-18.292,-17.771,14.127,-0.76,1.7,39.45
ATOM,1988.0,H,ASP,126.0,-14.564,-18.775,13.899,0.31,0.2245,3.95
ATOM,1989.0,HA,ASP,126.0,-14.758,-17.223,11.534,0.09,1.32,8.28
ATOM,1990.0,HB2,ASP,126.0,-17.006,-16.733,12.084,0.09,1.32,6.23
ATOM,1991.0,HB3,ASP,126.0,-16.653,-18.325,12.142,0.09,1.32,11.08
ATOM,1992.0,N,ALA,127.0,-14.579,-15.392,14.183,-0.47,1.85,0.0
ATOM,1993.0,CA,ALA,127.0,-14.221,-14.066,14.699,0.07,2.275,0.0
ATOM,1994.0,C,ALA,127.0,-12.851,-13.577,14.198,0.51,2.0,0.0
ATOM,1995.0,O,ALA,127.0,-12.71,-12.418,13.743,-0.51,1.7,0.0
ATOM,1996.0,CB,ALA,127.0,-14.265,-14.057,16.208,-0.27,2.06,4.59
ATOM,1997.0,H,ALA,127.0,-14.785,-16.204,14.804,0.31,0.2245,0.0
ATOM,1998.0,HA,ALA,127.0,-14.924,-13.401,14.398,0.09,1.32,0.0
ATOM,1999.0,HB1,ALA,127.0,-15.086,-13.577,16.522,0.09,1.32,0.0
ATOM,2000.0,HB2,ALA,127.0,-14.283,-14.997,16.554,0.09,1.32,0.01
ATOM,2001.0,HB3,ALA,127.0,-13.455,-13.591,16.569,0.09,1.32,0.0
ATOM,2002.0,N,GLN,128.0,-11.849,-14.453,14.269,-0.47,1.85,0.0
ATOM,2003.0,CA,GLN,128.0,-10.537,-14.095,13.749,0.07,2.275,0.0
ATOM,2004.0,C,GLN,128.0,-10.597,-13.79,12.25,0.51,2.0,0.0
ATOM,2005.0,O,GLN,128.0,-9.961,-12.826,11.795,-0.51,1.7,0.0
ATOM,2006.0,CB,GLN,128.0,-9.47,-15.155,14.047,-0.18,2.175,0.21
ATOM,2007.0,CG,GLN,128.0,-8.118,-14.734,13.476,-0.18,2.175,1.94
ATOM,2008.0,CD,GLN,128.0,-6.998,-15.729,13.714,0.55,2.0,1.9
ATOM,2009.0,OE1,GLN,128.0,-7.051,-16.537,14.665,-0.55,1.7,15.63
ATOM,2010.0,NE2,GLN,128.0,-5.988,-15.689,12.868,-0.62,1.85,18.64
ATOM,2011.0,H,GLN,128.0,-12.077,-15.354,14.701,0.31,0.2245,0.0
ATOM,2012.0,HA,GLN,128.0,-10.232,-13.257,14.218,0.09,1.32,0.0
ATOM,2013.0,HB2,GLN,128.0,-9.377,-15.251,15.024,0.09,1.32,0.0
ATOM,2014.0,HB3,GLN,128.0,-9.735,-16.006,13.621,0.09,1.32,1.4
ATOM,2015.0,HG2,GLN,128.0,-8.22,-14.6,12.483,0.09,1.32,1.29
ATOM,2016.0,HG3,GLN,128.0,-7.858,-13.854,13.891,0.09,1.32,0.0
ATOM,2017.0,HE21,GLN,128.0,-5.189,-16.317,12.97,0.32,0.2245,22.23
ATOM,2018.0,HE22,GLN,128.0,-6.009,-15.017,12.1,0.3,0.2245,9.89
ATOM,2019.0,N,GLY,129.0,-11.363,-14.589,11.493,-0.47,1.85,0.7
ATOM,2020.0,CA,GLY,129.0,-11.534,-14.336,10.053,-0.02,2.175,19.26
ATOM,2021.0,C,GLY,129.0,-12.103,-12.939,9.809,0.51,2.0,1.23
ATOM,2022.0,O,GLY,129.0,-11.579,-12.155,8.999,-0.51,1.7,0.9
ATOM,2023.0,H,GLY,129.0,-11.808,-15.372,11.993,0.31,0.2245,0.0
ATOM,2024.0,HA2,GLY,129.0,-10.644,-14.419,9.595,0.09,1.32,7.19
ATOM,2025.0,HA3,GLY,129.0,-12.158,-15.022,9.668,0.09,1.32,8.26
ATOM,2026.0,N,ALA,130.0,-13.175,-12.615,10.523,-0.47,1.85,1.64
ATOM,2027.0,CA,ALA,130.0,-13.883,-11.346,10.31,0.07,2.275,0.08
ATOM,2028.0,C,ALA,130.0,-12.994,-10.156,10.698,0.51,2.0,0.0
ATOM,2029.0,O,ALA,130.0,-12.822,-9.206,9.921,-0.51,1.7,0.0
ATOM,2030.0,CB,ALA,130.0,-15.186,-11.328,11.106,-0.27,2.06,0.63
ATOM,2031.0,H,ALA,130.0,-13.465,-13.316,11.228,0.31,0.2245,0.0
ATOM,2032.0,HA,ALA,130.0,-14.115,-11.266,9.336,0.09,1.32,0.0
ATOM,2033.0,HB1,ALA,130.0,-15.911,-10.929,10.546,0.09,1.32,0.0
ATOM,2034.0,HB2,ALA,130.0,-15.434,-12.262,11.358,0.09,1.32,0.31
ATOM,2035.0,HB3,ALA,130.0,-15.062,-10.781,11.932,0.09,1.32,0.0
ATOM,2036.0,N,MET,131.0,-12.403,-10.224,11.888,-0.47,1.85,0.0
ATOM,2037.0,CA,MET,131.0,-11.522,-9.137,12.356,0.07,2.275,0.0
ATOM,2038.0,C,MET,131.0,-10.306,-8.94,11.419,0.51,2.0,0.0
ATOM,2039.0,O,MET,131.0,-9.913,-7.802,11.102,-0.51,1.7,0.0
ATOM,2040.0,CB,MET,131.0,-11.084,-9.391,13.807,-0.18,2.175,0.0
ATOM,2041.0,CG,MET,131.0,-10.268,-8.257,14.421,-0.14,2.175,0.0
ATOM,2042.0,SD,MET,131.0,-11.112,-6.638,14.422,-0.09,2.0,0.0
ATOM,2043.0,CE,MET,131.0,-12.269,-6.804,15.756,-0.22,2.06,0.0
ATOM,2044.0,H,MET,131.0,-12.604,-11.07,12.438,0.31,0.2245,0.0
ATOM,2045.0,HA,MET,131.0,-12.051,-8.282,12.352,0.09,1.32,0.0
ATOM,2046.0,HB2,MET,131.0,-11.905,-9.535,14.374,0.09,1.32,0.0
ATOM,2047.0,HB3,MET,131.0,-10.53,-10.233,13.836,0.09,1.32,0.0
ATOM,2048.0,HG2,MET,131.0,-10.01,-8.525,15.382,0.09,1.32,0.0
ATOM,2049.0,HG3,MET,131.0,-9.371,-8.19,13.918,0.09,1.32,0.0
ATOM,2050.0,HE1,MET,131.0,-13.04,-7.383,15.474,0.09,1.32,0.0
ATOM,2051.0,HE2,MET,131.0,-11.821,-7.224,16.55,0.09,1.32,0.0
ATOM,2052.0,HE3,MET,131.0,-12.621,-5.902,16.021,0.09,1.32,0.0
ATOM,2053.0,N,THR,132.0,-9.74,-10.047,10.947,-0.47,1.85,0.0
ATOM,2054.0,CA,THR,132.0,-8.615,-9.978,10.022,0.07,2.275,0.0
ATOM,2055.0,C,THR,132.0,-9.056,-9.271,8.731,0.51,2.0,0.0
ATOM,2056.0,O,THR,132.0,-8.363,-8.371,8.255,-0.51,1.7,0.0
ATOM,2057.0,CB,THR,132.0,-8.054,-11.372,9.731,0.14,2.275,1.82
ATOM,2058.0,OG1,THR,132.0,-7.588,-11.94,10.958,-0.66,1.77,0.67
ATOM,2059.0,CG2,THR,132.0,-6.893,-11.298,8.741,-0.27,2.06,18.74
ATOM,2060.0,H,THR,132.0,-10.155,-10.931,11.283,0.31,0.2245,0.0
ATOM,2061.0,HA,THR,132.0,-7.886,-9.435,10.439,0.09,1.32,0.39
ATOM,2062.0,HB,THR,132.0,-8.801,-11.962,9.371,0.09,1.32,0.57
ATOM,2063.0,HG21,THR,132.0,-7.079,-10.592,8.056,0.09,1.32,0.0
ATOM,2064.0,HG22,THR,132.0,-6.048,-11.071,9.229,0.09,1.32,9.13
ATOM,2065.0,HG23,THR,132.0,-6.784,-12.182,8.283,0.09,1.32,11.47
ATOM,2066.0,HG1,THR,132.0,-8.358,-12.317,11.485,0.43,0.2245,0.0
ATOM,2067.0,N,LYS,133.0,-10.212,-9.662,8.182,-0.47,1.85,0.0
ATOM,2068.0,CA,LYS,133.0,-10.774,-8.95,7.009,0.07,2.275,0.33
ATOM,2069.0,C,LYS,133.0,-10.955,-7.44,7.231,0.51,2.0,0.0
ATOM,2070.0,O,LYS,133.0,-10.674,-6.625,6.328,-0.51,1.7,1.85
ATOM,2071.0,CB,LYS,133.0,-12.11,-9.548,6.567,-0.18,2.175,0.33
ATOM,2072.0,CG,LYS,133.0,-11.981,-10.708,5.609,-0.18,2.175,8.83
ATOM,2073.0,CD,LYS,133.0,-13.344,-11.145,5.091,-0.18,2.175,4.31
ATOM,2074.0,CE,LYS,133.0,-13.823,-10.312,3.901,0.21,2.175,5.76
ATOM,2075.0,NZ,LYS,133.0,-15.009,-10.961,3.217,-0.3,1.85,8.83
ATOM,2076.0,H,LYS,133.0,-10.664,-10.47,8.625,0.31,0.2245,0.0
ATOM,2077.0,HA,LYS,133.0,-10.146,-9.088,6.223,0.09,1.32,0.25
ATOM,2078.0,HB2,LYS,133.0,-12.594,-9.862,7.384,0.09,1.32,0.0
ATOM,2079.0,HB3,LYS,133.0,-12.64,-8.825,6.123,0.09,1.32,0.0
ATOM,2080.0,HG2,LYS,133.0,-11.416,-10.434,4.831,0.09,1.32,4.9
ATOM,2081.0,HG3,LYS,133.0,-11.554,-11.48,6.078,0.09,1.32,4.71
ATOM,2082.0,HD2,LYS,133.0,-13.289,-12.101,4.803,0.09,1.32,9.0
ATOM,2083.0,HD3,LYS,133.0,-14.015,-11.055,5.827,0.09,1.32,0.0
ATOM,2084.0,HE2,LYS,133.0,-14.095,-9.408,4.222,0.05,1.32,0.0
ATOM,2085.0,HE3,LYS,133.0,-13.08,-10.227,3.24,0.05,1.32,9.57
ATOM,2086.0,HZ1,LYS,133.0,-15.217,-11.815,3.684,0.33,0.2245,3.54
ATOM,2087.0,HZ2,LYS,133.0,-15.785,-10.341,3.27,0.33,0.2245,0.79
ATOM,2088.0,HZ3,LYS,133.0,-14.771,-11.136,2.267,0.33,0.2245,17.65
ATOM,2089.0,N,ALA,134.0,-11.457,-7.067,8.411,-0.47,1.85,0.0
ATOM,2090.0,CA,ALA,134.0,-11.685,-5.644,8.718,0.07,2.275,0.0
ATOM,2091.0,C,ALA,134.0,-10.355,-4.897,8.768,0.51,2.0,0.0
ATOM,2092.0,O,ALA,134.0,-10.237,-3.763,8.265,-0.51,1.7,1.25
ATOM,2093.0,CB,ALA,134.0,-12.434,-5.48,10.03,-0.27,2.06,0.0
ATOM,2094.0,H,ALA,134.0,-11.664,-7.832,9.066,0.31,0.2245,0.0
ATOM,2095.0,HA,ALA,134.0,-12.251,-5.248,7.992,0.09,1.32,0.0
ATOM,2096.0,HB1,ALA,134.0,-13.354,-5.133,9.85,0.09,1.32,0.0
ATOM,2097.0,HB2,ALA,134.0,-12.498,-6.364,10.492,0.09,1.32,0.0
ATOM,2098.0,HB3,ALA,134.0,-11.945,-4.834,10.617,0.09,1.32,0.0
ATOM,2099.0,N,LEU,135.0,-9.356,-5.53,9.382,-0.47,1.85,0.0
ATOM,2100.0,CA,LEU,135.0,-8.028,-4.915,9.523,0.07,2.275,0.0
ATOM,2101.0,C,LEU,135.0,-7.344,-4.803,8.167,0.51,2.0,0.0
ATOM,2102.0,O,LEU,135.0,-6.642,-3.826,7.889,-0.51,1.7,0.0
ATOM,2103.0,CB,LEU,135.0,-7.161,-5.692,10.528,-0.18,2.175,0.76
ATOM,2104.0,CG,LEU,135.0,-7.626,-5.565,11.987,-0.09,2.275,0.0
ATOM,2105.0,CD1,LEU,135.0,-6.907,-6.563,12.891,-0.27,2.06,0.75
ATOM,2106.0,CD2,LEU,135.0,-7.492,-4.131,12.541,-0.27,2.06,0.17
ATOM,2107.0,H,LEU,135.0,-9.588,-6.471,9.744,0.31,0.2245,0.0
ATOM,2108.0,HA,LEU,135.0,-8.146,-3.992,9.9,0.09,1.32,0.0
ATOM,2109.0,HB2,LEU,135.0,-7.199,-6.648,10.287,0.09,1.32,0.05
ATOM,2110.0,HB3,LEU,135.0,-6.244,-5.337,10.477,0.09,1.32,0.0
ATOM,2111.0,HG,LEU,135.0,-8.613,-5.733,12.027,0.09,1.32,0.0
ATOM,2112.0,HD11,LEU,135.0,-5.923,-6.393,12.856,0.09,1.32,0.0
ATOM,2113.0,HD12,LEU,135.0,-7.232,-6.454,13.83,0.09,1.32,0.0
ATOM,2114.0,HD13,LEU,135.0,-7.098,-7.493,12.577,0.09,1.32,0.0
ATOM,2115.0,HD21,LEU,135.0,-8.048,-3.516,11.987,0.09,1.32,0.0
ATOM,2116.0,HD22,LEU,135.0,-7.809,-4.118,13.486,0.09,1.32,0.0
ATOM,2117.0,HD23,LEU,135.0,-6.535,-3.856,12.499,0.09,1.32,0.68
ATOM,2118.0,N,GLU,136.0,-7.554,-5.8,7.315,-0.47,1.85,0.0
ATOM,2119.0,CA,GLU,136.0,-7.011,-5.736,5.962,0.07,2.275,0.43
ATOM,2120.0,C,GLU,136.0,-7.669,-4.608,5.157,0.51,2.0,0.03
ATOM,2121.0,O,GLU,136.0,-7.009,-3.918,4.387,-0.51,1.7,0.88
ATOM,2122.0,CB,GLU,136.0,-7.186,-7.07,5.25,-0.18,2.175,7.5
ATOM,2123.0,CG,GLU,136.0,-6.228,-8.133,5.771,-0.28,2.175,2.96
ATOM,2124.0,CD,GLU,136.0,-6.548,-9.543,5.28,0.62,2.0,3.26
ATOM,2125.0,OE1,GLU,136.0,-7.709,-9.811,4.93,-0.76,1.7,18.36
ATOM,2126.0,OE2,GLU,136.0,-5.636,-10.394,5.271,-0.76,1.7,33.77
ATOM,2127.0,H,GLU,136.0,-8.109,-6.586,7.677,0.31,0.2245,0.0
ATOM,2128.0,HA,GLU,136.0,-6.018,-5.579,6.0,0.09,1.32,0.0
ATOM,2129.0,HB2,GLU,136.0,-8.096,-7.386,5.417,0.09,1.32,0.0
ATOM,2130.0,HB3,GLU,136.0,-6.991,-6.936,4.302,0.09,1.32,8.23
ATOM,2131.0,HG2,GLU,136.0,-5.32,-7.912,5.458,0.09,1.32,1.58
ATOM,2132.0,HG3,GLU,136.0,-6.283,-8.146,6.755,0.09,1.32,0.09
ATOM,2133.0,N,LEU,137.0,-8.98,-4.466,5.296,-0.47,1.85,0.44
ATOM,2134.0,CA,LEU,137.0,-9.699,-3.418,4.579,0.07,2.275,2.45
ATOM,2135.0,C,LEU,137.0,-9.166,-2.041,4.986,0.51,2.0,0.0
ATOM,2136.0,O,LEU,137.0,-8.875,-1.188,4.141,-0.51,1.7,0.0
ATOM,2137.0,CB,LEU,137.0,-11.203,-3.516,4.863,-0.18,2.175,0.12
ATOM,2138.0,CG,LEU,137.0,-12.071,-2.499,4.141,-0.09,2.275,0.0
ATOM,2139.0,CD1,LEU,137.0,-11.966,-2.64,2.621,-0.27,2.06,17.41
ATOM,2140.0,CD2,LEU,137.0,-13.522,-2.608,4.591,-0.27,2.06,2.36
ATOM,2141.0,H,LEU,137.0,-9.433,-5.139,5.935,0.31,0.2245,0.0
ATOM,2142.0,HA,LEU,137.0,-9.546,-3.536,3.596,0.09,1.32,1.38
ATOM,2143.0,HB2,LEU,137.0,-11.504,-4.422,4.585,0.09,1.32,2.04
ATOM,2144.0,HB3,LEU,137.0,-11.335,-3.389,5.839,0.09,1.32,0.02
ATOM,2145.0,HG,LEU,137.0,-11.783,-1.572,4.403,0.09,1.32,0.0
ATOM,2146.0,HD11,LEU,137.0,-12.264,-3.555,2.353,0.09,1.32,2.62
ATOM,2147.0,HD12,LEU,137.0,-12.549,-1.956,2.185,0.09,1.32,6.59
ATOM,2148.0,HD13,LEU,137.0,-11.017,-2.5,2.341,0.09,1.32,0.0
ATOM,2149.0,HD21,LEU,137.0,-13.58,-2.439,5.575,0.09,1.32,0.14
ATOM,2150.0,HD22,LEU,137.0,-14.074,-1.931,4.104,0.09,1.32,2.1
ATOM,2151.0,HD23,LEU,137.0,-13.866,-3.526,4.39,0.09,1.32,0.0
ATOM,2152.0,N,PHE,138.0,-9.028,-1.852,6.294,-0.47,1.85,0.02
ATOM,2153.0,CA,PHE,138.0,-8.421,-0.656,6.882,0.07,2.275,0.0
ATOM,2154.0,C,PHE,138.0,-7.027,-0.391,6.261,0.51,2.0,0.0
ATOM,2155.0,O,PHE,138.0,-6.773,0.684,5.707,-0.51,1.7,0.0
ATOM,2156.0,CB,PHE,138.0,-8.32,-0.888,8.391,-0.18,2.175,0.0
ATOM,2157.0,CG,PHE,138.0,-7.47,0.116,9.132,0.0,1.9924,0.0
ATOM,2158.0,CD1,PHE,138.0,-7.937,1.412,9.377,-0.115,1.9924,0.0
ATOM,2159.0,CD2,PHE,138.0,-6.223,-0.256,9.628,-0.115,1.9924,0.0
ATOM,2160.0,CE1,PHE,138.0,-7.158,2.334,10.089,-0.115,1.9924,0.33
ATOM,2161.0,CE2,PHE,138.0,-5.432,0.652,10.344,-0.115,1.9924,4.4
ATOM,2162.0,CZ,PHE,138.0,-5.905,1.949,10.573,-0.115,1.9924,5.35
ATOM,2163.0,H,PHE,138.0,-9.396,-2.643,6.881,0.31,0.2245,0.0
ATOM,2164.0,HA,PHE,138.0,-8.995,0.125,6.627,0.09,1.32,0.0
ATOM,2165.0,HB2,PHE,138.0,-9.237,-0.845,8.768,0.09,1.32,0.91
ATOM,2166.0,HB3,PHE,138.0,-7.923,-1.786,8.535,0.09,1.32,0.0
ATOM,2167.0,HD1,PHE,138.0,-8.832,1.687,9.046,0.115,1.3582,0.0
ATOM,2168.0,HD2,PHE,138.0,-5.884,-1.183,9.474,0.115,1.3582,0.0
ATOM,2169.0,HE1,PHE,138.0,-7.504,3.26,10.244,0.115,1.3582,0.0
ATOM,2170.0,HE2,PHE,138.0,-4.53,0.368,10.687,0.115,1.3582,0.11
ATOM,2171.0,HZ,PHE,138.0,-5.349,2.602,11.083,0.115,1.3582,10.39
ATOM,2172.0,N,ARG,139.0,-6.158,-1.396,6.324,-0.47,1.85,0.0
ATOM,2173.0,CA,ARG,139.0,-4.813,-1.312,5.776,0.07,2.275,0.0
ATOM,2174.0,C,ARG,139.0,-4.821,-0.997,4.283,0.51,2.0,0.0
ATOM,2175.0,O,ARG,139.0,-4.064,-0.131,3.808,-0.51,1.7,0.0
ATOM,2176.0,CB,ARG,139.0,-4.07,-2.636,6.031,-0.18,2.175,0.05
ATOM,2177.0,CG,ARG,139.0,-2.601,-2.523,5.954,-0.18,2.175,0.41
ATOM,2178.0,CD,ARG,139.0,-1.966,-3.544,6.849,0.2,2.175,0.34
ATOM,2179.0,NE,ARG,139.0,-2.027,-4.911,6.338,-0.7,1.85,0.6
ATOM,2180.0,CZ,ARG,139.0,-2.666,-5.921,6.931,0.64,2.0,0.0
ATOM,2181.0,NH1,ARG,139.0,-3.354,-5.733,8.046,-0.8,1.85,0.0
ATOM,2182.0,NH2,ARG,139.0,-2.626,-7.137,6.393,-0.8,1.85,7.79
ATOM,2183.0,H,ARG,139.0,-6.527,-2.252,6.802,0.31,0.2245,0.0
ATOM,2184.0,HA,ARG,139.0,-4.31,-0.576,6.255,0.09,1.32,0.0
ATOM,2185.0,HB2,ARG,139.0,-4.332,-2.951,6.942,0.09,1.32,0.0
ATOM,2186.0,HB3,ARG,139.0,-4.389,-3.29,5.347,0.09,1.32,1.6
ATOM,2187.0,HG2,ARG,139.0,-2.288,-2.689,5.022,0.09,1.32,4.81
ATOM,2188.0,HG3,ARG,139.0,-2.306,-1.62,6.257,0.09,1.32,0.0
ATOM,2189.0,HD2,ARG,139.0,-0.999,-3.292,6.984,0.09,1.32,0.0
ATOM,2190.0,HD3,ARG,139.0,-2.428,-3.513,7.745,0.09,1.32,0.0
ATOM,2191.0,HE,ARG,139.0,-1.549,-5.109,5.469,0.44,0.2245,11.84
ATOM,2192.0,HH11,ARG,139.0,-3.423,-4.823,8.453,0.46,0.2245,0.0
ATOM,2193.0,HH12,ARG,139.0,-3.813,-6.509,8.489,0.46,0.2245,3.17
ATOM,2194.0,HH21,ARG,139.0,-2.131,-7.281,5.534,0.46,0.2245,16.86
ATOM,2195.0,HH22,ARG,139.0,-3.086,-7.899,6.841,0.46,0.2245,7.39
ATOM,2196.0,N,ASN,140.0,-5.688,-1.686,3.547,-0.47,1.85,0.01
ATOM,2197.0,CA,ASN,140.0,-5.735,-1.541,2.111,0.07,2.275,1.86
ATOM,2198.0,C,ASN,140.0,-6.195,-0.142,1.688,0.51,2.0,0.0
ATOM,2199.0,O,ASN,140.0,-5.621,0.464,0.767,-0.51,1.7,1.19
ATOM,2200.0,CB,ASN,140.0,-6.602,-2.615,1.485,-0.18,2.175,7.14
ATOM,2201.0,CG,ASN,140.0,-6.36,-2.736,0.003,0.55,2.0,2.31
ATOM,2202.0,H,ASN,140.0,-6.309,-2.319,4.088,0.31,0.2245,0.0
ATOM,2203.0,HA,ASN,140.0,-4.793,-1.652,1.761,0.09,1.32,1.44
ATOM,2204.0,HB2,ASN,140.0,-6.39,-3.487,1.915,0.09,1.32,4.23
ATOM,2205.0,HB3,ASN,140.0,-7.558,-2.38,1.635,0.09,1.32,0.0
ATOM,2206.0,OD1,ASN,140.0,-5.256,-3.09,-0.434,-0.55,1.7,34.81
ATOM,2207.0,ND2,ASN,140.0,-7.364,-2.413,-0.779,-0.62,1.85,21.06
ATOM,2208.0,HD22,ASN,140.0,-8.235,-2.099,-0.392,0.3,0.2245,5.06
ATOM,2209.0,HD21,ASN,140.0,-7.27,-2.477,-1.779,0.32,0.2245,21.48
ATOM,2210.0,N,ASP,141.0,-7.201,0.382,2.383,-0.47,1.85,0.0
ATOM,2211.0,CA,ASP,141.0,-7.693,1.737,2.112,0.07,2.275,0.37
ATOM,2212.0,C,ASP,141.0,-6.651,2.815,2.479,0.51,2.0,0.0
ATOM,2213.0,O,ASP,141.0,-6.488,3.799,1.745,-0.51,1.7,0.95
ATOM,2214.0,CB,ASP,141.0,-9.052,1.959,2.796,-0.28,2.175,3.43
ATOM,2215.0,CG,ASP,141.0,-10.216,1.265,2.048,0.62,2.0,3.28
ATOM,2216.0,OD1,ASP,141.0,-9.992,0.692,0.961,-0.76,1.7,19.79
ATOM,2217.0,OD2,ASP,141.0,-11.371,1.282,2.539,-0.76,1.7,12.18
ATOM,2218.0,H,ASP,141.0,-7.598,-0.233,3.114,0.31,0.2245,0.0
ATOM,2219.0,HA,ASP,141.0,-7.844,1.808,1.118,0.09,1.32,0.2
ATOM,2220.0,HB2,ASP,141.0,-9.006,1.583,3.71,0.09,1.32,0.0
ATOM,2221.0,HB3,ASP,141.0,-9.235,2.93,2.817,0.09,1.32,2.56
ATOM,2222.0,N,ILE,142.0,-5.924,2.619,3.584,-0.47,1.85,0.0
ATOM,2223.0,CA,ILE,142.0,-4.779,3.496,3.921,0.07,2.275,0.0
ATOM,2224.0,C,ILE,142.0,-3.723,3.414,2.799,0.51,2.0,0.0
ATOM,2225.0,O,ILE,142.0,-3.21,4.442,2.331,-0.51,1.7,0.0
ATOM,2226.0,CB,ILE,142.0,-4.149,3.153,5.296,-0.09,2.275,0.0
ATOM,2227.0,CG1,ILE,142.0,-5.126,3.493,6.423,-0.18,2.175,0.0
ATOM,2228.0,CG2,ILE,142.0,-2.786,3.885,5.474,-0.27,2.06,0.0
ATOM,2229.0,CD1,ILE,142.0,-4.613,3.108,7.799,-0.27,2.06,2.39
ATOM,2230.0,H,ILE,142.0,-6.219,1.824,4.171,0.31,0.2245,0.0
ATOM,2231.0,HA,ILE,142.0,-5.131,4.427,3.91,0.09,1.32,0.0
ATOM,2232.0,HB,ILE,142.0,-3.98,2.176,5.315,0.09,1.32,0.0
ATOM,2233.0,HG12,ILE,142.0,-5.301,4.473,6.406,0.09,1.32,0.0
ATOM,2234.0,HG13,ILE,142.0,-5.98,3.008,6.254,0.09,1.32,0.0
ATOM,2235.0,HG21,ILE,142.0,-2.387,3.604,6.339,0.09,1.32,0.0
ATOM,2236.0,HG22,ILE,142.0,-2.191,3.632,4.721,0.09,1.32,0.0
ATOM,2237.0,HG23,ILE,142.0,-2.95,4.864,5.471,0.09,1.32,0.0
ATOM,2238.0,HD11,ILE,142.0,-3.761,3.595,7.98,0.09,1.32,1.41
ATOM,2239.0,HD12,ILE,142.0,-5.294,3.356,8.485,0.09,1.32,0.0
ATOM,2240.0,HD13,ILE,142.0,-4.451,2.123,7.826,0.09,1.32,0.0
ATOM,2241.0,N,ALA,143.0,-3.424,2.196,2.345,-0.47,1.85,0.0
ATOM,2242.0,CA,ALA,143.0,-2.417,1.998,1.295,0.07,2.275,0.28
ATOM,2243.0,C,ALA,143.0,-2.775,2.778,0.027,0.51,2.0,0.13
ATOM,2244.0,O,ALA,143.0,-1.889,3.331,-0.635,-0.51,1.7,3.22
ATOM,2245.0,CB,ALA,143.0,-2.256,0.521,0.972,-0.27,2.06,19.85
ATOM,2246.0,H,ALA,143.0,-3.949,1.422,2.785,0.31,0.2245,0.0
ATOM,2247.0,HA,ALA,143.0,-1.529,2.329,1.634,0.09,1.32,0.05
ATOM,2248.0,HB1,ALA,143.0,-2.821,-0.021,1.594,0.09,1.32,0.0
ATOM,2249.0,HB2,ALA,143.0,-2.544,0.351,0.03,0.09,1.32,6.45
ATOM,2250.0,HB3,ALA,143.0,-1.297,0.257,1.079,0.09,1.32,3.04
ATOM,2251.0,N,ALA,144.0,-4.066,2.828,-0.313,-0.47,1.85,0.23
ATOM,2252.0,CA,ALA,144.0,-4.492,3.595,-1.488,0.07,2.275,3.15
ATOM,2253.0,C,ALA,144.0,-4.095,5.079,-1.316,0.51,2.0,0.09
ATOM,2254.0,O,ALA,144.0,-3.588,5.728,-2.259,-0.51,1.7,5.63
ATOM,2255.0,CB,ALA,144.0,-5.983,3.456,-1.697,-0.27,2.06,30.39
ATOM,2256.0,H,ALA,144.0,-4.705,2.304,0.295,0.31,0.2245,0.0
ATOM,2257.0,HA,ALA,144.0,-4.026,3.238,-2.297,0.09,1.32,4.46
ATOM,2258.0,HB1,ALA,144.0,-6.474,3.935,-0.968,0.09,1.32,1.11
ATOM,2259.0,HB2,ALA,144.0,-6.24,3.851,-2.58,0.09,1.32,11.27
ATOM,2260.0,HB3,ALA,144.0,-6.239,2.488,-1.684,0.09,1.32,5.09
ATOM,2261.0,N,LYS,145.0,-4.327,5.607,-0.116,-0.47,1.85,0.0
ATOM,2262.0,CA,LYS,145.0,-3.986,7.001,0.206,0.07,2.275,0.0
ATOM,2263.0,C,LYS,145.0,-2.468,7.208,0.215,0.51,2.0,0.0
ATOM,2264.0,O,LYS,145.0,-1.975,8.245,-0.237,-0.51,1.7,0.0
ATOM,2265.0,CB,LYS,145.0,-4.577,7.412,1.553,-0.18,2.175,0.0
ATOM,2266.0,CG,LYS,145.0,-6.111,7.319,1.64,-0.18,2.175,0.0
ATOM,2267.0,CD,LYS,145.0,-6.805,8.202,0.608,-0.18,2.175,0.19
ATOM,2268.0,CE,LYS,145.0,-8.282,8.373,0.95,0.21,2.175,1.96
ATOM,2269.0,NZ,LYS,145.0,-9.073,8.853,-0.229,-0.3,1.85,11.0
ATOM,2270.0,H,LYS,145.0,-4.765,4.959,0.569,0.31,0.2245,0.0
ATOM,2271.0,HA,LYS,145.0,-4.389,7.601,-0.493,0.09,1.32,0.0
ATOM,2272.0,HB2,LYS,145.0,-4.195,6.819,2.261,0.09,1.32,0.0
ATOM,2273.0,HB3,LYS,145.0,-4.318,8.36,1.737,0.09,1.32,0.0
ATOM,2274.0,HG2,LYS,145.0,-6.382,6.367,1.489,0.09,1.32,0.0
ATOM,2275.0,HG3,LYS,145.0,-6.397,7.602,2.557,0.09,1.32,0.0
ATOM,2276.0,HD2,LYS,145.0,-6.375,9.095,0.608,0.09,1.32,0.0
ATOM,2277.0,HD3,LYS,145.0,-6.735,7.773,-0.282,0.09,1.32,2.08
ATOM,2278.0,HE2,LYS,145.0,-8.65,7.492,1.253,0.05,1.32,2.11
ATOM,2279.0,HE3,LYS,145.0,-8.369,9.039,1.694,0.05,1.32,0.0
ATOM,2280.0,HZ1,LYS,145.0,-8.482,8.873,-1.033,0.33,0.2245,8.2
ATOM,2281.0,HZ2,LYS,145.0,-9.836,8.23,-0.385,0.33,0.2245,8.65
ATOM,2282.0,HZ3,LYS,145.0,-9.418,9.77,-0.039,0.33,0.2245,2.95
ATOM,2283.0,N,TYR,146.0,-1.729,6.227,0.735,-0.47,1.85,0.0
ATOM,2284.0,CA,TYR,146.0,-0.262,6.281,0.68,0.07,2.275,0.0
ATOM,2285.0,C,TYR,146.0,0.209,6.355,-0.768,0.51,2.0,0.0
ATOM,2286.0,O,TYR,146.0,1.115,7.141,-1.084,-0.51,1.7,0.0
ATOM,2287.0,CB,TYR,146.0,0.347,5.064,1.362,-0.18,2.175,4.53
ATOM,2288.0,CG,TYR,146.0,0.552,5.211,2.86,0.0,1.9924,0.0
ATOM,2289.0,CD1,TYR,146.0,-0.319,5.969,3.657,-0.115,1.9924,0.0
ATOM,2290.0,CD2,TYR,146.0,1.589,4.54,3.489,-0.115,1.9924,0.0
ATOM,2291.0,CE1,TYR,146.0,-0.124,6.07,5.048,-0.115,1.9924,0.0
ATOM,2292.0,CE2,TYR,146.0,1.79,4.634,4.871,-0.115,1.9924,0.0
ATOM,2293.0,CZ,TYR,146.0,0.941,5.393,5.641,0.11,1.9924,0.0
ATOM,2294.0,OH,TYR,146.0,1.179,5.486,6.998,-0.54,1.77,0.0
ATOM,2295.0,H,TYR,146.0,-2.258,5.455,1.164,0.31,0.2245,0.0
ATOM,2296.0,HA,TYR,146.0,0.038,7.114,1.152,0.09,1.32,0.0
ATOM,2297.0,HB2,TYR,146.0,-0.256,4.28,1.21,0.09,1.32,0.0
ATOM,2298.0,HB3,TYR,146.0,1.24,4.881,0.948,0.09,1.32,0.58
ATOM,2299.0,HD1,TYR,146.0,-1.087,6.445,3.239,0.115,1.3582,0.0
ATOM,2300.0,HD2,TYR,146.0,2.212,3.973,2.949,0.115,1.3582,0.81
ATOM,2301.0,HE1,TYR,146.0,-0.744,6.62,5.598,0.115,1.3582,0.0
ATOM,2302.0,HE2,TYR,146.0,2.557,4.144,5.291,0.115,1.3582,0.0
ATOM,2303.0,HH,TYR,146.0,2.107,5.173,7.188,0.43,0.2245,0.0
ATOM,2304.0,N,LYS,147.0,-0.377,5.528,-1.642,-0.47,1.85,0.43
ATOM,2305.0,CA,LYS,147.0,0.049,5.54,-3.047,0.07,2.275,2.1
ATOM,2306.0,C,LYS,147.0,-0.202,6.909,-3.688,0.51,2.0,0.0
ATOM,2307.0,O,LYS,147.0,0.657,7.437,-4.41,-0.51,1.7,9.25
ATOM,2308.0,CB,LYS,147.0,-0.617,4.423,-3.859,-0.18,2.175,2.46
ATOM,2309.0,CG,LYS,147.0,-0.08,4.316,-5.294,-0.18,2.175,6.12
ATOM,2310.0,CD,LYS,147.0,-0.678,3.114,-6.003,-0.18,2.175,13.26
ATOM,2311.0,CE,LYS,147.0,-0.35,3.076,-7.497,0.21,2.175,20.89
ATOM,2312.0,NZ,LYS,147.0,-1.38,3.753,-8.342,-0.3,1.85,14.4
ATOM,2313.0,H,LYS,147.0,-1.106,4.922,-1.264,0.31,0.2245,0.0
ATOM,2314.0,HA,LYS,147.0,1.035,5.342,-3.088,0.09,1.32,4.55
ATOM,2315.0,HB2,LYS,147.0,-0.448,3.559,-3.402,0.09,1.32,5.96
ATOM,2316.0,HB3,LYS,147.0,-1.591,4.608,-3.907,0.09,1.32,1.3
ATOM,2317.0,HG2,LYS,147.0,-0.326,5.144,-5.789,0.09,1.32,2.82
ATOM,2318.0,HG3,LYS,147.0,0.91,4.217,-5.258,0.09,1.32,9.59
ATOM,2319.0,HD2,LYS,147.0,-0.321,2.278,-5.584,0.09,1.32,11.1
ATOM,2320.0,HD3,LYS,147.0,-1.673,3.138,-5.903,0.09,1.32,7.08
ATOM,2321.0,HE2,LYS,147.0,0.541,3.524,-7.643,0.05,1.32,9.36
ATOM,2322.0,HE3,LYS,147.0,-0.27,2.114,-7.785,0.05,1.32,12.13
ATOM,2323.0,HZ1,LYS,147.0,-2.012,3.068,-8.702,0.33,0.2245,20.45
ATOM,2324.0,HZ2,LYS,147.0,-1.88,4.413,-7.784,0.33,0.2245,13.2
ATOM,2325.0,HZ3,LYS,147.0,-0.927,4.224,-9.097,0.33,0.2245,20.46
ATOM,2326.0,N,GLU,148.0,-1.364,7.488,-3.402,-0.47,1.85,0.75
ATOM,2327.0,CA,GLU,148.0,-1.712,8.821,-3.884,0.07,2.275,2.8
ATOM,2328.0,C,GLU,148.0,-0.582,9.802,-3.526,0.51,2.0,0.0
ATOM,2329.0,O,GLU,148.0,-0.135,10.602,-4.366,-0.51,1.7,26.89
ATOM,2330.0,CB,GLU,148.0,-3.053,9.234,-3.261,-0.18,2.175,1.96
ATOM,2331.0,CG,GLU,148.0,-3.517,10.651,-3.477,-0.28,2.175,13.49
ATOM,2332.0,CD,GLU,148.0,-4.787,10.978,-2.676,0.62,2.0,3.6
ATOM,2333.0,OE1,GLU,148.0,-5.501,10.044,-2.259,-0.76,1.7,9.71
ATOM,2334.0,OE2,GLU,148.0,-5.063,12.171,-2.435,-0.76,1.7,27.13
ATOM,2335.0,H,GLU,148.0,-2.0,6.912,-2.809,0.31,0.2245,0.0
ATOM,2336.0,HA,GLU,148.0,-1.832,8.806,-4.875,0.09,1.32,11.04
ATOM,2337.0,HB2,GLU,148.0,-3.751,8.624,-3.637,0.09,1.32,6.51
ATOM,2338.0,HB3,GLU,148.0,-2.977,9.084,-2.275,0.09,1.32,0.0
ATOM,2339.0,HG2,GLU,148.0,-2.819,11.266,-3.168,0.09,1.32,1.38
ATOM,2340.0,HG3,GLU,148.0,-3.738,10.775,-4.424,0.09,1.32,10.67
ATOM,2341.0,N,LEU,149.0,-0.092,9.691,-2.291,-0.47,1.85,0.0
ATOM,2342.0,CA,LEU,149.0,0.927,10.599,-1.756,0.07,2.275,1.07
ATOM,2343.0,C,LEU,149.0,2.361,10.212,-2.145,0.51,2.0,1.17
ATOM,2344.0,O,LEU,149.0,3.317,10.943,-1.849,-0.51,1.7,27.02
ATOM,2345.0,CB,LEU,149.0,0.804,10.678,-0.233,-0.18,2.175,0.08
ATOM,2346.0,CG,LEU,149.0,-0.514,11.17,0.369,-0.09,2.275,0.0
ATOM,2347.0,CD1,LEU,149.0,-0.536,10.827,1.85,-0.27,2.06,0.0
ATOM,2348.0,CD2,LEU,149.0,-0.742,12.671,0.146,-0.27,2.06,23.64
ATOM,2349.0,H,LEU,149.0,-0.495,8.903,-1.737,0.31,0.2245,0.0
ATOM,2350.0,HA,LEU,149.0,0.745,11.531,-2.115,0.09,1.32,4.48
ATOM,2351.0,HB2,LEU,149.0,0.971,9.756,0.135,0.09,1.32,0.0
ATOM,2352.0,HB3,LEU,149.0,1.529,11.29,0.1,0.09,1.32,4.0
ATOM,2353.0,HG,LEU,149.0,-1.269,10.716,-0.089,0.09,1.32,0.0
ATOM,2354.0,HD11,LEU,149.0,0.233,11.274,2.309,0.09,1.32,0.0
ATOM,2355.0,HD12,LEU,149.0,-1.394,11.144,2.255,0.09,1.32,0.0
ATOM,2356.0,HD13,LEU,149.0,-0.461,9.836,1.966,0.09,1.32,0.0
ATOM,2357.0,HD21,LEU,149.0,-0.762,12.858,-0.835,0.09,1.32,4.56
ATOM,2358.0,HD22,LEU,149.0,-1.613,12.936,0.558,0.09,1.32,0.0
ATOM,2359.0,HD23,LEU,149.0,0.002,13.183,0.572,0.09,1.32,5.21
ATOM,2360.0,N,GLY,150.0,2.504,9.053,-2.783,-0.47,1.85,0.17
ATOM,2361.0,CA,GLY,150.0,3.804,8.53,-3.184,-0.02,2.175,17.2
ATOM,2362.0,C,GLY,150.0,4.649,8.153,-1.986,0.51,2.0,0.02
ATOM,2363.0,O,GLY,150.0,5.876,8.114,-2.069,-0.51,1.7,24.38
ATOM,2364.0,H,GLY,150.0,1.605,8.552,-2.971,0.31,0.2245,0.0
ATOM,2365.0,HA2,GLY,150.0,3.67,7.718,-3.771,0.09,1.32,7.69
ATOM,2366.0,HA3,GLY,150.0,4.289,9.227,-3.732,0.09,1.32,11.04
ATOM,2367.0,N,PHE,151.0,4.0,7.869,-0.862,-0.47,1.85,0.0
ATOM,2368.0,CA,PHE,151.0,4.749,7.564,0.344,0.07,2.275,0.94
ATOM,2369.0,C,PHE,151.0,5.156,6.098,0.373,0.51,2.0,0.0
ATOM,2370.0,O,PHE,151.0,4.305,5.215,0.259,-0.51,1.7,6.74
ATOM,2371.0,CB,PHE,151.0,3.989,7.971,1.604,-0.18,2.175,0.24
ATOM,2372.0,CG,PHE,151.0,4.725,7.652,2.861,0.0,1.9924,0.0
ATOM,2373.0,CD1,PHE,151.0,5.839,8.392,3.235,-0.115,1.9924,2.99
ATOM,2374.0,CD2,PHE,151.0,4.312,6.607,3.672,-0.115,1.9924,0.0
ATOM,2375.0,CE1,PHE,151.0,6.528,8.095,4.393,-0.115,1.9924,1.25
ATOM,2376.0,CE2,PHE,151.0,5.003,6.304,4.836,-0.115,1.9924,0.0
ATOM,2377.0,CZ,PHE,151.0,6.117,7.042,5.187,-0.115,1.9924,0.39
ATOM,2378.0,H,PHE,151.0,2.976,7.885,-0.923,0.31,0.2245,0.0
ATOM,2379.0,HA,PHE,151.0,5.6,8.1,0.308,0.09,1.32,2.38
ATOM,2380.0,HB2,PHE,151.0,3.846,8.947,1.567,0.09,1.32,3.14
ATOM,2381.0,HB3,PHE,151.0,3.133,7.478,1.611,0.09,1.32,0.0
ATOM,2382.0,HD1,PHE,151.0,6.145,9.148,2.661,0.115,1.3582,12.72
ATOM,2383.0,HD2,PHE,151.0,3.51,6.068,3.418,0.115,1.3582,0.0
ATOM,2384.0,HE1,PHE,151.0,7.33,8.648,4.653,0.115,1.3582,6.51
ATOM,2385.0,HE2,PHE,151.0,4.686,5.54,5.422,0.115,1.3582,0.0
ATOM,2386.0,HZ,PHE,151.0,6.63,6.816,6.019,0.115,1.3582,0.45
ATOM,2387.0,N,GLN,152.0,6.469,5.881,0.531,-0.47,1.85,0.29
ATOM,2388.0,CA,GLN,152.0,7.164,4.575,0.357,0.07,2.275,5.81
ATOM,2389.0,C,GLN,152.0,6.881,3.878,-0.992,0.34,2.0,2.96
ATOM,2390.0,O,GLN,152.0,6.782,2.641,-1.085,-0.67,1.7,36.72
ATOM,2391.0,CB,GLN,152.0,6.92,3.63,1.546,-0.18,2.175,6.06
ATOM,2392.0,CG,GLN,152.0,6.969,4.259,2.947,-0.18,2.175,0.07
ATOM,2393.0,CD,GLN,152.0,8.304,4.894,3.302,0.55,2.0,0.76
ATOM,2394.0,OXT,GLN,152.0,6.718,4.375,-2.11,-0.67,1.7,33.42
ATOM,2395.0,H,GLN,152.0,7.006,6.755,0.804,0.31,0.2245,3.85
ATOM,2396.0,HA,GLN,152.0,8.162,4.756,0.405,0.09,1.32,7.16
ATOM,2397.0,HB2,GLN,152.0,6.011,3.202,1.435,0.09,1.32,2.04
ATOM,2398.0,HB3,GLN,152.0,7.612,2.893,1.518,0.09,1.32,10.17
ATOM,2399.0,HG2,GLN,152.0,6.255,4.964,3.0,0.09,1.32,0.0
ATOM,2400.0,HG3,GLN,152.0,6.765,3.542,3.621,0.09,1.32,0.0
ATOM,2401.0,OE1,GLN,152.0,9.103,4.316,4.042,-0.55,1.7,25.73
ATOM,2402.0,NE2,GLN,152.0,8.545,6.092,2.787,-0.62,1.85,8.48
ATOM,2403.0,HE21,GLN,152.0,9.41,6.584,2.991,0.32,0.2245,20.66
ATOM,2404.0,HE22,GLN,152.0,7.846,6.516,2.178,0.3,0.2245,0.06
