atom,serial,name,resname,resid,x,y,z,charges,radius,sasa
ATOM,1.0,N,THR,1.0,17.634,-10.451,12.179,-0.3,1.85,0.45
ATOM,2.0,CA,THR,1.0,18.193,-9.067,12.287,0.21,2.275,3.41
ATOM,3.0,C,THR,1.0,17.074,-8.032,12.277,0.51,2.0,0.0
ATOM,4.0,O,THR,1.0,16.144,-8.129,11.454,-0.51,1.7,0.0
ATOM,5.0,CB,THR,1.0,19.089,-8.78,11.111,0.14,2.275,0.0
ATOM,6.0,OG1,THR,1.0,20.026,-9.851,10.978,-0.66,1.77,17.67
ATOM,7.0,CG2,THR,1.0,19.807,-7.466,11.294,-0.27,2.06,25.09
ATOM,8.0,H,THR,1.0,17.564,-10.698,11.217,0.33,0.2245,0.0
ATOM,9.0,HA,THR,1.0,18.685,-9.006,13.158,0.1,1.32,7.68
ATOM,10.0,HB,THR,1.0,18.532,-8.744,10.256,0.09,1.32,0.0
ATOM,11.0,HG21,THR,1.0,20.112,-7.111,10.405,0.09,1.32,6.11
ATOM,12.0,HG22,THR,1.0,19.194,-6.792,11.718,0.09,1.32,0.0
ATOM,13.0,HG23,THR,1.0,20.61,-7.589,11.886,0.09,1.32,11.6
ATOM,14.0,H2,THR,1.0,18.243,-11.084,12.649,0.33,0.2245,4.41
ATOM,15.0,H3,THR,1.0,16.732,-10.47,12.601,0.33,0.2245,0.0
ATOM,16.0,HG1,THR,1.0,20.199,-10.048,10.007,0.43,0.2245,0.0
ATOM,17.0,N,GLU,2.0,17.164,-7.051,13.177,-0.47,1.85,1.46
ATOM,18.0,CA,GLU,2.0,16.168,-5.976,13.239,0.07,2.275,0.0
ATOM,19.0,C,GLU,2.0,16.528,-4.925,12.205,0.51,2.0,0.0
ATOM,20.0,O,GLU,2.0,17.446,-4.14,12.413,-0.51,1.7,16.92
ATOM,21.0,CB,GLU,2.0,16.135,-5.308,14.611,-0.18,2.175,8.49
ATOM,22.0,CG,GLU,2.0,15.153,-4.126,14.646,-0.28,2.175,4.46
ATOM,23.0,CD,GLU,2.0,15.281,-3.268,15.902,0.62,2.0,5.94
ATOM,24.0,OE1,GLU,2.0,16.399,-3.189,16.463,-0.76,1.7,38.79
ATOM,25.0,OE2,GLU,2.0,14.268,-2.659,16.313,-0.76,1.7,44.4
ATOM,26.0,H,GLU,2.0,17.978,-7.113,13.812,0.31,0.2245,9.04
ATOM,27.0,HA,GLU,2.0,15.263,-6.347,13.045,0.09,1.32,0.0
ATOM,28.0,HB2,GLU,2.0,15.824,-5.963,15.261,0.09,1.32,7.56
ATOM,29.0,HB3,GLU,2.0,17.022,-4.954,14.8,0.09,1.32,4.45
ATOM,30.0,HG2,GLU,2.0,15.343,-3.551,13.872,0.09,1.32,0.33
ATOM,31.0,HG3,GLU,2.0,14.24,-4.488,14.626,0.09,1.32,0.32
ATOM,32.0,N,LEU,3.0,15.792,-4.898,11.098,-0.47,1.85,0.0
ATOM,33.0,CA,LEU,3.0,16.063,-3.959,10.01,0.07,2.275,0.0
ATOM,34.0,C,LEU,3.0,15.42,-2.589,10.258,0.51,2.0,0.0
ATOM,35.0,O,LEU,3.0,14.637,-2.423,11.196,-0.51,1.7,3.5
ATOM,36.0,CB,LEU,3.0,15.541,-4.557,8.689,-0.18,2.175,0.0
ATOM,37.0,CG,LEU,3.0,16.012,-5.99,8.371,-0.09,2.275,0.0
ATOM,38.0,CD1,LEU,3.0,15.298,-6.557,7.153,-0.27,2.06,0.52
ATOM,39.0,CD2,LEU,3.0,17.523,-5.969,8.133,-0.27,2.06,7.2
ATOM,40.0,H,LEU,3.0,15.018,-5.592,11.072,0.31,0.2245,0.0
ATOM,41.0,HA,LEU,3.0,17.062,-3.829,9.939,0.09,1.32,3.25
ATOM,42.0,HB2,LEU,3.0,14.55,-4.576,8.735,0.09,1.32,0.0
ATOM,43.0,HB3,LEU,3.0,15.849,-3.974,7.949,0.09,1.32,0.0
ATOM,44.0,HG,LEU,3.0,15.828,-6.571,9.168,0.09,1.32,0.0
ATOM,45.0,HD11,LEU,3.0,15.484,-5.98,6.357,0.09,1.32,0.0
ATOM,46.0,HD12,LEU,3.0,15.626,-7.485,6.975,0.09,1.32,0.14
ATOM,47.0,HD13,LEU,3.0,14.312,-6.58,7.323,0.09,1.32,0.0
ATOM,48.0,HD21,LEU,3.0,17.983,-5.634,8.955,0.09,1.32,0.71
ATOM,49.0,HD22,LEU,3.0,17.838,-6.895,7.926,0.09,1.32,0.04
ATOM,50.0,HD23,LEU,3.0,17.728,-5.365,7.364,0.09,1.32,0.0
ATOM,51.0,N,THR,4.0,15.749,-1.61,9.424,-0.47,1.85,0.0
ATOM,52.0,CA,THR,4.0,15.154,-0.28,9.566,0.07,2.275,0.32
ATOM,53.0,C,THR,4.0,14.066,-0.153,8.49,0.51,2.0,0.0
ATOM,54.0,O,THR,4.0,13.994,-0.974,7.566,-0.51,1.7,0.0
ATOM,55.0,CB,THR,4.0,16.176,0.855,9.316,0.14,2.275,4.29
ATOM,56.0,OG1,THR,4.0,16.642,0.784,7.966,-0.66,1.77,6.65
ATOM,57.0,CG2,THR,4.0,17.349,0.758,10.262,-0.27,2.06,38.0
ATOM,58.0,H,THR,4.0,16.433,-1.857,8.695,0.31,0.2245,0.19
ATOM,59.0,HA,THR,4.0,14.721,-0.216,10.455,0.09,1.32,3.81
ATOM,60.0,HB,THR,4.0,15.706,1.749,9.447,0.09,1.32,6.6
ATOM,61.0,HG21,THR,4.0,17.66,1.677,10.523,0.09,1.32,12.02
ATOM,62.0,HG22,THR,4.0,17.083,0.258,11.092,0.09,1.32,5.86
ATOM,63.0,HG23,THR,4.0,18.11,0.272,9.821,0.09,1.32,8.64
ATOM,64.0,HG1,THR,4.0,16.158,1.453,7.392,0.43,0.2245,0.42
ATOM,65.0,N,LYS,5.0,13.244,0.891,8.594,-0.47,1.85,0.0
ATOM,66.0,CA,LYS,5.0,12.164,1.134,7.636,0.07,2.275,0.03
ATOM,67.0,C,LYS,5.0,12.69,1.243,6.207,0.51,2.0,0.0
ATOM,68.0,O,LYS,5.0,12.086,0.716,5.254,-0.51,1.7,0.02
ATOM,69.0,CB,LYS,5.0,11.424,2.429,7.989,-0.18,2.175,5.2
ATOM,70.0,CG,LYS,5.0,10.454,2.904,6.901,-0.18,2.175,0.0
ATOM,71.0,CD,LYS,5.0,9.864,4.283,7.228,-0.18,2.175,0.0
ATOM,72.0,CE,LYS,5.0,10.946,5.363,7.208,0.21,2.175,5.51
ATOM,73.0,NZ,LYS,5.0,10.409,6.676,7.656,-0.3,1.85,7.65
ATOM,74.0,H,LYS,5.0,13.434,1.513,9.407,0.31,0.2245,6.8
ATOM,75.0,HA,LYS,5.0,11.511,0.365,7.682,0.09,1.32,0.07
ATOM,76.0,HB2,LYS,5.0,10.902,2.275,8.822,0.09,1.32,1.76
ATOM,77.0,HB3,LYS,5.0,12.1,3.146,8.136,0.09,1.32,1.9
ATOM,78.0,HG2,LYS,5.0,10.944,2.964,6.033,0.09,1.32,0.0
ATOM,79.0,HG3,LYS,5.0,9.707,2.247,6.822,0.09,1.32,0.0
ATOM,80.0,HD2,LYS,5.0,9.181,4.506,6.546,0.09,1.32,0.0
ATOM,81.0,HD3,LYS,5.0,9.465,4.252,8.134,0.09,1.32,2.56
ATOM,82.0,HE2,LYS,5.0,11.69,5.084,7.816,0.05,1.32,5.03
ATOM,83.0,HE3,LYS,5.0,11.297,5.449,6.275,0.05,1.32,0.0
ATOM,84.0,HZ1,LYS,5.0,11.163,7.256,7.962,0.33,0.2245,20.57
ATOM,85.0,HZ2,LYS,5.0,9.935,7.118,6.895,0.33,0.2245,0.4
ATOM,86.0,HZ3,LYS,5.0,9.769,6.533,8.411,0.33,0.2245,8.56
ATOM,87.0,N,CYS,6.0,13.795,1.959,6.049,-0.47,1.85,0.0
ATOM,88.0,CA,CYS,6.0,14.378,2.126,4.728,0.07,2.275,0.0
ATOM,89.0,C,CYS,6.0,15.053,0.868,4.211,0.51,2.0,0.06
ATOM,90.0,O,CYS,6.0,15.109,0.641,3.026,-0.51,1.7,1.96
ATOM,91.0,CB,CYS,6.0,15.399,3.243,4.732,-0.1,2.175,2.25
ATOM,92.0,SG,CYS,6.0,14.723,4.924,4.527,-0.08,1.975,12.93
ATOM,93.0,H,CYS,6.0,14.186,2.368,6.91,0.31,0.2245,1.71
ATOM,94.0,HA,CYS,6.0,13.633,2.371,4.082,0.09,1.32,0.0
ATOM,95.0,HB2,CYS,6.0,15.896,3.219,5.603,0.09,1.32,4.14
ATOM,96.0,HB3,CYS,6.0,16.05,3.084,3.984,0.09,1.32,1.83
ATOM,97.0,N,LYS,7.0,15.605,0.063,5.104,-0.47,1.85,0.48
ATOM,98.0,CA,LYS,7.0,16.252,-1.165,4.659,0.07,2.275,2.04
ATOM,99.0,C,LYS,7.0,15.133,-2.089,4.124,0.51,2.0,0.0
ATOM,100.0,O,LYS,7.0,15.25,-2.711,3.073,-0.51,1.7,0.01
ATOM,101.0,CB,LYS,7.0,16.986,-1.782,5.842,-0.18,2.175,0.34
ATOM,102.0,CG,LYS,7.0,18.343,-2.328,5.522,-0.18,2.175,11.07
ATOM,103.0,CD,LYS,7.0,18.227,-3.547,4.61,-0.18,2.175,1.54
ATOM,104.0,CE,LYS,7.0,19.566,-4.276,4.477,0.21,2.175,18.37
ATOM,105.0,NZ,LYS,7.0,19.349,-5.605,3.838,-0.3,1.85,7.85
ATOM,106.0,H,LYS,7.0,15.541,0.362,6.081,0.31,0.2245,0.0
ATOM,107.0,HA,LYS,7.0,16.871,-0.964,3.915,0.09,1.32,3.5
ATOM,108.0,HB2,LYS,7.0,17.081,-1.075,6.549,0.09,1.32,0.0
ATOM,109.0,HB3,LYS,7.0,16.416,-2.526,6.205,0.09,1.32,0.0
ATOM,110.0,HG2,LYS,7.0,18.885,-1.634,5.052,0.09,1.32,10.04
ATOM,111.0,HG3,LYS,7.0,18.804,-2.606,6.362,0.09,1.32,5.84
ATOM,112.0,HD2,LYS,7.0,17.564,-4.176,4.997,0.09,1.32,0.0
ATOM,113.0,HD3,LYS,7.0,17.941,-3.248,3.707,0.09,1.32,1.36
ATOM,114.0,HE2,LYS,7.0,20.173,-3.731,3.911,0.05,1.32,11.37
ATOM,115.0,HE3,LYS,7.0,19.954,-4.403,5.382,0.05,1.32,6.46
ATOM,116.0,HZ1,LYS,7.0,19.247,-5.485,2.851,0.33,0.2245,16.44
ATOM,117.0,HZ2,LYS,7.0,20.135,-6.194,4.025,0.33,0.2245,18.13
ATOM,118.0,HZ3,LYS,7.0,18.521,-6.021,4.213,0.33,0.2245,0.87
ATOM,119.0,N,VAL,8.0,14.031,-2.152,4.857,-0.47,1.85,0.0
ATOM,120.0,CA,VAL,8.0,12.897,-2.959,4.443,0.07,2.275,0.0
ATOM,121.0,C,VAL,8.0,12.345,-2.416,3.138,0.51,2.0,0.0
ATOM,122.0,O,VAL,8.0,12.141,-3.165,2.175,-0.51,1.7,0.0
ATOM,123.0,CB,VAL,8.0,11.778,-2.96,5.535,-0.09,2.275,0.0
ATOM,124.0,CG1,VAL,8.0,10.491,-3.587,4.983,-0.27,2.06,0.05
ATOM,125.0,CG2,VAL,8.0,12.252,-3.735,6.751,-0.27,2.06,0.0
ATOM,126.0,H,VAL,8.0,14.05,-1.589,5.728,0.31,0.2245,0.0
ATOM,127.0,HA,VAL,8.0,13.218,-3.894,4.28,0.09,1.32,0.0
ATOM,128.0,HB,VAL,8.0,11.573,-2.014,5.748,0.09,1.32,0.11
ATOM,129.0,HG11,VAL,8.0,9.709,-3.229,5.489,0.09,1.32,0.0
ATOM,130.0,HG12,VAL,8.0,10.402,-3.355,4.016,0.09,1.32,0.0
ATOM,131.0,HG13,VAL,8.0,10.537,-4.578,5.09,0.09,1.32,0.0
ATOM,132.0,HG21,VAL,8.0,11.479,-3.895,7.365,0.09,1.32,0.0
ATOM,133.0,HG22,VAL,8.0,12.633,-4.612,6.458,0.09,1.32,0.0
ATOM,134.0,HG23,VAL,8.0,12.955,-3.207,7.228,0.09,1.32,0.0
ATOM,135.0,N,SER,9.0,12.098,-1.11,3.089,-0.47,1.85,0.0
ATOM,136.0,CA,SER,9.0,11.547,-0.515,1.878,0.07,2.275,0.08
ATOM,137.0,C,SER,9.0,12.363,-0.828,0.648,0.51,2.0,0.0
ATOM,138.0,O,SER,9.0,11.805,-1.188,-0.402,-0.51,1.7,0.0
ATOM,139.0,CB,SER,9.0,11.405,1.01,2.013,0.05,2.175,0.26
ATOM,140.0,OG,SER,9.0,10.489,1.312,3.055,-0.66,1.77,0.62
ATOM,141.0,H,SER,9.0,12.321,-0.583,3.943,0.31,0.2245,0.0
ATOM,142.0,HA,SER,9.0,10.615,-0.895,1.744,0.09,1.32,0.0
ATOM,143.0,HB2,SER,9.0,12.289,1.393,2.235,0.09,1.32,0.0
ATOM,144.0,HB3,SER,9.0,11.059,1.373,1.161,0.09,1.32,0.0
ATOM,145.0,HG,SER,9.0,10.91,1.106,3.937,0.43,0.2245,0.0
ATOM,146.0,N,HIS,10.0,13.679,-0.69,0.738,-0.47,1.85,0.0
ATOM,147.0,CA,HIS,10.0,14.453,-1.0,-0.441,0.07,2.275,0.0
ATOM,148.0,C,HIS,10.0,14.351,-2.48,-0.783,0.51,2.0,0.0
ATOM,149.0,O,HIS,10.0,14.163,-2.841,-1.946,-0.51,1.7,3.69
ATOM,150.0,CB,HIS,10.0,15.928,-0.621,-0.292,-0.09,2.175,7.98
ATOM,151.0,CG,HIS,10.0,16.74,-1.026,-1.482,-0.05,1.8,1.14
ATOM,152.0,H,HIS,10.0,14.047,-0.378,1.624,0.31,0.2245,0.0
ATOM,153.0,HA,HIS,10.0,14.086,-0.474,-1.219,0.09,1.32,0.0
ATOM,154.0,HB2,HIS,10.0,16.001,0.37,-0.18,0.09,1.32,2.94
ATOM,155.0,HB3,HIS,10.0,16.302,-1.076,0.516,0.09,1.32,0.42
ATOM,156.0,ND1,HIS,10.0,16.307,-0.805,-2.775,-0.36,1.85,5.49
ATOM,157.0,CD2,HIS,10.0,17.881,-1.749,-1.586,0.22,1.8,18.9
ATOM,158.0,CE1,HIS,10.0,17.141,-1.382,-3.623,0.25,1.8,23.58
ATOM,159.0,NE2,HIS,10.0,18.104,-1.963,-2.927,-0.7,1.85,30.71
ATOM,160.0,HD1,HIS,10.0,15.489,-0.288,-3.026,0.32,0.2245,0.79
ATOM,161.0,HD2,HIS,10.0,18.452,-2.068,-0.836,0.1,1.468,15.08
ATOM,162.0,HE1,HIS,10.0,17.059,-1.381,-4.614,0.13,0.9,17.59
ATOM,163.0,N,ALA,11.0,14.455,-3.337,0.23,-0.47,1.85,0.17
ATOM,164.0,CA,ALA,11.0,14.379,-4.784,0.007,0.07,2.275,1.42
ATOM,165.0,C,ALA,11.0,13.088,-5.234,-0.679,0.51,2.0,0.0
ATOM,166.0,O,ALA,11.0,13.136,-6.067,-1.589,-0.51,1.7,15.86
ATOM,167.0,CB,ALA,11.0,14.574,-5.547,1.355,-0.27,2.06,2.71
ATOM,168.0,H,ALA,11.0,14.59,-2.908,1.159,0.31,0.2245,0.0
ATOM,169.0,HA,ALA,11.0,15.165,-5.061,-0.576,0.09,1.32,9.14
ATOM,170.0,HB1,ALA,11.0,15.313,-6.202,1.242,0.09,1.32,7.16
ATOM,171.0,HB2,ALA,11.0,14.801,-4.886,2.061,0.09,1.32,0.0
ATOM,172.0,HB3,ALA,11.0,13.726,-6.015,1.577,0.09,1.32,0.0
ATOM,173.0,N,ILE,12.0,11.942,-4.66,-0.302,-0.47,1.85,0.0
ATOM,174.0,CA,ILE,12.0,10.678,-5.091,-0.905,0.07,2.275,0.05
ATOM,175.0,C,ILE,12.0,10.114,-4.222,-2.014,0.51,2.0,0.0
ATOM,176.0,O,ILE,12.0,8.921,-4.323,-2.335,-0.51,1.7,0.0
ATOM,177.0,CB,ILE,12.0,9.583,-5.246,0.169,-0.09,2.275,0.0
ATOM,178.0,CG1,ILE,12.0,9.182,-3.871,0.727,-0.18,2.175,0.0
ATOM,179.0,CG2,ILE,12.0,10.105,-6.093,1.311,-0.27,2.06,0.0
ATOM,180.0,CD1,ILE,12.0,8.067,-3.941,1.764,-0.27,2.06,0.0
ATOM,181.0,H,ILE,12.0,12.023,-3.929,0.41,0.31,0.2245,0.0
ATOM,182.0,HA,ILE,12.0,10.868,-6.011,-1.321,0.09,1.32,0.0
ATOM,183.0,HB,ILE,12.0,8.783,-5.646,-0.263,0.09,1.32,0.0
ATOM,184.0,HG12,ILE,12.0,9.983,-3.454,1.144,0.09,1.32,0.0
ATOM,185.0,HG13,ILE,12.0,8.875,-3.304,-0.032,0.09,1.32,0.0
ATOM,186.0,HG21,ILE,12.0,9.392,-6.202,2.003,0.09,1.32,0.0
ATOM,187.0,HG22,ILE,12.0,10.372,-6.994,0.968,0.09,1.32,0.0
ATOM,188.0,HG23,ILE,12.0,10.9,-5.649,1.724,0.09,1.32,0.0
ATOM,189.0,HD11,ILE,12.0,8.37,-4.503,2.53,0.09,1.32,0.0
ATOM,190.0,HD12,ILE,12.0,7.859,-3.019,2.081,0.09,1.32,0.05
ATOM,191.0,HD13,ILE,12.0,7.258,-4.346,1.345,0.09,1.32,0.0
ATOM,192.0,N,LYS,13.0,10.956,-3.372,-2.603,-0.47,1.85,0.0
ATOM,193.0,CA,LYS,13.0,10.522,-2.469,-3.675,0.07,2.275,0.07
ATOM,194.0,C,LYS,13.0,9.677,-3.141,-4.757,0.51,2.0,0.0
ATOM,195.0,O,LYS,13.0,8.707,-2.549,-5.225,-0.51,1.7,7.6
ATOM,196.0,CB,LYS,13.0,11.73,-1.795,-4.363,-0.18,2.175,11.74
ATOM,197.0,CG,LYS,13.0,12.651,-0.942,-3.465,-0.18,2.175,1.74
ATOM,198.0,CD,LYS,13.0,12.03,0.418,-3.036,-0.18,2.175,2.71
ATOM,199.0,CE,LYS,13.0,13.072,1.318,-2.338,0.21,2.175,2.8
ATOM,200.0,NZ,LYS,13.0,12.511,2.587,-1.76,-0.3,1.85,3.63
ATOM,201.0,H,LYS,13.0,11.929,-3.403,-2.244,0.31,0.2245,0.0
ATOM,202.0,HA,LYS,13.0,9.975,-1.716,-3.26,0.09,1.32,0.0
ATOM,203.0,HB2,LYS,13.0,12.292,-2.517,-4.781,0.09,1.32,7.25
ATOM,204.0,HB3,LYS,13.0,11.378,-1.201,-5.095,0.09,1.32,7.92
ATOM,205.0,HG2,LYS,13.0,12.867,-1.463,-2.634,0.09,1.32,0.0
ATOM,206.0,HG3,LYS,13.0,13.505,-0.754,-3.96,0.09,1.32,3.22
ATOM,207.0,HD2,LYS,13.0,11.705,0.882,-3.846,0.09,1.32,9.53
ATOM,208.0,HD3,LYS,13.0,11.293,0.239,-2.402,0.09,1.32,0.0
ATOM,209.0,HE2,LYS,13.0,13.507,0.785,-1.597,0.05,1.32,0.0
ATOM,210.0,HE3,LYS,13.0,13.79,1.554,-3.01,0.05,1.32,7.52
ATOM,211.0,HZ1,LYS,13.0,12.574,3.31,-2.443,0.33,0.2245,17.39
ATOM,212.0,HZ2,LYS,13.0,11.557,2.436,-1.511,0.33,0.2245,0.7
ATOM,213.0,HZ3,LYS,13.0,13.038,2.836,-0.951,0.33,0.2245,0.13
ATOM,214.0,N,ASP,14.0,10.063,-4.356,-5.163,-0.47,1.85,0.56
ATOM,215.0,CA,ASP,14.0,9.357,-5.122,-6.209,0.07,2.275,3.14
ATOM,216.0,C,ASP,14.0,7.932,-5.574,-5.841,0.51,2.0,0.76
ATOM,217.0,O,ASP,14.0,7.305,-6.336,-6.586,-0.51,1.7,8.88
ATOM,218.0,CB,ASP,14.0,10.175,-6.368,-6.597,-0.28,2.175,16.11
ATOM,219.0,CG,ASP,14.0,9.386,-7.345,-7.49,0.62,2.0,3.43
ATOM,220.0,OD1,ASP,14.0,9.046,-8.472,-7.032,-0.76,1.7,13.74
ATOM,221.0,OD2,ASP,14.0,9.092,-6.974,-8.646,-0.76,1.7,37.93
ATOM,222.0,H,ASP,14.0,10.912,-4.722,-4.675,0.31,0.2245,2.04
ATOM,223.0,HA,ASP,14.0,9.27,-4.505,-7.017,0.09,1.32,9.76
ATOM,224.0,HB2,ASP,14.0,10.976,-6.068,-7.096,0.09,1.32,11.34
ATOM,225.0,HB3,ASP,14.0,10.429,-6.841,-5.766,0.09,1.32,2.91
ATOM,226.0,N,ILE,15.0,7.42,-5.118,-4.701,-0.47,1.85,0.03
ATOM,227.0,CA,ILE,15.0,6.079,-5.499,-4.272,0.07,2.275,0.0
ATOM,228.0,C,ILE,15.0,5.179,-4.263,-4.268,0.51,2.0,0.0
ATOM,229.0,O,ILE,15.0,3.973,-4.368,-4.065,-0.51,1.7,0.0
ATOM,230.0,CB,ILE,15.0,6.127,-6.142,-2.841,-0.09,2.275,0.0
ATOM,231.0,CG1,ILE,15.0,4.936,-7.061,-2.616,-0.18,2.175,0.0
ATOM,232.0,CG2,ILE,15.0,6.048,-5.078,-1.763,-0.27,2.06,0.0
ATOM,233.0,CD1,ILE,15.0,4.887,-7.618,-1.183,-0.27,2.06,0.0
ATOM,234.0,H,ILE,15.0,8.039,-4.488,-4.162,0.31,0.2245,0.0
ATOM,235.0,HA,ILE,15.0,5.719,-6.11,-4.976,0.09,1.32,0.0
ATOM,236.0,HB,ILE,15.0,6.961,-6.682,-2.792,0.09,1.32,0.0
ATOM,237.0,HG12,ILE,15.0,4.099,-6.557,-2.783,0.09,1.32,0.0
ATOM,238.0,HG13,ILE,15.0,4.998,-7.828,-3.242,0.09,1.32,0.0
ATOM,239.0,HG21,ILE,15.0,6.092,-5.508,-0.862,0.09,1.32,0.0
ATOM,240.0,HG22,ILE,15.0,6.812,-4.441,-1.863,0.09,1.32,0.0
ATOM,241.0,HG23,ILE,15.0,5.187,-4.577,-1.848,0.09,1.32,0.0
ATOM,242.0,HD11,ILE,15.0,4.82,-6.856,-0.547,0.09,1.32,0.0
ATOM,243.0,HD12,ILE,15.0,4.091,-8.209,-1.098,0.09,1.32,0.0
ATOM,244.0,HD13,ILE,15.0,5.72,-8.136,-1.014,0.09,1.32,0.0
ATOM,245.0,N,ASP,16.0,5.771,-3.089,-4.496,-0.47,1.85,0.15
ATOM,246.0,CA,ASP,16.0,5.014,-1.841,-4.502,0.07,2.275,0.0
ATOM,247.0,C,ASP,16.0,3.915,-1.852,-5.545,0.51,2.0,0.0
ATOM,248.0,O,ASP,16.0,4.172,-2.146,-6.713,-0.51,1.7,23.09
ATOM,249.0,CB,ASP,16.0,5.945,-0.644,-4.746,-0.28,2.175,2.61
ATOM,250.0,CG,ASP,16.0,5.199,0.685,-4.811,0.62,2.0,0.07
ATOM,251.0,OD1,ASP,16.0,4.186,0.869,-4.097,-0.76,1.7,5.47
ATOM,252.0,OD2,ASP,16.0,5.635,1.57,-5.578,-0.76,1.7,44.95
ATOM,253.0,H,ASP,16.0,6.792,-3.142,-4.664,0.31,0.2245,0.0
ATOM,254.0,HA,ASP,16.0,4.568,-1.761,-3.598,0.09,1.32,0.0
ATOM,255.0,HB2,ASP,16.0,6.597,-0.605,-3.998,0.09,1.32,0.0
ATOM,256.0,HB3,ASP,16.0,6.411,-0.789,-5.61,0.09,1.32,5.13
ATOM,257.0,N,GLY,17.0,2.691,-1.542,-5.112,-0.47,1.85,0.0
ATOM,258.0,CA,GLY,17.0,1.554,-1.504,-6.017,-0.02,2.175,12.14
ATOM,259.0,C,GLY,17.0,0.869,-2.82,-6.365,0.51,2.0,2.24
ATOM,260.0,O,GLY,17.0,-0.211,-2.809,-6.947,-0.51,1.7,15.71
ATOM,261.0,H,GLY,17.0,2.629,-1.337,-4.098,0.31,0.2245,0.0
ATOM,262.0,HA2,GLY,17.0,0.842,-0.856,-5.629,0.09,1.32,4.74
ATOM,263.0,HA3,GLY,17.0,1.847,-1.043,-6.9,0.09,1.32,10.4
ATOM,264.0,N,TYR,18.0,1.474,-3.95,-6.027,-0.47,1.85,0.8
ATOM,265.0,CA,TYR,18.0,0.877,-5.255,-6.322,0.07,2.275,1.91
ATOM,266.0,C,TYR,18.0,-0.425,-5.473,-5.538,0.51,2.0,0.0
ATOM,267.0,O,TYR,18.0,-0.479,-5.278,-4.317,-0.51,1.7,0.0
ATOM,268.0,CB,TYR,18.0,1.874,-6.372,-6.001,-0.18,2.175,0.26
ATOM,269.0,CG,TYR,18.0,1.411,-7.777,-6.376,0.0,1.9924,0.0
ATOM,270.0,CD1,TYR,18.0,1.108,-8.112,-7.701,-0.115,1.9924,6.97
ATOM,271.0,CD2,TYR,18.0,1.306,-8.77,-5.41,-0.115,1.9924,0.0
ATOM,272.0,CE1,TYR,18.0,0.716,-9.405,-8.049,-0.115,1.9924,10.72
ATOM,273.0,CE2,TYR,18.0,0.914,-10.062,-5.74,-0.115,1.9924,0.0
ATOM,274.0,CZ,TYR,18.0,0.624,-10.38,-7.06,0.11,1.9924,0.0
ATOM,275.0,OH,TYR,18.0,0.272,-11.677,-7.373,-0.54,1.77,20.06
ATOM,276.0,H,TYR,18.0,2.385,-3.836,-5.547,0.31,0.2245,0.0
ATOM,277.0,HA,TYR,18.0,0.656,-5.287,-7.305,0.09,1.32,3.86
ATOM,278.0,HB2,TYR,18.0,2.724,-6.188,-6.495,0.09,1.32,5.26
ATOM,279.0,HB3,TYR,18.0,2.052,-6.362,-5.017,0.09,1.32,0.0
ATOM,280.0,HD1,TYR,18.0,1.173,-7.412,-8.413,0.115,1.3582,11.32
ATOM,281.0,HD2,TYR,18.0,1.518,-8.553,-4.457,0.115,1.3582,0.0
ATOM,282.0,HE1,TYR,18.0,0.505,-9.628,-8.998,0.115,1.3582,16.56
ATOM,283.0,HE2,TYR,18.0,0.84,-10.762,-5.029,0.115,1.3582,0.0
ATOM,284.0,HH,TYR,18.0,0.29,-12.229,-6.542,0.43,0.2245,2.1
ATOM,285.0,N,GLN,19.0,-1.475,-5.87,-6.254,-0.47,1.85,0.15
ATOM,286.0,CA,GLN,19.0,-2.772,-6.102,-5.633,0.07,2.275,3.65
ATOM,287.0,C,GLN,19.0,-3.249,-4.761,-5.038,0.51,2.0,1.86
ATOM,288.0,O,GLN,19.0,-4.099,-4.716,-4.165,-0.51,1.7,15.6
ATOM,289.0,CB,GLN,19.0,-2.629,-7.184,-4.557,-0.18,2.175,0.02
ATOM,290.0,CG,GLN,19.0,-3.564,-8.408,-4.654,-0.18,2.175,0.55
ATOM,291.0,CD,GLN,19.0,-4.019,-8.777,-6.065,0.55,2.0,0.01
ATOM,292.0,H,GLN,19.0,-1.291,-5.996,-7.266,0.31,0.2245,8.99
ATOM,293.0,HA,GLN,19.0,-3.419,-6.36,-6.34,0.09,1.32,2.62
ATOM,294.0,HB2,GLN,19.0,-1.677,-7.531,-4.57,0.09,1.32,0.0
ATOM,295.0,HB3,GLN,19.0,-2.782,-6.76,-3.648,0.09,1.32,0.19
ATOM,296.0,HG2,GLN,19.0,-3.084,-9.201,-4.257,0.09,1.32,0.0
ATOM,297.0,HG3,GLN,19.0,-4.381,-8.222,-4.093,0.09,1.32,5.81
ATOM,298.0,OE1,GLN,19.0,-3.308,-9.428,-6.832,-0.55,1.7,14.37
ATOM,299.0,NE2,GLN,19.0,-5.221,-8.354,-6.406,-0.62,1.85,21.82
ATOM,300.0,HE21,GLN,19.0,-5.594,-8.548,-7.34,0.32,0.2245,22.27
ATOM,301.0,HE22,GLN,19.0,-5.777,-7.833,-5.733,0.3,0.2245,13.97
ATOM,302.0,N,GLY,20.0,-2.679,-3.665,-5.53,-0.47,1.85,4.26
ATOM,303.0,CA,GLY,20.0,-3.075,-2.34,-5.075,-0.02,2.175,14.16
ATOM,304.0,C,GLY,20.0,-2.509,-1.81,-3.76,0.51,2.0,0.01
ATOM,305.0,O,GLY,20.0,-2.884,-0.72,-3.332,-0.51,1.7,25.41
ATOM,306.0,H,GLY,20.0,-1.949,-3.834,-6.245,0.31,0.2245,0.96
ATOM,307.0,HA2,GLY,20.0,-2.855,-1.652,-5.826,0.09,1.32,9.59
ATOM,308.0,HA3,GLY,20.0,-4.115,-2.306,-5.021,0.09,1.32,10.85
ATOM,309.0,N,ILE,21.0,-1.614,-2.552,-3.12,-0.47,1.85,0.0
ATOM,310.0,CA,ILE,21.0,-1.017,-2.115,-1.855,0.07,2.275,0.0
ATOM,311.0,C,ILE,21.0,0.3,-1.373,-2.111,0.51,2.0,0.0
ATOM,312.0,O,ILE,21.0,1.193,-1.903,-2.791,-0.51,1.7,0.0
ATOM,313.0,CB,ILE,21.0,-0.716,-3.326,-0.931,-0.09,2.275,0.0
ATOM,314.0,CG1,ILE,21.0,-1.948,-4.23,-0.838,-0.18,2.175,0.04
ATOM,315.0,CG2,ILE,21.0,-0.303,-2.835,0.454,-0.27,2.06,0.0
ATOM,316.0,CD1,ILE,21.0,-3.198,-3.509,-0.298,-0.27,2.06,8.22
ATOM,317.0,H,ILE,21.0,-1.377,-3.45,-3.581,0.31,0.2245,0.0
ATOM,318.0,HA,ILE,21.0,-1.649,-1.445,-1.462,0.09,1.32,0.0
ATOM,319.0,HB,ILE,21.0,0.02,-3.845,-1.345,0.09,1.32,0.0
ATOM,320.0,HG12,ILE,21.0,-2.157,-4.584,-1.743,0.09,1.32,0.0
ATOM,321.0,HG13,ILE,21.0,-1.741,-4.988,-0.228,0.09,1.32,0.0
ATOM,322.0,HG21,ILE,21.0,-0.086,-3.619,1.032,0.09,1.32,0.0
ATOM,323.0,HG22,ILE,21.0,0.5,-2.249,0.372,0.09,1.32,0.0
ATOM,324.0,HG23,ILE,21.0,-1.054,-2.318,0.86,0.09,1.32,0.0
ATOM,325.0,HD11,ILE,21.0,-3.417,-2.754,-0.908,0.09,1.32,1.32
ATOM,326.0,HD12,ILE,21.0,-3.951,-4.158,-0.268,0.09,1.32,3.04
ATOM,327.0,HD13,ILE,21.0,-2.999,-3.169,0.615,0.09,1.32,0.0
ATOM,328.0,N,SER,22.0,0.434,-0.171,-1.55,-0.47,1.85,0.15
ATOM,329.0,CA,SER,22.0,1.647,0.638,-1.735,0.07,2.275,0.63
ATOM,330.0,C,SER,22.0,2.787,0.312,-0.767,0.51,2.0,0.0
ATOM,331.0,O,SER,22.0,2.605,-0.387,0.241,-0.51,1.7,0.0
ATOM,332.0,CB,SER,22.0,1.328,2.136,-1.61,0.05,2.175,19.04
ATOM,333.0,OG,SER,22.0,1.243,2.543,-0.242,-0.66,1.77,1.73
ATOM,334.0,H,SER,22.0,-0.375,0.14,-0.982,0.31,0.2245,0.0
ATOM,335.0,HA,SER,22.0,1.988,0.471,-2.682,0.09,1.32,0.0
ATOM,336.0,HB2,SER,22.0,2.051,2.656,-2.055,0.09,1.32,5.37
ATOM,337.0,HB3,SER,22.0,0.454,2.315,-2.052,0.09,1.32,8.38
ATOM,338.0,HG,SER,22.0,0.295,2.481,0.059,0.43,0.2245,2.19
ATOM,339.0,N,LEU,23.0,3.968,0.832,-1.088,-0.47,1.85,0.0
ATOM,340.0,CA,LEU,23.0,5.154,0.645,-0.272,0.07,2.275,0.0
ATOM,341.0,C,LEU,23.0,4.984,1.339,1.078,0.51,2.0,0.0
ATOM,342.0,O,LEU,23.0,5.487,0.865,2.091,-0.51,1.7,0.01
ATOM,343.0,CB,LEU,23.0,6.379,1.192,-1.009,-0.18,2.175,0.86
ATOM,344.0,CG,LEU,23.0,7.763,1.034,-0.375,-0.09,2.275,0.51
ATOM,345.0,CD1,LEU,23.0,7.949,-0.364,0.201,-0.27,2.06,0.0
ATOM,346.0,CD2,LEU,23.0,8.812,1.327,-1.452,-0.27,2.06,7.56
ATOM,347.0,H,LEU,23.0,3.966,1.385,-1.977,0.31,0.2245,0.83
ATOM,348.0,HA,LEU,23.0,5.283,-0.337,-0.106,0.09,1.32,0.0
ATOM,349.0,HB2,LEU,23.0,6.415,0.744,-1.913,0.09,1.32,0.0
ATOM,350.0,HB3,LEU,23.0,6.231,2.179,-1.155,0.09,1.32,5.32
ATOM,351.0,HG,LEU,23.0,7.864,1.71,0.357,0.09,1.32,2.42
ATOM,352.0,HD11,LEU,23.0,7.854,-1.041,-0.529,0.09,1.32,0.0
ATOM,353.0,HD12,LEU,23.0,8.86,-0.439,0.608,0.09,1.32,0.0
ATOM,354.0,HD13,LEU,23.0,7.256,-0.531,0.903,0.09,1.32,0.0
ATOM,355.0,HD21,LEU,23.0,8.688,2.26,-1.787,0.09,1.32,10.2
ATOM,356.0,HD22,LEU,23.0,9.725,1.229,-1.058,0.09,1.32,0.0
ATOM,357.0,HD23,LEU,23.0,8.7,0.681,-2.206,0.09,1.32,0.0
ATOM,358.0,N,LEU,24.0,4.275,2.465,1.096,-0.47,1.85,0.0
ATOM,359.0,CA,LEU,24.0,4.043,3.153,2.364,0.07,2.275,0.0
ATOM,360.0,C,LEU,24.0,3.194,2.243,3.237,0.51,2.0,0.0
ATOM,361.0,O,LEU,24.0,3.513,2.013,4.416,-0.51,1.7,0.0
ATOM,362.0,CB,LEU,24.0,3.312,4.482,2.14,-0.18,2.175,0.0
ATOM,363.0,CG,LEU,24.0,4.025,5.521,1.266,-0.09,2.275,0.33
ATOM,364.0,CD1,LEU,24.0,3.287,6.859,1.42,-0.27,2.06,6.96
ATOM,365.0,CD2,LEU,24.0,5.484,5.697,1.675,-0.27,2.06,3.06
ATOM,366.0,H,LEU,24.0,3.926,2.788,0.19,0.31,0.2245,0.26
ATOM,367.0,HA,LEU,24.0,4.918,3.299,2.813,0.09,1.32,0.0
ATOM,368.0,HB2,LEU,24.0,2.437,4.279,1.704,0.09,1.32,0.03
ATOM,369.0,HB3,LEU,24.0,3.158,4.9,3.032,0.09,1.32,0.0
ATOM,370.0,HG,LEU,24.0,3.987,5.234,0.322,0.09,1.32,2.43
ATOM,371.0,HD11,LEU,24.0,3.31,7.137,2.378,0.09,1.32,0.0
ATOM,372.0,HD12,LEU,24.0,3.738,7.548,0.857,0.09,1.32,0.0
ATOM,373.0,HD13,LEU,24.0,2.341,6.747,1.123,0.09,1.32,6.87
ATOM,374.0,HD21,LEU,24.0,5.963,4.824,1.581,0.09,1.32,0.35
ATOM,375.0,HD22,LEU,24.0,5.915,6.38,1.085,0.09,1.32,0.0
ATOM,376.0,HD23,LEU,24.0,5.528,6.002,2.626,0.09,1.32,0.0
ATOM,377.0,N,GLU,25.0,2.112,1.716,2.663,-0.47,1.85,0.0
ATOM,378.0,CA,GLU,25.0,1.244,0.823,3.417,0.07,2.275,0.0
ATOM,379.0,C,GLU,25.0,2.007,-0.403,3.926,0.51,2.0,0.0
ATOM,380.0,O,GLU,25.0,1.802,-0.821,5.08,-0.51,1.7,0.0
ATOM,381.0,CB,GLU,25.0,0.042,0.399,2.564,-0.18,2.175,0.0
ATOM,382.0,CG,GLU,25.0,-0.969,1.511,2.343,-0.28,2.175,0.0
ATOM,383.0,CD,GLU,25.0,-1.997,1.167,1.281,0.62,2.0,1.83
ATOM,384.0,OE1,GLU,25.0,-1.594,0.806,0.156,-0.76,1.7,4.24
ATOM,385.0,OE2,GLU,25.0,-3.212,1.25,1.569,-0.76,1.7,16.9
ATOM,386.0,H,GLU,25.0,1.956,1.987,1.684,0.31,0.2245,0.0
ATOM,387.0,HA,GLU,25.0,0.847,1.316,4.203,0.09,1.32,0.0
ATOM,388.0,HB2,GLU,25.0,0.383,0.125,1.685,0.09,1.32,0.0
ATOM,389.0,HB3,GLU,25.0,-0.414,-0.332,3.034,0.09,1.32,0.0
ATOM,390.0,HG2,GLU,25.0,-1.452,1.662,3.186,0.09,1.32,0.0
ATOM,391.0,HG3,GLU,25.0,-0.488,2.313,2.041,0.09,1.32,0.0
ATOM,392.0,N,TRP,26.0,2.869,-0.993,3.084,-0.47,1.85,0.0
ATOM,393.0,CA,TRP,26.0,3.669,-2.152,3.528,0.07,2.275,0.0
ATOM,394.0,C,TRP,26.0,4.654,-1.769,4.647,0.51,2.0,0.0
ATOM,395.0,O,TRP,26.0,4.83,-2.512,5.634,-0.51,1.7,0.0
ATOM,396.0,CB,TRP,26.0,4.445,-2.777,2.355,-0.18,2.175,0.0
ATOM,397.0,CG,TRP,26.0,3.644,-3.838,1.65,-0.03,1.9924,0.0
ATOM,398.0,CD1,TRP,26.0,3.2,-3.818,0.353,0.035,1.9924,0.0
ATOM,399.0,CD2,TRP,26.0,3.179,-5.07,2.214,-0.02,1.8,0.0
ATOM,400.0,NE1,TRP,26.0,2.494,-4.966,0.079,-0.61,1.85,0.0
ATOM,401.0,CE2,TRP,26.0,2.464,-5.75,1.204,0.13,1.8,0.0
ATOM,402.0,CE3,TRP,26.0,3.299,-5.666,3.479,-0.115,1.9924,0.0
ATOM,403.0,CZ2,TRP,26.0,1.872,-7.0,1.415,-0.115,1.9924,0.0
ATOM,404.0,CZ3,TRP,26.0,2.711,-6.914,3.693,-0.115,1.9924,0.0
ATOM,405.0,CH2,TRP,26.0,2.005,-7.565,2.657,-0.115,1.9924,0.0
ATOM,406.0,H,TRP,26.0,2.921,-0.586,2.146,0.31,0.2245,0.0
ATOM,407.0,HA,TRP,26.0,3.032,-2.832,3.907,0.09,1.32,0.0
ATOM,408.0,HB2,TRP,26.0,4.648,-2.074,1.696,0.09,1.32,0.0
ATOM,409.0,HB3,TRP,26.0,5.26,-3.205,2.704,0.09,1.32,0.0
ATOM,410.0,HD1,TRP,26.0,3.364,-3.08,-0.296,0.115,1.3582,0.0
ATOM,411.0,HE1,TRP,26.0,2.071,-5.194,-0.797,0.38,0.2245,0.0
ATOM,412.0,HE3,TRP,26.0,3.793,-5.215,4.215,0.115,1.3582,0.0
ATOM,413.0,HZ2,TRP,26.0,1.371,-7.452,0.672,0.115,1.3582,0.0
ATOM,414.0,HZ3,TRP,26.0,2.791,-7.343,4.58,0.115,1.3582,0.0
ATOM,415.0,HH2,TRP,26.0,1.599,-8.458,2.848,0.115,1.3582,0.0
ATOM,416.0,N,ALA,27.0,5.297,-0.616,4.512,-0.47,1.85,0.0
ATOM,417.0,CA,ALA,27.0,6.222,-0.191,5.574,0.07,2.275,0.16
ATOM,418.0,C,ALA,27.0,5.464,-0.15,6.911,0.51,2.0,0.0
ATOM,419.0,O,ALA,27.0,5.947,-0.639,7.925,-0.51,1.7,0.0
ATOM,420.0,CB,ALA,27.0,6.793,1.172,5.253,-0.27,2.06,0.13
ATOM,421.0,H,ALA,27.0,5.109,-0.084,3.666,0.31,0.2245,0.0
ATOM,422.0,HA,ALA,27.0,6.958,-0.859,5.647,0.09,1.32,0.0
ATOM,423.0,HB1,ALA,27.0,6.67,1.784,6.036,0.09,1.32,0.0
ATOM,424.0,HB2,ALA,27.0,7.77,1.091,5.05,0.09,1.32,0.0
ATOM,425.0,HB3,ALA,27.0,6.323,1.558,4.457,0.09,1.32,0.0
ATOM,426.0,N,CYS,28.0,4.263,0.427,6.894,-0.47,1.85,0.0
ATOM,427.0,CA,CYS,28.0,3.415,0.525,8.077,0.07,2.275,0.0
ATOM,428.0,C,CYS,28.0,3.022,-0.865,8.574,0.51,2.0,0.0
ATOM,429.0,O,CYS,28.0,3.156,-1.163,9.754,-0.51,1.7,0.0
ATOM,430.0,CB,CYS,28.0,2.147,1.314,7.742,-0.1,2.175,0.0
ATOM,431.0,SG,CYS,28.0,0.972,1.453,9.132,-0.08,1.975,0.0
ATOM,432.0,H,CYS,28.0,3.982,0.803,5.959,0.31,0.2245,0.0
ATOM,433.0,HA,CYS,28.0,3.938,0.979,8.805,0.09,1.32,0.0
ATOM,434.0,HB2,CYS,28.0,2.412,2.234,7.471,0.09,1.32,0.0
ATOM,435.0,HB3,CYS,28.0,1.681,0.855,6.992,0.09,1.32,0.0
ATOM,436.0,N,VAL,29.0,2.504,-1.7,7.67,-0.47,1.85,0.0
ATOM,437.0,CA,VAL,29.0,2.104,-3.068,8.009,0.07,2.275,0.0
ATOM,438.0,C,VAL,29.0,3.193,-3.928,8.683,0.51,2.0,0.0
ATOM,439.0,O,VAL,29.0,2.947,-4.544,9.729,-0.51,1.7,0.0
ATOM,440.0,CB,VAL,29.0,1.6,-3.821,6.74,-0.09,2.275,0.0
ATOM,441.0,CG1,VAL,29.0,1.524,-5.356,7.003,-0.27,2.06,0.0
ATOM,442.0,CG2,VAL,29.0,0.22,-3.282,6.334,-0.27,2.06,0.0
ATOM,443.0,H,VAL,29.0,2.41,-1.299,6.715,0.31,0.2245,0.0
ATOM,444.0,HA,VAL,29.0,1.316,-3.013,8.657,0.09,1.32,0.0
ATOM,445.0,HB,VAL,29.0,2.273,-3.693,6.025,0.09,1.32,0.0
ATOM,446.0,HG11,VAL,29.0,2.285,-5.614,7.588,0.09,1.32,0.0
ATOM,447.0,HG12,VAL,29.0,0.66,-5.557,7.45,0.09,1.32,0.0
ATOM,448.0,HG13,VAL,29.0,1.581,-5.829,6.131,0.09,1.32,0.0
ATOM,449.0,HG21,VAL,29.0,0.127,-3.347,5.343,0.09,1.32,0.0
ATOM,450.0,HG22,VAL,29.0,-0.484,-3.829,6.781,0.09,1.32,0.0
ATOM,451.0,HG23,VAL,29.0,0.148,-2.33,6.622,0.09,1.32,0.0
ATOM,452.0,N,LEU,30.0,4.392,-3.952,8.094,-0.47,1.85,0.0
ATOM,453.0,CA,LEU,30.0,5.466,-4.793,8.63,0.07,2.275,0.0
ATOM,454.0,C,LEU,30.0,6.032,-4.322,9.971,0.51,2.0,0.0
ATOM,455.0,O,LEU,30.0,6.493,-5.149,10.761,-0.51,1.7,0.0
ATOM,456.0,CB,LEU,30.0,6.573,-4.95,7.592,-0.18,2.175,0.0
ATOM,457.0,CG,LEU,30.0,6.096,-5.56,6.254,-0.09,2.275,0.0
ATOM,458.0,CD1,LEU,30.0,7.261,-5.58,5.272,-0.27,2.06,0.0
ATOM,459.0,CD2,LEU,30.0,5.532,-6.986,6.472,-0.27,2.06,0.0
ATOM,460.0,H,LEU,30.0,4.49,-3.352,7.265,0.31,0.2245,0.0
ATOM,461.0,HA,LEU,30.0,5.099,-5.736,8.755,0.09,1.32,0.0
ATOM,462.0,HB2,LEU,30.0,6.938,-4.057,7.388,0.09,1.32,0.0
ATOM,463.0,HB3,LEU,30.0,7.26,-5.554,7.957,0.09,1.32,0.0
ATOM,464.0,HG,LEU,30.0,5.363,-4.999,5.892,0.09,1.32,0.0
ATOM,465.0,HD11,LEU,30.0,8.004,-6.133,5.648,0.09,1.32,0.0
ATOM,466.0,HD12,LEU,30.0,6.959,-5.974,4.404,0.09,1.32,0.0
ATOM,467.0,HD13,LEU,30.0,7.585,-4.646,5.12,0.09,1.32,0.0
ATOM,468.0,HD21,LEU,30.0,4.761,-6.934,7.101,0.09,1.32,0.0
ATOM,469.0,HD22,LEU,30.0,5.234,-7.351,5.594,0.09,1.32,0.0
ATOM,470.0,HD23,LEU,30.0,6.25,-7.56,6.856,0.09,1.32,0.0
ATOM,471.0,N,PHE,31.0,5.988,-3.018,10.255,-0.47,1.85,0.0
ATOM,472.0,CA,PHE,31.0,6.468,-2.574,11.567,0.07,2.275,0.0
ATOM,473.0,C,PHE,31.0,5.558,-3.15,12.654,0.51,2.0,0.0
ATOM,474.0,O,PHE,31.0,6.037,-3.7,13.646,-0.51,1.7,2.66
ATOM,475.0,CB,PHE,31.0,6.493,-1.033,11.72,-0.18,2.175,0.0
ATOM,476.0,CG,PHE,31.0,6.848,-0.592,13.131,0.0,1.9924,0.0
ATOM,477.0,CD1,PHE,31.0,8.161,-0.664,13.582,-0.115,1.9924,5.16
ATOM,478.0,CD2,PHE,31.0,5.844,-0.299,14.054,-0.115,1.9924,0.47
ATOM,479.0,CE1,PHE,31.0,8.476,-0.464,14.95,-0.115,1.9924,13.25
ATOM,480.0,CE2,PHE,31.0,6.139,-0.096,15.417,-0.115,1.9924,13.77
ATOM,481.0,CZ,PHE,31.0,7.457,-0.184,15.858,-0.115,1.9924,19.68
ATOM,482.0,H,PHE,31.0,5.62,-2.409,9.534,0.31,0.2245,0.0
ATOM,483.0,HA,PHE,31.0,7.37,-2.981,11.701,0.09,1.32,0.0
ATOM,484.0,HB2,PHE,31.0,7.178,-0.684,11.112,0.09,1.32,0.0
ATOM,485.0,HB3,PHE,31.0,5.595,-0.698,11.515,0.09,1.32,0.0
ATOM,486.0,HD1,PHE,31.0,8.902,-0.856,12.949,0.115,1.3582,0.0
ATOM,487.0,HD2,PHE,31.0,4.894,-0.229,13.749,0.115,1.3582,0.0
ATOM,488.0,HE1,PHE,31.0,9.429,-0.529,15.244,0.115,1.3582,16.4
ATOM,489.0,HE2,PHE,31.0,5.391,0.11,16.059,0.115,1.3582,9.63
ATOM,490.0,HZ,PHE,31.0,7.675,-0.047,16.822,0.115,1.3582,18.07
ATOM,491.0,N,HIS,32.0,4.24,-3.055,12.473,-0.47,1.85,0.0
ATOM,492.0,CA,HIS,32.0,3.321,-3.565,13.492,0.07,2.275,0.24
ATOM,493.0,C,HIS,32.0,3.209,-5.089,13.526,0.51,2.0,0.0
ATOM,494.0,O,HIS,32.0,2.789,-5.671,14.539,-0.51,1.7,27.82
ATOM,495.0,CB,HIS,32.0,1.924,-2.948,13.302,-0.09,2.175,0.37
ATOM,496.0,CG,HIS,32.0,1.882,-1.466,13.526,-0.05,1.8,0.0
ATOM,497.0,H,HIS,32.0,3.942,-2.613,11.597,0.31,0.2245,0.0
ATOM,498.0,HA,HIS,32.0,3.654,-3.253,14.403,0.09,1.32,3.46
ATOM,499.0,HB2,HIS,32.0,1.612,-3.137,12.365,0.09,1.32,0.0
ATOM,500.0,HB3,HIS,32.0,1.288,-3.384,13.947,0.09,1.32,5.1
ATOM,501.0,ND1,HIS,32.0,2.063,-0.893,14.77,-0.36,1.85,0.74
ATOM,502.0,CD2,HIS,32.0,1.75,-0.438,12.654,0.22,1.8,0.0
ATOM,503.0,CE1,HIS,32.0,2.047,0.424,14.652,0.25,1.8,4.35
ATOM,504.0,NE2,HIS,32.0,1.858,0.727,13.376,-0.7,1.85,3.05
ATOM,505.0,HD1,HIS,32.0,2.187,-1.398,15.623,0.32,0.2245,15.32
ATOM,506.0,HD2,HIS,32.0,1.601,-0.51,11.671,0.1,1.468,0.0
ATOM,507.0,HE1,HIS,32.0,2.157,1.078,15.394,0.13,0.9,13.16
ATOM,508.0,N,THR,33.0,3.595,-5.739,12.431,-0.47,1.85,0.0
ATOM,509.0,CA,THR,33.0,3.527,-7.196,12.337,0.07,2.275,0.0
ATOM,510.0,C,THR,33.0,4.721,-7.924,12.993,0.51,2.0,0.09
ATOM,511.0,O,THR,33.0,4.541,-8.848,13.776,-0.51,1.7,15.17
ATOM,512.0,CB,THR,33.0,3.426,-7.61,10.847,0.14,2.275,0.0
ATOM,513.0,OG1,THR,33.0,2.239,-7.033,10.28,-0.66,1.77,1.77
ATOM,514.0,CG2,THR,33.0,3.399,-9.164,10.687,-0.27,2.06,6.31
ATOM,515.0,H,THR,33.0,3.942,-5.132,11.663,0.31,0.2245,0.0
ATOM,516.0,HA,THR,33.0,2.68,-7.51,12.804,0.09,1.32,6.74
ATOM,517.0,HB,THR,33.0,4.231,-7.236,10.351,0.09,1.32,0.0
ATOM,518.0,HG21,THR,33.0,4.336,-9.494,10.615,0.09,1.32,0.0
ATOM,519.0,HG22,THR,33.0,2.955,-9.56,11.486,0.09,1.32,3.81
ATOM,520.0,HG23,THR,33.0,2.89,-9.392,9.862,0.09,1.32,0.0
ATOM,521.0,HG1,THR,33.0,2.402,-6.072,10.036,0.43,0.2245,0.0
ATOM,522.0,N,SER,34.0,5.933,-7.466,12.704,-0.47,1.85,0.0
ATOM,523.0,CA,SER,34.0,7.147,-8.12,13.209,0.07,2.275,2.37
ATOM,524.0,C,SER,34.0,8.201,-7.174,13.781,0.51,2.0,1.85
ATOM,525.0,O,SER,34.0,9.263,-7.634,14.193,-0.51,1.7,6.45
ATOM,526.0,CB,SER,34.0,7.813,-8.882,12.069,0.05,2.175,0.0
ATOM,527.0,OG,SER,34.0,8.205,-7.956,11.072,-0.66,1.77,0.0
ATOM,528.0,H,SER,34.0,5.952,-6.622,12.102,0.31,0.2245,0.0
ATOM,529.0,HA,SER,34.0,6.865,-8.758,13.955,0.09,1.32,3.55
ATOM,530.0,HB2,SER,34.0,8.613,-9.345,12.415,0.09,1.32,0.0
ATOM,531.0,HB3,SER,34.0,7.163,-9.517,11.684,0.09,1.32,0.0
ATOM,532.0,HG,SER,34.0,7.847,-8.248,10.186,0.43,0.2245,0.0
ATOM,533.0,N,GLY,35.0,7.925,-5.864,13.777,-0.47,1.85,2.98
ATOM,534.0,CA,GLY,35.0,8.895,-4.895,14.264,-0.02,2.175,11.22
ATOM,535.0,C,GLY,35.0,10.1,-4.878,13.35,0.51,2.0,0.0
ATOM,536.0,O,GLY,35.0,11.183,-4.465,13.762,-0.51,1.7,4.69
ATOM,537.0,H,GLY,35.0,6.993,-5.617,13.409,0.31,0.2245,0.0
ATOM,538.0,HA2,GLY,35.0,8.477,-3.984,14.286,0.09,1.32,0.0
ATOM,539.0,HA3,GLY,35.0,9.18,-5.144,15.193,0.09,1.32,10.46
ATOM,540.0,N,TYR,36.0,9.908,-5.322,12.099,-0.47,1.85,0.0
ATOM,541.0,CA,TYR,36.0,10.977,-5.386,11.085,0.07,2.275,0.0
ATOM,542.0,C,TYR,36.0,12.068,-6.418,11.463,0.51,2.0,0.0
ATOM,543.0,O,TYR,36.0,13.195,-6.338,10.963,-0.51,1.7,0.0
ATOM,544.0,CB,TYR,36.0,11.67,-4.01,10.862,-0.18,2.175,0.0
ATOM,545.0,CG,TYR,36.0,10.812,-2.864,10.302,0.0,1.9924,0.0
ATOM,546.0,CD1,TYR,36.0,9.711,-3.106,9.482,-0.115,1.9924,0.0
ATOM,547.0,CD2,TYR,36.0,11.11,-1.539,10.614,-0.115,1.9924,1.23
ATOM,548.0,CE1,TYR,36.0,8.915,-2.037,8.99,-0.115,1.9924,0.12
ATOM,549.0,CE2,TYR,36.0,10.333,-0.482,10.14,-0.115,1.9924,0.86
ATOM,550.0,CZ,TYR,36.0,9.234,-0.731,9.332,0.11,1.9924,0.0
ATOM,551.0,OH,TYR,36.0,8.435,0.329,8.922,-0.54,1.77,0.0
ATOM,552.0,H,TYR,36.0,8.925,-5.623,11.9,0.31,0.2245,0.0
ATOM,553.0,HA,TYR,36.0,10.568,-5.679,10.214,0.09,1.32,0.0
ATOM,554.0,HB2,TYR,36.0,12.044,-3.709,11.748,0.09,1.32,0.0
ATOM,555.0,HB3,TYR,36.0,12.439,-4.154,10.227,0.09,1.32,0.0
ATOM,556.0,HD1,TYR,36.0,9.467,-4.037,9.228,0.115,1.3582,0.0
ATOM,557.0,HD2,TYR,36.0,11.901,-1.338,11.194,0.115,1.3582,5.12
ATOM,558.0,HE1,TYR,36.0,8.135,-2.238,8.405,0.115,1.3582,0.0
ATOM,559.0,HE2,TYR,36.0,10.572,0.46,10.385,0.115,1.3582,6.18
ATOM,560.0,HH,TYR,36.0,7.568,-0.032,8.59,0.43,0.2245,0.0
ATOM,561.0,N,ASP,37.0,11.742,-7.36,12.347,-0.47,1.85,0.0
ATOM,562.0,CA,ASP,37.0,12.699,-8.408,12.779,0.07,2.275,0.0
ATOM,563.0,C,ASP,37.0,12.578,-9.648,11.881,0.51,2.0,0.0
ATOM,564.0,O,ASP,37.0,11.588,-10.364,11.937,-0.51,1.7,0.0
ATOM,565.0,CB,ASP,37.0,12.406,-8.817,14.232,-0.28,2.175,4.57
ATOM,566.0,CG,ASP,37.0,13.372,-9.881,14.757,0.62,2.0,0.86
ATOM,567.0,OD1,ASP,37.0,14.157,-10.447,13.972,-0.76,1.7,1.26
ATOM,568.0,OD2,ASP,37.0,13.333,-10.164,15.969,-0.76,1.7,35.56
ATOM,569.0,H,ASP,37.0,10.771,-7.305,12.709,0.31,0.2245,0.0
ATOM,570.0,HA,ASP,37.0,13.618,-8.034,12.644,0.09,1.32,0.0
ATOM,571.0,HB2,ASP,37.0,12.488,-8.008,14.801,0.09,1.32,5.29
ATOM,572.0,HB3,ASP,37.0,11.485,-9.181,14.269,0.09,1.32,0.0
ATOM,573.0,N,THR,38.0,13.592,-9.908,11.072,-0.47,1.85,0.0
ATOM,574.0,CA,THR,38.0,13.582,-11.049,10.162,0.07,2.275,0.0
ATOM,575.0,C,THR,38.0,13.595,-12.41,10.859,0.51,2.0,0.0
ATOM,576.0,O,THR,38.0,13.38,-13.427,10.213,-0.51,1.7,0.0
ATOM,577.0,CB,THR,38.0,14.767,-10.967,9.157,0.14,2.275,0.02
ATOM,578.0,OG1,THR,38.0,16.009,-11.161,9.845,-0.66,1.77,0.0
ATOM,579.0,CG2,THR,38.0,14.793,-9.607,8.497,-0.27,2.06,0.0
ATOM,580.0,H,THR,38.0,14.388,-9.239,11.138,0.31,0.2245,0.0
ATOM,581.0,HA,THR,38.0,12.738,-10.996,9.592,0.09,1.32,0.0
ATOM,582.0,HB,THR,38.0,14.659,-11.714,8.471,0.09,1.32,0.29
ATOM,583.0,HG21,THR,38.0,15.733,-9.367,8.239,0.09,1.32,0.0
ATOM,584.0,HG22,THR,38.0,14.222,-9.614,7.671,0.09,1.32,0.0
ATOM,585.0,HG23,THR,38.0,14.442,-8.91,9.129,0.09,1.32,0.0
ATOM,586.0,HG1,THR,38.0,16.781,-11.048,9.211,0.43,0.2245,0.0
ATOM,587.0,N,GLN,39.0,13.829,-12.437,12.175,-0.47,1.85,0.0
ATOM,588.0,CA,GLN,39.0,13.836,-13.704,12.892,0.07,2.275,0.0
ATOM,589.0,C,GLN,39.0,12.608,-13.832,13.797,0.51,2.0,0.0
ATOM,590.0,O,GLN,39.0,12.537,-14.747,14.607,-0.51,1.7,8.92
ATOM,591.0,CB,GLN,39.0,15.107,-13.855,13.752,-0.18,2.175,4.09
ATOM,592.0,CG,GLN,39.0,16.404,-14.018,12.968,-0.18,2.175,3.11
ATOM,593.0,CD,GLN,39.0,17.622,-14.304,13.863,0.55,2.0,1.75
ATOM,594.0,H,GLN,39.0,13.995,-11.521,12.611,0.31,0.2245,0.0
ATOM,595.0,HA,GLN,39.0,13.793,-14.448,12.215,0.09,1.32,0.0
ATOM,596.0,HB2,GLN,39.0,15.194,-13.04,14.334,0.09,1.32,0.0
ATOM,597.0,HB3,GLN,39.0,14.996,-14.661,14.343,0.09,1.32,6.99
ATOM,598.0,HG2,GLN,39.0,16.303,-14.78,12.329,0.09,1.32,0.02
ATOM,599.0,HG3,GLN,39.0,16.583,-13.177,12.459,0.09,1.32,0.0
ATOM,600.0,OE1,GLN,39.0,18.501,-15.066,13.482,-0.55,1.7,40.82
ATOM,601.0,NE2,GLN,39.0,17.679,-13.679,15.042,-0.62,1.85,21.14
ATOM,602.0,HE21,GLN,39.0,18.439,-13.835,15.674,0.32,0.2245,21.56
ATOM,603.0,HE22,GLN,39.0,16.923,-13.035,15.282,0.3,0.2245,8.11
ATOM,604.0,N,ALA,40.0,11.644,-12.928,13.652,-0.47,1.85,0.0
ATOM,605.0,CA,ALA,40.0,10.439,-12.978,14.492,0.07,2.275,0.0
ATOM,606.0,C,ALA,40.0,9.7,-14.335,14.439,0.51,2.0,0.0
ATOM,607.0,O,ALA,40.0,9.444,-14.879,13.374,-0.51,1.7,0.0
ATOM,608.0,CB,ALA,40.0,9.478,-11.833,14.082,-0.27,2.06,3.41
ATOM,609.0,H,ALA,40.0,11.806,-12.215,12.928,0.31,0.2245,0.0
ATOM,610.0,HA,ALA,40.0,10.708,-12.805,15.456,0.09,1.32,5.4
ATOM,611.0,HB1,ALA,40.0,8.971,-12.115,13.273,0.09,1.32,0.0
ATOM,612.0,HB2,ALA,40.0,8.852,-11.655,14.835,0.09,1.32,3.31
ATOM,613.0,HB3,ALA,40.0,10.016,-11.019,13.884,0.09,1.32,0.0
ATOM,614.0,N,VAL,41.0,9.391,-14.898,15.596,-0.47,1.85,0.0
ATOM,615.0,CA,VAL,41.0,8.659,-16.155,15.642,0.07,2.275,0.0
ATOM,616.0,C,VAL,41.0,7.542,-15.954,16.648,0.51,2.0,0.0
ATOM,617.0,O,VAL,41.0,7.799,-15.703,17.832,-0.51,1.7,19.26
ATOM,618.0,CB,VAL,41.0,9.534,-17.331,16.091,-0.09,2.275,2.84
ATOM,619.0,CG1,VAL,41.0,8.655,-18.56,16.31,-0.27,2.06,15.18
ATOM,620.0,CG2,VAL,41.0,10.612,-17.635,15.032,-0.27,2.06,7.99
ATOM,621.0,H,VAL,41.0,9.705,-14.384,16.437,0.31,0.2245,8.95
ATOM,622.0,HA,VAL,41.0,8.252,-16.313,14.754,0.09,1.32,0.0
ATOM,623.0,HB,VAL,41.0,9.929,-17.101,16.97,0.09,1.32,8.13
ATOM,624.0,HG11,VAL,41.0,9.225,-19.381,16.302,0.09,1.32,8.54
ATOM,625.0,HG12,VAL,41.0,8.192,-18.483,17.192,0.09,1.32,4.45
ATOM,626.0,HG13,VAL,41.0,7.976,-18.617,15.579,0.09,1.32,0.0
ATOM,627.0,HG21,VAL,41.0,11.158,-18.409,15.343,0.09,1.32,8.37
ATOM,628.0,HG22,VAL,41.0,10.162,-17.856,14.171,0.09,1.32,0.0
ATOM,629.0,HG23,VAL,41.0,11.189,-16.83,14.922,0.09,1.32,0.0
ATOM,630.0,N,VAL,42.0,6.296,-16.068,16.201,-0.47,1.85,0.0
ATOM,631.0,CA,VAL,42.0,5.191,-15.84,17.117,0.07,2.275,0.03
ATOM,632.0,C,VAL,42.0,4.144,-16.929,17.099,0.51,2.0,0.0
ATOM,633.0,O,VAL,42.0,3.71,-17.383,16.042,-0.51,1.7,0.01
ATOM,634.0,CB,VAL,42.0,4.526,-14.461,16.822,-0.09,2.275,0.0
ATOM,635.0,CG1,VAL,42.0,3.277,-14.243,17.69,-0.27,2.06,22.02
ATOM,636.0,CG2,VAL,42.0,5.538,-13.342,17.077,-0.27,2.06,21.95
ATOM,637.0,H,VAL,42.0,6.194,-16.315,15.215,0.31,0.2245,0.0
ATOM,638.0,HA,VAL,42.0,5.574,-15.787,18.062,0.09,1.32,2.3
ATOM,639.0,HB,VAL,42.0,4.222,-14.473,15.875,0.09,1.32,0.0
ATOM,640.0,HG11,VAL,42.0,3.554,-14.147,18.643,0.09,1.32,8.36
ATOM,641.0,HG12,VAL,42.0,2.81,-13.415,17.388,0.09,1.32,11.16
ATOM,642.0,HG13,VAL,42.0,2.67,-15.028,17.592,0.09,1.32,0.0
ATOM,643.0,HG21,VAL,42.0,5.433,-13.015,18.014,0.09,1.32,8.36
ATOM,644.0,HG22,VAL,42.0,6.46,-13.7,16.944,0.09,1.32,0.0
ATOM,645.0,HG23,VAL,42.0,5.367,-12.596,16.436,0.09,1.32,2.08
ATOM,646.0,N,ASN,43.0,3.768,-17.398,18.279,-0.47,1.85,0.24
ATOM,647.0,CA,ASN,43.0,2.718,-18.391,18.323,0.07,2.275,0.0
ATOM,648.0,C,ASN,43.0,1.384,-17.678,18.263,0.51,2.0,0.0
ATOM,649.0,O,ASN,43.0,1.167,-16.625,18.875,-0.51,1.7,13.02
ATOM,650.0,CB,ASN,43.0,2.801,-19.257,19.576,-0.18,2.175,7.34
ATOM,651.0,CG,ASN,43.0,3.912,-20.276,19.477,0.55,2.0,1.89
ATOM,652.0,H,ASN,43.0,4.253,-17.02,19.091,0.31,0.2245,8.54
ATOM,653.0,HA,ASN,43.0,2.793,-18.945,17.495,0.09,1.32,0.0
ATOM,654.0,HB2,ASN,43.0,2.977,-18.667,20.356,0.09,1.32,6.72
ATOM,655.0,HB3,ASN,43.0,1.937,-19.735,19.686,0.09,1.32,0.0
ATOM,656.0,OD1,ASN,43.0,4.158,-20.825,18.394,-0.55,1.7,8.03
ATOM,657.0,ND2,ASN,43.0,4.594,-20.541,20.592,-0.62,1.85,27.52
ATOM,658.0,HD22,ASN,43.0,4.345,-20.068,21.44,0.3,0.2245,17.2
ATOM,659.0,HD21,ASN,43.0,5.338,-21.199,20.581,0.32,0.2245,21.56
ATOM,660.0,N,ASP,44.0,0.513,-18.225,17.439,-0.47,1.85,0.0
ATOM,661.0,CA,ASP,44.0,-0.827,-17.698,17.277,0.07,2.275,1.02
ATOM,662.0,C,ASP,44.0,-1.692,-18.595,18.162,0.51,2.0,0.0
ATOM,663.0,O,ASP,44.0,-2.84,-18.259,18.493,-0.51,1.7,16.75
ATOM,664.0,CB,ASP,44.0,-1.214,-17.831,15.802,-0.28,2.175,0.53
ATOM,665.0,CG,ASP,44.0,-2.519,-17.157,15.47,0.62,2.0,0.15
ATOM,666.0,OD1,ASP,44.0,-2.583,-15.91,15.518,-0.76,1.7,30.54
ATOM,667.0,OD2,ASP,44.0,-3.49,-17.878,15.151,-0.76,1.7,21.92
ATOM,668.0,H,ASP,44.0,0.867,-19.059,16.92,0.31,0.2245,0.0
ATOM,669.0,HA,ASP,44.0,-0.847,-16.799,17.676,0.09,1.32,5.17
ATOM,670.0,HB2,ASP,44.0,-0.488,-17.418,15.259,0.09,1.32,0.21
ATOM,671.0,HB3,ASP,44.0,-1.287,-18.802,15.593,0.09,1.32,0.0
ATOM,672.0,N,ASN,45.0,-1.088,-19.724,18.542,-0.47,1.85,0.0
ATOM,673.0,CA,ASN,45.0,-1.664,-20.783,19.376,0.07,2.275,1.1
ATOM,674.0,C,ASN,45.0,-2.182,-21.932,18.529,0.51,2.0,0.66
ATOM,675.0,O,ASN,45.0,-3.287,-21.888,17.987,-0.51,1.7,15.19
ATOM,676.0,CB,ASN,45.0,-2.767,-20.25,20.285,-0.18,2.175,12.25
ATOM,677.0,CG,ASN,45.0,-2.211,-19.56,21.512,0.55,2.0,2.63
ATOM,678.0,H,ASN,45.0,-0.088,-19.798,18.166,0.31,0.2245,0.0
ATOM,679.0,HA,ASN,45.0,-0.917,-21.146,19.947,0.09,1.32,3.92
ATOM,680.0,HB2,ASN,45.0,-3.311,-19.595,19.771,0.09,1.32,1.37
ATOM,681.0,HB3,ASN,45.0,-3.332,-21.015,20.578,0.09,1.32,6.48
ATOM,682.0,OD1,ASN,45.0,-1.531,-18.537,21.407,-0.55,1.7,22.62
ATOM,683.0,ND2,ASN,45.0,-2.484,-20.123,22.685,-0.62,1.85,28.29
ATOM,684.0,HD22,ASN,45.0,-3.027,-20.964,22.718,0.3,0.2245,17.02
ATOM,685.0,HD21,ASN,45.0,-2.149,-19.711,23.53,0.32,0.2245,21.49
ATOM,686.0,N,GLY,46.0,-1.366,-22.975,18.431,-0.47,1.85,4.24
ATOM,687.0,CA,GLY,46.0,-1.719,-24.116,17.612,-0.02,2.175,26.28
ATOM,688.0,C,GLY,46.0,-0.938,-23.938,16.327,0.51,2.0,2.25
ATOM,689.0,O,GLY,46.0,-0.503,-24.906,15.707,-0.51,1.7,33.05
ATOM,690.0,H,GLY,46.0,-0.489,-22.899,18.973,0.31,0.2245,11.87
ATOM,691.0,HA2,GLY,46.0,-1.442,-24.951,18.056,0.09,1.32,10.73
ATOM,692.0,HA3,GLY,46.0,-2.685,-24.108,17.418,0.09,1.32,6.18
ATOM,693.0,N,SER,47.0,-0.771,-22.679,15.926,-0.47,1.85,0.03
ATOM,694.0,CA,SER,47.0,-0.01,-22.373,14.72,0.07,2.275,0.8
ATOM,695.0,C,SER,47.0,1.142,-21.417,15.069,0.51,2.0,0.0
ATOM,696.0,O,SER,47.0,1.156,-20.799,16.154,-0.51,1.7,0.06
ATOM,697.0,CB,SER,47.0,-0.928,-21.742,13.673,0.05,2.175,1.61
ATOM,698.0,OG,SER,47.0,-1.212,-20.389,14.013,-0.66,1.77,0.55
ATOM,699.0,H,SER,47.0,-1.213,-21.964,16.525,0.31,0.2245,0.0
ATOM,700.0,HA,SER,47.0,0.394,-23.221,14.378,0.09,1.32,0.99
ATOM,701.0,HB2,SER,47.0,-0.474,-21.763,12.791,0.09,1.32,0.0
ATOM,702.0,HB3,SER,47.0,-1.779,-22.251,13.642,0.09,1.32,0.32
ATOM,703.0,HG,SER,47.0,-0.366,-19.931,14.279,0.43,0.2245,0.0
ATOM,704.0,N,THR,48.0,2.096,-21.284,14.154,-0.47,1.85,0.0
ATOM,705.0,CA,THR,48.0,3.235,-20.408,14.364,0.07,2.275,0.0
ATOM,706.0,C,THR,48.0,3.495,-19.537,13.155,0.51,2.0,0.0
ATOM,707.0,O,THR,48.0,3.407,-20.01,12.038,-0.51,1.7,0.0
ATOM,708.0,CB,THR,48.0,4.467,-21.247,14.674,0.14,2.275,0.78
ATOM,709.0,OG1,THR,48.0,4.195,-21.989,15.858,-0.66,1.77,14.55
ATOM,710.0,CG2,THR,48.0,5.683,-20.384,14.894,-0.27,2.06,1.38
ATOM,711.0,H,THR,48.0,1.956,-21.851,13.294,0.31,0.2245,0.0
ATOM,712.0,HA,THR,48.0,3.037,-19.808,15.154,0.09,1.32,0.0
ATOM,713.0,HB,THR,48.0,4.623,-21.903,13.915,0.09,1.32,0.0
ATOM,714.0,HG21,THR,48.0,5.41,-19.425,15.022,0.09,1.32,0.0
ATOM,715.0,HG22,THR,48.0,6.182,-20.689,15.712,0.09,1.32,3.6
ATOM,716.0,HG23,THR,48.0,6.298,-20.442,14.101,0.09,1.32,0.0
ATOM,717.0,HG1,THR,48.0,3.265,-21.794,16.192,0.43,0.2245,2.07
ATOM,718.0,N,GLU,49.0,3.829,-18.266,13.379,-0.47,1.85,0.0
ATOM,719.0,CA,GLU,49.0,4.074,-17.335,12.266,0.07,2.275,0.0
ATOM,720.0,C,GLU,49.0,5.546,-16.924,12.276,0.51,2.0,0.0
ATOM,721.0,O,GLU,49.0,6.144,-16.698,13.345,-0.51,1.7,0.0
ATOM,722.0,CB,GLU,49.0,3.102,-16.136,12.359,-0.18,2.175,0.0
ATOM,723.0,CG,GLU,49.0,1.638,-16.608,12.174,-0.28,2.175,0.17
ATOM,724.0,CD,GLU,49.0,0.559,-15.519,12.385,0.62,2.0,0.49
ATOM,725.0,OE1,GLU,49.0,0.9,-14.322,12.557,-0.76,1.7,22.39
ATOM,726.0,OE2,GLU,49.0,-0.651,-15.889,12.378,-0.76,1.7,18.2
ATOM,727.0,H,GLU,49.0,3.9,-17.997,14.373,0.31,0.2245,0.0
ATOM,728.0,HA,GLU,49.0,3.856,-17.782,11.402,0.09,1.32,0.0
ATOM,729.0,HB2,GLU,49.0,3.174,-15.762,13.246,0.09,1.32,0.0
ATOM,730.0,HB3,GLU,49.0,3.304,-15.531,11.635,0.09,1.32,0.0
ATOM,731.0,HG2,GLU,49.0,1.541,-16.938,11.249,0.09,1.32,0.0
ATOM,732.0,HG3,GLU,49.0,1.462,-17.322,12.833,0.09,1.32,0.0
ATOM,733.0,N,TYR,50.0,6.099,-16.811,11.072,-0.47,1.85,0.0
ATOM,734.0,CA,TYR,50.0,7.525,-16.591,10.856,0.07,2.275,0.0
ATOM,735.0,C,TYR,50.0,8.047,-15.4,10.089,0.51,2.0,0.0
ATOM,736.0,O,TYR,50.0,7.583,-15.097,8.992,-0.51,1.7,0.03
ATOM,737.0,CB,TYR,50.0,8.107,-17.808,10.113,-0.18,2.175,0.0
ATOM,738.0,CG,TYR,50.0,8.003,-19.135,10.824,0.0,1.9924,0.0
ATOM,739.0,CD1,TYR,50.0,6.782,-19.811,10.952,-0.115,1.9924,0.0
ATOM,740.0,CD2,TYR,50.0,9.138,-19.709,11.385,-0.115,1.9924,0.0
ATOM,741.0,CE1,TYR,50.0,6.707,-21.039,11.631,-0.115,1.9924,0.0
ATOM,742.0,CE2,TYR,50.0,9.081,-20.904,12.059,-0.115,1.9924,0.87
ATOM,743.0,CZ,TYR,50.0,7.876,-21.569,12.189,0.11,1.9924,0.0
ATOM,744.0,OH,TYR,50.0,7.87,-22.72,12.937,-0.54,1.77,11.2
ATOM,745.0,H,TYR,50.0,5.413,-16.895,10.279,0.31,0.2245,0.0
ATOM,746.0,HA,TYR,50.0,7.978,-16.575,11.81,0.09,1.32,0.0
ATOM,747.0,HB2,TYR,50.0,7.631,-17.885,9.23,0.09,1.32,0.0
ATOM,748.0,HB3,TYR,50.0,9.08,-17.622,9.935,0.09,1.32,0.0
ATOM,749.0,HD1,TYR,50.0,5.955,-19.42,10.56,0.115,1.3582,0.0
ATOM,750.0,HD2,TYR,50.0,10.018,-19.234,11.291,0.115,1.3582,0.0
ATOM,751.0,HE1,TYR,50.0,5.846,-21.518,11.711,0.115,1.3582,0.0
ATOM,752.0,HE2,TYR,50.0,9.913,-21.3,12.461,0.115,1.3582,6.22
ATOM,753.0,HH,TYR,50.0,7.275,-23.393,12.501,0.43,0.2245,0.06
ATOM,754.0,N,GLY,51.0,9.085,-14.786,10.65,-0.47,1.85,0.0
ATOM,755.0,CA,GLY,51.0,9.791,-13.702,9.99,-0.02,2.175,0.0
ATOM,756.0,C,GLY,51.0,9.122,-12.358,9.827,0.51,2.0,0.0
ATOM,757.0,O,GLY,51.0,8.115,-12.072,10.474,-0.51,1.7,0.0
ATOM,758.0,H,GLY,51.0,9.342,-15.148,11.593,0.31,0.2245,0.0
ATOM,759.0,HA2,GLY,51.0,10.706,-13.56,10.482,0.09,1.32,0.0
ATOM,760.0,HA3,GLY,51.0,10.097,-14.038,9.045,0.09,1.32,0.0
ATOM,761.0,N,LEU,52.0,9.724,-11.551,8.954,-0.47,1.85,0.0
ATOM,762.0,CA,LEU,52.0,9.292,-10.192,8.636,0.07,2.275,0.0
ATOM,763.0,C,LEU,52.0,7.804,-10.057,8.319,0.51,2.0,0.0
ATOM,764.0,O,LEU,52.0,7.129,-9.116,8.785,-0.51,1.7,0.0
ATOM,765.0,CB,LEU,52.0,10.079,-9.679,7.428,-0.18,2.175,0.0
ATOM,766.0,CG,LEU,52.0,9.819,-8.236,6.966,-0.09,2.275,0.0
ATOM,767.0,CD1,LEU,52.0,10.103,-7.223,8.101,-0.27,2.06,0.0
ATOM,768.0,CD2,LEU,52.0,10.695,-7.938,5.741,-0.27,2.06,0.0
ATOM,769.0,H,LEU,52.0,10.571,-11.992,8.494,0.31,0.2245,0.14
ATOM,770.0,HA,LEU,52.0,9.501,-9.595,9.437,0.09,1.32,0.0
ATOM,771.0,HB2,LEU,52.0,11.055,-9.745,7.647,0.09,1.32,0.0
ATOM,772.0,HB3,LEU,52.0,9.875,-10.277,6.652,0.09,1.32,0.0
ATOM,773.0,HG,LEU,52.0,8.864,-8.148,6.687,0.09,1.32,0.0
ATOM,774.0,HD11,LEU,52.0,11.057,-7.307,8.376,0.09,1.32,0.0
ATOM,775.0,HD12,LEU,52.0,9.923,-6.303,7.763,0.09,1.32,0.0
ATOM,776.0,HD13,LEU,52.0,9.506,-7.428,8.871,0.09,1.32,0.0
ATOM,777.0,HD21,LEU,52.0,10.462,-8.576,5.009,0.09,1.32,0.0
ATOM,778.0,HD22,LEU,52.0,10.528,-7.001,5.439,0.09,1.32,0.0
ATOM,779.0,HD23,LEU,52.0,11.656,-8.046,5.991,0.09,1.32,0.0
ATOM,780.0,N,PHE,53.0,7.321,-10.99,7.499,-0.47,1.85,0.0
ATOM,781.0,CA,PHE,53.0,5.945,-11.017,7.048,0.07,2.275,0.0
ATOM,782.0,C,PHE,53.0,4.99,-11.808,7.955,0.51,2.0,0.0
ATOM,783.0,O,PHE,53.0,3.777,-11.759,7.757,-0.51,1.7,0.04
ATOM,784.0,CB,PHE,53.0,5.903,-11.603,5.612,-0.18,2.175,0.0
ATOM,785.0,CG,PHE,53.0,6.341,-10.635,4.545,0.0,1.9924,0.0
ATOM,786.0,CD1,PHE,53.0,5.404,-9.776,3.931,-0.115,1.9924,0.0
ATOM,787.0,CD2,PHE,53.0,7.691,-10.558,4.158,-0.115,1.9924,0.0
ATOM,788.0,CE1,PHE,53.0,5.807,-8.84,2.932,-0.115,1.9924,0.0
ATOM,789.0,CE2,PHE,53.0,8.108,-9.625,3.161,-0.115,1.9924,0.0
ATOM,790.0,CZ,PHE,53.0,7.174,-8.771,2.551,-0.115,1.9924,0.0
ATOM,791.0,H,PHE,53.0,8.033,-11.707,7.209,0.31,0.2245,0.1
ATOM,792.0,HA,PHE,53.0,5.608,-10.055,7.052,0.09,1.32,0.0
ATOM,793.0,HB2,PHE,53.0,6.51,-12.38,5.594,0.09,1.32,0.04
ATOM,794.0,HB3,PHE,53.0,4.97,-11.865,5.429,0.09,1.32,0.0
ATOM,795.0,HD1,PHE,53.0,4.451,-9.814,4.19,0.115,1.3582,0.0
ATOM,796.0,HD2,PHE,53.0,8.365,-11.151,4.575,0.115,1.3582,0.0
ATOM,797.0,HE1,PHE,53.0,5.132,-8.248,2.512,0.115,1.3582,0.0
ATOM,798.0,HE2,PHE,53.0,9.081,-9.592,2.903,0.115,1.3582,0.0
ATOM,799.0,HZ,PHE,53.0,7.456,-8.122,1.86,0.115,1.3582,0.0
ATOM,800.0,N,GLN,54.0,5.537,-12.513,8.945,-0.47,1.85,0.0
ATOM,801.0,CA,GLN,54.0,4.765,-13.369,9.843,0.07,2.275,0.0
ATOM,802.0,C,GLN,54.0,3.871,-14.365,9.076,0.51,2.0,0.0
ATOM,803.0,O,GLN,54.0,2.64,-14.407,9.259,-0.51,1.7,0.57
ATOM,804.0,CB,GLN,54.0,3.928,-12.519,10.825,-0.18,2.175,2.83
ATOM,805.0,CG,GLN,54.0,4.758,-11.91,11.973,-0.18,2.175,0.46
ATOM,806.0,CD,GLN,54.0,5.392,-12.961,12.87,0.55,2.0,0.0
ATOM,807.0,H,GLN,54.0,6.577,-12.4,9.025,0.31,0.2245,0.0
ATOM,808.0,HA,GLN,54.0,5.414,-13.911,10.395,0.09,1.32,0.0
ATOM,809.0,HB2,GLN,54.0,3.507,-11.77,10.321,0.09,1.32,0.01
ATOM,810.0,HB3,GLN,54.0,3.225,-13.098,11.23,0.09,1.32,0.0
ATOM,811.0,HG2,GLN,54.0,5.481,-11.35,11.572,0.09,1.32,0.0
ATOM,812.0,HG3,GLN,54.0,4.154,-11.336,12.524,0.09,1.32,2.11
ATOM,813.0,OE1,GLN,54.0,4.786,-13.396,13.841,-0.55,1.7,1.91
ATOM,814.0,NE2,GLN,54.0,6.633,-13.39,12.531,-0.62,1.85,0.0
ATOM,815.0,HE21,GLN,54.0,7.108,-14.07,13.09,0.32,0.2245,0.0
ATOM,816.0,HE22,GLN,54.0,7.057,-12.997,11.694,0.3,0.2245,0.0
ATOM,817.0,N,ILE,55.0,4.517,-15.163,8.229,-0.47,1.85,0.0
ATOM,818.0,CA,ILE,55.0,3.889,-16.192,7.394,0.07,2.275,0.0
ATOM,819.0,C,ILE,55.0,3.628,-17.434,8.241,0.51,2.0,0.0
ATOM,820.0,O,ILE,55.0,4.554,-17.988,8.82,-0.51,1.7,0.0
ATOM,821.0,CB,ILE,55.0,4.827,-16.527,6.208,-0.09,2.275,0.0
ATOM,822.0,CG1,ILE,55.0,4.88,-15.316,5.278,-0.18,2.175,0.0
ATOM,823.0,CG2,ILE,55.0,4.38,-17.797,5.498,-0.27,2.06,0.0
ATOM,824.0,CD1,ILE,55.0,5.929,-15.364,4.203,-0.27,2.06,0.0
ATOM,825.0,H,ILE,55.0,5.564,-14.988,8.205,0.31,0.2245,0.0
ATOM,826.0,HA,ILE,55.0,2.997,-15.831,7.131,0.09,1.32,0.0
ATOM,827.0,HB,ILE,55.0,5.73,-16.679,6.572,0.09,1.32,0.0
ATOM,828.0,HG12,ILE,55.0,3.974,-15.211,4.848,0.09,1.32,0.0
ATOM,829.0,HG13,ILE,55.0,5.035,-14.496,5.846,0.09,1.32,0.0
ATOM,830.0,HG21,ILE,55.0,5.018,-18.008,4.759,0.09,1.32,0.0
ATOM,831.0,HG22,ILE,55.0,4.363,-18.554,6.149,0.09,1.32,0.0
ATOM,832.0,HG23,ILE,55.0,3.466,-17.663,5.12,0.09,1.32,0.0
ATOM,833.0,HD11,ILE,55.0,5.773,-16.159,3.616,0.09,1.32,0.0
ATOM,834.0,HD12,ILE,55.0,5.883,-14.531,3.651,0.09,1.32,0.0
ATOM,835.0,HD13,ILE,55.0,6.836,-15.434,4.621,0.09,1.32,0.17
ATOM,836.0,N,SER,56.0,2.366,-17.862,8.302,-0.47,1.85,0.0
ATOM,837.0,CA,SER,56.0,1.948,-18.994,9.128,0.07,2.275,0.0
ATOM,838.0,C,SER,56.0,2.195,-20.432,8.607,0.51,2.0,0.0
ATOM,839.0,O,SER,56.0,2.064,-20.696,7.405,-0.51,1.7,0.0
ATOM,840.0,CB,SER,56.0,0.448,-18.838,9.423,0.05,2.175,4.8
ATOM,841.0,OG,SER,56.0,-0.038,-19.935,10.162,-0.66,1.77,0.35
ATOM,842.0,H,SER,56.0,1.7,-17.317,7.707,0.31,0.2245,0.0
ATOM,843.0,HA,SER,56.0,2.44,-18.918,10.037,0.09,1.32,0.0
ATOM,844.0,HB2,SER,56.0,0.314,-18.002,9.947,0.09,1.32,0.0
ATOM,845.0,HB3,SER,56.0,-0.039,-18.782,8.557,0.09,1.32,0.0
ATOM,846.0,HG,SER,56.0,0.291,-19.879,11.105,0.43,0.2245,0.0
ATOM,847.0,N,ASP,57.0,2.542,-21.36,9.508,-0.47,1.85,0.0
ATOM,848.0,CA,ASP,57.0,2.721,-22.762,9.089,0.07,2.275,0.0
ATOM,849.0,C,ASP,57.0,1.373,-23.513,8.974,0.51,2.0,0.0
ATOM,850.0,O,ASP,57.0,1.323,-24.699,8.598,-0.51,1.7,0.0
ATOM,851.0,CB,ASP,57.0,3.668,-23.524,10.033,-0.28,2.175,0.0
ATOM,852.0,CG,ASP,57.0,3.164,-23.63,11.494,0.62,2.0,0.0
ATOM,853.0,OD1,ASP,57.0,2.11,-23.073,11.878,-0.76,1.7,0.46
ATOM,854.0,OD2,ASP,57.0,3.87,-24.302,12.281,-0.76,1.7,3.29
ATOM,855.0,H,ASP,57.0,2.666,-21.027,10.466,0.31,0.2245,0.0
ATOM,856.0,HA,ASP,57.0,3.123,-22.747,8.165,0.09,1.32,0.0
ATOM,857.0,HB2,ASP,57.0,3.782,-24.448,9.68,0.09,1.32,0.0
ATOM,858.0,HB3,ASP,57.0,4.544,-23.051,10.043,0.09,1.32,0.0
ATOM,859.0,N,ARG,58.0,0.277,-22.821,9.277,-0.47,1.85,0.0
ATOM,860.0,CA,ARG,58.0,-1.038,-23.453,9.185,0.07,2.275,0.0
ATOM,861.0,C,ARG,58.0,-1.348,-23.822,7.75,0.51,2.0,0.0
ATOM,862.0,O,ARG,58.0,-1.761,-24.938,7.489,-0.51,1.7,2.42
ATOM,863.0,CB,ARG,58.0,-2.15,-22.544,9.712,-0.18,2.175,0.13
ATOM,864.0,CG,ARG,58.0,-3.529,-23.211,9.731,-0.18,2.175,4.81
ATOM,865.0,CD,ARG,58.0,-4.633,-22.179,10.019,0.2,2.175,7.0
ATOM,866.0,NE,ARG,58.0,-4.406,-21.442,11.268,-0.7,1.85,4.87
ATOM,867.0,CZ,ARG,58.0,-4.701,-21.907,12.481,0.64,2.0,1.89
ATOM,868.0,NH1,ARG,58.0,-5.248,-23.115,12.607,-0.8,1.85,21.47
ATOM,869.0,NH2,ARG,58.0,-4.44,-21.173,13.566,-0.8,1.85,10.74
ATOM,870.0,H,ARG,58.0,0.431,-21.849,9.568,0.31,0.2245,0.0
ATOM,871.0,HA,ARG,58.0,-1.032,-24.289,9.744,0.09,1.32,1.28
ATOM,872.0,HB2,ARG,58.0,-1.927,-22.281,10.642,0.09,1.32,0.0
ATOM,873.0,HB3,ARG,58.0,-2.207,-21.745,9.126,0.09,1.32,0.95
ATOM,874.0,HG2,ARG,58.0,-3.713,-23.617,8.846,0.09,1.32,0.0
ATOM,875.0,HG3,ARG,58.0,-3.556,-23.895,10.448,0.09,1.32,4.25
ATOM,876.0,HD2,ARG,58.0,-4.655,-21.538,9.257,0.09,1.32,1.56
ATOM,877.0,HD3,ARG,58.0,-5.498,-22.67,10.078,0.09,1.32,3.97
ATOM,878.0,HE,ARG,58.0,-4.0,-20.523,11.202,0.44,0.2245,10.33
ATOM,879.0,HH11,ARG,58.0,-5.424,-23.689,11.816,0.46,0.2245,8.59
ATOM,880.0,HH12,ARG,58.0,-5.487,-23.454,13.527,0.46,0.2245,17.45
ATOM,881.0,HH21,ARG,58.0,-4.002,-20.278,13.453,0.46,0.2245,1.13
ATOM,882.0,HH22,ARG,58.0,-4.676,-21.511,14.469,0.46,0.2245,7.02
ATOM,883.0,N,PHE,59.0,-1.114,-22.905,6.822,-0.47,1.85,0.0
ATOM,884.0,CA,PHE,59.0,-1.409,-23.15,5.409,0.07,2.275,0.0
ATOM,885.0,C,PHE,59.0,-0.293,-22.818,4.433,0.51,2.0,0.0
ATOM,886.0,O,PHE,59.0,-0.281,-23.345,3.306,-0.51,1.7,0.0
ATOM,887.0,CB,PHE,59.0,-2.599,-22.28,4.921,-0.18,2.175,0.37
ATOM,888.0,CG,PHE,59.0,-3.91,-22.564,5.599,0.0,1.9924,0.37
ATOM,889.0,CD1,PHE,59.0,-4.392,-23.862,5.703,-0.115,1.9924,3.96
ATOM,890.0,CD2,PHE,59.0,-4.687,-21.517,6.099,-0.115,1.9924,8.47
ATOM,891.0,CE1,PHE,59.0,-5.635,-24.127,6.295,-0.115,1.9924,14.27
ATOM,892.0,CE2,PHE,59.0,-5.93,-21.763,6.692,-0.115,1.9924,11.36
ATOM,893.0,CZ,PHE,59.0,-6.408,-23.065,6.793,-0.115,1.9924,12.77
ATOM,894.0,H,PHE,59.0,-0.712,-22.015,7.173,0.31,0.2245,0.0
ATOM,895.0,HA,PHE,59.0,-1.589,-24.155,5.32,0.09,1.32,0.0
ATOM,896.0,HB2,PHE,59.0,-2.359,-21.334,5.091,0.09,1.32,0.0
ATOM,897.0,HB3,PHE,59.0,-2.707,-22.45,3.951,0.09,1.32,0.0
ATOM,898.0,HD1,PHE,59.0,-3.853,-24.624,5.356,0.115,1.3582,0.47
ATOM,899.0,HD2,PHE,59.0,-4.351,-20.579,6.034,0.115,1.3582,4.49
ATOM,900.0,HE1,PHE,59.0,-5.965,-25.068,6.359,0.115,1.3582,16.07
ATOM,901.0,HE2,PHE,59.0,-6.475,-20.987,7.043,0.115,1.3582,16.99
ATOM,902.0,HZ,PHE,59.0,-7.289,-23.253,7.213,0.115,1.3582,17.59
ATOM,903.0,N,TRP,60.0,0.606,-21.919,4.836,-0.47,1.85,0.0
ATOM,904.0,CA,TRP,60.0,1.609,-21.404,3.899,0.07,2.275,0.0
ATOM,905.0,C,TRP,60.0,3.03,-21.969,3.812,0.51,2.0,0.0
ATOM,906.0,O,TRP,60.0,3.58,-22.051,2.712,-0.51,1.7,0.0
ATOM,907.0,CB,TRP,60.0,1.655,-19.869,4.054,-0.18,2.175,0.0
ATOM,908.0,CG,TRP,60.0,0.248,-19.247,4.051,-0.03,1.9924,0.0
ATOM,909.0,CD1,TRP,60.0,-0.544,-18.963,5.143,0.035,1.9924,0.13
ATOM,910.0,CD2,TRP,60.0,-0.554,-18.978,2.901,-0.02,1.8,0.0
ATOM,911.0,NE1,TRP,60.0,-1.791,-18.546,4.731,-0.61,1.85,0.0
ATOM,912.0,CE2,TRP,60.0,-1.82,-18.547,3.359,0.13,1.8,0.0
ATOM,913.0,CE3,TRP,60.0,-0.323,-19.064,1.52,-0.115,1.9924,0.0
ATOM,914.0,CZ2,TRP,60.0,-2.862,-18.208,2.476,-0.115,1.9924,3.69
ATOM,915.0,CZ3,TRP,60.0,-1.345,-18.73,0.646,-0.115,1.9924,0.0
ATOM,916.0,CH2,TRP,60.0,-2.604,-18.306,1.127,-0.115,1.9924,0.52
ATOM,917.0,H,TRP,60.0,0.536,-21.632,5.819,0.31,0.2245,0.0
ATOM,918.0,HA,TRP,60.0,1.191,-21.495,2.935,0.09,1.32,0.0
ATOM,919.0,HB2,TRP,60.0,2.061,-19.641,4.917,0.09,1.32,0.0
ATOM,920.0,HB3,TRP,60.0,2.137,-19.479,3.293,0.09,1.32,0.0
ATOM,921.0,HD1,TRP,60.0,-0.255,-19.048,6.092,0.115,1.3582,0.0
ATOM,922.0,HE1,TRP,60.0,-2.544,-18.287,5.328,0.38,0.2245,2.64
ATOM,923.0,HE3,TRP,60.0,0.563,-19.36,1.168,0.115,1.3582,0.0
ATOM,924.0,HZ2,TRP,60.0,-3.747,-17.911,2.832,0.115,1.3582,2.4
ATOM,925.0,HZ3,TRP,60.0,-1.191,-18.79,-0.333,0.115,1.3582,0.0
ATOM,926.0,HH2,TRP,60.0,-3.314,-18.075,0.465,0.115,1.3582,0.0
ATOM,927.0,N,CYS,61.0,3.644,-22.317,4.94,-0.47,1.85,0.0
ATOM,928.0,CA,CYS,61.0,4.999,-22.898,4.899,0.07,2.275,0.0
ATOM,929.0,C,CYS,61.0,4.999,-24.203,5.714,0.51,2.0,0.0
ATOM,930.0,O,CYS,61.0,4.107,-24.426,6.541,-0.51,1.7,0.0
ATOM,931.0,CB,CYS,61.0,6.042,-21.889,5.444,-0.1,2.175,0.0
ATOM,932.0,SG,CYS,61.0,5.854,-21.391,7.186,-0.08,1.975,0.0
ATOM,933.0,H,CYS,61.0,3.119,-22.155,5.805,0.31,0.2245,0.0
ATOM,934.0,HA,CYS,61.0,5.213,-23.124,3.955,0.09,1.32,0.0
ATOM,935.0,HB2,CYS,61.0,6.95,-22.302,5.33,0.09,1.32,0.0
ATOM,936.0,HB3,CYS,61.0,5.99,-21.063,4.873,0.09,1.32,0.0
ATOM,937.0,N,LYS,62.0,5.97,-25.078,5.469,-0.47,1.85,0.0
ATOM,938.0,CA,LYS,62.0,6.044,-26.349,6.206,0.07,2.275,0.0
ATOM,939.0,C,LYS,62.0,7.027,-26.248,7.366,0.51,2.0,0.0
ATOM,940.0,O,LYS,62.0,8.185,-25.893,7.176,-0.51,1.7,0.97
ATOM,941.0,CB,LYS,62.0,6.47,-27.473,5.258,-0.18,2.175,0.0
ATOM,942.0,CG,LYS,62.0,6.869,-28.807,5.916,-0.18,2.175,0.52
ATOM,943.0,CD,LYS,62.0,7.317,-29.776,4.809,-0.18,2.175,4.23
ATOM,944.0,CE,LYS,62.0,7.563,-31.191,5.331,0.21,2.175,7.09
ATOM,945.0,NZ,LYS,62.0,7.884,-32.141,4.207,-0.3,1.85,14.91
ATOM,946.0,H,LYS,62.0,6.646,-24.801,4.742,0.31,0.2245,0.0
ATOM,947.0,HA,LYS,62.0,5.131,-26.562,6.57,0.09,1.32,0.0
ATOM,948.0,HB2,LYS,62.0,5.709,-27.66,4.628,0.09,1.32,0.01
ATOM,949.0,HB3,LYS,62.0,7.257,-27.15,4.72,0.09,1.32,0.11
ATOM,950.0,HG2,LYS,62.0,7.623,-28.651,6.528,0.09,1.32,3.25
ATOM,951.0,HG3,LYS,62.0,6.087,-29.186,6.376,0.09,1.32,0.0
ATOM,952.0,HD2,LYS,62.0,6.603,-29.813,4.114,0.09,1.32,2.48
ATOM,953.0,HD3,LYS,62.0,8.164,-29.433,4.411,0.09,1.32,8.08
ATOM,954.0,HE2,LYS,62.0,8.331,-31.174,5.969,0.05,1.32,11.1
ATOM,955.0,HE3,LYS,62.0,6.743,-31.513,5.801,0.05,1.32,0.0
ATOM,956.0,HZ1,LYS,62.0,7.19,-32.048,3.498,0.33,0.2245,17.01
ATOM,957.0,HZ2,LYS,62.0,8.782,-31.913,3.839,0.33,0.2245,18.64
ATOM,958.0,HZ3,LYS,62.0,7.887,-33.072,4.562,0.33,0.2245,20.35
ATOM,959.0,N,SER,63.0,6.557,-26.548,8.566,-0.47,1.85,0.0
ATOM,960.0,CA,SER,63.0,7.4,-26.497,9.759,0.07,2.275,0.93
ATOM,961.0,C,SER,63.0,7.594,-27.922,10.274,0.51,2.0,1.24
ATOM,962.0,O,SER,63.0,6.951,-28.85,9.795,-0.51,1.7,0.84
ATOM,963.0,CB,SER,63.0,6.728,-25.677,10.845,0.05,2.175,0.51
ATOM,964.0,OG,SER,63.0,5.604,-26.384,11.343,-0.66,1.77,0.0
ATOM,965.0,H,SER,63.0,5.553,-26.819,8.59,0.31,0.2245,0.0
ATOM,966.0,HA,SER,63.0,8.293,-26.142,9.495,0.09,1.32,2.78
ATOM,967.0,HB2,SER,63.0,7.369,-25.529,11.585,0.09,1.32,0.11
ATOM,968.0,HB3,SER,63.0,6.422,-24.817,10.461,0.09,1.32,0.0
ATOM,969.0,HG,SER,63.0,4.934,-25.735,11.7,0.43,0.2245,0.0
ATOM,970.0,N,SER,64.0,8.466,-28.103,11.259,-0.47,1.85,2.88
ATOM,971.0,CA,SER,64.0,8.688,-29.451,11.793,0.07,2.275,3.98
ATOM,972.0,C,SER,64.0,7.533,-29.852,12.696,0.51,2.0,0.25
ATOM,973.0,O,SER,64.0,7.133,-31.004,12.727,-0.51,1.7,12.56
ATOM,974.0,CB,SER,64.0,9.986,-29.499,12.587,0.05,2.175,28.07
ATOM,975.0,OG,SER,64.0,9.903,-28.61,13.686,-0.66,1.77,12.0
ATOM,976.0,H,SER,64.0,8.945,-27.265,11.596,0.31,0.2245,5.59
ATOM,977.0,HA,SER,64.0,8.715,-30.088,11.019,0.09,1.32,6.35
ATOM,978.0,HB2,SER,64.0,10.125,-30.42,12.925,0.09,1.32,10.13
ATOM,979.0,HB3,SER,64.0,10.734,-29.219,12.001,0.09,1.32,11.1
ATOM,980.0,HG,SER,64.0,9.147,-27.972,13.543,0.43,0.2245,0.0
ATOM,981.0,N,GLU,65.0,6.998,-28.882,13.424,-0.47,1.85,0.0
ATOM,982.0,CA,GLU,65.0,5.886,-29.111,14.342,0.07,2.275,1.32
ATOM,983.0,C,GLU,65.0,4.58,-29.468,13.626,0.51,2.0,0.0
ATOM,984.0,O,GLU,65.0,3.71,-30.131,14.196,-0.51,1.7,26.38
ATOM,985.0,CB,GLU,65.0,5.662,-27.862,15.208,-0.18,2.175,11.69
ATOM,986.0,CG,GLU,65.0,6.868,-27.419,16.041,-0.28,2.175,21.36
ATOM,987.0,CD,GLU,65.0,8.073,-27.012,15.193,0.62,2.0,2.99
ATOM,988.0,OE1,GLU,65.0,7.881,-26.371,14.14,-0.76,1.7,4.12
ATOM,989.0,OE2,GLU,65.0,9.221,-27.315,15.588,-0.76,1.7,30.53
ATOM,990.0,H,GLU,65.0,7.437,-27.944,13.286,0.31,0.2245,0.0
ATOM,991.0,HA,GLU,65.0,6.126,-29.858,14.986,0.09,1.32,9.72
ATOM,992.0,HB2,GLU,65.0,5.431,-27.116,14.603,0.09,1.32,0.05
ATOM,993.0,HB3,GLU,65.0,4.926,-28.06,15.836,0.09,1.32,9.25
ATOM,994.0,HG2,GLU,65.0,6.603,-26.635,16.571,0.09,1.32,10.8
ATOM,995.0,HG3,GLU,65.0,7.147,-28.174,16.605,0.09,1.32,9.47
ATOM,996.0,N,PHE,66.0,4.442,-29.014,12.385,-0.47,1.85,0.0
ATOM,997.0,CA,PHE,66.0,3.246,-29.275,11.589,0.07,2.275,0.0
ATOM,998.0,C,PHE,66.0,3.684,-29.601,10.161,0.51,2.0,0.0
ATOM,999.0,O,PHE,66.0,3.649,-28.743,9.272,-0.51,1.7,0.0
ATOM,1000.0,CB,PHE,66.0,2.327,-28.043,11.615,-0.18,2.175,2.25
ATOM,1001.0,CG,PHE,66.0,0.982,-28.261,10.973,0.0,1.9924,0.52
ATOM,1002.0,CD1,PHE,66.0,0.262,-29.436,11.199,-0.115,1.9924,8.4
ATOM,1003.0,CD2,PHE,66.0,0.421,-27.28,10.154,-0.115,1.9924,3.94
ATOM,1004.0,CE1,PHE,66.0,-0.999,-29.629,10.615,-0.115,1.9924,10.97
ATOM,1005.0,CE2,PHE,66.0,-0.835,-27.462,9.568,-0.115,1.9924,2.63
ATOM,1006.0,CZ,PHE,66.0,-1.548,-28.64,9.798,-0.115,1.9924,11.2
ATOM,1007.0,H,PHE,66.0,5.252,-28.461,12.032,0.31,0.2245,0.0
ATOM,1008.0,HA,PHE,66.0,2.824,-30.099,11.955,0.09,1.32,0.05
ATOM,1009.0,HB2,PHE,66.0,2.179,-27.799,12.562,0.09,1.32,5.35
ATOM,1010.0,HB3,PHE,66.0,2.786,-27.316,11.125,0.09,1.32,0.0
ATOM,1011.0,HD1,PHE,66.0,0.64,-30.147,11.779,0.115,1.3582,7.61
ATOM,1012.0,HD2,PHE,66.0,0.924,-26.433,9.984,0.115,1.3582,0.0
ATOM,1013.0,HE1,PHE,66.0,-1.497,-30.482,10.79,0.115,1.3582,13.67
ATOM,1014.0,HE2,PHE,66.0,-1.22,-26.738,8.978,0.115,1.3582,0.0
ATOM,1015.0,HZ,PHE,66.0,-2.442,-28.776,9.384,0.115,1.3582,17.7
ATOM,1016.0,N,PRO,67.0,4.119,-30.857,9.934,-0.29,1.85,0.0
ATOM,1017.0,CA,PRO,67.0,4.596,-31.4,8.652,0.02,2.275,0.0
ATOM,1018.0,C,PRO,67.0,3.513,-31.644,7.611,0.51,2.0,0.26
ATOM,1019.0,O,PRO,67.0,3.782,-31.581,6.408,-0.51,1.7,11.42
ATOM,1020.0,CB,PRO,67.0,5.282,-32.706,9.054,-0.18,2.175,15.49
ATOM,1021.0,CG,PRO,67.0,5.609,-32.508,10.52,-0.18,2.175,13.57
ATOM,1022.0,CD,PRO,67.0,4.374,-31.818,11.019,0.0,2.175,7.93
ATOM,1023.0,HA,PRO,67.0,5.332,-30.797,8.269,0.09,1.32,0.0
ATOM,1024.0,HB2,PRO,67.0,4.669,-33.485,8.936,0.09,1.32,8.36
ATOM,1025.0,HB3,PRO,67.0,6.116,-32.851,8.527,0.09,1.32,4.83
ATOM,1026.0,HG2,PRO,67.0,5.739,-33.383,10.961,0.09,1.32,10.99
ATOM,1027.0,HG3,PRO,67.0,6.409,-31.935,10.616,0.09,1.32,0.0
ATOM,1028.0,HD2,PRO,67.0,3.613,-32.45,11.113,0.09,1.32,8.24
ATOM,1029.0,HD3,PRO,67.0,4.54,-31.343,11.877,0.09,1.32,0.0
ATOM,1030.0,N,GLU,68.0,2.299,-31.937,8.071,-0.47,1.85,0.07
ATOM,1031.0,CA,GLU,68.0,1.183,-32.193,7.162,0.07,2.275,3.03
ATOM,1032.0,C,GLU,68.0,0.573,-30.888,6.616,0.51,2.0,0.0
ATOM,1033.0,O,GLU,68.0,-0.514,-30.905,6.034,-0.51,1.7,12.66
ATOM,1034.0,CB,GLU,68.0,0.096,-33.027,7.873,-0.18,2.175,8.68
ATOM,1035.0,CG,GLU,68.0,-1.087,-33.442,6.965,-0.28,2.175,12.86
ATOM,1036.0,CD,GLU,68.0,-2.141,-34.329,7.654,0.62,2.0,4.53
ATOM,1037.0,OE1,GLU,68.0,-1.786,-35.429,8.146,-0.76,1.7,41.2
ATOM,1038.0,OE2,GLU,68.0,-3.33,-33.928,7.69,-0.76,1.7,46.85
ATOM,1039.0,H,GLU,68.0,2.216,-31.967,9.102,0.31,0.2245,0.18
ATOM,1040.0,HA,GLU,68.0,1.497,-32.758,6.387,0.09,1.32,7.86
ATOM,1041.0,HB2,GLU,68.0,0.516,-33.853,8.197,0.09,1.32,8.16
ATOM,1042.0,HB3,GLU,68.0,-0.274,-32.482,8.6,0.09,1.32,0.0
ATOM,1043.0,HG2,GLU,68.0,-1.543,-32.621,6.669,0.09,1.32,2.19
ATOM,1044.0,HG3,GLU,68.0,-0.723,-33.955,6.207,0.09,1.32,9.82
ATOM,1045.0,N,SER,69.0,1.27,-29.764,6.8,-0.47,1.85,0.0
ATOM,1046.0,CA,SER,69.0,0.774,-28.472,6.316,0.07,2.275,0.0
ATOM,1047.0,C,SER,69.0,0.523,-28.458,4.81,0.51,2.0,0.0
ATOM,1048.0,O,SER,69.0,1.178,-29.155,4.041,-0.51,1.7,12.75
ATOM,1049.0,CB,SER,69.0,1.756,-27.335,6.646,0.05,2.175,0.0
ATOM,1050.0,OG,SER,69.0,1.402,-26.103,5.982,-0.66,1.77,0.0
ATOM,1051.0,H,SER,69.0,2.167,-29.882,7.301,0.31,0.2245,0.0
ATOM,1052.0,HA,SER,69.0,-0.108,-28.286,6.779,0.09,1.32,0.26
ATOM,1053.0,HB2,SER,69.0,1.748,-27.175,7.629,0.09,1.32,0.0
ATOM,1054.0,HB3,SER,69.0,2.669,-27.6,6.349,0.09,1.32,0.0
ATOM,1055.0,HG,SER,69.0,1.332,-25.381,6.663,0.43,0.2245,0.0
ATOM,1056.0,N,GLU,70.0,-0.44,-27.641,4.412,-0.47,1.85,0.88
ATOM,1057.0,CA,GLU,70.0,-0.782,-27.451,3.015,0.07,2.275,0.73
ATOM,1058.0,C,GLU,70.0,0.486,-26.959,2.297,0.51,2.0,0.0
ATOM,1059.0,O,GLU,70.0,0.71,-27.288,1.129,-0.51,1.7,17.69
ATOM,1060.0,CB,GLU,70.0,-1.879,-26.397,2.913,-0.18,2.175,0.0
ATOM,1061.0,CG,GLU,70.0,-2.861,-26.589,1.804,-0.28,2.175,7.93
ATOM,1062.0,CD,GLU,70.0,-3.735,-27.8,2.011,0.62,2.0,3.45
ATOM,1063.0,OE1,GLU,70.0,-4.347,-27.93,3.095,-0.76,1.7,33.5
ATOM,1064.0,OE2,GLU,70.0,-3.81,-28.621,1.081,-0.76,1.7,44.84
ATOM,1065.0,H,GLU,70.0,-0.933,-27.144,5.193,0.31,0.2245,1.72
ATOM,1066.0,HA,GLU,70.0,-1.075,-28.308,2.61,0.09,1.32,5.14
ATOM,1067.0,HB2,GLU,70.0,-2.378,-26.407,3.773,0.09,1.32,0.17
ATOM,1068.0,HB3,GLU,70.0,-1.433,-25.518,2.782,0.09,1.32,0.0
ATOM,1069.0,HG2,GLU,70.0,-3.453,-25.802,1.763,0.09,1.32,3.13
ATOM,1070.0,HG3,GLU,70.0,-2.369,-26.722,0.961,0.09,1.32,3.68
ATOM,1071.0,N,ASN,71.0,1.306,-26.172,3.0,-0.47,1.85,0.0
ATOM,1072.0,CA,ASN,71.0,2.562,-25.637,2.437,0.07,2.275,0.0
ATOM,1073.0,C,ASN,71.0,2.321,-24.986,1.069,0.51,2.0,0.0
ATOM,1074.0,O,ASN,71.0,3.041,-25.262,0.089,-0.51,1.7,6.93
ATOM,1075.0,CB,ASN,71.0,3.583,-26.783,2.3,-0.18,2.175,2.56
ATOM,1076.0,CG,ASN,71.0,5.018,-26.299,2.102,0.55,2.0,0.0
ATOM,1077.0,OD1,ASN,71.0,5.284,-25.098,2.18,-0.55,1.7,0.0
ATOM,1078.0,ND2,ASN,71.0,5.943,-27.217,1.837,-0.62,1.85,7.55
ATOM,1079.0,H,ASN,71.0,0.99,-25.969,3.968,0.31,0.2245,0.0
ATOM,1080.0,HA,ASN,71.0,2.874,-24.912,3.057,0.09,1.32,0.0
ATOM,1081.0,HB2,ASN,71.0,3.547,-27.334,3.13,0.09,1.32,0.13
ATOM,1082.0,HB3,ASN,71.0,3.325,-27.338,1.512,0.09,1.32,5.24
ATOM,1083.0,HD22,ASN,71.0,5.664,-28.181,1.771,0.3,0.2245,10.67
ATOM,1084.0,HD21,ASN,71.0,6.891,-26.957,1.705,0.32,0.2245,6.1
ATOM,1085.0,N,ILE,72.0,1.317,-24.115,0.998,-0.47,1.85,0.0
ATOM,1086.0,CA,ILE,72.0,0.992,-23.459,-0.274,0.07,2.275,0.0
ATOM,1087.0,C,ILE,72.0,2.174,-22.749,-0.927,0.51,2.0,0.0
ATOM,1088.0,O,ILE,72.0,2.276,-22.73,-2.151,-0.51,1.7,9.09
ATOM,1089.0,CB,ILE,72.0,-0.182,-22.46,-0.119,-0.09,2.275,0.0
ATOM,1090.0,CG1,ILE,72.0,-1.44,-23.227,0.348,-0.18,2.175,0.42
ATOM,1091.0,CG2,ILE,72.0,-0.438,-21.755,-1.451,-0.27,2.06,5.72
ATOM,1092.0,CD1,ILE,72.0,-2.619,-22.365,0.664,-0.27,2.06,17.45
ATOM,1093.0,H,ILE,72.0,0.809,-23.948,1.875,0.31,0.2245,0.0
ATOM,1094.0,HA,ILE,72.0,0.713,-24.201,-0.908,0.09,1.32,7.2
ATOM,1095.0,HB,ILE,72.0,0.058,-21.814,0.586,0.09,1.32,0.0
ATOM,1096.0,HG12,ILE,72.0,-1.683,-23.879,-0.375,0.09,1.32,7.06
ATOM,1097.0,HG13,ILE,72.0,-1.184,-23.754,1.164,0.09,1.32,0.0
ATOM,1098.0,HG21,ILE,72.0,-1.189,-21.107,-1.343,0.09,1.32,0.0
ATOM,1099.0,HG22,ILE,72.0,0.386,-21.268,-1.731,0.09,1.32,0.0
ATOM,1100.0,HG23,ILE,72.0,-0.678,-22.433,-2.143,0.09,1.32,9.27
ATOM,1101.0,HD11,ILE,72.0,-2.888,-21.845,-0.149,0.09,1.32,1.51
ATOM,1102.0,HD12,ILE,72.0,-3.389,-22.935,0.958,0.09,1.32,5.43
ATOM,1103.0,HD13,ILE,72.0,-2.386,-21.726,1.4,0.09,1.32,0.0
ATOM,1104.0,N,CYS,73.0,3.072,-22.178,-0.121,-0.47,1.85,0.0
ATOM,1105.0,CA,CYS,73.0,4.232,-21.489,-0.68,0.07,2.275,0.0
ATOM,1106.0,C,CYS,73.0,5.351,-22.43,-1.106,0.51,2.0,0.0
ATOM,1107.0,O,CYS,73.0,6.312,-22.008,-1.752,-0.51,1.7,11.67
ATOM,1108.0,CB,CYS,73.0,4.761,-20.471,0.32,-0.1,2.175,0.22
ATOM,1109.0,SG,CYS,73.0,3.679,-19.02,0.449,-0.08,1.975,0.0
ATOM,1110.0,H,CYS,73.0,2.88,-22.264,0.885,0.31,0.2245,0.0
ATOM,1111.0,HA,CYS,73.0,3.926,-20.974,-1.501,0.09,1.32,0.0
ATOM,1112.0,HB2,CYS,73.0,4.81,-20.897,1.21,0.09,1.32,0.0
ATOM,1113.0,HB3,CYS,73.0,5.65,-20.164,0.018,0.09,1.32,0.96
ATOM,1114.0,N,GLY,74.0,5.215,-23.705,-0.738,-0.47,1.85,0.0
ATOM,1115.0,CA,GLY,74.0,6.207,-24.705,-1.103,-0.02,2.175,15.35
ATOM,1116.0,C,GLY,74.0,7.597,-24.396,-0.572,0.51,2.0,0.9
ATOM,1117.0,O,GLY,74.0,8.58,-24.419,-1.319,-0.51,1.7,29.18
ATOM,1118.0,H,GLY,74.0,4.364,-23.911,-0.186,0.31,0.2245,0.0
ATOM,1119.0,HA2,GLY,74.0,5.911,-25.614,-0.753,0.09,1.32,2.01
ATOM,1120.0,HA3,GLY,74.0,6.247,-24.783,-2.117,0.09,1.32,10.71
ATOM,1121.0,N,ILE,75.0,7.687,-24.139,0.725,-0.47,1.85,0.0
ATOM,1122.0,CA,ILE,75.0,8.965,-23.793,1.314,0.07,2.275,1.38
ATOM,1123.0,C,ILE,75.0,8.969,-24.11,2.803,0.51,2.0,0.0
ATOM,1124.0,O,ILE,75.0,7.915,-24.173,3.439,-0.51,1.7,0.0
ATOM,1125.0,CB,ILE,75.0,9.253,-22.284,1.043,-0.09,2.275,0.24
ATOM,1126.0,CG1,ILE,75.0,10.677,-21.932,1.446,-0.18,2.175,1.9
ATOM,1127.0,CG2,ILE,75.0,8.285,-21.407,1.789,-0.27,2.06,0.92
ATOM,1128.0,CD1,ILE,75.0,10.947,-20.479,1.326,-0.27,2.06,4.45
ATOM,1129.0,H,ILE,75.0,6.804,-24.205,1.252,0.31,0.2245,0.0
ATOM,1130.0,HA,ILE,75.0,9.648,-24.397,0.892,0.09,1.32,5.64
ATOM,1131.0,HB,ILE,75.0,9.154,-22.135,0.066,0.09,1.32,3.02
ATOM,1132.0,HG12,ILE,75.0,10.816,-22.224,2.387,0.09,1.32,0.0
ATOM,1133.0,HG13,ILE,75.0,11.299,-22.436,0.853,0.09,1.32,8.61
ATOM,1134.0,HG21,ILE,75.0,8.459,-20.444,1.573,0.09,1.32,0.0
ATOM,1135.0,HG22,ILE,75.0,7.345,-21.634,1.527,0.09,1.32,0.0
ATOM,1136.0,HG23,ILE,75.0,8.39,-21.543,2.776,0.09,1.32,0.0
ATOM,1137.0,HD11,ILE,75.0,10.324,-19.961,1.919,0.09,1.32,0.0
ATOM,1138.0,HD12,ILE,75.0,11.893,-20.279,1.598,0.09,1.32,0.0
ATOM,1139.0,HD13,ILE,75.0,10.814,-20.179,0.377,0.09,1.32,4.03
ATOM,1140.0,N,SER,76.0,10.149,-24.384,3.339,-0.47,1.85,3.04
ATOM,1141.0,CA,SER,76.0,10.32,-24.665,4.765,0.07,2.275,0.54
ATOM,1142.0,C,SER,76.0,10.185,-23.325,5.487,0.51,2.0,0.0
ATOM,1143.0,O,SER,76.0,10.686,-22.302,5.0,-0.51,1.7,0.0
ATOM,1144.0,CB,SER,76.0,11.72,-25.25,5.024,0.05,2.175,19.77
ATOM,1145.0,OG,SER,76.0,12.116,-25.099,6.385,-0.66,1.77,4.52
ATOM,1146.0,H,SER,76.0,10.945,-24.383,2.663,0.31,0.2245,4.62
ATOM,1147.0,HA,SER,76.0,9.577,-25.247,5.058,0.09,1.32,0.0
ATOM,1148.0,HB2,SER,76.0,11.707,-26.221,4.798,0.09,1.32,10.8
ATOM,1149.0,HB3,SER,76.0,12.376,-24.774,4.443,0.09,1.32,0.51
ATOM,1150.0,HG,SER,76.0,11.55,-25.687,6.959,0.43,0.2245,9.62
ATOM,1151.0,N,CYS,77.0,9.532,-23.311,6.644,-0.47,1.85,0.0
ATOM,1152.0,CA,CYS,77.0,9.38,-22.043,7.368,0.07,2.275,0.0
ATOM,1153.0,C,CYS,77.0,10.732,-21.472,7.843,0.51,2.0,0.0
ATOM,1154.0,O,CYS,77.0,10.859,-20.249,8.062,-0.51,1.7,0.0
ATOM,1155.0,CB,CYS,77.0,8.449,-22.219,8.556,-0.1,2.175,0.0
ATOM,1156.0,SG,CYS,77.0,6.777,-22.893,8.217,-0.08,1.975,0.0
ATOM,1157.0,H,CYS,77.0,9.166,-24.206,6.968,0.31,0.2245,0.0
ATOM,1158.0,HA,CYS,77.0,8.966,-21.369,6.741,0.09,1.32,0.0
ATOM,1159.0,HB2,CYS,77.0,8.894,-22.835,9.221,0.09,1.32,1.21
ATOM,1160.0,HB3,CYS,77.0,8.328,-21.32,9.001,0.09,1.32,0.0
ATOM,1161.0,N,ASP,78.0,11.748,-22.329,7.994,-0.47,1.85,0.0
ATOM,1162.0,CA,ASP,78.0,13.076,-21.846,8.426,0.07,2.275,0.0
ATOM,1163.0,C,ASP,78.0,13.709,-20.903,7.418,0.51,2.0,0.21
ATOM,1164.0,O,ASP,78.0,14.549,-20.094,7.803,-0.51,1.7,8.73
ATOM,1165.0,CB,ASP,78.0,14.057,-23.004,8.69,-0.28,2.175,15.15
ATOM,1166.0,CG,ASP,78.0,13.662,-23.832,9.907,0.62,2.0,3.88
ATOM,1167.0,OD1,ASP,78.0,13.094,-23.25,10.865,-0.76,1.7,21.31
ATOM,1168.0,OD2,ASP,78.0,13.927,-25.051,9.911,-0.76,1.7,41.89
ATOM,1169.0,H,ASP,78.0,11.536,-23.311,7.793,0.31,0.2245,0.32
ATOM,1170.0,HA,ASP,78.0,12.929,-21.323,9.279,0.09,1.32,0.0
ATOM,1171.0,HB2,ASP,78.0,14.057,-23.59,7.892,0.09,1.32,2.34
ATOM,1172.0,HB3,ASP,78.0,14.953,-22.614,8.846,0.09,1.32,8.42
ATOM,1173.0,N,LYS,79.0,13.334,-21.024,6.137,-0.47,1.85,0.03
ATOM,1174.0,CA,LYS,79.0,13.845,-20.137,5.073,0.07,2.275,0.25
ATOM,1175.0,C,LYS,79.0,13.287,-18.715,5.215,0.51,2.0,0.0
ATOM,1176.0,O,LYS,79.0,13.692,-17.766,4.481,-0.51,1.7,0.0
ATOM,1177.0,CB,LYS,79.0,13.443,-20.654,3.68,-0.18,2.175,0.0
ATOM,1178.0,CG,LYS,79.0,14.2,-21.898,3.152,-0.18,2.175,1.05
ATOM,1179.0,CD,LYS,79.0,15.675,-21.574,2.881,-0.18,2.175,3.66
ATOM,1180.0,CE,LYS,79.0,16.379,-22.751,2.225,0.21,2.175,20.31
ATOM,1181.0,NZ,LYS,79.0,17.835,-22.445,2.043,-0.3,1.85,14.36
ATOM,1182.0,H,LYS,79.0,12.656,-21.791,5.956,0.31,0.2245,0.0
ATOM,1183.0,HA,LYS,79.0,14.848,-20.098,5.142,0.09,1.32,0.57
ATOM,1184.0,HB2,LYS,79.0,12.463,-20.882,3.7,0.09,1.32,0.0
ATOM,1185.0,HB3,LYS,79.0,13.583,-19.91,3.017,0.09,1.32,0.0
ATOM,1186.0,HG2,LYS,79.0,14.147,-22.616,3.838,0.09,1.32,1.14
ATOM,1187.0,HG3,LYS,79.0,13.772,-22.195,2.305,0.09,1.32,1.21
ATOM,1188.0,HD2,LYS,79.0,15.72,-20.793,2.272,0.09,1.32,2.39
ATOM,1189.0,HD3,LYS,79.0,16.119,-21.376,3.744,0.09,1.32,4.81
ATOM,1190.0,HE2,LYS,79.0,16.286,-23.554,2.806,0.05,1.32,10.3
ATOM,1191.0,HE3,LYS,79.0,15.97,-22.923,1.334,0.05,1.32,11.0
ATOM,1192.0,HZ1,LYS,79.0,18.189,-22.984,1.281,0.33,0.2245,20.4
ATOM,1193.0,HZ2,LYS,79.0,17.942,-21.472,1.849,0.33,0.2245,15.71
ATOM,1194.0,HZ3,LYS,79.0,18.325,-22.68,2.88,0.33,0.2245,19.44
ATOM,1195.0,N,LEU,80.0,12.346,-18.572,6.146,-0.47,1.85,0.0
ATOM,1196.0,CA,LEU,80.0,11.691,-17.286,6.392,0.07,2.275,0.0
ATOM,1197.0,C,LEU,80.0,12.267,-16.571,7.619,0.51,2.0,0.0
ATOM,1198.0,O,LEU,80.0,11.759,-15.512,8.027,-0.51,1.7,0.14
ATOM,1199.0,CB,LEU,80.0,10.172,-17.493,6.556,-0.18,2.175,0.0
ATOM,1200.0,CG,LEU,80.0,9.444,-18.123,5.351,-0.09,2.275,0.0
ATOM,1201.0,CD1,LEU,80.0,7.952,-18.375,5.668,-0.27,2.06,0.0
ATOM,1202.0,CD2,LEU,80.0,9.585,-17.214,4.145,-0.27,2.06,0.0
ATOM,1203.0,H,LEU,80.0,12.12,-19.437,6.674,0.31,0.2245,0.0
ATOM,1204.0,HA,LEU,80.0,11.834,-16.694,5.586,0.09,1.32,0.0
ATOM,1205.0,HB2,LEU,80.0,10.03,-18.095,7.333,0.09,1.32,0.0
ATOM,1206.0,HB3,LEU,80.0,9.76,-16.606,6.718,0.09,1.32,0.05
ATOM,1207.0,HG,LEU,80.0,9.879,-18.993,5.127,0.09,1.32,0.0
ATOM,1208.0,HD11,LEU,80.0,7.518,-17.506,5.889,0.09,1.32,0.0
ATOM,1209.0,HD12,LEU,80.0,7.517,-18.781,4.869,0.09,1.32,0.0
ATOM,1210.0,HD13,LEU,80.0,7.888,-18.996,6.445,0.09,1.32,0.0
ATOM,1211.0,HD21,LEU,80.0,10.555,-17.096,3.923,0.09,1.32,0.0
ATOM,1212.0,HD22,LEU,80.0,9.113,-17.62,3.36,0.09,1.32,0.0
ATOM,1213.0,HD23,LEU,80.0,9.181,-16.32,4.347,0.09,1.32,0.0
ATOM,1214.0,N,LEU,81.0,13.319,-17.145,8.206,-0.47,1.85,0.0
ATOM,1215.0,CA,LEU,81.0,13.97,-16.527,9.361,0.07,2.275,0.0
ATOM,1216.0,C,LEU,81.0,15.404,-16.04,9.061,0.51,2.0,0.29
ATOM,1217.0,O,LEU,81.0,16.229,-15.941,9.965,-0.51,1.7,8.36
ATOM,1218.0,CB,LEU,81.0,13.988,-17.515,10.547,-0.18,2.175,5.33
ATOM,1219.0,CG,LEU,81.0,12.603,-18.06,10.959,-0.09,2.275,0.0
ATOM,1220.0,CD1,LEU,81.0,12.738,-19.17,12.029,-0.27,2.06,15.79
ATOM,1221.0,CD2,LEU,81.0,11.767,-16.902,11.525,-0.27,2.06,0.0
ATOM,1222.0,H,LEU,81.0,13.623,-18.038,7.785,0.31,0.2245,0.0
ATOM,1223.0,HA,LEU,81.0,13.424,-15.724,9.649,0.09,1.32,0.0
ATOM,1224.0,HB2,LEU,81.0,14.544,-18.29,10.288,0.09,1.32,3.4
ATOM,1225.0,HB3,LEU,81.0,14.364,-17.044,11.329,0.09,1.32,0.69
ATOM,1226.0,HG,LEU,81.0,12.151,-18.439,10.155,0.09,1.32,0.0
ATOM,1227.0,HD11,LEU,81.0,13.189,-18.79,12.832,0.09,1.32,6.29
ATOM,1228.0,HD12,LEU,81.0,11.828,-19.497,12.27,0.09,1.32,0.0
ATOM,1229.0,HD13,LEU,81.0,13.281,-19.915,11.652,0.09,1.32,1.76
ATOM,1230.0,HD21,LEU,81.0,11.663,-16.2,10.823,0.09,1.32,0.0
ATOM,1231.0,HD22,LEU,81.0,10.87,-17.247,11.794,0.09,1.32,0.0
ATOM,1232.0,HD23,LEU,81.0,12.234,-16.519,12.32,0.09,1.32,0.0
ATOM,1233.0,N,ASP,82.0,15.717,-15.734,7.809,-0.47,1.85,0.0
ATOM,1234.0,CA,ASP,82.0,17.061,-15.224,7.489,0.07,2.275,1.02
ATOM,1235.0,C,ASP,82.0,16.958,-13.824,6.88,0.51,2.0,0.0
ATOM,1236.0,O,ASP,82.0,15.85,-13.288,6.765,-0.51,1.7,0.09
ATOM,1237.0,CB,ASP,82.0,17.813,-16.186,6.54,-0.28,2.175,15.04
ATOM,1238.0,CG,ASP,82.0,17.03,-16.52,5.282,0.62,2.0,0.0
ATOM,1239.0,OD1,ASP,82.0,16.474,-15.596,4.677,-0.76,1.7,0.01
ATOM,1240.0,OD2,ASP,82.0,16.985,-17.707,4.876,-0.76,1.7,14.04
ATOM,1241.0,H,ASP,82.0,14.979,-15.875,7.112,0.31,0.2245,0.0
ATOM,1242.0,HA,ASP,82.0,17.554,-15.133,8.356,0.09,1.32,5.24
ATOM,1243.0,HB2,ASP,82.0,18.666,-15.747,6.282,0.09,1.32,2.18
ATOM,1244.0,HB3,ASP,82.0,17.991,-17.024,7.042,0.09,1.32,9.16
ATOM,1245.0,N,ASP,83.0,18.094,-13.232,6.488,-0.47,1.85,0.15
ATOM,1246.0,CA,ASP,83.0,18.102,-11.883,5.909,0.07,2.275,0.0
ATOM,1247.0,C,ASP,83.0,17.947,-11.819,4.376,0.51,2.0,0.0
ATOM,1248.0,O,ASP,83.0,18.124,-10.769,3.771,-0.51,1.7,11.94
ATOM,1249.0,CB,ASP,83.0,19.375,-11.141,6.338,-0.28,2.175,12.3
ATOM,1250.0,CG,ASP,83.0,19.407,-10.849,7.847,0.62,2.0,2.09
ATOM,1251.0,OD1,ASP,83.0,18.381,-11.056,8.545,-0.76,1.7,2.46
ATOM,1252.0,OD2,ASP,83.0,20.462,-10.4,8.335,-0.76,1.7,25.84
ATOM,1253.0,H,ASP,83.0,18.949,-13.799,6.627,0.31,0.2245,6.28
ATOM,1254.0,HA,ASP,83.0,17.302,-11.385,6.303,0.09,1.32,0.0
ATOM,1255.0,HB2,ASP,83.0,20.155,-11.708,6.114,0.09,1.32,8.61
ATOM,1256.0,HB3,ASP,83.0,19.41,-10.279,5.853,0.09,1.32,2.56
ATOM,1257.0,N,GLU,84.0,17.578,-12.934,3.758,-0.47,1.85,0.0
ATOM,1258.0,CA,GLU,84.0,17.38,-12.991,2.299,0.07,2.275,0.54
ATOM,1259.0,C,GLU,84.0,15.859,-13.05,2.07,0.51,2.0,0.0
ATOM,1260.0,O,GLU,84.0,15.211,-14.083,2.213,-0.51,1.7,0.05
ATOM,1261.0,CB,GLU,84.0,18.123,-14.208,1.74,-0.18,2.175,6.45
ATOM,1262.0,CG,GLU,84.0,19.663,-14.054,1.867,-0.28,2.175,14.42
ATOM,1263.0,CD,GLU,84.0,20.407,-15.387,1.781,0.62,2.0,3.55
ATOM,1264.0,OE1,GLU,84.0,20.234,-16.121,0.783,-0.76,1.7,41.23
ATOM,1265.0,OE2,GLU,84.0,21.156,-15.697,2.724,-0.76,1.7,40.13
ATOM,1266.0,H,GLU,84.0,17.441,-13.756,4.378,0.31,0.2245,0.0
ATOM,1267.0,HA,GLU,84.0,17.746,-12.179,1.878,0.09,1.32,3.62
ATOM,1268.0,HB2,GLU,84.0,17.872,-14.987,2.264,0.09,1.32,0.46
ATOM,1269.0,HB3,GLU,84.0,17.922,-14.281,0.792,0.09,1.32,4.67
ATOM,1270.0,HG2,GLU,84.0,19.967,-13.492,1.125,0.09,1.32,10.72
ATOM,1271.0,HG3,GLU,84.0,19.852,-13.662,2.744,0.09,1.32,0.93
ATOM,1272.0,N,LEU,85.0,15.324,-11.885,1.715,-0.47,1.85,0.0
ATOM,1273.0,CA,LEU,85.0,13.891,-11.647,1.564,0.07,2.275,0.0
ATOM,1274.0,C,LEU,85.0,13.215,-12.051,0.253,0.51,2.0,0.0
ATOM,1275.0,O,LEU,85.0,11.993,-11.984,0.157,-0.51,1.7,0.0
ATOM,1276.0,CB,LEU,85.0,13.63,-10.156,1.857,-0.18,2.175,1.79
ATOM,1277.0,CG,LEU,85.0,13.318,-9.732,3.309,-0.09,2.275,0.0
ATOM,1278.0,CD1,LEU,85.0,13.606,-10.833,4.28,-0.27,2.06,0.0
ATOM,1279.0,CD2,LEU,85.0,14.054,-8.46,3.676,-0.27,2.06,0.0
ATOM,1280.0,H,LEU,85.0,16.041,-11.126,1.547,0.31,0.2245,5.18
ATOM,1281.0,HA,LEU,85.0,13.404,-12.144,2.335,0.09,1.32,0.0
ATOM,1282.0,HB2,LEU,85.0,14.445,-9.643,1.571,0.09,1.32,2.43
ATOM,1283.0,HB3,LEU,85.0,12.852,-9.868,1.294,0.09,1.32,0.0
ATOM,1284.0,HG,LEU,85.0,12.348,-9.472,3.356,0.09,1.32,0.0
ATOM,1285.0,HD11,LEU,85.0,14.576,-11.091,4.234,0.09,1.32,0.0
ATOM,1286.0,HD12,LEU,85.0,13.396,-10.534,5.216,0.09,1.32,0.0
ATOM,1287.0,HD13,LEU,85.0,13.047,-11.64,4.066,0.09,1.32,0.0
ATOM,1288.0,HD21,LEU,85.0,13.776,-7.719,3.062,0.09,1.32,0.0
ATOM,1289.0,HD22,LEU,85.0,13.837,-8.204,4.62,0.09,1.32,0.0
ATOM,1290.0,HD23,LEU,85.0,15.042,-8.605,3.592,0.09,1.32,1.3
ATOM,1291.0,N,ASP,86.0,13.983,-12.49,-0.735,-0.47,1.85,0.42
ATOM,1292.0,CA,ASP,86.0,13.369,-12.881,-2.0,0.07,2.275,1.18
ATOM,1293.0,C,ASP,86.0,12.317,-13.976,-1.83,0.51,2.0,0.12
ATOM,1294.0,O,ASP,86.0,11.213,-13.857,-2.365,-0.51,1.7,4.54
ATOM,1295.0,CB,ASP,86.0,14.415,-13.362,-3.02,-0.28,2.175,15.21
ATOM,1296.0,CG,ASP,86.0,15.386,-12.257,-3.456,0.62,2.0,4.52
ATOM,1297.0,OD1,ASP,86.0,16.222,-11.852,-2.629,-0.76,1.7,29.79
ATOM,1298.0,OD2,ASP,86.0,15.325,-11.808,-4.624,-0.76,1.7,47.49
ATOM,1299.0,H,ASP,86.0,14.987,-12.528,-0.543,0.31,0.2245,0.0
ATOM,1300.0,HA,ASP,86.0,12.889,-12.067,-2.364,0.09,1.32,2.41
ATOM,1301.0,HB2,ASP,86.0,14.94,-14.093,-2.601,0.09,1.32,6.57
ATOM,1302.0,HB3,ASP,86.0,13.934,-13.692,-3.822,0.09,1.32,9.25
ATOM,1303.0,N,ASP,87.0,12.63,-15.04,-1.085,-0.47,1.85,0.17
ATOM,1304.0,CA,ASP,87.0,11.636,-16.095,-0.967,0.07,2.275,1.74
ATOM,1305.0,C,ASP,87.0,10.443,-15.684,-0.079,0.51,2.0,0.0
ATOM,1306.0,O,ASP,87.0,9.319,-16.106,-0.351,-0.51,1.7,1.82
ATOM,1307.0,CB,ASP,87.0,12.276,-17.443,-0.559,-0.28,2.175,11.94
ATOM,1308.0,CG,ASP,87.0,13.19,-17.355,0.681,0.62,2.0,1.73
ATOM,1309.0,OD1,ASP,87.0,13.262,-16.305,1.374,-0.76,1.7,0.0
ATOM,1310.0,OD2,ASP,87.0,13.86,-18.385,0.964,-0.76,1.7,14.01
ATOM,1311.0,H,ASP,87.0,13.542,-15.038,-0.652,0.31,0.2245,1.24
ATOM,1312.0,HA,ASP,87.0,11.26,-16.265,-1.89,0.09,1.32,2.51
ATOM,1313.0,HB2,ASP,87.0,11.541,-18.083,-0.36,0.09,1.32,0.15
ATOM,1314.0,HB3,ASP,87.0,12.819,-17.768,-1.325,0.09,1.32,11.27
ATOM,1315.0,N,ASP,88.0,10.68,-14.838,0.937,-0.47,1.85,0.0
ATOM,1316.0,CA,ASP,88.0,9.601,-14.335,1.819,0.07,2.275,0.0
ATOM,1317.0,C,ASP,88.0,8.618,-13.532,0.962,0.51,2.0,0.0
ATOM,1318.0,O,ASP,88.0,7.395,-13.669,1.093,-0.51,1.7,0.0
ATOM,1319.0,CB,ASP,88.0,10.128,-13.377,2.93,-0.28,2.175,0.0
ATOM,1320.0,CG,ASP,88.0,11.166,-14.027,3.819,0.62,2.0,0.0
ATOM,1321.0,OD1,ASP,88.0,11.051,-13.95,5.072,-0.76,1.7,0.52
ATOM,1322.0,OD2,ASP,88.0,12.097,-14.628,3.244,-0.76,1.7,0.0
ATOM,1323.0,H,ASP,88.0,11.675,-14.568,1.052,0.31,0.2245,0.0
ATOM,1324.0,HA,ASP,88.0,9.113,-15.13,2.161,0.09,1.32,0.0
ATOM,1325.0,HB2,ASP,88.0,10.53,-12.593,2.475,0.09,1.32,0.0
ATOM,1326.0,HB3,ASP,88.0,9.349,-13.106,3.478,0.09,1.32,0.0
ATOM,1327.0,N,ILE,89.0,9.157,-12.669,0.118,-0.47,1.85,0.0
ATOM,1328.0,CA,ILE,89.0,8.335,-11.834,-0.752,0.07,2.275,0.0
ATOM,1329.0,C,ILE,89.0,7.521,-12.687,-1.73,0.51,2.0,0.0
ATOM,1330.0,O,ILE,89.0,6.333,-12.425,-1.936,-0.51,1.7,0.0
ATOM,1331.0,CB,ILE,89.0,9.216,-10.808,-1.525,-0.09,2.275,0.39
ATOM,1332.0,CG1,ILE,89.0,9.838,-9.815,-0.529,-0.18,2.175,0.0
ATOM,1333.0,CG2,ILE,89.0,8.387,-10.083,-2.591,-0.27,2.06,5.57
ATOM,1334.0,CD1,ILE,89.0,11.087,-9.065,-1.081,-0.27,2.06,8.01
ATOM,1335.0,H,ILE,89.0,10.195,-12.635,0.126,0.31,0.2245,0.0
ATOM,1336.0,HA,ILE,89.0,7.67,-11.372,-0.157,0.09,1.32,0.0
ATOM,1337.0,HB,ILE,89.0,9.948,-11.308,-1.96,0.09,1.32,0.08
ATOM,1338.0,HG12,ILE,89.0,9.157,-9.135,-0.282,0.09,1.32,0.0
ATOM,1339.0,HG13,ILE,89.0,10.119,-10.313,0.285,0.09,1.32,0.0
ATOM,1340.0,HG21,ILE,89.0,8.976,-9.454,-3.093,0.09,1.32,0.5
ATOM,1341.0,HG22,ILE,89.0,8.0,-10.754,-3.218,0.09,1.32,0.12
ATOM,1342.0,HG23,ILE,89.0,7.653,-9.575,-2.147,0.09,1.32,0.0
ATOM,1343.0,HD11,ILE,89.0,10.811,-8.557,-1.887,0.09,1.32,0.01
ATOM,1344.0,HD12,ILE,89.0,11.416,-8.452,-0.374,0.09,1.32,0.0
ATOM,1345.0,HD13,ILE,89.0,11.776,-9.74,-1.31,0.09,1.32,0.02
ATOM,1346.0,N,ALA,90.0,8.135,-13.72,-2.313,-0.47,1.85,0.21
ATOM,1347.0,CA,ALA,90.0,7.407,-14.584,-3.247,0.07,2.275,2.69
ATOM,1348.0,C,ALA,90.0,6.193,-15.212,-2.538,0.51,2.0,0.0
ATOM,1349.0,O,ALA,90.0,5.134,-15.353,-3.141,-0.51,1.7,1.99
ATOM,1350.0,CB,ALA,90.0,8.333,-15.717,-3.811,-0.27,2.06,31.82
ATOM,1351.0,H,ALA,90.0,9.122,-13.849,-2.059,0.31,0.2245,0.0
ATOM,1352.0,HA,ALA,90.0,7.074,-14.03,-4.011,0.09,1.32,0.85
ATOM,1353.0,HB1,ALA,90.0,8.863,-16.089,-3.059,0.09,1.32,0.07
ATOM,1354.0,HB2,ALA,90.0,7.757,-16.418,-4.213,0.09,1.32,5.17
ATOM,1355.0,HB3,ALA,90.0,8.93,-15.319,-4.496,0.09,1.32,10.06
ATOM,1356.0,N,CYS,91.0,6.361,-15.597,-1.27,-0.47,1.85,0.33
ATOM,1357.0,CA,CYS,91.0,5.276,-16.219,-0.499,0.07,2.275,1.11
ATOM,1358.0,C,CYS,91.0,4.186,-15.191,-0.153,0.51,2.0,0.0
ATOM,1359.0,O,CYS,91.0,2.99,-15.462,-0.302,-0.51,1.7,0.0
ATOM,1360.0,CB,CYS,91.0,5.833,-16.847,0.778,-0.1,2.175,0.0
ATOM,1361.0,SG,CYS,91.0,4.64,-17.783,1.774,-0.08,1.975,0.0
ATOM,1362.0,H,CYS,91.0,7.307,-15.422,-0.883,0.31,0.2245,0.0
ATOM,1363.0,HA,CYS,91.0,4.857,-16.934,-1.066,0.09,1.32,0.0
ATOM,1364.0,HB2,CYS,91.0,6.579,-17.467,0.52,0.09,1.32,1.13
ATOM,1365.0,HB3,CYS,91.0,6.206,-16.11,1.349,0.09,1.32,0.0
ATOM,1366.0,N,ALA,92.0,4.609,-14.009,0.284,-0.47,1.85,0.0
ATOM,1367.0,CA,ALA,92.0,3.67,-12.955,0.617,0.07,2.275,0.0
ATOM,1368.0,C,ALA,92.0,2.81,-12.629,-0.626,0.51,2.0,0.0
ATOM,1369.0,O,ALA,92.0,1.611,-12.415,-0.508,-0.51,1.7,0.0
ATOM,1370.0,CB,ALA,92.0,4.418,-11.722,1.086,-0.27,2.06,0.0
ATOM,1371.0,H,ALA,92.0,5.637,-13.914,0.362,0.31,0.2245,0.0
ATOM,1372.0,HA,ALA,92.0,3.058,-13.269,1.342,0.09,1.32,0.0
ATOM,1373.0,HB1,ALA,92.0,5.357,-11.969,1.326,0.09,1.32,0.0
ATOM,1374.0,HB2,ALA,92.0,4.433,-11.039,0.355,0.09,1.32,0.0
ATOM,1375.0,HB3,ALA,92.0,3.962,-11.337,1.889,0.09,1.32,0.0
ATOM,1376.0,N,LYS,93.0,3.434,-12.584,-1.8,-0.47,1.85,0.0
ATOM,1377.0,CA,LYS,93.0,2.709,-12.328,-3.051,0.07,2.275,0.0
ATOM,1378.0,C,LYS,93.0,1.636,-13.41,-3.277,0.51,2.0,0.36
ATOM,1379.0,O,LYS,93.0,0.527,-13.078,-3.713,-0.51,1.7,0.0
ATOM,1380.0,CB,LYS,93.0,3.675,-12.244,-4.241,-0.18,2.175,4.23
ATOM,1381.0,CG,LYS,93.0,4.342,-10.868,-4.362,-0.18,2.175,0.0
ATOM,1382.0,CD,LYS,93.0,5.558,-10.839,-5.297,-0.18,2.175,0.27
ATOM,1383.0,CE,LYS,93.0,5.169,-10.788,-6.775,0.21,2.175,7.78
ATOM,1384.0,NZ,LYS,93.0,6.377,-10.808,-7.704,-0.3,1.85,12.14
ATOM,1385.0,H,LYS,93.0,4.458,-12.742,-1.759,0.31,0.2245,0.0
ATOM,1386.0,HA,LYS,93.0,2.254,-11.438,-2.987,0.09,1.32,0.0
ATOM,1387.0,HB2,LYS,93.0,4.385,-12.922,-4.116,0.09,1.32,0.0
ATOM,1388.0,HB3,LYS,93.0,3.163,-12.414,-5.072,0.09,1.32,1.55
ATOM,1389.0,HG2,LYS,93.0,3.66,-10.207,-4.703,0.09,1.32,0.0
ATOM,1390.0,HG3,LYS,93.0,4.636,-10.568,-3.445,0.09,1.32,0.0
ATOM,1391.0,HD2,LYS,93.0,6.103,-10.03,-5.085,0.09,1.32,0.0
ATOM,1392.0,HD3,LYS,93.0,6.1,-11.662,-5.141,0.09,1.32,0.05
ATOM,1393.0,HE2,LYS,93.0,4.592,-11.579,-6.992,0.05,1.32,5.49
ATOM,1394.0,HE3,LYS,93.0,4.65,-9.948,-6.951,0.05,1.32,1.35
ATOM,1395.0,HZ1,LYS,93.0,6.967,-11.561,-7.435,0.33,0.2245,15.67
ATOM,1396.0,HZ2,LYS,93.0,6.054,-10.934,-8.635,0.33,0.2245,20.15
ATOM,1397.0,HZ3,LYS,93.0,6.855,-9.941,-7.615,0.33,0.2245,0.72
ATOM,1398.0,N,LYS,94.0,1.931,-14.685,-2.967,-0.47,1.85,0.02
ATOM,1399.0,CA,LYS,94.0,0.897,-15.739,-3.112,0.07,2.275,0.65
ATOM,1400.0,C,LYS,94.0,-0.276,-15.519,-2.139,0.51,2.0,0.0
ATOM,1401.0,O,LYS,94.0,-1.449,-15.701,-2.496,-0.51,1.7,0.0
ATOM,1402.0,CB,LYS,94.0,1.483,-17.146,-2.878,-0.18,2.175,0.0
ATOM,1403.0,CG,LYS,94.0,2.412,-17.681,-4.017,-0.18,2.175,8.6
ATOM,1404.0,CD,LYS,94.0,2.765,-19.159,-3.711,-0.18,2.175,1.87
ATOM,1405.0,CE,LYS,94.0,3.849,-19.703,-4.627,0.21,2.175,16.16
ATOM,1406.0,NZ,LYS,94.0,4.014,-21.188,-4.455,-0.3,1.85,6.12
ATOM,1407.0,H,LYS,94.0,2.88,-14.857,-2.64,0.31,0.2245,0.0
ATOM,1408.0,HA,LYS,94.0,0.544,-15.711,-4.053,0.09,1.32,2.49
ATOM,1409.0,HB2,LYS,94.0,2.022,-17.13,-2.038,0.09,1.32,0.0
ATOM,1410.0,HB3,LYS,94.0,0.728,-17.792,-2.782,0.09,1.32,0.0
ATOM,1411.0,HG2,LYS,94.0,1.923,-17.638,-4.866,0.09,1.32,9.09
ATOM,1412.0,HG3,LYS,94.0,3.236,-17.15,-4.025,0.09,1.32,0.02
ATOM,1413.0,HD2,LYS,94.0,3.081,-19.212,-2.767,0.09,1.32,0.0
ATOM,1414.0,HD3,LYS,94.0,1.939,-19.705,-3.826,0.09,1.32,2.7
ATOM,1415.0,HE2,LYS,94.0,3.602,-19.514,-5.577,0.05,1.32,10.06
ATOM,1416.0,HE3,LYS,94.0,4.717,-19.256,-4.412,0.05,1.32,3.88
ATOM,1417.0,HZ1,LYS,94.0,4.933,-21.447,-4.743,0.33,0.2245,15.18
ATOM,1418.0,HZ2,LYS,94.0,3.88,-21.42,-3.495,0.33,0.2245,0.0
ATOM,1419.0,HZ3,LYS,94.0,3.336,-21.656,-5.017,0.33,0.2245,16.45
ATOM,1420.0,N,ILE,95.0,0.036,-15.146,-0.899,-0.47,1.85,0.0
ATOM,1421.0,CA,ILE,95.0,-1.007,-14.883,0.102,0.07,2.275,0.0
ATOM,1422.0,C,ILE,95.0,-1.88,-13.706,-0.364,0.51,2.0,0.0
ATOM,1423.0,O,ILE,95.0,-3.118,-13.744,-0.261,-0.51,1.7,0.0
ATOM,1424.0,CB,ILE,95.0,-0.383,-14.531,1.488,-0.09,2.275,0.0
ATOM,1425.0,CG1,ILE,95.0,0.216,-15.786,2.13,-0.18,2.175,0.0
ATOM,1426.0,CG2,ILE,95.0,-1.442,-13.93,2.436,-0.27,2.06,0.0
ATOM,1427.0,CD1,ILE,95.0,1.085,-15.446,3.376,-0.27,2.06,0.0
ATOM,1428.0,H,ILE,95.0,1.047,-15.059,-0.705,0.31,0.2245,0.0
ATOM,1429.0,HA,ILE,95.0,-1.597,-15.687,0.11,0.09,1.32,0.0
ATOM,1430.0,HB,ILE,95.0,0.348,-13.882,1.329,0.09,1.32,0.0
ATOM,1431.0,HG12,ILE,95.0,-0.513,-16.384,2.419,0.09,1.32,0.0
ATOM,1432.0,HG13,ILE,95.0,0.796,-16.239,1.472,0.09,1.32,0.0
ATOM,1433.0,HG21,ILE,95.0,-1.006,-13.693,3.298,0.09,1.32,0.0
ATOM,1434.0,HG22,ILE,95.0,-1.828,-13.115,2.014,0.09,1.32,0.0
ATOM,1435.0,HG23,ILE,95.0,-2.157,-14.604,2.59,0.09,1.32,0.0
ATOM,1436.0,HD11,ILE,95.0,0.507,-14.99,4.041,0.09,1.32,0.0
ATOM,1437.0,HD12,ILE,95.0,1.443,-16.295,3.745,0.09,1.32,0.0
ATOM,1438.0,HD13,ILE,95.0,1.823,-14.851,3.085,0.09,1.32,0.0
ATOM,1439.0,N,LEU,96.0,-1.237,-12.656,-0.861,-0.47,1.85,0.0
ATOM,1440.0,CA,LEU,96.0,-1.975,-11.484,-1.341,0.07,2.275,0.0
ATOM,1441.0,C,LEU,96.0,-2.882,-11.822,-2.531,0.51,2.0,0.0
ATOM,1442.0,O,LEU,96.0,-4.012,-11.323,-2.613,-0.51,1.7,3.56
ATOM,1443.0,CB,LEU,96.0,-1.027,-10.361,-1.78,-0.18,2.175,0.0
ATOM,1444.0,CG,LEU,96.0,-0.791,-9.144,-0.9,-0.09,2.275,0.0
ATOM,1445.0,CD1,LEU,96.0,0.106,-8.168,-1.646,-0.27,2.06,0.0
ATOM,1446.0,CD2,LEU,96.0,-2.119,-8.465,-0.545,-0.27,2.06,0.62
ATOM,1447.0,H,LEU,96.0,-0.209,-12.732,-0.88,0.31,0.2245,0.0
ATOM,1448.0,HA,LEU,96.0,-2.555,-11.142,-0.59,0.09,1.32,0.0
ATOM,1449.0,HB2,LEU,96.0,-0.117,-10.788,-1.951,0.09,1.32,0.0
ATOM,1450.0,HB3,LEU,96.0,-1.362,-10.021,-2.679,0.09,1.32,0.0
ATOM,1451.0,HG,LEU,96.0,-0.344,-9.427,-0.06,0.09,1.32,0.0
ATOM,1452.0,HD11,LEU,96.0,-0.338,-7.889,-2.498,0.09,1.32,0.0
ATOM,1453.0,HD12,LEU,96.0,0.269,-7.361,-1.077,0.09,1.32,0.0
ATOM,1454.0,HD13,LEU,96.0,0.979,-8.609,-1.856,0.09,1.32,0.0
ATOM,1455.0,HD21,LEU,96.0,-2.699,-9.113,-0.054,0.09,1.32,0.0
ATOM,1456.0,HD22,LEU,96.0,-1.938,-7.67,0.032,0.09,1.32,0.0
ATOM,1457.0,HD23,LEU,96.0,-2.575,-8.175,-1.385,0.09,1.32,0.0
ATOM,1458.0,N,ALA,97.0,-2.392,-12.645,-3.451,-0.47,1.85,0.0
ATOM,1459.0,CA,ALA,97.0,-3.179,-13.018,-4.611,0.07,2.275,0.68
ATOM,1460.0,C,ALA,97.0,-4.325,-13.967,-4.275,0.51,2.0,0.0
ATOM,1461.0,O,ALA,97.0,-5.365,-13.947,-4.937,-0.51,1.7,30.21
ATOM,1462.0,CB,ALA,97.0,-2.301,-13.651,-5.651,-0.27,2.06,15.7
ATOM,1463.0,H,ALA,97.0,-1.431,-12.983,-3.27,0.31,0.2245,0.0
ATOM,1464.0,HA,ALA,97.0,-3.573,-12.177,-5.024,0.09,1.32,0.35
ATOM,1465.0,HB1,ALA,97.0,-2.175,-14.625,-5.449,0.09,1.32,1.62
ATOM,1466.0,HB2,ALA,97.0,-2.72,-13.56,-6.558,0.09,1.32,11.11
ATOM,1467.0,HB3,ALA,97.0,-1.403,-13.204,-5.663,0.09,1.32,0.0
ATOM,1468.0,N,ILE,98.0,-4.15,-14.785,-3.239,-0.47,1.85,0.0
ATOM,1469.0,CA,ILE,98.0,-5.164,-15.761,-2.861,0.07,2.275,0.01
ATOM,1470.0,C,ILE,98.0,-6.139,-15.297,-1.779,0.51,2.0,0.31
ATOM,1471.0,O,ILE,98.0,-7.374,-15.368,-1.948,-0.51,1.7,28.56
ATOM,1472.0,CB,ILE,98.0,-4.482,-17.076,-2.414,-0.09,2.275,0.0
ATOM,1473.0,CG1,ILE,98.0,-3.813,-17.737,-3.614,-0.18,2.175,10.71
ATOM,1474.0,CG2,ILE,98.0,-5.491,-18.007,-1.748,-0.27,2.06,24.76
ATOM,1475.0,CD1,ILE,98.0,-2.692,-18.702,-3.266,-0.27,2.06,11.22
ATOM,1476.0,H,ILE,98.0,-3.25,-14.668,-2.738,0.31,0.2245,0.0
ATOM,1477.0,HA,ILE,98.0,-5.723,-15.929,-3.697,0.09,1.32,5.2
ATOM,1478.0,HB,ILE,98.0,-3.781,-16.843,-1.755,0.09,1.32,0.0
ATOM,1479.0,HG12,ILE,98.0,-4.511,-18.232,-4.137,0.09,1.32,9.6
ATOM,1480.0,HG13,ILE,98.0,-3.438,-17.016,-4.203,0.09,1.32,0.13
ATOM,1481.0,HG21,ILE,98.0,-5.025,-18.831,-1.434,0.09,1.32,1.18
ATOM,1482.0,HG22,ILE,98.0,-5.907,-17.542,-0.969,0.09,1.32,1.19
ATOM,1483.0,HG23,ILE,98.0,-6.199,-18.254,-2.406,0.09,1.32,9.46
ATOM,1484.0,HD11,ILE,98.0,-3.056,-19.436,-2.696,0.09,1.32,1.45
ATOM,1485.0,HD12,ILE,98.0,-2.315,-19.084,-4.107,0.09,1.32,10.91
ATOM,1486.0,HD13,ILE,98.0,-1.979,-18.211,-2.77,0.09,1.32,0.0
ATOM,1487.0,N,LYS,99.0,-5.586,-14.809,-0.671,-0.47,1.85,0.0
ATOM,1488.0,CA,LYS,99.0,-6.394,-14.372,0.459,0.07,2.275,0.27
ATOM,1489.0,C,LYS,99.0,-6.587,-12.88,0.479,0.51,2.0,0.88
ATOM,1490.0,O,LYS,99.0,-7.669,-12.419,0.813,-0.51,1.7,23.35
ATOM,1491.0,CB,LYS,99.0,-5.739,-14.848,1.759,-0.18,2.175,1.52
ATOM,1492.0,CG,LYS,99.0,-6.439,-14.482,3.036,-0.18,2.175,1.87
ATOM,1493.0,CD,LYS,99.0,-5.771,-15.234,4.184,-0.18,2.175,0.73
ATOM,1494.0,CE,LYS,99.0,-6.45,-14.947,5.509,0.21,2.175,9.53
ATOM,1495.0,NZ,LYS,99.0,-7.898,-15.308,5.454,-0.3,1.85,12.79
ATOM,1496.0,H,LYS,99.0,-4.548,-14.769,-0.685,0.31,0.2245,0.0
ATOM,1497.0,HA,LYS,99.0,-7.302,-14.822,0.399,0.09,1.32,6.47
ATOM,1498.0,HB2,LYS,99.0,-5.662,-15.855,1.711,0.09,1.32,1.58
ATOM,1499.0,HB3,LYS,99.0,-4.802,-14.469,1.785,0.09,1.32,0.0
ATOM,1500.0,HG2,LYS,99.0,-6.351,-13.511,3.201,0.09,1.32,0.0
ATOM,1501.0,HG3,LYS,99.0,-7.388,-14.754,2.99,0.09,1.32,3.95
ATOM,1502.0,HD2,LYS,99.0,-5.827,-16.21,4.0,0.09,1.32,4.66
ATOM,1503.0,HD3,LYS,99.0,-4.82,-14.948,4.243,0.09,1.32,0.0
ATOM,1504.0,HE2,LYS,99.0,-6.007,-15.482,6.227,0.05,1.32,7.57
ATOM,1505.0,HE3,LYS,99.0,-6.364,-13.973,5.718,0.05,1.32,0.0
ATOM,1506.0,HZ1,LYS,99.0,-8.318,-15.12,6.341,0.33,0.2245,20.66
ATOM,1507.0,HZ2,LYS,99.0,-8.346,-14.763,4.747,0.33,0.2245,10.17
ATOM,1508.0,HZ3,LYS,99.0,-7.987,-16.279,5.238,0.33,0.2245,17.56
ATOM,1509.0,N,GLY,100.0,-5.554,-12.116,0.111,-0.47,1.85,0.3
ATOM,1510.0,CA,GLY,100.0,-5.67,-10.668,0.124,-0.02,2.175,9.12
ATOM,1511.0,C,GLY,100.0,-5.013,-10.039,1.353,0.51,2.0,0.0
ATOM,1512.0,O,GLY,100.0,-4.569,-10.758,2.255,-0.51,1.7,0.0
ATOM,1513.0,H,GLY,100.0,-4.707,-12.63,-0.17,0.31,0.2245,0.0
ATOM,1514.0,HA2,GLY,100.0,-5.24,-10.286,-0.71,0.09,1.32,0.0
ATOM,1515.0,HA3,GLY,100.0,-6.649,-10.406,0.105,0.09,1.32,7.02
ATOM,1516.0,N,ILE,101.0,-4.983,-8.704,1.398,-0.47,1.85,0.07
ATOM,1517.0,CA,ILE,101.0,-4.349,-7.942,2.487,0.07,2.275,0.0
ATOM,1518.0,C,ILE,101.0,-4.899,-8.226,3.884,0.51,2.0,0.0
ATOM,1519.0,O,ILE,101.0,-4.194,-8.017,4.869,-0.51,1.7,0.0
ATOM,1520.0,CB,ILE,101.0,-4.432,-6.392,2.209,-0.09,2.275,0.16
ATOM,1521.0,CG1,ILE,101.0,-3.521,-5.605,3.157,-0.18,2.175,0.0
ATOM,1522.0,CG2,ILE,101.0,-5.877,-5.885,2.407,-0.27,2.06,14.7
ATOM,1523.0,CD1,ILE,101.0,-2.047,-5.849,2.961,-0.27,2.06,0.0
ATOM,1524.0,H,ILE,101.0,-5.453,-8.238,0.586,0.31,0.2245,6.35
ATOM,1525.0,HA,ILE,101.0,-3.372,-8.23,2.495,0.09,1.32,0.0
ATOM,1526.0,HB,ILE,101.0,-4.12,-6.247,1.277,0.09,1.32,0.14
ATOM,1527.0,HG12,ILE,101.0,-3.711,-4.628,3.034,0.09,1.32,0.0
ATOM,1528.0,HG13,ILE,101.0,-3.768,-5.851,4.099,0.09,1.32,0.0
ATOM,1529.0,HG21,ILE,101.0,-5.91,-4.913,2.195,0.09,1.32,1.08
ATOM,1530.0,HG22,ILE,101.0,-6.481,-6.387,1.797,0.09,1.32,5.95
ATOM,1531.0,HG23,ILE,101.0,-6.145,-6.036,3.353,0.09,1.32,0.0
ATOM,1532.0,HD11,ILE,101.0,-1.786,-5.591,2.031,0.09,1.32,0.0
ATOM,1533.0,HD12,ILE,101.0,-1.527,-5.3,3.616,0.09,1.32,0.0
ATOM,1534.0,HD13,ILE,101.0,-1.846,-6.818,3.106,0.09,1.32,0.0
ATOM,1535.0,N,ASP,102.0,-6.141,-8.701,3.975,-0.47,1.85,0.0
ATOM,1536.0,CA,ASP,102.0,-6.762,-8.982,5.27,0.07,2.275,0.49
ATOM,1537.0,C,ASP,102.0,-6.023,-10.04,6.096,0.51,2.0,0.0
ATOM,1538.0,O,ASP,102.0,-6.288,-10.189,7.287,-0.51,1.7,9.57
ATOM,1539.0,CB,ASP,102.0,-8.225,-9.403,5.089,-0.28,2.175,12.47
ATOM,1540.0,CG,ASP,102.0,-9.153,-8.219,4.768,0.62,2.0,4.28
ATOM,1541.0,OD1,ASP,102.0,-10.298,-8.495,4.319,-0.76,1.7,45.6
ATOM,1542.0,OD2,ASP,102.0,-8.749,-7.033,4.979,-0.76,1.7,20.15
ATOM,1543.0,H,ASP,102.0,-6.619,-8.851,3.067,0.31,0.2245,1.29
ATOM,1544.0,HA,ASP,102.0,-6.735,-8.119,5.807,0.09,1.32,2.31
ATOM,1545.0,HB2,ASP,102.0,-8.272,-10.048,4.337,0.09,1.32,2.4
ATOM,1546.0,HB3,ASP,102.0,-8.535,-9.822,5.932,0.09,1.32,7.9
ATOM,1547.0,N,TYR,103.0,-5.112,-10.783,5.464,-0.47,1.85,0.0
ATOM,1548.0,CA,TYR,103.0,-4.312,-11.78,6.186,0.07,2.275,0.17
ATOM,1549.0,C,TYR,103.0,-3.518,-10.986,7.234,0.51,2.0,0.0
ATOM,1550.0,O,TYR,103.0,-3.317,-11.44,8.357,-0.51,1.7,12.24
ATOM,1551.0,CB,TYR,103.0,-3.325,-12.492,5.234,-0.18,2.175,0.0
ATOM,1552.0,CG,TYR,103.0,-2.28,-13.358,5.925,0.0,1.9924,0.0
ATOM,1553.0,CD1,TYR,103.0,-2.589,-14.659,6.353,-0.115,1.9924,3.05
ATOM,1554.0,CD2,TYR,103.0,-0.981,-12.873,6.165,-0.115,1.9924,0.0
ATOM,1555.0,CE1,TYR,103.0,-1.655,-15.454,7.001,-0.115,1.9924,8.34
ATOM,1556.0,CE2,TYR,103.0,-0.019,-13.663,6.806,-0.115,1.9924,3.89
ATOM,1557.0,CZ,TYR,103.0,-0.365,-14.96,7.228,0.11,1.9924,0.55
ATOM,1558.0,OH,TYR,103.0,0.552,-15.781,7.865,-0.54,1.77,0.0
ATOM,1559.0,H,TYR,103.0,-5.021,-10.601,4.452,0.31,0.2245,0.0
ATOM,1560.0,HA,TYR,103.0,-4.922,-12.389,6.66,0.09,1.32,1.97
ATOM,1561.0,HB2,TYR,103.0,-3.855,-13.074,4.62,0.09,1.32,0.0
ATOM,1562.0,HB3,TYR,103.0,-2.847,-11.792,4.706,0.09,1.32,0.0
ATOM,1563.0,HD1,TYR,103.0,-3.511,-15.02,6.185,0.115,1.3582,0.05
ATOM,1564.0,HD2,TYR,103.0,-0.743,-11.953,5.872,0.115,1.3582,0.0
ATOM,1565.0,HE1,TYR,103.0,-1.894,-16.375,7.305,0.115,1.3582,4.77
ATOM,1566.0,HE2,TYR,103.0,0.896,-13.317,6.963,0.115,1.3582,0.0
ATOM,1567.0,HH,TYR,103.0,1.212,-15.213,8.35,0.43,0.2245,0.0
ATOM,1568.0,N,TRP,104.0,-3.052,-9.808,6.838,-0.47,1.85,0.0
ATOM,1569.0,CA,TRP,104.0,-2.271,-8.95,7.745,0.07,2.275,0.64
ATOM,1570.0,C,TRP,104.0,-3.246,-8.089,8.552,0.51,2.0,0.0
ATOM,1571.0,O,TRP,104.0,-3.675,-7.04,8.099,-0.51,1.7,0.47
ATOM,1572.0,CB,TRP,104.0,-1.284,-8.084,6.942,-0.18,2.175,0.0
ATOM,1573.0,CG,TRP,104.0,-0.091,-8.908,6.406,-0.03,1.9924,0.0
ATOM,1574.0,CD1,TRP,104.0,1.065,-9.198,7.074,0.035,1.9924,1.84
ATOM,1575.0,CD2,TRP,104.0,-0.009,-9.604,5.151,-0.02,1.8,0.0
ATOM,1576.0,NE1,TRP,104.0,1.851,-10.035,6.322,-0.61,1.85,0.0
ATOM,1577.0,CE2,TRP,104.0,1.223,-10.3,5.137,0.13,1.8,0.0
ATOM,1578.0,CE3,TRP,104.0,-0.857,-9.707,4.035,-0.115,1.9924,0.0
ATOM,1579.0,CZ2,TRP,104.0,1.631,-11.095,4.059,-0.115,1.9924,0.0
ATOM,1580.0,CZ3,TRP,104.0,-0.447,-10.507,2.948,-0.115,1.9924,0.0
ATOM,1581.0,CH2,TRP,104.0,0.792,-11.186,2.977,-0.115,1.9924,0.0
ATOM,1582.0,H,TRP,104.0,-3.276,-9.547,5.864,0.31,0.2245,0.0
ATOM,1583.0,HA,TRP,104.0,-1.792,-9.543,8.383,0.09,1.32,3.12
ATOM,1584.0,HB2,TRP,104.0,-1.737,-7.711,6.156,0.09,1.32,0.0
ATOM,1585.0,HB3,TRP,104.0,-0.903,-7.392,7.524,0.09,1.32,0.0
ATOM,1586.0,HD1,TRP,104.0,1.305,-8.851,7.98,0.115,1.3582,0.26
ATOM,1587.0,HE1,TRP,104.0,2.744,-10.396,6.597,0.38,0.2245,0.0
ATOM,1588.0,HE3,TRP,104.0,-1.727,-9.235,3.999,0.115,1.3582,0.0
ATOM,1589.0,HZ2,TRP,104.0,2.513,-11.576,4.093,0.115,1.3582,0.0
ATOM,1590.0,HZ3,TRP,104.0,-1.039,-10.586,2.162,0.115,1.3582,0.0
ATOM,1591.0,HH2,TRP,104.0,1.049,-11.74,2.188,0.115,1.3582,0.0
ATOM,1592.0,N,LYS,105.0,-3.598,-8.569,9.739,-0.47,1.85,0.42
ATOM,1593.0,CA,LYS,105.0,-4.553,-7.882,10.61,0.07,2.275,0.34
ATOM,1594.0,C,LYS,105.0,-4.213,-6.466,11.045,0.51,2.0,0.0
ATOM,1595.0,O,LYS,105.0,-5.101,-5.716,11.435,-0.51,1.7,5.86
ATOM,1596.0,CB,LYS,105.0,-4.841,-8.748,11.841,-0.18,2.175,8.97
ATOM,1597.0,CG,LYS,105.0,-5.691,-9.986,11.515,-0.18,2.175,2.66
ATOM,1598.0,CD,LYS,105.0,-5.969,-10.815,12.778,-0.18,2.175,10.61
ATOM,1599.0,CE,LYS,105.0,-6.905,-11.999,12.488,0.21,2.175,19.15
ATOM,1600.0,NZ,LYS,105.0,-7.075,-12.88,13.696,-0.3,1.85,14.18
ATOM,1601.0,H,LYS,105.0,-3.141,-9.47,9.997,0.31,0.2245,5.0
ATOM,1602.0,HA,LYS,105.0,-5.468,-7.862,10.127,0.09,1.32,5.82
ATOM,1603.0,HB2,LYS,105.0,-3.978,-9.058,12.217,0.09,1.32,8.38
ATOM,1604.0,HB3,LYS,105.0,-5.337,-8.199,12.502,0.09,1.32,6.74
ATOM,1605.0,HG2,LYS,105.0,-6.56,-9.689,11.13,0.09,1.32,7.82
ATOM,1606.0,HG3,LYS,105.0,-5.2,-10.553,10.861,0.09,1.32,0.18
ATOM,1607.0,HD2,LYS,105.0,-5.109,-11.172,13.121,0.09,1.32,9.26
ATOM,1608.0,HD3,LYS,105.0,-6.402,-10.232,13.454,0.09,1.32,9.83
ATOM,1609.0,HE2,LYS,105.0,-7.798,-11.644,12.215,0.05,1.32,10.97
ATOM,1610.0,HE3,LYS,105.0,-6.518,-12.54,11.742,0.05,1.32,9.6
ATOM,1611.0,HZ1,LYS,105.0,-7.146,-13.828,13.397,0.33,0.2245,20.48
ATOM,1612.0,HZ2,LYS,105.0,-6.283,-12.768,14.292,0.33,0.2245,12.6
ATOM,1613.0,HZ3,LYS,105.0,-7.905,-12.611,14.178,0.33,0.2245,20.02
ATOM,1614.0,N,ALA,106.0,-2.943,-6.08,10.977,-0.47,1.85,1.87
ATOM,1615.0,CA,ALA,106.0,-2.576,-4.725,11.362,0.07,2.275,2.22
ATOM,1616.0,C,ALA,106.0,-2.973,-3.669,10.327,0.51,2.0,0.0
ATOM,1617.0,O,ALA,106.0,-3.03,-2.485,10.648,-0.51,1.7,0.0
ATOM,1618.0,CB,ALA,106.0,-1.063,-4.64,11.588,-0.27,2.06,2.78
ATOM,1619.0,H,ALA,106.0,-2.279,-6.789,10.645,0.31,0.2245,2.49
ATOM,1620.0,HA,ALA,106.0,-3.038,-4.498,12.24,0.09,1.32,2.45
ATOM,1621.0,HB1,ALA,106.0,-0.814,-5.209,12.369,0.09,1.32,6.93
ATOM,1622.0,HB2,ALA,106.0,-0.59,-4.965,10.772,0.09,1.32,0.0
ATOM,1623.0,HB3,ALA,106.0,-0.81,-3.692,11.769,0.09,1.32,0.0
ATOM,1624.0,N,TYR,107.0,-3.241,-4.08,9.089,-0.47,1.85,0.0
ATOM,1625.0,CA,TYR,107.0,-3.529,-3.118,8.022,0.07,2.275,0.0
ATOM,1626.0,C,TYR,107.0,-4.643,-2.12,8.308,0.51,2.0,0.0
ATOM,1627.0,O,TYR,107.0,-4.416,-0.915,8.32,-0.51,1.7,0.14
ATOM,1628.0,CB,TYR,107.0,-3.832,-3.869,6.707,-0.18,2.175,0.0
ATOM,1629.0,CG,TYR,107.0,-4.121,-2.988,5.492,0.0,1.9924,0.0
ATOM,1630.0,CD1,TYR,107.0,-3.135,-2.171,4.945,-0.115,1.9924,0.0
ATOM,1631.0,CD2,TYR,107.0,-5.392,-2.974,4.902,-0.115,1.9924,0.34
ATOM,1632.0,CE1,TYR,107.0,-3.395,-1.356,3.854,-0.115,1.9924,0.0
ATOM,1633.0,CE2,TYR,107.0,-5.673,-2.163,3.799,-0.115,1.9924,7.97
ATOM,1634.0,CZ,TYR,107.0,-4.673,-1.359,3.28,0.11,1.9924,1.02
ATOM,1635.0,OH,TYR,107.0,-4.932,-0.563,2.181,-0.54,1.77,20.62
ATOM,1636.0,H,TYR,107.0,-3.229,-5.102,8.951,0.31,0.2245,0.0
ATOM,1637.0,HA,TYR,107.0,-2.669,-2.587,7.841,0.09,1.32,0.0
ATOM,1638.0,HB2,TYR,107.0,-3.042,-4.444,6.49,0.09,1.32,0.0
ATOM,1639.0,HB3,TYR,107.0,-4.632,-4.452,6.861,0.09,1.32,0.62
ATOM,1640.0,HD1,TYR,107.0,-2.216,-2.171,5.349,0.115,1.3582,0.0
ATOM,1641.0,HD2,TYR,107.0,-6.11,-3.556,5.276,0.115,1.3582,1.88
ATOM,1642.0,HE1,TYR,107.0,-2.682,-0.77,3.474,0.115,1.3582,0.0
ATOM,1643.0,HE2,TYR,107.0,-6.582,-2.166,3.395,0.115,1.3582,14.86
ATOM,1644.0,HH,TYR,107.0,-4.167,0.063,2.046,0.43,0.2245,0.0
ATOM,1645.0,N,LYS,108.0,-5.842,-2.634,8.544,-0.47,1.85,0.0
ATOM,1646.0,CA,LYS,108.0,-7.02,-1.794,8.779,0.07,2.275,0.0
ATOM,1647.0,C,LYS,108.0,-6.873,-0.859,9.987,0.51,2.0,0.0
ATOM,1648.0,O,LYS,108.0,-6.945,0.365,9.852,-0.51,1.7,4.34
ATOM,1649.0,CB,LYS,108.0,-8.248,-2.698,8.945,-0.18,2.175,3.32
ATOM,1650.0,CG,LYS,108.0,-9.58,-2.102,8.517,-0.18,2.175,5.43
ATOM,1651.0,CD,LYS,108.0,-10.735,-3.07,8.868,-0.18,2.175,13.23
ATOM,1652.0,CE,LYS,108.0,-12.056,-2.78,8.104,0.21,2.175,19.27
ATOM,1653.0,NZ,LYS,108.0,-12.737,-1.472,8.416,-0.3,1.85,14.75
ATOM,1654.0,H,LYS,108.0,-5.879,-3.675,8.549,0.31,0.2245,1.37
ATOM,1655.0,HA,LYS,108.0,-7.184,-1.226,7.953,0.09,1.32,0.16
ATOM,1656.0,HB2,LYS,108.0,-8.091,-3.535,8.408,0.09,1.32,3.14
ATOM,1657.0,HB3,LYS,108.0,-8.315,-2.953,9.917,0.09,1.32,0.0
ATOM,1658.0,HG2,LYS,108.0,-9.733,-1.248,8.999,0.09,1.32,4.45
ATOM,1659.0,HG3,LYS,108.0,-9.581,-1.958,7.536,0.09,1.32,8.34
ATOM,1660.0,HD2,LYS,108.0,-10.448,-4.001,8.646,0.09,1.32,7.44
ATOM,1661.0,HD3,LYS,108.0,-10.923,-3.001,9.847,0.09,1.32,10.43
ATOM,1662.0,HE2,LYS,108.0,-11.856,-2.815,7.106,0.05,1.32,10.93
ATOM,1663.0,HE3,LYS,108.0,-12.705,-3.541,8.298,0.05,1.32,12.31
ATOM,1664.0,HZ1,LYS,108.0,-13.259,-1.182,7.618,0.33,0.2245,20.1
ATOM,1665.0,HZ2,LYS,108.0,-13.346,-1.603,9.194,0.33,0.2245,20.01
ATOM,1666.0,HZ3,LYS,108.0,-12.043,-0.792,8.636,0.33,0.2245,11.57
ATOM,1667.0,N,PRO,109.0,-6.594,-1.417,11.171,-0.29,1.85,0.0
ATOM,1668.0,CA,PRO,109.0,-6.481,-0.489,12.302,0.02,2.275,1.08
ATOM,1669.0,C,PRO,109.0,-5.321,0.489,12.391,0.51,2.0,0.0
ATOM,1670.0,O,PRO,109.0,-5.498,1.606,12.872,-0.51,1.7,26.32
ATOM,1671.0,CB,PRO,109.0,-6.559,-1.419,13.534,-0.18,2.175,19.06
ATOM,1672.0,CG,PRO,109.0,-6.068,-2.758,13.01,-0.18,2.175,10.59
ATOM,1673.0,CD,PRO,109.0,-6.598,-2.833,11.603,0.0,2.175,3.57
ATOM,1674.0,HA,PRO,109.0,-7.39,0.032,12.41,0.09,1.32,10.77
ATOM,1675.0,HB2,PRO,109.0,-5.965,-1.089,14.262,0.09,1.32,2.38
ATOM,1676.0,HB3,PRO,109.0,-7.496,-1.493,13.861,0.09,1.32,11.48
ATOM,1677.0,HG2,PRO,109.0,-5.069,-2.784,13.024,0.09,1.32,0.0
ATOM,1678.0,HG3,PRO,109.0,-6.431,-3.498,13.575,0.09,1.32,11.34
ATOM,1679.0,HD2,PRO,109.0,-6.004,-3.377,11.015,0.09,1.32,0.0
ATOM,1680.0,HD3,PRO,109.0,-7.526,-3.202,11.579,0.09,1.32,5.38
ATOM,1681.0,N,MET,110.0,-4.147,0.095,11.915,-0.47,1.85,0.0
ATOM,1682.0,CA,MET,110.0,-2.959,0.942,12.039,0.07,2.275,0.61
ATOM,1683.0,C,MET,110.0,-2.448,1.613,10.767,0.51,2.0,0.49
ATOM,1684.0,O,MET,110.0,-1.574,2.463,10.849,-0.51,1.7,11.17
ATOM,1685.0,CB,MET,110.0,-1.775,0.119,12.585,-0.18,2.175,0.0
ATOM,1686.0,CG,MET,110.0,-2.083,-0.816,13.757,-0.14,2.175,6.97
ATOM,1687.0,SD,MET,110.0,-2.687,0.147,15.112,-0.09,2.0,23.2
ATOM,1688.0,CE,MET,110.0,-1.293,1.17,15.432,-0.22,2.06,30.73
ATOM,1689.0,H,MET,110.0,-4.142,-0.834,11.462,0.31,0.2245,0.0
ATOM,1690.0,HA,MET,110.0,-3.179,1.687,12.717,0.09,1.32,3.26
ATOM,1691.0,HB2,MET,110.0,-1.393,-0.44,11.827,0.09,1.32,0.0
ATOM,1692.0,HB3,MET,110.0,-1.043,0.761,12.877,0.09,1.32,0.0
ATOM,1693.0,HG2,MET,110.0,-2.763,-1.497,13.447,0.09,1.32,0.0
ATOM,1694.0,HG3,MET,110.0,-1.236,-1.313,13.997,0.09,1.32,0.27
ATOM,1695.0,HE1,MET,110.0,-1.538,1.91,16.07,0.09,1.32,12.14
ATOM,1696.0,HE2,MET,110.0,-0.547,0.631,15.84,0.09,1.32,2.82
ATOM,1697.0,HE3,MET,110.0,-0.957,1.584,14.578,0.09,1.32,1.38
ATOM,1698.0,N,CYS,111.0,-2.942,1.218,9.599,-0.47,1.85,0.0
ATOM,1699.0,CA,CYS,111.0,-2.409,1.783,8.372,0.07,2.275,0.0
ATOM,1700.0,C,CYS,111.0,-3.443,2.366,7.403,0.51,2.0,0.0
ATOM,1701.0,O,CYS,111.0,-3.262,2.321,6.178,-0.51,1.7,0.75
ATOM,1702.0,CB,CYS,111.0,-1.563,0.696,7.688,-0.1,2.175,0.0
ATOM,1703.0,SG,CYS,111.0,-0.335,-0.065,8.834,-0.08,1.975,0.0
ATOM,1704.0,H,CYS,111.0,-3.689,0.519,9.643,0.31,0.2245,0.0
ATOM,1705.0,HA,CYS,111.0,-1.763,2.539,8.623,0.09,1.32,0.0
ATOM,1706.0,HB2,CYS,111.0,-2.162,-0.02,7.375,0.09,1.32,0.0
ATOM,1707.0,HB3,CYS,111.0,-1.062,1.107,6.945,0.09,1.32,0.0
ATOM,1708.0,N,SER,112.0,-4.525,2.916,7.952,-0.47,1.85,0.0
ATOM,1709.0,CA,SER,112.0,-5.571,3.492,7.122,0.07,2.275,1.36
ATOM,1710.0,C,SER,112.0,-5.42,4.999,7.015,0.51,2.0,0.0
ATOM,1711.0,O,SER,112.0,-6.099,5.623,6.21,-0.51,1.7,26.74
ATOM,1712.0,CB,SER,112.0,-6.959,3.161,7.686,0.05,2.175,20.43
ATOM,1713.0,OG,SER,112.0,-7.28,1.784,7.53,-0.66,1.77,12.61
ATOM,1714.0,H,SER,112.0,-4.551,2.896,8.984,0.31,0.2245,0.17
ATOM,1715.0,HA,SER,112.0,-5.484,3.105,6.195,0.09,1.32,7.2
ATOM,1716.0,HB2,SER,112.0,-6.972,3.388,8.657,0.09,1.32,4.74
ATOM,1717.0,HB3,SER,112.0,-7.639,3.707,7.202,0.09,1.32,8.35
ATOM,1718.0,HG,SER,112.0,-7.148,1.313,8.4,0.43,0.2245,0.0
ATOM,1719.0,N,GLU,113.0,-4.535,5.579,7.821,-0.47,1.85,0.0
ATOM,1720.0,CA,GLU,113.0,-4.309,7.023,7.807,0.07,2.275,0.06
ATOM,1721.0,C,GLU,113.0,-2.868,7.332,8.129,0.51,2.0,0.0
ATOM,1722.0,O,GLU,113.0,-2.123,6.449,8.513,-0.51,1.7,1.47
ATOM,1723.0,CB,GLU,113.0,-5.185,7.727,8.851,-0.18,2.175,9.84
ATOM,1724.0,CG,GLU,113.0,-5.053,7.148,10.253,-0.28,2.175,10.89
ATOM,1725.0,CD,GLU,113.0,-5.51,8.127,11.335,0.62,2.0,3.13
ATOM,1726.0,OE1,GLU,113.0,-6.42,8.924,11.044,-0.76,1.7,33.63
ATOM,1727.0,OE2,GLU,113.0,-4.975,8.098,12.47,-0.76,1.7,26.52
ATOM,1728.0,H,GLU,113.0,-4.027,4.928,8.451,0.31,0.2245,0.0
ATOM,1729.0,HA,GLU,113.0,-4.544,7.389,6.9,0.09,1.32,6.61
ATOM,1730.0,HB2,GLU,113.0,-4.905,8.668,8.889,0.09,1.32,2.1
ATOM,1731.0,HB3,GLU,113.0,-6.121,7.625,8.573,0.09,1.32,7.45
ATOM,1732.0,HG2,GLU,113.0,-5.625,6.355,10.316,0.09,1.32,4.58
ATOM,1733.0,HG3,GLU,113.0,-4.108,6.949,10.42,0.09,1.32,1.85
ATOM,1734.0,N,LYS,114.0,-2.498,8.598,7.977,-0.47,1.85,0.46
ATOM,1735.0,CA,LYS,114.0,-1.149,9.072,8.272,0.07,2.275,2.84
ATOM,1736.0,C,LYS,114.0,-0.086,8.17,7.621,0.51,2.0,0.0
ATOM,1737.0,O,LYS,114.0,0.833,7.679,8.287,-0.51,1.7,0.0
ATOM,1738.0,CB,LYS,114.0,-0.962,9.111,9.793,-0.18,2.175,1.72
ATOM,1739.0,CG,LYS,114.0,-2.071,9.877,10.55,-0.18,2.175,3.73
ATOM,1740.0,CD,LYS,114.0,-1.827,9.859,12.075,-0.18,2.175,8.71
ATOM,1741.0,CE,LYS,114.0,-2.941,10.549,12.871,0.21,2.175,14.05
ATOM,1742.0,NZ,LYS,114.0,-3.146,11.956,12.439,-0.3,1.85,12.62
ATOM,1743.0,H,LYS,114.0,-3.257,9.229,7.627,0.31,0.2245,11.28
ATOM,1744.0,HA,LYS,114.0,-1.04,10.004,7.906,0.09,1.32,10.24
ATOM,1745.0,HB2,LYS,114.0,-0.952,8.176,10.135,0.09,1.32,1.12
ATOM,1746.0,HB3,LYS,114.0,-0.093,9.557,9.994,0.09,1.32,4.94
ATOM,1747.0,HG2,LYS,114.0,-2.077,10.822,10.24,0.09,1.32,5.53
ATOM,1748.0,HG3,LYS,114.0,-2.946,9.445,10.362,0.09,1.32,0.0
ATOM,1749.0,HD2,LYS,114.0,-1.767,8.908,12.372,0.09,1.32,6.67
ATOM,1750.0,HD3,LYS,114.0,-0.967,10.328,12.262,0.09,1.32,9.68
ATOM,1751.0,HE2,LYS,114.0,-3.792,10.033,12.742,0.05,1.32,0.0
ATOM,1752.0,HE3,LYS,114.0,-2.696,10.531,13.844,0.05,1.32,12.09
ATOM,1753.0,HZ1,LYS,114.0,-3.15,12.0,11.44,0.33,0.2245,9.3
ATOM,1754.0,HZ2,LYS,114.0,-4.021,12.288,12.791,0.33,0.2245,20.02
ATOM,1755.0,HZ3,LYS,114.0,-2.405,12.525,12.796,0.33,0.2245,19.32
ATOM,1756.0,N,LEU,115.0,-0.211,7.957,6.318,-0.47,1.85,0.0
ATOM,1757.0,CA,LEU,115.0,0.725,7.094,5.617,0.07,2.275,0.0
ATOM,1758.0,C,LEU,115.0,2.033,7.752,5.228,0.51,2.0,0.0
ATOM,1759.0,O,LEU,115.0,3.033,7.059,5.014,-0.51,1.7,0.0
ATOM,1760.0,CB,LEU,115.0,0.069,6.514,4.362,-0.18,2.175,0.5
ATOM,1761.0,CG,LEU,115.0,-1.098,5.557,4.592,-0.09,2.275,0.73
ATOM,1762.0,CD1,LEU,115.0,-1.711,5.191,3.247,-0.27,2.06,22.33
ATOM,1763.0,CD2,LEU,115.0,-0.621,4.306,5.323,-0.27,2.06,0.0
ATOM,1764.0,H,LEU,115.0,-1.002,8.441,5.865,0.31,0.2245,7.27
ATOM,1765.0,HA,LEU,115.0,0.936,6.294,6.221,0.09,1.32,0.0
ATOM,1766.0,HB2,LEU,115.0,-0.273,7.276,3.817,0.09,1.32,7.37
ATOM,1767.0,HB3,LEU,115.0,0.767,6.017,3.855,0.09,1.32,0.0
ATOM,1768.0,HG,LEU,115.0,-1.782,6.006,5.156,0.09,1.32,0.0
ATOM,1769.0,HD11,LEU,115.0,-1.02,4.749,2.674,0.09,1.32,0.21
ATOM,1770.0,HD12,LEU,115.0,-2.477,4.564,3.389,0.09,1.32,2.49
ATOM,1771.0,HD13,LEU,115.0,-2.039,6.02,2.793,0.09,1.32,10.32
ATOM,1772.0,HD21,LEU,115.0,-0.232,4.565,6.207,0.09,1.32,0.0
ATOM,1773.0,HD22,LEU,115.0,-1.395,3.689,5.467,0.09,1.32,0.0
ATOM,1774.0,HD23,LEU,115.0,0.076,3.845,4.774,0.09,1.32,0.0
ATOM,1775.0,N,GLU,116.0,2.042,9.079,5.144,-0.47,1.85,1.06
ATOM,1776.0,CA,GLU,116.0,3.25,9.785,4.726,0.07,2.275,0.06
ATOM,1777.0,C,GLU,116.0,4.463,9.599,5.652,0.51,2.0,0.13
ATOM,1778.0,O,GLU,116.0,5.607,9.671,5.189,-0.51,1.7,4.92
ATOM,1779.0,CB,GLU,116.0,2.933,11.281,4.511,-0.18,2.175,12.44
ATOM,1780.0,CG,GLU,116.0,3.964,12.083,3.672,-0.28,2.175,20.32
ATOM,1781.0,CD,GLU,116.0,4.406,11.414,2.334,0.62,2.0,2.79
ATOM,1782.0,OE1,GLU,116.0,3.587,10.708,1.682,-0.76,1.7,10.41
ATOM,1783.0,OE2,GLU,116.0,5.586,11.625,1.928,-0.76,1.7,15.23
ATOM,1784.0,H,GLU,116.0,1.158,9.545,5.39,0.31,0.2245,2.86
ATOM,1785.0,HA,GLU,116.0,3.508,9.486,3.782,0.09,1.32,0.0
ATOM,1786.0,HB2,GLU,116.0,2.068,11.34,4.037,0.09,1.32,8.86
ATOM,1787.0,HB3,GLU,116.0,2.888,11.711,5.399,0.09,1.32,9.01
ATOM,1788.0,HG2,GLU,116.0,3.557,12.951,3.437,0.09,1.32,10.99
ATOM,1789.0,HG3,GLU,116.0,4.779,12.198,4.216,0.09,1.32,6.7
ATOM,1790.0,N,GLN,117.0,4.226,9.325,6.939,-0.47,1.85,1.52
ATOM,1791.0,CA,GLN,117.0,5.326,9.144,7.889,0.07,2.275,4.66
ATOM,1792.0,C,GLN,117.0,6.168,7.934,7.503,0.51,2.0,0.0
ATOM,1793.0,O,GLN,117.0,7.342,7.84,7.875,-0.51,1.7,11.2
ATOM,1794.0,CB,GLN,117.0,4.787,8.917,9.309,-0.18,2.175,13.56
ATOM,1795.0,CG,GLN,117.0,3.904,7.661,9.4,-0.18,2.175,0.57
ATOM,1796.0,CD,GLN,117.0,3.322,7.396,10.786,0.55,2.0,0.99
ATOM,1797.0,H,GLN,117.0,3.229,9.255,7.195,0.31,0.2245,1.25
ATOM,1798.0,HA,GLN,117.0,5.913,9.957,7.839,0.09,1.32,10.23
ATOM,1799.0,HB2,GLN,117.0,5.551,8.799,9.929,0.09,1.32,7.46
ATOM,1800.0,HB3,GLN,117.0,4.235,9.698,9.574,0.09,1.32,9.84
ATOM,1801.0,HG2,GLN,117.0,3.144,7.762,8.75,0.09,1.32,0.0
ATOM,1802.0,HG3,GLN,117.0,4.457,6.867,9.129,0.09,1.32,0.0
ATOM,1803.0,OE1,GLN,117.0,4.046,7.304,11.78,-0.55,1.7,31.67
ATOM,1804.0,NE2,GLN,117.0,2.005,7.255,10.852,-0.62,1.85,4.25
ATOM,1805.0,HE21,GLN,117.0,1.547,7.063,11.739,0.32,0.2245,16.03
ATOM,1806.0,HE22,GLN,117.0,1.456,7.343,9.999,0.3,0.2245,0.0
ATOM,1807.0,N,TRP,118.0,5.553,7.001,6.774,-0.47,1.85,0.0
ATOM,1808.0,CA,TRP,118.0,6.215,5.75,6.373,0.07,2.275,0.0
ATOM,1809.0,C,TRP,118.0,7.086,5.815,5.124,0.51,2.0,0.0
ATOM,1810.0,O,TRP,118.0,7.663,4.815,4.719,-0.51,1.7,0.85
ATOM,1811.0,CB,TRP,118.0,5.168,4.648,6.191,-0.18,2.175,0.0
ATOM,1812.0,CG,TRP,118.0,4.37,4.397,7.414,-0.03,1.9924,0.0
ATOM,1813.0,CD1,TRP,118.0,3.089,4.8,7.655,0.035,1.9924,0.0
ATOM,1814.0,CD2,TRP,118.0,4.817,3.743,8.608,-0.02,1.8,0.0
ATOM,1815.0,NE1,TRP,118.0,2.712,4.447,8.918,-0.61,1.85,0.0
ATOM,1816.0,CE2,TRP,118.0,3.747,3.795,9.532,0.13,1.8,0.0
ATOM,1817.0,CE3,TRP,118.0,6.02,3.124,8.989,-0.115,1.9924,1.7
ATOM,1818.0,CZ2,TRP,118.0,3.835,3.248,10.819,-0.115,1.9924,2.0
ATOM,1819.0,CZ3,TRP,118.0,6.111,2.582,10.278,-0.115,1.9924,8.69
ATOM,1820.0,CH2,TRP,118.0,5.018,2.65,11.176,-0.115,1.9924,8.44
ATOM,1821.0,H,TRP,118.0,4.572,7.231,6.514,0.31,0.2245,0.0
ATOM,1822.0,HA,TRP,118.0,6.818,5.466,7.154,0.09,1.32,0.0
ATOM,1823.0,HB2,TRP,118.0,4.542,4.921,5.471,0.09,1.32,0.0
ATOM,1824.0,HB3,TRP,118.0,5.633,3.804,5.953,0.09,1.32,0.0
ATOM,1825.0,HD1,TRP,118.0,2.51,5.286,6.998,0.115,1.3582,0.0
ATOM,1826.0,HE1,TRP,118.0,1.819,4.633,9.336,0.38,0.2245,0.54
ATOM,1827.0,HE3,TRP,118.0,6.79,3.066,8.368,0.115,1.3582,0.0
ATOM,1828.0,HZ2,TRP,118.0,3.052,3.301,11.444,0.115,1.3582,4.82
ATOM,1829.0,HZ3,TRP,118.0,6.954,2.147,10.561,0.115,1.3582,2.54
ATOM,1830.0,HH2,TRP,118.0,5.125,2.25,12.084,0.115,1.3582,2.95
ATOM,1831.0,N,ARG,119.0,7.19,6.989,4.522,-0.47,1.85,0.0
ATOM,1832.0,CA,ARG,119.0,7.999,7.17,3.327,0.07,2.275,0.0
ATOM,1833.0,C,ARG,119.0,9.494,7.092,3.626,0.51,2.0,0.0
ATOM,1834.0,O,ARG,119.0,9.941,7.582,4.661,-0.51,1.7,7.28
ATOM,1835.0,CB,ARG,119.0,7.668,8.541,2.702,-0.18,2.175,0.08
ATOM,1836.0,CG,ARG,119.0,8.492,8.942,1.496,-0.18,2.175,1.0
ATOM,1837.0,CD,ARG,119.0,7.617,9.717,0.493,0.2,2.175,8.91
ATOM,1838.0,NE,ARG,119.0,6.809,8.781,-0.296,-0.7,1.85,4.76
ATOM,1839.0,CZ,ARG,119.0,5.543,8.978,-0.652,0.64,2.0,1.66
ATOM,1840.0,NH1,ARG,119.0,4.91,8.061,-1.37,-0.8,1.85,15.91
ATOM,1841.0,NH2,ARG,119.0,4.903,10.074,-0.279,-0.8,1.85,12.58
ATOM,1842.0,H,ARG,119.0,6.651,7.759,4.97,0.31,0.2245,0.0
ATOM,1843.0,HA,ARG,119.0,7.768,6.443,2.662,0.09,1.32,0.0
ATOM,1844.0,HB2,ARG,119.0,6.701,8.526,2.431,0.09,1.32,0.0
ATOM,1845.0,HB3,ARG,119.0,7.793,9.238,3.414,0.09,1.32,4.72
ATOM,1846.0,HG2,ARG,119.0,9.232,9.538,1.773,0.09,1.32,0.0
ATOM,1847.0,HG3,ARG,119.0,8.834,8.136,1.035,0.09,1.32,0.33
ATOM,1848.0,HD2,ARG,119.0,7.025,10.314,1.007,0.09,1.32,0.0
ATOM,1849.0,HD3,ARG,119.0,8.218,10.221,-0.104,0.09,1.32,5.17
ATOM,1850.0,HE,ARG,119.0,7.25,7.92,-0.591,0.44,0.2245,9.29
ATOM,1851.0,HH11,ARG,119.0,5.353,7.211,-1.637,0.46,0.2245,13.07
ATOM,1852.0,HH12,ARG,119.0,3.954,8.226,-1.654,0.46,0.2245,15.01
ATOM,1853.0,HH21,ARG,119.0,5.377,10.75,0.295,0.46,0.2245,0.73
ATOM,1854.0,HH22,ARG,119.0,3.961,10.232,-0.56,0.46,0.2245,11.79
ATOM,1855.0,N,CYS,120.0,10.256,6.459,2.736,-0.47,1.85,0.0
ATOM,1856.0,CA,CYS,120.0,11.704,6.392,2.896,0.07,2.275,0.0
ATOM,1857.0,C,CYS,120.0,12.254,7.275,1.782,0.51,2.0,0.0
ATOM,1858.0,O,CYS,120.0,11.952,7.041,0.61,-0.51,1.7,15.08
ATOM,1859.0,CB,CYS,120.0,12.257,4.954,2.732,-0.1,2.175,0.0
ATOM,1860.0,SG,CYS,120.0,14.095,4.98,2.59,-0.08,1.975,0.22
ATOM,1861.0,H,CYS,120.0,9.744,6.032,1.945,0.31,0.2245,6.2
ATOM,1862.0,HA,CYS,120.0,11.945,6.797,3.758,0.09,1.32,0.84
ATOM,1863.0,HB2,CYS,120.0,12.026,4.44,3.528,0.09,1.32,0.0
ATOM,1864.0,HB3,CYS,120.0,11.899,4.577,1.906,0.09,1.32,0.69
ATOM,1865.0,N,GLU,121.0,13.029,8.302,2.133,-0.47,1.85,0.0
ATOM,1866.0,CA,GLU,121.0,13.601,9.205,1.134,0.07,2.275,0.23
ATOM,1867.0,C,GLU,121.0,15.041,8.791,0.81,0.51,2.0,0.34
ATOM,1868.0,O,GLU,121.0,15.723,9.456,0.036,-0.51,1.7,11.93
ATOM,1869.0,CB,GLU,121.0,13.618,10.648,1.649,-0.18,2.175,11.5
ATOM,1870.0,CG,GLU,121.0,12.273,11.193,2.097,-0.28,2.175,17.11
ATOM,1871.0,CD,GLU,121.0,11.439,11.714,0.942,0.62,2.0,3.14
ATOM,1872.0,OE1,GLU,121.0,10.338,12.233,1.209,-0.76,1.7,27.16
ATOM,1873.0,OE2,GLU,121.0,11.894,11.607,-0.221,-0.76,1.7,32.67
ATOM,1874.0,H,GLU,121.0,13.187,8.402,3.152,0.31,0.2245,6.8
ATOM,1875.0,HA,GLU,121.0,13.051,9.177,0.296,0.09,1.32,2.09
ATOM,1876.0,HB2,GLU,121.0,14.228,10.679,2.427,0.09,1.32,9.53
ATOM,1877.0,HB3,GLU,121.0,13.945,11.223,0.914,0.09,1.32,4.84
ATOM,1878.0,HG2,GLU,121.0,11.77,10.464,2.521,0.09,1.32,0.0
ATOM,1879.0,HG3,GLU,121.0,12.431,11.944,2.711,0.09,1.32,11.18
ATOM,1880.0,N,LYS,122.0,15.505,7.715,1.431,-0.47,1.85,0.97
ATOM,1881.0,CA,LYS,122.0,16.86,7.214,1.206,0.07,2.275,2.21
ATOM,1882.0,C,LYS,122.0,16.844,6.228,0.03,0.51,2.0,0.12
ATOM,1883.0,O,LYS,122.0,16.486,5.063,0.197,-0.51,1.7,4.46
ATOM,1884.0,CB,LYS,122.0,17.359,6.53,2.489,-0.18,2.175,1.93
ATOM,1885.0,CG,LYS,122.0,18.75,5.917,2.44,-0.18,2.175,2.92
ATOM,1886.0,CD,LYS,122.0,19.118,5.392,3.829,-0.18,2.175,9.72
ATOM,1887.0,CE,LYS,122.0,20.281,4.397,3.806,0.21,2.175,17.47
ATOM,1888.0,NZ,LYS,122.0,21.618,5.013,3.561,-0.3,1.85,13.73
ATOM,1889.0,H,LYS,122.0,14.832,7.263,2.084,0.31,0.2245,0.0
ATOM,1890.0,HA,LYS,122.0,17.457,7.979,0.971,0.09,1.32,3.72
ATOM,1891.0,HB2,LYS,122.0,17.343,7.215,3.229,0.09,1.32,9.7
ATOM,1892.0,HB3,LYS,122.0,16.701,5.801,2.725,0.09,1.32,0.0
ATOM,1893.0,HG2,LYS,122.0,18.753,5.16,1.802,0.09,1.32,1.6
ATOM,1894.0,HG3,LYS,122.0,19.406,6.609,2.176,0.09,1.32,7.21
ATOM,1895.0,HD2,LYS,122.0,19.377,6.166,4.406,0.09,1.32,10.8
ATOM,1896.0,HD3,LYS,122.0,18.321,4.935,4.221,0.09,1.32,0.0
ATOM,1897.0,HE2,LYS,122.0,20.302,3.907,4.693,0.05,1.32,12.22
ATOM,1898.0,HE3,LYS,122.0,20.1,3.707,3.085,0.05,1.32,10.25
ATOM,1899.0,HZ1,LYS,122.0,22.122,4.455,2.904,0.33,0.2245,20.51
ATOM,1900.0,HZ2,LYS,122.0,21.494,5.934,3.195,0.33,0.2245,11.92
ATOM,1901.0,HZ3,LYS,122.0,22.123,5.058,4.422,0.33,0.2245,20.34
ATOM,1902.0,N,PRO,123.0,17.203,6.695,-1.185,-0.29,1.85,0.0
ATOM,1903.0,CA,PRO,123.0,17.222,5.837,-2.38,0.02,2.275,4.05
ATOM,1904.0,C,PRO,123.0,18.589,5.186,-2.614,0.34,2.0,4.55
ATOM,1905.0,O,PRO,123.0,19.402,5.128,-1.66,-0.67,1.7,28.66
ATOM,1906.0,CB,PRO,123.0,16.845,6.798,-3.522,-0.18,2.175,17.4
ATOM,1907.0,CG,PRO,123.0,16.55,8.154,-2.83,-0.18,2.175,20.4
ATOM,1908.0,CD,PRO,123.0,17.384,8.099,-1.583,0.0,2.175,13.03
ATOM,1909.0,OXT,PRO,123.0,18.826,4.735,-3.757,-0.67,1.7,41.95
ATOM,1910.0,HA,PRO,123.0,16.498,5.132,-2.322,0.09,1.32,1.89
ATOM,1911.0,HB2,PRO,123.0,17.599,6.909,-4.166,0.09,1.32,7.92
ATOM,1912.0,HB3,PRO,123.0,16.031,6.485,-4.006,0.09,1.32,11.78
ATOM,1913.0,HG2,PRO,123.0,16.828,8.893,-3.43,0.09,1.32,11.5
ATOM,1914.0,HG3,PRO,123.0,15.581,8.21,-2.626,0.09,1.32,6.42
ATOM,1915.0,HD2,PRO,123.0,18.339,8.29,-1.772,0.09,1.32,9.76
ATOM,1916.0,HD3,PRO,123.0,17.036,8.711,-0.882,0.09,1.32,0.0
