atom,serial,name,resname,resid,x,y,z,charges,radius,sasa
ATOM,1.0,N,SER,1.0,15.327,19.512,53.255,-0.3,1.85,4.52
ATOM,2.0,CA,SER,1.0,14.274,18.606,52.699,0.21,2.275,1.26
ATOM,3.0,C,SER,1.0,14.128,17.369,53.579,0.51,2.0,0.0
ATOM,4.0,O,SER,1.0,14.929,16.434,53.494,-0.51,1.7,0.0
ATOM,5.0,CB,SER,1.0,14.619,18.212,51.262,0.05,2.175,1.99
ATOM,6.0,OG,SER,1.0,14.867,19.367,50.472,-0.66,1.77,6.0
ATOM,7.0,H,SER,1.0,16.224,19.134,53.044,0.33,0.2245,0.0
ATOM,8.0,HA,SER,1.0,13.411,19.11,52.715,0.1,1.32,2.5
ATOM,9.0,HB2,SER,1.0,15.435,17.645,51.271,0.09,1.32,0.0
ATOM,10.0,HB3,SER,1.0,13.853,17.714,50.873,0.09,1.32,0.0
ATOM,11.0,H2,SER,1.0,15.232,20.412,52.84,0.33,0.2245,7.44
ATOM,12.0,H3,SER,1.0,15.209,19.578,54.242,0.33,0.2245,6.54
ATOM,13.0,HG,SER,1.0,15.666,19.208,49.894,0.43,0.2245,0.0
ATOM,14.0,N,LYS,2.0,13.113,17.376,54.434,-0.47,1.85,0.0
ATOM,15.0,CA,LYS,2.0,12.966,16.338,55.456,0.07,2.275,0.0
ATOM,16.0,C,LYS,2.0,12.58,14.965,54.887,0.51,2.0,0.0
ATOM,17.0,O,LYS,2.0,11.692,14.857,54.044,-0.51,1.7,0.0
ATOM,18.0,CB,LYS,2.0,11.969,16.782,56.534,-0.18,2.175,2.5
ATOM,19.0,CG,LYS,2.0,12.363,18.05,57.278,-0.18,2.175,3.29
ATOM,20.0,CD,LYS,2.0,11.334,18.427,58.328,-0.18,2.175,6.23
ATOM,21.0,CE,LYS,2.0,11.703,19.684,59.081,0.21,2.175,17.48
ATOM,22.0,NZ,LYS,2.0,10.669,20.013,60.094,-0.3,1.85,14.61
ATOM,23.0,H,LYS,2.0,12.447,18.162,54.32,0.31,0.2245,0.0
ATOM,24.0,HA,LYS,2.0,13.849,16.241,55.951,0.09,1.32,0.0
ATOM,25.0,HB2,LYS,2.0,11.085,16.938,56.093,0.09,1.32,0.13
ATOM,26.0,HB3,LYS,2.0,11.882,16.04,57.2,0.09,1.32,0.15
ATOM,27.0,HG2,LYS,2.0,13.246,17.902,57.728,0.09,1.32,1.84
ATOM,28.0,HG3,LYS,2.0,12.448,18.8,56.622,0.09,1.32,1.16
ATOM,29.0,HD2,LYS,2.0,10.452,18.571,57.875,0.09,1.32,2.38
ATOM,30.0,HD3,LYS,2.0,11.25,17.674,58.982,0.09,1.32,4.74
ATOM,31.0,HE2,LYS,2.0,12.581,19.546,59.54,0.05,1.32,8.84
ATOM,32.0,HE3,LYS,2.0,11.783,20.443,58.434,0.05,1.32,9.74
ATOM,33.0,HZ1,LYS,2.0,10.476,20.994,60.068,0.33,0.2245,20.66
ATOM,34.0,HZ2,LYS,2.0,9.831,19.504,59.893,0.33,0.2245,15.07
ATOM,35.0,HZ3,LYS,2.0,11.001,19.762,61.003,0.33,0.2245,20.57
ATOM,36.0,N,ILE,3.0,13.265,13.924,55.365,-0.47,1.85,0.0
ATOM,37.0,CA,ILE,3.0,12.922,12.541,55.036,0.07,2.275,0.0
ATOM,38.0,C,ILE,3.0,11.641,12.147,55.771,0.51,2.0,0.0
ATOM,39.0,O,ILE,3.0,11.513,12.388,56.977,-0.51,1.7,1.62
ATOM,40.0,CB,ILE,3.0,14.082,11.57,55.413,-0.09,2.275,0.0
ATOM,41.0,CG1,ILE,3.0,15.315,11.856,54.543,-0.18,2.175,0.0
ATOM,42.0,CG2,ILE,3.0,13.636,10.097,55.323,-0.27,2.06,0.0
ATOM,43.0,CD1,ILE,3.0,16.595,11.18,55.025,-0.27,2.06,0.0
ATOM,44.0,H,ILE,3.0,14.06,14.181,55.989,0.31,0.2245,0.0
ATOM,45.0,HA,ILE,3.0,12.706,12.529,54.061,0.09,1.32,0.0
ATOM,46.0,HB,ILE,3.0,14.322,11.743,56.358,0.09,1.32,0.0
ATOM,47.0,HG12,ILE,3.0,15.122,11.551,53.612,0.09,1.32,0.0
ATOM,48.0,HG13,ILE,3.0,15.465,12.845,54.529,0.09,1.32,0.0
ATOM,49.0,HG21,ILE,3.0,14.381,9.514,55.633,0.09,1.32,0.0
ATOM,50.0,HG22,ILE,3.0,12.837,9.965,55.902,0.09,1.32,0.0
ATOM,51.0,HG23,ILE,3.0,13.409,9.885,54.377,0.09,1.32,0.0
ATOM,52.0,HD11,ILE,3.0,16.459,10.192,55.029,0.09,1.32,0.0
ATOM,53.0,HD12,ILE,3.0,17.34,11.417,54.407,0.09,1.32,0.0
ATOM,54.0,HD13,ILE,3.0,16.803,11.498,55.947,0.09,1.32,0.0
ATOM,55.0,N,VAL,4.0,10.699,11.546,55.045,-0.47,1.85,0.0
ATOM,56.0,CA,VAL,4.0,9.435,11.109,55.643,0.07,2.275,0.34
ATOM,57.0,C,VAL,4.0,9.265,9.586,55.703,0.51,2.0,0.0
ATOM,58.0,O,VAL,4.0,8.63,9.065,56.621,-0.51,1.7,11.0
ATOM,59.0,CB,VAL,4.0,8.202,11.789,54.975,-0.09,2.275,3.08
ATOM,60.0,CG1,VAL,4.0,8.306,13.306,55.095,-0.27,2.06,14.4
ATOM,61.0,CG2,VAL,4.0,8.052,11.375,53.516,-0.27,2.06,12.16
ATOM,62.0,H,VAL,4.0,10.932,11.418,54.045,0.31,0.2245,0.0
ATOM,63.0,HA,VAL,4.0,9.403,11.46,56.598,0.09,1.32,2.18
ATOM,64.0,HB,VAL,4.0,7.398,11.508,55.484,0.09,1.32,7.91
ATOM,65.0,HG11,VAL,4.0,9.252,13.56,55.295,0.09,1.32,0.0
ATOM,66.0,HG12,VAL,4.0,8.022,13.728,54.235,0.09,1.32,0.0
ATOM,67.0,HG13,VAL,4.0,7.712,13.622,55.834,0.09,1.32,11.6
ATOM,68.0,HG21,VAL,4.0,8.92,11.002,53.189,0.09,1.32,0.0
ATOM,69.0,HG22,VAL,4.0,7.338,10.68,53.443,0.09,1.32,1.35
ATOM,70.0,HG23,VAL,4.0,7.802,12.175,52.971,0.09,1.32,0.87
ATOM,71.0,N,LYS,5.0,9.833,8.874,54.729,-0.47,1.85,0.0
ATOM,72.0,CA,LYS,5.0,9.741,7.423,54.689,0.07,2.275,0.04
ATOM,73.0,C,LYS,5.0,10.945,6.84,53.97,0.51,2.0,0.0
ATOM,74.0,O,LYS,5.0,11.441,7.417,53.002,-0.51,1.7,0.0
ATOM,75.0,CB,LYS,5.0,8.465,6.963,53.982,-0.18,2.175,1.51
ATOM,76.0,CG,LYS,5.0,7.175,7.444,54.636,-0.18,2.175,1.95
ATOM,77.0,CD,LYS,5.0,5.95,6.951,53.886,-0.18,2.175,6.19
ATOM,78.0,CE,LYS,5.0,4.657,7.415,54.516,0.21,2.175,20.01
ATOM,79.0,NZ,LYS,5.0,3.489,6.911,53.75,-0.3,1.85,14.28
ATOM,80.0,H,LYS,5.0,10.336,9.439,54.017,0.31,0.2245,0.0
ATOM,81.0,HA,LYS,5.0,9.724,7.07,55.631,0.09,1.32,1.29
ATOM,82.0,HB2,LYS,5.0,8.486,7.306,53.044,0.09,1.32,0.0
ATOM,83.0,HB3,LYS,5.0,8.457,5.963,53.972,0.09,1.32,2.25
ATOM,84.0,HG2,LYS,5.0,7.14,7.101,55.576,0.09,1.32,7.64
ATOM,85.0,HG3,LYS,5.0,7.169,8.444,54.647,0.09,1.32,0.0
ATOM,86.0,HD2,LYS,5.0,5.99,7.293,52.946,0.09,1.32,4.25
ATOM,87.0,HD3,LYS,5.0,5.96,5.95,53.876,0.09,1.32,6.85
ATOM,88.0,HE2,LYS,5.0,4.608,7.073,55.454,0.05,1.32,10.45
ATOM,89.0,HE3,LYS,5.0,4.637,8.415,54.526,0.05,1.32,7.44
ATOM,90.0,HZ1,LYS,5.0,2.645,7.239,54.175,0.33,0.2245,20.82
ATOM,91.0,HZ2,LYS,5.0,3.54,7.243,52.808,0.33,0.2245,17.89
ATOM,92.0,HZ3,LYS,5.0,3.497,5.911,53.752,0.33,0.2245,18.0
ATOM,93.0,N,ILE,6.0,11.416,5.704,54.472,-0.47,1.85,0.0
ATOM,94.0,CA,ILE,6.0,12.444,4.925,53.792,0.07,2.275,0.0
ATOM,95.0,C,ILE,6.0,11.952,3.491,53.68,0.51,2.0,0.0
ATOM,96.0,O,ILE,6.0,11.461,2.904,54.646,-0.51,1.7,9.05
ATOM,97.0,CB,ILE,6.0,13.82,5.008,54.498,-0.09,2.275,0.0
ATOM,98.0,CG1,ILE,6.0,14.329,6.453,54.488,-0.18,2.175,0.0
ATOM,99.0,CG2,ILE,6.0,14.832,4.085,53.817,-0.27,2.06,0.0
ATOM,100.0,CD1,ILE,6.0,15.626,6.685,55.2,-0.27,2.06,0.0
ATOM,101.0,H,ILE,6.0,10.993,5.422,55.381,0.31,0.2245,3.16
ATOM,102.0,HA,ILE,6.0,12.5,5.282,52.865,0.09,1.32,0.0
ATOM,103.0,HB,ILE,6.0,13.694,4.731,55.442,0.09,1.32,0.0
ATOM,104.0,HG12,ILE,6.0,14.421,6.743,53.527,0.09,1.32,0.0
ATOM,105.0,HG13,ILE,6.0,13.617,7.032,54.907,0.09,1.32,0.0
ATOM,106.0,HG21,ILE,6.0,15.7,4.13,54.306,0.09,1.32,0.0
ATOM,107.0,HG22,ILE,6.0,14.487,3.149,53.831,0.09,1.32,0.0
ATOM,108.0,HG23,ILE,6.0,14.964,4.379,52.873,0.09,1.32,0.0
ATOM,109.0,HD11,ILE,6.0,16.347,6.132,54.779,0.09,1.32,0.0
ATOM,110.0,HD12,ILE,6.0,15.877,7.653,55.14,0.09,1.32,0.0
ATOM,111.0,HD13,ILE,6.0,15.534,6.428,56.164,0.09,1.32,0.0
ATOM,112.0,N,ILE,7.0,12.061,2.946,52.477,-0.47,1.85,0.0
ATOM,113.0,CA,ILE,7.0,11.609,1.602,52.202,0.07,2.275,0.0
ATOM,114.0,C,ILE,7.0,12.775,0.804,51.654,0.51,2.0,0.0
ATOM,115.0,O,ILE,7.0,13.485,1.264,50.759,-0.51,1.7,0.39
ATOM,116.0,CB,ILE,7.0,10.437,1.579,51.19,-0.09,2.275,0.0
ATOM,117.0,CG1,ILE,7.0,9.241,2.371,51.736,-0.18,2.175,4.12
ATOM,118.0,CG2,ILE,7.0,10.018,0.143,50.88,-0.27,2.06,10.46
ATOM,119.0,CD1,ILE,7.0,8.172,2.679,50.697,-0.27,2.06,22.73
ATOM,120.0,H,ILE,7.0,12.496,3.567,51.759,0.31,0.2245,0.0
ATOM,121.0,HA,ILE,7.0,11.372,1.194,53.082,0.09,1.32,0.05
ATOM,122.0,HB,ILE,7.0,10.746,2.022,50.357,0.09,1.32,0.0
ATOM,123.0,HG12,ILE,7.0,8.827,1.846,52.478,0.09,1.32,9.03
ATOM,124.0,HG13,ILE,7.0,9.582,3.234,52.107,0.09,1.32,0.0
ATOM,125.0,HG21,ILE,7.0,9.29,0.151,50.198,0.09,1.32,0.4
ATOM,126.0,HG22,ILE,7.0,10.803,-0.361,50.526,0.09,1.32,0.05
ATOM,127.0,HG23,ILE,7.0,9.689,-0.293,51.715,0.09,1.32,6.32
ATOM,128.0,HD11,ILE,7.0,7.817,1.822,50.329,0.09,1.32,5.0
ATOM,129.0,HD12,ILE,7.0,7.434,3.193,51.13,0.09,1.32,5.73
ATOM,130.0,HD13,ILE,7.0,8.576,3.22,49.963,0.09,1.32,0.0
ATOM,131.0,N,GLY,8.0,12.981,-0.372,52.235,-0.47,1.85,0.0
ATOM,132.0,CA,GLY,8.0,13.926,-1.344,51.714,-0.02,2.175,0.0
ATOM,133.0,C,GLY,8.0,13.184,-2.53,51.156,0.51,2.0,0.0
ATOM,134.0,O,GLY,8.0,12.122,-2.924,51.671,-0.51,1.7,6.07
ATOM,135.0,H,GLY,8.0,12.407,-0.535,53.094,0.31,0.2245,0.0
ATOM,136.0,HA2,GLY,8.0,14.479,-0.919,50.991,0.09,1.32,0.0
ATOM,137.0,HA3,GLY,8.0,14.539,-1.644,52.452,0.09,1.32,0.0
ATOM,138.0,N,ARG,9.0,13.748,-3.123,50.108,-0.47,1.85,0.0
ATOM,139.0,CA,ARG,9.0,13.201,-4.352,49.563,0.07,2.275,0.0
ATOM,140.0,C,ARG,9.0,14.276,-5.232,48.944,0.51,2.0,0.0
ATOM,141.0,O,ARG,9.0,15.347,-4.762,48.524,-0.51,1.7,0.0
ATOM,142.0,CB,ARG,9.0,12.071,-4.083,48.556,-0.18,2.175,7.26
ATOM,143.0,CG,ARG,9.0,12.51,-3.486,47.217,-0.18,2.175,0.0
ATOM,144.0,CD,ARG,9.0,11.341,-3.478,46.204,0.2,2.175,10.96
ATOM,145.0,NE,ARG,9.0,10.257,-2.623,46.698,-0.7,1.85,4.66
ATOM,146.0,CZ,ARG,9.0,10.183,-1.31,46.513,0.64,2.0,1.54
ATOM,147.0,NH1,ARG,9.0,11.12,-0.659,45.816,-0.8,1.85,5.32
ATOM,148.0,NH2,ARG,9.0,9.162,-0.64,47.018,-0.8,1.85,13.96
ATOM,149.0,H,ARG,9.0,14.583,-2.644,49.731,0.31,0.2245,0.0
ATOM,150.0,HA,ARG,9.0,12.752,-4.87,50.309,0.09,1.32,2.08
ATOM,151.0,HB2,ARG,9.0,11.61,-4.95,48.368,0.09,1.32,5.26
ATOM,152.0,HB3,ARG,9.0,11.424,-3.447,48.977,0.09,1.32,0.77
ATOM,153.0,HG2,ARG,9.0,12.802,-2.548,47.348,0.09,1.32,0.19
ATOM,154.0,HG3,ARG,9.0,13.239,-4.034,46.83,0.09,1.32,0.0
ATOM,155.0,HD2,ARG,9.0,11.685,-3.121,45.353,0.09,1.32,0.05
ATOM,156.0,HD3,ARG,9.0,11.02,-4.405,46.113,0.09,1.32,6.91
ATOM,157.0,HE,ARG,9.0,9.513,-3.068,47.217,0.44,0.2245,12.51
ATOM,158.0,HH11,ARG,9.0,11.879,-1.161,45.408,0.46,0.2245,0.0
ATOM,159.0,HH12,ARG,9.0,11.055,0.333,45.705,0.46,0.2245,0.0
ATOM,160.0,HH21,ARG,9.0,8.439,-1.121,47.519,0.46,0.2245,14.18
ATOM,161.0,HH22,ARG,9.0,9.104,0.354,46.901,0.46,0.2245,1.59
ATOM,162.0,N,GLU,10.0,13.975,-6.52,48.917,-0.47,1.85,0.0
ATOM,163.0,CA,GLU,10.0,14.828,-7.51,48.294,0.07,2.275,0.0
ATOM,164.0,C,GLU,10.0,14.389,-7.681,46.844,0.51,2.0,0.0
ATOM,165.0,O,GLU,10.0,13.29,-8.181,46.566,-0.51,1.7,20.28
ATOM,166.0,CB,GLU,10.0,14.708,-8.834,49.055,-0.18,2.175,4.58
ATOM,167.0,CG,GLU,10.0,15.551,-9.957,48.502,-0.28,2.175,0.52
ATOM,168.0,CD,GLU,10.0,15.31,-11.261,49.242,0.62,2.0,0.0
ATOM,169.0,OE1,GLU,10.0,14.16,-11.731,49.238,-0.76,1.7,10.8
ATOM,170.0,OE2,GLU,10.0,16.269,-11.803,49.811,-0.76,1.7,0.0
ATOM,171.0,H,GLU,10.0,13.068,-6.76,49.385,0.31,0.2245,7.22
ATOM,172.0,HA,GLU,10.0,15.78,-7.21,48.32,0.09,1.32,0.0
ATOM,173.0,HB2,GLU,10.0,14.996,-8.667,49.985,0.09,1.32,0.0
ATOM,174.0,HB3,GLU,10.0,13.762,-9.115,49.014,0.09,1.32,4.99
ATOM,175.0,HG2,GLU,10.0,15.305,-10.101,47.565,0.09,1.32,0.21
ATOM,176.0,HG3,GLU,10.0,16.497,-9.726,48.615,0.09,1.32,0.0
ATOM,177.0,N,ILE,11.0,15.248,-7.25,45.917,-0.47,1.85,0.0
ATOM,178.0,CA,ILE,11.0,15.008,-7.451,44.485,0.07,2.275,0.55
ATOM,179.0,C,ILE,11.0,16.055,-8.435,43.946,0.51,2.0,0.0
ATOM,180.0,O,ILE,11.0,16.827,-9.016,44.726,-0.51,1.7,0.0
ATOM,181.0,CB,ILE,11.0,15.039,-6.101,43.683,-0.09,2.275,1.12
ATOM,182.0,CG1,ILE,11.0,16.376,-5.375,43.892,-0.18,2.175,0.0
ATOM,183.0,CG2,ILE,11.0,13.867,-5.189,44.089,-0.27,2.06,10.94
ATOM,184.0,CD1,ILE,11.0,16.68,-4.29,42.832,-0.27,2.06,1.44
ATOM,185.0,H,ILE,11.0,16.087,-6.768,46.293,0.31,0.2245,0.0
ATOM,186.0,HA,ILE,11.0,14.127,-7.907,44.409,0.09,1.32,3.3
ATOM,187.0,HB,ILE,11.0,14.953,-6.328,42.721,0.09,1.32,3.13
ATOM,188.0,HG12,ILE,11.0,16.37,-4.941,44.788,0.09,1.32,0.0
ATOM,189.0,HG13,ILE,11.0,17.111,-6.048,43.862,0.09,1.32,0.0
ATOM,190.0,HG21,ILE,11.0,13.886,-4.367,43.528,0.09,1.32,1.2
ATOM,191.0,HG22,ILE,11.0,13.011,-5.677,43.946,0.09,1.32,8.0
ATOM,192.0,HG23,ILE,11.0,13.962,-4.946,45.05,0.09,1.32,0.0
ATOM,193.0,HD11,ILE,11.0,15.958,-3.608,42.865,0.09,1.32,0.0
ATOM,194.0,HD12,ILE,11.0,17.558,-3.878,43.047,0.09,1.32,0.0
ATOM,195.0,HD13,ILE,11.0,16.709,-4.723,41.938,0.09,1.32,0.21
ATOM,196.0,N,ILE,12.0,16.082,-8.635,42.631,-0.47,1.85,0.0
ATOM,197.0,CA,ILE,12.0,16.941,-9.645,42.023,0.07,2.275,0.0
ATOM,198.0,C,ILE,12.0,17.976,-8.954,41.135,0.51,2.0,0.0
ATOM,199.0,O,ILE,12.0,17.643,-8.009,40.405,-0.51,1.7,9.43
ATOM,200.0,CB,ILE,12.0,16.114,-10.668,41.203,-0.09,2.275,1.92
ATOM,201.0,CG1,ILE,12.0,14.926,-11.2,42.039,-0.18,2.175,16.88
ATOM,202.0,CG2,ILE,12.0,17.003,-11.81,40.672,-0.27,2.06,8.34
ATOM,203.0,CD1,ILE,12.0,15.347,-11.922,43.339,-0.27,2.06,5.19
ATOM,204.0,H,ILE,12.0,15.448,-8.019,42.084,0.31,0.2245,5.11
ATOM,205.0,HA,ILE,12.0,17.447,-10.072,42.769,0.09,1.32,0.0
ATOM,206.0,HB,ILE,12.0,15.742,-10.198,40.413,0.09,1.32,8.59
ATOM,207.0,HG12,ILE,12.0,14.341,-10.434,42.28,0.09,1.32,4.01
ATOM,208.0,HG13,ILE,12.0,14.413,-11.843,41.479,0.09,1.32,10.34
ATOM,209.0,HG21,ILE,12.0,16.454,-12.406,40.095,0.09,1.32,9.98
ATOM,210.0,HG22,ILE,12.0,17.75,-11.419,40.143,0.09,1.32,0.0
ATOM,211.0,HG23,ILE,12.0,17.366,-12.324,41.444,0.09,1.32,0.0
ATOM,212.0,HD11,ILE,12.0,15.853,-11.281,43.906,0.09,1.32,0.0
ATOM,213.0,HD12,ILE,12.0,14.527,-12.228,43.809,0.09,1.32,4.89
ATOM,214.0,HD13,ILE,12.0,15.919,-12.698,43.097,0.09,1.32,0.0
ATOM,215.0,N,ASP,13.0,19.217,-9.419,41.219,-0.47,1.85,0.0
ATOM,216.0,CA,ASP,13.0,20.299,-8.858,40.416,0.07,2.275,0.14
ATOM,217.0,C,ASP,13.0,20.476,-9.582,39.076,0.51,2.0,0.79
ATOM,218.0,O,ASP,13.0,19.735,-10.523,38.733,-0.51,1.7,6.99
ATOM,219.0,CB,ASP,13.0,21.608,-8.703,41.242,-0.28,2.175,0.0
ATOM,220.0,CG,ASP,13.0,22.459,-9.994,41.324,0.62,2.0,0.0
ATOM,221.0,OD1,ASP,13.0,22.141,-11.035,40.701,-0.76,1.7,0.0
ATOM,222.0,OD2,ASP,13.0,23.502,-9.95,42.025,-0.76,1.7,0.19
ATOM,223.0,H,ASP,13.0,19.348,-10.199,41.891,0.31,0.2245,0.0
ATOM,224.0,HA,ASP,13.0,20.048,-7.902,40.2,0.09,1.32,0.0
ATOM,225.0,HB2,ASP,13.0,22.156,-7.995,40.812,0.09,1.32,0.0
ATOM,226.0,HB3,ASP,13.0,21.355,-8.437,42.164,0.09,1.32,0.0
ATOM,227.0,N,SER,14.0,21.443,-9.122,38.293,-0.47,1.85,0.15
ATOM,228.0,CA,SER,14.0,21.563,-9.592,36.931,0.07,2.275,2.93
ATOM,229.0,C,SER,14.0,22.045,-11.027,36.828,0.51,2.0,0.2
ATOM,230.0,O,SER,14.0,22.039,-11.593,35.74,-0.51,1.7,13.18
ATOM,231.0,CB,SER,14.0,22.503,-8.668,36.15,0.05,2.175,2.15
ATOM,232.0,OG,SER,14.0,23.815,-8.671,36.708,-0.66,1.77,0.0
ATOM,233.0,H,SER,14.0,22.072,-8.43,38.728,0.31,0.2245,0.0
ATOM,234.0,HA,SER,14.0,20.643,-9.543,36.497,0.09,1.32,10.46
ATOM,235.0,HB2,SER,14.0,22.554,-8.983,35.207,0.09,1.32,0.0
ATOM,236.0,HB3,SER,14.0,22.143,-7.74,36.183,0.09,1.32,0.14
ATOM,237.0,HG,SER,14.0,24.483,-8.533,35.979,0.43,0.2245,0.0
ATOM,238.0,N,ARG,15.0,22.488,-11.605,37.954,-0.47,1.85,0.0
ATOM,239.0,CA,ARG,15.0,22.927,-12.999,37.977,0.07,2.275,2.71
ATOM,240.0,C,ARG,15.0,21.867,-13.871,38.642,0.51,2.0,1.68
ATOM,241.0,O,ARG,15.0,22.07,-15.076,38.81,-0.51,1.7,24.35
ATOM,242.0,CB,ARG,15.0,24.274,-13.12,38.698,-0.18,2.175,1.41
ATOM,243.0,CG,ARG,15.0,25.394,-12.406,37.936,-0.18,2.175,0.74
ATOM,244.0,CD,ARG,15.0,26.738,-12.874,38.408,0.2,2.175,0.99
ATOM,245.0,NE,ARG,15.0,27.012,-12.408,39.757,-0.7,1.85,0.25
ATOM,246.0,CZ,ARG,15.0,28.211,-12.455,40.332,0.64,2.0,1.56
ATOM,247.0,NH1,ARG,15.0,29.255,-12.956,39.674,-0.8,1.85,13.86
ATOM,248.0,NH2,ARG,15.0,28.364,-11.988,41.566,-0.8,1.85,11.14
ATOM,249.0,H,ARG,15.0,22.49,-10.987,38.785,0.31,0.2245,0.0
ATOM,250.0,HA,ARG,15.0,23.057,-13.314,37.033,0.09,1.32,4.53
ATOM,251.0,HB2,ARG,15.0,24.193,-12.7,39.585,0.09,1.32,0.0
ATOM,252.0,HB3,ARG,15.0,24.51,-14.074,38.763,0.09,1.32,3.97
ATOM,253.0,HG2,ARG,15.0,25.304,-12.607,36.967,0.09,1.32,0.52
ATOM,254.0,HG3,ARG,15.0,25.319,-11.427,38.096,0.09,1.32,0.0
ATOM,255.0,HD2,ARG,15.0,26.749,-13.87,38.397,0.09,1.32,8.6
ATOM,256.0,HD3,ARG,15.0,27.433,-12.516,37.79,0.09,1.32,0.0
ATOM,257.0,HE,ARG,15.0,26.25,-12.026,40.292,0.44,0.2245,0.0
ATOM,258.0,HH11,ARG,15.0,29.158,-13.283,38.738,0.46,0.2245,0.63
ATOM,259.0,HH12,ARG,15.0,30.15,-13.003,40.128,0.46,0.2245,14.85
ATOM,260.0,HH21,ARG,15.0,27.584,-11.586,42.048,0.46,0.2245,1.71
ATOM,261.0,HH22,ARG,15.0,29.256,-12.036,42.013,0.46,0.2245,16.12
ATOM,262.0,N,GLY,16.0,20.734,-13.261,39.011,-0.47,1.85,1.66
ATOM,263.0,CA,GLY,16.0,19.619,-14.003,39.598,-0.02,2.175,16.51
ATOM,264.0,C,GLY,16.0,19.724,-14.086,41.109,0.51,2.0,0.12
ATOM,265.0,O,GLY,16.0,18.995,-14.844,41.733,-0.51,1.7,13.22
ATOM,266.0,H,GLY,16.0,20.719,-12.238,38.846,0.31,0.2245,0.0
ATOM,267.0,HA2,GLY,16.0,18.75,-13.551,39.346,0.09,1.32,1.74
ATOM,268.0,HA3,GLY,16.0,19.601,-14.937,39.21,0.09,1.32,8.8
ATOM,269.0,N,ASN,17.0,20.638,-13.321,41.696,-0.47,1.85,0.0
ATOM,270.0,CA,ASN,17.0,20.812,-13.308,43.147,0.07,2.275,0.0
ATOM,271.0,C,ASN,17.0,20.162,-12.1,43.813,0.51,2.0,0.0
ATOM,272.0,O,ASN,17.0,20.116,-11.014,43.226,-0.51,1.7,0.0
ATOM,273.0,CB,ASN,17.0,22.296,-13.38,43.503,-0.18,2.175,2.46
ATOM,274.0,CG,ASN,17.0,22.944,-14.651,43.017,0.55,2.0,0.0
ATOM,275.0,H,ASN,17.0,21.207,-12.744,41.047,0.31,0.2245,0.0
ATOM,276.0,HA,ASN,17.0,20.346,-14.132,43.509,0.09,1.32,0.0
ATOM,277.0,HB2,ASN,17.0,22.757,-12.603,43.083,0.09,1.32,0.0
ATOM,278.0,HB3,ASN,17.0,22.382,-13.333,44.495,0.09,1.32,0.0
ATOM,279.0,OD1,ASN,17.0,22.43,-15.765,43.247,-0.55,1.7,19.96
ATOM,280.0,ND2,ASN,17.0,24.072,-14.504,42.318,-0.62,1.85,9.79
ATOM,281.0,HD22,ASN,17.0,24.441,-13.591,42.151,0.3,0.2245,0.92
ATOM,282.0,HD21,ASN,17.0,24.546,-15.309,41.964,0.32,0.2245,17.44
ATOM,283.0,N,PRO,18.0,19.635,-12.274,45.037,-0.29,1.85,0.0
ATOM,284.0,CA,PRO,18.0,19.026,-11.136,45.729,0.02,2.275,0.0
ATOM,285.0,C,PRO,18.0,19.975,-9.95,45.941,0.51,2.0,0.0
ATOM,286.0,O,PRO,18.0,21.187,-10.124,46.133,-0.51,1.7,0.0
ATOM,287.0,CB,PRO,18.0,18.622,-11.727,47.092,-0.18,2.175,0.0
ATOM,288.0,CG,PRO,18.0,18.436,-13.133,46.812,-0.18,2.175,0.0
ATOM,289.0,CD,PRO,18.0,19.544,-13.493,45.861,0.0,2.175,0.0
ATOM,290.0,HA,PRO,18.0,18.184,-10.83,45.24,0.09,1.32,0.0
ATOM,291.0,HB2,PRO,18.0,19.352,-11.563,47.762,0.09,1.32,0.0
ATOM,292.0,HB3,PRO,18.0,17.781,-11.286,47.417,0.09,1.32,0.0
ATOM,293.0,HG2,PRO,18.0,18.501,-13.694,47.649,0.09,1.32,0.0
ATOM,294.0,HG3,PRO,18.0,17.539,-13.315,46.385,0.09,1.32,0.0
ATOM,295.0,HD2,PRO,18.0,20.399,-13.656,46.34,0.09,1.32,0.0
ATOM,296.0,HD3,PRO,18.0,19.304,-14.278,45.3,0.09,1.32,0.0
ATOM,297.0,N,THR,19.0,19.412,-8.752,45.87,-0.47,1.85,0.0
ATOM,298.0,CA,THR,19.0,20.112,-7.567,46.365,0.07,2.275,0.0
ATOM,299.0,C,THR,19.0,19.157,-6.558,46.999,0.51,2.0,0.0
ATOM,300.0,O,THR,19.0,17.944,-6.768,46.993,-0.51,1.7,0.0
ATOM,301.0,CB,THR,19.0,21.052,-6.918,45.311,0.14,2.275,0.0
ATOM,302.0,OG1,THR,19.0,21.94,-6.026,45.987,-0.66,1.77,1.06
ATOM,303.0,CG2,THR,19.0,20.252,-6.172,44.197,-0.27,2.06,0.0
ATOM,304.0,H,THR,19.0,18.47,-8.727,45.45,0.31,0.2245,0.0
ATOM,305.0,HA,THR,19.0,20.776,-7.86,47.069,0.09,1.32,0.0
ATOM,306.0,HB,THR,19.0,21.6,-7.652,44.875,0.09,1.32,0.0
ATOM,307.0,HG21,THR,19.0,19.286,-6.396,44.292,0.09,1.32,0.0
ATOM,308.0,HG22,THR,19.0,20.39,-5.192,44.306,0.09,1.32,0.0
ATOM,309.0,HG23,THR,19.0,20.588,-6.469,43.308,0.09,1.32,0.0
ATOM,310.0,HG1,THR,19.0,22.271,-5.315,45.357,0.43,0.2245,0.0
ATOM,311.0,N,VAL,20.0,19.722,-5.499,47.577,-0.47,1.85,0.0
ATOM,312.0,CA,VAL,20.0,18.943,-4.489,48.284,0.07,2.275,0.0
ATOM,313.0,C,VAL,20.0,18.598,-3.323,47.373,0.51,2.0,0.0
ATOM,314.0,O,VAL,20.0,19.476,-2.764,46.717,-0.51,1.7,0.0
ATOM,315.0,CB,VAL,20.0,19.715,-3.933,49.486,-0.09,2.275,0.0
ATOM,316.0,CG1,VAL,20.0,18.895,-2.856,50.214,-0.27,2.06,0.0
ATOM,317.0,CG2,VAL,20.0,20.113,-5.072,50.446,-0.27,2.06,0.0
ATOM,318.0,H,VAL,20.0,20.759,-5.457,47.48,0.31,0.2245,0.0
ATOM,319.0,HA,VAL,20.0,18.08,-4.915,48.587,0.09,1.32,0.0
ATOM,320.0,HB,VAL,20.0,20.535,-3.482,49.146,0.09,1.32,0.0
ATOM,321.0,HG11,VAL,20.0,18.835,-2.045,49.636,0.09,1.32,0.0
ATOM,322.0,HG12,VAL,20.0,17.98,-3.21,50.397,0.09,1.32,0.0
ATOM,323.0,HG13,VAL,20.0,19.347,-2.627,51.073,0.09,1.32,0.0
ATOM,324.0,HG21,VAL,20.0,19.877,-5.943,50.024,0.09,1.32,0.0
ATOM,325.0,HG22,VAL,20.0,21.095,-5.024,50.61,0.09,1.32,0.0
ATOM,326.0,HG23,VAL,20.0,19.615,-4.958,51.302,0.09,1.32,0.0
ATOM,327.0,N,GLU,21.0,17.32,-2.95,47.364,-0.47,1.85,0.0
ATOM,328.0,CA,GLU,21.0,16.862,-1.707,46.765,0.07,2.275,0.0
ATOM,329.0,C,GLU,21.0,16.278,-0.845,47.884,0.51,2.0,0.0
ATOM,330.0,O,GLU,21.0,15.606,-1.371,48.788,-0.51,1.7,0.06
ATOM,331.0,CB,GLU,21.0,15.803,-2.001,45.712,-0.18,2.175,0.0
ATOM,332.0,CG,GLU,21.0,15.147,-0.777,45.089,-0.28,2.175,0.0
ATOM,333.0,CD,GLU,21.0,14.289,-1.179,43.908,0.62,2.0,0.0
ATOM,334.0,OE1,GLU,21.0,14.803,-1.101,42.769,-0.76,1.7,10.65
ATOM,335.0,OE2,GLU,21.0,13.134,-1.63,44.123,-0.76,1.7,7.16
ATOM,336.0,H,GLU,21.0,16.673,-3.633,47.827,0.31,0.2245,0.0
ATOM,337.0,HA,GLU,21.0,17.623,-1.23,46.342,0.09,1.32,0.0
ATOM,338.0,HB2,GLU,21.0,16.236,-2.509,44.98,0.09,1.32,0.0
ATOM,339.0,HB3,GLU,21.0,15.088,-2.534,46.141,0.09,1.32,0.0
ATOM,340.0,HG2,GLU,21.0,14.566,-0.369,45.755,0.09,1.32,0.0
ATOM,341.0,HG3,GLU,21.0,15.848,-0.186,44.761,0.09,1.32,0.0
ATOM,342.0,N,ALA,22.0,16.566,0.45,47.845,-0.47,1.85,0.0
ATOM,343.0,CA,ALA,22.0,15.999,1.407,48.802,0.07,2.275,0.06
ATOM,344.0,C,ALA,22.0,15.281,2.557,48.118,0.51,2.0,0.0
ATOM,345.0,O,ALA,22.0,15.694,3.0,47.057,-0.51,1.7,0.0
ATOM,346.0,CB,ALA,22.0,17.076,1.952,49.714,-0.27,2.06,0.0
ATOM,347.0,H,ALA,22.0,17.222,0.729,47.086,0.31,0.2245,0.0
ATOM,348.0,HA,ALA,22.0,15.338,0.915,49.391,0.09,1.32,0.0
ATOM,349.0,HB1,ALA,22.0,17.808,1.277,49.815,0.09,1.32,0.0
ATOM,350.0,HB2,ALA,22.0,17.456,2.793,49.325,0.09,1.32,0.0
ATOM,351.0,HB3,ALA,22.0,16.688,2.153,50.615,0.09,1.32,0.0
ATOM,352.0,N,GLU,23.0,14.217,3.045,48.761,-0.47,1.85,0.0
ATOM,353.0,CA,GLU,23.0,13.549,4.279,48.353,0.07,2.275,0.0
ATOM,354.0,C,GLU,23.0,13.641,5.271,49.493,0.51,2.0,0.0
ATOM,355.0,O,GLU,23.0,13.406,4.919,50.659,-0.51,1.7,0.0
ATOM,356.0,CB,GLU,23.0,12.071,4.043,48.058,-0.18,2.175,0.0
ATOM,357.0,CG,GLU,23.0,11.787,3.156,46.886,-0.28,2.175,0.32
ATOM,358.0,CD,GLU,23.0,10.309,2.852,46.731,0.62,2.0,1.84
ATOM,359.0,OE1,GLU,23.0,9.473,3.531,47.382,-0.76,1.7,6.98
ATOM,360.0,OE2,GLU,23.0,9.975,1.956,45.932,-0.76,1.7,14.01
ATOM,361.0,H,GLU,23.0,13.907,2.471,49.575,0.31,0.2245,0.0
ATOM,362.0,HA,GLU,23.0,13.995,4.65,47.542,0.09,1.32,0.0
ATOM,363.0,HB2,GLU,23.0,11.672,3.624,48.864,0.09,1.32,0.0
ATOM,364.0,HB3,GLU,23.0,11.66,4.928,47.881,0.09,1.32,0.0
ATOM,365.0,HG2,GLU,23.0,12.079,3.611,46.063,0.09,1.32,0.0
ATOM,366.0,HG3,GLU,23.0,12.249,2.296,47.016,0.09,1.32,0.04
ATOM,367.0,N,VAL,24.0,13.962,6.513,49.161,-0.47,1.85,0.0
ATOM,368.0,CA,VAL,24.0,13.944,7.581,50.148,0.07,2.275,0.0
ATOM,369.0,C,VAL,24.0,12.888,8.601,49.701,0.51,2.0,0.0
ATOM,370.0,O,VAL,24.0,12.97,9.153,48.605,-0.51,1.7,0.0
ATOM,371.0,CB,VAL,24.0,15.336,8.222,50.355,-0.09,2.275,0.0
ATOM,372.0,CG1,VAL,24.0,15.244,9.471,51.239,-0.27,2.06,0.0
ATOM,373.0,CG2,VAL,24.0,16.316,7.206,50.971,-0.27,2.06,0.0
ATOM,374.0,H,VAL,24.0,14.219,6.651,48.168,0.31,0.2245,0.0
ATOM,375.0,HA,VAL,24.0,13.652,7.204,51.019,0.09,1.32,0.0
ATOM,376.0,HB,VAL,24.0,15.666,8.523,49.465,0.09,1.32,0.0
ATOM,377.0,HG11,VAL,24.0,14.285,9.722,51.355,0.09,1.32,0.0
ATOM,378.0,HG12,VAL,24.0,15.651,9.274,52.129,0.09,1.32,0.0
ATOM,379.0,HG13,VAL,24.0,15.738,10.22,50.802,0.09,1.32,0.0
ATOM,380.0,HG21,VAL,24.0,16.824,7.653,51.703,0.09,1.32,0.0
ATOM,381.0,HG22,VAL,24.0,15.795,6.437,51.334,0.09,1.32,0.0
ATOM,382.0,HG23,VAL,24.0,16.941,6.892,50.261,0.09,1.32,0.0
ATOM,383.0,N,HIS,25.0,11.887,8.797,50.558,-0.47,1.85,0.0
ATOM,384.0,CA,HIS,25.0,10.767,9.703,50.302,0.07,2.275,0.0
ATOM,385.0,C,HIS,25.0,10.903,10.958,51.164,0.51,2.0,0.0
ATOM,386.0,O,HIS,25.0,11.189,10.865,52.367,-0.51,1.7,0.0
ATOM,387.0,CB,HIS,25.0,9.437,8.995,50.607,-0.08,2.175,0.56
ATOM,388.0,CG,HIS,25.0,9.152,7.821,49.715,0.22,1.8,0.0
ATOM,389.0,H,HIS,25.0,11.971,8.239,51.445,0.31,0.2245,0.0
ATOM,390.0,HA,HIS,25.0,10.795,9.979,49.339,0.09,1.32,0.0
ATOM,391.0,HB2,HIS,25.0,9.452,8.672,51.559,0.09,1.32,0.0
ATOM,392.0,HB3,HIS,25.0,8.687,9.657,50.506,0.09,1.32,4.31
ATOM,393.0,ND1,HIS,25.0,8.17,7.843,48.746,-0.7,1.85,12.2
ATOM,394.0,CD2,HIS,25.0,9.729,6.598,49.636,-0.05,1.8,0.0
ATOM,395.0,CE1,HIS,25.0,8.149,6.683,48.115,0.25,1.8,11.39
ATOM,396.0,NE2,HIS,25.0,9.085,5.909,48.637,-0.36,1.85,0.0
ATOM,397.0,HD2,HIS,25.0,10.479,6.26,50.197,0.09,1.468,0.0
ATOM,398.0,HE1,HIS,25.0,7.534,6.432,47.374,0.13,0.9,14.58
ATOM,399.0,HE2,HIS,25.0,9.292,4.972,48.349,0.32,0.2245,0.0
ATOM,400.0,N,LEU,26.0,10.703,12.123,50.545,-0.47,1.85,0.0
ATOM,401.0,CA,LEU,26.0,10.831,13.414,51.23,0.07,2.275,0.0
ATOM,402.0,C,LEU,26.0,9.508,14.176,51.271,0.51,2.0,0.0
ATOM,403.0,O,LEU,26.0,8.614,13.946,50.459,-0.51,1.7,2.73
ATOM,404.0,CB,LEU,26.0,11.873,14.302,50.543,-0.18,2.175,0.0
ATOM,405.0,CG,LEU,26.0,13.231,13.685,50.172,-0.09,2.275,0.0
ATOM,406.0,CD1,LEU,26.0,14.158,14.746,49.597,-0.27,2.06,0.0
ATOM,407.0,CD2,LEU,26.0,13.863,12.987,51.376,-0.27,2.06,0.0
ATOM,408.0,H,LEU,26.0,10.449,12.038,49.537,0.31,0.2245,0.04
ATOM,409.0,HA,LEU,26.0,11.129,13.242,52.18,0.09,1.32,0.0
ATOM,410.0,HB2,LEU,26.0,11.466,14.648,49.691,0.09,1.32,0.0
ATOM,411.0,HB3,LEU,26.0,12.06,15.08,51.15,0.09,1.32,0.0
ATOM,412.0,HG,LEU,26.0,13.083,12.967,49.494,0.09,1.32,0.0
ATOM,413.0,HD11,LEU,26.0,14.303,15.467,50.276,0.09,1.32,0.0
ATOM,414.0,HD12,LEU,26.0,15.036,14.33,49.361,0.09,1.32,0.0
ATOM,415.0,HD13,LEU,26.0,13.745,15.141,48.776,0.09,1.32,0.0
ATOM,416.0,HD21,LEU,26.0,13.255,12.26,51.694,0.09,1.32,0.0
ATOM,417.0,HD22,LEU,26.0,14.743,12.596,51.108,0.09,1.32,0.0
ATOM,418.0,HD23,LEU,26.0,14.002,13.652,52.109,0.09,1.32,0.0
ATOM,419.0,N,GLU,27.0,9.399,15.098,52.219,-0.47,1.85,0.0
ATOM,420.0,CA,GLU,27.0,8.293,16.06,52.204,0.07,2.275,0.1
ATOM,421.0,C,GLU,27.0,8.271,16.757,50.842,0.51,2.0,0.32
ATOM,422.0,O,GLU,27.0,9.318,17.131,50.315,-0.51,1.7,3.02
ATOM,423.0,CB,GLU,27.0,8.448,17.085,53.33,-0.18,2.175,9.82
ATOM,424.0,CG,GLU,27.0,9.842,17.675,53.429,-0.28,2.175,2.55
ATOM,425.0,CD,GLU,27.0,9.955,18.868,54.355,0.62,2.0,3.08
ATOM,426.0,OE1,GLU,27.0,8.949,19.223,55.031,-0.76,1.7,29.14
ATOM,427.0,OE2,GLU,27.0,11.07,19.451,54.399,-0.76,1.7,16.94
ATOM,428.0,H,GLU,27.0,10.133,15.082,52.943,0.31,0.2245,0.0
ATOM,429.0,HA,GLU,27.0,7.43,15.585,52.35,0.09,1.32,5.09
ATOM,430.0,HB2,GLU,27.0,7.822,17.822,53.151,0.09,1.32,6.82
ATOM,431.0,HB3,GLU,27.0,8.254,16.629,54.178,0.09,1.32,2.11
ATOM,432.0,HG2,GLU,27.0,10.451,16.973,53.772,0.09,1.32,0.0
ATOM,433.0,HG3,GLU,27.0,10.118,17.973,52.526,0.09,1.32,1.73
ATOM,434.0,N,GLY,28.0,7.085,16.908,50.263,-0.47,1.85,2.83
ATOM,435.0,CA,GLY,28.0,6.975,17.499,48.928,-0.02,2.175,18.71
ATOM,436.0,C,GLY,28.0,6.775,16.479,47.828,0.51,2.0,1.9
ATOM,437.0,O,GLY,28.0,6.53,16.844,46.674,-0.51,1.7,23.59
ATOM,438.0,H,GLY,28.0,6.277,16.585,50.815,0.31,0.2245,14.09
ATOM,439.0,HA2,GLY,28.0,6.199,18.159,48.923,0.09,1.32,12.39
ATOM,440.0,HA3,GLY,28.0,7.816,18.041,48.737,0.09,1.32,0.22
ATOM,441.0,N,GLY,29.0,6.896,15.198,48.183,-0.47,1.85,2.79
ATOM,442.0,CA,GLY,29.0,6.632,14.098,47.253,-0.02,2.175,17.86
ATOM,443.0,C,GLY,29.0,7.834,13.609,46.463,0.51,2.0,1.24
ATOM,444.0,O,GLY,29.0,7.698,12.753,45.589,-0.51,1.7,19.68
ATOM,445.0,H,GLY,29.0,7.192,15.05,49.171,0.31,0.2245,0.47
ATOM,446.0,HA2,GLY,29.0,6.234,13.312,47.778,0.09,1.32,12.59
ATOM,447.0,HA3,GLY,29.0,5.897,14.389,46.599,0.09,1.32,9.52
ATOM,448.0,N,PHE,30.0,9.009,14.136,46.781,-0.47,1.85,0.0
ATOM,449.0,CA,PHE,30.0,10.237,13.754,46.072,0.07,2.275,0.0
ATOM,450.0,C,PHE,30.0,10.711,12.366,46.49,0.51,2.0,0.0
ATOM,451.0,O,PHE,30.0,10.728,12.046,47.677,-0.51,1.7,0.07
ATOM,452.0,CB,PHE,30.0,11.331,14.79,46.321,-0.18,2.175,0.0
ATOM,453.0,CG,PHE,30.0,10.885,16.195,46.053,0.0,1.9924,0.0
ATOM,454.0,CD1,PHE,30.0,10.714,16.643,44.745,-0.115,1.9924,3.98
ATOM,455.0,CD2,PHE,30.0,10.598,17.057,47.108,-0.115,1.9924,0.0
ATOM,456.0,CE1,PHE,30.0,10.282,17.943,44.49,-0.115,1.9924,9.48
ATOM,457.0,CE2,PHE,30.0,10.154,18.365,46.865,-0.115,1.9924,4.09
ATOM,458.0,CZ,PHE,30.0,10.002,18.805,45.553,-0.115,1.9924,8.55
ATOM,459.0,H,PHE,30.0,8.99,14.825,47.554,0.31,0.2245,0.0
ATOM,460.0,HA,PHE,30.0,10.003,13.701,45.095,0.09,1.32,3.02
ATOM,461.0,HB2,PHE,30.0,11.597,14.727,47.269,0.09,1.32,0.0
ATOM,462.0,HB3,PHE,30.0,12.084,14.586,45.717,0.09,1.32,0.0
ATOM,463.0,HD1,PHE,30.0,10.899,16.033,43.983,0.115,1.3582,5.4
ATOM,464.0,HD2,PHE,30.0,10.707,16.745,48.049,0.115,1.3582,0.0
ATOM,465.0,HE1,PHE,30.0,10.175,18.255,43.542,0.115,1.3582,16.1
ATOM,466.0,HE2,PHE,30.0,9.951,18.974,47.64,0.115,1.3582,10.31
ATOM,467.0,HZ,PHE,30.0,9.693,19.735,45.366,0.115,1.3582,17.62
ATOM,468.0,N,VAL,31.0,11.078,11.544,45.509,-0.47,1.85,0.0
ATOM,469.0,CA,VAL,31.0,11.47,10.16,45.787,0.07,2.275,0.0
ATOM,470.0,C,VAL,31.0,12.772,9.866,45.055,0.51,2.0,0.0
ATOM,471.0,O,VAL,31.0,12.932,10.244,43.901,-0.51,1.7,17.5
ATOM,472.0,CB,VAL,31.0,10.383,9.146,45.31,-0.09,2.275,2.09
ATOM,473.0,CG1,VAL,31.0,10.74,7.718,45.717,-0.27,2.06,8.28
ATOM,474.0,CG2,VAL,31.0,9.018,9.511,45.881,-0.27,2.06,11.28
ATOM,475.0,H,VAL,31.0,11.063,11.955,44.561,0.31,0.2245,5.89
ATOM,476.0,HA,VAL,31.0,11.638,10.076,46.767,0.09,1.32,0.0
ATOM,477.0,HB,VAL,31.0,10.37,9.174,44.315,0.09,1.32,8.94
ATOM,478.0,HG11,VAL,31.0,11.482,7.74,46.386,0.09,1.32,0.0
ATOM,479.0,HG12,VAL,31.0,9.939,7.278,46.12,0.09,1.32,0.0
ATOM,480.0,HG13,VAL,31.0,11.032,7.206,44.91,0.09,1.32,5.6
ATOM,481.0,HG21,VAL,31.0,8.862,8.99,46.719,0.09,1.32,0.0
ATOM,482.0,HG22,VAL,31.0,8.997,10.49,46.083,0.09,1.32,0.0
ATOM,483.0,HG23,VAL,31.0,8.311,9.29,45.21,0.09,1.32,11.74
ATOM,484.0,N,GLY,32.0,13.695,9.202,45.743,-0.47,1.85,0.0
ATOM,485.0,CA,GLY,32.0,14.881,8.613,45.103,-0.02,2.175,0.49
ATOM,486.0,C,GLY,32.0,14.881,7.108,45.315,0.51,2.0,0.0
ATOM,487.0,O,GLY,32.0,14.45,6.62,46.372,-0.51,1.7,0.0
ATOM,488.0,H,GLY,32.0,13.512,9.133,46.765,0.31,0.2245,0.0
ATOM,489.0,HA2,GLY,32.0,14.862,8.815,44.124,0.09,1.32,1.41
ATOM,490.0,HA3,GLY,32.0,15.705,9.01,45.507,0.09,1.32,0.0
ATOM,491.0,N,MET,33.0,15.328,6.354,44.309,-0.47,1.85,0.89
ATOM,492.0,CA,MET,33.0,15.417,4.914,44.448,0.07,2.275,0.0
ATOM,493.0,C,MET,33.0,16.733,4.435,43.872,0.51,2.0,0.02
ATOM,494.0,O,MET,33.0,17.167,4.934,42.845,-0.51,1.7,6.1
ATOM,495.0,CB,MET,33.0,14.243,4.223,43.745,-0.18,2.175,5.8
ATOM,496.0,CG,MET,33.0,14.155,2.714,43.996,-0.14,2.175,0.0
ATOM,497.0,SD,MET,33.0,12.616,1.965,43.407,-0.09,2.0,7.51
ATOM,498.0,CE,MET,33.0,12.995,1.987,41.657,-0.22,2.06,42.25
ATOM,499.0,H,MET,33.0,15.593,6.874,43.458,0.31,0.2245,4.6
ATOM,500.0,HA,MET,33.0,15.403,4.689,45.425,0.09,1.32,0.0
ATOM,501.0,HB2,MET,33.0,13.381,4.644,44.056,0.09,1.32,0.69
ATOM,502.0,HB3,MET,33.0,14.323,4.372,42.75,0.09,1.32,4.36
ATOM,503.0,HG2,MET,33.0,14.97,2.268,43.553,0.09,1.32,0.95
ATOM,504.0,HG3,MET,33.0,14.277,2.549,45.004,0.09,1.32,0.0
ATOM,505.0,HE1,MET,33.0,13.526,2.807,41.439,0.09,1.32,3.85
ATOM,506.0,HE2,MET,33.0,13.528,1.174,41.418,0.09,1.32,3.25
ATOM,507.0,HE3,MET,33.0,12.144,1.993,41.129,0.09,1.32,11.93
ATOM,508.0,N,ALA,34.0,17.374,3.505,44.572,-0.47,1.85,0.0
ATOM,509.0,CA,ALA,34.0,18.651,2.94,44.113,0.07,2.275,1.45
ATOM,510.0,C,ALA,34.0,18.817,1.526,44.624,0.51,2.0,0.12
ATOM,511.0,O,ALA,34.0,18.183,1.121,45.603,-0.51,1.7,0.0
ATOM,512.0,CB,ALA,34.0,19.825,3.788,44.592,-0.27,2.06,0.0
ATOM,513.0,H,ALA,34.0,16.909,3.216,45.451,0.31,0.2245,0.0
ATOM,514.0,HA,ALA,34.0,18.649,2.928,43.108,0.09,1.32,0.8
ATOM,515.0,HB1,ALA,34.0,19.486,4.668,44.923,0.09,1.32,0.0
ATOM,516.0,HB2,ALA,34.0,20.298,3.313,45.332,0.09,1.32,0.0
ATOM,517.0,HB3,ALA,34.0,20.458,3.938,43.834,0.09,1.32,0.0
ATOM,518.0,N,ALA,35.0,19.693,0.781,43.968,-0.47,1.85,0.3
ATOM,519.0,CA,ALA,35.0,19.99,-0.584,44.403,0.07,2.275,0.0
ATOM,520.0,C,ALA,35.0,21.481,-0.775,44.553,0.51,2.0,0.0
ATOM,521.0,O,ALA,35.0,22.272,-0.106,43.893,-0.51,1.7,1.06
ATOM,522.0,CB,ALA,35.0,19.429,-1.603,43.418,-0.27,2.06,2.36
ATOM,523.0,H,ALA,35.0,20.135,1.229,43.15,0.31,0.2245,0.0
ATOM,524.0,HA,ALA,35.0,19.548,-0.739,45.293,0.09,1.32,0.0
ATOM,525.0,HB1,ALA,35.0,19.805,-1.429,42.508,0.09,1.32,0.0
ATOM,526.0,HB2,ALA,35.0,19.681,-2.524,43.712,0.09,1.32,0.0
ATOM,527.0,HB3,ALA,35.0,18.433,-1.524,43.388,0.09,1.32,0.0
ATOM,528.0,N,ALA,36.0,21.858,-1.688,45.445,-0.47,1.85,0.0
ATOM,529.0,CA,ALA,36.0,23.257,-2.072,45.6,0.07,2.275,0.0
ATOM,530.0,C,ALA,36.0,23.618,-3.182,44.615,0.51,2.0,0.0
ATOM,531.0,O,ALA,36.0,22.839,-4.116,44.425,-0.51,1.7,0.0
ATOM,532.0,CB,ALA,36.0,23.524,-2.524,47.038,-0.27,2.06,0.0
ATOM,533.0,H,ALA,36.0,21.086,-2.093,46.008,0.31,0.2245,0.0
ATOM,534.0,HA,ALA,36.0,23.837,-1.274,45.408,0.09,1.32,0.0
ATOM,535.0,HB1,ALA,36.0,23.043,-3.382,47.209,0.09,1.32,0.0
ATOM,536.0,HB2,ALA,36.0,24.505,-2.658,47.165,0.09,1.32,0.0
ATOM,537.0,HB3,ALA,36.0,23.196,-1.824,47.67,0.09,1.32,0.0
ATOM,538.0,N,PRO,37.0,24.806,-3.09,43.995,-0.29,1.85,0.14
ATOM,539.0,CA,PRO,37.0,25.293,-4.198,43.184,0.02,2.275,0.02
ATOM,540.0,C,PRO,37.0,25.868,-5.284,44.112,0.51,2.0,0.0
ATOM,541.0,O,PRO,37.0,26.003,-5.049,45.323,-0.51,1.7,0.28
ATOM,542.0,CB,PRO,37.0,26.406,-3.546,42.342,-0.18,2.175,0.34
ATOM,543.0,CG,PRO,37.0,26.951,-2.476,43.224,-0.18,2.175,0.95
ATOM,544.0,CD,PRO,37.0,25.755,-1.959,44.022,0.0,2.175,1.55
ATOM,545.0,HA,PRO,37.0,24.57,-4.576,42.61,0.09,1.32,0.0
ATOM,546.0,HB2,PRO,37.0,27.109,-4.22,42.113,0.09,1.32,0.0
ATOM,547.0,HB3,PRO,37.0,26.027,-3.164,41.499,0.09,1.32,0.0
ATOM,548.0,HG2,PRO,37.0,27.649,-2.842,43.844,0.09,1.32,0.0
ATOM,549.0,HG3,PRO,37.0,27.353,-1.734,42.682,0.09,1.32,1.54
ATOM,550.0,HD2,PRO,37.0,26.019,-1.741,44.959,0.09,1.32,0.0
ATOM,551.0,HD3,PRO,37.0,25.358,-1.152,43.587,0.09,1.32,1.3
ATOM,552.0,N,SER,38.0,26.225,-6.435,43.544,-0.47,1.85,0.0
ATOM,553.0,CA,SER,38.0,26.803,-7.558,44.313,0.07,2.275,0.0
ATOM,554.0,C,SER,38.0,28.167,-7.182,44.876,0.51,2.0,0.0
ATOM,555.0,O,SER,38.0,28.909,-6.421,44.263,-0.51,1.7,0.0
ATOM,556.0,CB,SER,38.0,26.979,-8.775,43.395,0.05,2.175,1.64
ATOM,557.0,OG,SER,38.0,28.081,-8.59,42.505,-0.66,1.77,3.19
ATOM,558.0,H,SER,38.0,26.065,-6.482,42.516,0.31,0.2245,0.0
ATOM,559.0,HA,SER,38.0,26.187,-7.748,45.083,0.09,1.32,0.0
ATOM,560.0,HB2,SER,38.0,27.15,-9.578,43.954,0.09,1.32,3.91
ATOM,561.0,HB3,SER,38.0,26.151,-8.895,42.859,0.09,1.32,0.0
ATOM,562.0,HG,SER,38.0,27.904,-7.798,41.925,0.43,0.2245,0.0
ATOM,563.0,N,GLY,39.0,28.517,-7.738,46.044,-0.47,1.85,0.03
ATOM,564.0,CA,GLY,39.0,29.823,-7.458,46.653,-0.02,2.175,1.19
ATOM,565.0,C,GLY,39.0,30.323,-8.638,47.465,0.51,2.0,1.3
ATOM,566.0,O,GLY,39.0,29.788,-9.734,47.361,-0.51,1.7,16.36
ATOM,567.0,H,GLY,39.0,27.81,-8.36,46.462,0.31,0.2245,0.0
ATOM,568.0,HA2,GLY,39.0,30.487,-7.244,45.925,0.09,1.32,0.0
ATOM,569.0,HA3,GLY,39.0,29.742,-6.648,47.249,0.09,1.32,1.69
ATOM,570.0,N,ALA,40.0,31.364,-8.404,48.253,-0.47,1.85,0.28
ATOM,571.0,CA,ALA,40.0,31.928,-9.422,49.159,0.07,2.275,2.64
ATOM,572.0,C,ALA,40.0,31.183,-9.395,50.498,0.51,2.0,0.0
ATOM,573.0,O,ALA,40.0,30.844,-8.322,50.996,-0.51,1.7,0.0
ATOM,574.0,CB,ALA,40.0,33.396,-9.14,49.376,-0.27,2.06,7.28
ATOM,575.0,H,ALA,40.0,31.756,-7.438,48.182,0.31,0.2245,1.48
ATOM,576.0,HA,ALA,40.0,31.806,-10.323,48.742,0.09,1.32,5.96
ATOM,577.0,HB1,ALA,40.0,33.549,-8.151,49.42,0.09,1.32,0.0
ATOM,578.0,HB2,ALA,40.0,33.699,-9.557,50.235,0.09,1.32,0.0
ATOM,579.0,HB3,ALA,40.0,33.931,-9.521,48.62,0.09,1.32,10.39
ATOM,580.0,N,SER,41.0,30.957,-10.57,51.095,-0.47,1.85,0.03
ATOM,581.0,CA,SER,41.0,30.316,-10.656,52.412,0.07,2.275,0.0
ATOM,582.0,C,SER,41.0,31.306,-11.105,53.484,0.51,2.0,0.0
ATOM,583.0,O,SER,41.0,30.988,-11.099,54.679,-0.51,1.7,12.76
ATOM,584.0,CB,SER,41.0,29.105,-11.59,52.395,0.05,2.175,2.41
ATOM,585.0,OG,SER,41.0,29.492,-12.928,52.119,-0.66,1.77,10.15
ATOM,586.0,H,SER,41.0,31.268,-11.399,50.556,0.31,0.2245,6.04
ATOM,587.0,HA,SER,41.0,29.989,-9.736,52.658,0.09,1.32,0.0
ATOM,588.0,HB2,SER,41.0,28.662,-11.559,53.286,0.09,1.32,3.02
ATOM,589.0,HB3,SER,41.0,28.474,-11.284,51.688,0.09,1.32,0.0
ATOM,590.0,HG,SER,41.0,28.688,-13.458,51.853,0.43,0.2245,5.7
ATOM,591.0,N,THR,42.0,32.497,-11.496,53.039,-0.47,1.85,0.0
ATOM,592.0,CA,THR,42.0,33.582,-11.904,53.942,0.07,2.275,0.0
ATOM,593.0,C,THR,42.0,34.875,-11.24,53.498,0.51,2.0,0.0
ATOM,594.0,O,THR,42.0,34.992,-10.807,52.348,-0.51,1.7,5.64
ATOM,595.0,CB,THR,42.0,33.775,-13.439,53.96,0.14,2.275,4.94
ATOM,596.0,OG1,THR,42.0,34.249,-13.895,52.684,-0.66,1.77,24.3
ATOM,597.0,CG2,THR,42.0,32.482,-14.137,54.303,-0.27,2.06,32.5
ATOM,598.0,H,THR,42.0,32.597,-11.489,52.002,0.31,0.2245,0.0
ATOM,599.0,HA,THR,42.0,33.36,-11.588,54.863,0.09,1.32,1.91
ATOM,600.0,HB,THR,42.0,34.479,-13.671,54.663,0.09,1.32,8.39
ATOM,601.0,HG21,THR,42.0,32.667,-15.071,54.624,0.09,1.32,11.98
ATOM,602.0,HG22,THR,42.0,32.0,-13.636,55.028,0.09,1.32,5.21
ATOM,603.0,HG23,THR,42.0,31.889,-14.185,53.493,0.09,1.32,1.97
ATOM,604.0,HG1,THR,42.0,33.735,-13.452,51.943,0.43,0.2245,10.35
ATOM,605.0,N,GLY,43.0,35.847,-11.17,54.397,-0.47,1.85,1.2
ATOM,606.0,CA,GLY,43.0,37.122,-10.575,54.048,-0.02,2.175,13.66
ATOM,607.0,C,GLY,43.0,37.468,-9.421,54.953,0.51,2.0,0.27
ATOM,608.0,O,GLY,43.0,36.598,-8.878,55.627,-0.51,1.7,5.42
ATOM,609.0,H,GLY,43.0,35.622,-11.56,55.324,0.31,0.2245,10.69
ATOM,610.0,HA2,GLY,43.0,37.848,-11.279,54.106,0.09,1.32,9.8
ATOM,611.0,HA3,GLY,43.0,37.091,-10.253,53.088,0.09,1.32,2.97
ATOM,612.0,N,SER,44.0,38.74,-9.045,54.937,-0.47,1.85,0.0
ATOM,613.0,CA,SER,44.0,39.283,-8.142,55.943,0.07,2.275,1.25
ATOM,614.0,C,SER,44.0,39.523,-6.736,55.452,0.51,2.0,0.52
ATOM,615.0,O,SER,44.0,39.917,-5.889,56.248,-0.51,1.7,29.03
ATOM,616.0,CB,SER,44.0,40.62,-8.678,56.495,0.05,2.175,24.02
ATOM,617.0,OG,SER,44.0,40.587,-10.072,56.73,-0.66,1.77,29.81
ATOM,618.0,H,SER,44.0,39.304,-9.443,54.16,0.31,0.2245,7.36
ATOM,619.0,HA,SER,44.0,38.612,-8.098,56.712,0.09,1.32,6.74
ATOM,620.0,HB2,SER,44.0,41.339,-8.474,55.831,0.09,1.32,2.98
ATOM,621.0,HB3,SER,44.0,40.817,-8.205,57.354,0.09,1.32,9.67
ATOM,622.0,HG,SER,44.0,39.656,-10.411,56.601,0.43,0.2245,10.24
ATOM,623.0,N,ARG,45.0,39.294,-6.465,54.162,-0.47,1.85,0.0
ATOM,624.0,CA,ARG,45.0,39.808,-5.229,53.561,0.07,2.275,0.78
ATOM,625.0,C,ARG,45.0,38.754,-4.283,53.0,0.51,2.0,1.65
ATOM,626.0,O,ARG,45.0,38.993,-3.086,52.9,-0.51,1.7,5.07
ATOM,627.0,CB,ARG,45.0,40.804,-5.548,52.445,-0.18,2.175,0.09
ATOM,628.0,CG,ARG,45.0,41.968,-6.424,52.898,-0.18,2.175,6.85
ATOM,629.0,CD,ARG,45.0,42.642,-7.064,51.692,0.2,2.175,14.2
ATOM,630.0,NE,ARG,45.0,43.315,-6.025,50.943,-0.7,1.85,0.18
ATOM,631.0,CZ,ARG,45.0,43.203,-5.813,49.632,0.64,2.0,0.0
ATOM,632.0,NH1,ARG,45.0,42.463,-6.608,48.858,-0.8,1.85,0.29
ATOM,633.0,NH2,ARG,45.0,43.875,-4.801,49.105,-0.8,1.85,0.0
ATOM,634.0,H,ARG,45.0,38.749,-7.17,53.652,0.31,0.2245,0.68
ATOM,635.0,HA,ARG,45.0,40.346,-4.727,54.275,0.09,1.32,5.66
ATOM,636.0,HB2,ARG,45.0,40.321,-6.029,51.723,0.09,1.32,0.66
ATOM,637.0,HB3,ARG,45.0,41.178,-4.693,52.105,0.09,1.32,0.0
ATOM,638.0,HG2,ARG,45.0,42.637,-5.867,53.369,0.09,1.32,8.36
ATOM,639.0,HG3,ARG,45.0,41.629,-7.147,53.484,0.09,1.32,0.02
ATOM,640.0,HD2,ARG,45.0,43.297,-7.719,52.021,0.09,1.32,8.7
ATOM,641.0,HD3,ARG,45.0,41.943,-7.479,51.138,0.09,1.32,2.99
ATOM,642.0,HE,ARG,45.0,43.931,-5.396,51.457,0.44,0.2245,7.0
ATOM,643.0,HH11,ARG,45.0,41.962,-7.371,49.265,0.46,0.2245,7.52
ATOM,644.0,HH12,ARG,45.0,42.41,-6.439,47.876,0.46,0.2245,0.0
ATOM,645.0,HH21,ARG,45.0,44.434,-4.199,49.671,0.46,0.2245,2.18
ATOM,646.0,HH22,ARG,45.0,43.822,-4.631,48.112,0.46,0.2245,0.0
ATOM,647.0,N,GLU,46.0,37.606,-4.822,52.618,-0.47,1.85,0.0
ATOM,648.0,CA,GLU,46.0,36.583,-3.995,51.979,0.07,2.275,0.72
ATOM,649.0,C,GLU,46.0,35.324,-3.941,52.825,0.51,2.0,0.87
ATOM,650.0,O,GLU,46.0,35.151,-4.744,53.743,-0.51,1.7,0.24
ATOM,651.0,CB,GLU,46.0,36.257,-4.516,50.579,-0.18,2.175,0.0
ATOM,652.0,CG,GLU,46.0,35.671,-5.885,50.548,-0.28,2.175,0.0
ATOM,653.0,CD,GLU,46.0,35.98,-6.585,49.245,0.62,2.0,0.0
ATOM,654.0,OE1,GLU,46.0,35.384,-6.223,48.204,-0.76,1.7,2.23
ATOM,655.0,OE2,GLU,46.0,36.829,-7.495,49.27,-0.76,1.7,22.28
ATOM,656.0,H,GLU,46.0,37.5,-5.828,52.801,0.31,0.2245,0.0
ATOM,657.0,HA,GLU,46.0,36.941,-3.063,51.844,0.09,1.32,1.32
ATOM,658.0,HB2,GLU,46.0,35.605,-3.888,50.179,0.09,1.32,0.0
ATOM,659.0,HB3,GLU,46.0,37.103,-4.527,50.067,0.09,1.32,0.0
ATOM,660.0,HG2,GLU,46.0,36.067,-6.42,51.268,0.09,1.32,0.0
ATOM,661.0,HG3,GLU,46.0,34.695,-5.819,50.619,0.09,1.32,0.0
ATOM,662.0,N,ALA,47.0,34.447,-2.986,52.523,-0.47,1.85,3.46
ATOM,663.0,CA,ALA,47.0,33.141,-2.963,53.156,0.07,2.275,0.1
ATOM,664.0,C,ALA,47.0,32.417,-4.248,52.79,0.51,2.0,0.0
ATOM,665.0,O,ALA,47.0,32.518,-4.721,51.657,-0.51,1.7,1.24
ATOM,666.0,CB,ALA,47.0,32.344,-1.741,52.721,-0.27,2.06,0.01
ATOM,667.0,H,ALA,47.0,34.769,-2.296,51.829,0.31,0.2245,0.18
ATOM,668.0,HA,ALA,47.0,33.258,-2.932,54.146,0.09,1.32,0.0
ATOM,669.0,HB1,ALA,47.0,32.796,-0.913,53.051,0.09,1.32,1.47
ATOM,670.0,HB2,ALA,47.0,32.29,-1.715,51.723,0.09,1.32,0.0
ATOM,671.0,HB3,ALA,47.0,31.421,-1.791,53.103,0.09,1.32,0.0
ATOM,672.0,N,LEU,48.0,31.701,-4.822,53.745,-0.47,1.85,0.0
ATOM,673.0,CA,LEU,48.0,31.055,-6.1,53.537,0.07,2.275,0.0
ATOM,674.0,C,LEU,48.0,29.552,-5.969,53.388,0.51,2.0,0.0
ATOM,675.0,O,LEU,48.0,28.903,-5.312,54.196,-0.51,1.7,0.0
ATOM,676.0,CB,LEU,48.0,31.375,-7.045,54.701,-0.18,2.175,1.38
ATOM,677.0,CG,LEU,48.0,32.861,-7.309,54.949,-0.09,2.275,0.0
ATOM,678.0,CD1,LEU,48.0,33.004,-8.284,56.106,-0.27,2.06,14.65
ATOM,679.0,CD2,LEU,48.0,33.557,-7.844,53.71,-0.27,2.06,0.0
ATOM,680.0,H,LEU,48.0,31.647,-4.285,54.633,0.31,0.2245,0.0
ATOM,681.0,HA,LEU,48.0,31.424,-6.516,52.689,0.09,1.32,0.0
ATOM,682.0,HB2,LEU,48.0,31.001,-6.644,55.53,0.09,1.32,0.0
ATOM,683.0,HB3,LEU,48.0,30.944,-7.919,54.511,0.09,1.32,0.0
ATOM,684.0,HG,LEU,48.0,33.309,-6.452,55.178,0.09,1.32,0.0
ATOM,685.0,HD11,LEU,48.0,32.543,-9.143,55.88,0.09,1.32,0.0
ATOM,686.0,HD12,LEU,48.0,33.974,-8.463,56.276,0.09,1.32,0.11
ATOM,687.0,HD13,LEU,48.0,32.59,-7.892,56.928,0.09,1.32,0.0
ATOM,688.0,HD21,LEU,48.0,33.479,-7.178,52.966,0.09,1.32,0.0
ATOM,689.0,HD22,LEU,48.0,34.525,-8.004,53.911,0.09,1.32,0.0
ATOM,690.0,HD23,LEU,48.0,33.13,-8.705,53.43,0.09,1.32,0.0
ATOM,691.0,N,GLU,49.0,29.004,-6.605,52.356,-0.47,1.85,0.89
ATOM,692.0,CA,GLU,49.0,27.553,-6.768,52.247,0.07,2.275,0.0
ATOM,693.0,C,GLU,49.0,27.102,-7.807,53.262,0.51,2.0,0.38
ATOM,694.0,O,GLU,49.0,27.87,-8.706,53.618,-0.51,1.7,3.01
ATOM,695.0,CB,GLU,49.0,27.136,-7.213,50.833,-0.18,2.175,0.02
ATOM,696.0,CG,GLU,49.0,27.812,-8.487,50.356,-0.28,2.175,0.0
ATOM,697.0,CD,GLU,49.0,27.204,-9.089,49.112,0.62,2.0,0.0
ATOM,698.0,OE1,GLU,49.0,26.712,-8.32,48.271,-0.76,1.7,0.84
ATOM,699.0,OE2,GLU,49.0,27.254,-10.332,48.979,-0.76,1.7,6.16
ATOM,700.0,H,GLU,49.0,29.674,-6.965,51.655,0.31,0.2245,0.24
ATOM,701.0,HA,GLU,49.0,27.102,-5.898,52.432,0.09,1.32,0.0
ATOM,702.0,HB2,GLU,49.0,26.165,-7.375,50.85,0.09,1.32,0.0
ATOM,703.0,HB3,GLU,49.0,27.381,-6.491,50.212,0.09,1.32,1.91
ATOM,704.0,HG2,GLU,49.0,28.759,-8.276,50.155,0.09,1.32,0.0
ATOM,705.0,HG3,GLU,49.0,27.745,-9.161,51.079,0.09,1.32,0.0
ATOM,706.0,N,LEU,50.0,25.866,-7.674,53.722,-0.47,1.85,0.0
ATOM,707.0,CA,LEU,50.0,25.253,-8.672,54.601,0.07,2.275,0.65
ATOM,708.0,C,LEU,50.0,24.406,-9.662,53.799,0.51,2.0,0.0
ATOM,709.0,O,LEU,50.0,23.476,-9.261,53.075,-0.51,1.7,0.0
ATOM,710.0,CB,LEU,50.0,24.401,-7.983,55.665,-0.18,2.175,0.12
ATOM,711.0,CG,LEU,50.0,23.805,-8.805,56.811,-0.09,2.275,0.0
ATOM,712.0,CD1,LEU,50.0,24.897,-9.495,57.612,-0.27,2.06,23.38
ATOM,713.0,CD2,LEU,50.0,23.019,-7.863,57.695,-0.27,2.06,4.11
ATOM,714.0,H,LEU,50.0,25.373,-6.812,53.411,0.31,0.2245,0.0
ATOM,715.0,HA,LEU,50.0,25.985,-9.184,55.063,0.09,1.32,0.93
ATOM,716.0,HB2,LEU,50.0,24.967,-7.258,56.087,0.09,1.32,0.0
ATOM,717.0,HB3,LEU,50.0,23.628,-7.532,55.193,0.09,1.32,0.0
ATOM,718.0,HG,LEU,50.0,23.187,-9.494,56.428,0.09,1.32,0.0
ATOM,719.0,HD11,LEU,50.0,25.514,-8.809,57.998,0.09,1.32,0.0
ATOM,720.0,HD12,LEU,50.0,24.485,-10.025,58.354,0.09,1.32,6.1
ATOM,721.0,HD13,LEU,50.0,25.415,-10.108,57.014,0.09,1.32,2.43
ATOM,722.0,HD21,LEU,50.0,22.288,-7.43,57.164,0.09,1.32,0.0
ATOM,723.0,HD22,LEU,50.0,22.614,-8.372,58.458,0.09,1.32,3.51
ATOM,724.0,HD23,LEU,50.0,23.626,-7.153,58.059,0.09,1.32,0.0
ATOM,725.0,N,ARG,51.0,24.727,-10.95,53.938,-0.47,1.85,0.0
ATOM,726.0,CA,ARG,51.0,23.936,-12.031,53.359,0.07,2.275,0.0
ATOM,727.0,C,ARG,51.0,23.313,-12.894,54.463,0.51,2.0,0.0
ATOM,728.0,O,ARG,51.0,23.91,-13.062,55.526,-0.51,1.7,12.39
ATOM,729.0,CB,ARG,51.0,24.801,-12.927,52.475,-0.18,2.175,3.46
ATOM,730.0,CG,ARG,51.0,25.338,-12.253,51.23,-0.18,2.175,0.0
ATOM,731.0,CD,ARG,51.0,24.344,-12.312,50.074,0.2,2.175,0.02
ATOM,732.0,NE,ARG,51.0,24.796,-11.411,49.025,-0.7,1.85,0.88
ATOM,733.0,CZ,ARG,51.0,24.116,-11.105,47.923,0.64,2.0,0.58
ATOM,734.0,NH1,ARG,51.0,22.926,-11.648,47.68,-0.8,1.85,0.05
ATOM,735.0,NH2,ARG,51.0,24.643,-10.231,47.063,-0.8,1.85,5.66
ATOM,736.0,H,ARG,51.0,25.595,-11.116,54.498,0.31,0.2245,2.76
ATOM,737.0,HA,ARG,51.0,23.194,-11.635,52.809,0.09,1.32,0.0
ATOM,738.0,HB2,ARG,51.0,25.578,-13.243,53.018,0.09,1.32,4.77
ATOM,739.0,HB3,ARG,51.0,24.25,-13.71,52.191,0.09,1.32,0.0
ATOM,740.0,HG2,ARG,51.0,25.528,-11.292,51.423,0.09,1.32,0.0
ATOM,741.0,HG3,ARG,51.0,26.177,-12.709,50.936,0.09,1.32,0.48
ATOM,742.0,HD2,ARG,51.0,24.324,-13.235,49.735,0.09,1.32,0.0
ATOM,743.0,HD3,ARG,51.0,23.468,-12.019,50.411,0.09,1.32,0.0
ATOM,744.0,HE,ARG,51.0,25.708,-10.977,49.14,0.44,0.2245,0.0
ATOM,745.0,HH11,ARG,51.0,22.517,-12.28,48.335,0.46,0.2245,0.0
ATOM,746.0,HH12,ARG,51.0,22.438,-11.419,46.835,0.46,0.2245,0.0
ATOM,747.0,HH21,ARG,51.0,25.523,-9.802,47.258,0.46,0.2245,0.03
ATOM,748.0,HH22,ARG,51.0,24.152,-10.005,46.221,0.46,0.2245,0.0
ATOM,749.0,N,ASP,52.0,22.142,-13.458,54.187,-0.47,1.85,0.0
ATOM,750.0,CA,ASP,52.0,21.389,-14.224,55.196,0.07,2.275,0.0
ATOM,751.0,C,ASP,52.0,22.013,-15.567,55.542,0.51,2.0,0.02
ATOM,752.0,O,ASP,52.0,22.003,-15.966,56.706,-0.51,1.7,12.33
ATOM,753.0,CB,ASP,52.0,19.941,-14.442,54.756,-0.28,2.175,1.21
ATOM,754.0,CG,ASP,52.0,19.179,-13.136,54.563,0.62,2.0,0.0
ATOM,755.0,OD1,ASP,52.0,19.601,-12.085,55.082,-0.76,1.7,0.0
ATOM,756.0,OD2,ASP,52.0,18.128,-13.18,53.901,-0.76,1.7,1.35
ATOM,757.0,H,ASP,52.0,21.804,-13.318,53.216,0.31,0.2245,0.0
ATOM,758.0,HA,ASP,52.0,21.389,-13.665,56.045,0.09,1.32,0.0
ATOM,759.0,HB2,ASP,52.0,19.951,-14.933,53.893,0.09,1.32,0.0
ATOM,760.0,HB3,ASP,52.0,19.482,-14.976,55.456,0.09,1.32,2.7
ATOM,761.0,N,GLY,53.0,22.516,-16.275,54.535,-0.47,1.85,0.0
ATOM,762.0,CA,GLY,53.0,23.067,-17.617,54.741,-0.02,2.175,14.7
ATOM,763.0,C,GLY,53.0,22.012,-18.656,55.079,0.51,2.0,0.15
ATOM,764.0,O,GLY,53.0,22.321,-19.685,55.699,-0.51,1.7,23.22
ATOM,765.0,H,GLY,53.0,22.486,-15.807,53.611,0.31,0.2245,0.0
ATOM,766.0,HA2,GLY,53.0,23.563,-17.903,53.901,0.09,1.32,3.27
ATOM,767.0,HA3,GLY,53.0,23.755,-17.581,55.489,0.09,1.32,10.76
ATOM,768.0,N,ASP,54.0,20.77,-18.396,54.674,-0.47,1.85,0.0
ATOM,769.0,CA,ASP,54.0,19.675,-19.36,54.823,0.07,2.275,1.49
ATOM,770.0,C,ASP,54.0,19.62,-20.258,53.586,0.51,2.0,0.0
ATOM,771.0,O,ASP,54.0,19.174,-19.844,52.519,-0.51,1.7,0.0
ATOM,772.0,CB,ASP,54.0,18.343,-18.629,55.058,-0.28,2.175,7.48
ATOM,773.0,CG,ASP,54.0,17.144,-19.578,55.192,0.62,2.0,2.48
ATOM,774.0,OD1,ASP,54.0,17.31,-20.812,55.055,-0.76,1.7,10.81
ATOM,775.0,OD2,ASP,54.0,16.021,-19.069,55.425,-0.76,1.7,25.87
ATOM,776.0,H,ASP,54.0,20.643,-17.455,54.245,0.31,0.2245,0.0
ATOM,777.0,HA,ASP,54.0,19.9,-19.946,55.601,0.09,1.32,4.79
ATOM,778.0,HB2,ASP,54.0,18.423,-18.105,55.898,0.09,1.32,7.71
ATOM,779.0,HB3,ASP,54.0,18.181,-18.026,54.286,0.09,1.32,0.05
ATOM,780.0,N,LYS,55.0,20.053,-21.506,53.745,-0.47,1.85,0.06
ATOM,781.0,CA,LYS,55.0,20.145,-22.449,52.632,0.07,2.275,0.0
ATOM,782.0,C,LYS,55.0,18.808,-22.727,51.947,0.51,2.0,0.27
ATOM,783.0,O,LYS,55.0,18.781,-23.119,50.783,-0.51,1.7,16.09
ATOM,784.0,CB,LYS,55.0,20.835,-23.751,53.072,-0.18,2.175,13.49
ATOM,785.0,CG,LYS,55.0,22.344,-23.609,53.265,-0.18,2.175,13.84
ATOM,786.0,CD,LYS,55.0,23.012,-23.136,51.973,-0.18,2.175,1.75
ATOM,787.0,CE,LYS,55.0,24.504,-22.943,52.139,0.21,2.175,17.99
ATOM,788.0,NZ,LYS,55.0,25.078,-22.243,50.943,-0.3,1.85,10.81
ATOM,789.0,H,LYS,55.0,20.319,-21.751,54.723,0.31,0.2245,5.75
ATOM,790.0,HA,LYS,55.0,20.789,-22.072,51.939,0.09,1.32,0.0
ATOM,791.0,HB2,LYS,55.0,20.435,-24.037,53.936,0.09,1.32,9.11
ATOM,792.0,HB3,LYS,55.0,20.672,-24.44,52.372,0.09,1.32,7.5
ATOM,793.0,HG2,LYS,55.0,22.519,-22.939,53.98,0.09,1.32,1.58
ATOM,794.0,HG3,LYS,55.0,22.725,-24.492,53.519,0.09,1.32,10.77
ATOM,795.0,HD2,LYS,55.0,22.852,-23.821,51.265,0.09,1.32,9.86
ATOM,796.0,HD3,LYS,55.0,22.603,-22.267,51.704,0.09,1.32,0.0
ATOM,797.0,HE2,LYS,55.0,24.678,-22.39,52.951,0.05,1.32,7.11
ATOM,798.0,HE3,LYS,55.0,24.945,-23.833,52.234,0.05,1.32,11.19
ATOM,799.0,HZ1,LYS,55.0,25.16,-21.269,51.144,0.33,0.2245,9.22
ATOM,800.0,HZ2,LYS,55.0,25.978,-22.625,50.743,0.33,0.2245,20.67
ATOM,801.0,HZ3,LYS,55.0,24.471,-22.379,50.163,0.33,0.2245,5.22
ATOM,802.0,N,SER,56.0,17.71,-22.495,52.661,-0.47,1.85,0.96
ATOM,803.0,CA,SER,56.0,16.365,-22.73,52.131,0.07,2.275,3.56
ATOM,804.0,C,SER,56.0,15.826,-21.586,51.254,0.51,2.0,1.16
ATOM,805.0,O,SER,56.0,14.725,-21.701,50.699,-0.51,1.7,25.75
ATOM,806.0,CB,SER,56.0,15.384,-23.0,53.275,0.05,2.175,24.58
ATOM,807.0,OG,SER,56.0,14.961,-21.788,53.869,-0.66,1.77,14.87
ATOM,808.0,H,SER,56.0,17.886,-22.134,53.623,0.31,0.2245,0.56
ATOM,809.0,HA,SER,56.0,16.398,-23.567,51.554,0.09,1.32,9.49
ATOM,810.0,HB2,SER,56.0,14.592,-23.479,52.911,0.09,1.32,10.35
ATOM,811.0,HB3,SER,56.0,15.84,-23.557,53.961,0.09,1.32,9.77
ATOM,812.0,HG,SER,56.0,15.734,-21.354,54.331,0.43,0.2245,0.14
ATOM,813.0,N,ARG,57.0,16.567,-20.479,51.159,-0.47,1.85,0.0
ATOM,814.0,CA,ARG,57.0,16.189,-19.388,50.236,0.07,2.275,0.67
ATOM,815.0,C,ARG,57.0,17.382,-18.936,49.414,0.51,2.0,0.0
ATOM,816.0,O,ARG,57.0,18.424,-18.586,49.983,-0.51,1.7,0.0
ATOM,817.0,CB,ARG,57.0,15.668,-18.167,50.989,-0.18,2.175,0.87
ATOM,818.0,CG,ARG,57.0,14.374,-18.322,51.743,-0.18,2.175,8.09
ATOM,819.0,CD,ARG,57.0,13.989,-16.977,52.345,0.2,2.175,10.79
ATOM,820.0,NE,ARG,57.0,13.336,-16.091,51.374,-0.7,1.85,5.1
ATOM,821.0,CZ,ARG,57.0,13.883,-15.01,50.815,0.64,2.0,0.05
ATOM,822.0,NH1,ARG,57.0,15.131,-14.618,51.098,-0.8,1.85,0.0
ATOM,823.0,NH2,ARG,57.0,13.162,-14.305,49.957,-0.8,1.85,10.64
ATOM,824.0,H,ARG,57.0,17.399,-20.449,51.764,0.31,0.2245,0.0
ATOM,825.0,HA,ARG,57.0,15.475,-19.732,49.618,0.09,1.32,3.2
ATOM,826.0,HB2,ARG,57.0,16.382,-17.882,51.647,0.09,1.32,0.0
ATOM,827.0,HB3,ARG,57.0,15.553,-17.418,50.32,0.09,1.32,0.0
ATOM,828.0,HG2,ARG,57.0,13.654,-18.6,51.128,0.09,1.32,7.91
ATOM,829.0,HG3,ARG,57.0,14.488,-18.966,52.483,0.09,1.32,0.05
ATOM,830.0,HD2,ARG,57.0,13.365,-17.145,53.105,0.09,1.32,11.05
ATOM,831.0,HD3,ARG,57.0,14.821,-16.539,52.68,0.09,1.32,1.34
ATOM,832.0,HE,ARG,57.0,12.384,-16.321,51.104,0.44,0.2245,14.82
ATOM,833.0,HH11,ARG,57.0,15.679,-15.162,51.733,0.46,0.2245,0.0
ATOM,834.0,HH12,ARG,57.0,15.503,-13.798,50.679,0.46,0.2245,0.0
ATOM,835.0,HH21,ARG,57.0,12.234,-14.586,49.716,0.46,0.2245,18.32
ATOM,836.0,HH22,ARG,57.0,13.55,-13.477,49.54,0.46,0.2245,0.0
ATOM,837.0,N,PHE,58.0,17.229,-18.946,48.085,-0.47,1.85,0.18
ATOM,838.0,CA,PHE,58.0,18.248,-18.423,47.178,0.07,2.275,1.75
ATOM,839.0,C,PHE,58.0,19.641,-19.009,47.448,0.51,2.0,0.0
ATOM,840.0,O,PHE,58.0,20.653,-18.315,47.297,-0.51,1.7,1.1
ATOM,841.0,CB,PHE,58.0,18.322,-16.888,47.299,-0.18,2.175,0.33
ATOM,842.0,CG,PHE,58.0,17.125,-16.159,46.756,0.0,1.9924,0.0
ATOM,843.0,CD1,PHE,58.0,16.944,-16.025,45.383,-0.115,1.9924,5.45
ATOM,844.0,CD2,PHE,58.0,16.203,-15.565,47.616,-0.115,1.9924,0.74
ATOM,845.0,CE1,PHE,58.0,15.839,-15.32,44.869,-0.115,1.9924,10.28
ATOM,846.0,CE2,PHE,58.0,15.103,-14.858,47.111,-0.115,1.9924,6.14
ATOM,847.0,CZ,PHE,58.0,14.93,-14.739,45.733,-0.115,1.9924,10.99
ATOM,848.0,H,PHE,58.0,16.329,-19.355,47.759,0.31,0.2245,14.47
ATOM,849.0,HA,PHE,58.0,17.99,-18.714,46.244,0.09,1.32,4.05
ATOM,850.0,HB2,PHE,58.0,18.406,-16.669,48.262,0.09,1.32,0.0
ATOM,851.0,HB3,PHE,58.0,19.121,-16.588,46.795,0.09,1.32,0.12
ATOM,852.0,HD1,PHE,58.0,17.593,-16.427,44.75,0.115,1.3582,6.0
ATOM,853.0,HD2,PHE,58.0,16.324,-15.642,48.603,0.115,1.3582,0.0
ATOM,854.0,HE1,PHE,58.0,15.728,-15.249,43.873,0.115,1.3582,8.05
ATOM,855.0,HE2,PHE,58.0,14.445,-14.439,47.75,0.115,1.3582,0.34
ATOM,856.0,HZ,PHE,58.0,14.147,-14.233,45.371,0.115,1.3582,10.16
ATOM,857.0,N,LEU,59.0,19.69,-20.278,47.856,-0.47,1.85,0.0
ATOM,858.0,CA,LEU,59.0,20.968,-20.964,48.103,0.07,2.275,0.09
ATOM,859.0,C,LEU,59.0,21.863,-20.184,49.083,0.51,2.0,0.0
ATOM,860.0,O,LEU,59.0,23.096,-20.182,48.967,-0.51,1.7,2.42
ATOM,861.0,CB,LEU,59.0,21.699,-21.262,46.781,-0.18,2.175,4.57
ATOM,862.0,CG,LEU,59.0,21.107,-22.308,45.816,-0.09,2.275,2.76
ATOM,863.0,CD1,LEU,59.0,19.75,-21.893,45.246,-0.27,2.06,29.57
ATOM,864.0,CD2,LEU,59.0,22.077,-22.598,44.684,-0.27,2.06,39.12
ATOM,865.0,H,LEU,59.0,18.768,-20.733,47.982,0.31,0.2245,1.99
ATOM,866.0,HA,LEU,59.0,20.773,-21.867,48.507,0.09,1.32,1.33
ATOM,867.0,HB2,LEU,59.0,21.766,-20.396,46.27,0.09,1.32,2.78
ATOM,868.0,HB3,LEU,59.0,22.63,-21.568,47.011,0.09,1.32,4.12
ATOM,869.0,HG,LEU,59.0,21.006,-23.18,46.311,0.09,1.32,10.9
ATOM,870.0,HD11,LEU,59.0,19.851,-21.036,44.742,0.09,1.32,7.65
ATOM,871.0,HD12,LEU,59.0,19.418,-22.606,44.631,0.09,1.32,10.29
ATOM,872.0,HD13,LEU,59.0,19.101,-21.767,45.995,0.09,1.32,1.78
ATOM,873.0,HD21,LEU,59.0,22.935,-22.953,45.059,0.09,1.32,10.55
ATOM,874.0,HD22,LEU,59.0,21.679,-23.278,44.066,0.09,1.32,10.28
ATOM,875.0,HD23,LEU,59.0,22.261,-21.756,44.175,0.09,1.32,10.15
ATOM,876.0,N,GLY,60.0,21.227,-19.534,50.056,-0.47,1.85,0.0
ATOM,877.0,CA,GLY,60.0,21.938,-18.815,51.116,-0.02,2.175,0.42
ATOM,878.0,C,GLY,60.0,22.232,-17.354,50.828,0.51,2.0,0.0
ATOM,879.0,O,GLY,60.0,22.823,-16.658,51.659,-0.51,1.7,2.14
ATOM,880.0,H,GLY,60.0,20.187,-19.58,50.0,0.31,0.2245,0.0
ATOM,881.0,HA2,GLY,60.0,21.393,-18.883,51.982,0.09,1.32,0.0
ATOM,882.0,HA3,GLY,60.0,22.819,-19.303,51.31,0.09,1.32,0.39
ATOM,883.0,N,LYS,61.0,21.79,-16.888,49.662,-0.47,1.85,0.0
ATOM,884.0,CA,LYS,61.0,22.116,-15.539,49.194,0.07,2.275,0.0
ATOM,885.0,C,LYS,61.0,21.01,-14.486,49.43,0.51,2.0,0.0
ATOM,886.0,O,LYS,61.0,21.063,-13.386,48.876,-0.51,1.7,0.0
ATOM,887.0,CB,LYS,61.0,22.552,-15.569,47.714,-0.18,2.175,0.0
ATOM,888.0,CG,LYS,61.0,23.771,-16.457,47.409,-0.18,2.175,4.51
ATOM,889.0,CD,LYS,61.0,25.005,-15.952,48.126,-0.18,2.175,2.3
ATOM,890.0,CE,LYS,61.0,26.154,-16.946,48.083,0.21,2.175,17.24
ATOM,891.0,NZ,LYS,61.0,27.277,-16.515,48.992,-0.3,1.85,10.97
ATOM,892.0,H,LYS,61.0,21.203,-17.553,49.121,0.31,0.2245,0.0
ATOM,893.0,HA,LYS,61.0,22.96,-15.222,49.673,0.09,1.32,0.0
ATOM,894.0,HB2,LYS,61.0,21.783,-15.903,47.171,0.09,1.32,0.0
ATOM,895.0,HB3,LYS,61.0,22.773,-14.634,47.437,0.09,1.32,0.0
ATOM,896.0,HG2,LYS,61.0,23.57,-17.386,47.712,0.09,1.32,0.0
ATOM,897.0,HG3,LYS,61.0,23.932,-16.447,46.425,0.09,1.32,2.9
ATOM,898.0,HD2,LYS,61.0,25.307,-15.102,47.694,0.09,1.32,5.47
ATOM,899.0,HD3,LYS,61.0,24.776,-15.776,49.084,0.09,1.32,0.0
ATOM,900.0,HE2,LYS,61.0,25.827,-17.841,48.38,0.05,1.32,1.81
ATOM,901.0,HE3,LYS,61.0,26.503,-17.007,47.15,0.05,1.32,11.38
ATOM,902.0,HZ1,LYS,61.0,27.748,-17.326,49.329,0.33,0.2245,20.51
ATOM,903.0,HZ2,LYS,61.0,27.908,-15.943,48.475,0.33,0.2245,19.69
ATOM,904.0,HZ3,LYS,61.0,26.894,-16.0,49.754,0.33,0.2245,3.51
ATOM,905.0,N,GLY,62.0,20.017,-14.814,50.256,-0.47,1.85,0.0
ATOM,906.0,CA,GLY,62.0,18.997,-13.832,50.648,-0.02,2.175,0.0
ATOM,907.0,C,GLY,62.0,19.606,-12.585,51.271,0.51,2.0,0.0
ATOM,908.0,O,GLY,62.0,20.695,-12.642,51.858,-0.51,1.7,0.0
ATOM,909.0,H,GLY,62.0,20.025,-15.792,50.589,0.31,0.2245,0.0
ATOM,910.0,HA2,GLY,62.0,18.459,-13.572,49.832,0.09,1.32,0.0
ATOM,911.0,HA3,GLY,62.0,18.362,-14.261,51.308,0.09,1.32,0.0
ATOM,912.0,N,VAL,63.0,18.932,-11.442,51.107,-0.47,1.85,0.0
ATOM,913.0,CA,VAL,63.0,19.346,-10.207,51.789,0.07,2.275,0.0
ATOM,914.0,C,VAL,63.0,18.264,-9.644,52.716,0.51,2.0,0.0
ATOM,915.0,O,VAL,63.0,18.182,-8.428,52.95,-0.51,1.7,0.0
ATOM,916.0,CB,VAL,63.0,19.895,-9.122,50.812,-0.09,2.275,0.0
ATOM,917.0,CG1,VAL,63.0,21.17,-9.621,50.146,-0.27,2.06,0.0
ATOM,918.0,CG2,VAL,63.0,18.826,-8.722,49.772,-0.27,2.06,0.0
ATOM,919.0,H,VAL,63.0,18.117,-11.5,50.476,0.31,0.2245,0.0
ATOM,920.0,HA,VAL,63.0,20.158,-10.423,52.355,0.09,1.32,0.0
ATOM,921.0,HB,VAL,63.0,20.137,-8.331,51.357,0.09,1.32,0.0
ATOM,922.0,HG11,VAL,63.0,21.377,-10.544,50.47,0.09,1.32,0.0
ATOM,923.0,HG12,VAL,63.0,21.044,-9.637,49.154,0.09,1.32,0.0
ATOM,924.0,HG13,VAL,63.0,21.927,-9.01,50.376,0.09,1.32,0.0
ATOM,925.0,HG21,VAL,63.0,17.972,-9.181,50.0,0.09,1.32,0.0
ATOM,926.0,HG22,VAL,63.0,18.705,-7.734,49.803,0.09,1.32,0.0
ATOM,927.0,HG23,VAL,63.0,19.138,-9.004,48.869,0.09,1.32,0.0
ATOM,928.0,N,THR,64.0,17.456,-10.543,53.284,-0.47,1.85,0.0
ATOM,929.0,CA,THR,64.0,16.375,-10.107,54.17,0.07,2.275,0.35
ATOM,930.0,C,THR,64.0,16.906,-9.345,55.39,0.51,2.0,0.33
ATOM,931.0,O,THR,64.0,16.282,-8.396,55.841,-0.51,1.7,2.46
ATOM,932.0,CB,THR,64.0,15.442,-11.272,54.609,0.14,2.275,7.6
ATOM,933.0,OG1,THR,64.0,16.166,-12.179,55.445,-0.66,1.77,17.31
ATOM,934.0,CG2,THR,64.0,14.9,-12.032,53.407,-0.27,2.06,12.28
ATOM,935.0,H,THR,64.0,17.653,-11.524,53.053,0.31,0.2245,0.0
ATOM,936.0,HA,THR,64.0,15.768,-9.488,53.653,0.09,1.32,1.05
ATOM,937.0,HB,THR,64.0,14.671,-10.88,55.149,0.09,1.32,11.08
ATOM,938.0,HG21,THR,64.0,15.376,-12.91,53.317,0.09,1.32,0.19
ATOM,939.0,HG22,THR,64.0,13.919,-12.201,53.526,0.09,1.32,11.02
ATOM,940.0,HG23,THR,64.0,15.042,-11.494,52.573,0.09,1.32,0.0
ATOM,941.0,HG1,THR,64.0,16.938,-12.581,54.941,0.43,0.2245,0.0
ATOM,942.0,N,LYS,65.0,18.062,-9.75,55.918,-0.47,1.85,0.0
ATOM,943.0,CA,LYS,65.0,18.649,-9.036,57.064,0.07,2.275,0.98
ATOM,944.0,C,LYS,65.0,19.06,-7.604,56.746,0.51,2.0,0.0
ATOM,945.0,O,LYS,65.0,18.762,-6.687,57.512,-0.51,1.7,3.98
ATOM,946.0,CB,LYS,65.0,19.829,-9.806,57.668,-0.18,2.175,1.82
ATOM,947.0,CG,LYS,65.0,19.418,-11.093,58.349,-0.18,2.175,7.14
ATOM,948.0,CD,LYS,65.0,20.633,-11.901,58.775,-0.18,2.175,1.68
ATOM,949.0,CE,LYS,65.0,20.255,-13.335,59.145,0.21,2.175,16.49
ATOM,950.0,NZ,LYS,65.0,21.399,-14.007,59.831,-0.3,1.85,12.14
ATOM,951.0,H,LYS,65.0,18.491,-10.57,55.475,0.31,0.2245,0.0
ATOM,952.0,HA,LYS,65.0,17.963,-9.019,57.815,0.09,1.32,2.22
ATOM,953.0,HB2,LYS,65.0,20.464,-10.024,56.933,0.09,1.32,0.0
ATOM,954.0,HB3,LYS,65.0,20.27,-9.217,58.339,0.09,1.32,3.04
ATOM,955.0,HG2,LYS,65.0,18.874,-10.878,59.16,0.09,1.32,10.22
ATOM,956.0,HG3,LYS,65.0,18.872,-11.642,57.717,0.09,1.32,0.05
ATOM,957.0,HD2,LYS,65.0,21.282,-11.932,58.022,0.09,1.32,0.0
ATOM,958.0,HD3,LYS,65.0,21.047,-11.471,59.571,0.09,1.32,7.69
ATOM,959.0,HE2,LYS,65.0,19.471,-13.314,59.757,0.05,1.32,9.98
ATOM,960.0,HE3,LYS,65.0,20.03,-13.834,58.314,0.05,1.32,0.32
ATOM,961.0,HZ1,LYS,65.0,21.067,-14.825,60.299,0.33,0.2245,19.97
ATOM,962.0,HZ2,LYS,65.0,22.085,-14.263,59.152,0.33,0.2245,6.82
ATOM,963.0,HZ3,LYS,65.0,21.8,-13.378,60.495,0.33,0.2245,16.73
ATOM,964.0,N,ALA,66.0,19.716,-7.416,55.601,-0.47,1.85,0.0
ATOM,965.0,CA,ALA,66.0,20.105,-6.08,55.153,0.07,2.275,0.0
ATOM,966.0,C,ALA,66.0,18.87,-5.208,54.878,0.51,2.0,0.0
ATOM,967.0,O,ALA,66.0,18.836,-4.044,55.277,-0.51,1.7,0.0
ATOM,968.0,CB,ALA,66.0,21.018,-6.169,53.935,-0.27,2.06,0.0
ATOM,969.0,H,ALA,66.0,19.921,-8.281,55.068,0.31,0.2245,0.0
ATOM,970.0,HA,ALA,66.0,20.649,-5.639,55.876,0.09,1.32,0.0
ATOM,971.0,HB1,ALA,66.0,20.536,-6.63,53.191,0.09,1.32,0.0
ATOM,972.0,HB2,ALA,66.0,21.276,-5.248,53.645,0.09,1.32,0.0
ATOM,973.0,HB3,ALA,66.0,21.839,-6.686,54.172,0.09,1.32,0.0
ATOM,974.0,N,VAL,67.0,17.858,-5.797,54.24,-0.47,1.85,0.0
ATOM,975.0,CA,VAL,67.0,16.586,-5.117,53.978,0.07,2.275,0.0
ATOM,976.0,C,VAL,67.0,15.921,-4.716,55.307,0.51,2.0,0.0
ATOM,977.0,O,VAL,67.0,15.38,-3.62,55.434,-0.51,1.7,0.0
ATOM,978.0,CB,VAL,67.0,15.659,-5.995,53.123,-0.09,2.275,0.02
ATOM,979.0,CG1,VAL,67.0,14.232,-5.414,53.051,-0.27,2.06,11.03
ATOM,980.0,CG2,VAL,67.0,16.249,-6.155,51.72,-0.27,2.06,0.0
ATOM,981.0,H,VAL,67.0,18.048,-6.779,53.944,0.31,0.2245,0.0
ATOM,982.0,HA,VAL,67.0,16.778,-4.278,53.468,0.09,1.32,0.0
ATOM,983.0,HB,VAL,67.0,15.579,-6.885,53.567,0.09,1.32,0.0
ATOM,984.0,HG11,VAL,67.0,14.286,-4.419,53.067,0.09,1.32,0.0
ATOM,985.0,HG12,VAL,67.0,13.801,-5.718,52.205,0.09,1.32,0.22
ATOM,986.0,HG13,VAL,67.0,13.71,-5.739,53.835,0.09,1.32,4.97
ATOM,987.0,HG21,VAL,67.0,16.878,-6.931,51.717,0.09,1.32,0.0
ATOM,988.0,HG22,VAL,67.0,15.507,-6.316,51.071,0.09,1.32,0.0
ATOM,989.0,HG23,VAL,67.0,16.739,-5.32,51.475,0.09,1.32,0.0
ATOM,990.0,N,ALA,68.0,15.997,-5.599,56.304,-0.47,1.85,0.09
ATOM,991.0,CA,ALA,68.0,15.452,-5.301,57.635,0.07,2.275,1.9
ATOM,992.0,C,ALA,68.0,16.182,-4.129,58.302,0.51,2.0,0.57
ATOM,993.0,O,ALA,68.0,15.561,-3.305,58.969,-0.51,1.7,3.21
ATOM,994.0,CB,ALA,68.0,15.503,-6.546,58.522,-0.27,2.06,31.88
ATOM,995.0,H,ALA,68.0,16.462,-6.491,56.065,0.31,0.2245,0.0
ATOM,996.0,HA,ALA,68.0,14.478,-5.056,57.537,0.09,1.32,2.91
ATOM,997.0,HB1,ALA,68.0,15.014,-7.292,58.073,0.09,1.32,6.35
ATOM,998.0,HB2,ALA,68.0,16.455,-6.809,58.668,0.09,1.32,1.19
ATOM,999.0,HB3,ALA,68.0,15.073,-6.344,59.4,0.09,1.32,10.36
ATOM,1000.0,N,ALA,69.0,17.495,-4.026,58.087,-0.47,1.85,0.59
ATOM,1001.0,CA,ALA,69.0,18.264,-2.9,58.603,0.07,2.275,2.82
ATOM,1002.0,C,ALA,69.0,17.768,-1.587,57.987,0.51,2.0,0.0
ATOM,1003.0,O,ALA,69.0,17.639,-0.579,58.68,-0.51,1.7,0.0
ATOM,1004.0,CB,ALA,69.0,19.745,-3.084,58.323,-0.27,2.06,3.42
ATOM,1005.0,H,ALA,69.0,17.907,-4.799,57.534,0.31,0.2245,0.0
ATOM,1006.0,HA,ALA,69.0,18.141,-2.849,59.599,0.09,1.32,0.29
ATOM,1007.0,HB1,ALA,69.0,19.879,-3.88,57.732,0.09,1.32,0.0
ATOM,1008.0,HB2,ALA,69.0,20.104,-2.27,57.867,0.09,1.32,0.0
ATOM,1009.0,HB3,ALA,69.0,20.235,-3.224,59.184,0.09,1.32,0.31
ATOM,1010.0,N,VAL,70.0,17.5,-1.606,56.684,-0.47,1.85,0.0
ATOM,1011.0,CA,VAL,70.0,16.962,-0.422,55.997,0.07,2.275,0.0
ATOM,1012.0,C,VAL,70.0,15.616,-0.013,56.597,0.51,2.0,0.0
ATOM,1013.0,O,VAL,70.0,15.434,1.141,56.974,-0.51,1.7,0.0
ATOM,1014.0,CB,VAL,70.0,16.818,-0.622,54.455,-0.09,2.275,0.0
ATOM,1015.0,CG1,VAL,70.0,16.084,0.57,53.818,-0.27,2.06,0.0
ATOM,1016.0,CG2,VAL,70.0,18.197,-0.815,53.799,-0.27,2.06,0.0
ATOM,1017.0,H,VAL,70.0,17.697,-2.501,56.206,0.31,0.2245,0.0
ATOM,1018.0,HA,VAL,70.0,17.607,0.336,56.135,0.09,1.32,0.0
ATOM,1019.0,HB,VAL,70.0,16.249,-1.422,54.311,0.09,1.32,0.0
ATOM,1020.0,HG11,VAL,70.0,16.754,1.25,53.532,0.09,1.32,0.0
ATOM,1021.0,HG12,VAL,70.0,15.567,0.25,53.027,0.09,1.32,0.0
ATOM,1022.0,HG13,VAL,70.0,15.464,0.968,54.49,0.09,1.32,0.0
ATOM,1023.0,HG21,VAL,70.0,18.297,-0.153,53.06,0.09,1.32,0.0
ATOM,1024.0,HG22,VAL,70.0,18.903,-0.67,54.487,0.09,1.32,0.0
ATOM,1025.0,HG23,VAL,70.0,18.254,-1.743,53.438,0.09,1.32,0.0
ATOM,1026.0,N,ASN,71.0,14.696,-0.972,56.674,-0.47,1.85,0.0
ATOM,1027.0,CA,ASN,71.0,13.316,-0.706,57.09,0.07,2.275,0.17
ATOM,1028.0,C,ASN,71.0,13.18,-0.372,58.566,0.51,2.0,0.19
ATOM,1029.0,O,ASN,71.0,12.241,0.322,58.977,-0.51,1.7,18.16
ATOM,1030.0,CB,ASN,71.0,12.435,-1.893,56.737,-0.18,2.175,13.05
ATOM,1031.0,CG,ASN,71.0,12.115,-1.943,55.264,0.55,2.0,2.27
ATOM,1032.0,H,ASN,71.0,15.037,-1.922,56.415,0.31,0.2245,0.0
ATOM,1033.0,HA,ASN,71.0,13.004,0.109,56.569,0.09,1.32,0.0
ATOM,1034.0,HB2,ASN,71.0,12.914,-2.729,56.988,0.09,1.32,0.0
ATOM,1035.0,HB3,ASN,71.0,11.583,-1.818,57.247,0.09,1.32,8.55
ATOM,1036.0,OD1,ASN,71.0,11.819,-0.905,54.653,-0.55,1.7,5.99
ATOM,1037.0,ND2,ASN,71.0,12.155,-3.138,54.681,-0.62,1.85,12.97
ATOM,1038.0,HD22,ASN,71.0,12.385,-3.946,55.228,0.3,0.2245,5.64
ATOM,1039.0,HD21,ASN,71.0,11.958,-3.23,53.709,0.32,0.2245,1.5
ATOM,1040.0,N,GLY,72.0,14.132,-0.864,59.351,-0.47,1.85,0.23
ATOM,1041.0,CA,GLY,72.0,14.116,-0.698,60.797,-0.02,2.175,12.06
ATOM,1042.0,C,GLY,72.0,14.997,0.419,61.319,0.51,2.0,0.0
ATOM,1043.0,O,GLY,72.0,14.604,1.587,61.28,-0.51,1.7,0.0
ATOM,1044.0,H,GLY,72.0,14.888,-1.377,58.843,0.31,0.2245,0.0
ATOM,1045.0,HA2,GLY,72.0,13.152,-0.534,61.103,0.09,1.32,3.05
ATOM,1046.0,HA3,GLY,72.0,14.398,-1.58,61.236,0.09,1.32,3.81
ATOM,1047.0,N,PRO,73.0,16.198,0.069,61.816,-0.29,1.85,0.09
ATOM,1048.0,CA,PRO,73.0,17.069,1.03,62.498,0.02,2.275,1.14
ATOM,1049.0,C,PRO,73.0,17.573,2.169,61.61,0.51,2.0,0.0
ATOM,1050.0,O,PRO,73.0,17.701,3.287,62.091,-0.51,1.7,1.13
ATOM,1051.0,CB,PRO,73.0,18.24,0.17,62.99,-0.18,2.175,9.65
ATOM,1052.0,CG,PRO,73.0,18.237,-1.031,62.089,-0.18,2.175,2.7
ATOM,1053.0,CD,PRO,73.0,16.796,-1.28,61.766,0.0,2.175,7.19
ATOM,1054.0,HA,PRO,73.0,16.602,1.407,63.326,0.09,1.32,1.62
ATOM,1055.0,HB2,PRO,73.0,19.105,0.672,62.912,0.09,1.32,0.0
ATOM,1056.0,HB3,PRO,73.0,18.104,-0.101,63.945,0.09,1.32,11.43
ATOM,1057.0,HG2,PRO,73.0,18.768,-0.843,61.257,0.09,1.32,0.0
ATOM,1058.0,HG3,PRO,73.0,18.645,-1.819,62.56,0.09,1.32,6.87
ATOM,1059.0,HD2,PRO,73.0,16.684,-1.676,60.854,0.09,1.32,0.0
ATOM,1060.0,HD3,PRO,73.0,16.363,-1.878,62.442,0.09,1.32,10.63
ATOM,1061.0,N,ILE,74.0,17.858,1.895,60.338,-0.47,1.85,0.0
ATOM,1062.0,CA,ILE,74.0,18.279,2.966,59.418,0.07,2.275,0.0
ATOM,1063.0,C,ILE,74.0,17.129,3.967,59.191,0.51,2.0,0.0
ATOM,1064.0,O,ILE,74.0,17.312,5.168,59.392,-0.51,1.7,0.0
ATOM,1065.0,CB,ILE,74.0,18.864,2.41,58.082,-0.09,2.275,0.0
ATOM,1066.0,CG1,ILE,74.0,20.163,1.643,58.365,-0.18,2.175,0.0
ATOM,1067.0,CG2,ILE,74.0,19.085,3.561,57.064,-0.27,2.06,0.0
ATOM,1068.0,CD1,ILE,74.0,20.714,0.809,57.193,-0.27,2.06,0.0
ATOM,1069.0,H,ILE,74.0,17.763,0.91,60.062,0.31,0.2245,0.0
ATOM,1070.0,HA,ILE,74.0,19.004,3.47,59.888,0.09,1.32,0.0
ATOM,1071.0,HB,ILE,74.0,18.204,1.776,57.709,0.09,1.32,0.0
ATOM,1072.0,HG12,ILE,74.0,20.869,2.3,58.641,0.09,1.32,0.0
ATOM,1073.0,HG13,ILE,74.0,20.002,1.022,59.138,0.09,1.32,0.0
ATOM,1074.0,HG21,ILE,74.0,19.418,3.173,56.212,0.09,1.32,0.0
ATOM,1075.0,HG22,ILE,74.0,18.219,4.025,56.915,0.09,1.32,0.0
ATOM,1076.0,HG23,ILE,74.0,19.754,4.193,57.439,0.09,1.32,0.0
ATOM,1077.0,HD11,ILE,74.0,20.901,1.419,56.43,0.09,1.32,0.0
ATOM,1078.0,HD12,ILE,74.0,21.551,0.36,57.489,0.09,1.32,0.0
ATOM,1079.0,HD13,ILE,74.0,20.031,0.133,56.936,0.09,1.32,0.0
ATOM,1080.0,N,ALA,75.0,15.955,3.462,58.812,-0.47,1.85,0.0
ATOM,1081.0,CA,ALA,75.0,14.759,4.304,58.629,0.07,2.275,0.0
ATOM,1082.0,C,ALA,75.0,14.536,5.173,59.864,0.51,2.0,0.0
ATOM,1083.0,O,ALA,75.0,14.458,6.399,59.767,-0.51,1.7,0.0
ATOM,1084.0,CB,ALA,75.0,13.527,3.449,58.35,-0.27,2.06,6.59
ATOM,1085.0,H,ALA,75.0,15.951,2.435,58.657,0.31,0.2245,0.0
ATOM,1086.0,HA,ALA,75.0,14.907,4.9,57.837,0.09,1.32,0.0
ATOM,1087.0,HB1,ALA,75.0,12.74,4.043,58.189,0.09,1.32,1.82
ATOM,1088.0,HB2,ALA,75.0,13.69,2.885,57.542,0.09,1.32,0.0
ATOM,1089.0,HB3,ALA,75.0,13.345,2.861,59.137,0.09,1.32,0.0
ATOM,1090.0,N,GLN,76.0,14.484,4.524,61.028,-0.47,1.85,0.0
ATOM,1091.0,CA,GLN,76.0,14.202,5.209,62.294,0.07,2.275,0.69
ATOM,1092.0,C,GLN,76.0,15.202,6.319,62.597,0.51,2.0,0.54
ATOM,1093.0,O,GLN,76.0,14.824,7.368,63.118,-0.51,1.7,19.89
ATOM,1094.0,CB,GLN,76.0,14.126,4.201,63.45,-0.18,2.175,6.57
ATOM,1095.0,CG,GLN,76.0,12.836,3.388,63.464,-0.18,2.175,11.05
ATOM,1096.0,CD,GLN,76.0,12.934,2.067,64.227,0.55,2.0,2.67
ATOM,1097.0,H,GLN,76.0,14.659,3.501,60.962,0.31,0.2245,0.0
ATOM,1098.0,HA,GLN,76.0,13.285,5.631,62.217,0.09,1.32,2.83
ATOM,1099.0,HB2,GLN,76.0,14.893,3.566,63.372,0.09,1.32,0.0
ATOM,1100.0,HB3,GLN,76.0,14.189,4.7,64.314,0.09,1.32,9.29
ATOM,1101.0,HG2,GLN,76.0,12.112,3.942,63.887,0.09,1.32,11.67
ATOM,1102.0,HG3,GLN,76.0,12.574,3.185,62.515,0.09,1.32,2.03
ATOM,1103.0,OE1,GLN,76.0,13.932,1.782,64.906,-0.55,1.7,26.11
ATOM,1104.0,NE2,GLN,76.0,11.889,1.247,64.111,-0.62,1.85,17.27
ATOM,1105.0,HE21,GLN,76.0,11.889,0.346,64.578,0.32,0.2245,20.81
ATOM,1106.0,HE22,GLN,76.0,11.096,1.541,63.549,0.3,0.2245,16.77
ATOM,1107.0,N,ALA,77.0,16.469,6.096,62.246,-0.47,1.85,0.37
ATOM,1108.0,CA,ALA,77.0,17.526,7.08,62.465,0.07,2.275,2.98
ATOM,1109.0,C,ALA,77.0,17.509,8.254,61.484,0.51,2.0,0.01
ATOM,1110.0,O,ALA,77.0,18.092,9.301,61.763,-0.51,1.7,4.28
ATOM,1111.0,CB,ALA,77.0,18.892,6.4,62.441,-0.27,2.06,4.96
ATOM,1112.0,H,ALA,77.0,16.637,5.166,61.806,0.31,0.2245,0.0
ATOM,1113.0,HA,ALA,77.0,17.43,7.453,63.41,0.09,1.32,9.59
ATOM,1114.0,HB1,ALA,77.0,18.795,5.471,62.086,0.09,1.32,0.0
ATOM,1115.0,HB2,ALA,77.0,19.511,6.919,61.853,0.09,1.32,0.0
ATOM,1116.0,HB3,ALA,77.0,19.262,6.365,63.368,0.09,1.32,5.37
ATOM,1117.0,N,LEU,78.0,16.853,8.074,60.339,-0.47,1.85,0.0
ATOM,1118.0,CA,LEU,78.0,16.898,9.078,59.283,0.07,2.275,0.0
ATOM,1119.0,C,LEU,78.0,15.609,9.879,59.095,0.51,2.0,0.0
ATOM,1120.0,O,LEU,78.0,15.661,10.987,58.554,-0.51,1.7,0.0
ATOM,1121.0,CB,LEU,78.0,17.315,8.446,57.953,-0.18,2.175,0.0
ATOM,1122.0,CG,LEU,78.0,18.698,7.791,57.859,-0.09,2.275,0.0
ATOM,1123.0,CD1,LEU,78.0,18.906,7.259,56.455,-0.27,2.06,0.0
ATOM,1124.0,CD2,LEU,78.0,19.798,8.75,58.207,-0.27,2.06,0.0
ATOM,1125.0,H,LEU,78.0,16.327,7.188,60.269,0.31,0.2245,0.0
ATOM,1126.0,HA,LEU,78.0,17.65,9.737,59.499,0.09,1.32,0.0
ATOM,1127.0,HB2,LEU,78.0,16.638,7.738,57.726,0.09,1.32,0.0
ATOM,1128.0,HB3,LEU,78.0,17.279,9.162,57.249,0.09,1.32,0.0
ATOM,1129.0,HG,LEU,78.0,18.744,7.042,58.512,0.09,1.32,0.0
ATOM,1130.0,HD11,LEU,78.0,18.848,8.012,55.797,0.09,1.32,0.0
ATOM,1131.0,HD12,LEU,78.0,19.808,6.83,56.387,0.09,1.32,0.0
ATOM,1132.0,HD13,LEU,78.0,18.201,6.58,56.243,0.09,1.32,0.0
ATOM,1133.0,HD21,LEU,78.0,19.679,9.086,59.146,0.09,1.32,0.0
ATOM,1134.0,HD22,LEU,78.0,20.69,8.293,58.137,0.09,1.32,0.0
ATOM,1135.0,HD23,LEU,78.0,19.785,9.533,57.579,0.09,1.32,0.0
ATOM,1136.0,N,ILE,79.0,14.468,9.32,59.515,-0.47,1.85,0.0
ATOM,1137.0,CA,ILE,79.0,13.186,10.043,59.452,0.07,2.275,0.0
ATOM,1138.0,C,ILE,79.0,13.356,11.414,60.11,0.51,2.0,0.0
ATOM,1139.0,O,ILE,79.0,13.858,11.517,61.235,-0.51,1.7,13.41
ATOM,1140.0,CB,ILE,79.0,12.008,9.279,60.136,-0.09,2.275,1.29
ATOM,1141.0,CG1,ILE,79.0,11.773,7.891,59.518,-0.18,2.175,3.89
ATOM,1142.0,CG2,ILE,79.0,10.71,10.099,60.075,-0.27,2.06,25.78
ATOM,1143.0,CD1,ILE,79.0,11.517,7.87,58.026,-0.27,2.06,4.15
ATOM,1144.0,H,ILE,79.0,14.561,8.357,59.88,0.31,0.2245,0.0
ATOM,1145.0,HA,ILE,79.0,13.009,10.209,58.486,0.09,1.32,0.0
ATOM,1146.0,HB,ILE,79.0,12.25,9.154,61.097,0.09,1.32,3.9
ATOM,1147.0,HG12,ILE,79.0,12.577,7.32,59.719,0.09,1.32,0.0
ATOM,1148.0,HG13,ILE,79.0,10.984,7.475,59.986,0.09,1.32,10.25
ATOM,1149.0,HG21,ILE,79.0,9.999,9.623,60.585,0.09,1.32,10.33
ATOM,1150.0,HG22,ILE,79.0,10.871,10.996,60.477,0.09,1.32,2.9
ATOM,1151.0,HG23,ILE,79.0,10.433,10.2,59.124,0.09,1.32,0.0
ATOM,1152.0,HD11,ILE,79.0,12.304,8.26,57.55,0.09,1.32,0.0
ATOM,1153.0,HD12,ILE,79.0,11.378,6.927,57.727,0.09,1.32,0.97
ATOM,1154.0,HD13,ILE,79.0,10.701,8.41,57.823,0.09,1.32,0.0
ATOM,1155.0,N,GLY,80.0,12.963,12.465,59.393,-0.47,1.85,0.0
ATOM,1156.0,CA,GLY,80.0,13.052,13.833,59.91,-0.02,2.175,12.2
ATOM,1157.0,C,GLY,80.0,14.342,14.568,59.602,0.51,2.0,0.29
ATOM,1158.0,O,GLY,80.0,14.445,15.779,59.847,-0.51,1.7,16.56
ATOM,1159.0,H,GLY,80.0,12.593,12.236,58.45,0.31,0.2245,0.0
ATOM,1160.0,HA2,GLY,80.0,12.26,14.375,59.543,0.09,1.32,3.27
ATOM,1161.0,HA3,GLY,80.0,12.913,13.809,60.927,0.09,1.32,8.84
ATOM,1162.0,N,LYS,81.0,15.328,13.857,59.048,-0.47,1.85,0.0
ATOM,1163.0,CA,LYS,81.0,16.617,14.467,58.726,0.07,2.275,0.0
ATOM,1164.0,C,LYS,81.0,16.588,15.124,57.338,0.51,2.0,0.0
ATOM,1165.0,O,LYS,81.0,15.705,14.84,56.532,-0.51,1.7,0.0
ATOM,1166.0,CB,LYS,81.0,17.759,13.435,58.833,-0.18,2.175,0.0
ATOM,1167.0,CG,LYS,81.0,17.829,12.689,60.178,-0.18,2.175,0.0
ATOM,1168.0,CD,LYS,81.0,18.139,13.635,61.312,-0.18,2.175,5.41
ATOM,1169.0,CE,LYS,81.0,18.099,12.928,62.653,0.21,2.175,9.85
ATOM,1170.0,NZ,LYS,81.0,18.432,13.9,63.73,-0.3,1.85,13.86
ATOM,1171.0,H,LYS,81.0,15.103,12.863,58.872,0.31,0.2245,0.0
ATOM,1172.0,HA,LYS,81.0,16.824,15.177,59.41,0.09,1.32,2.77
ATOM,1173.0,HB2,LYS,81.0,17.635,12.758,58.111,0.09,1.32,0.0
ATOM,1174.0,HB3,LYS,81.0,18.624,13.915,58.7,0.09,1.32,2.11
ATOM,1175.0,HG2,LYS,81.0,16.947,12.251,60.341,0.09,1.32,0.0
ATOM,1176.0,HG3,LYS,81.0,18.544,11.995,60.117,0.09,1.32,0.0
ATOM,1177.0,HD2,LYS,81.0,19.052,14.013,61.181,0.09,1.32,4.17
ATOM,1178.0,HD3,LYS,81.0,17.464,14.368,61.321,0.09,1.32,2.06
ATOM,1179.0,HE2,LYS,81.0,17.186,12.568,62.806,0.05,1.32,4.28
ATOM,1180.0,HE3,LYS,81.0,18.768,12.193,62.655,0.05,1.32,1.41
ATOM,1181.0,HZ1,LYS,81.0,18.408,13.436,64.615,0.33,0.2245,20.42
ATOM,1182.0,HZ2,LYS,81.0,19.347,14.27,63.571,0.33,0.2245,15.05
ATOM,1183.0,HZ3,LYS,81.0,17.764,14.643,63.724,0.33,0.2245,17.76
ATOM,1184.0,N,ASP,82.0,17.556,15.994,57.079,-0.47,1.85,1.27
ATOM,1185.0,CA,ASP,82.0,17.636,16.755,55.829,0.07,2.275,0.0
ATOM,1186.0,C,ASP,82.0,18.413,15.977,54.774,0.51,2.0,0.0
ATOM,1187.0,O,ASP,82.0,19.636,15.876,54.848,-0.51,1.7,0.0
ATOM,1188.0,CB,ASP,82.0,18.314,18.106,56.081,-0.28,2.175,10.97
ATOM,1189.0,CG,ASP,82.0,18.452,18.963,54.82,0.62,2.0,0.21
ATOM,1190.0,OD1,ASP,82.0,17.906,18.612,53.747,-0.76,1.7,0.0
ATOM,1191.0,OD2,ASP,82.0,19.127,20.009,54.917,-0.76,1.7,29.86
ATOM,1192.0,H,ASP,82.0,18.263,16.093,57.846,0.31,0.2245,7.55
ATOM,1193.0,HA,ASP,82.0,16.697,16.861,55.487,0.09,1.32,0.0
ATOM,1194.0,HB2,ASP,82.0,17.767,18.608,56.743,0.09,1.32,10.68
ATOM,1195.0,HB3,ASP,82.0,19.223,17.933,56.445,0.09,1.32,2.13
ATOM,1196.0,N,ALA,83.0,17.7,15.466,53.776,-0.47,1.85,0.0
ATOM,1197.0,CA,ALA,83.0,18.323,14.675,52.708,0.07,2.275,0.0
ATOM,1198.0,C,ALA,83.0,19.435,15.413,51.942,0.51,2.0,0.0
ATOM,1199.0,O,ALA,83.0,20.369,14.784,51.436,-0.51,1.7,0.0
ATOM,1200.0,CB,ALA,83.0,17.26,14.163,51.744,-0.27,2.06,0.0
ATOM,1201.0,H,ALA,83.0,16.683,15.669,53.813,0.31,0.2245,0.0
ATOM,1202.0,HA,ALA,83.0,18.726,13.836,53.121,0.09,1.32,0.0
ATOM,1203.0,HB1,ALA,83.0,16.41,13.998,52.242,0.09,1.32,0.0
ATOM,1204.0,HB2,ALA,83.0,17.101,14.845,51.031,0.09,1.32,0.0
ATOM,1205.0,HB3,ALA,83.0,17.572,13.311,51.326,0.09,1.32,0.0
ATOM,1206.0,N,LYS,84.0,19.346,16.741,51.868,-0.47,1.85,0.0
ATOM,1207.0,CA,LYS,84.0,20.355,17.548,51.166,0.07,2.275,0.0
ATOM,1208.0,C,LYS,84.0,21.736,17.483,51.817,0.51,2.0,0.27
ATOM,1209.0,O,LYS,84.0,22.76,17.677,51.152,-0.51,1.7,7.51
ATOM,1210.0,CB,LYS,84.0,19.909,19.011,51.054,-0.18,2.175,5.84
ATOM,1211.0,CG,LYS,84.0,18.652,19.244,50.252,-0.18,2.175,0.0
ATOM,1212.0,CD,LYS,84.0,18.354,20.74,50.212,-0.18,2.175,6.81
ATOM,1213.0,CE,LYS,84.0,16.994,21.038,49.613,0.21,2.175,0.02
ATOM,1214.0,NZ,LYS,84.0,16.548,22.43,49.955,-0.3,1.85,12.66
ATOM,1215.0,H,LYS,84.0,18.519,17.151,52.34,0.31,0.2245,0.0
ATOM,1216.0,HA,LYS,84.0,20.43,17.209,50.212,0.09,1.32,0.0
ATOM,1217.0,HB2,LYS,84.0,19.763,19.36,51.985,0.09,1.32,0.0
ATOM,1218.0,HB3,LYS,84.0,20.66,19.529,50.631,0.09,1.32,4.67
ATOM,1219.0,HG2,LYS,84.0,18.785,18.921,49.324,0.09,1.32,0.0
ATOM,1220.0,HG3,LYS,84.0,17.89,18.779,50.683,0.09,1.32,0.0
ATOM,1221.0,HD2,LYS,84.0,18.378,21.094,51.145,0.09,1.32,3.71
ATOM,1222.0,HD3,LYS,84.0,19.053,21.19,49.66,0.09,1.32,4.32
ATOM,1223.0,HE2,LYS,84.0,17.045,20.951,48.619,0.05,1.32,0.0
ATOM,1224.0,HE3,LYS,84.0,16.325,20.388,49.972,0.05,1.32,0.0
ATOM,1225.0,HZ1,LYS,84.0,16.245,22.45,50.905,0.33,0.2245,11.46
ATOM,1226.0,HZ2,LYS,84.0,17.314,23.057,49.829,0.33,0.2245,16.5
ATOM,1227.0,HZ3,LYS,84.0,15.796,22.687,49.353,0.33,0.2245,17.12
ATOM,1228.0,N,ASP,85.0,21.759,17.213,53.121,-0.47,1.85,0.19
ATOM,1229.0,CA,ASP,85.0,23.003,17.087,53.863,0.07,2.275,2.56
ATOM,1230.0,C,ASP,85.0,23.553,15.669,53.719,0.51,2.0,0.0
ATOM,1231.0,O,ASP,85.0,23.472,14.871,54.649,-0.51,1.7,0.0
ATOM,1232.0,CB,ASP,85.0,22.759,17.414,55.338,-0.28,2.175,6.19
ATOM,1233.0,CG,ASP,85.0,24.035,17.382,56.173,0.62,2.0,3.19
ATOM,1234.0,OD1,ASP,85.0,25.138,17.2,55.607,-0.76,1.7,15.34
ATOM,1235.0,OD2,ASP,85.0,23.925,17.538,57.412,-0.76,1.7,36.14
ATOM,1236.0,H,ASP,85.0,20.818,17.102,53.555,0.31,0.2245,0.0
ATOM,1237.0,HA,ASP,85.0,23.671,17.703,53.438,0.09,1.32,6.1
ATOM,1238.0,HB2,ASP,85.0,22.369,18.326,55.392,0.09,1.32,4.84
ATOM,1239.0,HB3,ASP,85.0,22.125,16.742,55.703,0.09,1.32,1.5
ATOM,1240.0,N,GLN,86.0,24.111,15.363,52.546,-0.47,1.85,0.05
ATOM,1241.0,CA,GLN,86.0,24.552,13.997,52.239,0.07,2.275,0.0
ATOM,1242.0,C,GLN,86.0,25.561,13.447,53.248,0.51,2.0,0.0
ATOM,1243.0,O,GLN,86.0,25.416,12.312,53.711,-0.51,1.7,0.0
ATOM,1244.0,CB,GLN,86.0,25.12,13.916,50.823,-0.18,2.175,0.0
ATOM,1245.0,CG,GLN,86.0,25.483,12.482,50.366,-0.18,2.175,0.55
ATOM,1246.0,CD,GLN,86.0,24.26,11.592,50.155,0.55,2.0,0.0
ATOM,1247.0,H,GLN,86.0,24.204,16.155,51.886,0.31,0.2245,0.62
ATOM,1248.0,HA,GLN,86.0,23.735,13.397,52.263,0.09,1.32,0.0
ATOM,1249.0,HB2,GLN,86.0,24.446,14.273,50.177,0.09,1.32,0.0
ATOM,1250.0,HB3,GLN,86.0,25.955,14.466,50.771,0.09,1.32,1.86
ATOM,1251.0,HG2,GLN,86.0,25.984,12.547,49.506,0.09,1.32,0.0
ATOM,1252.0,HG3,GLN,86.0,26.063,12.07,51.066,0.09,1.32,0.0
ATOM,1253.0,OE1,GLN,86.0,23.206,12.062,49.713,-0.55,1.7,0.0
ATOM,1254.0,NE2,GLN,86.0,24.41,10.292,50.436,-0.62,1.85,0.0
ATOM,1255.0,HE21,GLN,86.0,23.638,9.651,50.332,0.32,0.2245,0.0
ATOM,1256.0,HE22,GLN,86.0,25.32,9.967,50.756,0.3,0.2245,0.0
ATOM,1257.0,N,ALA,87.0,26.565,14.251,53.587,-0.47,1.85,0.39
ATOM,1258.0,CA,ALA,87.0,27.577,13.839,54.567,0.07,2.275,0.0
ATOM,1259.0,C,ALA,87.0,26.957,13.506,55.922,0.51,2.0,0.26
ATOM,1260.0,O,ALA,87.0,27.36,12.538,56.575,-0.51,1.7,2.5
ATOM,1261.0,CB,ALA,87.0,28.649,14.9,54.714,-0.27,2.06,29.95
ATOM,1262.0,H,ALA,87.0,26.573,15.17,53.113,0.31,0.2245,3.21
ATOM,1263.0,HA,ALA,87.0,28.046,13.016,54.217,0.09,1.32,0.0
ATOM,1264.0,HB1,ALA,87.0,29.548,14.465,54.782,0.09,1.32,4.17
ATOM,1265.0,HB2,ALA,87.0,28.635,15.506,53.918,0.09,1.32,8.32
ATOM,1266.0,HB3,ALA,87.0,28.48,15.438,55.541,0.09,1.32,6.68
ATOM,1267.0,N,GLY,88.0,25.982,14.313,56.342,-0.47,1.85,0.38
ATOM,1268.0,CA,GLY,88.0,25.275,14.08,57.596,-0.02,2.175,13.97
ATOM,1269.0,C,GLY,88.0,24.467,12.798,57.618,0.51,2.0,0.4
ATOM,1270.0,O,GLY,88.0,24.464,12.062,58.615,-0.51,1.7,0.44
ATOM,1271.0,H,GLY,88.0,25.775,15.109,55.706,0.31,0.2245,0.0
ATOM,1272.0,HA2,GLY,88.0,25.951,14.064,58.36,0.09,1.32,2.49
ATOM,1273.0,HA3,GLY,88.0,24.656,14.87,57.78,0.09,1.32,1.03
ATOM,1274.0,N,ILE,89.0,23.773,12.533,56.511,-0.47,1.85,0.21
ATOM,1275.0,CA,ILE,89.0,22.986,11.32,56.342,0.07,2.275,0.0
ATOM,1276.0,C,ILE,89.0,23.9,10.098,56.376,0.51,2.0,0.0
ATOM,1277.0,O,ILE,89.0,23.639,9.121,57.1,-0.51,1.7,0.0
ATOM,1278.0,CB,ILE,89.0,22.18,11.369,54.997,-0.09,2.275,0.0
ATOM,1279.0,CG1,ILE,89.0,21.156,12.519,55.015,-0.18,2.175,0.0
ATOM,1280.0,CG2,ILE,89.0,21.521,10.03,54.666,-0.27,2.06,0.0
ATOM,1281.0,CD1,ILE,89.0,20.046,12.391,56.062,-0.27,2.06,1.71
ATOM,1282.0,H,ILE,89.0,23.844,13.274,55.775,0.31,0.2245,0.0
ATOM,1283.0,HA,ILE,89.0,22.391,11.253,57.145,0.09,1.32,0.0
ATOM,1284.0,HB,ILE,89.0,22.83,11.543,54.268,0.09,1.32,0.0
ATOM,1285.0,HG12,ILE,89.0,21.648,13.377,55.175,0.09,1.32,0.0
ATOM,1286.0,HG13,ILE,89.0,20.729,12.571,54.109,0.09,1.32,0.0
ATOM,1287.0,HG21,ILE,89.0,21.094,10.086,53.766,0.09,1.32,0.0
ATOM,1288.0,HG22,ILE,89.0,22.214,9.313,54.664,0.09,1.32,0.0
ATOM,1289.0,HG23,ILE,89.0,20.828,9.824,55.353,0.09,1.32,0.0
ATOM,1290.0,HD11,ILE,89.0,20.459,12.359,56.968,0.09,1.32,0.0
ATOM,1291.0,HD12,ILE,89.0,19.442,13.18,55.99,0.09,1.32,0.0
ATOM,1292.0,HD13,ILE,89.0,19.536,11.553,55.89,0.09,1.32,0.0
ATOM,1293.0,N,ASP,90.0,24.972,10.167,55.597,-0.47,1.85,0.0
ATOM,1294.0,CA,ASP,90.0,25.947,9.087,55.53,0.07,2.275,0.0
ATOM,1295.0,C,ASP,90.0,26.606,8.859,56.892,0.51,2.0,0.0
ATOM,1296.0,O,ASP,90.0,26.791,7.716,57.301,-0.51,1.7,0.0
ATOM,1297.0,CB,ASP,90.0,26.985,9.371,54.438,-0.28,2.175,0.77
ATOM,1298.0,CG,ASP,90.0,26.44,9.095,53.041,0.62,2.0,0.0
ATOM,1299.0,OD1,ASP,90.0,25.485,8.305,52.939,-0.76,1.7,0.0
ATOM,1300.0,OD2,ASP,90.0,26.971,9.661,52.06,-0.76,1.7,0.0
ATOM,1301.0,H,ASP,90.0,25.054,11.047,55.046,0.31,0.2245,0.0
ATOM,1302.0,HA,ASP,90.0,25.447,8.244,55.303,0.09,1.32,0.0
ATOM,1303.0,HB2,ASP,90.0,27.239,10.326,54.496,0.09,1.32,0.0
ATOM,1304.0,HB3,ASP,90.0,27.766,8.784,54.595,0.09,1.32,0.0
ATOM,1305.0,N,LYS,91.0,26.92,9.945,57.593,-0.47,1.85,0.42
ATOM,1306.0,CA,LYS,91.0,27.536,9.846,58.927,0.07,2.275,0.46
ATOM,1307.0,C,LYS,91.0,26.606,9.181,59.947,0.51,2.0,0.0
ATOM,1308.0,O,LYS,91.0,27.062,8.351,60.747,-0.51,1.7,0.0
ATOM,1309.0,CB,LYS,91.0,28.026,11.209,59.426,-0.18,2.175,2.02
ATOM,1310.0,CG,LYS,91.0,28.522,11.214,60.892,-0.18,2.175,1.51
ATOM,1311.0,CD,LYS,91.0,28.887,12.618,61.36,-0.18,2.175,13.68
ATOM,1312.0,CE,LYS,91.0,29.294,12.642,62.847,0.21,2.175,20.83
ATOM,1313.0,NZ,LYS,91.0,30.32,11.619,63.198,-0.3,1.85,7.94
ATOM,1314.0,H,LYS,91.0,26.701,10.845,57.135,0.31,0.2245,0.0
ATOM,1315.0,HA,LYS,91.0,28.379,9.294,58.852,0.09,1.32,0.65
ATOM,1316.0,HB2,LYS,91.0,28.784,11.505,58.85,0.09,1.32,7.74
ATOM,1317.0,HB3,LYS,91.0,27.274,11.861,59.359,0.09,1.32,0.0
ATOM,1318.0,HG2,LYS,91.0,27.794,10.854,61.472,0.09,1.32,0.78
ATOM,1319.0,HG3,LYS,91.0,29.326,10.627,60.955,0.09,1.32,3.22
ATOM,1320.0,HD2,LYS,91.0,29.656,12.95,60.824,0.09,1.32,10.0
ATOM,1321.0,HD3,LYS,91.0,28.1,13.215,61.246,0.09,1.32,7.33
ATOM,1322.0,HE2,LYS,91.0,29.651,13.56,63.062,0.05,1.32,11.93
ATOM,1323.0,HE3,LYS,91.0,28.467,12.489,63.404,0.05,1.32,9.09
ATOM,1324.0,HZ1,LYS,91.0,30.638,11.777,64.132,0.33,0.2245,19.69
ATOM,1325.0,HZ2,LYS,91.0,29.915,10.708,63.131,0.33,0.2245,0.0
ATOM,1326.0,HZ3,LYS,91.0,31.089,11.692,62.565,0.33,0.2245,16.78
ATOM,1327.0,N,ILE,92.0,25.317,9.526,59.921,-0.47,1.85,0.0
ATOM,1328.0,CA,ILE,92.0,24.335,8.875,60.792,0.07,2.275,0.0
ATOM,1329.0,C,ILE,92.0,24.344,7.365,60.602,0.51,2.0,0.0
ATOM,1330.0,O,ILE,92.0,24.407,6.61,61.571,-0.51,1.7,0.87
ATOM,1331.0,CB,ILE,92.0,22.905,9.461,60.624,-0.09,2.275,0.0
ATOM,1332.0,CG1,ILE,92.0,22.844,10.866,61.242,-0.18,2.175,11.59
ATOM,1333.0,CG2,ILE,92.0,21.851,8.54,61.261,-0.27,2.06,1.49
ATOM,1334.0,CD1,ILE,92.0,21.624,11.699,60.799,-0.27,2.06,7.0
ATOM,1335.0,H,ILE,92.0,25.078,10.275,59.249,0.31,0.2245,0.0
ATOM,1336.0,HA,ILE,92.0,24.638,9.05,61.734,0.09,1.32,3.55
ATOM,1337.0,HB,ILE,92.0,22.725,9.542,59.655,0.09,1.32,0.0
ATOM,1338.0,HG12,ILE,92.0,22.82,10.779,62.234,0.09,1.32,9.3
ATOM,1339.0,HG13,ILE,92.0,23.669,11.363,60.981,0.09,1.32,1.6
ATOM,1340.0,HG21,ILE,92.0,20.946,8.925,61.105,0.09,1.32,0.0
ATOM,1341.0,HG22,ILE,92.0,21.912,7.638,60.843,0.09,1.32,0.01
ATOM,1342.0,HG23,ILE,92.0,22.026,8.473,62.239,0.09,1.32,7.28
ATOM,1343.0,HD11,ILE,92.0,20.797,11.217,61.068,0.09,1.32,0.0
ATOM,1344.0,HD12,ILE,92.0,21.667,12.586,61.245,0.09,1.32,6.53
ATOM,1345.0,HD13,ILE,92.0,21.656,11.807,59.811,0.09,1.32,0.0
ATOM,1346.0,N,MET,93.0,24.301,6.921,59.349,-0.47,1.85,0.0
ATOM,1347.0,CA,MET,93.0,24.312,5.485,59.079,0.07,2.275,0.0
ATOM,1348.0,C,MET,93.0,25.649,4.853,59.461,0.51,2.0,0.0
ATOM,1349.0,O,MET,93.0,25.684,3.76,60.028,-0.51,1.7,0.0
ATOM,1350.0,CB,MET,93.0,23.984,5.197,57.612,-0.18,2.175,0.0
ATOM,1351.0,CG,MET,93.0,22.559,5.575,57.201,-0.14,2.175,0.0
ATOM,1352.0,SD,MET,93.0,22.229,4.995,55.524,-0.09,2.0,0.0
ATOM,1353.0,CE,MET,93.0,23.161,6.182,54.539,-0.22,2.06,0.0
ATOM,1354.0,H,MET,93.0,24.261,7.644,58.621,0.31,0.2245,0.0
ATOM,1355.0,HA,MET,93.0,23.594,5.054,59.641,0.09,1.32,0.06
ATOM,1356.0,HB2,MET,93.0,24.626,5.707,57.025,0.09,1.32,0.0
ATOM,1357.0,HB3,MET,93.0,24.111,4.212,57.434,0.09,1.32,0.0
ATOM,1358.0,HG2,MET,93.0,21.912,5.162,57.86,0.09,1.32,0.23
ATOM,1359.0,HG3,MET,93.0,22.46,6.58,57.262,0.09,1.32,0.0
ATOM,1360.0,HE1,MET,93.0,23.705,6.76,55.146,0.09,1.32,0.0
ATOM,1361.0,HE2,MET,93.0,23.765,5.69,53.913,0.09,1.32,0.0
ATOM,1362.0,HE3,MET,93.0,22.525,6.749,54.016,0.09,1.32,0.0
ATOM,1363.0,N,ILE,94.0,26.741,5.544,59.157,-0.47,1.85,0.0
ATOM,1364.0,CA,ILE,94.0,28.069,5.042,59.48,0.07,2.275,0.09
ATOM,1365.0,C,ILE,94.0,28.234,4.864,60.989,0.51,2.0,0.0
ATOM,1366.0,O,ILE,94.0,28.721,3.828,61.446,-0.51,1.7,1.32
ATOM,1367.0,CB,ILE,94.0,29.183,5.945,58.898,-0.09,2.275,0.0
ATOM,1368.0,CG1,ILE,94.0,29.265,5.745,57.372,-0.18,2.175,0.0
ATOM,1369.0,CG2,ILE,94.0,30.541,5.648,59.558,-0.27,2.06,25.31
ATOM,1370.0,CD1,ILE,94.0,29.945,6.884,56.633,-0.27,2.06,8.82
ATOM,1371.0,H,ILE,94.0,26.569,6.449,58.682,0.31,0.2245,0.0
ATOM,1372.0,HA,ILE,94.0,28.132,4.124,59.077,0.09,1.32,0.13
ATOM,1373.0,HB,ILE,94.0,28.934,6.886,59.069,0.09,1.32,0.0
ATOM,1374.0,HG12,ILE,94.0,29.764,4.899,57.195,0.09,1.32,0.0
ATOM,1375.0,HG13,ILE,94.0,28.334,5.647,57.023,0.09,1.32,0.0
ATOM,1376.0,HG21,ILE,94.0,31.226,6.267,59.185,0.09,1.32,6.51
ATOM,1377.0,HG22,ILE,94.0,30.461,5.784,60.541,0.09,1.32,0.75
ATOM,1378.0,HG23,ILE,94.0,30.796,4.705,59.366,0.09,1.32,2.13
ATOM,1379.0,HD11,ILE,94.0,30.88,6.982,56.969,0.09,1.32,3.29
ATOM,1380.0,HD12,ILE,94.0,29.958,6.68,55.656,0.09,1.32,0.0
ATOM,1381.0,HD13,ILE,94.0,29.439,7.729,56.794,0.09,1.32,0.1
ATOM,1382.0,N,ASP,95.0,27.809,5.868,61.753,-0.47,1.85,0.0
ATOM,1383.0,CA,ASP,95.0,27.944,5.803,63.217,0.07,2.275,0.85
ATOM,1384.0,C,ASP,95.0,27.016,4.765,63.831,0.51,2.0,0.06
ATOM,1385.0,O,ASP,95.0,27.383,4.114,64.82,-0.51,1.7,16.09
ATOM,1386.0,CB,ASP,95.0,27.663,7.163,63.866,-0.28,2.175,14.76
ATOM,1387.0,CG,ASP,95.0,28.712,8.207,63.539,0.62,2.0,3.27
ATOM,1388.0,OD1,ASP,95.0,29.815,7.857,63.06,-0.76,1.7,18.05
ATOM,1389.0,OD2,ASP,95.0,28.435,9.401,63.778,-0.76,1.7,13.83
ATOM,1390.0,H,ASP,95.0,27.394,6.664,61.253,0.31,0.2245,0.0
ATOM,1391.0,HA,ASP,95.0,28.891,5.51,63.41,0.09,1.32,3.94
ATOM,1392.0,HB2,ASP,95.0,26.78,7.482,63.537,0.09,1.32,0.68
ATOM,1393.0,HB3,ASP,95.0,27.637,7.032,64.851,0.09,1.32,8.89
ATOM,1394.0,N,LEU,96.0,25.813,4.633,63.272,-0.47,1.85,0.22
ATOM,1395.0,CA,LEU,96.0,24.812,3.705,63.79,0.07,2.275,1.39
ATOM,1396.0,C,LEU,96.0,25.226,2.257,63.573,0.51,2.0,0.0
ATOM,1397.0,O,LEU,96.0,25.085,1.423,64.471,-0.51,1.7,5.93
ATOM,1398.0,CB,LEU,96.0,23.431,3.967,63.181,-0.18,2.175,0.14
ATOM,1399.0,CG,LEU,96.0,22.267,3.275,63.885,-0.09,2.275,0.52
ATOM,1400.0,CD1,LEU,96.0,22.069,3.888,65.271,-0.27,2.06,34.53
ATOM,1401.0,CD2,LEU,96.0,21.005,3.387,63.06,-0.27,2.06,0.77
ATOM,1402.0,H,LEU,96.0,25.652,5.243,62.443,0.31,0.2245,0.0
ATOM,1403.0,HA,LEU,96.0,24.712,3.863,64.782,0.09,1.32,3.19
ATOM,1404.0,HB2,LEU,96.0,23.264,4.945,63.217,0.09,1.32,0.91
ATOM,1405.0,HB3,LEU,96.0,23.447,3.647,62.243,0.09,1.32,0.0
ATOM,1406.0,HG,LEU,96.0,22.471,2.306,63.981,0.09,1.32,0.36
ATOM,1407.0,HD11,LEU,96.0,21.869,4.863,65.177,0.09,1.32,6.06
ATOM,1408.0,HD12,LEU,96.0,21.306,3.433,65.729,0.09,1.32,10.32
ATOM,1409.0,HD13,LEU,96.0,22.903,3.767,65.809,0.09,1.32,5.53
ATOM,1410.0,HD21,LEU,96.0,21.144,2.955,62.166,0.09,1.32,0.0
ATOM,1411.0,HD22,LEU,96.0,20.249,2.929,63.532,0.09,1.32,1.05
ATOM,1412.0,HD23,LEU,96.0,20.772,4.353,62.925,0.09,1.32,0.0
ATOM,1413.0,N,ASP,97.0,25.738,1.962,62.381,-0.47,1.85,0.0
ATOM,1414.0,CA,ASP,97.0,26.367,0.669,62.119,0.07,2.275,0.0
ATOM,1415.0,C,ASP,97.0,27.524,0.421,63.107,0.51,2.0,0.0
ATOM,1416.0,O,ASP,97.0,27.603,-0.65,63.723,-0.51,1.7,1.62
ATOM,1417.0,CB,ASP,97.0,26.845,0.612,60.662,-0.28,2.175,0.0
ATOM,1418.0,CG,ASP,97.0,27.688,-0.612,60.367,0.62,2.0,0.0
ATOM,1419.0,OD1,ASP,97.0,27.138,-1.593,59.843,-0.76,1.7,0.0
ATOM,1420.0,OD2,ASP,97.0,28.91,-0.581,60.638,-0.76,1.7,0.02
ATOM,1421.0,H,ASP,97.0,25.654,2.712,61.671,0.31,0.2245,0.0
ATOM,1422.0,HA,ASP,97.0,25.681,-0.041,62.296,0.09,1.32,0.0
ATOM,1423.0,HB2,ASP,97.0,26.041,0.597,60.078,0.09,1.32,0.0
ATOM,1424.0,HB3,ASP,97.0,27.387,1.426,60.487,0.09,1.32,0.05
ATOM,1425.0,N,GLY,98.0,28.405,1.414,63.254,-0.47,1.85,0.0
ATOM,1426.0,CA,GLY,98.0,29.506,1.358,64.236,-0.02,2.175,10.32
ATOM,1427.0,C,GLY,98.0,30.743,0.56,63.856,0.51,2.0,1.88
ATOM,1428.0,O,GLY,98.0,31.723,0.551,64.605,-0.51,1.7,34.07
ATOM,1429.0,H,GLY,98.0,28.253,2.227,62.623,0.31,0.2245,0.0
ATOM,1430.0,HA2,GLY,98.0,29.787,2.327,64.461,0.09,1.32,6.26
ATOM,1431.0,HA3,GLY,98.0,29.127,0.989,65.124,0.09,1.32,10.48
ATOM,1432.0,N,THR,99.0,30.712,-0.116,62.703,-0.47,1.85,0.01
ATOM,1433.0,CA,THR,99.0,31.867,-0.904,62.25,0.07,2.275,0.04
ATOM,1434.0,C,THR,99.0,32.519,-0.243,61.043,0.51,2.0,1.33
ATOM,1435.0,O,THR,99.0,31.823,0.326,60.186,-0.51,1.7,2.19
ATOM,1436.0,CB,THR,99.0,31.492,-2.36,61.89,0.14,2.275,1.55
ATOM,1437.0,OG1,THR,99.0,30.736,-2.378,60.673,-0.66,1.77,0.0
ATOM,1438.0,CG2,THR,99.0,30.669,-3.002,63.0,-0.27,2.06,21.97
ATOM,1439.0,H,THR,99.0,29.83,-0.038,62.173,0.31,0.2245,0.0
ATOM,1440.0,HA,THR,99.0,32.537,-0.938,62.996,0.09,1.32,3.78
ATOM,1441.0,HB,THR,99.0,32.351,-2.891,61.741,0.09,1.32,4.14
ATOM,1442.0,HG21,THR,99.0,31.26,-3.575,63.572,0.09,1.32,12.07
ATOM,1443.0,HG22,THR,99.0,30.252,-2.29,63.568,0.09,1.32,0.85
ATOM,1444.0,HG23,THR,99.0,29.946,-3.57,62.601,0.09,1.32,0.11
ATOM,1445.0,HG1,THR,99.0,30.007,-1.686,60.704,0.43,0.2245,0.0
ATOM,1446.0,N,GLU,100.0,33.843,-0.325,60.97,-0.47,1.85,2.95
ATOM,1447.0,CA,GLU,100.0,34.579,0.302,59.877,0.07,2.275,1.53
ATOM,1448.0,C,GLU,100.0,34.114,-0.198,58.505,0.51,2.0,0.0
ATOM,1449.0,O,GLU,100.0,33.979,0.592,57.565,-0.51,1.7,6.74
ATOM,1450.0,CB,GLU,100.0,36.09,0.102,60.043,-0.18,2.175,13.19
ATOM,1451.0,CG,GLU,100.0,36.922,0.955,59.087,-0.28,2.175,14.94
ATOM,1452.0,CD,GLU,100.0,36.539,2.438,59.131,0.62,2.0,0.0
ATOM,1453.0,OE1,GLU,100.0,36.117,2.984,58.08,-0.76,1.7,23.27
ATOM,1454.0,OE2,GLU,100.0,36.651,3.06,60.218,-0.76,1.7,33.44
ATOM,1455.0,H,GLU,100.0,34.294,-0.857,61.734,0.31,0.2245,10.01
ATOM,1456.0,HA,GLU,100.0,34.463,1.306,59.921,0.09,1.32,3.97
ATOM,1457.0,HB2,GLU,100.0,36.328,0.364,60.957,0.09,1.32,7.78
ATOM,1458.0,HB3,GLU,100.0,36.291,-0.838,59.853,0.09,1.32,6.1
ATOM,1459.0,HG2,GLU,100.0,37.863,0.888,59.353,0.09,1.32,3.75
ATOM,1460.0,HG3,GLU,100.0,36.764,0.64,58.172,0.09,1.32,5.68
ATOM,1461.0,N,ASN,101.0,33.876,-1.5,58.41,-0.47,1.85,0.0
ATOM,1462.0,CA,ASN,101.0,33.524,-2.167,57.154,0.07,2.275,0.76
ATOM,1463.0,C,ASN,101.0,32.008,-2.342,56.934,0.51,2.0,0.0
ATOM,1464.0,O,ASN,101.0,31.574,-3.134,56.094,-0.51,1.7,0.0
ATOM,1465.0,CB,ASN,101.0,34.258,-3.522,57.052,-0.18,2.175,3.94
ATOM,1466.0,CG,ASN,101.0,33.871,-4.481,58.177,0.55,2.0,1.88
ATOM,1467.0,H,ASN,101.0,33.961,-2.02,59.319,0.31,0.2245,0.59
ATOM,1468.0,HA,ASN,101.0,33.86,-1.577,56.398,0.09,1.32,2.55
ATOM,1469.0,HB2,ASN,101.0,34.02,-3.94,56.184,0.09,1.32,0.0
ATOM,1470.0,HB3,ASN,101.0,35.234,-3.351,57.104,0.09,1.32,9.56
ATOM,1471.0,OD1,ASN,101.0,33.186,-4.089,59.118,-0.55,1.7,3.25
ATOM,1472.0,ND2,ASN,101.0,34.296,-5.741,58.071,-0.62,1.85,12.78
ATOM,1473.0,HD22,ASN,101.0,34.848,-6.004,57.275,0.3,0.2245,0.58
ATOM,1474.0,HD21,ASN,101.0,34.069,-6.408,58.771,0.32,0.2245,11.16
ATOM,1475.0,N,LYS,102.0,31.206,-1.605,57.695,-0.47,1.85,0.0
ATOM,1476.0,CA,LYS,102.0,29.747,-1.614,57.549,0.07,2.275,0.0
ATOM,1477.0,C,LYS,102.0,29.136,-3.013,57.631,0.51,2.0,0.0
ATOM,1478.0,O,LYS,102.0,28.154,-3.308,56.957,-0.51,1.7,0.0
ATOM,1479.0,CB,LYS,102.0,29.34,-0.914,56.236,-0.18,2.175,0.0
ATOM,1480.0,CG,LYS,102.0,29.702,0.542,56.224,-0.18,2.175,0.22
ATOM,1481.0,CD,LYS,102.0,29.427,1.174,54.853,-0.18,2.175,0.0
ATOM,1482.0,CE,LYS,102.0,29.812,2.655,54.857,0.21,2.175,0.0
ATOM,1483.0,NZ,LYS,102.0,31.262,2.908,55.08,-0.3,1.85,1.53
ATOM,1484.0,H,LYS,102.0,31.7,-1.019,58.405,0.31,0.2245,0.0
ATOM,1485.0,HA,LYS,102.0,29.345,-1.043,58.287,0.09,1.32,0.0
ATOM,1486.0,HB2,LYS,102.0,29.81,-1.373,55.492,0.09,1.32,0.0
ATOM,1487.0,HB3,LYS,102.0,28.356,-1.007,56.138,0.09,1.32,0.0
ATOM,1488.0,HG2,LYS,102.0,29.16,1.032,56.908,0.09,1.32,0.0
ATOM,1489.0,HG3,LYS,102.0,30.675,0.652,56.429,0.09,1.32,0.0
ATOM,1490.0,HD2,LYS,102.0,29.972,0.708,54.173,0.09,1.32,0.0
ATOM,1491.0,HD3,LYS,102.0,28.462,1.099,54.655,0.09,1.32,0.0
ATOM,1492.0,HE2,LYS,102.0,29.538,3.06,53.97,0.05,1.32,0.0
ATOM,1493.0,HE3,LYS,102.0,29.28,3.123,55.581,0.05,1.32,0.0
ATOM,1494.0,HZ1,LYS,102.0,31.609,2.268,55.765,0.33,0.2245,0.52
ATOM,1495.0,HZ2,LYS,102.0,31.757,2.78,54.221,0.33,0.2245,0.0
ATOM,1496.0,HZ3,LYS,102.0,31.389,3.845,55.403,0.33,0.2245,0.09
ATOM,1497.0,N,SER,103.0,29.712,-3.868,58.489,-0.47,1.85,0.0
ATOM,1498.0,CA,SER,103.0,29.37,-5.287,58.509,0.07,2.275,0.64
ATOM,1499.0,C,SER,103.0,28.261,-5.649,59.495,0.51,2.0,0.27
ATOM,1500.0,O,SER,103.0,27.85,-6.809,59.561,-0.51,1.7,14.58
ATOM,1501.0,CB,SER,103.0,30.621,-6.142,58.752,0.05,2.175,4.95
ATOM,1502.0,OG,SER,103.0,31.265,-5.772,59.967,-0.66,1.77,13.88
ATOM,1503.0,H,SER,103.0,30.409,-3.435,59.124,0.31,0.2245,0.0
ATOM,1504.0,HA,SER,103.0,29.049,-5.544,57.577,0.09,1.32,0.78
ATOM,1505.0,HB2,SER,103.0,30.351,-7.097,58.808,0.09,1.32,7.04
ATOM,1506.0,HB3,SER,103.0,31.254,-6.005,57.997,0.09,1.32,0.0
ATOM,1507.0,HG,SER,103.0,31.987,-5.111,59.77,0.43,0.2245,0.2
ATOM,1508.0,N,LYS,104.0,27.767,-4.664,60.241,-0.47,1.85,0.12
ATOM,1509.0,CA,LYS,104.0,26.584,-4.871,61.078,0.07,2.275,1.62
ATOM,1510.0,C,LYS,104.0,25.296,-4.822,60.253,0.51,2.0,0.0
ATOM,1511.0,O,LYS,104.0,24.575,-5.813,60.197,-0.51,1.7,10.42
ATOM,1512.0,CB,LYS,104.0,26.547,-3.894,62.254,-0.18,2.175,0.89
ATOM,1513.0,CG,LYS,104.0,25.269,-3.953,63.076,-0.18,2.175,3.35
ATOM,1514.0,CD,LYS,104.0,25.558,-3.811,64.559,-0.18,2.175,16.86
ATOM,1515.0,CE,LYS,104.0,24.515,-2.944,65.217,0.21,2.175,21.69
ATOM,1516.0,NZ,LYS,104.0,24.982,-1.536,65.211,-0.3,1.85,4.01
ATOM,1517.0,H,LYS,104.0,28.276,-3.767,60.18,0.31,0.2245,0.0
ATOM,1518.0,HA,LYS,104.0,26.65,-5.777,61.516,0.09,1.32,7.55
ATOM,1519.0,HB2,LYS,104.0,27.317,-4.101,62.856,0.09,1.32,1.5
ATOM,1520.0,HB3,LYS,104.0,26.646,-2.967,61.892,0.09,1.32,0.0
ATOM,1521.0,HG2,LYS,104.0,24.664,-3.21,62.791,0.09,1.32,0.0
ATOM,1522.0,HG3,LYS,104.0,24.818,-4.831,62.915,0.09,1.32,5.85
ATOM,1523.0,HD2,LYS,104.0,25.539,-4.711,64.976,0.09,1.32,11.13
ATOM,1524.0,HD3,LYS,104.0,26.448,-3.388,64.674,0.09,1.32,1.94
ATOM,1525.0,HE2,LYS,104.0,23.663,-3.01,64.709,0.05,1.32,1.53
ATOM,1526.0,HE3,LYS,104.0,24.382,-3.242,66.156,0.05,1.32,11.4
ATOM,1527.0,HZ1,LYS,104.0,25.963,-1.51,65.018,0.33,0.2245,1.86
ATOM,1528.0,HZ2,LYS,104.0,24.491,-1.024,64.506,0.33,0.2245,0.0
ATOM,1529.0,HZ3,LYS,104.0,24.808,-1.122,66.105,0.33,0.2245,17.2
ATOM,1530.0,N,PHE,105.0,25.035,-3.686,59.602,-0.47,1.85,0.0
ATOM,1531.0,CA,PHE,105.0,23.857,-3.521,58.745,0.07,2.275,0.0
ATOM,1532.0,C,PHE,105.0,24.099,-4.028,57.319,0.51,2.0,0.0
ATOM,1533.0,O,PHE,105.0,23.16,-4.414,56.617,-0.51,1.7,0.0
ATOM,1534.0,CB,PHE,105.0,23.447,-2.049,58.642,-0.18,2.175,0.0
ATOM,1535.0,CG,PHE,105.0,22.977,-1.437,59.929,0.0,1.9924,0.0
ATOM,1536.0,CD1,PHE,105.0,22.266,-2.183,60.87,-0.115,1.9924,0.62
ATOM,1537.0,CD2,PHE,105.0,23.205,-0.09,60.172,-0.115,1.9924,0.0
ATOM,1538.0,CE1,PHE,105.0,21.823,-1.58,62.059,-0.115,1.9924,0.57
ATOM,1539.0,CE2,PHE,105.0,22.761,0.516,61.346,-0.115,1.9924,0.0
ATOM,1540.0,CZ,PHE,105.0,22.072,-0.236,62.287,-0.115,1.9924,0.31
ATOM,1541.0,H,PHE,105.0,25.737,-2.931,59.755,0.31,0.2245,0.0
ATOM,1542.0,HA,PHE,105.0,23.127,-4.098,59.137,0.09,1.32,0.45
ATOM,1543.0,HB2,PHE,105.0,24.238,-1.537,58.329,0.09,1.32,0.0
ATOM,1544.0,HB3,PHE,105.0,22.706,-1.988,57.984,0.09,1.32,0.0
ATOM,1545.0,HD1,PHE,105.0,22.071,-3.138,60.708,0.115,1.3582,4.3
ATOM,1546.0,HD2,PHE,105.0,23.698,0.459,59.494,0.115,1.3582,0.0
ATOM,1547.0,HE1,PHE,105.0,21.327,-2.135,62.733,0.115,1.3582,8.36
ATOM,1548.0,HE2,PHE,105.0,22.942,1.497,61.502,0.115,1.3582,0.0
ATOM,1549.0,HZ,PHE,105.0,21.753,0.192,63.135,0.115,1.3582,2.48
ATOM,1550.0,N,GLY,106.0,25.358,-3.991,56.896,-0.47,1.85,0.0
ATOM,1551.0,CA,GLY,106.0,25.73,-4.404,55.551,-0.02,2.175,0.0
ATOM,1552.0,C,GLY,106.0,25.95,-3.181,54.676,0.51,2.0,0.0
ATOM,1553.0,O,GLY,106.0,25.141,-2.238,54.682,-0.51,1.7,0.0
ATOM,1554.0,H,GLY,106.0,26.043,-3.646,57.6,0.31,0.2245,0.0
ATOM,1555.0,HA2,GLY,106.0,26.574,-4.945,55.586,0.09,1.32,0.0
ATOM,1556.0,HA3,GLY,106.0,25.0,-4.968,55.158,0.09,1.32,0.0
ATOM,1557.0,N,ALA,107.0,27.054,-3.189,53.932,-0.47,1.85,0.0
ATOM,1558.0,CA,ALA,107.0,27.34,-2.114,52.991,0.07,2.275,0.0
ATOM,1559.0,C,ALA,107.0,26.258,-2.055,51.915,0.51,2.0,0.0
ATOM,1560.0,O,ALA,107.0,26.048,-0.996,51.317,-0.51,1.7,0.0
ATOM,1561.0,CB,ALA,107.0,28.714,-2.302,52.354,-0.27,2.06,0.04
ATOM,1562.0,H,ALA,107.0,27.674,-4.006,54.078,0.31,0.2245,0.0
ATOM,1563.0,HA,ALA,107.0,27.346,-1.24,53.486,0.09,1.32,0.0
ATOM,1564.0,HB1,ALA,107.0,29.221,-1.442,52.398,0.09,1.32,0.0
ATOM,1565.0,HB2,ALA,107.0,29.215,-3.011,52.849,0.09,1.32,0.0
ATOM,1566.0,HB3,ALA,107.0,28.603,-2.576,51.4,0.09,1.32,0.72
ATOM,1567.0,N,ASN,108.0,25.59,-3.188,51.66,-0.47,1.85,0.26
ATOM,1568.0,CA,ASN,108.0,24.469,-3.211,50.71,0.07,2.275,0.34
ATOM,1569.0,C,ASN,108.0,23.277,-2.384,51.199,0.51,2.0,0.0
ATOM,1570.0,O,ASN,108.0,22.636,-1.674,50.422,-0.51,1.7,0.0
ATOM,1571.0,CB,ASN,108.0,24.065,-4.637,50.283,-0.18,2.175,0.41
ATOM,1572.0,CG,ASN,108.0,23.898,-5.616,51.45,0.55,2.0,0.0
ATOM,1573.0,H,ASN,108.0,25.922,-4.017,52.174,0.31,0.2245,0.0
ATOM,1574.0,HA,ASN,108.0,24.796,-2.78,49.858,0.09,1.32,0.0
ATOM,1575.0,HB2,ASN,108.0,23.196,-4.582,49.792,0.09,1.32,0.0
ATOM,1576.0,HB3,ASN,108.0,24.773,-4.993,49.673,0.09,1.32,0.05
ATOM,1577.0,OD1,ASN,108.0,24.324,-5.363,52.589,-0.55,1.7,0.0
ATOM,1578.0,ND2,ASN,108.0,23.29,-6.762,51.152,-0.62,1.85,0.0
ATOM,1579.0,HD22,ASN,108.0,22.981,-6.945,50.222,0.3,0.2245,0.0
ATOM,1580.0,HD21,ASN,108.0,23.142,-7.448,51.869,0.32,0.2245,0.0
ATOM,1581.0,N,ALA,109.0,22.995,-2.464,52.497,-0.47,1.85,0.0
ATOM,1582.0,CA,ALA,109.0,21.917,-1.668,53.084,0.07,2.275,0.0
ATOM,1583.0,C,ALA,109.0,22.265,-0.185,53.075,0.51,2.0,0.0
ATOM,1584.0,O,ALA,109.0,21.479,0.657,52.597,-0.51,1.7,0.0
ATOM,1585.0,CB,ALA,109.0,21.616,-2.139,54.517,-0.27,2.06,0.0
ATOM,1586.0,H,ALA,109.0,23.585,-3.117,53.037,0.31,0.2245,0.0
ATOM,1587.0,HA,ALA,109.0,21.081,-1.806,52.539,0.09,1.32,0.0
ATOM,1588.0,HB1,ALA,109.0,22.363,-2.719,54.833,0.09,1.32,0.0
ATOM,1589.0,HB2,ALA,109.0,21.531,-1.343,55.111,0.09,1.32,0.0
ATOM,1590.0,HB3,ALA,109.0,20.763,-2.655,54.518,0.09,1.32,0.0
ATOM,1591.0,N,ILE,110.0,23.459,0.128,53.577,-0.47,1.85,0.0
ATOM,1592.0,CA,ILE,110.0,23.904,1.511,53.722,0.07,2.275,0.0
ATOM,1593.0,C,ILE,110.0,24.065,2.207,52.362,0.51,2.0,0.0
ATOM,1594.0,O,ILE,110.0,23.609,3.343,52.198,-0.51,1.7,0.0
ATOM,1595.0,CB,ILE,110.0,25.17,1.619,54.629,-0.09,2.275,0.0
ATOM,1596.0,CG1,ILE,110.0,24.792,1.205,56.058,-0.18,2.175,0.0
ATOM,1597.0,CG2,ILE,110.0,25.766,3.028,54.596,-0.27,2.06,0.0
ATOM,1598.0,CD1,ILE,110.0,25.983,1.003,56.994,-0.27,2.06,0.0
ATOM,1599.0,H,ILE,110.0,24.04,-0.691,53.854,0.31,0.2245,0.0
ATOM,1600.0,HA,ILE,110.0,23.166,1.999,54.203,0.09,1.32,0.0
ATOM,1601.0,HB,ILE,110.0,25.837,0.98,54.287,0.09,1.32,0.0
ATOM,1602.0,HG12,ILE,110.0,24.197,1.909,56.445,0.09,1.32,0.0
ATOM,1603.0,HG13,ILE,110.0,24.279,0.347,56.011,0.09,1.32,0.0
ATOM,1604.0,HG21,ILE,110.0,26.587,3.052,55.162,0.09,1.32,0.0
ATOM,1605.0,HG22,ILE,110.0,26.0,3.265,53.656,0.09,1.32,0.0
ATOM,1606.0,HG23,ILE,110.0,25.096,3.677,54.949,0.09,1.32,0.0
ATOM,1607.0,HD11,ILE,110.0,26.492,1.857,57.059,0.09,1.32,0.0
ATOM,1608.0,HD12,ILE,110.0,25.646,0.738,57.894,0.09,1.32,0.0
ATOM,1609.0,HD13,ILE,110.0,26.568,0.286,56.624,0.09,1.32,0.0
ATOM,1610.0,N,LEU,111.0,24.669,1.525,51.394,-0.47,1.85,0.0
ATOM,1611.0,CA,LEU,111.0,24.841,2.134,50.074,0.07,2.275,0.0
ATOM,1612.0,C,LEU,111.0,23.506,2.393,49.379,0.51,2.0,0.0
ATOM,1613.0,O,LEU,111.0,23.325,3.45,48.787,-0.51,1.7,0.0
ATOM,1614.0,CB,LEU,111.0,25.751,1.305,49.152,-0.18,2.175,0.0
ATOM,1615.0,CG,LEU,111.0,25.944,1.935,47.759,-0.09,2.275,0.0
ATOM,1616.0,CD1,LEU,111.0,26.857,3.172,47.792,-0.27,2.06,0.0
ATOM,1617.0,CD2,LEU,111.0,26.481,0.895,46.807,-0.27,2.06,0.0
ATOM,1618.0,H,LEU,111.0,24.987,0.583,51.64,0.31,0.2245,0.0
ATOM,1619.0,HA,LEU,111.0,25.316,3.019,50.19,0.09,1.32,0.0
ATOM,1620.0,HB2,LEU,111.0,26.637,1.244,49.573,0.09,1.32,0.0
ATOM,1621.0,HB3,LEU,111.0,25.335,0.426,49.023,0.09,1.32,0.0
ATOM,1622.0,HG,LEU,111.0,25.045,2.201,47.397,0.09,1.32,0.0
ATOM,1623.0,HD11,LEU,111.0,27.754,2.907,48.139,0.09,1.32,0.0
ATOM,1624.0,HD12,LEU,111.0,26.946,3.537,46.868,0.09,1.32,0.0
ATOM,1625.0,HD13,LEU,111.0,26.452,3.86,48.39,0.09,1.32,0.0
ATOM,1626.0,HD21,LEU,111.0,25.836,0.13,46.738,0.09,1.32,0.0
ATOM,1627.0,HD22,LEU,111.0,26.609,1.298,45.898,0.09,1.32,0.0
ATOM,1628.0,HD23,LEU,111.0,27.362,0.551,47.14,0.09,1.32,0.0
ATOM,1629.0,N,ALA,112.0,22.587,1.434,49.439,-0.47,1.85,0.0
ATOM,1630.0,CA,ALA,112.0,21.297,1.596,48.744,0.07,2.275,0.0
ATOM,1631.0,C,ALA,112.0,20.604,2.854,49.262,0.51,2.0,0.0
ATOM,1632.0,O,ALA,112.0,20.111,3.674,48.482,-0.51,1.7,0.0
ATOM,1633.0,CB,ALA,112.0,20.427,0.386,48.956,-0.27,2.06,0.0
ATOM,1634.0,H,ALA,112.0,22.839,0.604,49.987,0.31,0.2245,0.0
ATOM,1635.0,HA,ALA,112.0,21.473,1.703,47.767,0.09,1.32,0.0
ATOM,1636.0,HB1,ALA,112.0,20.346,-0.132,48.101,0.09,1.32,0.0
ATOM,1637.0,HB2,ALA,112.0,20.829,-0.206,49.658,0.09,1.32,0.0
ATOM,1638.0,HB3,ALA,112.0,19.513,0.669,49.253,0.09,1.32,0.0
ATOM,1639.0,N,VAL,113.0,20.611,3.027,50.579,-0.47,1.85,0.0
ATOM,1640.0,CA,VAL,113.0,20.001,4.217,51.188,0.07,2.275,0.0
ATOM,1641.0,C,VAL,113.0,20.782,5.492,50.856,0.51,2.0,0.0
ATOM,1642.0,O,VAL,113.0,20.183,6.533,50.556,-0.51,1.7,0.0
ATOM,1643.0,CB,VAL,113.0,19.822,4.056,52.724,-0.09,2.275,0.0
ATOM,1644.0,CG1,VAL,113.0,19.265,5.331,53.332,-0.27,2.06,0.0
ATOM,1645.0,CG2,VAL,113.0,18.912,2.875,53.021,-0.27,2.06,0.0
ATOM,1646.0,H,VAL,113.0,21.067,2.279,51.123,0.31,0.2245,0.0
ATOM,1647.0,HA,VAL,113.0,19.071,4.317,50.811,0.09,1.32,0.0
ATOM,1648.0,HB,VAL,113.0,20.725,3.912,53.113,0.09,1.32,0.0
ATOM,1649.0,HG11,VAL,113.0,18.327,5.173,53.643,0.09,1.32,0.0
ATOM,1650.0,HG12,VAL,113.0,19.83,5.607,54.11,0.09,1.32,0.0
ATOM,1651.0,HG13,VAL,113.0,19.268,6.059,52.646,0.09,1.32,0.0
ATOM,1652.0,HG21,VAL,113.0,18.172,2.85,52.349,0.09,1.32,0.0
ATOM,1653.0,HG22,VAL,113.0,19.441,2.028,52.969,0.09,1.32,0.0
ATOM,1654.0,HG23,VAL,113.0,18.528,2.976,53.939,0.09,1.32,0.0
ATOM,1655.0,N,SER,114.0,22.111,5.411,50.895,-0.47,1.85,0.0
ATOM,1656.0,CA,SER,114.0,22.973,6.556,50.605,0.07,2.275,0.0
ATOM,1657.0,C,SER,114.0,22.664,7.128,49.216,0.51,2.0,0.0
ATOM,1658.0,O,SER,114.0,22.482,8.33,49.057,-0.51,1.7,0.0
ATOM,1659.0,CB,SER,114.0,24.448,6.147,50.685,0.05,2.175,0.0
ATOM,1660.0,OG,SER,114.0,25.295,7.275,50.552,-0.66,1.77,0.0
ATOM,1661.0,H,SER,114.0,22.48,4.47,51.148,0.31,0.2245,0.0
ATOM,1662.0,HA,SER,114.0,22.779,7.273,51.281,0.09,1.32,0.0
ATOM,1663.0,HB2,SER,114.0,24.613,5.718,51.567,0.09,1.32,0.0
ATOM,1664.0,HB3,SER,114.0,24.642,5.507,49.949,0.09,1.32,0.0
ATOM,1665.0,HG,SER,114.0,25.398,7.721,51.44,0.43,0.2245,0.0
ATOM,1666.0,N,LEU,115.0,22.627,6.247,48.217,-0.47,1.85,0.0
ATOM,1667.0,CA,LEU,115.0,22.332,6.65,46.837,0.07,2.275,0.08
ATOM,1668.0,C,LEU,115.0,20.891,7.124,46.633,0.51,2.0,0.0
ATOM,1669.0,O,LEU,115.0,20.659,8.125,45.939,-0.51,1.7,0.0
ATOM,1670.0,CB,LEU,115.0,22.65,5.499,45.882,-0.18,2.175,0.0
ATOM,1671.0,CG,LEU,115.0,24.094,4.984,45.93,-0.09,2.275,0.0
ATOM,1672.0,CD1,LEU,115.0,24.273,3.817,44.981,-0.27,2.06,0.0
ATOM,1673.0,CD2,LEU,115.0,25.123,6.088,45.622,-0.27,2.06,0.29
ATOM,1674.0,H,LEU,115.0,22.822,5.265,48.493,0.31,0.2245,0.0
ATOM,1675.0,HA,LEU,115.0,22.955,7.413,46.588,0.09,1.32,0.02
ATOM,1676.0,HB2,LEU,115.0,22.057,4.736,46.112,0.09,1.32,0.0
ATOM,1677.0,HB3,LEU,115.0,22.478,5.811,44.956,0.09,1.32,0.0
ATOM,1678.0,HG,LEU,115.0,24.3,4.693,46.864,0.09,1.32,0.0
ATOM,1679.0,HD11,LEU,115.0,24.064,4.107,44.045,0.09,1.32,0.0
ATOM,1680.0,HD12,LEU,115.0,25.219,3.49,45.022,0.09,1.32,0.0
ATOM,1681.0,HD13,LEU,115.0,23.656,3.072,45.241,0.09,1.32,0.0
ATOM,1682.0,HD21,LEU,115.0,25.03,6.817,46.297,0.09,1.32,0.0
ATOM,1683.0,HD22,LEU,115.0,26.041,5.699,45.667,0.09,1.32,0.0
ATOM,1684.0,HD23,LEU,115.0,24.951,6.447,44.707,0.09,1.32,0.0
ATOM,1685.0,N,ALA,116.0,19.936,6.398,47.213,-0.47,1.85,0.0
ATOM,1686.0,CA,ALA,116.0,18.528,6.764,47.106,0.07,2.275,0.0
ATOM,1687.0,C,ALA,116.0,18.298,8.125,47.754,0.51,2.0,0.0
ATOM,1688.0,O,ALA,116.0,17.556,8.955,47.221,-0.51,1.7,0.0
ATOM,1689.0,CB,ALA,116.0,17.623,5.688,47.743,-0.27,2.06,0.0
ATOM,1690.0,H,ALA,116.0,20.276,5.569,47.735,0.31,0.2245,0.0
ATOM,1691.0,HA,ALA,116.0,18.281,6.825,46.136,0.09,1.32,0.0
ATOM,1692.0,HB1,ALA,116.0,17.906,4.791,47.414,0.09,1.32,0.0
ATOM,1693.0,HB2,ALA,116.0,17.716,5.732,48.734,0.09,1.32,0.0
ATOM,1694.0,HB3,ALA,116.0,16.678,5.864,47.482,0.09,1.32,0.0
ATOM,1695.0,N,ASN,117.0,18.941,8.357,48.896,-0.47,1.85,0.0
ATOM,1696.0,CA,ASN,117.0,18.881,9.669,49.544,0.07,2.275,0.0
ATOM,1697.0,C,ASN,117.0,19.374,10.77,48.624,0.51,2.0,0.0
ATOM,1698.0,O,ASN,117.0,18.722,11.81,48.479,-0.51,1.7,0.0
ATOM,1699.0,CB,ASN,117.0,19.705,9.698,50.839,-0.18,2.175,0.0
ATOM,1700.0,CG,ASN,117.0,19.6,11.033,51.545,0.55,2.0,0.0
ATOM,1701.0,H,ASN,117.0,19.47,7.555,49.275,0.31,0.2245,0.0
ATOM,1702.0,HA,ASN,117.0,17.909,9.856,49.74,0.09,1.32,0.0
ATOM,1703.0,HB2,ASN,117.0,19.362,8.988,51.442,0.09,1.32,0.0
ATOM,1704.0,HB3,ASN,117.0,20.656,9.532,50.606,0.09,1.32,0.0
ATOM,1705.0,OD1,ASN,117.0,18.592,11.318,52.181,-0.55,1.7,0.0
ATOM,1706.0,ND2,ASN,117.0,20.62,11.863,51.413,-0.62,1.85,0.0
ATOM,1707.0,HD22,ASN,117.0,21.412,11.593,50.857,0.3,0.2245,0.0
ATOM,1708.0,HD21,ASN,117.0,20.609,12.756,51.86,0.32,0.2245,0.0
ATOM,1709.0,N,ALA,118.0,20.524,10.537,47.992,-0.47,1.85,0.0
ATOM,1710.0,CA,ALA,118.0,21.115,11.531,47.108,0.07,2.275,0.0
ATOM,1711.0,C,ALA,118.0,20.194,11.83,45.925,0.51,2.0,0.0
ATOM,1712.0,O,ALA,118.0,20.041,12.993,45.534,-0.51,1.7,0.0
ATOM,1713.0,CB,ALA,118.0,22.493,11.066,46.634,-0.27,2.06,0.0
ATOM,1714.0,H,ALA,118.0,20.946,9.611,48.182,0.31,0.2245,0.0
ATOM,1715.0,HA,ALA,118.0,21.257,12.385,47.624,0.09,1.32,0.0
ATOM,1716.0,HB1,ALA,118.0,22.929,10.533,47.357,0.09,1.32,0.0
ATOM,1717.0,HB2,ALA,118.0,22.388,10.501,45.818,0.09,1.32,0.2
ATOM,1718.0,HB3,ALA,118.0,23.055,11.863,46.42,0.09,1.32,0.0
ATOM,1719.0,N,LYS,119.0,19.559,10.795,45.374,-0.47,1.85,0.0
ATOM,1720.0,CA,LYS,119.0,18.614,11.0,44.266,0.07,2.275,0.44
ATOM,1721.0,C,LYS,119.0,17.401,11.819,44.713,0.51,2.0,0.0
ATOM,1722.0,O,LYS,119.0,16.946,12.717,43.992,-0.51,1.7,4.45
ATOM,1723.0,CB,LYS,119.0,18.158,9.665,43.686,-0.18,2.175,1.66
ATOM,1724.0,CG,LYS,119.0,19.268,8.893,42.985,-0.18,2.175,1.57
ATOM,1725.0,CD,LYS,119.0,18.754,7.573,42.446,-0.18,2.175,2.0
ATOM,1726.0,CE,LYS,119.0,19.882,6.806,41.754,0.21,2.175,2.12
ATOM,1727.0,NZ,LYS,119.0,19.382,5.55,41.128,-0.3,1.85,1.91
ATOM,1728.0,H,LYS,119.0,19.779,9.874,45.776,0.31,0.2245,0.0
ATOM,1729.0,HA,LYS,119.0,19.085,11.498,43.528,0.09,1.32,0.0
ATOM,1730.0,HB2,LYS,119.0,17.809,9.102,44.43,0.09,1.32,0.0
ATOM,1731.0,HB3,LYS,119.0,17.434,9.841,43.024,0.09,1.32,6.29
ATOM,1732.0,HG2,LYS,119.0,19.615,9.442,42.227,0.09,1.32,0.26
ATOM,1733.0,HG3,LYS,119.0,20.002,8.716,43.637,0.09,1.32,0.0
ATOM,1734.0,HD2,LYS,119.0,18.418,7.023,43.197,0.09,1.32,0.0
ATOM,1735.0,HD3,LYS,119.0,18.042,7.746,41.782,0.09,1.32,8.19
ATOM,1736.0,HE2,LYS,119.0,20.282,7.391,41.048,0.05,1.32,3.06
ATOM,1737.0,HE3,LYS,119.0,20.582,6.581,42.433,0.05,1.32,0.0
ATOM,1738.0,HZ1,LYS,119.0,18.754,5.094,41.757,0.33,0.2245,0.0
ATOM,1739.0,HZ2,LYS,119.0,18.904,5.771,40.279,0.33,0.2245,16.27
ATOM,1740.0,HZ3,LYS,119.0,20.155,4.948,40.931,0.33,0.2245,0.0
ATOM,1741.0,N,ALA,120.0,16.874,11.487,45.895,-0.47,1.85,0.0
ATOM,1742.0,CA,ALA,120.0,15.72,12.2,46.47,0.07,2.275,0.0
ATOM,1743.0,C,ALA,120.0,16.046,13.684,46.694,0.51,2.0,0.0
ATOM,1744.0,O,ALA,120.0,15.243,14.579,46.354,-0.51,1.7,0.0
ATOM,1745.0,CB,ALA,120.0,15.292,11.54,47.771,-0.27,2.06,0.0
ATOM,1746.0,H,ALA,120.0,17.342,10.691,46.371,0.31,0.2245,0.0
ATOM,1747.0,HA,ALA,120.0,14.951,12.136,45.827,0.09,1.32,0.0
ATOM,1748.0,HB1,ALA,120.0,14.379,11.86,48.025,0.09,1.32,0.0
ATOM,1749.0,HB2,ALA,120.0,15.274,10.547,47.653,0.09,1.32,0.0
ATOM,1750.0,HB3,ALA,120.0,15.94,11.776,48.495,0.09,1.32,0.0
ATOM,1751.0,N,ALA,121.0,17.232,13.934,47.251,-0.47,1.85,0.0
ATOM,1752.0,CA,ALA,121.0,17.72,15.294,47.5,0.07,2.275,0.0
ATOM,1753.0,C,ALA,121.0,17.853,16.084,46.206,0.51,2.0,0.0
ATOM,1754.0,O,ALA,121.0,17.452,17.254,46.144,-0.51,1.7,0.0
ATOM,1755.0,CB,ALA,121.0,19.053,15.265,48.25,-0.27,2.06,0.0
ATOM,1756.0,H,ALA,121.0,17.782,13.081,47.494,0.31,0.2245,0.0
ATOM,1757.0,HA,ALA,121.0,17.061,15.766,48.101,0.09,1.32,0.0
ATOM,1758.0,HB1,ALA,121.0,19.081,14.463,48.844,0.09,1.32,0.0
ATOM,1759.0,HB2,ALA,121.0,19.802,15.22,47.591,0.09,1.32,0.0
ATOM,1760.0,HB3,ALA,121.0,19.14,16.093,48.801,0.09,1.32,0.0
ATOM,1761.0,N,ALA,122.0,18.423,15.45,45.179,-0.47,1.85,0.0
ATOM,1762.0,CA,ALA,122.0,18.54,16.087,43.867,0.07,2.275,0.0
ATOM,1763.0,C,ALA,122.0,17.162,16.526,43.388,0.51,2.0,0.0
ATOM,1764.0,O,ALA,122.0,16.981,17.692,43.018,-0.51,1.7,0.0
ATOM,1765.0,CB,ALA,122.0,19.174,15.13,42.856,-0.27,2.06,1.06
ATOM,1766.0,H,ALA,122.0,18.764,14.497,45.387,0.31,0.2245,0.0
ATOM,1767.0,HA,ALA,122.0,19.124,16.896,43.952,0.09,1.32,0.0
ATOM,1768.0,HB1,ALA,122.0,20.098,15.441,42.641,0.09,1.32,0.0
ATOM,1769.0,HB2,ALA,122.0,19.212,14.213,43.248,0.09,1.32,0.0
ATOM,1770.0,HB3,ALA,122.0,18.623,15.116,42.024,0.09,1.32,1.04
ATOM,1771.0,N,ALA,123.0,16.192,15.605,43.438,-0.47,1.85,0.37
ATOM,1772.0,CA,ALA,123.0,14.817,15.891,43.012,0.07,2.275,2.07
ATOM,1773.0,C,ALA,123.0,14.235,17.088,43.777,0.51,2.0,0.0
ATOM,1774.0,O,ALA,123.0,13.6,17.957,43.18,-0.51,1.7,4.92
ATOM,1775.0,CB,ALA,123.0,13.937,14.674,43.184,-0.27,2.06,12.28
ATOM,1776.0,H,ALA,123.0,16.495,14.679,43.801,0.31,0.2245,0.0
ATOM,1777.0,HA,ALA,123.0,14.822,16.113,42.03,0.09,1.32,6.48
ATOM,1778.0,HB1,ALA,123.0,13.872,14.177,42.317,0.09,1.32,11.46
ATOM,1779.0,HB2,ALA,123.0,14.327,14.069,43.88,0.09,1.32,0.0
ATOM,1780.0,HB3,ALA,123.0,13.02,14.956,43.471,0.09,1.32,0.0
ATOM,1781.0,N,ALA,124.0,14.476,17.136,45.085,-0.47,1.85,0.0
ATOM,1782.0,CA,ALA,124.0,14.002,18.25,45.925,0.07,2.275,0.0
ATOM,1783.0,C,ALA,124.0,14.617,19.593,45.515,0.51,2.0,0.0
ATOM,1784.0,O,ALA,124.0,13.963,20.648,45.596,-0.51,1.7,21.47
ATOM,1785.0,CB,ALA,124.0,14.277,17.964,47.39,-0.27,2.06,0.61
ATOM,1786.0,H,ALA,124.0,15.018,16.335,45.461,0.31,0.2245,0.0
ATOM,1787.0,HA,ALA,124.0,12.998,18.315,45.832,0.09,1.32,0.0
ATOM,1788.0,HB1,ALA,124.0,15.195,17.58,47.491,0.09,1.32,0.0
ATOM,1789.0,HB2,ALA,124.0,14.214,18.813,47.916,0.09,1.32,1.11
ATOM,1790.0,HB3,ALA,124.0,13.605,17.31,47.737,0.09,1.32,0.0
ATOM,1791.0,N,LYS,125.0,15.865,19.542,45.069,-0.47,1.85,0.0
ATOM,1792.0,CA,LYS,125.0,16.593,20.714,44.6,0.07,2.275,1.64
ATOM,1793.0,C,LYS,125.0,16.293,21.061,43.134,0.51,2.0,1.82
ATOM,1794.0,O,LYS,125.0,16.879,22.001,42.593,-0.51,1.7,18.9
ATOM,1795.0,CB,LYS,125.0,18.104,20.513,44.815,-0.18,2.175,1.53
ATOM,1796.0,CG,LYS,125.0,18.52,20.383,46.286,-0.18,2.175,0.24
ATOM,1797.0,CD,LYS,125.0,19.972,19.962,46.465,-0.18,2.175,0.0
ATOM,1798.0,CE,LYS,125.0,20.942,20.924,45.784,0.21,2.175,4.67
ATOM,1799.0,NZ,LYS,125.0,22.348,20.505,46.002,-0.3,1.85,3.49
ATOM,1800.0,H,LYS,125.0,16.286,18.581,45.083,0.31,0.2245,0.0
ATOM,1801.0,HA,LYS,125.0,16.337,21.512,45.173,0.09,1.32,6.04
ATOM,1802.0,HB2,LYS,125.0,18.377,19.68,44.341,0.09,1.32,0.0
ATOM,1803.0,HB3,LYS,125.0,18.58,21.298,44.426,0.09,1.32,1.03
ATOM,1804.0,HG2,LYS,125.0,18.38,21.271,46.738,0.09,1.32,3.6
ATOM,1805.0,HG3,LYS,125.0,17.926,19.702,46.729,0.09,1.32,0.0
ATOM,1806.0,HD2,LYS,125.0,20.183,19.939,47.44,0.09,1.32,0.02
ATOM,1807.0,HD3,LYS,125.0,20.097,19.056,46.068,0.09,1.32,0.0
ATOM,1808.0,HE2,LYS,125.0,20.746,20.937,44.803,0.05,1.32,0.0
ATOM,1809.0,HE3,LYS,125.0,20.805,21.84,46.162,0.05,1.32,10.28
ATOM,1810.0,HZ1,LYS,125.0,22.536,19.676,45.473,0.33,0.2245,0.0
ATOM,1811.0,HZ2,LYS,125.0,22.964,21.235,45.706,0.33,0.2245,1.11
ATOM,1812.0,HZ3,LYS,125.0,22.495,20.32,46.974,0.33,0.2245,8.37
ATOM,1813.0,N,GLY,126.0,15.382,20.307,42.516,-0.47,1.85,0.5
ATOM,1814.0,CA,GLY,126.0,14.999,20.478,41.105,-0.02,2.175,18.06
ATOM,1815.0,C,GLY,126.0,16.136,20.264,40.117,0.51,2.0,1.98
ATOM,1816.0,O,GLY,126.0,16.248,20.974,39.115,-0.51,1.7,32.32
ATOM,1817.0,H,GLY,126.0,14.953,19.569,43.128,0.31,0.2245,0.0
ATOM,1818.0,HA2,GLY,126.0,14.241,19.83,40.891,0.09,1.32,7.76
ATOM,1819.0,HA3,GLY,126.0,14.617,21.416,40.981,0.09,1.32,11.33
ATOM,1820.0,N,MET,127.0,16.996,19.291,40.389,-0.47,1.85,1.66
ATOM,1821.0,CA,MET,127.0,18.141,19.047,39.517,0.07,2.275,2.17
ATOM,1822.0,C,MET,127.0,18.415,17.549,39.41,0.51,2.0,1.89
ATOM,1823.0,O,MET,127.0,18.064,16.798,40.316,-0.51,1.7,3.25
ATOM,1824.0,CB,MET,127.0,19.376,19.777,40.046,-0.18,2.175,0.6
ATOM,1825.0,CG,MET,127.0,19.843,19.299,41.432,-0.14,2.175,0.0
ATOM,1826.0,SD,MET,127.0,21.32,20.119,42.045,-0.09,2.0,0.0
ATOM,1827.0,CE,MET,127.0,20.83,21.856,42.052,-0.22,2.06,16.5
ATOM,1828.0,H,MET,127.0,16.793,18.743,41.238,0.31,0.2245,0.0
ATOM,1829.0,HA,MET,127.0,17.916,19.387,38.6,0.09,1.32,1.49
ATOM,1830.0,HB2,MET,127.0,20.139,19.649,39.401,0.09,1.32,0.0
ATOM,1831.0,HB3,MET,127.0,19.177,20.763,40.109,0.09,1.32,1.85
ATOM,1832.0,HG2,MET,127.0,19.052,19.419,42.087,0.09,1.32,0.0
ATOM,1833.0,HG3,MET,127.0,19.98,18.276,41.381,0.09,1.32,0.0
ATOM,1834.0,HE1,MET,127.0,20.039,21.972,42.651,0.09,1.32,0.18
ATOM,1835.0,HE2,MET,127.0,21.59,22.411,42.386,0.09,1.32,0.0
ATOM,1836.0,HE3,MET,127.0,20.592,22.135,41.123,0.09,1.32,1.78
ATOM,1837.0,N,PRO,128.0,19.047,17.117,38.305,-0.29,1.85,0.83
ATOM,1838.0,CA,PRO,128.0,19.4,15.707,38.166,0.02,2.275,2.72
ATOM,1839.0,C,PRO,128.0,20.52,15.312,39.133,0.51,2.0,0.0
ATOM,1840.0,O,PRO,128.0,21.283,16.174,39.593,-0.51,1.7,0.0
ATOM,1841.0,CB,PRO,128.0,19.876,15.602,36.721,-0.18,2.175,6.8
ATOM,1842.0,CG,PRO,128.0,20.29,16.959,36.347,-0.18,2.175,3.44
ATOM,1843.0,CD,PRO,128.0,19.455,17.914,37.134,0.0,2.175,7.91
ATOM,1844.0,HA,PRO,128.0,18.592,15.118,38.302,0.09,1.32,8.77
ATOM,1845.0,HB2,PRO,128.0,20.644,14.948,36.651,0.09,1.32,0.0
ATOM,1846.0,HB3,PRO,128.0,19.13,15.266,36.129,0.09,1.32,12.23
ATOM,1847.0,HG2,PRO,128.0,21.278,17.103,36.543,0.09,1.32,0.0
ATOM,1848.0,HG3,PRO,128.0,20.165,17.113,35.349,0.09,1.32,2.99
ATOM,1849.0,HD2,PRO,128.0,19.98,18.715,37.424,0.09,1.32,0.0
ATOM,1850.0,HD3,PRO,128.0,18.65,18.215,36.62,0.09,1.32,10.76
ATOM,1851.0,N,LEU,129.0,20.613,14.019,39.434,-0.47,1.85,0.33
ATOM,1852.0,CA,LEU,129.0,21.629,13.534,40.347,0.07,2.275,0.0
ATOM,1853.0,C,LEU,129.0,23.037,14.014,39.979,0.51,2.0,0.0
ATOM,1854.0,O,LEU,129.0,23.781,14.453,40.855,-0.51,1.7,0.0
ATOM,1855.0,CB,LEU,129.0,21.601,12.002,40.458,-0.18,2.175,4.25
ATOM,1856.0,CG,LEU,129.0,22.651,11.411,41.407,-0.09,2.275,0.0
ATOM,1857.0,CD1,LEU,129.0,22.481,11.928,42.853,-0.27,2.06,0.0
ATOM,1858.0,CD2,LEU,129.0,22.628,9.897,41.387,-0.27,2.06,0.53
ATOM,1859.0,H,LEU,129.0,19.914,13.412,38.97,0.31,0.2245,8.8
ATOM,1860.0,HA,LEU,129.0,21.418,13.872,41.28,0.09,1.32,0.0
ATOM,1861.0,HB2,LEU,129.0,20.711,11.738,40.799,0.09,1.32,1.9
ATOM,1862.0,HB3,LEU,129.0,21.769,11.629,39.559,0.09,1.32,0.0
ATOM,1863.0,HG,LEU,129.0,23.566,11.66,41.081,0.09,1.32,0.0
ATOM,1864.0,HD11,LEU,129.0,21.576,11.671,43.183,0.09,1.32,0.0
ATOM,1865.0,HD12,LEU,129.0,23.184,11.517,43.428,0.09,1.32,0.0
ATOM,1866.0,HD13,LEU,129.0,22.576,12.92,42.854,0.09,1.32,0.0
ATOM,1867.0,HD21,LEU,129.0,22.821,9.568,40.46,0.09,1.32,0.0
ATOM,1868.0,HD22,LEU,129.0,23.323,9.54,42.015,0.09,1.32,0.54
ATOM,1869.0,HD23,LEU,129.0,21.725,9.569,41.672,0.09,1.32,0.0
ATOM,1870.0,N,TYR,130.0,23.421,13.929,38.705,-0.47,1.85,0.0
ATOM,1871.0,CA,TYR,130.0,24.798,14.303,38.349,0.07,2.275,0.0
ATOM,1872.0,C,TYR,130.0,25.109,15.757,38.723,0.51,2.0,0.0
ATOM,1873.0,O,TYR,130.0,26.228,16.059,39.143,-0.51,1.7,0.0
ATOM,1874.0,CB,TYR,130.0,25.099,14.04,36.864,-0.18,2.175,0.0
ATOM,1875.0,CG,TYR,130.0,24.15,14.709,35.889,0.0,1.9924,0.0
ATOM,1876.0,CD1,TYR,130.0,23.065,14.011,35.36,-0.115,1.9924,0.0
ATOM,1877.0,CD2,TYR,130.0,24.351,16.042,35.481,-0.115,1.9924,0.0
ATOM,1878.0,CE1,TYR,130.0,22.195,14.612,34.461,-0.115,1.9924,0.17
ATOM,1879.0,CE2,TYR,130.0,23.473,16.652,34.579,-0.115,1.9924,0.18
ATOM,1880.0,CZ,TYR,130.0,22.411,15.923,34.071,0.11,1.9924,0.0
ATOM,1881.0,OH,TYR,130.0,21.545,16.509,33.182,-0.54,1.77,7.57
ATOM,1882.0,H,TYR,130.0,22.722,13.603,38.042,0.31,0.2245,0.0
ATOM,1883.0,HA,TYR,130.0,25.428,13.707,38.864,0.09,1.32,0.0
ATOM,1884.0,HB2,TYR,130.0,26.025,14.367,36.673,0.09,1.32,0.0
ATOM,1885.0,HB3,TYR,130.0,25.058,13.052,36.71,0.09,1.32,0.0
ATOM,1886.0,HD1,TYR,130.0,22.911,13.06,35.632,0.115,1.3582,0.0
ATOM,1887.0,HD2,TYR,130.0,25.122,16.551,35.839,0.115,1.3582,0.0
ATOM,1888.0,HE1,TYR,130.0,21.414,14.1,34.097,0.115,1.3582,8.21
ATOM,1889.0,HE2,TYR,130.0,23.614,17.599,34.308,0.115,1.3582,1.36
ATOM,1890.0,HH,TYR,130.0,21.887,16.377,32.253,0.43,0.2245,0.0
ATOM,1891.0,N,GLU,131.0,24.106,16.634,38.614,-0.47,1.85,0.0
ATOM,1892.0,CA,GLU,131.0,24.287,18.047,38.999,0.07,2.275,0.0
ATOM,1893.0,C,GLU,131.0,24.447,18.18,40.518,0.51,2.0,0.0
ATOM,1894.0,O,GLU,131.0,25.313,18.918,41.004,-0.51,1.7,0.0
ATOM,1895.0,CB,GLU,131.0,23.117,18.909,38.526,-0.18,2.175,0.0
ATOM,1896.0,CG,GLU,131.0,23.402,20.409,38.713,-0.28,2.175,3.04
ATOM,1897.0,CD,GLU,131.0,22.277,21.313,38.236,0.62,2.0,3.41
ATOM,1898.0,OE1,GLU,131.0,21.367,20.838,37.516,-0.76,1.7,18.54
ATOM,1899.0,OE2,GLU,131.0,22.319,22.521,38.595,-0.76,1.7,32.08
ATOM,1900.0,H,GLU,131.0,23.222,16.252,38.249,0.31,0.2245,0.0
ATOM,1901.0,HA,GLU,131.0,25.101,18.415,38.543,0.09,1.32,0.0
ATOM,1902.0,HB2,GLU,131.0,22.991,18.755,37.573,0.09,1.32,0.14
ATOM,1903.0,HB3,GLU,131.0,22.34,18.692,39.069,0.09,1.32,0.0
ATOM,1904.0,HG2,GLU,131.0,23.532,20.573,39.676,0.09,1.32,0.0
ATOM,1905.0,HG3,GLU,131.0,24.207,20.631,38.191,0.09,1.32,0.0
ATOM,1906.0,N,HIS,132.0,23.607,17.455,41.255,-0.47,1.85,0.0
ATOM,1907.0,CA,HIS,132.0,23.679,17.425,42.719,0.07,2.275,0.0
ATOM,1908.0,C,HIS,132.0,25.028,16.872,43.2,0.51,2.0,0.0
ATOM,1909.0,O,HIS,132.0,25.639,17.414,44.129,-0.51,1.7,0.0
ATOM,1910.0,CB,HIS,132.0,22.499,16.621,43.283,-0.09,2.175,0.0
ATOM,1911.0,CG,HIS,132.0,22.467,16.531,44.776,-0.05,1.8,0.0
ATOM,1912.0,H,HIS,132.0,22.903,16.918,40.709,0.31,0.2245,0.0
ATOM,1913.0,HA,HIS,132.0,23.588,18.367,43.061,0.09,1.32,0.0
ATOM,1914.0,HB2,HIS,132.0,21.639,17.046,42.972,0.09,1.32,0.0
ATOM,1915.0,HB3,HIS,132.0,22.538,15.685,42.909,0.09,1.32,0.0
ATOM,1916.0,ND1,HIS,132.0,22.504,17.642,45.595,-0.36,1.85,0.0
ATOM,1917.0,CD2,HIS,132.0,22.377,15.458,45.598,0.22,1.8,0.0
ATOM,1918.0,CE1,HIS,132.0,22.464,17.253,46.857,0.25,1.8,0.0
ATOM,1919.0,NE2,HIS,132.0,22.376,15.933,46.886,-0.7,1.85,0.0
ATOM,1920.0,HD1,HIS,132.0,22.553,18.588,45.279,0.32,0.2245,0.0
ATOM,1921.0,HD2,HIS,132.0,22.323,14.503,45.321,0.1,1.468,0.0
ATOM,1922.0,HE1,HIS,132.0,22.496,17.85,47.653,0.13,0.9,0.04
ATOM,1923.0,N,ILE,133.0,25.5,15.813,42.548,-0.47,1.85,0.0
ATOM,1924.0,CA,ILE,133.0,26.809,15.247,42.879,0.07,2.275,0.0
ATOM,1925.0,C,ILE,133.0,27.921,16.276,42.7,0.51,2.0,0.0
ATOM,1926.0,O,ILE,133.0,28.798,16.405,43.563,-0.51,1.7,0.0
ATOM,1927.0,CB,ILE,133.0,27.1,13.95,42.087,-0.09,2.275,0.0
ATOM,1928.0,CG1,ILE,133.0,26.211,12.81,42.616,-0.18,2.175,0.0
ATOM,1929.0,CG2,ILE,133.0,28.604,13.595,42.16,-0.27,2.06,0.0
ATOM,1930.0,CD1,ILE,133.0,26.332,11.51,41.822,-0.27,2.06,0.0
ATOM,1931.0,H,ILE,133.0,24.883,15.436,41.811,0.31,0.2245,0.0
ATOM,1932.0,HA,ILE,133.0,26.778,15.024,43.859,0.09,1.32,0.0
ATOM,1933.0,HB,ILE,133.0,26.861,14.11,41.141,0.09,1.32,0.0
ATOM,1934.0,HG12,ILE,133.0,26.459,12.631,43.564,0.09,1.32,0.0
ATOM,1935.0,HG13,ILE,133.0,25.261,13.114,42.582,0.09,1.32,0.0
ATOM,1936.0,HG21,ILE,133.0,28.77,12.784,41.609,0.09,1.32,0.0
ATOM,1937.0,HG22,ILE,133.0,29.132,14.361,41.808,0.09,1.32,0.0
ATOM,1938.0,HG23,ILE,133.0,28.847,13.419,43.108,0.09,1.32,0.0
ATOM,1939.0,HD11,ILE,133.0,27.277,11.195,41.859,0.09,1.32,0.0
ATOM,1940.0,HD12,ILE,133.0,25.729,10.827,42.226,0.09,1.32,0.09
ATOM,1941.0,HD13,ILE,133.0,26.067,11.682,40.877,0.09,1.32,0.0
ATOM,1942.0,N,ALA,134.0,27.88,17.032,41.604,-0.47,1.85,0.0
ATOM,1943.0,CA,ALA,134.0,28.877,18.076,41.388,0.07,2.275,0.0
ATOM,1944.0,C,ALA,134.0,28.853,19.124,42.51,0.51,2.0,0.0
ATOM,1945.0,O,ALA,134.0,29.907,19.565,42.98,-0.51,1.7,0.0
ATOM,1946.0,CB,ALA,134.0,28.694,18.716,40.029,-0.27,2.06,0.0
ATOM,1947.0,H,ALA,134.0,27.113,16.822,40.95,0.31,0.2245,0.0
ATOM,1948.0,HA,ALA,134.0,29.793,17.654,41.369,0.09,1.32,0.0
ATOM,1949.0,HB1,ALA,134.0,27.99,18.224,39.515,0.09,1.32,0.0
ATOM,1950.0,HB2,ALA,134.0,28.414,19.671,40.139,0.09,1.32,0.0
ATOM,1951.0,HB3,ALA,134.0,29.556,18.683,39.52,0.09,1.32,0.0
ATOM,1952.0,N,GLU,135.0,27.653,19.488,42.954,-0.47,1.85,0.0
ATOM,1953.0,CA,GLU,135.0,27.494,20.421,44.079,0.07,2.275,0.74
ATOM,1954.0,C,GLU,135.0,28.043,19.833,45.383,0.51,2.0,0.47
ATOM,1955.0,O,GLU,135.0,28.798,20.498,46.105,-0.51,1.7,14.87
ATOM,1956.0,CB,GLU,135.0,26.031,20.839,44.231,-0.18,2.175,2.24
ATOM,1957.0,CG,GLU,135.0,25.558,21.747,43.092,-0.28,2.175,2.81
ATOM,1958.0,CD,GLU,135.0,24.35,22.617,43.446,0.62,2.0,3.18
ATOM,1959.0,OE1,GLU,135.0,23.709,22.395,44.491,-0.76,1.7,12.04
ATOM,1960.0,OE2,GLU,135.0,24.038,23.532,42.658,-0.76,1.7,27.9
ATOM,1961.0,H,GLU,135.0,26.852,19.066,42.449,0.31,0.2245,0.0
ATOM,1962.0,HA,GLU,135.0,27.976,21.282,43.871,0.09,1.32,0.33
ATOM,1963.0,HB2,GLU,135.0,25.482,20.031,44.209,0.09,1.32,0.0
ATOM,1964.0,HB3,GLU,135.0,25.945,21.343,45.063,0.09,1.32,6.0
ATOM,1965.0,HG2,GLU,135.0,26.298,22.354,42.856,0.09,1.32,0.0
ATOM,1966.0,HG3,GLU,135.0,25.296,21.177,42.332,0.09,1.32,0.0
ATOM,1967.0,N,LEU,136.0,27.681,18.585,45.674,-0.47,1.85,0.03
ATOM,1968.0,CA,LEU,136.0,28.211,17.885,46.843,0.07,2.275,0.31
ATOM,1969.0,C,LEU,136.0,29.728,17.798,46.807,0.51,2.0,0.0
ATOM,1970.0,O,LEU,136.0,30.378,17.808,47.856,-0.51,1.7,26.22
ATOM,1971.0,CB,LEU,136.0,27.629,16.472,46.946,-0.18,2.175,0.0
ATOM,1972.0,CG,LEU,136.0,26.151,16.29,47.308,-0.09,2.275,0.0
ATOM,1973.0,CD1,LEU,136.0,25.819,14.816,47.35,-0.27,2.06,0.0
ATOM,1974.0,CD2,LEU,136.0,25.826,16.938,48.648,-0.27,2.06,11.31
ATOM,1975.0,H,LEU,136.0,27.004,18.161,45.012,0.31,0.2245,0.0
ATOM,1976.0,HA,LEU,136.0,27.939,18.396,47.671,0.09,1.32,4.7
ATOM,1977.0,HB2,LEU,136.0,27.772,16.018,46.054,0.09,1.32,0.0
ATOM,1978.0,HB3,LEU,136.0,28.166,15.971,47.638,0.09,1.32,2.32
ATOM,1979.0,HG,LEU,136.0,25.593,16.742,46.617,0.09,1.32,0.0
ATOM,1980.0,HD11,LEU,136.0,26.387,14.36,48.038,0.09,1.32,0.31
ATOM,1981.0,HD12,LEU,136.0,24.853,14.692,47.586,0.09,1.32,0.0
ATOM,1982.0,HD13,LEU,136.0,25.993,14.403,46.454,0.09,1.32,0.0
ATOM,1983.0,HD21,LEU,136.0,26.024,17.918,48.602,0.09,1.32,6.06
ATOM,1984.0,HD22,LEU,136.0,24.857,16.803,48.858,0.09,1.32,0.0
ATOM,1985.0,HD23,LEU,136.0,26.383,16.519,49.365,0.09,1.32,3.01
ATOM,1986.0,N,ASN,137.0,30.272,17.704,45.594,-0.47,1.85,0.0
ATOM,1987.0,CA,ASN,137.0,31.699,17.559,45.367,0.07,2.275,0.38
ATOM,1988.0,C,ASN,137.0,32.464,18.878,45.52,0.51,2.0,1.5
ATOM,1989.0,O,ASN,137.0,33.686,18.89,45.503,-0.51,1.7,13.15
ATOM,1990.0,CB,ASN,137.0,31.95,16.962,43.974,-0.18,2.175,0.0
ATOM,1991.0,CG,ASN,137.0,33.361,16.435,43.809,0.55,2.0,0.0
ATOM,1992.0,H,ASN,137.0,29.571,17.745,44.812,0.31,0.2245,0.0
ATOM,1993.0,HA,ASN,137.0,32.057,16.932,46.079,0.09,1.32,1.78
ATOM,1994.0,HB2,ASN,137.0,31.31,16.212,43.837,0.09,1.32,0.0
ATOM,1995.0,HB3,ASN,137.0,31.793,17.676,43.297,0.09,1.32,0.0
ATOM,1996.0,OD1,ASN,137.0,34.074,16.803,42.869,-0.55,1.7,4.55
ATOM,1997.0,ND2,ASN,137.0,33.782,15.584,44.732,-0.62,1.85,2.82
ATOM,1998.0,HD22,ASN,137.0,33.176,15.317,45.484,0.3,0.2245,0.64
ATOM,1999.0,HD21,ASN,137.0,34.707,15.204,44.682,0.32,0.2245,2.57
ATOM,2000.0,N,GLY,138.0,31.731,19.983,45.658,-0.47,1.85,0.23
ATOM,2001.0,CA,GLY,138.0,32.338,21.312,45.706,-0.02,2.175,16.39
ATOM,2002.0,C,GLY,138.0,32.874,21.778,44.365,0.51,2.0,0.0
ATOM,2003.0,O,GLY,138.0,33.699,22.692,44.295,-0.51,1.7,25.48
ATOM,2004.0,H,GLY,138.0,30.707,19.819,45.727,0.31,0.2245,0.0
ATOM,2005.0,HA2,GLY,138.0,31.648,21.98,46.042,0.09,1.32,7.37
ATOM,2006.0,HA3,GLY,138.0,33.094,21.307,46.386,0.09,1.32,10.54
ATOM,2007.0,N,THR,139.0,32.394,21.148,43.294,-0.47,1.85,0.0
ATOM,2008.0,CA,THR,139.0,32.832,21.457,41.942,0.07,2.275,0.28
ATOM,2009.0,C,THR,139.0,31.594,21.669,41.062,0.51,2.0,0.0
ATOM,2010.0,O,THR,139.0,31.423,20.998,40.043,-0.51,1.7,0.0
ATOM,2011.0,CB,THR,139.0,33.714,20.327,41.389,0.14,2.275,1.38
ATOM,2012.0,OG1,THR,139.0,33.02,19.087,41.539,-0.66,1.77,2.01
ATOM,2013.0,CG2,THR,139.0,35.03,20.247,42.152,-0.27,2.06,30.87
ATOM,2014.0,H,THR,139.0,31.679,20.417,43.511,0.31,0.2245,0.0
ATOM,2015.0,HA,THR,139.0,33.352,22.308,41.956,0.09,1.32,4.23
ATOM,2016.0,HB,THR,139.0,33.871,20.488,40.396,0.09,1.32,0.0
ATOM,2017.0,HG21,THR,139.0,35.344,19.296,42.187,0.09,1.32,3.93
ATOM,2018.0,HG22,THR,139.0,35.723,20.806,41.692,0.09,1.32,10.4
ATOM,2019.0,HG23,THR,139.0,34.901,20.586,43.086,0.09,1.32,0.65
ATOM,2020.0,HG1,THR,139.0,32.118,19.237,41.96,0.43,0.2245,0.0
ATOM,2021.0,N,PRO,140.0,30.721,22.62,41.447,-0.29,1.85,0.0
ATOM,2022.0,CA,PRO,140.0,29.458,22.764,40.717,0.02,2.275,0.0
ATOM,2023.0,C,PRO,140.0,29.693,23.11,39.252,0.51,2.0,0.17
ATOM,2024.0,O,PRO,140.0,30.592,23.899,38.923,-0.51,1.7,14.13
ATOM,2025.0,CB,PRO,140.0,28.754,23.923,41.44,-0.18,2.175,9.73
ATOM,2026.0,CG,PRO,140.0,29.866,24.669,42.119,-0.18,2.175,20.62
ATOM,2027.0,CD,PRO,140.0,30.856,23.63,42.519,0.0,2.175,8.21
ATOM,2028.0,HA,PRO,140.0,28.9,21.927,40.802,0.09,1.32,0.0
ATOM,2029.0,HB2,PRO,140.0,28.279,24.511,40.784,0.09,1.32,9.57
ATOM,2030.0,HB3,PRO,140.0,28.097,23.575,42.109,0.09,1.32,0.14
ATOM,2031.0,HG2,PRO,140.0,30.272,25.337,41.485,0.09,1.32,8.34
ATOM,2032.0,HG3,PRO,140.0,29.511,25.165,42.92,0.09,1.32,11.82
ATOM,2033.0,HD2,PRO,140.0,31.788,23.989,42.539,0.09,1.32,5.01
ATOM,2034.0,HD3,PRO,140.0,30.635,23.224,43.406,0.09,1.32,0.74
ATOM,2035.0,N,GLY,141.0,28.908,22.487,38.377,-0.47,1.85,2.22
ATOM,2036.0,CA,GLY,141.0,28.958,22.781,36.947,-0.02,2.175,14.71
ATOM,2037.0,C,GLY,141.0,30.15,22.202,36.214,0.51,2.0,0.24
ATOM,2038.0,O,GLY,141.0,30.34,22.488,35.03,-0.51,1.7,16.76
ATOM,2039.0,H,GLY,141.0,28.265,21.783,38.793,0.31,0.2245,0.45
ATOM,2040.0,HA2,GLY,141.0,28.096,22.44,36.51,0.09,1.32,0.9
ATOM,2041.0,HA3,GLY,141.0,28.946,23.798,36.819,0.09,1.32,10.97
ATOM,2042.0,N,LYS,142.0,30.955,21.402,36.918,-0.47,1.85,0.0
ATOM,2043.0,CA,LYS,142.0,32.13,20.758,36.34,0.07,2.275,0.0
ATOM,2044.0,C,LYS,142.0,31.788,19.32,35.973,0.51,2.0,0.0
ATOM,2045.0,O,LYS,142.0,31.528,18.498,36.852,-0.51,1.7,0.55
ATOM,2046.0,CB,LYS,142.0,33.316,20.791,37.318,-0.18,2.175,3.78
ATOM,2047.0,CG,LYS,142.0,33.893,22.188,37.58,-0.18,2.175,5.43
ATOM,2048.0,CD,LYS,142.0,34.261,22.843,36.257,-0.18,2.175,4.56
ATOM,2049.0,CE,LYS,142.0,35.162,24.044,36.419,0.21,2.175,20.55
ATOM,2050.0,NZ,LYS,142.0,35.264,24.712,35.091,-0.3,1.85,14.15
ATOM,2051.0,H,LYS,142.0,30.67,21.279,37.916,0.31,0.2245,0.0
ATOM,2052.0,HA,LYS,142.0,32.395,21.249,35.509,0.09,1.32,0.04
ATOM,2053.0,HB2,LYS,142.0,33.011,20.413,38.191,0.09,1.32,0.0
ATOM,2054.0,HB3,LYS,142.0,34.045,20.22,36.943,0.09,1.32,5.22
ATOM,2055.0,HG2,LYS,142.0,33.206,22.738,38.036,0.09,1.32,0.02
ATOM,2056.0,HG3,LYS,142.0,34.706,22.1,38.138,0.09,1.32,5.54
ATOM,2057.0,HD2,LYS,142.0,34.728,22.165,35.685,0.09,1.32,8.44
ATOM,2058.0,HD3,LYS,142.0,33.418,23.133,35.798,0.09,1.32,1.53
ATOM,2059.0,HE2,LYS,142.0,34.763,24.67,37.069,0.05,1.32,9.56
ATOM,2060.0,HE3,LYS,142.0,36.059,23.747,36.705,0.05,1.32,10.94
ATOM,2061.0,HZ1,LYS,142.0,35.164,24.029,34.369,0.33,0.2245,15.47
ATOM,2062.0,HZ2,LYS,142.0,34.54,25.396,35.009,0.33,0.2245,19.52
ATOM,2063.0,HZ3,LYS,142.0,36.156,25.156,35.012,0.33,0.2245,20.29
ATOM,2064.0,N,TYR,143.0,31.775,19.028,34.673,-0.47,1.85,0.84
ATOM,2065.0,CA,TYR,143.0,31.382,17.705,34.183,0.07,2.275,0.0
ATOM,2066.0,C,TYR,143.0,32.289,17.202,33.073,0.51,2.0,0.0
ATOM,2067.0,O,TYR,143.0,32.943,17.979,32.359,-0.51,1.7,8.69
ATOM,2068.0,CB,TYR,143.0,29.964,17.742,33.597,-0.18,2.175,0.0
ATOM,2069.0,CG,TYR,143.0,28.911,18.39,34.458,0.0,1.9924,0.0
ATOM,2070.0,CD1,TYR,143.0,28.464,17.776,35.623,-0.115,1.9924,0.0
ATOM,2071.0,CD2,TYR,143.0,28.326,19.602,34.076,-0.115,1.9924,0.0
ATOM,2072.0,CE1,TYR,143.0,27.472,18.353,36.412,-0.115,1.9924,0.0
ATOM,2073.0,CE2,TYR,143.0,27.33,20.191,34.855,-0.115,1.9924,0.02
ATOM,2074.0,CZ,TYR,143.0,26.912,19.558,36.029,0.11,1.9924,0.0
ATOM,2075.0,OH,TYR,143.0,25.922,20.119,36.805,-0.54,1.77,4.51
ATOM,2076.0,H,TYR,143.0,32.062,19.805,34.049,0.31,0.2245,4.32
ATOM,2077.0,HA,TYR,143.0,31.439,17.055,34.958,0.09,1.32,0.0
ATOM,2078.0,HB2,TYR,143.0,30.005,18.237,32.722,0.09,1.32,0.0
ATOM,2079.0,HB3,TYR,143.0,29.681,16.794,33.415,0.09,1.32,0.0
ATOM,2080.0,HD1,TYR,143.0,28.861,16.899,35.904,0.115,1.3582,0.0
ATOM,2081.0,HD2,TYR,143.0,28.625,20.049,33.24,0.115,1.3582,0.0
ATOM,2082.0,HE1,TYR,143.0,27.17,17.897,37.25,0.115,1.3582,0.0
ATOM,2083.0,HE2,TYR,143.0,26.919,21.054,34.58,0.115,1.3582,3.16
ATOM,2084.0,HH,TYR,143.0,25.97,19.735,37.725,0.43,0.2245,0.0
ATOM,2085.0,N,SER,144.0,32.305,15.888,32.902,-0.47,1.85,0.0
ATOM,2086.0,CA,SER,144.0,32.77,15.314,31.65,0.07,2.275,0.0
ATOM,2087.0,C,SER,144.0,32.001,14.03,31.409,0.51,2.0,0.0
ATOM,2088.0,O,SER,144.0,31.43,13.451,32.348,-0.51,1.7,0.0
ATOM,2089.0,CB,SER,144.0,34.263,15.0,31.681,0.05,2.175,1.0
ATOM,2090.0,OG,SER,144.0,34.554,14.033,32.67,-0.66,1.77,0.32
ATOM,2091.0,H,SER,144.0,31.972,15.332,33.704,0.31,0.2245,0.0
ATOM,2092.0,HA,SER,144.0,32.551,15.95,30.914,0.09,1.32,0.0
ATOM,2093.0,HB2,SER,144.0,34.536,14.648,30.791,0.09,1.32,0.0
ATOM,2094.0,HB3,SER,144.0,34.763,15.836,31.887,0.09,1.32,2.79
ATOM,2095.0,HG,SER,144.0,34.851,13.185,32.232,0.43,0.2245,0.0
ATOM,2096.0,N,MET,145.0,31.964,13.609,30.148,-0.47,1.85,0.0
ATOM,2097.0,CA,MET,145.0,31.445,12.28,29.822,0.07,2.275,0.0
ATOM,2098.0,C,MET,145.0,32.629,11.331,29.821,0.51,2.0,0.0
ATOM,2099.0,O,MET,145.0,33.626,11.568,29.114,-0.51,1.7,0.0
ATOM,2100.0,CB,MET,145.0,30.763,12.266,28.459,-0.18,2.175,0.0
ATOM,2101.0,CG,MET,145.0,29.621,13.299,28.277,-0.14,2.175,0.0
ATOM,2102.0,SD,MET,145.0,28.386,13.29,29.608,-0.09,2.0,0.0
ATOM,2103.0,CE,MET,145.0,27.81,11.58,29.534,-0.22,2.06,0.0
ATOM,2104.0,H,MET,145.0,32.319,14.275,29.447,0.31,0.2245,0.0
ATOM,2105.0,HA,MET,145.0,30.823,12.004,30.543,0.09,1.32,0.0
ATOM,2106.0,HB2,MET,145.0,31.45,12.443,27.737,0.09,1.32,0.0
ATOM,2107.0,HB3,MET,145.0,30.371,11.348,28.288,0.09,1.32,0.0
ATOM,2108.0,HG2,MET,145.0,30.053,14.228,28.184,0.09,1.32,0.0
ATOM,2109.0,HG3,MET,145.0,29.178,13.119,27.366,0.09,1.32,0.0
ATOM,2110.0,HE1,MET,145.0,26.968,11.54,28.998,0.09,1.32,0.0
ATOM,2111.0,HE2,MET,145.0,28.512,11.015,29.103,0.09,1.32,0.0
ATOM,2112.0,HE3,MET,145.0,27.636,11.252,30.461,0.09,1.32,0.0
ATOM,2113.0,N,PRO,146.0,32.53,10.24,30.598,-0.29,1.85,0.0
ATOM,2114.0,CA,PRO,146.0,33.67,9.355,30.778,0.02,2.275,0.0
ATOM,2115.0,C,PRO,146.0,33.996,8.538,29.537,0.51,2.0,0.0
ATOM,2116.0,O,PRO,146.0,33.101,8.157,28.773,-0.51,1.7,0.0
ATOM,2117.0,CB,PRO,146.0,33.22,8.426,31.903,-0.18,2.175,0.0
ATOM,2118.0,CG,PRO,146.0,31.718,8.362,31.762,-0.18,2.175,0.0
ATOM,2119.0,CD,PRO,146.0,31.339,9.791,31.342,0.0,2.175,0.0
ATOM,2120.0,HA,PRO,146.0,34.488,9.88,31.083,0.09,1.32,0.0
ATOM,2121.0,HB2,PRO,146.0,33.621,7.514,31.798,0.09,1.32,0.0
ATOM,2122.0,HB3,PRO,146.0,33.473,8.796,32.798,0.09,1.32,0.0
ATOM,2123.0,HG2,PRO,146.0,31.458,7.714,31.058,0.09,1.32,0.0
ATOM,2124.0,HG3,PRO,146.0,31.294,8.132,32.628,0.09,1.32,0.0
ATOM,2125.0,HD2,PRO,146.0,30.535,9.784,30.758,0.09,1.32,0.0
ATOM,2126.0,HD3,PRO,146.0,31.18,10.362,32.142,0.09,1.32,0.0
ATOM,2127.0,N,VAL,147.0,35.287,8.272,29.369,-0.47,1.85,0.0
ATOM,2128.0,CA,VAL,147.0,35.766,7.358,28.358,0.07,2.275,0.0
ATOM,2129.0,C,VAL,147.0,35.556,5.93,28.862,0.51,2.0,0.0
ATOM,2130.0,O,VAL,147.0,36.163,5.527,29.879,-0.51,1.7,0.48
ATOM,2131.0,CB,VAL,147.0,37.251,7.611,28.049,-0.09,2.275,0.0
ATOM,2132.0,CG1,VAL,147.0,37.784,6.52,27.135,-0.27,2.06,0.0
ATOM,2133.0,CG2,VAL,147.0,37.432,9.007,27.421,-0.27,2.06,0.0
ATOM,2134.0,H,VAL,147.0,35.918,8.781,30.031,0.31,0.2245,0.0
ATOM,2135.0,HA,VAL,147.0,35.215,7.473,27.534,0.09,1.32,0.0
ATOM,2136.0,HB,VAL,147.0,37.754,7.547,28.903,0.09,1.32,0.0
ATOM,2137.0,HG11,VAL,147.0,37.839,5.658,27.639,0.09,1.32,0.0
ATOM,2138.0,HG12,VAL,147.0,37.17,6.408,26.353,0.09,1.32,0.0
ATOM,2139.0,HG13,VAL,147.0,38.695,6.772,26.808,0.09,1.32,0.0
ATOM,2140.0,HG21,VAL,147.0,37.801,8.899,26.502,0.09,1.32,0.0
ATOM,2141.0,HG22,VAL,147.0,36.545,9.459,27.384,0.09,1.32,0.0
ATOM,2142.0,HG23,VAL,147.0,38.063,9.533,27.986,0.09,1.32,0.0
ATOM,2143.0,N,PRO,148.0,34.681,5.166,28.177,-0.29,1.85,0.0
ATOM,2144.0,CA,PRO,148.0,34.4,3.787,28.633,0.02,2.275,0.0
ATOM,2145.0,C,PRO,148.0,35.497,2.789,28.267,0.51,2.0,0.0
ATOM,2146.0,O,PRO,148.0,36.018,2.819,27.155,-0.51,1.7,0.0
ATOM,2147.0,CB,PRO,148.0,33.103,3.426,27.898,-0.18,2.175,0.0
ATOM,2148.0,CG,PRO,148.0,33.109,4.307,26.661,-0.18,2.175,0.0
ATOM,2149.0,CD,PRO,148.0,33.882,5.545,26.99,0.0,2.175,0.0
ATOM,2150.0,HA,PRO,148.0,34.227,3.779,29.634,0.09,1.32,0.0
ATOM,2151.0,HB2,PRO,148.0,33.096,2.461,27.638,0.09,1.32,0.0
ATOM,2152.0,HB3,PRO,148.0,32.304,3.625,28.463,0.09,1.32,0.0
ATOM,2153.0,HG2,PRO,148.0,33.53,3.805,25.889,0.09,1.32,0.0
ATOM,2154.0,HG3,PRO,148.0,32.157,4.527,26.397,0.09,1.32,0.0
ATOM,2155.0,HD2,PRO,148.0,34.488,5.816,26.238,0.09,1.32,0.0
ATOM,2156.0,HD3,PRO,148.0,33.276,6.315,27.212,0.09,1.32,0.0
ATOM,2157.0,N,MET,149.0,35.842,1.91,29.203,-0.47,1.85,0.0
ATOM,2158.0,CA,MET,149.0,36.601,0.707,28.852,0.07,2.275,0.0
ATOM,2159.0,C,MET,149.0,35.592,-0.43,28.895,0.51,2.0,0.0
ATOM,2160.0,O,MET,149.0,34.992,-0.687,29.944,-0.51,1.7,0.0
ATOM,2161.0,CB,MET,149.0,37.814,0.487,29.783,-0.18,2.175,0.11
ATOM,2162.0,CG,MET,149.0,37.533,0.511,31.275,-0.14,2.175,0.0
ATOM,2163.0,SD,MET,149.0,39.014,0.084,32.224,-0.09,2.0,1.53
ATOM,2164.0,CE,MET,149.0,40.087,1.491,31.953,-0.22,2.06,0.15
ATOM,2165.0,H,MET,149.0,35.541,2.139,30.16,0.31,0.2245,0.0
ATOM,2166.0,HA,MET,149.0,36.922,0.803,27.926,0.09,1.32,0.0
ATOM,2167.0,HB2,MET,149.0,38.237,-0.409,29.549,0.09,1.32,0.0
ATOM,2168.0,HB3,MET,149.0,38.509,1.201,29.575,0.09,1.32,0.0
ATOM,2169.0,HG2,MET,149.0,37.198,1.437,31.532,0.09,1.32,0.0
ATOM,2170.0,HG3,MET,149.0,36.777,-0.14,31.479,0.09,1.32,0.0
ATOM,2171.0,HE1,MET,149.0,40.435,1.473,31.014,0.09,1.32,0.0
ATOM,2172.0,HE2,MET,149.0,39.574,2.338,32.1,0.09,1.32,0.0
ATOM,2173.0,HE3,MET,149.0,40.857,1.455,32.592,0.09,1.32,0.0
ATOM,2174.0,N,MET,150.0,35.395,-1.074,27.746,-0.47,1.85,0.0
ATOM,2175.0,CA,MET,150.0,34.265,-1.975,27.527,0.07,2.275,0.0
ATOM,2176.0,C,MET,150.0,34.727,-3.406,27.448,0.51,2.0,0.0
ATOM,2177.0,O,MET,150.0,35.475,-3.767,26.543,-0.51,1.7,0.0
ATOM,2178.0,CB,MET,150.0,33.568,-1.629,26.214,-0.18,2.175,1.13
ATOM,2179.0,CG,MET,150.0,33.031,-0.238,26.151,-0.14,2.175,0.0
ATOM,2180.0,SD,MET,150.0,32.333,0.042,24.531,-0.09,2.0,0.75
ATOM,2181.0,CE,MET,150.0,31.673,1.683,24.786,-0.22,2.06,0.0
ATOM,2182.0,H,MET,150.0,36.117,-0.88,27.015,0.31,0.2245,0.0
ATOM,2183.0,HA,MET,150.0,33.641,-1.884,28.313,0.09,1.32,0.0
ATOM,2184.0,HB2,MET,150.0,34.227,-1.763,25.456,0.09,1.32,0.0
ATOM,2185.0,HB3,MET,150.0,32.807,-2.283,26.073,0.09,1.32,0.64
ATOM,2186.0,HG2,MET,150.0,32.329,-0.114,26.871,0.09,1.32,0.0
ATOM,2187.0,HG3,MET,150.0,33.777,0.422,26.34,0.09,1.32,0.0
ATOM,2188.0,HE1,MET,150.0,32.138,2.332,24.181,0.09,1.32,0.0
ATOM,2189.0,HE2,MET,150.0,30.692,1.688,24.583,0.09,1.32,0.0
ATOM,2190.0,HE3,MET,150.0,31.814,1.96,25.738,0.09,1.32,0.0
ATOM,2191.0,N,ASN,151.0,34.272,-4.228,28.394,-0.47,1.85,0.0
ATOM,2192.0,CA,ASN,151.0,34.559,-5.649,28.366,0.07,2.275,0.0
ATOM,2193.0,C,ASN,151.0,34.301,-6.191,26.972,0.51,2.0,0.0
ATOM,2194.0,O,ASN,151.0,33.29,-5.845,26.35,-0.51,1.7,0.19
ATOM,2195.0,CB,ASN,151.0,33.651,-6.379,29.364,-0.18,2.175,0.0
ATOM,2196.0,CG,ASN,151.0,33.936,-7.853,29.438,0.55,2.0,0.0
ATOM,2197.0,OD1,ASN,151.0,33.305,-8.664,28.741,-0.55,1.7,0.0
ATOM,2198.0,ND2,ASN,151.0,34.865,-8.22,30.293,-0.62,1.85,0.0
ATOM,2199.0,H,ASN,151.0,33.707,-3.766,29.133,0.31,0.2245,0.12
ATOM,2200.0,HA,ASN,151.0,35.538,-5.761,28.549,0.09,1.32,0.0
ATOM,2201.0,HB2,ASN,151.0,33.793,-5.975,30.265,0.09,1.32,1.41
ATOM,2202.0,HB3,ASN,151.0,32.705,-6.244,29.077,0.09,1.32,0.0
ATOM,2203.0,HD22,ASN,151.0,35.34,-7.543,30.858,0.3,0.2245,0.0
ATOM,2204.0,HD21,ASN,151.0,35.109,-9.192,30.389,0.32,0.2245,0.0
ATOM,2205.0,N,ILE,152.0,35.181,-7.068,26.501,-0.47,1.85,0.0
ATOM,2206.0,CA,ILE,152.0,34.998,-7.68,25.184,0.07,2.275,0.0
ATOM,2207.0,C,ILE,152.0,35.353,-9.186,25.144,0.51,2.0,0.0
ATOM,2208.0,O,ILE,152.0,34.625,-9.979,24.559,-0.51,1.7,0.0
ATOM,2209.0,CB,ILE,152.0,35.727,-6.833,24.074,-0.09,2.275,0.0
ATOM,2210.0,CG1,ILE,152.0,35.265,-7.239,22.683,-0.18,2.175,0.0
ATOM,2211.0,CG2,ILE,152.0,37.233,-6.886,24.209,-0.27,2.06,0.0
ATOM,2212.0,CD1,ILE,152.0,33.902,-6.687,22.308,-0.27,2.06,0.99
ATOM,2213.0,H,ILE,152.0,35.978,-7.274,27.123,0.31,0.2245,0.0
ATOM,2214.0,HA,ILE,152.0,34.01,-7.62,24.976,0.09,1.32,0.0
ATOM,2215.0,HB,ILE,152.0,35.482,-5.882,24.229,0.09,1.32,0.0
ATOM,2216.0,HG12,ILE,152.0,35.935,-6.919,22.016,0.09,1.32,0.0
ATOM,2217.0,HG13,ILE,152.0,35.225,-8.237,22.641,0.09,1.32,0.0
ATOM,2218.0,HG21,ILE,152.0,37.654,-6.263,23.549,0.09,1.32,0.0
ATOM,2219.0,HG22,ILE,152.0,37.499,-6.614,25.134,0.09,1.32,0.0
ATOM,2220.0,HG23,ILE,152.0,37.555,-7.817,24.035,0.09,1.32,0.0
ATOM,2221.0,HD11,ILE,152.0,33.932,-5.69,22.334,0.09,1.32,0.14
ATOM,2222.0,HD12,ILE,152.0,33.665,-6.992,21.388,0.09,1.32,0.0
ATOM,2223.0,HD13,ILE,152.0,33.222,-7.02,22.958,0.09,1.32,0.0
ATOM,2224.0,N,ILE,153.0,36.444,-9.565,25.805,-0.47,1.85,0.0
ATOM,2225.0,CA,ILE,153.0,36.878,-10.963,25.866,0.07,2.275,0.0
ATOM,2226.0,C,ILE,153.0,37.251,-11.287,27.307,0.51,2.0,0.0
ATOM,2227.0,O,ILE,153.0,37.993,-10.544,27.952,-0.51,1.7,0.0
ATOM,2228.0,CB,ILE,153.0,38.099,-11.253,24.944,-0.09,2.275,0.0
ATOM,2229.0,CG1,ILE,153.0,37.709,-11.174,23.455,-0.18,2.175,0.0
ATOM,2230.0,CG2,ILE,153.0,38.727,-12.615,25.268,-0.27,2.06,0.0
ATOM,2231.0,CD1,ILE,153.0,36.799,-12.284,22.945,-0.27,2.06,0.0
ATOM,2232.0,H,ILE,153.0,36.96,-8.789,26.272,0.31,0.2245,0.0
ATOM,2233.0,HA,ILE,153.0,36.078,-11.513,25.646,0.09,1.32,0.0
ATOM,2234.0,HB,ILE,153.0,38.783,-10.553,25.12,0.09,1.32,0.0
ATOM,2235.0,HG12,ILE,153.0,37.258,-10.289,23.296,0.09,1.32,0.0
ATOM,2236.0,HG13,ILE,153.0,38.557,-11.183,22.912,0.09,1.32,0.0
ATOM,2237.0,HG21,ILE,153.0,39.544,-12.739,24.711,0.09,1.32,0.0
ATOM,2238.0,HG22,ILE,153.0,38.97,-12.642,26.234,0.09,1.32,0.0
ATOM,2239.0,HG23,ILE,153.0,38.069,-13.335,25.066,0.09,1.32,0.0
ATOM,2240.0,HD11,ILE,153.0,35.945,-12.269,23.46,0.09,1.32,0.0
ATOM,2241.0,HD12,ILE,153.0,36.613,-12.134,21.977,0.09,1.32,0.0
ATOM,2242.0,HD13,ILE,153.0,37.254,-13.162,23.07,0.09,1.32,0.0
ATOM,2243.0,N,ASN,154.0,36.764,-12.425,27.781,-0.47,1.85,0.0
ATOM,2244.0,CA,ASN,154.0,37.047,-12.872,29.134,0.07,2.275,0.0
ATOM,2245.0,C,ASN,154.0,37.924,-14.104,29.187,0.51,2.0,0.0
ATOM,2246.0,O,ASN,154.0,37.887,-14.947,28.285,-0.51,1.7,0.0
ATOM,2247.0,CB,ASN,154.0,35.72,-13.083,29.838,-0.18,2.175,0.86
ATOM,2248.0,CG,ASN,154.0,34.972,-11.793,29.943,0.55,2.0,0.19
ATOM,2249.0,OD1,ASN,154.0,35.184,-10.962,30.87,-0.55,1.7,0.0
ATOM,2250.0,ND2,ASN,154.0,34.0,-11.658,29.068,-0.62,1.85,0.19
ATOM,2251.0,H,ASN,154.0,36.173,-12.959,27.112,0.31,0.2245,0.0
ATOM,2252.0,HA,ASN,154.0,37.557,-12.123,29.595,0.09,1.32,0.0
ATOM,2253.0,HB2,ASN,154.0,35.183,-13.728,29.311,0.09,1.32,0.0
ATOM,2254.0,HB3,ASN,154.0,35.899,-13.43,30.749,0.09,1.32,0.0
ATOM,2255.0,HD22,ASN,154.0,33.78,-12.36,28.399,0.3,0.2245,0.0
ATOM,2256.0,HD21,ASN,154.0,33.444,-10.805,29.068,0.32,0.2245,0.0
ATOM,2257.0,N,GLY,155.0,38.729,-14.19,30.242,-0.47,1.85,0.0
ATOM,2258.0,CA,GLY,155.0,39.579,-15.343,30.462,-0.02,2.175,0.0
ATOM,2259.0,C,GLY,155.0,39.772,-15.613,31.943,0.51,2.0,0.0
ATOM,2260.0,O,GLY,155.0,38.98,-15.168,32.767,-0.51,1.7,0.0
ATOM,2261.0,H,GLY,155.0,38.693,-13.37,30.882,0.31,0.2245,0.0
ATOM,2262.0,HA2,GLY,155.0,39.167,-16.156,30.027,0.09,1.32,0.0
ATOM,2263.0,HA3,GLY,155.0,40.48,-15.187,30.032,0.09,1.32,0.0
ATOM,2264.0,N,GLY,156.0,40.824,-16.36,32.265,-0.47,1.85,0.21
ATOM,2265.0,CA,GLY,156.0,41.133,-16.709,33.656,-0.02,2.175,8.41
ATOM,2266.0,C,GLY,156.0,39.929,-17.287,34.376,0.51,2.0,0.82
ATOM,2267.0,O,GLY,156.0,39.22,-18.133,33.824,-0.51,1.7,8.21
ATOM,2268.0,H,GLY,156.0,41.402,-16.672,31.46,0.31,0.2245,0.0
ATOM,2269.0,HA2,GLY,156.0,41.888,-17.381,33.668,0.09,1.32,7.13
ATOM,2270.0,HA3,GLY,156.0,41.451,-15.881,34.141,0.09,1.32,0.84
ATOM,2271.0,N,GLU,157.0,39.687,-16.816,35.6,-0.47,1.85,0.01
ATOM,2272.0,CA,GLU,157.0,38.559,-17.297,36.402,0.07,2.275,0.15
ATOM,2273.0,C,GLU,157.0,37.189,-16.903,35.835,0.51,2.0,0.0
ATOM,2274.0,O,GLU,157.0,36.16,-17.428,36.273,-0.51,1.7,24.28
ATOM,2275.0,CB,GLU,157.0,38.686,-16.833,37.86,-0.18,2.175,5.19
ATOM,2276.0,CG,GLU,157.0,39.893,-17.421,38.578,-0.28,2.175,1.8
ATOM,2277.0,CD,GLU,157.0,39.786,-18.92,38.711,0.62,2.0,2.58
ATOM,2278.0,OE1,GLU,157.0,38.797,-19.395,39.307,-0.76,1.7,39.16
ATOM,2279.0,OE2,GLU,157.0,40.677,-19.623,38.202,-0.76,1.7,40.04
ATOM,2280.0,H,GLU,157.0,40.354,-16.093,35.929,0.31,0.2245,0.54
ATOM,2281.0,HA,GLU,157.0,38.608,-18.31,36.478,0.09,1.32,3.81
ATOM,2282.0,HB2,GLU,157.0,38.788,-15.858,37.854,0.09,1.32,0.0
ATOM,2283.0,HB3,GLU,157.0,37.882,-17.127,38.337,0.09,1.32,4.99
ATOM,2284.0,HG2,GLU,157.0,40.691,-17.222,38.047,0.09,1.32,0.58
ATOM,2285.0,HG3,GLU,157.0,39.929,-17.041,39.479,0.09,1.32,0.92
ATOM,2286.0,N,HIS,158.0,37.182,-16.007,34.847,-0.47,1.85,0.0
ATOM,2287.0,CA,HIS,158.0,35.923,-15.57,34.251,0.07,2.275,2.43
ATOM,2288.0,C,HIS,158.0,35.598,-16.276,32.932,0.51,2.0,1.86
ATOM,2289.0,O,HIS,158.0,34.754,-15.812,32.161,-0.51,1.7,13.72
ATOM,2290.0,CB,HIS,158.0,35.905,-14.041,34.122,-0.09,2.175,2.85
ATOM,2291.0,CG,HIS,158.0,35.807,-13.338,35.441,-0.05,1.8,0.81
ATOM,2292.0,ND1,HIS,158.0,35.856,-14.001,36.645,-0.36,1.85,4.41
ATOM,2293.0,CD2,HIS,158.0,35.693,-12.02,35.739,0.22,1.8,3.63
ATOM,2294.0,CE1,HIS,158.0,35.755,-13.127,37.631,0.25,1.8,16.93
ATOM,2295.0,NE2,HIS,158.0,35.654,-11.917,37.109,-0.7,1.85,9.27
ATOM,2296.0,H,HIS,158.0,38.108,-15.666,34.555,0.31,0.2245,0.0
ATOM,2297.0,HA,HIS,158.0,35.173,-15.77,34.906,0.09,1.32,4.97
ATOM,2298.0,HB2,HIS,158.0,36.747,-13.743,33.665,0.09,1.32,0.0
ATOM,2299.0,HB3,HIS,158.0,35.118,-13.772,33.56,0.09,1.32,1.77
ATOM,2300.0,HD1,HIS,158.0,35.954,-14.99,36.756,0.32,0.2245,0.96
ATOM,2301.0,HD2,HIS,158.0,35.645,-11.268,35.089,0.1,1.468,0.17
ATOM,2302.0,HE1,HIS,158.0,35.754,-13.342,38.604,0.13,0.9,16.89
ATOM,2303.0,N,ALA,159.0,36.26,-17.406,32.677,-0.47,1.85,0.96
ATOM,2304.0,CA,ALA,159.0,36.008,-18.188,31.469,0.07,2.275,4.06
ATOM,2305.0,C,ALA,159.0,36.42,-19.643,31.681,0.51,2.0,1.53
ATOM,2306.0,O,ALA,159.0,36.91,-20.007,32.755,-0.51,1.7,16.22
ATOM,2307.0,CB,ALA,159.0,36.77,-17.596,30.276,-0.27,2.06,0.0
ATOM,2308.0,H,ALA,159.0,36.956,-17.674,33.399,0.31,0.2245,0.0
ATOM,2309.0,HA,ALA,159.0,35.025,-18.16,31.264,0.09,1.32,5.49
ATOM,2310.0,HB1,ALA,159.0,37.43,-18.266,29.943,0.09,1.32,0.0
ATOM,2311.0,HB2,ALA,159.0,36.122,-17.372,29.551,0.09,1.32,0.0
ATOM,2312.0,HB3,ALA,159.0,37.247,-16.77,30.569,0.09,1.32,0.0
ATOM,2313.0,N,ASP,160.0,36.234,-20.458,30.646,-0.47,1.85,1.16
ATOM,2314.0,CA,ASP,160.0,36.746,-21.822,30.622,0.07,2.275,0.32
ATOM,2315.0,C,ASP,160.0,37.541,-22.023,29.335,0.51,2.0,0.31
ATOM,2316.0,O,ASP,160.0,37.229,-22.898,28.524,-0.51,1.7,8.47
ATOM,2317.0,CB,ASP,160.0,35.597,-22.831,30.75,-0.28,2.175,15.97
ATOM,2318.0,CG,ASP,160.0,36.086,-24.273,30.882,0.62,2.0,3.3
ATOM,2319.0,OD1,ASP,160.0,37.258,-24.502,31.256,-0.76,1.7,35.82
ATOM,2320.0,OD2,ASP,160.0,35.284,-25.179,30.589,-0.76,1.7,46.79
ATOM,2321.0,H,ASP,160.0,35.693,-20.037,29.858,0.31,0.2245,4.13
ATOM,2322.0,HA,ASP,160.0,37.389,-21.914,31.38,0.09,1.32,4.28
ATOM,2323.0,HB2,ASP,160.0,35.073,-22.6,31.561,0.09,1.32,8.99
ATOM,2324.0,HB3,ASP,160.0,35.034,-22.762,29.937,0.09,1.32,8.81
ATOM,2325.0,N,ASN,161.0,38.563,-21.185,29.159,-0.47,1.85,0.0
ATOM,2326.0,CA,ASN,161.0,39.455,-21.219,28.0,0.07,2.275,2.34
ATOM,2327.0,C,ASN,161.0,40.916,-21.246,28.456,0.51,2.0,0.0
ATOM,2328.0,O,ASN,161.0,41.186,-21.453,29.645,-0.51,1.7,17.74
ATOM,2329.0,CB,ASN,161.0,39.176,-20.024,27.065,-0.18,2.175,0.0
ATOM,2330.0,CG,ASN,161.0,39.248,-18.682,27.777,0.55,2.0,0.0
ATOM,2331.0,H,ASN,161.0,38.676,-20.485,29.937,0.31,0.2245,0.31
ATOM,2332.0,HA,ASN,161.0,39.284,-22.081,27.518,0.09,1.32,4.8
ATOM,2333.0,HB2,ASN,161.0,39.855,-20.036,26.336,0.09,1.32,0.0
ATOM,2334.0,HB3,ASN,161.0,38.262,-20.135,26.685,0.09,1.32,0.01
ATOM,2335.0,OD1,ASN,161.0,40.008,-18.506,28.734,-0.55,1.7,0.14
ATOM,2336.0,ND2,ASN,161.0,38.454,-17.725,27.307,-0.62,1.85,0.0
ATOM,2337.0,HD22,ASN,161.0,37.85,-17.911,26.531,0.3,0.2245,0.0
ATOM,2338.0,HD21,ASN,161.0,38.459,-16.818,27.728,0.32,0.2245,0.0
ATOM,2339.0,N,ASN,162.0,41.854,-21.066,27.528,-0.47,1.85,0.55
ATOM,2340.0,CA,ASN,162.0,43.275,-21.049,27.888,0.07,2.275,0.91
ATOM,2341.0,C,ASN,162.0,43.882,-19.646,27.892,0.51,2.0,0.03
ATOM,2342.0,O,ASN,162.0,45.085,-19.467,27.677,-0.51,1.7,0.0
ATOM,2343.0,CB,ASN,162.0,44.08,-22.01,27.001,-0.18,2.175,1.94
ATOM,2344.0,CG,ASN,162.0,43.819,-23.482,27.33,0.55,2.0,2.97
ATOM,2345.0,H,ASN,162.0,41.506,-20.944,26.565,0.31,0.2245,0.54
ATOM,2346.0,HA,ASN,162.0,43.344,-21.403,28.836,0.09,1.32,2.08
ATOM,2347.0,HB2,ASN,162.0,43.826,-21.851,26.052,0.09,1.32,0.0
ATOM,2348.0,HB3,ASN,162.0,45.049,-21.826,27.135,0.09,1.32,0.34
ATOM,2349.0,OD1,ASN,162.0,43.989,-24.354,26.472,-0.55,1.7,40.37
ATOM,2350.0,ND2,ASN,162.0,43.406,-23.766,28.57,-0.62,1.85,19.94
ATOM,2351.0,HD22,ASN,162.0,43.281,-23.013,29.221,0.3,0.2245,4.93
ATOM,2352.0,HD21,ASN,162.0,43.228,-24.703,28.837,0.32,0.2245,21.46
ATOM,2353.0,N,VAL,163.0,43.032,-18.651,28.133,-0.47,1.85,0.0
ATOM,2354.0,CA,VAL,163.0,43.466,-17.273,28.306,0.07,2.275,0.0
ATOM,2355.0,C,VAL,163.0,43.668,-17.028,29.807,0.51,2.0,0.03
ATOM,2356.0,O,VAL,163.0,42.764,-17.285,30.6,-0.51,1.7,3.05
ATOM,2357.0,CB,VAL,163.0,42.4,-16.293,27.73,-0.09,2.275,0.0
ATOM,2358.0,CG1,VAL,163.0,42.794,-14.831,27.981,-0.27,2.06,0.0
ATOM,2359.0,CG2,VAL,163.0,42.162,-16.572,26.24,-0.27,2.06,0.0
ATOM,2360.0,H,VAL,163.0,42.03,-18.946,28.187,0.31,0.2245,0.0
ATOM,2361.0,HA,VAL,163.0,44.347,-17.159,27.859,0.09,1.32,0.0
ATOM,2362.0,HB,VAL,163.0,41.551,-16.453,28.223,0.09,1.32,0.0
ATOM,2363.0,HG11,VAL,163.0,43.081,-14.416,27.12,0.09,1.32,0.0
ATOM,2364.0,HG12,VAL,163.0,42.008,-14.338,28.348,0.09,1.32,0.0
ATOM,2365.0,HG13,VAL,163.0,43.546,-14.802,28.636,0.09,1.32,0.0
ATOM,2366.0,HG21,VAL,163.0,41.496,-15.916,25.89,0.09,1.32,0.0
ATOM,2367.0,HG22,VAL,163.0,43.026,-16.475,25.75,0.09,1.32,0.0
ATOM,2368.0,HG23,VAL,163.0,41.813,-17.501,26.136,0.09,1.32,0.0
ATOM,2369.0,N,ASP,164.0,44.855,-16.564,30.196,-0.47,1.85,0.0
ATOM,2370.0,CA,ASP,164.0,45.159,-16.313,31.618,0.07,2.275,0.18
ATOM,2371.0,C,ASP,164.0,44.618,-14.974,32.127,0.51,2.0,0.0
ATOM,2372.0,O,ASP,164.0,44.145,-14.869,33.265,-0.51,1.7,2.54
ATOM,2373.0,CB,ASP,164.0,46.664,-16.382,31.869,-0.28,2.175,0.03
ATOM,2374.0,CG,ASP,164.0,47.264,-17.706,31.454,0.62,2.0,0.0
ATOM,2375.0,OD1,ASP,164.0,46.799,-18.769,31.922,-0.76,1.7,7.41
ATOM,2376.0,OD2,ASP,164.0,48.207,-17.676,30.654,-0.76,1.7,0.0
ATOM,2377.0,H,ASP,164.0,45.534,-16.397,29.434,0.31,0.2245,0.0
ATOM,2378.0,HA,ASP,164.0,44.696,-17.041,32.149,0.09,1.32,2.76
ATOM,2379.0,HB2,ASP,164.0,47.096,-15.655,31.346,0.09,1.32,0.0
ATOM,2380.0,HB3,ASP,164.0,46.82,-16.249,32.841,0.09,1.32,0.0
ATOM,2381.0,N,ILE,165.0,44.715,-13.945,31.283,-0.47,1.85,0.0
ATOM,2382.0,CA,ILE,165.0,44.226,-12.61,31.607,0.07,2.275,0.0
ATOM,2383.0,C,ILE,165.0,42.71,-12.645,31.818,0.51,2.0,0.0
ATOM,2384.0,O,ILE,165.0,41.984,-13.244,31.016,-0.51,1.7,0.0
ATOM,2385.0,CB,ILE,165.0,44.618,-11.592,30.493,-0.09,2.275,0.0
ATOM,2386.0,CG1,ILE,165.0,46.145,-11.53,30.326,-0.18,2.175,0.0
ATOM,2387.0,CG2,ILE,165.0,44.008,-10.208,30.763,-0.27,2.06,0.0
ATOM,2388.0,CD1,ILE,165.0,46.908,-11.208,31.579,-0.27,2.06,0.0
ATOM,2389.0,H,ILE,165.0,45.171,-14.18,30.372,0.31,0.2245,0.0
ATOM,2390.0,HA,ILE,165.0,44.629,-12.366,32.49,0.09,1.32,0.0
ATOM,2391.0,HB,ILE,165.0,44.226,-11.915,29.64,0.09,1.32,0.0
ATOM,2392.0,HG12,ILE,165.0,46.453,-12.417,29.969,0.09,1.32,0.0
ATOM,2393.0,HG13,ILE,165.0,46.348,-10.833,29.631,0.09,1.32,0.0
ATOM,2394.0,HG21,ILE,165.0,44.215,-9.605,29.997,0.09,1.32,0.0
ATOM,2395.0,HG22,ILE,165.0,43.021,-10.3,30.863,0.09,1.32,0.0
ATOM,2396.0,HG23,ILE,165.0,44.399,-9.837,31.6,0.09,1.32,0.0
ATOM,2397.0,HD11,ILE,165.0,46.726,-11.906,32.273,0.09,1.32,0.0
ATOM,2398.0,HD12,ILE,165.0,47.889,-11.188,31.38,0.09,1.32,0.0
ATOM,2399.0,HD13,ILE,165.0,46.623,-10.314,31.926,0.09,1.32,0.0
ATOM,2400.0,N,GLN,166.0,42.235,-12.03,32.901,-0.47,1.85,0.0
ATOM,2401.0,CA,GLN,166.0,40.809,-12.102,33.253,0.07,2.275,0.0
ATOM,2402.0,C,GLN,166.0,39.902,-11.394,32.249,0.51,2.0,0.0
ATOM,2403.0,O,GLN,166.0,38.846,-11.904,31.886,-0.51,1.7,0.0
ATOM,2404.0,CB,GLN,166.0,40.551,-11.538,34.645,-0.18,2.175,0.0
ATOM,2405.0,CG,GLN,166.0,39.156,-11.86,35.17,-0.18,2.175,0.0
ATOM,2406.0,CD,GLN,166.0,39.09,-11.777,36.687,0.55,2.0,0.0
ATOM,2407.0,H,GLN,166.0,42.934,-11.513,33.457,0.31,0.2245,0.0
ATOM,2408.0,HA,GLN,166.0,40.547,-13.082,33.269,0.09,1.32,0.0
ATOM,2409.0,HB2,GLN,166.0,41.216,-11.924,35.281,0.09,1.32,0.73
ATOM,2410.0,HB3,GLN,166.0,40.648,-10.544,34.616,0.09,1.32,0.0
ATOM,2411.0,HG2,GLN,166.0,38.511,-11.205,34.788,0.09,1.32,0.0
ATOM,2412.0,HG3,GLN,166.0,38.915,-12.784,34.891,0.09,1.32,0.0
ATOM,2413.0,OE1,GLN,166.0,39.383,-12.752,37.386,-0.55,1.7,1.55
ATOM,2414.0,NE2,GLN,166.0,38.713,-10.611,37.202,-0.62,1.85,2.82
ATOM,2415.0,HE21,GLN,166.0,38.633,-10.486,38.206,0.32,0.2245,16.81
ATOM,2416.0,HE22,GLN,166.0,38.505,-9.84,36.569,0.3,0.2245,2.04
ATOM,2417.0,N,GLU,167.0,40.282,-10.194,31.821,-0.47,1.85,0.0
ATOM,2418.0,CA,GLU,167.0,39.504,-9.562,30.763,0.07,2.275,0.0
ATOM,2419.0,C,GLU,167.0,40.293,-8.595,29.916,0.51,2.0,0.0
ATOM,2420.0,O,GLU,167.0,41.255,-7.97,30.376,-0.51,1.7,0.0
ATOM,2421.0,CB,GLU,167.0,38.232,-8.881,31.281,-0.18,2.175,0.0
ATOM,2422.0,CG,GLU,167.0,38.485,-7.69,32.179,-0.28,2.175,0.0
ATOM,2423.0,CD,GLU,167.0,37.212,-6.944,32.556,0.62,2.0,0.0
ATOM,2424.0,OE1,GLU,167.0,36.473,-6.502,31.652,-0.76,1.7,0.43
ATOM,2425.0,OE2,GLU,167.0,36.963,-6.792,33.766,-0.76,1.7,4.23
ATOM,2426.0,H,GLU,167.0,41.1,-9.791,32.265,0.31,0.2245,0.0
ATOM,2427.0,HA,GLU,167.0,39.101,-10.287,30.167,0.09,1.32,0.0
ATOM,2428.0,HB2,GLU,167.0,37.725,-8.566,30.497,0.09,1.32,0.0
ATOM,2429.0,HB3,GLU,167.0,37.728,-9.55,31.8,0.09,1.32,0.0
ATOM,2430.0,HG2,GLU,167.0,38.895,-8.009,33.015,0.09,1.32,0.0
ATOM,2431.0,HG3,GLU,167.0,39.066,-7.054,31.702,0.09,1.32,0.0
ATOM,2432.0,N,PHE,168.0,39.857,-8.497,28.665,-0.47,1.85,0.0
ATOM,2433.0,CA,PHE,168.0,40.356,-7.502,27.736,0.07,2.275,0.0
ATOM,2434.0,C,PHE,168.0,39.183,-6.585,27.408,0.51,2.0,0.0
ATOM,2435.0,O,PHE,168.0,38.034,-7.036,27.312,-0.51,1.7,0.0
ATOM,2436.0,CB,PHE,168.0,40.84,-8.173,26.456,-0.18,2.175,0.0
ATOM,2437.0,CG,PHE,168.0,42.035,-9.063,26.652,0.0,1.9924,0.0
ATOM,2438.0,CD1,PHE,168.0,43.323,-8.561,26.525,-0.115,1.9924,0.0
ATOM,2439.0,CD2,PHE,168.0,41.861,-10.4,26.965,-0.115,1.9924,0.0
ATOM,2440.0,CE1,PHE,168.0,44.442,-9.404,26.708,-0.115,1.9924,0.0
ATOM,2441.0,CE2,PHE,168.0,42.973,-11.234,27.152,-0.115,1.9924,0.0
ATOM,2442.0,CZ,PHE,168.0,44.246,-10.728,27.023,-0.115,1.9924,0.0
ATOM,2443.0,H,PHE,168.0,39.123,-9.2,28.411,0.31,0.2245,0.0
ATOM,2444.0,HA,PHE,168.0,41.022,-6.95,28.222,0.09,1.32,0.0
ATOM,2445.0,HB2,PHE,168.0,40.101,-8.728,26.104,0.09,1.32,0.0
ATOM,2446.0,HB3,PHE,168.0,41.091,-7.462,25.815,0.09,1.32,0.0
ATOM,2447.0,HD1,PHE,168.0,43.475,-7.607,26.306,0.115,1.3582,0.0
ATOM,2448.0,HD2,PHE,168.0,40.945,-10.779,27.06,0.115,1.3582,0.0
ATOM,2449.0,HE1,PHE,168.0,45.36,-9.018,26.603,0.115,1.3582,0.0
ATOM,2450.0,HE2,PHE,168.0,42.82,-12.21,27.381,0.115,1.3582,0.0
ATOM,2451.0,HZ,PHE,168.0,45.043,-11.33,27.16,0.115,1.3582,0.0
ATOM,2452.0,N,MET,169.0,39.491,-5.303,27.24,-0.47,1.85,0.0
ATOM,2453.0,CA,MET,169.0,38.486,-4.278,27.027,0.07,2.275,0.0
ATOM,2454.0,C,MET,169.0,38.904,-3.386,25.889,0.51,2.0,0.0
ATOM,2455.0,O,MET,169.0,40.094,-3.237,25.638,-0.51,1.7,0.0
ATOM,2456.0,CB,MET,169.0,38.36,-3.412,28.279,-0.18,2.175,0.0
ATOM,2457.0,CG,MET,169.0,37.795,-4.153,29.492,-0.14,2.175,0.0
ATOM,2458.0,SD,MET,169.0,37.982,-3.179,30.991,-0.09,2.0,0.08
ATOM,2459.0,CE,MET,169.0,39.618,-3.724,31.503,-0.22,2.06,0.64
ATOM,2460.0,H,MET,169.0,40.517,-5.1,27.275,0.31,0.2245,0.0
ATOM,2461.0,HA,MET,169.0,37.625,-4.73,26.776,0.09,1.32,0.0
ATOM,2462.0,HB2,MET,169.0,39.269,-3.054,28.525,0.09,1.32,0.0
ATOM,2463.0,HB3,MET,169.0,37.756,-2.63,28.08,0.09,1.32,0.0
ATOM,2464.0,HG2,MET,169.0,36.815,-4.363,29.312,0.09,1.32,0.0
ATOM,2465.0,HG3,MET,169.0,38.274,-5.047,29.575,0.09,1.32,0.0
ATOM,2466.0,HE1,MET,169.0,39.739,-3.541,32.478,0.09,1.32,0.0
ATOM,2467.0,HE2,MET,169.0,39.709,-4.705,31.333,0.09,1.32,0.0
ATOM,2468.0,HE3,MET,169.0,40.312,-3.228,30.981,0.09,1.32,0.0
ATOM,2469.0,N,ILE,170.0,37.918,-2.804,25.21,-0.47,1.85,0.0
ATOM,2470.0,CA,ILE,170.0,38.186,-1.752,24.223,0.07,2.275,0.0
ATOM,2471.0,C,ILE,170.0,37.822,-0.371,24.756,0.51,2.0,0.0
ATOM,2472.0,O,ILE,170.0,36.865,-0.225,25.518,-0.51,1.7,0.0
ATOM,2473.0,CB,ILE,170.0,37.44,-2.003,22.886,-0.09,2.275,0.0
ATOM,2474.0,CG1,ILE,170.0,35.936,-2.215,23.111,-0.18,2.175,0.0
ATOM,2475.0,CG2,ILE,170.0,38.063,-3.191,22.139,-0.27,2.06,0.0
ATOM,2476.0,CD1,ILE,170.0,35.119,-2.255,21.806,-0.27,2.06,0.0
ATOM,2477.0,H,ILE,170.0,36.968,-3.149,25.432,0.31,0.2245,0.0
ATOM,2478.0,HA,ILE,170.0,39.182,-1.753,24.078,0.09,1.32,0.0
ATOM,2479.0,HB,ILE,170.0,37.556,-1.193,22.317,0.09,1.32,0.0
ATOM,2480.0,HG12,ILE,170.0,35.802,-3.075,23.592,0.09,1.32,0.0
ATOM,2481.0,HG13,ILE,170.0,35.591,-1.467,23.67,0.09,1.32,0.0
ATOM,2482.0,HG21,ILE,170.0,37.617,-3.29,21.253,0.09,1.32,0.0
ATOM,2483.0,HG22,ILE,170.0,39.036,-3.022,22.01,0.09,1.32,0.0
ATOM,2484.0,HG23,ILE,170.0,37.933,-4.02,22.677,0.09,1.32,0.0
ATOM,2485.0,HD11,ILE,170.0,35.453,-3.006,21.245,0.09,1.32,0.0
ATOM,2486.0,HD12,ILE,170.0,34.161,-2.395,22.035,0.09,1.32,1.09
ATOM,2487.0,HD13,ILE,170.0,35.238,-1.39,21.33,0.09,1.32,0.02
ATOM,2488.0,N,GLN,171.0,38.584,0.646,24.335,-0.47,1.85,0.0
ATOM,2489.0,CA,GLN,171.0,38.293,2.034,24.72,0.07,2.275,0.0
ATOM,2490.0,C,GLN,171.0,38.201,2.855,23.452,0.51,2.0,0.0
ATOM,2491.0,O,GLN,171.0,39.202,2.979,22.753,-0.51,1.7,0.0
ATOM,2492.0,CB,GLN,171.0,39.414,2.614,25.579,-0.18,2.175,0.0
ATOM,2493.0,CG,GLN,171.0,39.632,1.908,26.912,-0.18,2.175,0.0
ATOM,2494.0,CD,GLN,171.0,40.931,2.343,27.579,0.55,2.0,0.0
ATOM,2495.0,H,GLN,171.0,39.377,0.375,23.729,0.31,0.2245,0.0
ATOM,2496.0,HA,GLN,171.0,37.404,2.045,25.165,0.09,1.32,0.0
ATOM,2497.0,HB2,GLN,171.0,40.275,2.569,25.061,0.09,1.32,0.0
ATOM,2498.0,HB3,GLN,171.0,39.207,3.58,25.771,0.09,1.32,0.0
ATOM,2499.0,HG2,GLN,171.0,38.875,2.129,27.52,0.09,1.32,0.0
ATOM,2500.0,HG3,GLN,171.0,39.671,0.926,26.753,0.09,1.32,0.0
ATOM,2501.0,OE1,GLN,171.0,40.931,2.892,28.698,-0.55,1.7,0.31
ATOM,2502.0,NE2,GLN,171.0,42.047,2.104,26.898,-0.62,1.85,0.0
ATOM,2503.0,HE21,GLN,171.0,42.952,2.379,27.273,0.32,0.2245,0.0
ATOM,2504.0,HE22,GLN,171.0,41.983,1.641,25.995,0.3,0.2245,0.0
ATOM,2505.0,N,PRO,172.0,37.007,3.381,23.135,-0.29,1.85,0.0
ATOM,2506.0,CA,PRO,172.0,36.826,4.228,21.943,0.02,2.275,0.0
ATOM,2507.0,C,PRO,172.0,37.363,5.641,22.163,0.51,2.0,0.0
ATOM,2508.0,O,PRO,172.0,36.605,6.618,22.226,-0.51,1.7,0.0
ATOM,2509.0,CB,PRO,172.0,35.309,4.22,21.699,-0.18,2.175,0.0
ATOM,2510.0,CG,PRO,172.0,34.71,3.39,22.782,-0.18,2.175,0.0
ATOM,2511.0,CD,PRO,172.0,35.735,3.151,23.845,0.0,2.175,0.0
ATOM,2512.0,HA,PRO,172.0,37.26,3.802,21.138,0.09,1.32,0.0
ATOM,2513.0,HB2,PRO,172.0,34.945,5.163,21.722,0.09,1.32,0.0
ATOM,2514.0,HB3,PRO,172.0,35.102,3.833,20.789,0.09,1.32,0.0
ATOM,2515.0,HG2,PRO,172.0,33.889,3.859,23.171,0.09,1.32,0.0
ATOM,2516.0,HG3,PRO,172.0,34.373,2.504,22.4,0.09,1.32,0.0
ATOM,2517.0,HD2,PRO,172.0,35.639,3.794,24.604,0.09,1.32,0.0
ATOM,2518.0,HD3,PRO,172.0,35.695,2.214,24.195,0.09,1.32,0.0
ATOM,2519.0,N,VAL,173.0,38.678,5.744,22.276,-0.47,1.85,0.0
ATOM,2520.0,CA,VAL,173.0,39.292,7.026,22.573,0.07,2.275,0.0
ATOM,2521.0,C,VAL,173.0,39.1,8.035,21.442,0.51,2.0,0.02
ATOM,2522.0,O,VAL,173.0,39.079,9.245,21.701,-0.51,1.7,4.38
ATOM,2523.0,CB,VAL,173.0,40.794,6.894,22.943,-0.09,2.275,0.0
ATOM,2524.0,CG1,VAL,173.0,40.945,6.154,24.279,-0.27,2.06,0.0
ATOM,2525.0,CG2,VAL,173.0,41.591,6.205,21.841,-0.27,2.06,0.06
ATOM,2526.0,H,VAL,173.0,39.205,4.868,22.14,0.31,0.2245,0.0
ATOM,2527.0,HA,VAL,173.0,38.851,7.405,23.401,0.09,1.32,0.0
ATOM,2528.0,HB,VAL,173.0,41.151,7.808,23.078,0.09,1.32,0.0
ATOM,2529.0,HG11,VAL,173.0,41.025,5.175,24.104,0.09,1.32,0.0
ATOM,2530.0,HG12,VAL,173.0,41.764,6.482,24.744,0.09,1.32,0.0
ATOM,2531.0,HG13,VAL,173.0,40.142,6.331,24.844,0.09,1.32,0.0
ATOM,2532.0,HG21,VAL,173.0,42.198,5.525,22.25,0.09,1.32,0.0
ATOM,2533.0,HG22,VAL,173.0,40.959,5.757,21.209,0.09,1.32,0.0
ATOM,2534.0,HG23,VAL,173.0,42.132,6.888,21.35,0.09,1.32,0.97
ATOM,2535.0,N,GLY,174.0,38.927,7.533,20.218,-0.47,1.85,0.0
ATOM,2536.0,CA,GLY,174.0,38.811,8.38,19.024,-0.02,2.175,2.93
ATOM,2537.0,C,GLY,174.0,37.453,9.018,18.824,0.51,2.0,0.45
ATOM,2538.0,O,GLY,174.0,37.301,9.896,17.967,-0.51,1.7,14.85
ATOM,2539.0,H,GLY,174.0,38.881,6.492,20.181,0.31,0.2245,0.0
ATOM,2540.0,HA2,GLY,174.0,39.525,9.112,19.072,0.09,1.32,10.06
ATOM,2541.0,HA3,GLY,174.0,39.046,7.818,18.201,0.09,1.32,0.0
ATOM,2542.0,N,ALA,175.0,36.456,8.556,19.586,-0.47,1.85,0.0
ATOM,2543.0,CA,ALA,175.0,35.129,9.16,19.581,0.07,2.275,0.0
ATOM,2544.0,C,ALA,175.0,35.178,10.614,20.024,0.51,2.0,0.0
ATOM,2545.0,O,ALA,175.0,36.034,10.993,20.822,-0.51,1.7,0.69
ATOM,2546.0,CB,ALA,175.0,34.193,8.376,20.502,-0.27,2.06,0.0
ATOM,2547.0,H,ALA,175.0,36.711,7.736,20.176,0.31,0.2245,0.0
ATOM,2548.0,HA,ALA,175.0,34.759,9.121,18.642,0.09,1.32,0.0
ATOM,2549.0,HB1,ALA,175.0,33.246,8.584,20.265,0.09,1.32,0.0
ATOM,2550.0,HB2,ALA,175.0,34.36,7.398,20.388,0.09,1.32,0.0
ATOM,2551.0,HB3,ALA,175.0,34.366,8.638,21.45,0.09,1.32,0.0
ATOM,2552.0,N,LYS,176.0,34.237,11.421,19.533,-0.47,1.85,0.0
ATOM,2553.0,CA,LYS,176.0,34.174,12.823,19.943,0.07,2.275,0.0
ATOM,2554.0,C,LYS,176.0,33.066,13.143,20.949,0.51,2.0,0.0
ATOM,2555.0,O,LYS,176.0,33.032,14.245,21.508,-0.51,1.7,10.15
ATOM,2556.0,CB,LYS,176.0,34.092,13.745,18.715,-0.18,2.175,10.26
ATOM,2557.0,CG,LYS,176.0,35.214,13.537,17.704,-0.18,2.175,14.79
ATOM,2558.0,CD,LYS,176.0,36.587,13.533,18.349,-0.18,2.175,2.66
ATOM,2559.0,CE,LYS,176.0,37.009,14.894,18.884,0.21,2.175,14.93
ATOM,2560.0,NZ,LYS,176.0,38.414,14.868,19.414,-0.3,1.85,14.49
ATOM,2561.0,H,LYS,176.0,33.585,10.986,18.866,0.31,0.2245,0.0
ATOM,2562.0,HA,LYS,176.0,35.07,13.08,20.361,0.09,1.32,0.07
ATOM,2563.0,HB2,LYS,176.0,33.222,13.575,18.258,0.09,1.32,4.35
ATOM,2564.0,HB3,LYS,176.0,34.128,14.689,19.035,0.09,1.32,4.93
ATOM,2565.0,HG2,LYS,176.0,35.071,12.658,17.238,0.09,1.32,2.35
ATOM,2566.0,HG3,LYS,176.0,35.176,14.273,17.022,0.09,1.32,10.31
ATOM,2567.0,HD2,LYS,176.0,36.584,12.881,19.112,0.09,1.32,0.0
ATOM,2568.0,HD3,LYS,176.0,37.264,13.238,17.67,0.09,1.32,8.67
ATOM,2569.0,HE2,LYS,176.0,36.954,15.568,18.146,0.05,1.32,10.3
ATOM,2570.0,HE3,LYS,176.0,36.389,15.162,19.623,0.05,1.32,4.01
ATOM,2571.0,HZ1,LYS,176.0,38.607,13.96,19.778,0.33,0.2245,11.83
ATOM,2572.0,HZ2,LYS,176.0,39.045,15.078,18.671,0.33,0.2245,19.67
ATOM,2573.0,HZ3,LYS,176.0,38.501,15.55,20.137,0.33,0.2245,19.41
ATOM,2574.0,N,THR,177.0,32.187,12.162,21.189,-0.47,1.85,0.0
ATOM,2575.0,CA,THR,177.0,31.121,12.25,22.184,0.07,2.275,0.0
ATOM,2576.0,C,THR,177.0,30.943,10.848,22.767,0.51,2.0,0.0
ATOM,2577.0,O,THR,177.0,31.365,9.862,22.141,-0.51,1.7,0.0
ATOM,2578.0,CB,THR,177.0,29.772,12.649,21.545,0.14,2.275,0.55
ATOM,2579.0,OG1,THR,177.0,29.41,11.683,20.539,-0.66,1.77,5.1
ATOM,2580.0,CG2,THR,177.0,29.856,14.065,20.933,-0.27,2.06,32.06
ATOM,2581.0,H,THR,177.0,32.334,11.31,20.589,0.31,0.2245,0.0
ATOM,2582.0,HA,THR,177.0,31.411,12.857,22.911,0.09,1.32,0.21
ATOM,2583.0,HB,THR,177.0,29.052,12.64,22.266,0.09,1.32,0.0
ATOM,2584.0,HG21,THR,177.0,28.966,14.51,21.012,0.09,1.32,10.41
ATOM,2585.0,HG22,THR,177.0,30.543,14.596,21.426,0.09,1.32,3.42
ATOM,2586.0,HG23,THR,177.0,30.112,13.992,19.971,0.09,1.32,5.23
ATOM,2587.0,HG1,THR,177.0,30.115,11.647,19.825,0.43,0.2245,2.13
ATOM,2588.0,N,VAL,178.0,30.29,10.759,23.931,-0.47,1.85,0.0
ATOM,2589.0,CA,VAL,178.0,30.02,9.431,24.531,0.07,2.275,0.0
ATOM,2590.0,C,VAL,178.0,29.037,8.635,23.669,0.51,2.0,0.0
ATOM,2591.0,O,VAL,178.0,29.131,7.411,23.589,-0.51,1.7,0.0
ATOM,2592.0,CB,VAL,178.0,29.583,9.497,26.021,-0.09,2.275,0.0
ATOM,2593.0,CG1,VAL,178.0,28.064,9.652,26.163,-0.27,2.06,0.0
ATOM,2594.0,CG2,VAL,178.0,30.078,8.272,26.777,-0.27,2.06,0.0
ATOM,2595.0,H,VAL,178.0,30.005,11.644,24.354,0.31,0.2245,0.0
ATOM,2596.0,HA,VAL,178.0,30.887,8.928,24.561,0.09,1.32,0.0
ATOM,2597.0,HB,VAL,178.0,29.996,10.313,26.419,0.09,1.32,0.0
ATOM,2598.0,HG11,VAL,178.0,27.867,10.269,26.922,0.09,1.32,0.0
ATOM,2599.0,HG12,VAL,178.0,27.692,10.028,25.317,0.09,1.32,0.0
ATOM,2600.0,HG13,VAL,178.0,27.658,8.758,26.341,0.09,1.32,0.0
ATOM,2601.0,HG21,VAL,178.0,30.401,8.551,27.681,0.09,1.32,0.0
ATOM,2602.0,HG22,VAL,178.0,29.328,7.619,26.874,0.09,1.32,0.0
ATOM,2603.0,HG23,VAL,178.0,30.828,7.85,26.267,0.09,1.32,0.0
ATOM,2604.0,N,LYS,179.0,28.112,9.328,23.0,-0.47,1.85,0.0
ATOM,2605.0,CA,LYS,179.0,27.18,8.654,22.099,0.07,2.275,0.0
ATOM,2606.0,C,LYS,179.0,27.949,7.95,20.98,0.51,2.0,0.0
ATOM,2607.0,O,LYS,179.0,27.67,6.792,20.654,-0.51,1.7,0.8
ATOM,2608.0,CB,LYS,179.0,26.15,9.633,21.536,-0.18,2.175,1.3
ATOM,2609.0,CG,LYS,179.0,25.348,9.077,20.379,-0.18,2.175,1.93
ATOM,2610.0,CD,LYS,179.0,24.091,9.886,20.112,-0.18,2.175,14.53
ATOM,2611.0,CE,LYS,179.0,23.353,9.346,18.896,0.21,2.175,20.42
ATOM,2612.0,NZ,LYS,179.0,22.679,8.051,19.135,-0.3,1.85,11.57
ATOM,2613.0,H,LYS,179.0,28.116,10.344,23.171,0.31,0.2245,0.0
ATOM,2614.0,HA,LYS,179.0,26.665,7.966,22.616,0.09,1.32,0.0
ATOM,2615.0,HB2,LYS,179.0,25.52,9.877,22.27,0.09,1.32,0.95
ATOM,2616.0,HB3,LYS,179.0,26.635,10.448,21.224,0.09,1.32,1.42
ATOM,2617.0,HG2,LYS,179.0,25.917,9.083,19.551,0.09,1.32,4.25
ATOM,2618.0,HG3,LYS,179.0,25.085,8.13,20.585,0.09,1.32,0.55
ATOM,2619.0,HD2,LYS,179.0,23.492,9.822,20.9,0.09,1.32,0.68
ATOM,2620.0,HD3,LYS,179.0,24.344,10.828,19.936,0.09,1.32,10.37
ATOM,2621.0,HE2,LYS,179.0,22.666,10.031,18.606,0.05,1.32,12.32
ATOM,2622.0,HE3,LYS,179.0,24.015,9.241,18.137,0.05,1.32,9.93
ATOM,2623.0,HZ1,LYS,179.0,21.803,8.208,19.593,0.33,0.2245,16.04
ATOM,2624.0,HZ2,LYS,179.0,22.518,7.59,18.261,0.33,0.2245,20.52
ATOM,2625.0,HZ3,LYS,179.0,23.257,7.473,19.713,0.33,0.2245,5.81
ATOM,2626.0,N,GLU,180.0,28.93,8.643,20.401,-0.47,1.85,0.08
ATOM,2627.0,CA,GLU,180.0,29.751,8.024,19.379,0.07,2.275,0.88
ATOM,2628.0,C,GLU,180.0,30.559,6.849,19.949,0.51,2.0,0.0
ATOM,2629.0,O,GLU,180.0,30.691,5.819,19.291,-0.51,1.7,0.0
ATOM,2630.0,CB,GLU,180.0,30.693,9.058,18.74,-0.18,2.175,1.38
ATOM,2631.0,CG,GLU,180.0,31.478,8.492,17.545,-0.28,2.175,1.05
ATOM,2632.0,CD,GLU,180.0,32.447,9.488,16.908,0.62,2.0,2.81
ATOM,2633.0,OE1,GLU,180.0,32.588,10.615,17.404,-0.76,1.7,7.44
ATOM,2634.0,OE2,GLU,180.0,33.069,9.117,15.881,-0.76,1.7,26.55
ATOM,2635.0,H,GLU,180.0,29.042,9.61,20.733,0.31,0.2245,0.0
ATOM,2636.0,HA,GLU,180.0,29.171,7.688,18.626,0.09,1.32,0.0
ATOM,2637.0,HB2,GLU,180.0,30.147,9.796,18.408,0.09,1.32,5.51
ATOM,2638.0,HB3,GLU,180.0,31.344,9.33,19.415,0.09,1.32,0.0
ATOM,2639.0,HG2,GLU,180.0,32.008,7.726,17.865,0.09,1.32,0.0
ATOM,2640.0,HG3,GLU,180.0,30.83,8.226,16.853,0.09,1.32,0.0
ATOM,2641.0,N,ALA,181.0,31.093,7.015,21.159,-0.47,1.85,0.0
ATOM,2642.0,CA,ALA,181.0,31.882,5.951,21.806,0.07,2.275,0.0
ATOM,2643.0,C,ALA,181.0,31.042,4.688,21.954,0.51,2.0,0.0
ATOM,2644.0,O,ALA,181.0,31.491,3.577,21.667,-0.51,1.7,0.0
ATOM,2645.0,CB,ALA,181.0,32.383,6.42,23.159,-0.27,2.06,0.0
ATOM,2646.0,H,ALA,181.0,30.912,7.933,21.598,0.31,0.2245,0.0
ATOM,2647.0,HA,ALA,181.0,32.675,5.747,21.227,0.09,1.32,0.0
ATOM,2648.0,HB1,ALA,181.0,31.812,7.173,23.487,0.09,1.32,0.0
ATOM,2649.0,HB2,ALA,181.0,32.342,5.665,23.814,0.09,1.32,0.0
ATOM,2650.0,HB3,ALA,181.0,33.329,6.735,23.077,0.09,1.32,0.0
ATOM,2651.0,N,ILE,182.0,29.802,4.881,22.379,-0.47,1.85,0.0
ATOM,2652.0,CA,ILE,182.0,28.863,3.78,22.541,0.07,2.275,0.0
ATOM,2653.0,C,ILE,182.0,28.565,3.106,21.202,0.51,2.0,0.0
ATOM,2654.0,O,ILE,182.0,28.564,1.878,21.114,-0.51,1.7,0.0
ATOM,2655.0,CB,ILE,182.0,27.597,4.261,23.296,-0.09,2.275,0.0
ATOM,2656.0,CG1,ILE,182.0,27.983,4.572,24.758,-0.18,2.175,0.0
ATOM,2657.0,CG2,ILE,182.0,26.444,3.234,23.182,-0.27,2.06,12.94
ATOM,2658.0,CD1,ILE,182.0,26.982,5.465,25.504,-0.27,2.06,0.0
ATOM,2659.0,H,ILE,182.0,29.561,5.873,22.584,0.31,0.2245,0.0
ATOM,2660.0,HA,ILE,182.0,29.326,3.092,23.109,0.09,1.32,0.0
ATOM,2661.0,HB,ILE,182.0,27.293,5.099,22.877,0.09,1.32,0.0
ATOM,2662.0,HG12,ILE,182.0,28.069,3.709,25.251,0.09,1.32,0.0
ATOM,2663.0,HG13,ILE,182.0,28.871,5.03,24.755,0.09,1.32,0.0
ATOM,2664.0,HG21,ILE,182.0,25.642,3.6,23.642,0.09,1.32,0.0
ATOM,2665.0,HG22,ILE,182.0,26.246,3.08,22.22,0.09,1.32,3.38
ATOM,2666.0,HG23,ILE,182.0,26.728,2.384,23.614,0.09,1.32,0.0
ATOM,2667.0,HD11,ILE,182.0,26.097,5.009,25.522,0.09,1.32,0.0
ATOM,2668.0,HD12,ILE,182.0,27.312,5.61,26.432,0.09,1.32,0.0
ATOM,2669.0,HD13,ILE,182.0,26.91,6.335,25.025,0.09,1.32,0.0
ATOM,2670.0,N,ARG,183.0,28.347,3.903,20.155,-0.47,1.85,0.18
ATOM,2671.0,CA,ARG,183.0,28.104,3.317,18.831,0.07,2.275,1.35
ATOM,2672.0,C,ARG,183.0,29.323,2.512,18.351,0.51,2.0,0.0
ATOM,2673.0,O,ARG,183.0,29.187,1.406,17.842,-0.51,1.7,0.0
ATOM,2674.0,CB,ARG,183.0,27.716,4.387,17.804,-0.18,2.175,1.9
ATOM,2675.0,CG,ARG,183.0,27.575,3.785,16.428,-0.18,2.175,1.86
ATOM,2676.0,CD,ARG,183.0,27.047,4.787,15.407,0.2,2.175,20.04
ATOM,2677.0,NE,ARG,183.0,27.931,5.937,15.229,-0.7,1.85,4.61
ATOM,2678.0,CZ,ARG,183.0,29.014,5.941,14.46,0.64,2.0,1.67
ATOM,2679.0,NH1,ARG,183.0,29.366,4.842,13.792,-0.8,1.85,10.97
ATOM,2680.0,NH2,ARG,183.0,29.738,7.056,14.352,-0.8,1.85,13.93
ATOM,2681.0,H,ARG,183.0,28.363,4.907,20.346,0.31,0.2245,0.0
ATOM,2682.0,HA,ARG,183.0,27.316,2.695,18.891,0.09,1.32,2.91
ATOM,2683.0,HB2,ARG,183.0,26.85,4.769,18.071,0.09,1.32,5.43
ATOM,2684.0,HB3,ARG,183.0,28.429,5.063,17.78,0.09,1.32,0.0
ATOM,2685.0,HG2,ARG,183.0,28.466,3.461,16.106,0.09,1.32,0.0
ATOM,2686.0,HG3,ARG,183.0,26.935,3.015,16.459,0.09,1.32,6.82
ATOM,2687.0,HD2,ARG,183.0,26.944,4.311,14.534,0.09,1.32,4.11
ATOM,2688.0,HD3,ARG,183.0,26.152,5.104,15.722,0.09,1.32,10.22
ATOM,2689.0,HE,ARG,183.0,27.703,6.785,15.724,0.44,0.2245,8.93
ATOM,2690.0,HH11,ARG,183.0,28.816,4.015,13.843,0.46,0.2245,0.0
ATOM,2691.0,HH12,ARG,183.0,30.199,4.852,13.228,0.46,0.2245,8.63
ATOM,2692.0,HH21,ARG,183.0,29.45,7.884,14.834,0.46,0.2245,9.37
ATOM,2693.0,HH22,ARG,183.0,30.563,7.063,13.791,0.46,0.2245,11.0
ATOM,2694.0,N,MET,184.0,30.519,3.081,18.496,-0.47,1.85,0.0
ATOM,2695.0,CA,MET,184.0,31.748,2.375,18.129,0.07,2.275,0.0
ATOM,2696.0,C,MET,184.0,31.857,1.044,18.855,0.51,2.0,0.0
ATOM,2697.0,O,MET,184.0,32.143,0.0,18.24,-0.51,1.7,0.0
ATOM,2698.0,CB,MET,184.0,32.975,3.227,18.419,-0.18,2.175,0.0
ATOM,2699.0,CG,MET,184.0,32.996,4.497,17.587,-0.14,2.175,0.0
ATOM,2700.0,SD,MET,184.0,34.348,5.572,18.054,-0.09,2.0,1.53
ATOM,2701.0,CE,MET,184.0,35.756,4.485,17.851,-0.22,2.06,0.86
ATOM,2702.0,H,MET,184.0,30.504,4.041,18.881,0.31,0.2245,0.0
ATOM,2703.0,HA,MET,184.0,31.717,2.191,17.139,0.09,1.32,0.0
ATOM,2704.0,HB2,MET,184.0,32.979,3.481,19.387,0.09,1.32,0.0
ATOM,2705.0,HB3,MET,184.0,33.8,2.698,18.213,0.09,1.32,0.0
ATOM,2706.0,HG2,MET,184.0,33.058,4.236,16.6,0.09,1.32,0.0
ATOM,2707.0,HG3,MET,184.0,32.096,4.971,17.695,0.09,1.32,0.0
ATOM,2708.0,HE1,MET,184.0,36.456,4.941,17.299,0.09,1.32,0.41
ATOM,2709.0,HE2,MET,184.0,36.138,4.258,18.748,0.09,1.32,0.0
ATOM,2710.0,HE3,MET,184.0,35.468,3.644,17.391,0.09,1.32,0.0
ATOM,2711.0,N,GLY,185.0,31.603,1.088,20.16,-0.47,1.85,0.04
ATOM,2712.0,CA,GLY,185.0,31.585,-0.119,20.992,-0.02,2.175,0.0
ATOM,2713.0,C,GLY,185.0,30.603,-1.171,20.477,0.51,2.0,0.0
ATOM,2714.0,O,GLY,185.0,30.956,-2.362,20.32,-0.51,1.7,0.68
ATOM,2715.0,H,GLY,185.0,31.42,2.04,20.537,0.31,0.2245,0.0
ATOM,2716.0,HA2,GLY,185.0,32.515,-0.518,21.02,0.09,1.32,0.0
ATOM,2717.0,HA3,GLY,185.0,31.334,0.133,21.939,0.09,1.32,0.0
ATOM,2718.0,N,SER,186.0,29.373,-0.741,20.216,-0.47,1.85,0.0
ATOM,2719.0,CA,SER,186.0,28.343,-1.618,19.658,0.07,2.275,0.0
ATOM,2720.0,C,SER,186.0,28.801,-2.295,18.359,0.51,2.0,0.0
ATOM,2721.0,O,SER,186.0,28.665,-3.512,18.199,-0.51,1.7,0.0
ATOM,2722.0,CB,SER,186.0,27.037,-0.868,19.419,0.05,2.175,9.75
ATOM,2723.0,OG,SER,186.0,26.102,-1.684,18.716,-0.66,1.77,16.35
ATOM,2724.0,H,SER,186.0,29.206,0.262,20.44,0.31,0.2245,0.0
ATOM,2725.0,HA,SER,186.0,28.153,-2.346,20.332,0.09,1.32,0.0
ATOM,2726.0,HB2,SER,186.0,26.643,-0.614,20.296,0.09,1.32,1.15
ATOM,2727.0,HB3,SER,186.0,27.224,-0.056,18.875,0.09,1.32,0.0
ATOM,2728.0,HG,SER,186.0,26.52,-2.568,18.52,0.43,0.2245,0.0
ATOM,2729.0,N,GLU,187.0,29.339,-1.501,17.43,-0.47,1.85,0.0
ATOM,2730.0,CA,GLU,187.0,29.749,-2.048,16.128,0.07,2.275,0.21
ATOM,2731.0,C,GLU,187.0,30.87,-3.064,16.261,0.51,2.0,0.0
ATOM,2732.0,O,GLU,187.0,30.83,-4.109,15.637,-0.51,1.7,0.0
ATOM,2733.0,CB,GLU,187.0,30.15,-0.911,15.183,-0.18,2.175,0.5
ATOM,2734.0,CG,GLU,187.0,28.951,0.015,14.893,-0.28,2.175,10.96
ATOM,2735.0,CD,GLU,187.0,29.332,1.306,14.213,0.62,2.0,2.99
ATOM,2736.0,OE1,GLU,187.0,30.545,1.578,14.087,-0.76,1.7,4.48
ATOM,2737.0,OE2,GLU,187.0,28.41,2.065,13.84,-0.76,1.7,17.81
ATOM,2738.0,H,GLU,187.0,29.438,-0.513,17.693,0.31,0.2245,0.0
ATOM,2739.0,HA,GLU,187.0,28.95,-2.48,15.683,0.09,1.32,2.56
ATOM,2740.0,HB2,GLU,187.0,30.828,-0.376,15.623,0.09,1.32,0.0
ATOM,2741.0,HB3,GLU,187.0,30.425,-1.3,14.339,0.09,1.32,0.63
ATOM,2742.0,HG2,GLU,187.0,28.336,-0.475,14.299,0.09,1.32,10.68
ATOM,2743.0,HG3,GLU,187.0,28.53,0.236,15.756,0.09,1.32,0.0
ATOM,2744.0,N,VAL,188.0,31.865,-2.759,17.087,-0.47,1.85,0.0
ATOM,2745.0,CA,VAL,188.0,32.956,-3.719,17.32,0.07,2.275,0.0
ATOM,2746.0,C,VAL,188.0,32.442,-5.008,17.966,0.51,2.0,0.0
ATOM,2747.0,O,VAL,188.0,32.827,-6.115,17.577,-0.51,1.7,0.0
ATOM,2748.0,CB,VAL,188.0,34.102,-3.087,18.139,-0.09,2.275,0.0
ATOM,2749.0,CG1,VAL,188.0,35.167,-4.134,18.49,-0.27,2.06,0.0
ATOM,2750.0,CG2,VAL,188.0,34.721,-1.888,17.38,-0.27,2.06,0.0
ATOM,2751.0,H,VAL,188.0,31.812,-1.836,17.531,0.31,0.2245,0.0
ATOM,2752.0,HA,VAL,188.0,33.355,-3.957,16.426,0.09,1.32,0.0
ATOM,2753.0,HB,VAL,188.0,33.72,-2.767,19.0,0.09,1.32,0.0
ATOM,2754.0,HG11,VAL,188.0,34.759,-5.044,18.449,0.09,1.32,0.0
ATOM,2755.0,HG12,VAL,188.0,35.917,-4.071,17.835,0.09,1.32,0.0
ATOM,2756.0,HG13,VAL,188.0,35.508,-3.959,19.411,0.09,1.32,0.0
ATOM,2757.0,HG21,VAL,188.0,34.068,-1.574,16.697,0.09,1.32,0.0
ATOM,2758.0,HG22,VAL,188.0,34.913,-1.163,18.035,0.09,1.32,0.0
ATOM,2759.0,HG23,VAL,188.0,35.562,-2.19,16.942,0.09,1.32,0.0
ATOM,2760.0,N,PHE,189.0,31.572,-4.85,18.958,-0.47,1.85,0.0
ATOM,2761.0,CA,PHE,189.0,30.927,-5.977,19.644,0.07,2.275,0.0
ATOM,2762.0,C,PHE,189.0,30.228,-6.915,18.655,0.51,2.0,0.0
ATOM,2763.0,O,PHE,189.0,30.384,-8.134,18.724,-0.51,1.7,0.0
ATOM,2764.0,CB,PHE,189.0,29.953,-5.414,20.693,-0.18,2.175,0.0
ATOM,2765.0,CG,PHE,189.0,29.112,-6.455,21.386,0.0,1.9924,0.0
ATOM,2766.0,CD1,PHE,189.0,29.619,-7.194,22.455,-0.115,1.9924,0.0
ATOM,2767.0,CD2,PHE,189.0,27.79,-6.655,21.006,-0.115,1.9924,0.0
ATOM,2768.0,CE1,PHE,189.0,28.825,-8.151,23.097,-0.115,1.9924,0.0
ATOM,2769.0,CE2,PHE,189.0,26.994,-7.609,21.649,-0.115,1.9924,2.77
ATOM,2770.0,CZ,PHE,189.0,27.52,-8.354,22.697,-0.115,1.9924,1.86
ATOM,2771.0,H,PHE,189.0,31.383,-3.853,19.212,0.31,0.2245,0.0
ATOM,2772.0,HA,PHE,189.0,31.661,-6.511,20.08,0.09,1.32,0.0
ATOM,2773.0,HB2,PHE,189.0,30.49,-4.947,21.381,0.09,1.32,1.25
ATOM,2774.0,HB3,PHE,189.0,29.343,-4.786,20.23,0.09,1.32,0.0
ATOM,2775.0,HD1,PHE,189.0,30.548,-7.044,22.768,0.115,1.3582,0.0
ATOM,2776.0,HD2,PHE,189.0,27.399,-6.111,20.264,0.115,1.3582,0.0
ATOM,2777.0,HE1,PHE,189.0,29.223,-8.688,23.853,0.115,1.3582,0.0
ATOM,2778.0,HE2,PHE,189.0,26.042,-7.749,21.344,0.115,1.3582,8.32
ATOM,2779.0,HZ,PHE,189.0,26.953,-9.036,23.161,0.115,1.3582,1.79
ATOM,2780.0,N,HIS,190.0,29.492,-6.346,17.704,-0.47,1.85,0.0
ATOM,2781.0,CA,HIS,190.0,28.805,-7.165,16.7,0.07,2.275,0.07
ATOM,2782.0,C,HIS,190.0,29.738,-7.815,15.688,0.51,2.0,0.0
ATOM,2783.0,O,HIS,190.0,29.567,-8.992,15.326,-0.51,1.7,0.77
ATOM,2784.0,CB,HIS,190.0,27.686,-6.382,16.03,-0.09,2.175,11.49
ATOM,2785.0,CG,HIS,190.0,26.554,-6.085,16.963,-0.05,1.8,0.91
ATOM,2786.0,H,HIS,190.0,29.448,-5.318,17.732,0.31,0.2245,0.0
ATOM,2787.0,HA,HIS,190.0,28.301,-7.903,17.188,0.09,1.32,0.0
ATOM,2788.0,HB2,HIS,190.0,28.049,-5.512,15.689,0.09,1.32,0.74
ATOM,2789.0,HB3,HIS,190.0,27.327,-6.913,15.259,0.09,1.32,3.32
ATOM,2790.0,ND1,HIS,190.0,26.162,-4.807,17.293,-0.36,1.85,6.18
ATOM,2791.0,CD2,HIS,190.0,25.769,-6.917,17.686,0.22,1.8,13.05
ATOM,2792.0,CE1,HIS,190.0,25.157,-4.863,18.15,0.25,1.8,15.71
ATOM,2793.0,NE2,HIS,190.0,24.895,-6.131,18.403,-0.7,1.85,21.59
ATOM,2794.0,HD1,HIS,190.0,26.574,-3.967,16.938,0.32,0.2245,3.44
ATOM,2795.0,HD2,HIS,190.0,25.813,-7.912,17.7,0.1,1.468,10.21
ATOM,2796.0,HE1,HIS,190.0,24.68,-4.08,18.54,0.13,0.9,9.6
ATOM,2797.0,N,HIS,191.0,30.745,-7.061,15.255,-0.47,1.85,0.0
ATOM,2798.0,CA,HIS,191.0,31.73,-7.638,14.349,0.07,2.275,0.0
ATOM,2799.0,C,HIS,191.0,32.498,-8.778,15.017,0.51,2.0,0.0
ATOM,2800.0,O,HIS,191.0,32.811,-9.772,14.366,-0.51,1.7,0.0
ATOM,2801.0,CB,HIS,191.0,32.638,-6.573,13.754,-0.09,2.175,0.0
ATOM,2802.0,CG,HIS,191.0,32.033,-5.922,12.553,-0.05,1.8,0.0
ATOM,2803.0,H,HIS,191.0,30.763,-6.098,15.596,0.31,0.2245,0.0
ATOM,2804.0,HA,HIS,191.0,31.247,-8.013,13.548,0.09,1.32,0.0
ATOM,2805.0,HB2,HIS,191.0,32.814,-5.867,14.441,0.09,1.32,0.0
ATOM,2806.0,HB3,HIS,191.0,33.505,-6.993,13.482,0.09,1.32,0.0
ATOM,2807.0,ND1,HIS,191.0,31.455,-4.671,12.583,-0.36,1.85,0.1
ATOM,2808.0,CD2,HIS,191.0,31.838,-6.401,11.301,0.22,1.8,2.83
ATOM,2809.0,CE1,HIS,191.0,30.972,-4.385,11.382,0.25,1.8,14.04
ATOM,2810.0,NE2,HIS,191.0,31.195,-5.417,10.588,-0.7,1.85,19.6
ATOM,2811.0,HD1,HIS,191.0,31.408,-4.075,13.382,0.32,0.2245,0.0
ATOM,2812.0,HD2,HIS,191.0,32.108,-7.296,10.96,0.1,1.468,5.92
ATOM,2813.0,HE1,HIS,191.0,30.518,-3.538,11.125,0.13,0.9,14.85
ATOM,2814.0,N,LEU,192.0,32.758,-8.658,16.319,-0.47,1.85,0.0
ATOM,2815.0,CA,LEU,192.0,33.419,-9.742,17.035,0.07,2.275,0.0
ATOM,2816.0,C,LEU,192.0,32.584,-11.012,17.071,0.51,2.0,0.0
ATOM,2817.0,O,LEU,192.0,33.125,-12.101,16.915,-0.51,1.7,0.0
ATOM,2818.0,CB,LEU,192.0,33.814,-9.319,18.445,-0.18,2.175,0.0
ATOM,2819.0,CG,LEU,192.0,34.628,-10.34,19.231,-0.09,2.275,0.0
ATOM,2820.0,CD1,LEU,192.0,35.898,-10.774,18.503,-0.27,2.06,0.0
ATOM,2821.0,CD2,LEU,192.0,34.994,-9.723,20.55,-0.27,2.06,0.0
ATOM,2822.0,H,LEU,192.0,32.464,-7.774,16.75,0.31,0.2245,0.0
ATOM,2823.0,HA,LEU,192.0,34.294,-9.949,16.567,0.09,1.32,0.0
ATOM,2824.0,HB2,LEU,192.0,34.362,-8.492,18.375,0.09,1.32,0.0
ATOM,2825.0,HB3,LEU,192.0,32.981,-9.143,18.957,0.09,1.32,0.0
ATOM,2826.0,HG,LEU,192.0,34.055,-11.153,19.405,0.09,1.32,0.0
ATOM,2827.0,HD11,LEU,192.0,36.479,-9.976,18.345,0.09,1.32,0.0
ATOM,2828.0,HD12,LEU,192.0,36.39,-11.441,19.062,0.09,1.32,0.0
ATOM,2829.0,HD13,LEU,192.0,35.653,-11.188,17.627,0.09,1.32,0.0
ATOM,2830.0,HD21,LEU,192.0,34.163,-9.481,21.06,0.09,1.32,0.0
ATOM,2831.0,HD22,LEU,192.0,35.533,-10.371,21.096,0.09,1.32,0.0
ATOM,2832.0,HD23,LEU,192.0,35.538,-8.892,20.403,0.09,1.32,0.01
ATOM,2833.0,N,ALA,193.0,31.274,-10.883,17.272,-0.47,1.85,0.0
ATOM,2834.0,CA,ALA,193.0,30.403,-12.067,17.224,0.07,2.275,0.0
ATOM,2835.0,C,ALA,193.0,30.557,-12.791,15.883,0.51,2.0,0.0
ATOM,2836.0,O,ALA,193.0,30.681,-14.011,15.85,-0.51,1.7,0.0
ATOM,2837.0,CB,ALA,193.0,28.957,-11.688,17.465,-0.27,2.06,8.86
ATOM,2838.0,H,ALA,193.0,30.94,-9.932,17.455,0.31,0.2245,0.0
ATOM,2839.0,HA,ALA,193.0,30.673,-12.694,17.959,0.09,1.32,0.0
ATOM,2840.0,HB1,ALA,193.0,28.376,-12.499,17.382,0.09,1.32,0.0
ATOM,2841.0,HB2,ALA,193.0,28.857,-11.304,18.384,0.09,1.32,0.0
ATOM,2842.0,HB3,ALA,193.0,28.669,-11.006,16.791,0.09,1.32,1.22
ATOM,2843.0,N,LYS,194.0,30.558,-12.033,14.783,-0.47,1.85,0.0
ATOM,2844.0,CA,LYS,194.0,30.706,-12.628,13.439,0.07,2.275,0.87
ATOM,2845.0,C,LYS,194.0,32.059,-13.337,13.278,0.51,2.0,0.44
ATOM,2846.0,O,LYS,194.0,32.133,-14.475,12.792,-0.51,1.7,3.88
ATOM,2847.0,CB,LYS,194.0,30.539,-11.553,12.355,-0.18,2.175,7.63
ATOM,2848.0,CG,LYS,194.0,29.19,-10.837,12.398,-0.18,2.175,3.39
ATOM,2849.0,CD,LYS,194.0,29.142,-9.694,11.387,-0.18,2.175,8.83
ATOM,2850.0,CE,LYS,194.0,27.849,-8.891,11.529,0.21,2.175,10.5
ATOM,2851.0,NZ,LYS,194.0,26.614,-9.7,11.31,-0.3,1.85,14.03
ATOM,2852.0,H,LYS,194.0,30.449,-11.02,14.946,0.31,0.2245,0.0
ATOM,2853.0,HA,LYS,194.0,29.971,-13.303,13.305,0.09,1.32,1.13
ATOM,2854.0,HB2,LYS,194.0,31.257,-10.874,12.477,0.09,1.32,0.1
ATOM,2855.0,HB3,LYS,194.0,30.632,-11.992,11.465,0.09,1.32,9.69
ATOM,2856.0,HG2,LYS,194.0,28.469,-11.49,12.18,0.09,1.32,4.13
ATOM,2857.0,HG3,LYS,194.0,29.048,-10.465,13.312,0.09,1.32,0.0
ATOM,2858.0,HD2,LYS,194.0,29.909,-9.088,11.551,0.09,1.32,0.0
ATOM,2859.0,HD3,LYS,194.0,29.179,-10.072,10.472,0.09,1.32,10.02
ATOM,2860.0,HE2,LYS,194.0,27.819,-8.489,12.455,0.05,1.32,0.0
ATOM,2861.0,HE3,LYS,194.0,27.867,-8.131,10.863,0.05,1.32,9.28
ATOM,2862.0,HZ1,LYS,194.0,26.444,-9.783,10.329,0.33,0.2245,19.87
ATOM,2863.0,HZ2,LYS,194.0,26.74,-10.608,11.708,0.33,0.2245,9.54
ATOM,2864.0,HZ3,LYS,194.0,25.84,-9.245,11.748,0.33,0.2245,19.96
ATOM,2865.0,N,VAL,195.0,33.114,-12.673,13.74,-0.47,1.85,0.0
ATOM,2866.0,CA,VAL,195.0,34.481,-13.196,13.685,0.07,2.275,1.19
ATOM,2867.0,C,VAL,195.0,34.614,-14.505,14.481,0.51,2.0,0.0
ATOM,2868.0,O,VAL,195.0,35.213,-15.475,14.005,-0.51,1.7,0.73
ATOM,2869.0,CB,VAL,195.0,35.489,-12.131,14.184,-0.09,2.275,0.0
ATOM,2870.0,CG1,VAL,195.0,36.854,-12.756,14.498,-0.27,2.06,2.66
ATOM,2871.0,CG2,VAL,195.0,35.615,-11.007,13.15,-0.27,2.06,8.4
ATOM,2872.0,H,VAL,195.0,32.885,-11.735,14.151,0.31,0.2245,0.0
ATOM,2873.0,HA,VAL,195.0,34.701,-13.399,12.724,0.09,1.32,4.53
ATOM,2874.0,HB,VAL,195.0,35.138,-11.76,15.04,0.09,1.32,0.0
ATOM,2875.0,HG11,VAL,195.0,36.761,-13.749,14.528,0.09,1.32,0.0
ATOM,2876.0,HG12,VAL,195.0,37.504,-12.499,13.786,0.09,1.32,0.64
ATOM,2877.0,HG13,VAL,195.0,37.173,-12.421,15.382,0.09,1.32,0.0
ATOM,2878.0,HG21,VAL,195.0,36.153,-11.336,12.377,0.09,1.32,5.85
ATOM,2879.0,HG22,VAL,195.0,34.702,-10.745,12.843,0.09,1.32,1.07
ATOM,2880.0,HG23,VAL,195.0,36.07,-10.226,13.573,0.09,1.32,0.0
ATOM,2881.0,N,LEU,196.0,34.029,-14.53,15.672,-0.47,1.85,0.0
ATOM,2882.0,CA,LEU,196.0,34.061,-15.725,16.518,0.07,2.275,0.0
ATOM,2883.0,C,LEU,196.0,33.212,-16.856,15.951,0.51,2.0,0.0
ATOM,2884.0,O,LEU,196.0,33.626,-18.023,15.974,-0.51,1.7,0.0
ATOM,2885.0,CB,LEU,196.0,33.625,-15.386,17.951,-0.18,2.175,0.0
ATOM,2886.0,CG,LEU,196.0,34.551,-14.483,18.754,-0.09,2.275,0.0
ATOM,2887.0,CD1,LEU,196.0,33.894,-14.135,20.089,-0.27,2.06,0.0
ATOM,2888.0,CD2,LEU,196.0,35.912,-15.142,18.987,-0.27,2.06,0.0
ATOM,2889.0,H,LEU,196.0,33.556,-13.649,15.948,0.31,0.2245,0.0
ATOM,2890.0,HA,LEU,196.0,35.018,-16.045,16.581,0.09,1.32,0.0
ATOM,2891.0,HB2,LEU,196.0,32.736,-14.933,17.896,0.09,1.32,0.0
ATOM,2892.0,HB3,LEU,196.0,33.534,-16.246,18.45,0.09,1.32,0.0
ATOM,2893.0,HG,LEU,196.0,34.719,-13.645,18.243,0.09,1.32,0.0
ATOM,2894.0,HD11,LEU,196.0,33.72,-14.975,20.602,0.09,1.32,0.0
ATOM,2895.0,HD12,LEU,196.0,34.504,-13.542,20.614,0.09,1.32,0.0
ATOM,2896.0,HD13,LEU,196.0,33.031,-13.661,19.92,0.09,1.32,0.0
ATOM,2897.0,HD21,LEU,196.0,36.341,-15.334,18.105,0.09,1.32,0.0
ATOM,2898.0,HD22,LEU,196.0,36.493,-14.524,19.515,0.09,1.32,0.0
ATOM,2899.0,HD23,LEU,196.0,35.784,-15.995,19.491,0.09,1.32,0.0
ATOM,2900.0,N,LYS,197.0,32.029,-16.523,15.441,-0.47,1.85,0.0
ATOM,2901.0,CA,LYS,197.0,31.172,-17.517,14.79,0.07,2.275,0.54
ATOM,2902.0,C,LYS,197.0,31.892,-18.244,13.662,0.51,2.0,0.19
ATOM,2903.0,O,LYS,197.0,31.845,-19.488,13.58,-0.51,1.7,13.97
ATOM,2904.0,CB,LYS,197.0,29.892,-16.865,14.265,-0.18,2.175,4.82
ATOM,2905.0,CG,LYS,197.0,28.819,-16.778,15.323,-0.18,2.175,2.29
ATOM,2906.0,CD,LYS,197.0,27.635,-15.982,14.836,-0.18,2.175,16.71
ATOM,2907.0,CE,LYS,197.0,27.559,-14.634,15.533,0.21,2.175,4.04
ATOM,2908.0,NZ,LYS,197.0,26.995,-14.754,16.913,-0.3,1.85,4.93
ATOM,2909.0,H,LYS,197.0,31.772,-15.525,15.541,0.31,0.2245,0.0
ATOM,2910.0,HA,LYS,197.0,30.883,-18.196,15.482,0.09,1.32,1.13
ATOM,2911.0,HB2,LYS,197.0,30.115,-15.948,13.96,0.09,1.32,0.0
ATOM,2912.0,HB3,LYS,197.0,29.553,-17.413,13.51,0.09,1.32,8.58
ATOM,2913.0,HG2,LYS,197.0,28.515,-17.703,15.56,0.09,1.32,10.24
ATOM,2914.0,HG3,LYS,197.0,29.196,-16.337,16.139,0.09,1.32,0.0
ATOM,2915.0,HD2,LYS,197.0,27.725,-15.826,13.858,0.09,1.32,7.26
ATOM,2916.0,HD3,LYS,197.0,26.799,-16.484,15.031,0.09,1.32,9.07
ATOM,2917.0,HE2,LYS,197.0,28.48,-14.243,15.59,0.05,1.32,0.0
ATOM,2918.0,HE3,LYS,197.0,26.977,-14.02,14.995,0.05,1.32,9.54
ATOM,2919.0,HZ1,LYS,197.0,27.743,-14.758,17.574,0.33,0.2245,0.0
ATOM,2920.0,HZ2,LYS,197.0,26.392,-13.978,17.09,0.33,0.2245,15.28
ATOM,2921.0,HZ3,LYS,197.0,26.478,-15.605,16.983,0.33,0.2245,9.1
ATOM,2922.0,N,ALA,198.0,32.565,-17.466,12.807,-0.47,1.85,0.33
ATOM,2923.0,CA,ALA,198.0,33.298,-18.03,11.669,0.07,2.275,2.85
ATOM,2924.0,C,ALA,198.0,34.426,-18.957,12.112,0.51,2.0,0.32
ATOM,2925.0,O,ALA,198.0,34.806,-19.876,11.374,-0.51,1.7,30.03
ATOM,2926.0,CB,ALA,198.0,33.816,-16.926,10.763,-0.27,2.06,32.22
ATOM,2927.0,H,ALA,198.0,32.523,-16.453,13.015,0.31,0.2245,0.0
ATOM,2928.0,HA,ALA,198.0,32.65,-18.56,11.1,0.09,1.32,10.97
ATOM,2929.0,HB1,ALA,198.0,33.045,-16.457,10.331,0.09,1.32,9.62
ATOM,2930.0,HB2,ALA,198.0,34.344,-16.269,11.302,0.09,1.32,0.63
ATOM,2931.0,HB3,ALA,198.0,34.402,-17.32,10.055,0.09,1.32,9.37
ATOM,2932.0,N,LYS,199.0,34.963,-18.714,13.31,-0.47,1.85,0.0
ATOM,2933.0,CA,LYS,199.0,36.003,-19.574,13.886,0.07,2.275,1.66
ATOM,2934.0,C,LYS,199.0,35.422,-20.842,14.542,0.51,2.0,1.14
ATOM,2935.0,O,LYS,199.0,36.171,-21.726,14.976,-0.51,1.7,25.29
ATOM,2936.0,CB,LYS,199.0,36.832,-18.8,14.919,-0.18,2.175,1.53
ATOM,2937.0,CG,LYS,199.0,37.723,-17.694,14.349,-0.18,2.175,7.55
ATOM,2938.0,CD,LYS,199.0,38.289,-16.803,15.454,-0.18,2.175,0.12
ATOM,2939.0,CE,LYS,199.0,39.061,-15.637,14.869,0.21,2.175,0.16
ATOM,2940.0,NZ,LYS,199.0,40.415,-16.013,14.346,-0.3,1.85,12.3
ATOM,2941.0,H,LYS,199.0,34.586,-17.875,13.793,0.31,0.2245,0.0
ATOM,2942.0,HA,LYS,199.0,36.635,-19.859,13.15,0.09,1.32,7.59
ATOM,2943.0,HB2,LYS,199.0,36.201,-18.382,15.576,0.09,1.32,0.0
ATOM,2944.0,HB3,LYS,199.0,37.419,-19.455,15.401,0.09,1.32,1.54
ATOM,2945.0,HG2,LYS,199.0,38.482,-18.113,13.853,0.09,1.32,6.86
ATOM,2946.0,HG3,LYS,199.0,37.183,-17.131,13.726,0.09,1.32,0.95
ATOM,2947.0,HD2,LYS,199.0,37.535,-16.45,15.995,0.09,1.32,0.0
ATOM,2948.0,HD3,LYS,199.0,38.902,-17.344,16.016,0.09,1.32,0.25
ATOM,2949.0,HE2,LYS,199.0,38.525,-15.232,14.114,0.05,1.32,2.37
ATOM,2950.0,HE3,LYS,199.0,39.176,-14.927,15.58,0.05,1.32,0.0
ATOM,2951.0,HZ1,LYS,199.0,40.6,-15.492,13.515,0.33,0.2245,18.24
ATOM,2952.0,HZ2,LYS,199.0,41.102,-15.802,15.038,0.33,0.2245,8.25
ATOM,2953.0,HZ3,LYS,199.0,40.427,-16.99,14.144,0.33,0.2245,11.55
ATOM,2954.0,N,GLY,200.0,34.097,-20.917,14.626,-0.47,1.85,0.68
ATOM,2955.0,CA,GLY,200.0,33.403,-22.024,15.293,-0.02,2.175,19.17
ATOM,2956.0,C,GLY,200.0,33.396,-21.891,16.8,0.51,2.0,1.03
ATOM,2957.0,O,GLY,200.0,33.255,-22.884,17.53,-0.51,1.7,34.88
ATOM,2958.0,H,GLY,200.0,33.59,-20.121,14.177,0.31,0.2245,0.0
ATOM,2959.0,HA2,GLY,200.0,32.448,-22.066,14.952,0.09,1.32,8.41
ATOM,2960.0,HA3,GLY,200.0,33.85,-22.897,15.032,0.09,1.32,9.88
ATOM,2961.0,N,MET,201.0,33.528,-20.656,17.266,-0.47,1.85,0.0
ATOM,2962.0,CA,MET,201.0,33.596,-20.397,18.683,0.07,2.275,0.0
ATOM,2963.0,C,MET,201.0,32.25,-19.912,19.202,0.51,2.0,0.8
ATOM,2964.0,O,MET,201.0,31.416,-19.42,18.446,-0.51,1.7,7.19
ATOM,2965.0,CB,MET,201.0,34.708,-19.392,18.965,-0.18,2.175,0.0
ATOM,2966.0,CG,MET,201.0,36.088,-19.966,18.718,-0.14,2.175,2.47
ATOM,2967.0,SD,MET,201.0,37.375,-18.756,18.961,-0.09,2.0,0.0
ATOM,2968.0,CE,MET,201.0,38.816,-19.824,18.782,-0.22,2.06,12.82
ATOM,2969.0,H,MET,201.0,33.576,-19.918,16.537,0.31,0.2245,0.0
ATOM,2970.0,HA,MET,201.0,33.816,-21.258,19.157,0.09,1.32,3.13
ATOM,2971.0,HB2,MET,201.0,34.584,-18.591,18.373,0.09,1.32,0.0
ATOM,2972.0,HB3,MET,201.0,34.65,-19.1,19.924,0.09,1.32,0.0
ATOM,2973.0,HG2,MET,201.0,36.218,-20.774,19.338,0.09,1.32,2.62
ATOM,2974.0,HG3,MET,201.0,36.115,-20.348,17.765,0.09,1.32,0.0
ATOM,2975.0,HE1,MET,201.0,39.437,-19.672,19.55,0.09,1.32,0.0
ATOM,2976.0,HE2,MET,201.0,38.52,-20.778,18.773,0.09,1.32,6.33
ATOM,2977.0,HE3,MET,201.0,39.282,-19.609,17.925,0.09,1.32,2.39
ATOM,2978.0,N,ASN,202.0,32.062,-20.073,20.504,-0.47,1.85,1.71
ATOM,2979.0,CA,ASN,202.0,30.808,-19.768,21.185,0.07,2.275,2.38
ATOM,2980.0,C,ASN,202.0,30.668,-18.266,21.39,0.51,2.0,0.0
ATOM,2981.0,O,ASN,202.0,31.625,-17.599,21.783,-0.51,1.7,0.0
ATOM,2982.0,CB,ASN,202.0,30.783,-20.533,22.515,-0.18,2.175,10.76
ATOM,2983.0,CG,ASN,202.0,29.461,-20.404,23.253,0.55,2.0,2.15
ATOM,2984.0,H,ASN,202.0,32.905,-20.445,21.014,0.31,0.2245,1.38
ATOM,2985.0,HA,ASN,202.0,30.062,-20.053,20.576,0.09,1.32,5.37
ATOM,2986.0,HB2,ASN,202.0,30.948,-21.498,22.324,0.09,1.32,7.78
ATOM,2987.0,HB3,ASN,202.0,31.509,-20.173,23.097,0.09,1.32,2.08
ATOM,2988.0,OD1,ASN,202.0,29.114,-19.331,23.741,-0.55,1.7,6.3
ATOM,2989.0,ND2,ASN,202.0,28.733,-21.511,23.365,-0.62,1.85,27.88
ATOM,2990.0,HD22,ASN,202.0,29.072,-22.37,22.976,0.3,0.2245,17.23
ATOM,2991.0,HD21,ASN,202.0,27.853,-21.488,23.835,0.32,0.2245,15.42
ATOM,2992.0,N,THR,203.0,29.484,-17.734,21.093,-0.47,1.85,0.0
ATOM,2993.0,CA,THR,203.0,29.235,-16.299,21.238,0.07,2.275,0.0
ATOM,2994.0,C,THR,203.0,28.179,-15.956,22.286,0.51,2.0,0.3
ATOM,2995.0,O,THR,203.0,27.723,-14.816,22.345,-0.51,1.7,7.48
ATOM,2996.0,CB,THR,203.0,28.853,-15.631,19.895,0.14,2.275,0.59
ATOM,2997.0,OG1,THR,203.0,27.722,-16.31,19.338,-0.66,1.77,12.24
ATOM,2998.0,CG2,THR,203.0,30.019,-15.715,18.919,-0.27,2.06,0.0
ATOM,2999.0,H,THR,203.0,28.772,-18.407,20.759,0.31,0.2245,6.51
ATOM,3000.0,HA,THR,203.0,30.108,-15.851,21.51,0.09,1.32,0.0
ATOM,3001.0,HB,THR,203.0,28.59,-14.665,20.076,0.09,1.32,0.46
ATOM,3002.0,HG21,THR,203.0,30.393,-14.799,18.758,0.09,1.32,0.0
ATOM,3003.0,HG22,THR,203.0,30.738,-16.302,19.298,0.09,1.32,0.0
ATOM,3004.0,HG23,THR,203.0,29.706,-16.1,18.048,0.09,1.32,0.0
ATOM,3005.0,HG1,THR,203.0,27.979,-16.778,18.486,0.43,0.2245,3.94
ATOM,3006.0,N,ALA,204.0,27.814,-16.919,23.131,-0.47,1.85,2.6
ATOM,3007.0,CA,ALA,204.0,26.972,-16.61,24.284,0.07,2.275,3.32
ATOM,3008.0,C,ALA,204.0,27.792,-15.725,25.222,0.51,2.0,0.01
ATOM,3009.0,O,ALA,204.0,29.025,-15.75,25.199,-0.51,1.7,5.1
ATOM,3010.0,CB,ALA,204.0,26.525,-17.889,24.994,-0.27,2.06,29.9
ATOM,3011.0,H,ALA,204.0,28.164,-17.86,22.908,0.31,0.2245,0.24
ATOM,3012.0,HA,ALA,204.0,26.177,-16.1,23.979,0.09,1.32,7.82
ATOM,3013.0,HB1,ALA,204.0,25.561,-17.81,25.241,0.09,1.32,11.21
ATOM,3014.0,HB2,ALA,204.0,26.651,-18.668,24.382,0.09,1.32,2.05
ATOM,3015.0,HB3,ALA,204.0,27.073,-18.018,25.819,0.09,1.32,7.65
ATOM,3016.0,N,VAL,205.0,27.108,-14.943,26.045,-0.47,1.85,0.0
ATOM,3017.0,CA,VAL,205.0,27.795,-13.916,26.829,0.07,2.275,0.0
ATOM,3018.0,C,VAL,205.0,27.927,-14.229,28.321,0.51,2.0,1.43
ATOM,3019.0,O,VAL,205.0,27.154,-15.019,28.873,-0.51,1.7,21.11
ATOM,3020.0,CB,VAL,205.0,27.117,-12.54,26.668,-0.09,2.275,0.0
ATOM,3021.0,CG1,VAL,205.0,27.08,-12.107,25.209,-0.27,2.06,8.99
ATOM,3022.0,CG2,VAL,205.0,25.717,-12.521,27.297,-0.27,2.06,15.45
ATOM,3023.0,H,VAL,205.0,26.094,-15.112,26.084,0.31,0.2245,5.11
ATOM,3024.0,HA,VAL,205.0,28.738,-13.813,26.45,0.09,1.32,0.0
ATOM,3025.0,HB,VAL,205.0,27.672,-11.87,27.157,0.09,1.32,0.0
ATOM,3026.0,HG11,VAL,205.0,27.923,-11.619,24.984,0.09,1.32,0.0
ATOM,3027.0,HG12,VAL,205.0,26.995,-12.913,24.624,0.09,1.32,0.01
ATOM,3028.0,HG13,VAL,205.0,26.297,-11.504,25.06,0.09,1.32,2.44
ATOM,3029.0,HG21,VAL,205.0,25.213,-11.736,26.942,0.09,1.32,2.29
ATOM,3030.0,HG22,VAL,205.0,25.244,-13.366,27.059,0.09,1.32,4.44
ATOM,3031.0,HG23,VAL,205.0,25.808,-12.448,28.288,0.09,1.32,0.0
ATOM,3032.0,N,GLY,206.0,28.922,-13.608,28.95,-0.47,1.85,0.84
ATOM,3033.0,CA,GLY,206.0,29.154,-13.766,30.388,-0.02,2.175,10.97
ATOM,3034.0,C,GLY,206.0,28.453,-12.699,31.21,0.51,2.0,0.23
ATOM,3035.0,O,GLY,206.0,27.57,-11.965,30.713,-0.51,1.7,0.0
ATOM,3036.0,H,GLY,206.0,29.514,-13.008,28.341,0.31,0.2245,0.0
ATOM,3037.0,HA2,GLY,206.0,28.829,-14.681,30.677,0.09,1.32,8.65
ATOM,3038.0,HA3,GLY,206.0,30.15,-13.729,30.568,0.09,1.32,3.86
ATOM,3039.0,N,ASP,207.0,28.869,-12.597,32.469,-0.47,1.85,0.0
ATOM,3040.0,CA,ASP,207.0,28.201,-11.727,33.418,0.07,2.275,0.0
ATOM,3041.0,C,ASP,207.0,28.189,-10.27,32.966,0.51,2.0,0.0
ATOM,3042.0,O,ASP,207.0,27.232,-9.545,33.247,-0.51,1.7,0.0
ATOM,3043.0,CB,ASP,207.0,28.895,-11.803,34.768,-0.28,2.175,0.44
ATOM,3044.0,CG,ASP,207.0,28.68,-13.137,35.482,0.62,2.0,1.44
ATOM,3045.0,OD1,ASP,207.0,27.816,-13.953,35.066,-0.76,1.7,23.81
ATOM,3046.0,OD2,ASP,207.0,29.4,-13.353,36.479,-0.76,1.7,20.09
ATOM,3047.0,H,ASP,207.0,29.694,-13.182,32.703,0.31,0.2245,6.8
ATOM,3048.0,HA,ASP,207.0,27.234,-12.025,33.473,0.09,1.32,0.0
ATOM,3049.0,HB2,ASP,207.0,29.873,-11.679,34.626,0.09,1.32,1.82
ATOM,3050.0,HB3,ASP,207.0,28.537,-11.078,35.347,0.09,1.32,0.0
ATOM,3051.0,N,GLU,208.0,29.27,-9.847,32.308,-0.47,1.85,0.0
ATOM,3052.0,CA,GLU,208.0,29.424,-8.45,31.879,0.07,2.275,0.0
ATOM,3053.0,C,GLU,208.0,29.001,-8.233,30.437,0.51,2.0,0.0
ATOM,3054.0,O,GLU,208.0,29.221,-7.143,29.89,-0.51,1.7,0.0
ATOM,3055.0,CB,GLU,208.0,30.871,-7.972,32.047,-0.18,2.175,0.0
ATOM,3056.0,CG,GLU,208.0,31.493,-8.328,33.37,-0.28,2.175,0.35
ATOM,3057.0,CD,GLU,208.0,32.36,-9.563,33.276,0.62,2.0,0.03
ATOM,3058.0,OE1,GLU,208.0,32.029,-10.533,32.54,-0.76,1.7,2.69
ATOM,3059.0,OE2,GLU,208.0,33.383,-9.57,33.972,-0.76,1.7,4.07
ATOM,3060.0,H,GLU,208.0,29.984,-10.579,32.127,0.31,0.2245,0.0
ATOM,3061.0,HA,GLU,208.0,28.875,-7.854,32.488,0.09,1.32,0.0
ATOM,3062.0,HB2,GLU,208.0,31.405,-8.396,31.333,0.09,1.32,0.0
ATOM,3063.0,HB3,GLU,208.0,30.868,-6.989,31.964,0.09,1.32,0.0
ATOM,3064.0,HG2,GLU,208.0,32.067,-7.585,33.657,0.09,1.32,0.1
ATOM,3065.0,HG3,GLU,208.0,30.777,-8.519,34.014,0.09,1.32,0.0
ATOM,3066.0,N,GLY,209.0,28.416,-9.26,29.81,-0.47,1.85,0.0
ATOM,3067.0,CA,GLY,209.0,27.842,-9.099,28.465,-0.02,2.175,0.0
ATOM,3068.0,C,GLY,209.0,28.799,-9.268,27.303,0.51,2.0,0.0
ATOM,3069.0,O,GLY,209.0,28.42,-9.038,26.155,-0.51,1.7,0.0
ATOM,3070.0,H,GLY,209.0,28.403,-10.146,30.335,0.31,0.2245,0.0
ATOM,3071.0,HA2,GLY,209.0,27.064,-9.766,28.362,0.09,1.32,0.0
ATOM,3072.0,HA3,GLY,209.0,27.403,-8.17,28.409,0.09,1.32,0.0
ATOM,3073.0,N,GLY,210.0,30.034,-9.657,27.615,-0.47,1.85,0.0
ATOM,3074.0,CA,GLY,210.0,31.056,-9.935,26.608,-0.02,2.175,0.0
ATOM,3075.0,C,GLY,210.0,31.211,-11.418,26.353,0.51,2.0,0.0
ATOM,3076.0,O,GLY,210.0,30.428,-12.241,26.851,-0.51,1.7,0.0
ATOM,3077.0,H,GLY,210.0,30.209,-9.746,28.642,0.31,0.2245,0.0
ATOM,3078.0,HA2,GLY,210.0,30.807,-9.468,25.745,0.09,1.32,0.0
ATOM,3079.0,HA3,GLY,210.0,31.94,-9.551,26.918,0.09,1.32,0.0
ATOM,3080.0,N,TYR,211.0,32.239,-11.756,25.583,-0.47,1.85,0.0
ATOM,3081.0,CA,TYR,211.0,32.406,-13.124,25.097,0.07,2.275,0.0
ATOM,3082.0,C,TYR,211.0,33.489,-13.844,25.865,0.51,2.0,0.0
ATOM,3083.0,O,TYR,211.0,34.431,-13.227,26.356,-0.51,1.7,0.0
ATOM,3084.0,CB,TYR,211.0,32.734,-13.132,23.602,-0.18,2.175,0.0
ATOM,3085.0,CG,TYR,211.0,31.787,-12.312,22.752,0.0,1.9924,0.0
ATOM,3086.0,CD1,TYR,211.0,30.499,-12.768,22.472,-0.115,1.9924,0.0
ATOM,3087.0,CD2,TYR,211.0,32.198,-11.089,22.214,-0.115,1.9924,0.0
ATOM,3088.0,CE1,TYR,211.0,29.616,-12.005,21.675,-0.115,1.9924,0.0
ATOM,3089.0,CE2,TYR,211.0,31.335,-10.325,21.414,-0.115,1.9924,0.0
ATOM,3090.0,CZ,TYR,211.0,30.047,-10.798,21.152,0.11,1.9924,0.0
ATOM,3091.0,OH,TYR,211.0,29.191,-10.047,20.359,-0.54,1.77,1.85
ATOM,3092.0,H,TYR,211.0,32.895,-10.986,25.362,0.31,0.2245,0.0
ATOM,3093.0,HA,TYR,211.0,31.535,-13.613,25.237,0.09,1.32,0.0
ATOM,3094.0,HB2,TYR,211.0,33.656,-12.767,23.482,0.09,1.32,0.0
ATOM,3095.0,HB3,TYR,211.0,32.701,-14.077,23.28,0.09,1.32,0.0
ATOM,3096.0,HD1,TYR,211.0,30.187,-13.642,22.833,0.115,1.3582,0.0
ATOM,3097.0,HD2,TYR,211.0,33.115,-10.752,22.4,0.115,1.3582,0.0
ATOM,3098.0,HE1,TYR,211.0,28.696,-12.342,21.5,0.115,1.3582,3.64
ATOM,3099.0,HE2,TYR,211.0,31.638,-9.457,21.038,0.115,1.3582,0.0
ATOM,3100.0,HH,TYR,211.0,29.728,-9.382,19.846,0.43,0.2245,0.0
ATOM,3101.0,N,ALA,212.0,33.358,-15.164,25.962,-0.47,1.85,0.0
ATOM,3102.0,CA,ALA,212.0,34.389,-15.995,26.578,0.07,2.275,0.0
ATOM,3103.0,C,ALA,212.0,34.655,-17.219,25.7,0.51,2.0,0.33
ATOM,3104.0,O,ALA,212.0,34.468,-18.361,26.139,-0.51,1.7,12.43
ATOM,3105.0,CB,ALA,212.0,33.966,-16.415,27.972,-0.27,2.06,12.17
ATOM,3106.0,H,ALA,212.0,32.476,-15.545,25.569,0.31,0.2245,1.42
ATOM,3107.0,HA,ALA,212.0,35.235,-15.464,26.649,0.09,1.32,0.0
ATOM,3108.0,HB1,ALA,212.0,33.518,-17.309,27.933,0.09,1.32,6.24
ATOM,3109.0,HB2,ALA,212.0,34.77,-16.475,28.565,0.09,1.32,0.0
ATOM,3110.0,HB3,ALA,212.0,33.328,-15.742,28.348,0.09,1.32,0.41
ATOM,3111.0,N,PRO,213.0,35.109,-16.988,24.456,-0.29,1.85,0.0
ATOM,3112.0,CA,PRO,213.0,35.303,-18.11,23.523,0.02,2.275,0.11
ATOM,3113.0,C,PRO,213.0,36.513,-18.946,23.925,0.51,2.0,0.0
ATOM,3114.0,O,PRO,213.0,37.336,-18.512,24.743,-0.51,1.7,0.0
ATOM,3115.0,CB,PRO,213.0,35.553,-17.403,22.192,-0.18,2.175,0.0
ATOM,3116.0,CG,PRO,213.0,36.211,-16.118,22.591,-0.18,2.175,0.0
ATOM,3117.0,CD,PRO,213.0,35.506,-15.701,23.849,0.0,2.175,0.0
ATOM,3118.0,HA,PRO,213.0,34.475,-18.677,23.475,0.09,1.32,0.21
ATOM,3119.0,HB2,PRO,213.0,36.157,-17.946,21.609,0.09,1.32,0.0
ATOM,3120.0,HB3,PRO,213.0,34.693,-17.23,21.714,0.09,1.32,0.0
ATOM,3121.0,HG2,PRO,213.0,37.189,-16.262,22.757,0.09,1.32,0.0
ATOM,3122.0,HG3,PRO,213.0,36.1,-15.43,21.87,0.09,1.32,0.0
ATOM,3123.0,HD2,PRO,213.0,36.114,-15.199,24.463,0.09,1.32,0.0
ATOM,3124.0,HD3,PRO,213.0,34.698,-15.144,23.652,0.09,1.32,0.0
ATOM,3125.0,N,ASN,214.0,36.609,-20.138,23.343,-0.47,1.85,0.45
ATOM,3126.0,CA,ASN,214.0,37.66,-21.095,23.672,0.07,2.275,0.22
ATOM,3127.0,C,ASN,214.0,38.969,-20.784,22.968,0.51,2.0,0.19
ATOM,3128.0,O,ASN,214.0,39.468,-21.601,22.181,-0.51,1.7,15.44
ATOM,3129.0,CB,ASN,214.0,37.2,-22.51,23.319,-0.18,2.175,10.61
ATOM,3130.0,CG,ASN,214.0,36.311,-23.118,24.387,0.55,2.0,2.89
ATOM,3131.0,H,ASN,214.0,35.868,-20.33,22.631,0.31,0.2245,0.04
ATOM,3132.0,HA,ASN,214.0,37.831,-21.017,24.667,0.09,1.32,0.0
ATOM,3133.0,HB2,ASN,214.0,36.689,-22.471,22.465,0.09,1.32,2.51
ATOM,3134.0,HB3,ASN,214.0,38.006,-23.085,23.211,0.09,1.32,7.24
ATOM,3135.0,OD1,ASN,214.0,36.396,-22.752,25.561,-0.55,1.7,8.93
ATOM,3136.0,ND2,ASN,214.0,35.444,-24.053,23.987,-0.62,1.85,25.29
ATOM,3137.0,HD22,ASN,214.0,35.418,-24.316,23.021,0.3,0.2245,17.14
ATOM,3138.0,HD21,ASN,214.0,34.833,-24.482,24.644,0.32,0.2245,21.37
ATOM,3139.0,N,LEU,215.0,39.513,-19.598,23.235,-0.47,1.85,0.0
ATOM,3140.0,CA,LEU,215.0,40.805,-19.193,22.691,0.07,2.275,0.0
ATOM,3141.0,C,LEU,215.0,41.941,-19.899,23.413,0.51,2.0,0.01
ATOM,3142.0,O,LEU,215.0,41.818,-20.263,24.589,-0.51,1.7,1.64
ATOM,3143.0,CB,LEU,215.0,40.993,-17.678,22.786,-0.18,2.175,0.0
ATOM,3144.0,CG,LEU,215.0,39.905,-16.831,22.124,-0.09,2.275,0.0
ATOM,3145.0,CD1,LEU,215.0,39.884,-15.431,22.709,-0.27,2.06,0.0
ATOM,3146.0,CD2,LEU,215.0,40.072,-16.791,20.618,-0.27,2.06,0.0
ATOM,3147.0,H,LEU,215.0,38.941,-18.991,23.86,0.31,0.2245,0.0
ATOM,3148.0,HA,LEU,215.0,40.837,-19.449,21.718,0.09,1.32,0.08
ATOM,3149.0,HB2,LEU,215.0,41.015,-17.433,23.75,0.09,1.32,0.0
ATOM,3150.0,HB3,LEU,215.0,41.856,-17.449,22.349,0.09,1.32,0.0
ATOM,3151.0,HG,LEU,215.0,39.018,-17.269,22.274,0.09,1.32,0.0
ATOM,3152.0,HD11,LEU,215.0,40.77,-14.99,22.559,0.09,1.32,0.0
ATOM,3153.0,HD12,LEU,215.0,39.167,-14.891,22.265,0.09,1.32,0.0
ATOM,3154.0,HD13,LEU,215.0,39.7,-15.48,23.692,0.09,1.32,0.0
ATOM,3155.0,HD21,LEU,215.0,40.017,-17.72,20.247,0.09,1.32,0.0
ATOM,3156.0,HD22,LEU,215.0,39.347,-16.231,20.213,0.09,1.32,0.0
ATOM,3157.0,HD23,LEU,215.0,40.963,-16.396,20.387,0.09,1.32,0.0
ATOM,3158.0,N,GLY,216.0,43.056,-20.055,22.714,-0.47,1.85,1.08
ATOM,3159.0,CA,GLY,216.0,44.156,-20.875,23.212,-0.02,2.175,13.83
ATOM,3160.0,C,GLY,216.0,45.315,-20.125,23.836,0.51,2.0,0.5
ATOM,3161.0,O,GLY,216.0,46.27,-20.761,24.31,-0.51,1.7,16.67
ATOM,3162.0,H,GLY,216.0,43.08,-19.557,21.805,0.31,0.2245,0.0
ATOM,3163.0,HA2,GLY,216.0,43.783,-21.546,23.898,0.09,1.32,1.0
ATOM,3164.0,HA3,GLY,216.0,44.51,-21.456,22.44,0.09,1.32,12.23
ATOM,3165.0,N,SER,217.0,45.262,-18.791,23.808,-0.47,1.85,0.0
ATOM,3166.0,CA,SER,217.0,46.32,-17.955,24.381,0.07,2.275,0.0
ATOM,3167.0,C,SER,217.0,45.867,-16.521,24.611,0.51,2.0,0.0
ATOM,3168.0,O,SER,217.0,44.888,-16.061,24.005,-0.51,1.7,0.0
ATOM,3169.0,CB,SER,217.0,47.569,-17.945,23.481,0.05,2.175,16.35
ATOM,3170.0,OG,SER,217.0,47.351,-17.141,22.334,-0.66,1.77,5.27
ATOM,3171.0,H,SER,217.0,44.414,-18.401,23.349,0.31,0.2245,0.0
ATOM,3172.0,HA,SER,217.0,46.574,-18.35,25.278,0.09,1.32,0.0
ATOM,3173.0,HB2,SER,217.0,48.33,-17.575,24.0,0.09,1.32,1.73
ATOM,3174.0,HB3,SER,217.0,47.76,-18.876,23.195,0.09,1.32,5.76
ATOM,3175.0,HG,SER,217.0,46.657,-17.567,21.756,0.43,0.2245,3.94
ATOM,3176.0,N,ASN,218.0,46.597,-15.814,25.479,-0.47,1.85,0.0
ATOM,3177.0,CA,ASN,218.0,46.434,-14.365,25.62,0.07,2.275,0.0
ATOM,3178.0,C,ASN,218.0,46.606,-13.638,24.292,0.51,2.0,0.0
ATOM,3179.0,O,ASN,218.0,45.805,-12.774,23.949,-0.51,1.7,0.0
ATOM,3180.0,CB,ASN,218.0,47.421,-13.8,26.656,-0.18,2.175,0.0
ATOM,3181.0,CG,ASN,218.0,47.248,-14.434,28.022,0.55,2.0,0.0
ATOM,3182.0,H,ASN,218.0,47.274,-16.37,26.032,0.31,0.2245,0.0
ATOM,3183.0,HA,ASN,218.0,45.485,-14.203,25.926,0.09,1.32,0.0
ATOM,3184.0,HB2,ASN,218.0,48.345,-13.978,26.335,0.09,1.32,0.22
ATOM,3185.0,HB3,ASN,218.0,47.262,-12.822,26.734,0.09,1.32,0.0
ATOM,3186.0,OD1,ASN,218.0,46.145,-14.49,28.561,-0.55,1.7,0.0
ATOM,3187.0,ND2,ASN,218.0,48.346,-14.938,28.585,-0.62,1.85,0.0
ATOM,3188.0,HD22,ASN,218.0,49.222,-14.878,28.105,0.3,0.2245,0.0
ATOM,3189.0,HD21,ASN,218.0,48.294,-15.373,29.481,0.32,0.2245,0.0
ATOM,3190.0,N,ALA,219.0,47.636,-14.021,23.532,-0.47,1.85,0.17
ATOM,3191.0,CA,ALA,219.0,47.882,-13.444,22.205,0.07,2.275,0.0
ATOM,3192.0,C,ALA,219.0,46.715,-13.639,21.237,0.51,2.0,0.01
ATOM,3193.0,O,ALA,219.0,46.432,-12.766,20.415,-0.51,1.7,0.9
ATOM,3194.0,CB,ALA,219.0,49.186,-14.003,21.596,-0.27,2.06,31.89
ATOM,3195.0,H,ALA,219.0,48.239,-14.752,23.956,0.31,0.2245,0.1
ATOM,3196.0,HA,ALA,219.0,48.046,-12.448,22.314,0.09,1.32,0.04
ATOM,3197.0,HB1,ALA,219.0,49.645,-14.567,22.277,0.09,1.32,5.81
ATOM,3198.0,HB2,ALA,219.0,48.96,-14.551,20.795,0.09,1.32,7.35
ATOM,3199.0,HB3,ALA,219.0,49.772,-13.242,21.333,0.09,1.32,3.65
ATOM,3200.0,N,GLU,220.0,46.028,-14.772,21.338,-0.47,1.85,0.08
ATOM,3201.0,CA,GLU,220.0,44.895,-15.026,20.443,0.07,2.275,2.05
ATOM,3202.0,C,GLU,220.0,43.738,-14.083,20.756,0.51,2.0,0.0
ATOM,3203.0,O,GLU,220.0,43.065,-13.607,19.837,-0.51,1.7,0.0
ATOM,3204.0,CB,GLU,220.0,44.447,-16.485,20.479,-0.18,2.175,1.59
ATOM,3205.0,CG,GLU,220.0,43.634,-16.904,19.238,-0.28,2.175,5.9
ATOM,3206.0,CD,GLU,220.0,43.115,-18.331,19.283,0.62,2.0,3.09
ATOM,3207.0,OE1,GLU,220.0,43.553,-19.109,20.167,-0.76,1.7,11.52
ATOM,3208.0,OE2,GLU,220.0,42.269,-18.693,18.415,-0.76,1.7,17.85
ATOM,3209.0,H,GLU,220.0,46.344,-15.424,22.064,0.31,0.2245,0.0
ATOM,3210.0,HA,GLU,220.0,45.185,-14.897,19.489,0.09,1.32,1.89
ATOM,3211.0,HB2,GLU,220.0,45.247,-17.05,20.504,0.09,1.32,1.5
ATOM,3212.0,HB3,GLU,220.0,43.868,-16.609,21.258,0.09,1.32,0.0
ATOM,3213.0,HG2,GLU,220.0,42.855,-16.302,19.173,0.09,1.32,0.0
ATOM,3214.0,HG3,GLU,220.0,44.223,-16.823,18.451,0.09,1.32,9.43
ATOM,3215.0,N,ALA,221.0,43.538,-13.776,22.036,-0.47,1.85,0.0
ATOM,3216.0,CA,ALA,221.0,42.463,-12.857,22.439,0.07,2.275,0.0
ATOM,3217.0,C,ALA,221.0,42.705,-11.464,21.861,0.51,2.0,0.0
ATOM,3218.0,O,ALA,221.0,41.79,-10.823,21.349,-0.51,1.7,0.0
ATOM,3219.0,CB,ALA,221.0,42.358,-12.788,23.96,-0.27,2.06,0.0
ATOM,3220.0,H,ALA,221.0,44.184,-14.225,22.704,0.31,0.2245,0.0
ATOM,3221.0,HA,ALA,221.0,41.592,-13.207,22.082,0.09,1.32,0.0
ATOM,3222.0,HB1,ALA,221.0,43.157,-13.227,24.368,0.09,1.32,0.0
ATOM,3223.0,HB2,ALA,221.0,42.319,-11.832,24.247,0.09,1.32,0.0
ATOM,3224.0,HB3,ALA,221.0,41.53,-13.26,24.257,0.09,1.32,0.0
ATOM,3225.0,N,LEU,222.0,43.951,-11.006,21.936,-0.47,1.85,0.0
ATOM,3226.0,CA,LEU,222.0,44.297,-9.681,21.442,0.07,2.275,0.0
ATOM,3227.0,C,LEU,222.0,44.115,-9.654,19.93,0.51,2.0,0.0
ATOM,3228.0,O,LEU,222.0,43.579,-8.686,19.39,-0.51,1.7,0.0
ATOM,3229.0,CB,LEU,222.0,45.732,-9.31,21.839,-0.18,2.175,0.0
ATOM,3230.0,CG,LEU,222.0,45.886,-8.981,23.333,-0.09,2.275,0.0
ATOM,3231.0,CD1,LEU,222.0,47.33,-9.179,23.849,-0.27,2.06,0.0
ATOM,3232.0,CD2,LEU,222.0,45.351,-7.586,23.646,-0.27,2.06,0.0
ATOM,3233.0,H,LEU,222.0,44.632,-11.657,22.364,0.31,0.2245,0.0
ATOM,3234.0,HA,LEU,222.0,43.675,-9.013,21.848,0.09,1.32,0.0
ATOM,3235.0,HB2,LEU,222.0,46.311,-10.081,21.646,0.09,1.32,0.0
ATOM,3236.0,HB3,LEU,222.0,45.992,-8.51,21.332,0.09,1.32,0.0
ATOM,3237.0,HG,LEU,222.0,45.269,-9.574,23.864,0.09,1.32,0.0
ATOM,3238.0,HD11,LEU,222.0,47.94,-8.58,23.337,0.09,1.32,0.0
ATOM,3239.0,HD12,LEU,222.0,47.36,-8.95,24.818,0.09,1.32,0.0
ATOM,3240.0,HD13,LEU,222.0,47.593,-10.131,23.714,0.09,1.32,0.0
ATOM,3241.0,HD21,LEU,222.0,44.381,-7.54,23.406,0.09,1.32,0.0
ATOM,3242.0,HD22,LEU,222.0,45.463,-7.398,24.622,0.09,1.32,0.0
ATOM,3243.0,HD23,LEU,222.0,45.859,-6.908,23.115,0.09,1.32,0.0
ATOM,3244.0,N,ALA,223.0,44.525,-10.734,19.267,-0.47,1.85,0.0
ATOM,3245.0,CA,ALA,223.0,44.404,-10.84,17.816,0.07,2.275,0.68
ATOM,3246.0,C,ALA,223.0,42.943,-10.802,17.338,0.51,2.0,0.25
ATOM,3247.0,O,ALA,223.0,42.623,-10.126,16.351,-0.51,1.7,4.52
ATOM,3248.0,CB,ALA,223.0,45.109,-12.112,17.314,-0.27,2.06,25.06
ATOM,3249.0,H,ALA,223.0,44.932,-11.482,19.863,0.31,0.2245,0.0
ATOM,3250.0,HA,ALA,223.0,44.896,-10.064,17.389,0.09,1.32,0.97
ATOM,3251.0,HB1,ALA,223.0,45.466,-11.947,16.398,0.09,1.32,11.64
ATOM,3252.0,HB2,ALA,223.0,45.857,-12.336,17.933,0.09,1.32,0.74
ATOM,3253.0,HB3,ALA,223.0,44.452,-12.862,17.292,0.09,1.32,1.74
ATOM,3254.0,N,VAL,224.0,42.055,-11.515,18.029,-0.47,1.85,0.0
ATOM,3255.0,CA,VAL,224.0,40.648,-11.543,17.622,0.07,2.275,0.62
ATOM,3256.0,C,VAL,224.0,39.977,-10.173,17.841,0.51,2.0,0.0
ATOM,3257.0,O,VAL,224.0,39.133,-9.746,17.059,-0.51,1.7,0.0
ATOM,3258.0,CB,VAL,224.0,39.865,-12.682,18.318,-0.09,2.275,0.0
ATOM,3259.0,CG1,VAL,224.0,38.578,-12.921,17.6,-0.27,2.06,0.0
ATOM,3260.0,CG2,VAL,224.0,40.672,-13.976,18.32,-0.27,2.06,0.35
ATOM,3261.0,H,VAL,224.0,42.429,-12.024,18.841,0.31,0.2245,0.0
ATOM,3262.0,HA,VAL,224.0,40.609,-11.747,16.638,0.09,1.32,0.97
ATOM,3263.0,HB,VAL,224.0,39.649,-12.369,19.237,0.09,1.32,0.0
ATOM,3264.0,HG11,VAL,224.0,38.749,-13.091,16.625,0.09,1.32,0.0
ATOM,3265.0,HG12,VAL,224.0,38.106,-13.719,17.987,0.09,1.32,0.0
ATOM,3266.0,HG13,VAL,224.0,37.977,-12.12,17.686,0.09,1.32,0.0
ATOM,3267.0,HG21,VAL,224.0,40.488,-14.479,17.476,0.09,1.32,0.0
ATOM,3268.0,HG22,VAL,224.0,41.645,-13.756,18.377,0.09,1.32,0.0
ATOM,3269.0,HG23,VAL,224.0,40.404,-14.529,19.108,0.09,1.32,0.0
ATOM,3270.0,N,ILE,225.0,40.375,-9.473,18.904,-0.47,1.85,0.0
ATOM,3271.0,CA,ILE,225.0,39.828,-8.133,19.144,0.07,2.275,0.0
ATOM,3272.0,C,ILE,225.0,40.3,-7.21,18.028,0.51,2.0,0.0
ATOM,3273.0,O,ILE,225.0,39.512,-6.431,17.474,-0.51,1.7,0.0
ATOM,3274.0,CB,ILE,225.0,40.24,-7.577,20.529,-0.09,2.275,0.0
ATOM,3275.0,CG1,ILE,225.0,39.628,-8.453,21.634,-0.18,2.175,0.0
ATOM,3276.0,CG2,ILE,225.0,39.824,-6.108,20.653,-0.27,2.06,0.0
ATOM,3277.0,CD1,ILE,225.0,40.281,-8.254,23.013,-0.27,2.06,0.0
ATOM,3278.0,H,ILE,225.0,41.063,-9.931,19.509,0.31,0.2245,0.0
ATOM,3279.0,HA,ILE,225.0,38.84,-8.216,19.051,0.09,1.32,0.0
ATOM,3280.0,HB,ILE,225.0,41.224,-7.637,20.6,0.09,1.32,0.0
ATOM,3281.0,HG12,ILE,225.0,38.659,-8.24,21.71,0.09,1.32,0.0
ATOM,3282.0,HG13,ILE,225.0,39.735,-9.408,21.374,0.09,1.32,0.0
ATOM,3283.0,HG21,ILE,225.0,40.128,-5.754,21.534,0.09,1.32,0.0
ATOM,3284.0,HG22,ILE,225.0,40.245,-5.584,19.917,0.09,1.32,0.0
ATOM,3285.0,HG23,ILE,225.0,38.831,-6.041,20.588,0.09,1.32,0.0
ATOM,3286.0,HD11,ILE,225.0,40.171,-7.303,23.283,0.09,1.32,0.0
ATOM,3287.0,HD12,ILE,225.0,39.831,-8.853,23.668,0.09,1.32,0.0
ATOM,3288.0,HD13,ILE,225.0,41.247,-8.483,22.944,0.09,1.32,0.0
ATOM,3289.0,N,ALA,226.0,41.582,-7.312,17.675,-0.47,1.85,0.0
ATOM,3290.0,CA,ALA,226.0,42.11,-6.467,16.603,0.07,2.275,0.0
ATOM,3291.0,C,ALA,226.0,41.338,-6.692,15.294,0.51,2.0,0.01
ATOM,3292.0,O,ALA,226.0,41.0,-5.729,14.579,-0.51,1.7,2.69
ATOM,3293.0,CB,ALA,226.0,43.588,-6.703,16.41,-0.27,2.06,11.69
ATOM,3294.0,H,ALA,226.0,42.135,-7.999,18.195,0.31,0.2245,0.0
ATOM,3295.0,HA,ALA,226.0,42.008,-5.502,16.869,0.09,1.32,0.0
ATOM,3296.0,HB1,ALA,226.0,44.108,-5.936,16.791,0.09,1.32,0.0
ATOM,3297.0,HB2,ALA,226.0,43.862,-7.547,16.875,0.09,1.32,0.0
ATOM,3298.0,HB3,ALA,226.0,43.795,-6.785,15.433,0.09,1.32,8.9
ATOM,3299.0,N,GLU,227.0,41.03,-7.951,15.006,-0.47,1.85,0.15
ATOM,3300.0,CA,GLU,227.0,40.284,-8.299,13.797,0.07,2.275,0.16
ATOM,3301.0,C,GLU,227.0,38.875,-7.708,13.775,0.51,2.0,0.0
ATOM,3302.0,O,GLU,227.0,38.419,-7.216,12.741,-0.51,1.7,0.0
ATOM,3303.0,CB,GLU,227.0,40.202,-9.813,13.614,-0.18,2.175,1.91
ATOM,3304.0,CG,GLU,227.0,39.827,-10.229,12.179,-0.28,2.175,9.17
ATOM,3305.0,CD,GLU,227.0,40.8,-9.708,11.1,0.62,2.0,3.36
ATOM,3306.0,OE1,GLU,227.0,40.35,-9.553,9.94,-0.76,1.7,34.58
ATOM,3307.0,OE2,GLU,227.0,41.993,-9.439,11.399,-0.76,1.7,30.18
ATOM,3308.0,H,GLU,227.0,41.357,-8.652,15.697,0.31,0.2245,0.0
ATOM,3309.0,HA,GLU,227.0,40.794,-7.976,12.981,0.09,1.32,0.26
ATOM,3310.0,HB2,GLU,227.0,41.084,-10.192,13.803,0.09,1.32,2.53
ATOM,3311.0,HB3,GLU,227.0,39.503,-10.155,14.206,0.09,1.32,0.0
ATOM,3312.0,HG2,GLU,227.0,39.84,-11.211,12.132,0.09,1.32,5.6
ATOM,3313.0,HG3,GLU,227.0,38.94,-9.858,11.973,0.09,1.32,0.51
ATOM,3314.0,N,ALA,228.0,38.185,-7.764,14.909,-0.47,1.85,0.0
ATOM,3315.0,CA,ALA,228.0,36.856,-7.153,15.015,0.07,2.275,0.0
ATOM,3316.0,C,ALA,228.0,36.918,-5.623,14.865,0.51,2.0,0.0
ATOM,3317.0,O,ALA,228.0,36.065,-5.01,14.216,-0.51,1.7,0.0
ATOM,3318.0,CB,ALA,228.0,36.198,-7.542,16.343,-0.27,2.06,0.0
ATOM,3319.0,H,ALA,228.0,38.65,-8.259,15.686,0.31,0.2245,0.0
ATOM,3320.0,HA,ALA,228.0,36.271,-7.52,14.28,0.09,1.32,0.0
ATOM,3321.0,HB1,ALA,228.0,35.756,-8.431,16.243,0.09,1.32,0.0
ATOM,3322.0,HB2,ALA,228.0,36.896,-7.591,17.054,0.09,1.32,0.0
ATOM,3323.0,HB3,ALA,228.0,35.518,-6.854,16.587,0.09,1.32,0.0
ATOM,3324.0,N,VAL,229.0,37.932,-5.003,15.462,-0.47,1.85,0.0
ATOM,3325.0,CA,VAL,229.0,38.106,-3.552,15.35,0.07,2.275,0.0
ATOM,3326.0,C,VAL,229.0,38.275,-3.17,13.866,0.51,2.0,0.0
ATOM,3327.0,O,VAL,229.0,37.646,-2.229,13.387,-0.51,1.7,0.0
ATOM,3328.0,CB,VAL,229.0,39.281,-3.056,16.235,-0.09,2.275,0.0
ATOM,3329.0,CG1,VAL,229.0,39.705,-1.632,15.877,-0.27,2.06,0.25
ATOM,3330.0,CG2,VAL,229.0,38.894,-3.13,17.705,-0.27,2.06,0.0
ATOM,3331.0,H,VAL,229.0,38.57,-5.615,15.997,0.31,0.2245,0.0
ATOM,3332.0,HA,VAL,229.0,37.277,-3.109,15.685,0.09,1.32,0.0
ATOM,3333.0,HB,VAL,229.0,40.064,-3.648,16.052,0.09,1.32,0.0
ATOM,3334.0,HG11,VAL,229.0,39.713,-1.529,14.883,0.09,1.32,0.0
ATOM,3335.0,HG12,VAL,229.0,39.058,-0.984,16.276,0.09,1.32,0.0
ATOM,3336.0,HG13,VAL,229.0,40.62,-1.458,16.239,0.09,1.32,0.0
ATOM,3337.0,HG21,VAL,229.0,38.426,-2.286,17.966,0.09,1.32,0.0
ATOM,3338.0,HG22,VAL,229.0,38.285,-3.91,17.847,0.09,1.32,0.0
ATOM,3339.0,HG23,VAL,229.0,39.719,-3.242,18.258,0.09,1.32,0.0
ATOM,3340.0,N,LYS,230.0,39.099,-3.934,13.15,-0.47,1.85,0.17
ATOM,3341.0,CA,LYS,230.0,39.293,-3.72,11.714,0.07,2.275,0.3
ATOM,3342.0,C,LYS,230.0,38.006,-3.923,10.909,0.51,2.0,0.0
ATOM,3343.0,O,LYS,230.0,37.663,-3.089,10.039,-0.51,1.7,8.16
ATOM,3344.0,CB,LYS,230.0,40.393,-4.641,11.176,-0.18,2.175,1.38
ATOM,3345.0,CG,LYS,230.0,40.868,-4.213,9.803,-0.18,2.175,7.61
ATOM,3346.0,CD,LYS,230.0,41.93,-5.145,9.276,-0.18,2.175,7.53
ATOM,3347.0,CE,LYS,230.0,42.944,-4.363,8.451,0.21,2.175,22.16
ATOM,3348.0,NZ,LYS,230.0,43.954,-3.644,9.316,-0.3,1.85,14.34
ATOM,3349.0,H,LYS,230.0,39.582,-4.678,13.687,0.31,0.2245,0.0
ATOM,3350.0,HA,LYS,230.0,39.617,-2.771,11.568,0.09,1.32,0.31
ATOM,3351.0,HB2,LYS,230.0,41.159,-4.606,11.802,0.09,1.32,3.12
ATOM,3352.0,HB3,LYS,230.0,40.025,-5.558,11.114,0.09,1.32,0.06
ATOM,3353.0,HG2,LYS,230.0,40.089,-4.215,9.173,0.09,1.32,5.74
ATOM,3354.0,HG3,LYS,230.0,41.244,-3.287,9.861,0.09,1.32,3.89
ATOM,3355.0,HD2,LYS,230.0,42.403,-5.566,10.036,0.09,1.32,3.65
ATOM,3356.0,HD3,LYS,230.0,41.511,-5.825,8.693,0.09,1.32,8.56
ATOM,3357.0,HE2,LYS,230.0,43.434,-4.995,7.846,0.05,1.32,11.86
ATOM,3358.0,HE3,LYS,230.0,42.462,-3.684,7.892,0.05,1.32,9.8
ATOM,3359.0,HZ1,LYS,230.0,44.869,-3.902,9.021,0.33,0.2245,20.28
ATOM,3360.0,HZ2,LYS,230.0,43.823,-2.662,9.212,0.33,0.2245,18.69
ATOM,3361.0,HZ3,LYS,230.0,43.811,-3.911,10.264,0.33,0.2245,11.37
ATOM,3362.0,N,ALA,231.0,37.305,-5.022,11.207,-0.47,1.85,0.33
ATOM,3363.0,CA,ALA,231.0,36.031,-5.35,10.563,0.07,2.275,3.37
ATOM,3364.0,C,ALA,231.0,35.024,-4.205,10.677,0.51,2.0,0.0
ATOM,3365.0,O,ALA,231.0,34.277,-3.907,9.73,-0.51,1.7,19.63
ATOM,3366.0,CB,ALA,231.0,35.452,-6.629,11.167,-0.27,2.06,11.9
ATOM,3367.0,H,ALA,231.0,37.744,-5.625,11.938,0.31,0.2245,0.0
ATOM,3368.0,HA,ALA,231.0,36.201,-5.531,9.584,0.09,1.32,11.23
ATOM,3369.0,HB1,ALA,231.0,36.149,-7.344,11.158,0.09,1.32,1.44
ATOM,3370.0,HB2,ALA,231.0,35.167,-6.451,12.108,0.09,1.32,0.0
ATOM,3371.0,HB3,ALA,231.0,34.664,-6.922,10.628,0.09,1.32,3.51
ATOM,3372.0,N,ALA,232.0,35.03,-3.553,11.834,-0.47,1.85,0.0
ATOM,3373.0,CA,ALA,232.0,34.126,-2.451,12.127,0.07,2.275,0.41
ATOM,3374.0,C,ALA,232.0,34.57,-1.162,11.434,0.51,2.0,1.0
ATOM,3375.0,O,ALA,232.0,33.863,-0.153,11.485,-0.51,1.7,16.57
ATOM,3376.0,CB,ALA,232.0,34.039,-2.239,13.642,-0.27,2.06,0.0
ATOM,3377.0,H,ALA,232.0,35.743,-3.902,12.519,0.31,0.2245,0.0
ATOM,3378.0,HA,ALA,232.0,33.202,-2.688,11.795,0.09,1.32,0.0
ATOM,3379.0,HB1,ALA,232.0,34.86,-2.606,14.073,0.09,1.32,0.0
ATOM,3380.0,HB2,ALA,232.0,33.967,-1.262,13.834,0.09,1.32,0.0
ATOM,3381.0,HB3,ALA,232.0,33.234,-2.712,13.995,0.09,1.32,0.0
ATOM,3382.0,N,GLY,233.0,35.759,-1.198,10.83,-0.47,1.85,0.0
ATOM,3383.0,CA,GLY,233.0,36.302,-0.06,10.098,-0.02,2.175,15.75
ATOM,3384.0,C,GLY,233.0,37.018,0.972,10.938,0.51,2.0,1.23
ATOM,3385.0,O,GLY,233.0,37.158,2.126,10.529,-0.51,1.7,28.06
ATOM,3386.0,H,GLY,233.0,36.262,-2.108,10.928,0.31,0.2245,0.0
ATOM,3387.0,HA2,GLY,233.0,36.943,-0.409,9.374,0.09,1.32,8.26
ATOM,3388.0,HA3,GLY,233.0,35.538,0.396,9.583,0.09,1.32,10.26
ATOM,3389.0,N,TYR,234.0,37.474,0.564,12.121,-0.47,1.85,0.0
ATOM,3390.0,CA,TYR,234.0,38.21,1.457,13.004,0.07,2.275,0.0
ATOM,3391.0,C,TYR,234.0,39.69,1.125,13.015,0.51,2.0,0.0
ATOM,3392.0,O,TYR,234.0,40.095,0.017,12.65,-0.51,1.7,6.31
ATOM,3393.0,CB,TYR,234.0,37.618,1.442,14.422,-0.18,2.175,0.0
ATOM,3394.0,CG,TYR,234.0,36.201,1.964,14.42,0.0,1.9924,0.0
ATOM,3395.0,CD1,TYR,234.0,35.945,3.307,14.111,-0.115,1.9924,1.56
ATOM,3396.0,CD2,TYR,234.0,35.113,1.122,14.69,-0.115,1.9924,0.0
ATOM,3397.0,CE1,TYR,234.0,34.664,3.806,14.065,-0.115,1.9924,9.22
ATOM,3398.0,CE2,TYR,234.0,33.807,1.618,14.646,-0.115,1.9924,0.0
ATOM,3399.0,CZ,TYR,234.0,33.6,2.965,14.335,0.11,1.9924,0.63
ATOM,3400.0,OH,TYR,234.0,32.338,3.495,14.286,-0.54,1.77,2.6
ATOM,3401.0,H,TYR,234.0,37.262,-0.426,12.351,0.31,0.2245,0.0
ATOM,3402.0,HA,TYR,234.0,38.101,2.401,12.662,0.09,1.32,0.0
ATOM,3403.0,HB2,TYR,234.0,37.611,0.512,14.744,0.09,1.32,0.0
ATOM,3404.0,HB3,TYR,234.0,38.167,2.027,14.992,0.09,1.32,0.0
ATOM,3405.0,HD1,TYR,234.0,36.723,3.915,13.92,0.115,1.3582,1.44
ATOM,3406.0,HD2,TYR,234.0,35.271,0.17,14.912,0.115,1.3582,0.0
ATOM,3407.0,HE1,TYR,234.0,34.499,4.767,13.838,0.115,1.3582,12.15
ATOM,3408.0,HE2,TYR,234.0,33.035,1.023,14.833,0.115,1.3582,0.0
ATOM,3409.0,HH,TYR,234.0,31.673,2.757,14.179,0.43,0.2245,0.0
ATOM,3410.0,N,GLU,235.0,40.503,2.089,13.436,-0.47,1.85,0.0
ATOM,3411.0,CA,GLU,235.0,41.948,1.903,13.491,0.07,2.275,0.71
ATOM,3412.0,C,GLU,235.0,42.417,1.655,14.921,0.51,2.0,0.0
ATOM,3413.0,O,GLU,235.0,42.369,2.55,15.764,-0.51,1.7,0.0
ATOM,3414.0,CB,GLU,235.0,42.667,3.119,12.905,-0.18,2.175,1.84
ATOM,3415.0,CG,GLU,235.0,42.398,3.486,11.454,-0.28,2.175,10.38
ATOM,3416.0,CD,GLU,235.0,43.121,4.682,10.92,0.62,2.0,3.29
ATOM,3417.0,OE1,GLU,235.0,43.898,5.359,11.581,-0.76,1.7,19.14
ATOM,3418.0,OE2,GLU,235.0,42.834,4.92,9.73,-0.76,1.7,44.41
ATOM,3419.0,H,GLU,235.0,40.027,2.969,13.717,0.31,0.2245,0.0
ATOM,3420.0,HA,GLU,235.0,42.212,1.121,12.912,0.09,1.32,4.22
ATOM,3421.0,HB2,GLU,235.0,42.416,3.913,13.464,0.09,1.32,0.0
ATOM,3422.0,HB3,GLU,235.0,43.652,2.956,12.993,0.09,1.32,6.02
ATOM,3423.0,HG2,GLU,235.0,42.653,2.699,10.891,0.09,1.32,10.87
ATOM,3424.0,HG3,GLU,235.0,41.416,3.656,11.36,0.09,1.32,2.84
ATOM,3425.0,N,LEU,236.0,42.871,0.434,15.186,-0.47,1.85,1.23
ATOM,3426.0,CA,LEU,236.0,43.516,0.115,16.454,0.07,2.275,0.0
ATOM,3427.0,C,LEU,236.0,44.618,1.117,16.779,0.51,2.0,0.0
ATOM,3428.0,O,LEU,236.0,45.5,1.373,15.959,-0.51,1.7,21.24
ATOM,3429.0,CB,LEU,236.0,44.088,-1.304,16.421,-0.18,2.175,8.1
ATOM,3430.0,CG,LEU,236.0,44.191,-2.024,17.767,-0.09,2.275,0.0
ATOM,3431.0,CD1,LEU,236.0,42.836,-2.07,18.457,-0.27,2.06,0.0
ATOM,3432.0,CD2,LEU,236.0,44.751,-3.426,17.585,-0.27,2.06,4.6
ATOM,3433.0,H,LEU,236.0,42.729,-0.259,14.425,0.31,0.2245,5.53
ATOM,3434.0,HA,LEU,236.0,42.825,0.156,17.186,0.09,1.32,0.0
ATOM,3435.0,HB2,LEU,236.0,43.502,-1.856,15.833,0.09,1.32,2.5
ATOM,3436.0,HB3,LEU,236.0,45.006,-1.255,16.039,0.09,1.32,6.35
ATOM,3437.0,HG,LEU,236.0,44.843,-1.536,18.347,0.09,1.32,0.0
ATOM,3438.0,HD11,LEU,236.0,42.182,-2.559,17.879,0.09,1.32,0.0
ATOM,3439.0,HD12,LEU,236.0,42.923,-2.544,19.334,0.09,1.32,0.0
ATOM,3440.0,HD13,LEU,236.0,42.509,-1.138,18.614,0.09,1.32,0.0
ATOM,3441.0,HD21,LEU,236.0,45.663,-3.372,17.177,0.09,1.32,7.37
ATOM,3442.0,HD22,LEU,236.0,44.811,-3.881,18.474,0.09,1.32,0.0
ATOM,3443.0,HD23,LEU,236.0,44.149,-3.952,16.983,0.09,1.32,0.0
ATOM,3444.0,N,GLY,237.0,44.561,1.682,17.981,-0.47,1.85,0.0
ATOM,3445.0,CA,GLY,237.0,45.578,2.616,18.435,-0.02,2.175,5.19
ATOM,3446.0,C,GLY,237.0,45.193,4.071,18.273,0.51,2.0,1.9
ATOM,3447.0,O,GLY,237.0,45.564,4.897,19.1,-0.51,1.7,7.23
ATOM,3448.0,H,GLY,237.0,43.741,1.401,18.555,0.31,0.2245,0.0
ATOM,3449.0,HA2,GLY,237.0,45.786,2.432,19.418,0.09,1.32,0.0
ATOM,3450.0,HA3,GLY,237.0,46.445,2.44,17.925,0.09,1.32,7.71
ATOM,3451.0,N,LYS,238.0,44.472,4.393,17.199,-0.47,1.85,1.18
ATOM,3452.0,CA,LYS,238.0,43.98,5.745,16.98,0.07,2.275,1.33
ATOM,3453.0,C,LYS,238.0,42.526,5.87,17.443,0.51,2.0,0.0
ATOM,3454.0,O,LYS,238.0,42.197,6.724,18.272,-0.51,1.7,5.06
ATOM,3455.0,CB,LYS,238.0,44.098,6.127,15.5,-0.18,2.175,3.43
ATOM,3456.0,CG,LYS,238.0,43.679,7.547,15.182,-0.18,2.175,13.36
ATOM,3457.0,CD,LYS,238.0,43.015,7.591,13.824,-0.18,2.175,3.57
ATOM,3458.0,CE,LYS,238.0,41.761,8.446,13.861,0.21,2.175,16.59
ATOM,3459.0,NZ,LYS,238.0,40.689,7.932,12.958,-0.3,1.85,9.04
ATOM,3460.0,H,LYS,238.0,44.296,3.604,16.544,0.31,0.2245,0.0
ATOM,3461.0,HA,LYS,238.0,44.54,6.39,17.511,0.09,1.32,4.16
ATOM,3462.0,HB2,LYS,238.0,45.053,6.009,15.226,0.09,1.32,11.24
ATOM,3463.0,HB3,LYS,238.0,43.522,5.5,14.973,0.09,1.32,0.0
ATOM,3464.0,HG2,LYS,238.0,43.033,7.86,15.871,0.09,1.32,1.35
ATOM,3465.0,HG3,LYS,238.0,44.483,8.132,15.171,0.09,1.32,11.51
ATOM,3466.0,HD2,LYS,238.0,43.647,7.985,13.166,0.09,1.32,10.05
ATOM,3467.0,HD3,LYS,238.0,42.761,6.669,13.555,0.09,1.32,0.0
ATOM,3468.0,HE2,LYS,238.0,41.41,8.471,14.804,0.05,1.32,1.46
ATOM,3469.0,HE3,LYS,238.0,41.997,9.385,13.586,0.05,1.32,12.1
ATOM,3470.0,HZ1,LYS,238.0,40.674,6.934,13.0,0.33,0.2245,0.15
ATOM,3471.0,HZ2,LYS,238.0,39.807,8.295,13.254,0.33,0.2245,13.84
ATOM,3472.0,HZ3,LYS,238.0,40.877,8.227,12.022,0.33,0.2245,16.94
ATOM,3473.0,N,ASP,239.0,41.661,5.02,16.899,-0.47,1.85,0.0
ATOM,3474.0,CA,ASP,239.0,40.243,5.071,17.216,0.07,2.275,0.0
ATOM,3475.0,C,ASP,239.0,39.965,4.329,18.518,0.51,2.0,0.0
ATOM,3476.0,O,ASP,239.0,39.129,4.756,19.331,-0.51,1.7,0.0
ATOM,3477.0,CB,ASP,239.0,39.414,4.417,16.108,-0.28,2.175,0.0
ATOM,3478.0,CG,ASP,239.0,39.369,5.239,14.836,0.62,2.0,0.04
ATOM,3479.0,OD1,ASP,239.0,39.34,6.48,14.926,-0.76,1.7,7.9
ATOM,3480.0,OD2,ASP,239.0,39.354,4.634,13.74,-0.76,1.7,5.28
ATOM,3481.0,H,ASP,239.0,42.079,4.333,16.243,0.31,0.2245,0.0
ATOM,3482.0,HA,ASP,239.0,40.004,6.035,17.371,0.09,1.32,0.0
ATOM,3483.0,HB2,ASP,239.0,39.82,3.532,15.903,0.09,1.32,0.0
ATOM,3484.0,HB3,ASP,239.0,38.487,4.3,16.447,0.09,1.32,0.0
ATOM,3485.0,N,ILE,240.0,40.64,3.198,18.682,-0.47,1.85,0.0
ATOM,3486.0,CA,ILE,240.0,40.367,2.297,19.809,0.07,2.275,0.0
ATOM,3487.0,C,ILE,240.0,41.661,1.825,20.444,0.51,2.0,0.0
ATOM,3488.0,O,ILE,240.0,42.541,1.34,19.753,-0.51,1.7,0.0
ATOM,3489.0,CB,ILE,240.0,39.526,1.089,19.348,-0.09,2.275,0.0
ATOM,3490.0,CG1,ILE,240.0,38.143,1.586,18.904,-0.18,2.175,0.0
ATOM,3491.0,CG2,ILE,240.0,39.447,0.023,20.461,-0.27,2.06,0.0
ATOM,3492.0,CD1,ILE,240.0,37.234,0.539,18.363,-0.27,2.06,0.01
ATOM,3493.0,H,ILE,240.0,41.361,3.006,17.964,0.31,0.2245,0.0
ATOM,3494.0,HA,ILE,240.0,39.889,2.851,20.496,0.09,1.32,0.0
ATOM,3495.0,HB,ILE,240.0,39.972,0.686,18.565,0.09,1.32,0.0
ATOM,3496.0,HG12,ILE,240.0,37.709,2.033,19.696,0.09,1.32,0.0
ATOM,3497.0,HG13,ILE,240.0,38.287,2.296,18.203,0.09,1.32,0.0
ATOM,3498.0,HG21,ILE,240.0,38.931,-0.758,20.124,0.09,1.32,0.0
ATOM,3499.0,HG22,ILE,240.0,40.37,-0.258,20.705,0.09,1.32,0.0
ATOM,3500.0,HG23,ILE,240.0,38.991,0.416,21.253,0.09,1.32,0.0
ATOM,3501.0,HD11,ILE,240.0,37.068,-0.164,19.059,0.09,1.32,0.0
ATOM,3502.0,HD12,ILE,240.0,36.357,0.948,18.099,0.09,1.32,0.0
ATOM,3503.0,HD13,ILE,240.0,37.648,0.108,17.557,0.09,1.32,0.0
ATOM,3504.0,N,THR,241.0,41.782,2.009,21.758,-0.47,1.85,0.0
ATOM,3505.0,CA,THR,241.0,42.894,1.43,22.504,0.07,2.275,0.0
ATOM,3506.0,C,THR,241.0,42.375,0.272,23.345,0.51,2.0,0.0
ATOM,3507.0,O,THR,241.0,41.157,0.019,23.397,-0.51,1.7,0.0
ATOM,3508.0,CB,THR,241.0,43.592,2.45,23.392,0.14,2.275,0.0
ATOM,3509.0,OG1,THR,241.0,42.624,3.061,24.261,-0.66,1.77,0.0
ATOM,3510.0,CG2,THR,241.0,44.273,3.541,22.511,-0.27,2.06,0.04
ATOM,3511.0,H,THR,241.0,41.037,2.583,22.19,0.31,0.2245,0.0
ATOM,3512.0,HA,THR,241.0,43.564,1.074,21.854,0.09,1.32,0.0
ATOM,3513.0,HB,THR,241.0,44.28,1.974,23.976,0.09,1.32,0.0
ATOM,3514.0,HG21,THR,241.0,44.065,3.358,21.554,0.09,1.32,0.0
ATOM,3515.0,HG22,THR,241.0,43.918,4.434,22.774,0.09,1.32,0.0
ATOM,3516.0,HG23,THR,241.0,45.258,3.506,22.66,0.09,1.32,0.0
ATOM,3517.0,HG1,THR,241.0,41.711,3.024,23.844,0.43,0.2245,0.0
ATOM,3518.0,N,LEU,242.0,43.304,-0.439,23.976,-0.47,1.85,0.0
ATOM,3519.0,CA,LEU,242.0,42.968,-1.65,24.728,0.07,2.275,0.0
ATOM,3520.0,C,LEU,242.0,43.314,-1.482,26.19,0.51,2.0,0.0
ATOM,3521.0,O,LEU,242.0,44.292,-0.828,26.547,-0.51,1.7,0.0
ATOM,3522.0,CB,LEU,242.0,43.695,-2.869,24.152,-0.18,2.175,0.0
ATOM,3523.0,CG,LEU,242.0,43.431,-3.184,22.671,-0.09,2.275,0.0
ATOM,3524.0,CD1,LEU,242.0,44.337,-4.301,22.159,-0.27,2.06,0.0
ATOM,3525.0,CD2,LEU,242.0,41.943,-3.512,22.452,-0.27,2.06,0.0
ATOM,3526.0,H,LEU,242.0,44.27,-0.07,23.892,0.31,0.2245,0.0
ATOM,3527.0,HA,LEU,242.0,41.978,-1.809,24.645,0.09,1.32,0.0
ATOM,3528.0,HB2,LEU,242.0,44.675,-2.716,24.25,0.09,1.32,0.0
ATOM,3529.0,HB3,LEU,242.0,43.418,-3.668,24.677,0.09,1.32,0.01
ATOM,3530.0,HG,LEU,242.0,43.591,-2.354,22.131,0.09,1.32,0.0
ATOM,3531.0,HD11,LEU,242.0,44.174,-5.131,22.691,0.09,1.32,0.0
ATOM,3532.0,HD12,LEU,242.0,44.136,-4.476,21.196,0.09,1.32,0.0
ATOM,3533.0,HD13,LEU,242.0,45.293,-4.024,22.256,0.09,1.32,0.0
ATOM,3534.0,HD21,LEU,242.0,41.392,-2.726,22.725,0.09,1.32,0.0
ATOM,3535.0,HD22,LEU,242.0,41.792,-3.713,21.486,0.09,1.32,0.0
ATOM,3536.0,HD23,LEU,242.0,41.699,-4.305,23.006,0.09,1.32,0.0
ATOM,3537.0,N,ALA,243.0,42.477,-2.062,27.043,-0.47,1.85,0.0
ATOM,3538.0,CA,ALA,243.0,42.728,-2.092,28.465,0.07,2.275,0.0
ATOM,3539.0,C,ALA,243.0,42.582,-3.547,28.911,0.51,2.0,0.0
ATOM,3540.0,O,ALA,243.0,41.842,-4.308,28.315,-0.51,1.7,0.0
ATOM,3541.0,CB,ALA,243.0,41.741,-1.199,29.191,-0.27,2.06,0.0
ATOM,3542.0,H,ALA,243.0,41.634,-2.487,26.596,0.31,0.2245,0.0
ATOM,3543.0,HA,ALA,243.0,43.66,-1.801,28.644,0.09,1.32,0.0
ATOM,3544.0,HB1,ALA,243.0,40.887,-1.148,28.672,0.09,1.32,0.0
ATOM,3545.0,HB2,ALA,243.0,41.553,-1.573,30.1,0.09,1.32,0.37
ATOM,3546.0,HB3,ALA,243.0,42.125,-0.28,29.286,0.09,1.32,0.0
ATOM,3547.0,N,MET,244.0,43.303,-3.938,29.945,-0.47,1.85,0.0
ATOM,3548.0,CA,MET,244.0,43.201,-5.316,30.422,0.07,2.275,0.0
ATOM,3549.0,C,MET,244.0,43.139,-5.341,31.934,0.51,2.0,0.0
ATOM,3550.0,O,MET,244.0,43.591,-4.403,32.59,-0.51,1.7,0.64
ATOM,3551.0,CB,MET,244.0,44.386,-6.16,29.928,-0.18,2.175,0.0
ATOM,3552.0,CG,MET,244.0,45.743,-5.605,30.317,-0.14,2.175,0.0
ATOM,3553.0,SD,MET,244.0,47.129,-6.492,29.572,-0.09,2.0,0.17
ATOM,3554.0,CE,MET,244.0,46.314,-7.449,28.311,-0.22,2.06,0.0
ATOM,3555.0,H,MET,244.0,43.912,-3.228,30.366,0.31,0.2245,0.0
ATOM,3556.0,HA,MET,244.0,42.348,-5.706,30.064,0.09,1.32,0.0
ATOM,3557.0,HB2,MET,244.0,44.299,-7.091,30.305,0.09,1.32,0.0
ATOM,3558.0,HB3,MET,244.0,44.34,-6.223,28.923,0.09,1.32,0.0
ATOM,3559.0,HG2,MET,244.0,45.773,-4.607,30.061,0.09,1.32,0.0
ATOM,3560.0,HG3,MET,244.0,45.818,-5.615,31.345,0.09,1.32,0.0
ATOM,3561.0,HE1,MET,244.0,46.705,-8.372,28.277,0.09,1.32,0.0
ATOM,3562.0,HE2,MET,244.0,45.334,-7.516,28.514,0.09,1.32,0.0
ATOM,3563.0,HE3,MET,244.0,46.434,-7.009,27.418,0.09,1.32,0.0
ATOM,3564.0,N,ASP,245.0,42.548,-6.417,32.462,-0.47,1.85,0.0
ATOM,3565.0,CA,ASP,245.0,42.578,-6.73,33.895,0.07,2.275,0.0
ATOM,3566.0,C,ASP,245.0,43.246,-8.097,34.015,0.51,2.0,0.0
ATOM,3567.0,O,ASP,245.0,42.689,-9.114,33.585,-0.51,1.7,0.0
ATOM,3568.0,CB,ASP,245.0,41.146,-6.762,34.47,-0.28,2.175,0.0
ATOM,3569.0,CG,ASP,245.0,41.084,-7.219,35.93,0.62,2.0,0.0
ATOM,3570.0,OD1,ASP,245.0,42.139,-7.392,36.582,-0.76,1.7,0.0
ATOM,3571.0,OD2,ASP,245.0,39.947,-7.402,36.426,-0.76,1.7,3.86
ATOM,3572.0,H,ASP,245.0,42.058,-7.022,31.761,0.31,0.2245,0.0
ATOM,3573.0,HA,ASP,245.0,43.177,-6.073,34.326,0.09,1.32,0.0
ATOM,3574.0,HB2,ASP,245.0,40.773,-5.843,34.41,0.09,1.32,0.0
ATOM,3575.0,HB3,ASP,245.0,40.61,-7.39,33.918,0.09,1.32,0.0
ATOM,3576.0,N,CYS,246.0,44.434,-8.121,34.613,-0.47,1.85,0.0
ATOM,3577.0,CA,CYS,246.0,45.18,-9.368,34.757,0.07,2.275,0.0
ATOM,3578.0,C,CYS,246.0,44.596,-10.258,35.842,0.51,2.0,0.0
ATOM,3579.0,O,CYS,246.0,44.742,-11.478,35.78,-0.51,1.7,0.54
ATOM,3580.0,CB,CYS,246.0,46.631,-9.083,35.098,-0.11,2.175,0.0
ATOM,3581.0,SG,CYS,246.0,47.514,-8.218,33.805,-0.23,2.0,0.0
ATOM,3582.0,H,CYS,246.0,44.772,-7.207,34.956,0.31,0.2245,0.0
ATOM,3583.0,HA,CYS,246.0,45.13,-9.867,33.879,0.09,1.32,0.0
ATOM,3584.0,HB2,CYS,246.0,46.653,-8.526,35.926,0.09,1.32,0.0
ATOM,3585.0,HB3,CYS,246.0,47.088,-9.955,35.267,0.09,1.32,0.0
ATOM,3586.0,HG,CYS,246.0,48.136,-7.542,34.208,0.16,0.45,0.0
ATOM,3587.0,N,ALA,247.0,43.995,-9.634,36.855,-0.47,1.85,0.0
ATOM,3588.0,CA,ALA,247.0,43.622,-10.332,38.094,0.07,2.275,0.84
ATOM,3589.0,C,ALA,247.0,44.763,-11.267,38.523,0.51,2.0,0.0
ATOM,3590.0,O,ALA,247.0,44.574,-12.471,38.714,-0.51,1.7,0.0
ATOM,3591.0,CB,ALA,247.0,42.308,-11.099,37.904,-0.27,2.06,7.39
ATOM,3592.0,H,ALA,247.0,43.814,-8.623,36.698,0.31,0.2245,0.0
ATOM,3593.0,HA,ALA,247.0,43.478,-9.655,38.815,0.09,1.32,1.52
ATOM,3594.0,HB1,ALA,247.0,41.541,-10.477,38.048,0.09,1.32,1.34
ATOM,3595.0,HB2,ALA,247.0,42.274,-11.467,36.977,0.09,1.32,0.0
ATOM,3596.0,HB3,ALA,247.0,42.265,-11.845,38.565,0.09,1.32,0.0
ATOM,3597.0,N,ALA,248.0,45.958,-10.687,38.66,-0.47,1.85,0.0
ATOM,3598.0,CA,ALA,248.0,47.191,-11.445,38.806,0.07,2.275,0.0
ATOM,3599.0,C,ALA,248.0,47.255,-12.264,40.1,0.51,2.0,0.0
ATOM,3600.0,O,ALA,248.0,48.059,-13.195,40.191,-0.51,1.7,0.0
ATOM,3601.0,CB,ALA,248.0,48.412,-10.523,38.679,-0.27,2.06,0.0
ATOM,3602.0,H,ALA,248.0,45.927,-9.641,38.653,0.31,0.2245,0.0
ATOM,3603.0,HA,ALA,248.0,47.276,-12.087,38.021,0.09,1.32,0.0
ATOM,3604.0,HB1,ALA,248.0,48.735,-10.279,39.591,0.09,1.32,0.0
ATOM,3605.0,HB2,ALA,248.0,49.133,-11.001,38.183,0.09,1.32,0.0
ATOM,3606.0,HB3,ALA,248.0,48.15,-9.699,38.182,0.09,1.32,0.0
ATOM,3607.0,N,SER,249.0,46.429,-11.911,41.085,-0.47,1.85,0.0
ATOM,3608.0,CA,SER,249.0,46.291,-12.753,42.297,0.07,2.275,0.0
ATOM,3609.0,C,SER,249.0,45.878,-14.18,41.951,0.51,2.0,0.06
ATOM,3610.0,O,SER,249.0,46.213,-15.131,42.683,-0.51,1.7,14.18
ATOM,3611.0,CB,SER,249.0,45.313,-12.146,43.316,0.05,2.175,6.46
ATOM,3612.0,OG,SER,249.0,43.964,-12.242,42.894,-0.66,1.77,14.88
ATOM,3613.0,H,SER,249.0,45.911,-11.036,40.942,0.31,0.2245,1.23
ATOM,3614.0,HA,SER,249.0,47.192,-12.787,42.746,0.09,1.32,0.0
ATOM,3615.0,HB2,SER,249.0,45.418,-12.631,44.185,0.09,1.32,6.31
ATOM,3616.0,HB3,SER,249.0,45.546,-11.181,43.444,0.09,1.32,0.77
ATOM,3617.0,HG,SER,249.0,43.93,-12.302,41.897,0.43,0.2245,0.56
ATOM,3618.0,N,GLU,250.0,45.17,-14.338,40.833,-0.47,1.85,0.0
ATOM,3619.0,CA,GLU,250.0,44.675,-15.665,40.446,0.07,2.275,0.21
ATOM,3620.0,C,GLU,250.0,45.781,-16.607,39.986,0.51,2.0,0.0
ATOM,3621.0,O,GLU,250.0,45.584,-17.824,39.991,-0.51,1.7,29.31
ATOM,3622.0,CB,GLU,250.0,43.543,-15.58,39.401,-0.18,2.175,4.39
ATOM,3623.0,CG,GLU,250.0,42.381,-14.686,39.804,-0.28,2.175,0.0
ATOM,3624.0,CD,GLU,250.0,41.559,-15.217,40.981,0.62,2.0,0.51
ATOM,3625.0,OE1,GLU,250.0,41.856,-16.315,41.514,-0.76,1.7,25.22
ATOM,3626.0,OE2,GLU,250.0,40.612,-14.511,41.38,-0.76,1.7,34.31
ATOM,3627.0,H,GLU,250.0,45.007,-13.483,40.286,0.31,0.2245,0.0
ATOM,3628.0,HA,GLU,250.0,44.184,-16.08,41.232,0.09,1.32,2.01
ATOM,3629.0,HB2,GLU,250.0,43.933,-15.213,38.575,0.09,1.32,0.97
ATOM,3630.0,HB3,GLU,250.0,43.193,-16.49,39.272,0.09,1.32,0.56
ATOM,3631.0,HG2,GLU,250.0,42.742,-13.808,40.074,0.09,1.32,0.0
ATOM,3632.0,HG3,GLU,250.0,41.767,-14.604,39.035,0.09,1.32,0.0
ATOM,3633.0,N,PHE,251.0,46.939,-16.068,39.602,-0.47,1.85,0.0
ATOM,3634.0,CA,PHE,251.0,48.066,-16.939,39.267,0.07,2.275,1.55
ATOM,3635.0,C,PHE,251.0,49.327,-16.774,40.141,0.51,2.0,0.35
ATOM,3636.0,O,PHE,251.0,50.399,-17.271,39.807,-0.51,1.7,0.28
ATOM,3637.0,CB,PHE,251.0,48.334,-17.021,37.743,-0.18,2.175,1.26
ATOM,3638.0,CG,PHE,251.0,48.145,-15.715,36.982,0.0,1.9924,0.0
ATOM,3639.0,CD1,PHE,251.0,47.054,-15.533,36.129,-0.115,1.9924,0.25
ATOM,3640.0,CD2,PHE,251.0,49.08,-14.695,37.093,-0.115,1.9924,0.0
ATOM,3641.0,CE1,PHE,251.0,46.893,-14.328,35.408,-0.115,1.9924,0.11
ATOM,3642.0,CE2,PHE,251.0,48.93,-13.505,36.393,-0.115,1.9924,0.0
ATOM,3643.0,CZ,PHE,251.0,47.837,-13.318,35.551,-0.115,1.9924,0.0
ATOM,3644.0,H,PHE,251.0,46.966,-15.047,39.565,0.31,0.2245,0.0
ATOM,3645.0,HA,PHE,251.0,47.748,-17.901,39.405,0.09,1.32,5.7
ATOM,3646.0,HB2,PHE,251.0,49.273,-17.309,37.62,0.09,1.32,0.0
ATOM,3647.0,HB3,PHE,251.0,47.705,-17.685,37.364,0.09,1.32,6.01
ATOM,3648.0,HD1,PHE,251.0,46.378,-16.249,36.021,0.115,1.3582,7.68
ATOM,3649.0,HD2,PHE,251.0,49.877,-14.819,37.689,0.115,1.3582,0.0
ATOM,3650.0,HE1,PHE,251.0,46.104,-14.221,34.806,0.115,1.3582,0.0
ATOM,3651.0,HE2,PHE,251.0,49.623,-12.771,36.497,0.115,1.3582,0.0
ATOM,3652.0,HZ,PHE,251.0,47.729,-12.461,35.05,0.115,1.3582,0.0
ATOM,3653.0,N,TYR,252.0,49.154,-16.135,41.297,-0.47,1.85,0.0
ATOM,3654.0,CA,TYR,252.0,50.217,-15.942,42.278,0.07,2.275,0.0
ATOM,3655.0,C,TYR,252.0,50.349,-17.178,43.159,0.51,2.0,0.0
ATOM,3656.0,O,TYR,252.0,49.386,-17.581,43.819,-0.51,1.7,21.43
ATOM,3657.0,CB,TYR,252.0,49.887,-14.733,43.147,-0.18,2.175,0.0
ATOM,3658.0,CG,TYR,252.0,51.035,-14.101,43.911,0.0,1.9924,0.0
ATOM,3659.0,CD1,TYR,252.0,52.276,-13.878,43.316,-0.115,1.9924,0.0
ATOM,3660.0,CD2,TYR,252.0,50.851,-13.666,45.219,-0.115,1.9924,5.58
ATOM,3661.0,CE1,TYR,252.0,53.309,-13.262,44.018,-0.115,1.9924,0.0
ATOM,3662.0,CE2,TYR,252.0,51.874,-13.049,45.928,-0.115,1.9924,6.87
ATOM,3663.0,CZ,TYR,252.0,53.095,-12.845,45.323,0.11,1.9924,0.0
ATOM,3664.0,OH,TYR,252.0,54.093,-12.225,46.035,-0.54,1.77,16.79
ATOM,3665.0,H,TYR,252.0,48.176,-15.778,41.443,0.31,0.2245,0.0
ATOM,3666.0,HA,TYR,252.0,51.083,-15.815,41.786,0.09,1.32,0.0
ATOM,3667.0,HB2,TYR,252.0,49.482,-14.021,42.556,0.09,1.32,0.0
ATOM,3668.0,HB3,TYR,252.0,49.187,-15.011,43.82,0.09,1.32,1.69
ATOM,3669.0,HD1,TYR,252.0,52.43,-14.165,42.37,0.115,1.3582,0.0
ATOM,3670.0,HD2,TYR,252.0,49.962,-13.799,45.66,0.115,1.3582,7.33
ATOM,3671.0,HE1,TYR,252.0,54.198,-13.121,43.582,0.115,1.3582,0.0
ATOM,3672.0,HE2,TYR,252.0,51.722,-12.756,46.873,0.115,1.3582,5.45
ATOM,3673.0,HH,TYR,252.0,54.396,-11.413,45.538,0.43,0.2245,2.88
ATOM,3674.0,N,LYS,253.0,51.54,-17.771,43.161,-0.47,1.85,0.0
ATOM,3675.0,CA,LYS,253.0,51.828,-18.922,44.016,0.07,2.275,0.44
ATOM,3676.0,C,LYS,253.0,53.302,-18.956,44.395,0.51,2.0,0.0
ATOM,3677.0,O,LYS,253.0,54.179,-18.926,43.522,-0.51,1.7,2.22
ATOM,3678.0,CB,LYS,253.0,51.418,-20.224,43.333,-0.18,2.175,3.33
ATOM,3679.0,CG,LYS,253.0,51.642,-21.458,44.2,-0.18,2.175,2.33
ATOM,3680.0,CD,LYS,253.0,51.347,-22.745,43.45,-0.18,2.175,14.08
ATOM,3681.0,CE,LYS,253.0,51.684,-23.977,44.3,0.21,2.175,19.35
ATOM,3682.0,NZ,LYS,253.0,50.918,-24.05,45.588,-0.3,1.85,12.41
ATOM,3683.0,H,LYS,253.0,52.236,-17.353,42.513,0.31,0.2245,0.0
ATOM,3684.0,HA,LYS,253.0,51.279,-18.847,44.856,0.09,1.32,3.78
ATOM,3685.0,HB2,LYS,253.0,50.449,-20.171,43.111,0.09,1.32,6.03
ATOM,3686.0,HB3,LYS,253.0,51.956,-20.325,42.501,0.09,1.32,0.0
ATOM,3687.0,HG2,LYS,253.0,52.597,-21.471,44.505,0.09,1.32,0.0
ATOM,3688.0,HG3,LYS,253.0,51.044,-21.404,45.002,0.09,1.32,5.22
ATOM,3689.0,HD2,LYS,253.0,50.38,-22.778,43.226,0.09,1.32,9.86
ATOM,3690.0,HD3,LYS,253.0,51.899,-22.777,42.625,0.09,1.32,5.02
ATOM,3691.0,HE2,LYS,253.0,51.49,-24.805,43.757,0.05,1.32,12.21
ATOM,3692.0,HE3,LYS,253.0,52.672,-23.965,44.508,0.05,1.32,2.25
ATOM,3693.0,HZ1,LYS,253.0,50.897,-23.144,46.006,0.33,0.2245,8.23
ATOM,3694.0,HZ2,LYS,253.0,49.988,-24.357,45.397,0.33,0.2245,19.24
ATOM,3695.0,HZ3,LYS,253.0,51.37,-24.696,46.199,0.33,0.2245,18.88
ATOM,3696.0,N,ASP,254.0,53.556,-19.018,45.702,-0.47,1.85,0.01
ATOM,3697.0,CA,ASP,254.0,54.908,-19.051,46.272,0.07,2.275,4.51
ATOM,3698.0,C,ASP,254.0,55.762,-17.867,45.839,0.51,2.0,2.3
ATOM,3699.0,O,ASP,254.0,56.969,-18.007,45.609,-0.51,1.7,16.32
ATOM,3700.0,CB,ASP,254.0,55.606,-20.382,45.967,-0.28,2.175,13.13
ATOM,3701.0,CG,ASP,254.0,54.911,-21.557,46.614,0.62,2.0,3.28
ATOM,3702.0,OD1,ASP,254.0,54.629,-21.482,47.831,-0.76,1.7,36.76
ATOM,3703.0,OD2,ASP,254.0,54.642,-22.551,45.904,-0.76,1.7,21.47
ATOM,3704.0,H,ASP,254.0,52.692,-19.042,46.302,0.31,0.2245,11.64
ATOM,3705.0,HA,ASP,254.0,54.805,-18.992,47.278,0.09,1.32,8.32
ATOM,3706.0,HB2,ASP,254.0,55.604,-20.507,44.983,0.09,1.32,4.09
ATOM,3707.0,HB3,ASP,254.0,56.534,-20.325,46.312,0.09,1.32,8.11
ATOM,3708.0,N,GLY,255.0,55.122,-16.702,45.742,-0.47,1.85,3.66
ATOM,3709.0,CA,GLY,255.0,55.803,-15.453,45.397,-0.02,2.175,12.7
ATOM,3710.0,C,GLY,255.0,56.081,-15.277,43.915,0.51,2.0,0.0
ATOM,3711.0,O,GLY,255.0,56.754,-14.322,43.518,-0.51,1.7,12.27
ATOM,3712.0,H,GLY,255.0,54.097,-16.756,45.932,0.31,0.2245,3.71
ATOM,3713.0,HA2,GLY,255.0,55.24,-14.667,45.728,0.09,1.32,0.0
ATOM,3714.0,HA3,GLY,255.0,56.684,-15.404,45.912,0.09,1.32,10.64
ATOM,3715.0,N,LYS,256.0,55.562,-16.192,43.098,-0.47,1.85,0.0
ATOM,3716.0,CA,LYS,256.0,55.727,-16.122,41.646,0.07,2.275,0.0
ATOM,3717.0,C,LYS,256.0,54.383,-16.132,40.908,0.51,2.0,0.0
ATOM,3718.0,O,LYS,256.0,53.347,-16.476,41.489,-0.51,1.7,0.0
ATOM,3719.0,CB,LYS,256.0,56.626,-17.262,41.155,-0.18,2.175,0.0
ATOM,3720.0,CG,LYS,256.0,58.033,-17.258,41.736,-0.18,2.175,2.98
ATOM,3721.0,CD,LYS,256.0,58.863,-18.411,41.205,-0.18,2.175,0.99
ATOM,3722.0,CE,LYS,256.0,60.265,-18.429,41.769,0.21,2.175,17.56
ATOM,3723.0,NZ,LYS,256.0,61.038,-19.572,41.222,-0.3,1.85,14.31
ATOM,3724.0,H,LYS,256.0,55.035,-16.952,43.576,0.31,0.2245,0.0
ATOM,3725.0,HA,LYS,256.0,56.213,-15.266,41.414,0.09,1.32,0.0
ATOM,3726.0,HB2,LYS,256.0,56.189,-18.129,41.397,0.09,1.32,0.79
ATOM,3727.0,HB3,LYS,256.0,56.697,-17.194,40.159,0.09,1.32,0.0
ATOM,3728.0,HG2,LYS,256.0,58.482,-16.396,41.495,0.09,1.32,0.4
ATOM,3729.0,HG3,LYS,256.0,57.974,-17.332,42.733,0.09,1.32,0.0
ATOM,3730.0,HD2,LYS,256.0,58.41,-19.271,41.446,0.09,1.32,7.38
ATOM,3731.0,HD3,LYS,256.0,58.92,-18.335,40.208,0.09,1.32,0.0
ATOM,3732.0,HE2,LYS,256.0,60.726,-17.574,41.528,0.05,1.32,1.42
ATOM,3733.0,HE3,LYS,256.0,60.218,-18.51,42.765,0.05,1.32,8.14
ATOM,3734.0,HZ1,LYS,256.0,62.015,-19.412,41.364,0.33,0.2245,20.52
ATOM,3735.0,HZ2,LYS,256.0,60.766,-20.413,41.691,0.33,0.2245,19.33
ATOM,3736.0,HZ3,LYS,256.0,60.853,-19.662,40.243,0.33,0.2245,11.9
ATOM,3737.0,N,TYR,257.0,54.412,-15.747,39.631,-0.47,1.85,0.0
ATOM,3738.0,CA,TYR,257.0,53.217,-15.697,38.78,0.07,2.275,0.0
ATOM,3739.0,C,TYR,257.0,53.264,-16.799,37.743,0.51,2.0,0.0
ATOM,3740.0,O,TYR,257.0,54.059,-16.763,36.8,-0.51,1.7,0.0
ATOM,3741.0,CB,TYR,257.0,53.053,-14.308,38.135,-0.18,2.175,0.0
ATOM,3742.0,CG,TYR,257.0,52.902,-13.246,39.19,0.0,1.9924,0.0
ATOM,3743.0,CD1,TYR,257.0,51.638,-12.884,39.659,-0.115,1.9924,0.0
ATOM,3744.0,CD2,TYR,257.0,54.024,-12.655,39.785,-0.115,1.9924,0.0
ATOM,3745.0,CE1,TYR,257.0,51.492,-11.939,40.658,-0.115,1.9924,0.0
ATOM,3746.0,CE2,TYR,257.0,53.889,-11.708,40.808,-0.115,1.9924,0.0
ATOM,3747.0,CZ,TYR,257.0,52.614,-11.355,41.233,0.11,1.9924,0.0
ATOM,3748.0,OH,TYR,257.0,52.448,-10.428,42.236,-0.54,1.77,0.0
ATOM,3749.0,H,TYR,257.0,55.363,-15.482,39.285,0.31,0.2245,0.0
ATOM,3750.0,HA,TYR,257.0,52.413,-15.843,39.365,0.09,1.32,0.0
ATOM,3751.0,HB2,TYR,257.0,53.86,-14.119,37.606,0.09,1.32,0.0
ATOM,3752.0,HB3,TYR,257.0,52.24,-14.322,37.581,0.09,1.32,0.0
ATOM,3753.0,HD1,TYR,257.0,50.826,-13.316,39.264,0.115,1.3582,0.0
ATOM,3754.0,HD2,TYR,257.0,54.935,-12.913,39.477,0.115,1.3582,0.0
ATOM,3755.0,HE1,TYR,257.0,50.576,-11.673,40.972,0.115,1.3582,0.0
ATOM,3756.0,HE2,TYR,257.0,54.692,-11.298,41.22,0.115,1.3582,0.0
ATOM,3757.0,HH,TYR,257.0,53.341,-10.066,42.499,0.43,0.2245,0.0
ATOM,3758.0,N,VAL,258.0,52.409,-17.792,37.944,-0.47,1.85,0.0
ATOM,3759.0,CA,VAL,258.0,52.389,-18.975,37.111,0.07,2.275,0.0
ATOM,3760.0,C,VAL,258.0,51.251,-18.856,36.111,0.51,2.0,0.0
ATOM,3761.0,O,VAL,258.0,50.088,-18.789,36.499,-0.51,1.7,2.84
ATOM,3762.0,CB,VAL,258.0,52.226,-20.258,37.972,-0.09,2.275,1.48
ATOM,3763.0,CG1,VAL,258.0,52.242,-21.498,37.09,-0.27,2.06,11.8
ATOM,3764.0,CG2,VAL,258.0,53.323,-20.333,39.039,-0.27,2.06,6.33
ATOM,3765.0,H,VAL,258.0,51.759,-17.645,38.749,0.31,0.2245,0.0
ATOM,3766.0,HA,VAL,258.0,53.247,-19.018,36.598,0.09,1.32,0.0
ATOM,3767.0,HB,VAL,258.0,51.332,-20.214,38.403,0.09,1.32,4.64
ATOM,3768.0,HG11,VAL,258.0,52.905,-22.155,37.449,0.09,1.32,6.37
ATOM,3769.0,HG12,VAL,258.0,51.333,-21.914,37.082,0.09,1.32,9.51
ATOM,3770.0,HG13,VAL,258.0,52.498,-21.242,36.158,0.09,1.32,0.0
ATOM,3771.0,HG21,VAL,258.0,53.27,-21.218,39.498,0.09,1.32,5.1
ATOM,3772.0,HG22,VAL,258.0,54.213,-20.231,38.598,0.09,1.32,0.0
ATOM,3773.0,HG23,VAL,258.0,53.184,-19.598,39.7,0.09,1.32,0.0
ATOM,3774.0,N,LEU,259.0,51.583,-18.814,34.824,-0.47,1.85,0.0
ATOM,3775.0,CA,LEU,259.0,50.553,-18.728,33.796,0.07,2.275,0.0
ATOM,3776.0,C,LEU,259.0,50.364,-20.06,33.071,0.51,2.0,0.0
ATOM,3777.0,O,LEU,259.0,51.199,-20.465,32.258,-0.51,1.7,0.0
ATOM,3778.0,CB,LEU,259.0,50.82,-17.571,32.815,-0.18,2.175,0.0
ATOM,3779.0,CG,LEU,259.0,50.379,-16.174,33.284,-0.09,2.275,0.0
ATOM,3780.0,CD1,LEU,259.0,51.302,-15.614,34.366,-0.27,2.06,0.0
ATOM,3781.0,CD2,LEU,259.0,50.296,-15.209,32.118,-0.27,2.06,0.0
ATOM,3782.0,H,LEU,259.0,52.594,-18.846,34.627,0.31,0.2245,0.0
ATOM,3783.0,HA,LEU,259.0,49.679,-18.481,34.236,0.09,1.32,0.0
ATOM,3784.0,HB2,LEU,259.0,51.8,-17.532,32.651,0.09,1.32,0.0
ATOM,3785.0,HB3,LEU,259.0,50.333,-17.769,31.973,0.09,1.32,0.0
ATOM,3786.0,HG,LEU,259.0,49.444,-16.235,33.646,0.09,1.32,0.0
ATOM,3787.0,HD11,LEU,259.0,52.231,-15.544,34.005,0.09,1.32,0.0
ATOM,3788.0,HD12,LEU,259.0,50.98,-14.709,34.64,0.09,1.32,0.0
ATOM,3789.0,HD13,LEU,259.0,51.295,-16.226,35.156,0.09,1.32,0.0
ATOM,3790.0,HD21,LEU,259.0,49.631,-15.545,31.448,0.09,1.32,0.0
ATOM,3791.0,HD22,LEU,259.0,50.008,-14.307,32.446,0.09,1.32,0.0
ATOM,3792.0,HD23,LEU,259.0,51.194,-15.13,31.681,0.09,1.32,0.0
ATOM,3793.0,N,ALA,260.0,49.259,-20.729,33.397,-0.47,1.85,0.2
ATOM,3794.0,CA,ALA,260.0,48.877,-21.996,32.775,0.07,2.275,0.24
ATOM,3795.0,C,ALA,260.0,48.845,-21.869,31.255,0.51,2.0,0.61
ATOM,3796.0,O,ALA,260.0,49.558,-22.594,30.551,-0.51,1.7,6.35
ATOM,3797.0,CB,ALA,260.0,47.526,-22.454,33.303,-0.27,2.06,35.2
ATOM,3798.0,H,ALA,260.0,48.684,-20.267,34.142,0.31,0.2245,2.69
ATOM,3799.0,HA,ALA,260.0,49.556,-22.696,33.024,0.09,1.32,0.0
ATOM,3800.0,HB1,ALA,260.0,46.802,-21.894,32.901,0.09,1.32,4.51
ATOM,3801.0,HB2,ALA,260.0,47.378,-23.412,33.058,0.09,1.32,7.01
ATOM,3802.0,HB3,ALA,260.0,47.506,-22.359,34.298,0.09,1.32,9.99
ATOM,3803.0,N,GLY,261.0,48.04,-20.924,30.766,-0.47,1.85,0.87
ATOM,3804.0,CA,GLY,261.0,47.878,-20.67,29.332,-0.02,2.175,1.97
ATOM,3805.0,C,GLY,261.0,49.08,-20.07,28.623,0.51,2.0,0.35
ATOM,3806.0,O,GLY,261.0,48.959,-19.583,27.496,-0.51,1.7,6.08
ATOM,3807.0,H,GLY,261.0,47.53,-20.376,31.499,0.31,0.2245,0.0
ATOM,3808.0,HA2,GLY,261.0,47.622,-21.552,28.869,0.09,1.32,6.28
ATOM,3809.0,HA3,GLY,261.0,47.067,-20.052,29.197,0.09,1.32,0.0
ATOM,3810.0,N,GLU,262.0,50.235,-20.096,29.286,-0.47,1.85,0.0
ATOM,3811.0,CA,GLU,262.0,51.504,-19.675,28.69,0.07,2.275,1.83
ATOM,3812.0,C,GLU,262.0,52.551,-20.768,28.897,0.51,2.0,1.9
ATOM,3813.0,O,GLU,262.0,53.737,-20.484,29.103,-0.51,1.7,2.64
ATOM,3814.0,CB,GLU,262.0,51.987,-18.344,29.293,-0.18,2.175,0.0
ATOM,3815.0,CG,GLU,262.0,51.146,-17.114,28.922,-0.28,2.175,0.0
ATOM,3816.0,CD,GLU,262.0,51.396,-16.598,27.505,0.62,2.0,0.0
ATOM,3817.0,OE1,GLU,262.0,52.252,-17.163,26.787,-0.76,1.7,28.34
ATOM,3818.0,OE2,GLU,262.0,50.729,-15.619,27.104,-0.76,1.7,5.35
ATOM,3819.0,H,GLU,262.0,50.158,-20.443,30.27,0.31,0.2245,0.0
ATOM,3820.0,HA,GLU,262.0,51.38,-19.512,27.711,0.09,1.32,2.81
ATOM,3821.0,HB2,GLU,262.0,51.96,-18.433,30.275,0.09,1.32,0.0
ATOM,3822.0,HB3,GLU,262.0,52.904,-18.182,28.967,0.09,1.32,0.83
ATOM,3823.0,HG2,GLU,262.0,50.196,-17.365,28.982,0.09,1.32,0.0
ATOM,3824.0,HG3,GLU,262.0,51.375,-16.387,29.546,0.09,1.32,0.0
ATOM,3825.0,N,GLY,263.0,52.097,-22.019,28.842,-0.47,1.85,3.33
ATOM,3826.0,CA,GLY,263.0,52.959,-23.178,29.072,-0.02,2.175,19.49
ATOM,3827.0,C,GLY,263.0,53.312,-23.39,30.534,0.51,2.0,0.61
ATOM,3828.0,O,GLY,263.0,54.356,-23.969,30.846,-0.51,1.7,20.85
ATOM,3829.0,H,GLY,263.0,51.081,-22.1,28.622,0.31,0.2245,4.94
ATOM,3830.0,HA2,GLY,263.0,52.497,-24.011,28.715,0.09,1.32,12.3
ATOM,3831.0,HA3,GLY,263.0,53.815,-23.067,28.533,0.09,1.32,6.02
ATOM,3832.0,N,ASN,264.0,52.436,-22.922,31.425,-0.47,1.85,0.0
ATOM,3833.0,CA,ASN,264.0,52.62,-23.027,32.883,0.07,2.275,0.0
ATOM,3834.0,C,ASN,264.0,53.969,-22.515,33.417,0.51,2.0,0.0
ATOM,3835.0,O,ASN,264.0,54.502,-23.042,34.392,-0.51,1.7,16.53
ATOM,3836.0,CB,ASN,264.0,52.329,-24.458,33.369,-0.18,2.175,12.22
ATOM,3837.0,CG,ASN,264.0,50.916,-24.918,33.073,0.55,2.0,3.56
ATOM,3838.0,OD1,ASN,264.0,50.529,-26.044,33.402,-0.55,1.7,43.19
ATOM,3839.0,ND2,ASN,264.0,50.125,-24.034,32.463,-0.62,1.85,2.89
ATOM,3840.0,H,ASN,264.0,51.593,-22.467,30.998,0.31,0.2245,0.0
ATOM,3841.0,HA,ASN,264.0,51.897,-22.45,33.313,0.09,1.32,0.0
ATOM,3842.0,HB2,ASN,264.0,52.969,-25.076,32.915,0.09,1.32,6.28
ATOM,3843.0,HB3,ASN,264.0,52.476,-24.486,34.356,0.09,1.32,5.03
ATOM,3844.0,HD22,ASN,264.0,50.48,-23.131,32.222,0.3,0.2245,0.0
ATOM,3845.0,HD21,ASN,264.0,49.181,-24.276,32.246,0.32,0.2245,6.15
ATOM,3846.0,N,LYS,265.0,54.503,-21.475,32.774,-0.47,1.85,0.0
ATOM,3847.0,CA,LYS,265.0,55.754,-20.835,33.195,0.07,2.275,0.13
ATOM,3848.0,C,LYS,265.0,55.568,-19.978,34.448,0.51,2.0,0.0
ATOM,3849.0,O,LYS,265.0,54.52,-19.349,34.625,-0.51,1.7,0.0
ATOM,3850.0,CB,LYS,265.0,56.311,-19.971,32.06,-0.18,2.175,1.32
ATOM,3851.0,CG,LYS,265.0,56.639,-20.728,30.781,-0.18,2.175,3.0
ATOM,3852.0,CD,LYS,265.0,57.186,-19.809,29.706,-0.18,2.175,4.14
ATOM,3853.0,CE,LYS,265.0,57.518,-20.54,28.427,0.21,2.175,16.85
ATOM,3854.0,NZ,LYS,265.0,58.048,-19.601,27.406,-0.3,1.85,13.53
ATOM,3855.0,H,LYS,265.0,53.954,-21.155,31.945,0.31,0.2245,0.0
ATOM,3856.0,HA,LYS,265.0,56.434,-21.555,33.395,0.09,1.32,6.23
ATOM,3857.0,HB2,LYS,265.0,55.632,-19.268,31.842,0.09,1.32,0.0
ATOM,3858.0,HB3,LYS,265.0,57.149,-19.53,32.388,0.09,1.32,6.79
ATOM,3859.0,HG2,LYS,265.0,57.323,-21.432,30.987,0.09,1.32,9.64
ATOM,3860.0,HG3,LYS,265.0,55.806,-21.169,30.441,0.09,1.32,0.0
ATOM,3861.0,HD2,LYS,265.0,56.501,-19.107,29.505,0.09,1.32,0.32
ATOM,3862.0,HD3,LYS,265.0,58.018,-19.37,30.05,0.09,1.32,9.66
ATOM,3863.0,HE2,LYS,265.0,58.207,-21.241,28.618,0.05,1.32,10.69
ATOM,3864.0,HE3,LYS,265.0,56.691,-20.978,28.073,0.05,1.32,3.29
ATOM,3865.0,HZ1,LYS,265.0,57.414,-18.836,27.296,0.33,0.2245,17.11
ATOM,3866.0,HZ2,LYS,265.0,58.939,-19.256,27.702,0.33,0.2245,18.63
ATOM,3867.0,HZ3,LYS,265.0,58.149,-20.08,26.533,0.33,0.2245,20.48
ATOM,3868.0,N,ALA,266.0,56.597,-19.938,35.293,-0.47,1.85,0.58
ATOM,3869.0,CA,ALA,266.0,56.539,-19.239,36.583,0.07,2.275,0.0
ATOM,3870.0,C,ALA,266.0,57.388,-17.96,36.632,0.51,2.0,0.72
ATOM,3871.0,O,ALA,266.0,58.573,-17.995,36.985,-0.51,1.7,13.54
ATOM,3872.0,CB,ALA,266.0,56.926,-20.184,37.716,-0.27,2.06,18.37
ATOM,3873.0,H,ALA,266.0,57.448,-20.445,34.962,0.31,0.2245,11.17
ATOM,3874.0,HA,ALA,266.0,55.572,-18.986,36.769,0.09,1.32,0.0
ATOM,3875.0,HB1,ALA,266.0,57.674,-20.774,37.416,0.09,1.32,9.31
ATOM,3876.0,HB2,ALA,266.0,57.219,-19.651,38.508,0.09,1.32,0.0
ATOM,3877.0,HB3,ALA,266.0,56.138,-20.745,37.965,0.09,1.32,1.07
ATOM,3878.0,N,PHE,267.0,56.76,-16.832,36.302,-0.47,1.85,0.13
ATOM,3879.0,CA,PHE,267.0,57.433,-15.529,36.246,0.07,2.275,0.68
ATOM,3880.0,C,PHE,267.0,57.647,-14.951,37.636,0.51,2.0,0.0
ATOM,3881.0,O,PHE,267.0,56.755,-15.034,38.478,-0.51,1.7,0.0
ATOM,3882.0,CB,PHE,267.0,56.584,-14.519,35.459,-0.18,2.175,0.0
ATOM,3883.0,CG,PHE,267.0,56.231,-14.949,34.062,0.0,1.9924,0.0
ATOM,3884.0,CD1,PHE,267.0,56.846,-14.348,32.963,-0.115,1.9924,4.93
ATOM,3885.0,CD2,PHE,267.0,55.257,-15.919,33.835,-0.115,1.9924,0.06
ATOM,3886.0,CE1,PHE,267.0,56.516,-14.726,31.664,-0.115,1.9924,9.68
ATOM,3887.0,CE2,PHE,267.0,54.922,-16.311,32.534,-0.115,1.9924,0.0
ATOM,3888.0,CZ,PHE,267.0,55.552,-15.708,31.447,-0.115,1.9924,0.71
ATOM,3889.0,H,PHE,267.0,55.744,-16.953,36.085,0.31,0.2245,0.0
ATOM,3890.0,HA,PHE,267.0,58.346,-15.692,35.851,0.09,1.32,0.85
ATOM,3891.0,HB2,PHE,267.0,55.74,-14.381,35.961,0.09,1.32,0.0
ATOM,3892.0,HB3,PHE,267.0,57.101,-13.675,35.399,0.09,1.32,0.0
ATOM,3893.0,HD1,PHE,267.0,57.531,-13.64,33.106,0.115,1.3582,0.17
ATOM,3894.0,HD2,PHE,267.0,54.79,-16.343,34.61,0.115,1.3582,0.0
ATOM,3895.0,HE1,PHE,267.0,56.977,-14.285,30.886,0.115,1.3582,10.18
ATOM,3896.0,HE2,PHE,267.0,54.226,-17.026,32.392,0.115,1.3582,0.0
ATOM,3897.0,HZ,PHE,267.0,55.316,-15.976,30.516,0.115,1.3582,3.34
ATOM,3898.0,N,THR,268.0,58.812,-14.345,37.87,-0.47,1.85,0.0
ATOM,3899.0,CA,THR,268.0,59.005,-13.465,39.028,0.07,2.275,0.0
ATOM,3900.0,C,THR,268.0,58.161,-12.195,38.829,0.51,2.0,0.0
ATOM,3901.0,O,THR,268.0,57.639,-11.976,37.734,-0.51,1.7,0.0
ATOM,3902.0,CB,THR,268.0,60.483,-13.042,39.228,0.14,2.275,1.45
ATOM,3903.0,OG1,THR,268.0,60.938,-12.289,38.096,-0.66,1.77,2.73
ATOM,3904.0,CG2,THR,268.0,61.389,-14.257,39.426,-0.27,2.06,24.5
ATOM,3905.0,H,THR,268.0,59.556,-14.545,37.176,0.31,0.2245,0.0
ATOM,3906.0,HA,THR,268.0,58.676,-13.933,39.843,0.09,1.32,0.08
ATOM,3907.0,HB,THR,268.0,60.541,-12.445,40.054,0.09,1.32,2.26
ATOM,3908.0,HG21,THR,268.0,62.348,-13.976,39.358,0.09,1.32,10.63
ATOM,3909.0,HG22,THR,268.0,61.224,-14.656,40.329,0.09,1.32,4.72
ATOM,3910.0,HG23,THR,268.0,61.194,-14.941,38.721,0.09,1.32,1.42
ATOM,3911.0,HG1,THR,268.0,61.138,-12.903,37.326,0.43,0.2245,0.0
ATOM,3912.0,N,SER,269.0,58.041,-11.372,39.874,-0.47,1.85,0.0
ATOM,3913.0,CA,SER,269.0,57.303,-10.109,39.773,0.07,2.275,0.0
ATOM,3914.0,C,SER,269.0,57.868,-9.264,38.639,0.51,2.0,0.0
ATOM,3915.0,O,SER,269.0,57.12,-8.703,37.835,-0.51,1.7,0.0
ATOM,3916.0,CB,SER,269.0,57.359,-9.308,41.082,0.05,2.175,3.58
ATOM,3917.0,OG,SER,269.0,56.83,-10.047,42.176,-0.66,1.77,7.71
ATOM,3918.0,H,SER,269.0,58.504,-11.696,40.741,0.31,0.2245,3.43
ATOM,3919.0,HA,SER,269.0,56.349,-10.325,39.554,0.09,1.32,0.0
ATOM,3920.0,HB2,SER,269.0,58.31,-9.079,41.276,0.09,1.32,0.2
ATOM,3921.0,HB3,SER,269.0,56.825,-8.473,40.968,0.09,1.32,0.0
ATOM,3922.0,HG,SER,269.0,55.977,-9.625,42.479,0.43,0.2245,0.0
ATOM,3923.0,N,GLU,270.0,59.196,-9.194,38.577,-0.47,1.85,0.0
ATOM,3924.0,CA,GLU,270.0,59.896,-8.428,37.547,0.07,2.275,0.0
ATOM,3925.0,C,GLU,270.0,59.684,-9.024,36.167,0.51,2.0,0.0
ATOM,3926.0,O,GLU,270.0,59.363,-8.313,35.234,-0.51,1.7,0.0
ATOM,3927.0,CB,GLU,270.0,61.397,-8.334,37.858,-0.18,2.175,10.13
ATOM,3928.0,CG,GLU,270.0,61.721,-7.503,39.09,-0.28,2.175,4.7
ATOM,3929.0,CD,GLU,270.0,61.571,-8.269,40.405,0.62,2.0,3.26
ATOM,3930.0,OE1,GLU,270.0,61.286,-9.492,40.384,-0.76,1.7,12.63
ATOM,3931.0,OE2,GLU,270.0,61.732,-7.632,41.464,-0.76,1.7,36.83
ATOM,3932.0,H,GLU,270.0,59.692,-9.73,39.323,0.31,0.2245,0.0
ATOM,3933.0,HA,GLU,270.0,59.567,-7.473,37.558,0.09,1.32,0.0
ATOM,3934.0,HB2,GLU,270.0,61.725,-9.247,38.018,0.09,1.32,1.45
ATOM,3935.0,HB3,GLU,270.0,61.835,-7.91,37.087,0.09,1.32,0.5
ATOM,3936.0,HG2,GLU,270.0,62.659,-7.209,39.029,0.09,1.32,8.43
ATOM,3937.0,HG3,GLU,270.0,61.099,-6.74,39.125,0.09,1.32,0.0
ATOM,3938.0,N,GLU,271.0,59.841,-10.335,36.04,-0.47,1.85,0.0
ATOM,3939.0,CA,GLU,271.0,59.599,-11.011,34.768,0.07,2.275,0.88
ATOM,3940.0,C,GLU,271.0,58.161,-10.835,34.262,0.51,2.0,0.0
ATOM,3941.0,O,GLU,271.0,57.941,-10.676,33.057,-0.51,1.7,2.86
ATOM,3942.0,CB,GLU,271.0,59.972,-12.486,34.867,-0.18,2.175,1.07
ATOM,3943.0,CG,GLU,271.0,61.471,-12.71,34.921,-0.28,2.175,13.73
ATOM,3944.0,CD,GLU,271.0,61.842,-14.096,35.417,0.62,2.0,3.42
ATOM,3945.0,OE1,GLU,271.0,60.931,-14.879,35.767,-0.76,1.7,10.58
ATOM,3946.0,OE2,GLU,271.0,63.058,-14.39,35.449,-0.76,1.7,42.55
ATOM,3947.0,H,GLU,271.0,60.143,-10.827,36.901,0.31,0.2245,0.0
ATOM,3948.0,HA,GLU,271.0,60.242,-10.657,34.068,0.09,1.32,1.11
ATOM,3949.0,HB2,GLU,271.0,59.587,-12.838,35.697,0.09,1.32,0.0
ATOM,3950.0,HB3,GLU,271.0,59.631,-12.937,34.067,0.09,1.32,1.75
ATOM,3951.0,HG2,GLU,271.0,61.832,-12.615,34.011,0.09,1.32,11.11
ATOM,3952.0,HG3,GLU,271.0,61.861,-12.059,35.546,0.09,1.32,2.61
ATOM,3953.0,N,PHE,272.0,57.187,-10.869,35.176,-0.47,1.85,0.0
ATOM,3954.0,CA,PHE,272.0,55.799,-10.693,34.754,0.07,2.275,0.0
ATOM,3955.0,C,PHE,272.0,55.548,-9.258,34.263,0.51,2.0,0.0
ATOM,3956.0,O,PHE,272.0,54.84,-9.047,33.276,-0.51,1.7,0.0
ATOM,3957.0,CB,PHE,272.0,54.781,-11.12,35.823,-0.18,2.175,0.0
ATOM,3958.0,CG,PHE,272.0,53.372,-11.181,35.298,0.0,1.9924,0.0
ATOM,3959.0,CD1,PHE,272.0,53.036,-12.065,34.273,-0.115,1.9924,0.0
ATOM,3960.0,CD2,PHE,272.0,52.39,-10.327,35.795,-0.115,1.9924,0.0
ATOM,3961.0,CE1,PHE,272.0,51.736,-12.113,33.764,-0.115,1.9924,0.0
ATOM,3962.0,CE2,PHE,272.0,51.088,-10.366,35.291,-0.115,1.9924,0.0
ATOM,3963.0,CZ,PHE,272.0,50.762,-11.255,34.269,-0.115,1.9924,0.0
ATOM,3964.0,H,PHE,272.0,57.486,-11.021,36.141,0.31,0.2245,0.0
ATOM,3965.0,HA,PHE,272.0,55.652,-11.295,33.963,0.09,1.32,0.0
ATOM,3966.0,HB2,PHE,272.0,55.032,-12.019,36.134,0.09,1.32,0.0
ATOM,3967.0,HB3,PHE,272.0,54.81,-10.455,36.547,0.09,1.32,0.0
ATOM,3968.0,HD1,PHE,272.0,53.727,-12.673,33.896,0.115,1.3582,0.0
ATOM,3969.0,HD2,PHE,272.0,52.617,-9.68,36.52,0.115,1.3582,0.0
ATOM,3970.0,HE1,PHE,272.0,51.513,-12.766,33.035,0.115,1.3582,0.0
ATOM,3971.0,HE2,PHE,272.0,50.387,-9.745,35.672,0.115,1.3582,0.0
ATOM,3972.0,HZ,PHE,272.0,49.837,-11.28,33.899,0.115,1.3582,0.0
ATOM,3973.0,N,THR,273.0,56.146,-8.29,34.946,-0.47,1.85,0.0
ATOM,3974.0,CA,THR,273.0,56.121,-6.889,34.499,0.07,2.275,0.0
ATOM,3975.0,C,THR,273.0,56.635,-6.768,33.064,0.51,2.0,0.0
ATOM,3976.0,O,THR,273.0,56.016,-6.101,32.217,-0.51,1.7,0.0
ATOM,3977.0,CB,THR,273.0,56.92,-6.002,35.459,0.14,2.275,0.0
ATOM,3978.0,OG1,THR,273.0,56.164,-5.818,36.659,-0.66,1.77,0.0
ATOM,3979.0,CG2,THR,273.0,57.225,-4.627,34.847,-0.27,2.06,0.0
ATOM,3980.0,H,THR,273.0,56.629,-8.598,35.813,0.31,0.2245,0.0
ATOM,3981.0,HA,THR,273.0,55.17,-6.567,34.523,0.09,1.32,0.0
ATOM,3982.0,HB,THR,273.0,57.79,-6.474,35.7,0.09,1.32,0.0
ATOM,3983.0,HG21,THR,273.0,56.435,-4.025,34.97,0.09,1.32,0.0
ATOM,3984.0,HG22,THR,273.0,58.022,-4.229,35.302,0.09,1.32,0.0
ATOM,3985.0,HG23,THR,273.0,57.416,-4.732,33.871,0.09,1.32,0.0
ATOM,3986.0,HG1,THR,273.0,56.295,-6.599,37.28,0.43,0.2245,0.0
ATOM,3987.0,N,HIS,274.0,57.753,-7.43,32.777,-0.47,1.85,0.0
ATOM,3988.0,CA,HIS,274.0,58.308,-7.387,31.421,0.07,2.275,0.0
ATOM,3989.0,C,HIS,274.0,57.502,-8.163,30.383,0.51,2.0,0.64
ATOM,3990.0,O,HIS,274.0,57.459,-7.773,29.22,-0.51,1.7,3.22
ATOM,3991.0,CB,HIS,274.0,59.806,-7.721,31.427,-0.09,2.175,14.79
ATOM,3992.0,CG,HIS,274.0,60.541,-7.038,32.532,-0.05,1.8,0.81
ATOM,3993.0,H,HIS,274.0,58.175,-7.951,33.554,0.31,0.2245,0.0
ATOM,3994.0,HA,HIS,274.0,58.346,-6.411,31.127,0.09,1.32,0.0
ATOM,3995.0,HB2,HIS,274.0,59.917,-8.71,31.532,0.09,1.32,3.77
ATOM,3996.0,HB3,HIS,274.0,60.204,-7.435,30.554,0.09,1.32,6.61
ATOM,3997.0,ND1,HIS,274.0,60.727,-5.672,32.564,-0.36,1.85,5.27
ATOM,3998.0,CD2,HIS,274.0,61.106,-7.521,33.663,0.22,1.8,11.57
ATOM,3999.0,CE1,HIS,274.0,61.385,-5.344,33.662,0.25,1.8,9.99
ATOM,4000.0,NE2,HIS,274.0,61.624,-6.448,34.349,-0.7,1.85,5.23
ATOM,4001.0,HD1,HIS,274.0,60.412,-5.032,31.864,0.32,0.2245,0.35
ATOM,4002.0,HD2,HIS,274.0,61.142,-8.476,33.947,0.1,1.468,0.69
ATOM,4003.0,HE1,HIS,274.0,61.656,-4.424,33.928,0.13,0.9,1.85
ATOM,4004.0,N,PHE,275.0,56.855,-9.248,30.811,-0.47,1.85,1.3
ATOM,4005.0,CA,PHE,275.0,55.878,-9.967,29.99,0.07,2.275,2.99
ATOM,4006.0,C,PHE,275.0,54.772,-8.998,29.544,0.51,2.0,0.0
ATOM,4007.0,O,PHE,275.0,54.41,-8.939,28.365,-0.51,1.7,0.47
ATOM,4008.0,CB,PHE,275.0,55.3,-11.164,30.782,-0.18,2.175,0.11
ATOM,4009.0,CG,PHE,275.0,54.119,-11.839,30.118,0.0,1.9924,0.0
ATOM,4010.0,CD1,PHE,275.0,54.313,-12.822,29.144,-0.115,1.9924,5.22
ATOM,4011.0,CD2,PHE,275.0,52.815,-11.505,30.478,-0.115,1.9924,0.0
ATOM,4012.0,CE1,PHE,275.0,53.226,-13.454,28.529,-0.115,1.9924,5.25
ATOM,4013.0,CE2,PHE,275.0,51.716,-12.122,29.867,-0.115,1.9924,0.0
ATOM,4014.0,CZ,PHE,275.0,51.92,-13.095,28.886,-0.115,1.9924,0.0
ATOM,4015.0,H,PHE,275.0,57.105,-9.542,31.783,0.31,0.2245,0.0
ATOM,4016.0,HA,PHE,275.0,56.351,-10.261,29.161,0.09,1.32,4.69
ATOM,4017.0,HB2,PHE,275.0,56.02,-11.833,30.878,0.09,1.32,0.31
ATOM,4018.0,HB3,PHE,275.0,55.003,-10.824,31.661,0.09,1.32,0.0
ATOM,4019.0,HD1,PHE,275.0,55.237,-13.082,28.88,0.115,1.3582,8.69
ATOM,4020.0,HD2,PHE,275.0,52.658,-10.815,31.184,0.115,1.3582,0.0
ATOM,4021.0,HE1,PHE,275.0,53.388,-14.159,27.836,0.115,1.3582,6.43
ATOM,4022.0,HE2,PHE,275.0,50.781,-11.858,30.139,0.115,1.3582,0.0
ATOM,4023.0,HZ,PHE,275.0,51.147,-13.533,28.441,0.115,1.3582,0.0
ATOM,4024.0,N,LEU,276.0,54.255,-8.228,30.498,-0.47,1.85,0.0
ATOM,4025.0,CA,LEU,276.0,53.211,-7.254,30.215,0.07,2.275,0.0
ATOM,4026.0,C,LEU,276.0,53.738,-6.16,29.307,0.51,2.0,0.0
ATOM,4027.0,O,LEU,276.0,53.071,-5.769,28.348,-0.51,1.7,0.05
ATOM,4028.0,CB,LEU,276.0,52.667,-6.661,31.515,-0.18,2.175,0.0
ATOM,4029.0,CG,LEU,276.0,51.903,-7.655,32.392,-0.09,2.275,0.0
ATOM,4030.0,CD1,LEU,276.0,51.556,-7.005,33.727,-0.27,2.06,0.0
ATOM,4031.0,CD2,LEU,276.0,50.644,-8.173,31.673,-0.27,2.06,0.05
ATOM,4032.0,H,LEU,276.0,54.656,-8.381,31.445,0.31,0.2245,0.0
ATOM,4033.0,HA,LEU,276.0,52.454,-7.722,29.746,0.09,1.32,0.0
ATOM,4034.0,HB2,LEU,276.0,53.434,-6.327,32.043,0.09,1.32,0.0
ATOM,4035.0,HB3,LEU,276.0,52.044,-5.93,31.282,0.09,1.32,0.0
ATOM,4036.0,HG,LEU,276.0,52.475,-8.454,32.552,0.09,1.32,0.0
ATOM,4037.0,HD11,LEU,276.0,50.986,-6.199,33.567,0.09,1.32,0.0
ATOM,4038.0,HD12,LEU,276.0,51.057,-7.659,34.296,0.09,1.32,0.0
ATOM,4039.0,HD13,LEU,276.0,52.397,-6.732,34.193,0.09,1.32,0.0
ATOM,4040.0,HD21,LEU,276.0,50.916,-8.63,30.829,0.09,1.32,0.0
ATOM,4041.0,HD22,LEU,276.0,50.17,-8.817,32.27,0.09,1.32,0.0
ATOM,4042.0,HD23,LEU,276.0,50.047,-7.401,31.464,0.09,1.32,0.0
ATOM,4043.0,N,GLU,277.0,54.945,-5.691,29.605,-0.47,1.85,0.0
ATOM,4044.0,CA,GLU,277.0,55.579,-4.638,28.813,0.07,2.275,0.0
ATOM,4045.0,C,GLU,277.0,55.641,-5.049,27.349,0.51,2.0,0.0
ATOM,4046.0,O,GLU,277.0,55.258,-4.278,26.466,-0.51,1.7,0.0
ATOM,4047.0,CB,GLU,277.0,56.97,-4.341,29.348,-0.18,2.175,0.0
ATOM,4048.0,CG,GLU,277.0,57.727,-3.261,28.583,-0.28,2.175,0.04
ATOM,4049.0,CD,GLU,277.0,59.145,-3.117,29.083,0.62,2.0,0.93
ATOM,4050.0,OE1,GLU,277.0,59.799,-4.146,29.352,-0.76,1.7,15.88
ATOM,4051.0,OE2,GLU,277.0,59.609,-1.971,29.207,-0.76,1.7,24.58
ATOM,4052.0,H,GLU,277.0,55.392,-6.129,30.434,0.31,0.2245,0.0
ATOM,4053.0,HA,GLU,277.0,55.054,-3.787,28.902,0.09,1.32,0.0
ATOM,4054.0,HB2,GLU,277.0,56.878,-4.031,30.281,0.09,1.32,0.0
ATOM,4055.0,HB3,GLU,277.0,57.503,-5.17,29.291,0.09,1.32,0.0
ATOM,4056.0,HG2,GLU,277.0,57.765,-3.524,27.642,0.09,1.32,0.0
ATOM,4057.0,HG3,GLU,277.0,57.27,-2.408,28.725,0.09,1.32,3.51
ATOM,4058.0,N,GLU,278.0,56.089,-6.274,27.086,-0.47,1.85,0.0
ATOM,4059.0,CA,GLU,278.0,56.112,-6.767,25.714,0.07,2.275,0.0
ATOM,4060.0,C,GLU,278.0,54.727,-6.764,25.056,0.51,2.0,0.0
ATOM,4061.0,O,GLU,278.0,54.59,-6.397,23.884,-0.51,1.7,0.0
ATOM,4062.0,CB,GLU,278.0,56.798,-8.132,25.607,-0.18,2.175,6.36
ATOM,4063.0,CG,GLU,278.0,57.509,-8.335,24.249,-0.28,2.175,9.76
ATOM,4064.0,CD,GLU,278.0,58.592,-7.279,23.934,0.62,2.0,3.15
ATOM,4065.0,OE1,GLU,278.0,58.87,-7.091,22.733,-0.76,1.7,32.68
ATOM,4066.0,OE2,GLU,278.0,59.179,-6.64,24.856,-0.76,1.7,23.95
ATOM,4067.0,H,GLU,278.0,56.403,-6.816,27.901,0.31,0.2245,0.0
ATOM,4068.0,HA,GLU,278.0,56.743,-6.199,25.159,0.09,1.32,0.0
ATOM,4069.0,HB2,GLU,278.0,57.483,-8.184,26.3,0.09,1.32,2.05
ATOM,4070.0,HB3,GLU,278.0,56.115,-8.824,25.68,0.09,1.32,3.92
ATOM,4071.0,HG2,GLU,278.0,57.954,-9.212,24.267,0.09,1.32,11.07
ATOM,4072.0,HG3,GLU,278.0,56.832,-8.277,23.538,0.09,1.32,0.0
ATOM,4073.0,N,LEU,279.0,53.693,-7.146,25.805,-0.47,1.85,0.0
ATOM,4074.0,CA,LEU,279.0,52.337,-7.077,25.262,0.07,2.275,0.0
ATOM,4075.0,C,LEU,279.0,51.974,-5.65,24.835,0.51,2.0,0.0
ATOM,4076.0,O,LEU,279.0,51.313,-5.456,23.821,-0.51,1.7,0.0
ATOM,4077.0,CB,LEU,279.0,51.301,-7.614,26.263,-0.18,2.175,0.0
ATOM,4078.0,CG,LEU,279.0,51.306,-9.121,26.529,-0.09,2.275,0.0
ATOM,4079.0,CD1,LEU,279.0,50.223,-9.457,27.543,-0.27,2.06,0.0
ATOM,4080.0,CD2,LEU,279.0,51.112,-9.924,25.248,-0.27,2.06,8.69
ATOM,4081.0,H,LEU,279.0,53.922,-7.475,26.747,0.31,0.2245,0.0
ATOM,4082.0,HA,LEU,279.0,52.285,-7.671,24.45,0.09,1.32,0.0
ATOM,4083.0,HB2,LEU,279.0,51.46,-7.156,27.137,0.09,1.32,0.12
ATOM,4084.0,HB3,LEU,279.0,50.395,-7.374,25.918,0.09,1.32,0.0
ATOM,4085.0,HG,LEU,279.0,52.194,-9.383,26.892,0.09,1.32,0.06
ATOM,4086.0,HD11,LEU,279.0,49.331,-9.184,27.182,0.09,1.32,0.0
ATOM,4087.0,HD12,LEU,279.0,50.223,-10.442,27.719,0.09,1.32,0.0
ATOM,4088.0,HD13,LEU,279.0,50.4,-8.967,28.397,0.09,1.32,0.0
ATOM,4089.0,HD21,LEU,279.0,51.853,-9.716,24.609,0.09,1.32,0.06
ATOM,4090.0,HD22,LEU,279.0,51.121,-10.901,25.462,0.09,1.32,2.89
ATOM,4091.0,HD23,LEU,279.0,50.235,-9.682,24.832,0.09,1.32,0.0
ATOM,4092.0,N,THR,280.0,52.426,-4.663,25.609,-0.47,1.85,0.0
ATOM,4093.0,CA,THR,280.0,52.092,-3.268,25.347,0.07,2.275,0.0
ATOM,4094.0,C,THR,280.0,52.86,-2.711,24.148,0.51,2.0,0.0
ATOM,4095.0,O,THR,280.0,52.513,-1.655,23.635,-0.51,1.7,15.49
ATOM,4096.0,CB,THR,280.0,52.331,-2.348,26.569,0.14,2.275,0.47
ATOM,4097.0,OG1,THR,280.0,53.742,-2.176,26.8,-0.66,1.77,4.19
ATOM,4098.0,CG2,THR,280.0,51.639,-2.892,27.822,-0.27,2.06,0.03
ATOM,4099.0,H,THR,280.0,53.025,-4.971,26.399,0.31,0.2245,0.0
ATOM,4100.0,HA,THR,280.0,51.104,-3.207,25.143,0.09,1.32,0.0
ATOM,4101.0,HB,THR,280.0,51.928,-1.43,26.371,0.09,1.32,0.26
ATOM,4102.0,HG21,THR,280.0,52.299,-3.404,28.374,0.09,1.32,0.0
ATOM,4103.0,HG22,THR,280.0,51.275,-2.131,28.361,0.09,1.32,0.0
ATOM,4104.0,HG23,THR,280.0,50.889,-3.498,27.554,0.09,1.32,0.0
ATOM,4105.0,HG1,THR,280.0,54.229,-3.037,26.626,0.43,0.2245,0.0
ATOM,4106.0,N,LYS,281.0,53.901,-3.424,23.72,-0.47,1.85,0.0
ATOM,4107.0,CA,LYS,281.0,54.641,-3.035,22.519,0.07,2.275,0.73
ATOM,4108.0,C,LYS,281.0,54.006,-3.651,21.285,0.51,2.0,0.14
ATOM,4109.0,O,LYS,281.0,54.116,-3.096,20.19,-0.51,1.7,32.06
ATOM,4110.0,CB,LYS,281.0,56.101,-3.488,22.611,-0.18,2.175,6.59
ATOM,4111.0,CG,LYS,281.0,56.827,-2.993,23.831,-0.18,2.175,1.18
ATOM,4112.0,CD,LYS,281.0,56.836,-1.489,23.912,-0.18,2.175,10.8
ATOM,4113.0,CE,LYS,281.0,57.746,-1.029,25.029,0.21,2.175,17.56
ATOM,4114.0,NZ,LYS,281.0,59.055,-1.771,25.015,-0.3,1.85,12.0
ATOM,4115.0,H,LYS,281.0,54.133,-4.251,24.294,0.31,0.2245,0.0
ATOM,4116.0,HA,LYS,281.0,54.615,-2.034,22.434,0.09,1.32,3.74
ATOM,4117.0,HB2,LYS,281.0,56.112,-4.489,22.614,0.09,1.32,0.0
ATOM,4118.0,HB3,LYS,281.0,56.577,-3.155,21.795,0.09,1.32,9.01
ATOM,4119.0,HG2,LYS,281.0,56.38,-3.361,24.654,0.09,1.32,0.0
ATOM,4120.0,HG3,LYS,281.0,57.776,-3.324,23.809,0.09,1.32,0.93
ATOM,4121.0,HD2,LYS,281.0,57.173,-1.118,23.055,0.09,1.32,9.76
ATOM,4122.0,HD3,LYS,281.0,55.917,-1.166,24.098,0.09,1.32,2.09
ATOM,4123.0,HE2,LYS,281.0,57.932,-0.051,24.925,0.05,1.32,7.6
ATOM,4124.0,HE3,LYS,281.0,57.298,-1.188,25.91,0.05,1.32,0.94
ATOM,4125.0,HZ1,LYS,281.0,58.915,-2.665,24.597,0.33,0.2245,2.48
ATOM,4126.0,HZ2,LYS,281.0,59.718,-1.247,24.486,0.33,0.2245,19.97
ATOM,4127.0,HZ3,LYS,281.0,59.376,-1.879,25.953,0.33,0.2245,4.17
ATOM,4128.0,N,GLN,282.0,53.355,-4.797,21.471,-0.47,1.85,0.0
ATOM,4129.0,CA,GLN,282.0,52.731,-5.564,20.389,0.07,2.275,1.09
ATOM,4130.0,C,GLN,282.0,51.318,-5.084,20.052,0.51,2.0,0.53
ATOM,4131.0,O,GLN,282.0,50.858,-5.22,18.914,-0.51,1.7,24.46
ATOM,4132.0,CB,GLN,282.0,52.695,-7.048,20.765,-0.18,2.175,1.7
ATOM,4133.0,CG,GLN,282.0,54.05,-7.68,20.984,-0.18,2.175,5.73
ATOM,4134.0,CD,GLN,282.0,53.972,-9.134,21.35,0.55,2.0,2.61
ATOM,4135.0,H,GLN,282.0,53.325,-5.112,22.474,0.31,0.2245,0.0
ATOM,4136.0,HA,GLN,282.0,53.301,-5.447,19.559,0.09,1.32,7.43
ATOM,4137.0,HB2,GLN,282.0,52.159,-7.149,21.61,0.09,1.32,0.0
ATOM,4138.0,HB3,GLN,282.0,52.227,-7.552,20.029,0.09,1.32,3.93
ATOM,4139.0,HG2,GLN,282.0,54.588,-7.588,20.141,0.09,1.32,10.18
ATOM,4140.0,HG3,GLN,282.0,54.52,-7.186,21.722,0.09,1.32,0.0
ATOM,4141.0,OE1,GLN,282.0,52.895,-9.731,21.455,-0.55,1.7,12.02
ATOM,4142.0,NE2,GLN,282.0,55.143,-9.738,21.575,-0.62,1.85,15.53
ATOM,4143.0,HE21,GLN,282.0,55.176,-10.725,21.843,0.32,0.2245,21.88
ATOM,4144.0,HE22,GLN,282.0,55.999,-9.202,21.475,0.3,0.2245,6.3
ATOM,4145.0,N,TYR,283.0,50.627,-4.543,21.054,-0.47,1.85,0.11
ATOM,4146.0,CA,TYR,283.0,49.256,-4.069,20.897,0.07,2.275,1.71
ATOM,4147.0,C,TYR,283.0,49.111,-2.76,21.652,0.51,2.0,1.71
ATOM,4148.0,O,TYR,283.0,49.858,-2.529,22.61,-0.51,1.7,0.45
ATOM,4149.0,CB,TYR,283.0,48.254,-5.101,21.44,-0.18,2.175,0.0
ATOM,4150.0,CG,TYR,283.0,48.118,-6.323,20.562,0.0,1.9924,0.0
ATOM,4151.0,CD1,TYR,283.0,47.221,-6.341,19.487,-0.115,1.9924,1.36
ATOM,4152.0,CD2,TYR,283.0,48.894,-7.452,20.793,-0.115,1.9924,0.0
ATOM,4153.0,CE1,TYR,283.0,47.1,-7.455,18.674,-0.115,1.9924,7.89
ATOM,4154.0,CE2,TYR,283.0,48.782,-8.573,19.986,-0.115,1.9924,3.34
ATOM,4155.0,CZ,TYR,283.0,47.888,-8.567,18.925,0.11,1.9924,1.86
ATOM,4156.0,OH,TYR,283.0,47.772,-9.685,18.122,-0.54,1.77,20.22
ATOM,4157.0,H,TYR,283.0,51.149,-4.488,21.957,0.31,0.2245,0.0
ATOM,4158.0,HA,TYR,283.0,49.092,-3.894,19.928,0.09,1.32,0.62
ATOM,4159.0,HB2,TYR,283.0,48.566,-5.391,22.338,0.09,1.32,0.0
ATOM,4160.0,HB3,TYR,283.0,47.364,-4.662,21.507,0.09,1.32,0.0
ATOM,4161.0,HD1,TYR,283.0,46.658,-5.533,19.306,0.115,1.3582,0.0
ATOM,4162.0,HD2,TYR,283.0,49.543,-7.455,21.552,0.115,1.3582,0.0
ATOM,4163.0,HE1,TYR,283.0,46.452,-7.458,17.912,0.115,1.3582,1.24
ATOM,4164.0,HE2,TYR,283.0,49.34,-9.382,20.165,0.115,1.3582,2.81
ATOM,4165.0,HH,TYR,283.0,47.478,-10.457,18.681,0.43,0.2245,1.47
ATOM,4166.0,N,PRO,284.0,48.167,-1.893,21.227,-0.29,1.85,0.82
ATOM,4167.0,CA,PRO,284.0,47.988,-0.64,21.945,0.02,2.275,2.39
ATOM,4168.0,C,PRO,284.0,47.201,-0.809,23.245,0.51,2.0,0.0
ATOM,4169.0,O,PRO,284.0,46.123,-0.191,23.429,-0.51,1.7,0.0
ATOM,4170.0,CB,PRO,284.0,47.215,0.222,20.942,-0.18,2.175,4.44
ATOM,4171.0,CG,PRO,284.0,46.403,-0.75,20.201,-0.18,2.175,1.01
ATOM,4172.0,CD,PRO,284.0,47.249,-1.982,20.072,0.0,2.175,2.16
ATOM,4173.0,HA,PRO,284.0,48.884,-0.199,22.131,0.09,1.32,8.03
ATOM,4174.0,HB2,PRO,284.0,46.645,0.89,21.426,0.09,1.32,0.0
ATOM,4175.0,HB3,PRO,284.0,47.851,0.711,20.341,0.09,1.32,8.76
ATOM,4176.0,HG2,PRO,284.0,45.545,-0.959,20.694,0.09,1.32,0.0
ATOM,4177.0,HG3,PRO,284.0,46.154,-0.394,19.288,0.09,1.32,0.0
ATOM,4178.0,HD2,PRO,284.0,46.699,-2.816,20.129,0.09,1.32,0.0
ATOM,4179.0,HD3,PRO,284.0,47.767,-1.987,19.215,0.09,1.32,8.73
ATOM,4180.0,N,ILE,285.0,47.765,-1.623,24.137,-0.47,1.85,0.0
ATOM,4181.0,CA,ILE,285.0,47.308,-1.747,25.523,0.07,2.275,0.0
ATOM,4182.0,C,ILE,285.0,47.837,-0.541,26.298,0.51,2.0,0.0
ATOM,4183.0,O,ILE,285.0,49.057,-0.365,26.425,-0.51,1.7,1.88
ATOM,4184.0,CB,ILE,285.0,47.805,-3.062,26.163,-0.09,2.275,0.0
ATOM,4185.0,CG1,ILE,285.0,47.261,-4.277,25.399,-0.18,2.175,0.0
ATOM,4186.0,CG2,ILE,285.0,47.412,-3.135,27.635,-0.27,2.06,0.0
ATOM,4187.0,CD1,ILE,285.0,48.088,-5.526,25.636,-0.27,2.06,0.0
ATOM,4188.0,H,ILE,285.0,48.574,-2.175,23.758,0.31,0.2245,0.0
ATOM,4189.0,HA,ILE,285.0,46.32,-1.659,25.5,0.09,1.32,0.0
ATOM,4190.0,HB,ILE,285.0,48.797,-3.078,26.099,0.09,1.32,0.0
ATOM,4191.0,HG12,ILE,285.0,46.329,-4.443,25.695,0.09,1.32,0.01
ATOM,4192.0,HG13,ILE,285.0,47.272,-4.065,24.429,0.09,1.32,0.0
ATOM,4193.0,HG21,ILE,285.0,47.789,-3.967,28.038,0.09,1.32,0.0
ATOM,4194.0,HG22,ILE,285.0,47.774,-2.338,28.115,0.09,1.32,0.0
ATOM,4195.0,HG23,ILE,285.0,46.417,-3.148,27.713,0.09,1.32,0.0
ATOM,4196.0,HD11,ILE,285.0,48.083,-5.744,26.61,0.09,1.32,0.0
ATOM,4197.0,HD12,ILE,285.0,47.695,-6.285,25.119,0.09,1.32,0.0
ATOM,4198.0,HD13,ILE,285.0,49.025,-5.363,25.333,0.09,1.32,0.0
ATOM,4199.0,N,VAL,286.0,46.925,0.287,26.802,-0.47,1.85,0.0
ATOM,4200.0,CA,VAL,286.0,47.295,1.503,27.533,0.07,2.275,0.0
ATOM,4201.0,C,VAL,286.0,46.865,1.513,29.002,0.51,2.0,0.0
ATOM,4202.0,O,VAL,286.0,47.098,2.487,29.716,-0.51,1.7,0.0
ATOM,4203.0,CB,VAL,286.0,46.749,2.779,26.835,-0.09,2.275,0.0
ATOM,4204.0,CG1,VAL,286.0,47.381,2.913,25.437,-0.27,2.06,5.93
ATOM,4205.0,CG2,VAL,286.0,45.214,2.745,26.785,-0.27,2.06,0.0
ATOM,4206.0,H,VAL,286.0,45.939,0.002,26.636,0.31,0.2245,0.0
ATOM,4207.0,HA,VAL,286.0,48.311,1.585,27.507,0.09,1.32,0.0
ATOM,4208.0,HB,VAL,286.0,47.049,3.56,27.36,0.09,1.32,0.0
ATOM,4209.0,HG11,VAL,286.0,46.852,3.567,24.903,0.09,1.32,0.0
ATOM,4210.0,HG12,VAL,286.0,48.32,3.234,25.534,0.09,1.32,2.17
ATOM,4211.0,HG13,VAL,286.0,47.371,2.022,24.989,0.09,1.32,0.0
ATOM,4212.0,HG21,VAL,286.0,44.874,2.291,27.606,0.09,1.32,0.0
ATOM,4213.0,HG22,VAL,286.0,44.871,3.681,26.745,0.09,1.32,0.0
ATOM,4214.0,HG23,VAL,286.0,44.928,2.241,25.973,0.09,1.32,0.0
ATOM,4215.0,N,SER,287.0,46.221,0.435,29.445,-0.47,1.85,0.0
ATOM,4216.0,CA,SER,287.0,45.751,0.376,30.823,0.07,2.275,0.0
ATOM,4217.0,C,SER,287.0,45.795,-1.068,31.273,0.51,2.0,0.0
ATOM,4218.0,O,SER,287.0,45.336,-1.965,30.548,-0.51,1.7,0.0
ATOM,4219.0,CB,SER,287.0,44.321,0.919,30.935,0.05,2.175,0.0
ATOM,4220.0,OG,SER,287.0,43.877,0.925,32.282,-0.66,1.77,1.13
ATOM,4221.0,H,SER,287.0,46.092,-0.318,28.757,0.31,0.2245,0.0
ATOM,4222.0,HA,SER,287.0,46.383,0.899,31.39,0.09,1.32,0.0
ATOM,4223.0,HB2,SER,287.0,44.304,1.85,30.583,0.09,1.32,0.0
ATOM,4224.0,HB3,SER,287.0,43.716,0.339,30.397,0.09,1.32,0.0
ATOM,4225.0,HG,SER,287.0,44.666,0.977,32.892,0.43,0.2245,0.0
ATOM,4226.0,N,ILE,288.0,46.382,-1.29,32.448,-0.47,1.85,0.0
ATOM,4227.0,CA,ILE,288.0,46.539,-2.638,33.0,0.07,2.275,0.0
ATOM,4228.0,C,ILE,288.0,46.092,-2.626,34.442,0.51,2.0,0.0
ATOM,4229.0,O,ILE,288.0,46.693,-1.952,35.276,-0.51,1.7,0.67
ATOM,4230.0,CB,ILE,288.0,48.009,-3.16,32.916,-0.09,2.275,0.0
ATOM,4231.0,CG1,ILE,288.0,48.485,-3.184,31.462,-0.18,2.175,0.0
ATOM,4232.0,CG2,ILE,288.0,48.119,-4.55,33.583,-0.27,2.06,0.0
ATOM,4233.0,CD1,ILE,288.0,49.999,-3.476,31.301,-0.27,2.06,0.1
ATOM,4234.0,H,ILE,288.0,46.716,-0.433,32.935,0.31,0.2245,0.0
ATOM,4235.0,HA,ILE,288.0,45.899,-3.217,32.499,0.09,1.32,0.0
ATOM,4236.0,HB,ILE,288.0,48.579,-2.525,33.422,0.09,1.32,0.0
ATOM,4237.0,HG12,ILE,288.0,47.982,-3.885,30.967,0.09,1.32,0.0
ATOM,4238.0,HG13,ILE,288.0,48.301,-2.296,31.049,0.09,1.32,0.0
ATOM,4239.0,HG21,ILE,288.0,49.07,-4.84,33.566,0.09,1.32,0.0
ATOM,4240.0,HG22,ILE,288.0,47.799,-4.482,34.522,0.09,1.32,0.0
ATOM,4241.0,HG23,ILE,288.0,47.556,-5.195,33.077,0.09,1.32,0.0
ATOM,4242.0,HD11,ILE,288.0,50.19,-4.366,31.698,0.09,1.32,0.0
ATOM,4243.0,HD12,ILE,288.0,50.217,-3.472,30.332,0.09,1.32,0.0
ATOM,4244.0,HD13,ILE,288.0,50.506,-2.766,31.775,0.09,1.32,0.0
ATOM,4245.0,N,GLU,289.0,45.041,-3.397,34.72,-0.47,1.85,0.0
ATOM,4246.0,CA,GLU,289.0,44.448,-3.492,36.051,0.07,2.275,0.0
ATOM,4247.0,C,GLU,289.0,44.991,-4.721,36.79,0.51,2.0,0.0
ATOM,4248.0,O,GLU,289.0,45.118,-5.814,36.213,-0.51,1.7,0.0
ATOM,4249.0,CB,GLU,289.0,42.928,-3.552,35.914,-0.18,2.175,0.28
ATOM,4250.0,CG,GLU,289.0,42.149,-3.688,37.232,-0.28,2.175,0.0
ATOM,4251.0,CD,GLU,289.0,40.66,-3.838,36.977,0.62,2.0,0.0
ATOM,4252.0,OE1,GLU,289.0,40.143,-3.198,36.038,-0.76,1.7,0.25
ATOM,4253.0,OE2,GLU,289.0,40.002,-4.594,37.719,-0.76,1.7,0.0
ATOM,4254.0,H,GLU,289.0,44.675,-3.932,33.896,0.31,0.2245,0.0
ATOM,4255.0,HA,GLU,289.0,44.663,-2.666,36.579,0.09,1.32,0.0
ATOM,4256.0,HB2,GLU,289.0,42.627,-2.713,35.485,0.09,1.32,1.2
ATOM,4257.0,HB3,GLU,289.0,42.702,-4.339,35.361,0.09,1.32,0.0
ATOM,4258.0,HG2,GLU,289.0,42.46,-4.494,37.683,0.09,1.32,0.0
ATOM,4259.0,HG3,GLU,289.0,42.284,-2.873,37.748,0.09,1.32,0.0
ATOM,4260.0,N,ASP,290.0,45.331,-4.516,38.063,-0.47,1.85,0.0
ATOM,4261.0,CA,ASP,290.0,45.84,-5.595,38.935,0.07,2.275,0.0
ATOM,4262.0,C,ASP,290.0,46.883,-6.474,38.243,0.51,2.0,0.0
ATOM,4263.0,O,ASP,290.0,46.739,-7.699,38.158,-0.51,1.7,0.0
ATOM,4264.0,CB,ASP,290.0,44.683,-6.441,39.499,-0.28,2.175,1.05
ATOM,4265.0,CG,ASP,290.0,43.929,-5.747,40.621,0.62,2.0,0.23
ATOM,4266.0,OD1,ASP,290.0,44.47,-4.816,41.257,-0.76,1.7,0.69
ATOM,4267.0,OD2,ASP,290.0,42.77,-6.158,40.877,-0.76,1.7,3.06
ATOM,4268.0,H,ASP,290.0,45.21,-3.536,38.394,0.31,0.2245,0.0
ATOM,4269.0,HA,ASP,290.0,46.3,-5.146,39.716,0.09,1.32,0.0
ATOM,4270.0,HB2,ASP,290.0,44.052,-6.626,38.754,0.09,1.32,0.0
ATOM,4271.0,HB3,ASP,290.0,45.068,-7.288,39.846,0.09,1.32,0.62
ATOM,4272.0,N,GLY,291.0,47.938,-5.824,37.749,-0.47,1.85,0.0
ATOM,4273.0,CA,GLY,291.0,49.017,-6.505,37.016,-0.02,2.175,0.0
ATOM,4274.0,C,GLY,291.0,49.942,-7.341,37.895,0.51,2.0,0.0
ATOM,4275.0,O,GLY,291.0,50.774,-8.092,37.388,-0.51,1.7,0.0
ATOM,4276.0,H,GLY,291.0,47.935,-4.797,37.925,0.31,0.2245,0.47
ATOM,4277.0,HA2,GLY,291.0,48.603,-7.104,36.302,0.09,1.32,0.0
ATOM,4278.0,HA3,GLY,291.0,49.569,-5.806,36.52,0.09,1.32,0.0
ATOM,4279.0,N,LEU,292.0,49.801,-7.191,39.209,-0.47,1.85,0.0
ATOM,4280.0,CA,LEU,292.0,50.476,-8.052,40.19,0.07,2.275,0.0
ATOM,4281.0,C,LEU,292.0,49.519,-8.295,41.357,0.51,2.0,0.0
ATOM,4282.0,O,LEU,292.0,48.455,-7.684,41.418,-0.51,1.7,1.06
ATOM,4283.0,CB,LEU,292.0,51.784,-7.423,40.679,-0.18,2.175,0.0
ATOM,4284.0,CG,LEU,292.0,52.875,-7.182,39.622,-0.09,2.275,0.0
ATOM,4285.0,CD1,LEU,292.0,53.902,-6.189,40.126,-0.27,2.06,0.0
ATOM,4286.0,CD2,LEU,292.0,53.549,-8.474,39.164,-0.27,2.06,0.0
ATOM,4287.0,H,LEU,292.0,49.168,-6.407,39.489,0.31,0.2245,0.0
ATOM,4288.0,HA,LEU,292.0,50.679,-8.925,39.759,0.09,1.32,0.0
ATOM,4289.0,HB2,LEU,292.0,51.566,-6.536,41.083,0.09,1.32,0.0
ATOM,4290.0,HB3,LEU,292.0,52.174,-8.025,41.372,0.09,1.32,0.0
ATOM,4291.0,HG,LEU,292.0,52.443,-6.828,38.792,0.09,1.32,0.0
ATOM,4292.0,HD11,LEU,292.0,54.334,-6.542,40.958,0.09,1.32,0.0
ATOM,4293.0,HD12,LEU,292.0,54.604,-6.044,39.426,0.09,1.32,0.0
ATOM,4294.0,HD13,LEU,292.0,53.456,-5.316,40.331,0.09,1.32,0.0
ATOM,4295.0,HD21,LEU,292.0,52.864,-9.082,38.764,0.09,1.32,0.0
ATOM,4296.0,HD22,LEU,292.0,54.246,-8.26,38.48,0.09,1.32,0.0
ATOM,4297.0,HD23,LEU,292.0,53.976,-8.922,39.949,0.09,1.32,0.0
ATOM,4298.0,N,ASP,293.0,49.89,-9.199,42.266,-0.47,1.85,0.0
ATOM,4299.0,CA,ASP,293.0,49.049,-9.498,43.435,0.07,2.275,0.0
ATOM,4300.0,C,ASP,293.0,48.942,-8.277,44.359,0.51,2.0,0.0
ATOM,4301.0,O,ASP,293.0,49.896,-7.493,44.481,-0.51,1.7,0.0
ATOM,4302.0,CB,ASP,293.0,49.643,-10.669,44.226,-0.28,2.175,0.0
ATOM,4303.0,CG,ASP,293.0,48.726,-11.142,45.356,0.62,2.0,0.0
ATOM,4304.0,OD1,ASP,293.0,47.748,-11.849,45.068,-0.76,1.7,7.19
ATOM,4305.0,OD2,ASP,293.0,48.987,-10.816,46.541,-0.76,1.7,5.8
ATOM,4306.0,H,ASP,293.0,50.796,-9.66,42.083,0.31,0.2245,0.0
ATOM,4307.0,HA,ASP,293.0,48.124,-9.688,43.093,0.09,1.32,0.19
ATOM,4308.0,HB2,ASP,293.0,49.785,-11.424,43.6,0.09,1.32,0.0
ATOM,4309.0,HB3,ASP,293.0,50.502,-10.372,44.621,0.09,1.32,0.0
ATOM,4310.0,N,GLU,294.0,47.807,-8.136,45.045,-0.47,1.85,0.89
ATOM,4311.0,CA,GLU,294.0,47.588,-6.976,45.924,0.07,2.275,0.36
ATOM,4312.0,C,GLU,294.0,48.637,-6.871,47.041,0.51,2.0,0.0
ATOM,4313.0,O,GLU,294.0,48.935,-5.777,47.504,-0.51,1.7,0.0
ATOM,4314.0,CB,GLU,294.0,46.163,-6.944,46.502,-0.18,2.175,0.0
ATOM,4315.0,CG,GLU,294.0,45.803,-8.113,47.417,-0.28,2.175,5.65
ATOM,4316.0,CD,GLU,294.0,46.261,-7.932,48.871,0.62,2.0,0.0
ATOM,4317.0,OE1,GLU,294.0,46.295,-8.948,49.593,-0.76,1.7,25.55
ATOM,4318.0,OE2,GLU,294.0,46.573,-6.795,49.295,-0.76,1.7,10.06
ATOM,4319.0,H,GLU,294.0,47.114,-8.888,44.911,0.31,0.2245,0.21
ATOM,4320.0,HA,GLU,294.0,47.605,-6.129,45.371,0.09,1.32,0.0
ATOM,4321.0,HB2,GLU,294.0,46.075,-6.114,47.031,0.09,1.32,0.0
ATOM,4322.0,HB3,GLU,294.0,45.533,-6.956,45.742,0.09,1.32,0.0
ATOM,4323.0,HG2,GLU,294.0,44.822,-8.205,47.43,0.09,1.32,0.29
ATOM,4324.0,HG3,GLU,294.0,46.243,-8.925,47.073,0.09,1.32,0.15
ATOM,4325.0,N,SER,295.0,49.198,-8.009,47.447,-0.47,1.85,0.0
ATOM,4326.0,CA,SER,295.0,50.206,-8.023,48.522,0.07,2.275,1.05
ATOM,4327.0,C,SER,295.0,51.6,-7.681,48.022,0.51,2.0,0.0
ATOM,4328.0,O,SER,295.0,52.511,-7.44,48.827,-0.51,1.7,20.27
ATOM,4329.0,CB,SER,295.0,50.246,-9.393,49.206,0.05,2.175,22.97
ATOM,4330.0,OG,SER,295.0,50.778,-10.373,48.338,-0.66,1.77,8.62
ATOM,4331.0,H,SER,295.0,48.876,-8.86,46.959,0.31,0.2245,0.0
ATOM,4332.0,HA,SER,295.0,49.935,-7.324,49.203,0.09,1.32,5.42
ATOM,4333.0,HB2,SER,295.0,50.819,-9.328,50.017,0.09,1.32,9.34
ATOM,4334.0,HB3,SER,295.0,49.318,-9.65,49.459,0.09,1.32,1.99
ATOM,4335.0,HG,SER,295.0,50.13,-10.553,47.598,0.43,0.2245,0.0
ATOM,4336.0,N,ASP,296.0,51.771,-7.683,46.7,-0.47,1.85,0.0
ATOM,4337.0,CA,ASP,296.0,53.103,-7.585,46.089,0.07,2.275,0.09
ATOM,4338.0,C,ASP,296.0,53.496,-6.131,45.811,0.51,2.0,0.0
ATOM,4339.0,O,ASP,296.0,53.654,-5.731,44.654,-0.51,1.7,0.0
ATOM,4340.0,CB,ASP,296.0,53.154,-8.454,44.822,-0.28,2.175,0.0
ATOM,4341.0,CG,ASP,296.0,54.561,-8.589,44.242,0.62,2.0,0.0
ATOM,4342.0,OD1,ASP,296.0,55.549,-8.136,44.874,-0.76,1.7,9.46
ATOM,4343.0,OD2,ASP,296.0,54.668,-9.166,43.142,-0.76,1.7,0.0
ATOM,4344.0,H,ASP,296.0,50.896,-7.759,46.147,0.31,0.2245,0.0
ATOM,4345.0,HA,ASP,296.0,53.764,-7.945,46.76,0.09,1.32,4.78
ATOM,4346.0,HB2,ASP,296.0,52.821,-9.36,45.058,0.09,1.32,0.0
ATOM,4347.0,HB3,ASP,296.0,52.568,-8.035,44.139,0.09,1.32,0.0
ATOM,4348.0,N,TRP,297.0,53.67,-5.358,46.881,-0.47,1.85,0.0
ATOM,4349.0,CA,TRP,297.0,53.989,-3.932,46.769,0.07,2.275,0.0
ATOM,4350.0,C,TRP,297.0,55.398,-3.655,46.259,0.51,2.0,0.38
ATOM,4351.0,O,TRP,297.0,55.604,-2.689,45.519,-0.51,1.7,0.69
ATOM,4352.0,CB,TRP,297.0,53.699,-3.19,48.077,-0.18,2.175,9.81
ATOM,4353.0,CG,TRP,297.0,52.232,-2.952,48.271,-0.03,1.9924,0.76
ATOM,4354.0,CD1,TRP,297.0,51.221,-3.846,48.043,0.035,1.9924,3.72
ATOM,4355.0,CD2,TRP,297.0,51.606,-1.755,48.737,-0.02,1.8,2.36
ATOM,4356.0,NE1,TRP,297.0,50.01,-3.276,48.334,-0.61,1.85,5.38
ATOM,4357.0,CE2,TRP,297.0,50.214,-1.991,48.754,0.13,1.8,1.68
ATOM,4358.0,CE3,TRP,297.0,52.083,-0.494,49.128,-0.115,1.9924,3.2
ATOM,4359.0,CZ2,TRP,297.0,49.294,-1.018,49.147,-0.115,1.9924,6.9
ATOM,4360.0,CZ3,TRP,297.0,51.164,0.476,49.526,-0.115,1.9924,0.09
ATOM,4361.0,CH2,TRP,297.0,49.784,0.207,49.529,-0.115,1.9924,0.08
ATOM,4362.0,H,TRP,297.0,53.562,-5.846,47.793,0.31,0.2245,0.89
ATOM,4363.0,HA,TRP,297.0,53.337,-3.527,46.102,0.09,1.32,0.0
ATOM,4364.0,HB2,TRP,297.0,54.013,-3.738,48.833,0.09,1.32,7.88
ATOM,4365.0,HB3,TRP,297.0,54.141,-2.31,48.052,0.09,1.32,1.63
ATOM,4366.0,HD1,TRP,297.0,51.349,-4.78,47.712,0.115,1.3582,0.0
ATOM,4367.0,HE1,TRP,297.0,49.12,-3.725,48.253,0.38,0.2245,1.49
ATOM,4368.0,HE3,TRP,297.0,53.056,-0.29,49.125,0.115,1.3582,0.06
ATOM,4369.0,HZ2,TRP,297.0,48.31,-1.221,49.145,0.115,1.3582,0.16
ATOM,4370.0,HZ3,TRP,297.0,51.495,1.368,49.81,0.115,1.3582,0.0
ATOM,4371.0,HH2,TRP,297.0,49.156,0.928,49.817,0.115,1.3582,0.0
ATOM,4372.0,N,ASP,298.0,56.362,-4.494,46.633,-0.47,1.85,0.0
ATOM,4373.0,CA,ASP,298.0,57.691,-4.389,46.026,0.07,2.275,1.18
ATOM,4374.0,C,ASP,298.0,57.596,-4.552,44.509,0.51,2.0,0.27
ATOM,4375.0,O,ASP,298.0,58.202,-3.783,43.748,-0.51,1.7,6.2
ATOM,4376.0,CB,ASP,298.0,58.653,-5.424,46.624,-0.28,2.175,14.62
ATOM,4377.0,CG,ASP,298.0,59.128,-5.043,48.021,0.62,2.0,5.36
ATOM,4378.0,OD1,ASP,298.0,58.785,-3.949,48.515,-0.76,1.7,34.75
ATOM,4379.0,OD2,ASP,298.0,59.861,-5.845,48.624,-0.76,1.7,47.79
ATOM,4380.0,H,ASP,298.0,56.106,-5.183,47.345,0.31,0.2245,4.21
ATOM,4381.0,HA,ASP,298.0,58.025,-3.459,46.201,0.09,1.32,1.97
ATOM,4382.0,HB2,ASP,298.0,58.176,-6.292,46.677,0.09,1.32,4.69
ATOM,4383.0,HB3,ASP,298.0,59.442,-5.491,46.027,0.09,1.32,9.38
ATOM,4384.0,N,GLY,299.0,56.806,-5.535,44.075,-0.47,1.85,0.63
ATOM,4385.0,CA,GLY,299.0,56.581,-5.783,42.662,-0.02,2.175,1.13
ATOM,4386.0,C,GLY,299.0,55.879,-4.605,42.008,0.51,2.0,0.0
ATOM,4387.0,O,GLY,299.0,56.259,-4.183,40.913,-0.51,1.7,0.0
ATOM,4388.0,H,GLY,299.0,56.37,-6.102,44.835,0.31,0.2245,0.0
ATOM,4389.0,HA2,GLY,299.0,57.464,-5.941,42.202,0.09,1.32,0.03
ATOM,4390.0,HA3,GLY,299.0,56.017,-6.611,42.55,0.09,1.32,0.0
ATOM,4391.0,N,PHE,300.0,54.864,-4.066,42.682,-0.47,1.85,0.0
ATOM,4392.0,CA,PHE,300.0,54.119,-2.928,42.129,0.07,2.275,0.0
ATOM,4393.0,C,PHE,300.0,54.985,-1.69,42.008,0.51,2.0,0.0
ATOM,4394.0,O,PHE,300.0,54.833,-0.934,41.056,-0.51,1.7,0.0
ATOM,4395.0,CB,PHE,300.0,52.848,-2.609,42.923,-0.18,2.175,0.0
ATOM,4396.0,CG,PHE,300.0,51.597,-3.238,42.352,0.0,1.9924,0.0
ATOM,4397.0,CD1,PHE,300.0,51.122,-2.863,41.097,-0.115,1.9924,0.0
ATOM,4398.0,CD2,PHE,300.0,50.881,-4.182,43.087,-0.115,1.9924,0.0
ATOM,4399.0,CE1,PHE,300.0,49.962,-3.431,40.58,-0.115,1.9924,0.3
ATOM,4400.0,CE2,PHE,300.0,49.728,-4.755,42.57,-0.115,1.9924,0.0
ATOM,4401.0,CZ,PHE,300.0,49.266,-4.376,41.314,-0.115,1.9924,0.0
ATOM,4402.0,H,PHE,300.0,54.655,-4.5,43.591,0.31,0.2245,0.0
ATOM,4403.0,HA,PHE,300.0,53.845,-3.191,41.194,0.09,1.32,0.0
ATOM,4404.0,HB2,PHE,300.0,52.968,-2.954,43.84,0.09,1.32,0.0
ATOM,4405.0,HB3,PHE,300.0,52.724,-1.629,42.917,0.09,1.32,0.0
ATOM,4406.0,HD1,PHE,300.0,51.614,-2.185,40.563,0.115,1.3582,0.0
ATOM,4407.0,HD2,PHE,300.0,51.204,-4.447,43.994,0.115,1.3582,0.0
ATOM,4408.0,HE1,PHE,300.0,49.635,-3.147,39.67,0.115,1.3582,1.46
ATOM,4409.0,HE2,PHE,300.0,49.225,-5.448,43.111,0.115,1.3582,0.0
ATOM,4410.0,HZ,PHE,300.0,48.434,-4.785,40.941,0.115,1.3582,0.0
ATOM,4411.0,N,ALA,301.0,55.89,-1.49,42.966,-0.47,1.85,0.0
ATOM,4412.0,CA,ALA,301.0,56.828,-0.372,42.894,0.07,2.275,0.3
ATOM,4413.0,C,ALA,301.0,57.646,-0.466,41.616,0.51,2.0,0.0
ATOM,4414.0,O,ALA,301.0,57.788,0.525,40.896,-0.51,1.7,0.41
ATOM,4415.0,CB,ALA,301.0,57.741,-0.355,44.117,-0.27,2.06,22.5
ATOM,4416.0,H,ALA,301.0,55.869,-2.174,43.739,0.31,0.2245,0.0
ATOM,4417.0,HA,ALA,301.0,56.308,0.486,42.882,0.09,1.32,0.0
ATOM,4418.0,HB1,ALA,301.0,57.275,0.102,44.873,0.09,1.32,1.0
ATOM,4419.0,HB2,ALA,301.0,57.962,-1.293,44.379,0.09,1.32,0.0
ATOM,4420.0,HB3,ALA,301.0,58.582,0.137,43.897,0.09,1.32,4.17
ATOM,4421.0,N,TYR,302.0,58.164,-1.657,41.327,-0.47,1.85,0.39
ATOM,4422.0,CA,TYR,302.0,58.945,-1.902,40.099,0.07,2.275,0.27
ATOM,4423.0,C,TYR,302.0,58.096,-1.728,38.835,0.51,2.0,0.0
ATOM,4424.0,O,TYR,302.0,58.51,-1.054,37.881,-0.51,1.7,0.0
ATOM,4425.0,CB,TYR,302.0,59.561,-3.3,40.134,-0.18,2.175,0.4
ATOM,4426.0,CG,TYR,302.0,60.436,-3.665,38.963,0.0,1.9924,0.0
ATOM,4427.0,CD1,TYR,302.0,61.757,-3.186,38.866,-0.115,1.9924,6.7
ATOM,4428.0,CD2,TYR,302.0,59.975,-4.519,37.97,-0.115,1.9924,0.0
ATOM,4429.0,CE1,TYR,302.0,62.575,-3.551,37.783,-0.115,1.9924,10.13
ATOM,4430.0,CE2,TYR,302.0,60.782,-4.887,36.891,-0.115,1.9924,0.0
ATOM,4431.0,CZ,TYR,302.0,62.082,-4.4,36.809,0.11,1.9924,0.0
ATOM,4432.0,OH,TYR,302.0,62.856,-4.782,35.743,-0.54,1.77,4.77
ATOM,4433.0,H,TYR,302.0,57.976,-2.398,42.032,0.31,0.2245,0.0
ATOM,4434.0,HA,TYR,302.0,59.695,-1.228,40.068,0.09,1.32,0.0
ATOM,4435.0,HB2,TYR,302.0,60.112,-3.377,40.973,0.09,1.32,6.57
ATOM,4436.0,HB3,TYR,302.0,58.811,-3.97,40.184,0.09,1.32,0.0
ATOM,4437.0,HD1,TYR,302.0,62.116,-2.583,39.569,0.115,1.3582,7.1
ATOM,4438.0,HD2,TYR,302.0,59.045,-4.883,38.025,0.115,1.3582,0.06
ATOM,4439.0,HE1,TYR,302.0,63.507,-3.195,37.726,0.115,1.3582,14.7
ATOM,4440.0,HE2,TYR,302.0,60.427,-5.494,36.185,0.115,1.3582,0.0
ATOM,4441.0,HH,TYR,302.0,63.796,-4.478,35.892,0.43,0.2245,20.89
ATOM,4442.0,N,GLN,303.0,56.9,-2.311,38.839,-0.47,1.85,0.0
ATOM,4443.0,CA,GLN,303.0,56.013,-2.213,37.688,0.07,2.275,0.0
ATOM,4444.0,C,GLN,303.0,55.677,-0.756,37.391,0.51,2.0,0.0
ATOM,4445.0,O,GLN,303.0,55.574,-0.362,36.232,-0.51,1.7,0.0
ATOM,4446.0,CB,GLN,303.0,54.724,-3.025,37.906,-0.18,2.175,0.0
ATOM,4447.0,CG,GLN,303.0,53.814,-3.058,36.667,-0.18,2.175,0.0
ATOM,4448.0,CD,GLN,303.0,52.766,-4.155,36.736,0.55,2.0,0.0
ATOM,4449.0,OE1,GLN,303.0,51.547,-3.886,36.784,-0.55,1.7,0.1
ATOM,4450.0,NE2,GLN,303.0,53.225,-5.396,36.745,-0.62,1.85,0.0
ATOM,4451.0,H,GLN,303.0,56.665,-2.824,39.706,0.31,0.2245,0.0
ATOM,4452.0,HA,GLN,303.0,56.497,-2.585,36.889,0.09,1.32,0.0
ATOM,4453.0,HB2,GLN,303.0,54.969,-3.963,38.131,0.09,1.32,0.0
ATOM,4454.0,HB3,GLN,303.0,54.209,-2.615,38.654,0.09,1.32,0.0
ATOM,4455.0,HG2,GLN,303.0,53.352,-2.176,36.594,0.09,1.32,0.0
ATOM,4456.0,HG3,GLN,303.0,54.385,-3.208,35.862,0.09,1.32,0.0
ATOM,4457.0,HE21,GLN,303.0,52.584,-6.19,36.804,0.32,0.2245,0.0
ATOM,4458.0,HE22,GLN,303.0,54.229,-5.555,36.691,0.3,0.2245,0.0
ATOM,4459.0,N,THR,304.0,55.496,0.036,38.44,-0.47,1.85,0.0
ATOM,4460.0,CA,THR,304.0,55.144,1.43,38.275,0.07,2.275,0.0
ATOM,4461.0,C,THR,304.0,56.329,2.217,37.697,0.51,2.0,0.0
ATOM,4462.0,O,THR,304.0,56.151,3.077,36.835,-0.51,1.7,3.63
ATOM,4463.0,CB,THR,304.0,54.604,2.038,39.594,0.14,2.275,0.02
ATOM,4464.0,OG1,THR,304.0,53.52,1.226,40.085,-0.66,1.77,0.0
ATOM,4465.0,CG2,THR,304.0,54.075,3.451,39.383,-0.27,2.06,11.56
ATOM,4466.0,H,THR,304.0,55.626,-0.423,39.361,0.31,0.2245,0.0
ATOM,4467.0,HA,THR,304.0,54.38,1.501,37.625,0.09,1.32,0.0
ATOM,4468.0,HB,THR,304.0,55.348,2.026,40.287,0.09,1.32,0.02
ATOM,4469.0,HG21,THR,304.0,54.091,3.677,38.407,0.09,1.32,0.0
ATOM,4470.0,HG22,THR,304.0,53.133,3.514,39.72,0.09,1.32,0.0
ATOM,4471.0,HG23,THR,304.0,54.647,4.105,39.882,0.09,1.32,6.85
ATOM,4472.0,HG1,THR,304.0,53.878,0.38,40.491,0.43,0.2245,0.0
ATOM,4473.0,N,LYS,305.0,57.542,1.899,38.148,-0.47,1.85,0.0
ATOM,4474.0,CA,LYS,305.0,58.727,2.557,37.593,0.07,2.275,1.02
ATOM,4475.0,C,LYS,305.0,58.921,2.225,36.111,0.51,2.0,0.33
ATOM,4476.0,O,LYS,305.0,59.22,3.113,35.296,-0.51,1.7,19.33
ATOM,4477.0,CB,LYS,305.0,59.988,2.215,38.408,-0.18,2.175,3.35
ATOM,4478.0,CG,LYS,305.0,59.998,2.886,39.775,-0.18,2.175,11.99
ATOM,4479.0,CD,LYS,305.0,61.394,2.897,40.407,-0.18,2.175,16.61
ATOM,4480.0,CE,LYS,305.0,61.865,1.497,40.693,0.21,2.175,3.22
ATOM,4481.0,NZ,LYS,305.0,62.811,1.465,41.845,-0.3,1.85,13.1
ATOM,4482.0,H,LYS,305.0,57.571,1.186,38.884,0.31,0.2245,0.0
ATOM,4483.0,HA,LYS,305.0,58.618,3.556,37.686,0.09,1.32,7.44
ATOM,4484.0,HB2,LYS,305.0,60.014,1.234,38.538,0.09,1.32,0.0
ATOM,4485.0,HB3,LYS,305.0,60.778,2.526,37.897,0.09,1.32,7.53
ATOM,4486.0,HG2,LYS,305.0,59.685,3.833,39.678,0.09,1.32,9.25
ATOM,4487.0,HG3,LYS,305.0,59.375,2.395,40.387,0.09,1.32,0.28
ATOM,4488.0,HD2,LYS,305.0,62.022,3.33,39.771,0.09,1.32,9.93
ATOM,4489.0,HD3,LYS,305.0,61.349,3.407,41.257,0.09,1.32,8.57
ATOM,4490.0,HE2,LYS,305.0,61.075,0.917,40.906,0.05,1.32,0.0
ATOM,4491.0,HE3,LYS,305.0,62.329,1.129,39.882,0.05,1.32,7.57
ATOM,4492.0,HZ1,LYS,305.0,62.62,0.661,42.407,0.33,0.2245,17.0
ATOM,4493.0,HZ2,LYS,305.0,63.748,1.42,41.502,0.33,0.2245,20.41
ATOM,4494.0,HZ3,LYS,305.0,62.693,2.293,42.392,0.33,0.2245,14.77
ATOM,4495.0,N,VAL,306.0,58.734,0.956,35.774,-0.47,1.85,0.0
ATOM,4496.0,CA,VAL,306.0,58.953,0.436,34.432,0.07,2.275,0.32
ATOM,4497.0,C,VAL,306.0,57.861,0.892,33.443,0.51,2.0,0.0
ATOM,4498.0,O,VAL,306.0,58.165,1.29,32.314,-0.51,1.7,22.48
ATOM,4499.0,CB,VAL,306.0,59.077,-1.118,34.444,-0.09,2.275,0.0
ATOM,4500.0,CG1,VAL,306.0,59.094,-1.685,33.05,-0.27,2.06,4.4
ATOM,4501.0,CG2,VAL,306.0,60.333,-1.555,35.182,-0.27,2.06,6.1
ATOM,4502.0,H,VAL,306.0,58.409,0.348,36.571,0.31,0.2245,0.0
ATOM,4503.0,HA,VAL,306.0,59.836,0.792,34.092,0.09,1.32,7.38
ATOM,4504.0,HB,VAL,306.0,58.264,-1.471,34.906,0.09,1.32,0.0
ATOM,4505.0,HG11,VAL,306.0,59.931,-2.218,32.907,0.09,1.32,1.72
ATOM,4506.0,HG12,VAL,306.0,58.3,-2.282,32.913,0.09,1.32,0.0
ATOM,4507.0,HG13,VAL,306.0,59.062,-0.942,32.378,0.09,1.32,0.25
ATOM,4508.0,HG21,VAL,306.0,60.367,-2.554,35.215,0.09,1.32,0.0
ATOM,4509.0,HG22,VAL,306.0,61.137,-1.207,34.7,0.09,1.32,9.94
ATOM,4510.0,HG23,VAL,306.0,60.314,-1.189,36.112,0.09,1.32,0.0
ATOM,4511.0,N,LEU,307.0,56.596,0.826,33.862,-0.47,1.85,0.0
ATOM,4512.0,CA,LEU,307.0,55.47,1.026,32.943,0.07,2.275,0.51
ATOM,4513.0,C,LEU,307.0,54.67,2.313,33.159,0.51,2.0,0.12
ATOM,4514.0,O,LEU,307.0,53.954,2.743,32.253,-0.51,1.7,0.02
ATOM,4515.0,CB,LEU,307.0,54.505,-0.168,33.027,-0.18,2.175,0.0
ATOM,4516.0,CG,LEU,307.0,54.806,-1.45,32.23,-0.09,2.275,0.34
ATOM,4517.0,CD1,LEU,307.0,56.209,-1.923,32.337,-0.27,2.06,0.21
ATOM,4518.0,CD2,LEU,307.0,53.84,-2.568,32.622,-0.27,2.06,0.0
ATOM,4519.0,H,LEU,307.0,56.48,0.625,34.871,0.31,0.2245,0.0
ATOM,4520.0,HA,LEU,307.0,55.838,1.038,31.989,0.09,1.32,3.43
ATOM,4521.0,HB2,LEU,307.0,54.438,-0.436,33.999,0.09,1.32,0.0
ATOM,4522.0,HB3,LEU,307.0,53.596,0.155,32.731,0.09,1.32,0.0
ATOM,4523.0,HG,LEU,307.0,54.57,-1.272,31.255,0.09,1.32,1.15
ATOM,4524.0,HD11,LEU,307.0,56.442,-2.124,33.296,0.09,1.32,0.0
ATOM,4525.0,HD12,LEU,307.0,56.341,-2.761,31.796,0.09,1.32,0.0
ATOM,4526.0,HD13,LEU,307.0,56.845,-1.221,31.996,0.09,1.32,0.27
ATOM,4527.0,HD21,LEU,307.0,52.903,-2.279,32.429,0.09,1.32,0.0
ATOM,4528.0,HD22,LEU,307.0,54.052,-3.39,32.094,0.09,1.32,0.0
ATOM,4529.0,HD23,LEU,307.0,53.937,-2.762,33.598,0.09,1.32,0.0
ATOM,4530.0,N,GLY,308.0,54.782,2.901,34.347,-0.47,1.85,0.0
ATOM,4531.0,CA,GLY,308.0,53.852,3.939,34.816,-0.02,2.175,1.32
ATOM,4532.0,C,GLY,308.0,53.854,5.258,34.063,0.51,2.0,1.06
ATOM,4533.0,O,GLY,308.0,52.848,5.974,34.064,-0.51,1.7,4.37
ATOM,4534.0,H,GLY,308.0,55.587,2.565,34.922,0.31,0.2245,0.0
ATOM,4535.0,HA2,GLY,308.0,52.897,3.548,34.806,0.09,1.32,0.0
ATOM,4536.0,HA3,GLY,308.0,54.045,4.122,35.814,0.09,1.32,0.47
ATOM,4537.0,N,ASP,309.0,54.976,5.582,33.42,-0.47,1.85,0.0
ATOM,4538.0,CA,ASP,309.0,55.057,6.827,32.647,0.07,2.275,0.63
ATOM,4539.0,C,ASP,309.0,54.209,6.809,31.375,0.51,2.0,0.0
ATOM,4540.0,O,ASP,309.0,53.785,7.867,30.906,-0.51,1.7,15.06
ATOM,4541.0,CB,ASP,309.0,56.517,7.178,32.33,-0.28,2.175,9.17
ATOM,4542.0,CG,ASP,309.0,57.29,7.607,33.564,0.62,2.0,3.46
ATOM,4543.0,OD1,ASP,309.0,56.66,7.947,34.594,-0.76,1.7,34.71
ATOM,4544.0,OD2,ASP,309.0,58.535,7.611,33.513,-0.76,1.7,43.02
ATOM,4545.0,H,ASP,309.0,55.749,4.911,33.509,0.31,0.2245,0.28
ATOM,4546.0,HA,ASP,309.0,54.689,7.566,33.237,0.09,1.32,5.65
ATOM,4547.0,HB2,ASP,309.0,56.948,6.372,31.946,0.09,1.32,6.42
ATOM,4548.0,HB3,ASP,309.0,56.517,7.923,31.676,0.09,1.32,8.16
ATOM,4549.0,N,LYS,310.0,53.942,5.618,30.841,-0.47,1.85,0.0
ATOM,4550.0,CA,LYS,310.0,53.29,5.463,29.538,0.07,2.275,0.38
ATOM,4551.0,C,LYS,310.0,52.042,4.57,29.585,0.51,2.0,0.0
ATOM,4552.0,O,LYS,310.0,51.35,4.405,28.569,-0.51,1.7,0.9
ATOM,4553.0,CB,LYS,310.0,54.279,4.87,28.534,-0.18,2.175,4.46
ATOM,4554.0,CG,LYS,310.0,55.522,5.71,28.28,-0.18,2.175,4.96
ATOM,4555.0,CD,LYS,310.0,56.45,5.058,27.275,-0.18,2.175,9.55
ATOM,4556.0,CE,LYS,310.0,57.692,5.876,27.009,0.21,2.175,18.41
ATOM,4557.0,NZ,LYS,310.0,58.568,5.198,26.021,-0.3,1.85,14.72
ATOM,4558.0,H,LYS,310.0,54.236,4.806,31.428,0.31,0.2245,0.28
ATOM,4559.0,HA,LYS,310.0,53.014,6.38,29.201,0.09,1.32,0.03
ATOM,4560.0,HB2,LYS,310.0,54.571,3.974,28.876,0.09,1.32,2.65
ATOM,4561.0,HB3,LYS,310.0,53.8,4.746,27.661,0.09,1.32,6.16
ATOM,4562.0,HG2,LYS,310.0,55.242,6.607,27.931,0.09,1.32,8.67
ATOM,4563.0,HG3,LYS,310.0,56.013,5.834,29.145,0.09,1.32,0.07
ATOM,4564.0,HD2,LYS,310.0,56.727,4.161,27.627,0.09,1.32,10.02
ATOM,4565.0,HD3,LYS,310.0,55.957,4.935,26.412,0.09,1.32,9.7
ATOM,4566.0,HE2,LYS,310.0,57.425,6.772,26.651,0.05,1.32,10.6
ATOM,4567.0,HE3,LYS,310.0,58.195,5.999,27.865,0.05,1.32,9.07
ATOM,4568.0,HZ1,LYS,310.0,58.722,5.804,25.24,0.33,0.2245,20.42
ATOM,4569.0,HZ2,LYS,310.0,59.445,4.978,26.449,0.33,0.2245,20.51
ATOM,4570.0,HZ3,LYS,310.0,58.129,4.356,25.707,0.33,0.2245,10.78
ATOM,4571.0,N,ILE,311.0,51.789,3.969,30.748,-0.47,1.85,0.0
ATOM,4572.0,CA,ILE,311.0,50.678,3.007,30.914,0.07,2.275,0.0
ATOM,4573.0,C,ILE,311.0,49.895,3.323,32.178,0.51,2.0,0.0
ATOM,4574.0,O,ILE,311.0,50.474,3.625,33.22,-0.51,1.7,0.0
ATOM,4575.0,CB,ILE,311.0,51.196,1.527,30.997,-0.09,2.275,0.0
ATOM,4576.0,CG1,ILE,311.0,52.089,1.188,29.798,-0.18,2.175,3.49
ATOM,4577.0,CG2,ILE,311.0,50.039,0.508,31.12,-0.27,2.06,0.0
ATOM,4578.0,CD1,ILE,311.0,51.328,1.091,28.459,-0.27,2.06,5.23
ATOM,4579.0,H,ILE,311.0,52.429,4.228,31.523,0.31,0.2245,0.0
ATOM,4580.0,HA,ILE,311.0,50.063,3.165,30.141,0.09,1.32,0.0
ATOM,4581.0,HB,ILE,311.0,51.739,1.452,31.825,0.09,1.32,0.0
ATOM,4582.0,HG12,ILE,311.0,52.789,1.89,29.709,0.09,1.32,0.0
ATOM,4583.0,HG13,ILE,311.0,52.528,0.31,29.967,0.09,1.32,0.0
ATOM,4584.0,HG21,ILE,311.0,50.423,-0.401,31.245,0.09,1.32,0.0
ATOM,4585.0,HG22,ILE,311.0,49.478,0.752,31.904,0.09,1.32,0.0
ATOM,4586.0,HG23,ILE,311.0,49.495,0.538,30.288,0.09,1.32,0.0
ATOM,4587.0,HD11,ILE,311.0,50.896,1.968,28.276,0.09,1.32,0.0
ATOM,4588.0,HD12,ILE,311.0,51.979,0.869,27.741,0.09,1.32,4.55
ATOM,4589.0,HD13,ILE,311.0,50.641,0.376,28.537,0.09,1.32,0.0
ATOM,4590.0,N,GLN,312.0,48.566,3.257,32.08,-0.47,1.85,0.0
ATOM,4591.0,CA,GLN,312.0,47.708,3.41,33.253,0.07,2.275,0.0
ATOM,4592.0,C,GLN,312.0,47.696,2.084,34.024,0.51,2.0,0.0
ATOM,4593.0,O,GLN,312.0,47.403,1.032,33.457,-0.51,1.7,0.0
ATOM,4594.0,CB,GLN,312.0,46.299,3.789,32.798,-0.18,2.175,0.0
ATOM,4595.0,CG,GLN,312.0,45.29,3.938,33.9,-0.18,2.175,0.0
ATOM,4596.0,CD,GLN,312.0,44.001,4.548,33.399,0.55,2.0,0.0
ATOM,4597.0,H,GLN,312.0,48.206,3.092,31.123,0.31,0.2245,0.0
ATOM,4598.0,HA,GLN,312.0,48.111,4.101,33.846,0.09,1.32,0.0
ATOM,4599.0,HB2,GLN,312.0,46.353,4.662,32.294,0.09,1.32,0.0
ATOM,4600.0,HB3,GLN,312.0,45.971,3.079,32.159,0.09,1.32,0.0
ATOM,4601.0,HG2,GLN,312.0,45.086,3.039,34.282,0.09,1.32,0.0
ATOM,4602.0,HG3,GLN,312.0,45.666,4.53,34.611,0.09,1.32,0.0
ATOM,4603.0,OE1,GLN,312.0,43.809,5.762,33.489,-0.55,1.7,0.0
ATOM,4604.0,NE2,GLN,312.0,43.117,3.711,32.846,-0.62,1.85,0.0
ATOM,4605.0,HE21,GLN,312.0,42.226,4.048,32.501,0.32,0.2245,0.0
ATOM,4606.0,HE22,GLN,312.0,43.359,2.724,32.778,0.3,0.2245,0.0
ATOM,4607.0,N,LEU,313.0,48.06,2.152,35.302,-0.47,1.85,0.0
ATOM,4608.0,CA,LEU,313.0,48.182,0.977,36.16,0.07,2.275,0.01
ATOM,4609.0,C,LEU,313.0,47.086,1.081,37.211,0.51,2.0,0.17
ATOM,4610.0,O,LEU,313.0,47.162,1.883,38.142,-0.51,1.7,0.0
ATOM,4611.0,CB,LEU,313.0,49.596,0.89,36.775,-0.18,2.175,0.02
ATOM,4612.0,CG,LEU,313.0,50.746,0.739,35.764,-0.09,2.275,0.0
ATOM,4613.0,CD1,LEU,313.0,52.087,0.922,36.47,-0.27,2.06,0.0
ATOM,4614.0,CD2,LEU,313.0,50.699,-0.589,34.996,-0.27,2.06,0.15
ATOM,4615.0,H,LEU,313.0,48.252,3.125,35.641,0.31,0.2245,0.0
ATOM,4616.0,HA,LEU,313.0,48.023,0.165,35.615,0.09,1.32,0.0
ATOM,4617.0,HB2,LEU,313.0,49.755,1.725,37.283,0.09,1.32,0.0
ATOM,4618.0,HB3,LEU,313.0,49.618,0.1,37.371,0.09,1.32,0.44
ATOM,4619.0,HG,LEU,313.0,50.646,1.432,35.057,0.09,1.32,0.0
ATOM,4620.0,HD11,LEU,313.0,52.183,0.23,37.185,0.09,1.32,0.0
ATOM,4621.0,HD12,LEU,313.0,52.828,0.822,35.806,0.09,1.32,0.0
ATOM,4622.0,HD13,LEU,313.0,52.125,1.833,36.879,0.09,1.32,0.0
ATOM,4623.0,HD21,LEU,313.0,49.839,-0.646,34.492,0.09,1.32,0.0
ATOM,4624.0,HD22,LEU,313.0,51.467,-0.627,34.359,0.09,1.32,0.0
ATOM,4625.0,HD23,LEU,313.0,50.761,-1.346,35.645,0.09,1.32,0.01
ATOM,4626.0,N,VAL,314.0,46.018,0.311,37.008,-0.47,1.85,0.49
ATOM,4627.0,CA,VAL,314.0,44.8,0.461,37.784,0.07,2.275,0.0
ATOM,4628.0,C,VAL,314.0,44.773,-0.544,38.939,0.51,2.0,0.37
ATOM,4629.0,O,VAL,314.0,44.832,-1.749,38.717,-0.51,1.7,0.56
ATOM,4630.0,CB,VAL,314.0,43.541,0.211,36.91,-0.09,2.275,0.0
ATOM,4631.0,CG1,VAL,314.0,42.295,0.53,37.725,-0.27,2.06,0.0
ATOM,4632.0,CG2,VAL,314.0,43.557,1.091,35.659,-0.27,2.06,0.16
ATOM,4633.0,H,VAL,314.0,46.135,-0.398,36.253,0.31,0.2245,0.0
ATOM,4634.0,HA,VAL,314.0,44.787,1.384,38.182,0.09,1.32,0.0
ATOM,4635.0,HB,VAL,314.0,43.514,-0.754,36.698,0.09,1.32,0.0
ATOM,4636.0,HG11,VAL,314.0,41.486,0.451,37.143,0.09,1.32,0.2
ATOM,4637.0,HG12,VAL,314.0,42.221,-0.113,38.487,0.09,1.32,0.0
ATOM,4638.0,HG13,VAL,314.0,42.359,1.462,38.081,0.09,1.32,0.0
ATOM,4639.0,HG21,VAL,314.0,43.177,0.575,34.893,0.09,1.32,0.34
ATOM,4640.0,HG22,VAL,314.0,43.005,1.906,35.826,0.09,1.32,0.0
ATOM,4641.0,HG23,VAL,314.0,44.499,1.354,35.458,0.09,1.32,0.0
ATOM,4642.0,N,GLY,315.0,44.682,-0.036,40.161,-0.47,1.85,0.0
ATOM,4643.0,CA,GLY,315.0,44.458,-0.904,41.31,-0.02,2.175,0.0
ATOM,4644.0,C,GLY,315.0,42.981,-1.171,41.51,0.51,2.0,0.0
ATOM,4645.0,O,GLY,315.0,42.189,-0.231,41.659,-0.51,1.7,0.0
ATOM,4646.0,H,GLY,315.0,44.78,0.989,40.224,0.31,0.2245,0.0
ATOM,4647.0,HA2,GLY,315.0,44.942,-1.777,41.168,0.09,1.32,0.0
ATOM,4648.0,HA3,GLY,315.0,44.836,-0.468,42.137,0.09,1.32,0.0
ATOM,4649.0,N,ASP,316.0,42.621,-2.452,41.495,-0.47,1.85,0.0
ATOM,4650.0,CA,ASP,316.0,41.27,-2.916,41.83,0.07,2.275,0.0
ATOM,4651.0,C,ASP,316.0,41.384,-3.649,43.162,0.51,2.0,0.0
ATOM,4652.0,O,ASP,316.0,41.203,-3.026,44.211,-0.51,1.7,0.28
ATOM,4653.0,CB,ASP,316.0,40.686,-3.81,40.726,-0.28,2.175,0.0
ATOM,4654.0,CG,ASP,316.0,39.407,-4.527,41.154,0.62,2.0,0.0
ATOM,4655.0,OD1,ASP,316.0,38.723,-4.009,42.06,-0.76,1.7,1.14
ATOM,4656.0,OD2,ASP,316.0,39.089,-5.604,40.589,-0.76,1.7,15.55
ATOM,4657.0,H,ASP,316.0,43.391,-3.11,41.221,0.31,0.2245,0.0
ATOM,4658.0,HA,ASP,316.0,40.714,-2.112,41.984,0.09,1.32,0.31
ATOM,4659.0,HB2,ASP,316.0,40.48,-3.236,39.943,0.09,1.32,0.0
ATOM,4660.0,HB3,ASP,316.0,41.367,-4.492,40.49,0.09,1.32,0.0
ATOM,4661.0,N,ASP,317.0,41.723,-4.937,43.121,-0.47,1.85,0.0
ATOM,4662.0,CA,ASP,317.0,42.028,-5.7,44.345,0.07,2.275,1.72
ATOM,4663.0,C,ASP,317.0,43.144,-5.006,45.159,0.51,2.0,0.0
ATOM,4664.0,O,ASP,317.0,43.195,-5.108,46.385,-0.51,1.7,0.0
ATOM,4665.0,CB,ASP,317.0,42.436,-7.135,43.992,-0.28,2.175,7.62
ATOM,4666.0,CG,ASP,317.0,42.543,-8.04,45.218,0.62,2.0,3.08
ATOM,4667.0,OD1,ASP,317.0,41.717,-7.89,46.156,-0.76,1.7,17.58
ATOM,4668.0,OD2,ASP,317.0,43.443,-8.913,45.224,-0.76,1.7,8.2
ATOM,4669.0,H,ASP,317.0,41.754,-5.353,42.172,0.31,0.2245,0.0
ATOM,4670.0,HA,ASP,317.0,41.204,-5.687,44.916,0.09,1.32,0.29
ATOM,4671.0,HB2,ASP,317.0,41.748,-7.51,43.382,0.09,1.32,7.36
ATOM,4672.0,HB3,ASP,317.0,43.321,-7.103,43.545,0.09,1.32,1.67
ATOM,4673.0,N,LEU,318.0,44.027,-4.284,44.471,-0.47,1.85,0.0
ATOM,4674.0,CA,LEU,318.0,45.119,-3.583,45.129,0.07,2.275,0.0
ATOM,4675.0,C,LEU,318.0,44.626,-2.591,46.181,0.51,2.0,0.0
ATOM,4676.0,O,LEU,318.0,45.181,-2.524,47.287,-0.51,1.7,0.07
ATOM,4677.0,CB,LEU,318.0,45.953,-2.841,44.09,-0.18,2.175,0.0
ATOM,4678.0,CG,LEU,318.0,47.11,-1.969,44.583,-0.09,2.275,0.0
ATOM,4679.0,CD1,LEU,318.0,48.098,-2.74,45.466,-0.27,2.06,0.0
ATOM,4680.0,CD2,LEU,318.0,47.824,-1.342,43.379,-0.27,2.06,0.0
ATOM,4681.0,H,LEU,318.0,43.868,-4.267,43.445,0.31,0.2245,0.0
ATOM,4682.0,HA,LEU,318.0,45.709,-4.264,45.59,0.09,1.32,0.0
ATOM,4683.0,HB2,LEU,318.0,46.345,-3.525,43.465,0.09,1.32,0.07
ATOM,4684.0,HB3,LEU,318.0,45.335,-2.245,43.569,0.09,1.32,0.0
ATOM,4685.0,HG,LEU,318.0,46.736,-1.196,45.109,0.09,1.32,0.0
ATOM,4686.0,HD11,LEU,318.0,48.485,-3.497,44.943,0.09,1.32,0.0
ATOM,4687.0,HD12,LEU,318.0,48.828,-2.124,45.757,0.09,1.32,0.0
ATOM,4688.0,HD13,LEU,318.0,47.617,-3.094,46.266,0.09,1.32,0.0
ATOM,4689.0,HD21,LEU,318.0,47.175,-0.781,42.868,0.09,1.32,0.0
ATOM,4690.0,HD22,LEU,318.0,48.578,-0.774,43.704,0.09,1.32,0.0
ATOM,4691.0,HD23,LEU,318.0,48.178,-2.068,42.792,0.09,1.32,0.0
ATOM,4692.0,N,PHE,319.0,43.585,-1.829,45.841,-0.47,1.85,0.0
ATOM,4693.0,CA,PHE,319.0,43.124,-0.739,46.707,0.07,2.275,0.0
ATOM,4694.0,C,PHE,319.0,41.745,-0.96,47.34,0.51,2.0,0.0
ATOM,4695.0,O,PHE,319.0,41.411,-0.3,48.327,-0.51,1.7,0.0
ATOM,4696.0,CB,PHE,319.0,43.105,0.6,45.961,-0.18,2.175,0.0
ATOM,4697.0,CG,PHE,319.0,44.456,1.063,45.455,0.0,1.9924,0.0
ATOM,4698.0,CD1,PHE,319.0,45.555,1.159,46.311,-0.115,1.9924,0.0
ATOM,4699.0,CD2,PHE,319.0,44.61,1.455,44.129,-0.115,1.9924,0.0
ATOM,4700.0,CE1,PHE,319.0,46.795,1.609,45.837,-0.115,1.9924,0.0
ATOM,4701.0,CE2,PHE,319.0,45.841,1.912,43.635,-0.115,1.9924,0.0
ATOM,4702.0,CZ,PHE,319.0,46.946,1.988,44.495,-0.115,1.9924,0.0
ATOM,4703.0,H,PHE,319.0,43.143,-2.068,44.938,0.31,0.2245,0.0
ATOM,4704.0,HA,PHE,319.0,43.789,-0.675,47.477,0.09,1.32,0.0
ATOM,4705.0,HB2,PHE,319.0,42.507,0.503,45.177,0.09,1.32,0.0
ATOM,4706.0,HB3,PHE,319.0,42.764,1.291,46.584,0.09,1.32,0.0
ATOM,4707.0,HD1,PHE,319.0,45.465,0.906,47.266,0.115,1.3582,0.0
ATOM,4708.0,HD2,PHE,319.0,43.824,1.411,43.506,0.115,1.3582,0.0
ATOM,4709.0,HE1,PHE,319.0,47.576,1.659,46.468,0.115,1.3582,0.0
ATOM,4710.0,HE2,PHE,319.0,45.924,2.183,42.671,0.115,1.3582,0.0
ATOM,4711.0,HZ,PHE,319.0,47.823,2.304,44.163,0.115,1.3582,0.0
ATOM,4712.0,N,VAL,320.0,40.945,-1.851,46.75,-0.47,1.85,0.0
ATOM,4713.0,CA,VAL,320.0,39.542,-2.077,47.146,0.07,2.275,0.17
ATOM,4714.0,C,VAL,320.0,38.785,-0.804,47.588,0.51,2.0,0.0
ATOM,4715.0,O,VAL,320.0,38.063,-0.794,48.601,-0.51,1.7,0.5
ATOM,4716.0,CB,VAL,320.0,39.384,-3.273,48.147,-0.09,2.275,0.0
ATOM,4717.0,CG1,VAL,320.0,39.798,-4.591,47.471,-0.27,2.06,1.99
ATOM,4718.0,CG2,VAL,320.0,40.162,-3.033,49.451,-0.27,2.06,0.0
ATOM,4719.0,H,VAL,320.0,41.4,-2.385,45.971,0.31,0.2245,0.0
ATOM,4720.0,HA,VAL,320.0,39.05,-2.461,46.342,0.09,1.32,0.0
ATOM,4721.0,HB,VAL,320.0,38.422,-3.348,48.365,0.09,1.32,0.0
ATOM,4722.0,HG11,VAL,320.0,40.773,-4.558,47.263,0.09,1.32,0.0
ATOM,4723.0,HG12,VAL,320.0,39.609,-5.349,48.091,0.09,1.32,0.14
ATOM,4724.0,HG13,VAL,320.0,39.275,-4.704,46.629,0.09,1.32,0.03
ATOM,4725.0,HG21,VAL,320.0,39.953,-3.769,50.091,0.09,1.32,0.0
ATOM,4726.0,HG22,VAL,320.0,41.138,-3.024,49.247,0.09,1.32,0.0
ATOM,4727.0,HG23,VAL,320.0,39.884,-2.156,49.835,0.09,1.32,0.0
ATOM,4728.0,N,THR,321.0,38.942,0.262,46.797,-0.47,1.85,0.0
ATOM,4729.0,CA,THR,321.0,38.245,1.537,46.991,0.07,2.275,0.0
ATOM,4730.0,C,THR,321.0,38.449,2.059,48.427,0.51,2.0,0.03
ATOM,4731.0,O,THR,321.0,37.563,2.676,49.014,-0.51,1.7,0.0
ATOM,4732.0,CB,THR,321.0,36.73,1.427,46.615,0.14,2.275,0.0
ATOM,4733.0,OG1,THR,321.0,36.589,0.67,45.4,-0.66,1.77,0.0
ATOM,4734.0,CG2,THR,321.0,36.124,2.814,46.388,-0.27,2.06,0.0
ATOM,4735.0,H,THR,321.0,39.621,0.106,46.008,0.31,0.2245,0.05
ATOM,4736.0,HA,THR,321.0,38.631,2.213,46.357,0.09,1.32,0.0
ATOM,4737.0,HB,THR,321.0,36.251,0.929,47.361,0.09,1.32,0.0
ATOM,4738.0,HG21,THR,321.0,35.157,2.722,46.147,0.09,1.32,0.0
ATOM,4739.0,HG22,THR,321.0,36.207,3.358,47.224,0.09,1.32,0.0
ATOM,4740.0,HG23,THR,321.0,36.609,3.275,45.643,0.09,1.32,0.0
ATOM,4741.0,HG1,THR,321.0,37.485,0.548,44.962,0.43,0.2245,0.53
ATOM,4742.0,N,ASN,322.0,39.646,1.803,48.961,-0.47,1.85,0.06
ATOM,4743.0,CA,ASN,322.0,39.989,2.11,50.354,0.07,2.275,0.0
ATOM,4744.0,C,ASN,322.0,41.008,3.259,50.42,0.51,2.0,0.36
ATOM,4745.0,O,ASN,322.0,42.135,3.109,49.96,-0.51,1.7,0.0
ATOM,4746.0,CB,ASN,322.0,40.516,0.83,51.012,-0.18,2.175,0.57
ATOM,4747.0,CG,ASN,322.0,40.675,0.951,52.508,0.55,2.0,0.44
ATOM,4748.0,H,ASN,322.0,40.324,1.361,48.296,0.31,0.2245,0.0
ATOM,4749.0,HA,ASN,322.0,39.153,2.438,50.801,0.09,1.32,0.0
ATOM,4750.0,HB2,ASN,322.0,39.873,0.091,50.815,0.09,1.32,0.08
ATOM,4751.0,HB3,ASN,322.0,41.406,0.617,50.61,0.09,1.32,0.0
ATOM,4752.0,OD1,ASN,322.0,41.206,1.934,53.015,-0.55,1.7,1.88
ATOM,4753.0,ND2,ASN,322.0,40.244,-0.076,53.221,-0.62,1.85,10.79
ATOM,4754.0,HD22,ASN,322.0,39.846,-0.877,52.772,0.3,0.2245,0.07
ATOM,4755.0,HD21,ASN,322.0,40.315,-0.058,54.223,0.32,0.2245,15.25
ATOM,4756.0,N,THR,323.0,40.597,4.403,50.976,-0.47,1.85,0.0
ATOM,4757.0,CA,THR,323.0,41.428,5.615,50.986,0.07,2.275,0.43
ATOM,4758.0,C,THR,323.0,42.674,5.437,51.848,0.51,2.0,0.24
ATOM,4759.0,O,THR,323.0,43.722,6.041,51.578,-0.51,1.7,0.23
ATOM,4760.0,CB,THR,323.0,40.663,6.868,51.488,0.14,2.275,4.38
ATOM,4761.0,OG1,THR,323.0,39.943,6.544,52.68,-0.66,1.77,21.7
ATOM,4762.0,CG2,THR,323.0,39.679,7.379,50.426,-0.27,2.06,2.16
ATOM,4763.0,H,THR,323.0,39.647,4.362,51.397,0.31,0.2245,0.46
ATOM,4764.0,HA,THR,323.0,41.72,5.805,50.039,0.09,1.32,0.0
ATOM,4765.0,HB,THR,323.0,41.343,7.594,51.709,0.09,1.32,0.26
ATOM,4766.0,HG21,THR,323.0,38.748,7.114,50.679,0.09,1.32,2.31
ATOM,4767.0,HG22,THR,323.0,39.738,8.376,50.369,0.09,1.32,0.68
ATOM,4768.0,HG23,THR,323.0,39.91,6.98,49.538,0.09,1.32,0.04
ATOM,4769.0,HG1,THR,323.0,40.25,5.658,53.046,0.43,0.2245,2.54
ATOM,4770.0,N,LYS,324.0,42.554,4.603,52.878,-0.47,1.85,0.05
ATOM,4771.0,CA,LYS,324.0,43.685,4.287,53.743,0.07,2.275,1.31
ATOM,4772.0,C,LYS,324.0,44.769,3.541,52.975,0.51,2.0,0.34
ATOM,4773.0,O,LYS,324.0,45.956,3.829,53.135,-0.51,1.7,8.93
ATOM,4774.0,CB,LYS,324.0,43.244,3.479,54.967,-0.18,2.175,7.44
ATOM,4775.0,CG,LYS,324.0,42.226,4.187,55.853,-0.18,2.175,6.22
ATOM,4776.0,CD,LYS,324.0,41.834,3.332,57.046,-0.18,2.175,9.71
ATOM,4777.0,CE,LYS,324.0,40.824,4.013,57.941,0.21,2.175,16.87
ATOM,4778.0,NZ,LYS,324.0,40.472,3.142,59.091,-0.3,1.85,9.66
ATOM,4779.0,H,LYS,324.0,41.604,4.206,53.009,0.31,0.2245,0.0
ATOM,4780.0,HA,LYS,324.0,44.074,5.146,54.098,0.09,1.32,3.7
ATOM,4781.0,HB2,LYS,324.0,42.839,2.624,54.647,0.09,1.32,0.35
ATOM,4782.0,HB3,LYS,324.0,44.054,3.281,55.517,0.09,1.32,9.05
ATOM,4783.0,HG2,LYS,324.0,42.623,5.043,56.184,0.09,1.32,9.57
ATOM,4784.0,HG3,LYS,324.0,41.408,4.386,55.313,0.09,1.32,1.15
ATOM,4785.0,HD2,LYS,324.0,41.441,2.476,56.711,0.09,1.32,2.91
ATOM,4786.0,HD3,LYS,324.0,42.655,3.134,57.582,0.09,1.32,9.63
ATOM,4787.0,HE2,LYS,324.0,41.213,4.869,58.283,0.05,1.32,10.67
ATOM,4788.0,HE3,LYS,324.0,39.998,4.211,57.413,0.05,1.32,7.2
ATOM,4789.0,HZ1,LYS,324.0,40.531,2.183,58.813,0.33,0.2245,9.09
ATOM,4790.0,HZ2,LYS,324.0,41.107,3.311,59.844,0.33,0.2245,19.81
ATOM,4791.0,HZ3,LYS,324.0,39.539,3.345,59.389,0.33,0.2245,2.59
ATOM,4792.0,N,ILE,325.0,44.354,2.594,52.133,-0.47,1.85,0.0
ATOM,4793.0,CA,ILE,325.0,45.295,1.849,51.306,0.07,2.275,0.58
ATOM,4794.0,C,ILE,325.0,45.797,2.723,50.156,0.51,2.0,0.0
ATOM,4795.0,O,ILE,325.0,46.995,2.779,49.897,-0.51,1.7,0.0
ATOM,4796.0,CB,ILE,325.0,44.684,0.534,50.753,-0.09,2.275,0.0
ATOM,4797.0,CG1,ILE,325.0,44.042,-0.268,51.89,-0.18,2.175,5.06
ATOM,4798.0,CG2,ILE,325.0,45.747,-0.269,49.988,-0.27,2.06,2.41
ATOM,4799.0,CD1,ILE,325.0,43.359,-1.564,51.466,-0.27,2.06,5.86
ATOM,4800.0,H,ILE,325.0,43.33,2.44,52.121,0.31,0.2245,0.0
ATOM,4801.0,HA,ILE,325.0,46.09,1.656,51.884,0.09,1.32,1.09
ATOM,4802.0,HB,ILE,325.0,43.973,0.78,50.107,0.09,1.32,0.0
ATOM,4803.0,HG12,ILE,325.0,44.752,-0.487,52.564,0.09,1.32,9.93
ATOM,4804.0,HG13,ILE,325.0,43.36,0.316,52.339,0.09,1.32,0.0
ATOM,4805.0,HG21,ILE,325.0,45.322,-1.079,49.592,0.09,1.32,0.0
ATOM,4806.0,HG22,ILE,325.0,46.128,0.3,49.264,0.09,1.32,0.0
ATOM,4807.0,HG23,ILE,325.0,46.468,-0.54,50.619,0.09,1.32,3.55
ATOM,4808.0,HD11,ILE,325.0,44.032,-2.161,51.037,0.09,1.32,0.32
ATOM,4809.0,HD12,ILE,325.0,42.976,-2.008,52.272,0.09,1.32,3.08
ATOM,4810.0,HD13,ILE,325.0,42.632,-1.351,50.818,0.09,1.32,0.0
ATOM,4811.0,N,LEU,326.0,44.877,3.405,49.472,-0.47,1.85,0.0
ATOM,4812.0,CA,LEU,326.0,45.245,4.33,48.398,0.07,2.275,0.0
ATOM,4813.0,C,LEU,326.0,46.299,5.365,48.838,0.51,2.0,0.0
ATOM,4814.0,O,LEU,326.0,47.288,5.586,48.137,-0.51,1.7,0.0
ATOM,4815.0,CB,LEU,326.0,43.997,5.038,47.84,-0.18,2.175,0.0
ATOM,4816.0,CG,LEU,326.0,44.231,6.093,46.748,-0.09,2.275,0.0
ATOM,4817.0,CD1,LEU,326.0,44.896,5.521,45.491,-0.27,2.06,0.0
ATOM,4818.0,CD2,LEU,326.0,42.938,6.817,46.374,-0.27,2.06,0.15
ATOM,4819.0,H,LEU,326.0,43.897,3.226,49.762,0.31,0.2245,0.0
ATOM,4820.0,HA,LEU,326.0,45.634,3.796,47.632,0.09,1.32,0.0
ATOM,4821.0,HB2,LEU,326.0,43.4,4.339,47.453,0.09,1.32,0.0
ATOM,4822.0,HB3,LEU,326.0,43.542,5.493,48.6,0.09,1.32,0.0
ATOM,4823.0,HG,LEU,326.0,44.814,6.825,47.124,0.09,1.32,0.0
ATOM,4824.0,HD11,LEU,326.0,44.312,4.808,45.106,0.09,1.32,0.0
ATOM,4825.0,HD12,LEU,326.0,45.02,6.253,44.823,0.09,1.32,0.0
ATOM,4826.0,HD13,LEU,326.0,45.783,5.134,45.736,0.09,1.32,0.0
ATOM,4827.0,HD21,LEU,326.0,42.57,7.276,47.182,0.09,1.32,0.0
ATOM,4828.0,HD22,LEU,326.0,43.13,7.493,45.663,0.09,1.32,0.0
ATOM,4829.0,HD23,LEU,326.0,42.273,6.153,46.033,0.09,1.32,0.0
ATOM,4830.0,N,LYS,327.0,46.089,5.974,50.003,-0.47,1.85,0.0
ATOM,4831.0,CA,LYS,327.0,47.018,6.984,50.533,0.07,2.275,0.0
ATOM,4832.0,C,LYS,327.0,48.441,6.426,50.656,0.51,2.0,0.0
ATOM,4833.0,O,LYS,327.0,49.408,7.055,50.183,-0.51,1.7,0.3
ATOM,4834.0,CB,LYS,327.0,46.522,7.536,51.877,-0.18,2.175,0.06
ATOM,4835.0,CG,LYS,327.0,47.413,8.61,52.501,-0.18,2.175,2.21
ATOM,4836.0,CD,LYS,327.0,46.829,9.095,53.822,-0.18,2.175,9.01
ATOM,4837.0,CE,LYS,327.0,47.808,10.015,54.535,0.21,2.175,13.03
ATOM,4838.0,NZ,LYS,327.0,47.321,10.374,55.9,-0.3,1.85,13.67
ATOM,4839.0,H,LYS,327.0,45.226,5.681,50.501,0.31,0.2245,0.0
ATOM,4840.0,HA,LYS,327.0,47.034,7.77,49.903,0.09,1.32,0.09
ATOM,4841.0,HB2,LYS,327.0,45.613,7.929,51.736,0.09,1.32,0.0
ATOM,4842.0,HB3,LYS,327.0,46.456,6.772,52.521,0.09,1.32,0.25
ATOM,4843.0,HG2,LYS,327.0,48.316,8.224,52.668,0.09,1.32,0.1
ATOM,4844.0,HG3,LYS,327.0,47.48,9.38,51.874,0.09,1.32,8.74
ATOM,4845.0,HD2,LYS,327.0,45.996,9.599,53.638,0.09,1.32,3.34
ATOM,4846.0,HD3,LYS,327.0,46.65,8.312,54.401,0.09,1.32,6.37
ATOM,4847.0,HE2,LYS,327.0,48.692,9.552,54.614,0.05,1.32,1.43
ATOM,4848.0,HE3,LYS,327.0,47.92,10.852,53.997,0.05,1.32,10.91
ATOM,4849.0,HZ1,LYS,327.0,46.98,9.553,56.354,0.33,0.2245,16.57
ATOM,4850.0,HZ2,LYS,327.0,48.075,10.762,56.427,0.33,0.2245,20.26
ATOM,4851.0,HZ3,LYS,327.0,46.586,11.045,55.821,0.33,0.2245,19.31
ATOM,4852.0,N,GLU,328.0,48.562,5.249,51.271,-0.47,1.85,0.15
ATOM,4853.0,CA,GLU,328.0,49.852,4.573,51.396,0.07,2.275,0.61
ATOM,4854.0,C,GLU,328.0,50.443,4.201,50.032,0.51,2.0,0.0
ATOM,4855.0,O,GLU,328.0,51.648,4.325,49.811,-0.51,1.7,0.0
ATOM,4856.0,CB,GLU,328.0,49.738,3.339,52.296,-0.18,2.175,1.8
ATOM,4857.0,CG,GLU,328.0,51.098,2.742,52.677,-0.28,2.175,4.04
ATOM,4858.0,CD,GLU,328.0,50.996,1.424,53.429,0.62,2.0,2.97
ATOM,4859.0,OE1,GLU,328.0,49.861,0.951,53.676,-0.76,1.7,28.81
ATOM,4860.0,OE2,GLU,328.0,52.059,0.853,53.781,-0.76,1.7,21.61
ATOM,4861.0,H,GLU,328.0,47.675,4.862,51.647,0.31,0.2245,0.0
ATOM,4862.0,HA,GLU,328.0,50.502,5.171,51.887,0.09,1.32,0.0
ATOM,4863.0,HB2,GLU,328.0,49.295,3.611,53.126,0.09,1.32,5.96
ATOM,4864.0,HB3,GLU,328.0,49.243,2.652,51.805,0.09,1.32,0.0
ATOM,4865.0,HG2,GLU,328.0,51.599,2.574,51.846,0.09,1.32,0.0
ATOM,4866.0,HG3,GLU,328.0,51.56,3.385,53.263,0.09,1.32,4.76
ATOM,4867.0,N,GLY,329.0,49.594,3.742,49.11,-0.47,1.85,0.0
ATOM,4868.0,CA,GLY,329.0,50.05,3.457,47.756,-0.02,2.175,0.0
ATOM,4869.0,C,GLY,329.0,50.668,4.676,47.093,0.51,2.0,0.0
ATOM,4870.0,O,GLY,329.0,51.761,4.602,46.542,-0.51,1.7,0.0
ATOM,4871.0,H,GLY,329.0,48.623,3.613,49.433,0.31,0.2245,0.0
ATOM,4872.0,HA2,GLY,329.0,50.732,2.709,47.782,0.09,1.32,0.0
ATOM,4873.0,HA3,GLY,329.0,49.268,3.135,47.2,0.09,1.32,0.0
ATOM,4874.0,N,ILE,330.0,49.962,5.8,47.15,-0.47,1.85,0.0
ATOM,4875.0,CA,ILE,330.0,50.448,7.065,46.609,0.07,2.275,0.0
ATOM,4876.0,C,ILE,330.0,51.82,7.424,47.207,0.51,2.0,0.0
ATOM,4877.0,O,ILE,330.0,52.746,7.788,46.487,-0.51,1.7,12.61
ATOM,4878.0,CB,ILE,330.0,49.431,8.2,46.876,-0.09,2.275,0.13
ATOM,4879.0,CG1,ILE,330.0,48.138,7.944,46.094,-0.18,2.175,0.0
ATOM,4880.0,CG2,ILE,330.0,50.009,9.569,46.506,-0.27,2.06,22.91
ATOM,4881.0,CD1,ILE,330.0,46.953,8.75,46.624,-0.27,2.06,3.37
ATOM,4882.0,H,ILE,330.0,49.03,5.701,47.615,0.31,0.2245,0.0
ATOM,4883.0,HA,ILE,330.0,50.599,6.917,45.629,0.09,1.32,0.0
ATOM,4884.0,HB,ILE,330.0,49.213,8.192,47.844,0.09,1.32,0.26
ATOM,4885.0,HG12,ILE,330.0,48.288,8.185,45.143,0.09,1.32,0.0
ATOM,4886.0,HG13,ILE,330.0,47.916,6.977,46.16,0.09,1.32,0.0
ATOM,4887.0,HG21,ILE,330.0,49.344,10.278,46.729,0.09,1.32,3.0
ATOM,4888.0,HG22,ILE,330.0,50.849,9.722,47.022,0.09,1.32,3.4
ATOM,4889.0,HG23,ILE,330.0,50.206,9.589,45.529,0.09,1.32,1.86
ATOM,4890.0,HD11,ILE,330.0,47.166,9.721,46.557,0.09,1.32,0.93
ATOM,4891.0,HD12,ILE,330.0,46.148,8.54,46.076,0.09,1.32,0.0
ATOM,4892.0,HD13,ILE,330.0,46.792,8.501,47.576,0.09,1.32,0.0
ATOM,4893.0,N,GLU,331.0,51.933,7.301,48.523,-0.47,1.85,0.0
ATOM,4894.0,CA,GLU,331.0,53.191,7.604,49.212,0.07,2.275,0.79
ATOM,4895.0,C,GLU,331.0,54.353,6.743,48.702,0.51,2.0,0.0
ATOM,4896.0,O,GLU,331.0,55.494,7.22,48.621,-0.51,1.7,30.85
ATOM,4897.0,CB,GLU,331.0,53.016,7.457,50.726,-0.18,2.175,2.93
ATOM,4898.0,CG,GLU,331.0,51.992,8.338,51.423,-0.28,2.175,7.93
ATOM,4899.0,CD,GLU,331.0,51.852,8.162,52.901,0.62,2.0,3.29
ATOM,4900.0,OE1,GLU,331.0,52.508,7.363,53.557,-0.76,1.7,30.15
ATOM,4901.0,OE2,GLU,331.0,50.983,8.912,53.39,-0.76,1.7,18.28
ATOM,4902.0,H,GLU,331.0,51.079,6.981,49.012,0.31,0.2245,0.0
ATOM,4903.0,HA,GLU,331.0,53.419,8.58,49.084,0.09,1.32,8.63
ATOM,4904.0,HB2,GLU,331.0,52.761,6.504,50.905,0.09,1.32,0.0
ATOM,4905.0,HB3,GLU,331.0,53.905,7.642,51.149,0.09,1.32,8.57
ATOM,4906.0,HG2,GLU,331.0,52.245,9.291,51.251,0.09,1.32,10.73
ATOM,4907.0,HG3,GLU,331.0,51.099,8.154,51.008,0.09,1.32,0.0
ATOM,4908.0,N,LYS,332.0,54.053,5.495,48.334,-0.47,1.85,0.0
ATOM,4909.0,CA,LYS,332.0,55.073,4.513,47.941,0.07,2.275,1.74
ATOM,4910.0,C,LYS,332.0,55.258,4.303,46.428,0.51,2.0,1.89
ATOM,4911.0,O,LYS,332.0,55.985,3.392,46.005,-0.51,1.7,12.21
ATOM,4912.0,CB,LYS,332.0,54.836,3.188,48.674,-0.18,2.175,1.44
ATOM,4913.0,CG,LYS,332.0,55.014,3.336,50.176,-0.18,2.175,3.72
ATOM,4914.0,CD,LYS,332.0,54.825,2.046,50.916,-0.18,2.175,2.65
ATOM,4915.0,CE,LYS,332.0,55.186,2.234,52.388,0.21,2.175,15.14
ATOM,4916.0,NZ,LYS,332.0,54.795,1.046,53.195,-0.3,1.85,8.68
ATOM,4917.0,H,LYS,332.0,53.033,5.275,48.349,0.31,0.2245,0.0
ATOM,4918.0,HA,LYS,332.0,55.973,4.808,48.334,0.09,1.32,5.66
ATOM,4919.0,HB2,LYS,332.0,53.91,2.895,48.494,0.09,1.32,0.0
ATOM,4920.0,HB3,LYS,332.0,55.493,2.528,48.342,0.09,1.32,4.07
ATOM,4921.0,HG2,LYS,332.0,55.941,3.69,50.356,0.09,1.32,8.37
ATOM,4922.0,HG3,LYS,332.0,54.349,4.014,50.514,0.09,1.32,0.0
ATOM,4923.0,HD2,LYS,332.0,53.876,1.768,50.864,0.09,1.32,0.0
ATOM,4924.0,HD3,LYS,332.0,55.422,1.353,50.538,0.09,1.32,8.78
ATOM,4925.0,HE2,LYS,332.0,56.174,2.374,52.462,0.05,1.32,10.98
ATOM,4926.0,HE3,LYS,332.0,54.709,3.042,52.736,0.05,1.32,3.73
ATOM,4927.0,HZ1,LYS,332.0,54.688,1.316,54.151,0.33,0.2245,15.61
ATOM,4928.0,HZ2,LYS,332.0,53.93,0.681,52.851,0.33,0.2245,1.71
ATOM,4929.0,HZ3,LYS,332.0,55.506,0.347,53.122,0.33,0.2245,19.8
ATOM,4930.0,N,GLY,333.0,54.609,5.15,45.625,-0.47,1.85,1.55
ATOM,4931.0,CA,GLY,333.0,54.725,5.095,44.166,-0.02,2.175,16.35
ATOM,4932.0,C,GLY,333.0,54.151,3.811,43.598,0.51,2.0,0.0
ATOM,4933.0,O,GLY,333.0,54.752,3.189,42.714,-0.51,1.7,3.06
ATOM,4934.0,H,GLY,333.0,54.017,5.848,46.123,0.31,0.2245,0.0
ATOM,4935.0,HA2,GLY,333.0,54.24,5.887,43.765,0.09,1.32,7.05
ATOM,4936.0,HA3,GLY,333.0,55.7,5.171,43.908,0.09,1.32,10.88
ATOM,4937.0,N,ILE,334.0,52.988,3.427,44.128,-0.47,1.85,0.0
ATOM,4938.0,CA,ILE,334.0,52.305,2.178,43.793,0.07,2.275,0.0
ATOM,4939.0,C,ILE,334.0,51.124,2.484,42.873,0.51,2.0,0.0
ATOM,4940.0,O,ILE,334.0,50.172,3.142,43.299,-0.51,1.7,0.0
ATOM,4941.0,CB,ILE,334.0,51.785,1.48,45.083,-0.09,2.275,0.0
ATOM,4942.0,CG1,ILE,334.0,52.938,1.203,46.063,-0.18,2.175,0.0
ATOM,4943.0,CG2,ILE,334.0,51.014,0.201,44.763,-0.27,2.06,0.0
ATOM,4944.0,CD1,ILE,334.0,54.032,0.321,45.505,-0.27,2.06,0.0
ATOM,4945.0,H,ILE,334.0,52.595,4.115,44.824,0.31,0.2245,0.0
ATOM,4946.0,HA,ILE,334.0,52.951,1.639,43.257,0.09,1.32,0.0
ATOM,4947.0,HB,ILE,334.0,51.147,2.1,45.525,0.09,1.32,0.0
ATOM,4948.0,HG12,ILE,334.0,53.332,2.081,46.336,0.09,1.32,0.0
ATOM,4949.0,HG13,ILE,334.0,52.552,0.764,46.876,0.09,1.32,0.0
ATOM,4950.0,HG21,ILE,334.0,50.634,-0.176,45.605,0.09,1.32,0.0
ATOM,4951.0,HG22,ILE,334.0,50.274,0.411,44.127,0.09,1.32,0.0
ATOM,4952.0,HG23,ILE,334.0,51.632,-0.463,44.349,0.09,1.32,0.0
ATOM,4953.0,HD11,ILE,334.0,54.431,0.757,44.699,0.09,1.32,0.0
ATOM,4954.0,HD12,ILE,334.0,54.739,0.19,46.199,0.09,1.32,1.88
ATOM,4955.0,HD13,ILE,334.0,53.646,-0.565,45.249,0.09,1.32,0.0
ATOM,4956.0,N,ALA,335.0,51.221,2.015,41.623,-0.47,1.85,0.0
ATOM,4957.0,CA,ALA,335.0,50.214,2.245,40.56,0.07,2.275,0.0
ATOM,4958.0,C,ALA,335.0,49.99,3.732,40.244,0.51,2.0,0.0
ATOM,4959.0,O,ALA,335.0,50.696,4.601,40.754,-0.51,1.7,2.42
ATOM,4960.0,CB,ALA,335.0,48.893,1.522,40.885,-0.27,2.06,0.0
ATOM,4961.0,H,ALA,335.0,52.094,1.453,41.448,0.31,0.2245,0.0
ATOM,4962.0,HA,ALA,335.0,50.533,1.782,39.717,0.09,1.32,0.0
ATOM,4963.0,HB1,ALA,335.0,48.13,2.106,40.621,0.09,1.32,0.0
ATOM,4964.0,HB2,ALA,335.0,48.857,0.666,40.376,0.09,1.32,0.26
ATOM,4965.0,HB3,ALA,335.0,48.856,1.337,41.864,0.09,1.32,0.0
ATOM,4966.0,N,ASN,336.0,49.016,4.037,39.385,-0.47,1.85,0.0
ATOM,4967.0,CA,ASN,336.0,48.703,5.432,39.112,0.07,2.275,0.0
ATOM,4968.0,C,ASN,336.0,47.22,5.645,38.795,0.51,2.0,0.0
ATOM,4969.0,O,ASN,336.0,46.839,6.672,38.25,-0.51,1.7,0.0
ATOM,4970.0,CB,ASN,336.0,49.599,5.972,37.981,-0.18,2.175,4.64
ATOM,4971.0,CG,ASN,336.0,49.484,5.167,36.703,0.55,2.0,0.0
ATOM,4972.0,H,ASN,336.0,48.535,3.239,38.958,0.31,0.2245,0.0
ATOM,4973.0,HA,ASN,336.0,48.898,5.955,39.955,0.09,1.32,0.0
ATOM,4974.0,HB2,ASN,336.0,49.328,6.912,37.794,0.09,1.32,0.0
ATOM,4975.0,HB3,ASN,336.0,50.544,5.944,38.295,0.09,1.32,2.91
ATOM,4976.0,OD1,ASN,336.0,48.451,4.543,36.441,-0.55,1.7,0.0
ATOM,4977.0,ND2,ASN,336.0,50.545,5.176,35.892,-0.62,1.85,0.0
ATOM,4978.0,HD22,ASN,336.0,51.359,5.696,36.154,0.3,0.2245,3.23
ATOM,4979.0,HD21,ASN,336.0,50.524,4.669,35.036,0.32,0.2245,0.0
ATOM,4980.0,N,SER,337.0,46.401,4.671,39.172,-0.47,1.85,0.0
ATOM,4981.0,CA,SER,337.0,44.972,4.703,38.873,0.07,2.275,0.0
ATOM,4982.0,C,SER,337.0,44.25,3.807,39.861,0.51,2.0,0.0
ATOM,4983.0,O,SER,337.0,44.839,2.876,40.403,-0.51,1.7,0.0
ATOM,4984.0,CB,SER,337.0,44.733,4.218,37.438,0.05,2.175,0.0
ATOM,4985.0,OG,SER,337.0,43.355,4.278,37.064,-0.66,1.77,0.0
ATOM,4986.0,H,SER,337.0,46.858,3.894,39.691,0.31,0.2245,0.0
ATOM,4987.0,HA,SER,337.0,44.648,5.638,39.006,0.09,1.32,0.0
ATOM,4988.0,HB2,SER,337.0,45.259,4.792,36.812,0.09,1.32,0.0
ATOM,4989.0,HB3,SER,337.0,45.043,3.271,37.363,0.09,1.32,0.0
ATOM,4990.0,HG,SER,337.0,42.912,5.019,37.564,0.43,0.2245,0.0
ATOM,4991.0,N,ILE,338.0,42.966,4.064,40.073,-0.47,1.85,0.0
ATOM,4992.0,CA,ILE,338.0,42.18,3.251,41.012,0.07,2.275,0.0
ATOM,4993.0,C,ILE,338.0,40.785,3.007,40.452,0.51,2.0,0.0
ATOM,4994.0,O,ILE,338.0,40.152,3.919,39.91,-0.51,1.7,0.0
ATOM,4995.0,CB,ILE,338.0,42.069,3.93,42.409,-0.09,2.275,0.0
ATOM,4996.0,CG1,ILE,338.0,41.259,3.058,43.392,-0.18,2.175,0.0
ATOM,4997.0,CG2,ILE,338.0,41.474,5.348,42.281,-0.27,2.06,0.0
ATOM,4998.0,CD1,ILE,338.0,41.325,3.55,44.851,-0.27,2.06,0.21
ATOM,4999.0,H,ILE,338.0,42.576,4.857,39.542,0.31,0.2245,0.0
ATOM,5000.0,HA,ILE,338.0,42.635,2.361,41.055,0.09,1.32,0.0
ATOM,5001.0,HB,ILE,338.0,42.989,4.027,42.772,0.09,1.32,0.0
ATOM,5002.0,HG12,ILE,338.0,40.309,3.054,43.103,0.09,1.32,0.0
ATOM,5003.0,HG13,ILE,338.0,41.619,2.132,43.359,0.09,1.32,0.0
ATOM,5004.0,HG21,ILE,338.0,41.484,5.784,43.175,0.09,1.32,0.0
ATOM,5005.0,HG22,ILE,338.0,42.025,5.873,41.64,0.09,1.32,0.0
ATOM,5006.0,HG23,ILE,338.0,40.539,5.277,41.947,0.09,1.32,0.0
ATOM,5007.0,HD11,ILE,338.0,40.96,4.474,44.891,0.09,1.32,0.0
ATOM,5008.0,HD12,ILE,338.0,40.781,2.939,45.417,0.09,1.32,0.0
ATOM,5009.0,HD13,ILE,338.0,42.275,3.541,45.146,0.09,1.32,0.0
ATOM,5010.0,N,LEU,339.0,40.334,1.763,40.569,-0.47,1.85,0.0
ATOM,5011.0,CA,LEU,339.0,38.961,1.403,40.226,0.07,2.275,0.0
ATOM,5012.0,C,LEU,339.0,38.065,1.818,41.398,0.51,2.0,0.0
ATOM,5013.0,O,LEU,339.0,38.382,1.528,42.561,-0.51,1.7,0.18
ATOM,5014.0,CB,LEU,339.0,38.882,-0.111,40.0,-0.18,2.175,0.0
ATOM,5015.0,CG,LEU,339.0,37.836,-0.602,39.022,-0.09,2.275,0.0
ATOM,5016.0,CD1,LEU,339.0,38.067,0.024,37.646,-0.27,2.06,0.0
ATOM,5017.0,CD2,LEU,339.0,37.842,-2.119,38.958,-0.27,2.06,0.0
ATOM,5018.0,H,LEU,339.0,41.033,1.077,40.921,0.31,0.2245,0.0
ATOM,5019.0,HA,LEU,339.0,38.684,1.917,39.423,0.09,1.32,0.0
ATOM,5020.0,HB2,LEU,339.0,39.776,-0.411,39.666,0.09,1.32,0.0
ATOM,5021.0,HB3,LEU,339.0,38.697,-0.537,40.885,0.09,1.32,0.36
ATOM,5022.0,HG,LEU,339.0,36.928,-0.345,39.348,0.09,1.32,0.0
ATOM,5023.0,HD11,LEU,339.0,38.974,-0.233,37.314,0.09,1.32,0.0
ATOM,5024.0,HD12,LEU,339.0,37.371,-0.308,37.011,0.09,1.32,0.0
ATOM,5025.0,HD13,LEU,339.0,38.006,1.018,37.721,0.09,1.32,0.0
ATOM,5026.0,HD21,LEU,339.0,37.641,-2.495,39.864,0.09,1.32,0.0
ATOM,5027.0,HD22,LEU,339.0,37.147,-2.431,38.309,0.09,1.32,0.0
ATOM,5028.0,HD23,LEU,339.0,38.742,-2.439,38.659,0.09,1.32,0.0
ATOM,5029.0,N,ILE,340.0,36.963,2.505,41.108,-0.47,1.85,0.0
ATOM,5030.0,CA,ILE,340.0,36.051,2.956,42.153,0.07,2.275,0.0
ATOM,5031.0,C,ILE,340.0,34.794,2.088,42.155,0.51,2.0,0.0
ATOM,5032.0,O,ILE,340.0,33.977,2.161,41.236,-0.51,1.7,0.03
ATOM,5033.0,CB,ILE,340.0,35.687,4.463,42.007,-0.09,2.275,0.0
ATOM,5034.0,CG1,ILE,340.0,36.963,5.332,42.007,-0.18,2.175,0.0
ATOM,5035.0,CG2,ILE,340.0,34.634,4.889,43.074,-0.27,2.06,0.0
ATOM,5036.0,CD1,ILE,340.0,37.726,5.481,43.368,-0.27,2.06,0.0
ATOM,5037.0,H,ILE,340.0,36.814,2.687,40.098,0.31,0.2245,0.0
ATOM,5038.0,HA,ILE,340.0,36.514,2.789,43.024,0.09,1.32,0.0
ATOM,5039.0,HB,ILE,340.0,35.236,4.582,41.132,0.09,1.32,0.0
ATOM,5040.0,HG12,ILE,340.0,37.611,4.954,41.336,0.09,1.32,0.0
ATOM,5041.0,HG13,ILE,340.0,36.718,6.259,41.699,0.09,1.32,0.0
ATOM,5042.0,HG21,ILE,340.0,34.362,5.826,42.892,0.09,1.32,0.0
ATOM,5043.0,HG22,ILE,340.0,33.852,4.282,43.005,0.09,1.32,0.04
ATOM,5044.0,HG23,ILE,340.0,35.049,4.817,43.973,0.09,1.32,0.0
ATOM,5045.0,HD11,ILE,340.0,38.002,4.577,43.662,0.09,1.32,0.0
ATOM,5046.0,HD12,ILE,340.0,38.514,6.06,43.213,0.09,1.32,0.0
ATOM,5047.0,HD13,ILE,340.0,37.106,5.893,44.021,0.09,1.32,0.0
ATOM,5048.0,N,LYS,341.0,34.675,1.247,43.178,-0.47,1.85,0.0
ATOM,5049.0,CA,LYS,341.0,33.488,0.417,43.369,0.07,2.275,0.76
ATOM,5050.0,C,LYS,341.0,32.766,0.94,44.6,0.51,2.0,0.0
ATOM,5051.0,O,LYS,341.0,33.186,0.649,45.714,-0.51,1.7,0.0
ATOM,5052.0,CB,LYS,341.0,33.891,-1.046,43.536,-0.18,2.175,0.0
ATOM,5053.0,CG,LYS,341.0,34.42,-1.692,42.259,-0.18,2.175,0.0
ATOM,5054.0,CD,LYS,341.0,34.99,-3.088,42.47,-0.18,2.175,0.0
ATOM,5055.0,CE,LYS,341.0,35.15,-3.791,41.129,0.21,2.175,2.55
ATOM,5056.0,NZ,LYS,341.0,36.051,-4.969,41.162,-0.3,1.85,2.6
ATOM,5057.0,H,LYS,341.0,35.492,1.231,43.824,0.31,0.2245,0.0
ATOM,5058.0,HA,LYS,341.0,32.894,0.514,42.579,0.09,1.32,0.0
ATOM,5059.0,HB2,LYS,341.0,34.606,-1.098,44.23,0.09,1.32,0.0
ATOM,5060.0,HB3,LYS,341.0,33.09,-1.56,43.836,0.09,1.32,0.0
ATOM,5061.0,HG2,LYS,341.0,33.668,-1.748,41.588,0.09,1.32,0.0
ATOM,5062.0,HG3,LYS,341.0,35.141,-1.103,41.871,0.09,1.32,0.0
ATOM,5063.0,HD2,LYS,341.0,35.878,-3.011,42.895,0.09,1.32,0.02
ATOM,5064.0,HD3,LYS,341.0,34.365,-3.61,43.028,0.09,1.32,0.0
ATOM,5065.0,HE2,LYS,341.0,34.234,-4.084,40.807,0.05,1.32,0.0
ATOM,5066.0,HE3,LYS,341.0,35.505,-3.122,40.454,0.05,1.32,0.0
ATOM,5067.0,HZ1,LYS,341.0,35.657,-5.706,40.612,0.33,0.2245,16.75
ATOM,5068.0,HZ2,LYS,341.0,36.945,-4.717,40.789,0.33,0.2245,0.0
ATOM,5069.0,HZ3,LYS,341.0,36.16,-5.28,42.107,0.33,0.2245,4.68
ATOM,5070.0,N,PHE,342.0,31.709,1.739,44.412,-0.47,1.85,0.06
ATOM,5071.0,CA,PHE,342.0,31.109,2.402,45.562,0.07,2.275,0.0
ATOM,5072.0,C,PHE,342.0,30.566,1.474,46.636,0.51,2.0,0.0
ATOM,5073.0,O,PHE,342.0,30.457,1.881,47.786,-0.51,1.7,0.0
ATOM,5074.0,CB,PHE,342.0,30.157,3.591,45.245,-0.18,2.175,0.0
ATOM,5075.0,CG,PHE,342.0,28.982,3.285,44.31,0.0,1.9924,0.0
ATOM,5076.0,CD1,PHE,342.0,28.531,1.974,44.037,-0.115,1.9924,0.96
ATOM,5077.0,CD2,PHE,342.0,28.298,4.354,43.728,-0.115,1.9924,0.01
ATOM,5078.0,CE1,PHE,342.0,27.421,1.765,43.178,-0.115,1.9924,1.92
ATOM,5079.0,CE2,PHE,342.0,27.208,4.154,42.863,-0.115,1.9924,0.0
ATOM,5080.0,CZ,PHE,342.0,26.764,2.86,42.593,-0.115,1.9924,0.37
ATOM,5081.0,H,PHE,342.0,31.387,1.832,43.449,0.31,0.2245,0.71
ATOM,5082.0,HA,PHE,342.0,31.849,2.956,46.0,0.09,1.32,0.0
ATOM,5083.0,HB2,PHE,342.0,29.779,3.909,46.106,0.09,1.32,0.0
ATOM,5084.0,HB3,PHE,342.0,30.701,4.303,44.818,0.09,1.32,0.0
ATOM,5085.0,HD1,PHE,342.0,28.982,1.199,44.441,0.115,1.3582,0.0
ATOM,5086.0,HD2,PHE,342.0,28.589,5.293,43.931,0.115,1.3582,0.0
ATOM,5087.0,HE1,PHE,342.0,27.116,0.829,42.996,0.115,1.3582,0.57
ATOM,5088.0,HE2,PHE,342.0,26.756,4.951,42.443,0.115,1.3582,0.02
ATOM,5089.0,HZ,PHE,342.0,25.988,2.705,41.992,0.115,1.3582,1.78
ATOM,5090.0,N,ASN,343.0,30.285,0.215,46.281,-0.47,1.85,0.0
ATOM,5091.0,CA,ASN,343.0,29.787,-0.732,47.295,0.07,2.275,0.0
ATOM,5092.0,C,ASN,343.0,30.91,-1.367,48.134,0.51,2.0,0.0
ATOM,5093.0,O,ASN,343.0,30.624,-2.067,49.119,-0.51,1.7,3.2
ATOM,5094.0,CB,ASN,343.0,28.824,-1.784,46.717,-0.18,2.175,0.0
ATOM,5095.0,CG,ASN,343.0,29.531,-2.903,45.987,0.55,2.0,0.0
ATOM,5096.0,H,ASN,343.0,30.437,-0.019,45.301,0.31,0.2245,0.46
ATOM,5097.0,HA,ASN,343.0,29.209,-0.202,47.934,0.09,1.32,0.0
ATOM,5098.0,HB2,ASN,343.0,28.3,-2.172,47.473,0.09,1.32,0.59
ATOM,5099.0,HB3,ASN,343.0,28.208,-1.322,46.081,0.09,1.32,0.0
ATOM,5100.0,OD1,ASN,343.0,30.559,-2.692,45.347,-0.55,1.7,0.0
ATOM,5101.0,ND2,ASN,343.0,28.957,-4.112,46.056,-0.62,1.85,0.19
ATOM,5102.0,HD22,ASN,343.0,28.106,-4.225,46.566,0.3,0.2245,0.3
ATOM,5103.0,HD21,ASN,343.0,29.38,-4.889,45.599,0.32,0.2245,0.0
ATOM,5104.0,N,GLN,344.0,32.16,-1.132,47.729,-0.47,1.85,0.0
ATOM,5105.0,CA,GLN,344.0,33.343,-1.555,48.5,0.07,2.275,0.0
ATOM,5106.0,C,GLN,344.0,33.661,-0.556,49.581,0.51,2.0,0.0
ATOM,5107.0,O,GLN,344.0,34.457,-0.833,50.488,-0.51,1.7,1.12
ATOM,5108.0,CB,GLN,344.0,34.566,-1.696,47.597,-0.18,2.175,0.0
ATOM,5109.0,CG,GLN,344.0,34.641,-3.004,46.88,-0.18,2.175,0.0
ATOM,5110.0,CD,GLN,344.0,35.949,-3.186,46.159,0.55,2.0,0.0
ATOM,5111.0,H,GLN,344.0,32.232,-0.624,46.821,0.31,0.2245,0.0
ATOM,5112.0,HA,GLN,344.0,33.119,-2.435,48.934,0.09,1.32,0.46
ATOM,5113.0,HB2,GLN,344.0,34.544,-0.956,46.918,0.09,1.32,0.0
ATOM,5114.0,HB3,GLN,344.0,35.39,-1.59,48.163,0.09,1.32,0.0
ATOM,5115.0,HG2,GLN,344.0,34.537,-3.75,47.542,0.09,1.32,0.1
ATOM,5116.0,HG3,GLN,344.0,33.898,-3.056,46.209,0.09,1.32,0.0
ATOM,5117.0,OE1,GLN,344.0,36.556,-2.227,45.672,-0.55,1.7,0.47
ATOM,5118.0,NE2,GLN,344.0,36.395,-4.425,46.079,-0.62,1.85,3.34
ATOM,5119.0,HE21,GLN,344.0,37.274,-4.639,45.591,0.32,0.2245,3.0
ATOM,5120.0,HE22,GLN,344.0,35.86,-5.178,46.508,0.3,0.2245,0.52
ATOM,5121.0,N,ILE,345.0,33.071,0.627,49.477,-0.47,1.85,0.0
ATOM,5122.0,CA,ILE,345.0,33.26,1.637,50.504,0.07,2.275,0.0
ATOM,5123.0,C,ILE,345.0,31.939,1.931,51.245,0.51,2.0,0.0
ATOM,5124.0,O,ILE,345.0,31.924,2.034,52.481,-0.51,1.7,0.04
ATOM,5125.0,CB,ILE,345.0,34.03,2.877,49.974,-0.09,2.275,0.0
ATOM,5126.0,CG1,ILE,345.0,34.537,3.732,51.144,-0.18,2.175,0.12
ATOM,5127.0,CG2,ILE,345.0,33.2,3.662,48.961,-0.27,2.06,0.0
ATOM,5128.0,CD1,ILE,345.0,35.529,3.007,52.056,-0.27,2.06,16.76
ATOM,5129.0,H,ILE,345.0,32.49,0.76,48.635,0.31,0.2245,0.0
ATOM,5130.0,HA,ILE,345.0,33.88,1.242,51.188,0.09,1.32,0.0
ATOM,5131.0,HB,ILE,345.0,34.817,2.55,49.467,0.09,1.32,0.0
ATOM,5132.0,HG12,ILE,345.0,34.979,4.545,50.775,0.09,1.32,0.07
ATOM,5133.0,HG13,ILE,345.0,33.752,4.011,51.692,0.09,1.32,0.0
ATOM,5134.0,HG21,ILE,345.0,33.755,4.397,48.577,0.09,1.32,0.0
ATOM,5135.0,HG22,ILE,345.0,32.904,3.05,48.231,0.09,1.32,0.0
ATOM,5136.0,HG23,ILE,345.0,32.402,4.05,49.417,0.09,1.32,0.0
ATOM,5137.0,HD11,ILE,345.0,36.322,2.734,51.518,0.09,1.32,0.0
ATOM,5138.0,HD12,ILE,345.0,35.808,3.626,52.785,0.09,1.32,6.67
ATOM,5139.0,HD13,ILE,345.0,35.085,2.203,52.442,0.09,1.32,2.64
ATOM,5140.0,N,GLY,346.0,30.834,2.017,50.5,-0.47,1.85,0.0
ATOM,5141.0,CA,GLY,346.0,29.499,1.89,51.089,-0.02,2.175,0.0
ATOM,5142.0,C,GLY,346.0,28.657,3.14,51.261,0.51,2.0,0.0
ATOM,5143.0,O,GLY,346.0,27.502,3.051,51.659,-0.51,1.7,0.0
ATOM,5144.0,H,GLY,346.0,31.001,2.178,49.49,0.31,0.2245,0.0
ATOM,5145.0,HA2,GLY,346.0,28.96,1.199,50.527,0.09,1.32,0.0
ATOM,5146.0,HA3,GLY,346.0,29.595,1.422,52.014,0.09,1.32,0.0
ATOM,5147.0,N,SER,347.0,29.227,4.305,50.987,-0.47,1.85,0.0
ATOM,5148.0,CA,SER,347.0,28.433,5.531,51.009,0.07,2.275,0.0
ATOM,5149.0,C,SER,347.0,28.873,6.484,49.911,0.51,2.0,0.0
ATOM,5150.0,O,SER,347.0,30.025,6.448,49.477,-0.51,1.7,0.0
ATOM,5151.0,CB,SER,347.0,28.542,6.226,52.365,0.05,2.175,0.0
ATOM,5152.0,OG,SER,347.0,29.815,6.82,52.505,-0.66,1.77,0.0
ATOM,5153.0,H,SER,347.0,30.23,4.272,50.768,0.31,0.2245,0.0
ATOM,5154.0,HA,SER,347.0,27.472,5.282,50.839,0.09,1.32,0.0
ATOM,5155.0,HB2,SER,347.0,27.845,6.93,52.421,0.09,1.32,0.0
ATOM,5156.0,HB3,SER,347.0,28.416,5.55,53.081,0.09,1.32,0.0
ATOM,5157.0,HG,SER,347.0,30.41,6.218,53.038,0.43,0.2245,0.0
ATOM,5158.0,N,LEU,348.0,27.952,7.34,49.466,-0.47,1.85,0.0
ATOM,5159.0,CA,LEU,348.0,28.302,8.353,48.482,0.07,2.275,0.0
ATOM,5160.0,C,LEU,348.0,29.377,9.32,48.989,0.51,2.0,0.0
ATOM,5161.0,O,LEU,348.0,30.318,9.634,48.284,-0.51,1.7,0.0
ATOM,5162.0,CB,LEU,348.0,27.055,9.099,47.973,-0.18,2.175,0.0
ATOM,5163.0,CG,LEU,348.0,27.307,10.149,46.876,-0.09,2.275,0.0
ATOM,5164.0,CD1,LEU,348.0,27.929,9.506,45.629,-0.27,2.06,0.1
ATOM,5165.0,CD2,LEU,348.0,26.008,10.841,46.481,-0.27,2.06,0.0
ATOM,5166.0,H,LEU,348.0,27.011,7.222,49.867,0.31,0.2245,0.0
ATOM,5167.0,HA,LEU,348.0,28.661,7.892,47.655,0.09,1.32,0.0
ATOM,5168.0,HB2,LEU,348.0,26.43,8.425,47.599,0.09,1.32,0.0
ATOM,5169.0,HB3,LEU,348.0,26.646,9.569,48.744,0.09,1.32,0.0
ATOM,5170.0,HG,LEU,348.0,27.929,10.845,47.232,0.09,1.32,0.0
ATOM,5171.0,HD11,LEU,348.0,27.307,8.812,45.273,0.09,1.32,0.1
ATOM,5172.0,HD12,LEU,348.0,28.08,10.21,44.938,0.09,1.32,0.0
ATOM,5173.0,HD13,LEU,348.0,28.799,9.084,45.877,0.09,1.32,0.0
ATOM,5174.0,HD21,LEU,348.0,25.617,11.297,47.281,0.09,1.32,0.0
ATOM,5175.0,HD22,LEU,348.0,26.194,11.518,45.768,0.09,1.32,0.0
ATOM,5176.0,HD23,LEU,348.0,25.36,10.162,46.135,0.09,1.32,0.1
ATOM,5177.0,N,THR,349.0,29.247,9.786,50.228,-0.47,1.85,0.0
ATOM,5178.0,CA,THR,349.0,30.23,10.726,50.759,0.07,2.275,0.0
ATOM,5179.0,C,THR,349.0,31.65,10.161,50.704,0.51,2.0,0.0
ATOM,5180.0,O,THR,349.0,32.571,10.826,50.241,-0.51,1.7,1.06
ATOM,5181.0,CB,THR,349.0,29.858,11.151,52.183,0.14,2.275,0.16
ATOM,5182.0,OG1,THR,349.0,28.559,11.751,52.171,-0.66,1.77,1.18
ATOM,5183.0,CG2,THR,349.0,30.858,12.136,52.745,-0.27,2.06,25.39
ATOM,5184.0,H,THR,349.0,28.434,9.443,50.751,0.31,0.2245,0.0
ATOM,5185.0,HA,THR,349.0,30.204,11.567,50.199,0.09,1.32,0.57
ATOM,5186.0,HB,THR,349.0,29.82,10.323,52.777,0.09,1.32,0.21
ATOM,5187.0,HG21,THR,349.0,30.436,13.043,52.833,0.09,1.32,1.26
ATOM,5188.0,HG22,THR,349.0,31.169,11.833,53.651,0.09,1.32,11.46
ATOM,5189.0,HG23,THR,349.0,31.653,12.206,52.136,0.09,1.32,2.29
ATOM,5190.0,HG1,THR,349.0,27.846,11.042,52.142,0.43,0.2245,0.0
ATOM,5191.0,N,GLU,350.0,31.815,8.917,51.15,-0.47,1.85,0.0
ATOM,5192.0,CA,GLU,350.0,33.131,8.283,51.134,0.07,2.275,0.15
ATOM,5193.0,C,GLU,350.0,33.634,8.043,49.722,0.51,2.0,0.0
ATOM,5194.0,O,GLU,350.0,34.831,8.143,49.466,-0.51,1.7,0.03
ATOM,5195.0,CB,GLU,350.0,33.102,6.984,51.934,-0.18,2.175,1.57
ATOM,5196.0,CG,GLU,350.0,32.918,7.222,53.419,-0.28,2.175,9.4
ATOM,5197.0,CD,GLU,350.0,32.642,5.935,54.172,0.62,2.0,0.0
ATOM,5198.0,OE1,GLU,350.0,31.58,5.313,53.938,-0.76,1.7,0.0
ATOM,5199.0,OE2,GLU,350.0,33.502,5.55,55.0,-0.76,1.7,16.21
ATOM,5200.0,H,GLU,350.0,30.959,8.456,51.496,0.31,0.2245,0.0
ATOM,5201.0,HA,GLU,350.0,33.791,8.867,51.634,0.09,1.32,1.19
ATOM,5202.0,HB2,GLU,350.0,32.341,6.455,51.619,0.09,1.32,0.0
ATOM,5203.0,HB3,GLU,350.0,33.961,6.534,51.807,0.09,1.32,1.18
ATOM,5204.0,HG2,GLU,350.0,33.747,7.603,53.777,0.09,1.32,9.6
ATOM,5205.0,HG3,GLU,350.0,32.145,7.811,53.547,0.09,1.32,0.17
ATOM,5206.0,N,THR,351.0,32.71,7.737,48.805,-0.47,1.85,0.0
ATOM,5207.0,CA,THR,351.0,33.062,7.555,47.401,0.07,2.275,0.0
ATOM,5208.0,C,THR,351.0,33.648,8.842,46.809,0.51,2.0,0.0
ATOM,5209.0,O,THR,351.0,34.684,8.805,46.134,-0.51,1.7,0.0
ATOM,5210.0,CB,THR,351.0,31.846,7.07,46.601,0.14,2.275,0.0
ATOM,5211.0,OG1,THR,351.0,31.445,5.792,47.104,-0.66,1.77,0.0
ATOM,5212.0,CG2,THR,351.0,32.175,6.956,45.104,-0.27,2.06,0.0
ATOM,5213.0,H,THR,351.0,31.747,7.644,49.174,0.31,0.2245,0.0
ATOM,5214.0,HA,THR,351.0,33.761,6.834,47.335,0.09,1.32,0.0
ATOM,5215.0,HB,THR,351.0,31.077,7.722,46.74,0.09,1.32,0.0
ATOM,5216.0,HG21,THR,351.0,33.077,7.352,44.931,0.09,1.32,0.0
ATOM,5217.0,HG22,THR,351.0,32.176,5.992,44.836,0.09,1.32,0.0
ATOM,5218.0,HG23,THR,351.0,31.486,7.449,44.574,0.09,1.32,0.0
ATOM,5219.0,HG1,THR,351.0,30.939,5.898,47.967,0.43,0.2245,0.0
ATOM,5220.0,N,LEU,352.0,33.007,9.976,47.094,-0.47,1.85,0.0
ATOM,5221.0,CA,LEU,352.0,33.543,11.265,46.66,0.07,2.275,0.0
ATOM,5222.0,C,LEU,352.0,34.95,11.503,47.212,0.51,2.0,0.37
ATOM,5223.0,O,LEU,352.0,35.831,11.965,46.484,-0.51,1.7,0.24
ATOM,5224.0,CB,LEU,352.0,32.608,12.41,47.052,-0.18,2.175,6.23
ATOM,5225.0,CG,LEU,352.0,31.225,12.43,46.4,-0.09,2.275,0.0
ATOM,5226.0,CD1,LEU,352.0,30.526,13.733,46.737,-0.27,2.06,1.72
ATOM,5227.0,CD2,LEU,352.0,31.327,12.28,44.896,-0.27,2.06,0.0
ATOM,5228.0,H,LEU,352.0,32.133,9.866,47.628,0.31,0.2245,0.0
ATOM,5229.0,HA,LEU,352.0,33.594,11.269,45.653,0.09,1.32,0.0
ATOM,5230.0,HB2,LEU,352.0,32.469,12.366,48.041,0.09,1.32,0.7
ATOM,5231.0,HB3,LEU,352.0,33.061,13.269,46.816,0.09,1.32,0.73
ATOM,5232.0,HG,LEU,352.0,30.692,11.665,46.748,0.09,1.32,0.0
ATOM,5233.0,HD11,LEU,352.0,31.066,14.503,46.394,0.09,1.32,0.0
ATOM,5234.0,HD12,LEU,352.0,29.62,13.749,46.311,0.09,1.32,0.0
ATOM,5235.0,HD13,LEU,352.0,30.426,13.815,47.73,0.09,1.32,5.43
ATOM,5236.0,HD21,LEU,352.0,31.771,11.41,44.672,0.09,1.32,0.0
ATOM,5237.0,HD22,LEU,352.0,30.41,12.296,44.492,0.09,1.32,0.0
ATOM,5238.0,HD23,LEU,352.0,31.868,13.033,44.517,0.09,1.32,0.0
ATOM,5239.0,N,ALA,353.0,35.161,11.163,48.488,-0.47,1.85,0.83
ATOM,5240.0,CA,ALA,353.0,36.484,11.29,49.11,0.07,2.275,2.72
ATOM,5241.0,C,ALA,353.0,37.558,10.457,48.406,0.51,2.0,0.0
ATOM,5242.0,O,ALA,353.0,38.666,10.944,48.208,-0.51,1.7,2.81
ATOM,5243.0,CB,ALA,353.0,36.418,10.96,50.616,-0.27,2.06,29.0
ATOM,5244.0,H,ALA,353.0,34.326,10.81,48.988,0.31,0.2245,0.0
ATOM,5245.0,HA,ALA,353.0,36.762,12.265,49.078,0.09,1.32,3.69
ATOM,5246.0,HB1,ALA,353.0,37.216,10.418,50.864,0.09,1.32,1.78
ATOM,5247.0,HB2,ALA,353.0,36.411,11.811,51.134,0.09,1.32,11.69
ATOM,5248.0,HB3,ALA,353.0,35.586,10.444,50.798,0.09,1.32,0.0
ATOM,5249.0,N,ALA,354.0,37.221,9.232,47.98,-0.47,1.85,0.0
ATOM,5250.0,CA,ALA,354.0,38.189,8.372,47.282,0.07,2.275,0.0
ATOM,5251.0,C,ALA,354.0,38.549,8.95,45.916,0.51,2.0,0.0
ATOM,5252.0,O,ALA,354.0,39.724,9.002,45.535,-0.51,1.7,0.0
ATOM,5253.0,CB,ALA,354.0,37.654,6.951,47.144,-0.27,2.06,0.17
ATOM,5254.0,H,ALA,354.0,36.248,8.952,48.18,0.31,0.2245,0.0
ATOM,5255.0,HA,ALA,354.0,39.025,8.315,47.839,0.09,1.32,0.0
ATOM,5256.0,HB1,ALA,354.0,38.381,6.353,46.809,0.09,1.32,0.21
ATOM,5257.0,HB2,ALA,354.0,37.339,6.626,48.035,0.09,1.32,0.0
ATOM,5258.0,HB3,ALA,354.0,36.892,6.943,46.498,0.09,1.32,0.0
ATOM,5259.0,N,ILE,355.0,37.532,9.393,45.186,-0.47,1.85,0.0
ATOM,5260.0,CA,ILE,355.0,37.761,9.984,43.874,0.07,2.275,0.0
ATOM,5261.0,C,ILE,355.0,38.663,11.219,44.006,0.51,2.0,0.0
ATOM,5262.0,O,ILE,355.0,39.593,11.398,43.23,-0.51,1.7,0.0
ATOM,5263.0,CB,ILE,355.0,36.413,10.314,43.178,-0.09,2.275,0.0
ATOM,5264.0,CG1,ILE,355.0,35.654,9.009,42.908,-0.18,2.175,0.0
ATOM,5265.0,CG2,ILE,355.0,36.629,11.104,41.887,-0.27,2.06,0.15
ATOM,5266.0,CD1,ILE,355.0,34.164,9.179,42.567,-0.27,2.06,0.0
ATOM,5267.0,H,ILE,355.0,36.6,9.285,45.615,0.31,0.2245,0.0
ATOM,5268.0,HA,ILE,355.0,38.28,9.312,43.345,0.09,1.32,0.0
ATOM,5269.0,HB,ILE,355.0,35.877,10.86,43.802,0.09,1.32,0.0
ATOM,5270.0,HG12,ILE,355.0,36.098,8.532,42.148,0.09,1.32,0.0
ATOM,5271.0,HG13,ILE,355.0,35.722,8.429,43.723,0.09,1.32,0.0
ATOM,5272.0,HG21,ILE,355.0,35.744,11.326,41.484,0.09,1.32,0.0
ATOM,5273.0,HG22,ILE,355.0,37.124,11.945,42.094,0.09,1.32,0.21
ATOM,5274.0,HG23,ILE,355.0,37.159,10.552,41.247,0.09,1.32,0.0
ATOM,5275.0,HD11,ILE,355.0,34.086,9.736,41.746,0.09,1.32,0.0
ATOM,5276.0,HD12,ILE,355.0,33.768,8.28,42.411,0.09,1.32,0.0
ATOM,5277.0,HD13,ILE,355.0,33.711,9.627,43.331,0.09,1.32,0.0
ATOM,5278.0,N,LYS,356.0,38.384,12.049,45.006,-0.47,1.85,0.0
ATOM,5279.0,CA,LYS,356.0,39.173,13.253,45.244,0.07,2.275,0.85
ATOM,5280.0,C,LYS,356.0,40.629,12.944,45.606,0.51,2.0,0.0
ATOM,5281.0,O,LYS,356.0,41.545,13.586,45.079,-0.51,1.7,0.0
ATOM,5282.0,CB,LYS,356.0,38.526,14.117,46.332,-0.18,2.175,0.89
ATOM,5283.0,CG,LYS,356.0,39.256,15.424,46.538,-0.18,2.175,2.21
ATOM,5284.0,CD,LYS,356.0,38.438,16.414,47.353,-0.18,2.175,13.15
ATOM,5285.0,CE,LYS,356.0,39.179,17.759,47.492,0.21,2.175,22.1
ATOM,5286.0,NZ,LYS,356.0,40.51,17.623,48.171,-0.3,1.85,9.34
ATOM,5287.0,H,LYS,356.0,37.572,11.771,45.591,0.31,0.2245,0.0
ATOM,5288.0,HA,LYS,356.0,39.166,13.82,44.404,0.09,1.32,1.27
ATOM,5289.0,HB2,LYS,356.0,37.594,14.312,46.057,0.09,1.32,0.06
ATOM,5290.0,HB3,LYS,356.0,38.542,13.605,47.182,0.09,1.32,0.85
ATOM,5291.0,HG2,LYS,356.0,40.119,15.248,47.02,0.09,1.32,0.51
ATOM,5292.0,HG3,LYS,356.0,39.46,15.834,45.645,0.09,1.32,4.36
ATOM,5293.0,HD2,LYS,356.0,37.577,16.583,46.893,0.09,1.32,1.67
ATOM,5294.0,HD3,LYS,356.0,38.291,16.049,48.262,0.09,1.32,9.19
ATOM,5295.0,HE2,LYS,356.0,39.316,18.143,46.574,0.05,1.32,8.94
ATOM,5296.0,HE3,LYS,356.0,38.602,18.387,48.022,0.05,1.32,12.0
ATOM,5297.0,HZ1,LYS,356.0,41.231,17.651,47.482,0.33,0.2245,2.8
ATOM,5298.0,HZ2,LYS,356.0,40.626,18.377,48.814,0.33,0.2245,20.28
ATOM,5299.0,HZ3,LYS,356.0,40.539,16.753,48.658,0.33,0.2245,9.91
ATOM,5300.0,N,MET,357.0,40.843,11.968,46.488,-0.47,1.85,0.57
ATOM,5301.0,CA,MET,357.0,42.204,11.556,46.852,0.07,2.275,2.27
ATOM,5302.0,C,MET,357.0,43.013,11.162,45.618,0.51,2.0,0.0
ATOM,5303.0,O,MET,357.0,44.169,11.56,45.471,-0.51,1.7,0.72
ATOM,5304.0,CB,MET,357.0,42.192,10.421,47.873,-0.18,2.175,0.57
ATOM,5305.0,CG,MET,357.0,43.578,9.901,48.208,-0.14,2.175,0.36
ATOM,5306.0,SD,MET,357.0,43.575,8.681,49.516,-0.09,2.0,0.0
ATOM,5307.0,CE,MET,357.0,43.276,9.731,50.953,-0.22,2.06,23.88
ATOM,5308.0,H,MET,357.0,39.991,11.537,46.883,0.31,0.2245,0.0
ATOM,5309.0,HA,MET,357.0,42.661,12.341,47.287,0.09,1.32,2.91
ATOM,5310.0,HB2,MET,357.0,41.76,10.748,48.721,0.09,1.32,2.43
ATOM,5311.0,HB3,MET,357.0,41.645,9.659,47.509,0.09,1.32,0.0
ATOM,5312.0,HG2,MET,357.0,43.995,9.518,47.347,0.09,1.32,0.0
ATOM,5313.0,HG3,MET,357.0,44.174,10.705,48.455,0.09,1.32,7.37
ATOM,5314.0,HE1,MET,357.0,42.31,9.683,51.201,0.09,1.32,3.03
ATOM,5315.0,HE2,MET,357.0,43.836,9.411,51.716,0.09,1.32,0.36
ATOM,5316.0,HE3,MET,357.0,43.519,10.673,50.728,0.09,1.32,7.24
ATOM,5317.0,N,ALA,358.0,42.394,10.398,44.717,-0.47,1.85,0.0
ATOM,5318.0,CA,ALA,358.0,43.074,9.987,43.494,0.07,2.275,0.0
ATOM,5319.0,C,ALA,358.0,43.448,11.211,42.66,0.51,2.0,0.0
ATOM,5320.0,O,ALA,358.0,44.598,11.37,42.256,-0.51,1.7,0.0
ATOM,5321.0,CB,ALA,358.0,42.192,9.04,42.695,-0.27,2.06,0.0
ATOM,5322.0,H,ALA,358.0,41.426,10.134,44.956,0.31,0.2245,0.0
ATOM,5323.0,HA,ALA,358.0,43.916,9.498,43.738,0.09,1.32,0.0
ATOM,5324.0,HB1,ALA,358.0,42.573,8.921,41.778,0.09,1.32,0.0
ATOM,5325.0,HB2,ALA,358.0,42.151,8.153,43.155,0.09,1.32,0.0
ATOM,5326.0,HB3,ALA,358.0,41.27,9.42,42.625,0.09,1.32,0.0
ATOM,5327.0,N,LYS,359.0,42.471,12.081,42.408,-0.47,1.85,0.0
ATOM,5328.0,CA,LYS,359.0,42.7,13.257,41.569,0.07,2.275,0.53
ATOM,5329.0,C,LYS,359.0,43.779,14.17,42.135,0.51,2.0,0.26
ATOM,5330.0,O,LYS,359.0,44.651,14.626,41.401,-0.51,1.7,14.02
ATOM,5331.0,CB,LYS,359.0,41.413,14.034,41.35,-0.18,2.175,5.08
ATOM,5332.0,CG,LYS,359.0,40.501,13.368,40.359,-0.18,2.175,1.69
ATOM,5333.0,CD,LYS,359.0,39.443,14.328,39.923,-0.18,2.175,11.14
ATOM,5334.0,CE,LYS,359.0,38.269,13.597,39.345,0.21,2.175,2.36
ATOM,5335.0,NZ,LYS,359.0,37.046,14.245,39.831,-0.3,1.85,2.83
ATOM,5336.0,H,LYS,359.0,41.561,11.858,42.846,0.31,0.2245,0.0
ATOM,5337.0,HA,LYS,359.0,42.987,12.947,40.649,0.09,1.32,1.44
ATOM,5338.0,HB2,LYS,359.0,40.94,14.106,42.222,0.09,1.32,0.0
ATOM,5339.0,HB3,LYS,359.0,41.649,14.939,41.01,0.09,1.32,7.61
ATOM,5340.0,HG2,LYS,359.0,41.033,13.079,39.566,0.09,1.32,5.82
ATOM,5341.0,HG3,LYS,359.0,40.073,12.575,40.787,0.09,1.32,0.0
ATOM,5342.0,HD2,LYS,359.0,39.135,14.858,40.709,0.09,1.32,3.79
ATOM,5343.0,HD3,LYS,359.0,39.816,14.936,39.227,0.09,1.32,11.48
ATOM,5344.0,HE2,LYS,359.0,38.304,13.649,38.354,0.05,1.32,1.79
ATOM,5345.0,HE3,LYS,359.0,38.289,12.651,39.646,0.05,1.32,0.0
ATOM,5346.0,HZ1,LYS,359.0,37.281,15.015,40.429,0.33,0.2245,9.17
ATOM,5347.0,HZ2,LYS,359.0,36.508,14.586,39.056,0.33,0.2245,0.6
ATOM,5348.0,HZ3,LYS,359.0,36.493,13.587,40.348,0.33,0.2245,0.07
ATOM,5349.0,N,ASP,360.0,43.724,14.415,43.438,-0.47,1.85,0.0
ATOM,5350.0,CA,ASP,360.0,44.714,15.281,44.086,0.07,2.275,0.91
ATOM,5351.0,C,ASP,360.0,46.137,14.761,43.893,0.51,2.0,0.11
ATOM,5352.0,O,ASP,360.0,47.085,15.552,43.833,-0.51,1.7,31.4
ATOM,5353.0,CB,ASP,360.0,44.431,15.408,45.584,-0.28,2.175,14.52
ATOM,5354.0,CG,ASP,360.0,43.198,16.239,45.895,0.62,2.0,2.96
ATOM,5355.0,OD1,ASP,360.0,42.719,16.982,45.015,-0.76,1.7,22.16
ATOM,5356.0,OD2,ASP,360.0,42.705,16.149,47.04,-0.76,1.7,13.34
ATOM,5357.0,H,ASP,360.0,42.948,13.958,43.943,0.31,0.2245,0.0
ATOM,5358.0,HA,ASP,360.0,44.664,16.18,43.631,0.09,1.32,7.7
ATOM,5359.0,HB2,ASP,360.0,44.298,14.492,45.951,0.09,1.32,0.22
ATOM,5360.0,HB3,ASP,360.0,45.221,15.837,46.011,0.09,1.32,8.82
ATOM,5361.0,N,ALA,361.0,46.285,13.441,43.81,-0.47,1.85,0.0
ATOM,5362.0,CA,ALA,361.0,47.594,12.792,43.667,0.07,2.275,3.87
ATOM,5363.0,C,ALA,361.0,47.985,12.582,42.2,0.51,2.0,1.8
ATOM,5364.0,O,ALA,361.0,49.05,12.03,41.897,-0.51,1.7,20.49
ATOM,5365.0,CB,ALA,361.0,47.602,11.478,44.415,-0.27,2.06,5.98
ATOM,5366.0,H,ALA,361.0,45.39,12.903,43.855,0.31,0.2245,0.0
ATOM,5367.0,HA,ALA,361.0,48.293,13.378,44.103,0.09,1.32,8.37
ATOM,5368.0,HB1,ALA,361.0,46.793,11.417,45.002,0.09,1.32,0.1
ATOM,5369.0,HB2,ALA,361.0,47.593,10.717,43.764,0.09,1.32,0.0
ATOM,5370.0,HB3,ALA,361.0,48.425,11.415,44.982,0.09,1.32,0.64
ATOM,5371.0,N,GLY,362.0,47.113,13.008,41.29,-0.47,1.85,0.95
ATOM,5372.0,CA,GLY,362.0,47.346,12.833,39.855,-0.02,2.175,15.03
ATOM,5373.0,C,GLY,362.0,47.01,11.437,39.356,0.51,2.0,0.08
ATOM,5374.0,O,GLY,362.0,47.232,11.119,38.189,-0.51,1.7,3.28
ATOM,5375.0,H,GLY,362.0,46.267,13.468,41.678,0.31,0.2245,0.0
ATOM,5376.0,HA2,GLY,362.0,46.791,13.514,39.344,0.09,1.32,9.36
ATOM,5377.0,HA3,GLY,362.0,48.321,13.036,39.651,0.09,1.32,6.54
ATOM,5378.0,N,TYR,363.0,46.484,10.602,40.245,-0.47,1.85,0.0
ATOM,5379.0,CA,TYR,363.0,45.955,9.298,39.845,0.07,2.275,0.0
ATOM,5380.0,C,TYR,363.0,44.623,9.494,39.129,0.51,2.0,0.0
ATOM,5381.0,O,TYR,363.0,43.917,10.475,39.373,-0.51,1.7,3.15
ATOM,5382.0,CB,TYR,363.0,45.721,8.411,41.067,-0.18,2.175,0.0
ATOM,5383.0,CG,TYR,363.0,46.948,7.733,41.656,0.0,1.9924,0.0
ATOM,5384.0,CD1,TYR,363.0,48.169,8.411,41.774,-0.115,1.9924,1.37
ATOM,5385.0,CD2,TYR,363.0,46.876,6.423,42.12,-0.115,1.9924,0.0
ATOM,5386.0,CE1,TYR,363.0,49.288,7.785,42.327,-0.115,1.9924,3.67
ATOM,5387.0,CE2,TYR,363.0,47.997,5.781,42.682,-0.115,1.9924,0.0
ATOM,5388.0,CZ,TYR,363.0,49.196,6.48,42.778,0.11,1.9924,0.0
ATOM,5389.0,OH,TYR,363.0,50.316,5.879,43.314,-0.54,1.77,0.81
ATOM,5390.0,H,TYR,363.0,46.48,10.945,41.222,0.31,0.2245,0.0
ATOM,5391.0,HA,TYR,363.0,46.598,8.881,39.202,0.09,1.32,0.0
ATOM,5392.0,HB2,TYR,363.0,45.304,8.975,41.79,0.09,1.32,0.0
ATOM,5393.0,HB3,TYR,363.0,45.066,7.69,40.812,0.09,1.32,0.0
ATOM,5394.0,HD1,TYR,363.0,48.241,9.355,41.458,0.115,1.3582,0.07
ATOM,5395.0,HD2,TYR,363.0,46.017,5.921,42.058,0.115,1.3582,0.0
ATOM,5396.0,HE1,TYR,363.0,50.154,8.284,42.396,0.115,1.3582,11.28
ATOM,5397.0,HE2,TYR,363.0,47.926,4.846,43.002,0.115,1.3582,0.0
ATOM,5398.0,HH,TYR,363.0,50.22,4.888,43.243,0.43,0.2245,0.0
ATOM,5399.0,N,THR,364.0,44.285,8.563,38.238,-0.47,1.85,0.0
ATOM,5400.0,CA,THR,364.0,42.968,8.578,37.612,0.07,2.275,0.0
ATOM,5401.0,C,THR,364.0,41.997,7.658,38.349,0.51,2.0,0.0
ATOM,5402.0,O,THR,364.0,42.391,6.609,38.892,-0.51,1.7,0.0
ATOM,5403.0,CB,THR,364.0,43.03,8.161,36.147,0.14,2.275,0.0
ATOM,5404.0,OG1,THR,364.0,43.714,6.907,36.046,-0.66,1.77,0.0
ATOM,5405.0,CG2,THR,364.0,43.768,9.219,35.328,-0.27,2.06,9.15
ATOM,5406.0,H,THR,364.0,45.011,7.859,38.039,0.31,0.2245,0.0
ATOM,5407.0,HA,THR,364.0,42.604,9.517,37.652,0.09,1.32,1.84
ATOM,5408.0,HB,THR,364.0,42.081,8.032,35.795,0.09,1.32,0.0
ATOM,5409.0,HG21,THR,364.0,43.337,10.113,35.466,0.09,1.32,9.99
ATOM,5410.0,HG22,THR,364.0,44.725,9.265,35.621,0.09,1.32,0.0
ATOM,5411.0,HG23,THR,364.0,43.73,8.98,34.356,0.09,1.32,0.0
ATOM,5412.0,HG1,THR,364.0,44.532,6.907,36.631,0.43,0.2245,0.0
ATOM,5413.0,N,ALA,365.0,40.727,8.049,38.348,-0.47,1.85,0.0
ATOM,5414.0,CA,ALA,365.0,39.668,7.252,38.949,0.07,2.275,0.0
ATOM,5415.0,C,ALA,365.0,38.807,6.663,37.838,0.51,2.0,0.0
ATOM,5416.0,O,ALA,365.0,38.32,7.391,36.97,-0.51,1.7,0.0
ATOM,5417.0,CB,ALA,365.0,38.811,8.117,39.863,-0.27,2.06,0.0
ATOM,5418.0,H,ALA,365.0,40.558,8.968,37.883,0.31,0.2245,0.67
ATOM,5419.0,HA,ALA,365.0,40.078,6.502,39.467,0.09,1.32,0.0
ATOM,5420.0,HB1,ALA,365.0,37.872,8.137,39.52,0.09,1.32,0.0
ATOM,5421.0,HB2,ALA,365.0,38.819,7.736,40.787,0.09,1.32,0.0
ATOM,5422.0,HB3,ALA,365.0,39.177,9.047,39.883,0.09,1.32,0.0
ATOM,5423.0,N,VAL,366.0,38.613,5.349,37.884,-0.47,1.85,0.0
ATOM,5424.0,CA,VAL,366.0,37.783,4.673,36.892,0.07,2.275,0.0
ATOM,5425.0,C,VAL,366.0,36.545,4.16,37.611,0.51,2.0,0.0
ATOM,5426.0,O,VAL,366.0,36.66,3.282,38.468,-0.51,1.7,0.0
ATOM,5427.0,CB,VAL,366.0,38.542,3.496,36.245,-0.09,2.275,0.0
ATOM,5428.0,CG1,VAL,366.0,37.672,2.782,35.208,-0.27,2.06,0.0
ATOM,5429.0,CG2,VAL,366.0,39.862,3.971,35.631,-0.27,2.06,0.0
ATOM,5430.0,H,VAL,366.0,39.089,4.861,38.663,0.31,0.2245,0.0
ATOM,5431.0,HA,VAL,366.0,37.495,5.343,36.217,0.09,1.32,0.0
ATOM,5432.0,HB,VAL,366.0,38.741,2.832,36.961,0.09,1.32,0.0
ATOM,5433.0,HG11,VAL,366.0,36.711,2.874,35.464,0.09,1.32,0.0
ATOM,5434.0,HG12,VAL,366.0,37.822,3.195,34.311,0.09,1.32,0.0
ATOM,5435.0,HG13,VAL,366.0,37.92,1.815,35.179,0.09,1.32,0.0
ATOM,5436.0,HG21,VAL,366.0,39.926,4.963,35.725,0.09,1.32,0.0
ATOM,5437.0,HG22,VAL,366.0,40.62,3.534,36.112,0.09,1.32,0.0
ATOM,5438.0,HG23,VAL,366.0,39.881,3.719,34.665,0.09,1.32,0.0
ATOM,5439.0,N,ILE,367.0,35.366,4.706,37.28,-0.47,1.85,0.0
ATOM,5440.0,CA,ILE,367.0,34.136,4.301,37.973,0.07,2.275,0.0
ATOM,5441.0,C,ILE,367.0,33.694,2.945,37.466,0.51,2.0,0.0
ATOM,5442.0,O,ILE,367.0,33.554,2.768,36.259,-0.51,1.7,0.0
ATOM,5443.0,CB,ILE,367.0,32.991,5.336,37.781,-0.09,2.275,0.0
ATOM,5444.0,CG1,ILE,367.0,33.503,6.754,38.09,-0.18,2.175,0.0
ATOM,5445.0,CG2,ILE,367.0,31.773,4.965,38.63,-0.27,2.06,0.23
ATOM,5446.0,CD1,ILE,367.0,34.146,6.932,39.491,-0.27,2.06,0.0
ATOM,5447.0,H,ILE,367.0,35.4,5.405,36.528,0.31,0.2245,0.0
ATOM,5448.0,HA,ILE,367.0,34.386,4.187,38.934,0.09,1.32,0.0
ATOM,5449.0,HB,ILE,367.0,32.716,5.309,36.83,0.09,1.32,0.0
ATOM,5450.0,HG12,ILE,367.0,34.183,7.007,37.403,0.09,1.32,0.0
ATOM,5451.0,HG13,ILE,367.0,32.734,7.391,38.024,0.09,1.32,0.0
ATOM,5452.0,HG21,ILE,367.0,31.035,5.61,38.447,0.09,1.32,0.0
ATOM,5453.0,HG22,ILE,367.0,31.478,4.042,38.396,0.09,1.32,0.0
ATOM,5454.0,HG23,ILE,367.0,32.02,5.004,39.595,0.09,1.32,0.1
ATOM,5455.0,HD11,ILE,367.0,34.923,6.318,39.558,0.09,1.32,0.0
ATOM,5456.0,HD12,ILE,367.0,34.438,7.876,39.582,0.09,1.32,0.0
ATOM,5457.0,HD13,ILE,367.0,33.464,6.709,40.178,0.09,1.32,0.0
ATOM,5458.0,N,SER,368.0,33.454,1.998,38.382,-0.47,1.85,0.0
ATOM,5459.0,CA,SER,368.0,33.255,0.603,38.0,0.07,2.275,0.0
ATOM,5460.0,C,SER,368.0,31.877,0.051,38.373,0.51,2.0,0.0
ATOM,5461.0,O,SER,368.0,31.315,0.391,39.416,-0.51,1.7,2.16
ATOM,5462.0,CB,SER,368.0,34.309,-0.276,38.698,0.05,2.175,0.0
ATOM,5463.0,OG,SER,368.0,34.21,-1.624,38.272,-0.66,1.77,0.52
ATOM,5464.0,H,SER,368.0,33.424,2.338,39.359,0.31,0.2245,0.0
ATOM,5465.0,HA,SER,368.0,33.348,0.539,36.989,0.09,1.32,0.0
ATOM,5466.0,HB2,SER,368.0,35.212,0.073,38.472,0.09,1.32,0.0
ATOM,5467.0,HB3,SER,368.0,34.157,-0.232,39.68,0.09,1.32,0.0
ATOM,5468.0,HG,SER,368.0,33.376,-2.03,38.643,0.43,0.2245,0.0
ATOM,5469.0,N,HIS,369.0,31.379,-0.832,37.518,-0.47,1.85,0.0
ATOM,5470.0,CA,HIS,369.0,30.305,-1.77,37.867,0.07,2.275,0.0
ATOM,5471.0,C,HIS,369.0,30.798,-2.896,38.795,0.51,2.0,0.0
ATOM,5472.0,O,HIS,369.0,31.973,-2.931,39.179,-0.51,1.7,0.19
ATOM,5473.0,CB,HIS,369.0,29.698,-2.383,36.585,-0.09,2.175,0.0
ATOM,5474.0,CG,HIS,369.0,30.622,-3.26,35.769,-0.05,1.8,0.0
ATOM,5475.0,H,HIS,369.0,31.816,-0.807,36.566,0.31,0.2245,0.0
ATOM,5476.0,HA,HIS,369.0,29.583,-1.26,38.353,0.09,1.32,0.53
ATOM,5477.0,HB2,HIS,369.0,28.889,-2.936,36.842,0.09,1.32,0.0
ATOM,5478.0,HB3,HIS,369.0,29.375,-1.631,35.989,0.09,1.32,0.0
ATOM,5479.0,ND1,HIS,369.0,31.934,-3.554,36.096,-0.36,1.85,0.38
ATOM,5480.0,CD2,HIS,369.0,30.376,-3.926,34.615,0.22,1.8,0.0
ATOM,5481.0,CE1,HIS,369.0,32.451,-4.36,35.178,0.25,1.8,6.52
ATOM,5482.0,NE2,HIS,369.0,31.527,-4.591,34.263,-0.7,1.85,0.21
ATOM,5483.0,HD1,HIS,369.0,32.416,-3.211,36.902,0.32,0.2245,0.27
ATOM,5484.0,HD2,HIS,369.0,29.515,-3.933,34.109,0.1,1.468,0.0
ATOM,5485.0,HE1,HIS,369.0,33.376,-4.725,35.18,0.13,0.9,2.49
ATOM,5486.0,N,ARG,370.0,29.889,-3.817,39.129,-0.47,1.85,0.0
ATOM,5487.0,CA,ARG,370.0,30.249,-5.119,39.703,0.07,2.275,0.32
ATOM,5488.0,C,ARG,370.0,29.755,-6.245,38.791,0.51,2.0,0.0
ATOM,5489.0,O,ARG,370.0,28.93,-6.02,37.902,-0.51,1.7,0.0
ATOM,5490.0,CB,ARG,370.0,29.621,-5.271,41.099,-0.18,2.175,0.0
ATOM,5491.0,CG,ARG,370.0,30.018,-4.192,42.121,-0.18,2.175,0.59
ATOM,5492.0,CD,ARG,370.0,31.528,-4.153,42.382,0.2,2.175,0.08
ATOM,5493.0,NE,ARG,370.0,32.097,-5.449,42.754,-0.7,1.85,0.0
ATOM,5494.0,CZ,ARG,370.0,32.429,-5.804,44.0,0.64,2.0,0.0
ATOM,5495.0,NH1,ARG,370.0,32.214,-4.98,45.022,-0.8,1.85,0.0
ATOM,5496.0,NH2,ARG,370.0,32.941,-7.008,44.222,-0.8,1.85,11.12
ATOM,5497.0,H,ARG,370.0,28.901,-3.531,38.947,0.31,0.2245,0.0
ATOM,5498.0,HA,ARG,370.0,31.246,-5.177,39.772,0.09,1.32,1.54
ATOM,5499.0,HB2,ARG,370.0,28.628,-5.243,40.999,0.09,1.32,0.0
ATOM,5500.0,HB3,ARG,370.0,29.896,-6.156,41.471,0.09,1.32,0.0
ATOM,5501.0,HG2,ARG,370.0,29.74,-3.297,41.777,0.09,1.32,1.15
ATOM,5502.0,HG3,ARG,370.0,29.56,-4.378,42.988,0.09,1.32,0.0
ATOM,5503.0,HD2,ARG,370.0,31.973,-3.824,41.546,0.09,1.32,0.0
ATOM,5504.0,HD3,ARG,370.0,31.691,-3.495,43.121,0.09,1.32,0.0
ATOM,5505.0,HE,ARG,370.0,32.251,-6.123,42.021,0.44,0.2245,1.12
ATOM,5506.0,HH11,ARG,370.0,31.783,-4.093,44.875,0.46,0.2245,0.0
ATOM,5507.0,HH12,ARG,370.0,32.487,-5.254,45.948,0.46,0.2245,0.48
ATOM,5508.0,HH21,ARG,370.0,33.058,-7.65,43.462,0.46,0.2245,16.73
ATOM,5509.0,HH22,ARG,370.0,33.21,-7.277,45.146,0.46,0.2245,3.59
ATOM,5510.0,N,SER,371.0,30.2,-7.473,39.047,-0.47,1.85,1.69
ATOM,5511.0,CA,SER,371.0,29.738,-8.613,38.263,0.07,2.275,0.1
ATOM,5512.0,C,SER,371.0,28.234,-8.801,38.384,0.51,2.0,0.0
ATOM,5513.0,O,SER,371.0,27.575,-9.081,37.392,-0.51,1.7,0.0
ATOM,5514.0,CB,SER,371.0,30.478,-9.886,38.66,0.05,2.175,4.26
ATOM,5515.0,OG,SER,371.0,31.843,-9.744,38.347,-0.66,1.77,17.03
ATOM,5516.0,H,SER,371.0,30.877,-7.543,39.822,0.31,0.2245,2.31
ATOM,5517.0,HA,SER,371.0,29.952,-8.432,37.293,0.09,1.32,0.0
ATOM,5518.0,HB2,SER,371.0,30.377,-10.024,39.634,0.09,1.32,2.03
ATOM,5519.0,HB3,SER,371.0,30.102,-10.646,38.15,0.09,1.32,0.0
ATOM,5520.0,HG,SER,371.0,31.953,-9.626,37.359,0.43,0.2245,3.48
ATOM,5521.0,N,GLY,372.0,27.703,-8.667,39.602,-0.47,1.85,0.0
ATOM,5522.0,CA,GLY,372.0,26.253,-8.667,39.837,-0.02,2.175,0.0
ATOM,5523.0,C,GLY,372.0,25.745,-7.238,39.835,0.51,2.0,0.0
ATOM,5524.0,O,GLY,372.0,26.034,-6.453,40.752,-0.51,1.7,0.0
ATOM,5525.0,H,GLY,372.0,28.401,-8.563,40.368,0.31,0.2245,0.0
ATOM,5526.0,HA2,GLY,372.0,25.801,-9.187,39.113,0.09,1.32,0.0
ATOM,5527.0,HA3,GLY,372.0,26.062,-9.092,40.721,0.09,1.32,0.0
ATOM,5528.0,N,GLU,373.0,25.02,-6.886,38.777,-0.47,1.85,0.0
ATOM,5529.0,CA,GLU,373.0,24.483,-5.542,38.628,0.07,2.275,0.0
ATOM,5530.0,C,GLU,373.0,22.954,-5.524,38.702,0.51,2.0,0.0
ATOM,5531.0,O,GLU,373.0,22.318,-6.57,38.879,-0.51,1.7,0.0
ATOM,5532.0,CB,GLU,373.0,24.98,-4.932,37.295,-0.18,2.175,0.0
ATOM,5533.0,CG,GLU,373.0,26.288,-4.154,37.459,-0.28,2.175,0.0
ATOM,5534.0,CD,GLU,373.0,26.13,-2.94,38.372,0.62,2.0,0.0
ATOM,5535.0,OE1,GLU,373.0,24.993,-2.432,38.516,-0.76,1.7,4.74
ATOM,5536.0,OE2,GLU,373.0,27.147,-2.494,38.936,-0.76,1.7,2.37
ATOM,5537.0,H,GLU,373.0,24.874,-7.643,38.079,0.31,0.2245,0.0
ATOM,5538.0,HA,GLU,373.0,24.856,-4.943,39.352,0.09,1.32,0.0
ATOM,5539.0,HB2,GLU,373.0,25.147,-5.669,36.679,0.09,1.32,0.0
ATOM,5540.0,HB3,GLU,373.0,24.299,-4.308,36.985,0.09,1.32,0.0
ATOM,5541.0,HG2,GLU,373.0,26.948,-4.748,37.87,0.09,1.32,0.0
ATOM,5542.0,HG3,GLU,373.0,26.564,-3.827,36.579,0.09,1.32,0.0
ATOM,5543.0,N,THR,374.0,22.366,-4.337,38.589,-0.47,1.85,0.0
ATOM,5544.0,CA,THR,374.0,20.924,-4.218,38.401,0.07,2.275,0.37
ATOM,5545.0,C,THR,374.0,20.66,-3.223,37.286,0.51,2.0,0.02
ATOM,5546.0,O,THR,374.0,21.612,-2.712,36.667,-0.51,1.7,0.0
ATOM,5547.0,CB,THR,374.0,20.202,-3.713,39.671,0.14,2.275,0.82
ATOM,5548.0,OG1,THR,374.0,20.589,-2.365,39.942,-0.66,1.77,0.18
ATOM,5549.0,CG2,THR,374.0,20.544,-4.576,40.889,-0.27,2.06,0.0
ATOM,5550.0,H,THR,374.0,23.006,-3.524,38.645,0.31,0.2245,0.0
ATOM,5551.0,HA,THR,374.0,20.564,-5.108,38.126,0.09,1.32,2.22
ATOM,5552.0,HB,THR,374.0,19.196,-3.731,39.502,0.09,1.32,0.03
ATOM,5553.0,HG21,THR,374.0,20.133,-5.482,40.784,0.09,1.32,0.0
ATOM,5554.0,HG22,THR,374.0,21.538,-4.669,40.965,0.09,1.32,0.0
ATOM,5555.0,HG23,THR,374.0,20.186,-4.143,41.718,0.09,1.32,0.0
ATOM,5556.0,HG1,THR,374.0,21.591,-2.291,39.997,0.43,0.2245,0.95
ATOM,5557.0,N,GLU,375.0,19.373,-2.939,37.077,-0.47,1.85,1.7
ATOM,5558.0,CA,GLU,375.0,18.879,-1.871,36.186,0.07,2.275,0.84
ATOM,5559.0,C,GLU,375.0,19.367,-0.471,36.595,0.51,2.0,0.01
ATOM,5560.0,O,GLU,375.0,19.257,0.482,35.82,-0.51,1.7,10.03
ATOM,5561.0,CB,GLU,375.0,17.338,-1.791,36.213,-0.18,2.175,9.4
ATOM,5562.0,CG,GLU,375.0,16.495,-3.01,36.232,-0.28,2.175,20.14
ATOM,5563.0,CD,GLU,375.0,16.318,-3.634,37.612,0.62,2.0,3.73
ATOM,5564.0,OE1,GLU,375.0,17.238,-4.345,37.983,-0.76,1.7,8.43
ATOM,5565.0,OE2,GLU,375.0,15.262,-3.45,38.288,-0.76,1.7,35.64
ATOM,5566.0,H,GLU,375.0,18.711,-3.561,37.618,0.31,0.2245,0.0
ATOM,5567.0,HA,GLU,375.0,19.178,-2.064,35.238,0.09,1.32,0.47
ATOM,5568.0,HB2,GLU,375.0,17.101,-1.231,37.032,0.09,1.32,6.58
ATOM,5569.0,HB3,GLU,375.0,17.071,-1.236,35.4,0.09,1.32,9.26
ATOM,5570.0,HG2,GLU,375.0,15.585,-2.784,35.904,0.09,1.32,10.83
ATOM,5571.0,HG3,GLU,375.0,16.91,-3.706,35.658,0.09,1.32,9.66
ATOM,5572.0,N,ASP,376.0,19.854,-0.338,37.821,-0.47,1.85,1.15
ATOM,5573.0,CA,ASP,376.0,20.302,0.943,38.359,0.07,2.275,3.01
ATOM,5574.0,C,ASP,376.0,21.422,1.512,37.493,0.51,2.0,0.0
ATOM,5575.0,O,ASP,376.0,22.269,0.755,37.031,-0.51,1.7,0.12
ATOM,5576.0,CB,ASP,376.0,20.808,0.725,39.788,-0.28,2.175,1.02
ATOM,5577.0,CG,ASP,376.0,21.227,1.994,40.456,0.62,2.0,0.0
ATOM,5578.0,OD1,ASP,376.0,22.434,2.308,40.413,-0.76,1.7,4.29
ATOM,5579.0,OD2,ASP,376.0,20.358,2.664,41.059,-0.76,1.7,1.99
ATOM,5580.0,H,ASP,376.0,19.89,-1.228,38.371,0.31,0.2245,0.0
ATOM,5581.0,HA,ASP,376.0,19.529,1.58,38.296,0.09,1.32,7.14
ATOM,5582.0,HB2,ASP,376.0,20.068,0.307,40.308,0.09,1.32,2.11
ATOM,5583.0,HB3,ASP,376.0,21.585,0.104,39.741,0.09,1.32,1.11
ATOM,5584.0,N,ALA,377.0,21.446,2.841,37.301,-0.47,1.85,0.14
ATOM,5585.0,CA,ALA,377.0,22.505,3.46,36.495,0.07,2.275,0.0
ATOM,5586.0,C,ALA,377.0,23.233,4.596,37.225,0.51,2.0,0.97
ATOM,5587.0,O,ALA,377.0,23.814,5.506,36.589,-0.51,1.7,0.0
ATOM,5588.0,CB,ALA,377.0,21.94,3.953,35.161,-0.27,2.06,4.45
ATOM,5589.0,H,ALA,377.0,20.685,3.363,37.752,0.31,0.2245,5.29
ATOM,5590.0,HA,ALA,377.0,23.186,2.747,36.255,0.09,1.32,0.0
ATOM,5591.0,HB1,ALA,377.0,22.134,4.927,35.06,0.09,1.32,0.0
ATOM,5592.0,HB2,ALA,377.0,22.367,3.447,34.414,0.09,1.32,0.0
ATOM,5593.0,HB3,ALA,377.0,20.953,3.804,35.145,0.09,1.32,6.29
ATOM,5594.0,N,THR,378.0,23.219,4.54,38.555,-0.47,1.85,0.34
ATOM,5595.0,CA,THR,378.0,23.825,5.59,39.373,0.07,2.275,0.57
ATOM,5596.0,C,THR,378.0,25.292,5.837,39.018,0.51,2.0,0.0
ATOM,5597.0,O,THR,378.0,25.747,6.973,39.088,-0.51,1.7,0.0
ATOM,5598.0,CB,THR,378.0,23.726,5.274,40.868,0.14,2.275,0.0
ATOM,5599.0,OG1,THR,378.0,22.383,4.896,41.18,-0.66,1.77,0.0
ATOM,5600.0,CG2,THR,378.0,24.144,6.484,41.717,-0.27,2.06,0.08
ATOM,5601.0,H,THR,378.0,22.751,3.704,38.952,0.31,0.2245,0.0
ATOM,5602.0,HA,THR,378.0,23.314,6.45,39.218,0.09,1.32,0.49
ATOM,5603.0,HB,THR,378.0,24.336,4.485,41.081,0.09,1.32,0.0
ATOM,5604.0,HG21,THR,378.0,25.029,6.301,42.144,0.09,1.32,0.0
ATOM,5605.0,HG22,THR,378.0,24.216,7.292,41.132,0.09,1.32,0.0
ATOM,5606.0,HG23,THR,378.0,23.458,6.646,42.426,0.09,1.32,0.0
ATOM,5607.0,HG1,THR,378.0,22.22,3.937,40.924,0.43,0.2245,0.0
ATOM,5608.0,N,ILE,379.0,26.047,4.786,38.655,-0.47,1.85,0.0
ATOM,5609.0,CA,ILE,379.0,27.466,5.029,38.335,0.07,2.275,0.0
ATOM,5610.0,C,ILE,379.0,27.663,5.977,37.15,0.51,2.0,0.0
ATOM,5611.0,O,ILE,379.0,28.701,6.644,37.074,-0.51,1.7,0.0
ATOM,5612.0,CB,ILE,379.0,28.318,3.746,38.145,-0.09,2.275,0.0
ATOM,5613.0,CG1,ILE,379.0,27.804,2.86,37.001,-0.18,2.175,0.0
ATOM,5614.0,CG2,ILE,379.0,28.418,2.957,39.448,-0.27,2.06,1.29
ATOM,5615.0,CD1,ILE,379.0,28.791,1.722,36.676,-0.27,2.06,0.0
ATOM,5616.0,H,ILE,379.0,25.59,3.888,38.624,0.31,0.2245,0.38
ATOM,5617.0,HA,ILE,379.0,27.857,5.492,39.144,0.09,1.32,0.0
ATOM,5618.0,HB,ILE,379.0,29.251,4.032,37.92,0.09,1.32,0.0
ATOM,5619.0,HG12,ILE,379.0,26.942,2.462,37.267,0.09,1.32,0.04
ATOM,5620.0,HG13,ILE,379.0,27.697,3.417,36.193,0.09,1.32,0.0
ATOM,5621.0,HG21,ILE,379.0,29.049,2.194,39.326,0.09,1.32,0.0
ATOM,5622.0,HG22,ILE,379.0,28.754,3.555,40.173,0.09,1.32,0.0
ATOM,5623.0,HG23,ILE,379.0,27.516,2.608,39.694,0.09,1.32,2.18
ATOM,5624.0,HD11,ILE,379.0,28.907,1.161,37.489,0.09,1.32,0.0
ATOM,5625.0,HD12,ILE,379.0,28.415,1.179,35.933,0.09,1.32,0.0
ATOM,5626.0,HD13,ILE,379.0,29.66,2.123,36.406,0.09,1.32,0.0
ATOM,5627.0,N,ALA,380.0,26.676,6.042,36.242,-0.47,1.85,0.0
ATOM,5628.0,CA,ALA,380.0,26.761,6.995,35.131,0.07,2.275,0.0
ATOM,5629.0,C,ALA,380.0,26.732,8.433,35.67,0.51,2.0,0.0
ATOM,5630.0,O,ALA,380.0,27.609,9.25,35.362,-0.51,1.7,0.0
ATOM,5631.0,CB,ALA,380.0,25.634,6.76,34.149,-0.27,2.06,0.0
ATOM,5632.0,H,ALA,380.0,25.896,5.395,36.391,0.31,0.2245,0.0
ATOM,5633.0,HA,ALA,380.0,27.627,6.854,34.649,0.09,1.32,0.0
ATOM,5634.0,HB1,ALA,380.0,24.77,7.079,34.542,0.09,1.32,0.0
ATOM,5635.0,HB2,ALA,380.0,25.814,7.261,33.301,0.09,1.32,0.0
ATOM,5636.0,HB3,ALA,380.0,25.561,5.783,33.945,0.09,1.32,0.0
ATOM,5637.0,N,ASP,381.0,25.74,8.737,36.501,-0.47,1.85,0.0
ATOM,5638.0,CA,ASP,381.0,25.662,10.07,37.128,0.07,2.275,0.0
ATOM,5639.0,C,ASP,381.0,26.9,10.375,37.958,0.51,2.0,0.0
ATOM,5640.0,O,ASP,381.0,27.393,11.509,37.966,-0.51,1.7,0.0
ATOM,5641.0,CB,ASP,381.0,24.428,10.179,38.023,-0.28,2.175,0.0
ATOM,5642.0,CG,ASP,381.0,23.132,10.125,37.24,0.62,2.0,0.48
ATOM,5643.0,OD1,ASP,381.0,22.84,9.06,36.64,-0.76,1.7,3.13
ATOM,5644.0,OD2,ASP,381.0,22.401,11.156,37.225,-0.76,1.7,3.42
ATOM,5645.0,H,ASP,381.0,25.052,7.99,36.667,0.31,0.2245,0.0
ATOM,5646.0,HA,ASP,381.0,25.63,10.743,36.377,0.09,1.32,0.0
ATOM,5647.0,HB2,ASP,381.0,24.446,9.421,38.665,0.09,1.32,0.0
ATOM,5648.0,HB3,ASP,381.0,24.474,11.045,38.507,0.09,1.32,0.0
ATOM,5649.0,N,LEU,382.0,27.406,9.354,38.658,-0.47,1.85,0.0
ATOM,5650.0,CA,LEU,382.0,28.59,9.528,39.487,0.07,2.275,0.0
ATOM,5651.0,C,LEU,382.0,29.803,9.909,38.646,0.51,2.0,0.0
ATOM,5652.0,O,LEU,382.0,30.519,10.855,38.986,-0.51,1.7,0.0
ATOM,5653.0,CB,LEU,382.0,28.869,8.241,40.259,-0.18,2.175,0.0
ATOM,5654.0,CG,LEU,382.0,30.132,8.245,41.125,-0.09,2.275,0.0
ATOM,5655.0,CD1,LEU,382.0,30.103,9.336,42.167,-0.27,2.06,0.0
ATOM,5656.0,CD2,LEU,382.0,30.31,6.868,41.764,-0.27,2.06,0.17
ATOM,5657.0,H,LEU,382.0,26.895,8.462,38.558,0.31,0.2245,0.0
ATOM,5658.0,HA,LEU,382.0,28.416,10.27,40.146,0.09,1.32,0.0
ATOM,5659.0,HB2,LEU,382.0,28.097,8.072,40.863,0.09,1.32,0.0
ATOM,5660.0,HB3,LEU,382.0,28.963,7.502,39.601,0.09,1.32,0.0
ATOM,5661.0,HG,LEU,382.0,30.932,8.371,40.525,0.09,1.32,0.0
ATOM,5662.0,HD11,LEU,382.0,29.314,9.208,42.773,0.09,1.32,0.0
ATOM,5663.0,HD12,LEU,382.0,30.943,9.308,42.713,0.09,1.32,0.0
ATOM,5664.0,HD13,LEU,382.0,30.032,10.231,41.721,0.09,1.32,0.0
ATOM,5665.0,HD21,LEU,382.0,30.398,6.178,41.046,0.09,1.32,0.0
ATOM,5666.0,HD22,LEU,382.0,31.134,6.869,42.33,0.09,1.32,0.0
ATOM,5667.0,HD23,LEU,382.0,29.514,6.661,42.332,0.09,1.32,0.03
ATOM,5668.0,N,ALA,383.0,30.025,9.185,37.546,-0.47,1.85,0.0
ATOM,5669.0,CA,ALA,383.0,31.166,9.466,36.674,0.07,2.275,0.0
ATOM,5670.0,C,ALA,383.0,31.086,10.872,36.085,0.51,2.0,0.0
ATOM,5671.0,O,ALA,383.0,32.078,11.604,36.071,-0.51,1.7,0.0
ATOM,5672.0,CB,ALA,383.0,31.269,8.425,35.563,-0.27,2.06,0.0
ATOM,5673.0,H,ALA,383.0,29.34,8.432,37.371,0.31,0.2245,0.0
ATOM,5674.0,HA,ALA,383.0,32.013,9.393,37.217,0.09,1.32,0.0
ATOM,5675.0,HB1,ALA,383.0,32.1,8.586,35.033,0.09,1.32,0.0
ATOM,5676.0,HB2,ALA,383.0,31.302,7.511,35.966,0.09,1.32,0.0
ATOM,5677.0,HB3,ALA,383.0,30.472,8.498,34.965,0.09,1.32,0.0
ATOM,5678.0,N,VAL,384.0,29.902,11.262,35.618,-0.47,1.85,0.0
ATOM,5679.0,CA,VAL,384.0,29.734,12.627,35.068,0.07,2.275,0.0
ATOM,5680.0,C,VAL,384.0,29.878,13.72,36.131,0.51,2.0,0.0
ATOM,5681.0,O,VAL,384.0,30.614,14.715,35.919,-0.51,1.7,0.0
ATOM,5682.0,CB,VAL,384.0,28.396,12.767,34.336,-0.09,2.275,0.0
ATOM,5683.0,CG1,VAL,384.0,28.202,14.208,33.858,-0.27,2.06,0.0
ATOM,5684.0,CG2,VAL,384.0,28.354,11.782,33.153,-0.27,2.06,0.0
ATOM,5685.0,H,VAL,384.0,29.148,10.573,35.667,0.31,0.2245,0.0
ATOM,5686.0,HA,VAL,384.0,30.457,12.768,34.375,0.09,1.32,0.0
ATOM,5687.0,HB,VAL,384.0,27.668,12.582,34.987,0.09,1.32,0.0
ATOM,5688.0,HG11,VAL,384.0,28.998,14.752,34.119,0.09,1.32,0.0
ATOM,5689.0,HG12,VAL,384.0,28.102,14.215,32.865,0.09,1.32,0.0
ATOM,5690.0,HG13,VAL,384.0,27.381,14.588,34.281,0.09,1.32,0.0
ATOM,5691.0,HG21,VAL,384.0,27.47,11.862,32.7,0.09,1.32,0.0
ATOM,5692.0,HG22,VAL,384.0,29.087,12.012,32.518,0.09,1.32,0.0
ATOM,5693.0,HG23,VAL,384.0,28.479,10.856,33.501,0.09,1.32,0.0
ATOM,5694.0,N,GLY,385.0,29.19,13.529,37.252,-0.47,1.85,0.0
ATOM,5695.0,CA,GLY,385.0,29.132,14.536,38.325,-0.02,2.175,0.0
ATOM,5696.0,C,GLY,385.0,30.44,14.781,39.043,0.51,2.0,0.0
ATOM,5697.0,O,GLY,385.0,30.609,15.823,39.688,-0.51,1.7,0.03
ATOM,5698.0,H,GLY,385.0,28.697,12.614,37.311,0.31,0.2245,0.0
ATOM,5699.0,HA2,GLY,385.0,28.793,15.416,37.926,0.09,1.32,0.0
ATOM,5700.0,HA3,GLY,385.0,28.421,14.247,39.003,0.09,1.32,0.0
ATOM,5701.0,N,THR,386.0,31.364,13.824,38.96,-0.47,1.85,0.0
ATOM,5702.0,CA,THR,386.0,32.691,14.028,39.543,0.07,2.275,0.39
ATOM,5703.0,C,THR,386.0,33.744,14.272,38.473,0.51,2.0,0.73
ATOM,5704.0,O,THR,386.0,34.927,14.391,38.792,-0.51,1.7,1.68
ATOM,5705.0,CB,THR,386.0,33.147,12.797,40.372,0.14,2.275,0.0
ATOM,5706.0,OG1,THR,386.0,33.185,11.63,39.53,-0.66,1.77,0.0
ATOM,5707.0,CG2,THR,386.0,32.223,12.565,41.549,-0.27,2.06,0.0
ATOM,5708.0,H,THR,386.0,31.074,12.968,38.472,0.31,0.2245,0.0
ATOM,5709.0,HA,THR,386.0,32.652,14.839,40.143,0.09,1.32,0.0
ATOM,5710.0,HB,THR,386.0,34.089,12.97,40.719,0.09,1.32,0.0
ATOM,5711.0,HG21,THR,386.0,32.748,12.234,42.338,0.09,1.32,0.0
ATOM,5712.0,HG22,THR,386.0,31.764,13.422,41.8,0.09,1.32,0.0
ATOM,5713.0,HG23,THR,386.0,31.528,11.881,41.311,0.09,1.32,0.0
ATOM,5714.0,HG1,THR,386.0,32.252,11.348,39.286,0.43,0.2245,0.0
ATOM,5715.0,N,ALA,387.0,33.316,14.31,37.205,-0.47,1.85,0.0
ATOM,5716.0,CA,ALA,387.0,34.23,14.418,36.056,0.07,2.275,0.0
ATOM,5717.0,C,ALA,387.0,35.39,13.427,36.198,0.51,2.0,0.0
ATOM,5718.0,O,ALA,387.0,36.562,13.791,36.038,-0.51,1.7,9.0
ATOM,5719.0,CB,ALA,387.0,34.753,15.851,35.906,-0.27,2.06,13.57
ATOM,5720.0,H,ALA,387.0,32.28,14.257,37.1,0.31,0.2245,0.0
ATOM,5721.0,HA,ALA,387.0,33.721,14.198,35.22,0.09,1.32,0.0
ATOM,5722.0,HB1,ALA,387.0,34.057,16.41,35.461,0.09,1.32,0.0
ATOM,5723.0,HB2,ALA,387.0,34.957,16.223,36.809,0.09,1.32,4.55
ATOM,5724.0,HB3,ALA,387.0,35.582,15.842,35.351,0.09,1.32,5.24
ATOM,5725.0,N,ALA,388.0,35.051,12.184,36.556,-0.47,1.85,0.0
ATOM,5726.0,CA,ALA,388.0,36.058,11.139,36.825,0.07,2.275,0.0
ATOM,5727.0,C,ALA,388.0,36.895,10.867,35.592,0.51,2.0,0.0
ATOM,5728.0,O,ALA,388.0,38.106,10.66,35.69,-0.51,1.7,7.94
ATOM,5729.0,CB,ALA,388.0,35.388,9.842,37.316,-0.27,2.06,0.0
ATOM,5730.0,H,ALA,388.0,34.029,12.016,36.629,0.31,0.2245,0.0
ATOM,5731.0,HA,ALA,388.0,36.658,11.463,37.565,0.09,1.32,0.0
ATOM,5732.0,HB1,ALA,388.0,34.418,10.014,37.466,0.09,1.32,0.0
ATOM,5733.0,HB2,ALA,388.0,35.505,9.134,36.624,0.09,1.32,0.0
ATOM,5734.0,HB3,ALA,388.0,35.817,9.557,38.169,0.09,1.32,0.0
ATOM,5735.0,N,GLY,389.0,36.232,10.845,34.44,-0.47,1.85,0.0
ATOM,5736.0,CA,GLY,389.0,36.889,10.751,33.158,-0.02,2.175,0.0
ATOM,5737.0,C,GLY,389.0,36.883,9.372,32.522,0.51,2.0,0.0
ATOM,5738.0,O,GLY,389.0,37.089,9.254,31.324,-0.51,1.7,0.0
ATOM,5739.0,H,GLY,389.0,35.189,10.902,34.549,0.31,0.2245,0.0
ATOM,5740.0,HA2,GLY,389.0,36.455,11.417,32.506,0.09,1.32,0.0
ATOM,5741.0,HA3,GLY,389.0,37.863,11.066,33.253,0.09,1.32,0.0
ATOM,5742.0,N,GLN,390.0,36.668,8.329,33.324,-0.47,1.85,0.0
ATOM,5743.0,CA,GLN,390.0,36.591,6.962,32.812,0.07,2.275,0.0
ATOM,5744.0,C,GLN,390.0,35.531,6.137,33.536,0.51,2.0,0.0
ATOM,5745.0,O,GLN,390.0,35.218,6.394,34.7,-0.51,1.7,0.0
ATOM,5746.0,CB,GLN,390.0,37.943,6.247,32.933,-0.18,2.175,0.0
ATOM,5747.0,CG,GLN,390.0,39.05,6.839,32.037,-0.18,2.175,0.0
ATOM,5748.0,CD,GLN,390.0,40.379,6.135,32.258,0.55,2.0,0.0
ATOM,5749.0,H,GLN,390.0,36.562,8.569,34.33,0.31,0.2245,0.0
ATOM,5750.0,HA,GLN,390.0,36.33,7.011,31.837,0.09,1.32,0.0
ATOM,5751.0,HB2,GLN,390.0,38.257,6.304,33.88,0.09,1.32,0.0
ATOM,5752.0,HB3,GLN,390.0,37.827,5.287,32.677,0.09,1.32,0.0
ATOM,5753.0,HG2,GLN,390.0,38.779,6.725,31.09,0.09,1.32,0.0
ATOM,5754.0,HG3,GLN,390.0,39.152,7.8,32.261,0.09,1.32,0.0
ATOM,5755.0,OE1,GLN,390.0,40.647,5.064,31.685,-0.55,1.7,0.12
ATOM,5756.0,NE2,GLN,390.0,41.22,6.728,33.115,-0.62,1.85,0.0
ATOM,5757.0,HE21,GLN,390.0,42.121,6.309,33.323,0.32,0.2245,0.0
ATOM,5758.0,HE22,GLN,390.0,40.939,7.601,33.548,0.3,0.2245,0.26
ATOM,5759.0,N,ILE,391.0,35.012,5.133,32.829,-0.47,1.85,0.0
ATOM,5760.0,CA,ILE,391.0,34.009,4.22,33.379,0.07,2.275,0.0
ATOM,5761.0,C,ILE,391.0,34.284,2.81,32.852,0.51,2.0,0.0
ATOM,5762.0,O,ILE,391.0,34.779,2.63,31.727,-0.51,1.7,0.0
ATOM,5763.0,CB,ILE,391.0,32.561,4.673,33.023,-0.09,2.275,0.0
ATOM,5764.0,CG1,ILE,391.0,31.512,3.922,33.863,-0.18,2.175,0.0
ATOM,5765.0,CG2,ILE,391.0,32.287,4.594,31.504,-0.27,2.06,0.0
ATOM,5766.0,CD1,ILE,391.0,30.119,4.573,33.836,-0.27,2.06,0.0
ATOM,5767.0,H,ILE,391.0,35.38,5.055,31.856,0.31,0.2245,0.0
ATOM,5768.0,HA,ILE,391.0,34.165,4.191,34.362,0.09,1.32,0.0
ATOM,5769.0,HB,ILE,391.0,32.489,5.643,33.234,0.09,1.32,0.0
ATOM,5770.0,HG12,ILE,391.0,31.434,2.993,33.517,0.09,1.32,0.0
ATOM,5771.0,HG13,ILE,391.0,31.826,3.896,34.807,0.09,1.32,0.0
ATOM,5772.0,HG21,ILE,391.0,31.397,4.997,31.316,0.09,1.32,0.0
ATOM,5773.0,HG22,ILE,391.0,32.997,5.097,31.022,0.09,1.32,0.0
ATOM,5774.0,HG23,ILE,391.0,32.295,3.639,31.225,0.09,1.32,0.0
ATOM,5775.0,HD11,ILE,391.0,29.796,4.595,32.895,0.09,1.32,0.0
ATOM,5776.0,HD12,ILE,391.0,29.503,4.031,34.399,0.09,1.32,0.0
ATOM,5777.0,HD13,ILE,391.0,30.192,5.497,34.197,0.09,1.32,0.0
ATOM,5778.0,N,LYS,392.0,34.004,1.823,33.7,-0.47,1.85,0.0
ATOM,5779.0,CA,LYS,392.0,34.136,0.417,33.348,0.07,2.275,0.0
ATOM,5780.0,C,LYS,392.0,32.796,-0.201,33.729,0.51,2.0,0.0
ATOM,5781.0,O,LYS,392.0,32.564,-0.509,34.907,-0.51,1.7,0.0
ATOM,5782.0,CB,LYS,392.0,35.262,-0.237,34.154,-0.18,2.175,0.0
ATOM,5783.0,CG,LYS,392.0,35.511,-1.708,33.852,-0.18,2.175,1.28
ATOM,5784.0,CD,LYS,392.0,36.61,-2.265,34.784,-0.18,2.175,0.0
ATOM,5785.0,CE,LYS,392.0,36.744,-3.751,34.664,0.21,2.175,0.25
ATOM,5786.0,NZ,LYS,392.0,37.63,-4.306,35.743,-0.3,1.85,0.62
ATOM,5787.0,H,LYS,392.0,33.681,2.147,34.642,0.31,0.2245,0.0
ATOM,5788.0,HA,LYS,392.0,34.261,0.333,32.377,0.09,1.32,0.0
ATOM,5789.0,HB2,LYS,392.0,36.109,0.268,33.971,0.09,1.32,0.0
ATOM,5790.0,HB3,LYS,392.0,35.037,-0.15,35.129,0.09,1.32,0.0
ATOM,5791.0,HG2,LYS,392.0,34.678,-2.224,34.008,0.09,1.32,0.0
ATOM,5792.0,HG3,LYS,392.0,35.816,-1.808,32.914,0.09,1.32,0.0
ATOM,5793.0,HD2,LYS,392.0,37.471,-1.831,34.533,0.09,1.32,0.0
ATOM,5794.0,HD3,LYS,392.0,36.367,-2.026,35.72,0.09,1.32,0.0
ATOM,5795.0,HE2,LYS,392.0,35.842,-4.18,34.742,0.05,1.32,0.0
ATOM,5796.0,HE3,LYS,392.0,37.142,-3.985,33.775,0.05,1.32,0.0
ATOM,5797.0,HZ1,LYS,392.0,38.547,-4.438,35.374,0.33,0.2245,0.0
ATOM,5798.0,HZ2,LYS,392.0,37.659,-3.661,36.503,0.33,0.2245,0.0
ATOM,5799.0,HZ3,LYS,392.0,37.258,-5.179,36.051,0.33,0.2245,7.62
ATOM,5800.0,N,THR,393.0,31.912,-0.35,32.751,-0.47,1.85,0.0
ATOM,5801.0,CA,THR,393.0,30.547,-0.767,33.064,0.07,2.275,0.0
ATOM,5802.0,C,THR,393.0,29.992,-1.828,32.123,0.51,2.0,0.0
ATOM,5803.0,O,THR,393.0,28.778,-2.035,32.065,-0.51,1.7,0.0
ATOM,5804.0,CB,THR,393.0,29.577,0.436,33.194,0.14,2.275,0.0
ATOM,5805.0,OG1,THR,393.0,28.317,-0.03,33.71,-0.66,1.77,0.0
ATOM,5806.0,CG2,THR,393.0,29.365,1.123,31.827,-0.27,2.06,0.0
ATOM,5807.0,H,THR,393.0,32.253,-0.157,31.804,0.31,0.2245,0.0
ATOM,5808.0,HA,THR,393.0,30.54,-1.146,34.01,0.09,1.32,0.0
ATOM,5809.0,HB,THR,393.0,29.968,1.098,33.859,0.09,1.32,0.0
ATOM,5810.0,HG21,THR,393.0,28.815,0.529,31.242,0.09,1.32,0.0
ATOM,5811.0,HG22,THR,393.0,28.891,1.991,31.966,0.09,1.32,0.0
ATOM,5812.0,HG23,THR,393.0,30.253,1.288,31.401,0.09,1.32,0.0
ATOM,5813.0,HG1,THR,393.0,27.648,-0.115,32.966,0.43,0.2245,0.0
ATOM,5814.0,N,GLY,394.0,30.895,-2.542,31.448,-0.47,1.85,0.0
ATOM,5815.0,CA,GLY,394.0,30.52,-3.752,30.724,-0.02,2.175,0.05
ATOM,5816.0,C,GLY,394.0,30.651,-3.719,29.227,0.51,2.0,0.0
ATOM,5817.0,O,GLY,394.0,31.007,-2.691,28.628,-0.51,1.7,0.0
ATOM,5818.0,H,GLY,394.0,31.86,-2.169,31.484,0.31,0.2245,0.12
ATOM,5819.0,HA2,GLY,394.0,31.077,-4.541,31.096,0.09,1.32,0.0
ATOM,5820.0,HA3,GLY,394.0,29.545,-3.993,30.974,0.09,1.32,0.0
ATOM,5821.0,N,SER,395.0,30.379,-4.87,28.622,-0.47,1.85,0.0
ATOM,5822.0,CA,SER,395.0,30.295,-4.931,27.176,0.07,2.275,0.0
ATOM,5823.0,C,SER,395.0,29.004,-4.262,26.695,0.51,2.0,0.0
ATOM,5824.0,O,SER,395.0,28.236,-3.699,27.486,-0.51,1.7,0.0
ATOM,5825.0,CB,SER,395.0,30.359,-6.384,26.701,0.05,2.175,0.0
ATOM,5826.0,OG,SER,395.0,30.738,-6.42,25.346,-0.66,1.77,0.61
ATOM,5827.0,H,SER,395.0,30.24,-5.676,29.247,0.31,0.2245,0.0
ATOM,5828.0,HA,SER,395.0,31.065,-4.416,26.79,0.09,1.32,0.0
ATOM,5829.0,HB2,SER,395.0,31.032,-6.867,27.244,0.09,1.32,0.0
ATOM,5830.0,HB3,SER,395.0,29.462,-6.791,26.803,0.09,1.32,0.0
ATOM,5831.0,HG,SER,395.0,29.931,-6.301,24.766,0.43,0.2245,0.0
ATOM,5832.0,N,MET,396.0,28.756,-4.339,25.388,-0.47,1.85,0.14
ATOM,5833.0,CA,MET,396.0,27.585,-3.671,24.827,0.07,2.275,0.0
ATOM,5834.0,C,MET,396.0,26.41,-4.64,24.678,0.51,2.0,0.0
ATOM,5835.0,O,MET,396.0,25.716,-4.661,23.674,-0.51,1.7,8.59
ATOM,5836.0,CB,MET,396.0,27.926,-2.965,23.512,-0.18,2.175,0.0
ATOM,5837.0,CG,MET,396.0,26.961,-1.81,23.159,-0.14,2.175,2.75
ATOM,5838.0,SD,MET,396.0,26.737,-0.524,24.442,-0.09,2.0,2.35
ATOM,5839.0,CE,MET,396.0,28.396,0.183,24.515,-0.22,2.06,0.0
ATOM,5840.0,H,MET,396.0,29.43,-4.884,24.839,0.31,0.2245,0.57
ATOM,5841.0,HA,MET,396.0,27.304,-2.941,25.462,0.09,1.32,0.0
ATOM,5842.0,HB2,MET,396.0,28.854,-2.584,23.57,0.09,1.32,0.7
ATOM,5843.0,HB3,MET,396.0,27.897,-3.631,22.76,0.09,1.32,0.0
ATOM,5844.0,HG2,MET,396.0,27.292,-1.382,22.274,0.09,1.32,0.0
ATOM,5845.0,HG3,MET,396.0,26.047,-2.229,22.905,0.09,1.32,5.4
ATOM,5846.0,HE1,MET,396.0,28.431,0.865,25.244,0.09,1.32,0.0
ATOM,5847.0,HE2,MET,396.0,29.055,-0.544,24.701,0.09,1.32,0.0
ATOM,5848.0,HE3,MET,396.0,28.608,0.615,23.64,0.09,1.32,0.0
ATOM,5849.0,N,SER,397.0,26.177,-5.443,25.707,-0.47,1.85,0.0
ATOM,5850.0,CA,SER,397.0,24.944,-6.229,25.795,0.07,2.275,0.06
ATOM,5851.0,C,SER,397.0,24.618,-6.466,27.267,0.51,2.0,0.0
ATOM,5852.0,O,SER,397.0,25.49,-6.301,28.145,-0.51,1.7,0.0
ATOM,5853.0,CB,SER,397.0,25.039,-7.558,25.024,0.05,2.175,11.77
ATOM,5854.0,OG,SER,397.0,25.753,-8.554,25.733,-0.66,1.77,0.0
ATOM,5855.0,H,SER,397.0,26.921,-5.468,26.426,0.31,0.2245,0.0
ATOM,5856.0,HA,SER,397.0,24.204,-5.691,25.398,0.09,1.32,3.92
ATOM,5857.0,HB2,SER,397.0,24.11,-7.887,24.845,0.09,1.32,8.27
ATOM,5858.0,HB3,SER,397.0,25.5,-7.385,24.152,0.09,1.32,0.0
ATOM,5859.0,HG,SER,397.0,26.71,-8.28,25.821,0.43,0.2245,0.0
ATOM,5860.0,N,ARG,398.0,23.356,-6.856,27.492,-0.47,1.85,0.73
ATOM,5861.0,CA,ARG,398.0,22.703,-7.053,28.806,0.07,2.275,3.37
ATOM,5862.0,C,ARG,398.0,22.337,-5.678,29.345,0.51,2.0,0.0
ATOM,5863.0,O,ARG,398.0,23.199,-4.803,29.465,-0.51,1.7,0.0
ATOM,5864.0,CB,ARG,398.0,23.576,-7.802,29.838,-0.18,2.175,1.63
ATOM,5865.0,CG,ARG,398.0,24.187,-9.113,29.364,-0.18,2.175,2.81
ATOM,5866.0,CD,ARG,398.0,25.171,-9.628,30.432,0.2,2.175,0.0
ATOM,5867.0,NE,ARG,398.0,24.485,-9.938,31.691,-0.7,1.85,0.35
ATOM,5868.0,CZ,ARG,398.0,24.302,-11.172,32.158,0.64,2.0,1.42
ATOM,5869.0,NH1,ARG,398.0,24.763,-12.218,31.478,-0.8,1.85,7.81
ATOM,5870.0,NH2,ARG,398.0,23.652,-11.367,33.304,-0.8,1.85,8.17
ATOM,5871.0,H,ARG,398.0,22.815,-7.027,26.582,0.31,0.2245,11.53
ATOM,5872.0,HA,ARG,398.0,21.875,-7.581,28.67,0.09,1.32,8.13
ATOM,5873.0,HB2,ARG,398.0,24.322,-7.19,30.108,0.09,1.32,0.0
ATOM,5874.0,HB3,ARG,398.0,23.005,-7.996,30.637,0.09,1.32,0.09
ATOM,5875.0,HG2,ARG,398.0,23.482,-9.791,29.251,0.09,1.32,8.17
ATOM,5876.0,HG3,ARG,398.0,24.695,-8.966,28.533,0.09,1.32,0.0
ATOM,5877.0,HD2,ARG,398.0,25.599,-10.449,30.077,0.09,1.32,0.0
ATOM,5878.0,HD3,ARG,398.0,25.845,-8.917,30.588,0.09,1.32,0.0
ATOM,5879.0,HE,ARG,398.0,24.131,-9.17,32.234,0.44,0.2245,0.0
ATOM,5880.0,HH11,ARG,398.0,25.265,-12.097,30.627,0.46,0.2245,0.0
ATOM,5881.0,HH12,ARG,398.0,24.602,-13.147,31.831,0.46,0.2245,14.66
ATOM,5882.0,HH21,ARG,398.0,23.32,-10.572,33.819,0.46,0.2245,0.03
ATOM,5883.0,HH22,ARG,398.0,23.499,-12.288,33.645,0.46,0.2245,7.72
ATOM,5884.0,N,SER,399.0,21.064,-5.46,29.657,-0.47,1.85,1.77
ATOM,5885.0,CA,SER,399.0,20.675,-4.14,30.186,0.07,2.275,0.0
ATOM,5886.0,C,SER,399.0,21.279,-3.796,31.564,0.51,2.0,0.16
ATOM,5887.0,O,SER,399.0,21.323,-2.628,31.936,-0.51,1.7,0.0
ATOM,5888.0,CB,SER,399.0,19.158,-3.907,30.143,0.05,2.175,21.27
ATOM,5889.0,OG,SER,399.0,18.665,-4.049,28.811,-0.66,1.77,26.14
ATOM,5890.0,H,SER,399.0,20.419,-6.232,29.51,0.31,0.2245,10.71
ATOM,5891.0,HA,SER,399.0,20.998,-3.435,29.527,0.09,1.32,0.0
ATOM,5892.0,HB2,SER,399.0,18.714,-4.578,30.723,0.09,1.32,10.73
ATOM,5893.0,HB3,SER,399.0,18.966,-2.986,30.46,0.09,1.32,3.77
ATOM,5894.0,HG,SER,399.0,18.887,-3.228,28.29,0.43,0.2245,14.64
ATOM,5895.0,N,ASP,400.0,21.778,-4.796,32.3,-0.47,1.85,2.98
ATOM,5896.0,CA,ASP,400.0,22.596,-4.51,33.483,0.07,2.275,0.81
ATOM,5897.0,C,ASP,400.0,23.856,-3.706,33.15,0.51,2.0,0.0
ATOM,5898.0,O,ASP,400.0,24.385,-2.991,34.01,-0.51,1.7,0.0
ATOM,5899.0,CB,ASP,400.0,22.955,-5.778,34.291,-0.28,2.175,0.82
ATOM,5900.0,CG,ASP,400.0,23.174,-7.008,33.412,0.62,2.0,0.0
ATOM,5901.0,OD1,ASP,400.0,22.187,-7.537,32.85,-0.76,1.7,11.89
ATOM,5902.0,OD2,ASP,400.0,24.317,-7.489,33.333,-0.76,1.7,0.0
ATOM,5903.0,H,ASP,400.0,21.546,-5.742,31.975,0.31,0.2245,0.72
ATOM,5904.0,HA,ASP,400.0,22.035,-3.936,34.1,0.09,1.32,0.0
ATOM,5905.0,HB2,ASP,400.0,23.791,-5.591,34.792,0.09,1.32,0.0
ATOM,5906.0,HB3,ASP,400.0,22.206,-5.961,34.915,0.09,1.32,1.67
ATOM,5907.0,N,ARG,401.0,24.316,-3.805,31.898,-0.47,1.85,0.0
ATOM,5908.0,CA,ARG,401.0,25.425,-2.962,31.418,0.07,2.275,0.0
ATOM,5909.0,C,ARG,401.0,24.883,-1.786,30.614,0.51,2.0,0.0
ATOM,5910.0,O,ARG,401.0,25.226,-0.628,30.854,-0.51,1.7,0.0
ATOM,5911.0,CB,ARG,401.0,26.404,-3.778,30.561,-0.18,2.175,0.0
ATOM,5912.0,CG,ARG,401.0,26.809,-5.144,31.139,-0.18,2.175,0.0
ATOM,5913.0,CD,ARG,401.0,27.397,-5.029,32.543,0.2,2.175,0.0
ATOM,5914.0,NE,ARG,401.0,26.791,-6.031,33.425,-0.7,1.85,0.0
ATOM,5915.0,CZ,ARG,401.0,27.236,-6.367,34.629,0.64,2.0,0.0
ATOM,5916.0,NH1,ARG,401.0,28.332,-5.798,35.128,-0.8,1.85,0.0
ATOM,5917.0,NH2,ARG,401.0,26.571,-7.287,35.342,-0.8,1.85,0.0
ATOM,5918.0,H,ARG,401.0,23.838,-4.507,31.31,0.31,0.2245,0.0
ATOM,5919.0,HA,ARG,401.0,25.924,-2.61,32.213,0.09,1.32,0.0
ATOM,5920.0,HB2,ARG,401.0,25.981,-3.94,29.67,0.09,1.32,0.0
ATOM,5921.0,HB3,ARG,401.0,27.238,-3.241,30.441,0.09,1.32,0.0
ATOM,5922.0,HG2,ARG,401.0,26.004,-5.731,31.185,0.09,1.32,0.0
ATOM,5923.0,HG3,ARG,401.0,27.497,-5.558,30.546,0.09,1.32,0.0
ATOM,5924.0,HD2,ARG,401.0,28.369,-5.189,32.484,0.09,1.32,0.0
ATOM,5925.0,HD3,ARG,401.0,27.197,-4.125,32.886,0.09,1.32,0.0
ATOM,5926.0,HE,ARG,401.0,25.961,-6.506,33.084,0.44,0.2245,0.0
ATOM,5927.0,HH11,ARG,401.0,28.821,-5.099,34.614,0.46,0.2245,0.0
ATOM,5928.0,HH12,ARG,401.0,28.667,-6.077,36.033,0.46,0.2245,0.0
ATOM,5929.0,HH21,ARG,401.0,25.739,-7.694,34.968,0.46,0.2245,0.0
ATOM,5930.0,HH22,ARG,401.0,26.909,-7.558,36.239,0.46,0.2245,0.0
ATOM,5931.0,N,VAL,402.0,24.018,-2.093,29.656,-0.47,1.85,0.0
ATOM,5932.0,CA,VAL,402.0,23.569,-1.083,28.714,0.07,2.275,0.0
ATOM,5933.0,C,VAL,402.0,22.71,0.019,29.353,0.51,2.0,0.0
ATOM,5934.0,O,VAL,402.0,22.671,1.139,28.846,-0.51,1.7,0.0
ATOM,5935.0,CB,VAL,402.0,22.906,-1.762,27.492,-0.09,2.275,1.1
ATOM,5936.0,CG1,VAL,402.0,22.372,-0.727,26.535,-0.27,2.06,10.99
ATOM,5937.0,CG2,VAL,402.0,23.934,-2.667,26.792,-0.27,2.06,3.4
ATOM,5938.0,H,VAL,402.0,23.705,-3.077,29.642,0.31,0.2245,0.0
ATOM,5939.0,HA,VAL,402.0,24.389,-0.634,28.312,0.09,1.32,0.0
ATOM,5940.0,HB,VAL,402.0,22.13,-2.287,27.83,0.09,1.32,0.0
ATOM,5941.0,HG11,VAL,402.0,23.121,-0.147,26.207,0.09,1.32,0.84
ATOM,5942.0,HG12,VAL,402.0,21.94,-1.178,25.751,0.09,1.32,10.49
ATOM,5943.0,HG13,VAL,402.0,21.692,-0.153,26.997,0.09,1.32,0.0
ATOM,5944.0,HG21,VAL,402.0,23.81,-2.592,25.805,0.09,1.32,2.71
ATOM,5945.0,HG22,VAL,402.0,24.851,-2.369,27.046,0.09,1.32,0.0
ATOM,5946.0,HG23,VAL,402.0,23.786,-3.609,27.085,0.09,1.32,0.0
ATOM,5947.0,N,ALA,403.0,22.06,-0.266,30.486,-0.47,1.85,0.07
ATOM,5948.0,CA,ALA,403.0,21.33,0.774,31.217,0.07,2.275,1.26
ATOM,5949.0,C,ALA,403.0,22.267,1.944,31.561,0.51,2.0,0.0
ATOM,5950.0,O,ALA,403.0,21.857,3.107,31.534,-0.51,1.7,0.01
ATOM,5951.0,CB,ALA,403.0,20.711,0.216,32.48,-0.27,2.06,9.05
ATOM,5952.0,H,ALA,403.0,22.116,-1.249,30.789,0.31,0.2245,0.0
ATOM,5953.0,HA,ALA,403.0,20.591,1.121,30.635,0.09,1.32,1.04
ATOM,5954.0,HB1,ALA,403.0,21.414,-0.236,33.031,0.09,1.32,0.0
ATOM,5955.0,HB2,ALA,403.0,20.303,0.958,33.013,0.09,1.32,2.31
ATOM,5956.0,HB3,ALA,403.0,20.001,-0.449,32.244,0.09,1.32,2.53
ATOM,5957.0,N,LYS,404.0,23.524,1.623,31.862,-0.47,1.85,0.0
ATOM,5958.0,CA,LYS,404.0,24.496,2.664,32.19,0.07,2.275,0.0
ATOM,5959.0,C,LYS,404.0,24.87,3.469,30.956,0.51,2.0,0.0
ATOM,5960.0,O,LYS,404.0,24.939,4.688,31.021,-0.51,1.7,0.0
ATOM,5961.0,CB,LYS,404.0,25.754,2.084,32.872,-0.18,2.175,0.0
ATOM,5962.0,CG,LYS,404.0,25.577,1.677,34.346,-0.18,2.175,0.0
ATOM,5963.0,CD,LYS,404.0,24.673,0.454,34.536,-0.18,2.175,0.0
ATOM,5964.0,CE,LYS,404.0,24.951,-0.18,35.908,0.21,2.175,0.68
ATOM,5965.0,NZ,LYS,404.0,23.979,-1.28,36.218,-0.3,1.85,0.0
ATOM,5966.0,H,LYS,404.0,23.741,0.617,31.844,0.31,0.2245,0.0
ATOM,5967.0,HA,LYS,404.0,24.089,3.284,32.872,0.09,1.32,0.0
ATOM,5968.0,HB2,LYS,404.0,26.038,1.273,32.36,0.09,1.32,0.0
ATOM,5969.0,HB3,LYS,404.0,26.477,2.775,32.826,0.09,1.32,0.0
ATOM,5970.0,HG2,LYS,404.0,26.482,1.472,34.733,0.09,1.32,0.0
ATOM,5971.0,HG3,LYS,404.0,25.181,2.452,34.848,0.09,1.32,0.0
ATOM,5972.0,HD2,LYS,404.0,23.733,0.744,34.51,0.09,1.32,0.0
ATOM,5973.0,HD3,LYS,404.0,24.878,-0.208,33.839,0.09,1.32,0.0
ATOM,5974.0,HE2,LYS,404.0,25.879,-0.553,35.907,0.05,1.32,0.0
ATOM,5975.0,HE3,LYS,404.0,24.878,0.529,36.61,0.05,1.32,1.02
ATOM,5976.0,HZ1,LYS,404.0,24.409,-1.928,36.843,0.33,0.2245,0.0
ATOM,5977.0,HZ2,LYS,404.0,23.167,-0.887,36.643,0.33,0.2245,0.0
ATOM,5978.0,HZ3,LYS,404.0,23.728,-1.742,35.37,0.33,0.2245,0.0
ATOM,5979.0,N,TYR,405.0,25.115,2.789,29.838,-0.47,1.85,0.0
ATOM,5980.0,CA,TYR,405.0,25.395,3.494,28.589,0.07,2.275,0.0
ATOM,5981.0,C,TYR,405.0,24.23,4.384,28.177,0.51,2.0,0.0
ATOM,5982.0,O,TYR,405.0,24.442,5.507,27.731,-0.51,1.7,0.0
ATOM,5983.0,CB,TYR,405.0,25.754,2.515,27.476,-0.18,2.175,0.0
ATOM,5984.0,CG,TYR,405.0,27.061,1.815,27.757,0.0,1.9924,0.0
ATOM,5985.0,CD1,TYR,405.0,28.257,2.548,27.9,-0.115,1.9924,0.0
ATOM,5986.0,CD2,TYR,405.0,27.127,0.423,27.873,-0.115,1.9924,0.0
ATOM,5987.0,CE1,TYR,405.0,29.468,1.915,28.149,-0.115,1.9924,0.0
ATOM,5988.0,CE2,TYR,405.0,28.354,-0.232,28.129,-0.115,1.9924,0.0
ATOM,5989.0,CZ,TYR,405.0,29.516,0.519,28.269,0.11,1.9924,0.0
ATOM,5990.0,OH,TYR,405.0,30.714,-0.118,28.507,-0.54,1.77,0.0
ATOM,5991.0,H,TYR,405.0,25.091,1.764,29.928,0.31,0.2245,0.0
ATOM,5992.0,HA,TYR,405.0,26.203,4.081,28.733,0.09,1.32,0.0
ATOM,5993.0,HB2,TYR,405.0,25.041,1.834,27.415,0.09,1.32,0.0
ATOM,5994.0,HB3,TYR,405.0,25.846,3.02,26.632,0.09,1.32,0.0
ATOM,5995.0,HD1,TYR,405.0,28.227,3.545,27.819,0.115,1.3582,0.0
ATOM,5996.0,HD2,TYR,405.0,26.302,-0.122,27.776,0.115,1.3582,0.0
ATOM,5997.0,HE1,TYR,405.0,30.309,2.449,28.245,0.115,1.3582,0.0
ATOM,5998.0,HE2,TYR,405.0,28.376,-1.222,28.206,0.115,1.3582,0.0
ATOM,5999.0,HH,TYR,405.0,30.573,-1.105,28.466,0.43,0.2245,0.0
ATOM,6000.0,N,ASN,406.0,23.003,3.884,28.338,-0.47,1.85,0.0
ATOM,6001.0,CA,ASN,406.0,21.828,4.685,28.0,0.07,2.275,0.21
ATOM,6002.0,C,ASN,406.0,21.718,5.928,28.874,0.51,2.0,0.0
ATOM,6003.0,O,ASN,406.0,21.371,7.003,28.4,-0.51,1.7,0.45
ATOM,6004.0,CB,ASN,406.0,20.557,3.84,28.07,-0.18,2.175,3.38
ATOM,6005.0,CG,ASN,406.0,20.493,2.82,26.955,0.55,2.0,1.93
ATOM,6006.0,H,ASN,406.0,22.962,2.925,28.706,0.31,0.2245,0.0
ATOM,6007.0,HA,ASN,406.0,21.949,5.002,27.049,0.09,1.32,0.0
ATOM,6008.0,HB2,ASN,406.0,20.545,3.362,28.941,0.09,1.32,0.0
ATOM,6009.0,HB3,ASN,406.0,19.772,4.446,27.994,0.09,1.32,1.36
ATOM,6010.0,OD1,ASN,406.0,21.2,2.957,25.947,-0.55,1.7,14.1
ATOM,6011.0,ND2,ASN,406.0,19.612,1.812,27.1,-0.62,1.85,15.54
ATOM,6012.0,HD22,ASN,406.0,19.043,1.786,27.923,0.3,0.2245,8.55
ATOM,6013.0,HD21,ASN,406.0,19.535,1.116,26.401,0.32,0.2245,12.8
ATOM,6014.0,N,GLN,407.0,22.052,5.789,30.147,-0.47,1.85,0.0
ATOM,6015.0,CA,GLN,407.0,22.011,6.923,31.045,0.07,2.275,0.0
ATOM,6016.0,C,GLN,407.0,23.078,7.95,30.622,0.51,2.0,0.0
ATOM,6017.0,O,GLN,407.0,22.823,9.155,30.658,-0.51,1.7,0.0
ATOM,6018.0,CB,GLN,407.0,22.188,6.451,32.489,-0.18,2.175,0.0
ATOM,6019.0,CG,GLN,407.0,22.112,7.544,33.555,-0.18,2.175,0.0
ATOM,6020.0,CD,GLN,407.0,20.73,8.192,33.727,0.55,2.0,1.04
ATOM,6021.0,H,GLN,407.0,22.333,4.836,30.429,0.31,0.2245,0.0
ATOM,6022.0,HA,GLN,407.0,21.119,7.368,30.958,0.09,1.32,0.0
ATOM,6023.0,HB2,GLN,407.0,21.475,5.77,32.696,0.09,1.32,0.0
ATOM,6024.0,HB3,GLN,407.0,23.087,6.001,32.574,0.09,1.32,0.0
ATOM,6025.0,HG2,GLN,407.0,22.382,7.148,34.441,0.09,1.32,0.0
ATOM,6026.0,HG3,GLN,407.0,22.77,8.27,33.319,0.09,1.32,0.0
ATOM,6027.0,OE1,GLN,407.0,19.786,7.946,32.962,-0.55,1.7,8.21
ATOM,6028.0,NE2,GLN,407.0,20.62,9.051,34.743,-0.62,1.85,12.12
ATOM,6029.0,HE21,GLN,407.0,19.74,9.53,34.911,0.32,0.2245,21.67
ATOM,6030.0,HE22,GLN,407.0,21.424,9.214,35.337,0.3,0.2245,0.0
ATOM,6031.0,N,LEU,408.0,24.253,7.477,30.215,-0.47,1.85,0.0
ATOM,6032.0,CA,LEU,408.0,25.283,8.375,29.692,0.07,2.275,0.0
ATOM,6033.0,C,LEU,408.0,24.773,9.116,28.456,0.51,2.0,0.0
ATOM,6034.0,O,LEU,408.0,25.031,10.31,28.295,-0.51,1.7,0.0
ATOM,6035.0,CB,LEU,408.0,26.575,7.626,29.377,-0.18,2.175,0.0
ATOM,6036.0,CG,LEU,408.0,27.341,7.072,30.583,-0.09,2.275,0.0
ATOM,6037.0,CD1,LEU,408.0,28.487,6.162,30.093,-0.27,2.06,0.0
ATOM,6038.0,CD2,LEU,408.0,27.854,8.174,31.528,-0.27,2.06,0.0
ATOM,6039.0,H,LEU,408.0,24.371,6.455,30.298,0.31,0.2245,0.0
ATOM,6040.0,HA,LEU,408.0,25.505,9.053,30.398,0.09,1.32,0.0
ATOM,6041.0,HB2,LEU,408.0,26.348,6.853,28.792,0.09,1.32,0.0
ATOM,6042.0,HB3,LEU,408.0,27.185,8.251,28.901,0.09,1.32,0.0
ATOM,6043.0,HG,LEU,408.0,26.723,6.538,31.147,0.09,1.32,0.0
ATOM,6044.0,HD11,LEU,408.0,29.103,6.697,29.521,0.09,1.32,0.0
ATOM,6045.0,HD12,LEU,408.0,28.979,5.807,30.884,0.09,1.32,0.0
ATOM,6046.0,HD13,LEU,408.0,28.1,5.409,29.566,0.09,1.32,0.0
ATOM,6047.0,HD21,LEU,408.0,27.076,8.696,31.872,0.09,1.32,0.0
ATOM,6048.0,HD22,LEU,408.0,28.341,7.75,32.289,0.09,1.32,0.0
ATOM,6049.0,HD23,LEU,408.0,28.47,8.775,31.023,0.09,1.32,0.0
ATOM,6050.0,N,ILE,409.0,24.06,8.403,27.58,-0.47,1.85,0.0
ATOM,6051.0,CA,ILE,409.0,23.415,9.076,26.447,0.07,2.275,0.04
ATOM,6052.0,C,ILE,409.0,22.477,10.205,26.901,0.51,2.0,0.0
ATOM,6053.0,O,ILE,409.0,22.56,11.324,26.377,-0.51,1.7,1.16
ATOM,6054.0,CB,ILE,409.0,22.7,8.059,25.507,-0.09,2.275,0.15
ATOM,6055.0,CG1,ILE,409.0,23.757,7.196,24.812,-0.18,2.175,0.0
ATOM,6056.0,CG2,ILE,409.0,21.759,8.797,24.515,-0.27,2.06,16.88
ATOM,6057.0,CD1,ILE,409.0,23.212,5.967,24.095,-0.27,2.06,15.38
ATOM,6058.0,H,ILE,409.0,24.007,7.398,27.761,0.31,0.2245,0.0
ATOM,6059.0,HA,ILE,409.0,24.154,9.514,25.922,0.09,1.32,0.04
ATOM,6060.0,HB,ILE,409.0,22.142,7.474,26.071,0.09,1.32,0.05
ATOM,6061.0,HG12,ILE,409.0,24.244,7.765,24.146,0.09,1.32,0.0
ATOM,6062.0,HG13,ILE,409.0,24.418,6.892,25.503,0.09,1.32,0.0
ATOM,6063.0,HG21,ILE,409.0,21.287,8.12,23.962,0.09,1.32,5.81
ATOM,6064.0,HG22,ILE,409.0,21.105,9.333,25.036,0.09,1.32,0.42
ATOM,6065.0,HG23,ILE,409.0,22.308,9.391,23.938,0.09,1.32,1.81
ATOM,6066.0,HD11,ILE,409.0,22.568,6.259,23.392,0.09,1.32,3.54
ATOM,6067.0,HD12,ILE,409.0,23.969,5.472,23.676,0.09,1.32,0.0
ATOM,6068.0,HD13,ILE,409.0,22.749,5.382,24.757,0.09,1.32,0.0
ATOM,6069.0,N,ARG,410.0,21.603,9.929,27.869,-0.47,1.85,0.0
ATOM,6070.0,CA,ARG,410.0,20.643,10.931,28.362,0.07,2.275,0.74
ATOM,6071.0,C,ARG,410.0,21.371,12.117,28.973,0.51,2.0,0.25
ATOM,6072.0,O,ARG,410.0,21.0,13.271,28.74,-0.51,1.7,3.93
ATOM,6073.0,CB,ARG,410.0,19.663,10.315,29.366,-0.18,2.175,6.98
ATOM,6074.0,CG,ARG,410.0,18.872,9.145,28.825,-0.18,2.175,4.84
ATOM,6075.0,CD,ARG,410.0,17.809,8.681,29.824,0.2,2.175,17.42
ATOM,6076.0,NE,ARG,410.0,17.32,7.365,29.42,-0.7,1.85,5.73
ATOM,6077.0,CZ,ARG,410.0,17.692,6.201,29.96,0.64,2.0,2.01
ATOM,6078.0,NH1,ARG,410.0,18.534,6.157,31.007,-0.8,1.85,9.76
ATOM,6079.0,NH2,ARG,410.0,17.203,5.066,29.458,-0.8,1.85,16.02
ATOM,6080.0,H,ARG,410.0,21.654,8.962,28.242,0.31,0.2245,0.0
ATOM,6081.0,HA,ARG,410.0,20.091,11.251,27.586,0.09,1.32,0.45
ATOM,6082.0,HB2,ARG,410.0,20.186,10.002,30.155,0.09,1.32,0.0
ATOM,6083.0,HB3,ARG,410.0,19.021,11.025,29.645,0.09,1.32,9.08
ATOM,6084.0,HG2,ARG,410.0,18.406,9.41,27.986,0.09,1.32,9.16
ATOM,6085.0,HG3,ARG,410.0,19.481,8.376,28.651,0.09,1.32,0.0
ATOM,6086.0,HD2,ARG,410.0,18.23,8.621,30.71,0.09,1.32,0.0
ATOM,6087.0,HD3,ARG,410.0,17.07,9.33,29.805,0.09,1.32,10.83
ATOM,6088.0,HE,ARG,410.0,16.642,7.329,28.667,0.44,0.2245,15.31
ATOM,6089.0,HH11,ARG,410.0,18.873,7.007,31.402,0.46,0.2245,0.0
ATOM,6090.0,HH12,ARG,410.0,18.811,5.276,31.38,0.46,0.2245,5.72
ATOM,6091.0,HH21,ARG,410.0,16.552,5.095,28.701,0.46,0.2245,17.95
ATOM,6092.0,HH22,ARG,410.0,17.488,4.189,29.841,0.46,0.2245,9.58
ATOM,6093.0,N,ILE,411.0,22.424,11.835,29.729,-0.47,1.85,0.0
ATOM,6094.0,CA,ILE,411.0,23.155,12.895,30.423,0.07,2.275,0.24
ATOM,6095.0,C,ILE,411.0,23.881,13.786,29.426,0.51,2.0,0.0
ATOM,6096.0,O,ILE,411.0,23.82,15.004,29.533,-0.51,1.7,0.0
ATOM,6097.0,CB,ILE,411.0,24.124,12.345,31.488,-0.09,2.275,0.0
ATOM,6098.0,CG1,ILE,411.0,23.322,11.6,32.571,-0.18,2.175,1.38
ATOM,6099.0,CG2,ILE,411.0,24.978,13.481,32.068,-0.27,2.06,0.0
ATOM,6100.0,CD1,ILE,411.0,24.186,10.847,33.572,-0.27,2.06,0.0
ATOM,6101.0,H,ILE,411.0,22.676,10.835,29.784,0.31,0.2245,0.0
ATOM,6102.0,HA,ILE,411.0,22.462,13.466,30.87,0.09,1.32,0.5
ATOM,6103.0,HB,ILE,411.0,24.724,11.692,31.051,0.09,1.32,0.0
ATOM,6104.0,HG12,ILE,411.0,22.764,12.266,33.061,0.09,1.32,0.0
ATOM,6105.0,HG13,ILE,411.0,22.718,10.948,32.116,0.09,1.32,0.0
ATOM,6106.0,HG21,ILE,411.0,25.623,13.102,32.726,0.09,1.32,0.0
ATOM,6107.0,HG22,ILE,411.0,25.474,13.928,31.328,0.09,1.32,0.0
ATOM,6108.0,HG23,ILE,411.0,24.383,14.139,32.521,0.09,1.32,0.0
ATOM,6109.0,HD11,ILE,411.0,24.786,11.494,34.038,0.09,1.32,0.0
ATOM,6110.0,HD12,ILE,411.0,23.596,10.394,34.237,0.09,1.32,0.0
ATOM,6111.0,HD13,ILE,411.0,24.733,10.168,33.087,0.09,1.32,0.0
ATOM,6112.0,N,GLU,412.0,24.528,13.182,28.434,-0.47,1.85,0.0
ATOM,6113.0,CA,GLU,412.0,25.225,13.975,27.404,0.07,2.275,0.0
ATOM,6114.0,C,GLU,412.0,24.246,14.831,26.604,0.51,2.0,0.0
ATOM,6115.0,O,GLU,412.0,24.539,15.978,26.281,-0.51,1.7,0.26
ATOM,6116.0,CB,GLU,412.0,25.985,13.064,26.453,-0.18,2.175,0.0
ATOM,6117.0,CG,GLU,412.0,26.742,13.815,25.365,-0.28,2.175,8.55
ATOM,6118.0,CD,GLU,412.0,27.664,12.893,24.612,0.62,2.0,0.0
ATOM,6119.0,OE1,GLU,412.0,27.178,12.112,23.773,-0.76,1.7,4.06
ATOM,6120.0,OE2,GLU,412.0,28.876,12.91,24.897,-0.76,1.7,1.85
ATOM,6121.0,H,GLU,412.0,24.504,12.156,28.443,0.31,0.2245,0.0
ATOM,6122.0,HA,GLU,412.0,25.908,14.568,27.847,0.09,1.32,0.0
ATOM,6123.0,HB2,GLU,412.0,26.646,12.56,26.978,0.09,1.32,0.0
ATOM,6124.0,HB3,GLU,412.0,25.335,12.477,26.008,0.09,1.32,0.53
ATOM,6125.0,HG2,GLU,412.0,26.089,14.173,24.733,0.09,1.32,5.92
ATOM,6126.0,HG3,GLU,412.0,27.286,14.504,25.792,0.09,1.32,0.16
ATOM,6127.0,N,GLU,413.0,23.088,14.267,26.283,-0.47,1.85,0.46
ATOM,6128.0,CA,GLU,413.0,22.047,15.005,25.579,0.07,2.275,2.14
ATOM,6129.0,C,GLU,413.0,21.615,16.238,26.392,0.51,2.0,0.0
ATOM,6130.0,O,GLU,413.0,21.405,17.326,25.83,-0.51,1.7,19.06
ATOM,6131.0,CB,GLU,413.0,20.87,14.071,25.316,-0.18,2.175,2.28
ATOM,6132.0,CG,GLU,413.0,19.688,14.717,24.628,-0.28,2.175,15.35
ATOM,6133.0,CD,GLU,413.0,18.51,13.767,24.524,0.62,2.0,3.43
ATOM,6134.0,OE1,GLU,413.0,18.696,12.615,24.089,-0.76,1.7,29.16
ATOM,6135.0,OE2,GLU,413.0,17.397,14.177,24.892,-0.76,1.7,48.47
ATOM,6136.0,H,GLU,413.0,22.991,13.274,26.572,0.31,0.2245,0.0
ATOM,6137.0,HA,GLU,413.0,22.386,15.305,24.683,0.09,1.32,9.42
ATOM,6138.0,HB2,GLU,413.0,21.193,13.339,24.735,0.09,1.32,4.23
ATOM,6139.0,HB3,GLU,413.0,20.559,13.727,26.189,0.09,1.32,0.06
ATOM,6140.0,HG2,GLU,413.0,19.4,15.487,25.16,0.09,1.32,3.56
ATOM,6141.0,HG3,GLU,413.0,19.951,14.961,23.717,0.09,1.32,10.45
ATOM,6142.0,N,ALA,414.0,21.501,16.065,27.706,-0.47,1.85,0.09
ATOM,6143.0,CA,ALA,414.0,21.043,17.141,28.593,0.07,2.275,2.07
ATOM,6144.0,C,ALA,414.0,22.098,18.233,28.76,0.51,2.0,0.0
ATOM,6145.0,O,ALA,414.0,21.782,19.435,28.664,-0.51,1.7,24.0
ATOM,6146.0,CB,ALA,414.0,20.637,16.577,29.96,-0.27,2.06,20.14
ATOM,6147.0,H,ALA,414.0,21.759,15.119,28.047,0.31,0.2245,0.0
ATOM,6148.0,HA,ALA,414.0,20.212,17.555,28.193,0.09,1.32,9.38
ATOM,6149.0,HB1,ALA,414.0,19.718,16.894,30.186,0.09,1.32,11.47
ATOM,6150.0,HB2,ALA,414.0,20.649,15.58,29.921,0.09,1.32,0.1
ATOM,6151.0,HB3,ALA,414.0,21.283,16.895,30.651,0.09,1.32,0.0
ATOM,6152.0,N,LEU,415.0,23.341,17.816,28.992,-0.47,1.85,0.0
ATOM,6153.0,CA,LEU,415.0,24.425,18.75,29.3,0.07,2.275,0.0
ATOM,6154.0,C,LEU,415.0,25.048,19.38,28.07,0.51,2.0,0.15
ATOM,6155.0,O,LEU,415.0,25.529,20.531,28.128,-0.51,1.7,1.13
ATOM,6156.0,CB,LEU,415.0,25.499,18.049,30.149,-0.18,2.175,0.0
ATOM,6157.0,CG,LEU,415.0,25.147,17.87,31.633,-0.09,2.275,0.0
ATOM,6158.0,CD1,LEU,415.0,26.193,17.037,32.371,-0.27,2.06,0.0
ATOM,6159.0,CD2,LEU,415.0,24.946,19.228,32.334,-0.27,2.06,5.29
ATOM,6160.0,H,LEU,415.0,23.473,16.787,28.936,0.31,0.2245,0.0
ATOM,6161.0,HA,LEU,415.0,24.047,19.491,29.886,0.09,1.32,0.0
ATOM,6162.0,HB2,LEU,415.0,25.645,17.146,29.768,0.09,1.32,0.0
ATOM,6163.0,HB3,LEU,415.0,26.325,18.592,30.103,0.09,1.32,0.0
ATOM,6164.0,HG,LEU,415.0,24.254,17.416,31.701,0.09,1.32,0.0
ATOM,6165.0,HD11,LEU,415.0,27.081,17.492,32.312,0.09,1.32,0.0
ATOM,6166.0,HD12,LEU,415.0,25.927,16.945,33.33,0.09,1.32,0.0
ATOM,6167.0,HD13,LEU,415.0,26.252,16.132,31.952,0.09,1.32,0.0
ATOM,6168.0,HD21,LEU,415.0,24.202,19.718,31.886,0.09,1.32,0.92
ATOM,6169.0,HD22,LEU,415.0,24.72,19.069,33.292,0.09,1.32,0.22
ATOM,6170.0,HD23,LEU,415.0,25.79,19.756,32.267,0.09,1.32,0.0
ATOM,6171.0,N,GLY,416.0,25.103,18.622,26.978,-0.47,1.85,0.0
ATOM,6172.0,CA,GLY,416.0,25.626,19.148,25.706,-0.02,2.175,13.46
ATOM,6173.0,C,GLY,416.0,27.036,19.698,25.841,0.51,2.0,2.05
ATOM,6174.0,O,GLY,416.0,27.953,18.996,26.272,-0.51,1.7,6.92
ATOM,6175.0,H,GLY,416.0,24.756,17.655,27.093,0.31,0.2245,0.0
ATOM,6176.0,HA2,GLY,416.0,25.617,18.407,25.017,0.09,1.32,6.85
ATOM,6177.0,HA3,GLY,416.0,25.009,19.879,25.375,0.09,1.32,5.1
ATOM,6178.0,N,GLU,417.0,27.203,20.962,25.455,-0.47,1.85,3.39
ATOM,6179.0,CA,GLU,417.0,28.503,21.626,25.513,0.07,2.275,3.5
ATOM,6180.0,C,GLU,417.0,29.146,21.689,26.911,0.51,2.0,0.0
ATOM,6181.0,O,GLU,417.0,30.345,21.953,27.017,-0.51,1.7,18.3
ATOM,6182.0,CB,GLU,417.0,28.391,23.048,24.915,-0.18,2.175,18.51
ATOM,6183.0,CG,GLU,417.0,27.506,24.022,25.725,-0.28,2.175,13.06
ATOM,6184.0,CD,GLU,417.0,26.006,23.997,25.396,0.62,2.0,2.62
ATOM,6185.0,OE1,GLU,417.0,25.448,22.96,24.986,-0.76,1.7,21.29
ATOM,6186.0,OE2,GLU,417.0,25.367,25.062,25.568,-0.76,1.7,45.62
ATOM,6187.0,H,GLU,417.0,26.338,21.429,25.113,0.31,0.2245,0.47
ATOM,6188.0,HA,GLU,417.0,29.152,21.157,24.875,0.09,1.32,11.67
ATOM,6189.0,HB2,GLU,417.0,29.296,23.431,24.886,0.09,1.32,8.61
ATOM,6190.0,HB3,GLU,417.0,27.992,22.966,24.021,0.09,1.32,8.89
ATOM,6191.0,HG2,GLU,417.0,27.601,23.79,26.684,0.09,1.32,0.0
ATOM,6192.0,HG3,GLU,417.0,27.83,24.943,25.551,0.09,1.32,10.81
ATOM,6193.0,N,LYS,418.0,28.354,21.457,27.968,-0.47,1.85,0.0
ATOM,6194.0,CA,LYS,418.0,28.865,21.5,29.346,0.07,2.275,0.98
ATOM,6195.0,C,LYS,418.0,29.545,20.2,29.817,0.51,2.0,0.0
ATOM,6196.0,O,LYS,418.0,30.106,20.157,30.914,-0.51,1.7,4.45
ATOM,6197.0,CB,LYS,418.0,27.743,21.855,30.327,-0.18,2.175,1.2
ATOM,6198.0,CG,LYS,418.0,27.12,23.248,30.159,-0.18,2.175,8.98
ATOM,6199.0,CD,LYS,418.0,25.936,23.438,31.13,-0.18,2.175,16.13
ATOM,6200.0,CE,LYS,418.0,24.689,22.643,30.693,0.21,2.175,3.48
ATOM,6201.0,NZ,LYS,418.0,23.405,23.083,31.348,-0.3,1.85,14.1
ATOM,6202.0,H,LYS,418.0,27.367,21.248,27.732,0.31,0.2245,0.0
ATOM,6203.0,HA,LYS,418.0,29.544,22.257,29.416,0.09,1.32,7.92
ATOM,6204.0,HB2,LYS,418.0,27.01,21.176,30.225,0.09,1.32,0.0
ATOM,6205.0,HB3,LYS,418.0,28.111,21.793,31.26,0.09,1.32,0.0
ATOM,6206.0,HG2,LYS,418.0,27.807,23.938,30.358,0.09,1.32,10.59
ATOM,6207.0,HG3,LYS,418.0,26.786,23.346,29.229,0.09,1.32,0.0
ATOM,6208.0,HD2,LYS,418.0,26.21,23.12,32.03,0.09,1.32,2.44
ATOM,6209.0,HD3,LYS,418.0,25.699,24.402,31.157,0.09,1.32,9.41
ATOM,6210.0,HE2,LYS,418.0,24.59,22.73,29.691,0.05,1.32,3.14
ATOM,6211.0,HE3,LYS,418.0,24.843,21.666,30.903,0.05,1.32,0.0
ATOM,6212.0,HZ1,LYS,418.0,23.232,22.503,32.139,0.33,0.2245,13.07
ATOM,6213.0,HZ2,LYS,418.0,23.499,24.033,31.635,0.33,0.2245,15.94
ATOM,6214.0,HZ3,LYS,418.0,22.661,22.996,30.69,0.33,0.2245,16.04
ATOM,6215.0,N,ALA,419.0,29.479,19.142,29.007,-0.47,1.85,0.0
ATOM,6216.0,CA,ALA,419.0,30.109,17.869,29.375,0.07,2.275,0.0
ATOM,6217.0,C,ALA,419.0,31.016,17.324,28.273,0.51,2.0,0.0
ATOM,6218.0,O,ALA,419.0,30.633,16.437,27.517,-0.51,1.7,3.46
ATOM,6219.0,CB,ALA,419.0,29.045,16.841,29.78,-0.27,2.06,0.0
ATOM,6220.0,H,ALA,419.0,28.963,19.292,28.127,0.31,0.2245,0.0
ATOM,6221.0,HA,ALA,419.0,30.667,18.016,30.207,0.09,1.32,0.0
ATOM,6222.0,HB1,ALA,419.0,28.86,16.238,29.007,0.09,1.32,0.0
ATOM,6223.0,HB2,ALA,419.0,29.382,16.306,30.552,0.09,1.32,0.0
ATOM,6224.0,HB3,ALA,419.0,28.209,17.319,30.041,0.09,1.32,0.0
ATOM,6225.0,N,PRO,420.0,32.25,17.847,28.183,-0.29,1.85,0.0
ATOM,6226.0,CA,PRO,420.0,33.154,17.357,27.152,0.02,2.275,1.54
ATOM,6227.0,C,PRO,420.0,33.484,15.872,27.281,0.51,2.0,0.0
ATOM,6228.0,O,PRO,420.0,33.521,15.328,28.397,-0.51,1.7,0.0
ATOM,6229.0,CB,PRO,420.0,34.429,18.197,27.359,-0.18,2.175,4.37
ATOM,6230.0,CG,PRO,420.0,34.001,19.36,28.149,-0.18,2.175,17.78
ATOM,6231.0,CD,PRO,420.0,32.867,18.894,29.013,0.0,2.175,4.73
ATOM,6232.0,HA,PRO,420.0,32.782,17.557,26.224,0.09,1.32,8.79
ATOM,6233.0,HB2,PRO,420.0,35.124,17.652,27.844,0.09,1.32,0.0
ATOM,6234.0,HB3,PRO,420.0,34.809,18.471,26.468,0.09,1.32,12.17
ATOM,6235.0,HG2,PRO,420.0,34.761,19.711,28.72,0.09,1.32,11.6
ATOM,6236.0,HG3,PRO,420.0,33.7,20.117,27.546,0.09,1.32,7.24
ATOM,6237.0,HD2,PRO,420.0,33.194,18.512,29.874,0.09,1.32,0.04
ATOM,6238.0,HD3,PRO,420.0,32.216,19.628,29.193,0.09,1.32,0.34
ATOM,6239.0,N,TYR,421.0,33.696,15.241,26.13,-0.47,1.85,0.13
ATOM,6240.0,CA,TYR,421.0,34.289,13.916,26.052,0.07,2.275,0.0
ATOM,6241.0,C,TYR,421.0,35.741,14.134,25.648,0.51,2.0,0.0
ATOM,6242.0,O,TYR,421.0,36.033,14.521,24.505,-0.51,1.7,12.78
ATOM,6243.0,CB,TYR,421.0,33.555,13.081,25.008,-0.18,2.175,0.33
ATOM,6244.0,CG,TYR,421.0,34.027,11.646,24.888,0.0,1.9924,0.0
ATOM,6245.0,CD1,TYR,421.0,33.551,10.644,25.752,-0.115,1.9924,0.0
ATOM,6246.0,CD2,TYR,421.0,34.932,11.272,23.894,-0.115,1.9924,0.0
ATOM,6247.0,CE1,TYR,421.0,33.991,9.323,25.626,-0.115,1.9924,0.0
ATOM,6248.0,CE2,TYR,421.0,35.385,9.957,23.763,-0.115,1.9924,0.0
ATOM,6249.0,CZ,TYR,421.0,34.901,8.979,24.633,0.11,1.9924,0.0
ATOM,6250.0,OH,TYR,421.0,35.332,7.685,24.497,-0.54,1.77,0.0
ATOM,6251.0,H,TYR,421.0,33.398,15.783,25.284,0.31,0.2245,7.06
ATOM,6252.0,HA,TYR,421.0,34.276,13.508,26.952,0.09,1.32,0.0
ATOM,6253.0,HB2,TYR,421.0,32.581,13.068,25.243,0.09,1.32,0.0
ATOM,6254.0,HB3,TYR,421.0,33.672,13.519,24.115,0.09,1.32,0.0
ATOM,6255.0,HD1,TYR,421.0,32.894,10.878,26.462,0.115,1.3582,0.0
ATOM,6256.0,HD2,TYR,421.0,35.268,11.966,23.253,0.115,1.3582,0.14
ATOM,6257.0,HE1,TYR,421.0,33.646,8.622,26.255,0.115,1.3582,0.0
ATOM,6258.0,HE2,TYR,421.0,36.045,9.72,23.059,0.115,1.3582,0.0
ATOM,6259.0,HH,TYR,421.0,35.779,7.577,23.61,0.43,0.2245,0.0
ATOM,6260.0,N,ASN,422.0,36.65,13.921,26.597,-0.47,1.85,0.0
ATOM,6261.0,CA,ASN,422.0,38.062,14.267,26.402,0.07,2.275,0.34
ATOM,6262.0,C,ASN,422.0,38.937,13.229,25.697,0.51,2.0,1.0
ATOM,6263.0,O,ASN,422.0,40.082,13.528,25.318,-0.51,1.7,2.75
ATOM,6264.0,CB,ASN,422.0,38.664,14.694,27.736,-0.18,2.175,1.0
ATOM,6265.0,CG,ASN,422.0,37.997,15.929,28.266,0.55,2.0,1.48
ATOM,6266.0,H,ASN,422.0,36.282,13.498,27.469,0.31,0.2245,0.0
ATOM,6267.0,HA,ASN,422.0,38.08,15.113,25.819,0.09,1.32,2.8
ATOM,6268.0,HB2,ASN,422.0,38.54,13.954,28.387,0.09,1.32,0.0
ATOM,6269.0,HB3,ASN,422.0,39.63,14.881,27.598,0.09,1.32,0.0
ATOM,6270.0,OD1,ASN,422.0,37.845,16.917,27.534,-0.55,1.7,18.47
ATOM,6271.0,ND2,ASN,422.0,37.566,15.884,29.516,-0.62,1.85,12.61
ATOM,6272.0,HD22,ASN,422.0,37.698,15.052,30.061,0.3,0.2245,0.0
ATOM,6273.0,HD21,ASN,422.0,37.109,16.675,29.922,0.32,0.2245,9.24
ATOM,6274.0,N,GLY,423.0,38.409,12.022,25.507,-0.47,1.85,0.0
ATOM,6275.0,CA,GLY,423.0,39.122,10.996,24.745,-0.02,2.175,0.89
ATOM,6276.0,C,GLY,423.0,40.383,10.503,25.442,0.51,2.0,0.0
ATOM,6277.0,O,GLY,423.0,40.431,10.422,26.681,-0.51,1.7,0.0
ATOM,6278.0,H,GLY,423.0,37.478,11.877,25.932,0.31,0.2245,0.0
ATOM,6279.0,HA2,GLY,423.0,38.5,10.209,24.584,0.09,1.32,0.0
ATOM,6280.0,HA3,GLY,423.0,39.369,11.37,23.834,0.09,1.32,4.15
ATOM,6281.0,N,ARG,424.0,41.418,10.218,24.651,-0.47,1.85,0.0
ATOM,6282.0,CA,ARG,424.0,42.558,9.449,25.167,0.07,2.275,0.0
ATOM,6283.0,C,ARG,424.0,43.293,10.092,26.342,0.51,2.0,0.0
ATOM,6284.0,O,ARG,424.0,43.822,9.384,27.205,-0.51,1.7,0.0
ATOM,6285.0,CB,ARG,424.0,43.51,8.959,24.049,-0.18,2.175,0.15
ATOM,6286.0,CG,ARG,424.0,44.63,9.86,23.622,-0.18,2.175,2.07
ATOM,6287.0,CD,ARG,424.0,45.488,9.176,22.514,0.2,2.175,14.44
ATOM,6288.0,NE,ARG,424.0,46.377,8.069,22.911,-0.7,1.85,4.35
ATOM,6289.0,CZ,ARG,424.0,46.438,6.868,22.316,0.64,2.0,1.98
ATOM,6290.0,NH1,ARG,424.0,47.314,5.968,22.723,-0.8,1.85,13.54
ATOM,6291.0,NH2,ARG,424.0,45.634,6.556,21.299,-0.8,1.85,5.43
ATOM,6292.0,H,ARG,424.0,41.352,10.569,23.688,0.31,0.2245,6.02
ATOM,6293.0,HA,ARG,424.0,42.217,8.532,25.464,0.09,1.32,0.0
ATOM,6294.0,HB2,ARG,424.0,43.907,8.079,24.362,0.09,1.32,0.0
ATOM,6295.0,HB3,ARG,424.0,42.935,8.755,23.238,0.09,1.32,0.6
ATOM,6296.0,HG2,ARG,424.0,44.276,10.701,23.235,0.09,1.32,8.2
ATOM,6297.0,HG3,ARG,424.0,45.238,10.048,24.381,0.09,1.32,0.0
ATOM,6298.0,HD2,ARG,424.0,44.84,8.841,21.805,0.09,1.32,2.41
ATOM,6299.0,HD3,ARG,424.0,46.046,9.909,22.081,0.09,1.32,10.82
ATOM,6300.0,HE,ARG,424.0,46.992,8.228,23.698,0.44,0.2245,1.09
ATOM,6301.0,HH11,ARG,424.0,47.929,6.151,23.487,0.46,0.2245,1.04
ATOM,6302.0,HH12,ARG,424.0,47.366,5.074,22.257,0.46,0.2245,5.55
ATOM,6303.0,HH21,ARG,424.0,44.961,7.242,20.998,0.46,0.2245,1.41
ATOM,6304.0,HH22,ARG,424.0,45.697,5.676,20.855,0.46,0.2245,0.0
ATOM,6305.0,N,LYS,425.0,43.301,11.421,26.389,-0.47,1.85,0.0
ATOM,6306.0,CA,LYS,425.0,43.997,12.144,27.466,0.07,2.275,0.0
ATOM,6307.0,C,LYS,425.0,43.456,11.863,28.885,0.51,2.0,0.0
ATOM,6308.0,O,LYS,425.0,44.129,12.142,29.87,-0.51,1.7,16.83
ATOM,6309.0,CB,LYS,425.0,44.028,13.654,27.182,-0.18,2.175,0.06
ATOM,6310.0,CG,LYS,425.0,42.684,14.364,27.32,-0.18,2.175,1.42
ATOM,6311.0,CD,LYS,425.0,42.801,15.88,27.015,-0.18,2.175,17.71
ATOM,6312.0,CE,LYS,425.0,43.06,16.153,25.518,0.21,2.175,16.82
ATOM,6313.0,NZ,LYS,425.0,41.879,15.865,24.618,-0.3,1.85,10.38
ATOM,6314.0,H,LYS,425.0,42.79,11.894,25.625,0.31,0.2245,0.53
ATOM,6315.0,HA,LYS,425.0,44.983,11.885,27.446,0.09,1.32,0.0
ATOM,6316.0,HB2,LYS,425.0,44.672,14.076,27.821,0.09,1.32,5.19
ATOM,6317.0,HB3,LYS,425.0,44.358,13.786,26.246,0.09,1.32,0.0
ATOM,6318.0,HG2,LYS,425.0,42.032,13.967,26.677,0.09,1.32,0.0
ATOM,6319.0,HG3,LYS,425.0,42.347,14.259,28.253,0.09,1.32,3.2
ATOM,6320.0,HD2,LYS,425.0,41.949,16.318,27.272,0.09,1.32,3.21
ATOM,6321.0,HD3,LYS,425.0,43.559,16.249,27.537,0.09,1.32,9.67
ATOM,6322.0,HE2,LYS,425.0,43.321,17.122,25.41,0.05,1.32,12.07
ATOM,6323.0,HE3,LYS,425.0,43.84,15.586,25.219,0.05,1.32,1.96
ATOM,6324.0,HZ1,LYS,425.0,41.607,14.915,24.742,0.33,0.2245,1.21
ATOM,6325.0,HZ2,LYS,425.0,41.131,16.473,24.868,0.33,0.2245,10.55
ATOM,6326.0,HZ3,LYS,425.0,42.151,16.024,23.673,0.33,0.2245,20.2
ATOM,6327.0,N,GLU,426.0,42.245,11.307,29.002,-0.47,1.85,0.0
ATOM,6328.0,CA,GLU,426.0,41.759,10.921,30.339,0.07,2.275,0.05
ATOM,6329.0,C,GLU,426.0,42.615,9.819,30.961,0.51,2.0,0.0
ATOM,6330.0,O,GLU,426.0,42.743,9.74,32.185,-0.51,1.7,4.22
ATOM,6331.0,CB,GLU,426.0,40.307,10.436,30.285,-0.18,2.175,0.0
ATOM,6332.0,CG,GLU,426.0,39.296,11.503,29.86,-0.28,2.175,0.0
ATOM,6333.0,CD,GLU,426.0,38.946,12.514,30.951,0.62,2.0,0.64
ATOM,6334.0,OE1,GLU,426.0,39.632,12.601,31.992,-0.76,1.7,21.51
ATOM,6335.0,OE2,GLU,426.0,37.954,13.247,30.759,-0.76,1.7,1.9
ATOM,6336.0,H,GLU,426.0,41.721,11.182,28.14,0.31,0.2245,0.0
ATOM,6337.0,HA,GLU,426.0,41.763,11.731,30.941,0.09,1.32,3.33
ATOM,6338.0,HB2,GLU,426.0,40.258,9.705,29.626,0.09,1.32,0.0
ATOM,6339.0,HB3,GLU,426.0,40.056,10.135,31.188,0.09,1.32,0.0
ATOM,6340.0,HG2,GLU,426.0,39.682,12.007,29.104,0.09,1.32,0.0
ATOM,6341.0,HG3,GLU,426.0,38.458,11.048,29.601,0.09,1.32,0.0
ATOM,6342.0,N,ILE,427.0,43.156,8.955,30.112,-0.47,1.85,0.0
ATOM,6343.0,CA,ILE,427.0,43.913,7.78,30.538,0.07,2.275,0.0
ATOM,6344.0,C,ILE,427.0,45.285,8.185,31.052,0.51,2.0,0.01
ATOM,6345.0,O,ILE,427.0,45.985,8.982,30.415,-0.51,1.7,1.16
ATOM,6346.0,CB,ILE,427.0,44.035,6.777,29.373,-0.09,2.275,0.0
ATOM,6347.0,CG1,ILE,427.0,42.626,6.43,28.851,-0.18,2.175,0.0
ATOM,6348.0,CG2,ILE,427.0,44.811,5.555,29.815,-0.27,2.06,0.0
ATOM,6349.0,CD1,ILE,427.0,42.625,5.752,27.484,-0.27,2.06,0.01
ATOM,6350.0,H,ILE,427.0,42.994,9.187,29.101,0.31,0.2245,0.0
ATOM,6351.0,HA,ILE,427.0,43.414,7.393,31.318,0.09,1.32,0.0
ATOM,6352.0,HB,ILE,427.0,44.53,7.216,28.639,0.09,1.32,0.0
ATOM,6353.0,HG12,ILE,427.0,42.187,5.826,29.511,0.09,1.32,0.0
ATOM,6354.0,HG13,ILE,427.0,42.102,7.276,28.787,0.09,1.32,0.0
ATOM,6355.0,HG21,ILE,427.0,44.918,4.926,29.045,0.09,1.32,0.0
ATOM,6356.0,HG22,ILE,427.0,45.715,5.829,30.144,0.09,1.32,0.0
ATOM,6357.0,HG23,ILE,427.0,44.32,5.091,30.552,0.09,1.32,0.0
ATOM,6358.0,HD11,ILE,427.0,43.141,4.901,27.543,0.09,1.32,0.0
ATOM,6359.0,HD12,ILE,427.0,41.684,5.561,27.217,0.09,1.32,0.0
ATOM,6360.0,HD13,ILE,427.0,43.05,6.361,26.819,0.09,1.32,0.0
ATOM,6361.0,N,LYS,428.0,45.655,7.648,32.212,-0.47,1.85,0.0
ATOM,6362.0,CA,LYS,428.0,46.941,7.977,32.836,0.07,2.275,0.03
ATOM,6363.0,C,LYS,428.0,48.088,7.488,31.962,0.51,2.0,0.0
ATOM,6364.0,O,LYS,428.0,48.137,6.322,31.588,-0.51,1.7,0.0
ATOM,6365.0,CB,LYS,428.0,47.015,7.378,34.239,-0.18,2.175,0.0
ATOM,6366.0,CG,LYS,428.0,48.192,7.868,35.085,-0.18,2.175,0.0
ATOM,6367.0,CD,LYS,428.0,48.122,9.374,35.387,-0.18,2.175,2.03
ATOM,6368.0,CE,LYS,428.0,49.407,9.849,36.08,0.21,2.175,11.68
ATOM,6369.0,NZ,LYS,428.0,49.344,11.292,36.489,-0.3,1.85,10.21
ATOM,6370.0,H,LYS,428.0,44.971,6.991,32.629,0.31,0.2245,0.0
ATOM,6371.0,HA,LYS,428.0,47.007,8.974,32.932,0.09,1.32,2.5
ATOM,6372.0,HB2,LYS,428.0,46.17,7.606,34.724,0.09,1.32,0.0
ATOM,6373.0,HB3,LYS,428.0,47.089,6.383,34.153,0.09,1.32,0.0
ATOM,6374.0,HG2,LYS,428.0,48.198,7.369,35.955,0.09,1.32,0.0
ATOM,6375.0,HG3,LYS,428.0,49.047,7.681,34.596,0.09,1.32,0.0
ATOM,6376.0,HD2,LYS,428.0,48.024,9.865,34.535,0.09,1.32,2.86
ATOM,6377.0,HD3,LYS,428.0,47.358,9.543,35.991,0.09,1.32,0.0
ATOM,6378.0,HE2,LYS,428.0,49.56,9.284,36.896,0.05,1.32,1.48
ATOM,6379.0,HE3,LYS,428.0,50.179,9.721,35.45,0.05,1.32,7.3
ATOM,6380.0,HZ1,LYS,428.0,49.251,11.345,37.481,0.33,0.2245,3.88
ATOM,6381.0,HZ2,LYS,428.0,50.183,11.748,36.202,0.33,0.2245,20.6
ATOM,6382.0,HZ3,LYS,428.0,48.557,11.72,36.05,0.33,0.2245,11.53
ATOM,6383.0,N,GLY,429.0,49.004,8.398,31.625,-0.47,1.85,0.0
ATOM,6384.0,CA,GLY,429.0,50.116,8.057,30.744,-0.02,2.175,4.82
ATOM,6385.0,C,GLY,429.0,49.917,8.547,29.323,0.51,2.0,1.57
ATOM,6386.0,O,GLY,429.0,50.874,8.615,28.548,-0.51,1.7,16.67
ATOM,6387.0,H,GLY,429.0,48.858,9.337,32.032,0.31,0.2245,7.48
ATOM,6388.0,HA2,GLY,429.0,50.972,8.455,31.119,0.09,1.32,3.65
ATOM,6389.0,HA3,GLY,429.0,50.238,7.048,30.737,0.09,1.32,0.0
ATOM,6390.0,N,GLN,430.0,48.672,8.881,28.976,-0.47,1.85,0.06
ATOM,6391.0,CA,GLN,430.0,48.342,9.398,27.656,0.07,2.275,0.0
ATOM,6392.0,C,GLN,430.0,48.153,10.904,27.709,0.51,2.0,0.77
ATOM,6393.0,O,GLN,430.0,47.413,11.42,28.545,-0.51,1.7,8.32
ATOM,6394.0,CB,GLN,430.0,47.072,8.735,27.104,-0.18,2.175,0.0
ATOM,6395.0,CG,GLN,430.0,47.137,7.212,26.993,-0.18,2.175,0.0
ATOM,6396.0,CD,GLN,430.0,48.337,6.704,26.202,0.55,2.0,0.0
ATOM,6397.0,H,GLN,430.0,47.964,8.739,29.73,0.31,0.2245,0.0
ATOM,6398.0,HA,GLN,430.0,49.116,9.205,27.044,0.09,1.32,0.69
ATOM,6399.0,HB2,GLN,430.0,46.302,8.968,27.704,0.09,1.32,0.0
ATOM,6400.0,HB3,GLN,430.0,46.89,9.104,26.187,0.09,1.32,0.0
ATOM,6401.0,HG2,GLN,430.0,47.181,6.826,27.918,0.09,1.32,0.0
ATOM,6402.0,HG3,GLN,430.0,46.301,6.889,26.544,0.09,1.32,0.04
ATOM,6403.0,OE1,GLN,430.0,48.535,7.07,25.04,-0.55,1.7,11.36
ATOM,6404.0,NE2,GLN,430.0,49.14,5.842,26.831,-0.62,1.85,0.57
ATOM,6405.0,HE21,GLN,430.0,49.948,5.453,26.362,0.32,0.2245,10.43
ATOM,6406.0,HE22,GLN,430.0,48.923,5.585,27.791,0.3,0.2245,0.0
ATOM,6407.0,N,ALA,431.0,48.84,11.608,26.816,-0.47,1.85,0.34
ATOM,6408.0,CA,ALA,431.0,48.751,13.063,26.754,0.07,2.275,2.47
ATOM,6409.0,C,ALA,431.0,47.711,13.516,25.737,0.34,2.0,0.45
ATOM,6410.0,O,ALA,431.0,47.254,12.732,24.896,-0.67,1.7,14.22
ATOM,6411.0,CB,ALA,431.0,50.125,13.675,26.441,-0.27,2.06,41.35
ATOM,6412.0,OXT,ALA,431.0,47.188,14.623,25.578,-0.67,1.7,24.74
ATOM,6413.0,H,ALA,431.0,49.434,11.043,26.178,0.31,0.2245,9.04
ATOM,6414.0,HA,ALA,431.0,48.484,13.41,27.664,0.09,1.32,7.42
ATOM,6415.0,HB1,ALA,431.0,50.256,14.489,27.002,0.09,1.32,11.85
ATOM,6416.0,HB2,ALA,431.0,50.835,13.006,26.646,0.09,1.32,8.55
ATOM,6417.0,HB3,ALA,431.0,50.161,13.921,25.475,0.09,1.32,9.7
HETATM,6418.0,MG,MG,1431.0,39.305,-6.6,38.558,2.0,1.185,
