atom,serial,name,resname,resid,x,y,z,charges,radius,sasa
ATOM,1.0,N,GLY,1.0,-15.67,-6.642,0.026,-0.3,1.85,15.1
ATOM,2.0,CA,GLY,1.0,-15.787,-6.065,1.396,0.13,2.175,16.62
ATOM,3.0,C,GLY,1.0,-16.13,-7.159,2.395,0.51,2.0,0.72
ATOM,4.0,O,GLY,1.0,-16.018,-8.349,2.091,-0.51,1.7,8.66
ATOM,5.0,H,GLY,1.0,-16.424,-6.309,-0.534,0.33,0.2245,20.18
ATOM,6.0,HA2,GLY,1.0,-14.916,-5.64,1.64,0.09,1.32,1.54
ATOM,7.0,HA3,GLY,1.0,-16.505,-5.37,1.391,0.09,1.32,10.68
ATOM,8.0,H2,GLY,1.0,-14.802,-6.36,-0.374,0.33,0.2245,20.45
ATOM,9.0,H3,GLY,1.0,-15.707,-7.636,0.086,0.33,0.2245,11.21
ATOM,10.0,N,LEU,2.0,-16.548,-6.763,3.59,-0.47,1.85,0.0
ATOM,11.0,CA,LEU,2.0,-17.018,-7.732,4.579,0.07,2.275,0.0
ATOM,12.0,C,LEU,2.0,-18.521,-7.899,4.442,0.51,2.0,0.88
ATOM,13.0,O,LEU,2.0,-19.234,-6.941,4.091,-0.51,1.7,16.9
ATOM,14.0,CB,LEU,2.0,-16.72,-7.239,5.992,-0.18,2.175,0.0
ATOM,15.0,CG,LEU,2.0,-15.303,-7.477,6.521,-0.09,2.275,0.0
ATOM,16.0,CD1,LEU,2.0,-14.301,-6.636,5.739,-0.27,2.06,2.21
ATOM,17.0,CD2,LEU,2.0,-15.237,-7.198,8.023,-0.27,2.06,0.0
ATOM,18.0,H,LEU,2.0,-16.514,-5.745,3.757,0.31,0.2245,1.58
ATOM,19.0,HA,LEU,2.0,-16.58,-8.612,4.396,0.09,1.32,0.0
ATOM,20.0,HB2,LEU,2.0,-16.881,-6.253,6.014,0.09,1.32,0.0
ATOM,21.0,HB3,LEU,2.0,-17.35,-7.697,6.617,0.09,1.32,0.0
ATOM,22.0,HG,LEU,2.0,-15.076,-8.443,6.418,0.09,1.32,0.0
ATOM,23.0,HD11,LEU,2.0,-14.529,-5.668,5.839,0.09,1.32,0.0
ATOM,24.0,HD12,LEU,2.0,-13.38,-6.8,6.093,0.09,1.32,0.0
ATOM,25.0,HD13,LEU,2.0,-14.336,-6.889,4.772,0.09,1.32,0.22
ATOM,26.0,HD21,LEU,2.0,-15.869,-7.807,8.501,0.09,1.32,0.0
ATOM,27.0,HD22,LEU,2.0,-14.306,-7.359,8.349,0.09,1.32,0.0
ATOM,28.0,HD23,LEU,2.0,-15.493,-6.247,8.195,0.09,1.32,0.0
ATOM,29.0,N,SER,3.0,-19.001,-9.103,4.723,-0.47,1.85,1.59
ATOM,30.0,CA,SER,3.0,-20.434,-9.362,4.786,0.07,2.275,3.21
ATOM,31.0,C,SER,3.0,-21.033,-8.727,6.032,0.51,2.0,0.0
ATOM,32.0,O,SER,3.0,-20.313,-8.342,6.957,-0.51,1.7,0.0
ATOM,33.0,CB,SER,3.0,-20.713,-10.866,4.813,0.05,2.175,19.53
ATOM,34.0,OG,SER,3.0,-20.345,-11.414,6.067,-0.66,1.77,0.35
ATOM,35.0,H,SER,3.0,-18.28,-9.833,4.891,0.31,0.2245,0.0
ATOM,36.0,HA,SER,3.0,-20.864,-8.936,3.984,0.09,1.32,7.91
ATOM,37.0,HB2,SER,3.0,-21.683,-11.015,4.666,0.09,1.32,6.89
ATOM,38.0,HB3,SER,3.0,-20.18,-11.303,4.099,0.09,1.32,9.31
ATOM,39.0,HG,SER,3.0,-20.902,-12.222,6.254,0.43,0.2245,12.36
ATOM,40.0,N,ASP,4.0,-22.364,-8.636,6.049,-0.47,1.85,0.93
ATOM,41.0,CA,ASP,4.0,-23.074,-8.17,7.229,0.07,2.275,0.2
ATOM,42.0,C,ASP,4.0,-22.685,-9.02,8.441,0.51,2.0,0.48
ATOM,43.0,O,ASP,4.0,-22.371,-8.479,9.493,-0.51,1.7,3.48
ATOM,44.0,CB,ASP,4.0,-24.584,-8.198,6.962,-0.28,2.175,15.76
ATOM,45.0,CG,ASP,4.0,-25.009,-7.116,5.974,0.62,2.0,3.84
ATOM,46.0,OD1,ASP,4.0,-24.44,-5.995,6.016,-0.76,1.7,25.99
ATOM,47.0,OD2,ASP,4.0,-25.886,-7.385,5.127,-0.76,1.7,46.32
ATOM,48.0,H,ASP,4.0,-22.83,-8.92,5.169,0.31,0.2245,6.32
ATOM,49.0,HA,ASP,4.0,-22.764,-7.235,7.419,0.09,1.32,0.0
ATOM,50.0,HB2,ASP,4.0,-24.813,-9.082,6.581,0.09,1.32,7.21
ATOM,51.0,HB3,ASP,4.0,-25.051,-8.045,7.82,0.09,1.32,10.06
ATOM,52.0,N,GLY,5.0,-22.673,-10.342,8.265,-0.47,1.85,1.52
ATOM,53.0,CA,GLY,5.0,-22.325,-11.289,9.334,-0.02,2.175,21.21
ATOM,54.0,C,GLY,5.0,-20.924,-11.045,9.873,0.51,2.0,1.47
ATOM,55.0,O,GLY,5.0,-20.681,-11.024,11.093,-0.51,1.7,1.39
ATOM,56.0,H,GLY,5.0,-22.932,-10.65,7.301,0.31,0.2245,4.47
ATOM,57.0,HA2,GLY,5.0,-22.995,-11.2,10.084,0.09,1.32,2.04
ATOM,58.0,HA3,GLY,5.0,-22.388,-12.23,8.974,0.09,1.32,9.93
ATOM,59.0,N,GLU,6.0,-20.003,-10.812,8.947,-0.47,1.85,0.56
ATOM,60.0,CA,GLU,6.0,-18.624,-10.527,9.304,0.07,2.275,0.14
ATOM,61.0,C,GLU,6.0,-18.499,-9.213,10.087,0.51,2.0,0.0
ATOM,62.0,O,GLU,6.0,-17.833,-9.166,11.127,-0.51,1.7,0.0
ATOM,63.0,CB,GLU,6.0,-17.771,-10.515,8.043,-0.18,2.175,0.0
ATOM,64.0,CG,GLU,6.0,-17.48,-11.931,7.524,-0.28,2.175,10.24
ATOM,65.0,CD,GLU,6.0,-16.837,-11.948,6.134,0.62,2.0,0.72
ATOM,66.0,OE1,GLU,6.0,-16.98,-10.964,5.377,-0.76,1.7,0.54
ATOM,67.0,OE2,GLU,6.0,-16.209,-12.974,5.779,-0.76,1.7,29.29
ATOM,68.0,H,GLU,6.0,-20.348,-10.851,7.968,0.31,0.2245,0.0
ATOM,69.0,HA,GLU,6.0,-18.251,-11.28,9.864,0.09,1.32,0.0
ATOM,70.0,HB2,GLU,6.0,-18.265,-10.046,7.344,0.09,1.32,0.0
ATOM,71.0,HB3,GLU,6.0,-16.913,-10.103,8.257,0.09,1.32,0.0
ATOM,72.0,HG2,GLU,6.0,-16.851,-12.36,8.145,0.09,1.32,2.69
ATOM,73.0,HG3,GLU,6.0,-18.332,-12.415,7.46,0.09,1.32,2.78
ATOM,74.0,N,TRP,7.0,-19.155,-8.148,9.619,-0.47,1.85,0.0
ATOM,75.0,CA,TRP,7.0,-19.151,-6.903,10.405,0.07,2.275,0.0
ATOM,76.0,C,TRP,7.0,-19.69,-7.135,11.828,0.51,2.0,0.02
ATOM,77.0,O,TRP,7.0,-19.149,-6.606,12.799,-0.51,1.7,0.0
ATOM,78.0,CB,TRP,7.0,-19.946,-5.804,9.696,-0.18,2.175,1.22
ATOM,79.0,CG,TRP,7.0,-19.137,-5.167,8.606,-0.03,1.9924,0.0
ATOM,80.0,CD1,TRP,7.0,-19.448,-5.093,7.273,0.035,1.9924,4.14
ATOM,81.0,CD2,TRP,7.0,-17.865,-4.505,8.756,-0.02,1.8,0.0
ATOM,82.0,NE1,TRP,7.0,-18.456,-4.416,6.58,-0.61,1.85,0.66
ATOM,83.0,CE2,TRP,7.0,-17.476,-4.04,7.467,0.13,1.8,0.0
ATOM,84.0,CE3,TRP,7.0,-17.013,-4.26,9.848,-0.115,1.9924,0.0
ATOM,85.0,CZ2,TRP,7.0,-16.269,-3.372,7.249,-0.115,1.9924,0.0
ATOM,86.0,CZ3,TRP,7.0,-15.807,-3.572,9.625,-0.115,1.9924,0.0
ATOM,87.0,CH2,TRP,7.0,-15.46,-3.133,8.327,-0.115,1.9924,0.0
ATOM,88.0,H,TRP,7.0,-19.628,-8.265,8.727,0.31,0.2245,0.0
ATOM,89.0,HA,TRP,7.0,-18.196,-6.601,10.491,0.09,1.32,0.0
ATOM,90.0,HB2,TRP,7.0,-20.742,-6.201,9.28,0.09,1.32,0.0
ATOM,91.0,HB3,TRP,7.0,-20.173,-5.102,10.345,0.09,1.32,0.0
ATOM,92.0,HD1,TRP,7.0,-20.271,-5.471,6.854,0.115,1.3582,1.39
ATOM,93.0,HE1,TRP,7.0,-18.456,-4.234,5.602,0.38,0.2245,7.32
ATOM,94.0,HE3,TRP,7.0,-17.249,-4.562,10.764,0.115,1.3582,0.0
ATOM,95.0,HZ2,TRP,7.0,-16.016,-3.082,6.317,0.115,1.3582,0.39
ATOM,96.0,HZ3,TRP,7.0,-15.204,-3.399,10.386,0.115,1.3582,0.0
ATOM,97.0,HH2,TRP,7.0,-14.6,-2.637,8.209,0.115,1.3582,1.79
ATOM,98.0,N,GLN,8.0,-20.745,-7.935,11.953,-0.47,1.85,0.52
ATOM,99.0,CA,GLN,8.0,-21.318,-8.194,13.267,0.07,2.275,2.6
ATOM,100.0,C,GLN,8.0,-20.297,-8.884,14.18,0.51,2.0,0.0
ATOM,101.0,O,GLN,8.0,-20.184,-8.546,15.363,-0.51,1.7,1.2
ATOM,102.0,CB,GLN,8.0,-22.597,-9.021,13.124,-0.18,2.175,1.98
ATOM,103.0,CG,GLN,8.0,-23.329,-9.238,14.429,-0.18,2.175,9.83
ATOM,104.0,CD,GLN,8.0,-24.664,-9.921,14.233,0.55,2.0,2.75
ATOM,105.0,H,GLN,8.0,-21.103,-8.336,11.076,0.31,0.2245,0.0
ATOM,106.0,HA,GLN,8.0,-21.552,-7.311,13.687,0.09,1.32,3.32
ATOM,107.0,HB2,GLN,8.0,-23.213,-8.549,12.491,0.09,1.32,6.39
ATOM,108.0,HB3,GLN,8.0,-22.357,-9.917,12.744,0.09,1.32,0.21
ATOM,109.0,HG2,GLN,8.0,-22.765,-9.808,15.026,0.09,1.32,4.97
ATOM,110.0,HG3,GLN,8.0,-23.485,-8.351,14.864,0.09,1.32,6.74
ATOM,111.0,OE1,GLN,8.0,-24.765,-10.924,13.528,-0.55,1.7,33.29
ATOM,112.0,NE2,GLN,8.0,-25.696,-9.389,14.875,-0.62,1.85,28.57
ATOM,113.0,HE21,GLN,8.0,-26.631,-9.785,14.782,0.32,0.2245,22.32
ATOM,114.0,HE22,GLN,8.0,-25.542,-8.575,15.467,0.3,0.2245,17.13
ATOM,115.0,N,GLN,9.0,-19.527,-9.806,13.612,-0.47,1.85,0.0
ATOM,116.0,CA,GLN,9.0,-18.433,-10.437,14.349,0.07,2.275,0.27
ATOM,117.0,C,GLN,9.0,-17.389,-9.428,14.774,0.51,2.0,0.0
ATOM,118.0,O,GLN,9.0,-16.965,-9.426,15.927,-0.51,1.7,0.02
ATOM,119.0,CB,GLN,9.0,-17.748,-11.508,13.499,-0.18,2.175,0.0
ATOM,120.0,CG,GLN,9.0,-18.664,-12.632,13.109,-0.18,2.175,5.56
ATOM,121.0,CD,GLN,9.0,-18.297,-13.918,13.792,0.55,2.0,1.75
ATOM,122.0,OE1,GLN,9.0,-18.195,-13.948,15.016,-0.55,1.7,19.29
ATOM,123.0,NE2,GLN,9.0,-18.145,-15.003,13.019,-0.62,1.85,8.45
ATOM,124.0,H,GLN,9.0,-19.762,-10.033,12.631,0.31,0.2245,0.0
ATOM,125.0,HA,GLN,9.0,-18.825,-10.853,15.182,0.09,1.32,1.22
ATOM,126.0,HB2,GLN,9.0,-17.399,-11.076,12.667,0.09,1.32,0.0
ATOM,127.0,HB3,GLN,9.0,-16.982,-11.886,14.022,0.09,1.32,0.0
ATOM,128.0,HG2,GLN,9.0,-19.601,-12.391,13.362,0.09,1.32,4.02
ATOM,129.0,HG3,GLN,9.0,-18.611,-12.767,12.119,0.09,1.32,0.17
ATOM,130.0,HE21,GLN,9.0,-17.886,-15.895,13.412,0.32,0.2245,0.0
ATOM,131.0,HE22,GLN,9.0,-18.301,-14.904,12.015,0.3,0.2245,12.04
ATOM,132.0,N,VAL,10.0,-16.97,-8.584,13.834,-0.47,1.85,0.0
ATOM,133.0,CA,VAL,10.0,-15.948,-7.582,14.134,0.07,2.275,0.0
ATOM,134.0,C,VAL,10.0,-16.396,-6.74,15.326,0.51,2.0,0.0
ATOM,135.0,O,VAL,10.0,-15.621,-6.541,16.276,-0.51,1.7,0.0
ATOM,136.0,CB,VAL,10.0,-15.664,-6.648,12.933,-0.09,2.275,0.0
ATOM,137.0,CG1,VAL,10.0,-14.761,-5.463,13.366,-0.27,2.06,0.0
ATOM,138.0,CG2,VAL,10.0,-15.03,-7.428,11.77,-0.27,2.06,0.0
ATOM,139.0,H,VAL,10.0,-17.413,-8.695,12.91,0.31,0.2245,0.0
ATOM,140.0,HA,VAL,10.0,-15.108,-8.06,14.391,0.09,1.32,0.0
ATOM,141.0,HB,VAL,10.0,-16.525,-6.252,12.643,0.09,1.32,0.0
ATOM,142.0,HG11,VAL,10.0,-13.893,-5.825,13.69,0.09,1.32,0.0
ATOM,143.0,HG12,VAL,10.0,-14.615,-4.87,12.581,0.09,1.32,0.0
ATOM,144.0,HG13,VAL,10.0,-15.218,-4.963,14.095,0.09,1.32,0.0
ATOM,145.0,HG21,VAL,10.0,-14.382,-8.089,12.141,0.09,1.32,0.0
ATOM,146.0,HG22,VAL,10.0,-15.751,-7.9,11.268,0.09,1.32,0.0
ATOM,147.0,HG23,VAL,10.0,-14.559,-6.786,11.17,0.09,1.32,0.0
ATOM,148.0,N,LEU,11.0,-17.631,-6.236,15.28,-0.47,1.85,0.0
ATOM,149.0,CA,LEU,11.0,-18.097,-5.344,16.341,0.07,2.275,0.0
ATOM,150.0,C,LEU,11.0,-18.38,-6.109,17.643,0.51,2.0,0.57
ATOM,151.0,O,LEU,11.0,-18.312,-5.546,18.734,-0.51,1.7,8.66
ATOM,152.0,CB,LEU,11.0,-19.285,-4.49,15.853,-0.18,2.175,9.26
ATOM,153.0,CG,LEU,11.0,-18.897,-3.564,14.688,-0.09,2.275,0.0
ATOM,154.0,CD1,LEU,11.0,-20.056,-2.683,14.22,-0.27,2.06,14.36
ATOM,155.0,CD2,LEU,11.0,-17.705,-2.673,15.108,-0.27,2.06,0.0
ATOM,156.0,H,LEU,11.0,-18.196,-6.518,14.472,0.31,0.2245,0.0
ATOM,157.0,HA,LEU,11.0,-17.378,-4.663,16.528,0.09,1.32,0.0
ATOM,158.0,HB2,LEU,11.0,-19.98,-5.097,15.53,0.09,1.32,1.2
ATOM,159.0,HB3,LEU,11.0,-19.577,-3.927,16.596,0.09,1.32,3.79
ATOM,160.0,HG,LEU,11.0,-18.58,-4.13,13.917,0.09,1.32,0.0
ATOM,161.0,HD11,LEU,11.0,-20.362,-2.109,14.978,0.09,1.32,5.53
ATOM,162.0,HD12,LEU,11.0,-19.748,-2.105,13.465,0.09,1.32,0.0
ATOM,163.0,HD13,LEU,11.0,-20.809,-3.263,13.913,0.09,1.32,5.01
ATOM,164.0,HD21,LEU,11.0,-16.933,-3.258,15.344,0.09,1.32,0.0
ATOM,165.0,HD22,LEU,11.0,-17.463,-2.078,14.346,0.09,1.32,0.0
ATOM,166.0,HD23,LEU,11.0,-17.974,-2.126,15.897,0.09,1.32,0.0
ATOM,167.0,N,ASN,12.0,-18.658,-7.406,17.52,-0.47,1.85,0.95
ATOM,168.0,CA,ASN,12.0,-18.768,-8.249,18.722,0.07,2.275,1.51
ATOM,169.0,C,ASN,12.0,-17.418,-8.416,19.433,0.51,2.0,0.0
ATOM,170.0,O,ASN,12.0,-17.307,-8.206,20.652,-0.51,1.7,4.45
ATOM,171.0,CB,ASN,12.0,-19.389,-9.604,18.409,-0.18,2.175,5.02
ATOM,172.0,CG,ASN,12.0,-19.729,-10.367,19.667,0.55,2.0,2.31
ATOM,173.0,H,ASN,12.0,-18.783,-7.75,16.565,0.31,0.2245,0.0
ATOM,174.0,HA,ASN,12.0,-19.38,-7.769,19.363,0.09,1.32,3.67
ATOM,175.0,HB2,ASN,12.0,-20.223,-9.457,17.889,0.09,1.32,1.97
ATOM,176.0,HB3,ASN,12.0,-18.737,-10.135,17.879,0.09,1.32,0.64
ATOM,177.0,OD1,ASN,12.0,-19.077,-11.356,19.995,-0.55,1.7,29.33
ATOM,178.0,ND2,ASN,12.0,-20.728,-9.892,20.395,-0.62,1.85,24.09
ATOM,179.0,HD22,ASN,12.0,-21.219,-9.07,20.098,0.3,0.2245,14.68
ATOM,180.0,HD21,ASN,12.0,-20.997,-10.351,21.242,0.32,0.2245,21.57
ATOM,181.0,N,VAL,13.0,-16.403,-8.786,18.66,-0.47,1.85,0.0
ATOM,182.0,CA,VAL,13.0,-15.029,-8.815,19.161,0.07,2.275,0.0
ATOM,183.0,C,VAL,13.0,-14.664,-7.463,19.774,0.51,2.0,0.0
ATOM,184.0,O,VAL,13.0,-14.075,-7.404,20.865,-0.51,1.7,0.0
ATOM,185.0,CB,VAL,13.0,-14.017,-9.208,18.055,-0.09,2.275,0.0
ATOM,186.0,CG1,VAL,13.0,-12.561,-8.988,18.54,-0.27,2.06,0.0
ATOM,187.0,CG2,VAL,13.0,-14.247,-10.656,17.629,-0.27,2.06,1.56
ATOM,188.0,H,VAL,13.0,-16.663,-9.047,17.69,0.31,0.2245,0.0
ATOM,189.0,HA,VAL,13.0,-14.974,-9.507,19.885,0.09,1.32,0.0
ATOM,190.0,HB,VAL,13.0,-14.152,-8.596,17.286,0.09,1.32,0.0
ATOM,191.0,HG11,VAL,13.0,-12.333,-8.024,18.441,0.09,1.32,0.0
ATOM,192.0,HG12,VAL,13.0,-12.498,-9.259,19.495,0.09,1.32,0.0
ATOM,193.0,HG13,VAL,13.0,-11.951,-9.544,17.984,0.09,1.32,0.0
ATOM,194.0,HG21,VAL,13.0,-14.559,-11.184,18.418,0.09,1.32,2.51
ATOM,195.0,HG22,VAL,13.0,-14.94,-10.68,16.91,0.09,1.32,0.0
ATOM,196.0,HG23,VAL,13.0,-13.39,-11.036,17.285,0.09,1.32,0.0
ATOM,197.0,N,TRP,14.0,-15.04,-6.375,19.102,-0.47,1.85,0.0
ATOM,198.0,CA,TRP,14.0,-14.654,-5.036,19.559,0.07,2.275,0.0
ATOM,199.0,C,TRP,14.0,-15.202,-4.735,20.975,0.51,2.0,0.0
ATOM,200.0,O,TRP,14.0,-14.617,-3.956,21.741,-0.51,1.7,0.0
ATOM,201.0,CB,TRP,14.0,-15.058,-3.957,18.54,-0.18,2.175,0.0
ATOM,202.0,CG,TRP,14.0,-14.362,-2.696,18.794,-0.03,1.9924,0.0
ATOM,203.0,CD1,TRP,14.0,-14.903,-1.554,19.308,0.035,1.9924,0.0
ATOM,204.0,CD2,TRP,14.0,-12.95,-2.44,18.642,-0.02,1.8,0.0
ATOM,205.0,NE1,TRP,14.0,-13.934,-0.589,19.454,-0.61,1.85,0.0
ATOM,206.0,CE2,TRP,14.0,-12.731,-1.099,19.047,0.13,1.8,0.0
ATOM,207.0,CE3,TRP,14.0,-11.865,-3.192,18.157,-0.115,1.9924,0.0
ATOM,208.0,CZ2,TRP,14.0,-11.457,-0.491,19.015,-0.115,1.9924,0.0
ATOM,209.0,CZ3,TRP,14.0,-10.575,-2.579,18.148,-0.115,1.9924,0.19
ATOM,210.0,CH2,TRP,14.0,-10.404,-1.239,18.564,-0.115,1.9924,0.0
ATOM,211.0,H,TRP,14.0,-15.608,-6.551,18.26,0.31,0.2245,0.0
ATOM,212.0,HA,TRP,14.0,-13.65,-5.007,19.619,0.09,1.32,0.0
ATOM,213.0,HB2,TRP,14.0,-14.813,-4.276,17.639,0.09,1.32,0.0
ATOM,214.0,HB3,TRP,14.0,-16.029,-3.803,18.622,0.09,1.32,0.0
ATOM,215.0,HD1,TRP,14.0,-15.867,-1.432,19.546,0.115,1.3582,0.0
ATOM,216.0,HE1,TRP,14.0,-14.084,0.336,19.802,0.38,0.2245,2.88
ATOM,217.0,HE3,TRP,14.0,-11.969,-4.114,17.83,0.115,1.3582,0.0
ATOM,218.0,HZ2,TRP,14.0,-11.353,0.46,19.318,0.115,1.3582,0.0
ATOM,219.0,HZ3,TRP,14.0,-9.804,-3.112,17.844,0.115,1.3582,0.15
ATOM,220.0,HH2,TRP,14.0,-9.487,-0.844,18.522,0.115,1.3582,0.0
ATOM,221.0,N,GLY,15.0,-16.334,-5.358,21.31,-0.47,1.85,0.05
ATOM,222.0,CA,GLY,15.0,-16.91,-5.235,22.643,-0.02,2.175,18.22
ATOM,223.0,C,GLY,15.0,-15.884,-5.597,23.704,0.51,2.0,1.99
ATOM,224.0,O,GLY,15.0,-15.829,-4.982,24.775,-0.51,1.7,8.54
ATOM,225.0,H,GLY,15.0,-16.757,-5.926,20.551,0.31,0.2245,0.0
ATOM,226.0,HA2,GLY,15.0,-17.221,-4.29,22.788,0.09,1.32,1.17
ATOM,227.0,HA3,GLY,15.0,-17.704,-5.847,22.723,0.09,1.32,8.54
ATOM,228.0,N,LYS,16.0,-15.046,-6.586,23.399,-0.47,1.85,1.03
ATOM,229.0,CA,LYS,16.0,-14.009,-7.017,24.337,0.07,2.275,1.57
ATOM,230.0,C,LYS,16.0,-13.028,-5.887,24.572,0.51,2.0,0.0
ATOM,231.0,O,LYS,16.0,-12.658,-5.598,25.71,-0.51,1.7,0.79
ATOM,232.0,CB,LYS,16.0,-13.26,-8.242,23.787,-0.18,2.175,0.09
ATOM,233.0,CG,LYS,16.0,-14.103,-9.472,23.681,-0.18,2.175,3.77
ATOM,234.0,CD,LYS,16.0,-13.28,-10.556,23.034,-0.18,2.175,0.0
ATOM,235.0,CE,LYS,16.0,-13.763,-11.937,23.403,0.21,2.175,0.23
ATOM,236.0,NZ,LYS,16.0,-15.2,-12.167,23.159,-0.3,1.85,6.91
ATOM,237.0,H,LYS,16.0,-15.188,-7.011,22.467,0.31,0.2245,0.0
ATOM,238.0,HA,LYS,16.0,-14.443,-7.26,25.208,0.09,1.32,6.49
ATOM,239.0,HB2,LYS,16.0,-12.915,-8.002,22.88,0.09,1.32,0.0
ATOM,240.0,HB3,LYS,16.0,-12.49,-8.424,24.399,0.09,1.32,0.0
ATOM,241.0,HG2,LYS,16.0,-14.375,-9.77,24.587,0.09,1.32,6.73
ATOM,242.0,HG3,LYS,16.0,-14.896,-9.287,23.116,0.09,1.32,0.23
ATOM,243.0,HD2,LYS,16.0,-13.333,-10.455,22.04,0.09,1.32,0.0
ATOM,244.0,HD3,LYS,16.0,-12.328,-10.462,23.328,0.09,1.32,0.0
ATOM,245.0,HE2,LYS,16.0,-13.224,-12.622,22.878,0.05,1.32,0.0
ATOM,246.0,HE3,LYS,16.0,-13.564,-12.101,24.388,0.05,1.32,0.64
ATOM,247.0,HZ1,LYS,16.0,-15.443,-13.101,23.426,0.33,0.2245,4.17
ATOM,248.0,HZ2,LYS,16.0,-15.742,-11.519,23.697,0.33,0.2245,11.46
ATOM,249.0,HZ3,LYS,16.0,-15.402,-12.039,22.186,0.33,0.2245,3.41
ATOM,250.0,N,VAL,17.0,-12.61,-5.233,23.48,-0.47,1.85,0.0
ATOM,251.0,CA,VAL,17.0,-11.662,-4.127,23.571,0.07,2.275,0.0
ATOM,252.0,C,VAL,17.0,-12.239,-2.971,24.406,0.51,2.0,0.0
ATOM,253.0,O,VAL,17.0,-11.542,-2.401,25.26,-0.51,1.7,0.0
ATOM,254.0,CB,VAL,17.0,-11.261,-3.613,22.167,-0.09,2.275,0.0
ATOM,255.0,CG1,VAL,17.0,-10.405,-2.343,22.277,-0.27,2.06,0.0
ATOM,256.0,CG2,VAL,17.0,-10.563,-4.744,21.355,-0.27,2.06,1.99
ATOM,257.0,H,VAL,17.0,-13.011,-5.576,22.59,0.31,0.2245,0.0
ATOM,258.0,HA,VAL,17.0,-10.835,-4.456,24.039,0.09,1.32,0.0
ATOM,259.0,HB,VAL,17.0,-12.094,-3.357,21.689,0.09,1.32,0.0
ATOM,260.0,HG11,VAL,17.0,-10.997,-1.543,22.212,0.09,1.32,0.0
ATOM,261.0,HG12,VAL,17.0,-9.932,-2.342,23.155,0.09,1.32,0.0
ATOM,262.0,HG13,VAL,17.0,-9.739,-2.332,21.534,0.09,1.32,0.0
ATOM,263.0,HG21,VAL,17.0,-10.412,-4.416,20.429,0.09,1.32,0.0
ATOM,264.0,HG22,VAL,17.0,-9.698,-4.957,21.796,0.09,1.32,0.41
ATOM,265.0,HG23,VAL,17.0,-11.159,-5.54,21.352,0.09,1.32,0.0
ATOM,266.0,N,GLU,18.0,-13.506,-2.652,24.176,-0.47,1.85,0.0
ATOM,267.0,CA,GLU,18.0,-14.15,-1.499,24.833,0.07,2.275,0.31
ATOM,268.0,C,GLU,18.0,-14.306,-1.643,26.357,0.51,2.0,0.29
ATOM,269.0,O,GLU,18.0,-14.434,-0.634,27.069,-0.51,1.7,21.71
ATOM,270.0,CB,GLU,18.0,-15.499,-1.182,24.173,-0.18,2.175,8.16
ATOM,271.0,CG,GLU,18.0,-15.35,-0.776,22.717,-0.28,2.175,2.77
ATOM,272.0,CD,GLU,18.0,-16.63,-0.214,22.103,0.62,2.0,2.74
ATOM,273.0,OE1,GLU,18.0,-17.745,-0.591,22.532,-0.76,1.7,27.64
ATOM,274.0,OE2,GLU,18.0,-16.496,0.599,21.171,-0.76,1.7,12.25
ATOM,275.0,H,GLU,18.0,-14.003,-3.269,23.506,0.31,0.2245,0.0
ATOM,276.0,HA,GLU,18.0,-13.612,-0.658,24.632,0.09,1.32,0.56
ATOM,277.0,HB2,GLU,18.0,-16.042,-1.994,24.204,0.09,1.32,0.69
ATOM,278.0,HB3,GLU,18.0,-15.896,-0.431,24.655,0.09,1.32,7.43
ATOM,279.0,HG2,GLU,18.0,-14.664,-0.071,22.659,0.09,1.32,1.88
ATOM,280.0,HG3,GLU,18.0,-15.101,-1.573,22.194,0.09,1.32,0.0
ATOM,281.0,N,ALA,19.0,-14.289,-2.884,26.858,-0.47,1.85,0.5
ATOM,282.0,CA,ALA,19.0,-14.392,-3.108,28.311,0.07,2.275,3.61
ATOM,283.0,C,ALA,19.0,-13.108,-2.638,29.003,0.51,2.0,0.0
ATOM,284.0,O,ALA,19.0,-13.131,-2.301,30.193,-0.51,1.7,30.16
ATOM,285.0,CB,ALA,19.0,-14.652,-4.571,28.612,-0.27,2.06,31.91
ATOM,286.0,H,ALA,19.0,-14.201,-3.639,26.168,0.31,0.2245,0.0
ATOM,287.0,HA,ALA,19.0,-15.16,-2.573,28.663,0.09,1.32,9.66
ATOM,288.0,HB1,ALA,19.0,-14.942,-5.041,27.777,0.09,1.32,0.45
ATOM,289.0,HB2,ALA,19.0,-13.815,-4.998,28.957,0.09,1.32,5.57
ATOM,290.0,HB3,ALA,19.0,-15.372,-4.65,29.303,0.09,1.32,11.72
ATOM,291.0,N,ASP,20.0,-12.0,-2.61,28.248,-0.47,1.85,0.0
ATOM,292.0,CA,ASP,20.0,-10.69,-2.22,28.793,0.07,2.275,0.0
ATOM,293.0,C,ASP,20.0,-9.827,-1.633,27.667,0.51,2.0,0.0
ATOM,294.0,O,ASP,20.0,-8.859,-2.243,27.19,-0.51,1.7,0.0
ATOM,295.0,CB,ASP,20.0,-9.987,-3.393,29.482,-0.28,2.175,9.07
ATOM,296.0,CG,ASP,20.0,-8.638,-2.992,30.095,0.62,2.0,2.63
ATOM,297.0,OD1,ASP,20.0,-8.369,-1.773,30.233,-0.76,1.7,14.98
ATOM,298.0,OD2,ASP,20.0,-7.861,-3.91,30.429,-0.76,1.7,21.43
ATOM,299.0,H,ASP,20.0,-12.145,-2.884,27.257,0.31,0.2245,0.0
ATOM,300.0,HA,ASP,20.0,-10.851,-1.486,29.45,0.09,1.32,4.87
ATOM,301.0,HB2,ASP,20.0,-10.573,-3.724,30.209,0.09,1.32,6.61
ATOM,302.0,HB3,ASP,20.0,-9.826,-4.099,28.807,0.09,1.32,0.0
ATOM,303.0,N,ILE,21.0,-10.198,-0.434,27.252,-0.47,1.85,0.0
ATOM,304.0,CA,ILE,21.0,-9.565,0.191,26.088,0.07,2.275,0.0
ATOM,305.0,C,ILE,21.0,-8.088,0.482,26.336,0.51,2.0,0.0
ATOM,306.0,O,ILE,21.0,-7.243,0.188,25.493,-0.51,1.7,0.0
ATOM,307.0,CB,ILE,21.0,-10.339,1.454,25.614,-0.09,2.275,0.69
ATOM,308.0,CG1,ILE,21.0,-9.69,2.046,24.363,-0.18,2.175,0.0
ATOM,309.0,CG2,ILE,21.0,-10.401,2.502,26.719,-0.27,2.06,20.97
ATOM,310.0,CD1,ILE,21.0,-10.414,1.645,23.094,-0.27,2.06,0.48
ATOM,311.0,H,ILE,21.0,-10.951,0.015,27.801,0.31,0.2245,2.28
ATOM,312.0,HA,ILE,21.0,-9.604,-0.491,25.348,0.09,1.32,0.0
ATOM,313.0,HB,ILE,21.0,-11.263,1.17,25.383,0.09,1.32,0.75
ATOM,314.0,HG12,ILE,21.0,-9.696,3.035,24.441,0.09,1.32,0.0
ATOM,315.0,HG13,ILE,21.0,-8.753,1.721,24.313,0.09,1.32,0.0
ATOM,316.0,HG21,ILE,21.0,-10.941,3.282,26.408,0.09,1.32,7.82
ATOM,317.0,HG22,ILE,21.0,-10.826,2.105,27.53,0.09,1.32,4.7
ATOM,318.0,HG23,ILE,21.0,-9.476,2.805,26.942,0.09,1.32,0.0
ATOM,319.0,HD11,ILE,21.0,-11.358,1.968,23.136,0.09,1.32,6.97
ATOM,320.0,HD12,ILE,21.0,-9.954,2.055,22.308,0.09,1.32,0.0
ATOM,321.0,HD13,ILE,21.0,-10.403,0.65,23.008,0.09,1.32,0.0
ATOM,322.0,N,ALA,22.0,-7.788,1.035,27.51,-0.47,1.85,0.0
ATOM,323.0,CA,ALA,22.0,-6.402,1.333,27.887,0.07,2.275,0.0
ATOM,324.0,C,ALA,22.0,-5.529,0.064,27.991,0.51,2.0,0.0
ATOM,325.0,O,ALA,22.0,-4.387,0.061,27.57,-0.51,1.7,0.0
ATOM,326.0,CB,ALA,22.0,-6.37,2.084,29.195,-0.27,2.06,14.35
ATOM,327.0,H,ALA,22.0,-8.6,1.233,28.122,0.31,0.2245,1.4
ATOM,328.0,HA,ALA,22.0,-5.997,1.937,27.184,0.09,1.32,0.0
ATOM,329.0,HB1,ALA,22.0,-5.553,1.828,29.715,0.09,1.32,0.0
ATOM,330.0,HB2,ALA,22.0,-6.351,3.071,29.021,0.09,1.32,2.42
ATOM,331.0,HB3,ALA,22.0,-7.184,1.863,29.735,0.09,1.32,6.65
ATOM,332.0,N,GLY,23.0,-6.065,-1.002,28.569,-0.47,1.85,0.27
ATOM,333.0,CA,GLY,23.0,-5.306,-2.226,28.778,-0.02,2.175,9.91
ATOM,334.0,C,GLY,23.0,-4.989,-2.864,27.438,0.51,2.0,0.0
ATOM,335.0,O,GLY,23.0,-3.843,-3.256,27.162,-0.51,1.7,0.0
ATOM,336.0,H,GLY,23.0,-7.059,-0.889,28.855,0.31,0.2245,0.0
ATOM,337.0,HA2,GLY,23.0,-4.452,-2.014,29.258,0.09,1.32,1.35
ATOM,338.0,HA3,GLY,23.0,-5.843,-2.864,29.333,0.09,1.32,0.0
ATOM,339.0,N,HIS,24.0,-6.01,-2.95,26.592,-0.47,1.85,0.0
ATOM,340.0,CA,HIS,24.0,-5.798,-3.454,25.247,0.07,2.275,0.0
ATOM,341.0,C,HIS,24.0,-4.813,-2.568,24.48,0.51,2.0,0.0
ATOM,342.0,O,HIS,24.0,-3.916,-3.09,23.804,-0.51,1.7,0.0
ATOM,343.0,CB,HIS,24.0,-7.123,-3.586,24.497,-0.09,2.175,0.0
ATOM,344.0,CG,HIS,24.0,-7.988,-4.692,25.009,-0.05,1.8,0.0
ATOM,345.0,H,HIS,24.0,-6.919,-2.642,26.961,0.31,0.2245,0.0
ATOM,346.0,HA,HIS,24.0,-5.403,-4.378,25.306,0.09,1.32,0.0
ATOM,347.0,HB2,HIS,24.0,-7.632,-2.723,24.577,0.09,1.32,0.0
ATOM,348.0,HB3,HIS,24.0,-6.932,-3.757,23.525,0.09,1.32,1.12
ATOM,349.0,ND1,HIS,24.0,-8.762,-4.559,26.145,-0.36,1.85,0.0
ATOM,350.0,CD2,HIS,24.0,-8.228,-5.94,24.53,0.22,1.8,0.0
ATOM,351.0,CE1,HIS,24.0,-9.43,-5.682,26.352,0.25,1.8,0.39
ATOM,352.0,NE2,HIS,24.0,-9.109,-6.541,25.401,-0.7,1.85,0.0
ATOM,353.0,HD1,HIS,24.0,-8.809,-3.742,26.717,0.32,0.2245,0.0
ATOM,354.0,HD2,HIS,24.0,-7.843,-6.343,23.708,0.1,1.468,0.81
ATOM,355.0,HE1,HIS,24.0,-10.066,-5.852,27.099,0.13,0.9,3.2
ATOM,356.0,N,GLY,25.0,-4.994,-1.252,24.579,-0.47,1.85,0.0
ATOM,357.0,CA,GLY,25.0,-4.139,-0.311,23.85,-0.02,2.175,0.21
ATOM,358.0,C,GLY,25.0,-2.691,-0.428,24.28,0.51,2.0,0.0
ATOM,359.0,O,GLY,25.0,-1.788,-0.565,23.447,-0.51,1.7,0.0
ATOM,360.0,H,GLY,25.0,-5.769,-0.96,25.198,0.31,0.2245,0.0
ATOM,361.0,HA2,GLY,25.0,-4.214,-0.495,22.86,0.09,1.32,0.15
ATOM,362.0,HA3,GLY,25.0,-4.466,0.629,24.016,0.09,1.32,0.0
ATOM,363.0,N,GLN,26.0,-2.466,-0.407,25.586,-0.47,1.85,0.0
ATOM,364.0,CA,GLN,26.0,-1.138,-0.652,26.142,0.07,2.275,0.0
ATOM,365.0,C,GLN,26.0,-0.502,-1.941,25.603,0.51,2.0,0.0
ATOM,366.0,O,GLN,26.0,0.621,-1.908,25.091,-0.51,1.7,0.0
ATOM,367.0,CB,GLN,26.0,-1.207,-0.716,27.664,-0.18,2.175,0.0
ATOM,368.0,CG,GLN,26.0,0.148,-0.959,28.341,-0.18,2.175,0.0
ATOM,369.0,CD,GLN,26.0,-0.001,-1.196,29.832,0.55,2.0,0.0
ATOM,370.0,OE1,GLN,26.0,-0.473,-2.257,30.26,-0.55,1.7,3.9
ATOM,371.0,NE2,GLN,26.0,0.431,-0.223,30.634,-0.62,1.85,0.46
ATOM,372.0,H,GLN,26.0,-3.301,-0.205,26.171,0.31,0.2245,0.0
ATOM,373.0,HA,GLN,26.0,-0.539,0.117,25.872,0.09,1.32,0.0
ATOM,374.0,HB2,GLN,26.0,-1.57,0.15,28.011,0.09,1.32,0.0
ATOM,375.0,HB3,GLN,26.0,-1.819,-1.462,27.932,0.09,1.32,0.0
ATOM,376.0,HG2,GLN,26.0,0.567,-1.761,27.928,0.09,1.32,0.0
ATOM,377.0,HG3,GLN,26.0,0.72,-0.158,28.197,0.09,1.32,0.0
ATOM,378.0,HE21,GLN,26.0,0.351,-0.305,31.642,0.32,0.2245,2.67
ATOM,379.0,HE22,GLN,26.0,0.845,0.608,30.215,0.3,0.2245,0.0
ATOM,380.0,N,GLU,27.0,-1.216,-3.069,25.717,-0.47,1.85,0.0
ATOM,381.0,CA,GLU,27.0,-0.641,-4.361,25.297,0.07,2.275,0.5
ATOM,382.0,C,GLU,27.0,-0.371,-4.37,23.793,0.51,2.0,0.0
ATOM,383.0,O,GLU,27.0,0.623,-4.946,23.344,-0.51,1.7,1.4
ATOM,384.0,CB,GLU,27.0,-1.509,-5.549,25.675,-0.18,2.175,1.4
ATOM,385.0,CG,GLU,27.0,-1.594,-5.755,27.181,-0.28,2.175,6.87
ATOM,386.0,CD,GLU,27.0,-2.175,-7.118,27.567,0.62,2.0,3.18
ATOM,387.0,OE1,GLU,27.0,-1.985,-8.114,26.831,-0.76,1.7,10.96
ATOM,388.0,OE2,GLU,27.0,-2.823,-7.182,28.636,-0.76,1.7,19.18
ATOM,389.0,H,GLU,27.0,-2.158,-2.961,26.105,0.31,0.2245,0.0
ATOM,390.0,HA,GLU,27.0,0.216,-4.521,25.795,0.09,1.32,0.87
ATOM,391.0,HB2,GLU,27.0,-2.417,-5.379,25.349,0.09,1.32,0.0
ATOM,392.0,HB3,GLU,27.0,-1.109,-6.354,25.289,0.09,1.32,2.04
ATOM,393.0,HG2,GLU,27.0,-0.686,-5.709,27.553,0.09,1.32,6.92
ATOM,394.0,HG3,GLU,27.0,-2.188,-5.069,27.557,0.09,1.32,0.0
ATOM,395.0,N,VAL,28.0,-1.24,-3.71,23.019,-0.47,1.85,0.0
ATOM,396.0,CA,VAL,28.0,-1.016,-3.673,21.573,0.07,2.275,0.0
ATOM,397.0,C,VAL,28.0,0.301,-2.919,21.301,0.51,2.0,0.0
ATOM,398.0,O,VAL,28.0,1.158,-3.378,20.518,-0.51,1.7,0.0
ATOM,399.0,CB,VAL,28.0,-2.198,-3.022,20.813,-0.09,2.275,0.0
ATOM,400.0,CG1,VAL,28.0,-1.815,-2.71,19.362,-0.27,2.06,0.0
ATOM,401.0,CG2,VAL,28.0,-3.401,-3.958,20.839,-0.27,2.06,2.02
ATOM,402.0,H,VAL,28.0,-2.02,-3.266,23.498,0.31,0.2245,0.0
ATOM,403.0,HA,VAL,28.0,-0.903,-4.606,21.247,0.09,1.32,0.0
ATOM,404.0,HB,VAL,28.0,-2.397,-2.152,21.253,0.09,1.32,0.27
ATOM,405.0,HG11,VAL,28.0,-2.414,-3.22,18.747,0.09,1.32,0.0
ATOM,406.0,HG12,VAL,28.0,-1.919,-1.731,19.198,0.09,1.32,0.44
ATOM,407.0,HG13,VAL,28.0,-0.866,-2.979,19.208,0.09,1.32,0.0
ATOM,408.0,HG21,VAL,28.0,-3.932,-3.834,20.002,0.09,1.32,0.0
ATOM,409.0,HG22,VAL,28.0,-3.081,-4.903,20.898,0.09,1.32,0.0
ATOM,410.0,HG23,VAL,28.0,-3.968,-3.743,21.634,0.09,1.32,0.0
ATOM,411.0,N,LEU,29.0,0.474,-1.769,21.951,-0.47,1.85,0.0
ATOM,412.0,CA,LEU,29.0,1.69,-0.98,21.714,0.07,2.275,0.0
ATOM,413.0,C,LEU,29.0,2.95,-1.688,22.215,0.51,2.0,0.0
ATOM,414.0,O,LEU,29.0,3.947,-1.721,21.514,-0.51,1.7,0.0
ATOM,415.0,CB,LEU,29.0,1.569,0.422,22.322,-0.18,2.175,0.0
ATOM,416.0,CG,LEU,29.0,0.546,1.371,21.674,-0.09,2.275,0.0
ATOM,417.0,CD1,LEU,29.0,0.534,2.681,22.461,-0.27,2.06,0.0
ATOM,418.0,CD2,LEU,29.0,0.882,1.616,20.196,-0.27,2.06,1.22
ATOM,419.0,H,LEU,29.0,-0.272,-1.499,22.593,0.31,0.2245,0.0
ATOM,420.0,HA,LEU,29.0,1.783,-0.832,20.719,0.09,1.32,0.0
ATOM,421.0,HB2,LEU,29.0,1.308,0.319,23.28,0.09,1.32,0.0
ATOM,422.0,HB3,LEU,29.0,2.461,0.862,22.258,0.09,1.32,0.0
ATOM,423.0,HG,LEU,29.0,-0.35,0.954,21.713,0.09,1.32,0.63
ATOM,424.0,HD11,LEU,29.0,1.445,3.091,22.436,0.09,1.32,0.0
ATOM,425.0,HD12,LEU,29.0,-0.127,3.308,22.051,0.09,1.32,0.0
ATOM,426.0,HD13,LEU,29.0,0.276,2.496,23.409,0.09,1.32,0.0
ATOM,427.0,HD21,LEU,29.0,0.869,0.745,19.708,0.09,1.32,0.0
ATOM,428.0,HD22,LEU,29.0,0.203,2.234,19.803,0.09,1.32,0.0
ATOM,429.0,HD23,LEU,29.0,1.79,2.026,20.13,0.09,1.32,0.0
ATOM,430.0,N,ILE,30.0,2.895,-2.29,23.4,-0.47,1.85,0.0
ATOM,431.0,CA,ILE,30.0,4.045,-3.054,23.89,0.07,2.275,0.0
ATOM,432.0,C,ILE,30.0,4.427,-4.2,22.946,0.51,2.0,0.0
ATOM,433.0,O,ILE,30.0,5.621,-4.428,22.684,-0.51,1.7,0.0
ATOM,434.0,CB,ILE,30.0,3.822,-3.548,25.341,-0.09,2.275,0.5
ATOM,435.0,CG1,ILE,30.0,3.75,-2.317,26.256,-0.18,2.175,0.0
ATOM,436.0,CG2,ILE,30.0,4.944,-4.498,25.765,-0.27,2.06,7.41
ATOM,437.0,CD1,ILE,30.0,3.497,-2.584,27.739,-0.27,2.06,3.08
ATOM,438.0,H,ILE,30.0,2.016,-2.178,23.918,0.31,0.2245,0.0
ATOM,439.0,HA,ILE,30.0,4.826,-2.416,23.895,0.09,1.32,0.0
ATOM,440.0,HB,ILE,30.0,2.953,-4.006,25.374,0.09,1.32,0.15
ATOM,441.0,HG12,ILE,30.0,4.615,-1.806,26.167,0.09,1.32,0.0
ATOM,442.0,HG13,ILE,30.0,3.014,-1.716,25.915,0.09,1.32,0.0
ATOM,443.0,HG21,ILE,30.0,4.779,-4.807,26.699,0.09,1.32,0.79
ATOM,444.0,HG22,ILE,30.0,4.961,-5.283,25.15,0.09,1.32,2.31
ATOM,445.0,HG23,ILE,30.0,5.817,-4.018,25.72,0.09,1.32,0.0
ATOM,446.0,HD11,ILE,30.0,4.234,-3.152,28.096,0.09,1.32,0.03
ATOM,447.0,HD12,ILE,30.0,3.472,-1.714,28.225,0.09,1.32,0.0
ATOM,448.0,HD13,ILE,30.0,2.625,-3.055,27.839,0.09,1.32,0.8
ATOM,449.0,N,ARG,31.0,3.425,-4.928,22.458,-0.47,1.85,0.38
ATOM,450.0,CA,ARG,31.0,3.624,-6.016,21.49,0.07,2.275,1.47
ATOM,451.0,C,ARG,31.0,4.333,-5.45,20.255,0.51,2.0,0.0
ATOM,452.0,O,ARG,31.0,5.324,-6.012,19.799,-0.51,1.7,0.7
ATOM,453.0,CB,ARG,31.0,2.287,-6.693,21.147,-0.18,2.175,0.19
ATOM,454.0,CG,ARG,31.0,2.337,-7.796,20.088,-0.18,2.175,0.0
ATOM,455.0,CD,ARG,31.0,3.112,-9.035,20.579,0.2,2.175,2.56
ATOM,456.0,NE,ARG,31.0,3.149,-10.06,19.538,-0.7,1.85,3.6
ATOM,457.0,CZ,ARG,31.0,3.642,-11.291,19.691,0.64,2.0,1.78
ATOM,458.0,NH1,ARG,31.0,4.162,-11.673,20.851,-0.8,1.85,16.27
ATOM,459.0,NH2,ARG,31.0,3.633,-12.133,18.666,-0.8,1.85,18.22
ATOM,460.0,H,ARG,31.0,2.481,-4.662,22.821,0.31,0.2245,0.0
ATOM,461.0,HA,ARG,31.0,4.206,-6.711,21.902,0.09,1.32,1.25
ATOM,462.0,HB2,ARG,31.0,1.917,-7.094,21.99,0.09,1.32,3.87
ATOM,463.0,HB3,ARG,31.0,1.655,-5.985,20.821,0.09,1.32,0.0
ATOM,464.0,HG2,ARG,31.0,1.411,-8.086,19.864,0.09,1.32,0.0
ATOM,465.0,HG3,ARG,31.0,2.796,-7.455,19.273,0.09,1.32,2.32
ATOM,466.0,HD2,ARG,31.0,4.031,-8.747,20.797,0.09,1.32,1.52
ATOM,467.0,HD3,ARG,31.0,2.643,-9.384,21.376,0.09,1.32,0.89
ATOM,468.0,HE,ARG,31.0,2.773,-9.82,18.63,0.44,0.2245,5.25
ATOM,469.0,HH11,ARG,31.0,4.174,-11.053,21.633,0.46,0.2245,10.17
ATOM,470.0,HH12,ARG,31.0,4.546,-12.597,20.945,0.46,0.2245,16.08
ATOM,471.0,HH21,ARG,31.0,3.239,-11.849,17.789,0.46,0.2245,14.87
ATOM,472.0,HH22,ARG,31.0,4.016,-13.05,18.766,0.46,0.2245,17.64
ATOM,473.0,N,LEU,32.0,3.839,-4.329,19.729,-0.47,1.85,0.0
ATOM,474.0,CA,LEU,32.0,4.474,-3.663,18.582,0.07,2.275,0.0
ATOM,475.0,C,LEU,32.0,5.943,-3.282,18.831,0.51,2.0,0.0
ATOM,476.0,O,LEU,32.0,6.832,-3.595,18.026,-0.51,1.7,0.0
ATOM,477.0,CB,LEU,32.0,3.67,-2.4,18.222,-0.18,2.175,0.0
ATOM,478.0,CG,LEU,32.0,4.117,-1.58,17.018,-0.09,2.275,0.0
ATOM,479.0,CD1,LEU,32.0,3.903,-2.344,15.728,-0.27,2.06,0.0
ATOM,480.0,CD2,LEU,32.0,3.342,-0.255,17.017,-0.27,2.06,2.97
ATOM,481.0,H,LEU,32.0,2.981,-3.971,20.19,0.31,0.2245,0.0
ATOM,482.0,HA,LEU,32.0,4.443,-4.295,17.79,0.09,1.32,0.57
ATOM,483.0,HB2,LEU,32.0,2.721,-2.687,18.056,0.09,1.32,0.0
ATOM,484.0,HB3,LEU,32.0,3.689,-1.795,19.023,0.09,1.32,0.0
ATOM,485.0,HG,LEU,32.0,5.091,-1.359,17.118,0.09,1.32,0.0
ATOM,486.0,HD11,LEU,32.0,2.931,-2.562,15.621,0.09,1.32,0.0
ATOM,487.0,HD12,LEU,32.0,4.203,-1.787,14.952,0.09,1.32,0.0
ATOM,488.0,HD13,LEU,32.0,4.431,-3.195,15.747,0.09,1.32,0.0
ATOM,489.0,HD21,LEU,32.0,3.538,0.24,17.862,0.09,1.32,0.0
ATOM,490.0,HD22,LEU,32.0,3.627,0.291,16.231,0.09,1.32,3.72
ATOM,491.0,HD23,LEU,32.0,2.364,-0.447,16.958,0.09,1.32,0.0
ATOM,492.0,N,PHE,33.0,6.173,-2.582,19.938,-0.47,1.85,0.0
ATOM,493.0,CA,PHE,33.0,7.488,-2.028,20.245,0.07,2.275,0.0
ATOM,494.0,C,PHE,33.0,8.506,-3.112,20.559,0.51,2.0,0.0
ATOM,495.0,O,PHE,33.0,9.667,-2.991,20.186,-0.51,1.7,1.9
ATOM,496.0,CB,PHE,33.0,7.44,-1.045,21.424,-0.18,2.175,0.0
ATOM,497.0,CG,PHE,33.0,6.597,0.192,21.186,0.0,1.9924,0.0
ATOM,498.0,CD1,PHE,33.0,6.37,0.683,19.901,-0.115,1.9924,0.0
ATOM,499.0,CD2,PHE,33.0,6.1,0.908,22.278,-0.115,1.9924,0.0
ATOM,500.0,CE1,PHE,33.0,5.604,1.865,19.707,-0.115,1.9924,0.0
ATOM,501.0,CE2,PHE,33.0,5.344,2.075,22.101,-0.115,1.9924,0.0
ATOM,502.0,CZ,PHE,33.0,5.097,2.552,20.804,-0.115,1.9924,0.0
ATOM,503.0,H,PHE,33.0,5.345,-2.465,20.558,0.31,0.2245,0.0
ATOM,504.0,HA,PHE,33.0,7.809,-1.557,19.41,0.09,1.32,0.0
ATOM,505.0,HB2,PHE,33.0,7.059,-1.524,22.203,0.09,1.32,0.0
ATOM,506.0,HB3,PHE,33.0,8.367,-0.747,21.608,0.09,1.32,0.01
ATOM,507.0,HD1,PHE,33.0,6.735,0.219,19.11,0.115,1.3582,0.0
ATOM,508.0,HD2,PHE,33.0,6.286,0.582,23.206,0.115,1.3582,0.0
ATOM,509.0,HE1,PHE,33.0,5.442,2.186,18.773,0.115,1.3582,0.0
ATOM,510.0,HE2,PHE,33.0,4.984,2.565,22.902,0.115,1.3582,0.0
ATOM,511.0,HZ,PHE,33.0,4.559,3.38,20.673,0.115,1.3582,0.0
ATOM,512.0,N,THR,34.0,8.082,-4.142,21.277,-0.47,1.85,0.0
ATOM,513.0,CA,THR,34.0,9.015,-5.179,21.684,0.07,2.275,0.8
ATOM,514.0,C,THR,34.0,9.308,-6.09,20.502,0.51,2.0,0.45
ATOM,515.0,O,THR,34.0,10.452,-6.528,20.311,-0.51,1.7,19.62
ATOM,516.0,CB,THR,34.0,8.508,-5.969,22.922,0.14,2.275,5.31
ATOM,517.0,OG1,THR,34.0,7.243,-6.593,22.64,-0.66,1.77,12.04
ATOM,518.0,CG2,THR,34.0,8.395,-5.034,24.134,-0.27,2.06,3.33
ATOM,519.0,H,THR,34.0,7.08,-4.141,21.509,0.31,0.2245,0.0
ATOM,520.0,HA,THR,34.0,9.873,-4.746,21.97,0.09,1.32,4.58
ATOM,521.0,HB,THR,34.0,9.185,-6.704,23.137,0.09,1.32,10.87
ATOM,522.0,HG21,THR,34.0,9.048,-5.318,24.836,0.09,1.32,3.27
ATOM,523.0,HG22,THR,34.0,8.596,-4.096,23.851,0.09,1.32,0.0
ATOM,524.0,HG23,THR,34.0,7.467,-5.079,24.504,0.09,1.32,0.0
ATOM,525.0,HG1,THR,34.0,6.514,-5.902,22.614,0.43,0.2245,0.0
ATOM,526.0,N,GLY,35.0,8.287,-6.327,19.675,-0.47,1.85,0.03
ATOM,527.0,CA,GLY,35.0,8.451,-7.146,18.491,-0.02,2.175,13.59
ATOM,528.0,C,GLY,35.0,9.196,-6.464,17.355,0.51,2.0,0.0
ATOM,529.0,O,GLY,35.0,9.849,-7.132,16.528,-0.51,1.7,21.02
ATOM,530.0,H,GLY,35.0,7.393,-5.882,19.953,0.31,0.2245,0.0
ATOM,531.0,HA2,GLY,35.0,8.945,-8.006,18.741,0.09,1.32,10.32
ATOM,532.0,HA3,GLY,35.0,7.531,-7.44,18.154,0.09,1.32,3.33
ATOM,533.0,N,HIS,36.0,9.088,-5.134,17.314,-0.47,1.85,0.0
ATOM,534.0,CA,HIS,36.0,9.672,-4.352,16.235,0.07,2.275,0.0
ATOM,535.0,C,HIS,36.0,10.236,-3.046,16.81,0.51,2.0,0.0
ATOM,536.0,O,HIS,36.0,9.606,-1.997,16.705,-0.51,1.7,0.0
ATOM,537.0,CB,HIS,36.0,8.599,-4.096,15.157,-0.09,2.175,0.0
ATOM,538.0,CG,HIS,36.0,7.846,-5.329,14.748,-0.05,1.8,0.0
ATOM,539.0,H,HIS,36.0,8.56,-4.719,18.106,0.31,0.2245,0.0
ATOM,540.0,HA,HIS,36.0,10.429,-4.867,15.836,0.09,1.32,1.29
ATOM,541.0,HB2,HIS,36.0,7.941,-3.425,15.51,0.09,1.32,0.0
ATOM,542.0,HB3,HIS,36.0,9.046,-3.713,14.343,0.09,1.32,0.0
ATOM,543.0,ND1,HIS,36.0,8.317,-6.194,13.785,-0.36,1.85,0.63
ATOM,544.0,CD2,HIS,36.0,6.656,-5.833,15.156,0.22,1.8,1.95
ATOM,545.0,CE1,HIS,36.0,7.461,-7.187,13.626,0.25,1.8,12.36
ATOM,546.0,NE2,HIS,36.0,6.444,-6.994,14.449,-0.7,1.85,17.79
ATOM,547.0,HD1,HIS,36.0,9.177,-6.085,13.284,0.32,0.2245,8.86
ATOM,548.0,HD2,HIS,36.0,6.048,-5.439,15.838,0.1,1.468,0.16
ATOM,549.0,HE1,HIS,36.0,7.561,-7.95,12.995,0.13,0.9,13.82
ATOM,550.0,N,PRO,37.0,11.423,-3.108,17.454,-0.29,1.85,0.0
ATOM,551.0,CA,PRO,37.0,11.948,-1.91,18.129,0.02,2.275,0.06
ATOM,552.0,C,PRO,37.0,12.09,-0.682,17.248,0.51,2.0,0.18
ATOM,553.0,O,PRO,37.0,12.095,0.436,17.764,-0.51,1.7,1.72
ATOM,554.0,CB,PRO,37.0,13.336,-2.361,18.627,-0.18,2.175,17.26
ATOM,555.0,CG,PRO,37.0,13.181,-3.846,18.807,-0.18,2.175,19.2
ATOM,556.0,CD,PRO,37.0,12.301,-4.282,17.649,0.0,2.175,9.63
ATOM,557.0,HA,PRO,37.0,11.377,-1.697,18.954,0.09,1.32,0.62
ATOM,558.0,HB2,PRO,37.0,14.036,-2.155,17.947,0.09,1.32,8.23
ATOM,559.0,HB3,PRO,37.0,13.56,-1.918,19.491,0.09,1.32,10.45
ATOM,560.0,HG2,PRO,37.0,14.07,-4.299,18.765,0.09,1.32,11.62
ATOM,561.0,HG3,PRO,37.0,12.742,-4.049,19.681,0.09,1.32,3.01
ATOM,562.0,HD2,PRO,37.0,12.84,-4.456,16.832,0.09,1.32,7.39
ATOM,563.0,HD3,PRO,37.0,11.765,-5.087,17.886,0.09,1.32,0.05
ATOM,564.0,N,GLU,38.0,12.25,-0.87,15.937,-0.47,1.85,1.08
ATOM,565.0,CA,GLU,38.0,12.362,0.288,15.031,0.07,2.275,2.41
ATOM,566.0,C,GLU,38.0,11.118,1.188,15.082,0.51,2.0,0.0
ATOM,567.0,O,GLU,38.0,11.213,2.386,14.837,-0.51,1.7,1.38
ATOM,568.0,CB,GLU,38.0,12.642,-0.144,13.587,-0.18,2.175,17.01
ATOM,569.0,CG,GLU,38.0,11.5,-0.847,12.865,-0.28,2.175,2.91
ATOM,570.0,CD,GLU,38.0,11.475,-2.359,13.072,0.62,2.0,2.75
ATOM,571.0,OE1,GLU,38.0,11.863,-2.852,14.16,-0.76,1.7,8.37
ATOM,572.0,OE2,GLU,38.0,11.031,-3.056,12.156,-0.76,1.7,19.19
ATOM,573.0,H,GLU,38.0,12.287,-1.845,15.626,0.31,0.2245,0.25
ATOM,574.0,HA,GLU,38.0,13.176,0.83,15.281,0.09,1.32,2.83
ATOM,575.0,HB2,GLU,38.0,12.864,0.673,13.069,0.09,1.32,6.83
ATOM,576.0,HB3,GLU,38.0,13.412,-0.769,13.606,0.09,1.32,8.59
ATOM,577.0,HG2,GLU,38.0,10.648,-0.489,13.211,0.09,1.32,0.0
ATOM,578.0,HG3,GLU,38.0,11.598,-0.685,11.897,0.09,1.32,3.69
ATOM,579.0,N,THR,39.0,9.97,0.585,15.4,-0.47,1.85,0.0
ATOM,580.0,CA,THR,39.0,8.718,1.324,15.505,0.07,2.275,0.0
ATOM,581.0,C,THR,39.0,8.785,2.337,16.642,0.51,2.0,0.0
ATOM,582.0,O,THR,39.0,8.231,3.428,16.534,-0.51,1.7,0.07
ATOM,583.0,CB,THR,39.0,7.492,0.382,15.663,0.14,2.275,0.1
ATOM,584.0,OG1,THR,39.0,7.598,-0.377,16.872,-0.66,1.77,0.0
ATOM,585.0,CG2,THR,39.0,7.366,-0.565,14.453,-0.27,2.06,0.0
ATOM,586.0,H,THR,39.0,10.049,-0.438,15.562,0.31,0.2245,0.0
ATOM,587.0,HA,THR,39.0,8.568,1.824,14.645,0.09,1.32,0.0
ATOM,588.0,HB,THR,39.0,6.648,0.957,15.717,0.09,1.32,1.51
ATOM,589.0,HG21,THR,39.0,6.886,-1.396,14.733,0.09,1.32,0.0
ATOM,590.0,HG22,THR,39.0,6.852,-0.108,13.728,0.09,1.32,0.0
ATOM,591.0,HG23,THR,39.0,8.279,-0.8,14.121,0.09,1.32,0.0
ATOM,592.0,HG1,THR,39.0,8.364,-1.026,16.812,0.43,0.2245,0.0
ATOM,593.0,N,LEU,40.0,9.48,1.97,17.728,-0.47,1.85,0.0
ATOM,594.0,CA,LEU,40.0,9.596,2.851,18.888,0.07,2.275,0.0
ATOM,595.0,C,LEU,40.0,10.273,4.153,18.459,0.51,2.0,0.0
ATOM,596.0,O,LEU,40.0,9.935,5.237,18.939,-0.51,1.7,0.0
ATOM,597.0,CB,LEU,40.0,10.362,2.155,20.036,-0.18,2.175,0.02
ATOM,598.0,CG,LEU,40.0,10.373,2.883,21.389,-0.09,2.275,0.0
ATOM,599.0,CD1,LEU,40.0,9.065,2.657,22.159,-0.27,2.06,0.0
ATOM,600.0,CD2,LEU,40.0,11.6,2.494,22.267,-0.27,2.06,9.7
ATOM,601.0,H,LEU,40.0,9.913,1.033,17.67,0.31,0.2245,0.0
ATOM,602.0,HA,LEU,40.0,8.68,3.067,19.221,0.09,1.32,0.0
ATOM,603.0,HB2,LEU,40.0,9.942,1.264,20.18,0.09,1.32,0.0
ATOM,604.0,HB3,LEU,40.0,11.307,2.049,19.746,0.09,1.32,0.0
ATOM,605.0,HG,LEU,40.0,10.494,3.864,21.229,0.09,1.32,0.0
ATOM,606.0,HD11,LEU,40.0,8.946,1.68,22.324,0.09,1.32,0.0
ATOM,607.0,HD12,LEU,40.0,9.109,3.143,23.03,0.09,1.32,0.0
ATOM,608.0,HD13,LEU,40.0,8.301,3.003,21.617,0.09,1.32,0.0
ATOM,609.0,HD21,LEU,40.0,12.43,2.734,21.774,0.09,1.32,0.81
ATOM,610.0,HD22,LEU,40.0,11.548,2.997,23.124,0.09,1.32,0.0
ATOM,611.0,HD23,LEU,40.0,11.569,1.514,22.438,0.09,1.32,3.55
ATOM,612.0,N,GLU,41.0,11.213,4.05,17.514,-0.47,1.85,0.0
ATOM,613.0,CA,GLU,41.0,11.964,5.238,17.066,0.07,2.275,0.0
ATOM,614.0,C,GLU,41.0,11.103,6.291,16.359,0.51,2.0,0.37
ATOM,615.0,O,GLU,41.0,11.506,7.458,16.231,-0.51,1.7,18.34
ATOM,616.0,CB,GLU,41.0,13.171,4.838,16.202,-0.18,2.175,13.38
ATOM,617.0,CG,GLU,41.0,14.194,3.989,16.947,-0.28,2.175,13.98
ATOM,618.0,CD,GLU,41.0,14.604,4.581,18.291,0.62,2.0,3.21
ATOM,619.0,OE1,GLU,41.0,15.079,5.733,18.307,-0.76,1.7,28.41
ATOM,620.0,OE2,GLU,41.0,14.443,3.896,19.34,-0.76,1.7,19.84
ATOM,621.0,H,GLU,41.0,11.363,3.105,17.139,0.31,0.2245,0.0
ATOM,622.0,HA,GLU,41.0,12.421,5.664,17.869,0.09,1.32,0.0
ATOM,623.0,HB2,GLU,41.0,12.834,4.308,15.449,0.09,1.32,0.95
ATOM,624.0,HB3,GLU,41.0,13.618,5.662,15.916,0.09,1.32,6.77
ATOM,625.0,HG2,GLU,41.0,13.794,3.108,17.123,0.09,1.32,0.0
ATOM,626.0,HG3,GLU,41.0,15.005,3.925,16.394,0.09,1.32,11.26
ATOM,627.0,N,LYS,42.0,9.91,5.889,15.917,-0.47,1.85,0.0
ATOM,628.0,CA,LYS,42.0,8.987,6.846,15.301,0.07,2.275,0.36
ATOM,629.0,C,LYS,42.0,8.276,7.745,16.305,0.51,2.0,0.27
ATOM,630.0,O,LYS,42.0,7.648,8.721,15.898,-0.51,1.7,22.02
ATOM,631.0,CB,LYS,42.0,7.953,6.146,14.404,-0.18,2.175,0.6
ATOM,632.0,CG,LYS,42.0,8.512,5.48,13.157,-0.18,2.175,0.0
ATOM,633.0,CD,LYS,42.0,8.991,6.504,12.11,-0.18,2.175,3.48
ATOM,634.0,CE,LYS,42.0,9.588,5.807,10.889,0.21,2.175,5.21
ATOM,635.0,NZ,LYS,42.0,9.902,6.774,9.78,-0.3,1.85,6.21
ATOM,636.0,H,LYS,42.0,9.705,4.89,16.042,0.31,0.2245,0.0
ATOM,637.0,HA,LYS,42.0,9.514,7.433,14.657,0.09,1.32,2.84
ATOM,638.0,HB2,LYS,42.0,7.491,5.446,14.955,0.09,1.32,0.34
ATOM,639.0,HB3,LYS,42.0,7.277,6.833,14.12,0.09,1.32,0.0
ATOM,640.0,HG2,LYS,42.0,9.291,4.903,13.41,0.09,1.32,0.0
ATOM,641.0,HG3,LYS,42.0,7.803,4.911,12.738,0.09,1.32,0.0
ATOM,642.0,HD2,LYS,42.0,8.213,7.045,11.82,0.09,1.32,0.0
ATOM,643.0,HD3,LYS,42.0,9.687,7.075,12.523,0.09,1.32,5.16
ATOM,644.0,HE2,LYS,42.0,10.433,5.341,11.161,0.05,1.32,7.91
ATOM,645.0,HE3,LYS,42.0,8.934,5.127,10.55,0.05,1.32,0.0
ATOM,646.0,HZ1,LYS,42.0,10.075,7.673,10.174,0.33,0.2245,9.56
ATOM,647.0,HZ2,LYS,42.0,10.71,6.454,9.291,0.33,0.2245,19.97
ATOM,648.0,HZ3,LYS,42.0,9.123,6.818,9.159,0.33,0.2245,0.02
ATOM,649.0,N,PHE,43.0,8.36,7.394,17.597,-0.47,1.85,0.0
ATOM,650.0,CA,PHE,43.0,7.729,8.136,18.676,0.07,2.275,0.38
ATOM,651.0,C,PHE,43.0,8.805,8.833,19.518,0.51,2.0,0.0
ATOM,652.0,O,PHE,43.0,9.427,8.201,20.38,-0.51,1.7,0.0
ATOM,653.0,CB,PHE,43.0,6.947,7.198,19.618,-0.18,2.175,0.0
ATOM,654.0,CG,PHE,43.0,5.771,6.494,18.984,0.0,1.9924,0.0
ATOM,655.0,CD1,PHE,43.0,5.95,5.289,18.325,-0.115,1.9924,0.08
ATOM,656.0,CD2,PHE,43.0,4.474,7.008,19.096,-0.115,1.9924,5.96
ATOM,657.0,CE1,PHE,43.0,4.864,4.603,17.758,-0.115,1.9924,3.07
ATOM,658.0,CE2,PHE,43.0,3.379,6.322,18.527,-0.115,1.9924,9.41
ATOM,659.0,CZ,PHE,43.0,3.589,5.119,17.862,-0.115,1.9924,8.4
ATOM,660.0,H,PHE,43.0,8.93,6.525,17.757,0.31,0.2245,0.0
ATOM,661.0,HA,PHE,43.0,7.181,8.862,18.258,0.09,1.32,3.64
ATOM,662.0,HB2,PHE,43.0,7.579,6.506,19.943,0.09,1.32,0.0
ATOM,663.0,HB3,PHE,43.0,6.606,7.747,20.37,0.09,1.32,0.0
ATOM,664.0,HD1,PHE,43.0,6.86,4.891,18.246,0.115,1.3582,0.0
ATOM,665.0,HD2,PHE,43.0,4.317,7.861,19.579,0.115,1.3582,0.86
ATOM,666.0,HE1,PHE,43.0,5.035,3.735,17.277,0.115,1.3582,2.2
ATOM,667.0,HE2,PHE,43.0,2.456,6.715,18.609,0.115,1.3582,0.32
ATOM,668.0,HZ,PHE,43.0,2.815,4.629,17.46,0.115,1.3582,9.86
ATOM,669.0,N,ASP,44.0,9.001,10.128,19.304,-0.47,1.85,0.19
ATOM,670.0,CA,ASP,44.0,9.933,10.875,20.144,0.07,2.275,0.0
ATOM,671.0,C,ASP,44.0,9.552,10.731,21.617,0.51,2.0,0.33
ATOM,672.0,O,ASP,44.0,10.427,10.57,22.455,-0.51,1.7,4.54
ATOM,673.0,CB,ASP,44.0,9.975,12.354,19.748,-0.28,2.175,12.3
ATOM,674.0,CG,ASP,44.0,10.858,12.606,18.538,0.62,2.0,3.33
ATOM,675.0,OD1,ASP,44.0,11.677,11.719,18.202,-0.76,1.7,20.8
ATOM,676.0,OD2,ASP,44.0,10.73,13.699,17.933,-0.76,1.7,48.31
ATOM,677.0,H,ASP,44.0,8.464,10.54,18.531,0.31,0.2245,6.14
ATOM,678.0,HA,ASP,44.0,10.838,10.455,20.033,0.09,1.32,0.0
ATOM,679.0,HB2,ASP,44.0,9.05,12.64,19.533,0.09,1.32,8.08
ATOM,680.0,HB3,ASP,44.0,10.332,12.868,20.517,0.09,1.32,7.01
ATOM,681.0,N,LYS,45.0,8.253,10.736,21.92,-0.47,1.85,0.46
ATOM,682.0,CA,LYS,45.0,7.785,10.606,23.309,0.07,2.275,2.6
ATOM,683.0,C,LYS,45.0,7.901,9.19,23.948,0.51,2.0,0.0
ATOM,684.0,O,LYS,45.0,7.641,9.03,25.149,-0.51,1.7,4.54
ATOM,685.0,CB,LYS,45.0,6.345,11.111,23.429,-0.18,2.175,12.23
ATOM,686.0,CG,LYS,45.0,5.307,10.175,22.779,-0.18,2.175,0.8
ATOM,687.0,CD,LYS,45.0,3.914,10.805,22.743,-0.18,2.175,10.4
ATOM,688.0,CE,LYS,45.0,2.899,9.884,22.051,0.21,2.175,3.14
ATOM,689.0,NZ,LYS,45.0,1.517,10.47,22.008,-0.3,1.85,7.59
ATOM,690.0,H,LYS,45.0,7.614,10.837,21.112,0.31,0.2245,2.82
ATOM,691.0,HA,LYS,45.0,8.319,11.256,23.895,0.09,1.32,9.94
ATOM,692.0,HB2,LYS,45.0,6.118,11.195,24.393,0.09,1.32,4.19
ATOM,693.0,HB3,LYS,45.0,6.282,11.996,22.98,0.09,1.32,8.69
ATOM,694.0,HG2,LYS,45.0,5.598,9.977,21.844,0.09,1.32,0.71
ATOM,695.0,HG3,LYS,45.0,5.267,9.327,23.305,0.09,1.32,0.0
ATOM,696.0,HD2,LYS,45.0,3.609,10.963,23.674,0.09,1.32,0.38
ATOM,697.0,HD3,LYS,45.0,3.958,11.657,22.237,0.09,1.32,9.23
ATOM,698.0,HE2,LYS,45.0,3.21,9.711,21.112,0.05,1.32,3.16
ATOM,699.0,HE3,LYS,45.0,2.868,9.01,22.546,0.05,1.32,0.0
ATOM,700.0,HZ1,LYS,45.0,1.537,11.311,21.472,0.33,0.2245,18.04
ATOM,701.0,HZ2,LYS,45.0,0.898,9.812,21.586,0.33,0.2245,0.0
ATOM,702.0,HZ3,LYS,45.0,1.219,10.668,22.939,0.33,0.2245,9.25
ATOM,703.0,N,PHE,46.0,8.256,8.171,23.167,-0.47,1.85,0.0
ATOM,704.0,CA,PHE,46.0,8.454,6.828,23.733,0.07,2.275,0.0
ATOM,705.0,C,PHE,46.0,9.871,6.291,23.553,0.51,2.0,0.0
ATOM,706.0,O,PHE,46.0,10.203,5.231,24.069,-0.51,1.7,0.0
ATOM,707.0,CB,PHE,46.0,7.428,5.812,23.193,-0.18,2.175,0.0
ATOM,708.0,CG,PHE,46.0,5.996,6.187,23.483,0.0,1.9924,0.0
ATOM,709.0,CD1,PHE,46.0,5.623,6.657,24.75,-0.115,1.9924,0.11
ATOM,710.0,CD2,PHE,46.0,5.012,6.041,22.501,-0.115,1.9924,0.0
ATOM,711.0,CE1,PHE,46.0,4.287,7.003,25.026,-0.115,1.9924,0.01
ATOM,712.0,CE2,PHE,46.0,3.688,6.383,22.764,-0.115,1.9924,0.0
ATOM,713.0,CZ,PHE,46.0,3.323,6.864,24.032,-0.115,1.9924,0.0
ATOM,714.0,H,PHE,46.0,8.376,8.395,22.171,0.31,0.2245,0.0
ATOM,715.0,HA,PHE,46.0,8.296,6.909,24.732,0.09,1.32,0.0
ATOM,716.0,HB2,PHE,46.0,7.541,5.765,22.215,0.09,1.32,0.0
ATOM,717.0,HB3,PHE,46.0,7.611,4.945,23.625,0.09,1.32,0.0
ATOM,718.0,HD1,PHE,46.0,6.303,6.75,25.464,0.115,1.3582,0.05
ATOM,719.0,HD2,PHE,46.0,5.263,5.688,21.602,0.115,1.3582,0.0
ATOM,720.0,HE1,PHE,46.0,4.046,7.344,25.935,0.115,1.3582,0.0
ATOM,721.0,HE2,PHE,46.0,2.989,6.283,22.042,0.115,1.3582,0.0
ATOM,722.0,HZ,PHE,46.0,2.374,7.105,24.218,0.115,1.3582,0.0
ATOM,723.0,N,LYS,47.0,10.706,7.049,22.851,-0.47,1.85,0.0
ATOM,724.0,CA,LYS,47.0,12.106,6.64,22.633,0.07,2.275,0.0
ATOM,725.0,C,LYS,47.0,12.912,6.397,23.911,0.51,2.0,0.0
ATOM,726.0,O,LYS,47.0,13.89,5.649,23.886,-0.51,1.7,1.63
ATOM,727.0,CB,LYS,47.0,12.818,7.621,21.685,-0.18,2.175,0.17
ATOM,728.0,CG,LYS,47.0,13.189,8.967,22.292,-0.18,2.175,1.72
ATOM,729.0,CD,LYS,47.0,13.477,10.006,21.213,-0.18,2.175,7.29
ATOM,730.0,CE,LYS,47.0,13.583,11.41,21.795,0.21,2.175,11.74
ATOM,731.0,NZ,LYS,47.0,14.794,11.563,22.676,-0.3,1.85,13.98
ATOM,732.0,H,LYS,47.0,10.307,7.925,22.48,0.31,0.2245,0.0
ATOM,733.0,HA,LYS,47.0,12.105,5.779,22.083,0.09,1.32,0.0
ATOM,734.0,HB2,LYS,47.0,13.658,7.18,21.36,0.09,1.32,2.99
ATOM,735.0,HB3,LYS,47.0,12.213,7.784,20.901,0.09,1.32,0.0
ATOM,736.0,HG2,LYS,47.0,12.43,9.291,22.856,0.09,1.32,0.33
ATOM,737.0,HG3,LYS,47.0,14.004,8.857,22.859,0.09,1.32,2.61
ATOM,738.0,HD2,LYS,47.0,14.34,9.78,20.772,0.09,1.32,9.34
ATOM,739.0,HD3,LYS,47.0,12.736,9.994,20.549,0.09,1.32,0.0
ATOM,740.0,HE2,LYS,47.0,13.644,12.072,21.045,0.05,1.32,6.35
ATOM,741.0,HE3,LYS,47.0,12.763,11.603,22.338,0.05,1.32,3.18
ATOM,742.0,HZ1,LYS,47.0,15.01,10.68,23.084,0.33,0.2245,9.24
ATOM,743.0,HZ2,LYS,47.0,15.559,11.879,22.121,0.33,0.2245,20.06
ATOM,744.0,HZ3,LYS,47.0,14.592,12.229,23.39,0.33,0.2245,20.49
ATOM,745.0,N,HIS,48.0,12.497,7.013,25.02,-0.47,1.85,0.0
ATOM,746.0,CA,HIS,48.0,13.186,6.873,26.309,0.07,2.275,1.55
ATOM,747.0,C,HIS,48.0,12.907,5.525,26.969,0.51,2.0,0.0
ATOM,748.0,O,HIS,48.0,13.588,5.151,27.931,-0.51,1.7,6.8
ATOM,749.0,CB,HIS,48.0,12.741,7.982,27.265,-0.09,2.175,18.48
ATOM,750.0,CG,HIS,48.0,11.298,7.887,27.662,-0.05,1.8,0.76
ATOM,751.0,H,HIS,48.0,11.645,7.6,24.894,0.31,0.2245,0.0
ATOM,752.0,HA,HIS,48.0,14.18,6.945,26.144,0.09,1.32,2.65
ATOM,753.0,HB2,HIS,48.0,13.301,7.94,28.099,0.09,1.32,8.7
ATOM,754.0,HB3,HIS,48.0,12.888,8.873,26.823,0.09,1.32,7.83
ATOM,755.0,ND1,HIS,48.0,10.876,7.204,28.786,-0.36,1.85,5.75
ATOM,756.0,CD2,HIS,48.0,10.179,8.38,27.078,0.22,1.8,10.62
ATOM,757.0,CE1,HIS,48.0,9.56,7.291,28.88,0.25,1.8,14.74
ATOM,758.0,NE2,HIS,48.0,9.113,7.999,27.857,-0.7,1.85,11.63
ATOM,759.0,HD1,HIS,48.0,11.474,6.722,29.425,0.32,0.2245,10.2
ATOM,760.0,HD2,HIS,48.0,10.136,8.917,26.241,0.1,1.468,1.84
ATOM,761.0,HE1,HIS,48.0,8.999,6.89,29.599,0.13,0.9,7.58
ATOM,762.0,N,LEU,49.0,11.889,4.813,26.477,-0.47,1.85,0.0
ATOM,763.0,CA,LEU,49.0,11.476,3.541,27.057,0.07,2.275,0.0
ATOM,764.0,C,LEU,49.0,12.444,2.435,26.664,0.51,2.0,0.0
ATOM,765.0,O,LEU,49.0,12.321,1.788,25.612,-0.51,1.7,2.4
ATOM,766.0,CB,LEU,49.0,10.022,3.186,26.698,-0.18,2.175,0.0
ATOM,767.0,CG,LEU,49.0,8.909,4.093,27.263,-0.09,2.275,0.0
ATOM,768.0,CD1,LEU,49.0,7.562,3.76,26.634,-0.27,2.06,0.0
ATOM,769.0,CD2,LEU,49.0,8.804,4.009,28.792,-0.27,2.06,2.72
ATOM,770.0,H,LEU,49.0,11.423,5.245,25.651,0.31,0.2245,0.0
ATOM,771.0,HA,LEU,49.0,11.482,3.628,28.059,0.09,1.32,0.0
ATOM,772.0,HB2,LEU,49.0,9.94,3.208,25.702,0.09,1.32,0.0
ATOM,773.0,HB3,LEU,49.0,9.843,2.261,27.029,0.09,1.32,0.0
ATOM,774.0,HG,LEU,49.0,9.143,5.045,27.068,0.09,1.32,0.0
ATOM,775.0,HD11,LEU,49.0,7.329,2.807,26.829,0.09,1.32,0.0
ATOM,776.0,HD12,LEU,49.0,6.858,4.36,27.015,0.09,1.32,0.0
ATOM,777.0,HD13,LEU,49.0,7.614,3.894,25.644,0.09,1.32,0.0
ATOM,778.0,HD21,LEU,49.0,9.672,4.293,29.197,0.09,1.32,0.33
ATOM,779.0,HD22,LEU,49.0,8.072,4.612,29.104,0.09,1.32,0.0
ATOM,780.0,HD23,LEU,49.0,8.601,3.068,29.056,0.09,1.32,0.0
ATOM,781.0,N,LYS,50.0,13.414,2.221,27.537,-0.47,1.85,0.0
ATOM,782.0,CA,LYS,50.0,14.485,1.267,27.275,0.07,2.275,0.41
ATOM,783.0,C,LYS,50.0,14.144,-0.185,27.634,0.51,2.0,0.43
ATOM,784.0,O,LYS,50.0,14.834,-1.103,27.206,-0.51,1.7,24.95
ATOM,785.0,CB,LYS,50.0,15.764,1.717,27.997,-0.18,2.175,8.87
ATOM,786.0,CG,LYS,50.0,16.392,2.983,27.388,-0.18,2.175,13.2
ATOM,787.0,CD,LYS,50.0,16.442,2.892,25.84,-0.18,2.175,8.48
ATOM,788.0,CE,LYS,50.0,17.482,3.826,25.213,0.21,2.175,21.31
ATOM,789.0,NZ,LYS,50.0,17.041,5.258,25.217,-0.3,1.85,9.11
ATOM,790.0,H,LYS,50.0,13.35,2.781,28.411,0.31,0.2245,0.0
ATOM,791.0,HA,LYS,50.0,14.719,1.302,26.282,0.09,1.32,1.96
ATOM,792.0,HB2,LYS,50.0,15.538,1.911,28.943,0.09,1.32,0.45
ATOM,793.0,HB3,LYS,50.0,16.431,0.984,27.939,0.09,1.32,7.44
ATOM,794.0,HG2,LYS,50.0,15.842,3.772,27.638,0.09,1.32,0.13
ATOM,795.0,HG3,LYS,50.0,17.32,3.082,27.727,0.09,1.32,8.95
ATOM,796.0,HD2,LYS,50.0,16.665,1.952,25.591,0.09,1.32,7.84
ATOM,797.0,HD3,LYS,50.0,15.541,3.132,25.484,0.09,1.32,0.0
ATOM,798.0,HE2,LYS,50.0,18.34,3.746,25.729,0.05,1.32,9.85
ATOM,799.0,HE3,LYS,50.0,17.646,3.537,24.266,0.05,1.32,11.81
ATOM,800.0,HZ1,LYS,50.0,17.839,5.845,25.333,0.33,0.2245,20.54
ATOM,801.0,HZ2,LYS,50.0,16.593,5.464,24.35,0.33,0.2245,8.14
ATOM,802.0,HZ3,LYS,50.0,16.403,5.401,25.971,0.33,0.2245,2.39
ATOM,803.0,N,THR,51.0,13.102,-0.398,28.434,-0.47,1.85,0.0
ATOM,804.0,CA,THR,51.0,12.701,-1.754,28.829,0.07,2.275,0.9
ATOM,805.0,C,THR,51.0,11.191,-1.943,28.779,0.51,2.0,0.0
ATOM,806.0,O,THR,51.0,10.442,-0.971,28.864,-0.51,1.7,0.0
ATOM,807.0,CB,THR,51.0,13.174,-2.101,30.267,0.14,2.275,2.39
ATOM,808.0,OG1,THR,51.0,12.524,-1.241,31.213,-0.66,1.77,2.73
ATOM,809.0,CG2,THR,51.0,14.703,-1.962,30.399,-0.27,2.06,33.55
ATOM,810.0,H,THR,51.0,12.608,0.456,28.748,0.31,0.2245,0.0
ATOM,811.0,HA,THR,51.0,13.126,-2.408,28.186,0.09,1.32,5.19
ATOM,812.0,HB,THR,51.0,12.907,-3.063,30.472,0.09,1.32,5.34
ATOM,813.0,HG21,THR,51.0,14.937,-0.999,30.527,0.09,1.32,1.41
ATOM,814.0,HG22,THR,51.0,15.016,-2.491,31.187,0.09,1.32,11.52
ATOM,815.0,HG23,THR,51.0,15.139,-2.306,29.568,0.09,1.32,4.94
ATOM,816.0,HG1,THR,51.0,12.811,-0.288,31.073,0.43,0.2245,0.0
ATOM,817.0,N,GLU,52.0,10.744,-3.192,28.67,-0.47,1.85,1.42
ATOM,818.0,CA,GLU,52.0,9.315,-3.493,28.78,0.07,2.275,0.0
ATOM,819.0,C,GLU,52.0,8.699,-3.059,30.127,0.51,2.0,0.0
ATOM,820.0,O,GLU,52.0,7.533,-2.645,30.185,-0.51,1.7,0.0
ATOM,821.0,CB,GLU,52.0,9.053,-4.973,28.529,-0.18,2.175,7.18
ATOM,822.0,CG,GLU,52.0,7.573,-5.283,28.379,-0.28,2.175,2.46
ATOM,823.0,CD,GLU,52.0,7.295,-6.727,28.013,0.62,2.0,2.92
ATOM,824.0,OE1,GLU,52.0,8.126,-7.366,27.329,-0.76,1.7,28.86
ATOM,825.0,OE2,GLU,52.0,6.216,-7.213,28.405,-0.76,1.7,39.67
ATOM,826.0,H,GLU,52.0,11.469,-3.908,28.506,0.31,0.2245,9.97
ATOM,827.0,HA,GLU,52.0,8.812,-3.034,28.027,0.09,1.32,0.0
ATOM,828.0,HB2,GLU,52.0,9.495,-5.22,27.691,0.09,1.32,2.28
ATOM,829.0,HB3,GLU,52.0,9.385,-5.474,29.3,0.09,1.32,7.77
ATOM,830.0,HG2,GLU,52.0,7.132,-5.104,29.242,0.09,1.32,2.0
ATOM,831.0,HG3,GLU,52.0,7.21,-4.718,27.658,0.09,1.32,0.0
ATOM,832.0,N,ALA,53.0,9.483,-3.164,31.201,-0.47,1.85,1.75
ATOM,833.0,CA,ALA,53.0,9.053,-2.695,32.516,0.07,2.275,4.75
ATOM,834.0,C,ALA,53.0,8.716,-1.216,32.429,0.51,2.0,0.22
ATOM,835.0,O,ALA,53.0,7.654,-0.785,32.867,-0.51,1.7,2.12
ATOM,836.0,CB,ALA,53.0,10.166,-2.905,33.565,-0.27,2.06,37.56
ATOM,837.0,H,ALA,53.0,10.408,-3.6,31.023,0.31,0.2245,2.69
ATOM,838.0,HA,ALA,53.0,8.232,-3.198,32.786,0.09,1.32,5.02
ATOM,839.0,HB1,ALA,53.0,9.992,-3.754,34.056,0.09,1.32,11.73
ATOM,840.0,HB2,ALA,53.0,11.045,-2.956,33.098,0.09,1.32,1.49
ATOM,841.0,HB3,ALA,53.0,10.161,-2.137,34.2,0.09,1.32,9.01
ATOM,842.0,N,GLU,54.0,9.63,-0.449,31.847,-0.47,1.85,0.0
ATOM,843.0,CA,GLU,54.0,9.416,0.973,31.653,0.07,2.275,1.02
ATOM,844.0,C,GLU,54.0,8.163,1.223,30.799,0.51,2.0,0.0
ATOM,845.0,O,GLU,54.0,7.389,2.145,31.088,-0.51,1.7,1.8
ATOM,846.0,CB,GLU,54.0,10.656,1.628,31.029,-0.18,2.175,0.83
ATOM,847.0,CG,GLU,54.0,11.761,1.885,32.059,-0.28,2.175,13.15
ATOM,848.0,CD,GLU,54.0,13.085,2.329,31.465,0.62,2.0,1.65
ATOM,849.0,OE1,GLU,54.0,13.244,2.345,30.219,-0.76,1.7,0.03
ATOM,850.0,OE2,GLU,54.0,13.993,2.665,32.266,-0.76,1.7,43.05
ATOM,851.0,H,GLU,54.0,10.492,-0.948,31.55,0.31,0.2245,0.0
ATOM,852.0,HA,GLU,54.0,9.303,1.43,32.542,0.09,1.32,2.75
ATOM,853.0,HB2,GLU,54.0,11.014,1.015,30.36,0.09,1.32,0.0
ATOM,854.0,HB3,GLU,54.0,10.388,2.491,30.664,0.09,1.32,0.0
ATOM,855.0,HG2,GLU,54.0,11.449,2.601,32.666,0.09,1.32,10.8
ATOM,856.0,HG3,GLU,54.0,11.921,1.042,32.551,0.09,1.32,2.77
ATOM,857.0,N,MET,55.0,7.988,0.425,29.745,-0.47,1.85,0.0
ATOM,858.0,CA,MET,55.0,6.799,0.547,28.872,0.07,2.275,0.0
ATOM,859.0,C,MET,55.0,5.532,0.291,29.661,0.51,2.0,0.0
ATOM,860.0,O,MET,55.0,4.592,1.081,29.595,-0.51,1.7,0.0
ATOM,861.0,CB,MET,55.0,6.849,-0.455,27.72,-0.18,2.175,0.0
ATOM,862.0,CG,MET,55.0,8.014,-0.259,26.774,-0.14,2.175,0.0
ATOM,863.0,SD,MET,55.0,7.939,-1.486,25.454,-0.09,2.0,0.0
ATOM,864.0,CE,MET,55.0,9.485,-1.102,24.61,-0.22,2.06,7.05
ATOM,865.0,H,MET,55.0,8.734,-0.272,29.589,0.31,0.2245,0.0
ATOM,866.0,HA,MET,55.0,6.775,1.488,28.524,0.09,1.32,0.0
ATOM,867.0,HB2,MET,55.0,6.9,-1.389,28.103,0.09,1.32,0.0
ATOM,868.0,HB3,MET,55.0,5.99,-0.385,27.19,0.09,1.32,0.0
ATOM,869.0,HG2,MET,55.0,7.977,0.679,26.393,0.09,1.32,0.0
ATOM,870.0,HG3,MET,55.0,8.88,-0.343,27.292,0.09,1.32,0.0
ATOM,871.0,HE1,MET,55.0,9.925,-0.327,25.063,0.09,1.32,0.0
ATOM,872.0,HE2,MET,55.0,10.087,-1.898,24.646,0.09,1.32,5.17
ATOM,873.0,HE3,MET,55.0,9.292,-0.87,23.658,0.09,1.32,0.0
ATOM,874.0,N,LYS,56.0,5.54,-0.82,30.401,-0.47,1.85,0.0
ATOM,875.0,CA,LYS,56.0,4.402,-1.257,31.217,0.07,2.275,0.0
ATOM,876.0,C,LYS,56.0,4.042,-0.199,32.255,0.51,2.0,0.0
ATOM,877.0,O,LYS,56.0,2.861,-0.057,32.599,-0.51,1.7,8.14
ATOM,878.0,CB,LYS,56.0,4.686,-2.614,31.877,-0.18,2.175,3.1
ATOM,879.0,CG,LYS,56.0,3.602,-3.125,32.82,-0.18,2.175,10.79
ATOM,880.0,CD,LYS,56.0,2.3,-3.503,32.128,-0.18,2.175,3.46
ATOM,881.0,CE,LYS,56.0,1.355,-4.162,33.153,0.21,2.175,19.6
ATOM,882.0,NZ,LYS,56.0,-0.073,-3.769,32.924,-0.3,1.85,11.84
ATOM,883.0,H,LYS,56.0,6.438,-1.36,30.349,0.31,0.2245,0.0
ATOM,884.0,HA,LYS,56.0,3.61,-1.403,30.615,0.09,1.32,0.0
ATOM,885.0,HB2,LYS,56.0,4.813,-3.292,31.149,0.09,1.32,1.08
ATOM,886.0,HB3,LYS,56.0,5.541,-2.533,32.397,0.09,1.32,0.48
ATOM,887.0,HG2,LYS,56.0,3.955,-3.936,33.31,0.09,1.32,10.62
ATOM,888.0,HG3,LYS,56.0,3.407,-2.411,33.509,0.09,1.32,4.11
ATOM,889.0,HD2,LYS,56.0,1.865,-2.691,31.786,0.09,1.32,0.0
ATOM,890.0,HD3,LYS,56.0,2.485,-4.156,31.417,0.09,1.32,7.25
ATOM,891.0,HE2,LYS,56.0,1.441,-5.155,33.072,0.05,1.32,11.72
ATOM,892.0,HE3,LYS,56.0,1.632,-3.877,34.07,0.05,1.32,8.34
ATOM,893.0,HZ1,LYS,56.0,-0.318,-3.041,33.562,0.33,0.2245,16.57
ATOM,894.0,HZ2,LYS,56.0,-0.176,-3.446,31.985,0.33,0.2245,0.48
ATOM,895.0,HZ3,LYS,56.0,-0.658,-4.563,33.075,0.33,0.2245,20.48
ATOM,896.0,N,ALA,57.0,5.056,0.54,32.723,-0.47,1.85,0.0
ATOM,897.0,CA,ALA,57.0,4.914,1.558,33.766,0.07,2.275,1.67
ATOM,898.0,C,ALA,57.0,4.533,2.929,33.236,0.51,2.0,0.33
ATOM,899.0,O,ALA,57.0,4.242,3.836,34.021,-0.51,1.7,14.09
ATOM,900.0,CB,ALA,57.0,6.215,1.668,34.576,-0.27,2.06,31.46
ATOM,901.0,H,ALA,57.0,5.98,0.322,32.268,0.31,0.2245,0.0
ATOM,902.0,HA,ALA,57.0,4.193,1.25,34.417,0.09,1.32,8.98
ATOM,903.0,HB1,ALA,57.0,6.004,2.013,35.488,0.09,1.32,11.12
ATOM,904.0,HB2,ALA,57.0,6.635,0.766,34.645,0.09,1.32,3.21
ATOM,905.0,HB3,ALA,57.0,6.837,2.295,34.113,0.09,1.32,4.24
ATOM,906.0,N,SER,58.0,4.54,3.098,31.91,-0.47,1.85,0.0
ATOM,907.0,CA,SER,58.0,4.363,4.427,31.326,0.07,2.275,2.11
ATOM,908.0,C,SER,58.0,2.881,4.763,31.225,0.51,2.0,0.2
ATOM,909.0,O,SER,58.0,2.14,4.129,30.483,-0.51,1.7,0.77
ATOM,910.0,CB,SER,58.0,5.011,4.51,29.943,0.05,2.175,1.91
ATOM,911.0,OG,SER,58.0,4.662,5.718,29.297,-0.66,1.77,3.52
ATOM,912.0,H,SER,58.0,4.676,2.239,31.358,0.31,0.2245,0.0
ATOM,913.0,HA,SER,58.0,4.791,5.096,31.939,0.09,1.32,6.09
ATOM,914.0,HB2,SER,58.0,5.999,4.471,30.05,0.09,1.32,0.15
ATOM,915.0,HB3,SER,58.0,4.692,3.743,29.394,0.09,1.32,0.0
ATOM,916.0,HG,SER,58.0,5.201,5.819,28.461,0.43,0.2245,0.25
ATOM,917.0,N,GLU,59.0,2.449,5.784,31.949,-0.47,1.85,0.0
ATOM,918.0,CA,GLU,59.0,1.041,6.146,31.889,0.07,2.275,0.0
ATOM,919.0,C,GLU,59.0,0.747,6.823,30.551,0.51,2.0,0.16
ATOM,920.0,O,GLU,59.0,-0.383,6.765,30.061,-0.51,1.7,3.33
ATOM,921.0,CB,GLU,59.0,0.642,7.036,33.067,-0.18,2.175,13.59
ATOM,922.0,CG,GLU,59.0,0.769,6.353,34.44,-0.28,2.175,19.62
ATOM,923.0,CD,GLU,59.0,-0.096,5.106,34.606,0.62,2.0,3.47
ATOM,924.0,OE1,GLU,59.0,-1.161,4.986,33.976,-0.76,1.7,13.21
ATOM,925.0,OE2,GLU,59.0,0.286,4.223,35.409,-0.76,1.7,35.98
ATOM,926.0,H,GLU,59.0,3.149,6.264,32.517,0.31,0.2245,7.07
ATOM,927.0,HA,GLU,59.0,0.473,5.327,31.979,0.09,1.32,0.13
ATOM,928.0,HB2,GLU,59.0,1.239,7.816,33.075,0.09,1.32,8.74
ATOM,929.0,HB3,GLU,59.0,-0.301,7.287,32.954,0.09,1.32,7.04
ATOM,930.0,HG2,GLU,59.0,1.71,6.08,34.556,0.09,1.32,1.99
ATOM,931.0,HG3,GLU,59.0,0.49,7.002,35.129,0.09,1.32,11.2
ATOM,932.0,N,ASP,60.0,1.757,7.46,29.959,-0.47,1.85,1.13
ATOM,933.0,CA,ASP,60.0,1.546,8.157,28.693,0.07,2.275,2.42
ATOM,934.0,C,ASP,60.0,1.384,7.141,27.562,0.51,2.0,0.0
ATOM,935.0,O,ASP,60.0,0.636,7.381,26.616,-0.51,1.7,0.18
ATOM,936.0,CB,ASP,60.0,2.693,9.114,28.383,-0.28,2.175,14.08
ATOM,937.0,CG,ASP,60.0,2.321,10.118,27.326,0.62,2.0,3.24
ATOM,938.0,OD1,ASP,60.0,1.275,10.773,27.49,-0.76,1.7,16.62
ATOM,939.0,OD2,ASP,60.0,3.06,10.242,26.332,-0.76,1.7,9.16
ATOM,940.0,H,ASP,60.0,2.657,7.418,30.452,0.31,0.2245,2.73
ATOM,941.0,HA,ASP,60.0,0.679,8.654,28.766,0.09,1.32,0.49
ATOM,942.0,HB2,ASP,60.0,2.925,9.595,29.22,0.09,1.32,10.21
ATOM,943.0,HB3,ASP,60.0,3.463,8.576,28.063,0.09,1.32,0.91
ATOM,944.0,N,LEU,61.0,2.061,5.987,27.684,-0.47,1.85,0.0
ATOM,945.0,CA,LEU,61.0,1.915,4.911,26.689,0.07,2.275,0.0
ATOM,946.0,C,LEU,61.0,0.491,4.353,26.702,0.51,2.0,0.0
ATOM,947.0,O,LEU,61.0,-0.1,4.11,25.663,-0.51,1.7,0.0
ATOM,948.0,CB,LEU,61.0,2.965,3.807,26.921,-0.18,2.175,0.0
ATOM,949.0,CG,LEU,61.0,3.004,2.639,25.904,-0.09,2.275,0.0
ATOM,950.0,CD1,LEU,61.0,4.378,1.955,25.87,-0.27,2.06,0.0
ATOM,951.0,CD2,LEU,61.0,1.946,1.593,26.185,-0.27,2.06,0.0
ATOM,952.0,H,LEU,61.0,2.672,5.924,28.51,0.31,0.2245,0.0
ATOM,953.0,HA,LEU,61.0,2.099,5.294,25.78,0.09,1.32,0.0
ATOM,954.0,HB2,LEU,61.0,3.867,4.235,26.907,0.09,1.32,0.0
ATOM,955.0,HB3,LEU,61.0,2.794,3.407,27.818,0.09,1.32,0.0
ATOM,956.0,HG,LEU,61.0,2.792,3.001,24.994,0.09,1.32,0.0
ATOM,957.0,HD11,LEU,61.0,4.585,1.591,26.776,0.09,1.32,0.0
ATOM,958.0,HD12,LEU,61.0,4.358,1.212,25.204,0.09,1.32,0.0
ATOM,959.0,HD13,LEU,61.0,5.071,2.624,25.608,0.09,1.32,0.0
ATOM,960.0,HD21,LEU,61.0,1.036,2.011,26.138,0.09,1.32,0.0
ATOM,961.0,HD22,LEU,61.0,2.007,0.859,25.506,0.09,1.32,0.0
ATOM,962.0,HD23,LEU,61.0,2.085,1.208,27.1,0.09,1.32,0.0
ATOM,963.0,N,LYS,62.0,-0.059,4.144,27.892,-0.47,1.85,0.0
ATOM,964.0,CA,LYS,62.0,-1.427,3.704,28.035,0.07,2.275,0.0
ATOM,965.0,C,LYS,62.0,-2.374,4.755,27.462,0.51,2.0,0.0
ATOM,966.0,O,LYS,62.0,-3.318,4.426,26.741,-0.51,1.7,0.0
ATOM,967.0,CB,LYS,62.0,-1.712,3.462,29.51,-0.18,2.175,0.0
ATOM,968.0,CG,LYS,62.0,-3.134,3.203,29.784,-0.18,2.175,0.48
ATOM,969.0,CD,LYS,62.0,-3.393,3.119,31.292,-0.18,2.175,10.1
ATOM,970.0,CE,LYS,62.0,-2.925,1.818,31.886,0.21,2.175,2.47
ATOM,971.0,NZ,LYS,62.0,-3.467,1.691,33.284,-0.3,1.85,12.8
ATOM,972.0,H,LYS,62.0,0.578,4.324,28.699,0.31,0.2245,0.0
ATOM,973.0,HA,LYS,62.0,-1.557,2.848,27.526,0.09,1.32,0.0
ATOM,974.0,HB2,LYS,62.0,-1.167,2.675,29.799,0.09,1.32,0.0
ATOM,975.0,HB3,LYS,62.0,-1.416,4.275,30.013,0.09,1.32,0.0
ATOM,976.0,HG2,LYS,62.0,-3.703,3.942,29.417,0.09,1.32,1.6
ATOM,977.0,HG3,LYS,62.0,-3.419,2.334,29.375,0.09,1.32,0.0
ATOM,978.0,HD2,LYS,62.0,-2.909,3.874,31.735,0.09,1.32,0.65
ATOM,979.0,HD3,LYS,62.0,-4.376,3.215,31.447,0.09,1.32,3.71
ATOM,980.0,HE2,LYS,62.0,-3.264,1.06,31.343,0.05,1.32,0.28
ATOM,981.0,HE3,LYS,62.0,-1.933,1.804,31.927,0.05,1.32,1.31
ATOM,982.0,HZ1,LYS,62.0,-2.705,1.685,33.927,0.33,0.2245,12.57
ATOM,983.0,HZ2,LYS,62.0,-4.065,2.467,33.471,0.33,0.2245,13.19
ATOM,984.0,HZ3,LYS,62.0,-3.981,0.84,33.356,0.33,0.2245,20.07
ATOM,985.0,N,LYS,63.0,-2.092,6.023,27.764,-0.47,1.85,0.05
ATOM,986.0,CA,LYS,63.0,-2.871,7.118,27.223,0.07,2.275,2.16
ATOM,987.0,C,LYS,63.0,-2.894,7.066,25.683,0.51,2.0,0.0
ATOM,988.0,O,LYS,63.0,-3.973,7.095,25.05,-0.51,1.7,0.07
ATOM,989.0,CB,LYS,63.0,-2.306,8.456,27.675,-0.18,2.175,2.48
ATOM,990.0,CG,LYS,63.0,-3.151,9.64,27.238,-0.18,2.175,6.04
ATOM,991.0,CD,LYS,63.0,-2.435,10.905,27.68,-0.18,2.175,4.6
ATOM,992.0,CE,LYS,63.0,-3.198,12.148,27.314,0.21,2.175,20.48
ATOM,993.0,NZ,LYS,63.0,-2.425,13.328,27.829,-0.3,1.85,13.51
ATOM,994.0,H,LYS,63.0,-1.285,6.146,28.404,0.31,0.2245,0.0
ATOM,995.0,HA,LYS,63.0,-3.82,7.049,27.552,0.09,1.32,4.32
ATOM,996.0,HB2,LYS,63.0,-2.256,8.458,28.669,0.09,1.32,4.77
ATOM,997.0,HB3,LYS,63.0,-1.395,8.561,27.286,0.09,1.32,0.0
ATOM,998.0,HG2,LYS,63.0,-3.23,9.64,26.256,0.09,1.32,0.54
ATOM,999.0,HG3,LYS,63.0,-4.03,9.595,27.679,0.09,1.32,9.28
ATOM,1000.0,HD2,LYS,63.0,-2.32,10.875,28.673,0.09,1.32,8.07
ATOM,1001.0,HD3,LYS,63.0,-1.538,10.934,27.24,0.09,1.32,1.05
ATOM,1002.0,HE2,LYS,63.0,-3.273,12.219,26.332,0.05,1.32,7.95
ATOM,1003.0,HE3,LYS,63.0,-4.086,12.136,27.745,0.05,1.32,10.06
ATOM,1004.0,HZ1,LYS,63.0,-2.176,13.163,28.78,0.33,0.2245,16.27
ATOM,1005.0,HZ2,LYS,63.0,-1.602,13.443,27.277,0.33,0.2245,14.96
ATOM,1006.0,HZ3,LYS,63.0,-2.995,14.144,27.764,0.33,0.2245,20.38
ATOM,1007.0,N,HIS,64.0,-1.714,6.957,25.084,-0.47,1.85,0.24
ATOM,1008.0,CA,HIS,64.0,-1.65,6.836,23.628,0.07,2.275,1.16
ATOM,1009.0,C,HIS,64.0,-2.406,5.6,23.116,0.51,2.0,0.0
ATOM,1010.0,O,HIS,64.0,-3.072,5.66,22.082,-0.51,1.7,0.0
ATOM,1011.0,CB,HIS,64.0,-0.215,6.897,23.107,-0.08,2.175,0.04
ATOM,1012.0,CG,HIS,64.0,-0.162,7.052,21.623,0.22,1.8,0.0
ATOM,1013.0,H,HIS,64.0,-0.895,6.965,25.699,0.31,0.2245,0.0
ATOM,1014.0,HA,HIS,64.0,-2.079,7.654,23.22,0.09,1.32,0.4
ATOM,1015.0,HB2,HIS,64.0,0.252,7.676,23.525,0.09,1.32,0.13
ATOM,1016.0,HB3,HIS,64.0,0.258,6.052,23.355,0.09,1.32,0.0
ATOM,1017.0,ND1,HIS,64.0,-0.542,8.22,20.984,-0.7,1.85,3.2
ATOM,1018.0,CD2,HIS,64.0,0.125,6.16,20.65,-0.05,1.8,0.0
ATOM,1019.0,CE1,HIS,64.0,-0.439,8.046,19.676,0.25,1.8,8.7
ATOM,1020.0,NE2,HIS,64.0,-0.053,6.8,19.446,-0.36,1.85,0.08
ATOM,1021.0,HD2,HIS,64.0,0.412,5.214,20.777,0.09,1.468,0.0
ATOM,1022.0,HE1,HIS,64.0,-0.622,8.735,18.98,0.13,0.9,16.21
ATOM,1023.0,HE2,HIS,64.0,0.087,6.392,18.543,0.32,0.2245,7.16
ATOM,1024.0,N,GLY,65.0,-2.328,4.49,23.847,-0.47,1.85,0.0
ATOM,1025.0,CA,GLY,65.0,-3.055,3.265,23.439,-0.02,2.175,0.01
ATOM,1026.0,C,GLY,65.0,-4.563,3.523,23.341,0.51,2.0,0.0
ATOM,1027.0,O,GLY,65.0,-5.233,3.065,22.42,-0.51,1.7,0.0
ATOM,1028.0,H,GLY,65.0,-1.743,4.547,24.689,0.31,0.2245,0.0
ATOM,1029.0,HA2,GLY,65.0,-2.71,2.961,22.547,0.09,1.32,0.17
ATOM,1030.0,HA3,GLY,65.0,-2.883,2.542,24.114,0.09,1.32,0.0
ATOM,1031.0,N,THR,66.0,-5.096,4.246,24.312,-0.47,1.85,0.0
ATOM,1032.0,CA,THR,66.0,-6.491,4.661,24.289,0.07,2.275,0.0
ATOM,1033.0,C,THR,66.0,-6.788,5.525,23.052,0.51,2.0,0.0
ATOM,1034.0,O,THR,66.0,-7.794,5.326,22.402,-0.51,1.7,0.0
ATOM,1035.0,CB,THR,66.0,-6.888,5.439,25.555,0.14,2.275,2.64
ATOM,1036.0,OG1,THR,66.0,-6.667,4.587,26.692,-0.66,1.77,3.77
ATOM,1037.0,CG2,THR,66.0,-8.384,5.823,25.478,-0.27,2.06,20.51
ATOM,1038.0,H,THR,66.0,-4.441,4.49,25.085,0.31,0.2245,0.0
ATOM,1039.0,HA,THR,66.0,-7.073,3.842,24.241,0.09,1.32,0.0
ATOM,1040.0,HB,THR,66.0,-6.286,6.25,25.646,0.09,1.32,0.85
ATOM,1041.0,HG21,THR,66.0,-8.464,6.816,25.409,0.09,1.32,9.76
ATOM,1042.0,HG22,THR,66.0,-8.791,5.394,24.674,0.09,1.32,0.0
ATOM,1043.0,HG23,THR,66.0,-8.847,5.503,26.303,0.09,1.32,3.56
ATOM,1044.0,HG1,THR,66.0,-5.682,4.469,26.851,0.43,0.2245,0.0
ATOM,1045.0,N,VAL,67.0,-5.92,6.493,22.74,-0.47,1.85,0.0
ATOM,1046.0,CA,VAL,67.0,-6.142,7.346,21.551,0.07,2.275,0.23
ATOM,1047.0,C,VAL,67.0,-6.198,6.469,20.283,0.51,2.0,0.0
ATOM,1048.0,O,VAL,67.0,-7.112,6.551,19.431,-0.51,1.7,1.52
ATOM,1049.0,CB,VAL,67.0,-5.031,8.417,21.479,-0.09,2.275,0.0
ATOM,1050.0,CG1,VAL,67.0,-5.044,9.142,20.13,-0.27,2.06,33.14
ATOM,1051.0,CG2,VAL,67.0,-5.256,9.433,22.595,-0.27,2.06,25.88
ATOM,1052.0,H,VAL,67.0,-5.117,6.592,23.369,0.31,0.2245,0.0
ATOM,1053.0,HA,VAL,67.0,-7.028,7.793,21.653,0.09,1.32,3.87
ATOM,1054.0,HB,VAL,67.0,-4.154,7.949,21.546,0.09,1.32,0.0
ATOM,1055.0,HG11,VAL,67.0,-4.152,9.041,19.694,0.09,1.32,1.58
ATOM,1056.0,HG12,VAL,67.0,-5.75,8.742,19.548,0.09,1.32,0.91
ATOM,1057.0,HG13,VAL,67.0,-5.239,10.11,20.278,0.09,1.32,7.53
ATOM,1058.0,HG21,VAL,67.0,-5.18,10.356,22.219,0.09,1.32,7.54
ATOM,1059.0,HG22,VAL,67.0,-6.168,9.3,22.981,0.09,1.32,5.38
ATOM,1060.0,HG23,VAL,67.0,-4.566,9.299,23.305,0.09,1.32,0.13
ATOM,1061.0,N,VAL,68.0,-5.205,5.598,20.186,-0.47,1.85,0.0
ATOM,1062.0,CA,VAL,68.0,-5.107,4.685,19.038,0.07,2.275,0.0
ATOM,1063.0,C,VAL,68.0,-6.344,3.804,18.843,0.51,2.0,0.0
ATOM,1064.0,O,VAL,68.0,-6.976,3.817,17.777,-0.51,1.7,1.05
ATOM,1065.0,CB,VAL,68.0,-3.818,3.862,19.128,-0.09,2.275,0.0
ATOM,1066.0,CG1,VAL,68.0,-3.816,2.781,18.044,-0.27,2.06,11.69
ATOM,1067.0,CG2,VAL,68.0,-2.631,4.817,19.025,-0.27,2.06,6.13
ATOM,1068.0,H,VAL,68.0,-4.523,5.611,20.961,0.31,0.2245,0.0
ATOM,1069.0,HA,VAL,68.0,-4.994,5.25,18.201,0.09,1.32,3.91
ATOM,1070.0,HB,VAL,68.0,-3.814,3.39,20.001,0.09,1.32,0.06
ATOM,1071.0,HG11,VAL,68.0,-4.44,3.048,17.312,0.09,1.32,3.76
ATOM,1072.0,HG12,VAL,68.0,-2.892,2.682,17.679,0.09,1.32,0.61
ATOM,1073.0,HG13,VAL,68.0,-4.115,1.915,18.442,0.09,1.32,0.05
ATOM,1074.0,HG21,VAL,68.0,-2.108,4.602,18.202,0.09,1.32,5.91
ATOM,1075.0,HG22,VAL,68.0,-2.969,5.756,18.975,0.09,1.32,0.63
ATOM,1076.0,HG23,VAL,68.0,-2.052,4.708,19.832,0.09,1.32,0.0
ATOM,1077.0,N,LEU,69.0,-6.691,3.029,19.87,-0.47,1.85,0.0
ATOM,1078.0,CA,LEU,69.0,-7.799,2.102,19.72,0.07,2.275,0.0
ATOM,1079.0,C,LEU,69.0,-9.133,2.834,19.632,0.51,2.0,0.0
ATOM,1080.0,O,LEU,69.0,-10.065,2.356,18.969,-0.51,1.7,0.0
ATOM,1081.0,CB,LEU,69.0,-7.799,1.022,20.824,-0.18,2.175,0.0
ATOM,1082.0,CG,LEU,69.0,-6.605,0.04,20.77,-0.09,2.275,0.02
ATOM,1083.0,CD1,LEU,69.0,-6.821,-1.114,21.775,-0.27,2.06,1.33
ATOM,1084.0,CD2,LEU,69.0,-6.338,-0.492,19.346,-0.27,2.06,0.57
ATOM,1085.0,H,LEU,69.0,-6.136,3.143,20.722,0.31,0.2245,0.0
ATOM,1086.0,HA,LEU,69.0,-7.669,1.578,18.867,0.09,1.32,0.0
ATOM,1087.0,HB2,LEU,69.0,-7.762,1.481,21.697,0.09,1.32,0.0
ATOM,1088.0,HB3,LEU,69.0,-8.623,0.489,20.727,0.09,1.32,0.0
ATOM,1089.0,HG,LEU,69.0,-5.774,0.529,21.009,0.09,1.32,0.27
ATOM,1090.0,HD11,LEU,69.0,-7.659,-1.597,21.536,0.09,1.32,0.0
ATOM,1091.0,HD12,LEU,69.0,-6.043,-1.735,21.726,0.09,1.32,0.0
ATOM,1092.0,HD13,LEU,69.0,-6.896,-0.733,22.693,0.09,1.32,0.0
ATOM,1093.0,HD21,LEU,69.0,-6.135,0.278,18.746,0.09,1.32,0.0
ATOM,1094.0,HD22,LEU,69.0,-5.561,-1.117,19.374,0.09,1.32,0.0
ATOM,1095.0,HD23,LEU,69.0,-7.15,-0.972,19.022,0.09,1.32,0.0
ATOM,1096.0,N,THR,70.0,-9.247,3.995,20.28,-0.47,1.85,0.0
ATOM,1097.0,CA,THR,70.0,-10.461,4.805,20.097,0.07,2.275,0.0
ATOM,1098.0,C,THR,70.0,-10.637,5.199,18.63,0.51,2.0,0.0
ATOM,1099.0,O,THR,70.0,-11.745,5.1,18.073,-0.51,1.7,3.7
ATOM,1100.0,CB,THR,70.0,-10.476,6.039,21.017,0.14,2.275,1.95
ATOM,1101.0,OG1,THR,70.0,-10.49,5.58,22.378,-0.66,1.77,7.83
ATOM,1102.0,CG2,THR,70.0,-11.739,6.894,20.743,-0.27,2.06,39.98
ATOM,1103.0,H,THR,70.0,-8.465,4.256,20.878,0.31,0.2245,0.0
ATOM,1104.0,HA,THR,70.0,-11.254,4.253,20.374,0.09,1.32,4.12
ATOM,1105.0,HB,THR,70.0,-9.624,6.569,20.87,0.09,1.32,0.35
ATOM,1106.0,HG21,THR,70.0,-11.462,7.834,20.556,0.09,1.32,11.59
ATOM,1107.0,HG22,THR,70.0,-12.222,6.519,19.954,0.09,1.32,1.9
ATOM,1108.0,HG23,THR,70.0,-12.331,6.868,21.546,0.09,1.32,10.13
ATOM,1109.0,HG1,THR,70.0,-9.556,5.369,22.683,0.43,0.2245,0.0
ATOM,1110.0,N,ALA,71.0,-9.547,5.622,17.993,-0.47,1.85,0.3
ATOM,1111.0,CA,ALA,71.0,-9.61,6.012,16.578,0.07,2.275,3.35
ATOM,1112.0,C,ALA,71.0,-10.013,4.793,15.707,0.51,2.0,0.0
ATOM,1113.0,O,ALA,71.0,-10.892,4.875,14.848,-0.51,1.7,1.75
ATOM,1114.0,CB,ALA,71.0,-8.284,6.56,16.134,-0.27,2.06,13.72
ATOM,1115.0,H,ALA,71.0,-8.686,5.652,18.557,0.31,0.2245,0.0
ATOM,1116.0,HA,ALA,71.0,-10.308,6.719,16.465,0.09,1.32,9.13
ATOM,1117.0,HB1,ALA,71.0,-8.378,7.526,15.882,0.09,1.32,9.01
ATOM,1118.0,HB2,ALA,71.0,-7.613,6.482,16.876,0.09,1.32,0.0
ATOM,1119.0,HB3,ALA,71.0,-7.949,6.049,15.339,0.09,1.32,2.0
ATOM,1120.0,N,LEU,72.0,-9.373,3.66,15.959,-0.47,1.85,0.25
ATOM,1121.0,CA,LEU,72.0,-9.632,2.443,15.205,0.07,2.275,0.95
ATOM,1122.0,C,LEU,72.0,-11.084,2.0,15.393,0.51,2.0,0.0
ATOM,1123.0,O,LEU,72.0,-11.711,1.562,14.437,-0.51,1.7,0.0
ATOM,1124.0,CB,LEU,72.0,-8.664,1.326,15.645,-0.18,2.175,0.07
ATOM,1125.0,CG,LEU,72.0,-8.844,-0.014,14.905,-0.09,2.275,0.0
ATOM,1126.0,CD1,LEU,72.0,-8.743,0.165,13.374,-0.27,2.06,0.0
ATOM,1127.0,CD2,LEU,72.0,-7.834,-1.08,15.374,-0.27,2.06,0.29
ATOM,1128.0,H,LEU,72.0,-8.678,3.716,16.733,0.31,0.2245,0.0
ATOM,1129.0,HA,LEU,72.0,-9.484,2.628,14.229,0.09,1.32,0.0
ATOM,1130.0,HB2,LEU,72.0,-7.742,1.638,15.471,0.09,1.32,4.04
ATOM,1131.0,HB3,LEU,72.0,-8.814,1.156,16.606,0.09,1.32,0.0
ATOM,1132.0,HG,LEU,72.0,-9.743,-0.391,15.129,0.09,1.32,0.0
ATOM,1133.0,HD11,LEU,72.0,-7.845,0.535,13.151,0.09,1.32,0.31
ATOM,1134.0,HD12,LEU,72.0,-8.865,-0.722,12.936,0.09,1.32,0.0
ATOM,1135.0,HD13,LEU,72.0,-9.456,0.794,13.075,0.09,1.32,0.0
ATOM,1136.0,HD21,LEU,72.0,-7.962,-1.241,16.35,0.09,1.32,0.0
ATOM,1137.0,HD22,LEU,72.0,-7.993,-1.924,14.866,0.09,1.32,0.0
ATOM,1138.0,HD23,LEU,72.0,-6.909,-0.749,15.202,0.09,1.32,4.32
ATOM,1139.0,N,GLY,73.0,-11.603,2.082,16.618,-0.47,1.85,0.0
ATOM,1140.0,CA,GLY,73.0,-12.992,1.684,16.922,-0.02,2.175,0.61
ATOM,1141.0,C,GLY,73.0,-13.97,2.545,16.14,0.51,2.0,0.38
ATOM,1142.0,O,GLY,73.0,-14.959,2.049,15.612,-0.51,1.7,0.0
ATOM,1143.0,H,GLY,73.0,-10.952,2.449,17.343,0.31,0.2245,0.0
ATOM,1144.0,HA2,GLY,73.0,-13.117,0.72,16.676,0.09,1.32,0.0
ATOM,1145.0,HA3,GLY,73.0,-13.156,1.793,17.905,0.09,1.32,1.49
ATOM,1146.0,N,GLY,74.0,-13.684,3.845,16.08,-0.47,1.85,2.36
ATOM,1147.0,CA,GLY,74.0,-14.521,4.772,15.3,-0.02,2.175,18.15
ATOM,1148.0,C,GLY,74.0,-14.626,4.307,13.859,0.51,2.0,0.0
ATOM,1149.0,O,GLY,74.0,-15.739,4.207,13.269,-0.51,1.7,3.4
ATOM,1150.0,H,GLY,74.0,-12.851,4.14,16.611,0.31,0.2245,0.0
ATOM,1151.0,HA2,GLY,74.0,-15.436,4.812,15.71,0.09,1.32,5.1
ATOM,1152.0,HA3,GLY,74.0,-14.113,5.688,15.331,0.09,1.32,8.41
ATOM,1153.0,N,ILE,75.0,-13.458,3.991,13.311,-0.47,1.85,0.0
ATOM,1154.0,CA,ILE,75.0,-13.334,3.522,11.943,0.07,2.275,0.0
ATOM,1155.0,C,ILE,75.0,-14.13,2.21,11.746,0.51,2.0,0.0
ATOM,1156.0,O,ILE,75.0,-14.962,2.088,10.824,-0.51,1.7,0.0
ATOM,1157.0,CB,ILE,75.0,-11.838,3.388,11.574,-0.09,2.275,0.0
ATOM,1158.0,CG1,ILE,75.0,-11.215,4.779,11.386,-0.18,2.175,0.25
ATOM,1159.0,CG2,ILE,75.0,-11.645,2.544,10.303,-0.27,2.06,0.47
ATOM,1160.0,CD1,ILE,75.0,-9.714,4.822,11.464,-0.27,2.06,0.78
ATOM,1161.0,H,ILE,75.0,-12.638,4.11,13.951,0.31,0.2245,0.0
ATOM,1162.0,HA,ILE,75.0,-13.78,4.204,11.36,0.09,1.32,0.0
ATOM,1163.0,HB,ILE,75.0,-11.376,2.944,12.331,0.09,1.32,0.0
ATOM,1164.0,HG12,ILE,75.0,-11.51,5.133,10.493,0.09,1.32,0.0
ATOM,1165.0,HG13,ILE,75.0,-11.596,5.384,12.094,0.09,1.32,1.45
ATOM,1166.0,HG21,ILE,75.0,-10.671,2.447,10.122,0.09,1.32,0.0
ATOM,1167.0,HG22,ILE,75.0,-12.054,1.647,10.443,0.09,1.32,0.27
ATOM,1168.0,HG23,ILE,75.0,-12.087,3.002,9.537,0.09,1.32,0.0
ATOM,1169.0,HD11,ILE,75.0,-9.324,4.237,10.752,0.09,1.32,0.0
ATOM,1170.0,HD12,ILE,75.0,-9.397,5.762,11.331,0.09,1.32,0.0
ATOM,1171.0,HD13,ILE,75.0,-9.415,4.496,12.361,0.09,1.32,0.09
ATOM,1172.0,N,LEU,76.0,-13.913,1.24,12.639,-0.47,1.85,0.0
ATOM,1173.0,CA,LEU,76.0,-14.579,-0.073,12.506,0.07,2.275,0.0
ATOM,1174.0,C,LEU,76.0,-16.105,0.025,12.533,0.51,2.0,0.0
ATOM,1175.0,O,LEU,76.0,-16.819,-0.708,11.806,-0.51,1.7,0.0
ATOM,1176.0,CB,LEU,76.0,-14.116,-1.041,13.591,-0.18,2.175,0.0
ATOM,1177.0,CG,LEU,76.0,-12.634,-1.422,13.475,-0.09,2.275,0.0
ATOM,1178.0,CD1,LEU,76.0,-12.233,-2.262,14.679,-0.27,2.06,0.0
ATOM,1179.0,CD2,LEU,76.0,-12.338,-2.154,12.131,-0.27,2.06,0.18
ATOM,1180.0,H,LEU,76.0,-13.266,1.475,13.401,0.31,0.2245,0.0
ATOM,1181.0,HA,LEU,76.0,-14.3,-0.477,11.621,0.09,1.32,0.56
ATOM,1182.0,HB2,LEU,76.0,-14.24,-0.606,14.466,0.09,1.32,0.0
ATOM,1183.0,HB3,LEU,76.0,-14.64,-1.869,13.51,0.09,1.32,0.0
ATOM,1184.0,HG,LEU,76.0,-12.088,-0.591,13.452,0.09,1.32,0.0
ATOM,1185.0,HD11,LEU,76.0,-12.79,-3.092,14.708,0.09,1.32,0.0
ATOM,1186.0,HD12,LEU,76.0,-11.267,-2.512,14.606,0.09,1.32,0.0
ATOM,1187.0,HD13,LEU,76.0,-12.378,-1.735,15.517,0.09,1.32,0.0
ATOM,1188.0,HD21,LEU,76.0,-12.575,-1.546,11.381,0.09,1.32,1.5
ATOM,1189.0,HD22,LEU,76.0,-11.37,-2.38,12.101,0.09,1.32,0.0
ATOM,1190.0,HD23,LEU,76.0,-12.889,-2.982,12.094,0.09,1.32,0.0
ATOM,1191.0,N,LYS,77.0,-16.614,0.907,13.395,-0.47,1.85,0.0
ATOM,1192.0,CA,LYS,77.0,-18.061,1.065,13.546,0.07,2.275,0.0
ATOM,1193.0,C,LYS,77.0,-18.696,1.661,12.271,0.51,2.0,0.0
ATOM,1194.0,O,LYS,77.0,-19.89,1.618,12.108,-0.51,1.7,16.48
ATOM,1195.0,CB,LYS,77.0,-18.403,1.873,14.8,-0.18,2.175,8.55
ATOM,1196.0,CG,LYS,77.0,-18.024,1.141,16.084,-0.18,2.175,0.63
ATOM,1197.0,CD,LYS,77.0,-18.441,1.888,17.334,-0.18,2.175,13.22
ATOM,1198.0,CE,LYS,77.0,-18.047,1.125,18.603,0.21,2.175,7.93
ATOM,1199.0,NZ,LYS,77.0,-18.598,-0.272,18.598,-0.3,1.85,3.26
ATOM,1200.0,H,LYS,77.0,-15.918,1.451,13.929,0.31,0.2245,0.0
ATOM,1201.0,HA,LYS,77.0,-18.475,0.163,13.712,0.09,1.32,0.0
ATOM,1202.0,HB2,LYS,77.0,-17.902,2.727,14.768,0.09,1.32,0.88
ATOM,1203.0,HB3,LYS,77.0,-19.381,2.036,14.81,0.09,1.32,7.41
ATOM,1204.0,HG2,LYS,77.0,-18.465,0.236,16.082,0.09,1.32,0.0
ATOM,1205.0,HG3,LYS,77.0,-17.027,1.009,16.099,0.09,1.32,0.0
ATOM,1206.0,HD2,LYS,77.0,-17.99,2.774,17.352,0.09,1.32,5.65
ATOM,1207.0,HD3,LYS,77.0,-19.429,2.002,17.335,0.09,1.32,9.68
ATOM,1208.0,HE2,LYS,77.0,-17.05,1.082,18.658,0.05,1.32,0.06
ATOM,1209.0,HE3,LYS,77.0,-18.405,1.614,19.398,0.05,1.32,9.11
ATOM,1210.0,HZ1,LYS,77.0,-19.58,-0.234,18.768,0.33,0.2245,18.74
ATOM,1211.0,HZ2,LYS,77.0,-18.422,-0.687,17.708,0.33,0.2245,0.0
ATOM,1212.0,HZ3,LYS,77.0,-18.149,-0.801,19.315,0.33,0.2245,1.67
ATOM,1213.0,N,LYS,78.0,-17.884,2.202,11.36,-0.47,1.85,0.0
ATOM,1214.0,CA,LYS,78.0,-18.406,2.685,10.076,0.07,2.275,0.55
ATOM,1215.0,C,LYS,78.0,-18.582,1.554,9.066,0.51,2.0,0.15
ATOM,1216.0,O,LYS,78.0,-19.138,1.753,7.971,-0.51,1.7,3.29
ATOM,1217.0,CB,LYS,78.0,-17.501,3.765,9.496,-0.18,2.175,0.0
ATOM,1218.0,CG,LYS,78.0,-17.566,5.106,10.243,-0.18,2.175,0.36
ATOM,1219.0,CD,LYS,78.0,-18.987,5.637,10.408,-0.18,2.175,14.0
ATOM,1220.0,CE,LYS,78.0,-19.632,6.068,9.11,0.21,2.175,15.49
ATOM,1221.0,NZ,LYS,78.0,-18.899,7.172,8.432,-0.3,1.85,5.57
ATOM,1222.0,H,LYS,78.0,-16.89,2.249,11.628,0.31,0.2245,0.0
ATOM,1223.0,HA,LYS,78.0,-19.305,3.119,10.236,0.09,1.32,1.73
ATOM,1224.0,HB2,LYS,78.0,-16.558,3.442,9.53,0.09,1.32,0.0
ATOM,1225.0,HB3,LYS,78.0,-17.769,3.929,8.549,0.09,1.32,0.0
ATOM,1226.0,HG2,LYS,78.0,-17.157,4.985,11.154,0.09,1.32,0.0
ATOM,1227.0,HG3,LYS,78.0,-17.023,5.783,9.735,0.09,1.32,0.0
ATOM,1228.0,HD2,LYS,78.0,-19.549,4.915,10.823,0.09,1.32,2.75
ATOM,1229.0,HD3,LYS,78.0,-18.962,6.424,11.032,0.09,1.32,7.99
ATOM,1230.0,HE2,LYS,78.0,-19.678,5.275,8.487,0.05,1.32,0.01
ATOM,1231.0,HE3,LYS,78.0,-20.578,6.37,9.297,0.05,1.32,12.1
ATOM,1232.0,HZ1,LYS,78.0,-17.917,7.057,8.579,0.33,0.2245,0.0
ATOM,1233.0,HZ2,LYS,78.0,-19.096,7.148,7.452,0.33,0.2245,10.22
ATOM,1234.0,HZ3,LYS,78.0,-19.194,8.048,8.812,0.33,0.2245,14.4
ATOM,1235.0,N,LYS,79.0,-18.087,0.368,9.411,-0.47,1.85,0.0
ATOM,1236.0,CA,LYS,79.0,-18.291,-0.818,8.57,0.07,2.275,0.0
ATOM,1237.0,C,LYS,79.0,-17.883,-0.537,7.113,0.51,2.0,0.0
ATOM,1238.0,O,LYS,79.0,-18.654,-0.789,6.171,-0.51,1.7,4.92
ATOM,1239.0,CB,LYS,79.0,-19.748,-1.309,8.643,-0.18,2.175,1.55
ATOM,1240.0,CG,LYS,79.0,-20.256,-1.641,10.071,-0.18,2.175,0.0
ATOM,1241.0,CD,LYS,79.0,-21.584,-2.401,10.088,-0.18,2.175,2.56
ATOM,1242.0,CE,LYS,79.0,-22.715,-1.66,9.436,0.21,2.175,19.32
ATOM,1243.0,NZ,LYS,79.0,-23.891,-2.598,9.358,-0.3,1.85,11.62
ATOM,1244.0,H,LYS,79.0,-17.559,0.352,10.3,0.31,0.2245,0.0
ATOM,1245.0,HA,LYS,79.0,-17.721,-1.568,8.921,0.09,1.32,0.0
ATOM,1246.0,HB2,LYS,79.0,-20.34,-0.598,8.27,0.09,1.32,0.08
ATOM,1247.0,HB3,LYS,79.0,-19.829,-2.138,8.092,0.09,1.32,0.0
ATOM,1248.0,HG2,LYS,79.0,-19.557,-2.196,10.533,0.09,1.32,0.0
ATOM,1249.0,HG3,LYS,79.0,-20.367,-0.779,10.575,0.09,1.32,0.0
ATOM,1250.0,HD2,LYS,79.0,-21.449,-3.277,9.613,0.09,1.32,0.0
ATOM,1251.0,HD3,LYS,79.0,-21.825,-2.59,11.046,0.09,1.32,2.49
ATOM,1252.0,HE2,LYS,79.0,-22.968,-0.88,9.984,0.05,1.32,9.91
ATOM,1253.0,HE3,LYS,79.0,-22.461,-1.394,8.52,0.05,1.32,3.96
ATOM,1254.0,HZ1,LYS,79.0,-24.305,-2.671,10.261,0.33,0.2245,18.6
ATOM,1255.0,HZ2,LYS,79.0,-24.552,-2.233,8.707,0.33,0.2245,19.82
ATOM,1256.0,HZ3,LYS,79.0,-23.571,-3.492,9.055,0.33,0.2245,3.13
ATOM,1257.0,N,GLY,80.0,-16.679,-0.002,6.937,-0.47,1.85,0.0
ATOM,1258.0,CA,GLY,80.0,-16.128,0.194,5.599,-0.02,2.175,3.42
ATOM,1259.0,C,GLY,80.0,-16.45,1.559,5.01,0.51,2.0,1.27
ATOM,1260.0,O,GLY,80.0,-15.754,2.007,4.09,-0.51,1.7,17.83
ATOM,1261.0,H,GLY,80.0,-16.181,0.256,7.806,0.31,0.2245,0.04
ATOM,1262.0,HA2,GLY,80.0,-15.119,0.075,5.633,0.09,1.32,0.0
ATOM,1263.0,HA3,GLY,80.0,-16.487,-0.529,4.981,0.09,1.32,5.87
ATOM,1264.0,N,HIS,81.0,-17.482,2.228,5.534,-0.47,1.85,0.0
ATOM,1265.0,CA,HIS,81.0,-17.855,3.565,5.076,0.07,2.275,2.04
ATOM,1266.0,C,HIS,81.0,-17.061,4.632,5.839,0.51,2.0,0.48
ATOM,1267.0,O,HIS,81.0,-17.637,5.499,6.484,-0.51,1.7,3.25
ATOM,1268.0,CB,HIS,81.0,-19.364,3.777,5.215,-0.09,2.175,7.73
ATOM,1269.0,CG,HIS,81.0,-20.157,2.891,4.32,-0.05,1.8,0.88
ATOM,1270.0,H,HIS,81.0,-17.989,1.719,6.286,0.31,0.2245,0.0
ATOM,1271.0,HA,HIS,81.0,-17.628,3.644,4.102,0.09,1.32,4.85
ATOM,1272.0,HB2,HIS,81.0,-19.631,3.596,6.165,0.09,1.32,0.47
ATOM,1273.0,HB3,HIS,81.0,-19.579,4.732,4.993,0.09,1.32,7.91
ATOM,1274.0,ND1,HIS,81.0,-20.72,1.71,4.756,-0.36,1.85,5.99
ATOM,1275.0,CD2,HIS,81.0,-20.418,2.967,2.995,0.22,1.8,20.55
ATOM,1276.0,CE1,HIS,81.0,-21.337,1.121,3.746,0.25,1.8,24.31
ATOM,1277.0,NE2,HIS,81.0,-21.166,1.862,2.666,-0.7,1.85,31.02
ATOM,1278.0,HD1,HIS,81.0,-20.669,1.358,5.69,0.32,0.2245,2.2
ATOM,1279.0,HD2,HIS,81.0,-20.124,3.687,2.372,0.1,1.468,16.02
ATOM,1280.0,HE1,HIS,81.0,-21.843,0.265,3.791,0.13,0.9,17.66
ATOM,1281.0,N,HIS,82.0,-15.733,4.538,5.752,-0.47,1.85,0.0
ATOM,1282.0,CA,HIS,82.0,-14.843,5.268,6.668,0.07,2.275,0.0
ATOM,1283.0,C,HIS,82.0,-13.915,6.287,5.979,0.51,2.0,0.0
ATOM,1284.0,O,HIS,82.0,-12.903,6.688,6.568,-0.51,1.7,0.0
ATOM,1285.0,CB,HIS,82.0,-13.999,4.275,7.49,-0.08,2.175,0.0
ATOM,1286.0,CG,HIS,82.0,-13.231,3.3,6.652,0.22,1.8,0.0
ATOM,1287.0,H,HIS,82.0,-15.387,3.918,4.997,0.31,0.2245,0.41
ATOM,1288.0,HA,HIS,82.0,-15.422,5.775,7.334,0.09,1.32,0.0
ATOM,1289.0,HB2,HIS,82.0,-13.348,4.794,8.053,0.09,1.32,0.0
ATOM,1290.0,HB3,HIS,82.0,-14.611,3.76,8.098,0.09,1.32,0.0
ATOM,1291.0,ND1,HIS,82.0,-13.094,1.967,6.988,-0.7,1.85,0.97
ATOM,1292.0,CD2,HIS,82.0,-12.593,3.453,5.466,-0.05,1.8,2.41
ATOM,1293.0,CE1,HIS,82.0,-12.388,1.346,6.06,0.25,1.8,0.86
ATOM,1294.0,NE2,HIS,82.0,-12.061,2.225,5.128,-0.36,1.85,0.0
ATOM,1295.0,HD2,HIS,82.0,-12.519,4.291,4.936,0.09,1.468,1.38
ATOM,1296.0,HE1,HIS,82.0,-12.142,0.381,6.061,0.13,0.9,0.44
ATOM,1297.0,HE2,HIS,82.0,-11.518,2.034,4.31,0.32,0.2245,0.0
ATOM,1298.0,N,GLU,83.0,-14.238,6.692,4.748,-0.47,1.85,0.7
ATOM,1299.0,CA,GLU,83.0,-13.396,7.667,4.021,0.07,2.275,0.68
ATOM,1300.0,C,GLU,83.0,-13.018,8.907,4.857,0.51,2.0,0.0
ATOM,1301.0,O,GLU,83.0,-11.835,9.235,4.978,-0.51,1.7,0.0
ATOM,1302.0,CB,GLU,83.0,-14.07,8.077,2.701,-0.18,2.175,13.23
ATOM,1303.0,CG,GLU,83.0,-13.434,9.294,2.0,-0.28,2.175,18.58
ATOM,1304.0,CD,GLU,83.0,-12.047,9.013,1.402,0.62,2.0,2.27
ATOM,1305.0,OE1,GLU,83.0,-11.741,7.83,1.116,-0.76,1.7,17.63
ATOM,1306.0,OE2,GLU,83.0,-11.258,9.975,1.211,-0.76,1.7,8.1
ATOM,1307.0,H,GLU,83.0,-15.097,6.282,4.357,0.31,0.2245,3.64
ATOM,1308.0,HA,GLU,83.0,-12.547,7.206,3.709,0.09,1.32,0.78
ATOM,1309.0,HB2,GLU,83.0,-14.003,7.316,2.08,0.09,1.32,7.92
ATOM,1310.0,HB3,GLU,83.0,-15.005,8.311,2.899,0.09,1.32,7.69
ATOM,1311.0,HG2,GLU,83.0,-14.024,9.561,1.261,0.09,1.32,10.86
ATOM,1312.0,HG3,GLU,83.0,-13.327,10.009,2.667,0.09,1.32,1.47
ATOM,1313.0,N,ALA,84.0,-14.01,9.57,5.45,-0.47,1.85,0.19
ATOM,1314.0,CA,ALA,84.0,-13.774,10.8,6.24,0.07,2.275,1.44
ATOM,1315.0,C,ALA,84.0,-12.889,10.549,7.466,0.51,2.0,0.11
ATOM,1316.0,O,ALA,84.0,-12.047,11.383,7.842,-0.51,1.7,9.51
ATOM,1317.0,CB,ALA,84.0,-15.1,11.457,6.636,-0.27,2.06,37.77
ATOM,1318.0,H,ALA,84.0,-14.954,9.161,5.316,0.31,0.2245,4.28
ATOM,1319.0,HA,ALA,84.0,-13.316,11.475,5.644,0.09,1.32,6.35
ATOM,1320.0,HB1,ALA,84.0,-15.575,11.761,5.813,0.09,1.32,11.19
ATOM,1321.0,HB2,ALA,84.0,-15.664,10.793,7.124,0.09,1.32,1.4
ATOM,1322.0,HB3,ALA,84.0,-14.916,12.24,7.227,0.09,1.32,10.16
ATOM,1323.0,N,GLU,85.0,-13.07,9.395,8.085,-0.47,1.85,0.0
ATOM,1324.0,CA,GLU,85.0,-12.316,9.03,9.276,0.07,2.275,1.56
ATOM,1325.0,C,GLU,85.0,-10.894,8.612,8.919,0.51,2.0,0.0
ATOM,1326.0,O,GLU,85.0,-9.946,8.863,9.672,-0.51,1.7,3.67
ATOM,1327.0,CB,GLU,85.0,-12.982,7.869,10.018,-0.18,2.175,1.89
ATOM,1328.0,CG,GLU,85.0,-14.318,8.177,10.726,-0.28,2.175,14.87
ATOM,1329.0,CD,GLU,85.0,-15.538,8.218,9.781,0.62,2.0,0.08
ATOM,1330.0,OE1,GLU,85.0,-15.401,7.893,8.584,-0.76,1.7,0.0
ATOM,1331.0,OE2,GLU,85.0,-16.633,8.599,10.253,-0.76,1.7,20.24
ATOM,1332.0,H,GLU,85.0,-13.789,8.776,7.654,0.31,0.2245,0.0
ATOM,1333.0,HA,GLU,85.0,-12.285,9.812,9.912,0.09,1.32,6.96
ATOM,1334.0,HB2,GLU,85.0,-13.165,7.15,9.358,0.09,1.32,0.0
ATOM,1335.0,HB3,GLU,85.0,-12.352,7.551,10.716,0.09,1.32,1.35
ATOM,1336.0,HG2,GLU,85.0,-14.485,7.467,11.385,0.09,1.32,0.05
ATOM,1337.0,HG3,GLU,85.0,-14.245,9.064,11.145,0.09,1.32,8.89
ATOM,1338.0,N,LEU,86.0,-10.756,7.923,7.792,-0.47,1.85,0.0
ATOM,1339.0,CA,LEU,86.0,-9.485,7.269,7.475,0.07,2.275,0.0
ATOM,1340.0,C,LEU,86.0,-8.527,8.265,6.793,0.51,2.0,0.0
ATOM,1341.0,O,LEU,86.0,-7.341,8.323,7.138,-0.51,1.7,0.0
ATOM,1342.0,CB,LEU,86.0,-9.737,6.005,6.648,-0.18,2.175,0.0
ATOM,1343.0,CG,LEU,86.0,-8.581,5.071,6.284,-0.09,2.275,0.0
ATOM,1344.0,CD1,LEU,86.0,-9.055,3.65,6.255,-0.27,2.06,0.0
ATOM,1345.0,CD2,LEU,86.0,-7.962,5.429,4.926,-0.27,2.06,0.0
ATOM,1346.0,H,LEU,86.0,-11.586,7.89,7.185,0.31,0.2245,0.0
ATOM,1347.0,HA,LEU,86.0,-9.059,6.962,8.328,0.09,1.32,0.0
ATOM,1348.0,HB2,LEU,86.0,-10.421,5.446,7.15,0.09,1.32,0.0
ATOM,1349.0,HB3,LEU,86.0,-10.169,6.294,5.777,0.09,1.32,0.0
ATOM,1350.0,HG,LEU,86.0,-7.858,5.177,6.967,0.09,1.32,0.0
ATOM,1351.0,HD11,LEU,86.0,-9.785,3.542,5.573,0.09,1.32,0.0
ATOM,1352.0,HD12,LEU,86.0,-8.296,3.037,6.016,0.09,1.32,0.0
ATOM,1353.0,HD13,LEU,86.0,-9.413,3.386,7.156,0.09,1.32,0.0
ATOM,1354.0,HD21,LEU,86.0,-7.613,6.364,4.961,0.09,1.32,0.0
ATOM,1355.0,HD22,LEU,86.0,-7.215,4.797,4.729,0.09,1.32,0.0
ATOM,1356.0,HD23,LEU,86.0,-8.661,5.356,4.217,0.09,1.32,0.89
ATOM,1357.0,N,LYS,87.0,-9.054,9.096,5.885,-0.47,1.85,0.0
ATOM,1358.0,CA,LYS,87.0,-8.229,10.07,5.138,0.07,2.275,0.0
ATOM,1359.0,C,LYS,87.0,-7.21,10.883,5.969,0.51,2.0,0.0
ATOM,1360.0,O,LYS,87.0,-6.009,10.84,5.667,-0.51,1.7,0.0
ATOM,1361.0,CB,LYS,87.0,-9.101,11.019,4.306,-0.18,2.175,0.0
ATOM,1362.0,CG,LYS,87.0,-8.312,11.845,3.289,-0.18,2.175,0.24
ATOM,1363.0,CD,LYS,87.0,-9.19,12.894,2.605,-0.18,2.175,8.39
ATOM,1364.0,CE,LYS,87.0,-8.358,13.69,1.605,0.21,2.175,3.16
ATOM,1365.0,NZ,LYS,87.0,-9.217,14.561,0.756,-0.3,1.85,14.21
ATOM,1366.0,H,LYS,87.0,-10.077,9.002,5.75,0.31,0.2245,0.0
ATOM,1367.0,HA,LYS,87.0,-7.713,9.562,4.412,0.09,1.32,0.0
ATOM,1368.0,HB2,LYS,87.0,-9.771,10.474,3.811,0.09,1.32,0.0
ATOM,1369.0,HB3,LYS,87.0,-9.56,11.646,4.928,0.09,1.32,0.27
ATOM,1370.0,HG2,LYS,87.0,-7.563,12.311,3.76,0.09,1.32,0.0
ATOM,1371.0,HG3,LYS,87.0,-7.939,11.233,2.592,0.09,1.32,0.0
ATOM,1372.0,HD2,LYS,87.0,-9.916,12.435,2.12,0.09,1.32,0.28
ATOM,1373.0,HD3,LYS,87.0,-9.541,13.512,3.288,0.09,1.32,9.13
ATOM,1374.0,HE2,LYS,87.0,-7.706,14.259,2.108,0.05,1.32,1.45
ATOM,1375.0,HE3,LYS,87.0,-7.856,13.051,1.02,0.05,1.32,0.81
ATOM,1376.0,HZ1,LYS,87.0,-8.813,14.637,-0.155,0.33,0.2245,19.33
ATOM,1377.0,HZ2,LYS,87.0,-10.129,14.159,0.686,0.33,0.2245,14.2
ATOM,1378.0,HZ3,LYS,87.0,-9.282,15.468,1.171,0.33,0.2245,20.42
ATOM,1379.0,N,PRO,88.0,-7.662,11.595,7.022,-0.29,1.85,0.0
ATOM,1380.0,CA,PRO,88.0,-6.753,12.406,7.857,0.02,2.275,2.91
ATOM,1381.0,C,PRO,88.0,-5.661,11.555,8.538,0.51,2.0,0.2
ATOM,1382.0,O,PRO,88.0,-4.51,12.004,8.694,-0.51,1.7,3.62
ATOM,1383.0,CB,PRO,88.0,-7.691,13.02,8.915,-0.18,2.175,20.05
ATOM,1384.0,CG,PRO,88.0,-8.919,12.096,8.936,-0.18,2.175,10.47
ATOM,1385.0,CD,PRO,88.0,-9.059,11.664,7.513,0.0,2.175,1.03
ATOM,1386.0,HA,PRO,88.0,-6.333,13.145,7.311,0.09,1.32,3.48
ATOM,1387.0,HB2,PRO,88.0,-7.258,13.032,9.814,0.09,1.32,8.76
ATOM,1388.0,HB3,PRO,88.0,-7.964,13.945,8.659,0.09,1.32,11.72
ATOM,1389.0,HG2,PRO,88.0,-8.743,11.327,9.542,0.09,1.32,0.23
ATOM,1390.0,HG3,PRO,88.0,-9.712,12.609,9.249,0.09,1.32,8.33
ATOM,1391.0,HD2,PRO,88.0,-9.495,10.765,7.437,0.09,1.32,0.0
ATOM,1392.0,HD3,PRO,88.0,-9.583,12.327,6.971,0.09,1.32,4.8
ATOM,1393.0,N,LEU,89.0,-6.025,10.343,8.937,-0.47,1.85,0.0
ATOM,1394.0,CA,LEU,89.0,-5.06,9.426,9.548,0.07,2.275,0.0
ATOM,1395.0,C,LEU,89.0,-4.027,8.969,8.53,0.51,2.0,0.09
ATOM,1396.0,O,LEU,89.0,-2.833,8.986,8.821,-0.51,1.7,0.18
ATOM,1397.0,CB,LEU,89.0,-5.742,8.227,10.192,-0.18,2.175,0.0
ATOM,1398.0,CG,LEU,89.0,-6.351,8.584,11.558,-0.09,2.275,1.53
ATOM,1399.0,CD1,LEU,89.0,-7.101,7.393,12.078,-0.27,2.06,5.36
ATOM,1400.0,CD2,LEU,89.0,-5.304,9.061,12.585,-0.27,2.06,22.95
ATOM,1401.0,H,LEU,89.0,-7.02,10.107,8.785,0.31,0.2245,0.0
ATOM,1402.0,HA,LEU,89.0,-4.586,9.912,10.29,0.09,1.32,0.0
ATOM,1403.0,HB2,LEU,89.0,-6.475,7.938,9.613,0.09,1.32,0.0
ATOM,1404.0,HB3,LEU,89.0,-5.072,7.532,10.343,0.09,1.32,2.66
ATOM,1405.0,HG,LEU,89.0,-6.969,9.353,11.437,0.09,1.32,2.39
ATOM,1406.0,HD11,LEU,89.0,-6.479,6.612,12.182,0.09,1.32,4.88
ATOM,1407.0,HD12,LEU,89.0,-7.508,7.604,12.971,0.09,1.32,0.77
ATOM,1408.0,HD13,LEU,89.0,-7.834,7.141,11.44,0.09,1.32,0.0
ATOM,1409.0,HD21,LEU,89.0,-4.85,9.875,12.231,0.09,1.32,1.51
ATOM,1410.0,HD22,LEU,89.0,-5.765,9.274,13.443,0.09,1.32,6.91
ATOM,1411.0,HD23,LEU,89.0,-4.636,8.334,12.729,0.09,1.32,1.72
ATOM,1412.0,N,ALA,90.0,-4.495,8.53,7.353,-0.47,1.85,0.0
ATOM,1413.0,CA,ALA,90.0,-3.594,8.206,6.251,0.07,2.275,0.0
ATOM,1414.0,C,ALA,90.0,-2.633,9.377,6.002,0.51,2.0,0.0
ATOM,1415.0,O,ALA,90.0,-1.412,9.2,5.913,-0.51,1.7,0.0
ATOM,1416.0,CB,ALA,90.0,-4.389,7.858,4.977,-0.27,2.06,0.0
ATOM,1417.0,H,ALA,90.0,-5.524,8.445,7.301,0.31,0.2245,0.0
ATOM,1418.0,HA,ALA,90.0,-3.053,7.4,6.497,0.09,1.32,0.0
ATOM,1419.0,HB1,ALA,90.0,-4.708,8.701,4.553,0.09,1.32,0.0
ATOM,1420.0,HB2,ALA,90.0,-3.794,7.365,4.348,0.09,1.32,0.0
ATOM,1421.0,HB3,ALA,90.0,-5.167,7.288,5.226,0.09,1.32,0.0
ATOM,1422.0,N,GLN,91.0,-3.181,10.589,5.922,-0.47,1.85,0.0
ATOM,1423.0,CA,GLN,91.0,-2.353,11.736,5.592,0.07,2.275,0.0
ATOM,1424.0,C,GLN,91.0,-1.358,12.099,6.723,0.51,2.0,0.49
ATOM,1425.0,O,GLN,91.0,-0.175,12.393,6.443,-0.51,1.7,0.36
ATOM,1426.0,CB,GLN,91.0,-3.213,12.906,5.079,-0.18,2.175,7.8
ATOM,1427.0,CG,GLN,91.0,-3.892,12.529,3.728,-0.18,2.175,0.31
ATOM,1428.0,CD,GLN,91.0,-4.7,13.648,3.077,0.55,2.0,2.05
ATOM,1429.0,H,GLN,91.0,-4.19,10.632,6.106,0.31,0.2245,0.0
ATOM,1430.0,HA,GLN,91.0,-1.801,11.508,4.776,0.09,1.32,0.0
ATOM,1431.0,HB2,GLN,91.0,-3.926,13.095,5.727,0.09,1.32,0.1
ATOM,1432.0,HB3,GLN,91.0,-2.638,13.685,4.915,0.09,1.32,7.59
ATOM,1433.0,HG2,GLN,91.0,-3.169,12.241,3.092,0.09,1.32,0.0
ATOM,1434.0,HG3,GLN,91.0,-4.5,11.747,3.899,0.09,1.32,0.0
ATOM,1435.0,OE1,GLN,91.0,-5.233,14.529,3.755,-0.55,1.7,23.71
ATOM,1436.0,NE2,GLN,91.0,-4.805,13.596,1.743,-0.62,1.85,7.23
ATOM,1437.0,HE21,GLN,91.0,-5.338,14.298,1.244,0.32,0.2245,11.18
ATOM,1438.0,HE22,GLN,91.0,-4.34,12.842,1.247,0.3,0.2245,0.1
ATOM,1439.0,N,SER,92.0,-1.778,12.016,7.995,-0.47,1.85,0.58
ATOM,1440.0,CA,SER,92.0,-0.843,12.396,9.055,0.07,2.275,2.51
ATOM,1441.0,C,SER,92.0,0.235,11.339,9.183,0.51,2.0,0.0
ATOM,1442.0,O,SER,92.0,1.397,11.648,9.459,-0.51,1.7,0.0
ATOM,1443.0,CB,SER,92.0,-1.538,12.62,10.401,0.05,2.175,17.78
ATOM,1444.0,OG,SER,92.0,-2.105,11.426,10.888,-0.66,1.77,3.24
ATOM,1445.0,H,SER,92.0,-2.724,11.692,8.137,0.31,0.2245,0.0
ATOM,1446.0,HA,SER,92.0,-0.408,13.257,8.788,0.09,1.32,3.1
ATOM,1447.0,HB2,SER,92.0,-0.864,12.955,11.055,0.09,1.32,0.25
ATOM,1448.0,HB3,SER,92.0,-2.258,13.299,10.277,0.09,1.32,7.98
ATOM,1449.0,HG,SER,92.0,-2.264,10.794,10.129,0.43,0.2245,0.0
ATOM,1450.0,N,HIS,93.0,-0.156,10.082,8.978,-0.47,1.85,0.0
ATOM,1451.0,CA,HIS,93.0,0.81,8.999,9.11,0.07,2.275,0.0
ATOM,1452.0,C,HIS,93.0,1.843,8.953,7.979,0.51,2.0,0.0
ATOM,1453.0,O,HIS,93.0,3.038,8.719,8.223,-0.51,1.7,0.0
ATOM,1454.0,CB,HIS,93.0,0.077,7.697,9.35,-0.09,2.175,0.68
ATOM,1455.0,CG,HIS,93.0,-0.466,7.605,10.743,-0.05,1.8,0.77
ATOM,1456.0,H,HIS,93.0,-1.141,9.955,8.733,0.31,0.2245,0.0
ATOM,1457.0,HA,HIS,93.0,1.313,9.122,9.986,0.09,1.32,0.0
ATOM,1458.0,HB2,HIS,93.0,-0.689,7.621,8.71,0.09,1.32,0.0
ATOM,1459.0,HB3,HIS,93.0,0.704,6.93,9.208,0.09,1.32,0.0
ATOM,1460.0,ND1,HIS,93.0,-1.377,8.518,11.258,-0.36,1.85,0.0
ATOM,1461.0,CD2,HIS,93.0,-0.173,6.752,11.756,0.22,1.8,5.98
ATOM,1462.0,CE1,HIS,93.0,-1.63,8.212,12.519,0.25,1.8,5.1
ATOM,1463.0,NE2,HIS,93.0,-0.919,7.143,12.84,-0.7,1.85,28.62
ATOM,1464.0,HD1,HIS,93.0,-1.773,9.279,10.751,0.32,0.2245,0.0
ATOM,1465.0,HD2,HIS,93.0,0.463,5.988,11.72,0.1,1.468,0.95
ATOM,1466.0,HE1,HIS,93.0,-2.249,8.702,13.126,0.13,0.9,5.92
ATOM,1467.0,N,ALA,94.0,1.401,9.244,6.763,-0.47,1.85,0.0
ATOM,1468.0,CA,ALA,94.0,2.342,9.382,5.656,0.07,2.275,0.0
ATOM,1469.0,C,ALA,94.0,3.19,10.661,5.802,0.51,2.0,0.0
ATOM,1470.0,O,ALA,94.0,4.425,10.587,5.782,-0.51,1.7,0.52
ATOM,1471.0,CB,ALA,94.0,1.608,9.352,4.309,-0.27,2.06,0.0
ATOM,1472.0,H,ALA,94.0,0.384,9.359,6.673,0.31,0.2245,0.0
ATOM,1473.0,HA,ALA,94.0,2.965,8.592,5.654,0.09,1.32,0.0
ATOM,1474.0,HB1,ALA,94.0,1.693,8.442,3.909,0.09,1.32,0.0
ATOM,1475.0,HB2,ALA,94.0,0.645,9.567,4.455,0.09,1.32,0.0
ATOM,1476.0,HB3,ALA,94.0,2.015,10.028,3.699,0.09,1.32,0.15
ATOM,1477.0,N,THR,95.0,2.54,11.811,5.988,-0.47,1.85,0.0
ATOM,1478.0,CA,THR,95.0,3.238,13.084,5.794,0.07,2.275,0.0
ATOM,1479.0,C,THR,95.0,3.948,13.587,7.031,0.51,2.0,0.0
ATOM,1480.0,O,THR,95.0,5.058,14.113,6.93,-0.51,1.7,4.35
ATOM,1481.0,CB,THR,95.0,2.317,14.193,5.178,0.14,2.275,3.78
ATOM,1482.0,OG1,THR,95.0,1.561,13.642,4.084,-0.66,1.77,5.82
ATOM,1483.0,CG2,THR,95.0,3.162,15.356,4.646,-0.27,2.06,38.26
ATOM,1484.0,H,THR,95.0,1.557,11.728,6.265,0.31,0.2245,0.0
ATOM,1485.0,HA,THR,95.0,3.929,12.954,5.055,0.09,1.32,3.53
ATOM,1486.0,HB,THR,95.0,1.666,14.501,5.896,0.09,1.32,4.59
ATOM,1487.0,HG21,THR,95.0,2.613,16.193,4.64,0.09,1.32,11.77
ATOM,1488.0,HG22,THR,95.0,3.96,15.486,5.235,0.09,1.32,2.23
ATOM,1489.0,HG23,THR,95.0,3.466,15.15,3.715,0.09,1.32,10.55
ATOM,1490.0,HG1,THR,95.0,2.018,12.823,3.725,0.43,0.2245,3.57
ATOM,1491.0,N,LYS,96.0,3.327,13.434,8.197,-0.47,1.85,0.0
ATOM,1492.0,CA,LYS,96.0,3.923,13.969,9.424,0.07,2.275,1.14
ATOM,1493.0,C,LYS,96.0,4.743,12.898,10.122,0.51,2.0,0.0
ATOM,1494.0,O,LYS,96.0,5.932,13.11,10.393,-0.51,1.7,16.2
ATOM,1495.0,CB,LYS,96.0,2.838,14.508,10.364,-0.18,2.175,1.75
ATOM,1496.0,CG,LYS,96.0,3.379,15.438,11.453,-0.18,2.175,5.99
ATOM,1497.0,CD,LYS,96.0,2.292,15.808,12.452,-0.18,2.175,9.06
ATOM,1498.0,CE,LYS,96.0,2.807,16.886,13.415,0.21,2.175,22.15
ATOM,1499.0,NZ,LYS,96.0,4.006,16.427,14.202,-0.3,1.85,13.92
ATOM,1500.0,H,LYS,96.0,2.433,12.931,8.164,0.31,0.2245,0.0
ATOM,1501.0,HA,LYS,96.0,4.526,14.736,9.182,0.09,1.32,5.31
ATOM,1502.0,HB2,LYS,96.0,2.178,15.017,9.821,0.09,1.32,6.61
ATOM,1503.0,HB3,LYS,96.0,2.396,13.734,10.807,0.09,1.32,0.0
ATOM,1504.0,HG2,LYS,96.0,4.119,14.973,11.935,0.09,1.32,0.02
ATOM,1505.0,HG3,LYS,96.0,3.724,16.27,11.025,0.09,1.32,9.07
ATOM,1506.0,HD2,LYS,96.0,1.514,16.172,11.965,0.09,1.32,9.26
ATOM,1507.0,HD3,LYS,96.0,2.05,15.01,12.98,0.09,1.32,0.0
ATOM,1508.0,HE2,LYS,96.0,3.058,17.699,12.885,0.05,1.32,10.32
ATOM,1509.0,HE3,LYS,96.0,2.072,17.127,14.054,0.05,1.32,11.98
ATOM,1510.0,HZ1,LYS,96.0,4.47,17.225,14.579,0.33,0.2245,20.48
ATOM,1511.0,HZ2,LYS,96.0,3.699,15.831,14.939,0.33,0.2245,13.19
ATOM,1512.0,HZ3,LYS,96.0,4.62,15.93,13.594,0.33,0.2245,8.43
ATOM,1513.0,N,HIS,97.0,4.113,11.746,10.38,-0.47,1.85,0.0
ATOM,1514.0,CA,HIS,97.0,4.712,10.71,11.217,0.07,2.275,0.21
ATOM,1515.0,C,HIS,97.0,5.64,9.786,10.458,0.51,2.0,0.0
ATOM,1516.0,O,HIS,97.0,6.477,9.103,11.08,-0.51,1.7,4.6
ATOM,1517.0,CB,HIS,97.0,3.651,9.877,11.948,-0.09,2.175,2.73
ATOM,1518.0,CG,HIS,97.0,2.652,10.701,12.688,-0.05,1.8,0.67
ATOM,1519.0,H,HIS,97.0,3.177,11.658,9.939,0.31,0.2245,0.0
ATOM,1520.0,HA,HIS,97.0,5.247,11.169,11.952,0.09,1.32,4.59
ATOM,1521.0,HB2,HIS,97.0,3.163,9.311,11.275,0.09,1.32,0.0
ATOM,1522.0,HB3,HIS,97.0,4.112,9.27,12.603,0.09,1.32,1.84
ATOM,1523.0,ND1,HIS,97.0,3.009,11.748,13.516,-0.36,1.85,6.22
ATOM,1524.0,CD2,HIS,97.0,1.304,10.614,12.746,0.22,1.8,3.86
ATOM,1525.0,CE1,HIS,97.0,1.919,12.285,14.029,0.25,1.8,15.21
ATOM,1526.0,NE2,HIS,97.0,0.875,11.606,13.589,-0.7,1.85,16.93
ATOM,1527.0,HD1,HIS,97.0,3.945,12.046,13.693,0.32,0.2245,10.26
ATOM,1528.0,HD2,HIS,97.0,0.731,9.954,12.268,0.1,1.468,0.0
ATOM,1529.0,HE1,HIS,97.0,1.886,13.068,14.644,0.13,0.9,8.46
ATOM,1530.0,N,LYS,98.0,5.487,9.746,9.127,-0.47,1.85,0.0
ATOM,1531.0,CA,LYS,98.0,6.297,8.873,8.268,0.07,2.275,0.0
ATOM,1532.0,C,LYS,98.0,6.258,7.389,8.67,0.51,2.0,0.0
ATOM,1533.0,O,LYS,98.0,7.307,6.761,8.876,-0.51,1.7,0.0
ATOM,1534.0,CB,LYS,98.0,7.765,9.345,8.212,-0.18,2.175,2.99
ATOM,1535.0,CG,LYS,98.0,7.963,10.833,8.269,-0.18,2.175,9.31
ATOM,1536.0,CD,LYS,98.0,7.466,11.547,7.043,-0.18,2.175,1.43
ATOM,1537.0,CE,LYS,98.0,8.25,12.852,6.868,0.21,2.175,16.09
ATOM,1538.0,NZ,LYS,98.0,7.693,13.652,5.749,-0.3,1.85,7.53
ATOM,1539.0,H,LYS,98.0,4.751,10.382,8.759,0.31,0.2245,0.0
ATOM,1540.0,HA,LYS,98.0,5.957,8.953,7.312,0.09,1.32,0.0
ATOM,1541.0,HB2,LYS,98.0,8.246,8.923,8.985,0.09,1.32,0.0
ATOM,1542.0,HB3,LYS,98.0,8.16,8.996,7.357,0.09,1.32,4.19
ATOM,1543.0,HG2,LYS,98.0,7.479,11.2,9.079,0.09,1.32,0.07
ATOM,1544.0,HG3,LYS,98.0,8.948,11.032,8.386,0.09,1.32,8.93
ATOM,1545.0,HD2,LYS,98.0,7.62,10.987,6.247,0.09,1.32,1.09
ATOM,1546.0,HD3,LYS,98.0,6.513,11.774,7.153,0.09,1.32,0.0
ATOM,1547.0,HE2,LYS,98.0,8.19,13.376,7.716,0.05,1.32,6.09
ATOM,1548.0,HE3,LYS,98.0,9.204,12.628,6.676,0.05,1.32,10.65
ATOM,1549.0,HZ1,LYS,98.0,8.003,14.6,5.83,0.33,0.2245,19.53
ATOM,1550.0,HZ2,LYS,98.0,8.007,13.272,4.879,0.33,0.2245,19.09
ATOM,1551.0,HZ3,LYS,98.0,6.694,13.624,5.784,0.33,0.2245,0.0
ATOM,1552.0,N,ILE,99.0,5.055,6.832,8.727,-0.47,1.85,0.0
ATOM,1553.0,CA,ILE,99.0,4.873,5.459,9.169,0.07,2.275,0.0
ATOM,1554.0,C,ILE,99.0,4.733,4.558,7.944,0.51,2.0,0.0
ATOM,1555.0,O,ILE,99.0,3.706,4.618,7.236,-0.51,1.7,0.0
ATOM,1556.0,CB,ILE,99.0,3.617,5.331,10.084,-0.09,2.275,0.0
ATOM,1557.0,CG1,ILE,99.0,3.708,6.306,11.273,-0.18,2.175,1.22
ATOM,1558.0,CG2,ILE,99.0,3.428,3.915,10.524,-0.27,2.06,4.49
ATOM,1559.0,CD1,ILE,99.0,5.071,6.275,12.01,-0.27,2.06,4.38
ATOM,1560.0,H,ILE,99.0,4.273,7.45,8.434,0.31,0.2245,0.0
ATOM,1561.0,HA,ILE,99.0,5.721,5.191,9.622,0.09,1.32,0.0
ATOM,1562.0,HB,ILE,99.0,2.824,5.579,9.542,0.09,1.32,0.0
ATOM,1563.0,HG12,ILE,99.0,3.555,7.231,10.941,0.09,1.32,0.0
ATOM,1564.0,HG13,ILE,99.0,2.998,6.071,11.93,0.09,1.32,3.18
ATOM,1565.0,HG21,ILE,99.0,2.581,3.826,11.055,0.09,1.32,1.76
ATOM,1566.0,HG22,ILE,99.0,3.373,3.308,9.727,0.09,1.32,0.0
ATOM,1567.0,HG23,ILE,99.0,4.198,3.624,11.097,0.09,1.32,0.0
ATOM,1568.0,HD11,ILE,99.0,5.783,6.519,11.362,0.09,1.32,0.0
ATOM,1569.0,HD12,ILE,99.0,5.038,6.93,12.756,0.09,1.32,2.2
ATOM,1570.0,HD13,ILE,99.0,5.217,5.357,12.359,0.09,1.32,1.54
ATOM,1571.0,N,PRO,100.0,5.748,3.727,7.665,-0.29,1.85,0.0
ATOM,1572.0,CA,PRO,100.0,5.597,2.833,6.509,0.02,2.275,0.0
ATOM,1573.0,C,PRO,100.0,4.392,1.902,6.681,0.51,2.0,0.0
ATOM,1574.0,O,PRO,100.0,4.038,1.512,7.82,-0.51,1.7,0.0
ATOM,1575.0,CB,PRO,100.0,6.897,2.011,6.501,-0.18,2.175,6.67
ATOM,1576.0,CG,PRO,100.0,7.819,2.652,7.399,-0.18,2.175,10.38
ATOM,1577.0,CD,PRO,100.0,7.04,3.546,8.349,0.0,2.175,0.0
ATOM,1578.0,HA,PRO,100.0,5.517,3.362,5.657,0.09,1.32,0.0
ATOM,1579.0,HB2,PRO,100.0,6.691,1.05,6.78,0.09,1.32,0.0
ATOM,1580.0,HB3,PRO,100.0,7.258,1.959,5.548,0.09,1.32,3.45
ATOM,1581.0,HG2,PRO,100.0,8.359,1.971,7.942,0.09,1.32,0.91
ATOM,1582.0,HG3,PRO,100.0,8.512,3.215,6.896,0.09,1.32,1.78
ATOM,1583.0,HD2,PRO,100.0,6.913,3.104,9.235,0.09,1.32,0.0
ATOM,1584.0,HD3,PRO,100.0,7.5,4.424,8.475,0.09,1.32,0.0
ATOM,1585.0,N,ILE,101.0,3.777,1.514,5.57,-0.47,1.85,0.0
ATOM,1586.0,CA,ILE,101.0,2.616,0.626,5.643,0.07,2.275,0.0
ATOM,1587.0,C,ILE,101.0,2.94,-0.7,6.37,0.51,2.0,0.1
ATOM,1588.0,O,ILE,101.0,2.098,-1.239,7.083,-0.51,1.7,0.07
ATOM,1589.0,CB,ILE,101.0,1.943,0.409,4.249,-0.09,2.275,0.09
ATOM,1590.0,CG1,ILE,101.0,0.579,-0.274,4.381,-0.18,2.175,4.0
ATOM,1591.0,CG2,ILE,101.0,2.856,-0.272,3.253,-0.27,2.06,29.89
ATOM,1592.0,CD1,ILE,101.0,-0.571,0.73,4.581,-0.27,2.06,0.0
ATOM,1593.0,H,ILE,101.0,4.17,1.876,4.692,0.31,0.2245,0.0
ATOM,1594.0,HA,ILE,101.0,1.932,1.096,6.212,0.09,1.32,0.0
ATOM,1595.0,HB,ILE,101.0,1.805,1.308,3.842,0.09,1.32,0.0
ATOM,1596.0,HG12,ILE,101.0,0.4,-0.796,3.558,0.09,1.32,4.31
ATOM,1597.0,HG13,ILE,101.0,0.601,-0.879,5.166,0.09,1.32,0.0
ATOM,1598.0,HG21,ILE,101.0,2.431,-0.269,2.348,0.09,1.32,8.53
ATOM,1599.0,HG22,ILE,101.0,3.729,0.214,3.207,0.09,1.32,2.52
ATOM,1600.0,HG23,ILE,101.0,3.02,-1.217,3.536,0.09,1.32,5.99
ATOM,1601.0,HD11,ILE,101.0,-0.602,1.339,3.795,0.09,1.32,0.0
ATOM,1602.0,HD12,ILE,101.0,-1.424,0.225,4.659,0.09,1.32,0.0
ATOM,1603.0,HD13,ILE,101.0,-0.4,1.248,5.413,0.09,1.32,0.0
ATOM,1604.0,N,LYS,102.0,4.182,-1.17,6.237,-0.47,1.85,0.0
ATOM,1605.0,CA,LYS,102.0,4.651,-2.336,7.001,0.07,2.275,1.24
ATOM,1606.0,C,LYS,102.0,4.356,-2.212,8.505,0.51,2.0,0.0
ATOM,1607.0,O,LYS,102.0,4.034,-3.217,9.163,-0.51,1.7,0.0
ATOM,1608.0,CB,LYS,102.0,6.162,-2.539,6.821,-0.18,2.175,6.63
ATOM,1609.0,CG,LYS,102.0,6.678,-3.936,7.275,-0.18,2.175,1.92
ATOM,1610.0,CD,LYS,102.0,6.503,-4.969,6.161,-0.18,2.175,10.12
ATOM,1611.0,CE,LYS,102.0,6.938,-6.355,6.604,0.21,2.175,12.01
ATOM,1612.0,NZ,LYS,102.0,6.133,-7.397,5.89,-0.3,1.85,10.15
ATOM,1613.0,H,LYS,102.0,4.776,-0.655,5.564,0.31,0.2245,0.95
ATOM,1614.0,HA,LYS,102.0,4.184,-3.162,6.651,0.09,1.32,1.03
ATOM,1615.0,HB2,LYS,102.0,6.384,-2.437,5.857,0.09,1.32,7.11
ATOM,1616.0,HB3,LYS,102.0,6.641,-1.853,7.36,0.09,1.32,0.05
ATOM,1617.0,HG2,LYS,102.0,7.642,-3.855,7.499,0.09,1.32,6.29
ATOM,1618.0,HG3,LYS,102.0,6.156,-4.219,8.07,0.09,1.32,0.0
ATOM,1619.0,HD2,LYS,102.0,5.541,-5.001,5.906,0.09,1.32,1.13
ATOM,1620.0,HD3,LYS,102.0,7.057,-4.694,5.381,0.09,1.32,10.33
ATOM,1621.0,HE2,LYS,102.0,7.901,-6.482,6.386,0.05,1.32,11.3
ATOM,1622.0,HE3,LYS,102.0,6.792,-6.447,7.584,0.05,1.32,0.0
ATOM,1623.0,HZ1,LYS,102.0,5.602,-7.914,6.558,0.33,0.2245,5.64
ATOM,1624.0,HZ2,LYS,102.0,5.519,-6.949,5.243,0.33,0.2245,8.64
ATOM,1625.0,HZ3,LYS,102.0,6.751,-8.01,5.401,0.33,0.2245,20.33
ATOM,1626.0,N,TYR,103.0,4.521,-1.011,9.062,-0.47,1.85,0.0
ATOM,1627.0,CA,TYR,103.0,4.273,-0.847,10.515,0.07,2.275,0.0
ATOM,1628.0,C,TYR,103.0,2.792,-1.007,10.818,0.51,2.0,0.0
ATOM,1629.0,O,TYR,103.0,2.43,-1.458,11.904,-0.51,1.7,0.76
ATOM,1630.0,CB,TYR,103.0,4.772,0.492,11.044,-0.18,2.175,0.45
ATOM,1631.0,CG,TYR,103.0,6.288,0.666,11.011,0.0,1.9924,0.0
ATOM,1632.0,CD1,TYR,103.0,7.128,-0.291,10.412,-0.115,1.9924,0.0
ATOM,1633.0,CD2,TYR,103.0,6.874,1.815,11.559,-0.115,1.9924,0.0
ATOM,1634.0,CE1,TYR,103.0,8.537,-0.091,10.378,-0.115,1.9924,2.21
ATOM,1635.0,CE2,TYR,103.0,8.235,2.019,11.525,-0.115,1.9924,0.0
ATOM,1636.0,CZ,TYR,103.0,9.061,1.071,10.926,0.11,1.9924,0.0
ATOM,1637.0,OH,TYR,103.0,10.424,1.319,10.92,-0.54,1.77,15.45
ATOM,1638.0,H,TYR,103.0,4.814,-0.259,8.445,0.31,0.2245,0.0
ATOM,1639.0,HA,TYR,103.0,4.778,-1.569,10.994,0.09,1.32,0.0
ATOM,1640.0,HB2,TYR,103.0,4.37,1.222,10.493,0.09,1.32,0.0
ATOM,1641.0,HB3,TYR,103.0,4.477,0.589,11.994,0.09,1.32,3.24
ATOM,1642.0,HD1,TYR,103.0,6.748,-1.11,10.01,0.115,1.3582,0.0
ATOM,1643.0,HD2,TYR,103.0,6.279,2.501,11.984,0.115,1.3582,2.38
ATOM,1644.0,HE1,TYR,103.0,9.119,-0.777,9.966,0.115,1.3582,7.57
ATOM,1645.0,HE2,TYR,103.0,8.638,2.842,11.927,0.115,1.3582,0.0
ATOM,1646.0,HH,TYR,103.0,10.711,1.57,11.841,0.43,0.2245,1.15
ATOM,1647.0,N,LEU,104.0,1.936,-0.639,9.86,-0.47,1.85,0.0
ATOM,1648.0,CA,LEU,104.0,0.493,-0.873,10.059,0.07,2.275,0.0
ATOM,1649.0,C,LEU,104.0,0.133,-2.363,9.967,0.51,2.0,0.0
ATOM,1650.0,O,LEU,104.0,-0.789,-2.829,10.637,-0.51,1.7,0.0
ATOM,1651.0,CB,LEU,104.0,-0.337,-0.01,9.099,-0.18,2.175,0.0
ATOM,1652.0,CG,LEU,104.0,0.003,1.492,9.212,-0.09,2.275,0.0
ATOM,1653.0,CD1,LEU,104.0,-0.681,2.258,8.08,-0.27,2.06,0.06
ATOM,1654.0,CD2,LEU,104.0,-0.348,2.086,10.568,-0.27,2.06,11.82
ATOM,1655.0,H,LEU,104.0,2.341,-0.21,9.033,0.31,0.2245,0.0
ATOM,1656.0,HA,LEU,104.0,0.243,-0.543,10.978,0.09,1.32,0.0
ATOM,1657.0,HB2,LEU,104.0,-0.132,-0.287,8.183,0.09,1.32,0.0
ATOM,1658.0,HB3,LEU,104.0,-1.281,-0.114,9.331,0.09,1.32,0.0
ATOM,1659.0,HG,LEU,104.0,0.987,1.603,9.141,0.09,1.32,0.0
ATOM,1660.0,HD11,LEU,104.0,-1.67,2.134,8.147,0.09,1.32,0.0
ATOM,1661.0,HD12,LEU,104.0,-0.459,3.229,8.156,0.09,1.32,0.0
ATOM,1662.0,HD13,LEU,104.0,-0.358,1.908,7.201,0.09,1.32,0.0
ATOM,1663.0,HD21,LEU,104.0,0.16,1.607,11.285,0.09,1.32,2.14
ATOM,1664.0,HD22,LEU,104.0,-0.106,3.057,10.581,0.09,1.32,0.0
ATOM,1665.0,HD23,LEU,104.0,-1.33,1.986,10.733,0.09,1.32,0.41
ATOM,1666.0,N,GLU,105.0,0.867,-3.113,9.145,-0.47,1.85,0.0
ATOM,1667.0,CA,GLU,105.0,0.784,-4.574,9.169,0.07,2.275,0.0
ATOM,1668.0,C,GLU,105.0,1.212,-5.077,10.55,0.51,2.0,0.0
ATOM,1669.0,O,GLU,105.0,0.516,-5.866,11.171,-0.51,1.7,0.0
ATOM,1670.0,CB,GLU,105.0,1.694,-5.164,8.105,-0.18,2.175,0.0
ATOM,1671.0,CG,GLU,105.0,1.666,-6.676,8.036,-0.28,2.175,2.36
ATOM,1672.0,CD,GLU,105.0,2.721,-7.237,7.106,0.62,2.0,3.79
ATOM,1673.0,OE1,GLU,105.0,3.542,-6.465,6.558,-0.76,1.7,6.83
ATOM,1674.0,OE2,GLU,105.0,2.742,-8.461,6.947,-0.76,1.7,34.51
ATOM,1675.0,H,GLU,105.0,1.485,-2.585,8.505,0.31,0.2245,0.0
ATOM,1676.0,HA,GLU,105.0,-0.153,-4.863,8.985,0.09,1.32,0.0
ATOM,1677.0,HB2,GLU,105.0,1.398,-4.82,7.229,0.09,1.32,2.4
ATOM,1678.0,HB3,GLU,105.0,2.618,-4.891,8.312,0.09,1.32,0.0
ATOM,1679.0,HG2,GLU,105.0,1.844,-7.031,8.935,0.09,1.32,0.0
ATOM,1680.0,HG3,GLU,105.0,0.788,-6.956,7.692,0.09,1.32,0.0
ATOM,1681.0,N,PHE,106.0,2.359,-4.599,11.027,-0.47,1.85,0.0
ATOM,1682.0,CA,PHE,106.0,2.814,-5.005,12.366,0.07,2.275,0.01
ATOM,1683.0,C,PHE,106.0,1.725,-4.773,13.43,0.51,2.0,0.0
ATOM,1684.0,O,PHE,106.0,1.407,-5.671,14.22,-0.51,1.7,1.89
ATOM,1685.0,CB,PHE,106.0,4.081,-4.257,12.788,-0.18,2.175,0.0
ATOM,1686.0,CG,PHE,106.0,5.298,-4.548,11.941,0.0,1.9924,0.0
ATOM,1687.0,CD1,PHE,106.0,5.428,-5.768,11.283,-0.115,1.9924,0.72
ATOM,1688.0,CD2,PHE,106.0,6.354,-3.621,11.873,-0.115,1.9924,0.0
ATOM,1689.0,CE1,PHE,106.0,6.582,-6.051,10.532,-0.115,1.9924,1.75
ATOM,1690.0,CE2,PHE,106.0,7.529,-3.905,11.125,-0.115,1.9924,0.26
ATOM,1691.0,CZ,PHE,106.0,7.622,-5.111,10.461,-0.115,1.9924,1.88
ATOM,1692.0,H,PHE,106.0,2.87,-3.96,10.416,0.31,0.2245,0.0
ATOM,1693.0,HA,PHE,106.0,2.974,-5.997,12.332,0.09,1.32,0.12
ATOM,1694.0,HB2,PHE,106.0,3.895,-3.285,12.727,0.09,1.32,0.0
ATOM,1695.0,HB3,PHE,106.0,4.292,-4.518,13.721,0.09,1.32,0.0
ATOM,1696.0,HD1,PHE,106.0,4.709,-6.446,11.337,0.115,1.3582,2.38
ATOM,1697.0,HD2,PHE,106.0,6.284,-2.753,12.352,0.115,1.3582,0.0
ATOM,1698.0,HE1,PHE,106.0,6.655,-6.927,10.051,0.115,1.3582,9.87
ATOM,1699.0,HE2,PHE,106.0,8.264,-3.226,11.097,0.115,1.3582,0.02
ATOM,1700.0,HZ,PHE,106.0,8.437,-5.332,9.917,0.115,1.3582,10.94
ATOM,1701.0,N,ILE,107.0,1.176,-3.562,13.487,-0.47,1.85,0.0
ATOM,1702.0,CA,ILE,107.0,0.203,-3.297,14.568,0.07,2.275,0.0
ATOM,1703.0,C,ILE,107.0,-1.096,-4.114,14.413,0.51,2.0,0.0
ATOM,1704.0,O,ILE,107.0,-1.708,-4.495,15.411,-0.51,1.7,0.0
ATOM,1705.0,CB,ILE,107.0,-0.089,-1.775,14.718,-0.09,2.275,0.06
ATOM,1706.0,CG1,ILE,107.0,-0.587,-1.468,16.132,-0.18,2.175,0.0
ATOM,1707.0,CG2,ILE,107.0,-1.039,-1.227,13.627,-0.27,2.06,4.46
ATOM,1708.0,CD1,ILE,107.0,-0.786,-0.008,16.373,-0.27,2.06,8.99
ATOM,1709.0,H,ILE,107.0,1.456,-2.894,12.788,0.31,0.2245,0.0
ATOM,1710.0,HA,ILE,107.0,0.639,-3.614,15.419,0.09,1.32,0.0
ATOM,1711.0,HB,ILE,107.0,0.765,-1.291,14.576,0.09,1.32,0.69
ATOM,1712.0,HG12,ILE,107.0,-1.449,-1.95,16.269,0.09,1.32,0.0
ATOM,1713.0,HG13,ILE,107.0,0.087,-1.82,16.778,0.09,1.32,0.0
ATOM,1714.0,HG21,ILE,107.0,-1.108,-0.24,13.727,0.09,1.32,1.78
ATOM,1715.0,HG22,ILE,107.0,-0.667,-1.455,12.733,0.09,1.32,0.0
ATOM,1716.0,HG23,ILE,107.0,-1.934,-1.645,13.741,0.09,1.32,1.02
ATOM,1717.0,HD11,ILE,107.0,-1.463,0.355,15.729,0.09,1.32,4.02
ATOM,1718.0,HD12,ILE,107.0,-1.111,0.142,17.309,0.09,1.32,0.0
ATOM,1719.0,HD13,ILE,107.0,0.08,0.48,16.246,0.09,1.32,3.31
ATOM,1720.0,N,SER,108.0,-1.508,-4.369,13.167,-0.47,1.85,0.0
ATOM,1721.0,CA,SER,108.0,-2.637,-5.282,12.849,0.07,2.275,0.0
ATOM,1722.0,C,SER,108.0,-2.407,-6.692,13.442,0.51,2.0,0.24
ATOM,1723.0,O,SER,108.0,-3.274,-7.245,14.115,-0.51,1.7,0.0
ATOM,1724.0,CB,SER,108.0,-2.832,-5.397,11.328,0.05,2.175,0.81
ATOM,1725.0,OG,SER,108.0,-3.224,-4.153,10.76,-0.66,1.77,0.59
ATOM,1726.0,H,SER,108.0,-0.969,-3.871,12.423,0.31,0.2245,0.0
ATOM,1727.0,HA,SER,108.0,-3.464,-4.904,13.272,0.09,1.32,0.0
ATOM,1728.0,HB2,SER,108.0,-1.972,-5.684,10.917,0.09,1.32,0.0
ATOM,1729.0,HB3,SER,108.0,-3.541,-6.072,11.148,0.09,1.32,1.91
ATOM,1730.0,HG,SER,108.0,-2.424,-3.563,10.672,0.43,0.2245,0.0
ATOM,1731.0,N,ASP,109.0,-1.216,-7.241,13.194,-0.47,1.85,0.0
ATOM,1732.0,CA,ASP,109.0,-0.823,-8.543,13.716,0.07,2.275,1.1
ATOM,1733.0,C,ASP,109.0,-0.813,-8.485,15.242,0.51,2.0,0.26
ATOM,1734.0,O,ASP,109.0,-1.28,-9.424,15.895,-0.51,1.7,3.21
ATOM,1735.0,CB,ASP,109.0,0.569,-8.93,13.208,-0.28,2.175,12.83
ATOM,1736.0,CG,ASP,109.0,0.568,-9.356,11.744,0.62,2.0,2.69
ATOM,1737.0,OD1,ASP,109.0,-0.513,-9.581,11.187,-0.76,1.7,27.15
ATOM,1738.0,OD2,ASP,109.0,1.666,-9.488,11.17,-0.76,1.7,25.73
ATOM,1739.0,H,ASP,109.0,-0.592,-6.654,12.593,0.31,0.2245,0.0
ATOM,1740.0,HA,ASP,109.0,-1.531,-9.198,13.453,0.09,1.32,0.7
ATOM,1741.0,HB2,ASP,109.0,1.164,-8.141,13.307,0.09,1.32,0.03
ATOM,1742.0,HB3,ASP,109.0,0.899,-9.687,13.758,0.09,1.32,9.47
ATOM,1743.0,N,ALA,110.0,-0.304,-7.379,15.804,-0.47,1.85,0.57
ATOM,1744.0,CA,ALA,110.0,-0.28,-7.201,17.259,0.07,2.275,0.73
ATOM,1745.0,C,ALA,110.0,-1.689,-7.247,17.867,0.51,2.0,0.0
ATOM,1746.0,O,ALA,110.0,-1.892,-7.812,18.941,-0.51,1.7,0.0
ATOM,1747.0,CB,ALA,110.0,0.422,-5.903,17.64,-0.27,2.06,1.41
ATOM,1748.0,H,ALA,110.0,0.061,-6.68,15.135,0.31,0.2245,0.0
ATOM,1749.0,HA,ALA,110.0,0.267,-7.945,17.667,0.09,1.32,0.0
ATOM,1750.0,HB1,ALA,110.0,-0.258,-5.183,17.774,0.09,1.32,0.0
ATOM,1751.0,HB2,ALA,110.0,0.935,-6.038,18.487,0.09,1.32,0.0
ATOM,1752.0,HB3,ALA,110.0,1.049,-5.637,16.909,0.09,1.32,0.07
ATOM,1753.0,N,ILE,111.0,-2.664,-6.627,17.198,-0.47,1.85,0.0
ATOM,1754.0,CA,ILE,111.0,-4.052,-6.628,17.686,0.07,2.275,0.0
ATOM,1755.0,C,ILE,111.0,-4.59,-8.072,17.751,0.51,2.0,0.0
ATOM,1756.0,O,ILE,111.0,-5.17,-8.49,18.759,-0.51,1.7,0.0
ATOM,1757.0,CB,ILE,111.0,-4.953,-5.707,16.805,-0.09,2.275,0.0
ATOM,1758.0,CG1,ILE,111.0,-4.575,-4.24,17.046,-0.18,2.175,0.0
ATOM,1759.0,CG2,ILE,111.0,-6.465,-5.951,17.056,-0.27,2.06,0.03
ATOM,1760.0,CD1,ILE,111.0,-5.073,-3.258,15.988,-0.27,2.06,1.64
ATOM,1761.0,H,ILE,111.0,-2.367,-6.156,16.327,0.31,0.2245,0.0
ATOM,1762.0,HA,ILE,111.0,-4.019,-6.298,18.628,0.09,1.32,0.0
ATOM,1763.0,HB,ILE,111.0,-4.767,-5.925,15.86,0.09,1.32,0.0
ATOM,1764.0,HG12,ILE,111.0,-4.94,-3.961,17.938,0.09,1.32,0.12
ATOM,1765.0,HG13,ILE,111.0,-3.574,-4.177,17.088,0.09,1.32,0.0
ATOM,1766.0,HG21,ILE,111.0,-6.988,-5.378,16.435,0.09,1.32,0.0
ATOM,1767.0,HG22,ILE,111.0,-6.665,-6.91,16.889,0.09,1.32,0.0
ATOM,1768.0,HG23,ILE,111.0,-6.673,-5.716,17.999,0.09,1.32,3.11
ATOM,1769.0,HD11,ILE,111.0,-6.068,-3.297,15.952,0.09,1.32,0.0
ATOM,1770.0,HD12,ILE,111.0,-4.777,-2.339,16.234,0.09,1.32,0.89
ATOM,1771.0,HD13,ILE,111.0,-4.691,-3.513,15.104,0.09,1.32,0.0
ATOM,1772.0,N,ILE,112.0,-4.356,-8.844,16.692,-0.47,1.85,0.0
ATOM,1773.0,CA,ILE,112.0,-4.783,-10.26,16.671,0.07,2.275,0.0
ATOM,1774.0,C,ILE,112.0,-4.119,-11.034,17.819,0.51,2.0,0.0
ATOM,1775.0,O,ILE,112.0,-4.776,-11.765,18.553,-0.51,1.7,0.0
ATOM,1776.0,CB,ILE,112.0,-4.475,-10.892,15.302,-0.09,2.275,1.04
ATOM,1777.0,CG1,ILE,112.0,-5.295,-10.155,14.214,-0.18,2.175,2.31
ATOM,1778.0,CG2,ILE,112.0,-4.758,-12.39,15.301,-0.27,2.06,10.96
ATOM,1779.0,CD1,ILE,112.0,-6.859,-10.261,14.32,-0.27,2.06,0.0
ATOM,1780.0,H,ILE,112.0,-3.867,-8.389,15.908,0.31,0.2245,0.0
ATOM,1781.0,HA,ILE,112.0,-5.765,-10.255,16.859,0.09,1.32,0.0
ATOM,1782.0,HB,ILE,112.0,-3.52,-10.751,15.103,0.09,1.32,0.51
ATOM,1783.0,HG12,ILE,112.0,-5.055,-9.181,14.235,0.09,1.32,0.0
ATOM,1784.0,HG13,ILE,112.0,-5.031,-10.519,13.316,0.09,1.32,5.61
ATOM,1785.0,HG21,ILE,112.0,-4.517,-12.773,14.411,0.09,1.32,4.07
ATOM,1786.0,HG22,ILE,112.0,-4.214,-12.831,16.012,0.09,1.32,1.44
ATOM,1787.0,HG23,ILE,112.0,-5.728,-12.545,15.479,0.09,1.32,0.0
ATOM,1788.0,HD11,ILE,112.0,-7.13,-9.877,15.191,0.09,1.32,0.0
ATOM,1789.0,HD12,ILE,112.0,-7.248,-9.748,13.568,0.09,1.32,0.0
ATOM,1790.0,HD13,ILE,112.0,-7.102,-11.219,14.262,0.09,1.32,0.0
ATOM,1791.0,N,HIS,113.0,-2.82,-10.832,18.002,-0.47,1.85,0.34
ATOM,1792.0,CA,HIS,113.0,-2.112,-11.52,19.093,0.07,2.275,1.84
ATOM,1793.0,C,HIS,113.0,-2.656,-11.148,20.487,0.51,2.0,0.0
ATOM,1794.0,O,HIS,113.0,-2.895,-12.018,21.358,-0.51,1.7,0.05
ATOM,1795.0,CB,HIS,113.0,-0.634,-11.174,19.047,-0.09,2.175,0.52
ATOM,1796.0,CG,HIS,113.0,0.095,-11.661,20.254,-0.05,1.8,0.0
ATOM,1797.0,H,HIS,113.0,-2.369,-10.184,17.348,0.31,0.2245,0.0
ATOM,1798.0,HA,HIS,113.0,-2.23,-12.516,18.969,0.09,1.32,2.49
ATOM,1799.0,HB2,HIS,113.0,-0.221,-11.593,18.237,0.09,1.32,6.34
ATOM,1800.0,HB3,HIS,113.0,-0.529,-10.18,18.994,0.09,1.32,0.0
ATOM,1801.0,ND1,HIS,113.0,0.442,-12.981,20.422,-0.36,1.85,1.24
ATOM,1802.0,CD2,HIS,113.0,0.438,-11.028,21.4,0.22,1.8,1.64
ATOM,1803.0,CE1,HIS,113.0,1.025,-13.131,21.599,0.25,1.8,12.6
ATOM,1804.0,NE2,HIS,113.0,1.038,-11.959,22.211,-0.7,1.85,13.06
ATOM,1805.0,HD1,HIS,113.0,0.28,-13.711,19.759,0.32,0.2245,16.72
ATOM,1806.0,HD2,HIS,113.0,0.284,-10.068,21.616,0.1,1.468,0.25
ATOM,1807.0,HE1,HIS,113.0,1.391,-13.982,21.964,0.13,0.9,17.73
ATOM,1808.0,N,VAL,114.0,-2.806,-9.842,20.71,-0.47,1.85,0.0
ATOM,1809.0,CA,VAL,114.0,-3.355,-9.342,21.979,0.07,2.275,0.0
ATOM,1810.0,C,VAL,114.0,-4.773,-9.897,22.268,0.51,2.0,0.0
ATOM,1811.0,O,VAL,114.0,-5.083,-10.251,23.412,-0.51,1.7,0.0
ATOM,1812.0,CB,VAL,114.0,-3.292,-7.808,22.012,-0.09,2.275,0.0
ATOM,1813.0,CG1,VAL,114.0,-4.03,-7.255,23.244,-0.27,2.06,0.68
ATOM,1814.0,CG2,VAL,114.0,-1.838,-7.384,22.001,-0.27,2.06,1.99
ATOM,1815.0,H,VAL,114.0,-2.511,-9.226,19.935,0.31,0.2245,0.0
ATOM,1816.0,HA,VAL,114.0,-2.752,-9.651,22.726,0.09,1.32,0.03
ATOM,1817.0,HB,VAL,114.0,-3.775,-7.462,21.214,0.09,1.32,0.09
ATOM,1818.0,HG11,VAL,114.0,-5.005,-7.2,23.042,0.09,1.32,0.28
ATOM,1819.0,HG12,VAL,114.0,-3.878,-7.867,24.016,0.09,1.32,0.0
ATOM,1820.0,HG13,VAL,114.0,-3.676,-6.347,23.455,0.09,1.32,0.0
ATOM,1821.0,HG21,VAL,114.0,-1.637,-6.859,22.829,0.09,1.32,0.0
ATOM,1822.0,HG22,VAL,114.0,-1.254,-8.196,21.971,0.09,1.32,0.0
ATOM,1823.0,HG23,VAL,114.0,-1.662,-6.816,21.195,0.09,1.32,0.0
ATOM,1824.0,N,LEU,115.0,-5.623,-9.987,21.245,-0.47,1.85,0.0
ATOM,1825.0,CA,LEU,115.0,-6.968,-10.518,21.475,0.07,2.275,0.0
ATOM,1826.0,C,LEU,115.0,-6.889,-11.978,21.933,0.51,2.0,0.0
ATOM,1827.0,O,LEU,115.0,-7.541,-12.354,22.869,-0.51,1.7,0.0
ATOM,1828.0,CB,LEU,115.0,-7.865,-10.372,20.24,-0.18,2.175,0.0
ATOM,1829.0,CG,LEU,115.0,-8.325,-8.943,19.943,-0.09,2.275,0.1
ATOM,1830.0,CD1,LEU,115.0,-8.823,-8.834,18.479,-0.27,2.06,0.0
ATOM,1831.0,CD2,LEU,115.0,-9.397,-8.484,20.927,-0.27,2.06,0.18
ATOM,1832.0,H,LEU,115.0,-5.272,-9.671,20.341,0.31,0.2245,0.0
ATOM,1833.0,HA,LEU,115.0,-7.404,-9.983,22.202,0.09,1.32,0.0
ATOM,1834.0,HB2,LEU,115.0,-7.353,-10.69,19.453,0.09,1.32,0.0
ATOM,1835.0,HB3,LEU,115.0,-8.675,-10.922,20.385,0.09,1.32,0.0
ATOM,1836.0,HG,LEU,115.0,-7.562,-8.317,20.068,0.09,1.32,1.04
ATOM,1837.0,HD11,LEU,115.0,-9.586,-9.461,18.353,0.09,1.32,0.0
ATOM,1838.0,HD12,LEU,115.0,-9.116,-7.898,18.309,0.09,1.32,0.0
ATOM,1839.0,HD13,LEU,115.0,-8.075,-9.076,17.868,0.09,1.32,0.0
ATOM,1840.0,HD21,LEU,115.0,-9.029,-8.511,21.856,0.09,1.32,0.0
ATOM,1841.0,HD22,LEU,115.0,-9.674,-7.549,20.705,0.09,1.32,0.0
ATOM,1842.0,HD23,LEU,115.0,-10.189,-9.091,20.863,0.09,1.32,0.0
ATOM,1843.0,N,HIS,116.0,-6.07,-12.788,21.268,-0.47,1.85,0.0
ATOM,1844.0,CA,HIS,116.0,-5.845,-14.141,21.752,0.07,2.275,0.0
ATOM,1845.0,C,HIS,116.0,-5.26,-14.177,23.169,0.51,2.0,0.09
ATOM,1846.0,O,HIS,116.0,-5.711,-14.973,24.021,-0.51,1.7,1.29
ATOM,1847.0,CB,HIS,116.0,-4.951,-14.919,20.789,-0.08,2.175,10.05
ATOM,1848.0,CG,HIS,116.0,-5.688,-15.48,19.616,0.22,1.8,0.76
ATOM,1849.0,H,HIS,116.0,-5.636,-12.391,20.428,0.31,0.2245,0.0
ATOM,1850.0,HA,HIS,116.0,-6.734,-14.629,21.771,0.09,1.32,0.0
ATOM,1851.0,HB2,HIS,116.0,-4.229,-14.309,20.447,0.09,1.32,0.0
ATOM,1852.0,HB3,HIS,116.0,-4.52,-15.68,21.285,0.09,1.32,9.69
ATOM,1853.0,ND1,HIS,116.0,-6.723,-16.386,19.754,-0.7,1.85,7.67
ATOM,1854.0,CD2,HIS,116.0,-5.55,-15.263,18.284,-0.05,1.8,11.43
ATOM,1855.0,CE1,HIS,116.0,-7.189,-16.696,18.562,0.25,1.8,13.36
ATOM,1856.0,NE2,HIS,116.0,-6.493,-16.04,17.654,-0.36,1.85,3.86
ATOM,1857.0,HD2,HIS,116.0,-4.893,-14.659,17.847,0.09,1.468,1.51
ATOM,1858.0,HE1,HIS,116.0,-7.943,-17.324,18.375,0.13,0.9,6.42
ATOM,1859.0,HE2,HIS,116.0,-6.629,-16.097,16.662,0.32,0.2245,0.0
ATOM,1860.0,N,SER,117.0,-4.291,-13.297,23.429,-0.47,1.85,0.08
ATOM,1861.0,CA,SER,117.0,-3.583,-13.319,24.703,0.07,2.275,2.34
ATOM,1862.0,C,SER,117.0,-4.503,-12.967,25.851,0.51,2.0,0.0
ATOM,1863.0,O,SER,117.0,-4.418,-13.566,26.942,-0.51,1.7,17.38
ATOM,1864.0,CB,SER,117.0,-2.352,-12.41,24.694,0.05,2.175,4.73
ATOM,1865.0,OG,SER,117.0,-1.707,-12.502,25.947,-0.66,1.77,22.24
ATOM,1866.0,H,SER,117.0,-4.096,-12.623,22.672,0.31,0.2245,0.0
ATOM,1867.0,HA,SER,117.0,-3.24,-14.257,24.851,0.09,1.32,9.18
ATOM,1868.0,HB2,SER,117.0,-1.736,-12.714,23.985,0.09,1.32,0.01
ATOM,1869.0,HB3,SER,117.0,-2.645,-11.479,24.544,0.09,1.32,0.0
ATOM,1870.0,HG,SER,117.0,-1.739,-11.615,26.407,0.43,0.2245,10.39
ATOM,1871.0,N,LYS,118.0,-5.399,-12.005,25.61,-0.47,1.85,0.0
ATOM,1872.0,CA,LYS,118.0,-6.266,-11.517,26.698,0.07,2.275,1.2
ATOM,1873.0,C,LYS,118.0,-7.538,-12.353,26.805,0.51,2.0,0.0
ATOM,1874.0,O,LYS,118.0,-8.183,-12.347,27.85,-0.51,1.7,21.59
ATOM,1875.0,CB,LYS,118.0,-6.606,-10.028,26.525,-0.18,2.175,0.0
ATOM,1876.0,CG,LYS,118.0,-5.351,-9.151,26.652,-0.18,2.175,0.0
ATOM,1877.0,CD,LYS,118.0,-5.629,-7.636,26.56,-0.18,2.175,0.0
ATOM,1878.0,CE,LYS,118.0,-6.314,-7.116,27.824,0.21,2.175,1.43
ATOM,1879.0,NZ,LYS,118.0,-5.479,-7.261,29.066,-0.3,1.85,8.25
ATOM,1880.0,H,LYS,118.0,-5.43,-11.653,24.651,0.31,0.2245,0.0
ATOM,1881.0,HA,LYS,118.0,-5.759,-11.583,27.565,0.09,1.32,5.88
ATOM,1882.0,HB2,LYS,118.0,-6.985,-9.897,25.626,0.09,1.32,0.0
ATOM,1883.0,HB3,LYS,118.0,-7.238,-9.768,27.234,0.09,1.32,1.63
ATOM,1884.0,HG2,LYS,118.0,-4.912,-9.339,27.539,0.09,1.32,2.36
ATOM,1885.0,HG3,LYS,118.0,-4.705,-9.4,25.921,0.09,1.32,0.0
ATOM,1886.0,HD2,LYS,118.0,-4.764,-7.165,26.449,0.09,1.32,0.0
ATOM,1887.0,HD3,LYS,118.0,-6.224,-7.472,25.785,0.09,1.32,0.0
ATOM,1888.0,HE2,LYS,118.0,-6.536,-6.14,27.695,0.05,1.32,0.0
ATOM,1889.0,HE3,LYS,118.0,-7.179,-7.618,27.955,0.05,1.32,3.16
ATOM,1890.0,HZ1,LYS,118.0,-4.947,-6.428,29.198,0.33,0.2245,3.55
ATOM,1891.0,HZ2,LYS,118.0,-6.082,-7.408,29.846,0.33,0.2245,16.82
ATOM,1892.0,HZ3,LYS,118.0,-4.868,-8.041,28.956,0.33,0.2245,4.16
ATOM,1893.0,N,HIS,119.0,-7.89,-13.049,25.722,-0.47,1.85,0.0
ATOM,1894.0,CA,HIS,119.0,-9.151,-13.791,25.654,0.07,2.275,0.79
ATOM,1895.0,C,HIS,119.0,-8.931,-15.187,25.076,0.51,2.0,0.0
ATOM,1896.0,O,HIS,119.0,-9.609,-15.581,24.12,-0.51,1.7,0.0
ATOM,1897.0,CB,HIS,119.0,-10.163,-13.014,24.803,-0.08,2.175,0.3
ATOM,1898.0,CG,HIS,119.0,-10.214,-11.554,25.132,0.22,1.8,0.0
ATOM,1899.0,ND1,HIS,119.0,-9.544,-10.602,24.395,-0.7,1.85,0.0
ATOM,1900.0,CD2,HIS,119.0,-10.874,-10.885,26.104,-0.05,1.8,4.62
ATOM,1901.0,CE1,HIS,119.0,-9.788,-9.405,24.904,0.25,1.8,0.0
ATOM,1902.0,NE2,HIS,119.0,-10.588,-9.55,25.947,-0.36,1.85,1.21
ATOM,1903.0,H,HIS,119.0,-7.203,-13.019,24.944,0.31,0.2245,0.0
ATOM,1904.0,HA,HIS,119.0,-9.512,-13.889,26.588,0.09,1.32,4.97
ATOM,1905.0,HB2,HIS,119.0,-9.918,-13.113,23.835,0.09,1.32,0.0
ATOM,1906.0,HB3,HIS,119.0,-11.076,-13.404,24.948,0.09,1.32,0.0
ATOM,1907.0,HD2,HIS,119.0,-11.46,-11.283,26.806,0.09,1.468,13.97
ATOM,1908.0,HE1,HIS,119.0,-9.43,-8.542,24.562,0.13,0.9,0.0
ATOM,1909.0,HE2,HIS,119.0,-10.93,-8.809,26.526,0.32,0.2245,7.76
ATOM,1910.0,N,PRO,120.0,-8.005,-15.953,25.69,-0.29,1.85,0.0
ATOM,1911.0,CA,PRO,120.0,-7.626,-17.247,25.12,0.02,2.275,0.62
ATOM,1912.0,C,PRO,120.0,-8.82,-18.197,25.087,0.51,2.0,0.33
ATOM,1913.0,O,PRO,120.0,-9.509,-18.361,26.103,-0.51,1.7,18.41
ATOM,1914.0,CB,PRO,120.0,-6.547,-17.758,26.078,-0.18,2.175,20.31
ATOM,1915.0,CG,PRO,120.0,-6.884,-17.034,27.441,-0.18,2.175,23.62
ATOM,1916.0,CD,PRO,120.0,-7.296,-15.658,26.955,0.0,2.175,5.55
ATOM,1917.0,HA,PRO,120.0,-7.236,-17.132,24.199,0.09,1.32,1.07
ATOM,1918.0,HB2,PRO,120.0,-6.605,-18.737,26.215,0.09,1.32,9.81
ATOM,1919.0,HB3,PRO,120.0,-5.638,-17.491,25.791,0.09,1.32,6.26
ATOM,1920.0,HG2,PRO,120.0,-7.622,-17.508,27.874,0.09,1.32,5.92
ATOM,1921.0,HG3,PRO,120.0,-6.073,-17.004,27.988,0.09,1.32,10.3
ATOM,1922.0,HD2,PRO,120.0,-7.907,-15.213,27.603,0.09,1.32,4.25
ATOM,1923.0,HD3,PRO,120.0,-6.501,-15.081,26.785,0.09,1.32,0.0
ATOM,1924.0,N,GLY,121.0,-9.09,-18.786,23.92,-0.47,1.85,3.59
ATOM,1925.0,CA,GLY,121.0,-10.242,-19.688,23.751,-0.02,2.175,20.67
ATOM,1926.0,C,GLY,121.0,-11.572,-18.973,23.581,0.51,2.0,1.33
ATOM,1927.0,O,GLY,121.0,-12.624,-19.616,23.42,-0.51,1.7,35.14
ATOM,1928.0,H,GLY,121.0,-8.43,-18.559,23.153,0.31,0.2245,7.29
ATOM,1929.0,HA2,GLY,121.0,-10.074,-20.285,22.942,0.09,1.32,12.31
ATOM,1930.0,HA3,GLY,121.0,-10.293,-20.308,24.559,0.09,1.32,10.43
ATOM,1931.0,N,ASP,122.0,-11.531,-17.642,23.617,-0.47,1.85,0.0
ATOM,1932.0,CA,ASP,122.0,-12.727,-16.83,23.469,0.07,2.275,1.31
ATOM,1933.0,C,ASP,122.0,-12.644,-15.914,22.242,0.51,2.0,0.82
ATOM,1934.0,O,ASP,122.0,-13.399,-14.942,22.135,-0.51,1.7,4.99
ATOM,1935.0,CB,ASP,122.0,-12.961,-16.008,24.728,-0.28,2.175,8.83
ATOM,1936.0,CG,ASP,122.0,-14.34,-15.398,24.771,0.62,2.0,2.86
ATOM,1937.0,OD1,ASP,122.0,-15.31,-16.104,24.39,-0.76,1.7,35.02
ATOM,1938.0,OD2,ASP,122.0,-14.464,-14.225,25.195,-0.76,1.7,19.38
ATOM,1939.0,H,ASP,122.0,-10.579,-17.243,23.759,0.31,0.2245,0.0
ATOM,1940.0,HA,ASP,122.0,-13.502,-17.457,23.31,0.09,1.32,3.06
ATOM,1941.0,HB2,ASP,122.0,-12.85,-16.608,25.513,0.09,1.32,7.77
ATOM,1942.0,HB3,ASP,122.0,-12.286,-15.279,24.751,0.09,1.32,0.0
ATOM,1943.0,N,PHE,123.0,-11.712,-16.212,21.327,-0.47,1.85,0.0
ATOM,1944.0,CA,PHE,123.0,-11.583,-15.428,20.081,0.07,2.275,0.0
ATOM,1945.0,C,PHE,123.0,-11.533,-16.489,18.997,0.51,2.0,0.0
ATOM,1946.0,O,PHE,123.0,-10.459,-16.953,18.593,-0.51,1.7,5.2
ATOM,1947.0,CB,PHE,123.0,-10.327,-14.542,20.176,-0.18,2.175,0.0
ATOM,1948.0,CG,PHE,123.0,-10.031,-13.696,18.949,0.0,1.9924,0.0
ATOM,1949.0,CD1,PHE,123.0,-11.043,-13.069,18.24,-0.115,1.9924,0.0
ATOM,1950.0,CD2,PHE,123.0,-8.703,-13.502,18.542,-0.115,1.9924,0.0
ATOM,1951.0,CE1,PHE,123.0,-10.734,-12.272,17.121,-0.115,1.9924,0.0
ATOM,1952.0,CE2,PHE,123.0,-8.387,-12.715,17.453,-0.115,1.9924,0.0
ATOM,1953.0,CZ,PHE,123.0,-9.402,-12.102,16.733,-0.115,1.9924,0.0
ATOM,1954.0,H,PHE,123.0,-11.108,-17.014,21.559,0.31,0.2245,0.49
ATOM,1955.0,HA,PHE,123.0,-12.424,-14.938,19.97,0.09,1.32,0.57
ATOM,1956.0,HB2,PHE,123.0,-10.449,-13.925,20.944,0.09,1.32,0.0
ATOM,1957.0,HB3,PHE,123.0,-9.547,-15.138,20.326,0.09,1.32,0.0
ATOM,1958.0,HD1,PHE,123.0,-11.989,-13.171,18.51,0.115,1.3582,0.01
ATOM,1959.0,HD2,PHE,123.0,-7.969,-13.951,19.063,0.115,1.3582,0.0
ATOM,1960.0,HE1,PHE,123.0,-11.476,-11.833,16.611,0.115,1.3582,0.0
ATOM,1961.0,HE2,PHE,123.0,-7.42,-12.589,17.183,0.115,1.3582,0.0
ATOM,1962.0,HZ,PHE,123.0,-9.19,-11.538,15.937,0.115,1.3582,0.0
ATOM,1963.0,N,GLY,124.0,-12.732,-16.89,18.577,-0.47,1.85,1.14
ATOM,1964.0,CA,GLY,124.0,-12.901,-18.046,17.719,-0.02,2.175,12.91
ATOM,1965.0,C,GLY,124.0,-12.424,-17.861,16.286,0.51,2.0,0.02
ATOM,1966.0,O,GLY,124.0,-12.133,-16.735,15.843,-0.51,1.7,0.0
ATOM,1967.0,H,GLY,124.0,-13.525,-16.304,18.918,0.31,0.2245,6.51
ATOM,1968.0,HA2,GLY,124.0,-12.408,-18.846,18.13,0.09,1.32,9.71
ATOM,1969.0,HA3,GLY,124.0,-13.891,-18.314,17.705,0.09,1.32,8.16
ATOM,1970.0,N,ALA,125.0,-12.326,-18.98,15.57,-0.47,1.85,3.4
ATOM,1971.0,CA,ALA,125.0,-11.859,-18.945,14.193,0.07,2.275,3.31
ATOM,1972.0,C,ALA,125.0,-12.666,-17.947,13.324,0.51,2.0,0.52
ATOM,1973.0,O,ALA,125.0,-12.065,-17.161,12.59,-0.51,1.7,7.63
ATOM,1974.0,CB,ALA,125.0,-11.868,-20.344,13.594,-0.27,2.06,42.47
ATOM,1975.0,H,ALA,125.0,-12.602,-19.843,16.065,0.31,0.2245,10.68
ATOM,1976.0,HA,ALA,125.0,-10.891,-18.655,14.178,0.09,1.32,3.83
ATOM,1977.0,HB1,ALA,125.0,-11.037,-20.483,13.056,0.09,1.32,11.9
ATOM,1978.0,HB2,ALA,125.0,-11.906,-21.022,14.328,0.09,1.32,8.44
ATOM,1979.0,HB3,ALA,125.0,-12.667,-20.449,13.003,0.09,1.32,7.9
ATOM,1980.0,N,ASP,126.0,-14.003,-17.95,13.43,-0.47,1.85,0.99
ATOM,1981.0,CA,ASP,126.0,-14.826,-16.995,12.641,0.07,2.275,3.61
ATOM,1982.0,C,ASP,126.0,-14.509,-15.545,13.017,0.51,2.0,0.0
ATOM,1983.0,O,ASP,126.0,-14.369,-14.677,12.131,-0.51,1.7,3.14
ATOM,1984.0,CB,ASP,126.0,-16.346,-17.285,12.734,-0.28,2.175,14.47
ATOM,1985.0,CG,ASP,126.0,-16.869,-17.408,14.185,0.62,2.0,2.06
ATOM,1986.0,OD1,ASP,126.0,-16.126,-17.187,15.164,-0.76,1.7,9.3
ATOM,1987.0,OD2,ASP,126.0,-18.082,-17.723,14.349,-0.76,1.7,37.69
ATOM,1988.0,H,ASP,126.0,-14.397,-18.639,14.076,0.31,0.2245,4.16
ATOM,1989.0,HA,ASP,126.0,-14.565,-17.118,11.679,0.09,1.32,8.24
ATOM,1990.0,HB2,ASP,126.0,-16.827,-16.538,12.292,0.09,1.32,0.05
ATOM,1991.0,HB3,ASP,126.0,-16.523,-18.141,12.266,0.09,1.32,11.39
ATOM,1992.0,N,ALA,127.0,-14.361,-15.297,14.315,-0.47,1.85,0.0
ATOM,1993.0,CA,ALA,127.0,-14.012,-13.964,14.825,0.07,2.275,0.0
ATOM,1994.0,C,ALA,127.0,-12.645,-13.491,14.319,0.51,2.0,0.0
ATOM,1995.0,O,ALA,127.0,-12.497,-12.338,13.853,-0.51,1.7,0.0
ATOM,1996.0,CB,ALA,127.0,-14.055,-13.954,16.327,-0.27,2.06,4.25
ATOM,1997.0,H,ALA,127.0,-14.512,-16.119,14.936,0.31,0.2245,0.0
ATOM,1998.0,HA,ALA,127.0,-14.713,-13.307,14.513,0.09,1.32,0.0
ATOM,1999.0,HB1,ALA,127.0,-13.22,-14.367,16.698,0.09,1.32,0.0
ATOM,2000.0,HB2,ALA,127.0,-14.128,-13.012,16.663,0.09,1.32,0.0
ATOM,2001.0,HB3,ALA,127.0,-14.847,-14.476,16.652,0.09,1.32,3.76
ATOM,2002.0,N,GLN,128.0,-11.647,-14.368,14.408,-0.47,1.85,0.0
ATOM,2003.0,CA,GLN,128.0,-10.336,-13.997,13.874,0.07,2.275,0.0
ATOM,2004.0,C,GLN,128.0,-10.406,-13.684,12.382,0.51,2.0,0.0
ATOM,2005.0,O,GLN,128.0,-9.804,-12.703,11.952,-0.51,1.7,0.0
ATOM,2006.0,CB,GLN,128.0,-9.264,-15.063,14.139,-0.18,2.175,0.24
ATOM,2007.0,CG,GLN,128.0,-7.897,-14.616,13.619,-0.18,2.175,1.39
ATOM,2008.0,CD,GLN,128.0,-6.815,-15.674,13.803,0.55,2.0,1.51
ATOM,2009.0,OE1,GLN,128.0,-6.91,-16.546,14.702,-0.55,1.7,15.9
ATOM,2010.0,NE2,GLN,128.0,-5.821,-15.645,12.945,-0.62,1.85,19.25
ATOM,2011.0,H,GLN,128.0,-11.864,-15.257,14.85,0.31,0.2245,0.0
ATOM,2012.0,HA,GLN,128.0,-10.033,-13.161,14.35,0.09,1.32,0.0
ATOM,2013.0,HB2,GLN,128.0,-9.191,-15.209,15.114,0.09,1.32,0.0
ATOM,2014.0,HB3,GLN,128.0,-9.516,-15.896,13.668,0.09,1.32,1.6
ATOM,2015.0,HG2,GLN,128.0,-7.978,-14.412,12.644,0.09,1.32,0.99
ATOM,2016.0,HG3,GLN,128.0,-7.623,-13.791,14.112,0.09,1.32,0.0
ATOM,2017.0,HE21,GLN,128.0,-5.049,-16.313,13.01,0.32,0.2245,22.24
ATOM,2018.0,HE22,GLN,128.0,-5.821,-14.945,12.202,0.3,0.2245,9.96
ATOM,2019.0,N,GLY,129.0,-11.141,-14.491,11.597,-0.47,1.85,0.77
ATOM,2020.0,CA,GLY,129.0,-11.303,-14.235,10.141,-0.02,2.175,19.84
ATOM,2021.0,C,GLY,129.0,-11.906,-12.847,9.883,0.51,2.0,1.09
ATOM,2022.0,O,GLY,129.0,-11.377,-12.041,9.103,-0.51,1.7,0.71
ATOM,2023.0,H,GLY,129.0,-11.578,-15.292,12.081,0.31,0.2245,0.0
ATOM,2024.0,HA2,GLY,129.0,-10.405,-14.297,9.698,0.09,1.32,6.41
ATOM,2025.0,HA3,GLY,129.0,-11.904,-14.938,9.752,0.09,1.32,8.61
ATOM,2026.0,N,ALA,130.0,-12.987,-12.546,10.586,-0.47,1.85,1.94
ATOM,2027.0,CA,ALA,130.0,-13.685,-11.244,10.405,0.07,2.275,0.05
ATOM,2028.0,C,ALA,130.0,-12.797,-10.07,10.819,0.51,2.0,0.0
ATOM,2029.0,O,ALA,130.0,-12.642,-9.09,10.061,-0.51,1.7,0.0
ATOM,2030.0,CB,ALA,130.0,-14.984,-11.231,11.211,-0.27,2.06,0.0
ATOM,2031.0,H,ALA,130.0,-13.305,-13.263,11.254,0.31,0.2245,0.0
ATOM,2032.0,HA,ALA,130.0,-13.919,-11.148,9.431,0.09,1.32,0.0
ATOM,2033.0,HB1,ALA,130.0,-15.496,-12.068,11.027,0.09,1.32,0.42
ATOM,2034.0,HB2,ALA,130.0,-14.769,-11.178,12.185,0.09,1.32,0.0
ATOM,2035.0,HB3,ALA,130.0,-15.531,-10.439,10.945,0.09,1.32,0.0
ATOM,2036.0,N,MET,131.0,-12.229,-10.154,12.017,-0.47,1.85,0.0
ATOM,2037.0,CA,MET,131.0,-11.346,-9.072,12.514,0.07,2.275,0.0
ATOM,2038.0,C,MET,131.0,-10.161,-8.87,11.546,0.51,2.0,0.0
ATOM,2039.0,O,MET,131.0,-9.774,-7.722,11.209,-0.51,1.7,0.0
ATOM,2040.0,CB,MET,131.0,-10.874,-9.33,13.965,-0.18,2.175,0.0
ATOM,2041.0,CG,MET,131.0,-10.067,-8.172,14.549,-0.14,2.175,0.0
ATOM,2042.0,SD,MET,131.0,-10.971,-6.576,14.57,-0.09,2.0,0.01
ATOM,2043.0,CE,MET,131.0,-12.139,-6.859,15.859,-0.22,2.06,0.0
ATOM,2044.0,H,MET,131.0,-12.442,-11.002,12.557,0.31,0.2245,0.0
ATOM,2045.0,HA,MET,131.0,-11.876,-8.226,12.532,0.09,1.32,0.0
ATOM,2046.0,HB2,MET,131.0,-11.679,-9.482,14.542,0.09,1.32,0.0
ATOM,2047.0,HB3,MET,131.0,-10.304,-10.154,13.975,0.09,1.32,0.0
ATOM,2048.0,HG2,MET,131.0,-9.774,-8.424,15.501,0.09,1.32,0.0
ATOM,2049.0,HG3,MET,131.0,-9.196,-8.076,14.014,0.09,1.32,0.0
ATOM,2050.0,HE1,MET,131.0,-12.911,-7.407,15.518,0.09,1.32,0.0
ATOM,2051.0,HE2,MET,131.0,-11.707,-7.354,16.621,0.09,1.32,0.0
ATOM,2052.0,HE3,MET,131.0,-12.496,-5.985,16.207,0.09,1.32,0.0
ATOM,2053.0,N,THR,132.0,-9.616,-9.99,11.061,-0.47,1.85,0.0
ATOM,2054.0,CA,THR,132.0,-8.52,-9.935,10.108,0.07,2.275,0.01
ATOM,2055.0,C,THR,132.0,-8.935,-9.192,8.834,0.51,2.0,0.0
ATOM,2056.0,O,THR,132.0,-8.233,-8.263,8.412,-0.51,1.7,0.05
ATOM,2057.0,CB,THR,132.0,-7.98,-11.349,9.818,0.14,2.275,1.18
ATOM,2058.0,OG1,THR,132.0,-7.421,-11.849,11.038,-0.66,1.77,0.98
ATOM,2059.0,CG2,THR,132.0,-6.907,-11.313,8.746,-0.27,2.06,17.76
ATOM,2060.0,H,THR,132.0,-10.033,-10.866,11.415,0.31,0.2245,0.0
ATOM,2061.0,HA,THR,132.0,-7.752,-9.434,10.525,0.09,1.32,0.73
ATOM,2062.0,HB,THR,132.0,-8.752,-11.946,9.552,0.09,1.32,0.01
ATOM,2063.0,HG21,THR,132.0,-7.211,-10.745,7.976,0.09,1.32,0.0
ATOM,2064.0,HG22,THR,132.0,-6.06,-10.927,9.122,0.09,1.32,9.75
ATOM,2065.0,HG23,THR,132.0,-6.723,-12.242,8.414,0.09,1.32,11.81
ATOM,2066.0,HG1,THR,132.0,-8.146,-12.219,11.629,0.43,0.2245,0.0
ATOM,2067.0,N,LYS,133.0,-10.065,-9.589,8.235,-0.47,1.85,0.0
ATOM,2068.0,CA,LYS,133.0,-10.621,-8.847,7.09,0.07,2.275,0.98
ATOM,2069.0,C,LYS,133.0,-10.804,-7.335,7.35,0.51,2.0,0.0
ATOM,2070.0,O,LYS,133.0,-10.518,-6.496,6.475,-0.51,1.7,1.79
ATOM,2071.0,CB,LYS,133.0,-11.965,-9.427,6.641,-0.18,2.175,0.69
ATOM,2072.0,CG,LYS,133.0,-11.851,-10.628,5.71,-0.18,2.175,8.38
ATOM,2073.0,CD,LYS,133.0,-13.211,-11.139,5.244,-0.18,2.175,4.47
ATOM,2074.0,CE,LYS,133.0,-13.778,-10.353,4.065,0.21,2.175,7.21
ATOM,2075.0,NZ,LYS,133.0,-14.954,-11.072,3.439,-0.3,1.85,8.82
ATOM,2076.0,H,LYS,133.0,-10.5,-10.434,8.633,0.31,0.2245,0.0
ATOM,2077.0,HA,LYS,133.0,-9.995,-8.959,6.297,0.09,1.32,0.34
ATOM,2078.0,HB2,LYS,133.0,-12.47,-9.709,7.455,0.09,1.32,0.0
ATOM,2079.0,HB3,LYS,133.0,-12.471,-8.708,6.165,0.09,1.32,0.0
ATOM,2080.0,HG2,LYS,133.0,-11.313,-10.366,4.904,0.09,1.32,5.75
ATOM,2081.0,HG3,LYS,133.0,-11.376,-11.37,6.19,0.09,1.32,4.33
ATOM,2082.0,HD2,LYS,133.0,-13.117,-12.097,4.969,0.09,1.32,8.69
ATOM,2083.0,HD3,LYS,133.0,-13.857,-11.075,6.006,0.09,1.32,0.0
ATOM,2084.0,HE2,LYS,133.0,-14.084,-9.458,4.383,0.05,1.32,0.0
ATOM,2085.0,HE3,LYS,133.0,-13.068,-10.24,3.373,0.05,1.32,9.64
ATOM,2086.0,HZ1,LYS,133.0,-15.351,-10.485,2.74,0.33,0.2245,4.85
ATOM,2087.0,HZ2,LYS,133.0,-14.629,-11.92,3.032,0.33,0.2245,16.6
ATOM,2088.0,HZ3,LYS,133.0,-15.624,-11.265,4.149,0.33,0.2245,0.0
ATOM,2089.0,N,ALA,134.0,-11.304,-6.983,8.538,-0.47,1.85,0.0
ATOM,2090.0,CA,ALA,134.0,-11.567,-5.569,8.846,0.07,2.275,0.0
ATOM,2091.0,C,ALA,134.0,-10.265,-4.793,8.878,0.51,2.0,0.0
ATOM,2092.0,O,ALA,134.0,-10.178,-3.678,8.366,-0.51,1.7,1.13
ATOM,2093.0,CB,ALA,134.0,-12.267,-5.434,10.171,-0.27,2.06,0.0
ATOM,2094.0,H,ALA,134.0,-11.482,-7.755,9.191,0.31,0.2245,0.0
ATOM,2095.0,HA,ALA,134.0,-12.155,-5.192,8.126,0.09,1.32,0.0
ATOM,2096.0,HB1,ALA,134.0,-12.8,-6.261,10.363,0.09,1.32,0.0
ATOM,2097.0,HB2,ALA,134.0,-11.594,-5.304,10.903,0.09,1.32,0.0
ATOM,2098.0,HB3,ALA,134.0,-12.885,-4.645,10.153,0.09,1.32,0.0
ATOM,2099.0,N,LEU,135.0,-9.263,-5.38,9.518,-0.47,1.85,0.0
ATOM,2100.0,CA,LEU,135.0,-7.932,-4.755,9.648,0.07,2.275,0.0
ATOM,2101.0,C,LEU,135.0,-7.233,-4.676,8.298,0.51,2.0,0.0
ATOM,2102.0,O,LEU,135.0,-6.539,-3.701,8.002,-0.51,1.7,0.0
ATOM,2103.0,CB,LEU,135.0,-7.082,-5.54,10.646,-0.18,2.175,0.67
ATOM,2104.0,CG,LEU,135.0,-7.52,-5.425,12.123,-0.09,2.275,0.0
ATOM,2105.0,CD1,LEU,135.0,-6.766,-6.452,12.987,-0.27,2.06,0.68
ATOM,2106.0,CD2,LEU,135.0,-7.388,-3.972,12.728,-0.27,2.06,0.23
ATOM,2107.0,H,LEU,135.0,-9.486,-6.314,9.921,0.31,0.2245,0.0
ATOM,2108.0,HA,LEU,135.0,-8.057,-3.823,10.001,0.09,1.32,0.0
ATOM,2109.0,HB2,LEU,135.0,-7.128,-6.501,10.404,0.09,1.32,0.13
ATOM,2110.0,HB3,LEU,135.0,-6.151,-5.205,10.592,0.09,1.32,0.0
ATOM,2111.0,HG,LEU,135.0,-8.498,-5.601,12.184,0.09,1.32,0.0
ATOM,2112.0,HD11,LEU,135.0,-5.786,-6.277,12.92,0.09,1.32,0.0
ATOM,2113.0,HD12,LEU,135.0,-7.063,-6.361,13.935,0.09,1.32,0.0
ATOM,2114.0,HD13,LEU,135.0,-6.97,-7.37,12.654,0.09,1.32,0.0
ATOM,2115.0,HD21,LEU,135.0,-7.96,-3.365,12.193,0.09,1.32,0.0
ATOM,2116.0,HD22,LEU,135.0,-7.691,-4.005,13.671,0.09,1.32,0.02
ATOM,2117.0,HD23,LEU,135.0,-6.436,-3.702,12.671,0.09,1.32,0.89
ATOM,2118.0,N,GLU,136.0,-7.377,-5.719,7.479,-0.47,1.85,0.0
ATOM,2119.0,CA,GLU,136.0,-6.866,-5.626,6.104,0.07,2.275,0.39
ATOM,2120.0,C,GLU,136.0,-7.527,-4.495,5.293,0.51,2.0,0.0
ATOM,2121.0,O,GLU,136.0,-6.86,-3.78,4.549,-0.51,1.7,0.72
ATOM,2122.0,CB,GLU,136.0,-7.031,-6.952,5.371,-0.18,2.175,9.09
ATOM,2123.0,CG,GLU,136.0,-6.112,-8.019,5.953,-0.28,2.175,3.15
ATOM,2124.0,CD,GLU,136.0,-6.396,-9.437,5.426,0.62,2.0,3.2
ATOM,2125.0,OE1,GLU,136.0,-7.545,-9.738,5.062,-0.76,1.7,18.38
ATOM,2126.0,OE2,GLU,136.0,-5.46,-10.273,5.419,-0.76,1.7,33.64
ATOM,2127.0,H,GLU,136.0,-7.844,-6.536,7.867,0.31,0.2245,0.0
ATOM,2128.0,HA,GLU,136.0,-5.865,-5.475,6.126,0.09,1.32,0.0
ATOM,2129.0,HB2,GLU,136.0,-7.948,-7.253,5.494,0.09,1.32,0.0
ATOM,2130.0,HB3,GLU,136.0,-6.777,-6.818,4.442,0.09,1.32,8.22
ATOM,2131.0,HG2,GLU,136.0,-5.184,-7.801,5.707,0.09,1.32,0.6
ATOM,2132.0,HG3,GLU,136.0,-6.239,-8.044,6.929,0.09,1.32,0.35
ATOM,2133.0,N,LEU,137.0,-8.842,-4.369,5.415,-0.47,1.85,0.74
ATOM,2134.0,CA,LEU,137.0,-9.564,-3.275,4.748,0.07,2.275,2.26
ATOM,2135.0,C,LEU,137.0,-9.032,-1.901,5.15,0.51,2.0,0.0
ATOM,2136.0,O,LEU,137.0,-8.791,-1.042,4.294,-0.51,1.7,0.0
ATOM,2137.0,CB,LEU,137.0,-11.056,-3.367,5.028,-0.18,2.175,0.15
ATOM,2138.0,CG,LEU,137.0,-11.924,-2.347,4.285,-0.09,2.275,0.0
ATOM,2139.0,CD1,LEU,137.0,-11.915,-2.562,2.752,-0.27,2.06,21.56
ATOM,2140.0,CD2,LEU,137.0,-13.347,-2.444,4.809,-0.27,2.06,2.04
ATOM,2141.0,H,LEU,137.0,-9.305,-5.082,6.0,0.31,0.2245,0.0
ATOM,2142.0,HA,LEU,137.0,-9.449,-3.382,3.75,0.09,1.32,1.26
ATOM,2143.0,HB2,LEU,137.0,-11.367,-4.271,4.757,0.09,1.32,1.84
ATOM,2144.0,HB3,LEU,137.0,-11.199,-3.224,5.999,0.09,1.32,0.0
ATOM,2145.0,HG,LEU,137.0,-11.586,-1.421,4.481,0.09,1.32,0.0
ATOM,2146.0,HD11,LEU,137.0,-12.266,-3.473,2.553,0.09,1.32,3.04
ATOM,2147.0,HD12,LEU,137.0,-12.494,-1.872,2.327,0.09,1.32,6.93
ATOM,2148.0,HD13,LEU,137.0,-10.98,-2.475,2.421,0.09,1.32,0.0
ATOM,2149.0,HD21,LEU,137.0,-13.358,-2.247,5.79,0.09,1.32,0.27
ATOM,2150.0,HD22,LEU,137.0,-13.926,-1.782,4.332,0.09,1.32,1.79
ATOM,2151.0,HD23,LEU,137.0,-13.7,-3.368,4.652,0.09,1.32,0.0
ATOM,2152.0,N,PHE,138.0,-8.875,-1.709,6.458,-0.47,1.85,0.0
ATOM,2153.0,CA,PHE,138.0,-8.256,-0.519,7.035,0.07,2.275,0.0
ATOM,2154.0,C,PHE,138.0,-6.876,-0.256,6.4,0.51,2.0,0.0
ATOM,2155.0,O,PHE,138.0,-6.65,0.788,5.795,-0.51,1.7,0.0
ATOM,2156.0,CB,PHE,138.0,-8.148,-0.742,8.535,-0.18,2.175,0.0
ATOM,2157.0,CG,PHE,138.0,-7.319,0.286,9.271,0.0,1.9924,0.0
ATOM,2158.0,CD1,PHE,138.0,-7.808,1.566,9.5,-0.115,1.9924,0.0
ATOM,2159.0,CD2,PHE,138.0,-6.08,-0.07,9.808,-0.115,1.9924,0.0
ATOM,2160.0,CE1,PHE,138.0,-7.039,2.515,10.219,-0.115,1.9924,0.0
ATOM,2161.0,CE2,PHE,138.0,-5.304,0.862,10.524,-0.115,1.9924,5.22
ATOM,2162.0,CZ,PHE,138.0,-5.798,2.149,10.742,-0.115,1.9924,4.67
ATOM,2163.0,H,PHE,138.0,-9.24,-2.499,7.05,0.31,0.2245,0.0
ATOM,2164.0,HA,PHE,138.0,-8.834,0.265,6.791,0.09,1.32,0.0
ATOM,2165.0,HB2,PHE,138.0,-9.064,-0.718,8.918,0.09,1.32,0.78
ATOM,2166.0,HB3,PHE,138.0,-7.728,-1.629,8.686,0.09,1.32,0.0
ATOM,2167.0,HD1,PHE,138.0,-8.701,1.834,9.166,0.115,1.3582,0.0
ATOM,2168.0,HD2,PHE,138.0,-5.735,-0.998,9.686,0.115,1.3582,0.03
ATOM,2169.0,HE1,PHE,138.0,-7.398,3.44,10.341,0.115,1.3582,0.0
ATOM,2170.0,HE2,PHE,138.0,-4.399,0.591,10.871,0.115,1.3582,0.63
ATOM,2171.0,HZ,PHE,138.0,-5.268,2.808,11.27,0.115,1.3582,11.37
ATOM,2172.0,N,ARG,139.0,-5.974,-1.228,6.531,-0.47,1.85,0.0
ATOM,2173.0,CA,ARG,139.0,-4.654,-1.202,5.891,0.07,2.275,0.0
ATOM,2174.0,C,ARG,139.0,-4.678,-0.894,4.384,0.51,2.0,0.0
ATOM,2175.0,O,ARG,139.0,-3.936,-0.011,3.896,-0.51,1.7,0.0
ATOM,2176.0,CB,ARG,139.0,-3.941,-2.539,6.153,-0.18,2.175,0.06
ATOM,2177.0,CG,ARG,139.0,-2.471,-2.424,6.117,-0.18,2.175,0.4
ATOM,2178.0,CD,ARG,139.0,-1.803,-3.445,7.015,0.2,2.175,0.06
ATOM,2179.0,NE,ARG,139.0,-1.804,-4.819,6.498,-0.7,1.85,1.35
ATOM,2180.0,CZ,ARG,139.0,-2.492,-5.816,7.054,0.64,2.0,0.0
ATOM,2181.0,NH1,ARG,139.0,-3.26,-5.604,8.132,-0.8,1.85,0.01
ATOM,2182.0,NH2,ARG,139.0,-2.416,-7.04,6.545,-0.8,1.85,9.22
ATOM,2183.0,H,ARG,139.0,-6.29,-2.024,7.138,0.31,0.2245,0.0
ATOM,2184.0,HA,ARG,139.0,-4.086,-0.491,6.351,0.09,1.32,0.0
ATOM,2185.0,HB2,ARG,139.0,-4.227,-2.856,7.052,0.09,1.32,0.0
ATOM,2186.0,HB3,ARG,139.0,-4.241,-3.178,5.451,0.09,1.32,1.85
ATOM,2187.0,HG2,ARG,139.0,-2.129,-2.572,5.185,0.09,1.32,4.46
ATOM,2188.0,HG3,ARG,139.0,-2.182,-1.514,6.428,0.09,1.32,0.0
ATOM,2189.0,HD2,ARG,139.0,-0.848,-3.156,7.163,0.09,1.32,0.0
ATOM,2190.0,HD3,ARG,139.0,-2.276,-3.434,7.906,0.09,1.32,0.01
ATOM,2191.0,HE,ARG,139.0,-1.257,-5.016,5.683,0.44,0.2245,11.1
ATOM,2192.0,HH11,ARG,139.0,-3.338,-4.689,8.516,0.46,0.2245,0.0
ATOM,2193.0,HH12,ARG,139.0,-3.753,-6.369,8.545,0.46,0.2245,2.99
ATOM,2194.0,HH21,ARG,139.0,-1.854,-7.203,5.73,0.46,0.2245,15.99
ATOM,2195.0,HH22,ARG,139.0,-2.914,-7.793,6.968,0.46,0.2245,8.17
ATOM,2196.0,N,ASN,140.0,-5.547,-1.602,3.659,-0.47,1.85,0.07
ATOM,2197.0,CA,ASN,140.0,-5.656,-1.443,2.216,0.07,2.275,2.27
ATOM,2198.0,C,ASN,140.0,-6.124,-0.027,1.798,0.51,2.0,0.0
ATOM,2199.0,O,ASN,140.0,-5.587,0.582,0.851,-0.51,1.7,1.34
ATOM,2200.0,CB,ASN,140.0,-6.555,-2.499,1.622,-0.18,2.175,7.18
ATOM,2201.0,CG,ASN,140.0,-6.359,-2.609,0.122,0.55,2.0,2.29
ATOM,2202.0,H,ASN,140.0,-6.128,-2.266,4.21,0.31,0.2245,0.0
ATOM,2203.0,HA,ASN,140.0,-4.73,-1.563,1.825,0.09,1.32,1.54
ATOM,2204.0,HB2,ASN,140.0,-6.338,-3.377,2.031,0.09,1.32,4.24
ATOM,2205.0,HB3,ASN,140.0,-7.501,-2.255,1.797,0.09,1.32,0.0
ATOM,2206.0,OD1,ASN,140.0,-5.268,-2.977,-0.342,-0.55,1.7,35.27
ATOM,2207.0,ND2,ASN,140.0,-7.385,-2.269,-0.637,-0.62,1.85,21.29
ATOM,2208.0,HD22,ASN,140.0,-8.238,-1.951,-0.214,0.3,0.2245,4.41
ATOM,2209.0,HD21,ASN,140.0,-7.319,-2.325,-1.634,0.32,0.2245,21.41
ATOM,2210.0,N,ASP,141.0,-7.096,0.51,2.531,-0.47,1.85,0.0
ATOM,2211.0,CA,ASP,141.0,-7.585,1.864,2.236,0.07,2.275,0.43
ATOM,2212.0,C,ASP,141.0,-6.531,2.914,2.579,0.51,2.0,0.0
ATOM,2213.0,O,ASP,141.0,-6.346,3.876,1.828,-0.51,1.7,0.82
ATOM,2214.0,CB,ASP,141.0,-8.947,2.125,2.906,-0.28,2.175,3.56
ATOM,2215.0,CG,ASP,141.0,-10.1,1.38,2.215,0.62,2.0,3.34
ATOM,2216.0,OD1,ASP,141.0,-9.911,0.818,1.11,-0.76,1.7,19.79
ATOM,2217.0,OD2,ASP,141.0,-11.215,1.324,2.786,-0.76,1.7,10.34
ATOM,2218.0,H,ASP,141.0,-7.461,-0.078,3.289,0.31,0.2245,0.0
ATOM,2219.0,HA,ASP,141.0,-7.739,1.912,1.243,0.09,1.32,0.1
ATOM,2220.0,HB2,ASP,141.0,-8.892,1.815,3.845,0.09,1.32,0.0
ATOM,2221.0,HB3,ASP,141.0,-9.131,3.096,2.862,0.09,1.32,2.52
ATOM,2222.0,N,ILE,142.0,-5.797,2.714,3.679,-0.47,1.85,0.0
ATOM,2223.0,CA,ILE,142.0,-4.65,3.606,3.995,0.07,2.275,0.0
ATOM,2224.0,C,ILE,142.0,-3.617,3.501,2.86,0.51,2.0,0.0
ATOM,2225.0,O,ILE,142.0,-3.116,4.519,2.357,-0.51,1.7,0.0
ATOM,2226.0,CB,ILE,142.0,-3.997,3.307,5.371,-0.09,2.275,0.0
ATOM,2227.0,CG1,ILE,142.0,-4.976,3.712,6.485,-0.18,2.175,0.0
ATOM,2228.0,CG2,ILE,142.0,-2.632,4.079,5.538,-0.27,2.06,0.0
ATOM,2229.0,CD1,ILE,142.0,-4.492,3.413,7.88,-0.27,2.06,2.65
ATOM,2230.0,H,ILE,142.0,-6.078,1.924,4.267,0.31,0.2245,0.0
ATOM,2231.0,HA,ILE,142.0,-5.01,4.531,3.969,0.09,1.32,0.0
ATOM,2232.0,HB,ILE,142.0,-3.849,2.334,5.43,0.09,1.32,0.0
ATOM,2233.0,HG12,ILE,142.0,-5.153,4.694,6.401,0.09,1.32,0.0
ATOM,2234.0,HG13,ILE,142.0,-5.838,3.225,6.328,0.09,1.32,0.0
ATOM,2235.0,HG21,ILE,142.0,-2.253,3.842,6.421,0.09,1.32,0.0
ATOM,2236.0,HG22,ILE,142.0,-2.028,3.795,4.807,0.09,1.32,0.0
ATOM,2237.0,HG23,ILE,142.0,-2.82,5.049,5.483,0.09,1.32,0.0
ATOM,2238.0,HD11,ILE,142.0,-3.638,3.905,8.051,0.09,1.32,1.15
ATOM,2239.0,HD12,ILE,142.0,-5.182,3.704,8.543,0.09,1.32,0.0
ATOM,2240.0,HD13,ILE,142.0,-4.334,2.43,7.976,0.09,1.32,0.0
ATOM,2241.0,N,ALA,143.0,-3.322,2.274,2.43,-0.47,1.85,0.0
ATOM,2242.0,CA,ALA,143.0,-2.3,2.084,1.389,0.07,2.275,0.02
ATOM,2243.0,C,ALA,143.0,-2.697,2.829,0.104,0.51,2.0,0.17
ATOM,2244.0,O,ALA,143.0,-1.828,3.364,-0.594,-0.51,1.7,2.98
ATOM,2245.0,CB,ALA,143.0,-2.055,0.594,1.089,-0.27,2.06,21.32
ATOM,2246.0,H,ALA,143.0,-3.844,1.509,2.867,0.31,0.2245,0.0
ATOM,2247.0,HA,ALA,143.0,-1.431,2.46,1.718,0.09,1.32,0.0
ATOM,2248.0,HB1,ALA,143.0,-1.679,0.505,0.17,0.09,1.32,9.0
ATOM,2249.0,HB2,ALA,143.0,-1.41,0.23,1.756,0.09,1.32,0.0
ATOM,2250.0,HB3,ALA,143.0,-2.92,0.103,1.151,0.09,1.32,0.0
ATOM,2251.0,N,ALA,144.0,-3.989,2.845,-0.225,-0.47,1.85,0.78
ATOM,2252.0,CA,ALA,144.0,-4.457,3.6,-1.39,0.07,2.275,3.02
ATOM,2253.0,C,ALA,144.0,-4.073,5.09,-1.258,0.51,2.0,0.15
ATOM,2254.0,O,ALA,144.0,-3.563,5.7,-2.217,-0.51,1.7,5.6
ATOM,2255.0,CB,ALA,144.0,-5.972,3.431,-1.572,-0.27,2.06,31.6
ATOM,2256.0,H,ALA,144.0,-4.608,2.298,0.391,0.31,0.2245,0.0
ATOM,2257.0,HA,ALA,144.0,-4.017,3.235,-2.214,0.09,1.32,4.81
ATOM,2258.0,HB1,ALA,144.0,-6.176,3.329,-2.543,0.09,1.32,12.07
ATOM,2259.0,HB2,ALA,144.0,-6.273,2.619,-1.077,0.09,1.32,0.25
ATOM,2260.0,HB3,ALA,144.0,-6.437,4.237,-1.213,0.09,1.32,2.5
ATOM,2261.0,N,LYS,145.0,-4.316,5.673,-0.084,-0.47,1.85,0.0
ATOM,2262.0,CA,LYS,145.0,-3.921,7.068,0.192,0.07,2.275,0.0
ATOM,2263.0,C,LYS,145.0,-2.404,7.28,0.191,0.51,2.0,0.0
ATOM,2264.0,O,LYS,145.0,-1.925,8.32,-0.283,-0.51,1.7,0.0
ATOM,2265.0,CB,LYS,145.0,-4.484,7.544,1.519,-0.18,2.175,0.0
ATOM,2266.0,CG,LYS,145.0,-5.99,7.364,1.663,-0.18,2.175,0.0
ATOM,2267.0,CD,LYS,145.0,-6.763,8.249,0.704,-0.18,2.175,0.07
ATOM,2268.0,CE,LYS,145.0,-8.202,8.388,1.156,0.21,2.175,2.05
ATOM,2269.0,NZ,LYS,145.0,-9.056,8.799,0.012,-0.3,1.85,9.38
ATOM,2270.0,H,LYS,145.0,-4.799,5.075,0.611,0.31,0.2245,0.0
ATOM,2271.0,HA,LYS,145.0,-4.331,7.663,-0.52,0.09,1.32,0.0
ATOM,2272.0,HB2,LYS,145.0,-4.039,7.032,2.255,0.09,1.32,0.0
ATOM,2273.0,HB3,LYS,145.0,-4.277,8.518,1.62,0.09,1.32,0.07
ATOM,2274.0,HG2,LYS,145.0,-6.221,6.405,1.48,0.09,1.32,0.0
ATOM,2275.0,HG3,LYS,145.0,-6.256,7.591,2.602,0.09,1.32,0.0
ATOM,2276.0,HD2,LYS,145.0,-6.346,9.148,0.688,0.09,1.32,0.0
ATOM,2277.0,HD3,LYS,145.0,-6.751,7.837,-0.197,0.09,1.32,1.89
ATOM,2278.0,HE2,LYS,145.0,-8.521,7.511,1.507,0.05,1.32,1.73
ATOM,2279.0,HE3,LYS,145.0,-8.255,9.08,1.872,0.05,1.32,0.0
ATOM,2280.0,HZ1,LYS,145.0,-9.301,9.764,0.109,0.33,0.2245,4.07
ATOM,2281.0,HZ2,LYS,145.0,-8.554,8.666,-0.843,0.33,0.2245,9.97
ATOM,2282.0,HZ3,LYS,145.0,-9.887,8.243,0.001,0.33,0.2245,4.91
ATOM,2283.0,N,TYR,146.0,-1.657,6.292,0.703,-0.47,1.85,0.0
ATOM,2284.0,CA,TYR,146.0,-0.189,6.339,0.637,0.07,2.275,0.0
ATOM,2285.0,C,TYR,146.0,0.251,6.386,-0.822,0.51,2.0,0.0
ATOM,2286.0,O,TYR,146.0,1.146,7.158,-1.181,-0.51,1.7,0.0
ATOM,2287.0,CB,TYR,146.0,0.422,5.123,1.346,-0.18,2.175,4.73
ATOM,2288.0,CG,TYR,146.0,0.608,5.289,2.85,0.0,1.9924,0.0
ATOM,2289.0,CD1,TYR,146.0,-0.21,6.146,3.604,-0.115,1.9924,0.0
ATOM,2290.0,CD2,TYR,146.0,1.575,4.538,3.522,-0.115,1.9924,0.0
ATOM,2291.0,CE1,TYR,146.0,-0.039,6.276,5.015,-0.115,1.9924,0.0
ATOM,2292.0,CE2,TYR,146.0,1.761,4.659,4.903,-0.115,1.9924,0.0
ATOM,2293.0,CZ,TYR,146.0,0.97,5.509,5.65,0.11,1.9924,0.0
ATOM,2294.0,OH,TYR,146.0,1.207,5.599,7.024,-0.54,1.77,0.0
ATOM,2295.0,H,TYR,146.0,-2.187,5.52,1.134,0.31,0.2245,0.0
ATOM,2296.0,HA,TYR,146.0,0.116,7.179,1.085,0.09,1.32,0.0
ATOM,2297.0,HB2,TYR,146.0,-0.177,4.338,1.195,0.09,1.32,0.0
ATOM,2298.0,HB3,TYR,146.0,1.319,4.944,0.944,0.09,1.32,0.62
ATOM,2299.0,HD1,TYR,146.0,-0.923,6.677,3.16,0.115,1.3582,0.0
ATOM,2300.0,HD2,TYR,146.0,2.146,3.9,3.008,0.115,1.3582,1.0
ATOM,2301.0,HE1,TYR,146.0,-0.611,6.884,5.532,0.115,1.3582,0.0
ATOM,2302.0,HE2,TYR,146.0,2.482,4.118,5.351,0.115,1.3582,0.0
ATOM,2303.0,HH,TYR,146.0,2.123,5.258,7.211,0.43,0.2245,0.0
ATOM,2304.0,N,LYS,147.0,-0.377,5.566,-1.675,-0.47,1.85,0.44
ATOM,2305.0,CA,LYS,147.0,0.014,5.535,-3.098,0.07,2.275,2.5
ATOM,2306.0,C,LYS,147.0,-0.233,6.909,-3.75,0.51,2.0,0.0
ATOM,2307.0,O,LYS,147.0,0.65,7.429,-4.465,-0.51,1.7,9.05
ATOM,2308.0,CB,LYS,147.0,-0.712,4.447,-3.894,-0.18,2.175,2.4
ATOM,2309.0,CG,LYS,147.0,-0.257,4.401,-5.371,-0.18,2.175,5.34
ATOM,2310.0,CD,LYS,147.0,-0.706,3.127,-6.078,-0.18,2.175,14.41
ATOM,2311.0,CE,LYS,147.0,-0.402,3.156,-7.597,0.21,2.175,20.97
ATOM,2312.0,NZ,LYS,147.0,-1.486,3.768,-8.432,-0.3,1.85,13.71
ATOM,2313.0,H,LYS,147.0,-1.119,4.988,-1.272,0.31,0.2245,0.0
ATOM,2314.0,HA,LYS,147.0,0.991,5.324,-3.16,0.09,1.32,5.07
ATOM,2315.0,HB2,LYS,147.0,-0.512,3.569,-3.488,0.09,1.32,6.02
ATOM,2316.0,HB3,LYS,147.0,-1.681,4.638,-3.881,0.09,1.32,1.52
ATOM,2317.0,HG2,LYS,147.0,-0.644,5.193,-5.846,0.09,1.32,3.51
ATOM,2318.0,HG3,LYS,147.0,0.742,4.456,-5.396,0.09,1.32,8.35
ATOM,2319.0,HD2,LYS,147.0,-0.226,2.348,-5.686,0.09,1.32,11.02
ATOM,2320.0,HD3,LYS,147.0,-1.689,3.018,-5.966,0.09,1.32,7.36
ATOM,2321.0,HE2,LYS,147.0,0.455,3.673,-7.736,0.05,1.32,9.45
ATOM,2322.0,HE3,LYS,147.0,-0.244,2.207,-7.904,0.05,1.32,12.14
ATOM,2323.0,HZ1,LYS,147.0,-2.238,4.045,-7.838,0.33,0.2245,13.87
ATOM,2324.0,HZ2,LYS,147.0,-1.12,4.564,-8.909,0.33,0.2245,19.7
ATOM,2325.0,HZ3,LYS,147.0,-1.808,3.094,-9.094,0.33,0.2245,20.62
ATOM,2326.0,N,GLU,148.0,-1.408,7.478,-3.481,-0.47,1.85,0.7
ATOM,2327.0,CA,GLU,148.0,-1.753,8.83,-3.924,0.07,2.275,2.16
ATOM,2328.0,C,GLU,148.0,-0.63,9.839,-3.587,0.51,2.0,0.0
ATOM,2329.0,O,GLU,148.0,-0.18,10.616,-4.463,-0.51,1.7,26.9
ATOM,2330.0,CB,GLU,148.0,-3.12,9.225,-3.321,-0.18,2.175,1.82
ATOM,2331.0,CG,GLU,148.0,-3.585,10.604,-3.602,-0.28,2.175,12.29
ATOM,2332.0,CD,GLU,148.0,-4.855,10.969,-2.819,0.62,2.0,3.52
ATOM,2333.0,OE1,GLU,148.0,-5.516,10.077,-2.253,-0.76,1.7,10.04
ATOM,2334.0,OE2,GLU,148.0,-5.175,12.175,-2.738,-0.76,1.7,32.57
ATOM,2335.0,H,GLU,148.0,-2.06,6.878,-2.928,0.31,0.2245,0.0
ATOM,2336.0,HA,GLU,148.0,-1.908,8.835,-4.918,0.09,1.32,10.39
ATOM,2337.0,HB2,GLU,148.0,-3.786,8.582,-3.688,0.09,1.32,6.92
ATOM,2338.0,HB3,GLU,148.0,-3.038,9.11,-2.336,0.09,1.32,0.0
ATOM,2339.0,HG2,GLU,148.0,-2.893,11.248,-3.328,0.09,1.32,1.67
ATOM,2340.0,HG3,GLU,148.0,-3.812,10.69,-4.556,0.09,1.32,10.73
ATOM,2341.0,N,LEU,149.0,-0.147,9.774,-2.343,-0.47,1.85,0.0
ATOM,2342.0,CA,LEU,149.0,0.889,10.696,-1.844,0.07,2.275,1.19
ATOM,2343.0,C,LEU,149.0,2.303,10.295,-2.279,0.51,2.0,1.32
ATOM,2344.0,O,LEU,149.0,3.256,11.048,-2.057,-0.51,1.7,27.49
ATOM,2345.0,CB,LEU,149.0,0.821,10.781,-0.314,-0.18,2.175,0.19
ATOM,2346.0,CG,LEU,149.0,-0.507,11.197,0.343,-0.09,2.275,0.0
ATOM,2347.0,CD1,LEU,149.0,-0.511,10.884,1.853,-0.27,2.06,0.0
ATOM,2348.0,CD2,LEU,149.0,-0.868,12.671,0.094,-0.27,2.06,22.95
ATOM,2349.0,H,LEU,149.0,-0.562,9.02,-1.757,0.31,0.2245,0.0
ATOM,2350.0,HA,LEU,149.0,0.694,11.619,-2.21,0.09,1.32,5.04
ATOM,2351.0,HB2,LEU,149.0,1.058,9.875,0.053,0.09,1.32,0.0
ATOM,2352.0,HB3,LEU,149.0,1.517,11.441,-0.013,0.09,1.32,4.95
ATOM,2353.0,HG,LEU,149.0,-1.256,10.7,-0.094,0.09,1.32,0.07
ATOM,2354.0,HD11,LEU,149.0,0.233,11.384,2.29,0.09,1.32,0.0
ATOM,2355.0,HD12,LEU,149.0,-1.385,11.167,2.24,0.09,1.32,0.0
ATOM,2356.0,HD13,LEU,149.0,-0.383,9.904,1.981,0.09,1.32,0.0
ATOM,2357.0,HD21,LEU,149.0,-0.952,12.825,-0.889,0.09,1.32,4.11
ATOM,2358.0,HD22,LEU,149.0,-1.735,12.875,0.544,0.09,1.32,0.0
ATOM,2359.0,HD23,LEU,149.0,-0.147,13.251,0.468,0.09,1.32,6.05
ATOM,2360.0,N,GLY,150.0,2.437,9.102,-2.86,-0.47,1.85,0.07
ATOM,2361.0,CA,GLY,150.0,3.726,8.543,-3.258,-0.02,2.175,18.19
ATOM,2362.0,C,GLY,150.0,4.592,8.24,-2.059,0.51,2.0,0.18
ATOM,2363.0,O,GLY,150.0,5.822,8.334,-2.13,-0.51,1.7,24.75
ATOM,2364.0,H,GLY,150.0,1.529,8.596,-3.007,0.31,0.2245,0.0
ATOM,2365.0,HA2,GLY,150.0,3.571,7.696,-3.787,0.09,1.32,7.04
ATOM,2366.0,HA3,GLY,150.0,4.2,9.2,-3.861,0.09,1.32,10.89
ATOM,2367.0,N,PHE,151.0,3.948,7.888,-0.947,-0.47,1.85,0.0
ATOM,2368.0,CA,PHE,151.0,4.693,7.688,0.275,0.07,2.275,0.86
ATOM,2369.0,C,PHE,151.0,5.157,6.255,0.35,0.51,2.0,0.0
ATOM,2370.0,O,PHE,151.0,4.353,5.329,0.17,-0.51,1.7,9.3
ATOM,2371.0,CB,PHE,151.0,3.899,8.074,1.53,-0.18,2.175,0.25
ATOM,2372.0,CG,PHE,151.0,4.619,7.75,2.808,0.0,1.9924,0.0
ATOM,2373.0,CD1,PHE,151.0,5.724,8.489,3.205,-0.115,1.9924,2.35
ATOM,2374.0,CD2,PHE,151.0,4.207,6.689,3.602,-0.115,1.9924,0.0
ATOM,2375.0,CE1,PHE,151.0,6.408,8.181,4.381,-0.115,1.9924,1.07
ATOM,2376.0,CE2,PHE,151.0,4.884,6.38,4.778,-0.115,1.9924,0.0
ATOM,2377.0,CZ,PHE,151.0,5.999,7.125,5.153,-0.115,1.9924,0.0
ATOM,2378.0,H,PHE,151.0,2.932,7.78,-1.04,0.31,0.2245,0.0
ATOM,2379.0,HA,PHE,151.0,5.515,8.26,0.218,0.09,1.32,2.3
ATOM,2380.0,HB2,PHE,151.0,3.746,9.047,1.501,0.09,1.32,2.91
ATOM,2381.0,HB3,PHE,151.0,3.053,7.569,1.517,0.09,1.32,0.0
ATOM,2382.0,HD1,PHE,151.0,6.039,9.253,2.648,0.115,1.3582,12.6
ATOM,2383.0,HD2,PHE,151.0,3.417,6.142,3.329,0.115,1.3582,0.0
ATOM,2384.0,HE1,PHE,151.0,7.201,8.744,4.647,0.115,1.3582,6.15
ATOM,2385.0,HE2,PHE,151.0,4.564,5.614,5.355,0.115,1.3582,0.0
ATOM,2386.0,HZ,PHE,151.0,6.498,6.885,5.988,0.115,1.3582,0.0
ATOM,2387.0,N,GLN,152.0,6.454,6.112,0.654,-0.47,1.85,0.39
ATOM,2388.0,CA,GLN,152.0,7.226,4.841,0.653,0.07,2.275,4.83
ATOM,2389.0,C,GLN,152.0,7.411,4.162,-0.702,0.34,2.0,3.58
ATOM,2390.0,O,GLN,152.0,7.271,4.792,-1.759,-0.67,1.7,29.25
ATOM,2391.0,CB,GLN,152.0,6.72,3.842,1.706,-0.18,2.175,6.87
ATOM,2392.0,CG,GLN,152.0,7.052,4.177,3.168,-0.18,2.175,1.38
ATOM,2393.0,CD,GLN,152.0,8.236,5.131,3.335,0.55,2.0,0.0
ATOM,2394.0,OXT,GLN,152.0,7.701,2.993,-0.967,-0.67,1.7,42.09
ATOM,2395.0,H,GLN,152.0,6.921,7.034,0.913,0.31,0.2245,4.63
ATOM,2396.0,HA,GLN,152.0,8.157,5.058,1.025,0.09,1.32,3.34
ATOM,2397.0,HB2,GLN,152.0,5.717,3.773,1.628,0.09,1.32,0.93
ATOM,2398.0,HB3,GLN,152.0,7.113,2.935,1.504,0.09,1.32,7.27
ATOM,2399.0,HG2,GLN,152.0,6.245,4.598,3.588,0.09,1.32,0.0
ATOM,2400.0,HG3,GLN,152.0,7.263,3.323,3.649,0.09,1.32,1.13
ATOM,2401.0,OE1,GLN,152.0,8.296,6.189,2.705,-0.55,1.7,11.81
ATOM,2402.0,NE2,GLN,152.0,9.174,4.762,4.198,-0.62,1.85,17.66
ATOM,2403.0,HE21,GLN,152.0,9.995,5.338,4.35,0.32,0.2245,22.13
ATOM,2404.0,HE22,GLN,152.0,9.056,3.888,4.708,0.3,0.2245,4.31
