atom,serial,name,resname,resid,x,y,z,charges,radius,sasa
ATOM,1.0,N,ALA,6.0,-27.532,19.435,23.493,-0.3,1.85,12.71
ATOM,2.0,CA,ALA,6.0,-27.0,20.832,23.428,0.21,2.275,4.14
ATOM,3.0,C,ALA,6.0,-26.327,21.133,22.077,0.51,2.0,0.33
ATOM,4.0,O,ALA,6.0,-25.096,20.974,21.927,-0.51,1.7,0.26
ATOM,5.0,CB,ALA,6.0,-26.004,21.07,24.576,-0.27,2.06,14.95
ATOM,6.0,H,ALA,6.0,-28.527,19.467,23.488,0.33,0.2245,19.32
ATOM,7.0,HA,ALA,6.0,-27.773,21.465,23.553,0.1,1.32,9.86
ATOM,8.0,HB1,ALA,6.0,-26.182,20.412,25.304,0.09,1.32,5.91
ATOM,9.0,HB2,ALA,6.0,-25.076,20.951,24.232,0.09,1.32,0.0
ATOM,10.0,HB3,ALA,6.0,-26.121,21.998,24.922,0.09,1.32,10.06
ATOM,11.0,H2,ALA,6.0,-27.204,18.926,22.702,0.33,0.2245,12.31
ATOM,12.0,H3,ALA,6.0,-27.21,19.004,24.331,0.33,0.2245,6.7
ATOM,13.0,N,ALA,7.0,-27.146,21.58,21.112,-0.47,1.85,2.21
ATOM,14.0,CA,ALA,7.0,-26.702,21.927,19.752,0.07,2.275,7.77
ATOM,15.0,C,ALA,7.0,-25.463,21.144,19.327,0.51,2.0,1.66
ATOM,16.0,O,ALA,7.0,-25.329,19.957,19.655,-0.51,1.7,16.09
ATOM,17.0,CB,ALA,7.0,-26.43,23.433,19.66,-0.27,2.06,36.12
ATOM,18.0,H,ALA,7.0,-28.148,21.663,21.415,0.31,0.2245,14.17
ATOM,19.0,HA,ALA,7.0,-27.454,21.717,19.108,0.09,1.32,12.2
ATOM,20.0,HB1,ALA,7.0,-26.775,23.88,20.482,0.09,1.32,9.37
ATOM,21.0,HB2,ALA,7.0,-25.447,23.585,19.582,0.09,1.32,2.15
ATOM,22.0,HB3,ALA,7.0,-26.893,23.802,18.857,0.09,1.32,11.34
ATOM,23.0,N,GLY,8.0,-24.568,21.792,18.581,-0.47,1.85,4.25
ATOM,24.0,CA,GLY,8.0,-23.355,21.107,18.166,-0.02,2.175,22.87
ATOM,25.0,C,GLY,8.0,-22.657,20.624,19.426,0.51,2.0,1.91
ATOM,26.0,O,GLY,8.0,-23.063,19.604,20.0,-0.51,1.7,15.75
ATOM,27.0,H,GLY,8.0,-24.803,22.759,18.343,0.31,0.2245,7.05
ATOM,28.0,HA2,GLY,8.0,-23.585,20.329,17.594,0.09,1.32,10.97
ATOM,29.0,HA3,GLY,8.0,-22.762,21.736,17.678,0.09,1.32,3.8
ATOM,30.0,N,PRO,9.0,-21.6,21.326,19.882,-0.29,1.85,0.64
ATOM,31.0,CA,PRO,9.0,-20.873,20.939,21.091,0.02,2.275,1.01
ATOM,32.0,C,PRO,9.0,-21.468,21.687,22.27,0.51,2.0,0.0
ATOM,33.0,O,PRO,9.0,-21.561,22.911,22.243,-0.51,1.7,4.8
ATOM,34.0,CB,PRO,9.0,-19.44,21.381,20.8,-0.18,2.175,3.8
ATOM,35.0,CG,PRO,9.0,-19.586,22.525,19.795,-0.18,2.175,17.41
ATOM,36.0,CD,PRO,9.0,-21.011,22.527,19.267,0.0,2.175,14.29
ATOM,37.0,HA,PRO,9.0,-20.913,19.953,21.232,0.09,1.32,0.0
ATOM,38.0,HB2,PRO,9.0,-18.986,21.71,21.628,0.09,1.32,0.0
ATOM,39.0,HB3,PRO,9.0,-18.905,20.639,20.398,0.09,1.32,2.19
ATOM,40.0,HG2,PRO,9.0,-19.369,23.404,20.248,0.09,1.32,5.54
ATOM,41.0,HG3,PRO,9.0,-18.923,22.4,19.04,0.09,1.32,12.14
ATOM,42.0,HD2,PRO,9.0,-21.499,23.348,19.555,0.09,1.32,6.73
ATOM,43.0,HD3,PRO,9.0,-21.025,22.459,18.27,0.09,1.32,6.84
ATOM,44.0,N,GLU,10.0,-21.889,20.951,23.293,-0.47,1.85,0.0
ATOM,45.0,CA,GLU,10.0,-22.478,21.549,24.495,0.07,2.275,0.0
ATOM,46.0,C,GLU,10.0,-21.44,22.46,25.176,0.51,2.0,0.0
ATOM,47.0,O,GLU,10.0,-20.225,22.219,25.054,-0.51,1.7,0.0
ATOM,48.0,CB,GLU,10.0,-22.915,20.428,25.436,-0.18,2.175,0.46
ATOM,49.0,CG,GLU,10.0,-23.352,19.161,24.702,-0.28,2.175,4.66
ATOM,50.0,CD,GLU,10.0,-22.561,17.915,25.114,0.62,2.0,0.34
ATOM,51.0,OE1,GLU,10.0,-21.611,18.056,25.912,-0.76,1.7,0.0
ATOM,52.0,OE2,GLU,10.0,-22.886,16.792,24.642,-0.76,1.7,4.71
ATOM,53.0,H,GLU,10.0,-21.767,19.925,23.171,0.31,0.2245,0.0
ATOM,54.0,HA,GLU,10.0,-23.279,22.09,24.247,0.09,1.32,1.54
ATOM,55.0,HB2,GLU,10.0,-22.149,20.192,26.001,0.09,1.32,0.0
ATOM,56.0,HB3,GLU,10.0,-23.683,20.749,25.953,0.09,1.32,2.1
ATOM,57.0,HG2,GLU,10.0,-24.297,18.991,24.915,0.09,1.32,1.22
ATOM,58.0,HG3,GLU,10.0,-23.206,19.294,23.739,0.09,1.32,0.0
ATOM,59.0,N,MET,11.0,-21.891,23.499,25.885,-0.47,1.85,0.02
ATOM,60.0,CA,MET,11.0,-20.952,24.419,26.542,0.07,2.275,0.0
ATOM,61.0,C,MET,11.0,-21.125,24.544,28.061,0.51,2.0,0.11
ATOM,62.0,O,MET,11.0,-22.243,24.535,28.573,-0.51,1.7,21.81
ATOM,63.0,CB,MET,11.0,-21.058,25.801,25.902,-0.18,2.175,7.09
ATOM,64.0,CG,MET,11.0,-20.747,25.811,24.421,-0.14,2.175,9.58
ATOM,65.0,SD,MET,11.0,-18.999,26.078,24.083,-0.09,2.0,12.37
ATOM,66.0,CE,MET,11.0,-18.696,27.618,24.993,-0.22,2.06,20.39
ATOM,67.0,H,MET,11.0,-22.913,23.595,25.929,0.31,0.2245,7.45
ATOM,68.0,HA,MET,11.0,-20.007,24.077,26.365,0.09,1.32,0.0
ATOM,69.0,HB2,MET,11.0,-21.994,26.152,26.036,0.09,1.32,10.01
ATOM,70.0,HB3,MET,11.0,-20.419,26.426,26.368,0.09,1.32,0.0
ATOM,71.0,HG2,MET,11.0,-21.063,24.923,24.014,0.09,1.32,0.0
ATOM,72.0,HG3,MET,11.0,-21.318,26.535,23.97,0.09,1.32,12.29
ATOM,73.0,HE1,MET,11.0,-18.225,28.261,24.394,0.09,1.32,11.59
ATOM,74.0,HE2,MET,11.0,-19.57,28.0,25.283,0.09,1.32,5.36
ATOM,75.0,HE3,MET,11.0,-18.13,27.418,25.79,0.09,1.32,0.0
ATOM,76.0,N,VAL,12.0,-20.01,24.662,28.777,-0.47,1.85,0.0
ATOM,77.0,CA,VAL,12.0,-20.054,24.788,30.232,0.07,2.275,0.0
ATOM,78.0,C,VAL,12.0,-19.184,25.914,30.758,0.51,2.0,0.0
ATOM,79.0,O,VAL,12.0,-17.952,25.802,30.768,-0.51,1.7,0.0
ATOM,80.0,CB,VAL,12.0,-19.575,23.516,30.94,-0.09,2.275,0.0
ATOM,81.0,CG1,VAL,12.0,-19.597,23.737,32.443,-0.27,2.06,2.35
ATOM,82.0,CG2,VAL,12.0,-20.445,22.344,30.557,-0.27,2.06,2.41
ATOM,83.0,H,VAL,12.0,-19.133,24.657,28.228,0.31,0.2245,0.0
ATOM,84.0,HA,VAL,12.0,-21.015,24.983,30.498,0.09,1.32,2.68
ATOM,85.0,HB,VAL,12.0,-18.63,23.362,30.683,0.09,1.32,0.0
ATOM,86.0,HG11,VAL,12.0,-20.257,24.455,32.667,0.09,1.32,2.85
ATOM,87.0,HG12,VAL,12.0,-19.861,22.889,32.903,0.09,1.32,0.0
ATOM,88.0,HG13,VAL,12.0,-18.688,24.014,32.755,0.09,1.32,0.0
ATOM,89.0,HG21,VAL,12.0,-20.721,21.846,31.382,0.09,1.32,0.0
ATOM,90.0,HG22,VAL,12.0,-21.262,22.673,30.079,0.09,1.32,0.24
ATOM,91.0,HG23,VAL,12.0,-19.934,21.728,29.954,0.09,1.32,0.0
ATOM,92.0,N,ARG,13.0,-19.825,26.987,31.214,-0.47,1.85,0.0
ATOM,93.0,CA,ARG,13.0,-19.11,28.13,31.763,0.07,2.275,2.95
ATOM,94.0,C,ARG,13.0,-18.049,28.666,30.811,0.51,2.0,1.95
ATOM,95.0,O,ARG,13.0,-16.916,28.915,31.216,-0.51,1.7,18.33
ATOM,96.0,CB,ARG,13.0,-18.448,27.746,33.088,-0.18,2.175,0.65
ATOM,97.0,CG,ARG,13.0,-18.761,28.687,34.233,-0.18,2.175,13.71
ATOM,98.0,CD,ARG,13.0,-19.79,28.089,35.176,0.2,2.175,7.14
ATOM,99.0,NE,ARG,13.0,-19.309,28.06,36.554,-0.7,1.85,3.83
ATOM,100.0,CZ,ARG,13.0,-20.088,27.871,37.614,0.64,2.0,1.86
ATOM,101.0,NH1,ARG,13.0,-21.394,27.691,37.458,-0.8,1.85,17.06
ATOM,102.0,NH2,ARG,13.0,-19.562,27.857,38.833,-0.8,1.85,16.38
ATOM,103.0,H,ARG,13.0,-20.861,26.937,31.144,0.31,0.2245,13.5
ATOM,104.0,HA,ARG,13.0,-19.776,28.871,31.952,0.09,1.32,8.27
ATOM,105.0,HB2,ARG,13.0,-18.763,26.834,33.339,0.09,1.32,0.0
ATOM,106.0,HB3,ARG,13.0,-17.461,27.74,32.951,0.09,1.32,3.58
ATOM,107.0,HG2,ARG,13.0,-17.931,28.868,34.754,0.09,1.32,7.36
ATOM,108.0,HG3,ARG,13.0,-19.13,29.54,33.873,0.09,1.32,8.37
ATOM,109.0,HD2,ARG,13.0,-20.615,28.644,35.127,0.09,1.32,7.82
ATOM,110.0,HD3,ARG,13.0,-19.982,27.159,34.874,0.09,1.32,0.14
ATOM,111.0,HE,ARG,13.0,-18.323,28.192,36.712,0.44,0.2245,6.09
ATOM,112.0,HH11,ARG,13.0,-21.808,27.674,36.552,0.46,0.2245,10.58
ATOM,113.0,HH12,ARG,13.0,-21.978,27.568,38.27,0.46,0.2245,18.51
ATOM,114.0,HH21,ARG,13.0,-18.571,27.97,38.945,0.46,0.2245,9.18
ATOM,115.0,HH22,ARG,13.0,-20.145,27.734,39.632,0.46,0.2245,16.93
ATOM,116.0,N,GLY,14.0,-18.41,28.829,29.542,-0.47,1.85,4.13
ATOM,117.0,CA,GLY,14.0,-17.464,29.358,28.576,-0.02,2.175,16.59
ATOM,118.0,C,GLY,14.0,-16.508,28.359,27.956,0.51,2.0,0.25
ATOM,119.0,O,GLY,14.0,-15.749,28.703,27.048,-0.51,1.7,18.48
ATOM,120.0,H,GLY,14.0,-19.378,28.558,29.319,0.31,0.2245,7.1
ATOM,121.0,HA2,GLY,14.0,-17.986,29.831,27.822,0.09,1.32,8.02
ATOM,122.0,HA3,GLY,14.0,-16.917,30.109,29.023,0.09,1.32,10.12
ATOM,123.0,N,GLN,15.0,-16.532,27.123,28.44,-0.47,1.85,0.0
ATOM,124.0,CA,GLN,15.0,-15.657,26.09,27.905,0.07,2.275,0.0
ATOM,125.0,C,GLN,15.0,-16.488,25.004,27.233,0.51,2.0,0.0
ATOM,126.0,O,GLN,15.0,-17.603,24.705,27.667,-0.51,1.7,0.0
ATOM,127.0,CB,GLN,15.0,-14.809,25.497,29.029,-0.18,2.175,0.0
ATOM,128.0,CG,GLN,15.0,-13.434,26.118,29.143,-0.18,2.175,10.4
ATOM,129.0,CD,GLN,15.0,-12.616,25.926,27.883,0.55,2.0,2.2
ATOM,130.0,H,GLN,15.0,-17.207,26.964,29.208,0.31,0.2245,0.0
ATOM,131.0,HA,GLN,15.0,-15.074,26.507,27.204,0.09,1.32,0.21
ATOM,132.0,HB2,GLN,15.0,-15.288,25.632,29.897,0.09,1.32,0.13
ATOM,133.0,HB3,GLN,15.0,-14.698,24.515,28.863,0.09,1.32,0.0
ATOM,134.0,HG2,GLN,15.0,-13.534,27.097,29.311,0.09,1.32,5.06
ATOM,135.0,HG3,GLN,15.0,-12.949,25.693,29.905,0.09,1.32,0.6
ATOM,136.0,OE1,GLN,15.0,-12.068,24.845,27.642,-0.55,1.7,16.21
ATOM,137.0,NE2,GLN,15.0,-12.528,26.976,27.067,-0.62,1.85,18.66
ATOM,138.0,HE21,GLN,15.0,-11.985,26.926,26.21,0.32,0.2245,21.46
ATOM,139.0,HE22,GLN,15.0,-13.017,27.833,27.318,0.3,0.2245,7.69
ATOM,140.0,N,VAL,16.0,-15.962,24.428,26.162,-0.47,1.85,0.3
ATOM,141.0,CA,VAL,16.0,-16.688,23.368,25.465,0.07,2.275,0.0
ATOM,142.0,C,VAL,16.0,-16.57,22.053,26.25,0.51,2.0,0.0
ATOM,143.0,O,VAL,16.0,-15.477,21.592,26.567,-0.51,1.7,0.0
ATOM,144.0,CB,VAL,16.0,-16.142,23.161,24.025,-0.09,2.275,2.38
ATOM,145.0,CG1,VAL,16.0,-14.691,22.751,24.058,-0.27,2.06,14.67
ATOM,146.0,CG2,VAL,16.0,-16.963,22.115,23.303,-0.27,2.06,3.76
ATOM,147.0,H,VAL,16.0,-15.038,24.776,25.875,0.31,0.2245,1.61
ATOM,148.0,HA,VAL,16.0,-17.657,23.618,25.432,0.09,1.32,0.0
ATOM,149.0,HB,VAL,16.0,-16.196,24.041,23.562,0.09,1.32,5.97
ATOM,150.0,HG11,VAL,16.0,-14.106,23.565,24.042,0.09,1.32,7.33
ATOM,151.0,HG12,VAL,16.0,-14.503,22.229,24.893,0.09,1.32,0.0
ATOM,152.0,HG13,VAL,16.0,-14.48,22.181,23.261,0.09,1.32,6.79
ATOM,153.0,HG21,VAL,16.0,-16.399,21.67,22.605,0.09,1.32,4.97
ATOM,154.0,HG22,VAL,16.0,-17.283,21.43,23.959,0.09,1.32,0.0
ATOM,155.0,HG23,VAL,16.0,-17.751,22.551,22.866,0.09,1.32,0.0
ATOM,156.0,N,PHE,17.0,-17.718,21.474,26.598,-0.47,1.85,0.0
ATOM,157.0,CA,PHE,17.0,-17.768,20.221,27.339,0.07,2.275,0.0
ATOM,158.0,C,PHE,17.0,-18.514,19.242,26.463,0.51,2.0,0.0
ATOM,159.0,O,PHE,17.0,-19.66,18.896,26.717,-0.51,1.7,0.0
ATOM,160.0,CB,PHE,17.0,-18.504,20.393,28.662,-0.18,2.175,0.0
ATOM,161.0,CG,PHE,17.0,-17.973,19.515,29.756,0.0,1.9924,0.0
ATOM,162.0,CD1,PHE,17.0,-16.772,19.82,30.393,-0.115,1.9924,0.0
ATOM,163.0,CD2,PHE,17.0,-18.673,18.382,30.154,-0.115,1.9924,0.0
ATOM,164.0,CE1,PHE,17.0,-16.27,19.007,31.412,-0.115,1.9924,0.0
ATOM,165.0,CE2,PHE,17.0,-18.179,17.562,31.171,-0.115,1.9924,0.0
ATOM,166.0,CZ,PHE,17.0,-16.978,17.875,31.797,-0.115,1.9924,0.0
ATOM,167.0,H,PHE,17.0,-18.571,21.994,26.295,0.31,0.2245,0.0
ATOM,168.0,HA,PHE,17.0,-16.836,19.893,27.417,0.09,1.32,0.0
ATOM,169.0,HB2,PHE,17.0,-18.402,21.333,28.947,0.09,1.32,0.0
ATOM,170.0,HB3,PHE,17.0,-19.452,20.159,28.515,0.09,1.32,0.0
ATOM,171.0,HD1,PHE,17.0,-16.259,20.63,30.123,0.115,1.3582,0.0
ATOM,172.0,HD2,PHE,17.0,-19.537,18.15,29.712,0.115,1.3582,0.0
ATOM,173.0,HE1,PHE,17.0,-15.403,19.246,31.855,0.115,1.3582,0.0
ATOM,174.0,HE2,PHE,17.0,-18.702,16.74,31.445,0.115,1.3582,0.0
ATOM,175.0,HZ,PHE,17.0,-16.622,17.289,32.524,0.115,1.3582,0.0
ATOM,176.0,N,ASP,18.0,-17.818,18.811,25.428,-0.47,1.85,0.0
ATOM,177.0,CA,ASP,18.0,-18.33,17.909,24.414,0.07,2.275,0.0
ATOM,178.0,C,ASP,18.0,-18.566,16.451,24.814,0.51,2.0,0.0
ATOM,179.0,O,ASP,18.0,-17.928,15.545,24.271,-0.51,1.7,5.22
ATOM,180.0,CB,ASP,18.0,-17.368,17.965,23.237,-0.28,2.175,5.23
ATOM,181.0,CG,ASP,18.0,-18.067,17.803,21.927,0.62,2.0,1.93
ATOM,182.0,OD1,ASP,18.0,-19.289,17.544,21.93,-0.76,1.7,9.83
ATOM,183.0,OD2,ASP,18.0,-17.385,17.93,20.893,-0.76,1.7,37.63
ATOM,184.0,H,ASP,18.0,-16.827,19.189,25.398,0.31,0.2245,0.0
ATOM,185.0,HA,ASP,18.0,-19.246,18.28,24.114,0.09,1.32,0.0
ATOM,186.0,HB2,ASP,18.0,-16.911,18.849,23.258,0.09,1.32,0.05
ATOM,187.0,HB3,ASP,18.0,-16.706,17.232,23.349,0.09,1.32,1.52
ATOM,188.0,N,VAL,19.0,-19.502,16.207,25.725,-0.47,1.85,0.0
ATOM,189.0,CA,VAL,19.0,-19.769,14.835,26.16,0.07,2.275,0.0
ATOM,190.0,C,VAL,19.0,-20.883,14.171,25.363,0.51,2.0,0.32
ATOM,191.0,O,VAL,19.0,-21.68,13.4,25.89,-0.51,1.7,1.21
ATOM,192.0,CB,VAL,19.0,-20.086,14.768,27.677,-0.09,2.275,0.0
ATOM,193.0,CG1,VAL,19.0,-18.885,15.254,28.466,-0.27,2.06,0.0
ATOM,194.0,CG2,VAL,19.0,-21.298,15.608,28.01,-0.27,2.06,0.0
ATOM,195.0,H,VAL,19.0,-20.002,17.031,26.083,0.31,0.2245,0.0
ATOM,196.0,HA,VAL,19.0,-18.922,14.295,26.023,0.09,1.32,0.0
ATOM,197.0,HB,VAL,19.0,-20.226,13.815,27.908,0.09,1.32,0.0
ATOM,198.0,HG11,VAL,19.0,-18.271,14.486,28.652,0.09,1.32,0.0
ATOM,199.0,HG12,VAL,19.0,-18.395,15.949,27.939,0.09,1.32,0.0
ATOM,200.0,HG13,VAL,19.0,-19.19,15.651,29.333,0.09,1.32,0.0
ATOM,201.0,HG21,VAL,19.0,-21.55,15.468,28.969,0.09,1.32,0.0
ATOM,202.0,HG22,VAL,19.0,-21.087,16.575,27.86,0.09,1.32,0.0
ATOM,203.0,HG23,VAL,19.0,-22.063,15.339,27.423,0.09,1.32,0.0
ATOM,204.0,N,GLY,20.0,-20.909,14.497,24.076,-0.47,1.85,0.32
ATOM,205.0,CA,GLY,20.0,-21.872,13.948,23.133,-0.02,2.175,8.91
ATOM,206.0,C,GLY,20.0,-23.303,13.744,23.571,0.51,2.0,1.72
ATOM,207.0,O,GLY,20.0,-23.774,14.4,24.499,-0.51,1.7,2.22
ATOM,208.0,H,GLY,20.0,-20.17,15.189,23.796,0.31,0.2245,0.09
ATOM,209.0,HA2,GLY,20.0,-21.868,14.547,22.276,0.09,1.32,8.75
ATOM,210.0,HA3,GLY,20.0,-21.499,13.038,22.778,0.09,1.32,4.91
ATOM,211.0,N,PRO,21.0,-24.02,12.823,22.901,-0.29,1.85,0.94
ATOM,212.0,CA,PRO,21.0,-25.423,12.461,23.151,0.02,2.275,4.15
ATOM,213.0,C,PRO,21.0,-25.635,11.755,24.491,0.51,2.0,0.86
ATOM,214.0,O,PRO,21.0,-26.274,12.295,25.388,-0.51,1.7,1.16
ATOM,215.0,CB,PRO,21.0,-25.768,11.549,21.977,-0.18,2.175,20.04
ATOM,216.0,CG,PRO,21.0,-24.451,10.917,21.61,-0.18,2.175,22.09
ATOM,217.0,CD,PRO,21.0,-23.446,12.028,21.796,0.0,2.175,13.11
ATOM,218.0,HA,PRO,21.0,-26.018,13.282,23.084,0.09,1.32,9.73
ATOM,219.0,HB2,PRO,21.0,-26.43,10.851,22.248,0.09,1.32,9.03
ATOM,220.0,HB3,PRO,21.0,-26.133,12.074,21.21,0.09,1.32,11.47
ATOM,221.0,HG2,PRO,21.0,-24.252,10.15,22.216,0.09,1.32,2.62
ATOM,222.0,HG3,PRO,21.0,-24.468,10.604,20.663,0.09,1.32,11.43
ATOM,223.0,HD2,PRO,21.0,-22.55,11.67,22.052,0.09,1.32,6.48
ATOM,224.0,HD3,PRO,21.0,-23.361,12.586,20.97,0.09,1.32,10.35
ATOM,225.0,N,ARG,22.0,-25.087,10.55,24.614,-0.47,1.85,0.66
ATOM,226.0,CA,ARG,22.0,-25.206,9.741,25.824,0.07,2.275,2.96
ATOM,227.0,C,ARG,22.0,-25.363,10.522,27.134,0.51,2.0,0.0
ATOM,228.0,O,ARG,22.0,-26.284,10.266,27.908,-0.51,1.7,0.0
ATOM,229.0,CB,ARG,22.0,-24.003,8.797,25.931,-0.18,2.175,7.31
ATOM,230.0,CG,ARG,22.0,-23.971,7.997,27.22,-0.18,2.175,0.02
ATOM,231.0,CD,ARG,22.0,-23.623,6.541,26.976,0.2,2.175,6.87
ATOM,232.0,NE,ARG,22.0,-23.69,5.747,28.202,-0.7,1.85,0.0
ATOM,233.0,CZ,ARG,22.0,-22.733,4.919,28.615,0.64,2.0,0.0
ATOM,234.0,NH1,ARG,22.0,-21.622,4.768,27.902,-0.8,1.85,8.56
ATOM,235.0,NH2,ARG,22.0,-22.884,4.242,29.748,-0.8,1.85,1.72
ATOM,236.0,H,ARG,22.0,-24.561,10.229,23.767,0.31,0.2245,0.01
ATOM,237.0,HA,ARG,22.0,-26.02,9.124,25.723,0.09,1.32,5.24
ATOM,238.0,HB2,ARG,22.0,-24.041,8.159,25.17,0.09,1.32,7.13
ATOM,239.0,HB3,ARG,22.0,-23.175,9.344,25.884,0.09,1.32,2.4
ATOM,240.0,HG2,ARG,22.0,-23.284,8.383,27.835,0.09,1.32,0.0
ATOM,241.0,HG3,ARG,22.0,-24.869,8.033,27.656,0.09,1.32,0.0
ATOM,242.0,HD2,ARG,22.0,-24.269,6.173,26.312,0.09,1.32,5.72
ATOM,243.0,HD3,ARG,22.0,-22.697,6.5,26.609,0.09,1.32,2.32
ATOM,244.0,HE,ARG,22.0,-24.516,5.832,28.772,0.44,0.2245,0.0
ATOM,245.0,HH11,ARG,22.0,-21.478,5.284,27.062,0.46,0.2245,7.15
ATOM,246.0,HH12,ARG,22.0,-20.915,4.124,28.215,0.46,0.2245,8.87
ATOM,247.0,HH21,ARG,22.0,-23.713,4.375,30.297,0.46,0.2245,0.0
ATOM,248.0,HH22,ARG,22.0,-22.179,3.607,30.053,0.46,0.2245,8.07
ATOM,249.0,N,TYR,23.0,-24.477,11.479,27.384,-0.47,1.85,0.0
ATOM,250.0,CA,TYR,23.0,-24.532,12.253,28.627,0.07,2.275,0.0
ATOM,251.0,C,TYR,23.0,-25.108,13.65,28.449,0.51,2.0,0.0
ATOM,252.0,O,TYR,23.0,-24.64,14.429,27.618,-0.51,1.7,0.29
ATOM,253.0,CB,TYR,23.0,-23.131,12.342,29.257,-0.18,2.175,0.0
ATOM,254.0,CG,TYR,23.0,-22.454,10.995,29.369,0.0,1.9924,0.0
ATOM,255.0,CD1,TYR,23.0,-22.761,10.129,30.416,-0.115,1.9924,0.0
ATOM,256.0,CD2,TYR,23.0,-21.556,10.566,28.397,-0.115,1.9924,0.35
ATOM,257.0,CE1,TYR,23.0,-22.194,8.865,30.491,-0.115,1.9924,0.0
ATOM,258.0,CE2,TYR,23.0,-20.982,9.308,28.458,-0.115,1.9924,0.26
ATOM,259.0,CZ,TYR,23.0,-21.304,8.454,29.507,0.11,1.9924,0.0
ATOM,260.0,OH,TYR,23.0,-20.752,7.184,29.565,-0.54,1.77,0.44
ATOM,261.0,H,TYR,23.0,-23.766,11.627,26.649,0.31,0.2245,0.0
ATOM,262.0,HA,TYR,23.0,-25.123,11.749,29.283,0.09,1.32,0.0
ATOM,263.0,HB2,TYR,23.0,-22.573,12.929,28.686,0.09,1.32,0.0
ATOM,264.0,HB3,TYR,23.0,-23.226,12.722,30.168,0.09,1.32,0.0
ATOM,265.0,HD1,TYR,23.0,-23.402,10.423,31.128,0.115,1.3582,0.0
ATOM,266.0,HD2,TYR,23.0,-21.323,11.178,27.642,0.115,1.3582,0.48
ATOM,267.0,HE1,TYR,23.0,-22.424,8.252,31.247,0.115,1.3582,0.0
ATOM,268.0,HE2,TYR,23.0,-20.338,9.011,27.753,0.115,1.3582,1.9
ATOM,269.0,HH,TYR,23.0,-19.93,7.164,29.002,0.43,0.2245,0.0
ATOM,270.0,N,THR,24.0,-26.115,13.964,29.259,-0.47,1.85,0.0
ATOM,271.0,CA,THR,24.0,-26.783,15.252,29.186,0.07,2.275,0.41
ATOM,272.0,C,THR,24.0,-26.989,15.947,30.536,0.51,2.0,0.0
ATOM,273.0,O,THR,24.0,-26.372,15.596,31.538,-0.51,1.7,0.0
ATOM,274.0,CB,THR,24.0,-28.158,15.105,28.493,0.14,2.275,5.75
ATOM,275.0,OG1,THR,24.0,-28.991,14.233,29.257,-0.66,1.77,7.49
ATOM,276.0,CG2,THR,24.0,-27.991,14.529,27.098,-0.27,2.06,14.87
ATOM,277.0,H,THR,24.0,-26.376,13.218,29.936,0.31,0.2245,0.0
ATOM,278.0,HA,THR,24.0,-26.223,15.874,28.598,0.09,1.32,3.96
ATOM,279.0,HB,THR,24.0,-28.602,16.023,28.455,0.09,1.32,4.94
ATOM,280.0,HG21,THR,24.0,-27.483,13.665,27.144,0.09,1.32,0.0
ATOM,281.0,HG22,THR,24.0,-28.891,14.358,26.689,0.09,1.32,7.79
ATOM,282.0,HG23,THR,24.0,-27.486,15.175,26.52,0.09,1.32,4.29
ATOM,283.0,HG1,THR,24.0,-28.442,13.506,29.684,0.43,0.2245,0.0
ATOM,284.0,N,ASN,25.0,-27.855,16.955,30.534,-0.47,1.85,0.67
ATOM,285.0,CA,ASN,25.0,-28.174,17.715,31.733,0.07,2.275,2.18
ATOM,286.0,C,ASN,25.0,-26.941,18.028,32.58,0.51,2.0,0.0
ATOM,287.0,O,ASN,25.0,-26.93,17.782,33.783,-0.51,1.7,0.32
ATOM,288.0,CB,ASN,25.0,-29.199,16.936,32.561,-0.18,2.175,5.25
ATOM,289.0,CG,ASN,25.0,-30.075,17.842,33.402,0.55,2.0,2.52
ATOM,290.0,H,ASN,25.0,-28.284,17.152,29.601,0.31,0.2245,8.64
ATOM,291.0,HA,ASN,25.0,-28.556,18.604,31.433,0.09,1.32,4.24
ATOM,292.0,HB2,ASN,25.0,-29.779,16.42,31.938,0.09,1.32,5.3
ATOM,293.0,HB3,ASN,25.0,-28.707,16.316,33.166,0.09,1.32,0.0
ATOM,294.0,OD1,ASN,25.0,-30.771,17.379,34.308,-0.55,1.7,37.71
ATOM,295.0,ND2,ASN,25.0,-30.046,19.139,33.111,-0.62,1.85,21.23
ATOM,296.0,HD22,ASN,25.0,-29.466,19.465,32.361,0.3,0.2245,7.0
ATOM,297.0,HD21,ASN,25.0,-30.598,19.784,33.634,0.32,0.2245,21.31
ATOM,298.0,N,LEU,26.0,-25.911,18.585,31.955,-0.47,1.85,2.13
ATOM,299.0,CA,LEU,26.0,-24.683,18.914,32.665,0.07,2.275,0.0
ATOM,300.0,C,LEU,26.0,-24.91,19.828,33.867,0.51,2.0,0.81
ATOM,301.0,O,LEU,26.0,-26.041,20.229,34.164,-0.51,1.7,15.19
ATOM,302.0,CB,LEU,26.0,-23.663,19.549,31.714,-0.18,2.175,1.21
ATOM,303.0,CG,LEU,26.0,-23.27,18.714,30.492,-0.09,2.275,1.29
ATOM,304.0,CD1,LEU,26.0,-22.365,19.513,29.588,-0.27,2.06,1.07
ATOM,305.0,CD2,LEU,26.0,-22.57,17.465,30.934,-0.27,2.06,0.0
ATOM,306.0,H,LEU,26.0,-26.054,18.76,30.943,0.31,0.2245,5.27
ATOM,307.0,HA,LEU,26.0,-24.263,18.052,32.999,0.09,1.32,0.0
ATOM,308.0,HB2,LEU,26.0,-24.05,20.403,31.378,0.09,1.32,8.56
ATOM,309.0,HB3,LEU,26.0,-22.833,19.727,32.232,0.09,1.32,0.0
ATOM,310.0,HG,LEU,26.0,-24.1,18.457,29.999,0.09,1.32,2.14
ATOM,311.0,HD11,LEU,26.0,-21.534,19.776,30.083,0.09,1.32,0.0
ATOM,312.0,HD12,LEU,26.0,-22.11,18.964,28.789,0.09,1.32,0.0
ATOM,313.0,HD13,LEU,26.0,-22.837,20.341,29.278,0.09,1.32,3.12
ATOM,314.0,HD21,LEU,26.0,-23.175,16.919,31.522,0.09,1.32,0.0
ATOM,315.0,HD22,LEU,26.0,-22.31,16.913,30.136,0.09,1.32,0.0
ATOM,316.0,HD23,LEU,26.0,-21.74,17.697,31.451,0.09,1.32,0.0
ATOM,317.0,N,SER,27.0,-23.811,20.142,34.547,-0.47,1.85,0.52
ATOM,318.0,CA,SER,27.0,-23.809,20.976,35.742,0.07,2.275,2.4
ATOM,319.0,C,SER,27.0,-22.347,21.083,36.207,0.51,2.0,0.0
ATOM,320.0,O,SER,27.0,-21.688,20.077,36.473,-0.51,1.7,0.0
ATOM,321.0,CB,SER,27.0,-24.684,20.324,36.824,0.05,2.175,7.0
ATOM,322.0,OG,SER,27.0,-24.795,21.124,37.989,-0.66,1.77,29.89
ATOM,323.0,H,SER,27.0,-22.93,19.731,34.142,0.31,0.2245,0.0
ATOM,324.0,HA,SER,27.0,-24.112,21.885,35.494,0.09,1.32,7.49
ATOM,325.0,HB2,SER,27.0,-25.598,20.172,36.445,0.09,1.32,2.22
ATOM,326.0,HB3,SER,27.0,-24.278,19.443,37.072,0.09,1.32,0.0
ATOM,327.0,HG,SER,27.0,-23.888,21.441,38.263,0.43,0.2245,5.45
ATOM,328.0,N,TYR,28.0,-21.844,22.31,36.288,-0.47,1.85,0.28
ATOM,329.0,CA,TYR,28.0,-20.463,22.568,36.684,0.07,2.275,0.0
ATOM,330.0,C,TYR,28.0,-20.193,22.16,38.117,0.51,2.0,0.0
ATOM,331.0,O,TYR,28.0,-21.07,22.275,38.972,-0.51,1.7,14.85
ATOM,332.0,CB,TYR,28.0,-20.132,24.055,36.509,-0.18,2.175,1.08
ATOM,333.0,CG,TYR,28.0,-18.748,24.457,36.989,0.0,1.9924,0.0
ATOM,334.0,CD1,TYR,28.0,-17.628,24.313,36.167,-0.115,1.9924,0.0
ATOM,335.0,CD2,TYR,28.0,-18.565,25.013,38.253,-0.115,1.9924,0.28
ATOM,336.0,CE1,TYR,28.0,-16.361,24.718,36.59,-0.115,1.9924,1.42
ATOM,337.0,CE2,TYR,28.0,-17.306,25.422,38.687,-0.115,1.9924,0.63
ATOM,338.0,CZ,TYR,28.0,-16.21,25.273,37.849,0.11,1.9924,0.16
ATOM,339.0,OH,TYR,28.0,-14.969,25.697,38.264,-0.54,1.77,19.54
ATOM,340.0,H,TYR,28.0,-22.518,23.07,36.045,0.31,0.2245,9.99
ATOM,341.0,HA,TYR,28.0,-19.857,22.026,36.08,0.09,1.32,0.0
ATOM,342.0,HB2,TYR,28.0,-20.2,24.278,35.538,0.09,1.32,0.0
ATOM,343.0,HB3,TYR,28.0,-20.804,24.587,37.023,0.09,1.32,1.32
ATOM,344.0,HD1,TYR,28.0,-17.733,23.911,35.256,0.115,1.3582,0.0
ATOM,345.0,HD2,TYR,28.0,-19.35,25.122,38.86,0.115,1.3582,4.65
ATOM,346.0,HE1,TYR,28.0,-15.573,24.608,35.986,0.115,1.3582,0.0
ATOM,347.0,HE2,TYR,28.0,-17.194,25.819,39.596,0.115,1.3582,11.5
ATOM,348.0,HH,TYR,28.0,-14.319,25.592,37.514,0.43,0.2245,1.34
ATOM,349.0,N,ILE,29.0,-18.972,21.688,38.369,-0.47,1.85,0.0
ATOM,350.0,CA,ILE,29.0,-18.556,21.256,39.703,0.07,2.275,0.5
ATOM,351.0,C,ILE,29.0,-17.255,21.931,40.124,0.51,2.0,0.0
ATOM,352.0,O,ILE,29.0,-17.121,22.338,41.276,-0.51,1.7,24.84
ATOM,353.0,CB,ILE,29.0,-18.348,19.736,39.766,-0.09,2.275,0.0
ATOM,354.0,CG1,ILE,29.0,-19.705,19.031,39.804,-0.18,2.175,2.95
ATOM,355.0,CG2,ILE,29.0,-17.516,19.383,40.989,-0.27,2.06,21.16
ATOM,356.0,CD1,ILE,29.0,-19.637,17.584,40.211,-0.27,2.06,15.37
ATOM,357.0,H,ILE,29.0,-18.343,21.654,37.538,0.31,0.2245,0.0
ATOM,358.0,HA,ILE,29.0,-19.266,21.579,40.337,0.09,1.32,5.05
ATOM,359.0,HB,ILE,29.0,-17.879,19.454,38.939,0.09,1.32,0.0
ATOM,360.0,HG12,ILE,29.0,-20.297,19.525,40.443,0.09,1.32,7.72
ATOM,361.0,HG13,ILE,29.0,-20.112,19.092,38.89,0.09,1.32,0.0
ATOM,362.0,HG21,ILE,29.0,-17.363,18.396,41.016,0.09,1.32,3.13
ATOM,363.0,HG22,ILE,29.0,-16.636,19.854,40.942,0.09,1.32,1.91
ATOM,364.0,HG23,ILE,29.0,-18.0,19.666,41.816,0.09,1.32,8.73
ATOM,365.0,HD11,ILE,29.0,-19.244,17.512,41.128,0.09,1.32,5.81
ATOM,366.0,HD12,ILE,29.0,-20.558,17.192,40.213,0.09,1.32,1.1
ATOM,367.0,HD13,ILE,29.0,-19.064,17.08,39.564,0.09,1.32,0.0
ATOM,368.0,N,GLY,30.0,-16.301,22.046,39.2,-0.47,1.85,0.0
ATOM,369.0,CA,GLY,30.0,-15.029,22.679,39.519,-0.02,2.175,7.81
ATOM,370.0,C,GLY,30.0,-14.095,22.637,38.326,0.51,2.0,0.62
ATOM,371.0,O,GLY,30.0,-14.452,22.041,37.297,-0.51,1.7,0.0
ATOM,372.0,H,GLY,30.0,-16.538,21.66,38.273,0.31,0.2245,0.0
ATOM,373.0,HA2,GLY,30.0,-15.189,23.637,39.786,0.09,1.32,2.07
ATOM,374.0,HA3,GLY,30.0,-14.602,22.201,40.296,0.09,1.32,9.58
ATOM,375.0,N,GLU,31.0,-12.909,23.246,38.441,-0.47,1.85,3.92
ATOM,376.0,CA,GLU,31.0,-11.965,23.235,37.318,0.07,2.275,0.67
ATOM,377.0,C,GLU,31.0,-10.575,23.808,37.572,0.51,2.0,0.63
ATOM,378.0,O,GLU,31.0,-10.419,25.03,37.628,-0.51,1.7,20.82
ATOM,379.0,CB,GLU,31.0,-12.58,23.983,36.132,-0.18,2.175,0.0
ATOM,380.0,CG,GLU,31.0,-11.571,24.33,35.054,-0.28,2.175,1.8
ATOM,381.0,CD,GLU,31.0,-12.074,25.415,34.136,0.62,2.0,3.26
ATOM,382.0,OE1,GLU,31.0,-12.625,26.424,34.65,-0.76,1.7,31.03
ATOM,383.0,OE2,GLU,31.0,-11.921,25.247,32.899,-0.76,1.7,17.18
ATOM,384.0,H,GLU,31.0,-12.729,23.699,39.342,0.31,0.2245,11.85
ATOM,385.0,HA,GLU,31.0,-11.87,22.265,36.976,0.09,1.32,0.0
ATOM,386.0,HB2,GLU,31.0,-13.259,23.399,35.731,0.09,1.32,0.0
ATOM,387.0,HB3,GLU,31.0,-12.957,24.822,36.472,0.09,1.32,0.0
ATOM,388.0,HG2,GLU,31.0,-10.756,24.659,35.49,0.09,1.32,0.26
ATOM,389.0,HG3,GLU,31.0,-11.411,23.528,34.511,0.09,1.32,0.0
ATOM,390.0,N,GLY,32.0,-9.564,22.942,37.667,-0.47,1.85,4.42
ATOM,391.0,CA,GLY,32.0,-8.21,23.422,37.905,-0.02,2.175,19.43
ATOM,392.0,C,GLY,32.0,-7.151,22.935,36.923,0.51,2.0,1.37
ATOM,393.0,O,GLY,32.0,-6.396,22.007,37.258,-0.51,1.7,22.63
ATOM,394.0,H,GLY,32.0,-9.819,21.952,37.561,0.31,0.2245,4.36
ATOM,395.0,HA2,GLY,32.0,-8.215,24.45,37.903,0.09,1.32,6.06
ATOM,396.0,HA3,GLY,32.0,-7.925,23.158,38.857,0.09,1.32,12.19
ATOM,397.0,N,ALA,33.0,-7.078,23.574,35.743,-0.47,1.85,3.85
ATOM,398.0,CA,ALA,33.0,-6.133,23.24,34.647,0.07,2.275,8.92
ATOM,399.0,C,ALA,33.0,-6.837,22.335,33.633,0.51,2.0,1.7
ATOM,400.0,O,ALA,33.0,-8.029,22.542,33.329,-0.51,1.7,11.59
ATOM,401.0,CB,ALA,33.0,-4.865,22.534,35.19,-0.27,2.06,27.77
ATOM,402.0,H,ALA,33.0,-7.773,24.364,35.652,0.31,0.2245,7.39
ATOM,403.0,HA,ALA,33.0,-5.865,24.087,34.194,0.09,1.32,11.52
ATOM,404.0,HB1,ALA,33.0,-4.165,23.22,35.362,0.09,1.32,11.54
ATOM,405.0,HB2,ALA,33.0,-5.098,22.062,36.035,0.09,1.32,0.27
ATOM,406.0,HB3,ALA,33.0,-4.545,21.882,34.51,0.09,1.32,0.0
ATOM,407.0,N,TYR,34.0,-6.119,21.349,33.09,-0.47,1.85,3.39
ATOM,408.0,CA,TYR,34.0,-6.765,20.429,32.162,0.07,2.275,3.45
ATOM,409.0,C,TYR,34.0,-7.636,19.548,33.054,0.51,2.0,0.47
ATOM,410.0,O,TYR,34.0,-7.526,18.311,33.047,-0.51,1.7,1.12
ATOM,411.0,CB,TYR,34.0,-5.726,19.582,31.398,-0.18,2.175,0.34
ATOM,412.0,CG,TYR,34.0,-4.824,18.681,32.245,0.0,1.9924,0.0
ATOM,413.0,CD1,TYR,34.0,-3.826,19.214,33.059,-0.115,1.9924,1.11
ATOM,414.0,CD2,TYR,34.0,-4.933,17.292,32.171,-0.115,1.9924,0.0
ATOM,415.0,CE1,TYR,34.0,-2.959,18.389,33.769,-0.115,1.9924,7.51
ATOM,416.0,CE2,TYR,34.0,-4.072,16.454,32.877,-0.115,1.9924,6.43
ATOM,417.0,CZ,TYR,34.0,-3.081,17.007,33.673,0.11,1.9924,1.79
ATOM,418.0,OH,TYR,34.0,-2.189,16.179,34.356,-0.54,1.77,0.63
ATOM,419.0,H,TYR,34.0,-5.139,21.304,33.369,0.31,0.2245,0.32
ATOM,420.0,HA,TYR,34.0,-7.354,20.942,31.567,0.09,1.32,5.65
ATOM,421.0,HB2,TYR,34.0,-6.22,18.997,30.747,0.09,1.32,0.0
ATOM,422.0,HB3,TYR,34.0,-5.133,20.208,30.882,0.09,1.32,4.96
ATOM,423.0,HD1,TYR,34.0,-3.729,20.208,33.135,0.115,1.3582,2.56
ATOM,424.0,HD2,TYR,34.0,-5.647,16.887,31.599,0.115,1.3582,0.0
ATOM,425.0,HE1,TYR,34.0,-2.248,18.79,34.35,0.115,1.3582,9.38
ATOM,426.0,HE2,TYR,34.0,-4.169,15.463,32.809,0.115,1.3582,0.95
ATOM,427.0,HH,TYR,34.0,-1.782,15.545,33.706,0.43,0.2245,0.0
ATOM,428.0,N,GLY,35.0,-8.495,20.198,33.84,-0.47,1.85,0.46
ATOM,429.0,CA,GLY,35.0,-9.356,19.466,34.747,-0.02,2.175,0.61
ATOM,430.0,C,GLY,35.0,-10.598,20.208,35.181,0.51,2.0,0.0
ATOM,431.0,O,GLY,35.0,-10.598,20.879,36.214,-0.51,1.7,3.8
ATOM,432.0,H,GLY,35.0,-8.487,21.224,33.744,0.31,0.2245,0.0
ATOM,433.0,HA2,GLY,35.0,-9.631,18.581,34.306,0.09,1.32,0.0
ATOM,434.0,HA3,GLY,35.0,-8.817,19.2,35.578,0.09,1.32,6.52
ATOM,435.0,N,MET,36.0,-11.657,20.095,34.383,-0.47,1.85,0.08
ATOM,436.0,CA,MET,36.0,-12.94,20.725,34.686,0.07,2.275,0.0
ATOM,437.0,C,MET,36.0,-13.922,19.588,34.885,0.51,2.0,0.0
ATOM,438.0,O,MET,36.0,-14.067,18.742,34.007,-0.51,1.7,0.0
ATOM,439.0,CB,MET,36.0,-13.395,21.595,33.515,-0.18,2.175,3.28
ATOM,440.0,CG,MET,36.0,-14.871,21.97,33.531,-0.14,2.175,0.0
ATOM,441.0,SD,MET,36.0,-15.172,23.515,32.615,-0.09,2.0,0.67
ATOM,442.0,CE,MET,36.0,-15.16,22.904,30.902,-0.22,2.06,0.72
ATOM,443.0,H,MET,36.0,-11.493,19.521,33.527,0.31,0.2245,0.0
ATOM,444.0,HA,MET,36.0,-12.852,21.215,35.539,0.09,1.32,0.0
ATOM,445.0,HB2,MET,36.0,-12.851,22.449,33.51,0.09,1.32,0.0
ATOM,446.0,HB3,MET,36.0,-13.202,21.106,32.649,0.09,1.32,0.0
ATOM,447.0,HG2,MET,36.0,-15.409,21.208,33.126,0.09,1.32,0.0
ATOM,448.0,HG3,MET,36.0,-15.177,22.065,34.496,0.09,1.32,0.0
ATOM,449.0,HE1,MET,36.0,-14.932,23.659,30.293,0.09,1.32,0.0
ATOM,450.0,HE2,MET,36.0,-14.478,22.182,30.823,0.09,1.32,0.0
ATOM,451.0,HE3,MET,36.0,-16.064,22.547,30.681,0.09,1.32,0.0
ATOM,452.0,N,VAL,37.0,-14.597,19.565,36.029,-0.47,1.85,0.0
ATOM,453.0,CA,VAL,37.0,-15.546,18.496,36.317,0.07,2.275,0.0
ATOM,454.0,C,VAL,37.0,-16.988,18.982,36.336,0.51,2.0,0.0
ATOM,455.0,O,VAL,37.0,-17.294,20.044,36.872,-0.51,1.7,0.0
ATOM,456.0,CB,VAL,37.0,-15.217,17.815,37.676,-0.09,2.275,0.47
ATOM,457.0,CG1,VAL,37.0,-16.147,16.649,37.932,-0.27,2.06,2.66
ATOM,458.0,CG2,VAL,37.0,-13.793,17.335,37.669,-0.27,2.06,10.95
ATOM,459.0,H,VAL,37.0,-14.397,20.346,36.675,0.31,0.2245,0.0
ATOM,460.0,HA,VAL,37.0,-15.462,17.798,35.587,0.09,1.32,0.0
ATOM,461.0,HB,VAL,37.0,-15.38,18.489,38.39,0.09,1.32,0.11
ATOM,462.0,HG11,VAL,37.0,-17.087,16.98,38.026,0.09,1.32,0.0
ATOM,463.0,HG12,VAL,37.0,-16.1,16.004,37.167,0.09,1.32,0.0
ATOM,464.0,HG13,VAL,37.0,-15.878,16.18,38.775,0.09,1.32,9.48
ATOM,465.0,HG21,VAL,37.0,-13.335,17.618,38.515,0.09,1.32,11.63
ATOM,466.0,HG22,VAL,37.0,-13.772,16.334,37.603,0.09,1.32,1.94
ATOM,467.0,HG23,VAL,37.0,-13.306,17.727,36.884,0.09,1.32,0.0
ATOM,468.0,N,CYS,38.0,-17.863,18.188,35.733,-0.47,1.85,0.0
ATOM,469.0,CA,CYS,38.0,-19.283,18.484,35.667,0.07,2.275,0.0
ATOM,470.0,C,CYS,38.0,-20.024,17.183,35.909,0.51,2.0,0.0
ATOM,471.0,O,CYS,38.0,-19.526,16.109,35.575,-0.51,1.7,0.0
ATOM,472.0,CB,CYS,38.0,-19.674,18.992,34.278,-0.11,2.175,0.0
ATOM,473.0,SG,CYS,38.0,-18.901,20.507,33.757,-0.23,2.0,0.0
ATOM,474.0,H,CYS,38.0,-17.439,17.328,35.308,0.31,0.2245,0.0
ATOM,475.0,HA,CYS,38.0,-19.51,19.114,36.401,0.09,1.32,0.0
ATOM,476.0,HB2,CYS,38.0,-19.449,18.264,33.617,0.09,1.32,0.0
ATOM,477.0,HB3,CYS,38.0,-20.676,19.117,34.274,0.09,1.32,0.0
ATOM,478.0,HG,CYS,38.0,-17.972,20.325,33.419,0.16,0.45,0.0
ATOM,479.0,N,SER,39.0,-21.212,17.273,36.493,-0.47,1.85,0.0
ATOM,480.0,CA,SER,39.0,-22.013,16.079,36.72,0.07,2.275,0.0
ATOM,481.0,C,SER,39.0,-23.011,16.078,35.568,0.51,2.0,0.0
ATOM,482.0,O,SER,39.0,-23.555,17.122,35.218,-0.51,1.7,0.0
ATOM,483.0,CB,SER,39.0,-22.739,16.152,38.064,0.05,2.175,3.53
ATOM,484.0,OG,SER,39.0,-23.866,17.001,37.992,-0.66,1.77,5.44
ATOM,485.0,H,SER,39.0,-21.504,18.224,36.76,0.31,0.2245,0.0
ATOM,486.0,HA,SER,39.0,-21.435,15.292,36.622,0.09,1.32,0.0
ATOM,487.0,HB2,SER,39.0,-23.037,15.235,38.317,0.09,1.32,0.0
ATOM,488.0,HB3,SER,39.0,-22.107,16.506,38.749,0.09,1.32,0.0
ATOM,489.0,HG,SER,39.0,-23.591,17.893,37.634,0.43,0.2245,0.12
ATOM,490.0,N,ALA,40.0,-23.237,14.919,34.967,-0.47,1.85,0.0
ATOM,491.0,CA,ALA,40.0,-24.153,14.826,33.846,0.07,2.275,0.0
ATOM,492.0,C,ALA,40.0,-25.089,13.658,34.023,0.51,2.0,0.0
ATOM,493.0,O,ALA,40.0,-25.008,12.93,35.005,-0.51,1.7,0.0
ATOM,494.0,CB,ALA,40.0,-23.368,14.67,32.555,-0.27,2.06,0.0
ATOM,495.0,H,ALA,40.0,-22.718,14.112,35.357,0.31,0.2245,0.0
ATOM,496.0,HA,ALA,40.0,-24.695,15.675,33.799,0.09,1.32,0.0
ATOM,497.0,HB1,ALA,40.0,-22.782,13.862,32.614,0.09,1.32,0.0
ATOM,498.0,HB2,ALA,40.0,-24.001,14.565,31.788,0.09,1.32,0.0
ATOM,499.0,HB3,ALA,40.0,-22.801,15.48,32.407,0.09,1.32,0.0
ATOM,500.0,N,TYR,41.0,-25.978,13.479,33.058,-0.47,1.85,0.0
ATOM,501.0,CA,TYR,41.0,-26.935,12.386,33.092,0.07,2.275,0.0
ATOM,502.0,C,TYR,41.0,-26.593,11.314,32.046,0.51,2.0,0.0
ATOM,503.0,O,TYR,41.0,-26.594,11.582,30.841,-0.51,1.7,0.0
ATOM,504.0,CB,TYR,41.0,-28.352,12.925,32.849,-0.18,2.175,1.1
ATOM,505.0,CG,TYR,41.0,-29.417,11.851,32.853,0.0,1.9924,0.56
ATOM,506.0,CD1,TYR,41.0,-29.783,11.213,34.038,-0.115,1.9924,8.01
ATOM,507.0,CD2,TYR,41.0,-30.045,11.458,31.668,-0.115,1.9924,6.44
ATOM,508.0,CE1,TYR,41.0,-30.75,10.208,34.045,-0.115,1.9924,10.63
ATOM,509.0,CE2,TYR,41.0,-31.011,10.457,31.664,-0.115,1.9924,9.34
ATOM,510.0,CZ,TYR,41.0,-31.357,9.833,32.856,0.11,1.9924,1.85
ATOM,511.0,OH,TYR,41.0,-32.302,8.826,32.856,-0.54,1.77,15.35
ATOM,512.0,H,TYR,41.0,-25.932,14.177,32.287,0.31,0.2245,0.0
ATOM,513.0,HA,TYR,41.0,-26.895,11.951,34.0,0.09,1.32,0.0
ATOM,514.0,HB2,TYR,41.0,-28.563,13.579,33.569,0.09,1.32,0.44
ATOM,515.0,HB3,TYR,41.0,-28.365,13.374,31.961,0.09,1.32,0.0
ATOM,516.0,HD1,TYR,41.0,-29.347,11.477,34.898,0.115,1.3582,0.52
ATOM,517.0,HD2,TYR,41.0,-29.796,11.904,30.812,0.115,1.3582,0.0
ATOM,518.0,HE1,TYR,41.0,-31.003,9.763,34.904,0.115,1.3582,6.79
ATOM,519.0,HE2,TYR,41.0,-31.453,10.188,30.811,0.115,1.3582,2.6
ATOM,520.0,HH,TYR,41.0,-31.898,8.001,32.466,0.43,0.2245,0.0
ATOM,521.0,N,ASP,42.0,-26.295,10.107,32.523,-0.47,1.85,0.0
ATOM,522.0,CA,ASP,42.0,-25.961,8.991,31.647,0.07,2.275,0.0
ATOM,523.0,C,ASP,42.0,-27.257,8.383,31.144,0.51,2.0,0.0
ATOM,524.0,O,ASP,42.0,-27.905,7.593,31.844,-0.51,1.7,0.0
ATOM,525.0,CB,ASP,42.0,-25.151,7.928,32.395,-0.28,2.175,0.0
ATOM,526.0,CG,ASP,42.0,-24.964,6.65,31.582,0.62,2.0,0.0
ATOM,527.0,OD1,ASP,42.0,-25.579,6.516,30.507,-0.76,1.7,0.0
ATOM,528.0,OD2,ASP,42.0,-24.195,5.785,32.031,-0.76,1.7,2.04
ATOM,529.0,H,ASP,42.0,-26.321,10.033,33.561,0.31,0.2245,0.0
ATOM,530.0,HA,ASP,42.0,-25.484,9.367,30.856,0.09,1.32,0.0
ATOM,531.0,HB2,ASP,42.0,-24.257,8.307,32.597,0.09,1.32,0.0
ATOM,532.0,HB3,ASP,42.0,-25.634,7.703,33.231,0.09,1.32,0.0
ATOM,533.0,N,ASN,43.0,-27.625,8.746,29.92,-0.47,1.85,0.0
ATOM,534.0,CA,ASN,43.0,-28.86,8.264,29.325,0.07,2.275,0.0
ATOM,535.0,C,ASN,43.0,-28.933,6.759,29.219,0.51,2.0,0.22
ATOM,536.0,O,ASN,43.0,-30.02,6.173,29.223,-0.51,1.7,3.18
ATOM,537.0,CB,ASN,43.0,-29.047,8.888,27.945,-0.18,2.175,9.38
ATOM,538.0,CG,ASN,43.0,-29.781,10.195,28.013,0.55,2.0,2.15
ATOM,539.0,H,ASN,43.0,-26.967,9.389,29.439,0.31,0.2245,0.0
ATOM,540.0,HA,ASN,43.0,-29.619,8.559,29.936,0.09,1.32,0.0
ATOM,541.0,HB2,ASN,43.0,-28.147,9.042,27.547,0.09,1.32,0.0
ATOM,542.0,HB3,ASN,43.0,-29.568,8.252,27.383,0.09,1.32,8.62
ATOM,543.0,OD1,ASN,43.0,-30.813,10.3,28.669,-0.55,1.7,17.22
ATOM,544.0,ND2,ASN,43.0,-29.242,11.214,27.358,-0.62,1.85,10.93
ATOM,545.0,HD22,ASN,43.0,-28.39,11.085,26.847,0.3,0.2245,0.58
ATOM,546.0,HD21,ASN,43.0,-29.683,12.111,27.371,0.32,0.2245,5.49
ATOM,547.0,N,LEU,44.0,-27.771,6.132,29.136,-0.47,1.85,0.3
ATOM,548.0,CA,LEU,44.0,-27.734,4.691,29.019,0.07,2.275,1.94
ATOM,549.0,C,LEU,44.0,-28.111,3.976,30.318,0.51,2.0,0.0
ATOM,550.0,O,LEU,44.0,-28.893,3.024,30.297,-0.51,1.7,12.88
ATOM,551.0,CB,LEU,44.0,-26.352,4.243,28.545,-0.18,2.175,0.6
ATOM,552.0,CG,LEU,44.0,-26.217,2.747,28.257,-0.09,2.275,1.61
ATOM,553.0,CD1,LEU,44.0,-27.509,2.218,27.667,-0.27,2.06,30.51
ATOM,554.0,CD2,LEU,44.0,-25.063,2.519,27.306,-0.27,2.06,26.89
ATOM,555.0,H,LEU,44.0,-26.937,6.736,29.161,0.31,0.2245,0.0
ATOM,556.0,HA,LEU,44.0,-28.393,4.403,28.302,0.09,1.32,3.37
ATOM,557.0,HB2,LEU,44.0,-26.145,4.727,27.704,0.09,1.32,2.0
ATOM,558.0,HB3,LEU,44.0,-25.697,4.47,29.253,0.09,1.32,0.0
ATOM,559.0,HG,LEU,44.0,-26.018,2.27,29.11,0.09,1.32,0.39
ATOM,560.0,HD11,LEU,44.0,-27.712,2.7,26.813,0.09,1.32,9.3
ATOM,561.0,HD12,LEU,44.0,-27.418,1.239,27.479,0.09,1.32,10.5
ATOM,562.0,HD13,LEU,44.0,-28.259,2.362,28.314,0.09,1.32,0.25
ATOM,563.0,HD21,LEU,44.0,-24.213,2.856,27.717,0.09,1.32,0.0
ATOM,564.0,HD22,LEU,44.0,-24.97,1.54,27.114,0.09,1.32,10.52
ATOM,565.0,HD23,LEU,44.0,-25.229,3.008,26.447,0.09,1.32,6.99
ATOM,566.0,N,ASN,45.0,-27.566,4.438,31.442,-0.47,1.85,0.0
ATOM,567.0,CA,ASN,45.0,-27.835,3.818,32.737,0.07,2.275,2.27
ATOM,568.0,C,ASN,45.0,-28.785,4.635,33.601,0.51,2.0,0.1
ATOM,569.0,O,ASN,45.0,-29.013,4.308,34.767,-0.51,1.7,10.38
ATOM,570.0,CB,ASN,45.0,-26.527,3.609,33.5,-0.18,2.175,5.5
ATOM,571.0,CG,ASN,45.0,-25.535,2.783,32.729,0.55,2.0,2.2
ATOM,572.0,H,ASN,45.0,-26.946,5.261,31.319,0.31,0.2245,0.0
ATOM,573.0,HA,ASN,45.0,-28.291,2.931,32.552,0.09,1.32,5.8
ATOM,574.0,HB2,ASN,45.0,-26.128,4.504,33.686,0.09,1.32,0.0
ATOM,575.0,HB3,ASN,45.0,-26.737,3.145,34.358,0.09,1.32,7.23
ATOM,576.0,OD1,ASN,45.0,-25.91,1.871,31.992,-0.55,1.7,22.12
ATOM,577.0,ND2,ASN,45.0,-24.256,3.095,32.89,-0.62,1.85,13.49
ATOM,578.0,HD22,ASN,45.0,-23.995,3.842,33.504,0.3,0.2245,3.27
ATOM,579.0,HD21,ASN,45.0,-23.549,2.585,32.399,0.32,0.2245,11.72
ATOM,580.0,N,LYS,46.0,-29.319,5.708,33.046,-0.47,1.85,0.0
ATOM,581.0,CA,LYS,46.0,-30.261,6.517,33.785,0.07,2.275,0.0
ATOM,582.0,C,LYS,46.0,-29.746,6.914,35.148,0.51,2.0,0.0
ATOM,583.0,O,LYS,46.0,-30.431,6.769,36.157,-0.51,1.7,15.49
ATOM,584.0,CB,LYS,46.0,-31.577,5.769,33.965,-0.18,2.175,10.49
ATOM,585.0,CG,LYS,46.0,-32.601,6.057,32.9,-0.18,2.175,13.23
ATOM,586.0,CD,LYS,46.0,-32.043,5.76,31.53,-0.18,2.175,0.02
ATOM,587.0,CE,LYS,46.0,-32.975,4.846,30.776,0.21,2.175,18.34
ATOM,588.0,NZ,LYS,46.0,-33.478,5.491,29.533,-0.3,1.85,13.44
ATOM,589.0,H,LYS,46.0,-29.015,5.906,32.08,0.31,0.2245,0.0
ATOM,590.0,HA,LYS,46.0,-30.457,7.362,33.252,0.09,1.32,0.0
ATOM,591.0,HB2,LYS,46.0,-31.379,4.788,33.961,0.09,1.32,4.79
ATOM,592.0,HB3,LYS,46.0,-31.96,6.025,34.855,0.09,1.32,5.28
ATOM,593.0,HG2,LYS,46.0,-33.407,5.485,33.053,0.09,1.32,7.37
ATOM,594.0,HG3,LYS,46.0,-32.862,7.021,32.943,0.09,1.32,0.0
ATOM,595.0,HD2,LYS,46.0,-31.951,6.61,31.026,0.09,1.32,0.0
ATOM,596.0,HD3,LYS,46.0,-31.164,5.311,31.627,0.09,1.32,0.0
ATOM,597.0,HE2,LYS,46.0,-32.488,4.004,30.533,0.05,1.32,6.27
ATOM,598.0,HE3,LYS,46.0,-33.756,4.613,31.361,0.05,1.32,7.58
ATOM,599.0,HZ1,LYS,46.0,-34.395,5.148,29.329,0.33,0.2245,20.82
ATOM,600.0,HZ2,LYS,46.0,-33.512,6.481,29.664,0.33,0.2245,11.16
ATOM,601.0,HZ3,LYS,46.0,-32.863,5.275,28.775,0.33,0.2245,13.26
ATOM,602.0,N,VAL,47.0,-28.518,7.401,35.185,-0.47,1.85,0.0
ATOM,603.0,CA,VAL,47.0,-27.93,7.848,36.439,0.07,2.275,0.68
ATOM,604.0,C,VAL,47.0,-26.998,9.009,36.143,0.51,2.0,0.0
ATOM,605.0,O,VAL,47.0,-26.271,8.985,35.162,-0.51,1.7,0.0
ATOM,606.0,CB,VAL,47.0,-27.1,6.739,37.117,-0.09,2.275,3.01
ATOM,607.0,CG1,VAL,47.0,-27.995,5.557,37.491,-0.27,2.06,31.14
ATOM,608.0,CG2,VAL,47.0,-25.97,6.3,36.204,-0.27,2.06,5.4
ATOM,609.0,H,VAL,47.0,-28.027,7.436,34.275,0.31,0.2245,0.0
ATOM,610.0,HA,VAL,47.0,-28.663,8.18,37.029,0.09,1.32,4.42
ATOM,611.0,HB,VAL,47.0,-26.738,7.107,37.966,0.09,1.32,6.5
ATOM,612.0,HG11,VAL,47.0,-28.943,5.866,37.549,0.09,1.32,1.58
ATOM,613.0,HG12,VAL,47.0,-27.915,4.848,36.792,0.09,1.32,0.22
ATOM,614.0,HG13,VAL,47.0,-27.707,5.191,38.375,0.09,1.32,11.77
ATOM,615.0,HG21,VAL,47.0,-25.428,5.595,36.662,0.09,1.32,10.71
ATOM,616.0,HG22,VAL,47.0,-26.352,5.93,35.356,0.09,1.32,0.0
ATOM,617.0,HG23,VAL,47.0,-25.388,7.086,35.994,0.09,1.32,0.0
ATOM,618.0,N,ARG,48.0,-27.039,10.042,36.987,-0.47,1.85,0.0
ATOM,619.0,CA,ARG,48.0,-26.176,11.204,36.827,0.07,2.275,0.0
ATOM,620.0,C,ARG,48.0,-24.776,10.749,37.192,0.51,2.0,0.0
ATOM,621.0,O,ARG,48.0,-24.586,10.038,38.176,-0.51,1.7,3.99
ATOM,622.0,CB,ARG,48.0,-26.592,12.363,37.751,-0.18,2.175,0.48
ATOM,623.0,CG,ARG,48.0,-27.393,13.424,37.039,-0.18,2.175,2.11
ATOM,624.0,CD,ARG,48.0,-27.652,14.6,37.966,0.2,2.175,18.7
ATOM,625.0,NE,ARG,48.0,-26.807,15.771,37.705,-0.7,1.85,4.65
ATOM,626.0,CZ,ARG,48.0,-26.562,16.283,36.5,0.64,2.0,1.47
ATOM,627.0,NH1,ARG,48.0,-27.094,15.732,35.414,-0.8,1.85,0.0
ATOM,628.0,NH2,ARG,48.0,-25.78,17.351,36.382,-0.8,1.85,2.94
ATOM,629.0,H,ARG,48.0,-27.732,9.943,37.757,0.31,0.2245,10.16
ATOM,630.0,HA,ARG,48.0,-26.186,11.488,35.878,0.09,1.32,0.0
ATOM,631.0,HB2,ARG,48.0,-27.145,11.985,38.482,0.09,1.32,6.59
ATOM,632.0,HB3,ARG,48.0,-25.766,12.777,38.11,0.09,1.32,0.0
ATOM,633.0,HG2,ARG,48.0,-26.888,13.757,36.252,0.09,1.32,0.0
ATOM,634.0,HG3,ARG,48.0,-28.271,13.053,36.76,0.09,1.32,3.17
ATOM,635.0,HD2,ARG,48.0,-28.616,14.867,37.869,0.09,1.32,10.52
ATOM,636.0,HD3,ARG,48.0,-27.497,14.291,38.91,0.09,1.32,5.03
ATOM,637.0,HE,ARG,48.0,-26.379,16.223,38.501,0.44,0.2245,8.62
ATOM,638.0,HH11,ARG,48.0,-27.698,14.943,35.485,0.46,0.2245,0.33
ATOM,639.0,HH12,ARG,48.0,-26.885,16.117,34.509,0.46,0.2245,0.0
ATOM,640.0,HH21,ARG,48.0,-25.395,17.777,37.204,0.46,0.2245,0.56
ATOM,641.0,HH22,ARG,48.0,-25.578,17.728,35.481,0.46,0.2245,0.0
ATOM,642.0,N,VAL,49.0,-23.805,11.123,36.376,-0.47,1.85,0.0
ATOM,643.0,CA,VAL,49.0,-22.433,10.713,36.606,0.07,2.275,0.0
ATOM,644.0,C,VAL,49.0,-21.53,11.907,36.824,0.51,2.0,0.0
ATOM,645.0,O,VAL,49.0,-21.987,13.04,36.95,-0.51,1.7,0.0
ATOM,646.0,CB,VAL,49.0,-21.91,9.935,35.409,-0.09,2.275,0.0
ATOM,647.0,CG1,VAL,49.0,-22.648,8.627,35.281,-0.27,2.06,0.27
ATOM,648.0,CG2,VAL,49.0,-22.09,10.757,34.149,-0.27,2.06,0.0
ATOM,649.0,H,VAL,49.0,-24.103,11.718,35.581,0.31,0.2245,0.0
ATOM,650.0,HA,VAL,49.0,-22.41,10.146,37.442,0.09,1.32,0.0
ATOM,651.0,HB,VAL,49.0,-20.953,9.716,35.578,0.09,1.32,0.0
ATOM,652.0,HG11,VAL,49.0,-22.698,8.175,36.174,0.09,1.32,0.68
ATOM,653.0,HG12,VAL,49.0,-23.578,8.791,34.945,0.09,1.32,0.0
ATOM,654.0,HG13,VAL,49.0,-22.169,8.026,34.637,0.09,1.32,0.14
ATOM,655.0,HG21,VAL,49.0,-21.515,10.381,33.421,0.09,1.32,0.0
ATOM,656.0,HG22,VAL,49.0,-23.05,10.727,33.866,0.09,1.32,0.0
ATOM,657.0,HG23,VAL,49.0,-21.824,11.705,34.329,0.09,1.32,0.0
ATOM,658.0,N,ALA,50.0,-20.235,11.652,36.883,-0.47,1.85,0.0
ATOM,659.0,CA,ALA,50.0,-19.276,12.731,37.05,0.07,2.275,0.0
ATOM,660.0,C,ALA,50.0,-18.359,12.607,35.848,0.51,2.0,0.12
ATOM,661.0,O,ALA,50.0,-17.978,11.501,35.467,-0.51,1.7,0.65
ATOM,662.0,CB,ALA,50.0,-18.491,12.56,38.35,-0.27,2.06,11.57
ATOM,663.0,H,ALA,50.0,-19.974,10.656,36.803,0.31,0.2245,0.0
ATOM,664.0,HA,ALA,50.0,-19.746,13.593,37.006,0.09,1.32,0.0
ATOM,665.0,HB1,ALA,50.0,-18.929,13.091,39.074,0.09,1.32,0.69
ATOM,666.0,HB2,ALA,50.0,-18.478,11.594,38.604,0.09,1.32,0.0
ATOM,667.0,HB3,ALA,50.0,-17.556,12.884,38.217,0.09,1.32,4.84
ATOM,668.0,N,ILE,51.0,-18.029,13.74,35.242,-0.47,1.85,0.03
ATOM,669.0,CA,ILE,51.0,-17.166,13.744,34.08,0.07,2.275,0.69
ATOM,670.0,C,ILE,51.0,-16.066,14.788,34.234,0.51,2.0,0.21
ATOM,671.0,O,ILE,51.0,-16.31,15.885,34.716,-0.51,1.7,0.0
ATOM,672.0,CB,ILE,51.0,-17.991,14.023,32.801,-0.09,2.275,0.0
ATOM,673.0,CG1,ILE,51.0,-19.284,13.192,32.835,-0.18,2.175,0.0
ATOM,674.0,CG2,ILE,51.0,-17.152,13.736,31.57,-0.27,2.06,0.0
ATOM,675.0,CD1,ILE,51.0,-19.646,12.502,31.53,-0.27,2.06,0.0
ATOM,676.0,H,ILE,51.0,-18.434,14.596,35.665,0.31,0.2245,0.0
ATOM,677.0,HA,ILE,51.0,-16.708,12.85,34.059,0.09,1.32,0.0
ATOM,678.0,HB,ILE,51.0,-18.241,14.979,32.803,0.09,1.32,0.0
ATOM,679.0,HG12,ILE,51.0,-19.192,12.497,33.553,0.09,1.32,0.0
ATOM,680.0,HG13,ILE,51.0,-20.039,13.803,33.093,0.09,1.32,0.0
ATOM,681.0,HG21,ILE,51.0,-17.677,13.951,30.748,0.09,1.32,0.0
ATOM,682.0,HG22,ILE,51.0,-16.324,14.296,31.589,0.09,1.32,0.0
ATOM,683.0,HG23,ILE,51.0,-16.897,12.77,31.555,0.09,1.32,0.0
ATOM,684.0,HD11,ILE,51.0,-18.911,11.877,31.275,0.09,1.32,0.0
ATOM,685.0,HD12,ILE,51.0,-20.495,11.992,31.653,0.09,1.32,0.0
ATOM,686.0,HD13,ILE,51.0,-19.767,13.19,30.818,0.09,1.32,0.0
ATOM,687.0,N,LYS,52.0,-14.852,14.433,33.844,-0.47,1.85,0.32
ATOM,688.0,CA,LYS,52.0,-13.731,15.347,33.931,0.07,2.275,0.0
ATOM,689.0,C,LYS,52.0,-13.083,15.551,32.568,0.51,2.0,0.0
ATOM,690.0,O,LYS,52.0,-12.686,14.6,31.903,-0.51,1.7,0.0
ATOM,691.0,CB,LYS,52.0,-12.684,14.828,34.918,-0.18,2.175,8.0
ATOM,692.0,CG,LYS,52.0,-11.346,15.566,34.848,-0.18,2.175,0.0
ATOM,693.0,CD,LYS,52.0,-10.752,15.758,36.224,-0.18,2.175,2.12
ATOM,694.0,CE,LYS,52.0,-9.369,15.148,36.307,0.21,2.175,10.25
ATOM,695.0,NZ,LYS,52.0,-9.154,14.441,37.602,-0.3,1.85,14.22
ATOM,696.0,H,LYS,52.0,-14.777,13.462,33.478,0.31,0.2245,0.0
ATOM,697.0,HA,LYS,52.0,-14.058,16.24,34.267,0.09,1.32,0.0
ATOM,698.0,HB2,LYS,52.0,-13.045,14.929,35.841,0.09,1.32,1.05
ATOM,699.0,HB3,LYS,52.0,-12.518,13.865,34.721,0.09,1.32,1.13
ATOM,700.0,HG2,LYS,52.0,-10.714,15.031,34.288,0.09,1.32,0.0
ATOM,701.0,HG3,LYS,52.0,-11.494,16.459,34.425,0.09,1.32,0.0
ATOM,702.0,HD2,LYS,52.0,-10.682,16.732,36.414,0.09,1.32,0.9
ATOM,703.0,HD3,LYS,52.0,-11.336,15.314,36.895,0.09,1.32,1.54
ATOM,704.0,HE2,LYS,52.0,-9.252,14.494,35.555,0.05,1.32,0.97
ATOM,705.0,HE3,LYS,52.0,-8.683,15.875,36.214,0.05,1.32,4.86
ATOM,706.0,HZ1,LYS,52.0,-9.025,15.115,38.329,0.33,0.2245,19.33
ATOM,707.0,HZ2,LYS,52.0,-9.952,13.875,37.806,0.33,0.2245,16.31
ATOM,708.0,HZ3,LYS,52.0,-8.342,13.863,37.532,0.33,0.2245,12.45
ATOM,709.0,N,LYS,53.0,-12.983,16.809,32.157,-0.47,1.85,0.0
ATOM,710.0,CA,LYS,53.0,-12.373,17.156,30.879,0.07,2.275,0.0
ATOM,711.0,C,LYS,53.0,-10.91,17.496,31.115,0.51,2.0,0.0
ATOM,712.0,O,LYS,53.0,-10.593,18.322,31.978,-0.51,1.7,0.82
ATOM,713.0,CB,LYS,53.0,-13.089,18.359,30.273,-0.18,2.175,0.0
ATOM,714.0,CG,LYS,53.0,-12.394,18.945,29.06,-0.18,2.175,0.71
ATOM,715.0,CD,LYS,53.0,-13.237,20.032,28.432,-0.18,2.175,0.17
ATOM,716.0,CE,LYS,53.0,-12.812,20.275,27.001,0.21,2.175,0.0
ATOM,717.0,NZ,LYS,53.0,-12.08,21.561,26.871,-0.3,1.85,3.24
ATOM,718.0,H,LYS,53.0,-13.371,17.515,32.815,0.31,0.2245,0.0
ATOM,719.0,HA,LYS,53.0,-12.428,16.369,30.267,0.09,1.32,0.0
ATOM,720.0,HB2,LYS,53.0,-14.007,18.073,30.002,0.09,1.32,0.0
ATOM,721.0,HB3,LYS,53.0,-13.154,19.069,30.974,0.09,1.32,0.0
ATOM,722.0,HG2,LYS,53.0,-11.518,19.334,29.342,0.09,1.32,2.37
ATOM,723.0,HG3,LYS,53.0,-12.241,18.222,28.389,0.09,1.32,0.0
ATOM,724.0,HD2,LYS,53.0,-14.188,19.748,28.438,0.09,1.32,0.0
ATOM,725.0,HD3,LYS,53.0,-13.119,20.873,28.947,0.09,1.32,0.57
ATOM,726.0,HE2,LYS,53.0,-12.217,19.526,26.704,0.05,1.32,0.0
ATOM,727.0,HE3,LYS,53.0,-13.625,20.299,26.416,0.05,1.32,0.0
ATOM,728.0,HZ1,LYS,53.0,-12.086,22.038,27.75,0.33,0.2245,3.95
ATOM,729.0,HZ2,LYS,53.0,-11.136,21.38,26.596,0.33,0.2245,4.14
ATOM,730.0,HZ3,LYS,53.0,-12.526,22.13,26.18,0.33,0.2245,1.26
ATOM,731.0,N,ILE,54.0,-10.027,16.861,30.345,-0.47,1.85,0.0
ATOM,732.0,CA,ILE,54.0,-8.584,17.076,30.463,0.07,2.275,0.0
ATOM,733.0,C,ILE,54.0,-7.918,17.237,29.09,0.51,2.0,0.0
ATOM,734.0,O,ILE,54.0,-8.289,16.567,28.126,-0.51,1.7,0.0
ATOM,735.0,CB,ILE,54.0,-7.899,15.894,31.194,-0.09,2.275,0.0
ATOM,736.0,CG1,ILE,54.0,-8.085,14.617,30.39,-0.18,2.175,0.0
ATOM,737.0,CG2,ILE,54.0,-8.51,15.695,32.575,-0.27,2.06,0.67
ATOM,738.0,CD1,ILE,54.0,-6.818,13.813,30.224,-0.27,2.06,0.0
ATOM,739.0,H,ILE,54.0,-10.449,16.202,29.656,0.31,0.2245,0.0
ATOM,740.0,HA,ILE,54.0,-8.467,17.954,30.94,0.09,1.32,0.0
ATOM,741.0,HB,ILE,54.0,-6.93,16.095,31.246,0.09,1.32,0.0
ATOM,742.0,HG12,ILE,54.0,-8.771,14.05,30.845,0.09,1.32,0.0
ATOM,743.0,HG13,ILE,54.0,-8.429,14.863,29.483,0.09,1.32,0.0
ATOM,744.0,HG21,ILE,54.0,-8.053,14.935,33.035,0.09,1.32,3.46
ATOM,745.0,HG22,ILE,54.0,-8.394,16.528,33.113,0.09,1.32,0.0
ATOM,746.0,HG23,ILE,54.0,-9.483,15.491,32.482,0.09,1.32,0.0
ATOM,747.0,HD11,ILE,54.0,-6.47,13.55,31.123,0.09,1.32,1.25
ATOM,748.0,HD12,ILE,54.0,-7.013,12.992,29.688,0.09,1.32,0.0
ATOM,749.0,HD13,ILE,54.0,-6.133,14.365,29.75,0.09,1.32,0.0
ATOM,750.0,N,SER,55.0,-6.934,18.127,29.009,-0.47,1.85,0.0
ATOM,751.0,CA,SER,55.0,-6.203,18.367,27.769,0.07,2.275,0.0
ATOM,752.0,C,SER,55.0,-4.723,18.452,28.116,0.51,2.0,0.0
ATOM,753.0,O,SER,55.0,-4.143,19.531,28.169,-0.51,1.7,10.72
ATOM,754.0,CB,SER,55.0,-6.667,19.674,27.131,0.05,2.175,18.3
ATOM,755.0,OG,SER,55.0,-7.989,19.98,27.54,-0.66,1.77,8.01
ATOM,756.0,H,SER,55.0,-6.732,18.633,29.897,0.31,0.2245,0.0
ATOM,757.0,HA,SER,55.0,-6.335,17.583,27.172,0.09,1.32,0.0
ATOM,758.0,HB2,SER,55.0,-6.061,20.406,27.419,0.09,1.32,5.31
ATOM,759.0,HB3,SER,55.0,-6.649,19.574,26.143,0.09,1.32,2.15
ATOM,760.0,HG,SER,55.0,-8.619,19.813,26.783,0.43,0.2245,0.0
ATOM,761.0,N,PRO,56.0,-4.089,17.297,28.36,-0.29,1.85,0.0
ATOM,762.0,CA,PRO,56.0,-2.667,17.204,28.715,0.02,2.275,0.0
ATOM,763.0,C,PRO,56.0,-1.676,16.913,27.58,0.51,2.0,0.0
ATOM,764.0,O,PRO,56.0,-0.535,16.546,27.855,-0.51,1.7,0.0
ATOM,765.0,CB,PRO,56.0,-2.652,16.062,29.715,-0.18,2.175,0.0
ATOM,766.0,CG,PRO,56.0,-3.77,15.133,29.199,-0.18,2.175,0.0
ATOM,767.0,CD,PRO,56.0,-4.728,15.969,28.366,0.0,2.175,0.0
ATOM,768.0,HA,PRO,56.0,-2.375,18.056,29.224,0.09,1.32,0.0
ATOM,769.0,HB2,PRO,56.0,-1.786,15.576,29.708,0.09,1.32,0.0
ATOM,770.0,HB3,PRO,56.0,-2.872,16.371,30.632,0.09,1.32,0.0
ATOM,771.0,HG2,PRO,56.0,-3.362,14.393,28.648,0.09,1.32,0.0
ATOM,772.0,HG3,PRO,56.0,-4.244,14.714,29.984,0.09,1.32,0.0
ATOM,773.0,HD2,PRO,56.0,-4.806,15.61,27.44,0.09,1.32,0.0
ATOM,774.0,HD3,PRO,56.0,-5.63,16.012,28.79,0.09,1.32,0.0
ATOM,775.0,N,PHE,57.0,-2.083,17.063,26.328,-0.47,1.85,0.0
ATOM,776.0,CA,PHE,57.0,-1.181,16.725,25.242,0.07,2.275,0.0
ATOM,777.0,C,PHE,57.0,-0.08,17.701,24.927,0.51,2.0,0.0
ATOM,778.0,O,PHE,57.0,0.87,17.364,24.225,-0.51,1.7,5.08
ATOM,779.0,CB,PHE,57.0,-1.991,16.419,23.985,-0.18,2.175,5.96
ATOM,780.0,CG,PHE,57.0,-2.983,15.334,24.182,0.0,1.9924,0.0
ATOM,781.0,CD1,PHE,57.0,-2.59,14.131,24.738,-0.115,1.9924,0.0
ATOM,782.0,CD2,PHE,57.0,-4.32,15.534,23.873,-0.115,1.9924,0.2
ATOM,783.0,CE1,PHE,57.0,-3.51,13.135,24.998,-0.115,1.9924,0.0
ATOM,784.0,CE2,PHE,57.0,-5.255,14.545,24.128,-0.115,1.9924,0.0
ATOM,785.0,CZ,PHE,57.0,-4.851,13.341,24.695,-0.115,1.9924,0.0
ATOM,786.0,H,PHE,57.0,-3.035,17.418,26.205,0.31,0.2245,1.03
ATOM,787.0,HA,PHE,57.0,-0.725,15.837,25.508,0.09,1.32,0.0
ATOM,788.0,HB2,PHE,57.0,-2.473,17.243,23.732,0.09,1.32,5.47
ATOM,789.0,HB3,PHE,57.0,-1.356,16.14,23.281,0.09,1.32,1.49
ATOM,790.0,HD1,PHE,57.0,-1.627,13.977,24.957,0.115,1.3582,0.0
ATOM,791.0,HD2,PHE,57.0,-4.61,16.398,23.464,0.115,1.3582,1.06
ATOM,792.0,HE1,PHE,57.0,-3.209,12.265,25.403,0.115,1.3582,0.0
ATOM,793.0,HE2,PHE,57.0,-6.229,14.7,23.9,0.115,1.3582,0.0
ATOM,794.0,HZ,PHE,57.0,-5.52,12.625,24.886,0.115,1.3582,0.0
ATOM,795.0,N,GLU,58.0,-0.209,18.909,25.448,-0.47,1.85,0.0
ATOM,796.0,CA,GLU,58.0,0.796,19.933,25.22,0.07,2.275,0.0
ATOM,797.0,C,GLU,58.0,1.981,19.755,26.181,0.51,2.0,0.0
ATOM,798.0,O,GLU,58.0,3.086,20.252,25.933,-0.51,1.7,2.81
ATOM,799.0,CB,GLU,58.0,0.178,21.317,25.415,-0.18,2.175,2.82
ATOM,800.0,CG,GLU,58.0,-0.545,21.847,24.179,-0.28,2.175,21.68
ATOM,801.0,CD,GLU,58.0,0.19,21.523,22.874,0.62,2.0,3.17
ATOM,802.0,OE1,GLU,58.0,-0.05,20.438,22.307,-0.76,1.7,27.59
ATOM,803.0,OE2,GLU,58.0,1.0,22.36,22.432,-0.76,1.7,40.49
ATOM,804.0,H,GLU,58.0,-1.063,19.057,26.015,0.31,0.2245,0.35
ATOM,805.0,HA,GLU,58.0,1.131,19.882,24.273,0.09,1.32,0.0
ATOM,806.0,HB2,GLU,58.0,-0.483,21.253,26.139,0.09,1.32,2.14
ATOM,807.0,HB3,GLU,58.0,0.903,21.945,25.625,0.09,1.32,1.59
ATOM,808.0,HG2,GLU,58.0,-1.427,21.421,24.131,0.09,1.32,8.14
ATOM,809.0,HG3,GLU,58.0,-0.601,22.824,24.247,0.09,1.32,10.23
ATOM,810.0,N,HIS,59.0,1.755,19.015,27.259,-0.47,1.85,0.0
ATOM,811.0,CA,HIS,59.0,2.792,18.812,28.25,0.07,2.275,0.22
ATOM,812.0,C,HIS,59.0,3.062,17.37,28.64,0.51,2.0,0.0
ATOM,813.0,O,HIS,59.0,2.194,16.676,29.166,-0.51,1.7,0.0
ATOM,814.0,CB,HIS,59.0,2.449,19.644,29.471,-0.09,2.175,0.67
ATOM,815.0,CG,HIS,59.0,2.123,21.06,29.139,-0.05,1.8,0.0
ATOM,816.0,H,HIS,59.0,0.805,18.612,27.324,0.31,0.2245,0.0
ATOM,817.0,HA,HIS,59.0,3.667,19.208,27.883,0.09,1.32,0.94
ATOM,818.0,HB2,HIS,59.0,1.656,19.238,29.937,0.09,1.32,0.0
ATOM,819.0,HB3,HIS,59.0,3.23,19.64,30.104,0.09,1.32,2.75
ATOM,820.0,ND1,HIS,59.0,3.007,21.888,28.48,-0.36,1.85,4.24
ATOM,821.0,CD2,HIS,59.0,1.005,21.796,29.348,0.22,1.8,3.56
ATOM,822.0,CE1,HIS,59.0,2.452,23.072,28.301,0.25,1.8,19.75
ATOM,823.0,NE2,HIS,59.0,1.235,23.041,28.819,-0.7,1.85,23.59
ATOM,824.0,HD1,HIS,59.0,3.927,21.627,28.184,0.32,0.2245,13.15
ATOM,825.0,HD2,HIS,59.0,0.172,21.491,29.802,0.1,1.468,3.4
ATOM,826.0,HE1,HIS,59.0,2.874,23.855,27.855,0.13,0.9,17.81
ATOM,827.0,N,GLN,60.0,4.291,16.944,28.374,-0.47,1.85,0.32
ATOM,828.0,CA,GLN,60.0,4.743,15.594,28.655,0.07,2.275,0.0
ATOM,829.0,C,GLN,60.0,4.435,15.113,30.076,0.51,2.0,0.0
ATOM,830.0,O,GLN,60.0,4.064,13.952,30.276,-0.51,1.7,0.0
ATOM,831.0,CB,GLN,60.0,6.251,15.507,28.389,-0.18,2.175,11.37
ATOM,832.0,CG,GLN,60.0,6.803,14.085,28.291,-0.18,2.175,2.88
ATOM,833.0,CD,GLN,60.0,7.283,13.543,29.632,0.55,2.0,2.07
ATOM,834.0,H,GLN,60.0,4.91,17.674,27.94,0.31,0.2245,5.93
ATOM,835.0,HA,GLN,60.0,4.268,14.962,28.012,0.09,1.32,0.0
ATOM,836.0,HB2,GLN,60.0,6.453,15.977,27.525,0.09,1.32,3.32
ATOM,837.0,HB3,GLN,60.0,6.736,15.976,29.133,0.09,1.32,5.51
ATOM,838.0,HG2,GLN,60.0,6.082,13.486,27.947,0.09,1.32,0.0
ATOM,839.0,HG3,GLN,60.0,7.573,14.085,27.654,0.09,1.32,3.22
ATOM,840.0,OE1,GLN,60.0,6.997,14.116,30.686,-0.55,1.7,5.72
ATOM,841.0,NE2,GLN,60.0,8.017,12.431,29.597,-0.62,1.85,6.84
ATOM,842.0,HE21,GLN,60.0,8.381,12.023,30.449,0.32,0.2245,0.0
ATOM,843.0,HE22,GLN,60.0,8.204,11.998,28.694,0.3,0.2245,0.14
ATOM,844.0,N,THR,61.0,4.589,15.997,31.058,-0.47,1.85,0.0
ATOM,845.0,CA,THR,61.0,4.346,15.628,32.454,0.07,2.275,0.02
ATOM,846.0,C,THR,61.0,2.905,15.216,32.693,0.51,2.0,0.17
ATOM,847.0,O,THR,61.0,2.623,14.139,33.227,-0.51,1.7,3.6
ATOM,848.0,CB,THR,61.0,4.652,16.798,33.418,0.14,2.275,1.33
ATOM,849.0,OG1,THR,61.0,4.598,18.034,32.697,-0.66,1.77,8.88
ATOM,850.0,CG2,THR,61.0,6.029,16.63,34.049,-0.27,2.06,36.95
ATOM,851.0,H,THR,61.0,4.887,16.94,30.759,0.31,0.2245,2.0
ATOM,852.0,HA,THR,61.0,4.945,14.846,32.683,0.09,1.32,0.0
ATOM,853.0,HB,THR,61.0,3.936,16.818,34.143,0.09,1.32,4.96
ATOM,854.0,HG21,THR,61.0,6.506,17.511,34.061,0.09,1.32,10.45
ATOM,855.0,HG22,THR,61.0,5.933,16.295,34.988,0.09,1.32,11.78
ATOM,856.0,HG23,THR,61.0,6.567,15.972,33.518,0.09,1.32,1.94
ATOM,857.0,HG1,THR,61.0,3.843,18.019,32.032,0.43,0.2245,0.0
ATOM,858.0,N,TYR,62.0,2.003,16.097,32.292,-0.47,1.85,0.0
ATOM,859.0,CA,TYR,62.0,0.574,15.906,32.444,0.07,2.275,0.0
ATOM,860.0,C,TYR,62.0,0.139,14.677,31.661,0.51,2.0,0.0
ATOM,861.0,O,TYR,62.0,-0.874,14.065,31.961,-0.51,1.7,0.0
ATOM,862.0,CB,TYR,62.0,-0.137,17.177,31.971,-0.18,2.175,0.0
ATOM,863.0,CG,TYR,62.0,0.59,18.46,32.393,0.0,1.9924,0.0
ATOM,864.0,CD1,TYR,62.0,1.734,18.415,33.212,-0.115,1.9924,5.14
ATOM,865.0,CD2,TYR,62.0,0.15,19.711,31.969,-0.115,1.9924,0.25
ATOM,866.0,CE1,TYR,62.0,2.415,19.571,33.587,-0.115,1.9924,10.18
ATOM,867.0,CE2,TYR,62.0,0.832,20.881,32.346,-0.115,1.9924,8.93
ATOM,868.0,CZ,TYR,62.0,1.963,20.801,33.148,0.11,1.9924,2.14
ATOM,869.0,OH,TYR,62.0,2.651,21.945,33.497,-0.54,1.77,31.31
ATOM,870.0,H,TYR,62.0,2.417,16.959,31.848,0.31,0.2245,0.0
ATOM,871.0,HA,TYR,62.0,0.374,15.745,33.413,0.09,1.32,0.27
ATOM,872.0,HB2,TYR,62.0,-0.182,17.166,30.982,0.09,1.32,0.0
ATOM,873.0,HB3,TYR,62.0,-1.044,17.2,32.368,0.09,1.32,0.0
ATOM,874.0,HD1,TYR,62.0,2.066,17.524,33.534,0.115,1.3582,0.64
ATOM,875.0,HD2,TYR,62.0,-0.655,19.785,31.391,0.115,1.3582,1.15
ATOM,876.0,HE1,TYR,62.0,3.226,19.507,34.169,0.115,1.3582,8.26
ATOM,877.0,HE2,TYR,62.0,0.497,21.77,32.034,0.115,1.3582,8.08
ATOM,878.0,HH,TYR,62.0,2.826,22.483,32.675,0.43,0.2245,15.08
ATOM,879.0,N,CYS,63.0,0.928,14.304,30.661,-0.47,1.85,0.0
ATOM,880.0,CA,CYS,63.0,0.632,13.124,29.859,0.07,2.275,0.0
ATOM,881.0,C,CYS,63.0,0.998,11.88,30.66,0.51,2.0,0.0
ATOM,882.0,O,CYS,63.0,0.397,10.822,30.497,-0.51,1.7,0.0
ATOM,883.0,CB,CYS,63.0,1.436,13.142,28.557,-0.11,2.175,0.0
ATOM,884.0,SG,CYS,63.0,0.746,14.215,27.314,-0.23,2.0,0.0
ATOM,885.0,H,CYS,63.0,1.754,14.912,30.504,0.31,0.2245,0.0
ATOM,886.0,HA,CYS,63.0,-0.35,13.101,29.68,0.09,1.32,0.0
ATOM,887.0,HB2,CYS,63.0,2.359,13.448,28.774,0.09,1.32,0.0
ATOM,888.0,HB3,CYS,63.0,1.461,12.21,28.203,0.09,1.32,0.0
ATOM,889.0,HG,CYS,63.0,0.295,15.001,27.747,0.16,0.45,0.0
ATOM,890.0,N,GLN,64.0,1.989,12.024,31.531,-0.47,1.85,0.0
ATOM,891.0,CA,GLN,64.0,2.45,10.931,32.372,0.07,2.275,0.1
ATOM,892.0,C,GLN,64.0,1.447,10.578,33.461,0.51,2.0,0.0
ATOM,893.0,O,GLN,64.0,1.174,9.406,33.706,-0.51,1.7,0.56
ATOM,894.0,CB,GLN,64.0,3.781,11.299,33.021,-0.18,2.175,1.28
ATOM,895.0,CG,GLN,64.0,5.001,10.889,32.223,-0.18,2.175,0.0
ATOM,896.0,CD,GLN,64.0,6.245,11.611,32.677,0.55,2.0,0.0
ATOM,897.0,H,GLN,64.0,2.404,12.982,31.559,0.31,0.2245,0.0
ATOM,898.0,HA,GLN,64.0,2.568,10.114,31.786,0.09,1.32,0.0
ATOM,899.0,HB2,GLN,64.0,3.811,12.295,33.15,0.09,1.32,0.0
ATOM,900.0,HB3,GLN,64.0,3.833,10.856,33.922,0.09,1.32,0.0
ATOM,901.0,HG2,GLN,64.0,5.142,9.906,32.334,0.09,1.32,0.0
ATOM,902.0,HG3,GLN,64.0,4.841,11.099,31.26,0.09,1.32,0.0
ATOM,903.0,OE1,GLN,64.0,6.278,12.19,33.763,-0.55,1.7,8.62
ATOM,904.0,NE2,GLN,64.0,7.282,11.585,31.847,-0.62,1.85,0.0
ATOM,905.0,HE21,GLN,64.0,8.152,12.062,32.078,0.32,0.2245,2.02
ATOM,906.0,HE22,GLN,64.0,7.195,11.076,30.968,0.3,0.2245,0.0
ATOM,907.0,N,ARG,65.0,0.911,11.592,34.125,-0.47,1.85,0.11
ATOM,908.0,CA,ARG,65.0,-0.045,11.365,35.191,0.07,2.275,0.0
ATOM,909.0,C,ARG,65.0,-1.378,10.876,34.625,0.51,2.0,0.0
ATOM,910.0,O,ARG,65.0,-2.076,10.087,35.256,-0.51,1.7,0.0
ATOM,911.0,CB,ARG,65.0,-0.207,12.652,36.015,-0.18,2.175,5.3
ATOM,912.0,CG,ARG,65.0,-1.609,13.212,36.118,-0.18,2.175,3.64
ATOM,913.0,CD,ARG,65.0,-1.617,14.553,36.861,0.2,2.175,8.82
ATOM,914.0,NE,ARG,65.0,-2.059,14.421,38.252,-0.7,1.85,4.63
ATOM,915.0,CZ,ARG,65.0,-1.297,14.677,39.312,0.64,2.0,1.89
ATOM,916.0,NH1,ARG,65.0,-0.044,15.084,39.151,-0.8,1.85,17.6
ATOM,917.0,NH2,ARG,65.0,-1.786,14.525,40.537,-0.8,1.85,14.05
ATOM,918.0,H,ARG,65.0,1.227,12.531,33.823,0.31,0.2245,0.0
ATOM,919.0,HA,ARG,65.0,0.314,10.659,35.812,0.09,1.32,0.0
ATOM,920.0,HB2,ARG,65.0,0.124,12.463,36.946,0.09,1.32,0.25
ATOM,921.0,HB3,ARG,65.0,0.382,13.356,35.603,0.09,1.32,0.82
ATOM,922.0,HG2,ARG,65.0,-1.98,13.367,35.208,0.09,1.32,0.0
ATOM,923.0,HG3,ARG,65.0,-2.189,12.582,36.625,0.09,1.32,0.0
ATOM,924.0,HD2,ARG,65.0,-0.69,14.918,36.842,0.09,1.32,1.12
ATOM,925.0,HD3,ARG,65.0,-2.235,15.166,36.375,0.09,1.32,1.52
ATOM,926.0,HE,ARG,65.0,-3.005,14.115,38.415,0.44,0.2245,8.09
ATOM,927.0,HH11,ARG,65.0,0.34,15.224,38.242,0.46,0.2245,8.84
ATOM,928.0,HH12,ARG,65.0,0.53,15.256,39.961,0.46,0.2245,7.36
ATOM,929.0,HH21,ARG,65.0,-2.739,14.235,40.655,0.46,0.2245,3.18
ATOM,930.0,HH22,ARG,65.0,-1.213,14.698,41.333,0.46,0.2245,4.42
ATOM,931.0,N,THR,66.0,-1.708,11.331,33.42,-0.47,1.85,0.0
ATOM,932.0,CA,THR,66.0,-2.939,10.936,32.733,0.07,2.275,0.07
ATOM,933.0,C,THR,66.0,-2.857,9.477,32.272,0.51,2.0,0.0
ATOM,934.0,O,THR,66.0,-3.766,8.684,32.498,-0.51,1.7,0.0
ATOM,935.0,CB,THR,66.0,-3.172,11.828,31.498,0.14,2.275,0.0
ATOM,936.0,OG1,THR,66.0,-3.499,13.156,31.929,-0.66,1.77,1.41
ATOM,937.0,CG2,THR,66.0,-4.297,11.279,30.647,-0.27,2.06,0.0
ATOM,938.0,H,THR,66.0,-1.015,11.994,33.004,0.31,0.2245,0.0
ATOM,939.0,HA,THR,66.0,-3.705,11.019,33.377,0.09,1.32,5.62
ATOM,940.0,HB,THR,66.0,-2.31,11.872,30.957,0.09,1.32,0.0
ATOM,941.0,HG21,THR,66.0,-5.179,11.435,31.1,0.09,1.32,0.99
ATOM,942.0,HG22,THR,66.0,-4.306,11.735,29.753,0.09,1.32,0.0
ATOM,943.0,HG23,THR,66.0,-4.173,10.293,30.508,0.09,1.32,0.0
ATOM,944.0,HG1,THR,66.0,-2.668,13.719,31.986,0.43,0.2245,0.0
ATOM,945.0,N,LEU,67.0,-1.757,9.127,31.619,-0.47,1.85,0.0
ATOM,946.0,CA,LEU,67.0,-1.569,7.763,31.145,0.07,2.275,0.0
ATOM,947.0,C,LEU,67.0,-1.525,6.815,32.335,0.51,2.0,0.0
ATOM,948.0,O,LEU,67.0,-2.311,5.869,32.42,-0.51,1.7,0.0
ATOM,949.0,CB,LEU,67.0,-0.258,7.647,30.356,-0.18,2.175,0.0
ATOM,950.0,CG,LEU,67.0,-0.128,6.628,29.212,-0.09,2.275,0.0
ATOM,951.0,CD1,LEU,67.0,1.33,6.247,29.064,-0.27,2.06,0.0
ATOM,952.0,CD2,LEU,67.0,-0.977,5.399,29.467,-0.27,2.06,0.0
ATOM,953.0,H,LEU,67.0,-1.066,9.884,31.481,0.31,0.2245,0.0
ATOM,954.0,HA,LEU,67.0,-2.348,7.512,30.568,0.09,1.32,0.08
ATOM,955.0,HB2,LEU,67.0,-0.06,8.559,29.959,0.09,1.32,0.0
ATOM,956.0,HB3,LEU,67.0,0.479,7.439,31.019,0.09,1.32,0.04
ATOM,957.0,HG,LEU,67.0,-0.454,7.046,28.374,0.09,1.32,0.0
ATOM,958.0,HD11,LEU,67.0,1.662,5.841,29.917,0.09,1.32,0.0
ATOM,959.0,HD12,LEU,67.0,1.432,5.583,28.322,0.09,1.32,0.0
ATOM,960.0,HD13,LEU,67.0,1.873,7.062,28.854,0.09,1.32,0.0
ATOM,961.0,HD21,LEU,67.0,-1.94,5.664,29.546,0.09,1.32,0.07
ATOM,962.0,HD22,LEU,67.0,-0.874,4.753,28.708,0.09,1.32,0.2
ATOM,963.0,HD23,LEU,67.0,-0.685,4.958,30.318,0.09,1.32,0.0
ATOM,964.0,N,ARG,68.0,-0.595,7.088,33.247,-0.47,1.85,0.0
ATOM,965.0,CA,ARG,68.0,-0.379,6.284,34.446,0.07,2.275,0.0
ATOM,966.0,C,ARG,68.0,-1.628,6.035,35.28,0.51,2.0,0.0
ATOM,967.0,O,ARG,68.0,-1.857,4.913,35.732,-0.51,1.7,0.0
ATOM,968.0,CB,ARG,68.0,0.687,6.943,35.325,-0.18,2.175,0.21
ATOM,969.0,CG,ARG,68.0,0.618,6.545,36.793,-0.18,2.175,0.0
ATOM,970.0,CD,ARG,68.0,1.89,6.935,37.526,0.2,2.175,0.0
ATOM,971.0,NE,ARG,68.0,3.082,6.822,36.686,-0.7,1.85,0.11
ATOM,972.0,CZ,ARG,68.0,3.833,7.851,36.296,0.64,2.0,0.0
ATOM,973.0,NH1,ARG,68.0,3.518,9.086,36.666,-0.8,1.85,0.36
ATOM,974.0,NH2,ARG,68.0,4.909,7.643,35.542,-0.8,1.85,1.94
ATOM,975.0,H,ARG,68.0,-0.022,7.942,33.028,0.31,0.2245,0.0
ATOM,976.0,HA,ARG,68.0,0.005,5.379,34.163,0.09,1.32,0.0
ATOM,977.0,HB2,ARG,68.0,1.583,6.683,34.977,0.09,1.32,0.57
ATOM,978.0,HB3,ARG,68.0,0.572,7.93,35.268,0.09,1.32,0.0
ATOM,979.0,HG2,ARG,68.0,-0.147,7.01,37.227,0.09,1.32,0.0
ATOM,980.0,HG3,ARG,68.0,0.508,5.559,36.864,0.09,1.32,0.0
ATOM,981.0,HD2,ARG,68.0,1.794,7.881,37.833,0.09,1.32,0.0
ATOM,982.0,HD3,ARG,68.0,1.988,6.333,38.318,0.09,1.32,0.0
ATOM,983.0,HE,ARG,68.0,3.355,5.901,36.38,0.44,0.2245,1.41
ATOM,984.0,HH11,ARG,68.0,2.733,9.263,37.253,0.46,0.2245,0.0
ATOM,985.0,HH12,ARG,68.0,4.082,9.858,36.349,0.46,0.2245,4.01
ATOM,986.0,HH21,ARG,68.0,5.158,6.705,35.288,0.46,0.2245,2.06
ATOM,987.0,HH22,ARG,68.0,5.463,8.411,35.233,0.46,0.2245,0.0
ATOM,988.0,N,GLU,69.0,-2.428,7.073,35.496,-0.47,1.85,0.0
ATOM,989.0,CA,GLU,69.0,-3.638,6.927,36.29,0.07,2.275,0.0
ATOM,990.0,C,GLU,69.0,-4.754,6.214,35.534,0.51,2.0,0.0
ATOM,991.0,O,GLU,69.0,-5.539,5.486,36.136,-0.51,1.7,0.0
ATOM,992.0,CB,GLU,69.0,-4.132,8.287,36.783,-0.18,2.175,0.0
ATOM,993.0,CG,GLU,69.0,-5.625,8.315,37.068,-0.28,2.175,3.33
ATOM,994.0,CD,GLU,69.0,-6.031,9.423,38.028,0.62,2.0,2.97
ATOM,995.0,OE1,GLU,69.0,-5.467,10.542,37.933,-0.76,1.7,9.35
ATOM,996.0,OE2,GLU,69.0,-6.921,9.165,38.875,-0.76,1.7,5.63
ATOM,997.0,H,GLU,69.0,-2.124,7.961,35.065,0.31,0.2245,0.0
ATOM,998.0,HA,GLU,69.0,-3.428,6.412,37.138,0.09,1.32,0.0
ATOM,999.0,HB2,GLU,69.0,-3.665,8.49,37.621,0.09,1.32,0.0
ATOM,1000.0,HB3,GLU,69.0,-3.95,8.946,36.08,0.09,1.32,0.0
ATOM,1001.0,HG2,GLU,69.0,-6.099,8.471,36.22,0.09,1.32,3.22
ATOM,1002.0,HG3,GLU,69.0,-5.879,7.459,37.482,0.09,1.32,0.0
ATOM,1003.0,N,ILE,70.0,-4.849,6.421,34.227,-0.47,1.85,0.0
ATOM,1004.0,CA,ILE,70.0,-5.889,5.731,33.474,0.07,2.275,0.0
ATOM,1005.0,C,ILE,70.0,-5.584,4.23,33.496,0.51,2.0,0.0
ATOM,1006.0,O,ILE,70.0,-6.458,3.411,33.765,-0.51,1.7,0.0
ATOM,1007.0,CB,ILE,70.0,-5.979,6.241,31.999,-0.09,2.275,0.2
ATOM,1008.0,CG1,ILE,70.0,-6.609,7.64,31.976,-0.18,2.175,2.65
ATOM,1009.0,CG2,ILE,70.0,-6.813,5.276,31.153,-0.27,2.06,0.0
ATOM,1010.0,CD1,ILE,70.0,-7.102,8.107,30.61,-0.27,2.06,0.0
ATOM,1011.0,H,ILE,70.0,-4.17,7.067,33.822,0.31,0.2245,0.0
ATOM,1012.0,HA,ILE,70.0,-6.736,5.854,33.982,0.09,1.32,0.0
ATOM,1013.0,HB,ILE,70.0,-5.057,6.309,31.652,0.09,1.32,0.0
ATOM,1014.0,HG12,ILE,70.0,-7.381,7.65,32.616,0.09,1.32,0.95
ATOM,1015.0,HG13,ILE,70.0,-5.925,8.297,32.307,0.09,1.32,0.02
ATOM,1016.0,HG21,ILE,70.0,-6.846,5.607,30.213,0.09,1.32,0.0
ATOM,1017.0,HG22,ILE,70.0,-6.394,4.371,31.176,0.09,1.32,0.0
ATOM,1018.0,HG23,ILE,70.0,-7.737,5.227,31.524,0.09,1.32,0.0
ATOM,1019.0,HD11,ILE,70.0,-7.797,7.472,30.281,0.09,1.32,0.0
ATOM,1020.0,HD12,ILE,70.0,-7.491,9.02,30.7,0.09,1.32,0.0
ATOM,1021.0,HD13,ILE,70.0,-6.333,8.127,29.976,0.09,1.32,0.13
ATOM,1022.0,N,LYS,71.0,-4.332,3.874,33.231,-0.47,1.85,0.0
ATOM,1023.0,CA,LYS,71.0,-3.939,2.478,33.236,0.07,2.275,0.5
ATOM,1024.0,C,LYS,71.0,-4.293,1.814,34.559,0.51,2.0,0.0
ATOM,1025.0,O,LYS,71.0,-4.951,0.778,34.586,-0.51,1.7,1.7
ATOM,1026.0,CB,LYS,71.0,-2.445,2.357,32.982,-0.18,2.175,0.28
ATOM,1027.0,CG,LYS,71.0,-2.019,2.824,31.605,-0.18,2.175,0.0
ATOM,1028.0,CD,LYS,71.0,-0.512,2.988,31.528,-0.18,2.175,0.0
ATOM,1029.0,CE,LYS,71.0,0.138,1.796,30.878,0.21,2.175,4.72
ATOM,1030.0,NZ,LYS,71.0,-0.835,0.689,30.741,-0.3,1.85,6.81
ATOM,1031.0,H,LYS,71.0,-3.687,4.657,33.028,0.31,0.2245,0.0
ATOM,1032.0,HA,LYS,71.0,-4.425,1.996,32.494,0.09,1.32,0.0
ATOM,1033.0,HB2,LYS,71.0,-1.964,2.907,33.663,0.09,1.32,0.0
ATOM,1034.0,HB3,LYS,71.0,-2.186,1.397,33.083,0.09,1.32,0.15
ATOM,1035.0,HG2,LYS,71.0,-2.306,2.149,30.926,0.09,1.32,0.0
ATOM,1036.0,HG3,LYS,71.0,-2.451,3.703,31.407,0.09,1.32,0.0
ATOM,1037.0,HD2,LYS,71.0,-0.306,3.802,30.991,0.09,1.32,0.0
ATOM,1038.0,HD3,LYS,71.0,-0.153,3.088,32.452,0.09,1.32,0.0
ATOM,1039.0,HE2,LYS,71.0,0.472,2.056,29.972,0.05,1.32,5.23
ATOM,1040.0,HE3,LYS,71.0,0.907,1.491,31.441,0.05,1.32,0.12
ATOM,1041.0,HZ1,LYS,71.0,-1.632,1.005,30.224,0.33,0.2245,0.0
ATOM,1042.0,HZ2,LYS,71.0,-0.408,-0.076,30.257,0.33,0.2245,19.99
ATOM,1043.0,HZ3,LYS,71.0,-1.127,0.385,31.649,0.33,0.2245,2.43
ATOM,1044.0,N,ILE,72.0,-3.86,2.426,35.657,-0.47,1.85,0.0
ATOM,1045.0,CA,ILE,72.0,-4.113,1.911,37.009,0.07,2.275,0.0
ATOM,1046.0,C,ILE,72.0,-5.606,1.73,37.277,0.51,2.0,0.0
ATOM,1047.0,O,ILE,72.0,-6.057,0.651,37.668,-0.51,1.7,0.0
ATOM,1048.0,CB,ILE,72.0,-3.546,2.878,38.104,-0.09,2.275,0.0
ATOM,1049.0,CG1,ILE,72.0,-2.022,2.796,38.157,-0.18,2.175,0.0
ATOM,1050.0,CG2,ILE,72.0,-4.134,2.541,39.464,-0.27,2.06,0.0
ATOM,1051.0,CD1,ILE,72.0,-1.387,3.945,38.932,-0.27,2.06,0.0
ATOM,1052.0,H,ILE,72.0,-3.324,3.305,35.48,0.31,0.2245,0.0
ATOM,1053.0,HA,ILE,72.0,-3.701,0.993,37.04,0.09,1.32,0.0
ATOM,1054.0,HB,ILE,72.0,-3.804,3.8,37.844,0.09,1.32,0.0
ATOM,1055.0,HG12,ILE,72.0,-1.763,1.938,38.588,0.09,1.32,0.0
ATOM,1056.0,HG13,ILE,72.0,-1.672,2.813,37.225,0.09,1.32,0.0
ATOM,1057.0,HG21,ILE,72.0,-3.795,3.189,40.145,0.09,1.32,0.0
ATOM,1058.0,HG22,ILE,72.0,-5.131,2.597,39.421,0.09,1.32,0.0
ATOM,1059.0,HG23,ILE,72.0,-3.865,1.615,39.725,0.09,1.32,0.0
ATOM,1060.0,HD11,ILE,72.0,-1.726,3.932,39.87,0.09,1.32,0.0
ATOM,1061.0,HD12,ILE,72.0,-0.396,3.832,38.928,0.09,1.32,0.02
ATOM,1062.0,HD13,ILE,72.0,-1.631,4.807,38.495,0.09,1.32,0.0
ATOM,1063.0,N,LEU,73.0,-6.358,2.806,37.058,-0.47,1.85,0.0
ATOM,1064.0,CA,LEU,73.0,-7.794,2.834,37.282,0.07,2.275,0.0
ATOM,1065.0,C,LEU,73.0,-8.569,1.858,36.418,0.51,2.0,0.0
ATOM,1066.0,O,LEU,73.0,-9.618,1.369,36.828,-0.51,1.7,1.71
ATOM,1067.0,CB,LEU,73.0,-8.314,4.256,37.076,-0.18,2.175,0.0
ATOM,1068.0,CG,LEU,73.0,-8.816,5.012,38.317,-0.09,2.275,0.0
ATOM,1069.0,CD1,LEU,73.0,-8.216,4.434,39.574,-0.27,2.06,0.0
ATOM,1070.0,CD2,LEU,73.0,-8.482,6.464,38.207,-0.27,2.06,0.51
ATOM,1071.0,H,LEU,73.0,-5.82,3.637,36.707,0.31,0.2245,0.0
ATOM,1072.0,HA,LEU,73.0,-7.97,2.605,38.26,0.09,1.32,0.0
ATOM,1073.0,HB2,LEU,73.0,-7.572,4.801,36.682,0.09,1.32,0.0
ATOM,1074.0,HB3,LEU,73.0,-9.076,4.215,36.429,0.09,1.32,0.0
ATOM,1075.0,HG,LEU,73.0,-9.814,4.939,38.352,0.09,1.32,0.0
ATOM,1076.0,HD11,LEU,73.0,-7.216,4.505,39.539,0.09,1.32,0.0
ATOM,1077.0,HD12,LEU,73.0,-8.552,4.936,40.374,0.09,1.32,0.0
ATOM,1078.0,HD13,LEU,73.0,-8.473,3.469,39.662,0.09,1.32,0.01
ATOM,1079.0,HD21,LEU,73.0,-8.916,6.861,37.391,0.09,1.32,1.46
ATOM,1080.0,HD22,LEU,73.0,-8.81,6.959,39.018,0.09,1.32,0.0
ATOM,1081.0,HD23,LEU,73.0,-7.487,6.588,38.135,0.09,1.32,0.0
ATOM,1082.0,N,LEU,74.0,-8.072,1.576,35.218,-0.47,1.85,0.0
ATOM,1083.0,CA,LEU,74.0,-8.745,0.62,34.331,0.07,2.275,0.03
ATOM,1084.0,C,LEU,74.0,-8.377,-0.811,34.721,0.51,2.0,0.02
ATOM,1085.0,O,LEU,74.0,-9.18,-1.723,34.576,-0.51,1.7,18.96
ATOM,1086.0,CB,LEU,74.0,-8.354,0.855,32.867,-0.18,2.175,0.93
ATOM,1087.0,CG,LEU,74.0,-8.973,2.059,32.161,-0.09,2.275,0.0
ATOM,1088.0,CD1,LEU,74.0,-8.493,2.083,30.73,-0.27,2.06,0.0
ATOM,1089.0,CD2,LEU,74.0,-10.499,1.98,32.219,-0.27,2.06,4.15
ATOM,1090.0,H,LEU,74.0,-7.202,2.07,34.971,0.31,0.2245,0.0
ATOM,1091.0,HA,LEU,74.0,-9.735,0.733,34.434,0.09,1.32,2.11
ATOM,1092.0,HB2,LEU,74.0,-7.359,0.968,32.834,0.09,1.32,0.01
ATOM,1093.0,HB3,LEU,74.0,-8.612,0.039,32.349,0.09,1.32,0.0
ATOM,1094.0,HG,LEU,74.0,-8.686,2.889,32.626,0.09,1.32,0.0
ATOM,1095.0,HD11,LEU,74.0,-8.77,1.24,30.264,0.09,1.32,0.0
ATOM,1096.0,HD12,LEU,74.0,-8.89,2.869,30.251,0.09,1.32,0.0
ATOM,1097.0,HD13,LEU,74.0,-7.494,2.157,30.707,0.09,1.32,0.0
ATOM,1098.0,HD21,LEU,74.0,-10.794,1.973,33.174,0.09,1.32,0.31
ATOM,1099.0,HD22,LEU,74.0,-10.889,2.774,31.753,0.09,1.32,0.0
ATOM,1100.0,HD23,LEU,74.0,-10.804,1.142,31.767,0.09,1.32,0.03
ATOM,1101.0,N,ARG,75.0,-7.157,-0.999,35.216,-0.47,1.85,0.09
ATOM,1102.0,CA,ARG,75.0,-6.689,-2.318,35.627,0.07,2.275,1.83
ATOM,1103.0,C,ARG,75.0,-7.346,-2.728,36.956,0.51,2.0,0.0
ATOM,1104.0,O,ARG,75.0,-7.706,-3.893,37.162,-0.51,1.7,15.48
ATOM,1105.0,CB,ARG,75.0,-5.161,-2.288,35.753,-0.18,2.175,0.13
ATOM,1106.0,CG,ARG,75.0,-4.522,-3.517,36.382,-0.18,2.175,1.55
ATOM,1107.0,CD,ARG,75.0,-3.995,-4.496,35.345,0.2,2.175,13.35
ATOM,1108.0,NE,ARG,75.0,-2.675,-4.137,34.823,-0.7,1.85,3.97
ATOM,1109.0,CZ,ARG,75.0,-1.563,-4.844,35.022,0.64,2.0,2.0
ATOM,1110.0,NH1,ARG,75.0,-1.596,-5.95,35.745,-0.8,1.85,4.74
ATOM,1111.0,NH2,ARG,75.0,-0.413,-4.439,34.504,-0.8,1.85,13.02
ATOM,1112.0,H,ARG,75.0,-6.577,-0.139,35.283,0.31,0.2245,0.0
ATOM,1113.0,HA,ARG,75.0,-6.946,-2.99,34.928,0.09,1.32,6.82
ATOM,1114.0,HB2,ARG,75.0,-4.776,-2.176,34.833,0.09,1.32,3.98
ATOM,1115.0,HB3,ARG,75.0,-4.911,-1.491,36.309,0.09,1.32,0.0
ATOM,1116.0,HG2,ARG,75.0,-3.756,-3.234,36.96,0.09,1.32,0.0
ATOM,1117.0,HG3,ARG,75.0,-5.201,-3.994,36.942,0.09,1.32,2.12
ATOM,1118.0,HD2,ARG,75.0,-3.943,-5.401,35.771,0.09,1.32,0.0
ATOM,1119.0,HD3,ARG,75.0,-4.65,-4.526,34.587,0.09,1.32,7.38
ATOM,1120.0,HE,ARG,75.0,-2.602,-3.294,34.274,0.44,0.2245,5.73
ATOM,1121.0,HH11,ARG,75.0,-2.449,-6.287,36.137,0.46,0.2245,0.0
ATOM,1122.0,HH12,ARG,75.0,-0.745,-6.467,35.905,0.46,0.2245,4.3
ATOM,1123.0,HH21,ARG,75.0,-0.39,-3.606,33.944,0.46,0.2245,6.82
ATOM,1124.0,HH22,ARG,75.0,0.424,-4.955,34.666,0.46,0.2245,4.73
ATOM,1125.0,N,PHE,76.0,-7.524,-1.748,37.84,-0.47,1.85,0.0
ATOM,1126.0,CA,PHE,76.0,-8.118,-1.95,39.163,0.07,2.275,0.0
ATOM,1127.0,C,PHE,76.0,-9.628,-2.152,39.115,0.51,2.0,0.01
ATOM,1128.0,O,PHE,76.0,-10.336,-1.456,38.381,-0.51,1.7,8.89
ATOM,1129.0,CB,PHE,76.0,-7.846,-0.727,40.052,-0.18,2.175,0.53
ATOM,1130.0,CG,PHE,76.0,-6.468,-0.693,40.682,0.0,1.9924,0.0
ATOM,1131.0,CD1,PHE,76.0,-5.488,-1.626,40.348,-0.115,1.9924,0.07
ATOM,1132.0,CD2,PHE,76.0,-6.156,0.293,41.615,-0.115,1.9924,0.0
ATOM,1133.0,CE1,PHE,76.0,-4.231,-1.577,40.93,-0.115,1.9924,0.06
ATOM,1134.0,CE2,PHE,76.0,-4.9,0.347,42.201,-0.115,1.9924,0.0
ATOM,1135.0,CZ,PHE,76.0,-3.936,-0.589,41.858,-0.115,1.9924,0.0
ATOM,1136.0,H,PHE,76.0,-7.199,-0.807,37.505,0.31,0.2245,0.0
ATOM,1137.0,HA,PHE,76.0,-7.72,-2.805,39.534,0.09,1.32,0.0
ATOM,1138.0,HB2,PHE,76.0,-7.941,0.083,39.49,0.09,1.32,0.0
ATOM,1139.0,HB3,PHE,76.0,-8.513,-0.731,40.785,0.09,1.32,0.0
ATOM,1140.0,HD1,PHE,76.0,-5.692,-2.338,39.681,0.115,1.3582,0.45
ATOM,1141.0,HD2,PHE,76.0,-6.849,0.971,41.864,0.115,1.3582,0.0
ATOM,1142.0,HE1,PHE,76.0,-3.537,-2.262,40.676,0.115,1.3582,0.09
ATOM,1143.0,HE2,PHE,76.0,-4.693,1.07,42.879,0.115,1.3582,0.0
ATOM,1144.0,HZ,PHE,76.0,-3.029,-0.555,42.276,0.115,1.3582,0.0
ATOM,1145.0,N,ARG,77.0,-10.12,-3.086,39.919,-0.47,1.85,0.0
ATOM,1146.0,CA,ARG,77.0,-11.555,-3.349,40.016,0.07,2.275,0.08
ATOM,1147.0,C,ARG,77.0,-11.832,-3.65,41.483,0.51,2.0,0.0
ATOM,1148.0,O,ARG,77.0,-11.578,-4.754,41.949,-0.51,1.7,9.56
ATOM,1149.0,CB,ARG,77.0,-11.954,-4.546,39.148,-0.18,2.175,4.59
ATOM,1150.0,CG,ARG,77.0,-13.458,-4.772,39.042,-0.18,2.175,6.91
ATOM,1151.0,CD,ARG,77.0,-13.768,-5.851,37.995,0.2,2.175,17.43
ATOM,1152.0,NE,ARG,77.0,-15.056,-6.516,38.206,-0.7,1.85,7.51
ATOM,1153.0,CZ,ARG,77.0,-16.242,-5.951,37.983,0.64,2.0,3.52
ATOM,1154.0,NH1,ARG,77.0,-16.311,-4.702,37.541,-0.8,1.85,23.88
ATOM,1155.0,NH2,ARG,77.0,-17.359,-6.638,38.192,-0.8,1.85,29.87
ATOM,1156.0,H,ARG,77.0,-9.407,-3.609,40.468,0.31,0.2245,0.0
ATOM,1157.0,HA,ARG,77.0,-12.051,-2.535,39.756,0.09,1.32,3.61
ATOM,1158.0,HB2,ARG,77.0,-11.6,-4.396,38.229,0.09,1.32,4.81
ATOM,1159.0,HB3,ARG,77.0,-11.547,-5.366,39.541,0.09,1.32,2.81
ATOM,1160.0,HG2,ARG,77.0,-13.812,-5.082,39.914,0.09,1.32,6.3
ATOM,1161.0,HG3,ARG,77.0,-13.902,-3.934,38.756,0.09,1.32,4.65
ATOM,1162.0,HD2,ARG,77.0,-13.766,-5.412,37.096,0.09,1.32,8.57
ATOM,1163.0,HD3,ARG,77.0,-13.034,-6.531,38.034,0.09,1.32,8.96
ATOM,1164.0,HE,ARG,77.0,-15.044,-7.465,38.543,0.44,0.2245,16.28
ATOM,1165.0,HH11,ARG,77.0,-15.488,-4.175,37.35,0.46,0.2245,8.17
ATOM,1166.0,HH12,ARG,77.0,-17.213,-4.277,37.394,0.46,0.2245,18.59
ATOM,1167.0,HH21,ARG,77.0,-17.3,-7.591,38.5,0.46,0.2245,18.3
ATOM,1168.0,HH22,ARG,77.0,-18.247,-6.213,38.044,0.46,0.2245,18.3
ATOM,1169.0,N,HIS,78.0,-12.34,-2.663,42.211,-0.47,1.85,1.38
ATOM,1170.0,CA,HIS,78.0,-12.62,-2.837,43.628,0.07,2.275,2.27
ATOM,1171.0,C,HIS,78.0,-13.745,-1.907,44.066,0.51,2.0,1.8
ATOM,1172.0,O,HIS,78.0,-13.873,-0.808,43.543,-0.51,1.7,5.79
ATOM,1173.0,CB,HIS,78.0,-11.349,-2.543,44.413,-0.08,2.175,0.0
ATOM,1174.0,CG,HIS,78.0,-11.429,-2.902,45.861,0.22,1.8,0.0
ATOM,1175.0,ND1,HIS,78.0,-11.926,-2.041,46.818,-0.7,1.85,0.0
ATOM,1176.0,CD2,HIS,78.0,-11.09,-4.038,46.514,-0.05,1.8,0.0
ATOM,1177.0,CE1,HIS,78.0,-11.887,-2.632,48.0,0.25,1.8,0.0
ATOM,1178.0,NE2,HIS,78.0,-11.386,-3.844,47.842,-0.36,1.85,0.0
ATOM,1179.0,H,HIS,78.0,-12.514,-1.782,41.694,0.31,0.2245,4.45
ATOM,1180.0,HA,HIS,78.0,-12.918,-3.785,43.782,0.09,1.32,4.04
ATOM,1181.0,HB2,HIS,78.0,-10.582,-3.055,44.003,0.09,1.32,0.0
ATOM,1182.0,HB3,HIS,78.0,-11.14,-1.558,44.343,0.09,1.32,0.0
ATOM,1183.0,HD2,HIS,78.0,-10.699,-4.86,46.111,0.09,1.468,0.0
ATOM,1184.0,HE1,HIS,78.0,-12.182,-2.232,48.862,0.13,0.9,0.0
ATOM,1185.0,HE2,HIS,78.0,-11.245,-4.515,48.573,0.32,0.2245,0.0
ATOM,1186.0,N,GLU,79.0,-14.555,-2.357,45.022,-0.47,1.85,0.42
ATOM,1187.0,CA,GLU,79.0,-15.682,-1.58,45.539,0.07,2.275,0.54
ATOM,1188.0,C,GLU,79.0,-15.282,-0.298,46.262,0.51,2.0,0.0
ATOM,1189.0,O,GLU,79.0,-16.085,0.635,46.367,-0.51,1.7,3.75
ATOM,1190.0,CB,GLU,79.0,-16.521,-2.433,46.501,-0.18,2.175,2.52
ATOM,1191.0,CG,GLU,79.0,-17.096,-3.717,45.886,-0.28,2.175,16.32
ATOM,1192.0,CD,GLU,79.0,-17.434,-4.797,46.916,0.62,2.0,3.11
ATOM,1193.0,OE1,GLU,79.0,-18.177,-4.51,47.881,-0.76,1.7,31.25
ATOM,1194.0,OE2,GLU,79.0,-16.952,-5.937,46.748,-0.76,1.7,28.07
ATOM,1195.0,H,GLU,79.0,-14.317,-3.313,45.372,0.31,0.2245,0.75
ATOM,1196.0,HA,GLU,79.0,-16.31,-1.348,44.768,0.09,1.32,4.56
ATOM,1197.0,HB2,GLU,79.0,-15.94,-2.702,47.25,0.09,1.32,0.0
ATOM,1198.0,HB3,GLU,79.0,-17.282,-1.886,46.803,0.09,1.32,8.05
ATOM,1199.0,HG2,GLU,79.0,-17.93,-3.484,45.418,0.09,1.32,11.02
ATOM,1200.0,HG3,GLU,79.0,-16.422,-4.093,45.275,0.09,1.32,3.98
ATOM,1201.0,N,ASN,80.0,-14.051,-0.252,46.773,-0.47,1.85,0.0
ATOM,1202.0,CA,ASN,80.0,-13.582,0.92,47.503,0.07,2.275,0.0
ATOM,1203.0,C,ASN,80.0,-12.575,1.764,46.739,0.51,2.0,0.0
ATOM,1204.0,O,ASN,80.0,-11.827,2.537,47.322,-0.51,1.7,0.0
ATOM,1205.0,CB,ASN,80.0,-12.994,0.5,48.85,-0.18,2.175,0.0
ATOM,1206.0,CG,ASN,80.0,-14.03,-0.078,49.771,0.55,2.0,0.0
ATOM,1207.0,H,ASN,80.0,-13.478,-1.097,46.609,0.31,0.2245,0.0
ATOM,1208.0,HA,ASN,80.0,-14.395,1.509,47.673,0.09,1.32,0.0
ATOM,1209.0,HB2,ASN,80.0,-12.29,-0.186,48.683,0.09,1.32,0.0
ATOM,1210.0,HB3,ASN,80.0,-12.592,1.305,49.278,0.09,1.32,0.0
ATOM,1211.0,OD1,ASN,80.0,-13.884,-1.194,50.246,-0.55,1.7,0.0
ATOM,1212.0,ND2,ASN,80.0,-15.092,0.68,50.03,-0.62,1.85,2.68
ATOM,1213.0,HD22,ASN,80.0,-15.168,1.586,49.609,0.3,0.2245,0.0
ATOM,1214.0,HD21,ASN,80.0,-15.809,0.349,50.639,0.32,0.2245,4.59
ATOM,1215.0,N,ILE,81.0,-12.555,1.608,45.425,-0.47,1.85,0.0
ATOM,1216.0,CA,ILE,81.0,-11.667,2.392,44.567,0.07,2.275,0.0
ATOM,1217.0,C,ILE,81.0,-12.534,2.813,43.393,0.51,2.0,0.0
ATOM,1218.0,O,ILE,81.0,-13.143,1.961,42.738,-0.51,1.7,1.83
ATOM,1219.0,CB,ILE,81.0,-10.504,1.554,44.029,-0.09,2.275,0.0
ATOM,1220.0,CG1,ILE,81.0,-9.577,1.157,45.177,-0.18,2.175,0.0
ATOM,1221.0,CG2,ILE,81.0,-9.73,2.347,42.975,-0.27,2.06,1.02
ATOM,1222.0,CD1,ILE,81.0,-8.641,0.041,44.818,-0.27,2.06,0.0
ATOM,1223.0,H,ILE,81.0,-13.214,0.892,45.057,0.31,0.2245,0.0
ATOM,1224.0,HA,ILE,81.0,-11.45,3.21,45.068,0.09,1.32,0.0
ATOM,1225.0,HB,ILE,81.0,-10.877,0.723,43.634,0.09,1.32,0.0
ATOM,1226.0,HG12,ILE,81.0,-9.048,1.959,45.444,0.09,1.32,0.0
ATOM,1227.0,HG13,ILE,81.0,-10.143,0.873,45.948,0.09,1.32,0.0
ATOM,1228.0,HG21,ILE,81.0,-8.988,1.784,42.618,0.09,1.32,0.0
ATOM,1229.0,HG22,ILE,81.0,-10.347,2.599,42.233,0.09,1.32,0.0
ATOM,1230.0,HG23,ILE,81.0,-9.354,3.171,43.392,0.09,1.32,0.0
ATOM,1231.0,HD11,ILE,81.0,-8.065,0.318,44.048,0.09,1.32,0.0
ATOM,1232.0,HD12,ILE,81.0,-8.059,-0.178,45.603,0.09,1.32,0.0
ATOM,1233.0,HD13,ILE,81.0,-9.167,-0.771,44.561,0.09,1.32,0.0
ATOM,1234.0,N,ILE,82.0,-12.604,4.11,43.121,-0.47,1.85,0.0
ATOM,1235.0,CA,ILE,82.0,-13.431,4.586,42.018,0.07,2.275,0.0
ATOM,1236.0,C,ILE,82.0,-13.027,3.967,40.68,0.51,2.0,0.0
ATOM,1237.0,O,ILE,82.0,-11.842,3.813,40.387,-0.51,1.7,0.89
ATOM,1238.0,CB,ILE,82.0,-13.352,6.123,41.903,-0.09,2.275,0.0
ATOM,1239.0,CG1,ILE,82.0,-14.542,6.641,41.1,-0.18,2.175,0.0
ATOM,1240.0,CG2,ILE,82.0,-12.038,6.54,41.239,-0.27,2.06,0.0
ATOM,1241.0,CD1,ILE,82.0,-15.765,6.958,41.94,-0.27,2.06,0.34
ATOM,1242.0,H,ILE,82.0,-12.047,4.724,43.731,0.31,0.2245,0.0
ATOM,1243.0,HA,ILE,82.0,-14.369,4.267,42.209,0.09,1.32,0.0
ATOM,1244.0,HB,ILE,82.0,-13.407,6.5,42.818,0.09,1.32,0.0
ATOM,1245.0,HG12,ILE,82.0,-14.262,7.469,40.614,0.09,1.32,0.0
ATOM,1246.0,HG13,ILE,82.0,-14.792,5.946,40.424,0.09,1.32,0.0
ATOM,1247.0,HG21,ILE,82.0,-11.993,7.535,41.194,0.09,1.32,0.0
ATOM,1248.0,HG22,ILE,82.0,-11.273,6.193,41.776,0.09,1.32,0.0
ATOM,1249.0,HG23,ILE,82.0,-12.0,6.161,40.318,0.09,1.32,0.0
ATOM,1250.0,HD11,ILE,82.0,-15.531,7.661,42.609,0.09,1.32,0.0
ATOM,1251.0,HD12,ILE,82.0,-16.496,7.289,41.346,0.09,1.32,0.0
ATOM,1252.0,HD13,ILE,82.0,-16.064,6.13,42.412,0.09,1.32,0.0
ATOM,1253.0,N,GLY,83.0,-14.008,3.603,39.867,-0.47,1.85,1.37
ATOM,1254.0,CA,GLY,83.0,-13.688,3.031,38.575,-0.02,2.175,11.96
ATOM,1255.0,C,GLY,83.0,-14.033,3.981,37.442,0.51,2.0,0.0
ATOM,1256.0,O,GLY,83.0,-14.818,4.905,37.62,-0.51,1.7,0.0
ATOM,1257.0,H,GLY,83.0,-14.96,3.755,40.218,0.31,0.2245,4.8
ATOM,1258.0,HA2,GLY,83.0,-12.702,2.812,38.536,0.09,1.32,0.15
ATOM,1259.0,HA3,GLY,83.0,-14.198,2.167,38.451,0.09,1.32,12.16
ATOM,1260.0,N,ILE,84.0,-13.434,3.772,36.278,-0.47,1.85,0.19
ATOM,1261.0,CA,ILE,84.0,-13.733,4.605,35.116,0.07,2.275,0.0
ATOM,1262.0,C,ILE,84.0,-14.892,3.905,34.406,0.51,2.0,0.0
ATOM,1263.0,O,ILE,84.0,-14.77,2.751,33.995,-0.51,1.7,15.4
ATOM,1264.0,CB,ILE,84.0,-12.523,4.685,34.154,-0.09,2.275,0.0
ATOM,1265.0,CG1,ILE,84.0,-11.412,5.523,34.787,-0.18,2.175,0.0
ATOM,1266.0,CG2,ILE,84.0,-12.945,5.29,32.822,-0.27,2.06,0.0
ATOM,1267.0,CD1,ILE,84.0,-10.08,5.429,34.061,-0.27,2.06,0.03
ATOM,1268.0,H,ILE,84.0,-12.756,2.991,36.263,0.31,0.2245,2.53
ATOM,1269.0,HA,ILE,84.0,-14.09,5.454,35.465,0.09,1.32,0.0
ATOM,1270.0,HB,ILE,84.0,-12.181,3.765,34.021,0.09,1.32,0.0
ATOM,1271.0,HG12,ILE,84.0,-11.703,6.478,34.802,0.09,1.32,0.0
ATOM,1272.0,HG13,ILE,84.0,-11.283,5.214,35.729,0.09,1.32,0.0
ATOM,1273.0,HG21,ILE,84.0,-12.161,5.314,32.204,0.09,1.32,0.0
ATOM,1274.0,HG22,ILE,84.0,-13.67,4.735,32.419,0.09,1.32,0.0
ATOM,1275.0,HG23,ILE,84.0,-13.28,6.219,32.969,0.09,1.32,0.0
ATOM,1276.0,HD11,ILE,84.0,-10.195,5.747,33.122,0.09,1.32,0.0
ATOM,1277.0,HD12,ILE,84.0,-9.41,6.0,34.531,0.09,1.32,0.57
ATOM,1278.0,HD13,ILE,84.0,-9.773,4.479,34.06,0.09,1.32,0.0
ATOM,1279.0,N,ASN,85.0,-16.02,4.59,34.266,-0.47,1.85,0.0
ATOM,1280.0,CA,ASN,85.0,-17.179,3.99,33.615,0.07,2.275,1.03
ATOM,1281.0,C,ASN,85.0,-17.095,4.083,32.105,0.51,2.0,0.0
ATOM,1282.0,O,ASN,85.0,-17.649,3.247,31.39,-0.51,1.7,16.25
ATOM,1283.0,CB,ASN,85.0,-18.461,4.671,34.091,-0.18,2.175,5.34
ATOM,1284.0,CG,ASN,85.0,-18.632,4.589,35.588,0.55,2.0,2.22
ATOM,1285.0,H,ASN,85.0,-16.005,5.55,34.645,0.31,0.2245,0.0
ATOM,1286.0,HA,ASN,85.0,-17.177,3.007,33.854,0.09,1.32,7.05
ATOM,1287.0,HB2,ASN,85.0,-18.425,5.63,33.824,0.09,1.32,0.0
ATOM,1288.0,HB3,ASN,85.0,-19.235,4.222,33.654,0.09,1.32,4.36
ATOM,1289.0,OD1,ASN,85.0,-17.842,3.945,36.28,-0.55,1.7,12.99
ATOM,1290.0,ND2,ASN,85.0,-19.665,5.243,36.101,-0.62,1.85,6.55
ATOM,1291.0,HD22,ASN,85.0,-20.285,5.751,35.5,0.3,0.2245,0.74
ATOM,1292.0,HD21,ASN,85.0,-19.828,5.231,37.088,0.32,0.2245,0.0
ATOM,1293.0,N,ASP,86.0,-16.376,5.089,31.623,-0.47,1.85,0.0
ATOM,1294.0,CA,ASP,86.0,-16.256,5.312,30.191,0.07,2.275,0.0
ATOM,1295.0,C,ASP,86.0,-15.223,6.417,29.965,0.51,2.0,0.0
ATOM,1296.0,O,ASP,86.0,-14.806,7.094,30.907,-0.51,1.7,0.0
ATOM,1297.0,CB,ASP,86.0,-17.649,5.72,29.672,-0.28,2.175,0.29
ATOM,1298.0,CG,ASP,86.0,-17.675,6.067,28.2,0.62,2.0,0.0
ATOM,1299.0,OD1,ASP,86.0,-17.1,5.338,27.376,-0.76,1.7,6.68
ATOM,1300.0,OD2,ASP,86.0,-18.304,7.086,27.87,-0.76,1.7,4.11
ATOM,1301.0,H,ASP,86.0,-15.92,5.685,32.338,0.31,0.2245,0.0
ATOM,1302.0,HA,ASP,86.0,-15.884,4.48,29.787,0.09,1.32,0.0
ATOM,1303.0,HB2,ASP,86.0,-18.267,4.954,29.836,0.09,1.32,0.05
ATOM,1304.0,HB3,ASP,86.0,-17.946,6.513,30.198,0.09,1.32,0.0
ATOM,1305.0,N,ILE,87.0,-14.796,6.576,28.717,-0.47,1.85,0.0
ATOM,1306.0,CA,ILE,87.0,-13.838,7.614,28.35,0.07,2.275,0.0
ATOM,1307.0,C,ILE,87.0,-14.159,8.097,26.949,0.51,2.0,0.0
ATOM,1308.0,O,ILE,87.0,-14.214,7.315,25.997,-0.51,1.7,1.41
ATOM,1309.0,CB,ILE,87.0,-12.399,7.111,28.344,-0.09,2.275,0.0
ATOM,1310.0,CG1,ILE,87.0,-11.992,6.65,29.74,-0.18,2.175,0.0
ATOM,1311.0,CG2,ILE,87.0,-11.49,8.221,27.881,-0.27,2.06,0.0
ATOM,1312.0,CD1,ILE,87.0,-10.621,6.01,29.767,-0.27,2.06,0.0
ATOM,1313.0,H,ILE,87.0,-15.199,5.904,28.031,0.31,0.2245,0.0
ATOM,1314.0,HA,ILE,87.0,-14.007,8.38,28.966,0.09,1.32,0.0
ATOM,1315.0,HB,ILE,87.0,-12.345,6.326,27.734,0.09,1.32,0.0
ATOM,1316.0,HG12,ILE,87.0,-11.994,7.437,30.348,0.09,1.32,0.0
ATOM,1317.0,HG13,ILE,87.0,-12.661,5.986,30.059,0.09,1.32,0.0
ATOM,1318.0,HG21,ILE,87.0,-10.543,7.897,27.854,0.09,1.32,0.0
ATOM,1319.0,HG22,ILE,87.0,-11.759,8.522,26.965,0.09,1.32,0.0
ATOM,1320.0,HG23,ILE,87.0,-11.551,8.997,28.511,0.09,1.32,0.0
ATOM,1321.0,HD11,ILE,87.0,-9.941,6.67,29.451,0.09,1.32,0.0
ATOM,1322.0,HD12,ILE,87.0,-10.406,5.728,30.701,0.09,1.32,0.0
ATOM,1323.0,HD13,ILE,87.0,-10.616,5.212,29.167,0.09,1.32,0.0
ATOM,1324.0,N,ILE,88.0,-14.371,9.402,26.834,-0.47,1.85,0.0
ATOM,1325.0,CA,ILE,88.0,-14.712,10.011,25.559,0.07,2.275,0.01
ATOM,1326.0,C,ILE,88.0,-13.531,10.737,24.948,0.51,2.0,0.0
ATOM,1327.0,O,ILE,88.0,-12.821,11.463,25.637,-0.51,1.7,0.0
ATOM,1328.0,CB,ILE,88.0,-15.879,11.017,25.714,-0.09,2.275,0.0
ATOM,1329.0,CG1,ILE,88.0,-16.971,10.423,26.601,-0.18,2.175,0.7
ATOM,1330.0,CG2,ILE,88.0,-16.461,11.351,24.351,-0.27,2.06,20.94
ATOM,1331.0,CD1,ILE,88.0,-17.793,11.459,27.349,-0.27,2.06,0.81
ATOM,1332.0,H,ILE,88.0,-14.273,9.939,27.719,0.31,0.2245,0.0
ATOM,1333.0,HA,ILE,88.0,-14.941,9.252,24.935,0.09,1.32,1.82
ATOM,1334.0,HB,ILE,88.0,-15.521,11.828,26.161,0.09,1.32,0.0
ATOM,1335.0,HG12,ILE,88.0,-17.584,9.878,26.03,0.09,1.32,5.2
ATOM,1336.0,HG13,ILE,88.0,-16.539,9.818,27.27,0.09,1.32,0.0
ATOM,1337.0,HG21,ILE,88.0,-17.201,12.014,24.456,0.09,1.32,0.0
ATOM,1338.0,HG22,ILE,88.0,-15.748,11.74,23.769,0.09,1.32,2.71
ATOM,1339.0,HG23,ILE,88.0,-16.819,10.52,23.927,0.09,1.32,9.0
ATOM,1340.0,HD11,ILE,88.0,-18.24,12.061,26.69,0.09,1.32,0.0
ATOM,1341.0,HD12,ILE,88.0,-18.481,10.994,27.903,0.09,1.32,0.0
ATOM,1342.0,HD13,ILE,88.0,-17.19,11.993,27.938,0.09,1.32,0.0
ATOM,1343.0,N,ARG,89.0,-13.32,10.533,23.655,-0.47,1.85,0.0
ATOM,1344.0,CA,ARG,89.0,-12.234,11.197,22.952,0.07,2.275,1.62
ATOM,1345.0,C,ARG,89.0,-12.468,11.092,21.454,0.51,2.0,1.24
ATOM,1346.0,O,ARG,89.0,-13.223,10.242,21.007,-0.51,1.7,6.39
ATOM,1347.0,CB,ARG,89.0,-10.908,10.566,23.344,-0.18,2.175,0.0
ATOM,1348.0,CG,ARG,89.0,-10.829,9.122,23.04,-0.18,2.175,0.0
ATOM,1349.0,CD,ARG,89.0,-9.982,8.932,21.823,0.2,2.175,0.0
ATOM,1350.0,NE,ARG,89.0,-9.419,7.592,21.774,-0.7,1.85,0.0
ATOM,1351.0,CZ,ARG,89.0,-9.651,6.722,20.8,0.64,2.0,0.0
ATOM,1352.0,NH1,ARG,89.0,-10.441,7.056,19.789,-0.8,1.85,0.0
ATOM,1353.0,NH2,ARG,89.0,-9.087,5.528,20.834,-0.8,1.85,0.0
ATOM,1354.0,H,ARG,89.0,-13.981,9.875,23.201,0.31,0.2245,0.43
ATOM,1355.0,HA,ARG,89.0,-12.222,12.165,23.209,0.09,1.32,1.28
ATOM,1356.0,HB2,ARG,89.0,-10.184,11.044,22.848,0.09,1.32,0.0
ATOM,1357.0,HB3,ARG,89.0,-10.785,10.699,24.326,0.09,1.32,0.0
ATOM,1358.0,HG2,ARG,89.0,-10.407,8.633,23.794,0.09,1.32,0.0
ATOM,1359.0,HG3,ARG,89.0,-11.734,8.759,22.85,0.09,1.32,0.0
ATOM,1360.0,HD2,ARG,89.0,-10.547,9.078,21.014,0.09,1.32,0.0
ATOM,1361.0,HD3,ARG,89.0,-9.239,9.597,21.845,0.09,1.32,0.0
ATOM,1362.0,HE,ARG,89.0,-8.814,7.305,22.527,0.44,0.2245,0.0
ATOM,1363.0,HH11,ARG,89.0,-10.854,7.96,19.729,0.46,0.2245,0.0
ATOM,1364.0,HH12,ARG,89.0,-10.628,6.381,19.062,0.46,0.2245,3.13
ATOM,1365.0,HH21,ARG,89.0,-8.468,5.288,21.587,0.46,0.2245,0.0
ATOM,1366.0,HH22,ARG,89.0,-9.272,4.86,20.113,0.46,0.2245,4.45
ATOM,1367.0,N,ALA,90.0,-11.842,11.963,20.677,-0.47,1.85,3.77
ATOM,1368.0,CA,ALA,90.0,-12.021,11.941,19.235,0.07,2.275,2.67
ATOM,1369.0,C,ALA,90.0,-11.695,10.575,18.643,0.51,2.0,0.0
ATOM,1370.0,O,ALA,90.0,-10.98,9.779,19.25,-0.51,1.7,0.0
ATOM,1371.0,CB,ALA,90.0,-11.16,13.007,18.595,-0.27,2.06,3.13
ATOM,1372.0,H,ALA,90.0,-11.234,12.638,21.172,0.31,0.2245,1.33
ATOM,1373.0,HA,ALA,90.0,-12.986,12.16,19.022,0.09,1.32,5.5
ATOM,1374.0,HB1,ALA,90.0,-11.631,13.89,18.632,0.09,1.32,7.87
ATOM,1375.0,HB2,ALA,90.0,-10.289,13.078,19.084,0.09,1.32,0.0
ATOM,1376.0,HB3,ALA,90.0,-10.981,12.769,17.639,0.09,1.32,0.0
ATOM,1377.0,N,PRO,91.0,-12.22,10.286,17.438,-0.29,1.85,0.0
ATOM,1378.0,CA,PRO,91.0,-11.97,8.998,16.783,0.02,2.275,0.22
ATOM,1379.0,C,PRO,91.0,-10.584,8.892,16.167,0.51,2.0,0.0
ATOM,1380.0,O,PRO,91.0,-10.156,7.811,15.767,-0.51,1.7,15.4
ATOM,1381.0,CB,PRO,91.0,-13.066,8.909,15.73,-0.18,2.175,15.96
ATOM,1382.0,CG,PRO,91.0,-13.385,10.338,15.405,-0.18,2.175,15.74
ATOM,1383.0,CD,PRO,91.0,-13.086,11.163,16.629,0.0,2.175,10.06
ATOM,1384.0,HA,PRO,91.0,-12.132,8.233,17.435,0.09,1.32,0.0
ATOM,1385.0,HB2,PRO,91.0,-12.742,8.424,14.915,0.09,1.32,6.69
ATOM,1386.0,HB3,PRO,91.0,-13.874,8.438,16.091,0.09,1.32,6.5
ATOM,1387.0,HG2,PRO,91.0,-12.829,10.651,14.617,0.09,1.32,0.7
ATOM,1388.0,HG3,PRO,91.0,-14.359,10.427,15.141,0.09,1.32,12.35
ATOM,1389.0,HD2,PRO,91.0,-12.605,12.008,16.392,0.09,1.32,0.09
ATOM,1390.0,HD3,PRO,91.0,-13.923,11.39,17.131,0.09,1.32,8.87
ATOM,1391.0,N,THR,92.0,-9.885,10.017,16.085,-0.47,1.85,0.0
ATOM,1392.0,CA,THR,92.0,-8.546,10.025,15.522,0.07,2.275,0.0
ATOM,1393.0,C,THR,92.0,-7.612,10.724,16.472,0.51,2.0,0.0
ATOM,1394.0,O,THR,92.0,-8.015,11.638,17.188,-0.51,1.7,0.0
ATOM,1395.0,CB,THR,92.0,-8.486,10.764,14.18,0.14,2.275,0.22
ATOM,1396.0,OG1,THR,92.0,-9.115,12.044,14.311,-0.66,1.77,1.09
ATOM,1397.0,CG2,THR,92.0,-9.178,9.958,13.101,-0.27,2.06,34.18
ATOM,1398.0,H,THR,92.0,-10.364,10.86,16.446,0.31,0.2245,0.0
ATOM,1399.0,HA,THR,92.0,-8.242,9.076,15.41,0.09,1.32,1.33
ATOM,1400.0,HB,THR,92.0,-7.509,10.915,13.928,0.09,1.32,0.0
ATOM,1401.0,HG21,THR,92.0,-9.943,10.482,12.718,0.09,1.32,5.26
ATOM,1402.0,HG22,THR,92.0,-8.531,9.742,12.365,0.09,1.32,9.56
ATOM,1403.0,HG23,THR,92.0,-9.531,9.101,13.486,0.09,1.32,1.71
ATOM,1404.0,HG1,THR,92.0,-8.977,12.408,15.238,0.43,0.2245,0.0
ATOM,1405.0,N,ILE,93.0,-6.36,10.282,16.473,-0.47,1.85,0.0
ATOM,1406.0,CA,ILE,93.0,-5.339,10.865,17.327,0.07,2.275,0.0
ATOM,1407.0,C,ILE,93.0,-5.151,12.324,16.905,0.51,2.0,0.0
ATOM,1408.0,O,ILE,93.0,-4.915,13.204,17.732,-0.51,1.7,0.0
ATOM,1409.0,CB,ILE,93.0,-4.004,10.065,17.204,-0.09,2.275,0.37
ATOM,1410.0,CG1,ILE,93.0,-3.095,10.367,18.398,-0.18,2.175,0.11
ATOM,1411.0,CG2,ILE,93.0,-3.301,10.395,15.901,-0.27,2.06,20.77
ATOM,1412.0,CD1,ILE,93.0,-1.995,9.338,18.589,-0.27,2.06,9.01
ATOM,1413.0,H,ILE,93.0,-6.178,9.493,15.818,0.31,0.2245,3.4
ATOM,1414.0,HA,ILE,93.0,-5.714,10.885,18.247,0.09,1.32,0.0
ATOM,1415.0,HB,ILE,93.0,-4.233,9.101,17.221,0.09,1.32,0.58
ATOM,1416.0,HG12,ILE,93.0,-2.68,11.262,18.262,0.09,1.32,0.53
ATOM,1417.0,HG13,ILE,93.0,-3.656,10.39,19.221,0.09,1.32,0.0
ATOM,1418.0,HG21,ILE,93.0,-2.469,9.847,15.82,0.09,1.32,6.32
ATOM,1419.0,HG22,ILE,93.0,-3.906,10.193,15.132,0.09,1.32,0.59
ATOM,1420.0,HG23,ILE,93.0,-3.06,11.365,15.885,0.09,1.32,1.92
ATOM,1421.0,HD11,ILE,93.0,-1.423,9.313,17.771,0.09,1.32,4.47
ATOM,1422.0,HD12,ILE,93.0,-1.441,9.592,19.38,0.09,1.32,0.0
ATOM,1423.0,HD13,ILE,93.0,-2.406,8.441,18.74,0.09,1.32,0.62
ATOM,1424.0,N,GLU,94.0,-5.294,12.566,15.606,-0.47,1.85,0.0
ATOM,1425.0,CA,GLU,94.0,-5.166,13.904,15.046,0.07,2.275,0.86
ATOM,1426.0,C,GLU,94.0,-6.233,14.82,15.617,0.51,2.0,0.0
ATOM,1427.0,O,GLU,94.0,-5.966,15.975,15.942,-0.51,1.7,16.8
ATOM,1428.0,CB,GLU,94.0,-5.333,13.862,13.527,-0.18,2.175,9.5
ATOM,1429.0,CG,GLU,94.0,-4.118,13.384,12.781,-0.28,2.175,20.27
ATOM,1430.0,CD,GLU,94.0,-4.191,11.916,12.444,0.62,2.0,3.01
ATOM,1431.0,OE1,GLU,94.0,-5.022,11.195,13.039,-0.76,1.7,8.23
ATOM,1432.0,OE2,GLU,94.0,-3.413,11.479,11.578,-0.76,1.7,45.95
ATOM,1433.0,H,GLU,94.0,-5.504,11.722,15.029,0.31,0.2245,0.0
ATOM,1434.0,HA,GLU,94.0,-4.255,14.274,15.258,0.09,1.32,5.41
ATOM,1435.0,HB2,GLU,94.0,-6.077,13.243,13.328,0.09,1.32,0.44
ATOM,1436.0,HB3,GLU,94.0,-5.535,14.78,13.226,0.09,1.32,8.93
ATOM,1437.0,HG2,GLU,94.0,-4.055,13.881,11.934,0.09,1.32,10.51
ATOM,1438.0,HG3,GLU,94.0,-3.326,13.519,13.349,0.09,1.32,6.5
ATOM,1439.0,N,GLN,95.0,-7.449,14.298,15.729,-0.47,1.85,0.0
ATOM,1440.0,CA,GLN,95.0,-8.559,15.086,16.229,0.07,2.275,0.46
ATOM,1441.0,C,GLN,95.0,-8.697,15.094,17.74,0.51,2.0,0.0
ATOM,1442.0,O,GLN,95.0,-9.462,15.878,18.292,-0.51,1.7,9.51
ATOM,1443.0,CB,GLN,95.0,-9.862,14.589,15.621,-0.18,2.175,0.82
ATOM,1444.0,CG,GLN,95.0,-10.144,15.155,14.259,-0.18,2.175,12.38
ATOM,1445.0,CD,GLN,95.0,-11.278,14.442,13.597,0.55,2.0,2.8
ATOM,1446.0,H,GLN,95.0,-7.529,13.308,15.436,0.31,0.2245,0.0
ATOM,1447.0,HA,GLN,95.0,-8.417,16.053,15.927,0.09,1.32,5.11
ATOM,1448.0,HB2,GLN,95.0,-9.821,13.59,15.548,0.09,1.32,0.0
ATOM,1449.0,HB3,GLN,95.0,-10.617,14.84,16.232,0.09,1.32,3.24
ATOM,1450.0,HG2,GLN,95.0,-10.379,16.121,14.352,0.09,1.32,9.45
ATOM,1451.0,HG3,GLN,95.0,-9.326,15.061,13.693,0.09,1.32,3.91
ATOM,1452.0,OE1,GLN,95.0,-11.551,13.283,13.903,-0.55,1.7,4.69
ATOM,1453.0,NE2,GLN,95.0,-11.954,15.123,12.681,-0.62,1.85,28.42
ATOM,1454.0,HE21,GLN,95.0,-12.734,14.7,12.174,0.32,0.2245,22.11
ATOM,1455.0,HE22,GLN,95.0,-11.684,16.087,12.485,0.3,0.2245,17.81
ATOM,1456.0,N,MET,96.0,-7.963,14.224,18.418,-0.47,1.85,0.0
ATOM,1457.0,CA,MET,96.0,-8.059,14.167,19.869,0.07,2.275,0.0
ATOM,1458.0,C,MET,96.0,-7.265,15.276,20.549,0.51,2.0,0.0
ATOM,1459.0,O,MET,96.0,-6.032,15.264,20.574,-0.51,1.7,0.43
ATOM,1460.0,CB,MET,96.0,-7.597,12.798,20.365,-0.18,2.175,0.0
ATOM,1461.0,CG,MET,96.0,-7.65,12.642,21.872,-0.14,2.175,0.0
ATOM,1462.0,SD,MET,96.0,-7.083,11.03,22.381,-0.09,2.0,0.12
ATOM,1463.0,CE,MET,96.0,-5.348,11.068,21.923,-0.22,2.06,0.0
ATOM,1464.0,H,MET,96.0,-7.349,13.622,17.855,0.31,0.2245,0.0
ATOM,1465.0,HA,MET,96.0,-9.032,14.28,20.126,0.09,1.32,0.0
ATOM,1466.0,HB2,MET,96.0,-8.178,12.086,19.949,0.09,1.32,0.0
ATOM,1467.0,HB3,MET,96.0,-6.648,12.644,20.061,0.09,1.32,0.0
ATOM,1468.0,HG2,MET,96.0,-7.085,13.383,22.294,0.09,1.32,0.0
ATOM,1469.0,HG3,MET,96.0,-8.61,12.811,22.182,0.09,1.32,0.0
ATOM,1470.0,HE1,MET,96.0,-4.867,11.735,22.493,0.09,1.32,0.0
ATOM,1471.0,HE2,MET,96.0,-4.947,10.162,22.059,0.09,1.32,0.0
ATOM,1472.0,HE3,MET,96.0,-5.262,11.329,20.961,0.09,1.32,0.0
ATOM,1473.0,N,LYS,97.0,-8.0,16.237,21.097,-0.47,1.85,0.0
ATOM,1474.0,CA,LYS,97.0,-7.415,17.369,21.799,0.07,2.275,1.34
ATOM,1475.0,C,LYS,97.0,-7.76,17.22,23.267,0.51,2.0,0.0
ATOM,1476.0,O,LYS,97.0,-6.91,17.392,24.128,-0.51,1.7,2.03
ATOM,1477.0,CB,LYS,97.0,-7.989,18.683,21.265,-0.18,2.175,4.81
ATOM,1478.0,CG,LYS,97.0,-7.769,18.898,19.775,-0.18,2.175,2.96
ATOM,1479.0,CD,LYS,97.0,-7.383,20.333,19.481,-0.18,2.175,12.38
ATOM,1480.0,CE,LYS,97.0,-6.345,20.413,18.373,0.21,2.175,16.54
ATOM,1481.0,NZ,LYS,97.0,-5.324,21.464,18.662,-0.3,1.85,14.14
ATOM,1482.0,H,LYS,97.0,-9.032,16.109,20.98,0.31,0.2245,2.12
ATOM,1483.0,HA,LYS,97.0,-6.426,17.343,21.694,0.09,1.32,2.98
ATOM,1484.0,HB2,LYS,97.0,-8.972,18.688,21.441,0.09,1.32,3.53
ATOM,1485.0,HB3,LYS,97.0,-7.555,19.436,21.759,0.09,1.32,6.25
ATOM,1486.0,HG2,LYS,97.0,-7.036,18.293,19.464,0.09,1.32,0.39
ATOM,1487.0,HG3,LYS,97.0,-8.613,18.68,19.287,0.09,1.32,5.81
ATOM,1488.0,HD2,LYS,97.0,-8.193,20.834,19.192,0.09,1.32,11.63
ATOM,1489.0,HD3,LYS,97.0,-6.999,20.742,20.303,0.09,1.32,5.16
ATOM,1490.0,HE2,LYS,97.0,-5.888,19.527,18.29,0.05,1.32,4.64
ATOM,1491.0,HE3,LYS,97.0,-6.804,20.631,17.511,0.05,1.32,11.54
ATOM,1492.0,HZ1,LYS,97.0,-4.787,21.191,19.459,0.33,0.2245,18.17
ATOM,1493.0,HZ2,LYS,97.0,-4.724,21.566,17.87,0.33,0.2245,20.13
ATOM,1494.0,HZ3,LYS,97.0,-5.786,22.33,18.848,0.33,0.2245,17.78
ATOM,1495.0,N,ASP,98.0,-9.019,16.899,23.541,-0.47,1.85,0.0
ATOM,1496.0,CA,ASP,98.0,-9.49,16.702,24.909,0.07,2.275,0.0
ATOM,1497.0,C,ASP,98.0,-9.837,15.246,25.176,0.51,2.0,0.0
ATOM,1498.0,O,ASP,98.0,-9.974,14.437,24.252,-0.51,1.7,1.31
ATOM,1499.0,CB,ASP,98.0,-10.743,17.532,25.194,-0.28,2.175,0.0
ATOM,1500.0,CG,ASP,98.0,-10.536,19.01,24.949,0.62,2.0,0.0
ATOM,1501.0,OD1,ASP,98.0,-9.602,19.596,25.541,-0.76,1.7,5.13
ATOM,1502.0,OD2,ASP,98.0,-11.315,19.581,24.161,-0.76,1.7,16.87
ATOM,1503.0,H,ASP,98.0,-9.635,16.801,22.707,0.31,0.2245,3.77
ATOM,1504.0,HA,ASP,98.0,-8.727,16.943,25.524,0.09,1.32,0.0
ATOM,1505.0,HB2,ASP,98.0,-11.468,17.206,24.597,0.09,1.32,2.36
ATOM,1506.0,HB3,ASP,98.0,-10.991,17.395,26.147,0.09,1.32,0.0
ATOM,1507.0,N,VAL,99.0,-9.982,14.925,26.455,-0.47,1.85,0.0
ATOM,1508.0,CA,VAL,99.0,-10.344,13.585,26.871,0.07,2.275,0.0
ATOM,1509.0,C,VAL,99.0,-11.268,13.685,28.078,0.51,2.0,0.0
ATOM,1510.0,O,VAL,99.0,-10.948,14.341,29.077,-0.51,1.7,0.0
ATOM,1511.0,CB,VAL,99.0,-9.096,12.738,27.227,-0.09,2.275,0.0
ATOM,1512.0,CG1,VAL,99.0,-9.5,11.3,27.438,-0.27,2.06,0.02
ATOM,1513.0,CG2,VAL,99.0,-8.07,12.83,26.118,-0.27,2.06,0.0
ATOM,1514.0,H,VAL,99.0,-9.815,15.709,27.121,0.31,0.2245,0.0
ATOM,1515.0,HA,VAL,99.0,-10.852,13.148,26.13,0.09,1.32,0.0
ATOM,1516.0,HB,VAL,99.0,-8.744,13.08,28.09,0.09,1.32,0.0
ATOM,1517.0,HG11,VAL,99.0,-8.709,10.7,27.302,0.09,1.32,0.0
ATOM,1518.0,HG12,VAL,99.0,-9.847,11.177,28.37,0.09,1.32,0.0
ATOM,1519.0,HG13,VAL,99.0,-10.218,11.048,26.785,0.09,1.32,0.0
ATOM,1520.0,HG21,VAL,99.0,-7.53,11.987,26.091,0.09,1.32,0.0
ATOM,1521.0,HG22,VAL,99.0,-8.536,12.955,25.241,0.09,1.32,0.0
ATOM,1522.0,HG23,VAL,99.0,-7.464,13.609,26.287,0.09,1.32,0.0
ATOM,1523.0,N,TYR,100.0,-12.432,13.054,27.964,-0.47,1.85,0.0
ATOM,1524.0,CA,TYR,100.0,-13.412,13.052,29.041,0.07,2.275,0.0
ATOM,1525.0,C,TYR,100.0,-13.485,11.671,29.691,0.51,2.0,0.0
ATOM,1526.0,O,TYR,100.0,-13.683,10.658,29.014,-0.51,1.7,0.0
ATOM,1527.0,CB,TYR,100.0,-14.786,13.446,28.508,-0.18,2.175,0.0
ATOM,1528.0,CG,TYR,100.0,-14.789,14.76,27.755,0.0,1.9924,0.0
ATOM,1529.0,CD1,TYR,100.0,-14.334,14.834,26.434,-0.115,1.9924,0.42
ATOM,1530.0,CD2,TYR,100.0,-15.249,15.927,28.359,-0.115,1.9924,0.0
ATOM,1531.0,CE1,TYR,100.0,-14.338,16.035,25.734,-0.115,1.9924,0.94
ATOM,1532.0,CE2,TYR,100.0,-15.258,17.138,27.665,-0.115,1.9924,0.0
ATOM,1533.0,CZ,TYR,100.0,-14.806,17.186,26.353,0.11,1.9924,0.0
ATOM,1534.0,OH,TYR,100.0,-14.861,18.386,25.667,-0.54,1.77,0.08
ATOM,1535.0,H,TYR,100.0,-12.578,12.571,27.055,0.31,0.2245,0.0
ATOM,1536.0,HA,TYR,100.0,-13.118,13.709,29.741,0.09,1.32,0.0
ATOM,1537.0,HB2,TYR,100.0,-15.1,12.733,27.889,0.09,1.32,0.0
ATOM,1538.0,HB3,TYR,100.0,-15.411,13.53,29.279,0.09,1.32,0.0
ATOM,1539.0,HD1,TYR,100.0,-13.998,14.004,25.984,0.115,1.3582,0.0
ATOM,1540.0,HD2,TYR,100.0,-15.578,15.9,29.299,0.115,1.3582,0.0
ATOM,1541.0,HE1,TYR,100.0,-14.007,16.07,24.791,0.115,1.3582,7.42
ATOM,1542.0,HE2,TYR,100.0,-15.589,17.968,28.113,0.115,1.3582,0.0
ATOM,1543.0,HH,TYR,100.0,-13.942,18.628,25.364,0.43,0.2245,0.89
ATOM,1544.0,N,ILE,101.0,-13.297,11.643,31.007,-0.47,1.85,0.0
ATOM,1545.0,CA,ILE,101.0,-13.347,10.406,31.759,0.07,2.275,0.0
ATOM,1546.0,C,ILE,101.0,-14.623,10.46,32.581,0.51,2.0,0.0
ATOM,1547.0,O,ILE,101.0,-14.94,11.485,33.178,-0.51,1.7,1.61
ATOM,1548.0,CB,ILE,101.0,-12.113,10.258,32.664,-0.09,2.275,1.34
ATOM,1549.0,CG1,ILE,101.0,-10.851,10.245,31.801,-0.18,2.175,0.0
ATOM,1550.0,CG2,ILE,101.0,-12.183,8.948,33.438,-0.27,2.06,2.12
ATOM,1551.0,CD1,ILE,101.0,-9.923,11.424,32.021,-0.27,2.06,3.97
ATOM,1552.0,H,ILE,101.0,-13.114,12.573,31.438,0.31,0.2245,0.0
ATOM,1553.0,HA,ILE,101.0,-13.466,9.677,31.099,0.09,1.32,0.0
ATOM,1554.0,HB,ILE,101.0,-12.071,11.049,33.258,0.09,1.32,0.49
ATOM,1555.0,HG12,ILE,101.0,-10.348,9.399,31.988,0.09,1.32,0.0
ATOM,1556.0,HG13,ILE,101.0,-11.13,10.235,30.838,0.09,1.32,0.0
ATOM,1557.0,HG21,ILE,101.0,-11.375,8.86,34.018,0.09,1.32,3.5
ATOM,1558.0,HG22,ILE,101.0,-13.003,8.941,34.007,0.09,1.32,0.0
ATOM,1559.0,HG23,ILE,101.0,-12.217,8.184,32.797,0.09,1.32,0.0
ATOM,1560.0,HD11,ILE,101.0,-9.624,11.435,32.974,0.09,1.32,7.54
ATOM,1561.0,HD12,ILE,101.0,-9.13,11.336,31.421,0.09,1.32,0.0
ATOM,1562.0,HD13,ILE,101.0,-10.41,12.27,31.812,0.09,1.32,0.0
ATOM,1563.0,N,VAL,102.0,-15.365,9.358,32.577,-0.47,1.85,0.0
ATOM,1564.0,CA,VAL,102.0,-16.625,9.274,33.292,0.07,2.275,0.0
ATOM,1565.0,C,VAL,102.0,-16.526,8.312,34.468,0.51,2.0,0.0
ATOM,1566.0,O,VAL,102.0,-16.035,7.197,34.326,-0.51,1.7,0.0
ATOM,1567.0,CB,VAL,102.0,-17.746,8.789,32.348,-0.09,2.275,0.0
ATOM,1568.0,CG1,VAL,102.0,-19.073,8.751,33.084,-0.27,2.06,0.0
ATOM,1569.0,CG2,VAL,102.0,-17.815,9.683,31.132,-0.27,2.06,0.0
ATOM,1570.0,H,VAL,102.0,-14.966,8.57,32.022,0.31,0.2245,0.0
ATOM,1571.0,HA,VAL,102.0,-16.843,10.188,33.658,0.09,1.32,0.0
ATOM,1572.0,HB,VAL,102.0,-17.531,7.856,32.081,0.09,1.32,0.0
ATOM,1573.0,HG11,VAL,102.0,-18.914,8.569,34.055,0.09,1.32,0.0
ATOM,1574.0,HG12,VAL,102.0,-19.538,9.631,32.984,0.09,1.32,0.0
ATOM,1575.0,HG13,VAL,102.0,-19.649,8.027,32.702,0.09,1.32,0.43
ATOM,1576.0,HG21,VAL,102.0,-18.639,10.251,31.179,0.09,1.32,0.0
ATOM,1577.0,HG22,VAL,102.0,-17.006,10.273,31.103,0.09,1.32,0.0
ATOM,1578.0,HG23,VAL,102.0,-17.846,9.121,30.304,0.09,1.32,0.0
ATOM,1579.0,N,GLN,103.0,-16.999,8.754,35.628,-0.47,1.85,0.03
ATOM,1580.0,CA,GLN,103.0,-16.97,7.938,36.833,0.07,2.275,0.0
ATOM,1581.0,C,GLN,103.0,-18.312,8.076,37.532,0.51,2.0,0.0
ATOM,1582.0,O,GLN,103.0,-19.066,9.012,37.259,-0.51,1.7,0.0
ATOM,1583.0,CB,GLN,103.0,-15.888,8.428,37.793,-0.18,2.175,0.41
ATOM,1584.0,CG,GLN,103.0,-14.463,8.088,37.412,-0.18,2.175,1.37
ATOM,1585.0,CD,GLN,103.0,-13.442,8.792,38.311,0.55,2.0,2.05
ATOM,1586.0,H,GLN,103.0,-17.386,9.72,35.599,0.31,0.2245,0.0
ATOM,1587.0,HA,GLN,103.0,-16.862,6.985,36.561,0.09,1.32,0.0
ATOM,1588.0,HB2,GLN,103.0,-15.96,9.433,37.87,0.09,1.32,1.16
ATOM,1589.0,HB3,GLN,103.0,-16.07,8.035,38.708,0.09,1.32,0.0
ATOM,1590.0,HG2,GLN,103.0,-14.326,7.105,37.499,0.09,1.32,0.0
ATOM,1591.0,HG3,GLN,103.0,-14.298,8.374,36.471,0.09,1.32,0.0
ATOM,1592.0,OE1,GLN,103.0,-13.804,9.579,39.196,-0.55,1.7,19.15
ATOM,1593.0,NE2,GLN,103.0,-12.163,8.511,38.086,-0.62,1.85,7.22
ATOM,1594.0,HE21,GLN,103.0,-11.433,8.951,38.633,0.32,0.2245,7.35
ATOM,1595.0,HE22,GLN,103.0,-11.929,7.844,37.353,0.3,0.2245,0.0
ATOM,1596.0,N,ASP,104.0,-18.602,7.147,38.437,-0.47,1.85,0.0
ATOM,1597.0,CA,ASP,104.0,-19.84,7.19,39.202,0.07,2.275,0.24
ATOM,1598.0,C,ASP,104.0,-19.904,8.543,39.886,0.51,2.0,0.0
ATOM,1599.0,O,ASP,104.0,-18.875,9.14,40.209,-0.51,1.7,1.82
ATOM,1600.0,CB,ASP,104.0,-19.833,6.127,40.291,-0.28,2.175,2.92
ATOM,1601.0,CG,ASP,104.0,-20.182,4.757,39.777,0.62,2.0,3.71
ATOM,1602.0,OD1,ASP,104.0,-20.478,4.618,38.572,-0.76,1.7,16.98
ATOM,1603.0,OD2,ASP,104.0,-20.159,3.814,40.597,-0.76,1.7,32.96
ATOM,1604.0,H,ASP,104.0,-17.884,6.406,38.547,0.31,0.2245,0.03
ATOM,1605.0,HA,ASP,104.0,-20.592,7.152,38.552,0.09,1.32,0.41
ATOM,1606.0,HB2,ASP,104.0,-18.919,6.1,40.689,0.09,1.32,0.0
ATOM,1607.0,HB3,ASP,104.0,-20.498,6.392,40.984,0.09,1.32,3.48
ATOM,1608.0,N,LEU,105.0,-21.114,9.016,40.127,-0.47,1.85,0.0
ATOM,1609.0,CA,LEU,105.0,-21.283,10.291,40.792,0.07,2.275,0.0
ATOM,1610.0,C,LEU,105.0,-21.209,10.063,42.29,0.51,2.0,0.0
ATOM,1611.0,O,LEU,105.0,-22.012,9.32,42.855,-0.51,1.7,11.45
ATOM,1612.0,CB,LEU,105.0,-22.637,10.901,40.436,-0.18,2.175,0.0
ATOM,1613.0,CG,LEU,105.0,-23.007,12.236,41.083,-0.09,2.275,1.15
ATOM,1614.0,CD1,LEU,105.0,-21.819,13.192,41.075,-0.27,2.06,2.54
ATOM,1615.0,CD2,LEU,105.0,-24.18,12.836,40.316,-0.27,2.06,9.38
ATOM,1616.0,H,LEU,105.0,-21.895,8.419,39.811,0.31,0.2245,5.75
ATOM,1617.0,HA,LEU,105.0,-20.536,10.898,40.526,0.09,1.32,0.0
ATOM,1618.0,HB2,LEU,105.0,-22.659,11.038,39.442,0.09,1.32,0.0
ATOM,1619.0,HB3,LEU,105.0,-23.347,10.241,40.691,0.09,1.32,5.4
ATOM,1620.0,HG,LEU,105.0,-23.293,12.072,42.028,0.09,1.32,0.0
ATOM,1621.0,HD11,LEU,105.0,-21.533,13.36,40.132,0.09,1.32,0.0
ATOM,1622.0,HD12,LEU,105.0,-22.084,14.056,41.502,0.09,1.32,6.23
ATOM,1623.0,HD13,LEU,105.0,-21.062,12.786,41.586,0.09,1.32,0.0
ATOM,1624.0,HD21,LEU,105.0,-24.959,12.21,40.355,0.09,1.32,4.33
ATOM,1625.0,HD22,LEU,105.0,-24.435,13.711,40.728,0.09,1.32,7.41
ATOM,1626.0,HD23,LEU,105.0,-23.916,12.98,39.362,0.09,1.32,0.0
ATOM,1627.0,N,MET,106.0,-20.233,10.683,42.932,-0.47,1.85,0.0
ATOM,1628.0,CA,MET,106.0,-20.105,10.552,44.364,0.07,2.275,0.0
ATOM,1629.0,C,MET,106.0,-20.408,11.949,44.86,0.51,2.0,0.0
ATOM,1630.0,O,MET,106.0,-19.692,12.893,44.556,-0.51,1.7,12.09
ATOM,1631.0,CB,MET,106.0,-18.688,10.124,44.744,-0.18,2.175,0.06
ATOM,1632.0,CG,MET,106.0,-18.277,8.753,44.208,-0.14,2.175,0.1
ATOM,1633.0,SD,MET,106.0,-19.283,7.378,44.86,-0.09,2.0,2.87
ATOM,1634.0,CE,MET,106.0,-18.441,6.982,46.406,-0.22,2.06,0.0
ATOM,1635.0,H,MET,106.0,-19.6,11.244,42.34,0.31,0.2245,2.75
ATOM,1636.0,HA,MET,106.0,-20.806,9.951,44.691,0.09,1.32,0.0
ATOM,1637.0,HB2,MET,106.0,-18.032,10.808,44.394,0.09,1.32,1.19
ATOM,1638.0,HB3,MET,106.0,-18.609,10.105,45.751,0.09,1.32,0.0
ATOM,1639.0,HG2,MET,106.0,-18.328,8.777,43.182,0.09,1.32,0.0
ATOM,1640.0,HG3,MET,106.0,-17.284,8.603,44.425,0.09,1.32,0.0
ATOM,1641.0,HE1,MET,106.0,-17.458,6.923,46.24,0.09,1.32,0.0
ATOM,1642.0,HE2,MET,106.0,-18.626,7.7,47.075,0.09,1.32,0.0
ATOM,1643.0,HE3,MET,106.0,-18.778,6.107,46.749,0.09,1.32,0.0
ATOM,1644.0,N,GLU,107.0,-21.496,12.072,45.604,-0.47,1.85,0.0
ATOM,1645.0,CA,GLU,107.0,-21.949,13.357,46.121,0.07,2.275,0.57
ATOM,1646.0,C,GLU,107.0,-20.924,14.219,46.83,0.51,2.0,0.0
ATOM,1647.0,O,GLU,107.0,-20.827,15.42,46.56,-0.51,1.7,25.4
ATOM,1648.0,CB,GLU,107.0,-23.132,13.148,47.069,-0.18,2.175,5.59
ATOM,1649.0,CG,GLU,107.0,-24.417,12.765,46.372,-0.28,2.175,16.19
ATOM,1650.0,CD,GLU,107.0,-24.574,11.265,46.234,0.62,2.0,0.0
ATOM,1651.0,OE1,GLU,107.0,-23.641,10.531,46.639,-0.76,1.7,0.09
ATOM,1652.0,OE2,GLU,107.0,-25.628,10.821,45.722,-0.76,1.7,27.65
ATOM,1653.0,H,GLU,107.0,-22.0,11.175,45.788,0.31,0.2245,0.0
ATOM,1654.0,HA,GLU,107.0,-22.365,13.9,45.343,0.09,1.32,4.47
ATOM,1655.0,HB2,GLU,107.0,-22.893,12.418,47.685,0.09,1.32,0.0
ATOM,1656.0,HB3,GLU,107.0,-23.286,13.996,47.544,0.09,1.32,7.56
ATOM,1657.0,HG2,GLU,107.0,-25.172,13.094,46.908,0.09,1.32,5.26
ATOM,1658.0,HG3,GLU,107.0,-24.408,13.146,45.466,0.09,1.32,4.24
ATOM,1659.0,N,THR,108.0,-20.16,13.614,47.734,-0.47,1.85,0.0
ATOM,1660.0,CA,THR,108.0,-19.192,14.369,48.518,0.07,2.275,0.03
ATOM,1661.0,C,THR,108.0,-17.868,13.612,48.752,0.51,2.0,0.0
ATOM,1662.0,O,THR,108.0,-17.539,12.68,48.017,-0.51,1.7,0.28
ATOM,1663.0,CB,THR,108.0,-19.875,14.784,49.865,0.14,2.275,5.61
ATOM,1664.0,OG1,THR,108.0,-19.065,15.739,50.551,-0.66,1.77,5.14
ATOM,1665.0,CG2,THR,108.0,-20.128,13.572,50.755,-0.27,2.06,15.19
ATOM,1666.0,H,THR,108.0,-20.309,12.596,47.827,0.31,0.2245,0.0
ATOM,1667.0,HA,THR,108.0,-18.972,15.228,48.023,0.09,1.32,0.0
ATOM,1668.0,HB,THR,108.0,-20.773,15.215,49.645,0.09,1.32,6.98
ATOM,1669.0,HG21,THR,108.0,-19.357,12.936,50.688,0.09,1.32,0.0
ATOM,1670.0,HG22,THR,108.0,-20.23,13.867,51.707,0.09,1.32,3.72
ATOM,1671.0,HG23,THR,108.0,-20.966,13.106,50.463,0.09,1.32,2.61
ATOM,1672.0,HG1,THR,108.0,-18.261,15.291,50.958,0.43,0.2245,0.0
ATOM,1673.0,N,ASP,109.0,-17.102,14.036,49.753,-0.47,1.85,0.0
ATOM,1674.0,CA,ASP,109.0,-15.828,13.407,50.085,0.07,2.275,0.0
ATOM,1675.0,C,ASP,109.0,-15.559,13.677,51.551,0.51,2.0,0.0
ATOM,1676.0,O,ASP,109.0,-16.184,14.549,52.138,-0.51,1.7,0.0
ATOM,1677.0,CB,ASP,109.0,-14.701,13.98,49.217,-0.28,2.175,0.09
ATOM,1678.0,CG,ASP,109.0,-14.38,15.436,49.534,0.62,2.0,0.0
ATOM,1679.0,OD1,ASP,109.0,-14.267,15.79,50.724,-0.76,1.7,0.0
ATOM,1680.0,OD2,ASP,109.0,-14.228,16.236,48.585,-0.76,1.7,11.4
ATOM,1681.0,H,ASP,109.0,-17.488,14.852,50.277,0.31,0.2245,0.0
ATOM,1682.0,HA,ASP,109.0,-15.948,12.425,49.981,0.09,1.32,0.0
ATOM,1683.0,HB2,ASP,109.0,-13.885,13.434,49.374,0.09,1.32,0.0
ATOM,1684.0,HB3,ASP,109.0,-14.983,13.917,48.266,0.09,1.32,0.0
ATOM,1685.0,N,LEU,110.0,-14.621,12.952,52.142,-0.47,1.85,0.0
ATOM,1686.0,CA,LEU,110.0,-14.326,13.114,53.561,0.07,2.275,0.0
ATOM,1687.0,C,LEU,110.0,-13.88,14.512,53.994,0.51,2.0,0.0
ATOM,1688.0,O,LEU,110.0,-14.116,14.918,55.135,-0.51,1.7,0.0
ATOM,1689.0,CB,LEU,110.0,-13.278,12.09,53.989,-0.18,2.175,0.0
ATOM,1690.0,CG,LEU,110.0,-13.497,11.311,55.288,-0.09,2.275,0.0
ATOM,1691.0,CD1,LEU,110.0,-12.149,11.086,55.933,-0.27,2.06,0.0
ATOM,1692.0,CD2,LEU,110.0,-14.425,12.047,56.235,-0.27,2.06,0.0
ATOM,1693.0,H,LEU,110.0,-14.129,12.28,51.527,0.31,0.2245,0.0
ATOM,1694.0,HA,LEU,110.0,-15.17,12.874,54.093,0.09,1.32,0.0
ATOM,1695.0,HB2,LEU,110.0,-13.193,11.411,53.249,0.09,1.32,0.0
ATOM,1696.0,HB3,LEU,110.0,-12.398,12.571,54.078,0.09,1.32,0.0
ATOM,1697.0,HG,LEU,110.0,-13.917,10.44,55.074,0.09,1.32,0.0
ATOM,1698.0,HD11,LEU,110.0,-11.716,11.968,56.131,0.09,1.32,0.0
ATOM,1699.0,HD12,LEU,110.0,-12.263,10.576,56.788,0.09,1.32,0.0
ATOM,1700.0,HD13,LEU,110.0,-11.56,10.562,55.314,0.09,1.32,0.0
ATOM,1701.0,HD21,LEU,110.0,-15.316,12.182,55.797,0.09,1.32,0.0
ATOM,1702.0,HD22,LEU,110.0,-14.546,11.511,57.073,0.09,1.32,0.0
ATOM,1703.0,HD23,LEU,110.0,-14.032,12.939,56.467,0.09,1.32,0.0
ATOM,1704.0,N,TYR,111.0,-13.233,15.248,53.098,-0.47,1.85,0.0
ATOM,1705.0,CA,TYR,111.0,-12.77,16.597,53.427,0.07,2.275,0.0
ATOM,1706.0,C,TYR,111.0,-13.948,17.539,53.698,0.51,2.0,0.0
ATOM,1707.0,O,TYR,111.0,-13.926,18.325,54.643,-0.51,1.7,1.45
ATOM,1708.0,CB,TYR,111.0,-11.913,17.163,52.29,-0.18,2.175,0.0
ATOM,1709.0,CG,TYR,111.0,-11.532,18.604,52.506,0.0,1.9924,0.0
ATOM,1710.0,CD1,TYR,111.0,-12.395,19.638,52.133,-0.115,1.9924,6.08
ATOM,1711.0,CD2,TYR,111.0,-10.344,18.939,53.148,-0.115,1.9924,6.21
ATOM,1712.0,CE1,TYR,111.0,-12.088,20.97,52.404,-0.115,1.9924,9.11
ATOM,1713.0,CE2,TYR,111.0,-10.024,20.269,53.425,-0.115,1.9924,19.33
ATOM,1714.0,CZ,TYR,111.0,-10.901,21.277,53.053,0.11,1.9924,0.66
ATOM,1715.0,OH,TYR,111.0,-10.595,22.585,53.35,-0.54,1.77,26.76
ATOM,1716.0,H,TYR,111.0,-13.089,14.802,52.179,0.31,0.2245,0.0
ATOM,1717.0,HA,TYR,111.0,-12.215,16.545,54.265,0.09,1.32,0.84
ATOM,1718.0,HB2,TYR,111.0,-11.082,16.622,52.229,0.09,1.32,0.0
ATOM,1719.0,HB3,TYR,111.0,-12.434,17.098,51.447,0.09,1.32,0.0
ATOM,1720.0,HD1,TYR,111.0,-13.251,19.419,51.661,0.115,1.3582,0.0
ATOM,1721.0,HD2,TYR,111.0,-9.709,18.219,53.417,0.115,1.3582,3.07
ATOM,1722.0,HE1,TYR,111.0,-12.719,21.696,52.134,0.115,1.3582,2.64
ATOM,1723.0,HE2,TYR,111.0,-9.168,20.491,53.888,0.115,1.3582,11.1
ATOM,1724.0,HH,TYR,111.0,-9.981,22.945,52.65,0.43,0.2245,25.43
ATOM,1725.0,N,LYS,112.0,-14.972,17.457,52.859,-0.47,1.85,0.0
ATOM,1726.0,CA,LYS,112.0,-16.143,18.301,53.011,0.07,2.275,0.0
ATOM,1727.0,C,LYS,112.0,-16.961,17.819,54.189,0.51,2.0,0.18
ATOM,1728.0,O,LYS,112.0,-17.468,18.612,54.967,-0.51,1.7,0.89
ATOM,1729.0,CB,LYS,112.0,-16.986,18.265,51.737,-0.18,2.175,0.54
ATOM,1730.0,CG,LYS,112.0,-16.498,19.225,50.658,-0.18,2.175,1.47
ATOM,1731.0,CD,LYS,112.0,-16.194,18.523,49.329,-0.18,2.175,8.9
ATOM,1732.0,CE,LYS,112.0,-17.302,17.548,48.896,0.21,2.175,3.18
ATOM,1733.0,NZ,LYS,112.0,-16.955,16.77,47.654,-0.3,1.85,9.28
ATOM,1734.0,H,LYS,112.0,-14.863,16.753,52.104,0.31,0.2245,0.0
ATOM,1735.0,HA,LYS,112.0,-15.847,19.244,53.184,0.09,1.32,0.0
ATOM,1736.0,HB2,LYS,112.0,-16.957,17.341,51.368,0.09,1.32,0.0
ATOM,1737.0,HB3,LYS,112.0,-17.922,18.511,51.974,0.09,1.32,8.49
ATOM,1738.0,HG2,LYS,112.0,-17.203,19.922,50.496,0.09,1.32,7.37
ATOM,1739.0,HG3,LYS,112.0,-15.662,19.68,50.977,0.09,1.32,0.0
ATOM,1740.0,HD2,LYS,112.0,-16.091,19.215,48.617,0.09,1.32,11.07
ATOM,1741.0,HD3,LYS,112.0,-15.345,18.008,49.425,0.09,1.32,0.0
ATOM,1742.0,HE2,LYS,112.0,-17.473,16.902,49.647,0.05,1.32,0.0
ATOM,1743.0,HE3,LYS,112.0,-18.144,18.072,48.727,0.05,1.32,10.42
ATOM,1744.0,HZ1,LYS,112.0,-17.757,16.257,47.36,0.33,0.2245,1.98
ATOM,1745.0,HZ2,LYS,112.0,-16.677,17.408,46.941,0.33,0.2245,17.06
ATOM,1746.0,HZ3,LYS,112.0,-16.207,16.145,47.863,0.33,0.2245,0.13
ATOM,1747.0,N,LEU,113.0,-17.077,16.506,54.329,-0.47,1.85,0.0
ATOM,1748.0,CA,LEU,113.0,-17.844,15.931,55.427,0.07,2.275,1.01
ATOM,1749.0,C,LEU,113.0,-17.33,16.46,56.758,0.51,2.0,0.0
ATOM,1750.0,O,LEU,113.0,-18.102,16.99,57.561,-0.51,1.7,0.0
ATOM,1751.0,CB,LEU,113.0,-17.742,14.397,55.411,-0.18,2.175,0.0
ATOM,1752.0,CG,LEU,113.0,-18.879,13.542,55.996,-0.09,2.275,2.29
ATOM,1753.0,CD1,LEU,113.0,-18.299,12.316,56.65,-0.27,2.06,1.37
ATOM,1754.0,CD2,LEU,113.0,-19.678,14.317,57.011,-0.27,2.06,6.62
ATOM,1755.0,H,LEU,113.0,-16.59,15.941,53.612,0.31,0.2245,0.0
ATOM,1756.0,HA,LEU,113.0,-18.804,16.204,55.326,0.09,1.32,3.58
ATOM,1757.0,HB2,LEU,113.0,-17.627,14.111,54.447,0.09,1.32,0.0
ATOM,1758.0,HB3,LEU,113.0,-16.898,14.144,55.908,0.09,1.32,0.0
ATOM,1759.0,HG,LEU,113.0,-19.49,13.277,55.255,0.09,1.32,4.49
ATOM,1760.0,HD11,LEU,113.0,-17.674,12.584,57.387,0.09,1.32,0.0
ATOM,1761.0,HD12,LEU,113.0,-19.034,11.753,57.034,0.09,1.32,3.44
ATOM,1762.0,HD13,LEU,113.0,-17.793,11.775,55.974,0.09,1.32,0.0
ATOM,1763.0,HD21,LEU,113.0,-20.082,15.128,56.581,0.09,1.32,1.35
ATOM,1764.0,HD22,LEU,113.0,-20.413,13.742,57.379,0.09,1.32,6.52
ATOM,1765.0,HD23,LEU,113.0,-19.083,14.609,57.764,0.09,1.32,0.0
ATOM,1766.0,N,LEU,114.0,-16.02,16.327,56.977,-0.47,1.85,0.0
ATOM,1767.0,CA,LEU,114.0,-15.383,16.749,58.227,0.07,2.275,0.0
ATOM,1768.0,C,LEU,114.0,-15.468,18.238,58.515,0.51,2.0,0.01
ATOM,1769.0,O,LEU,114.0,-15.518,18.639,59.674,-0.51,1.7,4.69
ATOM,1770.0,CB,LEU,114.0,-13.919,16.307,58.25,-0.18,2.175,4.06
ATOM,1771.0,CG,LEU,114.0,-13.672,14.806,58.45,-0.09,2.275,0.0
ATOM,1772.0,CD1,LEU,114.0,-12.177,14.493,58.336,-0.27,2.06,0.08
ATOM,1773.0,CD2,LEU,114.0,-14.211,14.38,59.805,-0.27,2.06,0.0
ATOM,1774.0,H,LEU,114.0,-15.492,15.899,56.186,0.31,0.2245,0.0
ATOM,1775.0,HA,LEU,114.0,-15.833,16.247,58.996,0.09,1.32,0.0
ATOM,1776.0,HB2,LEU,114.0,-13.508,16.56,57.379,0.09,1.32,0.35
ATOM,1777.0,HB3,LEU,114.0,-13.466,16.783,58.996,0.09,1.32,0.0
ATOM,1778.0,HG,LEU,114.0,-14.168,14.299,57.75,0.09,1.32,0.0
ATOM,1779.0,HD11,LEU,114.0,-11.679,15.003,59.036,0.09,1.32,0.0
ATOM,1780.0,HD12,LEU,114.0,-12.034,13.513,58.469,0.09,1.32,0.0
ATOM,1781.0,HD13,LEU,114.0,-11.853,14.761,57.43,0.09,1.32,0.0
ATOM,1782.0,HD21,LEU,114.0,-15.194,14.564,59.848,0.09,1.32,0.0
ATOM,1783.0,HD22,LEU,114.0,-14.051,13.401,59.937,0.09,1.32,0.0
ATOM,1784.0,HD23,LEU,114.0,-13.746,14.893,60.528,0.09,1.32,0.0
ATOM,1785.0,N,LYS,115.0,-15.485,19.057,57.47,-0.47,1.85,0.29
ATOM,1786.0,CA,LYS,115.0,-15.568,20.497,57.655,0.07,2.275,4.49
ATOM,1787.0,C,LYS,115.0,-17.001,20.938,57.938,0.51,2.0,1.89
ATOM,1788.0,O,LYS,115.0,-17.335,22.114,57.796,-0.51,1.7,18.46
ATOM,1789.0,CB,LYS,115.0,-15.011,21.229,56.427,-0.18,2.175,9.43
ATOM,1790.0,CG,LYS,115.0,-16.028,21.564,55.358,-0.18,2.175,1.29
ATOM,1791.0,CD,LYS,115.0,-15.342,22.158,54.135,-0.18,2.175,2.33
ATOM,1792.0,CE,LYS,115.0,-16.341,22.539,53.049,0.21,2.175,13.18
ATOM,1793.0,NZ,LYS,115.0,-15.659,22.691,51.729,-0.3,1.85,10.79
ATOM,1794.0,H,LYS,115.0,-15.436,18.595,56.547,0.31,0.2245,0.0
ATOM,1795.0,HA,LYS,115.0,-14.99,20.762,58.439,0.09,1.32,8.57
ATOM,1796.0,HB2,LYS,115.0,-14.589,22.083,56.743,0.09,1.32,10.87
ATOM,1797.0,HB3,LYS,115.0,-14.3,20.648,56.02,0.09,1.32,0.76
ATOM,1798.0,HG2,LYS,115.0,-16.506,20.733,55.085,0.09,1.32,0.0
ATOM,1799.0,HG3,LYS,115.0,-16.678,22.229,55.716,0.09,1.32,1.61
ATOM,1800.0,HD2,LYS,115.0,-14.846,22.977,54.41,0.09,1.32,9.63
ATOM,1801.0,HD3,LYS,115.0,-14.71,21.485,53.761,0.09,1.32,0.0
ATOM,1802.0,HE2,LYS,115.0,-17.034,21.823,52.98,0.05,1.32,2.1
ATOM,1803.0,HE3,LYS,115.0,-16.775,23.404,53.295,0.05,1.32,11.43
ATOM,1804.0,HZ1,LYS,115.0,-16.255,22.341,51.008,0.33,0.2245,9.36
ATOM,1805.0,HZ2,LYS,115.0,-15.467,23.658,51.567,0.33,0.2245,20.56
ATOM,1806.0,HZ3,LYS,115.0,-14.804,22.175,51.739,0.33,0.2245,0.73
ATOM,1807.0,N,THR,116.0,-17.839,19.991,58.355,-0.47,1.85,0.85
ATOM,1808.0,CA,THR,116.0,-19.235,20.289,58.664,0.07,2.275,3.55
ATOM,1809.0,C,THR,116.0,-19.857,19.336,59.685,0.51,2.0,1.4
ATOM,1810.0,O,THR,116.0,-20.565,19.773,60.59,-0.51,1.7,29.9
ATOM,1811.0,CB,THR,116.0,-20.113,20.244,57.394,0.14,2.275,1.61
ATOM,1812.0,OG1,THR,116.0,-19.731,19.121,56.585,-0.66,1.77,5.09
ATOM,1813.0,CG2,THR,116.0,-19.968,21.532,56.594,-0.27,2.06,26.07
ATOM,1814.0,H,THR,116.0,-17.423,19.045,58.439,0.31,0.2245,0.0
ATOM,1815.0,HA,THR,116.0,-19.284,21.232,59.043,0.09,1.32,6.74
ATOM,1816.0,HB,THR,116.0,-21.086,20.119,57.673,0.09,1.32,1.16
ATOM,1817.0,HG21,THR,116.0,-20.262,21.379,55.648,0.09,1.32,10.95
ATOM,1818.0,HG22,THR,116.0,-20.535,22.251,57.002,0.09,1.32,11.69
ATOM,1819.0,HG23,THR,116.0,-19.01,21.827,56.597,0.09,1.32,0.0
ATOM,1820.0,HG1,THR,116.0,-19.182,18.474,57.124,0.43,0.2245,0.0
ATOM,1821.0,N,GLN,117.0,-19.604,18.038,59.54,-0.47,1.85,0.0
ATOM,1822.0,CA,GLN,117.0,-20.184,17.062,60.455,0.07,2.275,0.0
ATOM,1823.0,C,GLN,117.0,-19.183,16.4,61.389,0.51,2.0,1.18
ATOM,1824.0,O,GLN,117.0,-18.004,16.271,61.067,-0.51,1.7,0.0
ATOM,1825.0,CB,GLN,117.0,-20.921,15.959,59.674,-0.18,2.175,3.18
ATOM,1826.0,CG,GLN,117.0,-21.734,16.43,58.472,-0.18,2.175,6.63
ATOM,1827.0,CD,GLN,117.0,-22.96,17.232,58.858,0.55,2.0,2.04
ATOM,1828.0,H,GLN,117.0,-18.985,17.794,58.753,0.31,0.2245,0.0
ATOM,1829.0,HA,GLN,117.0,-20.871,17.549,61.033,0.09,1.32,1.79
ATOM,1830.0,HB2,GLN,117.0,-20.24,15.292,59.347,0.09,1.32,0.0
ATOM,1831.0,HB3,GLN,117.0,-21.547,15.486,60.307,0.09,1.32,3.65
ATOM,1832.0,HG2,GLN,117.0,-21.147,17.0,57.895,0.09,1.32,0.0
ATOM,1833.0,HG3,GLN,117.0,-22.027,15.626,57.951,0.09,1.32,5.45
ATOM,1834.0,OE1,GLN,117.0,-23.632,16.935,59.848,-0.55,1.7,34.0
ATOM,1835.0,NE2,GLN,117.0,-23.259,18.261,58.073,-0.62,1.85,18.09
ATOM,1836.0,HE21,GLN,117.0,-24.077,18.839,58.26,0.32,0.2245,21.98
ATOM,1837.0,HE22,GLN,117.0,-22.657,18.466,57.278,0.3,0.2245,6.31
ATOM,1838.0,N,HIS,118.0,-19.668,15.988,62.555,-0.47,1.85,1.91
ATOM,1839.0,CA,HIS,118.0,-18.843,15.283,63.531,0.07,2.275,0.15
ATOM,1840.0,C,HIS,118.0,-19.243,13.832,63.322,0.51,2.0,0.0
ATOM,1841.0,O,HIS,118.0,-20.43,13.538,63.172,-0.51,1.7,12.32
ATOM,1842.0,CB,HIS,118.0,-19.176,15.739,64.963,-0.09,2.175,16.02
ATOM,1843.0,CG,HIS,118.0,-19.422,14.615,65.923,-0.05,1.8,0.71
ATOM,1844.0,H,HIS,118.0,-20.673,16.208,62.71,0.31,0.2245,7.36
ATOM,1845.0,HA,HIS,118.0,-17.904,15.387,63.284,0.09,1.32,0.0
ATOM,1846.0,HB2,HIS,118.0,-18.411,16.293,65.312,0.09,1.32,7.01
ATOM,1847.0,HB3,HIS,118.0,-20.0,16.317,64.934,0.09,1.32,8.04
ATOM,1848.0,ND1,HIS,118.0,-18.45,14.129,66.767,-0.36,1.85,6.14
ATOM,1849.0,CD2,HIS,118.0,-20.538,13.88,66.173,0.22,1.8,14.95
ATOM,1850.0,CE1,HIS,118.0,-18.948,13.147,67.496,0.25,1.8,17.55
ATOM,1851.0,NE2,HIS,118.0,-20.215,12.975,67.154,-0.7,1.85,19.87
ATOM,1852.0,HD1,HIS,118.0,-17.509,14.47,66.82,0.32,0.2245,14.86
ATOM,1853.0,HD2,HIS,118.0,-21.422,13.98,65.727,0.1,1.468,12.61
ATOM,1854.0,HE1,HIS,118.0,-18.456,12.623,68.185,0.13,0.9,16.96
ATOM,1855.0,N,LEU,119.0,-18.268,12.93,63.295,-0.47,1.85,0.0
ATOM,1856.0,CA,LEU,119.0,-18.561,11.521,63.065,0.07,2.275,0.0
ATOM,1857.0,C,LEU,119.0,-18.687,10.734,64.355,0.51,2.0,0.0
ATOM,1858.0,O,LEU,119.0,-17.989,11.004,65.331,-0.51,1.7,4.5
ATOM,1859.0,CB,LEU,119.0,-17.467,10.885,62.185,-0.18,2.175,0.0
ATOM,1860.0,CG,LEU,119.0,-17.017,11.61,60.906,-0.09,2.275,0.0
ATOM,1861.0,CD1,LEU,119.0,-16.014,10.762,60.142,-0.27,2.06,0.0
ATOM,1862.0,CD2,LEU,119.0,-18.217,11.881,60.031,-0.27,2.06,5.41
ATOM,1863.0,H,LEU,119.0,-17.317,13.303,63.446,0.31,0.2245,0.44
ATOM,1864.0,HA,LEU,119.0,-19.439,11.455,62.562,0.09,1.32,1.73
ATOM,1865.0,HB2,LEU,119.0,-16.648,10.767,62.761,0.09,1.32,0.0
ATOM,1866.0,HB3,LEU,119.0,-17.794,9.973,61.909,0.09,1.32,0.0
ATOM,1867.0,HG,LEU,119.0,-16.596,12.478,61.161,0.09,1.32,0.0
ATOM,1868.0,HD11,LEU,119.0,-16.435,9.89,59.89,0.09,1.32,0.0
ATOM,1869.0,HD12,LEU,119.0,-15.729,11.245,59.313,0.09,1.32,0.0
ATOM,1870.0,HD13,LEU,119.0,-15.213,10.59,60.717,0.09,1.32,0.0
ATOM,1871.0,HD21,LEU,119.0,-18.875,12.456,60.523,0.09,1.32,0.04
ATOM,1872.0,HD22,LEU,119.0,-17.929,12.354,59.195,0.09,1.32,0.0
ATOM,1873.0,HD23,LEU,119.0,-18.66,11.016,59.782,0.09,1.32,0.17
ATOM,1874.0,N,SER,120.0,-19.605,9.774,64.36,-0.47,1.85,0.6
ATOM,1875.0,CA,SER,120.0,-19.786,8.909,65.508,0.07,2.275,0.97
ATOM,1876.0,C,SER,120.0,-18.649,7.888,65.379,0.51,2.0,0.0
ATOM,1877.0,O,SER,120.0,-18.054,7.764,64.305,-0.51,1.7,0.0
ATOM,1878.0,CB,SER,120.0,-21.15,8.212,65.439,0.05,2.175,20.12
ATOM,1879.0,OG,SER,120.0,-21.227,7.301,64.352,-0.66,1.77,1.92
ATOM,1880.0,H,SER,120.0,-20.165,9.703,63.489,0.31,0.2245,1.95
ATOM,1881.0,HA,SER,120.0,-19.629,9.428,66.325,0.09,1.32,2.84
ATOM,1882.0,HB2,SER,120.0,-21.298,7.713,66.291,0.09,1.32,7.02
ATOM,1883.0,HB3,SER,120.0,-21.859,8.907,65.329,0.09,1.32,10.66
ATOM,1884.0,HG,SER,120.0,-20.348,6.84,64.243,0.43,0.2245,0.0
ATOM,1885.0,N,ASN,121.0,-18.337,7.171,66.456,-0.47,1.85,2.47
ATOM,1886.0,CA,ASN,121.0,-17.257,6.196,66.403,0.07,2.275,0.68
ATOM,1887.0,C,ASN,121.0,-17.55,5.094,65.406,0.51,2.0,0.0
ATOM,1888.0,O,ASN,121.0,-16.639,4.481,64.858,-0.51,1.7,0.0
ATOM,1889.0,CB,ASN,121.0,-17.006,5.569,67.778,-0.18,2.175,12.12
ATOM,1890.0,CG,ASN,121.0,-15.782,4.64,67.786,0.55,2.0,0.0
ATOM,1891.0,OD1,ASN,121.0,-14.756,4.94,67.175,-0.55,1.7,0.68
ATOM,1892.0,ND2,ASN,121.0,-15.894,3.514,68.478,-0.62,1.85,8.28
ATOM,1893.0,H,ASN,121.0,-18.905,7.361,67.293,0.31,0.2245,9.48
ATOM,1894.0,HA,ASN,121.0,-16.434,6.682,66.077,0.09,1.32,0.0
ATOM,1895.0,HB2,ASN,121.0,-16.847,6.296,68.436,0.09,1.32,10.97
ATOM,1896.0,HB3,ASN,121.0,-17.803,5.034,68.034,0.09,1.32,4.09
ATOM,1897.0,HD22,ASN,121.0,-16.752,3.309,68.956,0.3,0.2245,14.08
ATOM,1898.0,HD21,ASN,121.0,-15.131,2.873,68.526,0.32,0.2245,1.29
ATOM,1899.0,N,ASP,122.0,-18.829,4.84,65.171,-0.47,1.85,0.0
ATOM,1900.0,CA,ASP,122.0,-19.216,3.796,64.239,0.07,2.275,0.28
ATOM,1901.0,C,ASP,122.0,-19.012,4.202,62.79,0.51,2.0,0.22
ATOM,1902.0,O,ASP,122.0,-18.851,3.347,61.929,-0.51,1.7,2.62
ATOM,1903.0,CB,ASP,122.0,-20.666,3.396,64.484,-0.28,2.175,14.26
ATOM,1904.0,CG,ASP,122.0,-20.889,2.881,65.89,0.62,2.0,3.38
ATOM,1905.0,OD1,ASP,122.0,-19.943,2.291,66.459,-0.76,1.7,24.14
ATOM,1906.0,OD2,ASP,122.0,-22.006,3.07,66.426,-0.76,1.7,45.01
ATOM,1907.0,H,ASP,122.0,-19.5,5.429,65.69,0.31,0.2245,0.29
ATOM,1908.0,HA,ASP,122.0,-18.611,3.0,64.412,0.09,1.32,0.68
ATOM,1909.0,HB2,ASP,122.0,-21.235,4.197,64.343,0.09,1.32,1.41
ATOM,1910.0,HB3,ASP,122.0,-20.902,2.68,63.84,0.09,1.32,6.83
ATOM,1911.0,N,HIS,123.0,-19.018,5.501,62.519,-0.47,1.85,0.0
ATOM,1912.0,CA,HIS,123.0,-18.805,5.98,61.167,0.07,2.275,0.39
ATOM,1913.0,C,HIS,123.0,-17.316,6.003,60.9,0.51,2.0,0.0
ATOM,1914.0,O,HIS,123.0,-16.88,5.673,59.806,-0.51,1.7,0.0
ATOM,1915.0,CB,HIS,123.0,-19.375,7.385,60.997,-0.09,2.175,0.0
ATOM,1916.0,CG,HIS,123.0,-20.852,7.4,60.772,-0.05,1.8,0.28
ATOM,1917.0,H,HIS,123.0,-19.183,6.119,63.333,0.31,0.2245,0.0
ATOM,1918.0,HA,HIS,123.0,-19.232,5.341,60.53,0.09,1.32,0.93
ATOM,1919.0,HB2,HIS,123.0,-19.175,7.923,61.822,0.09,1.32,0.0
ATOM,1920.0,HB3,HIS,123.0,-18.931,7.826,60.211,0.09,1.32,0.0
ATOM,1921.0,ND1,HIS,123.0,-21.762,7.41,61.81,-0.36,1.85,0.89
ATOM,1922.0,CD2,HIS,123.0,-21.58,7.357,59.632,0.22,1.8,9.56
ATOM,1923.0,CE1,HIS,123.0,-22.986,7.37,61.316,0.25,1.8,25.45
ATOM,1924.0,NE2,HIS,123.0,-22.903,7.338,59.998,-0.7,1.85,24.14
ATOM,1925.0,HD1,HIS,123.0,-21.527,7.443,62.78,0.32,0.2245,0.0
ATOM,1926.0,HD2,HIS,123.0,-21.224,7.341,58.702,0.1,1.468,0.0
ATOM,1927.0,HE1,HIS,123.0,-23.829,7.364,61.846,0.13,0.9,17.44
ATOM,1928.0,N,ILE,124.0,-16.54,6.402,61.903,-0.47,1.85,0.0
ATOM,1929.0,CA,ILE,124.0,-15.089,6.462,61.761,0.07,2.275,0.0
ATOM,1930.0,C,ILE,124.0,-14.568,5.036,61.516,0.51,2.0,0.0
ATOM,1931.0,O,ILE,124.0,-13.694,4.808,60.679,-0.51,1.7,0.0
ATOM,1932.0,CB,ILE,124.0,-14.437,7.066,63.034,-0.09,2.275,0.0
ATOM,1933.0,CG1,ILE,124.0,-14.976,8.483,63.27,-0.18,2.175,0.0
ATOM,1934.0,CG2,ILE,124.0,-12.931,7.103,62.889,-0.27,2.06,0.0
ATOM,1935.0,CD1,ILE,124.0,-14.57,9.099,64.608,-0.27,2.06,5.71
ATOM,1936.0,H,ILE,124.0,-17.043,6.66,62.771,0.31,0.2245,0.0
ATOM,1937.0,HA,ILE,124.0,-14.906,6.973,60.928,0.09,1.32,0.0
ATOM,1938.0,HB,ILE,124.0,-14.7,6.503,63.804,0.09,1.32,0.0
ATOM,1939.0,HG12,ILE,124.0,-14.648,9.074,62.534,0.09,1.32,0.0
ATOM,1940.0,HG13,ILE,124.0,-15.975,8.45,63.229,0.09,1.32,0.0
ATOM,1941.0,HG21,ILE,124.0,-12.52,7.474,63.722,0.09,1.32,0.0
ATOM,1942.0,HG22,ILE,124.0,-12.584,6.178,62.735,0.09,1.32,0.0
ATOM,1943.0,HG23,ILE,124.0,-12.68,7.681,62.113,0.09,1.32,0.0
ATOM,1944.0,HD11,ILE,124.0,-13.576,9.15,64.652,0.09,1.32,0.0
ATOM,1945.0,HD12,ILE,124.0,-14.961,10.013,64.676,0.09,1.32,0.75
ATOM,1946.0,HD13,ILE,124.0,-14.915,8.525,65.346,0.09,1.32,0.54
ATOM,1947.0,N,CYS,125.0,-15.138,4.081,62.24,-0.47,1.85,0.0
ATOM,1948.0,CA,CYS,125.0,-14.775,2.673,62.125,0.07,2.275,0.0
ATOM,1949.0,C,CYS,125.0,-15.055,2.158,60.711,0.51,2.0,0.0
ATOM,1950.0,O,CYS,125.0,-14.19,1.57,60.066,-0.51,1.7,0.0
ATOM,1951.0,CB,CYS,125.0,-15.579,1.864,63.153,-0.11,2.175,2.2
ATOM,1952.0,SG,CYS,125.0,-15.024,0.183,63.495,-0.23,2.0,8.26
ATOM,1953.0,H,CYS,125.0,-15.873,4.425,62.903,0.31,0.2245,0.0
ATOM,1954.0,HA,CYS,125.0,-13.789,2.584,62.297,0.09,1.32,0.0
ATOM,1955.0,HB2,CYS,125.0,-15.575,2.385,64.02,0.09,1.32,0.0
ATOM,1956.0,HB3,CYS,125.0,-16.536,1.824,62.826,0.09,1.32,0.0
ATOM,1957.0,HG,CYS,125.0,-15.753,-0.464,63.268,0.16,0.45,0.0
ATOM,1958.0,N,TYR,126.0,-16.277,2.379,60.241,-0.47,1.85,0.0
ATOM,1959.0,CA,TYR,126.0,-16.689,1.939,58.913,0.07,2.275,0.0
ATOM,1960.0,C,TYR,126.0,-15.856,2.605,57.839,0.51,2.0,0.0
ATOM,1961.0,O,TYR,126.0,-15.411,1.943,56.904,-0.51,1.7,0.0
ATOM,1962.0,CB,TYR,126.0,-18.166,2.259,58.674,-0.18,2.175,2.88
ATOM,1963.0,CG,TYR,126.0,-18.756,1.625,57.424,0.0,1.9924,0.07
ATOM,1964.0,CD1,TYR,126.0,-18.522,0.28,57.11,-0.115,1.9924,0.49
ATOM,1965.0,CD2,TYR,126.0,-19.588,2.361,56.577,-0.115,1.9924,6.89
ATOM,1966.0,CE1,TYR,126.0,-19.116,-0.318,55.978,-0.115,1.9924,5.86
ATOM,1967.0,CE2,TYR,126.0,-20.185,1.777,55.448,-0.115,1.9924,8.09
ATOM,1968.0,CZ,TYR,126.0,-19.948,0.444,55.159,0.11,1.9924,1.65
ATOM,1969.0,OH,TYR,126.0,-20.566,-0.124,54.066,-0.54,1.77,29.85
ATOM,1970.0,H,TYR,126.0,-16.909,2.888,60.895,0.31,0.2245,0.0
ATOM,1971.0,HA,TYR,126.0,-16.546,0.943,58.854,0.09,1.32,0.0
ATOM,1972.0,HB2,TYR,126.0,-18.689,1.935,59.461,0.09,1.32,0.22
ATOM,1973.0,HB3,TYR,126.0,-18.264,3.25,58.591,0.09,1.32,0.0
ATOM,1974.0,HD1,TYR,126.0,-17.927,-0.27,57.69,0.115,1.3582,0.0
ATOM,1975.0,HD2,TYR,126.0,-19.766,3.322,56.775,0.115,1.3582,0.13
ATOM,1976.0,HE1,TYR,126.0,-18.94,-1.275,55.773,0.115,1.3582,8.76
ATOM,1977.0,HE2,TYR,126.0,-20.776,2.326,54.861,0.115,1.3582,0.06
ATOM,1978.0,HH,TYR,126.0,-20.971,0.598,53.508,0.43,0.2245,4.22
ATOM,1979.0,N,PHE,127.0,-15.66,3.914,57.972,-0.47,1.85,0.0
ATOM,1980.0,CA,PHE,127.0,-14.869,4.674,57.018,0.07,2.275,0.0
ATOM,1981.0,C,PHE,127.0,-13.445,4.133,56.974,0.51,2.0,0.0
ATOM,1982.0,O,PHE,127.0,-12.919,3.87,55.898,-0.51,1.7,0.0
ATOM,1983.0,CB,PHE,127.0,-14.882,6.16,57.4,-0.18,2.175,0.0
ATOM,1984.0,CG,PHE,127.0,-16.167,6.867,57.034,0.0,1.9924,0.0
ATOM,1985.0,CD1,PHE,127.0,-16.993,6.362,56.033,-0.115,1.9924,0.0
ATOM,1986.0,CD2,PHE,127.0,-16.556,8.023,57.689,-0.115,1.9924,0.0
ATOM,1987.0,CE1,PHE,127.0,-18.181,6.996,55.693,-0.115,1.9924,0.0
ATOM,1988.0,CE2,PHE,127.0,-17.753,8.668,57.35,-0.115,1.9924,0.04
ATOM,1989.0,CZ,PHE,127.0,-18.563,8.148,56.35,-0.115,1.9924,0.1
ATOM,1990.0,H,PHE,127.0,-16.116,4.338,58.806,0.31,0.2245,0.0
ATOM,1991.0,HA,PHE,127.0,-15.266,4.515,56.111,0.09,1.32,0.0
ATOM,1992.0,HB2,PHE,127.0,-14.769,6.222,58.378,0.09,1.32,0.0
ATOM,1993.0,HB3,PHE,127.0,-14.144,6.603,56.918,0.09,1.32,0.0
ATOM,1994.0,HD1,PHE,127.0,-16.73,5.529,55.55,0.115,1.3582,0.0
ATOM,1995.0,HD2,PHE,127.0,-15.984,8.406,58.412,0.115,1.3582,0.0
ATOM,1996.0,HE1,PHE,127.0,-18.757,6.606,54.962,0.115,1.3582,0.0
ATOM,1997.0,HE2,PHE,127.0,-18.016,9.513,57.84,0.115,1.3582,0.0
ATOM,1998.0,HZ,PHE,127.0,-19.418,8.605,56.108,0.115,1.3582,4.69
ATOM,1999.0,N,LEU,128.0,-12.838,3.948,58.149,-0.47,1.85,0.0
ATOM,2000.0,CA,LEU,128.0,-11.481,3.423,58.247,0.07,2.275,0.0
ATOM,2001.0,C,LEU,128.0,-11.429,2.026,57.648,0.51,2.0,0.0
ATOM,2002.0,O,LEU,128.0,-10.508,1.702,56.899,-0.51,1.7,0.0
ATOM,2003.0,CB,LEU,128.0,-11.012,3.383,59.707,-0.18,2.175,0.0
ATOM,2004.0,CG,LEU,128.0,-9.583,2.858,59.991,-0.09,2.275,0.0
ATOM,2005.0,CD1,LEU,128.0,-8.569,3.813,59.392,-0.27,2.06,0.0
ATOM,2006.0,CD2,LEU,128.0,-9.35,2.716,61.495,-0.27,2.06,0.0
ATOM,2007.0,H,LEU,128.0,-13.413,4.209,58.977,0.31,0.2245,0.0
ATOM,2008.0,HA,LEU,128.0,-10.868,4.017,57.723,0.09,1.32,0.0
ATOM,2009.0,HB2,LEU,128.0,-11.055,4.315,60.07,0.09,1.32,0.0
ATOM,2010.0,HB3,LEU,128.0,-11.642,2.798,60.218,0.09,1.32,0.0
ATOM,2011.0,HG,LEU,128.0,-9.489,1.96,59.577,0.09,1.32,0.0
ATOM,2012.0,HD11,LEU,128.0,-8.678,4.72,59.801,0.09,1.32,0.0
ATOM,2013.0,HD12,LEU,128.0,-7.643,3.478,59.573,0.09,1.32,0.0
ATOM,2014.0,HD13,LEU,128.0,-8.71,3.877,58.403,0.09,1.32,0.0
ATOM,2015.0,HD21,LEU,128.0,-10.014,2.072,61.874,0.09,1.32,0.0
ATOM,2016.0,HD22,LEU,128.0,-8.424,2.377,61.656,0.09,1.32,0.0
ATOM,2017.0,HD23,LEU,128.0,-9.461,3.608,61.933,0.09,1.32,0.0
ATOM,2018.0,N,TYR,129.0,-12.414,1.192,57.965,-0.47,1.85,0.0
ATOM,2019.0,CA,TYR,129.0,-12.431,-0.152,57.399,0.07,2.275,0.0
ATOM,2020.0,C,TYR,129.0,-12.341,-0.094,55.864,0.51,2.0,0.0
ATOM,2021.0,O,TYR,129.0,-11.502,-0.75,55.249,-0.51,1.7,0.0
ATOM,2022.0,CB,TYR,129.0,-13.715,-0.901,57.797,-0.18,2.175,0.0
ATOM,2023.0,CG,TYR,129.0,-13.799,-2.277,57.166,0.0,1.9924,0.0
ATOM,2024.0,CD1,TYR,129.0,-12.925,-3.295,57.559,-0.115,1.9924,0.0
ATOM,2025.0,CD2,TYR,129.0,-14.681,-2.539,56.118,-0.115,1.9924,0.02
ATOM,2026.0,CE1,TYR,129.0,-12.918,-4.53,56.924,-0.115,1.9924,0.0
ATOM,2027.0,CE2,TYR,129.0,-14.683,-3.774,55.473,-0.115,1.9924,3.76
ATOM,2028.0,CZ,TYR,129.0,-13.793,-4.766,55.882,0.11,1.9924,0.0
ATOM,2029.0,OH,TYR,129.0,-13.764,-5.997,55.268,-0.54,1.77,1.07
ATOM,2030.0,H,TYR,129.0,-13.122,1.559,58.608,0.31,0.2245,0.0
ATOM,2031.0,HA,TYR,129.0,-11.627,-0.651,57.734,0.09,1.32,0.0
ATOM,2032.0,HB2,TYR,129.0,-13.719,-1.007,58.78,0.09,1.32,0.0
ATOM,2033.0,HB3,TYR,129.0,-14.491,-0.37,57.49,0.09,1.32,0.0
ATOM,2034.0,HD1,TYR,129.0,-12.288,-3.129,58.316,0.115,1.3582,0.0
ATOM,2035.0,HD2,TYR,129.0,-15.321,-1.833,55.826,0.115,1.3582,0.11
ATOM,2036.0,HE1,TYR,129.0,-12.282,-5.244,57.223,0.115,1.3582,0.0
ATOM,2037.0,HE2,TYR,129.0,-15.316,-3.949,54.723,0.115,1.3582,9.18
ATOM,2038.0,HH,TYR,129.0,-12.979,-6.513,55.606,0.43,0.2245,0.0
ATOM,2039.0,N,GLN,130.0,-13.218,0.694,55.255,-0.47,1.85,0.0
ATOM,2040.0,CA,GLN,130.0,-13.26,0.818,53.804,0.07,2.275,0.0
ATOM,2041.0,C,GLN,130.0,-11.965,1.36,53.223,0.51,2.0,0.0
ATOM,2042.0,O,GLN,130.0,-11.513,0.894,52.179,-0.51,1.7,0.0
ATOM,2043.0,CB,GLN,130.0,-14.435,1.708,53.391,-0.18,2.175,0.0
ATOM,2044.0,CG,GLN,130.0,-15.783,1.168,53.828,-0.18,2.175,0.36
ATOM,2045.0,CD,GLN,130.0,-16.927,2.035,53.331,0.55,2.0,0.0
ATOM,2046.0,H,GLN,130.0,-13.861,1.206,55.892,0.31,0.2245,0.0
ATOM,2047.0,HA,GLN,130.0,-13.409,-0.108,53.418,0.09,1.32,0.0
ATOM,2048.0,HB2,GLN,130.0,-14.311,2.611,53.8,0.09,1.32,0.0
ATOM,2049.0,HB3,GLN,130.0,-14.439,1.791,52.394,0.09,1.32,0.0
ATOM,2050.0,HG2,GLN,130.0,-15.898,0.25,53.459,0.09,1.32,3.47
ATOM,2051.0,HG3,GLN,130.0,-15.814,1.142,54.824,0.09,1.32,0.0
ATOM,2052.0,OE1,GLN,130.0,-17.336,1.941,52.167,-0.55,1.7,4.22
ATOM,2053.0,NE2,GLN,130.0,-17.439,2.896,54.204,-0.62,1.85,0.0
ATOM,2054.0,HE21,GLN,130.0,-18.197,3.519,53.939,0.32,0.2245,0.0
ATOM,2055.0,HE22,GLN,130.0,-17.058,2.922,55.149,0.3,0.2245,0.0
ATOM,2056.0,N,ILE,131.0,-11.383,2.35,53.896,-0.47,1.85,0.0
ATOM,2057.0,CA,ILE,131.0,-10.123,2.944,53.462,0.07,2.275,0.0
ATOM,2058.0,C,ILE,131.0,-9.066,1.841,53.348,0.51,2.0,0.0
ATOM,2059.0,O,ILE,131.0,-8.432,1.682,52.309,-0.51,1.7,0.0
ATOM,2060.0,CB,ILE,131.0,-9.624,4.011,54.484,-0.09,2.275,0.0
ATOM,2061.0,CG1,ILE,131.0,-10.624,5.173,54.568,-0.18,2.175,0.0
ATOM,2062.0,CG2,ILE,131.0,-8.262,4.547,54.063,-0.27,2.06,0.0
ATOM,2063.0,CD1,ILE,131.0,-10.187,6.338,55.455,-0.27,2.06,0.0
ATOM,2064.0,H,ILE,131.0,-11.898,2.658,54.746,0.31,0.2245,0.0
ATOM,2065.0,HA,ILE,131.0,-10.274,3.286,52.538,0.09,1.32,0.0
ATOM,2066.0,HB,ILE,131.0,-9.579,3.576,55.373,0.09,1.32,0.0
ATOM,2067.0,HG12,ILE,131.0,-10.785,5.52,53.642,0.09,1.32,0.0
ATOM,2068.0,HG13,ILE,131.0,-11.491,4.815,54.922,0.09,1.32,0.0
ATOM,2069.0,HG21,ILE,131.0,-7.944,5.213,54.735,0.09,1.32,0.0
ATOM,2070.0,HG22,ILE,131.0,-7.61,3.793,54.008,0.09,1.32,0.0
ATOM,2071.0,HG23,ILE,131.0,-8.339,4.987,53.17,0.09,1.32,0.0
ATOM,2072.0,HD11,ILE,131.0,-9.335,6.713,55.1,0.09,1.32,0.0
ATOM,2073.0,HD12,ILE,131.0,-10.897,7.037,55.445,0.09,1.32,0.0
ATOM,2074.0,HD13,ILE,131.0,-10.051,6.004,56.384,0.09,1.32,0.0
ATOM,2075.0,N,LEU,132.0,-8.894,1.076,54.426,-0.47,1.85,0.0
ATOM,2076.0,CA,LEU,132.0,-7.916,-0.005,54.479,0.07,2.275,0.0
ATOM,2077.0,C,LEU,132.0,-8.277,-1.177,53.566,0.51,2.0,0.0
ATOM,2078.0,O,LEU,132.0,-7.393,-1.84,53.013,-0.51,1.7,0.0
ATOM,2079.0,CB,LEU,132.0,-7.779,-0.509,55.909,-0.18,2.175,0.0
ATOM,2080.0,CG,LEU,132.0,-7.181,0.427,56.946,-0.09,2.275,0.0
ATOM,2081.0,CD1,LEU,132.0,-7.4,-0.197,58.309,-0.27,2.06,0.0
ATOM,2082.0,CD2,LEU,132.0,-5.684,0.645,56.673,-0.27,2.06,0.0
ATOM,2083.0,H,LEU,132.0,-9.52,1.318,55.228,0.31,0.2245,0.0
ATOM,2084.0,HA,LEU,132.0,-7.017,0.359,54.184,0.09,1.32,0.0
ATOM,2085.0,HB2,LEU,132.0,-8.698,-0.765,56.232,0.09,1.32,0.0
ATOM,2086.0,HB3,LEU,132.0,-7.208,-1.337,55.888,0.09,1.32,0.0
ATOM,2087.0,HG,LEU,132.0,-7.642,1.301,56.903,0.09,1.32,0.0
ATOM,2088.0,HD11,LEU,132.0,-6.949,-1.091,58.348,0.09,1.32,0.0
ATOM,2089.0,HD12,LEU,132.0,-7.016,0.397,59.018,0.09,1.32,0.0
ATOM,2090.0,HD13,LEU,132.0,-8.381,-0.315,58.473,0.09,1.32,0.0
ATOM,2091.0,HD21,LEU,132.0,-5.572,1.047,55.766,0.09,1.32,0.0
ATOM,2092.0,HD22,LEU,132.0,-5.312,1.261,57.364,0.09,1.32,0.0
ATOM,2093.0,HD23,LEU,132.0,-5.213,-0.234,56.715,0.09,1.32,0.0
ATOM,2094.0,N,ARG,133.0,-9.572,-1.448,53.424,-0.47,1.85,0.0
ATOM,2095.0,CA,ARG,133.0,-9.99,-2.534,52.547,0.07,2.275,0.0
ATOM,2096.0,C,ARG,133.0,-9.571,-2.158,51.142,0.51,2.0,0.0
ATOM,2097.0,O,ARG,133.0,-9.146,-3.018,50.376,-0.51,1.7,0.06
ATOM,2098.0,CB,ARG,133.0,-11.503,-2.743,52.588,-0.18,2.175,0.0
ATOM,2099.0,CG,ARG,133.0,-11.958,-3.952,51.78,-0.18,2.175,0.0
ATOM,2100.0,CD,ARG,133.0,-13.408,-4.304,52.085,0.2,2.175,0.0
ATOM,2101.0,NE,ARG,133.0,-13.943,-5.337,51.198,-0.7,1.85,0.11
ATOM,2102.0,CZ,ARG,133.0,-14.827,-5.108,50.23,0.64,2.0,0.79
ATOM,2103.0,NH1,ARG,133.0,-15.278,-3.88,50.012,-0.8,1.85,10.36
ATOM,2104.0,NH2,ARG,133.0,-15.261,-6.102,49.476,-0.8,1.85,2.27
ATOM,2105.0,H,ARG,133.0,-10.213,-0.855,53.959,0.31,0.2245,0.0
ATOM,2106.0,HA,ARG,133.0,-9.518,-3.366,52.815,0.09,1.32,0.0
ATOM,2107.0,HB2,ARG,133.0,-11.774,-2.883,53.531,0.09,1.32,0.0
ATOM,2108.0,HB3,ARG,133.0,-11.941,-1.939,52.21,0.09,1.32,0.0
ATOM,2109.0,HG2,ARG,133.0,-11.885,-3.749,50.809,0.09,1.32,0.0
ATOM,2110.0,HG3,ARG,133.0,-11.393,-4.737,52.012,0.09,1.32,0.0
ATOM,2111.0,HD2,ARG,133.0,-13.456,-4.626,53.03,0.09,1.32,0.0
ATOM,2112.0,HD3,ARG,133.0,-13.954,-3.472,51.988,0.09,1.32,0.09
ATOM,2113.0,HE,ARG,133.0,-13.622,-6.281,51.329,0.44,0.2245,0.0
ATOM,2114.0,HH11,ARG,133.0,-14.951,-3.108,50.551,0.46,0.2245,0.52
ATOM,2115.0,HH12,ARG,133.0,-15.962,-3.722,49.289,0.46,0.2245,0.43
ATOM,2116.0,HH21,ARG,133.0,-14.905,-7.03,49.624,0.46,0.2245,0.37
ATOM,2117.0,HH22,ARG,133.0,-15.938,-5.938,48.761,0.46,0.2245,0.03
ATOM,2118.0,N,GLY,134.0,-9.7,-0.871,50.812,-0.47,1.85,0.0
ATOM,2119.0,CA,GLY,134.0,-9.307,-0.401,49.497,-0.02,2.175,0.0
ATOM,2120.0,C,GLY,134.0,-7.799,-0.411,49.359,0.51,2.0,0.0
ATOM,2121.0,O,GLY,134.0,-7.254,-0.86,48.348,-0.51,1.7,0.0
ATOM,2122.0,H,GLY,134.0,-10.09,-0.267,51.553,0.31,0.2245,0.0
ATOM,2123.0,HA2,GLY,134.0,-9.712,-0.995,48.792,0.09,1.32,0.0
ATOM,2124.0,HA3,GLY,134.0,-9.65,0.535,49.357,0.09,1.32,0.0
ATOM,2125.0,N,LEU,135.0,-7.109,0.074,50.385,-0.47,1.85,0.0
ATOM,2126.0,CA,LEU,135.0,-5.651,0.113,50.35,0.07,2.275,0.0
ATOM,2127.0,C,LEU,135.0,-5.04,-1.281,50.255,0.51,2.0,0.0
ATOM,2128.0,O,LEU,135.0,-4.021,-1.461,49.604,-0.51,1.7,0.0
ATOM,2129.0,CB,LEU,135.0,-5.1,0.847,51.578,-0.18,2.175,0.0
ATOM,2130.0,CG,LEU,135.0,-3.617,1.208,51.546,-0.09,2.275,0.0
ATOM,2131.0,CD1,LEU,135.0,-3.282,2.086,50.344,-0.27,2.06,0.0
ATOM,2132.0,CD2,LEU,135.0,-3.286,1.913,52.848,-0.27,2.06,0.0
ATOM,2133.0,H,LEU,135.0,-7.675,0.409,51.18,0.31,0.2245,0.0
ATOM,2134.0,HA,LEU,135.0,-5.363,0.642,49.537,0.09,1.32,0.0
ATOM,2135.0,HB2,LEU,135.0,-5.613,1.697,51.678,0.09,1.32,0.0
ATOM,2136.0,HB3,LEU,135.0,-5.249,0.264,52.372,0.09,1.32,0.0
ATOM,2137.0,HG,LEU,135.0,-3.076,0.364,51.499,0.09,1.32,0.0
ATOM,2138.0,HD11,LEU,135.0,-3.813,2.932,50.392,0.09,1.32,0.0
ATOM,2139.0,HD12,LEU,135.0,-2.306,2.304,50.353,0.09,1.32,0.0
ATOM,2140.0,HD13,LEU,135.0,-3.508,1.597,49.502,0.09,1.32,0.0
ATOM,2141.0,HD21,LEU,135.0,-3.478,1.304,53.619,0.09,1.32,0.0
ATOM,2142.0,HD22,LEU,135.0,-2.316,2.164,52.858,0.09,1.32,0.0
ATOM,2143.0,HD23,LEU,135.0,-3.843,2.741,52.934,0.09,1.32,0.0
ATOM,2144.0,N,LYS,136.0,-5.655,-2.273,50.889,-0.47,1.85,0.0
ATOM,2145.0,CA,LYS,136.0,-5.101,-3.621,50.808,0.07,2.275,0.0
ATOM,2146.0,C,LYS,136.0,-5.072,-4.103,49.359,0.51,2.0,0.0
ATOM,2147.0,O,LYS,136.0,-4.154,-4.817,48.959,-0.51,1.7,0.48
ATOM,2148.0,CB,LYS,136.0,-5.902,-4.599,51.657,-0.18,2.175,0.0
ATOM,2149.0,CG,LYS,136.0,-5.433,-6.04,51.524,-0.18,2.175,0.0
ATOM,2150.0,CD,LYS,136.0,-6.457,-6.988,52.124,-0.18,2.175,0.0
ATOM,2151.0,CE,LYS,136.0,-6.107,-8.431,51.824,0.21,2.175,2.0
ATOM,2152.0,NZ,LYS,136.0,-7.074,-9.382,52.428,-0.3,1.85,0.41
ATOM,2153.0,H,LYS,136.0,-6.499,-2.023,51.407,0.31,0.2245,0.0
ATOM,2154.0,HA,LYS,136.0,-4.16,-3.609,51.162,0.09,1.32,0.0
ATOM,2155.0,HB2,LYS,136.0,-5.817,-4.33,52.612,0.09,1.32,0.0
ATOM,2156.0,HB3,LYS,136.0,-6.856,-4.553,51.373,0.09,1.32,0.0
ATOM,2157.0,HG2,LYS,136.0,-5.317,-6.257,50.559,0.09,1.32,0.0
ATOM,2158.0,HG3,LYS,136.0,-4.569,-6.148,52.006,0.09,1.32,0.0
ATOM,2159.0,HD2,LYS,136.0,-6.473,-6.861,53.11,0.09,1.32,0.0
ATOM,2160.0,HD3,LYS,136.0,-7.349,-6.788,51.733,0.09,1.32,0.01
ATOM,2161.0,HE2,LYS,136.0,-6.094,-8.563,50.826,0.05,1.32,0.0
ATOM,2162.0,HE3,LYS,136.0,-5.186,-8.625,52.182,0.05,1.32,0.0
ATOM,2163.0,HZ1,LYS,136.0,-7.208,-9.154,53.393,0.33,0.2245,0.47
ATOM,2164.0,HZ2,LYS,136.0,-7.948,-9.319,51.946,0.33,0.2245,0.0
ATOM,2165.0,HZ3,LYS,136.0,-6.717,-10.313,52.352,0.33,0.2245,13.82
ATOM,2166.0,N,TYR,137.0,-6.079,-3.724,48.576,-0.47,1.85,0.0
ATOM,2167.0,CA,TYR,137.0,-6.135,-4.12,47.168,0.07,2.275,0.0
ATOM,2168.0,C,TYR,137.0,-5.027,-3.387,46.414,0.51,2.0,0.0
ATOM,2169.0,O,TYR,137.0,-4.21,-3.99,45.717,-0.51,1.7,0.0
ATOM,2170.0,CB,TYR,137.0,-7.496,-3.758,46.572,-0.18,2.175,0.0
ATOM,2171.0,CG,TYR,137.0,-7.651,-4.118,45.108,0.0,1.9924,0.0
ATOM,2172.0,CD1,TYR,137.0,-7.191,-3.267,44.106,-0.115,1.9924,0.0
ATOM,2173.0,CD2,TYR,137.0,-8.252,-5.315,44.722,-0.115,1.9924,0.0
ATOM,2174.0,CE1,TYR,137.0,-7.33,-3.6,42.755,-0.115,1.9924,0.0
ATOM,2175.0,CE2,TYR,137.0,-8.392,-5.651,43.376,-0.115,1.9924,0.13
ATOM,2176.0,CZ,TYR,137.0,-7.932,-4.786,42.402,0.11,1.9924,0.0
ATOM,2177.0,OH,TYR,137.0,-8.099,-5.077,41.077,-0.54,1.77,1.13
ATOM,2178.0,H,TYR,137.0,-6.799,-3.141,49.036,0.31,0.2245,0.0
ATOM,2179.0,HA,TYR,137.0,-5.957,-5.099,47.109,0.09,1.32,0.0
ATOM,2180.0,HB2,TYR,137.0,-8.202,-4.24,47.087,0.09,1.32,0.0
ATOM,2181.0,HB3,TYR,137.0,-7.626,-2.772,46.664,0.09,1.32,0.0
ATOM,2182.0,HD1,TYR,137.0,-6.754,-2.402,44.351,0.115,1.3582,0.0
ATOM,2183.0,HD2,TYR,137.0,-8.587,-5.944,45.42,0.115,1.3582,0.0
ATOM,2184.0,HE1,TYR,137.0,-6.988,-2.972,42.053,0.115,1.3582,0.0
ATOM,2185.0,HE2,TYR,137.0,-8.825,-6.516,43.121,0.115,1.3582,0.72
ATOM,2186.0,HH,TYR,137.0,-8.467,-6.002,40.984,0.43,0.2245,0.05
ATOM,2187.0,N,ILE,138.0,-5.009,-2.07,46.57,-0.47,1.85,0.0
ATOM,2188.0,CA,ILE,138.0,-4.01,-1.234,45.936,0.07,2.275,0.0
ATOM,2189.0,C,ILE,138.0,-2.607,-1.797,46.179,0.51,2.0,0.0
ATOM,2190.0,O,ILE,138.0,-1.833,-2.012,45.237,-0.51,1.7,0.0
ATOM,2191.0,CB,ILE,138.0,-4.081,0.212,46.49,-0.09,2.275,0.0
ATOM,2192.0,CG1,ILE,138.0,-5.433,0.833,46.134,-0.18,2.175,0.0
ATOM,2193.0,CG2,ILE,138.0,-2.93,1.054,45.927,-0.27,2.06,0.0
ATOM,2194.0,CD1,ILE,138.0,-5.675,2.205,46.762,-0.27,2.06,0.0
ATOM,2195.0,H,ILE,138.0,-5.768,-1.696,47.181,0.31,0.2245,0.0
ATOM,2196.0,HA,ILE,138.0,-4.17,-1.293,44.947,0.09,1.32,0.0
ATOM,2197.0,HB,ILE,138.0,-4.013,0.161,47.476,0.09,1.32,0.0
ATOM,2198.0,HG12,ILE,138.0,-5.492,0.923,45.141,0.09,1.32,0.0
ATOM,2199.0,HG13,ILE,138.0,-6.156,0.215,46.442,0.09,1.32,0.0
ATOM,2200.0,HG21,ILE,138.0,-2.976,1.972,46.313,0.09,1.32,0.0
ATOM,2201.0,HG22,ILE,138.0,-2.062,0.629,46.172,0.09,1.32,0.0
ATOM,2202.0,HG23,ILE,138.0,-3.013,1.101,44.935,0.09,1.32,0.0
ATOM,2203.0,HD11,ILE,138.0,-4.967,2.833,46.45,0.09,1.32,0.0
ATOM,2204.0,HD12,ILE,138.0,-6.572,2.536,46.481,0.09,1.32,0.0
ATOM,2205.0,HD13,ILE,138.0,-5.639,2.118,47.754,0.09,1.32,0.0
ATOM,2206.0,N,HIS,139.0,-2.281,-2.046,47.441,-0.47,1.85,0.0
ATOM,2207.0,CA,HIS,139.0,-0.968,-2.565,47.767,0.07,2.275,0.0
ATOM,2208.0,C,HIS,139.0,-0.744,-3.964,47.199,0.51,2.0,0.0
ATOM,2209.0,O,HIS,139.0,0.361,-4.297,46.773,-0.51,1.7,0.48
ATOM,2210.0,CB,HIS,139.0,-0.763,-2.555,49.281,-0.08,2.175,3.12
ATOM,2211.0,CG,HIS,139.0,-0.443,-1.201,49.828,0.22,1.8,0.0
ATOM,2212.0,H,HIS,139.0,-3.015,-1.845,48.135,0.31,0.2245,0.0
ATOM,2213.0,HA,HIS,139.0,-0.269,-1.951,47.368,0.09,1.32,0.0
ATOM,2214.0,HB2,HIS,139.0,-1.6,-2.887,49.727,0.09,1.32,0.0
ATOM,2215.0,HB3,HIS,139.0,-0.008,-3.176,49.513,0.09,1.32,0.75
ATOM,2216.0,ND1,HIS,139.0,-0.193,-0.979,51.167,-0.7,1.85,0.86
ATOM,2217.0,CD2,HIS,139.0,-0.34,0.005,49.221,-0.05,1.8,0.0
ATOM,2218.0,CE1,HIS,139.0,0.05,0.304,51.358,0.25,1.8,0.0
ATOM,2219.0,NE2,HIS,139.0,-0.034,0.925,50.192,-0.36,1.85,0.0
ATOM,2220.0,HD2,HIS,139.0,-0.464,0.191,48.249,0.09,1.468,0.0
ATOM,2221.0,HE1,HIS,139.0,0.26,0.736,52.231,0.13,0.9,0.0
ATOM,2222.0,HE2,HIS,139.0,0.105,1.905,50.045,0.32,0.2245,0.0
ATOM,2223.0,N,SER,140.0,-1.789,-4.782,47.177,-0.47,1.85,0.4
ATOM,2224.0,CA,SER,140.0,-1.658,-6.129,46.636,0.07,2.275,3.29
ATOM,2225.0,C,SER,140.0,-1.263,-6.079,45.159,0.51,2.0,0.0
ATOM,2226.0,O,SER,140.0,-0.678,-7.025,44.636,-0.51,1.7,11.76
ATOM,2227.0,CB,SER,140.0,-2.967,-6.908,46.818,0.05,2.175,5.18
ATOM,2228.0,OG,SER,140.0,-3.989,-6.405,45.978,-0.66,1.77,0.0
ATOM,2229.0,H,SER,140.0,-2.663,-4.396,47.56,0.31,0.2245,0.0
ATOM,2230.0,HA,SER,140.0,-0.922,-6.598,47.134,0.09,1.32,7.92
ATOM,2231.0,HB2,SER,140.0,-2.802,-7.865,46.594,0.09,1.32,1.56
ATOM,2232.0,HB3,SER,140.0,-3.256,-6.826,47.768,0.09,1.32,0.0
ATOM,2233.0,HG,SER,140.0,-3.954,-5.406,45.97,0.43,0.2245,0.0
ATOM,2234.0,N,ALA,141.0,-1.564,-4.968,44.495,-0.47,1.85,0.0
ATOM,2235.0,CA,ALA,141.0,-1.23,-4.807,43.083,0.07,2.275,0.0
ATOM,2236.0,C,ALA,141.0,0.174,-4.222,42.929,0.51,2.0,0.0
ATOM,2237.0,O,ALA,141.0,0.605,-3.915,41.819,-0.51,1.7,0.0
ATOM,2238.0,CB,ALA,141.0,-2.263,-3.888,42.393,-0.27,2.06,0.1
ATOM,2239.0,H,ALA,141.0,-2.047,-4.24,45.055,0.31,0.2245,0.0
ATOM,2240.0,HA,ALA,141.0,-1.251,-5.708,42.639,0.09,1.32,0.0
ATOM,2241.0,HB1,ALA,141.0,-2.161,-2.963,42.749,0.09,1.32,0.0
ATOM,2242.0,HB2,ALA,141.0,-2.097,-3.896,41.411,0.09,1.32,0.0
ATOM,2243.0,HB3,ALA,141.0,-3.178,-4.229,42.587,0.09,1.32,0.0
ATOM,2244.0,N,ASN,142.0,0.88,-4.068,44.048,-0.47,1.85,0.08
ATOM,2245.0,CA,ASN,142.0,2.237,-3.51,44.039,0.07,2.275,0.56
ATOM,2246.0,C,ASN,142.0,2.232,-2.042,43.626,0.51,2.0,0.0
ATOM,2247.0,O,ASN,142.0,3.147,-1.559,42.954,-0.51,1.7,0.0
ATOM,2248.0,CB,ASN,142.0,3.15,-4.306,43.089,-0.18,2.175,4.58
ATOM,2249.0,CG,ASN,142.0,4.628,-3.991,43.296,0.55,2.0,2.1
ATOM,2250.0,OD1,ASN,142.0,5.121,-3.977,44.427,-0.55,1.7,16.12
ATOM,2251.0,ND2,ASN,142.0,5.34,-3.746,42.204,-0.62,1.85,2.38
ATOM,2252.0,H,ASN,142.0,0.396,-4.372,44.915,0.31,0.2245,0.0
ATOM,2253.0,HA,ASN,142.0,2.578,-3.55,44.986,0.09,1.32,0.0
ATOM,2254.0,HB2,ASN,142.0,3.007,-5.275,43.257,0.09,1.32,4.69
ATOM,2255.0,HB3,ASN,142.0,2.905,-4.075,42.154,0.09,1.32,0.0
ATOM,2256.0,HD22,ASN,142.0,4.897,-3.769,41.305,0.3,0.2245,0.0
ATOM,2257.0,HD21,ASN,142.0,6.315,-3.539,42.274,0.32,0.2245,4.15
ATOM,2258.0,N,VAL,143.0,1.194,-1.325,44.031,-0.47,1.85,0.0
ATOM,2259.0,CA,VAL,143.0,1.093,0.078,43.697,0.07,2.275,0.0
ATOM,2260.0,C,VAL,143.0,0.962,0.884,44.987,0.51,2.0,0.0
ATOM,2261.0,O,VAL,143.0,0.387,0.414,45.969,-0.51,1.7,0.0
ATOM,2262.0,CB,VAL,143.0,-0.137,0.332,42.782,-0.09,2.275,0.0
ATOM,2263.0,CG1,VAL,143.0,-0.409,1.811,42.666,-0.27,2.06,0.0
ATOM,2264.0,CG2,VAL,143.0,0.107,-0.261,41.394,-0.27,2.06,0.0
ATOM,2265.0,H,VAL,143.0,0.491,-1.842,44.586,0.31,0.2245,0.0
ATOM,2266.0,HA,VAL,143.0,1.939,0.361,43.245,0.09,1.32,0.0
ATOM,2267.0,HB,VAL,143.0,-0.924,-0.085,43.226,0.09,1.32,0.0
ATOM,2268.0,HG11,VAL,143.0,0.44,2.325,42.802,0.09,1.32,0.0
ATOM,2269.0,HG12,VAL,143.0,-0.776,2.02,41.757,0.09,1.32,0.0
ATOM,2270.0,HG13,VAL,143.0,-1.076,2.09,43.36,0.09,1.32,0.0
ATOM,2271.0,HG21,VAL,143.0,0.872,-0.902,41.442,0.09,1.32,0.0
ATOM,2272.0,HG22,VAL,143.0,-0.717,-0.738,41.093,0.09,1.32,0.0
ATOM,2273.0,HG23,VAL,143.0,0.323,0.477,40.757,0.09,1.32,0.05
ATOM,2274.0,N,LEU,144.0,1.517,2.09,44.987,-0.47,1.85,0.0
ATOM,2275.0,CA,LEU,144.0,1.431,2.983,46.138,0.07,2.275,0.0
ATOM,2276.0,C,LEU,144.0,0.6,4.173,45.709,0.51,2.0,0.0
ATOM,2277.0,O,LEU,144.0,0.882,4.773,44.675,-0.51,1.7,0.0
ATOM,2278.0,CB,LEU,144.0,2.818,3.476,46.528,-0.18,2.175,0.0
ATOM,2279.0,CG,LEU,144.0,3.82,2.363,46.748,-0.09,2.275,0.0
ATOM,2280.0,CD1,LEU,144.0,5.211,2.933,46.787,-0.27,2.06,0.0
ATOM,2281.0,CD2,LEU,144.0,3.485,1.661,48.043,-0.27,2.06,0.0
ATOM,2282.0,H,LEU,144.0,2.013,2.341,44.106,0.31,0.2245,0.0
ATOM,2283.0,HA,LEU,144.0,0.961,2.511,46.873,0.09,1.32,0.0
ATOM,2284.0,HB2,LEU,144.0,3.156,4.047,45.795,0.09,1.32,0.0
ATOM,2285.0,HB3,LEU,144.0,2.736,3.982,47.372,0.09,1.32,0.0
ATOM,2286.0,HG,LEU,144.0,3.747,1.704,46.0,0.09,1.32,0.0
ATOM,2287.0,HD11,LEU,144.0,5.289,3.597,47.535,0.09,1.32,0.0
ATOM,2288.0,HD12,LEU,144.0,5.879,2.199,46.933,0.09,1.32,0.0
ATOM,2289.0,HD13,LEU,144.0,5.418,3.394,45.92,0.09,1.32,0.0
ATOM,2290.0,HD21,LEU,144.0,2.56,1.278,47.993,0.09,1.32,0.0
ATOM,2291.0,HD22,LEU,144.0,4.139,0.919,48.207,0.09,1.32,0.0
ATOM,2292.0,HD23,LEU,144.0,3.53,2.312,48.804,0.09,1.32,0.0
ATOM,2293.0,N,HIS,145.0,-0.417,4.529,46.488,-0.47,1.85,0.0
ATOM,2294.0,CA,HIS,145.0,-1.253,5.672,46.128,0.07,2.275,0.0
ATOM,2295.0,C,HIS,145.0,-0.43,6.937,46.216,0.51,2.0,0.0
ATOM,2296.0,O,HIS,145.0,-0.343,7.699,45.252,-0.51,1.7,0.0
ATOM,2297.0,CB,HIS,145.0,-2.446,5.8,47.062,-0.08,2.175,0.0
ATOM,2298.0,CG,HIS,145.0,-3.435,6.832,46.625,0.22,1.8,0.0
ATOM,2299.0,H,HIS,145.0,-0.557,3.955,47.328,0.31,0.2245,0.0
ATOM,2300.0,HA,HIS,145.0,-1.559,5.553,45.182,0.09,1.32,0.0
ATOM,2301.0,HB2,HIS,145.0,-2.919,4.914,47.118,0.09,1.32,0.0
ATOM,2302.0,HB3,HIS,145.0,-2.12,6.046,47.982,0.09,1.32,0.0
ATOM,2303.0,ND1,HIS,145.0,-3.272,8.178,46.88,-0.7,1.85,0.0
ATOM,2304.0,CD2,HIS,145.0,-4.598,6.716,45.943,-0.05,1.8,0.0
ATOM,2305.0,CE1,HIS,145.0,-4.29,8.847,46.373,0.25,1.8,0.0
ATOM,2306.0,NE2,HIS,145.0,-5.109,7.982,45.8,-0.36,1.85,0.0
ATOM,2307.0,HD2,HIS,145.0,-5.008,5.872,45.608,0.09,1.468,0.0
ATOM,2308.0,HE1,HIS,145.0,-4.422,9.832,46.415,0.13,0.9,0.0
ATOM,2309.0,HE2,HIS,145.0,-5.966,8.215,45.334,0.32,0.2245,0.0
ATOM,2310.0,N,ARG,146.0,0.138,7.161,47.4,-0.47,1.85,0.0
ATOM,2311.0,CA,ARG,146.0,1.005,8.299,47.677,0.07,2.275,0.32
ATOM,2312.0,C,ARG,146.0,0.377,9.647,47.963,0.51,2.0,0.09
ATOM,2313.0,O,ARG,146.0,1.08,10.579,48.318,-0.51,1.7,5.45
ATOM,2314.0,CB,ARG,146.0,2.028,8.449,46.561,-0.18,2.175,0.1
ATOM,2315.0,CG,ARG,146.0,2.793,7.173,46.319,-0.18,2.175,0.0
ATOM,2316.0,CD,ARG,146.0,3.732,7.319,45.155,0.2,2.175,0.0
ATOM,2317.0,NE,ARG,146.0,4.964,7.994,45.534,-0.7,1.85,0.0
ATOM,2318.0,CZ,ARG,146.0,5.481,9.015,44.864,0.64,2.0,0.0
ATOM,2319.0,NH1,ARG,146.0,4.859,9.47,43.784,-0.8,1.85,1.24
ATOM,2320.0,NH2,ARG,146.0,6.625,9.564,45.254,-0.8,1.85,0.0
ATOM,2321.0,H,ARG,146.0,-0.097,6.436,48.126,0.31,0.2245,0.0
ATOM,2322.0,HA,ARG,146.0,1.611,8.047,48.487,0.09,1.32,0.0
ATOM,2323.0,HB2,ARG,146.0,1.549,8.69,45.729,0.09,1.32,0.0
ATOM,2324.0,HB3,ARG,146.0,2.671,9.155,46.82,0.09,1.32,0.14
ATOM,2325.0,HG2,ARG,146.0,3.328,6.945,47.13,0.09,1.32,0.0
ATOM,2326.0,HG3,ARG,146.0,2.154,6.434,46.117,0.09,1.32,0.0
ATOM,2327.0,HD2,ARG,146.0,3.95,6.409,44.809,0.09,1.32,0.0
ATOM,2328.0,HD3,ARG,146.0,3.273,7.849,44.444,0.09,1.32,0.0
ATOM,2329.0,HE,ARG,146.0,5.451,7.668,46.35,0.44,0.2245,0.0
ATOM,2330.0,HH11,ARG,146.0,4.001,9.079,43.471,0.46,0.2245,0.0
ATOM,2331.0,HH12,ARG,146.0,5.267,10.236,43.265,0.46,0.2245,0.06
ATOM,2332.0,HH21,ARG,146.0,7.085,9.21,46.074,0.46,0.2245,0.0
ATOM,2333.0,HH22,ARG,146.0,7.023,10.318,44.742,0.46,0.2245,6.58
ATOM,2334.0,N,ASP,147.0,-0.934,9.771,47.829,-0.47,1.85,0.0
ATOM,2335.0,CA,ASP,147.0,-1.56,11.058,48.107,0.07,2.275,0.59
ATOM,2336.0,C,ASP,147.0,-2.891,10.88,48.803,0.51,2.0,0.0
ATOM,2337.0,O,ASP,147.0,-3.869,11.529,48.456,-0.51,1.7,0.0
ATOM,2338.0,CB,ASP,147.0,-1.742,11.853,46.809,-0.28,2.175,0.9
ATOM,2339.0,CG,ASP,147.0,-1.897,13.342,47.051,0.62,2.0,0.0
ATOM,2340.0,OD1,ASP,147.0,-1.52,13.836,48.138,-0.76,1.7,1.52
ATOM,2341.0,OD2,ASP,147.0,-2.404,14.029,46.144,-0.76,1.7,10.69
ATOM,2342.0,H,ASP,147.0,-1.439,8.934,47.531,0.31,0.2245,0.0
ATOM,2343.0,HA,ASP,147.0,-0.952,11.552,48.743,0.09,1.32,2.85
ATOM,2344.0,HB2,ASP,147.0,-0.94,11.702,46.243,0.09,1.32,0.0
ATOM,2345.0,HB3,ASP,147.0,-2.557,11.515,46.355,0.09,1.32,0.0
ATOM,2346.0,N,LEU,148.0,-2.922,9.997,49.792,-0.47,1.85,0.02
ATOM,2347.0,CA,LEU,148.0,-4.14,9.753,50.531,0.07,2.275,0.0
ATOM,2348.0,C,LEU,148.0,-4.419,10.895,51.495,0.51,2.0,0.0
ATOM,2349.0,O,LEU,148.0,-3.568,11.286,52.272,-0.51,1.7,0.55
ATOM,2350.0,CB,LEU,148.0,-4.038,8.436,51.304,-0.18,2.175,0.0
ATOM,2351.0,CG,LEU,148.0,-3.931,7.179,50.427,-0.09,2.275,0.0
ATOM,2352.0,CD1,LEU,148.0,-3.6,5.944,51.258,-0.27,2.06,0.0
ATOM,2353.0,CD2,LEU,148.0,-5.247,6.994,49.692,-0.27,2.06,0.0
ATOM,2354.0,H,LEU,148.0,-2.024,9.516,49.978,0.31,0.2245,0.0
ATOM,2355.0,HA,LEU,148.0,-4.908,9.692,49.883,0.09,1.32,0.0
ATOM,2356.0,HB2,LEU,148.0,-3.224,8.472,51.867,0.09,1.32,0.0
ATOM,2357.0,HB3,LEU,148.0,-4.852,8.341,51.858,0.09,1.32,0.0
ATOM,2358.0,HG,LEU,148.0,-3.211,7.323,49.744,0.09,1.32,0.0
ATOM,2359.0,HD11,LEU,148.0,-4.32,5.796,51.936,0.09,1.32,0.0
ATOM,2360.0,HD12,LEU,148.0,-3.538,5.146,50.658,0.09,1.32,0.0
ATOM,2361.0,HD13,LEU,148.0,-2.726,6.081,51.723,0.09,1.32,0.0
ATOM,2362.0,HD21,LEU,148.0,-5.428,7.795,49.12,0.09,1.32,0.0
ATOM,2363.0,HD22,LEU,148.0,-5.197,6.178,49.114,0.09,1.32,0.0
ATOM,2364.0,HD23,LEU,148.0,-5.99,6.886,50.355,0.09,1.32,0.0
ATOM,2365.0,N,LYS,149.0,-5.627,11.426,51.435,-0.47,1.85,0.0
ATOM,2366.0,CA,LYS,149.0,-6.044,12.501,52.31,0.07,2.275,0.0
ATOM,2367.0,C,LYS,149.0,-7.561,12.537,52.195,0.51,2.0,0.0
ATOM,2368.0,O,LYS,149.0,-8.118,11.99,51.249,-0.51,1.7,0.0
ATOM,2369.0,CB,LYS,149.0,-5.436,13.819,51.854,-0.18,2.175,0.0
ATOM,2370.0,CG,LYS,149.0,-5.592,14.096,50.381,-0.18,2.175,0.0
ATOM,2371.0,CD,LYS,149.0,-4.943,15.417,50.078,-0.18,2.175,0.0
ATOM,2372.0,CE,LYS,149.0,-4.897,15.708,48.599,0.21,2.175,1.25
ATOM,2373.0,NZ,LYS,149.0,-4.731,17.175,48.413,-0.3,1.85,10.63
ATOM,2374.0,H,LYS,149.0,-6.25,11.006,50.707,0.31,0.2245,0.0
ATOM,2375.0,HA,LYS,149.0,-5.8,12.284,53.24,0.09,1.32,0.0
ATOM,2376.0,HB2,LYS,149.0,-5.876,14.559,52.365,0.09,1.32,0.3
ATOM,2377.0,HB3,LYS,149.0,-4.459,13.804,52.074,0.09,1.32,0.0
ATOM,2378.0,HG2,LYS,149.0,-5.14,13.382,49.863,0.09,1.32,0.0
ATOM,2379.0,HG3,LYS,149.0,-6.555,14.144,50.155,0.09,1.32,0.0
ATOM,2380.0,HD2,LYS,149.0,-5.46,16.147,50.53,0.09,1.32,4.1
ATOM,2381.0,HD3,LYS,149.0,-4.005,15.41,50.43,0.09,1.32,0.0
ATOM,2382.0,HE2,LYS,149.0,-4.125,15.238,48.194,0.05,1.32,0.0
ATOM,2383.0,HE3,LYS,149.0,-5.747,15.419,48.179,0.05,1.32,0.06
ATOM,2384.0,HZ1,LYS,149.0,-3.763,17.385,48.281,0.33,0.2245,5.74
ATOM,2385.0,HZ2,LYS,149.0,-5.25,17.468,47.611,0.33,0.2245,17.85
ATOM,2386.0,HZ3,LYS,149.0,-5.069,17.653,49.223,0.33,0.2245,9.41
ATOM,2387.0,N,PRO,150.0,-8.251,13.169,53.158,-0.29,1.85,0.0
ATOM,2388.0,CA,PRO,150.0,-9.72,13.255,53.15,0.02,2.275,0.0
ATOM,2389.0,C,PRO,150.0,-10.401,13.66,51.84,0.51,2.0,0.0
ATOM,2390.0,O,PRO,150.0,-11.445,13.115,51.491,-0.51,1.7,0.0
ATOM,2391.0,CB,PRO,150.0,-10.028,14.238,54.277,-0.18,2.175,0.0
ATOM,2392.0,CG,PRO,150.0,-8.886,14.085,55.212,-0.18,2.175,0.0
ATOM,2393.0,CD,PRO,150.0,-7.673,13.838,54.34,0.0,2.175,0.0
ATOM,2394.0,HA,PRO,150.0,-10.123,12.365,53.496,0.09,1.32,0.0
ATOM,2395.0,HB2,PRO,150.0,-10.084,15.175,53.923,0.09,1.32,0.0
ATOM,2396.0,HB3,PRO,150.0,-10.895,14.005,54.722,0.09,1.32,0.0
ATOM,2397.0,HG2,PRO,150.0,-8.759,14.917,55.763,0.09,1.32,0.0
ATOM,2398.0,HG3,PRO,150.0,-9.034,13.309,55.836,0.09,1.32,0.0
ATOM,2399.0,HD2,PRO,150.0,-7.234,14.694,54.08,0.09,1.32,0.79
ATOM,2400.0,HD3,PRO,150.0,-7.015,13.242,54.795,0.09,1.32,0.0
ATOM,2401.0,N,SER,151.0,-9.827,14.616,51.116,-0.47,1.85,0.0
ATOM,2402.0,CA,SER,151.0,-10.422,15.06,49.863,0.07,2.275,0.0
ATOM,2403.0,C,SER,151.0,-10.307,14.009,48.759,0.51,2.0,0.0
ATOM,2404.0,O,SER,151.0,-10.973,14.112,47.723,-0.51,1.7,10.29
ATOM,2405.0,CB,SER,151.0,-9.762,16.351,49.411,0.05,2.175,14.37
ATOM,2406.0,OG,SER,151.0,-8.605,16.056,48.668,-0.66,1.77,7.77
ATOM,2407.0,H,SER,151.0,-8.953,15.001,51.508,0.31,0.2245,0.51
ATOM,2408.0,HA,SER,151.0,-11.407,15.229,50.025,0.09,1.32,0.0
ATOM,2409.0,HB2,SER,151.0,-10.398,16.856,48.841,0.09,1.32,7.47
ATOM,2410.0,HB3,SER,151.0,-9.51,16.882,50.211,0.09,1.32,1.18
ATOM,2411.0,HG,SER,151.0,-8.083,15.335,49.126,0.43,0.2245,0.0
ATOM,2412.0,N,ASN,152.0,-9.469,12.998,48.982,-0.47,1.85,0.0
ATOM,2413.0,CA,ASN,152.0,-9.274,11.95,47.998,0.07,2.275,0.0
ATOM,2414.0,C,ASN,152.0,-10.064,10.699,48.325,0.51,2.0,0.0
ATOM,2415.0,O,ASN,152.0,-9.828,9.642,47.75,-0.51,1.7,0.0
ATOM,2416.0,CB,ASN,152.0,-7.795,11.604,47.867,-0.18,2.175,0.0
ATOM,2417.0,CG,ASN,152.0,-7.082,12.485,46.867,0.55,2.0,0.0
ATOM,2418.0,OD1,ASN,152.0,-7.704,13.108,46.013,-0.55,1.7,6.31
ATOM,2419.0,ND2,ASN,152.0,-5.763,12.54,46.97,-0.62,1.85,0.0
ATOM,2420.0,H,ASN,152.0,-8.984,13.029,49.898,0.31,0.2245,0.0
ATOM,2421.0,HA,ASN,152.0,-9.625,12.3,47.114,0.09,1.32,0.0
ATOM,2422.0,HB2,ASN,152.0,-7.364,11.719,48.758,0.09,1.32,0.0
ATOM,2423.0,HB3,ASN,152.0,-7.718,10.656,47.569,0.09,1.32,0.0
ATOM,2424.0,HD22,ASN,152.0,-5.29,12.012,47.677,0.3,0.2245,0.0
ATOM,2425.0,HD21,ASN,152.0,-5.232,13.111,46.34,0.32,0.2245,0.0
ATOM,2426.0,N,LEU,153.0,-11.008,10.821,49.251,-0.47,1.85,0.0
ATOM,2427.0,CA,LEU,153.0,-11.866,9.702,49.643,0.07,2.275,0.0
ATOM,2428.0,C,LEU,153.0,-13.311,10.105,49.335,0.51,2.0,0.0
ATOM,2429.0,O,LEU,153.0,-13.911,10.897,50.06,-0.51,1.7,0.0
ATOM,2430.0,CB,LEU,153.0,-11.701,9.407,51.137,-0.18,2.175,0.0
ATOM,2431.0,CG,LEU,153.0,-10.255,9.107,51.55,-0.09,2.275,0.0
ATOM,2432.0,CD1,LEU,153.0,-10.126,9.01,53.062,-0.27,2.06,0.0
ATOM,2433.0,CD2,LEU,153.0,-9.825,7.804,50.898,-0.27,2.06,0.0
ATOM,2434.0,H,LEU,153.0,-11.086,11.771,49.671,0.31,0.2245,0.0
ATOM,2435.0,HA,LEU,153.0,-11.636,8.912,49.09,0.09,1.32,0.0
ATOM,2436.0,HB2,LEU,153.0,-11.993,10.203,51.64,0.09,1.32,0.0
ATOM,2437.0,HB3,LEU,153.0,-12.242,8.614,51.354,0.09,1.32,0.0
ATOM,2438.0,HG,LEU,153.0,-9.664,9.841,51.211,0.09,1.32,0.0
ATOM,2439.0,HD11,LEU,153.0,-10.714,8.275,53.402,0.09,1.32,0.0
ATOM,2440.0,HD12,LEU,153.0,-9.175,8.814,53.305,0.09,1.32,0.0
ATOM,2441.0,HD13,LEU,153.0,-10.403,9.877,53.478,0.09,1.32,0.0
ATOM,2442.0,HD21,LEU,153.0,-9.883,7.891,49.902,0.09,1.32,0.0
ATOM,2443.0,HD22,LEU,153.0,-8.881,7.594,51.158,0.09,1.32,0.0
ATOM,2444.0,HD23,LEU,153.0,-10.426,7.063,51.201,0.09,1.32,0.0
ATOM,2445.0,N,LEU,154.0,-13.859,9.573,48.247,-0.47,1.85,0.0
ATOM,2446.0,CA,LEU,154.0,-15.22,9.905,47.842,0.07,2.275,0.0
ATOM,2447.0,C,LEU,154.0,-16.252,9.19,48.692,0.51,2.0,0.0
ATOM,2448.0,O,LEU,154.0,-16.033,8.073,49.165,-0.51,1.7,0.0
ATOM,2449.0,CB,LEU,154.0,-15.437,9.555,46.367,-0.18,2.175,0.0
ATOM,2450.0,CG,LEU,154.0,-14.414,10.188,45.419,-0.09,2.275,0.0
ATOM,2451.0,CD1,LEU,154.0,-14.445,9.501,44.067,-0.27,2.06,3.89
ATOM,2452.0,CD2,LEU,154.0,-14.704,11.662,45.286,-0.27,2.06,19.08
ATOM,2453.0,H,LEU,154.0,-13.249,8.918,47.725,0.31,0.2245,0.0
ATOM,2454.0,HA,LEU,154.0,-15.351,10.902,47.949,0.09,1.32,0.0
ATOM,2455.0,HB2,LEU,154.0,-15.363,8.575,46.272,0.09,1.32,0.0
ATOM,2456.0,HB3,LEU,154.0,-16.329,9.882,46.103,0.09,1.32,0.0
ATOM,2457.0,HG,LEU,154.0,-13.503,10.097,45.82,0.09,1.32,0.0
ATOM,2458.0,HD11,LEU,154.0,-15.357,9.591,43.665,0.09,1.32,0.82
ATOM,2459.0,HD12,LEU,154.0,-13.772,9.925,43.458,0.09,1.32,1.44
ATOM,2460.0,HD13,LEU,154.0,-14.226,8.53,44.177,0.09,1.32,0.0
ATOM,2461.0,HD21,LEU,154.0,-14.643,12.104,46.184,0.09,1.32,0.0
ATOM,2462.0,HD22,LEU,154.0,-14.039,12.086,44.667,0.09,1.32,6.05
ATOM,2463.0,HD23,LEU,154.0,-15.627,11.796,44.917,0.09,1.32,1.04
ATOM,2464.0,N,LEU,155.0,-17.386,9.846,48.886,-0.47,1.85,0.0
ATOM,2465.0,CA,LEU,155.0,-18.455,9.27,49.677,0.07,2.275,0.0
ATOM,2466.0,C,LEU,155.0,-19.779,9.553,48.996,0.51,2.0,0.0
ATOM,2467.0,O,LEU,155.0,-19.94,10.571,48.344,-0.51,1.7,0.0
ATOM,2468.0,CB,LEU,155.0,-18.465,9.882,51.083,-0.18,2.175,0.55
ATOM,2469.0,CG,LEU,155.0,-17.327,9.531,52.045,-0.09,2.275,0.0
ATOM,2470.0,CD1,LEU,155.0,-17.328,10.511,53.21,-0.27,2.06,0.04
ATOM,2471.0,CD2,LEU,155.0,-17.487,8.113,52.541,-0.27,2.06,0.0
ATOM,2472.0,H,LEU,155.0,-17.438,10.778,48.436,0.31,0.2245,0.0
ATOM,2473.0,HA,LEU,155.0,-18.326,8.279,49.723,0.09,1.32,0.0
ATOM,2474.0,HB2,LEU,155.0,-18.466,10.884,50.978,0.09,1.32,0.0
ATOM,2475.0,HB3,LEU,155.0,-19.325,9.608,51.527,0.09,1.32,1.44
ATOM,2476.0,HG,LEU,155.0,-16.461,9.593,51.56,0.09,1.32,0.0
ATOM,2477.0,HD11,LEU,155.0,-18.202,10.455,53.693,0.09,1.32,2.15
ATOM,2478.0,HD12,LEU,155.0,-16.585,10.283,53.839,0.09,1.32,0.0
ATOM,2479.0,HD13,LEU,155.0,-17.198,11.441,52.865,0.09,1.32,0.0
ATOM,2480.0,HD21,LEU,155.0,-17.467,7.477,51.766,0.09,1.32,0.0
ATOM,2481.0,HD22,LEU,155.0,-16.74,7.887,53.171,0.09,1.32,0.0
ATOM,2482.0,HD23,LEU,155.0,-18.362,8.017,53.021,0.09,1.32,0.0
ATOM,2483.0,N,ASN,156.0,-20.724,8.64,49.123,-0.47,1.85,0.0
ATOM,2484.0,CA,ASN,156.0,-22.026,8.88,48.543,0.07,2.275,0.0
ATOM,2485.0,C,ASN,156.0,-22.984,8.944,49.717,0.51,2.0,0.06
ATOM,2486.0,O,ASN,156.0,-22.591,8.738,50.863,-0.51,1.7,6.08
ATOM,2487.0,CB,ASN,156.0,-22.421,7.759,47.582,-0.18,2.175,3.15
ATOM,2488.0,CG,ASN,156.0,-22.568,6.434,48.268,0.55,2.0,0.0
ATOM,2489.0,H,ASN,156.0,-20.464,7.793,49.642,0.31,0.2245,0.0
ATOM,2490.0,HA,ASN,156.0,-22.01,9.779,48.131,0.09,1.32,0.0
ATOM,2491.0,HB2,ASN,156.0,-23.291,8.005,47.159,0.09,1.32,2.26
ATOM,2492.0,HB3,ASN,156.0,-21.713,7.687,46.882,0.09,1.32,0.0
ATOM,2493.0,OD1,ASN,156.0,-22.681,6.36,49.493,-0.55,1.7,0.0
ATOM,2494.0,ND2,ASN,156.0,-22.567,5.367,47.485,-0.62,1.85,8.63
ATOM,2495.0,HD22,ASN,156.0,-22.466,5.466,46.494,0.3,0.2245,12.51
ATOM,2496.0,HD21,ASN,156.0,-22.667,4.451,47.883,0.32,0.2245,0.0
ATOM,2497.0,N,THR,157.0,-24.243,9.231,49.424,-0.47,1.85,0.14
ATOM,2498.0,CA,THR,157.0,-25.282,9.339,50.436,0.07,2.275,1.35
ATOM,2499.0,C,THR,157.0,-25.437,8.122,51.365,0.51,2.0,0.05
ATOM,2500.0,O,THR,157.0,-26.026,8.23,52.444,-0.51,1.7,28.2
ATOM,2501.0,CB,THR,157.0,-26.622,9.623,49.745,0.14,2.275,6.51
ATOM,2502.0,OG1,THR,157.0,-26.777,8.753,48.613,-0.66,1.77,17.32
ATOM,2503.0,CG2,THR,157.0,-26.653,11.051,49.26,-0.27,2.06,25.15
ATOM,2504.0,H,THR,157.0,-24.427,9.373,48.402,0.31,0.2245,0.0
ATOM,2505.0,HA,THR,157.0,-25.077,10.153,51.025,0.09,1.32,9.78
ATOM,2506.0,HB,THR,157.0,-27.381,9.428,50.399,0.09,1.32,8.84
ATOM,2507.0,HG21,THR,157.0,-25.722,11.368,49.055,0.09,1.32,0.04
ATOM,2508.0,HG22,THR,157.0,-27.209,11.122,48.426,0.09,1.32,6.73
ATOM,2509.0,HG23,THR,157.0,-27.05,11.648,49.964,0.09,1.32,11.87
ATOM,2510.0,HG1,THR,157.0,-26.48,9.218,47.773,0.43,0.2245,3.93
ATOM,2511.0,N,THR,158.0,-24.906,6.971,50.958,-0.47,1.85,0.0
ATOM,2512.0,CA,THR,158.0,-25.023,5.755,51.767,0.07,2.275,1.74
ATOM,2513.0,C,THR,158.0,-23.747,5.327,52.506,0.51,2.0,0.71
ATOM,2514.0,O,THR,158.0,-23.59,4.151,52.847,-0.51,1.7,10.66
ATOM,2515.0,CB,THR,158.0,-25.495,4.563,50.909,0.14,2.275,2.24
ATOM,2516.0,OG1,THR,158.0,-25.215,4.831,49.534,-0.66,1.77,8.97
ATOM,2517.0,CG2,THR,158.0,-26.986,4.334,51.079,-0.27,2.06,39.49
ATOM,2518.0,H,THR,158.0,-24.418,7.008,50.048,0.31,0.2245,0.0
ATOM,2519.0,HA,THR,158.0,-25.754,5.908,52.468,0.09,1.32,4.24
ATOM,2520.0,HB,THR,158.0,-24.972,3.733,51.187,0.09,1.32,2.95
ATOM,2521.0,HG21,THR,158.0,-27.146,3.473,51.569,0.09,1.32,12.08
ATOM,2522.0,HG22,THR,158.0,-27.39,5.088,51.603,0.09,1.32,6.01
ATOM,2523.0,HG23,THR,158.0,-27.429,4.286,50.18,0.09,1.32,10.35
ATOM,2524.0,HG1,THR,158.0,-24.49,4.22,49.197,0.43,0.2245,1.69
ATOM,2525.0,N,CYS,159.0,-22.842,6.271,52.754,-0.47,1.85,0.12
ATOM,2526.0,CA,CYS,159.0,-21.604,5.971,53.47,0.07,2.275,0.52
ATOM,2527.0,C,CYS,159.0,-20.623,5.097,52.682,0.51,2.0,0.0
ATOM,2528.0,O,CYS,159.0,-19.642,4.609,53.238,-0.51,1.7,0.0
ATOM,2529.0,CB,CYS,159.0,-21.923,5.301,54.813,-0.11,2.175,3.71
ATOM,2530.0,SG,CYS,159.0,-22.269,6.448,56.173,-0.23,2.0,25.79
ATOM,2531.0,H,CYS,159.0,-23.087,7.215,52.403,0.31,0.2245,0.99
ATOM,2532.0,HA,CYS,159.0,-21.137,6.852,53.677,0.09,1.32,1.44
ATOM,2533.0,HB2,CYS,159.0,-22.724,4.717,54.684,0.09,1.32,2.89
ATOM,2534.0,HB3,CYS,159.0,-21.138,4.738,55.07,0.09,1.32,0.0
ATOM,2535.0,HG,CYS,159.0,-21.916,6.066,57.026,0.16,0.45,1.62
ATOM,2536.0,N,ASP,160.0,-20.89,4.888,51.397,-0.47,1.85,0.0
ATOM,2537.0,CA,ASP,160.0,-19.998,4.093,50.565,0.07,2.275,0.03
ATOM,2538.0,C,ASP,160.0,-18.769,4.934,50.279,0.51,2.0,0.0
ATOM,2539.0,O,ASP,160.0,-18.889,6.024,49.736,-0.51,1.7,0.0
ATOM,2540.0,CB,ASP,160.0,-20.663,3.746,49.239,-0.28,2.175,4.8
ATOM,2541.0,CG,ASP,160.0,-21.731,2.694,49.382,0.62,2.0,3.14
ATOM,2542.0,OD1,ASP,160.0,-21.674,1.907,50.352,-0.76,1.7,19.64
ATOM,2543.0,OD2,ASP,160.0,-22.632,2.656,48.519,-0.76,1.7,25.5
ATOM,2544.0,H,ASP,160.0,-21.761,5.327,51.052,0.31,0.2245,0.0
ATOM,2545.0,HA,ASP,160.0,-19.702,3.313,51.108,0.09,1.32,0.0
ATOM,2546.0,HB2,ASP,160.0,-21.074,4.576,48.875,0.09,1.32,0.0
ATOM,2547.0,HB3,ASP,160.0,-19.96,3.411,48.621,0.09,1.32,2.65
ATOM,2548.0,N,LEU,161.0,-17.591,4.418,50.618,-0.47,1.85,0.14
ATOM,2549.0,CA,LEU,161.0,-16.335,5.14,50.409,0.07,2.275,0.0
ATOM,2550.0,C,LEU,161.0,-15.489,4.532,49.284,0.51,2.0,0.0
ATOM,2551.0,O,LEU,161.0,-15.352,3.304,49.187,-0.51,1.7,0.3
ATOM,2552.0,CB,LEU,161.0,-15.527,5.16,51.72,-0.18,2.175,0.0
ATOM,2553.0,CG,LEU,161.0,-14.244,5.986,51.781,-0.09,2.275,0.0
ATOM,2554.0,CD1,LEU,161.0,-13.969,6.415,53.215,-0.27,2.06,0.0
ATOM,2555.0,CD2,LEU,161.0,-13.092,5.168,51.229,-0.27,2.06,0.0
ATOM,2556.0,H,LEU,161.0,-17.638,3.468,51.04,0.31,0.2245,0.08
ATOM,2557.0,HA,LEU,161.0,-16.552,6.095,50.158,0.09,1.32,0.0
ATOM,2558.0,HB2,LEU,161.0,-16.139,5.503,52.443,0.09,1.32,0.0
ATOM,2559.0,HB3,LEU,161.0,-15.282,4.208,51.936,0.09,1.32,0.0
ATOM,2560.0,HG,LEU,161.0,-14.35,6.795,51.207,0.09,1.32,0.0
ATOM,2561.0,HD11,LEU,161.0,-13.866,5.605,53.792,0.09,1.32,0.0
ATOM,2562.0,HD12,LEU,161.0,-13.128,6.955,53.247,0.09,1.32,0.0
ATOM,2563.0,HD13,LEU,161.0,-14.732,6.968,53.551,0.09,1.32,0.0
ATOM,2564.0,HD21,LEU,161.0,-13.282,4.917,50.278,0.09,1.32,0.0
ATOM,2565.0,HD22,LEU,161.0,-12.248,5.706,51.267,0.09,1.32,0.0
ATOM,2566.0,HD23,LEU,161.0,-12.978,4.335,51.774,0.09,1.32,0.0
ATOM,2567.0,N,LYS,162.0,-14.945,5.403,48.431,-0.47,1.85,0.0
ATOM,2568.0,CA,LYS,162.0,-14.094,5.001,47.318,0.07,2.275,0.0
ATOM,2569.0,C,LYS,162.0,-12.87,5.904,47.256,0.51,2.0,0.0
ATOM,2570.0,O,LYS,162.0,-12.979,7.125,47.315,-0.51,1.7,0.0
ATOM,2571.0,CB,LYS,162.0,-14.844,5.094,45.99,-0.18,2.175,0.0
ATOM,2572.0,CG,LYS,162.0,-16.038,4.173,45.898,-0.18,2.175,0.01
ATOM,2573.0,CD,LYS,162.0,-16.392,3.855,44.467,-0.18,2.175,0.0
ATOM,2574.0,CE,LYS,162.0,-17.777,3.273,44.385,0.21,2.175,6.95
ATOM,2575.0,NZ,LYS,162.0,-17.719,1.815,44.205,-0.3,1.85,5.59
ATOM,2576.0,H,LYS,162.0,-15.185,6.403,48.633,0.31,0.2245,0.0
ATOM,2577.0,HA,LYS,162.0,-13.791,4.056,47.463,0.09,1.32,0.0
ATOM,2578.0,HB2,LYS,162.0,-15.159,6.035,45.877,0.09,1.32,0.0
ATOM,2579.0,HB3,LYS,162.0,-14.206,4.863,45.257,0.09,1.32,0.0
ATOM,2580.0,HG2,LYS,162.0,-15.83,3.317,46.381,0.09,1.32,0.0
ATOM,2581.0,HG3,LYS,162.0,-16.826,4.611,46.34,0.09,1.32,0.0
ATOM,2582.0,HD2,LYS,162.0,-16.363,4.692,43.933,0.09,1.32,0.0
ATOM,2583.0,HD3,LYS,162.0,-15.743,3.192,44.112,0.09,1.32,0.0
ATOM,2584.0,HE2,LYS,162.0,-18.273,3.486,45.23,0.05,1.32,0.0
ATOM,2585.0,HE3,LYS,162.0,-18.261,3.686,43.61,0.05,1.32,0.0
ATOM,2586.0,HZ1,LYS,162.0,-17.494,1.373,45.076,0.33,0.2245,1.99
ATOM,2587.0,HZ2,LYS,162.0,-18.606,1.476,43.885,0.33,0.2245,17.94
ATOM,2588.0,HZ3,LYS,162.0,-17.016,1.583,43.529,0.33,0.2245,7.07
ATOM,2589.0,N,ILE,163.0,-11.699,5.292,47.15,-0.47,1.85,0.0
ATOM,2590.0,CA,ILE,163.0,-10.456,6.043,47.061,0.07,2.275,0.0
ATOM,2591.0,C,ILE,163.0,-10.337,6.523,45.616,0.51,2.0,0.0
ATOM,2592.0,O,ILE,163.0,-10.689,5.803,44.693,-0.51,1.7,0.0
ATOM,2593.0,CB,ILE,163.0,-9.225,5.146,47.4,-0.09,2.275,0.0
ATOM,2594.0,CG1,ILE,163.0,-9.429,4.449,48.752,-0.18,2.175,0.0
ATOM,2595.0,CG2,ILE,163.0,-7.954,5.987,47.422,-0.27,2.06,0.0
ATOM,2596.0,CD1,ILE,163.0,-8.275,3.551,49.165,-0.27,2.06,0.0
ATOM,2597.0,H,ILE,163.0,-11.746,4.255,47.136,0.31,0.2245,0.0
ATOM,2598.0,HA,ILE,163.0,-10.574,6.853,47.618,0.09,1.32,0.0
ATOM,2599.0,HB,ILE,163.0,-9.161,4.45,46.698,0.09,1.32,0.0
ATOM,2600.0,HG12,ILE,163.0,-9.56,5.15,49.451,0.09,1.32,0.0
ATOM,2601.0,HG13,ILE,163.0,-10.259,3.896,48.695,0.09,1.32,0.0
ATOM,2602.0,HG21,ILE,163.0,-7.169,5.398,47.606,0.09,1.32,0.0
ATOM,2603.0,HG22,ILE,163.0,-7.835,6.433,46.537,0.09,1.32,0.0
ATOM,2604.0,HG23,ILE,163.0,-8.026,6.68,48.137,0.09,1.32,0.0
ATOM,2605.0,HD11,ILE,163.0,-7.443,4.097,49.235,0.09,1.32,0.0
ATOM,2606.0,HD12,ILE,163.0,-8.482,3.137,50.049,0.09,1.32,0.0
ATOM,2607.0,HD13,ILE,163.0,-8.153,2.837,48.478,0.09,1.32,0.0
ATOM,2608.0,N,CYS,164.0,-9.856,7.74,45.414,-0.47,1.85,0.0
ATOM,2609.0,CA,CYS,164.0,-9.695,8.242,44.059,0.07,2.275,0.0
ATOM,2610.0,C,CYS,164.0,-8.389,8.994,43.98,0.51,2.0,0.0
ATOM,2611.0,O,CYS,164.0,-7.62,9.002,44.935,-0.51,1.7,0.0
ATOM,2612.0,CB,CYS,164.0,-10.854,9.172,43.675,-0.11,2.175,1.36
ATOM,2613.0,SG,CYS,164.0,-10.821,10.812,44.453,-0.23,2.0,13.4
ATOM,2614.0,H,CYS,164.0,-9.618,8.273,46.261,0.31,0.2245,0.0
ATOM,2615.0,HA,CYS,164.0,-9.65,7.461,43.437,0.09,1.32,0.0
ATOM,2616.0,HB2,CYS,164.0,-10.834,9.296,42.682,0.09,1.32,1.45
ATOM,2617.0,HB3,CYS,164.0,-11.71,8.72,43.934,0.09,1.32,0.0
ATOM,2618.0,HG,CYS,164.0,-10.527,10.72,45.403,0.16,0.45,0.0
ATOM,2619.0,N,ASP,165.0,-8.15,9.597,42.821,-0.47,1.85,0.12
ATOM,2620.0,CA,ASP,165.0,-6.964,10.397,42.543,0.07,2.275,1.75
ATOM,2621.0,C,ASP,165.0,-5.625,9.675,42.598,0.51,2.0,0.0
ATOM,2622.0,O,ASP,165.0,-4.832,9.867,43.527,-0.51,1.7,0.17
ATOM,2623.0,CB,ASP,165.0,-6.928,11.605,43.472,-0.28,2.175,3.4
ATOM,2624.0,CG,ASP,165.0,-5.988,12.691,42.978,0.62,2.0,3.29
ATOM,2625.0,OD1,ASP,165.0,-5.302,12.468,41.956,-0.76,1.7,7.96
ATOM,2626.0,OD2,ASP,165.0,-5.934,13.765,43.614,-0.76,1.7,24.03
ATOM,2627.0,H,ASP,165.0,-8.909,9.445,42.102,0.31,0.2245,2.24
ATOM,2628.0,HA,ASP,165.0,-7.067,10.758,41.585,0.09,1.32,3.11
ATOM,2629.0,HB2,ASP,165.0,-7.845,11.981,43.528,0.09,1.32,2.41
ATOM,2630.0,HB3,ASP,165.0,-6.62,11.301,44.365,0.09,1.32,0.0
ATOM,2631.0,N,PHE,166.0,-5.362,8.864,41.584,-0.47,1.85,0.0
ATOM,2632.0,CA,PHE,166.0,-4.115,8.132,41.516,0.07,2.275,0.0
ATOM,2633.0,C,PHE,166.0,-3.133,8.855,40.594,0.51,2.0,0.0
ATOM,2634.0,O,PHE,166.0,-2.355,8.229,39.886,-0.51,1.7,0.0
ATOM,2635.0,CB,PHE,166.0,-4.388,6.712,41.016,-0.18,2.175,0.0
ATOM,2636.0,CG,PHE,166.0,-5.143,5.853,42.01,0.0,1.9924,0.0
ATOM,2637.0,CD1,PHE,166.0,-6.489,6.089,42.278,-0.115,1.9924,0.0
ATOM,2638.0,CD2,PHE,166.0,-4.497,4.827,42.69,-0.115,1.9924,0.0
ATOM,2639.0,CE1,PHE,166.0,-7.175,5.326,43.204,-0.115,1.9924,0.0
ATOM,2640.0,CE2,PHE,166.0,-5.178,4.048,43.626,-0.115,1.9924,0.0
ATOM,2641.0,CZ,PHE,166.0,-6.514,4.295,43.885,-0.115,1.9924,0.0
ATOM,2642.0,H,PHE,166.0,-6.108,8.804,40.866,0.31,0.2245,0.0
ATOM,2643.0,HA,PHE,166.0,-3.708,8.146,42.433,0.09,1.32,0.0
ATOM,2644.0,HB2,PHE,166.0,-4.935,6.776,40.198,0.09,1.32,0.0
ATOM,2645.0,HB3,PHE,166.0,-3.52,6.277,40.842,0.09,1.32,0.0
ATOM,2646.0,HD1,PHE,166.0,-6.966,6.819,41.793,0.115,1.3582,0.0
ATOM,2647.0,HD2,PHE,166.0,-3.531,4.642,42.507,0.115,1.3582,0.0
ATOM,2648.0,HE1,PHE,166.0,-8.145,5.51,43.391,0.115,1.3582,0.0
ATOM,2649.0,HE2,PHE,166.0,-4.686,3.308,44.109,0.115,1.3582,0.0
ATOM,2650.0,HZ,PHE,166.0,-7.015,3.748,44.551,0.115,1.3582,0.0
ATOM,2651.0,N,GLY,167.0,-3.169,10.185,40.615,-0.47,1.85,0.0
ATOM,2652.0,CA,GLY,167.0,-2.283,10.958,39.77,-0.02,2.175,0.0
ATOM,2653.0,C,GLY,167.0,-0.83,10.926,40.204,0.51,2.0,0.0
ATOM,2654.0,O,GLY,167.0,0.062,11.218,39.411,-0.51,1.7,0.64
ATOM,2655.0,H,GLY,167.0,-3.859,10.595,41.263,0.31,0.2245,0.0
ATOM,2656.0,HA2,GLY,167.0,-2.35,10.617,38.809,0.09,1.32,0.0
ATOM,2657.0,HA3,GLY,167.0,-2.601,11.929,39.746,0.09,1.32,0.0
ATOM,2658.0,N,LEU,168.0,-0.587,10.574,41.464,-0.47,1.85,0.09
ATOM,2659.0,CA,LEU,168.0,0.772,10.503,41.992,0.07,2.275,0.0
ATOM,2660.0,C,LEU,168.0,1.146,9.088,42.371,0.51,2.0,0.0
ATOM,2661.0,O,LEU,168.0,2.163,8.88,43.033,-0.51,1.7,0.0
ATOM,2662.0,CB,LEU,168.0,0.909,11.372,43.239,-0.18,2.175,0.0
ATOM,2663.0,CG,LEU,168.0,0.901,12.876,43.033,-0.09,2.275,0.41
ATOM,2664.0,CD1,LEU,168.0,0.685,13.539,44.372,-0.27,2.06,1.41
ATOM,2665.0,CD2,LEU,168.0,2.209,13.315,42.397,-0.27,2.06,5.29
ATOM,2666.0,H,LEU,168.0,-1.432,10.359,42.027,0.31,0.2245,0.43
ATOM,2667.0,HA,LEU,168.0,1.408,10.825,41.277,0.09,1.32,0.0
ATOM,2668.0,HB2,LEU,168.0,0.148,11.148,43.851,0.09,1.32,0.0
ATOM,2669.0,HB3,LEU,168.0,1.773,11.133,43.683,0.09,1.32,0.21
ATOM,2670.0,HG,LEU,168.0,0.161,13.118,42.417,0.09,1.32,0.0
ATOM,2671.0,HD11,LEU,168.0,1.424,13.286,45.0,0.09,1.32,0.48
ATOM,2672.0,HD12,LEU,168.0,0.676,14.535,44.261,0.09,1.32,5.05
ATOM,2673.0,HD13,LEU,168.0,-0.191,13.244,44.76,0.09,1.32,0.0
ATOM,2674.0,HD21,LEU,168.0,2.321,12.861,41.512,0.09,1.32,0.59
ATOM,2675.0,HD22,LEU,168.0,2.201,14.307,42.262,0.09,1.32,2.45
ATOM,2676.0,HD23,LEU,168.0,2.973,13.068,42.995,0.09,1.32,0.28
ATOM,2677.0,N,ALA,169.0,0.332,8.121,41.963,-0.47,1.85,0.0
ATOM,2678.0,CA,ALA,169.0,0.584,6.726,42.301,0.07,2.275,0.0
ATOM,2679.0,C,ALA,169.0,1.785,6.146,41.573,0.51,2.0,0.0
ATOM,2680.0,O,ALA,169.0,2.049,6.496,40.433,-0.51,1.7,0.0
ATOM,2681.0,CB,ALA,169.0,-0.651,5.896,42.012,-0.27,2.06,0.0
ATOM,2682.0,H,ALA,169.0,-0.477,8.438,41.398,0.31,0.2245,0.0
ATOM,2683.0,HA,ALA,169.0,0.751,6.661,43.302,0.09,1.32,0.0
ATOM,2684.0,HB1,ALA,169.0,-1.468,6.39,42.313,0.09,1.32,0.0
ATOM,2685.0,HB2,ALA,169.0,-0.716,5.719,41.029,0.09,1.32,0.0
ATOM,2686.0,HB3,ALA,169.0,-0.594,5.025,42.501,0.09,1.32,0.0
ATOM,2687.0,N,ARG,170.0,2.503,5.251,42.246,-0.47,1.85,0.0
ATOM,2688.0,CA,ARG,170.0,3.688,4.609,41.677,0.07,2.275,0.0
ATOM,2689.0,C,ARG,170.0,3.703,3.112,41.964,0.51,2.0,0.01
ATOM,2690.0,O,ARG,170.0,3.051,2.651,42.898,-0.51,1.7,0.0
ATOM,2691.0,CB,ARG,170.0,4.974,5.203,42.278,-0.18,2.175,0.16
ATOM,2692.0,CG,ARG,170.0,5.273,6.645,41.913,-0.18,2.175,0.27
ATOM,2693.0,CD,ARG,170.0,5.47,6.854,40.413,0.2,2.175,11.92
ATOM,2694.0,NE,ARG,170.0,4.71,8.011,39.95,-0.7,1.85,0.0
ATOM,2695.0,CZ,ARG,170.0,5.11,9.27,40.081,0.64,2.0,0.01
ATOM,2696.0,NH1,ARG,170.0,6.273,9.546,40.664,-0.8,1.85,8.1
ATOM,2697.0,NH2,ARG,170.0,4.329,10.254,39.656,-0.8,1.85,5.22
ATOM,2698.0,H,ARG,170.0,2.152,5.047,43.206,0.31,0.2245,0.0
ATOM,2699.0,HA,ARG,170.0,3.681,4.746,40.678,0.09,1.32,0.15
ATOM,2700.0,HB2,ARG,170.0,4.902,5.142,43.277,0.09,1.32,0.0
ATOM,2701.0,HB3,ARG,170.0,5.744,4.638,41.973,0.09,1.32,3.1
ATOM,2702.0,HG2,ARG,170.0,4.514,7.23,42.207,0.09,1.32,0.0
ATOM,2703.0,HG3,ARG,170.0,6.112,6.941,42.376,0.09,1.32,0.0
ATOM,2704.0,HD2,ARG,170.0,6.435,7.004,40.249,0.09,1.32,6.36
ATOM,2705.0,HD3,ARG,170.0,5.152,6.04,39.947,0.09,1.32,1.25
ATOM,2706.0,HE,ARG,170.0,3.823,7.842,39.502,0.44,0.2245,0.0
ATOM,2707.0,HH11,ARG,170.0,6.868,8.818,40.991,0.46,0.2245,1.15
ATOM,2708.0,HH12,ARG,170.0,6.556,10.506,40.775,0.46,0.2245,13.88
ATOM,2709.0,HH21,ARG,170.0,3.451,10.043,39.221,0.46,0.2245,0.05
ATOM,2710.0,HH22,ARG,170.0,4.614,11.206,39.767,0.46,0.2245,11.24
ATOM,2711.0,N,VAL,171.0,4.455,2.361,41.157,-0.47,1.85,0.01
ATOM,2712.0,CA,VAL,171.0,4.61,0.917,41.366,0.07,2.275,0.0
ATOM,2713.0,C,VAL,171.0,5.641,0.835,42.498,0.51,2.0,0.0
ATOM,2714.0,O,VAL,171.0,6.716,1.417,42.393,-0.51,1.7,5.65
ATOM,2715.0,CB,VAL,171.0,5.17,0.191,40.096,-0.09,2.275,1.89
ATOM,2716.0,CG1,VAL,171.0,5.584,-1.227,40.446,-0.27,2.06,3.06
ATOM,2717.0,CG2,VAL,171.0,4.124,0.161,38.994,-0.27,2.06,0.0
ATOM,2718.0,H,VAL,171.0,4.913,2.877,40.382,0.31,0.2245,5.24
ATOM,2719.0,HA,VAL,171.0,3.765,0.56,41.7,0.09,1.32,0.0
ATOM,2720.0,HB,VAL,171.0,5.986,0.681,39.818,0.09,1.32,8.29
ATOM,2721.0,HG11,VAL,171.0,4.816,-1.849,40.289,0.09,1.32,0.0
ATOM,2722.0,HG12,VAL,171.0,6.356,-1.503,39.873,0.09,1.32,5.21
ATOM,2723.0,HG13,VAL,171.0,5.854,-1.27,41.408,0.09,1.32,0.0
ATOM,2724.0,HG21,VAL,171.0,4.056,-0.767,38.627,0.09,1.32,0.0
ATOM,2725.0,HG22,VAL,171.0,3.24,0.439,39.369,0.09,1.32,0.03
ATOM,2726.0,HG23,VAL,171.0,4.393,0.791,38.265,0.09,1.32,0.15
ATOM,2727.0,N,ALA,172.0,5.308,0.141,43.583,-0.47,1.85,0.0
ATOM,2728.0,CA,ALA,172.0,6.21,0.031,44.725,0.07,2.275,0.0
ATOM,2729.0,C,ALA,172.0,7.639,-0.239,44.288,0.51,2.0,0.0
ATOM,2730.0,O,ALA,172.0,7.873,-0.929,43.305,-0.51,1.7,7.52
ATOM,2731.0,CB,ALA,172.0,5.734,-1.07,45.663,-0.27,2.06,1.71
ATOM,2732.0,H,ALA,172.0,4.372,-0.305,43.547,0.31,0.2245,0.0
ATOM,2733.0,HA,ALA,172.0,6.188,0.901,45.239,0.09,1.32,0.0
ATOM,2734.0,HB1,ALA,172.0,6.303,-1.883,45.54,0.09,1.32,0.81
ATOM,2735.0,HB2,ALA,172.0,5.804,-0.756,46.609,0.09,1.32,0.0
ATOM,2736.0,HB3,ALA,172.0,4.782,-1.296,45.457,0.09,1.32,0.0
ATOM,2737.0,N,ASP,173.0,8.595,0.322,45.015,-0.47,1.85,0.0
ATOM,2738.0,CA,ASP,173.0,10.007,0.128,44.703,0.07,2.275,0.26
ATOM,2739.0,C,ASP,173.0,10.814,0.411,45.957,0.51,2.0,0.0
ATOM,2740.0,O,ASP,173.0,11.547,1.394,46.023,-0.51,1.7,0.0
ATOM,2741.0,CB,ASP,173.0,10.45,1.069,43.583,-0.28,2.175,7.46
ATOM,2742.0,CG,ASP,173.0,11.877,0.825,43.171,0.62,2.0,2.92
ATOM,2743.0,OD1,ASP,173.0,12.489,-0.117,43.719,-0.76,1.7,6.7
ATOM,2744.0,OD2,ASP,173.0,12.39,1.563,42.309,-0.76,1.7,21.4
ATOM,2745.0,H,ASP,173.0,8.26,0.9,45.81,0.31,0.2245,0.0
ATOM,2746.0,HA,ASP,173.0,10.132,-0.837,44.482,0.09,1.32,2.89
ATOM,2747.0,HB2,ASP,173.0,9.856,0.915,42.803,0.09,1.32,3.41
ATOM,2748.0,HB3,ASP,173.0,10.362,2.0,43.914,0.09,1.32,0.0
ATOM,2749.0,N,PRO,174.0,10.708,-0.476,46.959,-0.29,1.85,0.0
ATOM,2750.0,CA,PRO,174.0,11.397,-0.371,48.253,0.02,2.275,0.0
ATOM,2751.0,C,PRO,174.0,12.929,-0.291,48.236,0.51,2.0,0.1
ATOM,2752.0,O,PRO,174.0,13.531,0.297,49.138,-0.51,1.7,15.24
ATOM,2753.0,CB,PRO,174.0,10.904,-1.599,49.025,-0.18,2.175,15.54
ATOM,2754.0,CG,PRO,174.0,9.693,-2.06,48.299,-0.18,2.175,16.68
ATOM,2755.0,CD,PRO,174.0,9.912,-1.71,46.873,0.0,2.175,7.72
ATOM,2756.0,HA,PRO,174.0,11.011,0.424,48.792,0.09,1.32,0.0
ATOM,2757.0,HB2,PRO,174.0,11.614,-2.314,49.038,0.09,1.32,3.49
ATOM,2758.0,HB3,PRO,174.0,10.686,-1.352,49.976,0.09,1.32,4.32
ATOM,2759.0,HG2,PRO,174.0,9.57,-3.057,48.416,0.09,1.32,12.16
ATOM,2760.0,HG3,PRO,174.0,8.869,-1.604,48.665,0.09,1.32,0.62
ATOM,2761.0,HD2,PRO,174.0,10.423,-2.42,46.387,0.09,1.32,7.96
ATOM,2762.0,HD3,PRO,174.0,9.05,-1.536,46.393,0.09,1.32,0.0
ATOM,2763.0,N,ASP,175.0,13.553,-0.873,47.217,-0.47,1.85,0.0
ATOM,2764.0,CA,ASP,175.0,15.009,-0.882,47.111,0.07,2.275,0.85
ATOM,2765.0,C,ASP,175.0,15.587,0.46,46.714,0.51,2.0,0.0
ATOM,2766.0,O,ASP,175.0,16.678,0.841,47.15,-0.51,1.7,25.59
ATOM,2767.0,CB,ASP,175.0,15.446,-1.928,46.091,-0.28,2.175,6.21
ATOM,2768.0,CG,ASP,175.0,14.994,-3.319,46.463,0.62,2.0,4.17
ATOM,2769.0,OD1,ASP,175.0,14.44,-3.492,47.572,-0.76,1.7,26.18
ATOM,2770.0,OD2,ASP,175.0,15.192,-4.242,45.647,-0.76,1.7,46.89
ATOM,2771.0,H,ASP,175.0,12.926,-1.313,46.515,0.31,0.2245,0.23
ATOM,2772.0,HA,ASP,175.0,15.371,-1.104,48.034,0.09,1.32,8.05
ATOM,2773.0,HB2,ASP,175.0,15.05,-1.685,45.213,0.09,1.32,0.02
ATOM,2774.0,HB3,ASP,175.0,16.438,-1.914,46.041,0.09,1.32,9.41
ATOM,2775.0,N,HIS,176.0,14.852,1.171,45.873,-0.47,1.85,0.0
ATOM,2776.0,CA,HIS,176.0,15.286,2.471,45.39,0.07,2.275,2.73
ATOM,2777.0,C,HIS,176.0,14.539,3.594,46.109,0.51,2.0,0.06
ATOM,2778.0,O,HIS,176.0,14.155,4.589,45.495,-0.51,1.7,0.18
ATOM,2779.0,CB,HIS,176.0,15.06,2.534,43.874,-0.09,2.175,5.99
ATOM,2780.0,CG,HIS,176.0,15.613,1.35,43.143,-0.05,1.8,0.55
ATOM,2781.0,ND1,HIS,176.0,14.828,0.285,42.757,-0.36,1.85,0.43
ATOM,2782.0,CD2,HIS,176.0,16.852,1.097,42.654,0.22,1.8,19.62
ATOM,2783.0,CE1,HIS,176.0,15.558,-0.571,42.063,0.25,1.8,17.72
ATOM,2784.0,NE2,HIS,176.0,16.789,-0.1,41.986,-0.7,1.85,29.09
ATOM,2785.0,H,HIS,176.0,13.954,0.726,45.594,0.31,0.2245,0.0
ATOM,2786.0,HA,HIS,176.0,16.268,2.576,45.584,0.09,1.32,5.69
ATOM,2787.0,HB2,HIS,176.0,14.074,2.586,43.694,0.09,1.32,0.0
ATOM,2788.0,HB3,HIS,176.0,15.499,3.362,43.515,0.09,1.32,8.11
ATOM,2789.0,HD1,HIS,176.0,13.856,0.179,42.97,0.32,0.2245,0.0
ATOM,2790.0,HD2,HIS,176.0,17.658,1.673,42.761,0.1,1.468,16.54
ATOM,2791.0,HE1,HIS,176.0,15.235,-1.425,41.667,0.13,0.9,17.71
ATOM,2792.0,N,ASP,177.0,14.357,3.434,47.417,-0.47,1.85,0.0
ATOM,2793.0,CA,ASP,177.0,13.629,4.413,48.217,0.07,2.275,0.0
ATOM,2794.0,C,ASP,177.0,14.477,5.466,48.938,0.51,2.0,0.0
ATOM,2795.0,O,ASP,177.0,13.961,6.508,49.343,-0.51,1.7,0.0
ATOM,2796.0,CB,ASP,177.0,12.75,3.683,49.239,-0.28,2.175,0.73
ATOM,2797.0,CG,ASP,177.0,11.658,4.571,49.813,0.62,2.0,0.0
ATOM,2798.0,OD1,ASP,177.0,10.96,5.234,49.029,-0.76,1.7,0.0
ATOM,2799.0,OD2,ASP,177.0,11.499,4.605,51.049,-0.76,1.7,10.49
ATOM,2800.0,H,ASP,177.0,14.771,2.567,47.811,0.31,0.2245,0.22
ATOM,2801.0,HA,ASP,177.0,13.011,4.924,47.576,0.09,1.32,0.0
ATOM,2802.0,HB2,ASP,177.0,12.326,2.911,48.782,0.09,1.32,0.0
ATOM,2803.0,HB3,ASP,177.0,13.333,3.374,49.98,0.09,1.32,7.14
ATOM,2804.0,N,HIS,178.0,15.77,5.217,49.098,-0.47,1.85,1.01
ATOM,2805.0,CA,HIS,178.0,16.608,6.183,49.789,0.07,2.275,1.94
ATOM,2806.0,C,HIS,178.0,16.994,7.388,48.944,0.51,2.0,0.0
ATOM,2807.0,O,HIS,178.0,17.247,7.28,47.743,-0.51,1.7,13.85
ATOM,2808.0,CB,HIS,178.0,17.882,5.524,50.316,-0.09,2.175,13.27
ATOM,2809.0,CG,HIS,178.0,18.738,6.45,51.126,-0.05,1.8,1.02
ATOM,2810.0,H,HIS,178.0,16.106,4.329,48.711,0.31,0.2245,1.91
ATOM,2811.0,HA,HIS,178.0,16.099,6.521,50.606,0.09,1.32,0.48
ATOM,2812.0,HB2,HIS,178.0,17.632,4.74,50.893,0.09,1.32,10.2
ATOM,2813.0,HB3,HIS,178.0,18.425,5.193,49.539,0.09,1.32,9.47
ATOM,2814.0,ND1,HIS,178.0,18.585,6.617,52.484,-0.36,1.85,5.93
ATOM,2815.0,CD2,HIS,178.0,19.731,7.299,50.754,0.22,1.8,14.02
ATOM,2816.0,CE1,HIS,178.0,19.438,7.522,52.919,0.25,1.8,1.15
ATOM,2817.0,NE2,HIS,178.0,20.148,7.955,51.89,-0.7,1.85,11.51
ATOM,2818.0,HD1,HIS,178.0,17.923,6.122,53.053,0.32,0.2245,9.98
ATOM,2819.0,HD2,HIS,178.0,20.089,7.424,49.835,0.1,1.468,12.0
ATOM,2820.0,HE1,HIS,178.0,19.534,7.831,53.861,0.13,0.9,0.0
ATOM,2821.0,N,THR,179.0,17.034,8.541,49.597,-0.47,1.85,0.0
ATOM,2822.0,CA,THR,179.0,17.412,9.789,48.955,0.07,2.275,0.45
ATOM,2823.0,C,THR,179.0,18.017,10.705,50.023,0.51,2.0,0.2
ATOM,2824.0,O,THR,179.0,18.093,10.332,51.2,-0.51,1.7,0.0
ATOM,2825.0,CB,THR,179.0,16.188,10.462,48.269,0.14,2.275,0.0
ATOM,2826.0,OG1,THR,179.0,16.631,11.553,47.448,-0.66,1.77,12.18
ATOM,2827.0,CG2,THR,179.0,15.184,10.964,49.308,-0.27,2.06,0.07
ATOM,2828.0,H,THR,179.0,16.772,8.475,50.607,0.31,0.2245,0.0
ATOM,2829.0,HA,THR,179.0,18.112,9.603,48.272,0.09,1.32,7.48
ATOM,2830.0,HB,THR,179.0,15.735,9.773,47.67,0.09,1.32,0.0
ATOM,2831.0,HG21,THR,179.0,14.258,10.922,48.929,0.09,1.32,0.0
ATOM,2832.0,HG22,THR,179.0,15.233,10.39,50.127,0.09,1.32,0.0
ATOM,2833.0,HG23,THR,179.0,15.399,11.911,49.553,0.09,1.32,0.0
ATOM,2834.0,HG1,THR,179.0,16.507,12.425,47.931,0.43,0.2245,0.57
ATOM,2835.0,N,GLY,180.0,18.46,11.89,49.612,-0.47,1.85,4.21
ATOM,2836.0,CA,GLY,180.0,19.068,12.818,50.55,-0.02,2.175,13.2
ATOM,2837.0,C,GLY,180.0,18.093,13.515,51.481,0.51,2.0,0.0
ATOM,2838.0,O,GLY,180.0,16.875,13.39,51.332,-0.51,1.7,0.41
ATOM,2839.0,H,GLY,180.0,18.337,12.081,48.606,0.31,0.2245,6.47
ATOM,2840.0,HA2,GLY,180.0,19.765,12.318,51.111,0.09,1.32,0.87
ATOM,2841.0,HA3,GLY,180.0,19.593,13.526,50.027,0.09,1.32,12.81
ATOM,2842.0,N,PHE,181.0,18.649,14.249,52.445,-0.47,1.85,0.14
ATOM,2843.0,CA,PHE,181.0,17.888,15.007,53.446,0.07,2.275,0.0
ATOM,2844.0,C,PHE,181.0,17.379,16.307,52.808,0.51,2.0,0.0
ATOM,2845.0,O,PHE,181.0,18.127,17.005,52.118,-0.51,1.7,16.75
ATOM,2846.0,CB,PHE,181.0,18.805,15.306,54.645,-0.18,2.175,0.0
ATOM,2847.0,CG,PHE,181.0,18.216,16.234,55.675,0.0,1.9924,0.0
ATOM,2848.0,CD1,PHE,181.0,16.982,15.979,56.253,-0.115,1.9924,0.0
ATOM,2849.0,CD2,PHE,181.0,18.937,17.339,56.113,-0.115,1.9924,0.5
ATOM,2850.0,CE1,PHE,181.0,16.477,16.806,57.257,-0.115,1.9924,0.0
ATOM,2851.0,CE2,PHE,181.0,18.436,18.172,57.119,-0.115,1.9924,1.41
ATOM,2852.0,CZ,PHE,181.0,17.208,17.899,57.687,-0.115,1.9924,0.01
ATOM,2853.0,H,PHE,181.0,19.702,14.241,52.43,0.31,0.2245,3.87
ATOM,2854.0,HA,PHE,181.0,17.083,14.464,53.672,0.09,1.32,0.0
ATOM,2855.0,HB2,PHE,181.0,19.008,14.443,55.09,0.09,1.32,0.0
ATOM,2856.0,HB3,PHE,181.0,19.632,15.724,54.292,0.09,1.32,0.15
ATOM,2857.0,HD1,PHE,181.0,16.443,15.197,55.954,0.115,1.3582,0.0
ATOM,2858.0,HD2,PHE,181.0,19.827,17.544,55.706,0.115,1.3582,3.82
ATOM,2859.0,HE1,PHE,181.0,15.578,16.598,57.66,0.115,1.3582,0.0
ATOM,2860.0,HE2,PHE,181.0,18.982,18.969,57.418,0.115,1.3582,13.16
ATOM,2861.0,HZ,PHE,181.0,16.843,18.488,58.41,0.115,1.3582,0.0
ATOM,2862.0,N,LEU,182.0,16.104,16.614,53.031,-0.47,1.85,0.0
ATOM,2863.0,CA,LEU,182.0,15.493,17.81,52.471,0.07,2.275,0.0
ATOM,2864.0,C,LEU,182.0,15.241,17.645,50.979,0.51,2.0,0.08
ATOM,2865.0,O,LEU,182.0,15.428,18.582,50.195,-0.51,1.7,21.47
ATOM,2866.0,CB,LEU,182.0,16.38,19.035,52.712,-0.18,2.175,3.68
ATOM,2867.0,CG,LEU,182.0,16.68,19.39,54.171,-0.09,2.275,0.0
ATOM,2868.0,CD1,LEU,182.0,17.322,20.757,54.225,-0.27,2.06,30.88
ATOM,2869.0,CD2,LEU,182.0,15.399,19.359,55.003,-0.27,2.06,0.21
ATOM,2870.0,H,LEU,182.0,15.593,15.935,53.63,0.31,0.2245,0.0
ATOM,2871.0,HA,LEU,182.0,14.608,17.964,52.927,0.09,1.32,0.0
ATOM,2872.0,HB2,LEU,182.0,17.255,18.871,52.261,0.09,1.32,2.37
ATOM,2873.0,HB3,LEU,182.0,15.929,19.824,52.301,0.09,1.32,6.09
ATOM,2874.0,HG,LEU,182.0,17.302,18.71,54.546,0.09,1.32,0.0
ATOM,2875.0,HD11,LEU,182.0,16.7,21.44,53.836,0.09,1.32,9.59
ATOM,2876.0,HD12,LEU,182.0,17.523,21.0,55.176,0.09,1.32,4.98
ATOM,2877.0,HD13,LEU,182.0,18.175,20.752,53.7,0.09,1.32,10.59
ATOM,2878.0,HD21,LEU,182.0,15.002,18.442,54.966,0.09,1.32,0.0
ATOM,2879.0,HD22,LEU,182.0,15.614,19.593,55.951,0.09,1.32,0.0
ATOM,2880.0,HD23,LEU,182.0,14.748,20.022,54.634,0.09,1.32,2.26
ATOM,2881.0,N,THR,183.0,14.821,16.437,50.603,-0.47,1.85,0.0
ATOM,2882.0,CA,THR,183.0,14.501,16.091,49.22,0.07,2.275,1.03
ATOM,2883.0,C,THR,183.0,13.041,16.481,48.929,0.51,2.0,0.0
ATOM,2884.0,O,THR,183.0,12.115,16.091,49.657,-0.51,1.7,0.82
ATOM,2885.0,CB,THR,183.0,14.703,14.565,48.972,0.14,2.275,0.2
ATOM,2886.0,OG1,THR,183.0,16.042,14.19,49.315,-0.66,1.77,4.09
ATOM,2887.0,CG2,THR,183.0,14.446,14.211,47.518,-0.27,2.06,18.25
ATOM,2888.0,H,THR,183.0,14.739,15.75,51.392,0.31,0.2245,0.08
ATOM,2889.0,HA,THR,183.0,15.09,16.619,48.611,0.09,1.32,3.36
ATOM,2890.0,HB,THR,183.0,14.06,14.055,49.576,0.09,1.32,0.27
ATOM,2891.0,HG21,THR,183.0,13.47,14.026,47.379,0.09,1.32,3.45
ATOM,2892.0,HG22,THR,183.0,14.722,14.973,46.927,0.09,1.32,3.13
ATOM,2893.0,HG23,THR,183.0,14.973,13.395,47.267,0.09,1.32,0.0
ATOM,2894.0,HG1,THR,183.0,16.092,13.915,50.281,0.43,0.2245,0.0
ATOM,2895.0,N,GLU,184.0,12.855,17.257,47.864,-0.47,1.85,0.18
ATOM,2896.0,CA,GLU,184.0,11.539,17.74,47.451,0.07,2.275,2.03
ATOM,2897.0,C,GLU,184.0,10.497,16.64,47.223,0.51,2.0,0.0
ATOM,2898.0,O,GLU,184.0,10.803,15.572,46.692,-0.51,1.7,10.49
ATOM,2899.0,CB,GLU,184.0,11.693,18.575,46.177,-0.18,2.175,16.91
ATOM,2900.0,CG,GLU,184.0,12.357,17.831,45.021,-0.28,2.175,15.06
ATOM,2901.0,CD,GLU,184.0,13.741,18.365,44.682,0.62,2.0,4.14
ATOM,2902.0,OE1,GLU,184.0,14.507,18.711,45.616,-0.76,1.7,26.59
ATOM,2903.0,OE2,GLU,184.0,14.063,18.432,43.472,-0.76,1.7,48.07
ATOM,2904.0,H,GLU,184.0,13.734,17.493,47.346,0.31,0.2245,0.0
ATOM,2905.0,HA,GLU,184.0,11.184,18.393,48.153,0.09,1.32,2.82
ATOM,2906.0,HB2,GLU,184.0,10.793,18.839,45.881,0.09,1.32,7.63
ATOM,2907.0,HB3,GLU,184.0,12.257,19.351,46.392,0.09,1.32,6.61
ATOM,2908.0,HG2,GLU,184.0,12.458,16.888,45.281,0.09,1.32,0.83
ATOM,2909.0,HG3,GLU,184.0,11.794,17.938,44.222,0.09,1.32,10.28
ATOM,2910.0,N,TYR,185.0,9.266,16.918,47.638,-0.47,1.85,0.06
ATOM,2911.0,CA,TYR,185.0,8.171,15.983,47.455,0.07,2.275,2.22
ATOM,2912.0,C,TYR,185.0,6.944,16.717,46.937,0.51,2.0,0.6
ATOM,2913.0,O,TYR,185.0,6.748,17.901,47.222,-0.51,1.7,11.74
ATOM,2914.0,CB,TYR,185.0,7.827,15.289,48.762,-0.18,2.175,0.08
ATOM,2915.0,CG,TYR,185.0,7.152,13.953,48.561,0.0,1.9924,0.0
ATOM,2916.0,CD1,TYR,185.0,7.721,12.978,47.739,-0.115,1.9924,2.95
ATOM,2917.0,CD2,TYR,185.0,5.965,13.641,49.226,-0.115,1.9924,0.0
ATOM,2918.0,CE1,TYR,185.0,7.125,11.721,47.591,-0.115,1.9924,0.31
ATOM,2919.0,CE2,TYR,185.0,5.364,12.389,49.084,-0.115,1.9924,0.07
ATOM,2920.0,CZ,TYR,185.0,5.953,11.437,48.268,0.11,1.9924,0.56
ATOM,2921.0,OH,TYR,185.0,5.381,10.2,48.142,-0.54,1.77,0.51
ATOM,2922.0,H,TYR,185.0,9.161,17.846,48.096,0.31,0.2245,3.04
ATOM,2923.0,HA,TYR,185.0,8.443,15.304,46.767,0.09,1.32,1.18
ATOM,2924.0,HB2,TYR,185.0,8.668,15.139,49.272,0.09,1.32,0.04
ATOM,2925.0,HB3,TYR,185.0,7.209,15.873,49.278,0.09,1.32,0.0
ATOM,2926.0,HD1,TYR,185.0,8.567,13.177,47.246,0.115,1.3582,6.4
ATOM,2927.0,HD2,TYR,185.0,5.538,14.323,49.814,0.115,1.3582,0.0
ATOM,2928.0,HE1,TYR,185.0,7.549,11.036,46.999,0.115,1.3582,0.31
ATOM,2929.0,HE2,TYR,185.0,4.516,12.184,49.568,0.115,1.3582,2.94
ATOM,2930.0,HH,TYR,185.0,6.091,9.499,48.204,0.43,0.2245,0.0
ATOM,2931.0,N,VAL,186.0,6.106,16.007,46.192,-0.47,1.85,0.0
ATOM,2932.0,CA,VAL,186.0,4.916,16.626,45.62,0.07,2.275,0.05
ATOM,2933.0,C,VAL,186.0,3.592,16.276,46.303,0.51,2.0,0.0
ATOM,2934.0,O,VAL,186.0,2.579,16.944,46.052,-0.51,1.7,20.34
ATOM,2935.0,CB,VAL,186.0,4.786,16.29,44.104,-0.09,2.275,0.11
ATOM,2936.0,CG1,VAL,186.0,5.335,17.437,43.264,-0.27,2.06,40.53
ATOM,2937.0,CG2,VAL,186.0,5.526,15.001,43.785,-0.27,2.06,15.97
ATOM,2938.0,H,VAL,186.0,6.361,15.017,46.059,0.31,0.2245,0.0
ATOM,2939.0,HA,VAL,186.0,5.032,17.643,45.678,0.09,1.32,3.46
ATOM,2940.0,HB,VAL,186.0,3.819,16.213,43.901,0.09,1.32,1.41
ATOM,2941.0,HG11,VAL,186.0,4.594,17.842,42.729,0.09,1.32,11.88
ATOM,2942.0,HG12,VAL,186.0,5.73,18.131,43.865,0.09,1.32,5.61
ATOM,2943.0,HG13,VAL,186.0,6.041,17.09,42.647,0.09,1.32,7.75
ATOM,2944.0,HG21,VAL,186.0,6.185,14.809,44.512,0.09,1.32,0.12
ATOM,2945.0,HG22,VAL,186.0,4.869,14.25,43.72,0.09,1.32,0.13
ATOM,2946.0,HG23,VAL,186.0,6.007,15.102,42.914,0.09,1.32,7.32
ATOM,2947.0,N,ALA,187.0,3.584,15.256,47.162,-0.47,1.85,0.12
ATOM,2948.0,CA,ALA,187.0,2.341,14.859,47.829,0.07,2.275,0.0
ATOM,2949.0,C,ALA,187.0,1.898,15.897,48.851,0.51,2.0,0.0
ATOM,2950.0,O,ALA,187.0,2.715,16.65,49.374,-0.51,1.7,0.37
ATOM,2951.0,CB,ALA,187.0,2.505,13.491,48.495,-0.27,2.06,4.22
ATOM,2952.0,H,ALA,187.0,4.489,14.792,47.309,0.31,0.2245,0.0
ATOM,2953.0,HA,ALA,187.0,1.618,14.764,47.131,0.09,1.32,0.0
ATOM,2954.0,HB1,ALA,187.0,3.305,13.032,48.113,0.09,1.32,0.15
ATOM,2955.0,HB2,ALA,187.0,2.627,13.615,49.478,0.09,1.32,0.0
ATOM,2956.0,HB3,ALA,187.0,1.689,12.941,48.325,0.09,1.32,0.0
ATOM,2957.0,N,THR,188.0,0.601,15.943,49.129,-0.47,1.85,1.28
ATOM,2958.0,CA,THR,188.0,0.076,16.904,50.089,0.07,2.275,1.26
ATOM,2959.0,C,THR,188.0,0.835,16.84,51.412,0.51,2.0,0.0
ATOM,2960.0,O,THR,188.0,0.883,15.804,52.078,-0.51,1.7,1.04
ATOM,2961.0,CB,THR,188.0,-1.41,16.662,50.325,0.14,2.275,0.0
ATOM,2962.0,OG1,THR,188.0,-2.058,16.503,49.057,-0.66,1.77,4.26
ATOM,2963.0,CG2,THR,188.0,-2.021,17.834,51.065,-0.27,2.06,15.72
ATOM,2964.0,H,THR,188.0,0.016,15.259,48.621,0.31,0.2245,0.0
ATOM,2965.0,HA,THR,188.0,0.185,17.832,49.708,0.09,1.32,5.92
ATOM,2966.0,HB,THR,188.0,-1.53,15.798,50.851,0.09,1.32,0.47
ATOM,2967.0,HG21,THR,188.0,-3.02,17.737,51.097,0.09,1.32,1.13
ATOM,2968.0,HG22,THR,188.0,-1.667,17.87,52.004,0.09,1.32,0.0
ATOM,2969.0,HG23,THR,188.0,-1.792,18.692,50.598,0.09,1.32,9.49
ATOM,2970.0,HG1,THR,188.0,-1.879,15.586,48.685,0.43,0.2245,0.0
ATOM,2971.0,N,ARG,189.0,1.414,17.976,51.78,-0.47,1.85,0.0
ATOM,2972.0,CA,ARG,189.0,2.221,18.121,52.982,0.07,2.275,0.0
ATOM,2973.0,C,ARG,189.0,1.771,17.477,54.304,0.51,2.0,0.0
ATOM,2974.0,O,ARG,189.0,2.503,16.678,54.881,-0.51,1.7,0.0
ATOM,2975.0,CB,ARG,189.0,2.483,19.614,53.215,-0.18,2.175,2.61
ATOM,2976.0,CG,ARG,189.0,3.716,19.921,54.053,-0.18,2.175,0.0
ATOM,2977.0,CD,ARG,189.0,3.72,21.366,54.525,0.2,2.175,0.0
ATOM,2978.0,NE,ARG,189.0,4.296,22.244,53.515,-0.7,1.85,0.0
ATOM,2979.0,CZ,ARG,189.0,3.638,23.234,52.92,0.64,2.0,0.0
ATOM,2980.0,NH1,ARG,189.0,2.371,23.475,53.236,-0.8,1.85,12.39
ATOM,2981.0,NH2,ARG,189.0,4.248,23.984,52.008,-0.8,1.85,17.45
ATOM,2982.0,H,ARG,189.0,1.237,18.777,51.117,0.31,0.2245,5.72
ATOM,2983.0,HA,ARG,189.0,3.182,17.761,52.772,0.09,1.32,0.0
ATOM,2984.0,HB2,ARG,189.0,2.597,20.051,52.325,0.09,1.32,2.62
ATOM,2985.0,HB3,ARG,189.0,1.689,19.999,53.681,0.09,1.32,0.5
ATOM,2986.0,HG2,ARG,189.0,3.727,19.331,54.855,0.09,1.32,0.0
ATOM,2987.0,HG3,ARG,189.0,4.534,19.771,53.506,0.09,1.32,0.0
ATOM,2988.0,HD2,ARG,189.0,2.781,21.636,54.702,0.09,1.32,0.0
ATOM,2989.0,HD3,ARG,189.0,4.261,21.417,55.356,0.09,1.32,0.0
ATOM,2990.0,HE,ARG,189.0,5.256,22.092,53.249,0.44,0.2245,0.26
ATOM,2991.0,HH11,ARG,189.0,1.901,22.939,53.931,0.46,0.2245,0.24
ATOM,2992.0,HH12,ARG,189.0,1.875,24.216,52.765,0.46,0.2245,17.13
ATOM,2993.0,HH21,ARG,189.0,5.211,23.809,51.789,0.46,0.2245,12.26
ATOM,2994.0,HH22,ARG,189.0,3.754,24.716,51.546,0.46,0.2245,17.54
ATOM,2995.0,N,TRP,190.0,0.583,17.836,54.782,-0.47,1.85,0.0
ATOM,2996.0,CA,TRP,190.0,0.058,17.34,56.061,0.07,2.275,0.0
ATOM,2997.0,C,TRP,190.0,-0.025,15.835,56.28,0.51,2.0,0.0
ATOM,2998.0,O,TRP,190.0,-0.057,15.38,57.421,-0.51,1.7,0.34
ATOM,2999.0,CB,TRP,190.0,-1.333,17.916,56.327,-0.18,2.175,0.0
ATOM,3000.0,CG,TRP,190.0,-1.399,19.407,56.406,-0.03,1.9924,0.19
ATOM,3001.0,CD1,TRP,190.0,-0.351,20.288,56.382,0.035,1.9924,1.34
ATOM,3002.0,CD2,TRP,190.0,-2.592,20.203,56.48,-0.02,1.8,0.33
ATOM,3003.0,NE1,TRP,190.0,-0.818,21.583,56.43,-0.61,1.85,2.75
ATOM,3004.0,CE2,TRP,190.0,-2.186,21.56,56.491,0.13,1.8,0.55
ATOM,3005.0,CE3,TRP,190.0,-3.959,19.904,56.535,-0.115,1.9924,2.84
ATOM,3006.0,CZ2,TRP,190.0,-3.107,22.615,56.554,-0.115,1.9924,12.6
ATOM,3007.0,CZ3,TRP,190.0,-4.873,20.955,56.595,-0.115,1.9924,7.7
ATOM,3008.0,CH2,TRP,190.0,-4.439,22.293,56.604,-0.115,1.9924,11.19
ATOM,3009.0,H,TRP,190.0,0.054,18.499,54.174,0.31,0.2245,0.45
ATOM,3010.0,HA,TRP,190.0,0.669,17.724,56.804,0.09,1.32,0.0
ATOM,3011.0,HB2,TRP,190.0,-1.945,17.631,55.59,0.09,1.32,0.0
ATOM,3012.0,HB3,TRP,190.0,-1.668,17.557,57.198,0.09,1.32,0.5
ATOM,3013.0,HD1,TRP,190.0,0.612,20.032,56.337,0.115,1.3582,0.0
ATOM,3014.0,HE1,TRP,190.0,-0.251,22.405,56.422,0.38,0.2245,2.87
ATOM,3015.0,HE3,TRP,190.0,-4.281,18.962,56.531,0.115,1.3582,0.0
ATOM,3016.0,HZ2,TRP,190.0,-2.784,23.565,56.562,0.115,1.3582,16.13
ATOM,3017.0,HZ3,TRP,190.0,-5.843,20.75,56.632,0.115,1.3582,6.2
ATOM,3018.0,HH2,TRP,190.0,-5.127,23.018,56.648,0.115,1.3582,17.8
ATOM,3019.0,N,TYR,191.0,-0.082,15.062,55.203,-0.47,1.85,0.0
ATOM,3020.0,CA,TYR,191.0,-0.193,13.614,55.327,0.07,2.275,0.0
ATOM,3021.0,C,TYR,191.0,1.079,12.879,54.906,0.51,2.0,0.0
ATOM,3022.0,O,TYR,191.0,1.061,11.672,54.692,-0.51,1.7,0.39
ATOM,3023.0,CB,TYR,191.0,-1.407,13.142,54.519,-0.18,2.175,0.0
ATOM,3024.0,CG,TYR,191.0,-2.655,13.953,54.839,0.0,1.9924,0.0
ATOM,3025.0,CD1,TYR,191.0,-2.901,15.175,54.201,-0.115,1.9924,0.0
ATOM,3026.0,CD2,TYR,191.0,-3.544,13.542,55.837,-0.115,1.9924,0.0
ATOM,3027.0,CE1,TYR,191.0,-3.992,15.976,54.556,-0.115,1.9924,0.42
ATOM,3028.0,CE2,TYR,191.0,-4.643,14.337,56.204,-0.115,1.9924,1.07
ATOM,3029.0,CZ,TYR,191.0,-4.853,15.552,55.561,0.11,1.9924,0.0
ATOM,3030.0,OH,TYR,191.0,-5.906,16.355,55.949,-0.54,1.77,3.72
ATOM,3031.0,H,TYR,191.0,-0.042,15.56,54.299,0.31,0.2245,0.0
ATOM,3032.0,HA,TYR,191.0,-0.373,13.391,56.301,0.09,1.32,0.0
ATOM,3033.0,HB2,TYR,191.0,-1.206,13.251,53.558,0.09,1.32,2.91
ATOM,3034.0,HB3,TYR,191.0,-1.587,12.198,54.747,0.09,1.32,0.0
ATOM,3035.0,HD1,TYR,191.0,-2.285,15.485,53.476,0.115,1.3582,0.0
ATOM,3036.0,HD2,TYR,191.0,-3.4,12.672,56.297,0.115,1.3582,0.0
ATOM,3037.0,HE1,TYR,191.0,-4.148,16.843,54.089,0.115,1.3582,4.06
ATOM,3038.0,HE2,TYR,191.0,-5.263,14.029,56.919,0.115,1.3582,0.0
ATOM,3039.0,HH,TYR,191.0,-6.244,16.044,56.835,0.43,0.2245,0.0
ATOM,3040.0,N,ARG,192.0,2.185,13.61,54.814,-0.47,1.85,0.0
ATOM,3041.0,CA,ARG,192.0,3.469,13.034,54.425,0.07,2.275,0.13
ATOM,3042.0,C,ARG,192.0,4.159,12.348,55.607,0.51,2.0,0.0
ATOM,3043.0,O,ARG,192.0,4.232,12.914,56.7,-0.51,1.7,0.0
ATOM,3044.0,CB,ARG,192.0,4.4,14.127,53.913,-0.18,2.175,0.0
ATOM,3045.0,CG,ARG,192.0,4.14,14.617,52.514,-0.18,2.175,0.2
ATOM,3046.0,CD,ARG,192.0,5.173,15.695,52.184,0.2,2.175,0.0
ATOM,3047.0,NE,ARG,192.0,4.824,16.489,51.013,-0.7,1.85,0.0
ATOM,3048.0,CZ,ARG,192.0,5.184,17.755,50.845,0.64,2.0,0.0
ATOM,3049.0,NH1,ARG,192.0,5.903,18.368,51.778,-0.8,1.85,0.0
ATOM,3050.0,NH2,ARG,192.0,4.828,18.411,49.749,-0.8,1.85,5.35
ATOM,3051.0,H,ARG,192.0,2.058,14.619,55.041,0.31,0.2245,0.0
ATOM,3052.0,HA,ARG,192.0,3.313,12.346,53.704,0.09,1.32,3.8
ATOM,3053.0,HB2,ARG,192.0,4.329,14.912,54.539,0.09,1.32,0.0
ATOM,3054.0,HB3,ARG,192.0,5.342,13.775,53.952,0.09,1.32,0.0
ATOM,3055.0,HG2,ARG,192.0,4.252,13.882,51.869,0.09,1.32,0.0
ATOM,3056.0,HG3,ARG,192.0,3.247,15.027,52.457,0.09,1.32,0.0
ATOM,3057.0,HD2,ARG,192.0,5.252,16.295,52.981,0.09,1.32,0.0
ATOM,3058.0,HD3,ARG,192.0,6.05,15.237,52.027,0.09,1.32,0.0
ATOM,3059.0,HE,ARG,192.0,4.279,16.052,50.291,0.44,0.2245,0.0
ATOM,3060.0,HH11,ARG,192.0,6.199,17.892,52.6,0.46,0.2245,0.0
ATOM,3061.0,HH12,ARG,192.0,6.156,19.337,51.651,0.46,0.2245,1.85
ATOM,3062.0,HH21,ARG,192.0,4.301,17.936,49.039,0.46,0.2245,0.36
ATOM,3063.0,HH22,ARG,192.0,5.081,19.367,49.628,0.46,0.2245,13.62
ATOM,3064.0,N,ALA,193.0,4.683,11.145,55.389,-0.47,1.85,0.0
ATOM,3065.0,CA,ALA,193.0,5.354,10.43,56.466,0.07,2.275,0.0
ATOM,3066.0,C,ALA,193.0,6.639,11.168,56.81,0.51,2.0,0.0
ATOM,3067.0,O,ALA,193.0,7.214,11.847,55.961,-0.51,1.7,0.0
ATOM,3068.0,CB,ALA,193.0,5.661,9.006,56.049,-0.27,2.06,0.0
ATOM,3069.0,H,ALA,193.0,4.576,10.782,54.432,0.31,0.2245,0.75
ATOM,3070.0,HA,ALA,193.0,4.762,10.424,57.27,0.09,1.32,0.0
ATOM,3071.0,HB1,ALA,193.0,5.023,8.378,56.497,0.09,1.32,0.0
ATOM,3072.0,HB2,ALA,193.0,5.568,8.917,55.056,0.09,1.32,0.0
ATOM,3073.0,HB3,ALA,193.0,6.597,8.771,56.315,0.09,1.32,0.0
ATOM,3074.0,N,PRO,194.0,7.115,11.027,58.059,-0.29,1.85,0.0
ATOM,3075.0,CA,PRO,194.0,8.34,11.701,58.491,0.02,2.275,0.0
ATOM,3076.0,C,PRO,194.0,9.584,11.382,57.655,0.51,2.0,0.0
ATOM,3077.0,O,PRO,194.0,10.423,12.255,57.427,-0.51,1.7,0.0
ATOM,3078.0,CB,PRO,194.0,8.49,11.273,59.954,-0.18,2.175,0.12
ATOM,3079.0,CG,PRO,194.0,7.668,10.041,60.099,-0.18,2.175,0.06
ATOM,3080.0,CD,PRO,194.0,6.534,10.198,59.133,0.0,2.175,0.0
ATOM,3081.0,HA,PRO,194.0,8.194,12.714,58.531,0.09,1.32,0.0
ATOM,3082.0,HB2,PRO,194.0,9.458,11.09,60.17,0.09,1.32,0.04
ATOM,3083.0,HB3,PRO,194.0,8.164,12.001,60.57,0.09,1.32,0.0
ATOM,3084.0,HG2,PRO,194.0,8.215,9.223,59.882,0.09,1.32,0.09
ATOM,3085.0,HG3,PRO,194.0,7.327,9.953,61.043,0.09,1.32,0.0
ATOM,3086.0,HD2,PRO,194.0,6.234,9.316,58.768,0.09,1.32,0.0
ATOM,3087.0,HD3,PRO,194.0,5.753,10.666,59.551,0.09,1.32,0.0
ATOM,3088.0,N,GLU,195.0,9.704,10.144,57.191,-0.47,1.85,0.13
ATOM,3089.0,CA,GLU,195.0,10.87,9.753,56.393,0.07,2.275,0.46
ATOM,3090.0,C,GLU,195.0,10.96,10.464,55.041,0.51,2.0,0.0
ATOM,3091.0,O,GLU,195.0,12.005,10.449,54.395,-0.51,1.7,0.0
ATOM,3092.0,CB,GLU,195.0,10.892,8.234,56.176,-0.18,2.175,3.07
ATOM,3093.0,CG,GLU,195.0,9.666,7.679,55.472,-0.28,2.175,0.04
ATOM,3094.0,CD,GLU,195.0,8.647,7.116,56.436,0.62,2.0,0.0
ATOM,3095.0,OE1,GLU,195.0,8.546,7.614,57.575,-0.76,1.7,0.0
ATOM,3096.0,OE2,GLU,195.0,7.938,6.174,56.058,-0.76,1.7,0.22
ATOM,3097.0,H,GLU,195.0,8.934,9.502,57.431,0.31,0.2245,0.0
ATOM,3098.0,HA,GLU,195.0,11.718,9.939,56.925,0.09,1.32,0.0
ATOM,3099.0,HB2,GLU,195.0,11.678,8.025,55.619,0.09,1.32,0.0
ATOM,3100.0,HB3,GLU,195.0,10.948,7.808,57.063,0.09,1.32,2.13
ATOM,3101.0,HG2,GLU,195.0,9.237,8.412,54.977,0.09,1.32,0.0
ATOM,3102.0,HG3,GLU,195.0,9.953,6.948,54.881,0.09,1.32,2.28
ATOM,3103.0,N,ILE,196.0,9.871,11.08,54.601,-0.47,1.85,0.0
ATOM,3104.0,CA,ILE,196.0,9.898,11.784,53.325,0.07,2.275,0.0
ATOM,3105.0,C,ILE,196.0,10.74,13.049,53.433,0.51,2.0,0.0
ATOM,3106.0,O,ILE,196.0,11.356,13.48,52.457,-0.51,1.7,0.49
ATOM,3107.0,CB,ILE,196.0,8.477,12.159,52.858,-0.09,2.275,0.0
ATOM,3108.0,CG1,ILE,196.0,7.7,10.883,52.495,-0.18,2.175,0.0
ATOM,3109.0,CG2,ILE,196.0,8.546,13.1,51.645,-0.27,2.06,0.34
ATOM,3110.0,CD1,ILE,196.0,8.049,10.312,51.147,-0.27,2.06,0.0
ATOM,3111.0,H,ILE,196.0,9.046,11.02,55.21,0.31,0.2245,0.0
ATOM,3112.0,HA,ILE,196.0,10.37,11.18,52.679,0.09,1.32,0.0
ATOM,3113.0,HB,ILE,196.0,8.011,12.596,53.614,0.09,1.32,0.0
ATOM,3114.0,HG12,ILE,196.0,7.881,10.198,53.201,0.09,1.32,0.0
ATOM,3115.0,HG13,ILE,196.0,6.723,11.103,52.513,0.09,1.32,0.18
ATOM,3116.0,HG21,ILE,196.0,7.621,13.345,51.369,0.09,1.32,0.0
ATOM,3117.0,HG22,ILE,196.0,9.052,13.92,51.897,0.09,1.32,0.0
ATOM,3118.0,HG23,ILE,196.0,9.009,12.634,50.897,0.09,1.32,0.51
ATOM,3119.0,HD11,ILE,196.0,9.022,10.079,51.123,0.09,1.32,0.0
ATOM,3120.0,HD12,ILE,196.0,7.507,9.488,50.981,0.09,1.32,0.0
ATOM,3121.0,HD13,ILE,196.0,7.852,10.987,50.436,0.09,1.32,0.0
ATOM,3122.0,N,MET,197.0,10.759,13.651,54.618,-0.47,1.85,0.0
ATOM,3123.0,CA,MET,197.0,11.543,14.864,54.845,0.07,2.275,0.0
ATOM,3124.0,C,MET,197.0,12.92,14.469,55.33,0.51,2.0,0.01
ATOM,3125.0,O,MET,197.0,13.784,15.32,55.519,-0.51,1.7,0.0
ATOM,3126.0,CB,MET,197.0,10.903,15.744,55.917,-0.18,2.175,0.0
ATOM,3127.0,CG,MET,197.0,9.659,16.472,55.476,-0.14,2.175,0.0
ATOM,3128.0,SD,MET,197.0,8.226,15.406,55.487,-0.09,2.0,0.0
ATOM,3129.0,CE,MET,197.0,7.818,15.375,57.261,-0.22,2.06,0.0
ATOM,3130.0,H,MET,197.0,10.183,13.197,55.35,0.31,0.2245,0.0
ATOM,3131.0,HA,MET,197.0,11.64,15.339,53.971,0.09,1.32,0.0
ATOM,3132.0,HB2,MET,197.0,10.673,15.165,56.717,0.09,1.32,0.0
ATOM,3133.0,HB3,MET,197.0,11.586,16.427,56.225,0.09,1.32,0.0
ATOM,3134.0,HG2,MET,197.0,9.518,17.281,56.089,0.09,1.32,0.0
ATOM,3135.0,HG3,MET,197.0,9.819,16.86,54.541,0.09,1.32,0.0
ATOM,3136.0,HE1,MET,197.0,6.977,14.856,57.388,0.09,1.32,0.0
ATOM,3137.0,HE2,MET,197.0,8.567,14.941,57.755,0.09,1.32,0.0
ATOM,3138.0,HE3,MET,197.0,7.695,16.311,57.578,0.09,1.32,0.0
ATOM,3139.0,N,LEU,198.0,13.121,13.173,55.523,-0.47,1.85,0.0
ATOM,3140.0,CA,LEU,198.0,14.389,12.681,56.023,0.07,2.275,0.0
ATOM,3141.0,C,LEU,198.0,15.25,11.917,55.034,0.51,2.0,0.08
ATOM,3142.0,O,LEU,198.0,16.399,12.29,54.809,-0.51,1.7,0.0
ATOM,3143.0,CB,LEU,198.0,14.155,11.796,57.252,-0.18,2.175,0.27
ATOM,3144.0,CG,LEU,198.0,14.267,12.359,58.674,-0.09,2.275,0.0
ATOM,3145.0,CD1,LEU,198.0,14.202,13.868,58.674,-0.27,2.06,0.0
ATOM,3146.0,CD2,LEU,198.0,13.143,11.775,59.516,-0.27,2.06,0.17
ATOM,3147.0,H,LEU,198.0,12.315,12.564,55.291,0.31,0.2245,0.0
ATOM,3148.0,HA,LEU,198.0,14.935,13.486,56.363,0.09,1.32,0.0
ATOM,3149.0,HB2,LEU,198.0,13.22,11.4,57.166,0.09,1.32,0.0
ATOM,3150.0,HB3,LEU,198.0,14.807,11.016,57.193,0.09,1.32,0.0
ATOM,3151.0,HG,LEU,198.0,15.139,12.058,59.07,0.09,1.32,0.0
ATOM,3152.0,HD11,LEU,198.0,13.33,14.171,58.283,0.09,1.32,0.0
ATOM,3153.0,HD12,LEU,198.0,14.277,14.212,59.613,0.09,1.32,0.0
ATOM,3154.0,HD13,LEU,198.0,14.955,14.241,58.127,0.09,1.32,0.0
ATOM,3155.0,HD21,LEU,198.0,13.224,10.778,59.537,0.09,1.32,2.09
ATOM,3156.0,HD22,LEU,198.0,13.202,12.133,60.449,0.09,1.32,0.0
ATOM,3157.0,HD23,LEU,198.0,12.26,12.028,59.118,0.09,1.32,0.0
ATOM,3158.0,N,ASN,199.0,14.709,10.857,54.435,-0.47,1.85,0.13
ATOM,3159.0,CA,ASN,199.0,15.511,10.037,53.527,0.07,2.275,0.0
ATOM,3160.0,C,ASN,199.0,14.744,9.163,52.547,0.51,2.0,0.0
ATOM,3161.0,O,ASN,199.0,15.346,8.385,51.805,-0.51,1.7,0.42
ATOM,3162.0,CB,ASN,199.0,16.384,9.115,54.364,-0.18,2.175,0.0
ATOM,3163.0,CG,ASN,199.0,15.556,8.16,55.225,0.55,2.0,0.54
ATOM,3164.0,H,ASN,199.0,13.723,10.675,54.658,0.31,0.2245,0.0
ATOM,3165.0,HA,ASN,199.0,16.077,10.686,52.967,0.09,1.32,0.0
ATOM,3166.0,HB2,ASN,199.0,16.953,8.571,53.757,0.09,1.32,0.0
ATOM,3167.0,HB3,ASN,199.0,16.948,9.667,54.968,0.09,1.32,0.0
ATOM,3168.0,OD1,ASN,199.0,16.093,7.459,56.088,-0.55,1.7,9.6
ATOM,3169.0,ND2,ASN,199.0,14.242,8.131,54.989,-0.62,1.85,3.77
ATOM,3170.0,HD22,ASN,199.0,13.859,8.715,54.272,0.3,0.2245,0.0
ATOM,3171.0,HD21,ASN,199.0,13.651,7.533,55.522,0.32,0.2245,5.45
ATOM,3172.0,N,SER,200.0,13.424,9.265,52.539,-0.47,1.85,0.0
ATOM,3173.0,CA,SER,200.0,12.65,8.412,51.657,0.07,2.275,0.2
ATOM,3174.0,C,SER,200.0,12.079,9.053,50.402,0.51,2.0,0.0
ATOM,3175.0,O,SER,200.0,11.626,10.197,50.414,-0.51,1.7,1.7
ATOM,3176.0,CB,SER,200.0,11.517,7.771,52.445,0.05,2.175,0.02
ATOM,3177.0,OG,SER,200.0,10.448,7.426,51.585,-0.66,1.77,0.0
ATOM,3178.0,H,SER,200.0,13.023,9.961,53.175,0.31,0.2245,0.0
ATOM,3179.0,HA,SER,200.0,13.261,7.636,51.356,0.09,1.32,0.37
ATOM,3180.0,HB2,SER,200.0,11.856,6.947,52.887,0.09,1.32,3.34
ATOM,3181.0,HB3,SER,200.0,11.189,8.419,53.125,0.09,1.32,0.0
ATOM,3182.0,HG,SER,200.0,10.553,6.478,51.285,0.43,0.2245,0.05
ATOM,3183.0,N,LYS,201.0,12.106,8.289,49.315,-0.47,1.85,0.0
ATOM,3184.0,CA,LYS,201.0,11.563,8.731,48.04,0.07,2.275,1.41
ATOM,3185.0,C,LYS,201.0,10.061,8.429,48.034,0.51,2.0,0.0
ATOM,3186.0,O,LYS,201.0,9.353,8.776,47.094,-0.51,1.7,2.17
ATOM,3187.0,CB,LYS,201.0,12.239,7.987,46.887,-0.18,2.175,1.18
ATOM,3188.0,CG,LYS,201.0,13.67,8.417,46.589,-0.18,2.175,0.02
ATOM,3189.0,CD,LYS,201.0,14.266,7.55,45.492,-0.18,2.175,0.09
ATOM,3190.0,CE,LYS,201.0,15.096,8.367,44.528,0.21,2.175,16.27
ATOM,3191.0,NZ,LYS,201.0,14.256,9.36,43.793,-0.3,1.85,10.58
ATOM,3192.0,H,LYS,201.0,12.547,7.353,49.456,0.31,0.2245,0.0
ATOM,3193.0,HA,LYS,201.0,11.689,9.714,47.95,0.09,1.32,3.72
ATOM,3194.0,HB2,LYS,201.0,12.246,7.009,47.108,0.09,1.32,0.0
ATOM,3195.0,HB3,LYS,201.0,11.69,8.13,46.059,0.09,1.32,0.09
ATOM,3196.0,HG2,LYS,201.0,13.668,9.366,46.287,0.09,1.32,0.8
ATOM,3197.0,HG3,LYS,201.0,14.218,8.319,47.414,0.09,1.32,0.0
ATOM,3198.0,HD2,LYS,201.0,14.848,6.859,45.911,0.09,1.32,0.12
ATOM,3199.0,HD3,LYS,201.0,13.525,7.115,44.988,0.09,1.32,0.0
ATOM,3200.0,HE2,LYS,201.0,15.807,8.856,45.037,0.05,1.32,2.23
ATOM,3201.0,HE3,LYS,201.0,15.53,7.755,43.864,0.05,1.32,10.19
ATOM,3202.0,HZ1,LYS,201.0,14.689,9.574,42.919,0.33,0.2245,20.56
ATOM,3203.0,HZ2,LYS,201.0,13.35,8.97,43.634,0.33,0.2245,0.1
ATOM,3204.0,HZ3,LYS,201.0,14.174,10.191,44.341,0.33,0.2245,9.15
ATOM,3205.0,N,GLY,202.0,9.588,7.775,49.092,-0.47,1.85,0.0
ATOM,3206.0,CA,GLY,202.0,8.18,7.441,49.201,-0.02,2.175,0.0
ATOM,3207.0,C,GLY,202.0,7.772,6.31,48.287,0.51,2.0,0.0
ATOM,3208.0,O,GLY,202.0,6.638,6.267,47.809,-0.51,1.7,0.0
ATOM,3209.0,H,GLY,202.0,10.297,7.534,49.808,0.31,0.2245,0.0
ATOM,3210.0,HA2,GLY,202.0,7.969,7.188,50.164,0.09,1.32,0.0
ATOM,3211.0,HA3,GLY,202.0,7.623,8.265,48.987,0.09,1.32,0.0
ATOM,3212.0,N,TYR,203.0,8.706,5.392,48.054,-0.47,1.85,0.0
ATOM,3213.0,CA,TYR,203.0,8.491,4.232,47.197,0.07,2.275,0.0
ATOM,3214.0,C,TYR,203.0,8.237,2.973,48.027,0.51,2.0,0.0
ATOM,3215.0,O,TYR,203.0,8.418,1.854,47.543,-0.51,1.7,0.0
ATOM,3216.0,CB,TYR,203.0,9.713,4.003,46.296,-0.18,2.175,0.06
ATOM,3217.0,CG,TYR,203.0,10.016,5.12,45.309,0.0,1.9924,0.01
ATOM,3218.0,CD1,TYR,203.0,9.074,6.117,45.012,-0.115,1.9924,1.49
ATOM,3219.0,CD2,TYR,203.0,11.25,5.174,44.664,-0.115,1.9924,0.5
ATOM,3220.0,CE1,TYR,203.0,9.365,7.139,44.094,-0.115,1.9924,1.92
ATOM,3221.0,CE2,TYR,203.0,11.548,6.183,43.751,-0.115,1.9924,7.79
ATOM,3222.0,CZ,TYR,203.0,10.608,7.156,43.472,0.11,1.9924,1.6
ATOM,3223.0,OH,TYR,203.0,10.933,8.141,42.574,-0.54,1.77,19.69
ATOM,3224.0,H,TYR,203.0,9.616,5.576,48.543,0.31,0.2245,0.0
ATOM,3225.0,HA,TYR,203.0,7.675,4.401,46.632,0.09,1.32,0.0
ATOM,3226.0,HB2,TYR,203.0,10.516,3.883,46.884,0.09,1.32,0.0
ATOM,3227.0,HB3,TYR,203.0,9.561,3.162,45.772,0.09,1.32,0.0
ATOM,3228.0,HD1,TYR,203.0,8.182,6.102,45.458,0.115,1.3582,0.0
ATOM,3229.0,HD2,TYR,203.0,11.937,4.475,44.861,0.115,1.3582,0.0
ATOM,3230.0,HE1,TYR,203.0,8.688,7.84,43.896,0.115,1.3582,0.0
ATOM,3231.0,HE2,TYR,203.0,12.441,6.2,43.3,0.115,1.3582,5.78
ATOM,3232.0,HH,TYR,203.0,10.229,8.849,42.592,0.43,0.2245,13.79
ATOM,3233.0,N,THR,204.0,7.832,3.167,49.279,-0.47,1.85,0.0
ATOM,3234.0,CA,THR,204.0,7.537,2.057,50.176,0.07,2.275,0.0
ATOM,3235.0,C,THR,204.0,6.092,2.127,50.654,0.51,2.0,0.0
ATOM,3236.0,O,THR,204.0,5.574,3.207,50.919,-0.51,1.7,0.0
ATOM,3237.0,CB,THR,204.0,8.465,2.067,51.389,0.14,2.275,1.91
ATOM,3238.0,OG1,THR,204.0,9.765,1.631,50.978,-0.66,1.77,5.38
ATOM,3239.0,CG2,THR,204.0,7.944,1.129,52.475,-0.27,2.06,12.98
ATOM,3240.0,H,THR,204.0,7.746,4.166,49.557,0.31,0.2245,0.0
ATOM,3241.0,HA,THR,204.0,7.662,1.196,49.672,0.09,1.32,0.0
ATOM,3242.0,HB,THR,204.0,8.547,3.02,51.739,0.09,1.32,0.98
ATOM,3243.0,HG21,THR,204.0,8.694,0.873,53.088,0.09,1.32,9.65
ATOM,3244.0,HG22,THR,204.0,7.227,1.589,53.003,0.09,1.32,0.0
ATOM,3245.0,HG23,THR,204.0,7.565,0.303,52.054,0.09,1.32,2.58
ATOM,3246.0,HG1,THR,204.0,10.393,2.414,50.914,0.43,0.2245,1.29
ATOM,3247.0,N,LYS,205.0,5.453,0.967,50.76,-0.47,1.85,0.0
ATOM,3248.0,CA,LYS,205.0,4.062,0.861,51.187,0.07,2.275,0.0
ATOM,3249.0,C,LYS,205.0,3.726,1.567,52.487,0.51,2.0,0.0
ATOM,3250.0,O,LYS,205.0,2.626,2.089,52.652,-0.51,1.7,0.0
ATOM,3251.0,CB,LYS,205.0,3.681,-0.61,51.305,-0.18,2.175,6.22
ATOM,3252.0,CG,LYS,205.0,3.331,-1.25,49.975,-0.18,2.175,0.64
ATOM,3253.0,CD,LYS,205.0,3.106,-2.733,50.128,-0.18,2.175,3.78
ATOM,3254.0,CE,LYS,205.0,2.877,-3.379,48.778,0.21,2.175,1.73
ATOM,3255.0,NZ,LYS,205.0,2.992,-4.861,48.861,-0.3,1.85,12.06
ATOM,3256.0,H,LYS,205.0,6.035,0.132,50.51,0.31,0.2245,1.22
ATOM,3257.0,HA,LYS,205.0,3.467,1.246,50.444,0.09,1.32,0.0
ATOM,3258.0,HB2,LYS,205.0,4.452,-1.103,51.698,0.09,1.32,5.8
ATOM,3259.0,HB3,LYS,205.0,2.889,-0.681,51.907,0.09,1.32,2.18
ATOM,3260.0,HG2,LYS,205.0,2.497,-0.826,49.62,0.09,1.32,0.0
ATOM,3261.0,HG3,LYS,205.0,4.081,-1.096,49.332,0.09,1.32,0.11
ATOM,3262.0,HD2,LYS,205.0,3.909,-3.144,50.544,0.09,1.32,8.49
ATOM,3263.0,HD3,LYS,205.0,2.303,-2.886,50.692,0.09,1.32,2.98
ATOM,3264.0,HE2,LYS,205.0,1.961,-3.139,48.451,0.05,1.32,0.0
ATOM,3265.0,HE3,LYS,205.0,3.558,-3.033,48.129,0.05,1.32,0.0
ATOM,3266.0,HZ1,LYS,205.0,3.041,-5.136,49.821,0.33,0.2245,15.09
ATOM,3267.0,HZ2,LYS,205.0,2.192,-5.28,48.432,0.33,0.2245,6.14
ATOM,3268.0,HZ3,LYS,205.0,3.82,-5.156,48.385,0.33,0.2245,16.32
ATOM,3269.0,N,SER,206.0,4.675,1.575,53.411,-0.47,1.85,1.16
ATOM,3270.0,CA,SER,206.0,4.484,2.206,54.712,0.07,2.275,2.51
ATOM,3271.0,C,SER,206.0,4.123,3.693,54.635,0.51,2.0,0.0
ATOM,3272.0,O,SER,206.0,3.614,4.262,55.598,-0.51,1.7,0.0
ATOM,3273.0,CB,SER,206.0,5.751,2.041,55.545,0.05,2.175,1.98
ATOM,3274.0,OG,SER,206.0,6.875,2.474,54.805,-0.66,1.77,0.02
ATOM,3275.0,H,SER,206.0,5.559,1.098,53.133,0.31,0.2245,0.33
ATOM,3276.0,HA,SER,206.0,3.718,1.729,55.183,0.09,1.32,0.76
ATOM,3277.0,HB2,SER,206.0,5.67,2.591,56.366,0.09,1.32,0.0
ATOM,3278.0,HB3,SER,206.0,5.862,1.082,55.774,0.09,1.32,7.75
ATOM,3279.0,HG,SER,206.0,7.133,3.395,55.095,0.43,0.2245,0.37
ATOM,3280.0,N,ILE,207.0,4.402,4.315,53.493,-0.47,1.85,0.0
ATOM,3281.0,CA,ILE,207.0,4.121,5.729,53.285,0.07,2.275,0.0
ATOM,3282.0,C,ILE,207.0,2.613,6.004,53.248,0.51,2.0,0.0
ATOM,3283.0,O,ILE,207.0,2.153,7.053,53.696,-0.51,1.7,0.59
ATOM,3284.0,CB,ILE,207.0,4.803,6.222,51.976,-0.09,2.275,0.0
ATOM,3285.0,CG1,ILE,207.0,5.587,7.499,52.264,-0.18,2.175,2.23
ATOM,3286.0,CG2,ILE,207.0,3.776,6.427,50.863,-0.27,2.06,0.84
ATOM,3287.0,CD1,ILE,207.0,6.955,7.245,52.837,-0.27,2.06,0.29
ATOM,3288.0,H,ILE,207.0,4.836,3.706,52.765,0.31,0.2245,0.0
ATOM,3289.0,HA,ILE,207.0,4.477,6.213,54.092,0.09,1.32,0.0
ATOM,3290.0,HB,ILE,207.0,5.439,5.521,51.689,0.09,1.32,0.0
ATOM,3291.0,HG12,ILE,207.0,5.678,8.012,51.412,0.09,1.32,0.0
ATOM,3292.0,HG13,ILE,207.0,5.061,8.048,52.913,0.09,1.32,0.01
ATOM,3293.0,HG21,ILE,207.0,4.245,6.703,50.027,0.09,1.32,0.0
ATOM,3294.0,HG22,ILE,207.0,3.286,5.573,50.705,0.09,1.32,0.0
ATOM,3295.0,HG23,ILE,207.0,3.131,7.138,51.135,0.09,1.32,2.48
ATOM,3296.0,HD11,ILE,207.0,7.494,6.703,52.192,0.09,1.32,0.0
ATOM,3297.0,HD12,ILE,207.0,7.416,8.117,53.003,0.09,1.32,0.0
ATOM,3298.0,HD13,ILE,207.0,6.87,6.745,53.7,0.09,1.32,0.0
ATOM,3299.0,N,ASP,208.0,1.851,5.048,52.723,-0.47,1.85,0.0
ATOM,3300.0,CA,ASP,208.0,0.396,5.176,52.636,0.07,2.275,0.0
ATOM,3301.0,C,ASP,208.0,-0.281,4.935,53.983,0.51,2.0,0.0
ATOM,3302.0,O,ASP,208.0,-1.319,5.518,54.276,-0.51,1.7,0.0
ATOM,3303.0,CB,ASP,208.0,-0.17,4.182,51.614,-0.28,2.175,0.0
ATOM,3304.0,CG,ASP,208.0,0.007,4.651,50.2,0.62,2.0,0.0
ATOM,3305.0,OD1,ASP,208.0,0.164,5.867,50.009,-0.76,1.7,0.12
ATOM,3306.0,OD2,ASP,208.0,-0.005,3.819,49.27,-0.76,1.7,0.0
ATOM,3307.0,H,ASP,208.0,2.371,4.214,52.384,0.31,0.2245,0.0
ATOM,3308.0,HA,ASP,208.0,0.197,6.13,52.372,0.09,1.32,0.0
ATOM,3309.0,HB2,ASP,208.0,0.308,3.32,51.736,0.09,1.32,0.0
ATOM,3310.0,HB3,ASP,208.0,-1.138,4.072,51.805,0.09,1.32,0.0
ATOM,3311.0,N,ILE,209.0,0.296,4.048,54.789,-0.47,1.85,0.0
ATOM,3312.0,CA,ILE,209.0,-0.249,3.74,56.107,0.07,2.275,0.0
ATOM,3313.0,C,ILE,209.0,-0.174,4.976,57.006,0.51,2.0,0.0
ATOM,3314.0,O,ILE,209.0,-1.083,5.251,57.794,-0.51,1.7,0.0
ATOM,3315.0,CB,ILE,209.0,0.525,2.582,56.767,-0.09,2.275,0.0
ATOM,3316.0,CG1,ILE,209.0,0.181,1.263,56.064,-0.18,2.175,1.62
ATOM,3317.0,CG2,ILE,209.0,0.203,2.511,58.247,-0.27,2.06,0.0
ATOM,3318.0,CD1,ILE,209.0,-1.315,0.936,56.031,-0.27,2.06,0.0
ATOM,3319.0,H,ILE,209.0,1.152,3.602,54.405,0.31,0.2245,0.0
ATOM,3320.0,HA,ILE,209.0,-1.221,3.545,55.973,0.09,1.32,0.0
ATOM,3321.0,HB,ILE,209.0,1.493,2.751,56.645,0.09,1.32,0.0
ATOM,3322.0,HG12,ILE,209.0,0.517,1.305,55.125,0.09,1.32,0.0
ATOM,3323.0,HG13,ILE,209.0,0.653,0.521,56.538,0.09,1.32,0.0
ATOM,3324.0,HG21,ILE,209.0,0.732,1.777,58.672,0.09,1.32,0.0
ATOM,3325.0,HG22,ILE,209.0,0.435,3.38,58.684,0.09,1.32,0.0
ATOM,3326.0,HG23,ILE,209.0,-0.772,2.329,58.371,0.09,1.32,0.0
ATOM,3327.0,HD11,ILE,209.0,-1.793,1.663,55.547,0.09,1.32,0.0
ATOM,3328.0,HD12,ILE,209.0,-1.445,0.069,55.559,0.09,1.32,0.0
ATOM,3329.0,HD13,ILE,209.0,-1.651,0.87,56.966,0.09,1.32,0.0
ATOM,3330.0,N,TRP,210.0,0.919,5.721,56.883,-0.47,1.85,0.0
ATOM,3331.0,CA,TRP,210.0,1.084,6.922,57.669,0.07,2.275,0.0
ATOM,3332.0,C,TRP,210.0,-0.015,7.915,57.313,0.51,2.0,0.0
ATOM,3333.0,O,TRP,210.0,-0.585,8.557,58.195,-0.51,1.7,0.0
ATOM,3334.0,CB,TRP,210.0,2.446,7.56,57.416,-0.18,2.175,0.0
ATOM,3335.0,CG,TRP,210.0,2.619,8.815,58.201,-0.03,1.9924,0.0
ATOM,3336.0,CD1,TRP,210.0,2.193,10.064,57.846,0.035,1.9924,0.0
ATOM,3337.0,CD2,TRP,210.0,3.208,8.946,59.496,-0.02,1.8,0.0
ATOM,3338.0,NE1,TRP,210.0,2.477,10.959,58.842,-0.61,1.85,0.0
ATOM,3339.0,CE2,TRP,210.0,3.103,10.295,59.873,0.13,1.8,0.0
ATOM,3340.0,CE3,TRP,210.0,3.819,8.048,60.384,-0.115,1.9924,0.0
ATOM,3341.0,CZ2,TRP,210.0,3.574,10.778,61.087,-0.115,1.9924,0.0
ATOM,3342.0,CZ3,TRP,210.0,4.287,8.524,61.584,-0.115,1.9924,0.0
ATOM,3343.0,CH2,TRP,210.0,4.164,9.878,61.929,-0.115,1.9924,0.0
ATOM,3344.0,H,TRP,210.0,1.612,5.373,56.199,0.31,0.2245,0.0
ATOM,3345.0,HA,TRP,210.0,0.97,6.682,58.635,0.09,1.32,0.0
ATOM,3346.0,HB2,TRP,210.0,3.152,6.932,57.697,0.09,1.32,0.0
ATOM,3347.0,HB3,TRP,210.0,2.52,7.792,56.461,0.09,1.32,0.0
ATOM,3348.0,HD1,TRP,210.0,1.74,10.291,56.984,0.115,1.3582,0.0
ATOM,3349.0,HE1,TRP,210.0,2.268,11.935,58.831,0.38,0.2245,0.0
ATOM,3350.0,HE3,TRP,210.0,3.91,7.083,60.147,0.115,1.3582,0.0
ATOM,3351.0,HZ2,TRP,210.0,3.479,11.749,61.321,0.115,1.3582,0.0
ATOM,3352.0,HZ3,TRP,210.0,4.725,7.895,62.225,0.115,1.3582,0.0
ATOM,3353.0,HH2,TRP,210.0,4.52,10.18,62.815,0.115,1.3582,0.0
ATOM,3354.0,N,SER,211.0,-0.307,8.045,56.023,-0.47,1.85,0.0
ATOM,3355.0,CA,SER,211.0,-1.351,8.968,55.581,0.07,2.275,0.0
ATOM,3356.0,C,SER,211.0,-2.679,8.546,56.174,0.51,2.0,0.0
ATOM,3357.0,O,SER,211.0,-3.433,9.377,56.663,-0.51,1.7,0.0
ATOM,3358.0,CB,SER,211.0,-1.445,8.985,54.066,0.05,2.175,0.0
ATOM,3359.0,OG,SER,211.0,-0.275,9.541,53.513,-0.66,1.77,6.3
ATOM,3360.0,H,SER,211.0,0.249,7.458,55.382,0.31,0.2245,0.0
ATOM,3361.0,HA,SER,211.0,-1.127,9.879,55.931,0.09,1.32,0.0
ATOM,3362.0,HB2,SER,211.0,-1.55,8.053,53.737,0.09,1.32,0.0
ATOM,3363.0,HB3,SER,211.0,-2.227,9.537,53.797,0.09,1.32,0.0
ATOM,3364.0,HG,SER,211.0,0.065,10.271,54.107,0.43,0.2245,0.0
ATOM,3365.0,N,VAL,212.0,-2.957,7.247,56.147,-0.47,1.85,0.0
ATOM,3366.0,CA,VAL,212.0,-4.199,6.723,56.7,0.07,2.275,0.0
ATOM,3367.0,C,VAL,212.0,-4.276,7.039,58.2,0.51,2.0,0.0
ATOM,3368.0,O,VAL,212.0,-5.356,7.294,58.732,-0.51,1.7,0.0
ATOM,3369.0,CB,VAL,212.0,-4.297,5.199,56.469,-0.09,2.275,0.0
ATOM,3370.0,CG1,VAL,212.0,-5.539,4.65,57.115,-0.27,2.06,0.0
ATOM,3371.0,CG2,VAL,212.0,-4.32,4.907,54.983,-0.27,2.06,0.0
ATOM,3372.0,H,VAL,212.0,-2.229,6.653,55.708,0.31,0.2245,0.0
ATOM,3373.0,HA,VAL,212.0,-4.966,7.186,56.252,0.09,1.32,0.0
ATOM,3374.0,HB,VAL,212.0,-3.514,4.78,56.919,0.09,1.32,0.0
ATOM,3375.0,HG11,VAL,212.0,-5.296,3.923,57.762,0.09,1.32,0.0
ATOM,3376.0,HG12,VAL,212.0,-6.02,5.379,57.609,0.09,1.32,0.0
ATOM,3377.0,HG13,VAL,212.0,-6.151,4.272,56.416,0.09,1.32,0.0
ATOM,3378.0,HG21,VAL,212.0,-3.585,4.266,54.757,0.09,1.32,0.0
ATOM,3379.0,HG22,VAL,212.0,-5.202,4.503,54.736,0.09,1.32,0.0
ATOM,3380.0,HG23,VAL,212.0,-4.189,5.759,54.474,0.09,1.32,0.0
ATOM,3381.0,N,GLY,213.0,-3.126,7.024,58.87,-0.47,1.85,0.0
ATOM,3382.0,CA,GLY,213.0,-3.085,7.324,60.286,-0.02,2.175,0.0
ATOM,3383.0,C,GLY,213.0,-3.483,8.772,60.517,0.51,2.0,0.0
ATOM,3384.0,O,GLY,213.0,-4.159,9.107,61.496,-0.51,1.7,0.0
ATOM,3385.0,H,GLY,213.0,-2.294,6.786,58.303,0.31,0.2245,0.0
ATOM,3386.0,HA2,GLY,213.0,-3.719,6.723,60.78,0.09,1.32,0.0
ATOM,3387.0,HA3,GLY,213.0,-2.157,7.175,60.639,0.09,1.32,0.0
ATOM,3388.0,N,CYS,214.0,-3.051,9.642,59.61,-0.47,1.85,0.0
ATOM,3389.0,CA,CYS,214.0,-3.367,11.057,59.685,0.07,2.275,0.0
ATOM,3390.0,C,CYS,214.0,-4.868,11.263,59.466,0.51,2.0,0.0
ATOM,3391.0,O,CYS,214.0,-5.492,12.094,60.12,-0.51,1.7,0.0
ATOM,3392.0,CB,CYS,214.0,-2.581,11.811,58.614,-0.11,2.175,0.0
ATOM,3393.0,SG,CYS,214.0,-0.8,11.876,58.946,-0.23,2.0,0.0
ATOM,3394.0,H,CYS,214.0,-2.473,9.222,58.85,0.31,0.2245,0.0
ATOM,3395.0,HA,CYS,214.0,-3.142,11.388,60.603,0.09,1.32,0.0
ATOM,3396.0,HB2,CYS,214.0,-2.718,11.352,57.744,0.09,1.32,0.0
ATOM,3397.0,HB3,CYS,214.0,-2.923,12.743,58.574,0.09,1.32,0.53
ATOM,3398.0,HG,CYS,214.0,-0.425,12.724,58.574,0.16,0.45,0.0
ATOM,3399.0,N,ILE,215.0,-5.438,10.515,58.527,-0.47,1.85,0.0
ATOM,3400.0,CA,ILE,215.0,-6.849,10.626,58.252,0.07,2.275,0.0
ATOM,3401.0,C,ILE,215.0,-7.628,10.153,59.47,0.51,2.0,0.0
ATOM,3402.0,O,ILE,215.0,-8.668,10.727,59.798,-0.51,1.7,0.0
ATOM,3403.0,CB,ILE,215.0,-7.244,9.795,57.036,-0.09,2.275,0.0
ATOM,3404.0,CG1,ILE,215.0,-6.62,10.404,55.771,-0.18,2.175,0.0
ATOM,3405.0,CG2,ILE,215.0,-8.761,9.738,56.931,-0.27,2.06,0.0
ATOM,3406.0,CD1,ILE,215.0,-6.401,9.414,54.643,-0.27,2.06,0.0
ATOM,3407.0,H,ILE,215.0,-4.796,9.871,58.033,0.31,0.2245,0.0
ATOM,3408.0,HA,ILE,215.0,-7.048,11.6,58.15,0.09,1.32,0.0
ATOM,3409.0,HB,ILE,215.0,-6.874,8.882,57.145,0.09,1.32,0.0
ATOM,3410.0,HG12,ILE,215.0,-7.218,11.137,55.448,0.09,1.32,0.0
ATOM,3411.0,HG13,ILE,215.0,-5.738,10.804,56.022,0.09,1.32,0.0
ATOM,3412.0,HG21,ILE,215.0,-9.02,9.176,56.147,0.09,1.32,0.0
ATOM,3413.0,HG22,ILE,215.0,-9.138,9.339,57.765,0.09,1.32,0.0
ATOM,3414.0,HG23,ILE,215.0,-9.122,10.661,56.812,0.09,1.32,0.0
ATOM,3415.0,HD11,ILE,215.0,-7.278,9.019,54.377,0.09,1.32,0.0
ATOM,3416.0,HD12,ILE,215.0,-5.995,9.887,53.863,0.09,1.32,0.0
ATOM,3417.0,HD13,ILE,215.0,-5.787,8.691,54.954,0.09,1.32,0.0
ATOM,3418.0,N,LEU,216.0,-7.13,9.119,60.15,-0.47,1.85,0.0
ATOM,3419.0,CA,LEU,216.0,-7.812,8.619,61.346,0.07,2.275,0.0
ATOM,3420.0,C,LEU,216.0,-7.847,9.687,62.428,0.51,2.0,0.0
ATOM,3421.0,O,LEU,216.0,-8.89,9.967,62.998,-0.51,1.7,0.0
ATOM,3422.0,CB,LEU,216.0,-7.113,7.38,61.905,-0.18,2.175,0.0
ATOM,3423.0,CG,LEU,216.0,-7.911,6.301,62.665,-0.09,2.275,0.0
ATOM,3424.0,CD1,LEU,216.0,-7.103,5.863,63.888,-0.27,2.06,0.0
ATOM,3425.0,CD2,LEU,216.0,-9.302,6.788,63.08,-0.27,2.06,0.0
ATOM,3426.0,H,LEU,216.0,-6.26,8.72,59.775,0.31,0.2245,0.0
ATOM,3427.0,HA,LEU,216.0,-8.757,8.383,61.098,0.09,1.32,0.0
ATOM,3428.0,HB2,LEU,216.0,-6.656,6.909,61.13,0.09,1.32,0.0
ATOM,3429.0,HB3,LEU,216.0,-6.382,7.696,62.534,0.09,1.32,0.0
ATOM,3430.0,HG,LEU,216.0,-8.052,5.526,62.067,0.09,1.32,0.0
ATOM,3431.0,HD11,LEU,216.0,-6.947,6.652,64.481,0.09,1.32,0.0
ATOM,3432.0,HD12,LEU,216.0,-7.612,5.163,64.387,0.09,1.32,0.0
ATOM,3433.0,HD13,LEU,216.0,-6.226,5.49,63.588,0.09,1.32,0.0
ATOM,3434.0,HD21,LEU,216.0,-9.82,7.04,62.264,0.09,1.32,0.0
ATOM,3435.0,HD22,LEU,216.0,-9.776,6.056,63.567,0.09,1.32,0.0
ATOM,3436.0,HD23,LEU,216.0,-9.208,7.583,63.678,0.09,1.32,0.0
ATOM,3437.0,N,ALA,217.0,-6.698,10.272,62.726,-0.47,1.85,0.0
ATOM,3438.0,CA,ALA,217.0,-6.632,11.3,63.749,0.07,2.275,0.0
ATOM,3439.0,C,ALA,217.0,-7.587,12.414,63.383,0.51,2.0,0.0
ATOM,3440.0,O,ALA,217.0,-8.275,12.954,64.25,-0.51,1.7,0.0
ATOM,3441.0,CB,ALA,217.0,-5.214,11.849,63.861,-0.27,2.06,0.0
ATOM,3442.0,H,ALA,217.0,-5.881,9.943,62.185,0.31,0.2245,0.0
ATOM,3443.0,HA,ALA,217.0,-6.914,10.906,64.625,0.09,1.32,0.0
ATOM,3444.0,HB1,ALA,217.0,-4.829,11.598,64.748,0.09,1.32,0.0
ATOM,3445.0,HB2,ALA,217.0,-4.649,11.464,63.132,0.09,1.32,0.0
ATOM,3446.0,HB3,ALA,217.0,-5.235,12.844,63.776,0.09,1.32,0.0
ATOM,3447.0,N,GLU,218.0,-7.622,12.746,62.094,-0.47,1.85,0.0
ATOM,3448.0,CA,GLU,218.0,-8.483,13.805,61.584,0.07,2.275,0.0
ATOM,3449.0,C,GLU,218.0,-9.97,13.506,61.767,0.51,2.0,0.0
ATOM,3450.0,O,GLU,218.0,-10.757,14.408,62.068,-0.51,1.7,0.0
ATOM,3451.0,CB,GLU,218.0,-8.184,14.062,60.101,-0.18,2.175,0.0
ATOM,3452.0,CG,GLU,218.0,-8.628,15.431,59.64,-0.28,2.175,0.0
ATOM,3453.0,CD,GLU,218.0,-7.867,15.981,58.434,0.62,2.0,0.0
ATOM,3454.0,OE1,GLU,218.0,-6.713,15.572,58.165,-0.76,1.7,0.0
ATOM,3455.0,OE2,GLU,218.0,-8.438,16.85,57.746,-0.76,1.7,9.07
ATOM,3456.0,H,GLU,218.0,-6.984,12.186,61.487,0.31,0.2245,0.0
ATOM,3457.0,HA,GLU,218.0,-8.259,14.679,62.051,0.09,1.32,0.0
ATOM,3458.0,HB2,GLU,218.0,-7.213,14.001,59.981,0.09,1.32,0.0
ATOM,3459.0,HB3,GLU,218.0,-8.674,13.392,59.58,0.09,1.32,0.0
ATOM,3460.0,HG2,GLU,218.0,-9.584,15.382,59.382,0.09,1.32,0.0
ATOM,3461.0,HG3,GLU,218.0,-8.496,16.074,60.383,0.09,1.32,0.0
ATOM,3462.0,N,MET,219.0,-10.353,12.242,61.589,-0.47,1.85,0.0
ATOM,3463.0,CA,MET,219.0,-11.749,11.836,61.74,0.07,2.275,0.0
ATOM,3464.0,C,MET,219.0,-12.15,11.912,63.202,0.51,2.0,0.0
ATOM,3465.0,O,MET,219.0,-13.314,12.14,63.528,-0.51,1.7,1.39
ATOM,3466.0,CB,MET,219.0,-11.948,10.407,61.234,-0.18,2.175,0.0
ATOM,3467.0,CG,MET,219.0,-12.076,10.313,59.74,-0.14,2.175,0.0
ATOM,3468.0,SD,MET,219.0,-12.738,8.741,59.175,-0.09,2.0,0.0
ATOM,3469.0,CE,MET,219.0,-11.423,7.571,59.574,-0.22,2.06,0.0
ATOM,3470.0,H,MET,219.0,-9.59,11.586,61.339,0.31,0.2245,0.0
ATOM,3471.0,HA,MET,219.0,-12.318,12.48,61.225,0.09,1.32,0.0
ATOM,3472.0,HB2,MET,219.0,-11.163,9.847,61.53,0.09,1.32,0.0
ATOM,3473.0,HB3,MET,219.0,-12.781,10.028,61.658,0.09,1.32,0.0
ATOM,3474.0,HG2,MET,219.0,-12.665,11.094,59.409,0.09,1.32,0.0
ATOM,3475.0,HG3,MET,219.0,-11.151,10.489,59.316,0.09,1.32,0.0
ATOM,3476.0,HE1,MET,219.0,-11.036,7.803,60.465,0.09,1.32,0.0
ATOM,3477.0,HE2,MET,219.0,-11.802,6.647,59.601,0.09,1.32,0.0
ATOM,3478.0,HE3,MET,219.0,-10.712,7.624,58.874,0.09,1.32,0.0
ATOM,3479.0,N,LEU,220.0,-11.164,11.718,64.069,-0.47,1.85,0.0
ATOM,3480.0,CA,LEU,220.0,-11.358,11.746,65.51,0.07,2.275,0.0
ATOM,3481.0,C,LEU,220.0,-11.564,13.147,66.064,0.51,2.0,0.0
ATOM,3482.0,O,LEU,220.0,-12.265,13.333,67.055,-0.51,1.7,15.56
ATOM,3483.0,CB,LEU,220.0,-10.148,11.121,66.211,-0.18,2.175,0.0
ATOM,3484.0,CG,LEU,220.0,-10.036,9.6,66.13,-0.09,2.275,0.0
ATOM,3485.0,CD1,LEU,220.0,-8.673,9.129,66.637,-0.27,2.06,0.0
ATOM,3486.0,CD2,LEU,220.0,-11.174,8.983,66.949,-0.27,2.06,4.21
ATOM,3487.0,H,LEU,220.0,-10.23,11.542,63.624,0.31,0.2245,0.0
ATOM,3488.0,HA,LEU,220.0,-12.18,11.191,65.735,0.09,1.32,0.26
ATOM,3489.0,HB2,LEU,220.0,-9.326,11.503,65.797,0.09,1.32,0.0
ATOM,3490.0,HB3,LEU,220.0,-10.194,11.367,67.174,0.09,1.32,0.0
ATOM,3491.0,HG,LEU,220.0,-10.149,9.313,65.179,0.09,1.32,0.0
ATOM,3492.0,HD11,LEU,220.0,-8.558,9.411,67.589,0.09,1.32,0.0
ATOM,3493.0,HD12,LEU,220.0,-8.623,8.133,66.575,0.09,1.32,0.0
ATOM,3494.0,HD13,LEU,220.0,-7.953,9.537,66.077,0.09,1.32,0.0
ATOM,3495.0,HD21,LEU,220.0,-12.05,9.282,66.573,0.09,1.32,0.0
ATOM,3496.0,HD22,LEU,220.0,-11.111,7.987,66.903,0.09,1.32,0.0
ATOM,3497.0,HD23,LEU,220.0,-11.096,9.282,67.899,0.09,1.32,0.0
ATOM,3498.0,N,SER,221.0,-10.95,14.137,65.434,-0.47,1.85,0.0
ATOM,3499.0,CA,SER,221.0,-11.066,15.497,65.925,0.07,2.275,1.62
ATOM,3500.0,C,SER,221.0,-11.549,16.525,64.902,0.51,2.0,0.05
ATOM,3501.0,O,SER,221.0,-11.715,17.687,65.233,-0.51,1.7,15.72
ATOM,3502.0,CB,SER,221.0,-9.718,15.934,66.483,0.05,2.175,16.27
ATOM,3503.0,OG,SER,221.0,-8.712,15.753,65.506,-0.66,1.77,3.42
ATOM,3504.0,H,SER,221.0,-10.407,13.865,64.602,0.31,0.2245,0.0
ATOM,3505.0,HA,SER,221.0,-11.738,15.497,66.699,0.09,1.32,6.62
ATOM,3506.0,HB2,SER,221.0,-9.765,16.894,66.727,0.09,1.32,6.05
ATOM,3507.0,HB3,SER,221.0,-9.503,15.379,67.277,0.09,1.32,0.12
ATOM,3508.0,HG,SER,221.0,-8.716,14.804,65.193,0.43,0.2245,0.0
ATOM,3509.0,N,ASN,222.0,-11.763,16.099,63.663,-0.47,1.85,0.0
ATOM,3510.0,CA,ASN,222.0,-12.224,16.993,62.604,0.07,2.275,0.0
ATOM,3511.0,C,ASN,222.0,-11.165,18.01,62.183,0.51,2.0,0.09
ATOM,3512.0,O,ASN,222.0,-11.401,18.833,61.301,-0.51,1.7,17.2
ATOM,3513.0,CB,ASN,222.0,-13.504,17.709,63.049,-0.18,2.175,14.38
ATOM,3514.0,CG,ASN,222.0,-14.733,16.829,62.914,0.55,2.0,1.68
ATOM,3515.0,H,ASN,222.0,-11.577,15.086,63.512,0.31,0.2245,0.0
ATOM,3516.0,HA,ASN,222.0,-12.419,16.418,61.793,0.09,1.32,0.0
ATOM,3517.0,HB2,ASN,222.0,-13.402,17.969,64.003,0.09,1.32,2.36
ATOM,3518.0,HB3,ASN,222.0,-13.626,18.516,62.48,0.09,1.32,3.45
ATOM,3519.0,OD1,ASN,222.0,-15.007,15.979,63.773,-0.55,1.7,5.81
ATOM,3520.0,ND2,ASN,222.0,-15.479,17.02,61.825,-0.62,1.85,4.63
ATOM,3521.0,HD22,ASN,222.0,-15.21,17.709,61.153,0.3,0.2245,0.0
ATOM,3522.0,HD21,ASN,222.0,-16.303,16.475,61.682,0.32,0.2245,0.0
ATOM,3523.0,N,ARG,223.0,-9.995,17.937,62.808,-0.47,1.85,0.0
ATOM,3524.0,CA,ARG,223.0,-8.886,18.835,62.498,0.07,2.275,0.02
ATOM,3525.0,C,ARG,223.0,-7.63,18.054,62.088,0.51,2.0,0.0
ATOM,3526.0,O,ARG,223.0,-7.36,16.972,62.61,-0.51,1.7,0.2
ATOM,3527.0,CB,ARG,223.0,-8.558,19.694,63.718,-0.18,2.175,7.82
ATOM,3528.0,CG,ARG,223.0,-7.813,20.975,63.384,-0.18,2.175,8.57
ATOM,3529.0,CD,ARG,223.0,-6.318,20.886,63.709,0.2,2.175,13.14
ATOM,3530.0,NE,ARG,223.0,-5.511,21.675,62.774,-0.7,1.85,1.22
ATOM,3531.0,CZ,ARG,223.0,-5.731,22.958,62.492,0.64,2.0,1.79
ATOM,3532.0,NH1,ARG,223.0,-6.729,23.609,63.078,-0.8,1.85,22.47
ATOM,3533.0,NH2,ARG,223.0,-4.952,23.598,61.629,-0.8,1.85,15.47
ATOM,3534.0,H,ARG,223.0,-9.937,17.19,63.533,0.31,0.2245,0.0
ATOM,3535.0,HA,ARG,223.0,-9.153,19.432,61.731,0.09,1.32,0.58
ATOM,3536.0,HB2,ARG,223.0,-9.412,19.94,64.165,0.09,1.32,6.05
ATOM,3537.0,HB3,ARG,223.0,-7.99,19.158,64.334,0.09,1.32,2.82
ATOM,3538.0,HG2,ARG,223.0,-7.902,21.171,62.408,0.09,1.32,0.77
ATOM,3539.0,HG3,ARG,223.0,-8.194,21.733,63.913,0.09,1.32,5.89
ATOM,3540.0,HD2,ARG,223.0,-6.185,21.23,64.632,0.09,1.32,10.8
ATOM,3541.0,HD3,ARG,223.0,-6.05,19.93,63.651,0.09,1.32,0.23
ATOM,3542.0,HE,ARG,223.0,-4.742,21.217,62.316,0.44,0.2245,0.0
ATOM,3543.0,HH11,ARG,223.0,-7.313,23.16,63.748,0.46,0.2245,5.68
ATOM,3544.0,HH12,ARG,223.0,-6.898,24.574,62.843,0.46,0.2245,18.52
ATOM,3545.0,HH21,ARG,223.0,-4.183,23.11,61.206,0.46,0.2245,0.0
ATOM,3546.0,HH22,ARG,223.0,-5.126,24.552,61.403,0.46,0.2245,18.47
ATOM,3547.0,N,PRO,224.0,-6.856,18.585,61.128,-0.29,1.85,0.0
ATOM,3548.0,CA,PRO,224.0,-5.635,17.884,60.7,0.02,2.275,0.0
ATOM,3549.0,C,PRO,224.0,-4.664,17.791,61.869,0.51,2.0,0.0
ATOM,3550.0,O,PRO,224.0,-4.376,18.792,62.518,-0.51,1.7,0.72
ATOM,3551.0,CB,PRO,224.0,-5.085,18.756,59.572,-0.18,2.175,0.41
ATOM,3552.0,CG,PRO,224.0,-5.722,20.1,59.781,-0.18,2.175,1.31
ATOM,3553.0,CD,PRO,224.0,-7.071,19.834,60.378,0.0,2.175,9.33
ATOM,3554.0,HA,PRO,224.0,-5.855,16.977,60.341,0.09,1.32,0.0
ATOM,3555.0,HB2,PRO,224.0,-4.085,18.825,59.629,0.09,1.32,0.0
ATOM,3556.0,HB3,PRO,224.0,-5.334,18.38,58.676,0.09,1.32,0.0
ATOM,3557.0,HG2,PRO,224.0,-5.156,20.661,60.399,0.09,1.32,0.0
ATOM,3558.0,HG3,PRO,224.0,-5.804,20.586,58.902,0.09,1.32,0.02
ATOM,3559.0,HD2,PRO,224.0,-7.353,20.568,60.994,0.09,1.32,0.0
ATOM,3560.0,HD3,PRO,224.0,-7.767,19.704,59.672,0.09,1.32,4.85
ATOM,3561.0,N,ILE,225.0,-4.157,16.592,62.131,-0.47,1.85,0.0
ATOM,3562.0,CA,ILE,225.0,-3.245,16.371,63.25,0.07,2.275,0.36
ATOM,3563.0,C,ILE,225.0,-1.847,17.009,63.123,0.51,2.0,0.0
ATOM,3564.0,O,ILE,225.0,-1.299,17.492,64.107,-0.51,1.7,5.98
ATOM,3565.0,CB,ILE,225.0,-3.113,14.843,63.535,-0.09,2.275,0.18
ATOM,3566.0,CG1,ILE,225.0,-2.314,14.617,64.824,-0.18,2.175,0.05
ATOM,3567.0,CG2,ILE,225.0,-2.484,14.131,62.336,-0.27,2.06,0.07
ATOM,3568.0,CD1,ILE,225.0,-2.129,13.144,65.188,-0.27,2.06,0.0
ATOM,3569.0,H,ILE,225.0,-4.459,15.838,61.483,0.31,0.2245,0.41
ATOM,3570.0,HA,ILE,225.0,-3.681,16.808,64.065,0.09,1.32,7.56
ATOM,3571.0,HB,ILE,225.0,-4.026,14.484,63.668,0.09,1.32,0.0
ATOM,3572.0,HG12,ILE,225.0,-1.415,15.035,64.718,0.09,1.32,0.0
ATOM,3573.0,HG13,ILE,225.0,-2.793,15.069,65.574,0.09,1.32,2.84
ATOM,3574.0,HG21,ILE,225.0,-2.451,13.15,62.515,0.09,1.32,0.0
ATOM,3575.0,HG22,ILE,225.0,-3.035,14.305,61.523,0.09,1.32,0.0
ATOM,3576.0,HG23,ILE,225.0,-1.559,14.477,62.195,0.09,1.32,0.0
ATOM,3577.0,HD11,ILE,225.0,-1.641,12.687,64.449,0.09,1.32,0.0
ATOM,3578.0,HD12,ILE,225.0,-1.603,13.083,66.032,0.09,1.32,0.0
ATOM,3579.0,HD13,ILE,225.0,-3.025,12.727,65.314,0.09,1.32,0.0
ATOM,3580.0,N,PHE,226.0,-1.262,17.0,61.927,-0.47,1.85,0.0
ATOM,3581.0,CA,PHE,226.0,0.067,17.591,61.737,0.07,2.275,0.0
ATOM,3582.0,C,PHE,226.0,-0.003,18.638,60.623,0.51,2.0,0.0
ATOM,3583.0,O,PHE,226.0,0.558,18.447,59.543,-0.51,1.7,0.0
ATOM,3584.0,CB,PHE,226.0,1.112,16.516,61.364,-0.18,2.175,0.0
ATOM,3585.0,CG,PHE,226.0,1.151,15.329,62.302,0.0,1.9924,0.0
ATOM,3586.0,CD1,PHE,226.0,1.466,15.494,63.641,-0.115,1.9924,0.0
ATOM,3587.0,CD2,PHE,226.0,0.905,14.04,61.829,-0.115,1.9924,0.0
ATOM,3588.0,CE1,PHE,226.0,1.54,14.399,64.499,-0.115,1.9924,0.0
ATOM,3589.0,CE2,PHE,226.0,0.976,12.935,62.683,-0.115,1.9924,0.0
ATOM,3590.0,CZ,PHE,226.0,1.294,13.118,64.018,-0.115,1.9924,0.0
ATOM,3591.0,H,PHE,226.0,-1.805,16.557,61.172,0.31,0.2245,0.69
ATOM,3592.0,HA,PHE,226.0,0.291,18.08,62.578,0.09,1.32,0.0
ATOM,3593.0,HB2,PHE,226.0,0.889,16.183,60.46,0.09,1.32,0.0
ATOM,3594.0,HB3,PHE,226.0,2.002,16.947,61.38,0.09,1.32,0.0
ATOM,3595.0,HD1,PHE,226.0,1.642,16.406,64.003,0.115,1.3582,0.0
ATOM,3596.0,HD2,PHE,226.0,0.674,13.903,60.867,0.115,1.3582,0.0
ATOM,3597.0,HE1,PHE,226.0,1.774,14.544,65.468,0.115,1.3582,0.0
ATOM,3598.0,HE2,PHE,226.0,0.795,12.011,62.316,0.115,1.3582,0.0
ATOM,3599.0,HZ,PHE,226.0,1.348,12.337,64.638,0.115,1.3582,0.0
ATOM,3600.0,N,PRO,227.0,-0.685,19.776,60.88,-0.29,1.85,0.0
ATOM,3601.0,CA,PRO,227.0,-0.8,20.821,59.853,0.02,2.275,0.0
ATOM,3602.0,C,PRO,227.0,0.455,21.686,59.696,0.51,2.0,0.0
ATOM,3603.0,O,PRO,227.0,0.472,22.842,60.123,-0.51,1.7,4.44
ATOM,3604.0,CB,PRO,227.0,-2.004,21.633,60.319,-0.18,2.175,0.0
ATOM,3605.0,CG,PRO,227.0,-1.929,21.531,61.81,-0.18,2.175,9.02
ATOM,3606.0,CD,PRO,227.0,-1.375,20.164,62.129,0.0,2.175,3.52
ATOM,3607.0,HA,PRO,227.0,-1.06,20.41,58.957,0.09,1.32,0.0
ATOM,3608.0,HB2,PRO,227.0,-1.929,22.583,60.023,0.09,1.32,3.97
ATOM,3609.0,HB3,PRO,227.0,-2.854,21.239,59.977,0.09,1.32,0.0
ATOM,3610.0,HG2,PRO,227.0,-1.33,22.254,62.183,0.09,1.32,3.09
ATOM,3611.0,HG3,PRO,227.0,-2.846,21.648,62.217,0.09,1.32,0.0
ATOM,3612.0,HD2,PRO,227.0,-0.728,20.2,62.889,0.09,1.32,0.0
ATOM,3613.0,HD3,PRO,227.0,-2.105,19.514,62.342,0.09,1.32,0.0
ATOM,3614.0,N,GLY,228.0,1.495,21.129,59.081,-0.47,1.85,0.0
ATOM,3615.0,CA,GLY,228.0,2.727,21.874,58.891,-0.02,2.175,0.0
ATOM,3616.0,C,GLY,228.0,2.598,22.983,57.86,0.51,2.0,0.0
ATOM,3617.0,O,GLY,228.0,1.979,22.8,56.809,-0.51,1.7,0.04
ATOM,3618.0,H,GLY,228.0,1.35,20.158,58.765,0.31,0.2245,0.0
ATOM,3619.0,HA2,GLY,228.0,3.017,22.277,59.778,0.09,1.32,0.0
ATOM,3620.0,HA3,GLY,228.0,3.465,21.237,58.603,0.09,1.32,0.0
ATOM,3621.0,N,LYS,229.0,3.193,24.133,58.169,-0.47,1.85,0.0
ATOM,3622.0,CA,LYS,229.0,3.164,25.304,57.3,0.07,2.275,0.15
ATOM,3623.0,C,LYS,229.0,4.062,25.124,56.085,0.51,2.0,0.0
ATOM,3624.0,O,LYS,229.0,3.72,25.554,54.982,-0.51,1.7,13.21
ATOM,3625.0,CB,LYS,229.0,3.62,26.533,58.08,-0.18,2.175,1.9
ATOM,3626.0,CG,LYS,229.0,2.688,26.919,59.212,-0.18,2.175,2.35
ATOM,3627.0,CD,LYS,229.0,1.552,27.783,58.699,-0.18,2.175,13.38
ATOM,3628.0,CE,LYS,229.0,0.652,28.249,59.826,0.21,2.175,22.77
ATOM,3629.0,NZ,LYS,229.0,1.319,28.136,61.146,-0.3,1.85,12.86
ATOM,3630.0,H,LYS,229.0,3.686,24.124,59.094,0.31,0.2245,0.0
ATOM,3631.0,HA,LYS,229.0,2.216,25.451,56.983,0.09,1.32,4.07
ATOM,3632.0,HB2,LYS,229.0,4.521,26.343,58.465,0.09,1.32,0.0
ATOM,3633.0,HB3,LYS,229.0,3.68,27.301,57.445,0.09,1.32,4.39
ATOM,3634.0,HG2,LYS,229.0,2.307,26.091,59.619,0.09,1.32,0.0
ATOM,3635.0,HG3,LYS,229.0,3.2,27.43,59.899,0.09,1.32,4.95
ATOM,3636.0,HD2,LYS,229.0,1.935,28.583,58.246,0.09,1.32,9.91
ATOM,3637.0,HD3,LYS,229.0,1.007,27.253,58.055,0.09,1.32,7.11
ATOM,3638.0,HE2,LYS,229.0,0.398,29.207,59.665,0.05,1.32,11.89
ATOM,3639.0,HE3,LYS,229.0,-0.183,27.69,59.829,0.05,1.32,11.65
ATOM,3640.0,HZ1,LYS,229.0,1.204,27.207,61.5,0.33,0.2245,10.34
ATOM,3641.0,HZ2,LYS,229.0,2.294,28.336,61.046,0.33,0.2245,10.57
ATOM,3642.0,HZ3,LYS,229.0,0.909,28.788,61.784,0.33,0.2245,20.37
ATOM,3643.0,N,HIS,230.0,5.213,24.495,56.297,-0.47,1.85,0.0
ATOM,3644.0,CA,HIS,230.0,6.164,24.262,55.221,0.07,2.275,0.0
ATOM,3645.0,C,HIS,230.0,6.96,22.991,55.49,0.51,2.0,0.0
ATOM,3646.0,O,HIS,230.0,6.822,22.367,56.543,-0.51,1.7,0.0
ATOM,3647.0,CB,HIS,230.0,7.113,25.462,55.08,-0.09,2.175,13.6
ATOM,3648.0,CG,HIS,230.0,7.538,26.056,56.389,-0.05,1.8,0.69
ATOM,3649.0,H,HIS,230.0,5.37,24.191,57.278,0.31,0.2245,0.0
ATOM,3650.0,HA,HIS,230.0,5.655,24.139,54.364,0.09,1.32,0.0
ATOM,3651.0,HB2,HIS,230.0,7.937,25.168,54.583,0.09,1.32,4.29
ATOM,3652.0,HB3,HIS,230.0,6.653,26.177,54.542,0.09,1.32,7.98
ATOM,3653.0,ND1,HIS,230.0,8.619,25.584,57.105,-0.36,1.85,5.87
ATOM,3654.0,CD2,HIS,230.0,7.001,27.053,57.134,0.22,1.8,12.99
ATOM,3655.0,CE1,HIS,230.0,8.726,26.263,58.234,0.25,1.8,15.3
ATOM,3656.0,NE2,HIS,230.0,7.758,27.16,58.274,-0.7,1.85,23.36
ATOM,3657.0,HD1,HIS,230.0,9.225,24.845,56.813,0.32,0.2245,2.43
ATOM,3658.0,HD2,HIS,230.0,6.205,27.604,56.899,0.1,1.468,7.11
ATOM,3659.0,HE1,HIS,230.0,9.418,26.121,58.936,0.13,0.9,13.93
ATOM,3660.0,N,TYR,231.0,7.798,22.619,54.532,-0.47,1.85,0.17
ATOM,3661.0,CA,TYR,231.0,8.61,21.414,54.625,0.07,2.275,0.0
ATOM,3662.0,C,TYR,231.0,9.047,20.983,56.028,0.51,2.0,0.0
ATOM,3663.0,O,TYR,231.0,8.493,20.035,56.586,-0.51,1.7,0.0
ATOM,3664.0,CB,TYR,231.0,9.84,21.556,53.725,-0.18,2.175,13.26
ATOM,3665.0,CG,TYR,231.0,10.417,20.236,53.271,0.0,1.9924,0.6
ATOM,3666.0,CD1,TYR,231.0,9.901,19.58,52.156,-0.115,1.9924,8.19
ATOM,3667.0,CD2,TYR,231.0,11.472,19.635,53.964,-0.115,1.9924,3.87
ATOM,3668.0,CE1,TYR,231.0,10.419,18.35,51.741,-0.115,1.9924,1.27
ATOM,3669.0,CE2,TYR,231.0,11.997,18.408,53.559,-0.115,1.9924,0.37
ATOM,3670.0,CZ,TYR,231.0,11.465,17.773,52.45,0.11,1.9924,0.0
ATOM,3671.0,OH,TYR,231.0,11.972,16.56,52.055,-0.54,1.77,0.0
ATOM,3672.0,H,TYR,231.0,7.825,23.262,53.708,0.31,0.2245,3.23
ATOM,3673.0,HA,TYR,231.0,8.071,20.636,54.217,0.09,1.32,0.0
ATOM,3674.0,HB2,TYR,231.0,9.577,22.077,52.918,0.09,1.32,7.07
ATOM,3675.0,HB3,TYR,231.0,10.543,22.046,54.234,0.09,1.32,3.3
ATOM,3676.0,HD1,TYR,231.0,9.149,19.99,51.642,0.115,1.3582,6.52
ATOM,3677.0,HD2,TYR,231.0,11.857,20.093,54.762,0.115,1.3582,0.08
ATOM,3678.0,HE1,TYR,231.0,10.039,17.892,50.939,0.115,1.3582,0.0
ATOM,3679.0,HE2,TYR,231.0,12.749,17.994,54.066,0.115,1.3582,0.0
ATOM,3680.0,HH,TYR,231.0,11.935,16.496,51.059,0.43,0.2245,0.0
ATOM,3681.0,N,LEU,232.0,10.028,21.666,56.61,-0.47,1.85,0.0
ATOM,3682.0,CA,LEU,232.0,10.515,21.261,57.929,0.07,2.275,0.0
ATOM,3683.0,C,LEU,232.0,9.55,21.483,59.09,0.51,2.0,0.01
ATOM,3684.0,O,LEU,232.0,9.74,20.905,60.168,-0.51,1.7,0.0
ATOM,3685.0,CB,LEU,232.0,11.859,21.936,58.241,-0.18,2.175,4.89
ATOM,3686.0,CG,LEU,232.0,13.127,21.122,57.95,-0.09,2.275,1.63
ATOM,3687.0,CD1,LEU,232.0,14.335,21.787,58.596,-0.27,2.06,20.05
ATOM,3688.0,CD2,LEU,232.0,12.958,19.715,58.464,-0.27,2.06,0.0
ATOM,3689.0,H,LEU,232.0,10.395,22.462,56.079,0.31,0.2245,1.76
ATOM,3690.0,HA,LEU,232.0,10.741,20.261,57.891,0.09,1.32,0.0
ATOM,3691.0,HB2,LEU,232.0,11.913,22.772,57.698,0.09,1.32,5.65
ATOM,3692.0,HB3,LEU,232.0,11.868,22.162,59.212,0.09,1.32,1.56
ATOM,3693.0,HG,LEU,232.0,13.261,21.075,56.963,0.09,1.32,0.81
ATOM,3694.0,HD11,LEU,232.0,14.198,21.839,59.585,0.09,1.32,0.9
ATOM,3695.0,HD12,LEU,232.0,15.156,21.25,58.401,0.09,1.32,0.76
ATOM,3696.0,HD13,LEU,232.0,14.446,22.71,58.226,0.09,1.32,10.66
ATOM,3697.0,HD21,LEU,232.0,12.176,19.278,58.012,0.09,1.32,0.0
ATOM,3698.0,HD22,LEU,232.0,13.786,19.18,58.275,0.09,1.32,0.0
ATOM,3699.0,HD23,LEU,232.0,12.797,19.73,59.454,0.09,1.32,0.0
ATOM,3700.0,N,ASP,233.0,8.529,22.314,58.881,-0.47,1.85,0.07
ATOM,3701.0,CA,ASP,233.0,7.542,22.574,59.926,0.07,2.275,1.14
ATOM,3702.0,C,ASP,233.0,6.756,21.293,60.144,0.51,2.0,0.0
ATOM,3703.0,O,ASP,233.0,6.463,20.911,61.281,-0.51,1.7,0.0
ATOM,3704.0,CB,ASP,233.0,6.584,23.688,59.51,-0.28,2.175,0.16
ATOM,3705.0,CG,ASP,233.0,5.658,24.115,60.643,0.62,2.0,0.93
ATOM,3706.0,OD1,ASP,233.0,6.137,24.221,61.791,-0.76,1.7,25.51
ATOM,3707.0,OD2,ASP,233.0,4.454,24.346,60.393,-0.76,1.7,0.99
ATOM,3708.0,H,ASP,233.0,8.499,22.745,57.942,0.31,0.2245,0.0
ATOM,3709.0,HA,ASP,233.0,8.043,22.76,60.765,0.09,1.32,0.48
ATOM,3710.0,HB2,ASP,233.0,7.123,24.473,59.231,0.09,1.32,0.0
ATOM,3711.0,HB3,ASP,233.0,6.03,23.356,58.757,0.09,1.32,0.0
ATOM,3712.0,N,GLN,234.0,6.431,20.631,59.035,-0.47,1.85,0.0
ATOM,3713.0,CA,GLN,234.0,5.695,19.373,59.056,0.07,2.275,0.0
ATOM,3714.0,C,GLN,234.0,6.364,18.411,60.029,0.51,2.0,0.0
ATOM,3715.0,O,GLN,234.0,5.696,17.794,60.85,-0.51,1.7,0.0
ATOM,3716.0,CB,GLN,234.0,5.671,18.758,57.651,-0.18,2.175,0.0
ATOM,3717.0,CG,GLN,234.0,4.684,17.61,57.468,-0.18,2.175,0.0
ATOM,3718.0,CD,GLN,234.0,3.281,17.969,57.913,0.55,2.0,0.0
ATOM,3719.0,H,GLN,234.0,6.749,21.091,58.152,0.31,0.2245,0.0
ATOM,3720.0,HA,GLN,234.0,4.771,19.558,59.394,0.09,1.32,0.0
ATOM,3721.0,HB2,GLN,234.0,5.436,19.478,56.99,0.09,1.32,0.0
ATOM,3722.0,HB3,GLN,234.0,6.591,18.413,57.436,0.09,1.32,0.0
ATOM,3723.0,HG2,GLN,234.0,4.659,17.363,56.5,0.09,1.32,0.0
ATOM,3724.0,HG3,GLN,234.0,5.001,16.829,58.005,0.09,1.32,0.0
ATOM,3725.0,OE1,GLN,234.0,2.745,19.011,57.536,-0.55,1.7,0.0
ATOM,3726.0,NE2,GLN,234.0,2.677,17.104,58.722,-0.62,1.85,0.0
ATOM,3727.0,HE21,GLN,234.0,1.74,17.284,59.073,0.32,0.2245,0.0
ATOM,3728.0,HE22,GLN,234.0,3.17,16.252,58.986,0.3,0.2245,0.0
ATOM,3729.0,N,LEU,235.0,7.688,18.3,59.936,-0.47,1.85,0.0
ATOM,3730.0,CA,LEU,235.0,8.461,17.417,60.807,0.07,2.275,0.0
ATOM,3731.0,C,LEU,235.0,8.379,17.804,62.284,0.51,2.0,0.0
ATOM,3732.0,O,LEU,235.0,8.263,16.941,63.15,-0.51,1.7,0.0
ATOM,3733.0,CB,LEU,235.0,9.931,17.382,60.373,-0.18,2.175,0.0
ATOM,3734.0,CG,LEU,235.0,10.77,16.224,60.929,-0.09,2.275,0.0
ATOM,3735.0,CD1,LEU,235.0,10.089,14.902,60.611,-0.27,2.06,0.0
ATOM,3736.0,CD2,LEU,235.0,12.175,16.252,60.336,-0.27,2.06,0.0
ATOM,3737.0,H,LEU,235.0,8.121,18.892,59.195,0.31,0.2245,0.0
ATOM,3738.0,HA,LEU,235.0,8.101,16.473,60.707,0.09,1.32,0.0
ATOM,3739.0,HB2,LEU,235.0,9.955,17.314,59.38,0.09,1.32,0.0
ATOM,3740.0,HB3,LEU,235.0,10.358,18.228,60.673,0.09,1.32,0.0
ATOM,3741.0,HG,LEU,235.0,10.851,16.329,61.915,0.09,1.32,0.0
ATOM,3742.0,HD11,LEU,235.0,10.0,14.801,59.62,0.09,1.32,0.0
ATOM,3743.0,HD12,LEU,235.0,10.637,14.147,60.974,0.09,1.32,0.0
ATOM,3744.0,HD13,LEU,235.0,9.18,14.884,61.029,0.09,1.32,0.0
ATOM,3745.0,HD21,LEU,235.0,12.618,17.117,60.571,0.09,1.32,0.0
ATOM,3746.0,HD22,LEU,235.0,12.708,15.492,60.708,0.09,1.32,0.0
ATOM,3747.0,HD23,LEU,235.0,12.118,16.165,59.341,0.09,1.32,0.0
ATOM,3748.0,N,ASN,236.0,8.435,19.093,62.588,-0.47,1.85,0.0
ATOM,3749.0,CA,ASN,236.0,8.362,19.488,63.985,0.07,2.275,0.62
ATOM,3750.0,C,ASN,236.0,6.965,19.235,64.534,0.51,2.0,0.24
ATOM,3751.0,O,ASN,236.0,6.781,19.058,65.738,-0.51,1.7,8.02
ATOM,3752.0,CB,ASN,236.0,8.757,20.956,64.148,-0.18,2.175,12.7
ATOM,3753.0,CG,ASN,236.0,10.251,21.169,63.985,0.55,2.0,2.3
ATOM,3754.0,H,ASN,236.0,8.528,19.739,61.804,0.31,0.2245,0.0
ATOM,3755.0,HA,ASN,236.0,8.991,18.895,64.497,0.09,1.32,0.0
ATOM,3756.0,HB2,ASN,236.0,8.283,21.489,63.455,0.09,1.32,0.0
ATOM,3757.0,HB3,ASN,236.0,8.491,21.254,65.058,0.09,1.32,8.78
ATOM,3758.0,OD1,ASN,236.0,11.047,20.799,64.857,-0.55,1.7,17.33
ATOM,3759.0,ND2,ASN,236.0,10.641,21.758,62.857,-0.62,1.85,13.24
ATOM,3760.0,HD22,ASN,236.0,9.961,22.038,62.179,0.3,0.2245,0.71
ATOM,3761.0,HD21,ASN,236.0,11.612,21.921,62.688,0.32,0.2245,5.69
ATOM,3762.0,N,HIS,237.0,5.983,19.198,63.642,-0.47,1.85,0.07
ATOM,3763.0,CA,HIS,237.0,4.61,18.946,64.052,0.07,2.275,0.87
ATOM,3764.0,C,HIS,237.0,4.51,17.509,64.519,0.51,2.0,0.0
ATOM,3765.0,O,HIS,237.0,3.929,17.23,65.562,-0.51,1.7,1.02
ATOM,3766.0,CB,HIS,237.0,3.653,19.168,62.884,-0.09,2.175,0.0
ATOM,3767.0,CG,HIS,237.0,2.929,20.478,62.935,-0.05,1.8,0.0
ATOM,3768.0,H,HIS,237.0,6.272,19.359,62.662,0.31,0.2245,0.0
ATOM,3769.0,HA,HIS,237.0,4.392,19.546,64.819,0.09,1.32,6.39
ATOM,3770.0,HB2,HIS,237.0,4.171,19.128,62.022,0.09,1.32,0.0
ATOM,3771.0,HB3,HIS,237.0,2.968,18.43,62.876,0.09,1.32,0.0
ATOM,3772.0,ND1,HIS,237.0,3.423,21.629,62.356,-0.36,1.85,1.69
ATOM,3773.0,CD2,HIS,237.0,1.736,20.814,63.479,0.22,1.8,10.05
ATOM,3774.0,CE1,HIS,237.0,2.564,22.617,62.539,0.25,1.8,10.92
ATOM,3775.0,NE2,HIS,237.0,1.533,22.149,63.217,-0.7,1.85,16.05
ATOM,3776.0,HD1,HIS,237.0,4.296,21.701,61.873,0.32,0.2245,0.0
ATOM,3777.0,HD2,HIS,237.0,1.12,20.211,63.977,0.1,1.468,3.09
ATOM,3778.0,HE1,HIS,237.0,2.676,23.554,62.221,0.13,0.9,1.97
ATOM,3779.0,N,ILE,238.0,5.092,16.605,63.74,-0.47,1.85,0.0
ATOM,3780.0,CA,ILE,238.0,5.074,15.182,64.055,0.07,2.275,0.0
ATOM,3781.0,C,ILE,238.0,5.831,14.868,65.338,0.51,2.0,0.0
ATOM,3782.0,O,ILE,238.0,5.347,14.134,66.195,-0.51,1.7,0.0
ATOM,3783.0,CB,ILE,238.0,5.686,14.359,62.907,-0.09,2.275,0.0
ATOM,3784.0,CG1,ILE,238.0,4.757,14.417,61.683,-0.18,2.175,0.0
ATOM,3785.0,CG2,ILE,238.0,5.926,12.935,63.372,-0.27,2.06,0.0
ATOM,3786.0,CD1,ILE,238.0,5.446,14.282,60.358,-0.27,2.06,0.0
ATOM,3787.0,H,ILE,238.0,5.557,16.997,62.894,0.31,0.2245,0.0
ATOM,3788.0,HA,ILE,238.0,4.108,14.942,64.224,0.09,1.32,0.0
ATOM,3789.0,HB,ILE,238.0,6.548,14.775,62.655,0.09,1.32,0.0
ATOM,3790.0,HG12,ILE,238.0,4.074,13.686,61.779,0.09,1.32,0.0
ATOM,3791.0,HG13,ILE,238.0,4.269,15.296,61.712,0.09,1.32,0.0
ATOM,3792.0,HG21,ILE,238.0,6.349,12.408,62.636,0.09,1.32,0.0
ATOM,3793.0,HG22,ILE,238.0,6.532,12.939,64.166,0.09,1.32,0.0
ATOM,3794.0,HG23,ILE,238.0,5.056,12.512,63.623,0.09,1.32,0.0
ATOM,3795.0,HD11,ILE,238.0,5.922,13.402,60.312,0.09,1.32,0.0
ATOM,3796.0,HD12,ILE,238.0,4.771,14.33,59.62,0.09,1.32,0.0
ATOM,3797.0,HD13,ILE,238.0,6.111,15.022,60.246,0.09,1.32,0.0
ATOM,3798.0,N,LEU,239.0,7.019,15.442,65.468,-0.47,1.85,0.0
ATOM,3799.0,CA,LEU,239.0,7.862,15.217,66.636,0.07,2.275,0.0
ATOM,3800.0,C,LEU,239.0,7.254,15.837,67.885,0.51,2.0,0.0
ATOM,3801.0,O,LEU,239.0,7.521,15.413,69.006,-0.51,1.7,0.0
ATOM,3802.0,CB,LEU,239.0,9.263,15.793,66.379,-0.18,2.175,5.34
ATOM,3803.0,CG,LEU,239.0,10.035,15.174,65.198,-0.09,2.275,0.0
ATOM,3804.0,CD1,LEU,239.0,11.457,15.714,65.133,-0.27,2.06,1.42
ATOM,3805.0,CD2,LEU,239.0,10.056,13.661,65.35,-0.27,2.06,0.0
ATOM,3806.0,H,LEU,239.0,7.295,16.059,64.675,0.31,0.2245,0.0
ATOM,3807.0,HA,LEU,239.0,7.948,14.223,66.783,0.09,1.32,0.0
ATOM,3808.0,HB2,LEU,239.0,9.164,16.763,66.189,0.09,1.32,0.66
ATOM,3809.0,HB3,LEU,239.0,9.808,15.648,67.195,0.09,1.32,0.92
ATOM,3810.0,HG,LEU,239.0,9.554,15.396,64.35,0.09,1.32,0.0
ATOM,3811.0,HD11,LEU,239.0,11.938,15.492,65.982,0.09,1.32,2.88
ATOM,3812.0,HD12,LEU,239.0,11.937,15.298,64.36,0.09,1.32,0.0
ATOM,3813.0,HD13,LEU,239.0,11.432,16.707,65.014,0.09,1.32,0.0
ATOM,3814.0,HD21,LEU,239.0,9.118,13.312,65.356,0.09,1.32,0.0
ATOM,3815.0,HD22,LEU,239.0,10.557,13.254,64.585,0.09,1.32,0.0
ATOM,3816.0,HD23,LEU,239.0,10.507,13.417,66.209,0.09,1.32,0.0
ATOM,3817.0,N,GLY,240.0,6.428,16.85,67.683,-0.47,1.85,0.2
ATOM,3818.0,CA,GLY,240.0,5.794,17.499,68.808,-0.02,2.175,10.69
ATOM,3819.0,C,GLY,240.0,4.852,16.558,69.522,0.51,2.0,0.24
ATOM,3820.0,O,GLY,240.0,4.67,16.665,70.732,-0.51,1.7,4.08
ATOM,3821.0,H,GLY,240.0,6.286,17.119,66.699,0.31,0.2245,0.0
ATOM,3822.0,HA2,GLY,240.0,6.5,17.821,69.455,0.09,1.32,0.0
ATOM,3823.0,HA3,GLY,240.0,5.28,18.308,68.487,0.09,1.32,7.71
ATOM,3824.0,N,ILE,241.0,4.252,15.63,68.783,-0.47,1.85,0.0
ATOM,3825.0,CA,ILE,241.0,3.325,14.695,69.392,0.07,2.275,0.0
ATOM,3826.0,C,ILE,241.0,3.932,13.331,69.659,0.51,2.0,0.0
ATOM,3827.0,O,ILE,241.0,3.697,12.737,70.704,-0.51,1.7,0.0
ATOM,3828.0,CB,ILE,241.0,2.052,14.55,68.539,-0.09,2.275,0.0
ATOM,3829.0,CG1,ILE,241.0,1.184,15.808,68.719,-0.18,2.175,3.72
ATOM,3830.0,CG2,ILE,241.0,1.288,13.293,68.95,-0.27,2.06,0.28
ATOM,3831.0,CD1,ILE,241.0,0.685,16.411,67.433,-0.27,2.06,8.26
ATOM,3832.0,H,ILE,241.0,4.496,15.637,67.782,0.31,0.2245,0.0
ATOM,3833.0,HA,ILE,241.0,3.08,15.085,70.297,0.09,1.32,0.0
ATOM,3834.0,HB,ILE,241.0,2.321,14.5,67.59,0.09,1.32,0.0
ATOM,3835.0,HG12,ILE,241.0,0.402,15.565,69.295,0.09,1.32,0.0
ATOM,3836.0,HG13,ILE,241.0,1.732,16.49,69.208,0.09,1.32,3.07
ATOM,3837.0,HG21,ILE,241.0,0.471,13.202,68.384,0.09,1.32,0.0
ATOM,3838.0,HG22,ILE,241.0,1.872,12.494,68.824,0.09,1.32,0.06
ATOM,3839.0,HG23,ILE,241.0,1.024,13.365,69.909,0.09,1.32,0.0
ATOM,3840.0,HD11,ILE,241.0,0.127,15.741,66.943,0.09,1.32,0.0
ATOM,3841.0,HD12,ILE,241.0,0.132,17.22,67.635,0.09,1.32,9.51
ATOM,3842.0,HD13,ILE,241.0,1.463,16.675,66.863,0.09,1.32,0.0
ATOM,3843.0,N,LEU,242.0,4.724,12.83,68.723,-0.47,1.85,0.0
ATOM,3844.0,CA,LEU,242.0,5.353,11.52,68.914,0.07,2.275,0.0
ATOM,3845.0,C,LEU,242.0,6.554,11.657,69.852,0.51,2.0,0.0
ATOM,3846.0,O,LEU,242.0,6.916,10.723,70.569,-0.51,1.7,1.95
ATOM,3847.0,CB,LEU,242.0,5.812,10.948,67.57,-0.18,2.175,0.17
ATOM,3848.0,CG,LEU,242.0,4.85,10.069,66.768,-0.09,2.275,0.05
ATOM,3849.0,CD1,LEU,242.0,3.506,10.751,66.526,-0.27,2.06,0.0
ATOM,3850.0,CD2,LEU,242.0,5.511,9.766,65.449,-0.27,2.06,0.1
ATOM,3851.0,H,LEU,242.0,4.855,13.412,67.887,0.31,0.2245,0.0
ATOM,3852.0,HA,LEU,242.0,4.688,10.905,69.339,0.09,1.32,0.2
ATOM,3853.0,HB2,LEU,242.0,6.064,11.726,66.979,0.09,1.32,0.0
ATOM,3854.0,HB3,LEU,242.0,6.642,10.401,67.739,0.09,1.32,1.87
ATOM,3855.0,HG,LEU,242.0,4.698,9.21,67.27,0.09,1.32,0.99
ATOM,3856.0,HD11,LEU,242.0,3.651,11.598,66.015,0.09,1.32,0.0
ATOM,3857.0,HD12,LEU,242.0,2.914,10.141,66.001,0.09,1.32,0.0
ATOM,3858.0,HD13,LEU,242.0,3.076,10.959,67.404,0.09,1.32,0.0
ATOM,3859.0,HD21,LEU,242.0,6.377,9.283,65.603,0.09,1.32,0.11
ATOM,3860.0,HD22,LEU,242.0,4.91,9.189,64.89,0.09,1.32,0.0
ATOM,3861.0,HD23,LEU,242.0,5.696,10.619,64.955,0.09,1.32,0.0
ATOM,3862.0,N,GLY,243.0,7.167,12.833,69.85,-0.47,1.85,0.0
ATOM,3863.0,CA,GLY,243.0,8.312,13.04,70.7,-0.02,2.175,0.35
ATOM,3864.0,C,GLY,243.0,9.559,12.62,69.957,0.51,2.0,0.0
ATOM,3865.0,O,GLY,243.0,9.492,12.056,68.868,-0.51,1.7,2.56
ATOM,3866.0,H,GLY,243.0,6.768,13.54,69.22,0.31,0.2245,0.0
ATOM,3867.0,HA2,GLY,243.0,8.382,14.008,70.949,0.09,1.32,0.0
ATOM,3868.0,HA3,GLY,243.0,8.221,12.493,71.535,0.09,1.32,1.17
ATOM,3869.0,N,SER,244.0,10.704,12.887,70.564,-0.47,1.85,0.94
ATOM,3870.0,CA,SER,244.0,11.977,12.572,69.958,0.07,2.275,0.14
ATOM,3871.0,C,SER,244.0,12.148,11.108,69.59,0.51,2.0,0.0
ATOM,3872.0,O,SER,244.0,11.752,10.219,70.343,-0.51,1.7,20.22
ATOM,3873.0,CB,SER,244.0,13.108,12.96,70.908,0.05,2.175,7.16
ATOM,3874.0,OG,SER,244.0,13.108,14.347,71.157,-0.66,1.77,3.29
ATOM,3875.0,H,SER,244.0,10.606,13.336,71.5,0.31,0.2245,0.0
ATOM,3876.0,HA,SER,244.0,12.063,13.118,69.098,0.09,1.32,0.35
ATOM,3877.0,HB2,SER,244.0,12.985,12.473,71.769,0.09,1.32,2.14
ATOM,3878.0,HB3,SER,244.0,13.977,12.702,70.492,0.09,1.32,5.45
ATOM,3879.0,HG,SER,244.0,14.049,14.672,71.258,0.43,0.2245,6.4
ATOM,3880.0,N,PRO,245.0,12.692,10.84,68.391,-0.29,1.85,0.0
ATOM,3881.0,CA,PRO,245.0,12.925,9.461,67.955,0.02,2.275,0.31
ATOM,3882.0,C,PRO,245.0,13.947,8.751,68.862,0.51,2.0,0.0
ATOM,3883.0,O,PRO,245.0,14.903,9.367,69.37,-0.51,1.7,9.99
ATOM,3884.0,CB,PRO,245.0,13.462,9.611,66.533,-0.18,2.175,0.0
ATOM,3885.0,CG,PRO,245.0,13.897,11.024,66.424,-0.18,2.175,0.32
ATOM,3886.0,CD,PRO,245.0,13.015,11.808,67.332,0.0,2.175,0.87
ATOM,3887.0,HA,PRO,245.0,12.063,8.942,67.925,0.09,1.32,4.25
ATOM,3888.0,HB2,PRO,245.0,14.233,8.98,66.379,0.09,1.32,0.0
ATOM,3889.0,HB3,PRO,245.0,12.743,9.398,65.86,0.09,1.32,0.0
ATOM,3890.0,HG2,PRO,245.0,14.869,11.118,66.692,0.09,1.32,0.36
ATOM,3891.0,HG3,PRO,245.0,13.813,11.347,65.468,0.09,1.32,0.0
ATOM,3892.0,HD2,PRO,245.0,13.487,12.601,67.717,0.09,1.32,3.75
ATOM,3893.0,HD3,PRO,245.0,12.18,12.112,66.87,0.09,1.32,0.0
ATOM,3894.0,N,SER,246.0,13.741,7.453,69.045,-0.47,1.85,0.87
ATOM,3895.0,CA,SER,246.0,14.612,6.628,69.867,0.07,2.275,2.22
ATOM,3896.0,C,SER,246.0,15.985,6.468,69.225,0.51,2.0,0.0
ATOM,3897.0,O,SER,246.0,16.22,6.904,68.099,-0.51,1.7,0.0
ATOM,3898.0,CB,SER,246.0,13.982,5.25,70.061,0.05,2.175,21.81
ATOM,3899.0,OG,SER,246.0,14.197,4.432,68.927,-0.66,1.77,0.26
ATOM,3900.0,H,SER,246.0,12.9,7.076,68.548,0.31,0.2245,2.08
ATOM,3901.0,HA,SER,246.0,14.739,7.09,70.754,0.09,1.32,9.77
ATOM,3902.0,HB2,SER,246.0,14.394,4.817,70.857,0.09,1.32,7.35
ATOM,3903.0,HB3,SER,246.0,13.002,5.362,70.2,0.09,1.32,9.29
ATOM,3904.0,HG,SER,246.0,13.431,4.532,68.292,0.43,0.2245,0.29
ATOM,3905.0,N,GLN,247.0,16.898,5.838,69.952,-0.47,1.85,3.34
ATOM,3906.0,CA,GLN,247.0,18.235,5.623,69.428,0.07,2.275,2.07
ATOM,3907.0,C,GLN,247.0,18.061,4.664,68.269,0.51,2.0,0.0
ATOM,3908.0,O,GLN,247.0,18.562,4.885,67.174,-0.51,1.7,0.0
ATOM,3909.0,CB,GLN,247.0,19.128,4.999,70.494,-0.18,2.175,10.96
ATOM,3910.0,CG,GLN,247.0,20.525,4.729,70.005,-0.18,2.175,6.48
ATOM,3911.0,CD,GLN,247.0,21.363,5.976,69.987,0.55,2.0,0.57
ATOM,3912.0,H,GLN,247.0,16.585,5.528,70.884,0.31,0.2245,7.81
ATOM,3913.0,HA,GLN,247.0,18.57,6.48,69.07,0.09,1.32,0.0
ATOM,3914.0,HB2,GLN,247.0,19.179,5.623,71.273,0.09,1.32,8.23
ATOM,3915.0,HB3,GLN,247.0,18.721,4.133,70.786,0.09,1.32,6.72
ATOM,3916.0,HG2,GLN,247.0,20.957,4.061,70.61,0.09,1.32,9.22
ATOM,3917.0,HG3,GLN,247.0,20.478,4.359,69.077,0.09,1.32,0.0
ATOM,3918.0,OE1,GLN,247.0,21.336,6.751,69.026,-0.55,1.7,11.97
ATOM,3919.0,NE2,GLN,247.0,22.115,6.189,71.059,-0.62,1.85,26.37
ATOM,3920.0,HE21,GLN,247.0,22.725,7.009,71.119,0.32,0.2245,21.98
ATOM,3921.0,HE22,GLN,247.0,22.079,5.524,71.829,0.3,0.2245,16.53
ATOM,3922.0,N,GLU,248.0,17.323,3.599,68.539,-0.47,1.85,0.54
ATOM,3923.0,CA,GLU,248.0,17.02,2.585,67.555,0.07,2.275,1.81
ATOM,3924.0,C,GLU,248.0,16.559,3.242,66.251,0.51,2.0,0.0
ATOM,3925.0,O,GLU,248.0,17.236,3.152,65.239,-0.51,1.7,2.55
ATOM,3926.0,CB,GLU,248.0,15.924,1.68,68.109,-0.18,2.175,1.66
ATOM,3927.0,CG,GLU,248.0,15.81,0.312,67.467,-0.28,2.175,15.08
ATOM,3928.0,CD,GLU,248.0,14.848,-0.575,68.225,0.62,2.0,3.31
ATOM,3929.0,OE1,GLU,248.0,14.37,-0.146,69.298,-0.76,1.7,28.8
ATOM,3930.0,OE2,GLU,248.0,14.567,-1.695,67.754,-0.76,1.7,35.75
ATOM,3931.0,H,GLU,248.0,16.978,3.557,69.53,0.31,0.2245,2.09
ATOM,3932.0,HA,GLU,248.0,17.833,2.025,67.371,0.09,1.32,1.86
ATOM,3933.0,HB2,GLU,248.0,16.108,1.543,69.075,0.09,1.32,5.59
ATOM,3934.0,HB3,GLU,248.0,15.057,2.145,67.98,0.09,1.32,0.0
ATOM,3935.0,HG2,GLU,248.0,15.461,0.424,66.56,0.09,1.32,2.05
ATOM,3936.0,HG3,GLU,248.0,16.69,-0.116,67.489,0.09,1.32,9.55
ATOM,3937.0,N,ASP,249.0,15.415,3.915,66.277,-0.47,1.85,0.0
ATOM,3938.0,CA,ASP,249.0,14.893,4.566,65.073,0.07,2.275,0.0
ATOM,3939.0,C,ASP,249.0,15.854,5.551,64.41,0.51,2.0,0.0
ATOM,3940.0,O,ASP,249.0,15.719,5.85,63.226,-0.51,1.7,1.29
ATOM,3941.0,CB,ASP,249.0,13.577,5.266,65.395,-0.28,2.175,0.0
ATOM,3942.0,CG,ASP,249.0,12.574,4.328,66.013,0.62,2.0,0.0
ATOM,3943.0,OD1,ASP,249.0,12.8,3.099,65.96,-0.76,1.7,0.0
ATOM,3944.0,OD2,ASP,249.0,11.565,4.815,66.552,-0.76,1.7,14.46
ATOM,3945.0,H,ASP,249.0,14.937,3.94,67.193,0.31,0.2245,0.0
ATOM,3946.0,HA,ASP,249.0,14.71,3.828,64.393,0.09,1.32,0.0
ATOM,3947.0,HB2,ASP,249.0,13.769,6.001,66.034,0.09,1.32,0.0
ATOM,3948.0,HB3,ASP,249.0,13.205,5.625,64.549,0.09,1.32,0.0
ATOM,3949.0,N,LEU,250.0,16.817,6.059,65.171,-0.47,1.85,0.0
ATOM,3950.0,CA,LEU,250.0,17.792,6.992,64.625,0.07,2.275,0.0
ATOM,3951.0,C,LEU,250.0,18.908,6.184,63.983,0.51,2.0,0.0
ATOM,3952.0,O,LEU,250.0,19.409,6.537,62.914,-0.51,1.7,0.0
ATOM,3953.0,CB,LEU,250.0,18.372,7.862,65.728,-0.18,2.175,0.2
ATOM,3954.0,CG,LEU,250.0,17.537,9.075,66.097,-0.09,2.275,0.0
ATOM,3955.0,CD1,LEU,250.0,18.129,9.71,67.327,-0.27,2.06,6.7
ATOM,3956.0,CD2,LEU,250.0,17.51,10.052,64.94,-0.27,2.06,0.0
ATOM,3957.0,H,LEU,250.0,16.812,5.742,66.156,0.31,0.2245,0.0
ATOM,3958.0,HA,LEU,250.0,17.352,7.542,63.921,0.09,1.32,0.0
ATOM,3959.0,HB2,LEU,250.0,18.464,7.302,66.544,0.09,1.32,0.0
ATOM,3960.0,HB3,LEU,250.0,19.26,8.189,65.427,0.09,1.32,0.06
ATOM,3961.0,HG,LEU,250.0,16.604,8.784,66.284,0.09,1.32,0.0
ATOM,3962.0,HD11,LEU,250.0,19.074,9.994,67.145,0.09,1.32,0.0
ATOM,3963.0,HD12,LEU,250.0,17.592,10.515,67.589,0.09,1.32,3.99
ATOM,3964.0,HD13,LEU,250.0,18.126,9.054,68.086,0.09,1.32,0.49
ATOM,3965.0,HD21,LEU,250.0,17.111,9.611,64.134,0.09,1.32,0.0
ATOM,3966.0,HD22,LEU,250.0,16.959,10.852,65.185,0.09,1.32,0.0
ATOM,3967.0,HD23,LEU,250.0,18.443,10.348,64.725,0.09,1.32,0.0
ATOM,3968.0,N,ASN,251.0,19.291,5.1,64.655,-0.47,1.85,0.0
ATOM,3969.0,CA,ASN,251.0,20.342,4.209,64.166,0.07,2.275,0.02
ATOM,3970.0,C,ASN,251.0,19.951,3.651,62.794,0.51,2.0,0.23
ATOM,3971.0,O,ASN,251.0,20.795,3.141,62.063,-0.51,1.7,11.27
ATOM,3972.0,CB,ASN,251.0,20.569,3.041,65.147,-0.18,2.175,15.01
ATOM,3973.0,CG,ASN,251.0,21.143,3.491,66.493,0.55,2.0,2.17
ATOM,3974.0,H,ASN,251.0,18.782,4.943,65.55,0.31,0.2245,0.0
ATOM,3975.0,HA,ASN,251.0,21.164,4.764,64.031,0.09,1.32,0.0
ATOM,3976.0,HB2,ASN,251.0,19.694,2.596,65.311,0.09,1.32,0.73
ATOM,3977.0,HB3,ASN,251.0,21.208,2.402,64.73,0.09,1.32,8.91
ATOM,3978.0,OD1,ASN,251.0,21.021,2.781,67.499,-0.55,1.7,20.75
ATOM,3979.0,ND2,ASN,251.0,21.769,4.665,66.516,-0.62,1.85,14.4
ATOM,3980.0,HD22,ASN,251.0,21.835,5.203,65.672,0.3,0.2245,0.35
ATOM,3981.0,HD21,ASN,251.0,22.167,5.007,67.362,0.32,0.2245,5.7
ATOM,3982.0,N,CYS,252.0,18.665,3.747,62.458,-0.47,1.85,0.27
ATOM,3983.0,CA,CYS,252.0,18.153,3.265,61.171,0.07,2.275,4.0
ATOM,3984.0,C,CYS,252.0,18.427,4.316,60.098,0.51,2.0,0.0
ATOM,3985.0,O,CYS,252.0,18.832,3.993,58.979,-0.51,1.7,12.4
ATOM,3986.0,CB,CYS,252.0,16.647,3.004,61.25,-0.11,2.175,3.64
ATOM,3987.0,SG,CYS,252.0,15.764,3.307,59.691,-0.23,2.0,12.87
ATOM,3988.0,H,CYS,252.0,18.06,4.189,63.18,0.31,0.2245,0.0
ATOM,3989.0,HA,CYS,252.0,18.649,2.434,60.928,0.09,1.32,8.06
ATOM,3990.0,HB2,CYS,252.0,16.508,2.052,61.505,0.09,1.32,8.5
ATOM,3991.0,HB3,CYS,252.0,16.263,3.605,61.945,0.09,1.32,0.0
ATOM,3992.0,HG,CYS,252.0,15.069,2.602,59.565,0.16,0.45,0.0
ATOM,3993.0,N,ILE,253.0,18.191,5.577,60.45,-0.47,1.85,0.0
ATOM,3994.0,CA,ILE,253.0,18.437,6.683,59.54,0.07,2.275,0.0
ATOM,3995.0,C,ILE,253.0,19.944,6.734,59.367,0.51,2.0,0.0
ATOM,3996.0,O,ILE,253.0,20.662,7.061,60.308,-0.51,1.7,0.0
ATOM,3997.0,CB,ILE,253.0,17.976,8.011,60.147,-0.09,2.275,0.0
ATOM,3998.0,CG1,ILE,253.0,16.525,7.896,60.594,-0.18,2.175,3.17
ATOM,3999.0,CG2,ILE,253.0,18.151,9.136,59.14,-0.27,2.06,0.0
ATOM,4000.0,CD1,ILE,253.0,16.053,9.092,61.367,-0.27,2.06,0.11
ATOM,4001.0,H,ILE,253.0,17.822,5.697,61.415,0.31,0.2245,0.0
ATOM,4002.0,HA,ILE,253.0,18.06,6.418,58.667,0.09,1.32,0.07
ATOM,4003.0,HB,ILE,253.0,18.533,8.194,60.948,0.09,1.32,0.0
ATOM,4004.0,HG12,ILE,253.0,15.953,7.78,59.785,0.09,1.32,3.52
ATOM,4005.0,HG13,ILE,253.0,16.438,7.084,61.168,0.09,1.32,0.0
ATOM,4006.0,HG21,ILE,253.0,17.876,10.002,59.555,0.09,1.32,0.0
ATOM,4007.0,HG22,ILE,253.0,19.109,9.191,58.863,0.09,1.32,0.0
ATOM,4008.0,HG23,ILE,253.0,17.584,8.958,58.337,0.09,1.32,0.0
ATOM,4009.0,HD11,ILE,253.0,16.13,9.913,60.799,0.09,1.32,0.0
ATOM,4010.0,HD12,ILE,253.0,15.097,8.965,61.635,0.09,1.32,0.0
ATOM,4011.0,HD13,ILE,253.0,16.614,9.206,62.189,0.09,1.32,0.0
ATOM,4012.0,N,ILE,254.0,20.433,6.402,58.177,-0.47,1.85,0.0
ATOM,4013.0,CA,ILE,254.0,21.872,6.415,57.943,0.07,2.275,0.0
ATOM,4014.0,C,ILE,254.0,22.288,7.733,57.319,0.51,2.0,0.0
ATOM,4015.0,O,ILE,254.0,23.386,8.221,57.576,-0.51,1.7,2.05
ATOM,4016.0,CB,ILE,254.0,22.312,5.226,57.036,-0.09,2.275,1.91
ATOM,4017.0,CG1,ILE,254.0,23.239,4.291,57.821,-0.18,2.175,13.74
ATOM,4018.0,CG2,ILE,254.0,23.025,5.735,55.784,-0.27,2.06,26.54
ATOM,4019.0,CD1,ILE,254.0,22.73,3.946,59.2,-0.27,2.06,16.11
ATOM,4020.0,H,ILE,254.0,19.735,6.146,57.466,0.31,0.2245,2.4
ATOM,4021.0,HA,ILE,254.0,22.304,6.373,58.847,0.09,1.32,0.0
ATOM,4022.0,HB,ILE,254.0,21.498,4.722,56.789,0.09,1.32,5.81
ATOM,4023.0,HG12,ILE,254.0,23.355,3.45,57.295,0.09,1.32,10.87
ATOM,4024.0,HG13,ILE,254.0,24.129,4.738,57.908,0.09,1.32,8.65
ATOM,4025.0,HG21,ILE,254.0,23.276,4.96,55.208,0.09,1.32,10.65
ATOM,4026.0,HG22,ILE,254.0,22.415,6.342,55.28,0.09,1.32,0.0
ATOM,4027.0,HG23,ILE,254.0,23.847,6.233,56.051,0.09,1.32,4.91
ATOM,4028.0,HD11,ILE,254.0,21.844,3.49,59.123,0.09,1.32,2.07
ATOM,4029.0,HD12,ILE,254.0,23.381,3.337,59.652,0.09,1.32,11.61
ATOM,4030.0,HD13,ILE,254.0,22.629,4.783,59.737,0.09,1.32,0.0
ATOM,4031.0,N,ASN,255.0,21.414,8.299,56.49,-0.47,1.85,0.0
ATOM,4032.0,CA,ASN,255.0,21.699,9.574,55.853,0.07,2.275,0.0
ATOM,4033.0,C,ASN,255.0,22.188,10.44,57.001,0.51,2.0,0.0
ATOM,4034.0,O,ASN,255.0,21.41,10.865,57.859,-0.51,1.7,0.0
ATOM,4035.0,CB,ASN,255.0,20.426,10.145,55.221,-0.18,2.175,0.0
ATOM,4036.0,CG,ASN,255.0,20.567,11.596,54.824,0.55,2.0,0.0
ATOM,4037.0,H,ASN,255.0,20.539,7.764,56.345,0.31,0.2245,0.0
ATOM,4038.0,HA,ASN,255.0,22.46,9.439,55.248,0.09,1.32,3.17
ATOM,4039.0,HB2,ASN,255.0,20.214,9.609,54.407,0.09,1.32,0.0
ATOM,4040.0,HB3,ASN,255.0,19.685,10.064,55.884,0.09,1.32,0.0
ATOM,4041.0,OD1,ASN,255.0,19.812,12.44,55.289,-0.55,1.7,0.0
ATOM,4042.0,ND2,ASN,255.0,21.536,11.896,53.964,-0.62,1.85,6.27
ATOM,4043.0,HD22,ASN,255.0,22.124,11.163,53.611,0.3,0.2245,10.42
ATOM,4044.0,HD21,ASN,255.0,21.677,12.837,53.672,0.32,0.2245,3.19
ATOM,4045.0,N,LEU,256.0,23.499,10.654,57.023,-0.47,1.85,0.0
ATOM,4046.0,CA,LEU,256.0,24.152,11.427,58.065,0.07,2.275,0.0
ATOM,4047.0,C,LEU,256.0,23.504,12.757,58.379,0.51,2.0,0.01
ATOM,4048.0,O,LEU,256.0,23.322,13.091,59.546,-0.51,1.7,0.1
ATOM,4049.0,CB,LEU,256.0,25.611,11.665,57.7,-0.18,2.175,7.44
ATOM,4050.0,CG,LEU,256.0,26.569,10.989,58.671,-0.09,2.275,1.89
ATOM,4051.0,CD1,LEU,256.0,27.543,10.143,57.862,-0.27,2.06,36.78
ATOM,4052.0,CD2,LEU,256.0,27.276,12.036,59.539,-0.27,2.06,27.78
ATOM,4053.0,H,LEU,256.0,24.018,10.217,56.225,0.31,0.2245,5.72
ATOM,4054.0,HA,LEU,256.0,24.161,10.864,58.922,0.09,1.32,0.0
ATOM,4055.0,HB2,LEU,256.0,25.771,11.284,56.809,0.09,1.32,3.89
ATOM,4056.0,HB3,LEU,256.0,25.782,12.63,57.733,0.09,1.32,2.28
ATOM,4057.0,HG,LEU,256.0,26.056,10.405,59.285,0.09,1.32,3.54
ATOM,4058.0,HD11,LEU,256.0,28.05,10.73,57.23,0.09,1.32,10.13
ATOM,4059.0,HD12,LEU,256.0,28.184,9.688,58.481,0.09,1.32,10.73
ATOM,4060.0,HD13,LEU,256.0,27.036,9.455,57.343,0.09,1.32,6.13
ATOM,4061.0,HD21,LEU,256.0,26.593,12.55,60.057,0.09,1.32,0.05
ATOM,4062.0,HD22,LEU,256.0,27.899,11.575,60.169,0.09,1.32,10.72
ATOM,4063.0,HD23,LEU,256.0,27.791,12.658,58.951,0.09,1.32,9.96
ATOM,4064.0,N,LYS,257.0,23.17,13.513,57.337,-0.47,1.85,0.0
ATOM,4065.0,CA,LYS,257.0,22.549,14.821,57.503,0.07,2.275,1.03
ATOM,4066.0,C,LYS,257.0,21.214,14.747,58.225,0.51,2.0,0.0
ATOM,4067.0,O,LYS,257.0,20.964,15.528,59.134,-0.51,1.7,2.41
ATOM,4068.0,CB,LYS,257.0,22.349,15.494,56.146,-0.18,2.175,0.65
ATOM,4069.0,CG,LYS,257.0,23.631,15.625,55.337,-0.18,2.175,4.02
ATOM,4070.0,CD,LYS,257.0,23.718,16.967,54.634,-0.18,2.175,9.05
ATOM,4071.0,CE,LYS,257.0,25.017,17.094,53.868,0.21,2.175,20.08
ATOM,4072.0,NZ,LYS,257.0,24.864,17.988,52.682,-0.3,1.85,13.87
ATOM,4073.0,H,LYS,257.0,23.387,13.096,56.41,0.31,0.2245,0.43
ATOM,4074.0,HA,LYS,257.0,23.175,15.413,58.039,0.09,1.32,4.78
ATOM,4075.0,HB2,LYS,257.0,21.701,14.951,55.62,0.09,1.32,0.0
ATOM,4076.0,HB3,LYS,257.0,21.981,16.407,56.301,0.09,1.32,1.49
ATOM,4077.0,HG2,LYS,257.0,24.415,15.529,55.953,0.09,1.32,5.2
ATOM,4078.0,HG3,LYS,257.0,23.66,14.896,54.651,0.09,1.32,4.14
ATOM,4079.0,HD2,LYS,257.0,22.961,17.045,53.995,0.09,1.32,4.33
ATOM,4080.0,HD3,LYS,257.0,23.676,17.691,55.314,0.09,1.32,10.42
ATOM,4081.0,HE2,LYS,257.0,25.72,17.473,54.473,0.05,1.32,11.85
ATOM,4082.0,HE3,LYS,257.0,25.306,16.187,53.556,0.05,1.32,8.96
ATOM,4083.0,HZ1,LYS,257.0,24.774,18.933,52.992,0.33,0.2245,18.98
ATOM,4084.0,HZ2,LYS,257.0,25.669,17.9,52.098,0.33,0.2245,20.22
ATOM,4085.0,HZ3,LYS,257.0,24.047,17.722,52.172,0.33,0.2245,16.85
ATOM,4086.0,N,ALA,258.0,20.358,13.811,57.825,-0.47,1.85,0.0
ATOM,4087.0,CA,ALA,258.0,19.055,13.672,58.458,0.07,2.275,0.0
ATOM,4088.0,C,ALA,258.0,19.222,13.362,59.933,0.51,2.0,0.0
ATOM,4089.0,O,ALA,258.0,18.592,13.997,60.785,-0.51,1.7,0.0
ATOM,4090.0,CB,ALA,258.0,18.263,12.576,57.789,-0.27,2.06,0.0
ATOM,4091.0,H,ALA,258.0,20.691,13.213,57.051,0.31,0.2245,0.0
ATOM,4092.0,HA,ALA,258.0,18.555,14.539,58.364,0.09,1.32,0.0
ATOM,4093.0,HB1,ALA,258.0,18.629,11.681,58.053,0.09,1.32,0.0
ATOM,4094.0,HB2,ALA,258.0,17.302,12.631,58.067,0.09,1.32,0.0
ATOM,4095.0,HB3,ALA,258.0,18.321,12.672,56.793,0.09,1.32,0.0
ATOM,4096.0,N,ARG,259.0,20.077,12.387,60.235,-0.47,1.85,0.0
ATOM,4097.0,CA,ARG,259.0,20.31,12.008,61.622,0.07,2.275,0.0
ATOM,4098.0,C,ARG,259.0,20.86,13.154,62.462,0.51,2.0,0.0
ATOM,4099.0,O,ARG,259.0,20.404,13.377,63.584,-0.51,1.7,0.0
ATOM,4100.0,CB,ARG,259.0,21.255,10.814,61.718,-0.18,2.175,0.0
ATOM,4101.0,CG,ARG,259.0,21.077,10.054,63.023,-0.18,2.175,0.0
ATOM,4102.0,CD,ARG,259.0,22.316,9.294,63.434,0.2,2.175,13.66
ATOM,4103.0,NE,ARG,259.0,22.078,7.854,63.428,-0.7,1.85,3.72
ATOM,4104.0,CZ,ARG,259.0,22.329,7.065,62.389,0.64,2.0,1.84
ATOM,4105.0,NH1,ARG,259.0,22.827,7.578,61.272,-0.8,1.85,9.83
ATOM,4106.0,NH2,ARG,259.0,22.085,5.764,62.461,-0.8,1.85,9.16
ATOM,4107.0,H,ARG,259.0,20.541,11.942,59.429,0.31,0.2245,0.0
ATOM,4108.0,HA,ARG,259.0,19.431,11.705,62.029,0.09,1.32,0.0
ATOM,4109.0,HB2,ARG,259.0,21.058,10.198,60.973,0.09,1.32,0.0
ATOM,4110.0,HB3,ARG,259.0,22.184,11.145,61.679,0.09,1.32,0.99
ATOM,4111.0,HG2,ARG,259.0,20.848,10.702,63.754,0.09,1.32,0.0
ATOM,4112.0,HG3,ARG,259.0,20.325,9.398,62.922,0.09,1.32,0.0
ATOM,4113.0,HD2,ARG,259.0,23.043,9.508,62.791,0.09,1.32,3.45
ATOM,4114.0,HD3,ARG,259.0,22.569,9.581,64.352,0.09,1.32,2.56
ATOM,4115.0,HE,ARG,259.0,21.701,7.434,64.26,0.44,0.2245,0.99
ATOM,4116.0,HH11,ARG,259.0,23.039,8.548,61.197,0.46,0.2245,0.23
ATOM,4117.0,HH12,ARG,259.0,22.996,6.974,60.481,0.46,0.2245,0.94
ATOM,4118.0,HH21,ARG,259.0,21.727,5.377,63.316,0.46,0.2245,0.0
ATOM,4119.0,HH22,ARG,259.0,22.255,5.174,61.677,0.46,0.2245,0.0
ATOM,4120.0,N,ASN,260.0,21.834,13.886,61.928,-0.47,1.85,0.0
ATOM,4121.0,CA,ASN,260.0,22.417,15.01,62.661,0.07,2.275,0.0
ATOM,4122.0,C,ASN,260.0,21.409,16.112,62.926,0.51,2.0,0.07
ATOM,4123.0,O,ASN,260.0,21.499,16.813,63.931,-0.51,1.7,3.25
ATOM,4124.0,CB,ASN,260.0,23.607,15.604,61.912,-0.18,2.175,10.09
ATOM,4125.0,CG,ASN,260.0,24.929,15.062,62.415,0.55,2.0,2.66
ATOM,4126.0,H,ASN,260.0,22.133,13.601,60.982,0.31,0.2245,0.0
ATOM,4127.0,HA,ASN,260.0,22.713,14.653,63.56,0.09,1.32,0.0
ATOM,4128.0,HB2,ASN,260.0,23.517,15.379,60.947,0.09,1.32,0.0
ATOM,4129.0,HB3,ASN,260.0,23.599,16.591,62.039,0.09,1.32,8.39
ATOM,4130.0,OD1,ASN,260.0,25.859,14.842,61.636,-0.55,1.7,20.27
ATOM,4131.0,ND2,ASN,260.0,25.018,14.832,63.725,-0.62,1.85,17.57
ATOM,4132.0,HD22,ASN,260.0,24.229,15.014,64.314,0.3,0.2245,1.8
ATOM,4133.0,HD21,ASN,260.0,25.865,14.48,64.115,0.32,0.2245,20.42
ATOM,4134.0,N,TYR,261.0,20.461,16.279,62.01,-0.47,1.85,0.38
ATOM,4135.0,CA,TYR,261.0,19.434,17.296,62.177,0.07,2.275,3.08
ATOM,4136.0,C,TYR,261.0,18.594,16.908,63.382,0.51,2.0,0.0
ATOM,4137.0,O,TYR,261.0,18.35,17.71,64.274,-0.51,1.7,0.0
ATOM,4138.0,CB,TYR,261.0,18.527,17.39,60.933,-0.18,2.175,0.33
ATOM,4139.0,CG,TYR,261.0,17.31,18.255,61.173,0.0,1.9924,0.0
ATOM,4140.0,CD1,TYR,261.0,17.444,19.633,61.359,-0.115,1.9924,3.08
ATOM,4141.0,CD2,TYR,261.0,16.049,17.689,61.33,-0.115,1.9924,0.0
ATOM,4142.0,CE1,TYR,261.0,16.354,20.425,61.707,-0.115,1.9924,2.29
ATOM,4143.0,CE2,TYR,261.0,14.956,18.466,61.677,-0.115,1.9924,0.0
ATOM,4144.0,CZ,TYR,261.0,15.114,19.836,61.871,0.11,1.9924,0.0
ATOM,4145.0,OH,TYR,261.0,14.032,20.603,62.26,-0.54,1.77,4.16
ATOM,4146.0,H,TYR,261.0,20.517,15.644,61.197,0.31,0.2245,0.0
ATOM,4147.0,HA,TYR,261.0,19.877,18.166,62.371,0.09,1.32,2.86
ATOM,4148.0,HB2,TYR,261.0,19.056,17.786,60.197,0.09,1.32,1.72
ATOM,4149.0,HB3,TYR,261.0,18.223,16.477,60.705,0.09,1.32,0.0
ATOM,4150.0,HD1,TYR,261.0,18.342,20.06,61.24,0.115,1.3582,11.62
ATOM,4151.0,HD2,TYR,261.0,15.931,16.708,61.189,0.115,1.3582,0.0
ATOM,4152.0,HE1,TYR,261.0,16.469,21.409,61.835,0.115,1.3582,14.21
ATOM,4153.0,HE2,TYR,261.0,14.054,18.049,61.79,0.115,1.3582,0.0
ATOM,4154.0,HH,TYR,261.0,13.236,20.011,62.366,0.43,0.2245,0.01
ATOM,4155.0,N,LEU,262.0,18.152,15.66,63.394,-0.47,1.85,0.0
ATOM,4156.0,CA,LEU,262.0,17.338,15.149,64.485,0.07,2.275,0.02
ATOM,4157.0,C,LEU,262.0,18.051,15.298,65.819,0.51,2.0,0.0
ATOM,4158.0,O,LEU,262.0,17.443,15.69,66.807,-0.51,1.7,9.26
ATOM,4159.0,CB,LEU,262.0,17.018,13.674,64.24,-0.18,2.175,0.0
ATOM,4160.0,CG,LEU,262.0,15.68,13.335,63.591,-0.09,2.275,0.17
ATOM,4161.0,CD1,LEU,262.0,15.013,14.554,62.964,-0.27,2.06,0.0
ATOM,4162.0,CD2,LEU,262.0,15.941,12.261,62.562,-0.27,2.06,0.0
ATOM,4163.0,H,LEU,262.0,18.432,15.089,62.572,0.31,0.2245,0.0
ATOM,4164.0,HA,LEU,262.0,16.48,15.678,64.522,0.09,1.32,0.0
ATOM,4165.0,HB2,LEU,262.0,17.739,13.3,63.649,0.09,1.32,0.0
ATOM,4166.0,HB3,LEU,262.0,17.048,13.205,65.126,0.09,1.32,0.17
ATOM,4167.0,HG,LEU,262.0,15.067,12.946,64.289,0.09,1.32,0.0
ATOM,4168.0,HD11,LEU,262.0,15.611,14.935,62.259,0.09,1.32,0.0
ATOM,4169.0,HD12,LEU,262.0,14.143,14.283,62.553,0.09,1.32,0.0
ATOM,4170.0,HD13,LEU,262.0,14.848,15.243,63.669,0.09,1.32,0.0
ATOM,4171.0,HD21,LEU,262.0,16.329,11.45,63.007,0.09,1.32,0.0
ATOM,4172.0,HD22,LEU,262.0,15.083,12.008,62.109,0.09,1.32,0.0
ATOM,4173.0,HD23,LEU,262.0,16.588,12.599,61.874,0.09,1.32,0.0
ATOM,4174.0,N,LEU,263.0,19.344,14.979,65.845,-0.47,1.85,0.0
ATOM,4175.0,CA,LEU,263.0,20.127,15.069,67.079,0.07,2.275,0.05
ATOM,4176.0,C,LEU,263.0,20.304,16.49,67.588,0.51,2.0,0.17
ATOM,4177.0,O,LEU,263.0,20.449,16.711,68.79,-0.51,1.7,24.05
ATOM,4178.0,CB,LEU,263.0,21.495,14.437,66.874,-0.18,2.175,5.55
ATOM,4179.0,CG,LEU,263.0,21.443,12.95,66.57,-0.09,2.275,0.0
ATOM,4180.0,CD1,LEU,263.0,22.8,12.498,66.066,-0.27,2.06,15.19
ATOM,4181.0,CD2,LEU,263.0,21.035,12.195,67.83,-0.27,2.06,20.8
ATOM,4182.0,H,LEU,263.0,19.738,14.67,64.939,0.31,0.2245,0.0
ATOM,4183.0,HA,LEU,263.0,19.65,14.528,67.797,0.09,1.32,3.75
ATOM,4184.0,HB2,LEU,263.0,21.928,14.885,66.107,0.09,1.32,0.0
ATOM,4185.0,HB3,LEU,263.0,22.016,14.556,67.704,0.09,1.32,6.28
ATOM,4186.0,HG,LEU,263.0,20.756,12.782,65.87,0.09,1.32,0.0
ATOM,4187.0,HD11,LEU,263.0,23.495,12.673,66.766,0.09,1.32,10.09
ATOM,4188.0,HD12,LEU,263.0,22.775,11.518,65.863,0.09,1.32,0.79
ATOM,4189.0,HD13,LEU,263.0,23.035,13.002,65.234,0.09,1.32,0.0
ATOM,4190.0,HD21,LEU,263.0,20.133,12.508,68.129,0.09,1.32,2.85
ATOM,4191.0,HD22,LEU,263.0,20.999,11.215,67.634,0.09,1.32,1.16
ATOM,4192.0,HD23,LEU,263.0,21.705,12.367,68.553,0.09,1.32,9.52
ATOM,4193.0,N,SER,264.0,20.296,17.451,66.673,-0.47,1.85,0.22
ATOM,4194.0,CA,SER,264.0,20.459,18.866,67.014,0.07,2.275,3.81
ATOM,4195.0,C,SER,264.0,19.231,19.468,67.696,0.51,2.0,0.15
ATOM,4196.0,O,SER,264.0,19.311,20.532,68.317,-0.51,1.7,26.52
ATOM,4197.0,CB,SER,264.0,20.742,19.666,65.744,0.05,2.175,24.28
ATOM,4198.0,OG,SER,264.0,19.538,19.873,65.018,-0.66,1.77,7.7
ATOM,4199.0,H,SER,264.0,20.164,17.116,65.693,0.31,0.2245,0.0
ATOM,4200.0,HA,SER,264.0,21.239,18.942,67.659,0.09,1.32,10.19
ATOM,4201.0,HB2,SER,264.0,21.123,20.546,65.995,0.09,1.32,10.24
ATOM,4202.0,HB3,SER,264.0,21.376,19.156,65.177,0.09,1.32,2.27
ATOM,4203.0,HG,SER,264.0,19.146,18.989,64.768,0.43,0.2245,0.0
ATOM,4204.0,N,LEU,265.0,18.098,18.783,67.562,-0.47,1.85,0.0
ATOM,4205.0,CA,LEU,265.0,16.828,19.232,68.116,0.07,2.275,0.0
ATOM,4206.0,C,LEU,265.0,16.656,19.025,69.613,0.51,2.0,0.03
ATOM,4207.0,O,LEU,265.0,17.066,18.009,70.154,-0.51,1.7,12.57
ATOM,4208.0,CB,LEU,265.0,15.688,18.511,67.406,-0.18,2.175,3.04
ATOM,4209.0,CG,LEU,265.0,14.93,19.177,66.261,-0.09,2.275,1.33
ATOM,4210.0,CD1,LEU,265.0,15.806,20.124,65.472,-0.27,2.06,13.6
ATOM,4211.0,CD2,LEU,265.0,14.4,18.072,65.38,-0.27,2.06,1.39
ATOM,4212.0,H,LEU,265.0,18.2,17.89,67.022,0.31,0.2245,0.0
ATOM,4213.0,HA,LEU,265.0,16.731,20.234,67.92,0.09,1.32,0.0
ATOM,4214.0,HB2,LEU,265.0,16.061,17.635,67.042,0.09,1.32,0.0
ATOM,4215.0,HB3,LEU,265.0,14.998,18.263,68.112,0.09,1.32,2.3
ATOM,4216.0,HG,LEU,265.0,14.147,19.684,66.642,0.09,1.32,3.99
ATOM,4217.0,HD11,LEU,265.0,16.58,19.623,65.08,0.09,1.32,0.0
ATOM,4218.0,HD12,LEU,265.0,15.275,20.54,64.732,0.09,1.32,0.33
ATOM,4219.0,HD13,LEU,265.0,16.153,20.846,66.074,0.09,1.32,3.8
ATOM,4220.0,HD21,LEU,265.0,13.788,17.479,65.908,0.09,1.32,1.04
ATOM,4221.0,HD22,LEU,265.0,13.892,18.464,64.61,0.09,1.32,0.0
ATOM,4222.0,HD23,LEU,265.0,15.161,17.524,65.025,0.09,1.32,0.0
ATOM,4223.0,N,PRO,266.0,16.011,19.977,70.303,-0.29,1.85,0.0
ATOM,4224.0,CA,PRO,266.0,15.845,19.765,71.744,0.02,2.275,2.21
ATOM,4225.0,C,PRO,266.0,14.996,18.521,71.998,0.51,2.0,0.0
ATOM,4226.0,O,PRO,266.0,14.242,18.081,71.131,-0.51,1.7,3.53
ATOM,4227.0,CB,PRO,266.0,15.16,21.049,72.223,-0.18,2.175,15.03
ATOM,4228.0,CG,PRO,266.0,15.388,22.047,71.117,-0.18,2.175,21.58
ATOM,4229.0,CD,PRO,266.0,15.412,21.245,69.86,0.0,2.175,10.22
ATOM,4230.0,HA,PRO,266.0,16.735,19.688,72.199,0.09,1.32,9.42
ATOM,4231.0,HB2,PRO,266.0,14.179,20.897,72.365,0.09,1.32,5.14
ATOM,4232.0,HB3,PRO,266.0,15.567,21.372,73.08,0.09,1.32,11.52
ATOM,4233.0,HG2,PRO,266.0,14.645,22.724,71.106,0.09,1.32,11.92
ATOM,4234.0,HG3,PRO,266.0,16.259,22.527,71.263,0.09,1.32,11.93
ATOM,4235.0,HD2,PRO,266.0,14.493,21.09,69.5,0.09,1.32,7.45
ATOM,4236.0,HD3,PRO,266.0,15.979,21.673,69.157,0.09,1.32,4.44
ATOM,4237.0,N,HIS,267.0,15.119,17.942,73.181,-0.47,1.85,1.86
ATOM,4238.0,CA,HIS,267.0,14.342,16.756,73.479,0.07,2.275,1.24
ATOM,4239.0,C,HIS,267.0,12.875,17.089,73.681,0.51,2.0,0.0
ATOM,4240.0,O,HIS,267.0,12.532,18.053,74.361,-0.51,1.7,16.69
ATOM,4241.0,CB,HIS,267.0,14.879,16.051,74.722,-0.09,2.175,13.79
ATOM,4242.0,CG,HIS,267.0,14.049,14.883,75.145,-0.05,1.8,0.92
ATOM,4243.0,H,HIS,267.0,15.778,18.385,73.831,0.31,0.2245,11.01
ATOM,4244.0,HA,HIS,267.0,14.416,16.118,72.699,0.09,1.32,0.0
ATOM,4245.0,HB2,HIS,267.0,15.812,15.727,74.538,0.09,1.32,11.65
ATOM,4246.0,HB3,HIS,267.0,14.912,16.708,75.482,0.09,1.32,7.67
ATOM,4247.0,ND1,HIS,267.0,13.284,14.889,76.293,-0.36,1.85,6.55
ATOM,4248.0,CD2,HIS,267.0,13.811,13.698,74.541,0.22,1.8,12.33
ATOM,4249.0,CE1,HIS,267.0,12.612,13.757,76.376,0.25,1.8,13.61
ATOM,4250.0,NE2,HIS,267.0,12.914,13.016,75.325,-0.7,1.85,18.17
ATOM,4251.0,HD1,HIS,267.0,13.247,15.637,76.955,0.32,0.2245,17.14
ATOM,4252.0,HD2,HIS,267.0,14.211,13.376,73.686,0.1,1.468,4.09
ATOM,4253.0,HE1,HIS,267.0,11.985,13.502,77.106,0.13,0.9,1.2
ATOM,4254.0,N,LYS,268.0,12.008,16.285,73.077,-0.47,1.85,0.0
ATOM,4255.0,CA,LYS,268.0,10.568,16.484,73.191,0.07,2.275,0.0
ATOM,4256.0,C,LYS,268.0,9.921,15.181,73.642,0.51,2.0,0.0
ATOM,4257.0,O,LYS,268.0,10.198,14.117,73.09,-0.51,1.7,1.2
ATOM,4258.0,CB,LYS,268.0,9.98,16.925,71.842,-0.18,2.175,0.72
ATOM,4259.0,CG,LYS,268.0,9.479,18.355,71.825,-0.18,2.175,11.95
ATOM,4260.0,CD,LYS,268.0,8.834,18.734,73.164,-0.18,2.175,5.3
ATOM,4261.0,CE,LYS,268.0,7.474,19.386,72.982,0.21,2.175,10.09
ATOM,4262.0,NZ,LYS,268.0,7.57,20.861,73.166,-0.3,1.85,13.35
ATOM,4263.0,H,LYS,268.0,12.437,15.515,72.526,0.31,0.2245,0.0
ATOM,4264.0,HA,LYS,268.0,10.389,17.188,73.878,0.09,1.32,0.15
ATOM,4265.0,HB2,LYS,268.0,10.693,16.83,71.15,0.09,1.32,2.94
ATOM,4266.0,HB3,LYS,268.0,9.217,16.318,71.626,0.09,1.32,0.0
ATOM,4267.0,HG2,LYS,268.0,10.245,18.973,71.657,0.09,1.32,5.78
ATOM,4268.0,HG3,LYS,268.0,8.797,18.46,71.104,0.09,1.32,0.93
ATOM,4269.0,HD2,LYS,268.0,8.723,17.905,73.706,0.09,1.32,0.0
ATOM,4270.0,HD3,LYS,268.0,9.436,19.373,73.636,0.09,1.32,4.4
ATOM,4271.0,HE2,LYS,268.0,7.139,19.191,72.062,0.05,1.32,0.22
ATOM,4272.0,HE3,LYS,268.0,6.84,19.011,73.656,0.05,1.32,9.41
ATOM,4273.0,HZ1,LYS,268.0,7.543,21.308,72.273,0.33,0.2245,19.83
ATOM,4274.0,HZ2,LYS,268.0,6.802,21.176,73.722,0.33,0.2245,20.21
ATOM,4275.0,HZ3,LYS,268.0,8.43,21.082,73.625,0.33,0.2245,14.35
ATOM,4276.0,N,ASN,269.0,9.071,15.262,74.656,-0.47,1.85,0.22
ATOM,4277.0,CA,ASN,269.0,8.384,14.083,75.175,0.07,2.275,0.0
ATOM,4278.0,C,ASN,269.0,7.161,13.726,74.341,0.51,2.0,0.0
ATOM,4279.0,O,ASN,269.0,6.607,14.565,73.638,-0.51,1.7,1.35
ATOM,4280.0,CB,ASN,269.0,7.941,14.33,76.61,-0.18,2.175,15.28
ATOM,4281.0,CG,ASN,269.0,8.925,13.804,77.605,0.55,2.0,2.1
ATOM,4282.0,H,ASN,269.0,8.938,16.217,75.042,0.31,0.2245,4.6
ATOM,4283.0,HA,ASN,269.0,9.028,13.308,75.103,0.09,1.32,0.39
ATOM,4284.0,HB2,ASN,269.0,7.839,15.314,76.741,0.09,1.32,7.87
ATOM,4285.0,HB3,ASN,269.0,7.063,13.876,76.748,0.09,1.32,2.34
ATOM,4286.0,OD1,ASN,269.0,9.076,14.345,78.696,-0.55,1.7,40.24
ATOM,4287.0,ND2,ASN,269.0,9.619,12.738,77.23,-0.62,1.85,13.56
ATOM,4288.0,HD22,ASN,269.0,9.478,12.333,76.327,0.3,0.2245,4.97
ATOM,4289.0,HD21,ASN,269.0,10.292,12.333,77.855,0.32,0.2245,14.72
ATOM,4290.0,N,LYS,270.0,6.728,12.477,74.425,-0.47,1.85,0.59
ATOM,4291.0,CA,LYS,270.0,5.56,12.072,73.669,0.07,2.275,0.0
ATOM,4292.0,C,LYS,270.0,4.29,12.603,74.335,0.51,2.0,0.0
ATOM,4293.0,O,LYS,270.0,4.219,12.723,75.561,-0.51,1.7,12.33
ATOM,4294.0,CB,LYS,270.0,5.492,10.546,73.57,-0.18,2.175,5.66
ATOM,4295.0,CG,LYS,270.0,4.349,10.042,72.692,-0.18,2.175,2.27
ATOM,4296.0,CD,LYS,270.0,4.526,8.581,72.305,-0.18,2.175,12.28
ATOM,4297.0,CE,LYS,270.0,5.894,8.331,71.679,0.21,2.175,10.38
ATOM,4298.0,NZ,LYS,270.0,5.802,7.629,70.369,-0.3,1.85,8.77
ATOM,4299.0,H,LYS,270.0,7.267,11.858,75.041,0.31,0.2245,6.18
ATOM,4300.0,HA,LYS,270.0,5.616,12.454,72.741,0.09,1.32,0.0
ATOM,4301.0,HB2,LYS,270.0,6.349,10.219,73.184,0.09,1.32,2.01
ATOM,4302.0,HB3,LYS,270.0,5.366,10.179,74.487,0.09,1.32,9.34
ATOM,4303.0,HG2,LYS,270.0,3.487,10.142,73.193,0.09,1.32,0.22
ATOM,4304.0,HG3,LYS,270.0,4.311,10.596,71.859,0.09,1.32,0.0
ATOM,4305.0,HD2,LYS,270.0,4.445,8.019,73.121,0.09,1.32,10.87
ATOM,4306.0,HD3,LYS,270.0,3.827,8.335,71.643,0.09,1.32,0.14
ATOM,4307.0,HE2,LYS,270.0,6.356,9.215,71.548,0.05,1.32,0.0
ATOM,4308.0,HE3,LYS,270.0,6.443,7.775,72.313,0.05,1.32,11.98
ATOM,4309.0,HZ1,LYS,270.0,5.642,6.655,70.526,0.33,0.2245,15.98
ATOM,4310.0,HZ2,LYS,270.0,5.045,8.012,69.84,0.33,0.2245,0.79
ATOM,4311.0,HZ3,LYS,270.0,6.657,7.751,69.867,0.33,0.2245,13.7
ATOM,4312.0,N,VAL,271.0,3.298,12.947,73.519,-0.47,1.85,0.0
ATOM,4313.0,CA,VAL,271.0,2.028,13.432,74.034,0.07,2.275,0.0
ATOM,4314.0,C,VAL,271.0,1.072,12.255,73.902,0.51,2.0,0.0
ATOM,4315.0,O,VAL,271.0,0.899,11.71,72.816,-0.51,1.7,0.32
ATOM,4316.0,CB,VAL,271.0,1.489,14.605,73.206,-0.09,2.275,0.0
ATOM,4317.0,CG1,VAL,271.0,0.14,15.026,73.733,-0.27,2.06,2.06
ATOM,4318.0,CG2,VAL,271.0,2.46,15.769,73.251,-0.27,2.06,11.88
ATOM,4319.0,H,VAL,271.0,3.507,12.841,72.509,0.31,0.2245,0.0
ATOM,4320.0,HA,VAL,271.0,2.134,13.635,74.993,0.09,1.32,0.0
ATOM,4321.0,HB,VAL,271.0,1.355,14.281,72.275,0.09,1.32,0.0
ATOM,4322.0,HG11,VAL,271.0,-0.582,14.709,73.114,0.09,1.32,0.0
ATOM,4323.0,HG12,VAL,271.0,-0.01,14.629,74.641,0.09,1.32,0.0
ATOM,4324.0,HG13,VAL,271.0,0.097,16.025,73.801,0.09,1.32,4.32
ATOM,4325.0,HG21,VAL,271.0,3.001,15.784,72.409,0.09,1.32,0.0
ATOM,4326.0,HG22,VAL,271.0,1.949,16.625,73.335,0.09,1.32,6.72
ATOM,4327.0,HG23,VAL,271.0,3.069,15.664,74.038,0.09,1.32,3.37
ATOM,4328.0,N,PRO,272.0,0.456,11.832,75.015,-0.29,1.85,0.07
ATOM,4329.0,CA,PRO,272.0,-0.472,10.702,74.947,0.02,2.275,1.4
ATOM,4330.0,C,PRO,272.0,-1.658,10.969,74.028,0.51,2.0,0.0
ATOM,4331.0,O,PRO,272.0,-2.17,12.081,73.971,-0.51,1.7,0.0
ATOM,4332.0,CB,PRO,272.0,-0.894,10.492,76.404,-0.18,2.175,11.23
ATOM,4333.0,CG,PRO,272.0,-0.609,11.785,77.082,-0.18,2.175,4.36
ATOM,4334.0,CD,PRO,272.0,0.583,12.361,76.385,0.0,2.175,3.1
ATOM,4335.0,HA,PRO,272.0,0.015,9.858,74.664,0.09,1.32,6.13
ATOM,4336.0,HB2,PRO,272.0,-1.873,10.263,76.458,0.09,1.32,0.0
ATOM,4337.0,HB3,PRO,272.0,-0.368,9.742,76.819,0.09,1.32,11.79
ATOM,4338.0,HG2,PRO,272.0,-1.402,12.404,77.011,0.09,1.32,0.0
ATOM,4339.0,HG3,PRO,272.0,-0.417,11.636,78.061,0.09,1.32,11.33
ATOM,4340.0,HD2,PRO,272.0,0.56,13.361,76.376,0.09,1.32,0.0
ATOM,4341.0,HD3,PRO,272.0,1.44,12.053,76.8,0.09,1.32,6.03
ATOM,4342.0,N,TRP,273.0,-2.087,9.941,73.307,-0.47,1.85,0.0
ATOM,4343.0,CA,TRP,273.0,-3.213,10.065,72.396,0.07,2.275,0.0
ATOM,4344.0,C,TRP,273.0,-4.506,10.338,73.153,0.51,2.0,0.0
ATOM,4345.0,O,TRP,273.0,-5.282,11.201,72.773,-0.51,1.7,0.0
ATOM,4346.0,CB,TRP,273.0,-3.36,8.789,71.575,-0.18,2.175,0.0
ATOM,4347.0,CG,TRP,273.0,-2.182,8.486,70.74,-0.03,1.9924,0.0
ATOM,4348.0,CD1,TRP,273.0,-1.311,7.46,70.915,0.035,1.9924,4.18
ATOM,4349.0,CD2,TRP,273.0,-1.752,9.187,69.565,-0.02,1.8,0.0
ATOM,4350.0,NE1,TRP,273.0,-0.365,7.471,69.927,-0.61,1.85,0.4
ATOM,4351.0,CE2,TRP,273.0,-0.61,8.52,69.082,0.13,1.8,0.13
ATOM,4352.0,CE3,TRP,273.0,-2.219,10.312,68.874,-0.115,1.9924,0.0
ATOM,4353.0,CZ2,TRP,273.0,0.078,8.937,67.934,-0.115,1.9924,0.82
ATOM,4354.0,CZ3,TRP,273.0,-1.531,10.731,67.724,-0.115,1.9924,0.0
ATOM,4355.0,CH2,TRP,273.0,-0.396,10.043,67.271,-0.115,1.9924,0.0
ATOM,4356.0,H,TRP,273.0,-1.557,9.058,73.449,0.31,0.2245,3.56
ATOM,4357.0,HA,TRP,273.0,-3.04,10.857,71.797,0.09,1.32,0.0
ATOM,4358.0,HB2,TRP,273.0,-3.498,8.024,72.197,0.09,1.32,2.76
ATOM,4359.0,HB3,TRP,273.0,-4.145,8.887,70.971,0.09,1.32,0.0
ATOM,4360.0,HD1,TRP,273.0,-1.351,6.79,71.658,0.115,1.3582,13.05
ATOM,4361.0,HE1,TRP,273.0,0.389,6.818,69.833,0.38,0.2245,0.0
ATOM,4362.0,HE3,TRP,273.0,-3.021,10.812,69.18,0.115,1.3582,0.0
ATOM,4363.0,HZ2,TRP,273.0,0.888,8.433,67.622,0.115,1.3582,0.19
ATOM,4364.0,HZ3,TRP,273.0,-1.862,11.527,67.234,0.115,1.3582,0.0
ATOM,4365.0,HH2,TRP,273.0,0.07,10.37,66.45,0.115,1.3582,0.0
ATOM,4366.0,N,ASN,274.0,-4.724,9.607,74.235,-0.47,1.85,0.0
ATOM,4367.0,CA,ASN,274.0,-5.932,9.783,75.022,0.07,2.275,0.08
ATOM,4368.0,C,ASN,274.0,-6.031,11.212,75.537,0.51,2.0,0.0
ATOM,4369.0,O,ASN,274.0,-7.081,11.63,76.034,-0.51,1.7,1.39
ATOM,4370.0,CB,ASN,274.0,-5.952,8.788,76.186,-0.18,2.175,12.95
ATOM,4371.0,CG,ASN,274.0,-5.34,9.355,77.447,0.55,2.0,2.12
ATOM,4372.0,H,ASN,274.0,-3.982,8.922,74.462,0.31,0.2245,3.18
ATOM,4373.0,HA,ASN,274.0,-6.715,9.638,74.407,0.09,1.32,0.0
ATOM,4374.0,HB2,ASN,274.0,-6.9,8.543,76.372,0.09,1.32,7.61
ATOM,4375.0,HB3,ASN,274.0,-5.436,7.979,75.915,0.09,1.32,8.41
ATOM,4376.0,OD1,ASN,274.0,-4.125,9.566,77.523,-0.55,1.7,13.94
ATOM,4377.0,ND2,ASN,274.0,-6.18,9.609,78.448,-0.62,1.85,20.22
ATOM,4378.0,HD22,ASN,274.0,-7.156,9.418,78.341,0.3,0.2245,14.69
ATOM,4379.0,HD21,ASN,274.0,-5.836,9.99,79.305,0.32,0.2245,20.83
ATOM,4380.0,N,ARG,275.0,-4.939,11.958,75.407,-0.47,1.85,0.0
ATOM,4381.0,CA,ARG,275.0,-4.892,13.356,75.833,0.07,2.275,0.0
ATOM,4382.0,C,ARG,275.0,-5.302,14.189,74.627,0.51,2.0,0.09
ATOM,4383.0,O,ARG,275.0,-6.053,15.161,74.743,-0.51,1.7,17.49
ATOM,4384.0,CB,ARG,275.0,-3.467,13.742,76.255,-0.18,2.175,0.0
ATOM,4385.0,CG,ARG,275.0,-3.36,14.462,77.594,-0.18,2.175,12.33
ATOM,4386.0,CD,ARG,275.0,-2.391,15.649,77.509,0.2,2.175,11.41
ATOM,4387.0,NE,ARG,275.0,-1.074,15.336,78.067,-0.7,1.85,4.3
ATOM,4388.0,CZ,ARG,275.0,0.042,16.009,77.792,0.64,2.0,2.03
ATOM,4389.0,NH1,ARG,275.0,0.014,17.044,76.962,-0.8,1.85,15.31
ATOM,4390.0,NH2,ARG,275.0,1.189,15.637,78.342,-0.8,1.85,17.13
ATOM,4391.0,H,ARG,275.0,-4.126,11.466,74.979,0.31,0.2245,0.0
ATOM,4392.0,HA,ARG,275.0,-5.55,13.495,76.559,0.09,1.32,4.24
ATOM,4393.0,HB2,ARG,275.0,-2.923,12.905,76.31,0.09,1.32,0.0
ATOM,4394.0,HB3,ARG,275.0,-3.087,14.341,75.551,0.09,1.32,0.12
ATOM,4395.0,HG2,ARG,275.0,-4.251,14.813,77.857,0.09,1.32,8.22
ATOM,4396.0,HG3,ARG,275.0,-3.015,13.836,78.283,0.09,1.32,4.6
ATOM,4397.0,HD2,ARG,275.0,-2.294,15.894,76.548,0.09,1.32,1.78
ATOM,4398.0,HD3,ARG,275.0,-2.794,16.406,78.016,0.09,1.32,11.62
ATOM,4399.0,HE,ARG,275.0,-1.008,14.557,78.703,0.44,0.2245,6.62
ATOM,4400.0,HH11,ARG,275.0,-0.84,17.347,76.548,0.46,0.2245,9.34
ATOM,4401.0,HH12,ARG,275.0,0.868,17.532,76.747,0.46,0.2245,13.34
ATOM,4402.0,HH21,ARG,275.0,1.208,14.862,78.979,0.46,0.2245,13.98
ATOM,4403.0,HH22,ARG,275.0,2.033,16.125,78.126,0.46,0.2245,16.05
ATOM,4404.0,N,LEU,276.0,-4.799,13.798,73.462,-0.47,1.85,0.0
ATOM,4405.0,CA,LEU,276.0,-5.118,14.503,72.236,0.07,2.275,0.31
ATOM,4406.0,C,LEU,276.0,-6.582,14.29,71.877,0.51,2.0,0.0
ATOM,4407.0,O,LEU,276.0,-7.257,15.221,71.446,-0.51,1.7,18.22
ATOM,4408.0,CB,LEU,276.0,-4.23,14.008,71.097,-0.18,2.175,0.0
ATOM,4409.0,CG,LEU,276.0,-2.909,14.749,70.882,-0.09,2.275,0.0
ATOM,4410.0,CD1,LEU,276.0,-2.119,14.075,69.752,-0.27,2.06,0.0
ATOM,4411.0,CD2,LEU,276.0,-3.191,16.197,70.557,-0.27,2.06,27.49
ATOM,4412.0,H,LEU,276.0,-4.178,12.97,73.509,0.31,0.2245,0.0
ATOM,4413.0,HA,LEU,276.0,-4.967,15.486,72.377,0.09,1.32,2.51
ATOM,4414.0,HB2,LEU,276.0,-4.006,13.051,71.276,0.09,1.32,0.0
ATOM,4415.0,HB3,LEU,276.0,-4.751,14.079,70.249,0.09,1.32,0.0
ATOM,4416.0,HG,LEU,276.0,-2.374,14.715,71.719,0.09,1.32,0.0
ATOM,4417.0,HD11,LEU,276.0,-2.658,14.103,68.913,0.09,1.32,0.0
ATOM,4418.0,HD12,LEU,276.0,-1.259,14.563,69.617,0.09,1.32,0.0
ATOM,4419.0,HD13,LEU,276.0,-1.933,13.127,70.002,0.09,1.32,0.0
ATOM,4420.0,HD21,LEU,276.0,-3.691,16.624,71.314,0.09,1.32,5.66
ATOM,4421.0,HD22,LEU,276.0,-2.328,16.688,70.415,0.09,1.32,4.24
ATOM,4422.0,HD23,LEU,276.0,-3.744,16.257,69.723,0.09,1.32,6.71
ATOM,4423.0,N,PHE,277.0,-7.062,13.062,72.067,-0.47,1.85,0.0
ATOM,4424.0,CA,PHE,277.0,-8.446,12.692,71.756,0.07,2.275,0.0
ATOM,4425.0,C,PHE,277.0,-9.117,11.989,72.938,0.51,2.0,0.0
ATOM,4426.0,O,PHE,277.0,-9.234,10.764,72.957,-0.51,1.7,0.78
ATOM,4427.0,CB,PHE,277.0,-8.462,11.773,70.527,-0.18,2.175,0.0
ATOM,4428.0,CG,PHE,277.0,-7.523,12.21,69.425,0.0,1.9924,0.0
ATOM,4429.0,CD1,PHE,277.0,-7.947,13.1,68.439,-0.115,1.9924,0.02
ATOM,4430.0,CD2,PHE,277.0,-6.213,11.744,69.38,-0.115,1.9924,0.0
ATOM,4431.0,CE1,PHE,277.0,-7.076,13.518,67.43,-0.115,1.9924,3.89
ATOM,4432.0,CE2,PHE,277.0,-5.343,12.156,68.379,-0.115,1.9924,0.0
ATOM,4433.0,CZ,PHE,277.0,-5.775,13.046,67.404,-0.115,1.9924,1.17
ATOM,4434.0,H,PHE,277.0,-6.369,12.384,72.457,0.31,0.2245,0.0
ATOM,4435.0,HA,PHE,277.0,-8.951,13.55,71.605,0.09,1.32,0.46
ATOM,4436.0,HB2,PHE,277.0,-8.187,10.871,70.82,0.09,1.32,0.0
ATOM,4437.0,HB3,PHE,277.0,-9.379,11.773,70.161,0.09,1.32,0.0
ATOM,4438.0,HD1,PHE,277.0,-8.879,13.446,68.45,0.115,1.3582,0.18
ATOM,4439.0,HD2,PHE,277.0,-5.894,11.103,70.08,0.115,1.3582,0.0
ATOM,4440.0,HE1,PHE,277.0,-7.406,14.159,66.729,0.115,1.3582,0.0
ATOM,4441.0,HE2,PHE,277.0,-4.393,11.803,68.364,0.115,1.3582,0.0
ATOM,4442.0,HZ,PHE,277.0,-5.149,13.346,66.685,0.115,1.3582,0.0
ATOM,4443.0,N,PRO,278.0,-9.595,12.764,73.929,-0.29,1.85,0.0
ATOM,4444.0,CA,PRO,278.0,-10.25,12.195,75.118,0.02,2.275,1.05
ATOM,4445.0,C,PRO,278.0,-11.599,11.502,74.876,0.51,2.0,0.32
ATOM,4446.0,O,PRO,278.0,-12.077,10.741,75.722,-0.51,1.7,29.3
ATOM,4447.0,CB,PRO,278.0,-10.359,13.387,76.076,-0.18,2.175,18.09
ATOM,4448.0,CG,PRO,278.0,-10.354,14.588,75.194,-0.18,2.175,17.97
ATOM,4449.0,CD,PRO,278.0,-9.554,14.238,73.966,0.0,2.175,5.4
ATOM,4450.0,HA,PRO,278.0,-9.607,11.555,75.601,0.09,1.32,1.75
ATOM,4451.0,HB2,PRO,278.0,-11.209,13.334,76.609,0.09,1.32,9.37
ATOM,4452.0,HB3,PRO,278.0,-9.581,13.401,76.711,0.09,1.32,6.32
ATOM,4453.0,HG2,PRO,278.0,-11.3,14.847,74.941,0.09,1.32,6.67
ATOM,4454.0,HG3,PRO,278.0,-9.942,15.379,75.674,0.09,1.32,11.39
ATOM,4455.0,HD2,PRO,278.0,-9.968,14.621,73.139,0.09,1.32,3.4
ATOM,4456.0,HD3,PRO,278.0,-8.608,14.561,74.041,0.09,1.32,0.0
ATOM,4457.0,N,ASN,279.0,-12.198,11.757,73.718,-0.47,1.85,0.2
ATOM,4458.0,CA,ASN,279.0,-13.482,11.158,73.361,0.07,2.275,3.95
ATOM,4459.0,C,ASN,279.0,-13.27,9.878,72.554,0.51,2.0,0.79
ATOM,4460.0,O,ASN,279.0,-14.18,9.055,72.398,-0.51,1.7,27.86
ATOM,4461.0,CB,ASN,279.0,-14.303,12.147,72.526,-0.18,2.175,19.4
ATOM,4462.0,CG,ASN,279.0,-13.436,13.197,71.824,0.55,2.0,1.89
ATOM,4463.0,H,ASN,279.0,-11.681,12.411,73.095,0.31,0.2245,0.0
ATOM,4464.0,HA,ASN,279.0,-13.935,10.893,74.217,0.09,1.32,7.31
ATOM,4465.0,HB2,ASN,279.0,-14.801,11.638,71.83,0.09,1.32,7.93
ATOM,4466.0,HB3,ASN,279.0,-14.938,12.62,73.129,0.09,1.32,11.24
ATOM,4467.0,OD1,ASN,279.0,-13.808,14.37,71.749,-0.55,1.7,37.89
ATOM,4468.0,ND2,ASN,279.0,-12.284,12.778,71.304,-0.62,1.85,1.52
ATOM,4469.0,HD22,ASN,279.0,-12.035,11.809,71.384,0.3,0.2245,0.0
ATOM,4470.0,HD21,ASN,279.0,-11.679,13.417,70.841,0.32,0.2245,3.72
ATOM,4471.0,N,ALA,280.0,-12.049,9.716,72.058,-0.47,1.85,0.0
ATOM,4472.0,CA,ALA,280.0,-11.695,8.574,71.233,0.07,2.275,0.37
ATOM,4473.0,C,ALA,280.0,-11.87,7.207,71.873,0.51,2.0,0.0
ATOM,4474.0,O,ALA,280.0,-11.848,7.063,73.09,-0.51,1.7,16.93
ATOM,4475.0,CB,ALA,280.0,-10.268,8.729,70.742,-0.27,2.06,0.0
ATOM,4476.0,H,ALA,280.0,-11.376,10.472,72.31,0.31,0.2245,0.0
ATOM,4477.0,HA,ALA,280.0,-12.268,8.603,70.377,0.09,1.32,3.62
ATOM,4478.0,HB1,ALA,280.0,-9.764,9.335,71.358,0.09,1.32,0.0
ATOM,4479.0,HB2,ALA,280.0,-9.821,7.834,70.72,0.09,1.32,0.0
ATOM,4480.0,HB3,ALA,280.0,-10.269,9.12,69.821,0.09,1.32,0.0
ATOM,4481.0,N,ASP,281.0,-12.05,6.203,71.02,-0.47,1.85,1.19
ATOM,4482.0,CA,ASP,281.0,-12.204,4.82,71.456,0.07,2.275,3.48
ATOM,4483.0,C,ASP,281.0,-10.778,4.275,71.629,0.51,2.0,0.0
ATOM,4484.0,O,ASP,281.0,-9.93,4.454,70.762,-0.51,1.7,0.0
ATOM,4485.0,CB,ASP,281.0,-13.004,4.035,70.395,-0.28,2.175,1.57
ATOM,4486.0,CG,ASP,281.0,-12.737,2.539,70.427,0.62,2.0,0.0
ATOM,4487.0,OD1,ASP,281.0,-11.646,2.117,69.993,-0.76,1.7,0.0
ATOM,4488.0,OD2,ASP,281.0,-13.622,1.782,70.876,-0.76,1.7,25.49
ATOM,4489.0,H,ASP,281.0,-12.071,6.49,70.015,0.31,0.2245,0.53
ATOM,4490.0,HA,ASP,281.0,-12.615,4.833,72.353,0.09,1.32,4.94
ATOM,4491.0,HB2,ASP,281.0,-13.97,4.193,70.568,0.09,1.32,4.54
ATOM,4492.0,HB3,ASP,281.0,-12.749,4.388,69.502,0.09,1.32,0.0
ATOM,4493.0,N,SER,282.0,-10.519,3.638,72.767,-0.47,1.85,0.59
ATOM,4494.0,CA,SER,282.0,-9.201,3.088,73.086,0.07,2.275,2.21
ATOM,4495.0,C,SER,282.0,-8.604,2.173,72.027,0.51,2.0,0.0
ATOM,4496.0,O,SER,282.0,-7.396,2.173,71.819,-0.51,1.7,5.6
ATOM,4497.0,CB,SER,282.0,-9.251,2.331,74.419,0.05,2.175,26.97
ATOM,4498.0,OG,SER,282.0,-10.539,1.787,74.662,-0.66,1.77,26.0
ATOM,4499.0,H,SER,282.0,-11.336,3.563,73.415,0.31,0.2245,4.99
ATOM,4500.0,HA,SER,282.0,-8.56,3.876,73.214,0.09,1.32,2.07
ATOM,4501.0,HB2,SER,282.0,-8.586,1.589,74.391,0.09,1.32,8.65
ATOM,4502.0,HB3,SER,282.0,-9.023,2.964,75.154,0.09,1.32,11.42
ATOM,4503.0,HG,SER,282.0,-11.171,2.101,73.955,0.43,0.2245,4.07
ATOM,4504.0,N,LYS,283.0,-9.436,1.376,71.366,-0.47,1.85,0.0
ATOM,4505.0,CA,LYS,283.0,-8.929,0.47,70.337,0.07,2.275,0.46
ATOM,4506.0,C,LYS,283.0,-8.485,1.298,69.139,0.51,2.0,0.0
ATOM,4507.0,O,LYS,283.0,-7.451,1.028,68.532,-0.51,1.7,0.0
ATOM,4508.0,CB,LYS,283.0,-10.007,-0.547,69.94,-0.18,2.175,0.0
ATOM,4509.0,CG,LYS,283.0,-10.403,-1.459,71.086,-0.18,2.175,4.35
ATOM,4510.0,CD,LYS,283.0,-11.319,-2.568,70.654,-0.18,2.175,5.59
ATOM,4511.0,CE,LYS,283.0,-10.974,-3.846,71.398,0.21,2.175,13.13
ATOM,4512.0,NZ,LYS,283.0,-12.154,-4.741,71.555,-0.3,1.85,11.04
ATOM,4513.0,H,LYS,283.0,-10.427,1.449,71.631,0.31,0.2245,0.0
ATOM,4514.0,HA,LYS,283.0,-8.141,-0.024,70.699,0.09,1.32,2.42
ATOM,4515.0,HB2,LYS,283.0,-10.81,-0.046,69.642,0.09,1.32,0.0
ATOM,4516.0,HB3,LYS,283.0,-9.648,-1.104,69.2,0.09,1.32,0.0
ATOM,4517.0,HG2,LYS,283.0,-9.568,-1.857,71.486,0.09,1.32,6.51
ATOM,4518.0,HG3,LYS,283.0,-10.861,-0.909,71.795,0.09,1.32,2.7
ATOM,4519.0,HD2,LYS,283.0,-12.256,-2.324,70.867,0.09,1.32,6.4
ATOM,4520.0,HD3,LYS,283.0,-11.207,-2.731,69.683,0.09,1.32,0.0
ATOM,4521.0,HE2,LYS,283.0,-10.256,-4.335,70.892,0.05,1.32,0.0
ATOM,4522.0,HE3,LYS,283.0,-10.619,-3.608,72.308,0.05,1.32,9.14
ATOM,4523.0,HZ1,LYS,283.0,-12.421,-5.096,70.66,0.33,0.2245,4.16
ATOM,4524.0,HZ2,LYS,283.0,-11.916,-5.5,72.16,0.33,0.2245,19.88
ATOM,4525.0,HZ3,LYS,283.0,-12.912,-4.223,71.95,0.33,0.2245,17.28
ATOM,4526.0,N,ALA,284.0,-9.256,2.334,68.832,-0.47,1.85,0.0
ATOM,4527.0,CA,ALA,284.0,-8.946,3.233,67.718,0.07,2.275,0.0
ATOM,4528.0,C,ALA,284.0,-7.589,3.903,67.926,0.51,2.0,0.0
ATOM,4529.0,O,ALA,284.0,-6.743,3.928,67.028,-0.51,1.7,0.0
ATOM,4530.0,CB,ALA,284.0,-10.018,4.294,67.606,-0.27,2.06,0.0
ATOM,4531.0,H,ALA,284.0,-10.091,2.453,69.442,0.31,0.2245,0.0
ATOM,4532.0,HA,ALA,284.0,-8.911,2.695,66.869,0.09,1.32,0.0
ATOM,4533.0,HB1,ALA,284.0,-9.965,4.914,68.391,0.09,1.32,0.0
ATOM,4534.0,HB2,ALA,284.0,-9.888,4.819,66.763,0.09,1.32,0.0
ATOM,4535.0,HB3,ALA,284.0,-10.921,3.863,67.588,0.09,1.32,0.0
ATOM,4536.0,N,LEU,285.0,-7.396,4.453,69.122,-0.47,1.85,0.0
ATOM,4537.0,CA,LEU,285.0,-6.158,5.136,69.456,0.07,2.275,0.0
ATOM,4538.0,C,LEU,285.0,-4.972,4.186,69.467,0.51,2.0,0.2
ATOM,4539.0,O,LEU,285.0,-3.832,4.597,69.276,-0.51,1.7,1.1
ATOM,4540.0,CB,LEU,285.0,-6.303,5.846,70.804,-0.18,2.175,7.18
ATOM,4541.0,CG,LEU,285.0,-7.329,6.984,70.789,-0.09,2.275,0.0
ATOM,4542.0,CD1,LEU,285.0,-7.441,7.601,72.163,-0.27,2.06,2.55
ATOM,4543.0,CD2,LEU,285.0,-6.911,8.032,69.778,-0.27,2.06,0.0
ATOM,4544.0,H,LEU,285.0,-8.194,4.352,69.78,0.31,0.2245,0.0
ATOM,4545.0,HA,LEU,285.0,-5.987,5.851,68.762,0.09,1.32,0.0
ATOM,4546.0,HB2,LEU,285.0,-6.605,5.184,71.468,0.09,1.32,0.46
ATOM,4547.0,HB3,LEU,285.0,-5.431,6.236,71.04,0.09,1.32,0.0
ATOM,4548.0,HG,LEU,285.0,-8.214,6.614,70.511,0.09,1.32,0.0
ATOM,4549.0,HD11,LEU,285.0,-6.552,7.968,72.445,0.09,1.32,0.0
ATOM,4550.0,HD12,LEU,285.0,-8.113,8.345,72.148,0.09,1.32,0.0
ATOM,4551.0,HD13,LEU,285.0,-7.734,6.907,72.824,0.09,1.32,3.43
ATOM,4552.0,HD21,LEU,285.0,-6.86,7.621,68.866,0.09,1.32,0.0
ATOM,4553.0,HD22,LEU,285.0,-7.581,8.777,69.767,0.09,1.32,0.0
ATOM,4554.0,HD23,LEU,285.0,-6.012,8.4,70.024,0.09,1.32,0.0
ATOM,4555.0,N,ASP,286.0,-5.241,2.904,69.67,-0.47,1.85,0.22
ATOM,4556.0,CA,ASP,286.0,-4.169,1.927,69.679,0.07,2.275,3.0
ATOM,4557.0,C,ASP,286.0,-3.725,1.645,68.247,0.51,2.0,0.0
ATOM,4558.0,O,ASP,286.0,-2.537,1.427,67.99,-0.51,1.7,0.0
ATOM,4559.0,CB,ASP,286.0,-4.623,0.635,70.342,-0.28,2.175,5.97
ATOM,4560.0,CG,ASP,286.0,-3.493,-0.343,70.507,0.62,2.0,3.03
ATOM,4561.0,OD1,ASP,286.0,-2.609,-0.074,71.336,-0.76,1.7,29.85
ATOM,4562.0,OD2,ASP,286.0,-3.477,-1.376,69.81,-0.76,1.7,12.38
ATOM,4563.0,H,ASP,286.0,-6.235,2.676,69.814,0.31,0.2245,0.0
ATOM,4564.0,HA,ASP,286.0,-3.387,2.34,70.151,0.09,1.32,2.74
ATOM,4565.0,HB2,ASP,286.0,-4.989,0.861,71.237,0.09,1.32,4.56
ATOM,4566.0,HB3,ASP,286.0,-5.325,0.226,69.771,0.09,1.32,0.0
ATOM,4567.0,N,LEU,287.0,-4.688,1.643,67.326,-0.47,1.85,0.0
ATOM,4568.0,CA,LEU,287.0,-4.402,1.407,65.913,0.07,2.275,0.0
ATOM,4569.0,C,LEU,287.0,-3.764,2.655,65.327,0.51,2.0,0.0
ATOM,4570.0,O,LEU,287.0,-2.876,2.563,64.48,-0.51,1.7,0.0
ATOM,4571.0,CB,LEU,287.0,-5.683,1.073,65.143,-0.18,2.175,0.0
ATOM,4572.0,CG,LEU,287.0,-5.481,0.844,63.642,-0.09,2.275,0.0
ATOM,4573.0,CD1,LEU,287.0,-4.412,-0.2,63.408,-0.27,2.06,0.0
ATOM,4574.0,CD2,LEU,287.0,-6.786,0.404,63.021,-0.27,2.06,0.0
ATOM,4575.0,H,LEU,287.0,-5.643,1.821,67.695,0.31,0.2245,0.0
ATOM,4576.0,HA,LEU,287.0,-3.753,0.652,65.84,0.09,1.32,0.0
ATOM,4577.0,HB2,LEU,287.0,-6.059,0.24,65.522,0.09,1.32,0.0
ATOM,4578.0,HB3,LEU,287.0,-6.308,1.831,65.247,0.09,1.32,0.0
ATOM,4579.0,HG,LEU,287.0,-5.207,1.707,63.219,0.09,1.32,0.0
ATOM,4580.0,HD11,LEU,287.0,-4.684,-1.065,63.834,0.09,1.32,0.0
ATOM,4581.0,HD12,LEU,287.0,-4.287,-0.343,62.424,0.09,1.32,0.0
ATOM,4582.0,HD13,LEU,287.0,-3.546,0.106,63.808,0.09,1.32,0.0
ATOM,4583.0,HD21,LEU,287.0,-7.483,1.111,63.158,0.09,1.32,0.0
ATOM,4584.0,HD22,LEU,287.0,-6.661,0.252,62.038,0.09,1.32,0.0
ATOM,4585.0,HD23,LEU,287.0,-7.095,-0.449,63.448,0.09,1.32,0.0
ATOM,4586.0,N,LEU,288.0,-4.227,3.82,65.781,-0.47,1.85,0.0
ATOM,4587.0,CA,LEU,288.0,-3.686,5.11,65.341,0.07,2.275,0.0
ATOM,4588.0,C,LEU,288.0,-2.197,5.169,65.681,0.51,2.0,0.0
ATOM,4589.0,O,LEU,288.0,-1.376,5.61,64.874,-0.51,1.7,0.0
ATOM,4590.0,CB,LEU,288.0,-4.393,6.27,66.064,-0.18,2.175,0.0
ATOM,4591.0,CG,LEU,288.0,-3.856,7.681,65.785,-0.09,2.275,0.0
ATOM,4592.0,CD1,LEU,288.0,-3.958,7.953,64.301,-0.27,2.06,0.0
ATOM,4593.0,CD2,LEU,288.0,-4.637,8.732,66.564,-0.27,2.06,0.0
ATOM,4594.0,H,LEU,288.0,-5.003,3.736,66.472,0.31,0.2245,0.0
ATOM,4595.0,HA,LEU,288.0,-3.788,5.177,64.351,0.09,1.32,0.0
ATOM,4596.0,HB2,LEU,288.0,-5.351,6.258,65.791,0.09,1.32,0.0
ATOM,4597.0,HB3,LEU,288.0,-4.314,6.11,67.043,0.09,1.32,0.0
ATOM,4598.0,HG,LEU,288.0,-2.907,7.725,66.072,0.09,1.32,0.0
ATOM,4599.0,HD11,LEU,288.0,-4.915,7.892,64.01,0.09,1.32,0.0
ATOM,4600.0,HD12,LEU,288.0,-3.611,8.871,64.1,0.09,1.32,0.0
ATOM,4601.0,HD13,LEU,288.0,-3.417,7.279,63.795,0.09,1.32,0.0
ATOM,4602.0,HD21,LEU,288.0,-4.557,8.548,67.544,0.09,1.32,0.0
ATOM,4603.0,HD22,LEU,288.0,-4.267,9.639,66.364,0.09,1.32,0.0
ATOM,4604.0,HD23,LEU,288.0,-5.6,8.699,66.296,0.09,1.32,0.0
ATOM,4605.0,N,ASP,289.0,-1.873,4.721,66.891,-0.47,1.85,0.0
ATOM,4606.0,CA,ASP,289.0,-0.508,4.697,67.379,0.07,2.275,0.0
ATOM,4607.0,C,ASP,289.0,0.386,3.856,66.485,0.51,2.0,0.0
ATOM,4608.0,O,ASP,289.0,1.49,4.268,66.145,-0.51,1.7,0.75
ATOM,4609.0,CB,ASP,289.0,-0.46,4.139,68.802,-0.28,2.175,2.89
ATOM,4610.0,CG,ASP,289.0,0.956,4.081,69.349,0.62,2.0,2.45
ATOM,4611.0,OD1,ASP,289.0,1.57,5.158,69.506,-0.76,1.7,10.75
ATOM,4612.0,OD2,ASP,289.0,1.462,2.966,69.604,-0.76,1.7,31.46
ATOM,4613.0,H,ASP,289.0,-2.69,4.389,67.456,0.31,0.2245,0.0
ATOM,4614.0,HA,ASP,289.0,-0.158,5.644,67.341,0.09,1.32,0.0
ATOM,4615.0,HB2,ASP,289.0,-1.002,4.731,69.383,0.09,1.32,0.0
ATOM,4616.0,HB3,ASP,289.0,-0.833,3.222,68.786,0.09,1.32,0.0
ATOM,4617.0,N,LYS,290.0,-0.098,2.673,66.121,-0.47,1.85,0.0
ATOM,4618.0,CA,LYS,290.0,0.64,1.756,65.269,0.07,2.275,0.27
ATOM,4619.0,C,LYS,290.0,0.768,2.253,63.835,0.51,2.0,0.0
ATOM,4620.0,O,LYS,290.0,1.67,1.83,63.104,-0.51,1.7,0.0
ATOM,4621.0,CB,LYS,290.0,-0.041,0.39,65.289,-0.18,2.175,1.64
ATOM,4622.0,CG,LYS,290.0,-0.097,-0.249,66.68,-0.18,2.175,1.68
ATOM,4623.0,CD,LYS,290.0,-0.682,-1.643,66.617,-0.18,2.175,2.77
ATOM,4624.0,CE,LYS,290.0,-0.798,-2.248,67.996,0.21,2.175,9.88
ATOM,4625.0,NZ,LYS,290.0,0.313,-1.8,68.886,-0.3,1.85,11.21
ATOM,4626.0,H,LYS,290.0,-1.05,2.463,66.499,0.31,0.2245,0.0
ATOM,4627.0,HA,LYS,290.0,1.573,1.632,65.651,0.09,1.32,2.15
ATOM,4628.0,HB2,LYS,290.0,-0.975,0.498,64.962,0.09,1.32,0.0
ATOM,4629.0,HB3,LYS,290.0,0.464,-0.223,64.688,0.09,1.32,0.61
ATOM,4630.0,HG2,LYS,290.0,0.83,-0.297,67.047,0.09,1.32,4.66
ATOM,4631.0,HG3,LYS,290.0,-0.664,0.32,67.272,0.09,1.32,0.0
ATOM,4632.0,HD2,LYS,290.0,-1.59,-1.594,66.212,0.09,1.32,0.0
ATOM,4633.0,HD3,LYS,290.0,-0.088,-2.219,66.064,0.09,1.32,6.62
ATOM,4634.0,HE2,LYS,290.0,-1.672,-1.975,68.405,0.05,1.32,0.0
ATOM,4635.0,HE3,LYS,290.0,-0.772,-3.248,67.922,0.05,1.32,11.91
ATOM,4636.0,HZ1,LYS,290.0,0.618,-0.893,68.601,0.33,0.2245,1.6
ATOM,4637.0,HZ2,LYS,290.0,-0.014,-1.764,69.829,0.33,0.2245,11.27
ATOM,4638.0,HZ3,LYS,290.0,1.071,-2.447,68.818,0.33,0.2245,20.01
ATOM,4639.0,N,MET,291.0,-0.131,3.145,63.424,-0.47,1.85,0.0
ATOM,4640.0,CA,MET,291.0,-0.084,3.709,62.074,0.07,2.275,0.0
ATOM,4641.0,C,MET,291.0,0.844,4.927,62.064,0.51,2.0,0.0
ATOM,4642.0,O,MET,291.0,1.609,5.133,61.123,-0.51,1.7,0.0
ATOM,4643.0,CB,MET,291.0,-1.489,4.125,61.596,-0.18,2.175,0.0
ATOM,4644.0,CG,MET,291.0,-2.455,2.953,61.41,-0.14,2.175,0.0
ATOM,4645.0,SD,MET,291.0,-4.022,3.334,60.575,-0.09,2.0,0.0
ATOM,4646.0,CE,MET,291.0,-4.789,4.31,61.761,-0.22,2.06,0.0
ATOM,4647.0,H,MET,291.0,-0.849,3.399,64.125,0.31,0.2245,0.0
ATOM,4648.0,HA,MET,291.0,0.303,3.022,61.46,0.09,1.32,0.0
ATOM,4649.0,HB2,MET,291.0,-1.886,4.759,62.269,0.09,1.32,0.0
ATOM,4650.0,HB3,MET,291.0,-1.402,4.607,60.717,0.09,1.32,0.0
ATOM,4651.0,HG2,MET,291.0,-1.948,2.199,60.903,0.09,1.32,0.0
ATOM,4652.0,HG3,MET,291.0,-2.635,2.536,62.346,0.09,1.32,0.0
ATOM,4653.0,HE1,MET,291.0,-5.573,3.83,62.189,0.09,1.32,0.0
ATOM,4654.0,HE2,MET,291.0,-4.149,4.564,62.505,0.09,1.32,0.0
ATOM,4655.0,HE3,MET,291.0,-5.145,5.172,61.362,0.09,1.32,0.0
ATOM,4656.0,N,LEU,292.0,0.771,5.745,63.107,-0.47,1.85,0.0
ATOM,4657.0,CA,LEU,292.0,1.627,6.915,63.186,0.07,2.275,0.0
ATOM,4658.0,C,LEU,292.0,2.894,6.561,63.959,0.51,2.0,0.0
ATOM,4659.0,O,LEU,292.0,3.21,7.158,64.983,-0.51,1.7,1.61
ATOM,4660.0,CB,LEU,292.0,0.891,8.052,63.872,-0.18,2.175,0.0
ATOM,4661.0,CG,LEU,292.0,-0.317,8.545,63.081,-0.09,2.275,0.0
ATOM,4662.0,CD1,LEU,292.0,-0.888,9.773,63.76,-0.27,2.06,0.0
ATOM,4663.0,CD2,LEU,292.0,0.091,8.86,61.661,-0.27,2.06,0.0
ATOM,4664.0,H,LEU,292.0,0.079,5.484,63.826,0.31,0.2245,0.0
ATOM,4665.0,HA,LEU,292.0,1.889,7.189,62.26,0.09,1.32,0.0
ATOM,4666.0,HB2,LEU,292.0,0.563,7.728,64.742,0.09,1.32,0.0
ATOM,4667.0,HB3,LEU,292.0,1.511,8.809,63.969,0.09,1.32,0.0
ATOM,4668.0,HG,LEU,292.0,-1.005,7.826,63.057,0.09,1.32,0.0
ATOM,4669.0,HD11,LEU,292.0,-0.194,10.494,63.794,0.09,1.32,0.0
ATOM,4670.0,HD12,LEU,292.0,-1.682,10.104,63.247,0.09,1.32,0.0
ATOM,4671.0,HD13,LEU,292.0,-1.17,9.543,64.693,0.09,1.32,0.0
ATOM,4672.0,HD21,LEU,292.0,0.456,8.036,61.221,0.09,1.32,0.0
ATOM,4673.0,HD22,LEU,292.0,-0.704,9.184,61.143,0.09,1.32,0.0
ATOM,4674.0,HD23,LEU,292.0,0.796,9.573,61.66,0.09,1.32,0.0
ATOM,4675.0,N,THR,293.0,3.599,5.557,63.46,-0.47,1.85,0.0
ATOM,4676.0,CA,THR,293.0,4.842,5.091,64.056,0.07,2.275,0.06
ATOM,4677.0,C,THR,293.0,5.982,5.785,63.282,0.51,2.0,0.0
ATOM,4678.0,O,THR,293.0,5.98,5.809,62.054,-0.51,1.7,0.0
ATOM,4679.0,CB,THR,293.0,4.921,3.526,63.959,0.14,2.275,0.0
ATOM,4680.0,OG1,THR,293.0,4.193,2.945,65.046,-0.66,1.77,11.28
ATOM,4681.0,CG2,THR,293.0,6.354,3.023,64.018,-0.27,2.06,1.59
ATOM,4682.0,H,THR,293.0,3.185,5.126,62.598,0.31,0.2245,0.0
ATOM,4683.0,HA,THR,293.0,4.885,5.391,64.996,0.09,1.32,4.5
ATOM,4684.0,HB,THR,293.0,4.485,3.242,63.086,0.09,1.32,0.0
ATOM,4685.0,HG21,THR,293.0,6.645,2.933,64.974,0.09,1.32,9.47
ATOM,4686.0,HG22,THR,293.0,6.42,2.128,63.57,0.09,1.32,0.0
ATOM,4687.0,HG23,THR,293.0,6.962,3.669,63.55,0.09,1.32,0.0
ATOM,4688.0,HG1,THR,293.0,3.387,3.505,65.267,0.43,0.2245,0.1
ATOM,4689.0,N,PHE,294.0,6.934,6.375,64.001,-0.47,1.85,0.0
ATOM,4690.0,CA,PHE,294.0,8.039,7.08,63.365,0.07,2.275,0.0
ATOM,4691.0,C,PHE,294.0,8.844,6.228,62.398,0.51,2.0,0.0
ATOM,4692.0,O,PHE,294.0,9.103,6.634,61.27,-0.51,1.7,0.88
ATOM,4693.0,CB,PHE,294.0,8.981,7.649,64.428,-0.18,2.175,7.6
ATOM,4694.0,CG,PHE,294.0,10.135,8.414,63.859,0.0,1.9924,0.0
ATOM,4695.0,CD1,PHE,294.0,10.007,9.759,63.547,-0.115,1.9924,0.39
ATOM,4696.0,CD2,PHE,294.0,11.341,7.773,63.59,-0.115,1.9924,0.0
ATOM,4697.0,CE1,PHE,294.0,11.052,10.449,62.977,-0.115,1.9924,0.0
ATOM,4698.0,CE2,PHE,294.0,12.394,8.467,63.014,-0.115,1.9924,4.45
ATOM,4699.0,CZ,PHE,294.0,12.242,9.808,62.71,-0.115,1.9924,0.49
ATOM,4700.0,H,PHE,294.0,6.821,6.29,65.028,0.31,0.2245,6.8
ATOM,4701.0,HA,PHE,294.0,7.63,7.836,62.819,0.09,1.32,0.0
ATOM,4702.0,HB2,PHE,294.0,8.456,8.261,64.999,0.09,1.32,0.06
ATOM,4703.0,HB3,PHE,294.0,9.34,6.89,64.949,0.09,1.32,0.34
ATOM,4704.0,HD1,PHE,294.0,9.149,10.231,63.739,0.115,1.3582,0.0
ATOM,4705.0,HD2,PHE,294.0,11.447,6.806,63.815,0.115,1.3582,0.0
ATOM,4706.0,HE1,PHE,294.0,10.94,11.43,62.754,0.115,1.3582,0.0
ATOM,4707.0,HE2,PHE,294.0,13.264,7.99,62.819,0.115,1.3582,0.22
ATOM,4708.0,HZ,PHE,294.0,13.001,10.317,62.294,0.115,1.3582,0.0
ATOM,4709.0,N,ASN,295.0,9.259,5.051,62.857,-0.47,1.85,0.0
ATOM,4710.0,CA,ASN,295.0,10.054,4.119,62.052,0.07,2.275,0.29
ATOM,4711.0,C,ASN,295.0,9.143,3.393,61.085,0.51,2.0,0.0
ATOM,4712.0,O,ASN,295.0,8.234,2.67,61.499,-0.51,1.7,0.0
ATOM,4713.0,CB,ASN,295.0,10.751,3.098,62.955,-0.18,2.175,0.04
ATOM,4714.0,CG,ASN,295.0,11.786,2.253,62.214,0.55,2.0,0.26
ATOM,4715.0,H,ASN,295.0,8.971,4.845,63.841,0.31,0.2245,0.44
ATOM,4716.0,HA,ASN,295.0,10.689,4.67,61.51,0.09,1.32,0.58
ATOM,4717.0,HB2,ASN,295.0,11.214,3.588,63.689,0.09,1.32,0.0
ATOM,4718.0,HB3,ASN,295.0,10.061,2.487,63.334,0.09,1.32,0.0
ATOM,4719.0,OD1,ASN,295.0,11.691,2.032,61.011,-0.55,1.7,0.0
ATOM,4720.0,ND2,ASN,295.0,12.777,1.777,62.945,-0.62,1.85,0.25
ATOM,4721.0,HD22,ASN,295.0,12.821,1.968,63.927,0.3,0.2245,0.0
ATOM,4722.0,HD21,ASN,295.0,13.494,1.218,62.52,0.32,0.2245,7.32
ATOM,4723.0,N,PRO,296.0,9.38,3.566,59.779,-0.29,1.85,0.0
ATOM,4724.0,CA,PRO,296.0,8.569,2.923,58.742,0.02,2.275,0.0
ATOM,4725.0,C,PRO,296.0,8.576,1.406,58.826,0.51,2.0,0.0
ATOM,4726.0,O,PRO,296.0,7.583,0.742,58.501,-0.51,1.7,4.66
ATOM,4727.0,CB,PRO,296.0,9.184,3.428,57.441,-0.18,2.175,2.76
ATOM,4728.0,CG,PRO,296.0,10.553,3.841,57.804,-0.18,2.175,9.12
ATOM,4729.0,CD,PRO,296.0,10.446,4.392,59.196,0.0,2.175,5.51
ATOM,4730.0,HA,PRO,296.0,7.615,3.279,58.767,0.09,1.32,0.0
ATOM,4731.0,HB2,PRO,296.0,9.194,2.696,56.748,0.09,1.32,2.16
ATOM,4732.0,HB3,PRO,296.0,8.652,4.201,57.076,0.09,1.32,0.0
ATOM,4733.0,HG2,PRO,296.0,11.185,3.056,57.78,0.09,1.32,0.0
ATOM,4734.0,HG3,PRO,296.0,10.897,4.543,57.169,0.09,1.32,1.64
ATOM,4735.0,HD2,PRO,296.0,11.297,4.277,59.702,0.09,1.32,0.86
ATOM,4736.0,HD3,PRO,296.0,10.183,5.355,59.19,0.09,1.32,0.08
ATOM,4737.0,N,HIS,297.0,9.702,0.858,59.264,-0.47,1.85,0.0
ATOM,4738.0,CA,HIS,297.0,9.841,-0.59,59.387,0.07,2.275,1.03
ATOM,4739.0,C,HIS,297.0,9.002,-1.144,60.546,0.51,2.0,0.0
ATOM,4740.0,O,HIS,297.0,8.622,-2.311,60.545,-0.51,1.7,28.07
ATOM,4741.0,CB,HIS,297.0,11.326,-0.958,59.577,-0.08,2.175,12.75
ATOM,4742.0,CG,HIS,297.0,12.249,-0.298,58.595,0.22,1.8,0.82
ATOM,4743.0,H,HIS,297.0,10.454,1.528,59.505,0.31,0.2245,0.0
ATOM,4744.0,HA,HIS,297.0,9.514,-1.017,58.534,0.09,1.32,7.86
ATOM,4745.0,HB2,HIS,297.0,11.608,-0.693,60.505,0.09,1.32,0.46
ATOM,4746.0,HB3,HIS,297.0,11.425,-1.955,59.485,0.09,1.32,10.32
ATOM,4747.0,ND1,HIS,297.0,13.031,0.789,58.924,-0.7,1.85,3.53
ATOM,4748.0,CD2,HIS,297.0,12.493,-0.554,57.287,-0.05,1.8,19.0
ATOM,4749.0,CE1,HIS,297.0,13.716,1.176,57.86,0.25,1.8,11.57
ATOM,4750.0,NE2,HIS,297.0,13.407,0.378,56.854,-0.36,1.85,10.2
ATOM,4751.0,HD2,HIS,297.0,12.087,-1.28,56.74,0.09,1.468,15.99
ATOM,4752.0,HE1,HIS,297.0,14.354,1.939,57.824,0.13,0.9,4.02
ATOM,4753.0,HE2,HIS,297.0,13.779,0.44,55.926,0.32,0.2245,23.06
ATOM,4754.0,N,LYS,298.0,8.71,-0.304,61.534,-0.47,1.85,0.0
ATOM,4755.0,CA,LYS,298.0,7.924,-0.737,62.683,0.07,2.275,2.23
ATOM,4756.0,C,LYS,298.0,6.473,-0.29,62.578,0.51,2.0,0.45
ATOM,4757.0,O,LYS,298.0,5.677,-0.504,63.484,-0.51,1.7,18.57
ATOM,4758.0,CB,LYS,298.0,8.524,-0.191,63.98,-0.18,2.175,3.73
ATOM,4759.0,CG,LYS,298.0,9.973,-0.581,64.203,-0.18,2.175,9.43
ATOM,4760.0,CD,LYS,298.0,10.701,0.495,64.971,-0.18,2.175,0.67
ATOM,4761.0,CE,LYS,298.0,11.806,-0.09,65.827,0.21,2.175,7.32
ATOM,4762.0,NZ,LYS,298.0,12.001,0.71,67.07,-0.3,1.85,3.86
ATOM,4763.0,H,LYS,298.0,9.079,0.656,61.418,0.31,0.2245,0.0
ATOM,4764.0,HA,LYS,298.0,7.949,-1.747,62.733,0.09,1.32,6.84
ATOM,4765.0,HB2,LYS,298.0,8.466,0.805,63.954,0.09,1.32,0.0
ATOM,4766.0,HB3,LYS,298.0,7.982,-0.539,64.743,0.09,1.32,8.57
ATOM,4767.0,HG2,LYS,298.0,10.004,-1.433,64.723,0.09,1.32,8.13
ATOM,4768.0,HG3,LYS,298.0,10.416,-0.709,63.318,0.09,1.32,0.0
ATOM,4769.0,HD2,LYS,298.0,11.106,1.138,64.327,0.09,1.32,0.0
ATOM,4770.0,HD3,LYS,298.0,10.056,0.966,65.566,0.09,1.32,4.14
ATOM,4771.0,HE2,LYS,298.0,11.566,-1.029,66.076,0.05,1.32,7.31
ATOM,4772.0,HE3,LYS,298.0,12.659,-0.095,65.304,0.05,1.32,2.29
ATOM,4773.0,HZ1,LYS,298.0,12.032,1.681,66.836,0.33,0.2245,0.0
ATOM,4774.0,HZ2,LYS,298.0,11.241,0.539,67.696,0.33,0.2245,18.05
ATOM,4775.0,HZ3,LYS,298.0,12.86,0.442,67.504,0.33,0.2245,0.0
ATOM,4776.0,N,ARG,299.0,6.138,0.352,61.471,-0.47,1.85,0.0
ATOM,4777.0,CA,ARG,299.0,4.777,0.813,61.24,0.07,2.275,0.0
ATOM,4778.0,C,ARG,299.0,3.903,-0.389,60.833,0.51,2.0,0.01
ATOM,4779.0,O,ARG,299.0,4.32,-1.239,60.043,-0.51,1.7,9.02
ATOM,4780.0,CB,ARG,299.0,4.791,1.868,60.137,-0.18,2.175,0.0
ATOM,4781.0,CG,ARG,299.0,3.576,2.753,60.092,-0.18,2.175,0.0
ATOM,4782.0,CD,ARG,299.0,3.848,3.894,59.149,0.2,2.175,0.0
ATOM,4783.0,NE,ARG,299.0,4.899,4.76,59.66,-0.7,1.85,0.0
ATOM,4784.0,CZ,ARG,299.0,5.749,5.433,58.896,0.64,2.0,0.0
ATOM,4785.0,NH1,ARG,299.0,5.67,5.349,57.576,-0.8,1.85,0.0
ATOM,4786.0,NH2,ARG,299.0,6.677,6.197,59.449,-0.8,1.85,0.0
ATOM,4787.0,H,ARG,299.0,6.914,0.496,60.795,0.31,0.2245,0.0
ATOM,4788.0,HA,ARG,299.0,4.409,1.195,62.085,0.09,1.32,0.0
ATOM,4789.0,HB2,ARG,299.0,5.598,2.446,60.273,0.09,1.32,0.0
ATOM,4790.0,HB3,ARG,299.0,4.869,1.395,59.258,0.09,1.32,0.0
ATOM,4791.0,HG2,ARG,299.0,2.801,2.243,59.753,0.09,1.32,0.0
ATOM,4792.0,HG3,ARG,299.0,3.398,3.125,60.99,0.09,1.32,0.0
ATOM,4793.0,HD2,ARG,299.0,4.13,3.517,58.272,0.09,1.32,0.0
ATOM,4794.0,HD3,ARG,299.0,3.01,4.421,59.044,0.09,1.32,0.0
ATOM,4795.0,HE,ARG,299.0,4.988,4.855,60.66,0.44,0.2245,0.0
ATOM,4796.0,HH11,ARG,299.0,4.965,4.8,57.134,0.46,0.2245,0.0
ATOM,4797.0,HH12,ARG,299.0,6.334,5.85,57.005,0.46,0.2245,0.0
ATOM,4798.0,HH21,ARG,299.0,6.722,6.28,60.449,0.46,0.2245,0.0
ATOM,4799.0,HH22,ARG,299.0,7.331,6.691,58.879,0.46,0.2245,0.0
ATOM,4800.0,N,ILE,300.0,2.697,-0.463,61.384,-0.47,1.85,0.48
ATOM,4801.0,CA,ILE,300.0,1.779,-1.548,61.073,0.07,2.275,2.94
ATOM,4802.0,C,ILE,300.0,1.507,-1.617,59.561,0.51,2.0,0.0
ATOM,4803.0,O,ILE,300.0,1.582,-0.601,58.865,-0.51,1.7,1.21
ATOM,4804.0,CB,ILE,300.0,0.446,-1.351,61.833,-0.09,2.275,1.06
ATOM,4805.0,CG1,ILE,300.0,-0.355,-2.651,61.823,-0.18,2.175,0.52
ATOM,4806.0,CG2,ILE,300.0,-0.36,-0.205,61.205,-0.27,2.06,0.0
ATOM,4807.0,CD1,ILE,300.0,-1.608,-2.586,62.679,-0.27,2.06,4.66
ATOM,4808.0,H,ILE,300.0,2.472,0.308,62.044,0.31,0.2245,0.0
ATOM,4809.0,HA,ILE,300.0,2.251,-2.401,61.312,0.09,1.32,3.48
ATOM,4810.0,HB,ILE,300.0,0.664,-1.127,62.774,0.09,1.32,0.05
ATOM,4811.0,HG12,ILE,300.0,-0.617,-2.857,60.885,0.09,1.32,0.0
ATOM,4812.0,HG13,ILE,300.0,0.227,-3.382,62.168,0.09,1.32,3.4
ATOM,4813.0,HG21,ILE,300.0,-1.199,-0.071,61.726,0.09,1.32,0.0
ATOM,4814.0,HG22,ILE,300.0,0.186,0.628,61.225,0.09,1.32,0.0
ATOM,4815.0,HG23,ILE,300.0,-0.582,-0.44,60.263,0.09,1.32,0.0
ATOM,4816.0,HD11,ILE,300.0,-2.202,-1.86,62.338,0.09,1.32,0.0
ATOM,4817.0,HD12,ILE,300.0,-2.085,-3.462,62.631,0.09,1.32,0.04
ATOM,4818.0,HD13,ILE,300.0,-1.35,-2.394,63.624,0.09,1.32,0.0
ATOM,4819.0,N,GLU,301.0,1.212,-2.816,59.06,-0.47,1.85,0.0
ATOM,4820.0,CA,GLU,301.0,0.912,-3.029,57.637,0.07,2.275,0.01
ATOM,4821.0,C,GLU,301.0,-0.594,-2.982,57.428,0.51,2.0,0.0
ATOM,4822.0,O,GLU,301.0,-1.354,-3.107,58.385,-0.51,1.7,0.0
ATOM,4823.0,CB,GLU,301.0,1.44,-4.379,57.179,-0.18,2.175,3.44
ATOM,4824.0,CG,GLU,301.0,2.931,-4.55,57.378,-0.28,2.175,10.83
ATOM,4825.0,CD,GLU,301.0,3.667,-4.672,56.06,0.62,2.0,5.63
ATOM,4826.0,OE1,GLU,301.0,3.03,-5.063,55.06,-0.76,1.7,29.14
ATOM,4827.0,OE2,GLU,301.0,4.88,-4.382,56.021,-0.76,1.7,47.6
ATOM,4828.0,H,GLU,301.0,1.212,-3.589,59.76,0.31,0.2245,0.0
ATOM,4829.0,HA,GLU,301.0,1.352,-2.316,57.093,0.09,1.32,3.13
ATOM,4830.0,HB2,GLU,301.0,0.986,-5.076,57.707,0.09,1.32,0.0
ATOM,4831.0,HB3,GLU,301.0,1.255,-4.466,56.216,0.09,1.32,0.19
ATOM,4832.0,HG2,GLU,301.0,3.276,-3.756,57.838,0.09,1.32,0.23
ATOM,4833.0,HG3,GLU,301.0,3.086,-5.377,57.881,0.09,1.32,4.69
ATOM,4834.0,N,VAL,302.0,-1.031,-2.819,56.181,-0.47,1.85,0.0
ATOM,4835.0,CA,VAL,302.0,-2.462,-2.714,55.9,0.07,2.275,0.0
ATOM,4836.0,C,VAL,302.0,-3.279,-3.909,56.361,0.51,2.0,0.0
ATOM,4837.0,O,VAL,302.0,-4.358,-3.738,56.92,-0.51,1.7,0.0
ATOM,4838.0,CB,VAL,302.0,-2.722,-2.446,54.399,-0.09,2.275,0.0
ATOM,4839.0,CG1,VAL,302.0,-2.245,-3.619,53.561,-0.27,2.06,4.99
ATOM,4840.0,CG2,VAL,302.0,-4.217,-2.168,54.171,-0.27,2.06,0.0
ATOM,4841.0,H,VAL,302.0,-0.298,-2.775,55.458,0.31,0.2245,2.48
ATOM,4842.0,HA,VAL,302.0,-2.814,-1.888,56.385,0.09,1.32,0.0
ATOM,4843.0,HB,VAL,302.0,-2.177,-1.656,54.138,0.09,1.32,0.0
ATOM,4844.0,HG11,VAL,302.0,-1.329,-3.892,53.857,0.09,1.32,2.15
ATOM,4845.0,HG12,VAL,302.0,-2.873,-4.39,53.674,0.09,1.32,0.0
ATOM,4846.0,HG13,VAL,302.0,-2.216,-3.353,52.597,0.09,1.32,0.0
ATOM,4847.0,HG21,VAL,302.0,-4.74,-2.598,54.903,0.09,1.32,0.0
ATOM,4848.0,HG22,VAL,302.0,-4.366,-1.182,54.178,0.09,1.32,0.0
ATOM,4849.0,HG23,VAL,302.0,-4.485,-2.549,53.289,0.09,1.32,0.0
ATOM,4850.0,N,GLU,303.0,-2.759,-5.117,56.148,-0.47,1.85,0.0
ATOM,4851.0,CA,GLU,303.0,-3.459,-6.337,56.557,0.07,2.275,0.0
ATOM,4852.0,C,GLU,303.0,-3.506,-6.5,58.071,0.51,2.0,0.04
ATOM,4853.0,O,GLU,303.0,-4.474,-7.036,58.615,-0.51,1.7,1.35
ATOM,4854.0,CB,GLU,303.0,-2.795,-7.561,55.943,-0.18,2.175,7.33
ATOM,4855.0,CG,GLU,303.0,-3.513,-8.089,54.735,-0.28,2.175,2.26
ATOM,4856.0,CD,GLU,303.0,-2.592,-8.23,53.547,0.62,2.0,2.27
ATOM,4857.0,OE1,GLU,303.0,-1.607,-8.997,53.645,-0.76,1.7,41.69
ATOM,4858.0,OE2,GLU,303.0,-2.849,-7.571,52.517,-0.76,1.7,12.03
ATOM,4859.0,H,GLU,303.0,-1.836,-5.119,55.678,0.31,0.2245,0.21
ATOM,4860.0,HA,GLU,303.0,-4.403,-6.321,56.191,0.09,1.32,0.0
ATOM,4861.0,HB2,GLU,303.0,-1.886,-7.3,55.668,0.09,1.32,2.52
ATOM,4862.0,HB3,GLU,303.0,-2.785,-8.27,56.626,0.09,1.32,7.67
ATOM,4863.0,HG2,GLU,303.0,-3.866,-8.982,54.943,0.09,1.32,7.94
ATOM,4864.0,HG3,GLU,303.0,-4.221,-7.456,54.486,0.09,1.32,0.0
ATOM,4865.0,N,GLN,304.0,-2.448,-6.048,58.742,-0.47,1.85,0.0
ATOM,4866.0,CA,GLN,304.0,-2.361,-6.104,60.197,0.07,2.275,1.65
ATOM,4867.0,C,GLN,304.0,-3.345,-5.087,60.747,0.51,2.0,0.0
ATOM,4868.0,O,GLN,304.0,-3.938,-5.283,61.805,-0.51,1.7,5.32
ATOM,4869.0,CB,GLN,304.0,-0.951,-5.735,60.667,-0.18,2.175,1.54
ATOM,4870.0,CG,GLN,304.0,0.03,-6.881,60.682,-0.18,2.175,11.52
ATOM,4871.0,CD,GLN,304.0,1.482,-6.437,60.883,0.55,2.0,1.04
ATOM,4872.0,OE1,GLN,304.0,1.854,-5.329,60.472,-0.55,1.7,3.37
ATOM,4873.0,NE2,GLN,304.0,2.302,-7.286,61.527,-0.62,1.85,28.84
ATOM,4874.0,H,GLN,304.0,-1.692,-5.653,58.14,0.31,0.2245,0.0
ATOM,4875.0,HA,GLN,304.0,-2.655,-7.007,60.49,0.09,1.32,3.0
ATOM,4876.0,HB2,GLN,304.0,-0.592,-5.018,60.06,0.09,1.32,0.0
ATOM,4877.0,HB3,GLN,304.0,-1.015,-5.36,61.599,0.09,1.32,2.01
ATOM,4878.0,HG2,GLN,304.0,-0.207,-7.508,61.428,0.09,1.32,9.02
ATOM,4879.0,HG3,GLN,304.0,-0.025,-7.374,59.81,0.09,1.32,6.31
ATOM,4880.0,HE21,GLN,304.0,3.264,-7.057,61.675,0.32,0.2245,21.63
ATOM,4881.0,HE22,GLN,304.0,1.912,-8.168,61.858,0.3,0.2245,17.45
ATOM,4882.0,N,ALA,305.0,-3.504,-3.984,60.021,-0.47,1.85,0.0
ATOM,4883.0,CA,ALA,305.0,-4.416,-2.933,60.433,0.07,2.275,0.0
ATOM,4884.0,C,ALA,305.0,-5.849,-3.449,60.356,0.51,2.0,0.0
ATOM,4885.0,O,ALA,305.0,-6.656,-3.225,61.255,-0.51,1.7,0.0
ATOM,4886.0,CB,ALA,305.0,-4.246,-1.73,59.532,-0.27,2.06,0.0
ATOM,4887.0,H,ALA,305.0,-2.931,-3.945,59.157,0.31,0.2245,0.0
ATOM,4888.0,HA,ALA,305.0,-4.219,-2.681,61.382,0.09,1.32,0.0
ATOM,4889.0,HB1,ALA,305.0,-4.982,-1.708,58.854,0.09,1.32,0.0
ATOM,4890.0,HB2,ALA,305.0,-4.276,-0.891,60.078,0.09,1.32,0.0
ATOM,4891.0,HB3,ALA,305.0,-3.365,-1.783,59.059,0.09,1.32,0.0
ATOM,4892.0,N,LEU,306.0,-6.164,-4.138,59.272,-0.47,1.85,0.0
ATOM,4893.0,CA,LEU,306.0,-7.496,-4.662,59.099,0.07,2.275,0.0
ATOM,4894.0,C,LEU,306.0,-7.826,-5.654,60.194,0.51,2.0,0.0
ATOM,4895.0,O,LEU,306.0,-8.951,-5.692,60.694,-0.51,1.7,0.0
ATOM,4896.0,CB,LEU,306.0,-7.614,-5.345,57.739,-0.18,2.175,0.0
ATOM,4897.0,CG,LEU,306.0,-7.778,-4.364,56.589,-0.09,2.275,0.0
ATOM,4898.0,CD1,LEU,306.0,-7.424,-5.037,55.282,-0.27,2.06,0.01
ATOM,4899.0,CD2,LEU,306.0,-9.199,-3.862,56.584,-0.27,2.06,0.0
ATOM,4900.0,H,LEU,306.0,-5.397,-4.26,58.589,0.31,0.2245,0.0
ATOM,4901.0,HA,LEU,306.0,-8.156,-3.901,59.15,0.09,1.32,0.0
ATOM,4902.0,HB2,LEU,306.0,-6.787,-5.856,57.582,0.09,1.32,0.0
ATOM,4903.0,HB3,LEU,306.0,-8.409,-5.924,57.757,0.09,1.32,0.0
ATOM,4904.0,HG,LEU,306.0,-7.173,-3.583,56.737,0.09,1.32,0.0
ATOM,4905.0,HD11,LEU,306.0,-8.027,-5.823,55.131,0.09,1.32,0.0
ATOM,4906.0,HD12,LEU,306.0,-7.533,-4.388,54.526,0.09,1.32,0.0
ATOM,4907.0,HD13,LEU,306.0,-6.474,-5.353,55.31,0.09,1.32,0.0
ATOM,4908.0,HD21,LEU,306.0,-9.402,-3.402,57.452,0.09,1.32,0.0
ATOM,4909.0,HD22,LEU,306.0,-9.329,-3.212,55.831,0.09,1.32,0.0
ATOM,4910.0,HD23,LEU,306.0,-9.833,-4.631,56.465,0.09,1.32,0.0
ATOM,4911.0,N,ALA,307.0,-6.836,-6.453,60.573,-0.47,1.85,0.0
ATOM,4912.0,CA,ALA,307.0,-7.038,-7.467,61.596,0.07,2.275,0.0
ATOM,4913.0,C,ALA,307.0,-6.982,-6.932,63.022,0.51,2.0,0.41
ATOM,4914.0,O,ALA,307.0,-7.05,-7.712,63.978,-0.51,1.7,21.68
ATOM,4915.0,CB,ALA,307.0,-6.024,-8.578,61.42,-0.27,2.06,19.59
ATOM,4916.0,H,ALA,307.0,-5.934,-6.294,60.09,0.31,0.2245,0.0
ATOM,4917.0,HA,ALA,307.0,-7.952,-7.897,61.451,0.09,1.32,0.0
ATOM,4918.0,HB1,ALA,307.0,-6.486,-9.413,61.118,0.09,1.32,0.02
ATOM,4919.0,HB2,ALA,307.0,-5.346,-8.311,60.734,0.09,1.32,0.0
ATOM,4920.0,HB3,ALA,307.0,-5.561,-8.754,62.29,0.09,1.32,7.09
ATOM,4921.0,N,HIS,308.0,-6.86,-5.616,63.174,-0.47,1.85,0.0
ATOM,4922.0,CA,HIS,308.0,-6.803,-5.017,64.5,0.07,2.275,0.94
ATOM,4923.0,C,HIS,308.0,-8.184,-5.052,65.176,0.51,2.0,0.0
ATOM,4924.0,O,HIS,308.0,-9.207,-4.911,64.514,-0.51,1.7,0.65
ATOM,4925.0,CB,HIS,308.0,-6.309,-3.589,64.377,-0.08,2.175,0.04
ATOM,4926.0,CG,HIS,308.0,-6.046,-2.923,65.687,0.22,1.8,0.0
ATOM,4927.0,H,HIS,308.0,-6.811,-5.075,62.294,0.31,0.2245,0.0
ATOM,4928.0,HA,HIS,308.0,-6.168,-5.55,65.069,0.09,1.32,2.67
ATOM,4929.0,HB2,HIS,308.0,-5.454,-3.578,63.841,0.09,1.32,0.0
ATOM,4930.0,HB3,HIS,308.0,-6.996,-3.042,63.879,0.09,1.32,0.0
ATOM,4931.0,ND1,HIS,308.0,-7.026,-2.264,66.397,-0.7,1.85,0.0
ATOM,4932.0,CD2,HIS,308.0,-4.909,-2.791,66.405,-0.05,1.8,3.04
ATOM,4933.0,CE1,HIS,308.0,-6.504,-1.753,67.497,0.25,1.8,1.73
ATOM,4934.0,NE2,HIS,308.0,-5.219,-2.059,67.525,-0.36,1.85,1.44
ATOM,4935.0,HD2,HIS,308.0,-4.011,-3.155,66.168,0.09,1.468,4.08
ATOM,4936.0,HE1,HIS,308.0,-6.992,-1.227,68.186,0.13,0.9,0.0
ATOM,4937.0,HE2,HIS,308.0,-4.575,-1.8,68.248,0.32,0.2245,0.0
ATOM,4938.0,N,PRO,309.0,-8.222,-5.252,66.508,-0.29,1.85,0.0
ATOM,4939.0,CA,PRO,309.0,-9.464,-5.315,67.294,0.02,2.275,0.69
ATOM,4940.0,C,PRO,309.0,-10.435,-4.171,67.072,0.51,2.0,0.0
ATOM,4941.0,O,PRO,309.0,-11.645,-4.33,67.254,-0.51,1.7,2.99
ATOM,4942.0,CB,PRO,309.0,-8.978,-5.374,68.737,-0.18,2.175,2.77
ATOM,4943.0,CG,PRO,309.0,-7.642,-6.025,68.635,-0.18,2.175,20.36
ATOM,4944.0,CD,PRO,309.0,-7.041,-5.464,67.365,0.0,2.175,6.68
ATOM,4945.0,HA,PRO,309.0,-9.929,-6.218,67.138,0.09,1.32,2.64
ATOM,4946.0,HB2,PRO,309.0,-8.901,-4.454,69.124,0.09,1.32,0.29
ATOM,4947.0,HB3,PRO,309.0,-9.601,-5.918,69.301,0.09,1.32,2.15
ATOM,4948.0,HG2,PRO,309.0,-7.072,-5.796,69.426,0.09,1.32,11.61
ATOM,4949.0,HG3,PRO,309.0,-7.735,-7.02,68.572,0.09,1.32,11.74
ATOM,4950.0,HD2,PRO,309.0,-6.571,-4.601,67.537,0.09,1.32,0.0
ATOM,4951.0,HD3,PRO,309.0,-6.412,-6.114,66.943,0.09,1.32,5.32
ATOM,4952.0,N,TYR,310.0,-9.924,-3.01,66.686,-0.47,1.85,0.0
ATOM,4953.0,CA,TYR,310.0,-10.824,-1.893,66.45,0.07,2.275,0.01
ATOM,4954.0,C,TYR,310.0,-11.762,-2.165,65.274,0.51,2.0,0.0
ATOM,4955.0,O,TYR,310.0,-12.887,-1.672,65.241,-0.51,1.7,6.68
ATOM,4956.0,CB,TYR,310.0,-10.042,-0.61,66.168,-0.18,2.175,0.0
ATOM,4957.0,CG,TYR,310.0,-10.946,0.587,65.922,0.0,1.9924,0.0
ATOM,4958.0,CD1,TYR,310.0,-11.907,0.959,66.859,-0.115,1.9924,1.72
ATOM,4959.0,CD2,TYR,310.0,-10.838,1.342,64.758,-0.115,1.9924,0.0
ATOM,4960.0,CE1,TYR,310.0,-12.726,2.044,66.65,-0.115,1.9924,2.0
ATOM,4961.0,CE2,TYR,310.0,-11.664,2.439,64.538,-0.115,1.9924,0.0
ATOM,4962.0,CZ,TYR,310.0,-12.602,2.782,65.489,0.11,1.9924,0.0
ATOM,4963.0,OH,TYR,310.0,-13.413,3.878,65.3,-0.54,1.77,0.0
ATOM,4964.0,H,TYR,310.0,-8.911,-2.976,66.577,0.31,0.2245,0.0
ATOM,4965.0,HA,TYR,310.0,-11.391,-1.76,67.274,0.09,1.32,0.62
ATOM,4966.0,HB2,TYR,310.0,-9.471,-0.41,66.954,0.09,1.32,0.0
ATOM,4967.0,HB3,TYR,310.0,-9.49,-0.75,65.357,0.09,1.32,0.0
ATOM,4968.0,HD1,TYR,310.0,-12.001,0.421,67.703,0.115,1.3582,1.05
ATOM,4969.0,HD2,TYR,310.0,-10.158,1.094,64.072,0.115,1.3582,0.0
ATOM,4970.0,HE1,TYR,310.0,-13.412,2.303,67.337,0.115,1.3582,0.0
ATOM,4971.0,HE2,TYR,310.0,-11.576,2.971,63.698,0.115,1.3582,0.0
ATOM,4972.0,HH,TYR,310.0,-13.816,4.142,66.174,0.43,0.2245,0.0
ATOM,4973.0,N,LEU,311.0,-11.291,-2.955,64.314,-0.47,1.85,0.0
ATOM,4974.0,CA,LEU,311.0,-12.063,-3.258,63.117,0.07,2.275,0.0
ATOM,4975.0,C,LEU,311.0,-12.682,-4.648,63.162,0.51,2.0,0.0
ATOM,4976.0,O,LEU,311.0,-13.142,-5.175,62.149,-0.51,1.7,0.0
ATOM,4977.0,CB,LEU,311.0,-11.169,-3.096,61.883,-0.18,2.175,0.0
ATOM,4978.0,CG,LEU,311.0,-10.639,-1.658,61.667,-0.09,2.275,0.0
ATOM,4979.0,CD1,LEU,311.0,-9.686,-1.619,60.471,-0.27,2.06,0.0
ATOM,4980.0,CD2,LEU,311.0,-11.811,-0.683,61.439,-0.27,2.06,0.0
ATOM,4981.0,H,LEU,311.0,-10.337,-3.332,64.491,0.31,0.2245,0.0
ATOM,4982.0,HA,LEU,311.0,-12.811,-2.579,63.036,0.09,1.32,0.0
ATOM,4983.0,HB2,LEU,311.0,-10.383,-3.681,61.992,0.09,1.32,0.0
ATOM,4984.0,HB3,LEU,311.0,-11.696,-3.334,61.086,0.09,1.32,0.0
ATOM,4985.0,HG,LEU,311.0,-10.155,-1.37,62.488,0.09,1.32,0.0
ATOM,4986.0,HD11,LEU,311.0,-10.173,-1.916,59.651,0.09,1.32,0.0
ATOM,4987.0,HD12,LEU,311.0,-9.353,-0.686,60.344,0.09,1.32,0.0
ATOM,4988.0,HD13,LEU,311.0,-8.915,-2.23,60.643,0.09,1.32,0.0
ATOM,4989.0,HD21,LEU,311.0,-12.406,-0.698,62.239,0.09,1.32,0.0
ATOM,4990.0,HD22,LEU,311.0,-11.447,0.236,61.302,0.09,1.32,0.0
ATOM,4991.0,HD23,LEU,311.0,-12.32,-0.971,60.631,0.09,1.32,0.0
ATOM,4992.0,N,GLU,312.0,-12.713,-5.21,64.365,-0.47,1.85,0.0
ATOM,4993.0,CA,GLU,312.0,-13.264,-6.529,64.62,0.07,2.275,0.11
ATOM,4994.0,C,GLU,312.0,-14.622,-6.808,63.995,0.51,2.0,0.0
ATOM,4995.0,O,GLU,312.0,-14.852,-7.877,63.429,-0.51,1.7,12.71
ATOM,4996.0,CB,GLU,312.0,-13.382,-6.759,66.123,-0.18,2.175,2.91
ATOM,4997.0,CG,GLU,312.0,-13.477,-8.216,66.506,-0.28,2.175,14.33
ATOM,4998.0,CD,GLU,312.0,-13.053,-8.478,67.948,0.62,2.0,6.12
ATOM,4999.0,OE1,GLU,312.0,-12.27,-7.669,68.483,-0.76,1.7,10.89
ATOM,5000.0,OE2,GLU,312.0,-13.505,-9.487,68.528,-0.76,1.7,48.2
ATOM,5001.0,H,GLU,312.0,-12.299,-4.61,65.125,0.31,0.2245,0.0
ATOM,5002.0,HA,GLU,312.0,-12.596,-7.242,64.298,0.09,1.32,3.04
ATOM,5003.0,HB2,GLU,312.0,-12.575,-6.387,66.546,0.09,1.32,0.0
ATOM,5004.0,HB3,GLU,312.0,-14.202,-6.311,66.431,0.09,1.32,6.03
ATOM,5005.0,HG2,GLU,312.0,-14.413,-8.504,66.422,0.09,1.32,7.68
ATOM,5006.0,HG3,GLU,312.0,-12.875,-8.736,65.928,0.09,1.32,8.3
ATOM,5007.0,N,GLN,313.0,-15.538,-5.865,64.093,-0.47,1.85,0.0
ATOM,5008.0,CA,GLN,313.0,-16.857,-6.125,63.55,0.07,2.275,1.77
ATOM,5009.0,C,GLN,313.0,-16.977,-6.114,62.024,0.51,2.0,0.89
ATOM,5010.0,O,GLN,313.0,-18.045,-6.404,61.486,-0.51,1.7,25.32
ATOM,5011.0,CB,GLN,313.0,-17.855,-5.162,64.187,-0.18,2.175,8.23
ATOM,5012.0,CG,GLN,313.0,-18.047,-3.874,63.455,-0.18,2.175,1.8
ATOM,5013.0,CD,GLN,313.0,-19.25,-3.126,63.972,0.55,2.0,2.45
ATOM,5014.0,H,GLN,313.0,-15.256,-5.0,64.552,0.31,0.2245,2.03
ATOM,5015.0,HA,GLN,313.0,-17.151,-7.057,63.87,0.09,1.32,9.65
ATOM,5016.0,HB2,GLN,313.0,-18.747,-5.63,64.254,0.09,1.32,9.78
ATOM,5017.0,HB3,GLN,313.0,-17.541,-4.956,65.125,0.09,1.32,4.27
ATOM,5018.0,HG2,GLN,313.0,-17.241,-3.3,63.579,0.09,1.32,0.33
ATOM,5019.0,HG3,GLN,313.0,-18.184,-4.062,62.485,0.09,1.32,0.0
ATOM,5020.0,OE1,GLN,313.0,-20.008,-2.528,63.205,-0.55,1.7,22.3
ATOM,5021.0,NE2,GLN,313.0,-19.436,-3.156,65.29,-0.62,1.85,23.76
ATOM,5022.0,HE21,GLN,313.0,-20.22,-2.662,65.718,0.32,0.2245,20.23
ATOM,5023.0,HE22,GLN,313.0,-18.783,-3.681,65.867,0.3,0.2245,10.63
ATOM,5024.0,N,TYR,314.0,-15.885,-5.795,61.333,-0.47,1.85,0.0
ATOM,5025.0,CA,TYR,314.0,-15.896,-5.751,59.877,0.07,2.275,1.19
ATOM,5026.0,C,TYR,314.0,-14.909,-6.73,59.266,0.51,2.0,0.41
ATOM,5027.0,O,TYR,314.0,-15.123,-7.256,58.178,-0.51,1.7,8.0
ATOM,5028.0,CB,TYR,314.0,-15.561,-4.344,59.385,-0.18,2.175,0.0
ATOM,5029.0,CG,TYR,314.0,-16.633,-3.342,59.69,0.0,1.9924,0.0
ATOM,5030.0,CD1,TYR,314.0,-17.818,-3.324,58.961,-0.115,1.9924,2.49
ATOM,5031.0,CD2,TYR,314.0,-16.486,-2.435,60.745,-0.115,1.9924,0.0
ATOM,5032.0,CE1,TYR,314.0,-18.842,-2.43,59.275,-0.115,1.9924,6.98
ATOM,5033.0,CE2,TYR,314.0,-17.501,-1.539,61.068,-0.115,1.9924,0.0
ATOM,5034.0,CZ,TYR,314.0,-18.678,-1.548,60.328,0.11,1.9924,0.0
ATOM,5035.0,OH,TYR,314.0,-19.701,-0.687,60.65,-0.54,1.77,16.39
ATOM,5036.0,H,TYR,314.0,-15.049,-5.586,61.909,0.31,0.2245,0.0
ATOM,5037.0,HA,TYR,314.0,-16.825,-6.001,59.56,0.09,1.32,3.5
ATOM,5038.0,HB2,TYR,314.0,-14.718,-4.053,59.828,0.09,1.32,0.0
ATOM,5039.0,HB3,TYR,314.0,-15.435,-4.382,58.398,0.09,1.32,0.0
ATOM,5040.0,HD1,TYR,314.0,-17.942,-3.959,58.199,0.115,1.3582,9.94
ATOM,5041.0,HD2,TYR,314.0,-15.641,-2.432,61.273,0.115,1.3582,0.0
ATOM,5042.0,HE1,TYR,314.0,-19.687,-2.431,58.741,0.115,1.3582,11.18
ATOM,5043.0,HE2,TYR,314.0,-17.386,-0.897,61.821,0.115,1.3582,0.4
ATOM,5044.0,HH,TYR,314.0,-19.338,0.063,61.2,0.43,0.2245,0.6
ATOM,5045.0,N,TYR,315.0,-13.829,-6.991,59.983,-0.47,1.85,0.0
ATOM,5046.0,CA,TYR,315.0,-12.8,-7.865,59.463,0.07,2.275,0.0
ATOM,5047.0,C,TYR,315.0,-13.295,-9.169,58.872,0.51,2.0,0.0
ATOM,5048.0,O,TYR,315.0,-13.975,-9.938,59.527,-0.51,1.7,20.63
ATOM,5049.0,CB,TYR,315.0,-11.772,-8.154,60.543,-0.18,2.175,0.54
ATOM,5050.0,CG,TYR,315.0,-10.53,-8.826,60.025,0.0,1.9924,0.0
ATOM,5051.0,CD1,TYR,315.0,-9.919,-8.404,58.849,-0.115,1.9924,0.0
ATOM,5052.0,CD2,TYR,315.0,-9.95,-9.877,60.73,-0.115,1.9924,6.03
ATOM,5053.0,CE1,TYR,315.0,-8.767,-9.007,58.392,-0.115,1.9924,0.0
ATOM,5054.0,CE2,TYR,315.0,-8.796,-10.492,60.282,-0.115,1.9924,4.15
ATOM,5055.0,CZ,TYR,315.0,-8.211,-10.058,59.118,0.11,1.9924,0.0
ATOM,5056.0,OH,TYR,315.0,-7.077,-10.695,58.667,-0.54,1.77,15.14
ATOM,5057.0,H,TYR,315.0,-13.789,-6.534,60.908,0.31,0.2245,0.0
ATOM,5058.0,HA,TYR,315.0,-12.295,-7.358,58.726,0.09,1.32,0.0
ATOM,5059.0,HB2,TYR,315.0,-11.508,-7.29,60.966,0.09,1.32,0.0
ATOM,5060.0,HB3,TYR,315.0,-12.189,-8.752,61.224,0.09,1.32,1.97
ATOM,5061.0,HD1,TYR,315.0,-10.325,-7.65,58.327,0.115,1.3582,0.0
ATOM,5062.0,HD2,TYR,315.0,-10.379,-10.191,61.578,0.115,1.3582,14.09
ATOM,5063.0,HE1,TYR,315.0,-8.328,-8.698,57.548,0.115,1.3582,0.01
ATOM,5064.0,HE2,TYR,315.0,-8.393,-11.246,60.802,0.115,1.3582,15.26
ATOM,5065.0,HH,TYR,315.0,-6.627,-10.119,57.987,0.43,0.2245,4.99
ATOM,5066.0,N,ASP,316.0,-12.929,-9.408,57.62,-0.47,1.85,0.0
ATOM,5067.0,CA,ASP,316.0,-13.3,-10.627,56.911,0.07,2.275,0.2
ATOM,5068.0,C,ASP,316.0,-12.356,-10.744,55.724,0.51,2.0,0.0
ATOM,5069.0,O,ASP,316.0,-12.61,-10.208,54.66,-0.51,1.7,0.0
ATOM,5070.0,CB,ASP,316.0,-14.755,-10.556,56.441,-0.28,2.175,6.2
ATOM,5071.0,CG,ASP,316.0,-15.275,-11.893,55.942,0.62,2.0,3.47
ATOM,5072.0,OD1,ASP,316.0,-14.522,-12.878,55.991,-0.76,1.7,13.36
ATOM,5073.0,OD2,ASP,316.0,-16.437,-11.963,55.491,-0.76,1.7,32.54
ATOM,5074.0,H,ASP,316.0,-12.354,-8.65,57.186,0.31,0.2245,0.0
ATOM,5075.0,HA,ASP,316.0,-13.109,-11.391,57.514,0.09,1.32,1.53
ATOM,5076.0,HB2,ASP,316.0,-15.312,-10.264,57.209,0.09,1.32,3.99
ATOM,5077.0,HB3,ASP,316.0,-14.807,-9.897,55.701,0.09,1.32,0.0
ATOM,5078.0,N,PRO,317.0,-11.237,-11.445,55.908,-0.29,1.85,0.0
ATOM,5079.0,CA,PRO,317.0,-10.223,-11.642,54.865,0.02,2.275,0.0
ATOM,5080.0,C,PRO,317.0,-10.752,-12.225,53.572,0.51,2.0,0.26
ATOM,5081.0,O,PRO,317.0,-10.275,-11.887,52.491,-0.51,1.7,9.45
ATOM,5082.0,CB,PRO,317.0,-9.194,-12.554,55.521,-0.18,2.175,15.35
ATOM,5083.0,CG,PRO,317.0,-9.413,-12.394,56.983,-0.18,2.175,5.69
ATOM,5084.0,CD,PRO,317.0,-10.868,-12.101,57.173,0.0,2.175,8.31
ATOM,5085.0,HA,PRO,317.0,-9.727,-10.763,54.689,0.09,1.32,0.0
ATOM,5086.0,HB2,PRO,317.0,-9.334,-13.51,55.238,0.09,1.32,8.56
ATOM,5087.0,HB3,PRO,317.0,-8.26,-12.281,55.264,0.09,1.32,6.07
ATOM,5088.0,HG2,PRO,317.0,-9.148,-13.238,57.475,0.09,1.32,12.45
ATOM,5089.0,HG3,PRO,317.0,-8.843,-11.64,57.345,0.09,1.32,0.0
ATOM,5090.0,HD2,PRO,317.0,-11.4,-12.937,57.301,0.09,1.32,7.47
ATOM,5091.0,HD3,PRO,317.0,-11.024,-11.485,57.945,0.09,1.32,0.0
ATOM,5092.0,N,SER,318.0,-11.732,-13.112,53.678,-0.47,1.85,0.38
ATOM,5093.0,CA,SER,318.0,-12.304,-13.703,52.484,0.07,2.275,4.28
ATOM,5094.0,C,SER,318.0,-13.119,-12.651,51.74,0.51,2.0,0.0
ATOM,5095.0,O,SER,318.0,-13.432,-12.832,50.567,-0.51,1.7,29.33
ATOM,5096.0,CB,SER,318.0,-13.194,-14.883,52.847,0.05,2.175,27.53
ATOM,5097.0,OG,SER,318.0,-14.267,-14.456,53.657,-0.66,1.77,15.49
ATOM,5098.0,H,SER,318.0,-12.033,-13.33,54.636,0.31,0.2245,1.18
ATOM,5099.0,HA,SER,318.0,-11.556,-13.992,51.884,0.09,1.32,9.63
ATOM,5100.0,HB2,SER,318.0,-13.555,-15.284,52.012,0.09,1.32,9.71
ATOM,5101.0,HB3,SER,318.0,-12.654,-15.551,53.347,0.09,1.32,11.26
ATOM,5102.0,HG,SER,318.0,-14.582,-13.557,53.352,0.43,0.2245,2.2
ATOM,5103.0,N,ASP,319.0,-13.457,-11.555,52.424,-0.47,1.85,0.0
ATOM,5104.0,CA,ASP,319.0,-14.231,-10.473,51.815,0.07,2.275,0.56
ATOM,5105.0,C,ASP,319.0,-13.402,-9.218,51.601,0.51,2.0,0.0
ATOM,5106.0,O,ASP,319.0,-13.931,-8.11,51.515,-0.51,1.7,0.0
ATOM,5107.0,CB,ASP,319.0,-15.438,-10.1,52.673,-0.28,2.175,3.53
ATOM,5108.0,CG,ASP,319.0,-16.403,-9.198,51.928,0.62,2.0,3.16
ATOM,5109.0,OD1,ASP,319.0,-16.596,-9.45,50.719,-0.76,1.7,28.3
ATOM,5110.0,OD2,ASP,319.0,-16.956,-8.252,52.535,-0.76,1.7,32.37
ATOM,5111.0,H,ASP,319.0,-13.128,-11.539,53.408,0.31,0.2245,0.0
ATOM,5112.0,HA,ASP,319.0,-14.524,-10.797,50.902,0.09,1.32,1.88
ATOM,5113.0,HB2,ASP,319.0,-15.909,-10.935,52.922,0.09,1.32,2.48
ATOM,5114.0,HB3,ASP,319.0,-15.11,-9.623,53.476,0.09,1.32,0.0
ATOM,5115.0,N,GLU,320.0,-12.099,-9.391,51.514,-0.47,1.85,0.0
ATOM,5116.0,CA,GLU,320.0,-11.214,-8.27,51.318,0.07,2.275,0.02
ATOM,5117.0,C,GLU,320.0,-10.259,-8.715,50.23,0.51,2.0,0.0
ATOM,5118.0,O,GLU,320.0,-9.147,-9.161,50.5,-0.51,1.7,1.9
ATOM,5119.0,CB,GLU,320.0,-10.513,-7.971,52.64,-0.18,2.175,0.0
ATOM,5120.0,CG,GLU,320.0,-11.512,-7.514,53.706,-0.28,2.175,0.0
ATOM,5121.0,CD,GLU,320.0,-10.993,-7.602,55.132,0.62,2.0,0.0
ATOM,5122.0,OE1,GLU,320.0,-9.822,-7.99,55.329,-0.76,1.7,0.0
ATOM,5123.0,OE2,GLU,320.0,-11.766,-7.279,56.058,-0.76,1.7,0.0
ATOM,5124.0,H,GLU,320.0,-11.778,-10.375,51.597,0.31,0.2245,0.08
ATOM,5125.0,HA,GLU,320.0,-11.719,-7.479,51.016,0.09,1.32,0.0
ATOM,5126.0,HB2,GLU,320.0,-10.102,-8.793,52.958,0.09,1.32,0.0
ATOM,5127.0,HB3,GLU,320.0,-9.887,-7.242,52.494,0.09,1.32,0.0
ATOM,5128.0,HG2,GLU,320.0,-11.736,-6.568,53.528,0.09,1.32,0.0
ATOM,5129.0,HG3,GLU,320.0,-12.311,-8.092,53.644,0.09,1.32,0.0
ATOM,5130.0,N,PRO,321.0,-10.705,-8.617,48.968,-0.29,1.85,0.03
ATOM,5131.0,CA,PRO,321.0,-9.961,-9.0,47.762,0.02,2.275,1.39
ATOM,5132.0,C,PRO,321.0,-8.625,-8.321,47.462,0.51,2.0,0.0
ATOM,5133.0,O,PRO,321.0,-8.372,-7.184,47.859,-0.51,1.7,0.0
ATOM,5134.0,CB,PRO,321.0,-10.974,-8.789,46.628,-0.18,2.175,13.96
ATOM,5135.0,CG,PRO,321.0,-11.976,-7.833,47.179,-0.18,2.175,7.69
ATOM,5136.0,CD,PRO,321.0,-12.051,-8.107,48.647,0.0,2.175,1.41
ATOM,5137.0,HA,PRO,321.0,-9.839,-10.038,47.744,0.09,1.32,9.35
ATOM,5138.0,HB2,PRO,321.0,-10.519,-8.408,45.817,0.09,1.32,0.42
ATOM,5139.0,HB3,PRO,321.0,-11.405,-9.66,46.375,0.09,1.32,11.92
ATOM,5140.0,HG2,PRO,321.0,-11.689,-6.881,47.003,0.09,1.32,0.0
ATOM,5141.0,HG3,PRO,321.0,-12.874,-7.972,46.739,0.09,1.32,8.5
ATOM,5142.0,HD2,PRO,321.0,-12.242,-7.275,49.17,0.09,1.32,0.0
ATOM,5143.0,HD3,PRO,321.0,-12.746,-8.797,48.861,0.09,1.32,2.13
ATOM,5144.0,N,ILE,322.0,-7.772,-9.063,46.759,-0.47,1.85,0.0
ATOM,5145.0,CA,ILE,322.0,-6.471,-8.572,46.349,0.07,2.275,0.0
ATOM,5146.0,C,ILE,322.0,-6.444,-8.624,44.833,0.51,2.0,0.0
ATOM,5147.0,O,ILE,322.0,-7.257,-9.314,44.221,-0.51,1.7,5.09
ATOM,5148.0,CB,ILE,322.0,-5.312,-9.406,46.938,-0.09,2.275,0.0
ATOM,5149.0,CG1,ILE,322.0,-5.362,-10.846,46.44,-0.18,2.175,8.14
ATOM,5150.0,CG2,ILE,322.0,-5.391,-9.374,48.443,-0.27,2.06,3.49
ATOM,5151.0,CD1,ILE,322.0,-4.21,-11.696,46.932,-0.27,2.06,39.49
ATOM,5152.0,H,ILE,322.0,-8.123,-10.021,46.533,0.31,0.2245,4.02
ATOM,5153.0,HA,ILE,322.0,-6.437,-7.614,46.602,0.09,1.32,0.0
ATOM,5154.0,HB,ILE,322.0,-4.457,-8.998,46.628,0.09,1.32,0.0
ATOM,5155.0,HG12,ILE,322.0,-6.22,-11.258,46.742,0.09,1.32,5.73
ATOM,5156.0,HG13,ILE,322.0,-5.346,-10.834,45.441,0.09,1.32,0.96
ATOM,5157.0,HG21,ILE,322.0,-4.622,-9.88,48.836,0.09,1.32,5.42
ATOM,5158.0,HG22,ILE,322.0,-5.358,-8.427,48.766,0.09,1.32,0.0
ATOM,5159.0,HG23,ILE,322.0,-6.247,-9.793,48.748,0.09,1.32,1.83
ATOM,5160.0,HD11,ILE,322.0,-4.222,-11.723,47.93,0.09,1.32,5.73
ATOM,5161.0,HD12,ILE,322.0,-4.304,-12.622,46.57,0.09,1.32,11.65
ATOM,5162.0,HD13,ILE,322.0,-3.349,-11.3,46.618,0.09,1.32,8.07
ATOM,5163.0,N,ALA,323.0,-5.52,-7.878,44.239,-0.47,1.85,0.0
ATOM,5164.0,CA,ALA,323.0,-5.402,-7.793,42.795,0.07,2.275,0.0
ATOM,5165.0,C,ALA,323.0,-5.018,-9.094,42.136,0.51,2.0,0.0
ATOM,5166.0,O,ALA,323.0,-4.197,-9.839,42.643,-0.51,1.7,8.36
ATOM,5167.0,CB,ALA,323.0,-4.406,-6.717,42.426,-0.27,2.06,0.0
ATOM,5168.0,H,ALA,323.0,-4.893,-7.364,44.897,0.31,0.2245,0.0
ATOM,5169.0,HA,ALA,323.0,-6.3,-7.488,42.415,0.09,1.32,0.0
ATOM,5170.0,HB1,ALA,323.0,-4.172,-6.178,43.237,0.09,1.32,0.0
ATOM,5171.0,HB2,ALA,323.0,-3.574,-7.136,42.06,0.09,1.32,0.0
ATOM,5172.0,HB3,ALA,323.0,-4.801,-6.112,41.733,0.09,1.32,2.09
ATOM,5173.0,N,GLU,324.0,-5.616,-9.342,40.979,-0.47,1.85,0.0
ATOM,5174.0,CA,GLU,324.0,-5.378,-10.556,40.212,0.07,2.275,1.59
ATOM,5175.0,C,GLU,324.0,-4.05,-10.422,39.497,0.51,2.0,0.0
ATOM,5176.0,O,GLU,324.0,-3.269,-11.37,39.41,-0.51,1.7,26.37
ATOM,5177.0,CB,GLU,324.0,-6.493,-10.741,39.169,-0.18,2.175,13.23
ATOM,5178.0,CG,GLU,324.0,-7.919,-10.769,39.735,-0.28,2.175,21.25
ATOM,5179.0,CD,GLU,324.0,-8.341,-9.458,40.407,0.62,2.0,3.05
ATOM,5180.0,OE1,GLU,324.0,-7.857,-8.371,40.0,-0.76,1.7,9.63
ATOM,5181.0,OE2,GLU,324.0,-9.167,-9.521,41.35,-0.76,1.7,23.99
ATOM,5182.0,H,GLU,324.0,-6.274,-8.59,40.664,0.31,0.2245,0.0
ATOM,5183.0,HA,GLU,324.0,-5.355,-11.345,40.825,0.09,1.32,8.7
ATOM,5184.0,HB2,GLU,324.0,-6.442,-9.984,38.539,0.09,1.32,3.83
ATOM,5185.0,HB3,GLU,324.0,-6.34,-11.603,38.716,0.09,1.32,10.02
ATOM,5186.0,HG2,GLU,324.0,-8.541,-10.931,38.99,0.09,1.32,10.92
ATOM,5187.0,HG3,GLU,324.0,-7.965,-11.476,40.417,0.09,1.32,9.63
ATOM,5188.0,N,ALA,325.0,-3.805,-9.222,38.988,-0.47,1.85,0.0
ATOM,5189.0,CA,ALA,325.0,-2.585,-8.95,38.254,0.07,2.275,0.91
ATOM,5190.0,C,ALA,325.0,-1.822,-7.749,38.805,0.51,2.0,0.0
ATOM,5191.0,O,ALA,325.0,-2.138,-6.603,38.47,-0.51,1.7,0.77
ATOM,5192.0,CB,ALA,325.0,-2.915,-8.725,36.779,-0.27,2.06,25.42
ATOM,5193.0,H,ALA,325.0,-4.546,-8.515,39.158,0.31,0.2245,2.71
ATOM,5194.0,HA,ALA,325.0,-1.98,-9.764,38.309,0.09,1.32,2.49
ATOM,5195.0,HB1,ALA,325.0,-2.258,-8.083,36.387,0.09,1.32,0.0
ATOM,5196.0,HB2,ALA,325.0,-2.864,-9.595,36.292,0.09,1.32,11.52
ATOM,5197.0,HB3,ALA,325.0,-3.837,-8.351,36.699,0.09,1.32,5.02
ATOM,5198.0,N,PRO,326.0,-0.84,-7.998,39.697,-0.29,1.85,0.0
ATOM,5199.0,CA,PRO,326.0,-0.018,-6.934,40.286,0.02,2.275,0.0
ATOM,5200.0,C,PRO,326.0,0.55,-6.073,39.152,0.51,2.0,0.0
ATOM,5201.0,O,PRO,326.0,0.877,-6.589,38.08,-0.51,1.7,8.0
ATOM,5202.0,CB,PRO,326.0,1.065,-7.693,41.042,-0.18,2.175,8.59
ATOM,5203.0,CG,PRO,326.0,0.402,-8.966,41.421,-0.18,2.175,17.94
ATOM,5204.0,CD,PRO,326.0,-0.491,-9.318,40.249,0.0,2.175,8.95
ATOM,5205.0,HA,PRO,326.0,-0.548,-6.38,40.92,0.09,1.32,0.0
ATOM,5206.0,HB2,PRO,326.0,1.858,-7.86,40.453,0.09,1.32,6.56
ATOM,5207.0,HB3,PRO,326.0,1.358,-7.182,41.852,0.09,1.32,0.17
ATOM,5208.0,HG2,PRO,326.0,1.079,-9.692,41.577,0.09,1.32,11.95
ATOM,5209.0,HG3,PRO,326.0,-0.144,-8.851,42.257,0.09,1.32,1.01
ATOM,5210.0,HD2,PRO,326.0,-0.002,-9.865,39.574,0.09,1.32,10.63
ATOM,5211.0,HD3,PRO,326.0,-1.309,-9.803,40.551,0.09,1.32,0.19
ATOM,5212.0,N,PHE,327.0,0.68,-4.774,39.406,-0.47,1.85,0.0
ATOM,5213.0,CA,PHE,327.0,1.13,-3.832,38.398,0.07,2.275,0.0
ATOM,5214.0,C,PHE,327.0,2.589,-3.776,37.992,0.51,2.0,0.0
ATOM,5215.0,O,PHE,327.0,3.501,-4.05,38.782,-0.51,1.7,0.0
ATOM,5216.0,CB,PHE,327.0,0.671,-2.431,38.782,-0.18,2.175,0.0
ATOM,5217.0,CG,PHE,327.0,-0.066,-1.725,37.686,0.0,1.9924,0.0
ATOM,5218.0,CD1,PHE,327.0,0.631,-1.134,36.633,-0.115,1.9924,0.0
ATOM,5219.0,CD2,PHE,327.0,-1.453,-1.658,37.694,-0.115,1.9924,0.0
ATOM,5220.0,CE1,PHE,327.0,-0.045,-0.484,35.599,-0.115,1.9924,0.0
ATOM,5221.0,CE2,PHE,327.0,-2.137,-1.014,36.669,-0.115,1.9924,0.0
ATOM,5222.0,CZ,PHE,327.0,-1.431,-0.424,35.617,-0.115,1.9924,0.03
ATOM,5223.0,H,PHE,327.0,0.433,-4.498,40.381,0.31,0.2245,0.0
ATOM,5224.0,HA,PHE,327.0,0.593,-4.056,37.529,0.09,1.32,0.0
ATOM,5225.0,HB2,PHE,327.0,0.064,-2.512,39.558,0.09,1.32,0.0
ATOM,5226.0,HB3,PHE,327.0,1.473,-1.899,39.005,0.09,1.32,0.0
ATOM,5227.0,HD1,PHE,327.0,1.625,-1.174,36.613,0.115,1.3582,0.0
ATOM,5228.0,HD2,PHE,327.0,-1.965,-2.077,38.443,0.115,1.3582,0.0
ATOM,5229.0,HE1,PHE,327.0,0.478,-0.065,34.852,0.115,1.3582,0.0
ATOM,5230.0,HE2,PHE,327.0,-3.148,-0.972,36.688,0.115,1.3582,0.0
ATOM,5231.0,HZ,PHE,327.0,-1.922,0.038,34.882,0.115,1.3582,0.15
ATOM,5232.0,N,LYS,328.0,2.776,-3.396,36.727,-0.47,1.85,0.0
ATOM,5233.0,CA,LYS,328.0,4.093,-3.245,36.095,0.07,2.275,0.0
ATOM,5234.0,C,LYS,328.0,3.995,-2.129,35.057,0.51,2.0,0.0
ATOM,5235.0,O,LYS,328.0,3.278,-2.263,34.049,-0.51,1.7,9.77
ATOM,5236.0,CB,LYS,328.0,4.514,-4.546,35.402,-0.18,2.175,10.52
ATOM,5237.0,CG,LYS,328.0,5.169,-5.581,36.332,-0.18,2.175,14.85
ATOM,5238.0,CD,LYS,328.0,6.161,-4.925,37.296,-0.18,2.175,7.68
ATOM,5239.0,CE,LYS,328.0,6.186,-5.661,38.63,0.21,2.175,12.73
ATOM,5240.0,NZ,LYS,328.0,7.248,-5.075,39.508,-0.3,1.85,9.98
ATOM,5241.0,H,LYS,328.0,1.879,-3.208,36.205,0.31,0.2245,0.0
ATOM,5242.0,HA,LYS,328.0,4.756,-2.983,36.789,0.09,1.32,0.0
ATOM,5243.0,HB2,LYS,328.0,3.703,-4.965,35.0,0.09,1.32,3.92
ATOM,5244.0,HB3,LYS,328.0,5.169,-4.321,34.683,0.09,1.32,7.88
ATOM,5245.0,HG2,LYS,328.0,4.455,-6.034,36.862,0.09,1.32,1.52
ATOM,5246.0,HG3,LYS,328.0,5.654,-6.252,35.776,0.09,1.32,11.85
ATOM,5247.0,HD2,LYS,328.0,7.066,-4.962,36.895,0.09,1.32,10.03
ATOM,5248.0,HD3,LYS,328.0,5.88,-3.989,37.455,0.09,1.32,0.0
ATOM,5249.0,HE2,LYS,328.0,5.303,-5.56,39.074,0.05,1.32,0.0
ATOM,5250.0,HE3,LYS,328.0,6.388,-6.62,38.469,0.05,1.32,10.29
ATOM,5251.0,HZ1,LYS,328.0,8.145,-5.327,39.149,0.33,0.2245,18.4
ATOM,5252.0,HZ2,LYS,328.0,7.154,-4.081,39.517,0.33,0.2245,3.01
ATOM,5253.0,HZ3,LYS,328.0,7.141,-5.433,40.434,0.33,0.2245,11.01
ATOM,5254.0,N,PHE,329.0,4.694,-1.024,35.305,-0.47,1.85,0.02
ATOM,5255.0,CA,PHE,329.0,4.663,0.102,34.379,0.07,2.275,0.0
ATOM,5256.0,C,PHE,329.0,5.829,0.064,33.4,0.51,2.0,0.0
ATOM,5257.0,O,PHE,329.0,6.916,0.589,33.695,-0.51,1.7,0.0
ATOM,5258.0,CB,PHE,329.0,4.684,1.417,35.153,-0.18,2.175,3.03
ATOM,5259.0,CG,PHE,329.0,3.347,2.081,35.23,0.0,1.9924,0.0
ATOM,5260.0,CD1,PHE,329.0,2.759,2.615,34.091,-0.115,1.9924,0.26
ATOM,5261.0,CD2,PHE,329.0,2.674,2.174,36.438,-0.115,1.9924,1.09
ATOM,5262.0,CE1,PHE,329.0,1.534,3.224,34.156,-0.115,1.9924,0.08
ATOM,5263.0,CE2,PHE,329.0,1.437,2.787,36.509,-0.115,1.9924,0.0
ATOM,5264.0,CZ,PHE,329.0,0.867,3.312,35.369,-0.115,1.9924,0.0
ATOM,5265.0,H,PHE,329.0,5.24,-1.036,36.18,0.31,0.2245,1.64
ATOM,5266.0,HA,PHE,329.0,3.82,0.009,33.831,0.09,1.32,0.0
ATOM,5267.0,HB2,PHE,329.0,4.985,1.221,36.073,0.09,1.32,0.42
ATOM,5268.0,HB3,PHE,329.0,5.307,2.029,34.691,0.09,1.32,0.0
ATOM,5269.0,HD1,PHE,329.0,3.237,2.551,33.216,0.115,1.3582,0.0
ATOM,5270.0,HD2,PHE,329.0,3.088,1.793,37.265,0.115,1.3582,0.0
ATOM,5271.0,HE1,PHE,329.0,1.116,3.611,33.321,0.115,1.3582,0.0
ATOM,5272.0,HE2,PHE,329.0,0.957,2.848,37.4,0.115,1.3582,0.19
ATOM,5273.0,HZ,PHE,329.0,-0.029,3.758,35.409,0.115,1.3582,0.0
ATOM,5274.0,N,ASP,330.0,5.582,-0.556,32.245,-0.47,1.85,0.21
ATOM,5275.0,CA,ASP,330.0,6.573,-0.694,31.179,0.07,2.275,3.46
ATOM,5276.0,C,ASP,330.0,7.314,0.602,30.855,0.51,2.0,0.0
ATOM,5277.0,O,ASP,330.0,8.539,0.581,30.654,-0.51,1.7,17.32
ATOM,5278.0,CB,ASP,330.0,5.895,-1.176,29.911,-0.28,2.175,20.21
ATOM,5279.0,CG,ASP,330.0,5.306,-0.02,29.114,0.62,2.0,3.63
ATOM,5280.0,OD1,ASP,330.0,4.655,0.849,29.744,-0.76,1.7,3.61
ATOM,5281.0,OD2,ASP,330.0,5.506,0.033,27.875,-0.76,1.7,39.55
ATOM,5282.0,H,ASP,330.0,4.608,-0.939,32.167,0.31,0.2245,1.68
ATOM,5283.0,HA,ASP,330.0,7.27,-1.359,31.505,0.09,1.32,7.25
ATOM,5284.0,HB2,ASP,330.0,6.569,-1.634,29.348,0.09,1.32,10.62
ATOM,5285.0,HB3,ASP,330.0,5.162,-1.791,30.16,0.09,1.32,8.26
ATOM,5286.0,N,MET,331.0,6.598,1.726,30.797,-0.47,1.85,0.0
ATOM,5287.0,CA,MET,331.0,7.237,3.002,30.477,0.07,2.275,1.93
ATOM,5288.0,C,MET,331.0,7.638,3.754,31.734,0.51,2.0,0.17
ATOM,5289.0,O,MET,331.0,7.627,4.992,31.778,-0.51,1.7,0.62
ATOM,5290.0,CB,MET,331.0,6.299,3.859,29.637,-0.18,2.175,0.54
ATOM,5291.0,CG,MET,331.0,4.901,3.926,30.193,-0.14,2.175,0.0
ATOM,5292.0,SD,MET,331.0,4.285,5.643,30.253,-0.09,2.0,1.52
ATOM,5293.0,CE,MET,331.0,5.835,6.704,30.787,-0.22,2.06,0.2
ATOM,5294.0,H,MET,331.0,5.592,1.618,30.991,0.31,0.2245,0.0
ATOM,5295.0,HA,MET,331.0,8.073,2.807,29.947,0.09,1.32,7.18
ATOM,5296.0,HB2,MET,331.0,6.671,4.793,29.583,0.09,1.32,0.0
ATOM,5297.0,HB3,MET,331.0,6.259,3.48,28.704,0.09,1.32,2.69
ATOM,5298.0,HG2,MET,331.0,4.282,3.353,29.62,0.09,1.32,0.19
ATOM,5299.0,HG3,MET,331.0,4.888,3.518,31.127,0.09,1.32,0.0
ATOM,5300.0,HE1,MET,331.0,6.525,6.498,30.127,0.09,1.32,0.0
ATOM,5301.0,HE2,MET,331.0,5.532,7.632,30.755,0.09,1.32,0.0
ATOM,5302.0,HE3,MET,331.0,6.056,6.398,31.688,0.09,1.32,0.04
ATOM,5303.0,N,GLU,332.0,8.007,2.989,32.75,-0.47,1.85,0.0
ATOM,5304.0,CA,GLU,332.0,8.422,3.534,34.029,0.07,2.275,0.13
ATOM,5305.0,C,GLU,332.0,9.604,4.484,33.91,0.51,2.0,0.0
ATOM,5306.0,O,GLU,332.0,10.538,4.201,33.152,-0.51,1.7,9.66
ATOM,5307.0,CB,GLU,332.0,8.827,2.39,34.96,-0.18,2.175,10.93
ATOM,5308.0,CG,GLU,332.0,10.062,1.608,34.485,-0.28,2.175,7.74
ATOM,5309.0,CD,GLU,332.0,9.715,0.202,33.986,0.62,2.0,3.16
ATOM,5310.0,OE1,GLU,332.0,8.786,-0.442,34.541,-0.76,1.7,17.85
ATOM,5311.0,OE2,GLU,332.0,10.38,-0.26,33.027,-0.76,1.7,32.54
ATOM,5312.0,H,GLU,332.0,7.973,1.962,32.551,0.31,0.2245,0.0
ATOM,5313.0,HA,GLU,332.0,7.642,4.023,34.46,0.09,1.32,0.96
ATOM,5314.0,HB2,GLU,332.0,9.046,2.775,35.836,0.09,1.32,4.39
ATOM,5315.0,HB3,GLU,332.0,8.08,1.755,35.005,0.09,1.32,0.0
ATOM,5316.0,HG2,GLU,332.0,10.462,2.096,33.736,0.09,1.32,0.97
ATOM,5317.0,HG3,GLU,332.0,10.672,1.508,35.245,0.09,1.32,6.1
ATOM,5318.0,N,LEU,333.0,9.549,5.598,34.653,-0.47,1.85,0.0
ATOM,5319.0,CA,LEU,333.0,10.625,6.601,34.744,0.07,2.275,0.77
ATOM,5320.0,C,LEU,333.0,10.541,7.864,33.891,0.51,2.0,0.0
ATOM,5321.0,O,LEU,333.0,11.56,8.511,33.605,-0.51,1.7,4.02
ATOM,5322.0,CB,LEU,333.0,12.007,5.927,34.566,-0.18,2.175,3.0
ATOM,5323.0,CG,LEU,333.0,12.235,4.683,35.444,-0.09,2.275,0.0
ATOM,5324.0,CD1,LEU,333.0,13.659,4.182,35.26,-0.27,2.06,33.21
ATOM,5325.0,CD2,LEU,333.0,11.961,5.014,36.911,-0.27,2.06,29.51
ATOM,5326.0,H,LEU,333.0,8.643,5.702,35.185,0.31,0.2245,4.97
ATOM,5327.0,HA,LEU,333.0,10.693,6.893,35.74,0.09,1.32,2.76
ATOM,5328.0,HB2,LEU,333.0,12.083,5.643,33.623,0.09,1.32,1.82
ATOM,5329.0,HB3,LEU,333.0,12.697,6.59,34.804,0.09,1.32,6.26
ATOM,5330.0,HG,LEU,333.0,11.593,3.975,35.169,0.09,1.32,0.0
ATOM,5331.0,HD11,LEU,333.0,14.303,4.899,35.527,0.09,1.32,9.74
ATOM,5332.0,HD12,LEU,333.0,13.806,3.374,35.831,0.09,1.32,10.16
ATOM,5333.0,HD13,LEU,333.0,13.808,3.942,34.3,0.09,1.32,9.45
ATOM,5334.0,HD21,LEU,333.0,11.014,5.317,37.011,0.09,1.32,4.03
ATOM,5335.0,HD22,LEU,333.0,12.113,4.198,37.469,0.09,1.32,10.29
ATOM,5336.0,HD23,LEU,333.0,12.579,5.742,37.207,0.09,1.32,9.89
ATOM,5337.0,N,ASP,334.0,9.319,8.218,33.51,-0.47,1.85,0.0
ATOM,5338.0,CA,ASP,334.0,9.036,9.43,32.729,0.07,2.275,0.0
ATOM,5339.0,C,ASP,334.0,9.99,9.839,31.608,0.51,2.0,0.0
ATOM,5340.0,O,ASP,334.0,10.193,11.037,31.394,-0.51,1.7,9.38
ATOM,5341.0,CB,ASP,334.0,8.887,10.628,33.678,-0.28,2.175,3.55
ATOM,5342.0,CG,ASP,334.0,9.166,10.271,35.126,0.62,2.0,2.61
ATOM,5343.0,OD1,ASP,334.0,8.312,9.587,35.75,-0.76,1.7,11.6
ATOM,5344.0,OD2,ASP,334.0,10.245,10.674,35.639,-0.76,1.7,37.68
ATOM,5345.0,H,ASP,334.0,8.564,7.557,33.814,0.31,0.2245,0.0
ATOM,5346.0,HA,ASP,334.0,8.107,9.283,32.288,0.09,1.32,0.0
ATOM,5347.0,HB2,ASP,334.0,9.532,11.327,33.39,0.09,1.32,3.81
ATOM,5348.0,HB3,ASP,334.0,7.955,10.962,33.603,0.09,1.32,0.0
ATOM,5349.0,N,ASP,335.0,10.552,8.894,30.865,-0.47,1.85,0.0
ATOM,5350.0,CA,ASP,335.0,11.467,9.283,29.787,0.07,2.275,2.53
ATOM,5351.0,C,ASP,335.0,10.829,9.194,28.388,0.51,2.0,1.87
ATOM,5352.0,O,ASP,335.0,11.513,8.902,27.407,-0.51,1.7,18.38
ATOM,5353.0,CB,ASP,335.0,12.745,8.417,29.828,-0.28,2.175,14.02
ATOM,5354.0,CG,ASP,335.0,13.867,9.031,30.699,0.62,2.0,3.96
ATOM,5355.0,OD1,ASP,335.0,13.562,9.825,31.63,-0.76,1.7,24.7
ATOM,5356.0,OD2,ASP,335.0,15.061,8.711,30.453,-0.76,1.7,48.63
ATOM,5357.0,H,ASP,335.0,10.308,7.931,31.094,0.31,0.2245,0.92
ATOM,5358.0,HA,ASP,335.0,11.707,10.256,29.935,0.09,1.32,4.51
ATOM,5359.0,HB2,ASP,335.0,12.507,7.534,30.208,0.09,1.32,4.93
ATOM,5360.0,HB3,ASP,335.0,13.086,8.326,28.903,0.09,1.32,5.22
ATOM,5361.0,N,LEU,336.0,9.532,9.478,28.284,-0.47,1.85,0.27
ATOM,5362.0,CA,LEU,336.0,8.818,9.391,26.997,0.07,2.275,0.0
ATOM,5363.0,C,LEU,336.0,8.315,10.744,26.468,0.51,2.0,1.22
ATOM,5364.0,O,LEU,336.0,7.705,11.512,27.212,-0.51,1.7,0.09
ATOM,5365.0,CB,LEU,336.0,7.606,8.461,27.154,-0.18,2.175,0.0
ATOM,5366.0,CG,LEU,336.0,7.565,7.114,26.434,-0.09,2.275,0.42
ATOM,5367.0,CD1,LEU,336.0,8.893,6.378,26.616,-0.27,2.06,24.45
ATOM,5368.0,CD2,LEU,336.0,6.417,6.286,26.999,-0.27,2.06,0.2
ATOM,5369.0,H,LEU,336.0,9.072,9.761,29.168,0.31,0.2245,0.0
ATOM,5370.0,HA,LEU,336.0,9.454,8.999,26.308,0.09,1.32,0.0
ATOM,5371.0,HB2,LEU,336.0,7.499,8.271,28.146,0.09,1.32,0.0
ATOM,5372.0,HB3,LEU,336.0,6.787,8.981,26.859,0.09,1.32,0.0
ATOM,5373.0,HG,LEU,336.0,7.405,7.267,25.462,0.09,1.32,0.0
ATOM,5374.0,HD11,LEU,336.0,9.056,6.225,27.59,0.09,1.32,2.23
ATOM,5375.0,HD12,LEU,336.0,8.852,5.5,26.141,0.09,1.32,10.61
ATOM,5376.0,HD13,LEU,336.0,9.633,6.931,26.235,0.09,1.32,1.9
ATOM,5377.0,HD21,LEU,336.0,5.554,6.772,26.857,0.09,1.32,0.0
ATOM,5378.0,HD22,LEU,336.0,6.383,5.402,26.533,0.09,1.32,4.91
ATOM,5379.0,HD23,LEU,336.0,6.561,6.141,27.978,0.09,1.32,0.0
ATOM,5380.0,N,PRO,337.0,8.553,11.05,25.173,-0.29,1.85,0.93
ATOM,5381.0,CA,PRO,337.0,8.082,12.335,24.621,0.02,2.275,2.72
ATOM,5382.0,C,PRO,337.0,6.557,12.38,24.575,0.51,2.0,0.0
ATOM,5383.0,O,PRO,337.0,5.903,11.34,24.415,-0.51,1.7,0.0
ATOM,5384.0,CB,PRO,337.0,8.687,12.38,23.213,-0.18,2.175,11.77
ATOM,5385.0,CG,PRO,337.0,8.908,10.935,22.849,-0.18,2.175,6.15
ATOM,5386.0,CD,PRO,337.0,9.261,10.24,24.159,0.0,2.175,9.89
ATOM,5387.0,HA,PRO,337.0,8.448,13.103,25.155,0.09,1.32,5.2
ATOM,5388.0,HB2,PRO,337.0,8.055,12.814,22.568,0.09,1.32,0.0
ATOM,5389.0,HB3,PRO,337.0,9.553,12.881,23.214,0.09,1.32,11.75
ATOM,5390.0,HG2,PRO,337.0,8.077,10.541,22.455,0.09,1.32,0.0
ATOM,5391.0,HG3,PRO,337.0,9.658,10.85,22.192,0.09,1.32,11.73
ATOM,5392.0,HD2,PRO,337.0,8.931,9.3,24.166,0.09,1.32,0.02
ATOM,5393.0,HD3,PRO,337.0,10.246,10.256,24.319,0.09,1.32,8.11
ATOM,5394.0,N,LYS,338.0,5.995,13.579,24.701,-0.47,1.85,0.0
ATOM,5395.0,CA,LYS,338.0,4.54,13.745,24.678,0.07,2.275,0.0
ATOM,5396.0,C,LYS,338.0,3.875,13.087,23.453,0.51,2.0,0.19
ATOM,5397.0,O,LYS,338.0,2.681,12.746,23.477,-0.51,1.7,1.14
ATOM,5398.0,CB,LYS,338.0,4.189,15.228,24.707,-0.18,2.175,0.17
ATOM,5399.0,CG,LYS,338.0,5.046,16.078,23.783,-0.18,2.175,1.55
ATOM,5400.0,CD,LYS,338.0,4.62,17.539,23.876,-0.18,2.175,2.11
ATOM,5401.0,CE,LYS,338.0,5.614,18.467,23.182,0.21,2.175,15.94
ATOM,5402.0,NZ,LYS,338.0,5.456,19.88,23.682,-0.3,1.85,11.15
ATOM,5403.0,H,LYS,338.0,6.658,14.366,24.814,0.31,0.2245,1.58
ATOM,5404.0,HA,LYS,338.0,4.15,13.324,25.514,0.09,1.32,0.0
ATOM,5405.0,HB2,LYS,338.0,3.236,15.331,24.432,0.09,1.32,0.2
ATOM,5406.0,HB3,LYS,338.0,4.309,15.561,25.64,0.09,1.32,0.0
ATOM,5407.0,HG2,LYS,338.0,5.998,16.003,24.058,0.09,1.32,2.38
ATOM,5408.0,HG3,LYS,338.0,4.928,15.767,22.847,0.09,1.32,0.75
ATOM,5409.0,HD2,LYS,338.0,3.732,17.644,23.438,0.09,1.32,2.67
ATOM,5410.0,HD3,LYS,338.0,4.564,17.798,24.835,0.09,1.32,0.0
ATOM,5411.0,HE2,LYS,338.0,6.54,18.158,23.376,0.05,1.32,9.04
ATOM,5412.0,HE3,LYS,338.0,5.446,18.452,22.201,0.05,1.32,7.48
ATOM,5413.0,HZ1,LYS,338.0,5.193,20.464,22.919,0.33,0.2245,16.17
ATOM,5414.0,HZ2,LYS,338.0,4.75,19.896,24.385,0.33,0.2245,0.0
ATOM,5415.0,HZ3,LYS,338.0,6.324,20.186,24.063,0.33,0.2245,20.45
ATOM,5416.0,N,GLU,339.0,4.643,12.906,22.384,-0.47,1.85,0.0
ATOM,5417.0,CA,GLU,339.0,4.118,12.288,21.172,0.07,2.275,1.71
ATOM,5418.0,C,GLU,339.0,3.754,10.85,21.477,0.51,2.0,0.0
ATOM,5419.0,O,GLU,339.0,2.602,10.449,21.35,-0.51,1.7,0.9
ATOM,5420.0,CB,GLU,339.0,5.166,12.319,20.051,-0.18,2.175,6.83
ATOM,5421.0,CG,GLU,339.0,5.16,13.61,19.252,-0.28,2.175,21.25
ATOM,5422.0,CD,GLU,339.0,6.205,14.615,19.748,0.62,2.0,3.06
ATOM,5423.0,OE1,GLU,339.0,6.917,14.328,20.732,-0.76,1.7,10.91
ATOM,5424.0,OE2,GLU,339.0,6.309,15.69,19.142,-0.76,1.7,39.82
ATOM,5425.0,H,GLU,339.0,5.62,13.233,22.485,0.31,0.2245,0.0
ATOM,5426.0,HA,GLU,339.0,3.308,12.785,20.864,0.09,1.32,3.86
ATOM,5427.0,HB2,GLU,339.0,6.05,12.228,20.469,0.09,1.32,0.0
ATOM,5428.0,HB3,GLU,339.0,4.964,11.583,19.435,0.09,1.32,3.02
ATOM,5429.0,HG2,GLU,339.0,5.378,13.402,18.319,0.09,1.32,10.71
ATOM,5430.0,HG3,GLU,339.0,4.281,14.035,19.348,0.09,1.32,7.76
ATOM,5431.0,N,LYS,340.0,4.756,10.086,21.885,-0.47,1.85,0.0
ATOM,5432.0,CA,LYS,340.0,4.585,8.684,22.219,0.07,2.275,0.0
ATOM,5433.0,C,LYS,340.0,3.512,8.515,23.28,0.51,2.0,0.0
ATOM,5434.0,O,LYS,340.0,2.743,7.556,23.247,-0.51,1.7,0.13
ATOM,5435.0,CB,LYS,340.0,5.912,8.099,22.743,-0.18,2.175,0.14
ATOM,5436.0,CG,LYS,340.0,6.989,7.904,21.68,-0.18,2.175,2.15
ATOM,5437.0,CD,LYS,340.0,6.418,7.267,20.415,-0.18,2.175,1.46
ATOM,5438.0,CE,LYS,340.0,7.486,6.502,19.641,0.21,2.175,20.94
ATOM,5439.0,NZ,LYS,340.0,8.357,7.445,18.862,-0.3,1.85,12.83
ATOM,5440.0,H,LYS,340.0,5.678,10.579,21.945,0.31,0.2245,0.0
ATOM,5441.0,HA,LYS,340.0,4.304,8.181,21.392,0.09,1.32,0.0
ATOM,5442.0,HB2,LYS,340.0,6.268,8.72,23.441,0.09,1.32,0.0
ATOM,5443.0,HB3,LYS,340.0,5.714,7.211,23.157,0.09,1.32,2.74
ATOM,5444.0,HG2,LYS,340.0,7.379,8.793,21.444,0.09,1.32,0.0
ATOM,5445.0,HG3,LYS,340.0,7.704,7.31,22.045,0.09,1.32,4.98
ATOM,5446.0,HD2,LYS,340.0,5.698,6.632,20.673,0.09,1.32,4.74
ATOM,5447.0,HD3,LYS,340.0,6.056,7.984,19.83,0.09,1.32,0.13
ATOM,5448.0,HE2,LYS,340.0,8.053,5.993,20.284,0.05,1.32,9.22
ATOM,5449.0,HE3,LYS,340.0,7.042,5.872,19.008,0.05,1.32,10.35
ATOM,5450.0,HZ1,LYS,340.0,8.314,7.204,17.895,0.33,0.2245,20.56
ATOM,5451.0,HZ2,LYS,340.0,8.027,8.377,18.995,0.33,0.2245,8.17
ATOM,5452.0,HZ3,LYS,340.0,9.296,7.367,19.19,0.33,0.2245,18.82
ATOM,5453.0,N,LEU,341.0,3.469,9.439,24.23,-0.47,1.85,0.0
ATOM,5454.0,CA,LEU,341.0,2.483,9.363,25.295,0.07,2.275,0.0
ATOM,5455.0,C,LEU,341.0,1.072,9.534,24.757,0.51,2.0,0.0
ATOM,5456.0,O,LEU,341.0,0.143,8.886,25.235,-0.51,1.7,0.0
ATOM,5457.0,CB,LEU,341.0,2.775,10.423,26.363,-0.18,2.175,0.0
ATOM,5458.0,CG,LEU,341.0,4.13,10.228,27.06,-0.09,2.275,0.0
ATOM,5459.0,CD1,LEU,341.0,4.411,11.358,28.032,-0.27,2.06,0.0
ATOM,5460.0,CD2,LEU,341.0,4.123,8.892,27.782,-0.27,2.06,0.0
ATOM,5461.0,H,LEU,341.0,4.174,10.19,24.148,0.31,0.2245,0.0
ATOM,5462.0,HA,LEU,341.0,2.549,8.456,25.732,0.09,1.32,0.0
ATOM,5463.0,HB2,LEU,341.0,2.793,11.303,25.924,0.09,1.32,0.0
ATOM,5464.0,HB3,LEU,341.0,2.077,10.364,27.052,0.09,1.32,0.0
ATOM,5465.0,HG,LEU,341.0,4.848,10.199,26.362,0.09,1.32,0.0
ATOM,5466.0,HD11,LEU,341.0,3.695,11.387,28.731,0.09,1.32,0.0
ATOM,5467.0,HD12,LEU,341.0,5.297,11.21,28.473,0.09,1.32,0.0
ATOM,5468.0,HD13,LEU,341.0,4.428,12.229,27.54,0.09,1.32,0.0
ATOM,5469.0,HD21,LEU,341.0,3.974,8.154,27.122,0.09,1.32,0.0
ATOM,5470.0,HD22,LEU,341.0,5.002,8.753,28.241,0.09,1.32,0.0
ATOM,5471.0,HD23,LEU,341.0,3.389,8.881,28.463,0.09,1.32,0.0
ATOM,5472.0,N,LYS,342.0,0.91,10.404,23.766,-0.47,1.85,0.0
ATOM,5473.0,CA,LYS,342.0,-0.404,10.625,23.186,0.07,2.275,0.0
ATOM,5474.0,C,LYS,342.0,-0.906,9.367,22.499,0.51,2.0,0.0
ATOM,5475.0,O,LYS,342.0,-2.094,9.074,22.542,-0.51,1.7,0.0
ATOM,5476.0,CB,LYS,342.0,-0.385,11.775,22.18,-0.18,2.175,0.21
ATOM,5477.0,CG,LYS,342.0,-1.786,12.344,21.891,-0.18,2.175,0.0
ATOM,5478.0,CD,LYS,342.0,-1.789,13.385,20.772,-0.18,2.175,8.34
ATOM,5479.0,CE,LYS,342.0,-3.208,13.81,20.416,0.21,2.175,0.0
ATOM,5480.0,NZ,LYS,342.0,-3.269,14.418,19.054,-0.3,1.85,3.38
ATOM,5481.0,H,LYS,342.0,1.767,10.888,23.459,0.31,0.2245,0.0
ATOM,5482.0,HA,LYS,342.0,-1.049,10.872,23.92,0.09,1.32,0.0
ATOM,5483.0,HB2,LYS,342.0,0.172,12.509,22.547,0.09,1.32,0.45
ATOM,5484.0,HB3,LYS,342.0,-0.008,11.442,21.325,0.09,1.32,0.97
ATOM,5485.0,HG2,LYS,342.0,-2.391,11.586,21.631,0.09,1.32,0.0
ATOM,5486.0,HG3,LYS,342.0,-2.139,12.768,22.729,0.09,1.32,0.0
ATOM,5487.0,HD2,LYS,342.0,-1.285,14.184,21.078,0.09,1.32,4.16
ATOM,5488.0,HD3,LYS,342.0,-1.364,12.99,19.966,0.09,1.32,3.44
ATOM,5489.0,HE2,LYS,342.0,-3.804,13.007,20.444,0.05,1.32,0.0
ATOM,5490.0,HE3,LYS,342.0,-3.525,14.48,21.089,0.05,1.32,0.0
ATOM,5491.0,HZ1,LYS,342.0,-3.169,15.409,19.131,0.33,0.2245,16.36
ATOM,5492.0,HZ2,LYS,342.0,-2.529,14.047,18.494,0.33,0.2245,8.43
ATOM,5493.0,HZ3,LYS,342.0,-4.149,14.2,18.635,0.33,0.2245,0.0
ATOM,5494.0,N,GLU,343.0,-0.007,8.626,21.86,-0.47,1.85,0.0
ATOM,5495.0,CA,GLU,343.0,-0.384,7.388,21.186,0.07,2.275,0.33
ATOM,5496.0,C,GLU,343.0,-0.827,6.328,22.199,0.51,2.0,0.0
ATOM,5497.0,O,GLU,343.0,-1.771,5.573,21.955,-0.51,1.7,0.0
ATOM,5498.0,CB,GLU,343.0,0.792,6.846,20.383,-0.18,2.175,1.63
ATOM,5499.0,CG,GLU,343.0,1.48,7.873,19.517,-0.28,2.175,7.08
ATOM,5500.0,CD,GLU,343.0,2.62,7.269,18.721,0.62,2.0,2.85
ATOM,5501.0,OE1,GLU,343.0,2.593,6.036,18.486,-0.76,1.7,31.73
ATOM,5502.0,OE2,GLU,343.0,3.541,8.028,18.334,-0.76,1.7,22.26
ATOM,5503.0,H,GLU,343.0,0.961,8.995,21.882,0.31,0.2245,0.0
ATOM,5504.0,HA,GLU,343.0,-1.136,7.566,20.542,0.09,1.32,0.0
ATOM,5505.0,HB2,GLU,343.0,1.457,6.498,21.024,0.09,1.32,0.43
ATOM,5506.0,HB3,GLU,343.0,0.449,6.134,19.792,0.09,1.32,3.27
ATOM,5507.0,HG2,GLU,343.0,0.829,8.229,18.876,0.09,1.32,0.23
ATOM,5508.0,HG3,GLU,343.0,1.86,8.568,20.095,0.09,1.32,0.0
ATOM,5509.0,N,LEU,344.0,-0.128,6.272,23.33,-0.47,1.85,0.0
ATOM,5510.0,CA,LEU,344.0,-0.45,5.324,24.385,0.07,2.275,0.42
ATOM,5511.0,C,LEU,344.0,-1.788,5.636,25.033,0.51,2.0,0.0
ATOM,5512.0,O,LEU,344.0,-2.542,4.732,25.362,-0.51,1.7,0.89
ATOM,5513.0,CB,LEU,344.0,0.639,5.339,25.447,-0.18,2.175,0.18
ATOM,5514.0,CG,LEU,344.0,2.016,5.045,24.858,-0.09,2.275,0.0
ATOM,5515.0,CD1,LEU,344.0,3.044,5.047,25.965,-0.27,2.06,2.41
ATOM,5516.0,CD2,LEU,344.0,1.98,3.699,24.124,-0.27,2.06,21.65
ATOM,5517.0,H,LEU,344.0,0.655,6.955,23.39,0.31,0.2245,0.0
ATOM,5518.0,HA,LEU,344.0,-0.499,4.398,23.982,0.09,1.32,0.05
ATOM,5519.0,HB2,LEU,344.0,0.671,6.235,25.843,0.09,1.32,0.0
ATOM,5520.0,HB3,LEU,344.0,0.441,4.639,26.103,0.09,1.32,2.38
ATOM,5521.0,HG,LEU,344.0,2.24,5.749,24.19,0.09,1.32,0.0
ATOM,5522.0,HD11,LEU,344.0,2.815,4.345,26.642,0.09,1.32,2.5
ATOM,5523.0,HD12,LEU,344.0,3.952,4.855,25.586,0.09,1.32,2.84
ATOM,5524.0,HD13,LEU,344.0,3.059,5.943,26.414,0.09,1.32,0.0
ATOM,5525.0,HD21,LEU,344.0,1.304,3.743,23.39,0.09,1.32,0.0
ATOM,5526.0,HD22,LEU,344.0,2.882,3.51,23.74,0.09,1.32,10.39
ATOM,5527.0,HD23,LEU,344.0,1.731,2.979,24.77,0.09,1.32,9.83
ATOM,5528.0,N,ILE,345.0,-2.075,6.915,25.23,-0.47,1.85,0.0
ATOM,5529.0,CA,ILE,345.0,-3.336,7.324,25.838,0.07,2.275,0.0
ATOM,5530.0,C,ILE,345.0,-4.468,7.028,24.846,0.51,2.0,0.0
ATOM,5531.0,O,ILE,345.0,-5.553,6.578,25.215,-0.51,1.7,0.0
ATOM,5532.0,CB,ILE,345.0,-3.323,8.838,26.172,-0.09,2.275,0.0
ATOM,5533.0,CG1,ILE,345.0,-2.378,9.106,27.348,-0.18,2.175,0.0
ATOM,5534.0,CG2,ILE,345.0,-4.732,9.325,26.467,-0.27,2.06,0.0
ATOM,5535.0,CD1,ILE,345.0,-1.844,10.524,27.392,-0.27,2.06,0.0
ATOM,5536.0,H,ILE,345.0,-1.344,7.583,24.922,0.31,0.2245,0.0
ATOM,5537.0,HA,ILE,345.0,-3.483,6.725,26.618,0.09,1.32,0.37
ATOM,5538.0,HB,ILE,345.0,-2.975,9.32,25.379,0.09,1.32,0.0
ATOM,5539.0,HG12,ILE,345.0,-2.869,8.918,28.196,0.09,1.32,0.0
ATOM,5540.0,HG13,ILE,345.0,-1.606,8.475,27.278,0.09,1.32,0.0
ATOM,5541.0,HG21,ILE,345.0,-4.717,10.309,26.641,0.09,1.32,0.0
ATOM,5542.0,HG22,ILE,345.0,-5.322,9.136,25.683,0.09,1.32,0.0
ATOM,5543.0,HG23,ILE,345.0,-5.088,8.852,27.271,0.09,1.32,0.0
ATOM,5544.0,HD11,ILE,345.0,-2.608,11.162,27.472,0.09,1.32,0.0
ATOM,5545.0,HD12,ILE,345.0,-1.239,10.624,28.18,0.09,1.32,0.0
ATOM,5546.0,HD13,ILE,345.0,-1.336,10.712,26.553,0.09,1.32,0.0
ATOM,5547.0,N,PHE,346.0,-4.192,7.292,23.579,-0.47,1.85,0.0
ATOM,5548.0,CA,PHE,346.0,-5.15,7.049,22.516,0.07,2.275,0.0
ATOM,5549.0,C,PHE,346.0,-5.443,5.553,22.529,0.51,2.0,0.0
ATOM,5550.0,O,PHE,346.0,-6.599,5.128,22.518,-0.51,1.7,0.0
ATOM,5551.0,CB,PHE,346.0,-4.528,7.46,21.181,-0.18,2.175,0.0
ATOM,5552.0,CG,PHE,346.0,-5.462,7.354,20.015,0.0,1.9924,0.0
ATOM,5553.0,CD1,PHE,346.0,-6.457,8.301,19.818,-0.115,1.9924,0.0
ATOM,5554.0,CD2,PHE,346.0,-5.338,6.315,19.109,-0.115,1.9924,3.86
ATOM,5555.0,CE1,PHE,346.0,-7.32,8.219,18.736,-0.115,1.9924,0.0
ATOM,5556.0,CE2,PHE,346.0,-6.194,6.221,18.022,-0.115,1.9924,11.98
ATOM,5557.0,CZ,PHE,346.0,-7.188,7.177,17.839,-0.115,1.9924,3.14
ATOM,5558.0,H,PHE,346.0,-3.24,7.684,23.414,0.31,0.2245,0.0
ATOM,5559.0,HA,PHE,346.0,-5.993,7.507,22.767,0.09,1.32,0.0
ATOM,5560.0,HB2,PHE,346.0,-4.24,8.404,21.26,0.09,1.32,0.0
ATOM,5561.0,HB3,PHE,346.0,-3.755,6.864,21.012,0.09,1.32,0.0
ATOM,5562.0,HD1,PHE,346.0,-6.556,9.057,20.464,0.115,1.3582,0.0
ATOM,5563.0,HD2,PHE,346.0,-4.625,5.626,19.238,0.115,1.3582,4.03
ATOM,5564.0,HE1,PHE,346.0,-8.034,8.916,18.614,0.115,1.3582,0.0
ATOM,5565.0,HE2,PHE,346.0,-6.094,5.457,17.367,0.115,1.3582,18.02
ATOM,5566.0,HZ,PHE,346.0,-7.808,7.109,17.055,0.115,1.3582,3.06
ATOM,5567.0,N,GLU,347.0,-4.371,4.764,22.58,-0.47,1.85,0.0
ATOM,5568.0,CA,GLU,347.0,-4.466,3.309,22.592,0.07,2.275,0.04
ATOM,5569.0,C,GLU,347.0,-5.126,2.769,23.846,0.51,2.0,0.06
ATOM,5570.0,O,GLU,347.0,-5.886,1.818,23.78,-0.51,1.7,14.24
ATOM,5571.0,CB,GLU,347.0,-3.076,2.69,22.439,-0.18,2.175,2.36
ATOM,5572.0,CG,GLU,347.0,-2.762,2.244,21.021,-0.28,2.175,16.53
ATOM,5573.0,CD,GLU,347.0,-1.276,2.102,20.763,0.62,2.0,3.15
ATOM,5574.0,OE1,GLU,347.0,-0.54,1.743,21.711,-0.76,1.7,22.04
ATOM,5575.0,OE2,GLU,347.0,-0.846,2.347,19.613,-0.76,1.7,37.44
ATOM,5576.0,H,GLU,347.0,-3.461,5.277,22.61,0.31,0.2245,0.0
ATOM,5577.0,HA,GLU,347.0,-4.987,2.999,21.776,0.09,1.32,1.11
ATOM,5578.0,HB2,GLU,347.0,-2.415,3.372,22.691,0.09,1.32,0.0
ATOM,5579.0,HB3,GLU,347.0,-3.035,1.898,23.017,0.09,1.32,7.79
ATOM,5580.0,HG2,GLU,347.0,-3.175,1.363,20.876,0.09,1.32,11.03
ATOM,5581.0,HG3,GLU,347.0,-3.108,2.923,20.399,0.09,1.32,1.68
ATOM,5582.0,N,GLU,348.0,-4.841,3.379,24.986,-0.47,1.85,0.0
ATOM,5583.0,CA,GLU,348.0,-5.401,2.936,26.259,0.07,2.275,0.55
ATOM,5584.0,C,GLU,348.0,-6.901,3.204,26.387,0.51,2.0,0.0
ATOM,5585.0,O,GLU,348.0,-7.612,2.466,27.061,-0.51,1.7,0.66
ATOM,5586.0,CB,GLU,348.0,-4.649,3.619,27.413,-0.18,2.175,0.0
ATOM,5587.0,CG,GLU,348.0,-4.736,2.916,28.772,-0.28,2.175,0.0
ATOM,5588.0,CD,GLU,348.0,-4.117,1.529,28.779,0.62,2.0,0.18
ATOM,5589.0,OE1,GLU,348.0,-3.032,1.351,28.196,-0.76,1.7,18.77
ATOM,5590.0,OE2,GLU,348.0,-4.723,0.618,29.374,-0.76,1.7,15.83
ATOM,5591.0,H,GLU,348.0,-4.194,4.189,24.899,0.31,0.2245,0.0
ATOM,5592.0,HA,GLU,348.0,-5.23,1.941,26.376,0.09,1.32,3.82
ATOM,5593.0,HB2,GLU,348.0,-3.693,3.661,27.163,0.09,1.32,0.0
ATOM,5594.0,HB3,GLU,348.0,-5.03,4.525,27.525,0.09,1.32,0.06
ATOM,5595.0,HG2,GLU,348.0,-4.249,3.464,29.429,0.09,1.32,0.0
ATOM,5596.0,HG3,GLU,348.0,-5.688,2.82,29.005,0.09,1.32,0.0
ATOM,5597.0,N,THR,349.0,-7.377,4.252,25.722,-0.47,1.85,0.0
ATOM,5598.0,CA,THR,349.0,-8.781,4.649,25.785,0.07,2.275,0.0
ATOM,5599.0,C,THR,349.0,-9.642,4.098,24.647,0.51,2.0,0.0
ATOM,5600.0,O,THR,349.0,-10.849,4.358,24.593,-0.51,1.7,0.0
ATOM,5601.0,CB,THR,349.0,-8.895,6.179,25.76,0.14,2.275,0.0
ATOM,5602.0,OG1,THR,349.0,-8.068,6.697,24.708,-0.66,1.77,0.07
ATOM,5603.0,CG2,THR,349.0,-8.446,6.769,27.09,-0.27,2.06,0.0
ATOM,5604.0,H,THR,349.0,-6.666,4.764,25.155,0.31,0.2245,0.0
ATOM,5605.0,HA,THR,349.0,-9.169,4.311,26.665,0.09,1.32,0.0
ATOM,5606.0,HB,THR,349.0,-9.86,6.436,25.559,0.09,1.32,0.0
ATOM,5607.0,HG21,THR,349.0,-9.243,7.097,27.602,0.09,1.32,0.0
ATOM,5608.0,HG22,THR,349.0,-7.973,6.069,27.63,0.09,1.32,0.0
ATOM,5609.0,HG23,THR,349.0,-7.822,7.536,26.928,0.09,1.32,0.0
ATOM,5610.0,HG1,THR,349.0,-7.098,6.633,24.964,0.43,0.2245,0.0
ATOM,5611.0,N,ALA,350.0,-9.009,3.342,23.753,-0.47,1.85,0.0
ATOM,5612.0,CA,ALA,350.0,-9.656,2.762,22.577,0.07,2.275,0.0
ATOM,5613.0,C,ALA,350.0,-10.824,1.83,22.857,0.51,2.0,0.17
ATOM,5614.0,O,ALA,350.0,-11.772,1.768,22.077,-0.51,1.7,8.49
ATOM,5615.0,CB,ALA,350.0,-8.619,2.04,21.743,-0.27,2.06,21.08
ATOM,5616.0,H,ALA,350.0,-7.989,3.195,23.967,0.31,0.2245,0.0
ATOM,5617.0,HA,ALA,350.0,-9.992,3.532,21.985,0.09,1.32,0.0
ATOM,5618.0,HB1,ALA,350.0,-7.734,2.498,21.833,0.09,1.32,0.0
ATOM,5619.0,HB2,ALA,350.0,-8.533,1.093,22.056,0.09,1.32,7.44
ATOM,5620.0,HB3,ALA,350.0,-8.895,2.045,20.781,0.09,1.32,8.76
ATOM,5621.0,N,ARG,351.0,-10.76,1.113,23.969,-0.47,1.85,0.7
ATOM,5622.0,CA,ARG,351.0,-11.8,0.163,24.327,0.07,2.275,2.76
ATOM,5623.0,C,ARG,351.0,-13.182,0.763,24.512,0.51,2.0,0.0
ATOM,5624.0,O,ARG,351.0,-14.187,0.059,24.418,-0.51,1.7,23.5
ATOM,5625.0,CB,ARG,351.0,-11.391,-0.593,25.595,-0.18,2.175,9.61
ATOM,5626.0,CG,ARG,351.0,-12.331,-0.424,26.782,-0.18,2.175,3.12
ATOM,5627.0,CD,ARG,351.0,-11.758,-1.048,28.045,0.2,2.175,10.32
ATOM,5628.0,NE,ARG,351.0,-10.316,-0.843,28.159,-0.7,1.85,3.45
ATOM,5629.0,CZ,ARG,351.0,-9.626,-1.021,29.283,0.64,2.0,1.87
ATOM,5630.0,NH1,ARG,351.0,-10.253,-1.403,30.39,-0.8,1.85,14.5
ATOM,5631.0,NH2,ARG,351.0,-8.314,-0.814,29.305,-0.8,1.85,12.24
ATOM,5632.0,H,ARG,351.0,-9.916,1.286,24.552,0.31,0.2245,0.88
ATOM,5633.0,HA,ARG,351.0,-11.854,-0.551,23.593,0.09,1.32,11.61
ATOM,5634.0,HB2,ARG,351.0,-11.345,-1.567,25.375,0.09,1.32,10.78
ATOM,5635.0,HB3,ARG,351.0,-10.486,-0.271,25.871,0.09,1.32,0.47
ATOM,5636.0,HG2,ARG,351.0,-12.478,0.547,26.953,0.09,1.32,0.0
ATOM,5637.0,HG3,ARG,351.0,-13.2,-0.87,26.582,0.09,1.32,6.44
ATOM,5638.0,HD2,ARG,351.0,-12.213,-0.632,28.829,0.09,1.32,0.69
ATOM,5639.0,HD3,ARG,351.0,-11.951,-2.027,28.02,0.09,1.32,11.51
ATOM,5640.0,HE,ARG,351.0,-9.815,-0.55,27.339,0.44,0.2245,1.64
ATOM,5641.0,HH11,ARG,351.0,-11.232,-1.581,30.396,0.46,0.2245,10.25
ATOM,5642.0,HH12,ARG,351.0,-9.726,-1.517,31.243,0.46,0.2245,2.69
ATOM,5643.0,HH21,ARG,351.0,-7.846,-0.541,28.459,0.46,0.2245,6.15
ATOM,5644.0,HH22,ARG,351.0,-7.799,-0.929,30.149,0.46,0.2245,6.01
ATOM,5645.0,N,PHE,352.0,-13.241,2.058,24.785,-0.47,1.85,0.0
ATOM,5646.0,CA,PHE,352.0,-14.521,2.711,24.999,0.07,2.275,1.64
ATOM,5647.0,C,PHE,352.0,-15.055,3.346,23.733,0.51,2.0,0.63
ATOM,5648.0,O,PHE,352.0,-16.113,3.985,23.742,-0.51,1.7,13.67
ATOM,5649.0,CB,PHE,352.0,-14.378,3.782,26.066,-0.18,2.175,0.0
ATOM,5650.0,CG,PHE,352.0,-13.975,3.25,27.392,0.0,1.9924,0.0
ATOM,5651.0,CD1,PHE,352.0,-14.928,2.751,28.266,-0.115,1.9924,3.71
ATOM,5652.0,CD2,PHE,352.0,-12.646,3.263,27.779,-0.115,1.9924,0.0
ATOM,5653.0,CE1,PHE,352.0,-14.569,2.279,29.501,-0.115,1.9924,6.63
ATOM,5654.0,CE2,PHE,352.0,-12.271,2.791,29.022,-0.115,1.9924,0.0
ATOM,5655.0,CZ,PHE,352.0,-13.236,2.298,29.884,-0.115,1.9924,1.19
ATOM,5656.0,H,PHE,352.0,-12.33,2.543,24.83,0.31,0.2245,0.0
ATOM,5657.0,HA,PHE,352.0,-15.178,1.99,25.266,0.09,1.32,4.8
ATOM,5658.0,HB2,PHE,352.0,-13.684,4.421,25.763,0.09,1.32,0.0
ATOM,5659.0,HB3,PHE,352.0,-15.256,4.231,26.164,0.09,1.32,0.0
ATOM,5660.0,HD1,PHE,352.0,-15.889,2.735,27.989,0.115,1.3582,6.59
ATOM,5661.0,HD2,PHE,352.0,-11.951,3.617,27.151,0.115,1.3582,0.0
ATOM,5662.0,HE1,PHE,352.0,-15.271,1.92,30.13,0.115,1.3582,6.53
ATOM,5663.0,HE2,PHE,352.0,-11.298,2.809,29.297,0.115,1.3582,0.0
ATOM,5664.0,HZ,PHE,352.0,-12.975,1.952,30.788,0.115,1.3582,1.61
ATOM,5665.0,N,GLN,353.0,-14.317,3.169,22.645,-0.47,1.85,0.0
ATOM,5666.0,CA,GLN,353.0,-14.701,3.752,21.372,0.07,2.275,0.0
ATOM,5667.0,C,GLN,353.0,-15.892,3.061,20.712,0.51,2.0,0.08
ATOM,5668.0,O,GLN,353.0,-15.915,1.841,20.552,-0.51,1.7,18.56
ATOM,5669.0,CB,GLN,353.0,-13.496,3.768,20.432,-0.18,2.175,9.66
ATOM,5670.0,CG,GLN,353.0,-12.641,5.015,20.59,-0.18,2.175,0.43
ATOM,5671.0,CD,GLN,353.0,-13.466,6.281,20.562,0.55,2.0,0.0
ATOM,5672.0,H,GLN,353.0,-13.466,2.593,22.782,0.31,0.2245,0.0
ATOM,5673.0,HA,GLN,353.0,-14.964,4.722,21.537,0.09,1.32,0.0
ATOM,5674.0,HB2,GLN,353.0,-12.926,2.973,20.625,0.09,1.32,0.21
ATOM,5675.0,HB3,GLN,353.0,-13.822,3.731,19.49,0.09,1.32,0.61
ATOM,5676.0,HG2,GLN,353.0,-12.161,4.965,21.464,0.09,1.32,0.0
ATOM,5677.0,HG3,GLN,353.0,-11.979,5.046,19.843,0.09,1.32,1.72
ATOM,5678.0,OE1,GLN,353.0,-13.681,6.925,21.592,-0.55,1.7,1.96
ATOM,5679.0,NE2,GLN,353.0,-13.937,6.646,19.375,-0.62,1.85,1.06
ATOM,5680.0,HE21,GLN,353.0,-14.514,7.482,19.276,0.32,0.2245,6.32
ATOM,5681.0,HE22,GLN,353.0,-13.713,6.079,18.56,0.3,0.2245,4.9
ATOM,5682.0,N,PRO,354.0,-16.911,3.844,20.337,-0.29,1.85,0.0
ATOM,5683.0,CA,PRO,354.0,-18.108,3.305,19.692,0.02,2.275,4.41
ATOM,5684.0,C,PRO,354.0,-17.814,2.794,18.277,0.51,2.0,0.54
ATOM,5685.0,O,PRO,354.0,-18.69,2.246,17.615,-0.51,1.7,26.65
ATOM,5686.0,CB,PRO,354.0,-19.075,4.488,19.698,-0.18,2.175,19.6
ATOM,5687.0,CG,PRO,354.0,-18.196,5.686,19.718,-0.18,2.175,18.19
ATOM,5688.0,CD,PRO,354.0,-16.991,5.306,20.518,0.0,2.175,5.5
ATOM,5689.0,HA,PRO,354.0,-18.52,2.573,20.253,0.09,1.32,11.17
ATOM,5690.0,HB2,PRO,354.0,-19.652,4.476,18.876,0.09,1.32,8.48
ATOM,5691.0,HB3,PRO,354.0,-19.665,4.458,20.509,0.09,1.32,11.61
ATOM,5692.0,HG2,PRO,354.0,-17.936,5.951,18.778,0.09,1.32,8.86
ATOM,5693.0,HG3,PRO,354.0,-18.676,6.47,20.138,0.09,1.32,11.97
ATOM,5694.0,HD2,PRO,354.0,-16.162,5.745,20.171,0.09,1.32,0.0
ATOM,5695.0,HD3,PRO,354.0,-17.103,5.531,21.488,0.09,1.32,5.0
ATOM,5696.0,N,GLY,355.0,-16.576,2.973,17.829,-0.47,1.85,0.19
ATOM,5697.0,CA,GLY,355.0,-16.192,2.537,16.495,-0.02,2.175,20.71
ATOM,5698.0,C,GLY,355.0,-15.847,1.061,16.418,0.34,2.0,2.7
ATOM,5699.0,O,GLY,355.0,-16.754,0.231,16.657,-0.67,1.7,33.11
ATOM,5700.0,OXT,GLY,355.0,-14.813,0.484,16.157,-0.67,1.7,47.34
ATOM,5701.0,H,GLY,355.0,-15.931,3.435,18.492,0.31,0.2245,0.0
ATOM,5702.0,HA2,GLY,355.0,-16.951,2.737,15.846,0.09,1.32,9.77
ATOM,5703.0,HA3,GLY,355.0,-15.392,3.084,16.181,0.09,1.32,10.69
