atom,serial,name,resname,resid,x,y,z,charges,radius,sasa
ATOM,1.0,N,MET,1.0,-9.815,-22.621,-20.306,-0.3,1.85,9.31
ATOM,2.0,CA,MET,1.0,-8.497,-22.897,-19.662,0.21,2.275,2.24
ATOM,3.0,C,MET,1.0,-7.842,-21.57,-19.254,0.51,2.0,0.02
ATOM,4.0,O,MET,1.0,-6.889,-21.122,-19.864,-0.51,1.7,22.73
ATOM,5.0,CB,MET,1.0,-7.593,-23.645,-20.656,-0.18,2.175,6.78
ATOM,6.0,CG,MET,1.0,-8.246,-24.984,-21.074,-0.14,2.175,11.42
ATOM,7.0,SD,MET,1.0,-7.538,-26.348,-20.108,-0.09,2.0,31.32
ATOM,8.0,CE,MET,1.0,-6.691,-27.199,-21.465,-0.22,2.06,40.78
ATOM,9.0,H,MET,1.0,-9.79,-21.69,-20.765,0.33,0.2245,11.33
ATOM,10.0,H2,MET,1.0,-10.014,-23.352,-21.019,0.33,0.2245,9.08
ATOM,11.0,H3,MET,1.0,-10.563,-22.629,-19.584,0.33,0.2245,17.33
ATOM,12.0,HA,MET,1.0,-8.646,-23.508,-18.783,0.1,1.32,5.23
ATOM,13.0,HB2,MET,1.0,-7.44,-23.027,-21.53,0.09,1.32,11.03
ATOM,14.0,HB3,MET,1.0,-6.637,-23.842,-20.191,0.09,1.32,9.61
ATOM,15.0,HG2,MET,1.0,-9.311,-24.947,-20.9,0.09,1.32,6.55
ATOM,16.0,HG3,MET,1.0,-8.068,-25.156,-22.127,0.09,1.32,9.1
ATOM,17.0,HE1,MET,1.0,-6.107,-26.484,-22.028,0.09,1.32,11.11
ATOM,18.0,HE2,MET,1.0,-6.044,-27.965,-21.061,0.09,1.32,15.14
ATOM,19.0,HE3,MET,1.0,-7.421,-27.655,-22.115,0.09,1.32,13.98
ATOM,20.0,N,ILE,2.0,-8.346,-20.946,-18.215,-0.47,1.85,0.26
ATOM,21.0,CA,ILE,2.0,-7.769,-19.647,-17.735,0.07,2.275,0.0
ATOM,22.0,C,ILE,2.0,-7.023,-19.89,-16.42,0.51,2.0,0.0
ATOM,23.0,O,ILE,2.0,-7.551,-20.495,-15.508,-0.51,1.7,1.77
ATOM,24.0,CB,ILE,2.0,-8.899,-18.646,-17.478,-0.09,2.275,0.0
ATOM,25.0,CG1,ILE,2.0,-9.666,-18.369,-18.784,-0.18,2.175,8.71
ATOM,26.0,CG2,ILE,2.0,-8.295,-17.346,-16.947,-0.27,2.06,2.05
ATOM,27.0,CD1,ILE,2.0,-11.037,-17.701,-18.484,-0.27,2.06,10.51
ATOM,28.0,H,ILE,2.0,-9.11,-21.336,-17.742,0.31,0.2245,3.53
ATOM,29.0,HA,ILE,2.0,-7.088,-19.243,-18.472,0.09,1.32,3.71
ATOM,30.0,HB,ILE,2.0,-9.576,-19.054,-16.74,0.09,1.32,0.36
ATOM,31.0,HG12,ILE,2.0,-9.073,-17.715,-19.411,0.09,1.32,11.46
ATOM,32.0,HG13,ILE,2.0,-9.827,-19.303,-19.304,0.09,1.32,0.11
ATOM,33.0,HG21,ILE,2.0,-7.452,-17.065,-17.56,0.09,1.32,5.08
ATOM,34.0,HG22,ILE,2.0,-9.034,-16.564,-16.973,0.09,1.32,0.0
ATOM,35.0,HG23,ILE,2.0,-7.964,-17.495,-15.93,0.09,1.32,1.82
ATOM,36.0,HD11,ILE,2.0,-11.118,-17.456,-17.433,0.09,1.32,0.23
ATOM,37.0,HD12,ILE,2.0,-11.134,-16.793,-19.063,0.09,1.32,1.56
ATOM,38.0,HD13,ILE,2.0,-11.837,-18.378,-18.752,0.09,1.32,13.12
ATOM,39.0,N,SER,3.0,-5.797,-19.43,-16.312,-0.47,1.85,0.1
ATOM,40.0,CA,SER,3.0,-5.009,-19.643,-15.051,0.07,2.275,0.29
ATOM,41.0,C,SER,3.0,-4.405,-18.32,-14.567,0.51,2.0,0.0
ATOM,42.0,O,SER,3.0,-3.949,-17.509,-15.349,-0.51,1.7,14.75
ATOM,43.0,CB,SER,3.0,-3.877,-20.632,-15.332,0.05,2.175,17.17
ATOM,44.0,OG,SER,3.0,-4.428,-21.878,-15.74,-0.66,1.77,23.3
ATOM,45.0,H,SER,3.0,-5.39,-18.949,-17.063,0.31,0.2245,7.47
ATOM,46.0,HA,SER,3.0,-5.645,-20.045,-14.275,0.09,1.32,0.0
ATOM,47.0,HB2,SER,3.0,-3.249,-20.249,-16.118,0.09,1.32,11.26
ATOM,48.0,HB3,SER,3.0,-3.286,-20.764,-14.435,0.09,1.32,5.5
ATOM,49.0,HG,SER,3.0,-5.175,-22.126,-15.126,0.43,0.2245,4.41
ATOM,50.0,N,GLY,4.0,-4.384,-18.11,-13.268,-0.47,1.85,0.53
ATOM,51.0,CA,GLY,4.0,-3.797,-16.858,-12.69,-0.02,2.175,1.29
ATOM,52.0,C,GLY,4.0,-2.7,-17.254,-11.697,0.51,2.0,0.61
ATOM,53.0,O,GLY,4.0,-2.162,-18.341,-11.765,-0.51,1.7,14.11
ATOM,54.0,H,GLY,4.0,-4.745,-18.788,-12.66,0.31,0.2245,0.0
ATOM,55.0,HA2,GLY,4.0,-3.37,-16.245,-13.474,0.09,1.32,1.22
ATOM,56.0,HA3,GLY,4.0,-4.562,-16.301,-12.172,0.09,1.32,0.0
ATOM,57.0,N,ILE,5.0,-2.336,-16.382,-10.79,-0.47,1.85,0.0
ATOM,58.0,CA,ILE,5.0,-1.246,-16.725,-9.821,0.07,2.275,0.27
ATOM,59.0,C,ILE,5.0,-1.825,-17.271,-8.513,0.51,2.0,0.03
ATOM,60.0,O,ILE,5.0,-1.101,-17.795,-7.691,-0.51,1.7,9.88
ATOM,61.0,CB,ILE,5.0,-0.443,-15.461,-9.515,-0.09,2.275,0.0
ATOM,62.0,CG1,ILE,5.0,0.203,-14.954,-10.816,-0.18,2.175,9.54
ATOM,63.0,CG2,ILE,5.0,0.643,-15.782,-8.472,-0.27,2.06,9.41
ATOM,64.0,CD1,ILE,5.0,0.711,-13.51,-10.648,-0.27,2.06,8.93
ATOM,65.0,H,ILE,5.0,-2.751,-15.493,-10.76,0.31,0.2245,0.0
ATOM,66.0,HA,ILE,5.0,-0.587,-17.462,-10.256,0.09,1.32,6.49
ATOM,67.0,HB,ILE,5.0,-1.111,-14.71,-9.118,0.09,1.32,0.0
ATOM,68.0,HG12,ILE,5.0,1.033,-15.597,-11.074,0.09,1.32,11.56
ATOM,69.0,HG13,ILE,5.0,-0.53,-14.984,-11.609,0.09,1.32,0.99
ATOM,70.0,HG21,ILE,5.0,1.01,-16.789,-8.621,0.09,1.32,9.23
ATOM,71.0,HG22,ILE,5.0,1.465,-15.089,-8.57,0.09,1.32,0.98
ATOM,72.0,HG23,ILE,5.0,0.22,-15.696,-7.481,0.09,1.32,0.7
ATOM,73.0,HD11,ILE,5.0,0.067,-12.968,-9.973,0.09,1.32,0.0
ATOM,74.0,HD12,ILE,5.0,1.716,-13.521,-10.253,0.09,1.32,6.97
ATOM,75.0,HD13,ILE,5.0,0.712,-13.019,-11.609,0.09,1.32,6.31
ATOM,76.0,N,LEU,6.0,-3.11,-17.148,-8.302,-0.47,1.85,0.0
ATOM,77.0,CA,LEU,6.0,-3.713,-17.661,-7.033,0.07,2.275,0.0
ATOM,78.0,C,LEU,6.0,-2.962,-17.073,-5.833,0.51,2.0,0.0
ATOM,79.0,O,LEU,6.0,-1.869,-17.488,-5.504,-0.51,1.7,12.87
ATOM,80.0,CB,LEU,6.0,-3.63,-19.196,-7.012,-0.18,2.175,0.0
ATOM,81.0,CG,LEU,6.0,-4.238,-19.764,-5.714,-0.09,2.275,0.36
ATOM,82.0,CD1,LEU,6.0,-5.72,-19.354,-5.601,-0.27,2.06,0.0
ATOM,83.0,CD2,LEU,6.0,-4.1,-21.319,-5.707,-0.27,2.06,16.46
ATOM,84.0,H,LEU,6.0,-3.681,-16.71,-8.967,0.31,0.2245,0.0
ATOM,85.0,HA,LEU,6.0,-4.746,-17.354,-6.991,0.09,1.32,0.0
ATOM,86.0,HB2,LEU,6.0,-4.168,-19.594,-7.86,0.09,1.32,0.0
ATOM,87.0,HB3,LEU,6.0,-2.595,-19.494,-7.077,0.09,1.32,4.25
ATOM,88.0,HG,LEU,6.0,-3.701,-19.356,-4.869,0.09,1.32,1.57
ATOM,89.0,HD11,LEU,6.0,-6.187,-19.399,-6.574,0.09,1.32,0.0
ATOM,90.0,HD12,LEU,6.0,-6.23,-20.025,-4.926,0.09,1.32,0.0
ATOM,91.0,HD13,LEU,6.0,-5.786,-18.347,-5.214,0.09,1.32,0.0
ATOM,92.0,HD21,LEU,6.0,-3.432,-21.639,-6.497,0.09,1.32,6.68
ATOM,93.0,HD22,LEU,6.0,-3.696,-21.642,-4.755,0.09,1.32,5.6
ATOM,94.0,HD23,LEU,6.0,-5.065,-21.785,-5.858,0.09,1.32,0.0
ATOM,95.0,N,ALA,7.0,-3.549,-16.106,-5.173,-0.47,1.85,0.0
ATOM,96.0,CA,ALA,7.0,-2.88,-15.479,-3.991,0.07,2.275,0.13
ATOM,97.0,C,ALA,7.0,-3.376,-16.139,-2.704,0.51,2.0,0.48
ATOM,98.0,O,ALA,7.0,-2.693,-16.146,-1.699,-0.51,1.7,11.73
ATOM,99.0,CB,ALA,7.0,-3.228,-13.992,-3.957,-0.27,2.06,0.09
ATOM,100.0,H,ALA,7.0,-4.435,-15.793,-5.453,0.31,0.2245,0.0
ATOM,101.0,HA,ALA,7.0,-1.808,-15.596,-4.067,0.09,1.32,5.42
ATOM,102.0,HB1,ALA,7.0,-2.953,-13.538,-4.897,0.09,1.32,0.0
ATOM,103.0,HB2,ALA,7.0,-4.29,-13.874,-3.797,0.09,1.32,0.0
ATOM,104.0,HB3,ALA,7.0,-2.687,-13.513,-3.154,0.09,1.32,0.0
ATOM,105.0,N,SER,8.0,-4.561,-16.695,-2.723,-0.47,1.85,0.0
ATOM,106.0,CA,SER,8.0,-5.103,-17.36,-1.498,0.07,2.275,0.0
ATOM,107.0,C,SER,8.0,-5.872,-18.628,-1.918,0.51,2.0,0.0
ATOM,108.0,O,SER,8.0,-6.759,-18.555,-2.747,-0.51,1.7,0.0
ATOM,109.0,CB,SER,8.0,-6.053,-16.394,-0.789,0.05,2.175,0.21
ATOM,110.0,OG,SER,8.0,-5.306,-15.579,0.106,-0.66,1.77,0.03
ATOM,111.0,H,SER,8.0,-5.096,-16.677,-3.547,0.31,0.2245,0.0
ATOM,112.0,HA,SER,8.0,-4.293,-17.609,-0.834,0.09,1.32,0.77
ATOM,113.0,HB2,SER,8.0,-6.533,-15.769,-1.52,0.09,1.32,0.0
ATOM,114.0,HB3,SER,8.0,-6.804,-16.951,-0.239,0.09,1.32,0.69
ATOM,115.0,HG,SER,8.0,-5.341,-15.976,1.021,0.43,0.2245,2.68
ATOM,116.0,N,PRO,9.0,-5.556,-19.78,-1.361,-0.29,1.85,0.0
ATOM,117.0,CA,PRO,9.0,-6.26,-21.046,-1.711,0.02,2.275,0.0
ATOM,118.0,C,PRO,9.0,-7.604,-21.17,-0.982,0.51,2.0,0.06
ATOM,119.0,O,PRO,9.0,-7.739,-20.781,0.161,-0.51,1.7,16.21
ATOM,120.0,CB,PRO,9.0,-5.283,-22.124,-1.239,-0.18,2.175,10.3
ATOM,121.0,CG,PRO,9.0,-4.614,-21.519,-0.049,-0.18,2.175,17.45
ATOM,122.0,CD,PRO,9.0,-4.507,-20.019,-0.346,0.0,2.175,9.21
ATOM,123.0,HA,PRO,9.0,-6.398,-21.119,-2.777,0.09,1.32,0.0
ATOM,124.0,HB2,PRO,9.0,-5.813,-23.028,-0.965,0.09,1.32,8.9
ATOM,125.0,HB3,PRO,9.0,-4.553,-22.333,-2.007,0.09,1.32,5.29
ATOM,126.0,HG2,PRO,9.0,-5.214,-21.685,0.838,0.09,1.32,9.79
ATOM,127.0,HG3,PRO,9.0,-3.627,-21.938,0.085,0.09,1.32,14.71
ATOM,128.0,HD2,PRO,9.0,-4.699,-19.44,0.549,0.09,1.32,8.54
ATOM,129.0,HD3,PRO,9.0,-3.535,-19.782,-0.753,0.09,1.32,9.68
ATOM,130.0,N,GLY,10.0,-8.596,-21.707,-1.633,-0.47,1.85,0.09
ATOM,131.0,CA,GLY,10.0,-9.929,-21.854,-0.981,-0.02,2.175,7.13
ATOM,132.0,C,GLY,10.0,-10.977,-22.11,-2.063,0.51,2.0,0.0
ATOM,133.0,O,GLY,10.0,-10.648,-22.485,-3.163,-0.51,1.7,0.0
ATOM,134.0,H,GLY,10.0,-8.468,-22.015,-2.555,0.31,0.2245,0.0
ATOM,135.0,HA2,GLY,10.0,-9.904,-22.683,-0.289,0.09,1.32,14.52
ATOM,136.0,HA3,GLY,10.0,-10.176,-20.946,-0.453,0.09,1.32,1.29
ATOM,137.0,N,ILE,11.0,-12.234,-21.893,-1.771,-0.47,1.85,1.31
ATOM,138.0,CA,ILE,11.0,-13.304,-22.096,-2.801,0.07,2.275,0.0
ATOM,139.0,C,ILE,11.0,-14.444,-21.116,-2.508,0.51,2.0,0.0
ATOM,140.0,O,ILE,11.0,-14.678,-20.755,-1.371,-0.51,1.7,16.68
ATOM,141.0,CB,ILE,11.0,-13.852,-23.539,-2.782,-0.09,2.275,0.43
ATOM,142.0,CG1,ILE,11.0,-12.769,-24.527,-3.265,-0.18,2.175,0.99
ATOM,143.0,CG2,ILE,11.0,-15.082,-23.626,-3.714,-0.27,2.06,0.0
ATOM,144.0,CD1,ILE,11.0,-13.254,-25.993,-3.104,-0.27,2.06,4.8
ATOM,145.0,H,ILE,11.0,-12.475,-21.563,-0.88,0.31,0.2245,6.42
ATOM,146.0,HA,ILE,11.0,-12.901,-21.88,-3.78,0.09,1.32,0.0
ATOM,147.0,HB,ILE,11.0,-14.148,-23.795,-1.773,0.09,1.32,6.32
ATOM,148.0,HG12,ILE,11.0,-12.545,-24.326,-4.306,0.09,1.32,0.0
ATOM,149.0,HG13,ILE,11.0,-11.877,-24.388,-2.679,0.09,1.32,0.85
ATOM,150.0,HG21,ILE,11.0,-14.97,-22.926,-4.533,0.09,1.32,0.0
ATOM,151.0,HG22,ILE,11.0,-15.182,-24.625,-4.114,0.09,1.32,1.42
ATOM,152.0,HG23,ILE,11.0,-15.969,-23.379,-3.156,0.09,1.32,0.0
ATOM,153.0,HD11,ILE,11.0,-14.179,-26.023,-2.544,0.09,1.32,0.0
ATOM,154.0,HD12,ILE,11.0,-13.416,-26.431,-4.081,0.09,1.32,9.08
ATOM,155.0,HD13,ILE,11.0,-12.505,-26.57,-2.578,0.09,1.32,0.23
ATOM,156.0,N,ALA,12.0,-15.164,-20.679,-3.512,-0.47,1.85,0.0
ATOM,157.0,CA,ALA,12.0,-16.28,-19.722,-3.243,0.07,2.275,0.07
ATOM,158.0,C,ALA,12.0,-17.337,-19.777,-4.353,0.51,2.0,0.0
ATOM,159.0,O,ALA,12.0,-17.056,-20.119,-5.485,-0.51,1.7,0.0
ATOM,160.0,CB,ALA,12.0,-15.707,-18.308,-3.161,-0.27,2.06,4.05
ATOM,161.0,H,ALA,12.0,-14.978,-20.982,-4.426,0.31,0.2245,0.0
ATOM,162.0,HA,ALA,12.0,-16.746,-19.969,-2.3,0.09,1.32,4.31
ATOM,163.0,HB1,ALA,12.0,-14.91,-18.286,-2.432,0.09,1.32,0.1
ATOM,164.0,HB2,ALA,12.0,-15.32,-18.021,-4.127,0.09,1.32,0.24
ATOM,165.0,HB3,ALA,12.0,-16.486,-17.622,-2.865,0.09,1.32,0.05
ATOM,166.0,N,PHE,13.0,-18.553,-19.413,-4.025,-0.47,1.85,0.0
ATOM,167.0,CA,PHE,13.0,-19.658,-19.403,-5.035,0.07,2.275,0.0
ATOM,168.0,C,PHE,13.0,-20.422,-18.078,-4.895,0.51,2.0,0.0
ATOM,169.0,O,PHE,13.0,-20.861,-17.735,-3.815,-0.51,1.7,10.55
ATOM,170.0,CB,PHE,13.0,-20.633,-20.557,-4.75,-0.18,2.175,3.91
ATOM,171.0,CG,PHE,13.0,-19.88,-21.823,-4.408,0.0,1.9924,0.46
ATOM,172.0,CD1,PHE,13.0,-19.217,-21.935,-3.17,-0.115,1.9924,7.35
ATOM,173.0,CD2,PHE,13.0,-19.854,-22.898,-5.318,-0.115,1.9924,3.69
ATOM,174.0,CE1,PHE,13.0,-18.531,-23.12,-2.844,-0.115,1.9924,2.5
ATOM,175.0,CE2,PHE,13.0,-19.165,-24.08,-4.993,-0.115,1.9924,0.11
ATOM,176.0,CZ,PHE,13.0,-18.503,-24.191,-3.756,-0.115,1.9924,0.14
ATOM,177.0,H,PHE,13.0,-18.74,-19.129,-3.106,0.31,0.2245,2.45
ATOM,178.0,HA,PHE,13.0,-19.259,-19.495,-6.035,0.09,1.32,0.0
ATOM,179.0,HB2,PHE,13.0,-21.269,-20.294,-3.915,0.09,1.32,8.94
ATOM,180.0,HB3,PHE,13.0,-21.245,-20.728,-5.623,0.09,1.32,0.0
ATOM,181.0,HD1,PHE,13.0,-19.236,-21.113,-2.469,0.115,1.3582,7.56
ATOM,182.0,HD2,PHE,13.0,-20.363,-22.815,-6.265,0.115,1.3582,0.01
ATOM,183.0,HE1,PHE,13.0,-18.024,-23.207,-1.895,0.115,1.3582,5.82
ATOM,184.0,HE2,PHE,13.0,-19.144,-24.902,-5.691,0.115,1.3582,0.12
ATOM,185.0,HZ,PHE,13.0,-17.977,-25.099,-3.506,0.115,1.3582,1.46
ATOM,186.0,N,GLY,14.0,-20.603,-17.322,-5.95,-0.47,1.85,0.0
ATOM,187.0,CA,GLY,14.0,-21.355,-16.039,-5.793,-0.02,2.175,1.69
ATOM,188.0,C,GLY,14.0,-21.465,-15.3,-7.135,0.51,2.0,0.0
ATOM,189.0,O,GLY,14.0,-20.969,-15.743,-8.152,-0.51,1.7,0.0
ATOM,190.0,H,GLY,14.0,-20.258,-17.572,-6.832,0.31,0.2245,0.0
ATOM,191.0,HA2,GLY,14.0,-22.348,-16.253,-5.422,0.09,1.32,7.42
ATOM,192.0,HA3,GLY,14.0,-20.84,-15.408,-5.085,0.09,1.32,0.0
ATOM,193.0,N,LYS,15.0,-22.128,-14.173,-7.127,-0.47,1.85,0.0
ATOM,194.0,CA,LYS,15.0,-22.3,-13.376,-8.38,0.07,2.275,0.0
ATOM,195.0,C,LYS,15.0,-21.024,-12.58,-8.649,0.51,2.0,0.0
ATOM,196.0,O,LYS,15.0,-20.209,-12.385,-7.768,-0.51,1.7,0.0
ATOM,197.0,CB,LYS,15.0,-23.487,-12.426,-8.223,-0.18,2.175,0.91
ATOM,198.0,CG,LYS,15.0,-24.778,-13.245,-8.165,-0.18,2.175,0.0
ATOM,199.0,CD,LYS,15.0,-25.982,-12.311,-8.012,-0.18,2.175,4.05
ATOM,200.0,CE,LYS,15.0,-27.264,-13.144,-7.95,0.21,2.175,12.36
ATOM,201.0,NZ,LYS,15.0,-28.447,-12.239,-7.897,-0.3,1.85,12.43
ATOM,202.0,H,LYS,15.0,-22.518,-13.867,-6.283,0.31,0.2245,0.92
ATOM,203.0,HA,LYS,15.0,-22.481,-14.043,-9.208,0.09,1.32,0.0
ATOM,204.0,HB2,LYS,15.0,-23.377,-11.858,-7.315,0.09,1.32,0.0
ATOM,205.0,HB3,LYS,15.0,-23.527,-11.755,-9.069,0.09,1.32,0.19
ATOM,206.0,HG2,LYS,15.0,-24.881,-13.82,-9.073,0.09,1.32,0.21
ATOM,207.0,HG3,LYS,15.0,-24.735,-13.913,-7.318,0.09,1.32,3.94
ATOM,208.0,HD2,LYS,15.0,-25.879,-11.74,-7.1,0.09,1.32,1.82
ATOM,209.0,HD3,LYS,15.0,-26.029,-11.639,-8.855,0.09,1.32,0.0
ATOM,210.0,HE2,LYS,15.0,-27.33,-13.768,-8.83,0.05,1.32,10.32
ATOM,211.0,HE3,LYS,15.0,-27.247,-13.768,-7.069,0.05,1.32,12.92
ATOM,212.0,HZ1,LYS,15.0,-28.366,-11.611,-7.07,0.33,0.2245,11.51
ATOM,213.0,HZ2,LYS,15.0,-28.487,-11.668,-8.764,0.33,0.2245,10.05
ATOM,214.0,HZ3,LYS,15.0,-29.315,-12.806,-7.818,0.33,0.2245,21.7
ATOM,215.0,N,ALA,16.0,-20.823,-12.149,-9.871,-0.47,1.85,0.0
ATOM,216.0,CA,ALA,16.0,-19.57,-11.395,-10.215,0.07,2.275,0.0
ATOM,217.0,C,ALA,16.0,-19.853,-9.895,-10.371,0.51,2.0,0.07
ATOM,218.0,O,ALA,16.0,-20.734,-9.485,-11.101,-0.51,1.7,0.9
ATOM,219.0,CB,ALA,16.0,-19.001,-11.958,-11.528,-0.27,2.06,0.0
ATOM,220.0,H,ALA,16.0,-21.484,-12.349,-10.572,0.31,0.2245,0.0
ATOM,221.0,HA,ALA,16.0,-18.836,-11.529,-9.43,0.09,1.32,0.0
ATOM,222.0,HB1,ALA,16.0,-19.323,-12.984,-11.64,0.09,1.32,0.0
ATOM,223.0,HB2,ALA,16.0,-19.354,-11.378,-12.37,0.09,1.32,0.0
ATOM,224.0,HB3,ALA,16.0,-17.92,-11.922,-11.498,0.09,1.32,0.0
ATOM,225.0,N,LEU,17.0,-19.081,-9.076,-9.698,-0.47,1.85,0.0
ATOM,226.0,CA,LEU,17.0,-19.262,-7.597,-9.803,0.07,2.275,0.3
ATOM,227.0,C,LEU,17.0,-18.189,-7.06,-10.757,0.51,2.0,0.0
ATOM,228.0,O,LEU,17.0,-17.038,-7.436,-10.665,-0.51,1.7,0.0
ATOM,229.0,CB,LEU,17.0,-19.09,-6.964,-8.414,-0.18,2.175,0.0
ATOM,230.0,CG,LEU,17.0,-19.296,-5.445,-8.486,-0.09,2.275,0.0
ATOM,231.0,CD1,LEU,17.0,-20.731,-5.126,-8.931,-0.27,2.06,19.6
ATOM,232.0,CD2,LEU,17.0,-19.054,-4.844,-7.097,-0.27,2.06,0.11
ATOM,233.0,H,LEU,17.0,-18.368,-9.438,-9.132,0.31,0.2245,0.0
ATOM,234.0,HA,LEU,17.0,-20.245,-7.377,-10.191,0.09,1.32,0.16
ATOM,235.0,HB2,LEU,17.0,-19.81,-7.391,-7.731,0.09,1.32,0.0
ATOM,236.0,HB3,LEU,17.0,-18.093,-7.167,-8.054,0.09,1.32,0.0
ATOM,237.0,HG,LEU,17.0,-18.597,-5.019,-9.19,0.09,1.32,0.0
ATOM,238.0,HD11,LEU,17.0,-21.416,-5.826,-8.473,0.09,1.32,4.66
ATOM,239.0,HD12,LEU,17.0,-20.99,-4.122,-8.629,0.09,1.32,7.37
ATOM,240.0,HD13,LEU,17.0,-20.801,-5.2,-10.005,0.09,1.32,0.4
ATOM,241.0,HD21,LEU,17.0,-19.727,-5.299,-6.385,0.09,1.32,0.0
ATOM,242.0,HD22,LEU,17.0,-18.034,-5.028,-6.797,0.09,1.32,0.0
ATOM,243.0,HD23,LEU,17.0,-19.232,-3.779,-7.132,0.09,1.32,0.25
ATOM,244.0,N,LEU,18.0,-18.551,-6.195,-11.677,-0.47,1.85,0.0
ATOM,245.0,CA,LEU,18.0,-17.545,-5.65,-12.653,0.07,2.275,0.0
ATOM,246.0,C,LEU,18.0,-17.392,-4.134,-12.478,0.51,2.0,0.0
ATOM,247.0,O,LEU,18.0,-18.341,-3.384,-12.581,-0.51,1.7,9.15
ATOM,248.0,CB,LEU,18.0,-18.032,-5.956,-14.076,-0.18,2.175,0.0
ATOM,249.0,CG,LEU,18.0,-17.031,-5.434,-15.119,-0.09,2.275,0.26
ATOM,250.0,CD1,LEU,18.0,-15.657,-6.098,-14.918,-0.27,2.06,4.08
ATOM,251.0,CD2,LEU,18.0,-17.561,-5.748,-16.533,-0.27,2.06,6.28
ATOM,252.0,H,LEU,18.0,-19.481,-5.904,-11.729,0.31,0.2245,0.0
ATOM,253.0,HA,LEU,18.0,-16.587,-6.12,-12.495,0.09,1.32,0.0
ATOM,254.0,HB2,LEU,18.0,-18.146,-7.023,-14.194,0.09,1.32,0.0
ATOM,255.0,HB3,LEU,18.0,-18.987,-5.476,-14.233,0.09,1.32,0.0
ATOM,256.0,HG,LEU,18.0,-16.926,-4.366,-15.008,0.09,1.32,0.0
ATOM,257.0,HD11,LEU,18.0,-15.79,-7.126,-14.609,0.09,1.32,0.0
ATOM,258.0,HD12,LEU,18.0,-15.103,-6.07,-15.845,0.09,1.32,3.13
ATOM,259.0,HD13,LEU,18.0,-15.105,-5.563,-14.16,0.09,1.32,0.0
ATOM,260.0,HD21,LEU,18.0,-18.639,-5.694,-16.54,0.09,1.32,0.0
ATOM,261.0,HD22,LEU,18.0,-17.163,-5.028,-17.232,0.09,1.32,6.52
ATOM,262.0,HD23,LEU,18.0,-17.252,-6.741,-16.829,0.09,1.32,0.0
ATOM,263.0,N,LEU,19.0,-16.19,-3.688,-12.213,-0.47,1.85,0.0
ATOM,264.0,CA,LEU,19.0,-15.954,-2.225,-12.026,0.07,2.275,0.0
ATOM,265.0,C,LEU,19.0,-15.666,-1.556,-13.377,0.51,2.0,0.0
ATOM,266.0,O,LEU,19.0,-14.584,-1.667,-13.917,-0.51,1.7,13.84
ATOM,267.0,CB,LEU,19.0,-14.756,-2.004,-11.097,-0.18,2.175,2.07
ATOM,268.0,CG,LEU,19.0,-14.904,-2.842,-9.82,-0.09,2.275,0.0
ATOM,269.0,CD1,LEU,19.0,-13.844,-2.404,-8.805,-0.27,2.06,0.7
ATOM,270.0,CD2,LEU,19.0,-16.301,-2.645,-9.218,-0.27,2.06,0.3
ATOM,271.0,H,LEU,19.0,-15.46,-4.337,-12.131,0.31,0.2245,0.0
ATOM,272.0,HA,LEU,19.0,-16.832,-1.771,-11.591,0.09,1.32,0.09
ATOM,273.0,HB2,LEU,19.0,-13.85,-2.293,-11.611,0.09,1.32,1.4
ATOM,274.0,HB3,LEU,19.0,-14.7,-0.958,-10.834,0.09,1.32,1.39
ATOM,275.0,HG,LEU,19.0,-14.758,-3.885,-10.061,0.09,1.32,0.0
ATOM,276.0,HD11,LEU,19.0,-12.888,-2.313,-9.298,0.09,1.32,1.6
ATOM,277.0,HD12,LEU,19.0,-14.123,-1.45,-8.383,0.09,1.32,2.91
ATOM,278.0,HD13,LEU,19.0,-13.775,-3.14,-8.018,0.09,1.32,0.0
ATOM,279.0,HD21,LEU,19.0,-16.579,-1.603,-9.281,0.09,1.32,0.2
ATOM,280.0,HD22,LEU,19.0,-17.013,-3.243,-9.767,0.09,1.32,0.0
ATOM,281.0,HD23,LEU,19.0,-16.297,-2.954,-8.183,0.09,1.32,0.0
ATOM,282.0,N,LYS,20.0,-16.632,-0.859,-13.921,-0.47,1.85,0.0
ATOM,283.0,CA,LYS,20.0,-16.434,-0.169,-15.235,0.07,2.275,0.47
ATOM,284.0,C,LYS,20.0,-16.106,1.308,-14.986,0.51,2.0,0.09
ATOM,285.0,O,LYS,20.0,-16.755,1.96,-14.194,-0.51,1.7,6.43
ATOM,286.0,CB,LYS,20.0,-17.739,-0.225,-16.029,-0.18,2.175,6.44
ATOM,287.0,CG,LYS,20.0,-18.07,-1.665,-16.437,-0.18,2.175,1.38
ATOM,288.0,CD,LYS,20.0,-19.543,-1.732,-16.885,-0.18,2.175,7.32
ATOM,289.0,CE,LYS,20.0,-19.769,-2.919,-17.83,0.21,2.175,5.96
ATOM,290.0,NZ,LYS,20.0,-21.103,-2.786,-18.483,-0.3,1.85,11.9
ATOM,291.0,H,LYS,20.0,-17.498,-0.795,-13.468,0.31,0.2245,2.18
ATOM,292.0,HA,LYS,20.0,-15.638,-0.639,-15.796,0.09,1.32,5.5
ATOM,293.0,HB2,LYS,20.0,-18.541,0.169,-15.423,0.09,1.32,7.44
ATOM,294.0,HB3,LYS,20.0,-17.637,0.378,-16.92,0.09,1.32,9.22
ATOM,295.0,HG2,LYS,20.0,-17.422,-1.964,-17.247,0.09,1.32,8.32
ATOM,296.0,HG3,LYS,20.0,-17.92,-2.322,-15.593,0.09,1.32,0.0
ATOM,297.0,HD2,LYS,20.0,-20.169,-1.85,-16.011,0.09,1.32,9.4
ATOM,298.0,HD3,LYS,20.0,-19.814,-0.817,-17.393,0.09,1.32,8.48
ATOM,299.0,HE2,LYS,20.0,-19.001,-2.935,-18.59,0.05,1.32,10.57
ATOM,300.0,HE3,LYS,20.0,-19.738,-3.834,-17.268,0.05,1.32,0.0
ATOM,301.0,HZ1,LYS,20.0,-21.168,-1.865,-18.96,0.33,0.2245,17.81
ATOM,302.0,HZ2,LYS,20.0,-21.223,-3.549,-19.182,0.33,0.2245,21.28
ATOM,303.0,HZ3,LYS,20.0,-21.849,-2.854,-17.763,0.33,0.2245,12.79
ATOM,304.0,N,GLU,21.0,-15.121,1.85,-15.666,-0.47,1.85,0.86
ATOM,305.0,CA,GLU,21.0,-14.773,3.299,-15.48,0.07,2.275,0.41
ATOM,306.0,C,GLU,21.0,-14.662,3.975,-16.85,0.51,2.0,0.2
ATOM,307.0,O,GLU,21.0,-13.988,3.491,-17.737,-0.51,1.7,21.45
ATOM,308.0,CB,GLU,21.0,-13.431,3.423,-14.752,-0.18,2.175,3.14
ATOM,309.0,CG,GLU,21.0,-13.571,2.922,-13.313,-0.28,2.175,2.04
ATOM,310.0,CD,GLU,21.0,-12.223,3.054,-12.602,0.62,2.0,3.07
ATOM,311.0,OE1,GLU,21.0,-11.293,3.541,-13.224,-0.76,1.7,13.77
ATOM,312.0,OE2,GLU,21.0,-12.14,2.659,-11.451,-0.76,1.7,20.8
ATOM,313.0,H,GLU,21.0,-14.62,1.31,-16.313,0.31,0.2245,9.25
ATOM,314.0,HA,GLU,21.0,-15.54,3.797,-14.902,0.09,1.32,3.78
ATOM,315.0,HB2,GLU,21.0,-12.687,2.832,-15.267,0.09,1.32,9.21
ATOM,316.0,HB3,GLU,21.0,-13.124,4.458,-14.742,0.09,1.32,0.56
ATOM,317.0,HG2,GLU,21.0,-14.316,3.51,-12.794,0.09,1.32,0.65
ATOM,318.0,HG3,GLU,21.0,-13.87,1.886,-13.321,0.09,1.32,0.01
ATOM,319.0,N,ASP,22.0,-15.305,5.096,-17.033,-0.47,1.85,0.34
ATOM,320.0,CA,ASP,22.0,-15.212,5.796,-18.347,0.07,2.275,0.09
ATOM,321.0,C,ASP,22.0,-13.856,6.494,-18.455,0.51,2.0,0.0
ATOM,322.0,O,ASP,22.0,-13.303,6.949,-17.474,-0.51,1.7,2.6
ATOM,323.0,CB,ASP,22.0,-16.326,6.837,-18.461,-0.28,2.175,6.58
ATOM,324.0,CG,ASP,22.0,-17.677,6.134,-18.599,0.62,2.0,4.23
ATOM,325.0,OD1,ASP,22.0,-17.685,4.985,-19.008,-0.76,1.7,32.04
ATOM,326.0,OD2,ASP,22.0,-18.681,6.76,-18.302,-0.76,1.7,43.27
ATOM,327.0,H,ASP,22.0,-15.839,5.484,-16.309,0.31,0.2245,5.05
ATOM,328.0,HA,ASP,22.0,-15.311,5.074,-19.146,0.09,1.32,5.18
ATOM,329.0,HB2,ASP,22.0,-16.33,7.456,-17.575,0.09,1.32,0.0
ATOM,330.0,HB3,ASP,22.0,-16.153,7.454,-19.33,0.09,1.32,7.87
ATOM,331.0,N,GLU,23.0,-13.315,6.586,-19.637,-0.47,1.85,1.41
ATOM,332.0,CA,GLU,23.0,-11.995,7.258,-19.795,0.07,2.275,1.83
ATOM,333.0,C,GLU,23.0,-12.146,8.748,-19.491,0.51,2.0,0.0
ATOM,334.0,O,GLU,23.0,-13.125,9.374,-19.85,-0.51,1.7,7.16
ATOM,335.0,CB,GLU,23.0,-11.484,7.07,-21.224,-0.18,2.175,4.82
ATOM,336.0,CG,GLU,23.0,-10.093,7.693,-21.358,-0.28,2.175,7.62
ATOM,337.0,CD,GLU,23.0,-9.49,7.313,-22.713,0.62,2.0,6.3
ATOM,338.0,OE1,GLU,23.0,-10.129,6.566,-23.435,-0.76,1.7,36.63
ATOM,339.0,OE2,GLU,23.0,-8.402,7.781,-23.007,-0.76,1.7,46.45
ATOM,340.0,H,GLU,23.0,-13.775,6.215,-20.419,0.31,0.2245,10.02
ATOM,341.0,HA,GLU,23.0,-11.291,6.823,-19.102,0.09,1.32,7.66
ATOM,342.0,HB2,GLU,23.0,-11.429,6.014,-21.447,0.09,1.32,10.48
ATOM,343.0,HB3,GLU,23.0,-12.159,7.549,-21.913,0.09,1.32,9.55
ATOM,344.0,HG2,GLU,23.0,-10.172,8.767,-21.287,0.09,1.32,0.0
ATOM,345.0,HG3,GLU,23.0,-9.455,7.325,-20.567,0.09,1.32,10.51
ATOM,346.0,N,ILE,24.0,-11.184,9.316,-18.82,-0.47,1.85,0.0
ATOM,347.0,CA,ILE,24.0,-11.262,10.762,-18.472,0.07,2.275,0.0
ATOM,348.0,C,ILE,24.0,-10.872,11.603,-19.69,0.51,2.0,0.0
ATOM,349.0,O,ILE,24.0,-9.861,11.368,-20.323,-0.51,1.7,9.62
ATOM,350.0,CB,ILE,24.0,-10.307,11.055,-17.312,-0.09,2.275,0.02
ATOM,351.0,CG1,ILE,24.0,-10.608,10.089,-16.158,-0.18,2.175,0.68
ATOM,352.0,CG2,ILE,24.0,-10.511,12.499,-16.842,-0.27,2.06,0.24
ATOM,353.0,CD1,ILE,24.0,-9.598,10.29,-15.023,-0.27,2.06,1.35
ATOM,354.0,H,ILE,24.0,-10.411,8.787,-18.537,0.31,0.2245,3.31
ATOM,355.0,HA,ILE,24.0,-12.271,11.007,-18.175,0.09,1.32,2.17
ATOM,356.0,HB,ILE,24.0,-9.286,10.923,-17.641,0.09,1.32,5.89
ATOM,357.0,HG12,ILE,24.0,-11.607,10.271,-15.787,0.09,1.32,0.0
ATOM,358.0,HG13,ILE,24.0,-10.54,9.072,-16.516,0.09,1.32,3.97
ATOM,359.0,HG21,ILE,24.0,-10.344,13.171,-17.67,0.09,1.32,0.0
ATOM,360.0,HG22,ILE,24.0,-11.523,12.619,-16.48,0.09,1.32,0.2
ATOM,361.0,HG23,ILE,24.0,-9.815,12.727,-16.051,0.09,1.32,0.0
ATOM,362.0,HD11,ILE,24.0,-8.617,10.472,-15.438,0.09,1.32,3.93
ATOM,363.0,HD12,ILE,24.0,-9.897,11.131,-14.417,0.09,1.32,0.0
ATOM,364.0,HD13,ILE,24.0,-9.568,9.402,-14.41,0.09,1.32,0.12
ATOM,365.0,N,VAL,25.0,-11.676,12.576,-20.031,-0.47,1.85,0.0
ATOM,366.0,CA,VAL,25.0,-11.369,13.435,-21.217,0.07,2.275,0.0
ATOM,367.0,C,VAL,25.0,-10.679,14.724,-20.758,0.51,2.0,0.0
ATOM,368.0,O,VAL,25.0,-11.177,15.442,-19.913,-0.51,1.7,1.23
ATOM,369.0,CB,VAL,25.0,-12.679,13.781,-21.932,-0.09,2.275,1.22
ATOM,370.0,CG1,VAL,25.0,-12.379,14.53,-23.232,-0.27,2.06,23.2
ATOM,371.0,CG2,VAL,25.0,-13.435,12.491,-22.254,-0.27,2.06,25.24
ATOM,372.0,H,VAL,25.0,-12.49,12.739,-19.51,0.31,0.2245,2.2
ATOM,373.0,HA,VAL,25.0,-10.721,12.902,-21.9,0.09,1.32,3.71
ATOM,374.0,HB,VAL,25.0,-13.285,14.404,-21.291,0.09,1.32,8.54
ATOM,375.0,HG11,VAL,25.0,-11.776,15.399,-23.018,0.09,1.32,0.05
ATOM,376.0,HG12,VAL,25.0,-11.846,13.878,-23.908,0.09,1.32,11.34
ATOM,377.0,HG13,VAL,25.0,-13.308,14.841,-23.689,0.09,1.32,13.33
ATOM,378.0,HG21,VAL,25.0,-12.758,11.779,-22.704,0.09,1.32,7.43
ATOM,379.0,HG22,VAL,25.0,-13.842,12.076,-21.345,0.09,1.32,4.64
ATOM,380.0,HG23,VAL,25.0,-14.239,12.707,-22.943,0.09,1.32,11.92
ATOM,381.0,N,ILE,26.0,-9.535,15.024,-21.322,-0.47,1.85,0.0
ATOM,382.0,CA,ILE,26.0,-8.79,16.265,-20.945,0.07,2.275,0.0
ATOM,383.0,C,ILE,26.0,-8.936,17.29,-22.072,0.51,2.0,0.0
ATOM,384.0,O,ILE,26.0,-8.845,16.96,-23.238,-0.51,1.7,10.68
ATOM,385.0,CB,ILE,26.0,-7.314,15.923,-20.745,-0.09,2.275,0.0
ATOM,386.0,CG1,ILE,26.0,-7.19,14.884,-19.619,-0.18,2.175,0.35
ATOM,387.0,CG2,ILE,26.0,-6.546,17.192,-20.368,-0.27,2.06,0.0
ATOM,388.0,CD1,ILE,26.0,-5.754,14.329,-19.548,-0.27,2.06,14.41
ATOM,389.0,H,ILE,26.0,-9.163,14.43,-22.006,0.31,0.2245,6.93
ATOM,390.0,HA,ILE,26.0,-9.189,16.678,-20.029,0.09,1.32,0.0
ATOM,391.0,HB,ILE,26.0,-6.915,15.518,-21.663,0.09,1.32,4.24
ATOM,392.0,HG12,ILE,26.0,-7.441,15.351,-18.676,0.09,1.32,0.17
ATOM,393.0,HG13,ILE,26.0,-7.88,14.073,-19.807,0.09,1.32,0.0
ATOM,394.0,HG21,ILE,26.0,-7.079,17.715,-19.588,0.09,1.32,0.0
ATOM,395.0,HG22,ILE,26.0,-5.559,16.93,-20.019,0.09,1.32,0.7
ATOM,396.0,HG23,ILE,26.0,-6.461,17.829,-21.236,0.09,1.32,0.0
ATOM,397.0,HD11,ILE,26.0,-5.305,14.333,-20.532,0.09,1.32,5.27
ATOM,398.0,HD12,ILE,26.0,-5.164,14.939,-18.882,0.09,1.32,0.08
ATOM,399.0,HD13,ILE,26.0,-5.779,13.315,-19.175,0.09,1.32,10.42
ATOM,400.0,N,ASP,27.0,-9.174,18.532,-21.738,-0.47,1.85,0.0
ATOM,401.0,CA,ASP,27.0,-9.342,19.575,-22.793,0.07,2.275,0.0
ATOM,402.0,C,ASP,27.0,-7.995,20.237,-23.092,0.51,2.0,0.0
ATOM,403.0,O,ASP,27.0,-7.365,20.808,-22.224,-0.51,1.7,0.41
ATOM,404.0,CB,ASP,27.0,-10.322,20.637,-22.29,-0.28,2.175,6.09
ATOM,405.0,CG,ASP,27.0,-11.729,20.043,-22.222,0.62,2.0,3.2
ATOM,406.0,OD1,ASP,27.0,-11.999,19.316,-21.279,-0.76,1.7,16.72
ATOM,407.0,OD2,ASP,27.0,-12.512,20.318,-23.117,-0.76,1.7,33.91
ATOM,408.0,H,ASP,27.0,-9.247,18.784,-20.794,0.31,0.2245,0.0
ATOM,409.0,HA,ASP,27.0,-9.732,19.126,-23.696,0.09,1.32,5.24
ATOM,410.0,HB2,ASP,27.0,-10.021,20.966,-21.306,0.09,1.32,0.79
ATOM,411.0,HB3,ASP,27.0,-10.321,21.478,-22.967,0.09,1.32,0.02
ATOM,412.0,N,ARG,28.0,-7.551,20.17,-24.32,-0.47,1.85,0.0
ATOM,413.0,CA,ARG,28.0,-6.245,20.8,-24.677,0.07,2.275,1.2
ATOM,414.0,C,ARG,28.0,-6.489,22.257,-25.076,0.51,2.0,0.16
ATOM,415.0,O,ARG,28.0,-5.566,22.996,-25.36,-0.51,1.7,14.23
ATOM,416.0,CB,ARG,28.0,-5.62,20.07,-25.87,-0.18,2.175,10.18
ATOM,417.0,CG,ARG,28.0,-5.626,18.552,-25.641,-0.18,2.175,12.39
ATOM,418.0,CD,ARG,28.0,-4.812,18.169,-24.389,0.2,2.175,1.55
ATOM,419.0,NE,ARG,28.0,-4.023,16.939,-24.699,-0.7,1.85,7.42
ATOM,420.0,CZ,ARG,28.0,-3.121,16.503,-23.863,0.64,2.0,2.17
ATOM,421.0,NH1,ARG,28.0,-2.998,17.053,-22.686,-0.8,1.85,11.4
ATOM,422.0,NH2,ARG,28.0,-2.36,15.495,-24.194,-0.8,1.85,27.69
ATOM,423.0,H,ARG,28.0,-8.076,19.703,-25.003,0.31,0.2245,5.15
ATOM,424.0,HA,ARG,28.0,-5.572,20.764,-23.833,0.09,1.32,3.29
ATOM,425.0,HB2,ARG,28.0,-6.185,20.296,-26.762,0.09,1.32,11.96
ATOM,426.0,HB3,ARG,28.0,-4.602,20.407,-25.998,0.09,1.32,10.95
ATOM,427.0,HG2,ARG,28.0,-6.646,18.216,-25.525,0.09,1.32,3.12
ATOM,428.0,HG3,ARG,28.0,-5.193,18.067,-26.504,0.09,1.32,10.17
ATOM,429.0,HD2,ARG,28.0,-4.133,18.961,-24.122,0.09,1.32,5.56
ATOM,430.0,HD3,ARG,28.0,-5.485,17.981,-23.56,0.09,1.32,0.0
ATOM,431.0,HE,ARG,28.0,-4.153,16.482,-25.556,0.44,0.2245,10.53
ATOM,432.0,HH11,ARG,28.0,-3.595,17.809,-22.422,0.46,0.2245,0.33
ATOM,433.0,HH12,ARG,28.0,-2.308,16.713,-22.046,0.46,0.2245,14.17
ATOM,434.0,HH21,ARG,28.0,-2.469,15.059,-25.088,0.46,0.2245,18.13
ATOM,435.0,HH22,ARG,28.0,-1.668,15.159,-23.556,0.46,0.2245,18.41
ATOM,436.0,N,LYS,29.0,-7.725,22.673,-25.106,-0.47,1.85,0.0
ATOM,437.0,CA,LYS,29.0,-8.027,24.079,-25.492,0.07,2.275,0.44
ATOM,438.0,C,LYS,29.0,-7.404,25.027,-24.465,0.51,2.0,0.0
ATOM,439.0,O,LYS,29.0,-7.444,24.782,-23.275,-0.51,1.7,1.53
ATOM,440.0,CB,LYS,29.0,-9.544,24.287,-25.527,-0.18,2.175,6.05
ATOM,441.0,CG,LYS,29.0,-10.157,23.421,-26.625,-0.18,2.175,6.17
ATOM,442.0,CD,LYS,29.0,-11.67,23.639,-26.652,-0.18,2.175,6.35
ATOM,443.0,CE,LYS,29.0,-12.292,22.762,-27.736,0.21,2.175,14.6
ATOM,444.0,NZ,LYS,29.0,-13.683,23.219,-28.013,-0.3,1.85,13.3
ATOM,445.0,H,LYS,29.0,-8.454,22.059,-24.88,0.31,0.2245,0.0
ATOM,446.0,HA,LYS,29.0,-7.614,24.285,-26.469,0.09,1.32,7.91
ATOM,447.0,HB2,LYS,29.0,-9.969,24.007,-24.574,0.09,1.32,3.66
ATOM,448.0,HB3,LYS,29.0,-9.762,25.322,-25.729,0.09,1.32,6.7
ATOM,449.0,HG2,LYS,29.0,-9.733,23.699,-27.582,0.09,1.32,10.7
ATOM,450.0,HG3,LYS,29.0,-9.948,22.382,-26.427,0.09,1.32,2.72
ATOM,451.0,HD2,LYS,29.0,-12.088,23.375,-25.69,0.09,1.32,5.82
ATOM,452.0,HD3,LYS,29.0,-11.882,24.676,-26.864,0.09,1.32,10.85
ATOM,453.0,HE2,LYS,29.0,-11.702,22.832,-28.635,0.05,1.32,11.78
ATOM,454.0,HE3,LYS,29.0,-12.311,21.736,-27.396,0.05,1.32,10.96
ATOM,455.0,HZ1,LYS,29.0,-14.034,23.772,-27.207,0.33,0.2245,16.15
ATOM,456.0,HZ2,LYS,29.0,-13.686,23.814,-28.869,0.33,0.2245,21.6
ATOM,457.0,HZ3,LYS,29.0,-14.297,22.395,-28.161,0.33,0.2245,21.84
ATOM,458.0,N,LYS,30.0,-6.84,26.118,-24.914,-0.47,1.85,0.0
ATOM,459.0,CA,LYS,30.0,-6.223,27.087,-23.965,0.07,2.275,0.0
ATOM,460.0,C,LYS,30.0,-7.299,28.052,-23.465,0.51,2.0,0.0
ATOM,461.0,O,LYS,30.0,-8.257,28.34,-24.154,-0.51,1.7,20.79
ATOM,462.0,CB,LYS,30.0,-5.117,27.864,-24.682,-0.18,2.175,5.28
ATOM,463.0,CG,LYS,30.0,-3.939,26.926,-24.955,-0.18,2.175,2.7
ATOM,464.0,CD,LYS,30.0,-2.826,27.69,-25.675,-0.18,2.175,8.0
ATOM,465.0,CE,LYS,30.0,-1.655,26.743,-25.945,0.21,2.175,14.73
ATOM,466.0,NZ,LYS,30.0,-0.719,27.372,-26.918,-0.3,1.85,12.58
ATOM,467.0,H,LYS,30.0,-6.828,26.31,-25.873,0.31,0.2245,8.34
ATOM,468.0,HA,LYS,30.0,-5.801,26.556,-23.124,0.09,1.32,0.42
ATOM,469.0,HB2,LYS,30.0,-5.498,28.25,-25.617,0.09,1.32,9.56
ATOM,470.0,HB3,LYS,30.0,-4.788,28.683,-24.059,0.09,1.32,1.34
ATOM,471.0,HG2,LYS,30.0,-3.563,26.535,-24.022,0.09,1.32,1.53
ATOM,472.0,HG3,LYS,30.0,-4.271,26.108,-25.58,0.09,1.32,2.4
ATOM,473.0,HD2,LYS,30.0,-3.2,28.077,-26.611,0.09,1.32,9.62
ATOM,474.0,HD3,LYS,30.0,-2.491,28.508,-25.054,0.09,1.32,7.45
ATOM,475.0,HE2,LYS,30.0,-1.132,26.547,-25.02,0.05,1.32,9.44
ATOM,476.0,HE3,LYS,30.0,-2.028,25.815,-26.351,0.05,1.32,10.82
ATOM,477.0,HZ1,LYS,30.0,-1.251,28.013,-27.542,0.33,0.2245,15.73
ATOM,478.0,HZ2,LYS,30.0,0.008,27.91,-26.406,0.33,0.2245,21.2
ATOM,479.0,HZ3,LYS,30.0,-0.263,26.632,-27.488,0.33,0.2245,21.3
ATOM,480.0,N,ILE,31.0,-7.154,28.546,-22.265,-0.47,1.85,0.0
ATOM,481.0,CA,ILE,31.0,-8.171,29.482,-21.707,0.07,2.275,0.06
ATOM,482.0,C,ILE,31.0,-7.743,30.933,-21.942,0.51,2.0,0.49
ATOM,483.0,O,ILE,31.0,-6.595,31.215,-22.226,-0.51,1.7,6.3
ATOM,484.0,CB,ILE,31.0,-8.298,29.239,-20.201,-0.09,2.275,0.0
ATOM,485.0,CG1,ILE,31.0,-6.89,29.273,-19.546,-0.18,2.175,0.0
ATOM,486.0,CG2,ILE,31.0,-9.003,27.881,-19.943,-0.27,2.06,6.41
ATOM,487.0,CD1,ILE,31.0,-6.982,29.782,-18.1,-0.27,2.06,0.0
ATOM,488.0,H,ILE,31.0,-6.374,28.296,-21.722,0.31,0.2245,0.0
ATOM,489.0,HA,ILE,31.0,-9.128,29.308,-22.175,0.09,1.32,0.73
ATOM,490.0,HB,ILE,31.0,-8.901,30.02,-19.791,0.09,1.32,0.0
ATOM,491.0,HG12,ILE,31.0,-6.467,28.28,-19.547,0.09,1.32,0.0
ATOM,492.0,HG13,ILE,31.0,-6.24,29.932,-20.105,0.09,1.32,0.0
ATOM,493.0,HG21,ILE,31.0,-8.882,27.231,-20.798,0.09,1.32,1.12
ATOM,494.0,HG22,ILE,31.0,-8.577,27.401,-19.076,0.09,1.32,0.0
ATOM,495.0,HG23,ILE,31.0,-10.062,28.052,-19.774,0.09,1.32,3.12
ATOM,496.0,HD11,ILE,31.0,-7.649,30.635,-18.05,0.09,1.32,0.0
ATOM,497.0,HD12,ILE,31.0,-7.354,28.995,-17.466,0.09,1.32,0.0
ATOM,498.0,HD13,ILE,31.0,-6.001,30.079,-17.763,0.09,1.32,0.0
ATOM,499.0,N,SER,32.0,-8.65,31.861,-21.786,-0.47,1.85,0.85
ATOM,500.0,CA,SER,32.0,-8.302,33.3,-21.958,0.07,2.275,1.61
ATOM,501.0,C,SER,32.0,-8.007,33.895,-20.575,0.51,2.0,0.0
ATOM,502.0,O,SER,32.0,-8.195,33.249,-19.562,-0.51,1.7,0.0
ATOM,503.0,CB,SER,32.0,-9.484,34.036,-22.588,0.05,2.175,20.46
ATOM,504.0,OG,SER,32.0,-10.537,34.129,-21.639,-0.66,1.77,5.82
ATOM,505.0,H,SER,32.0,-9.561,31.623,-21.516,0.31,0.2245,0.0
ATOM,506.0,HA,SER,32.0,-7.429,33.399,-22.592,0.09,1.32,8.1
ATOM,507.0,HB2,SER,32.0,-9.18,35.027,-22.879,0.09,1.32,9.99
ATOM,508.0,HB3,SER,32.0,-9.82,33.493,-23.462,0.09,1.32,12.79
ATOM,509.0,HG,SER,32.0,-10.876,33.214,-21.43,0.43,0.2245,0.0
ATOM,510.0,N,ALA,33.0,-7.548,35.114,-20.521,-0.47,1.85,0.28
ATOM,511.0,CA,ALA,33.0,-7.243,35.731,-19.195,0.07,2.275,0.0
ATOM,512.0,C,ALA,33.0,-8.516,35.772,-18.344,0.51,2.0,0.19
ATOM,513.0,O,ALA,33.0,-8.517,35.365,-17.202,-0.51,1.7,3.87
ATOM,514.0,CB,ALA,33.0,-6.714,37.154,-19.387,-0.27,2.06,30.73
ATOM,515.0,H,ALA,33.0,-7.402,35.61,-21.353,0.31,0.2245,7.6
ATOM,516.0,HA,ALA,33.0,-6.495,35.137,-18.689,0.09,1.32,0.0
ATOM,517.0,HB1,ALA,33.0,-6.005,37.169,-20.2,0.09,1.32,9.78
ATOM,518.0,HB2,ALA,33.0,-7.535,37.819,-19.612,0.09,1.32,8.33
ATOM,519.0,HB3,ALA,33.0,-6.228,37.477,-18.478,0.09,1.32,14.02
ATOM,520.0,N,ASP,34.0,-9.602,36.253,-18.882,-0.47,1.85,0.14
ATOM,521.0,CA,ASP,34.0,-10.857,36.3,-18.079,0.07,2.275,0.58
ATOM,522.0,C,ASP,34.0,-11.162,34.897,-17.538,0.51,2.0,0.01
ATOM,523.0,O,ASP,34.0,-11.756,34.744,-16.489,-0.51,1.7,5.06
ATOM,524.0,CB,ASP,34.0,-12.023,36.794,-18.961,-0.28,2.175,10.02
ATOM,525.0,CG,ASP,34.0,-12.097,38.328,-18.932,0.62,2.0,4.0
ATOM,526.0,OD1,ASP,34.0,-11.931,38.889,-17.86,-0.76,1.7,38.32
ATOM,527.0,OD2,ASP,34.0,-12.335,38.912,-19.976,-0.76,1.7,46.43
ATOM,528.0,H,ASP,34.0,-9.594,36.583,-19.806,0.31,0.2245,1.94
ATOM,529.0,HA,ASP,34.0,-10.72,36.975,-17.246,0.09,1.32,5.38
ATOM,530.0,HB2,ASP,34.0,-11.864,36.465,-19.979,0.09,1.32,3.65
ATOM,531.0,HB3,ASP,34.0,-12.957,36.388,-18.597,0.09,1.32,11.35
ATOM,532.0,N,GLN,35.0,-10.767,33.875,-18.248,-0.47,1.85,0.0
ATOM,533.0,CA,GLN,35.0,-11.035,32.486,-17.784,0.07,2.275,0.02
ATOM,534.0,C,GLN,35.0,-9.974,32.038,-16.769,0.51,2.0,0.0
ATOM,535.0,O,GLN,35.0,-10.119,31.017,-16.126,-0.51,1.7,0.0
ATOM,536.0,CB,GLN,35.0,-11.013,31.555,-18.997,-0.18,2.175,0.0
ATOM,537.0,CG,GLN,35.0,-12.335,31.659,-19.757,-0.18,2.175,5.65
ATOM,538.0,CD,GLN,35.0,-12.218,30.925,-21.091,0.55,2.0,0.66
ATOM,539.0,H,GLN,35.0,-10.29,34.019,-19.086,0.31,0.2245,0.0
ATOM,540.0,HA,GLN,35.0,-12.01,32.445,-17.319,0.09,1.32,0.0
ATOM,541.0,HB2,GLN,35.0,-10.208,31.855,-19.65,0.09,1.32,0.0
ATOM,542.0,HB3,GLN,35.0,-10.863,30.536,-18.674,0.09,1.32,0.0
ATOM,543.0,HG2,GLN,35.0,-13.118,31.205,-19.169,0.09,1.32,5.56
ATOM,544.0,HG3,GLN,35.0,-12.569,32.697,-19.937,0.09,1.32,3.5
ATOM,545.0,OE1,GLN,35.0,-11.138,30.547,-21.498,-0.55,1.7,3.73
ATOM,546.0,NE2,GLN,35.0,-13.295,30.704,-21.792,-0.62,1.85,27.26
ATOM,547.0,HE21,GLN,35.0,-14.166,31.007,-21.459,0.32,0.2245,17.27
ATOM,548.0,HE22,GLN,35.0,-13.234,30.235,-22.649,0.3,0.2245,20.61
ATOM,549.0,N,VAL,36.0,-8.916,32.782,-16.604,-0.47,1.85,0.0
ATOM,550.0,CA,VAL,36.0,-7.884,32.36,-15.616,0.07,2.275,0.0
ATOM,551.0,C,VAL,36.0,-8.508,32.375,-14.219,0.51,2.0,0.0
ATOM,552.0,O,VAL,36.0,-8.45,31.404,-13.49,-0.51,1.7,0.0
ATOM,553.0,CB,VAL,36.0,-6.685,33.322,-15.683,-0.09,2.275,0.97
ATOM,554.0,CG1,VAL,36.0,-5.793,33.145,-14.45,-0.27,2.06,3.61
ATOM,555.0,CG2,VAL,36.0,-5.861,33.017,-16.938,-0.27,2.06,0.0
ATOM,556.0,H,VAL,36.0,-8.802,33.61,-17.113,0.31,0.2245,0.0
ATOM,557.0,HA,VAL,36.0,-7.557,31.359,-15.846,0.09,1.32,0.0
ATOM,558.0,HB,VAL,36.0,-7.039,34.342,-15.726,0.09,1.32,2.41
ATOM,559.0,HG11,VAL,36.0,-5.589,32.095,-14.302,0.09,1.32,0.0
ATOM,560.0,HG12,VAL,36.0,-4.867,33.676,-14.604,0.09,1.32,3.85
ATOM,561.0,HG13,VAL,36.0,-6.294,33.543,-13.58,0.09,1.32,0.0
ATOM,562.0,HG21,VAL,36.0,-6.521,32.896,-17.784,0.09,1.32,0.0
ATOM,563.0,HG22,VAL,36.0,-5.18,33.835,-17.129,0.09,1.32,3.84
ATOM,564.0,HG23,VAL,36.0,-5.297,32.107,-16.789,0.09,1.32,0.0
ATOM,565.0,N,ASP,37.0,-9.101,33.467,-13.842,-0.47,1.85,0.0
ATOM,566.0,CA,ASP,37.0,-9.726,33.551,-12.495,0.07,2.275,0.11
ATOM,567.0,C,ASP,37.0,-10.82,32.491,-12.356,0.51,2.0,0.13
ATOM,568.0,O,ASP,37.0,-10.982,31.892,-11.312,-0.51,1.7,5.13
ATOM,569.0,CB,ASP,37.0,-10.33,34.941,-12.297,-0.28,2.175,12.37
ATOM,570.0,CG,ASP,37.0,-9.209,35.972,-12.159,0.62,2.0,3.0
ATOM,571.0,OD1,ASP,37.0,-8.1,35.574,-11.841,-0.76,1.7,17.36
ATOM,572.0,OD2,ASP,37.0,-9.478,37.144,-12.37,-0.76,1.7,45.16
ATOM,573.0,H,ASP,37.0,-9.128,34.244,-14.439,0.31,0.2245,0.0
ATOM,574.0,HA,ASP,37.0,-8.97,33.38,-11.745,0.09,1.32,1.77
ATOM,575.0,HB2,ASP,37.0,-10.947,35.189,-13.149,0.09,1.32,3.12
ATOM,576.0,HB3,ASP,37.0,-10.934,34.947,-11.402,0.09,1.32,12.63
ATOM,577.0,N,GLN,38.0,-11.594,32.273,-13.383,-0.47,1.85,0.0
ATOM,578.0,CA,GLN,38.0,-12.691,31.268,-13.274,0.07,2.275,0.55
ATOM,579.0,C,GLN,38.0,-12.122,29.853,-13.166,0.51,2.0,0.0
ATOM,580.0,O,GLN,38.0,-12.63,29.034,-12.428,-0.51,1.7,0.14
ATOM,581.0,CB,GLN,38.0,-13.613,31.349,-14.493,-0.18,2.175,2.33
ATOM,582.0,CG,GLN,38.0,-14.27,32.738,-14.57,-0.18,2.175,6.28
ATOM,583.0,CD,GLN,38.0,-15.6,32.643,-15.326,0.55,2.0,2.57
ATOM,584.0,H,GLN,38.0,-11.462,32.777,-14.218,0.31,0.2245,0.0
ATOM,585.0,HA,GLN,38.0,-13.265,31.478,-12.384,0.09,1.32,3.55
ATOM,586.0,HB2,GLN,38.0,-13.034,31.175,-15.388,0.09,1.32,0.2
ATOM,587.0,HB3,GLN,38.0,-14.379,30.591,-14.408,0.09,1.32,2.67
ATOM,588.0,HG2,GLN,38.0,-14.45,33.118,-13.573,0.09,1.32,7.47
ATOM,589.0,HG3,GLN,38.0,-13.611,33.415,-15.097,0.09,1.32,0.0
ATOM,590.0,OE1,GLN,38.0,-15.706,31.942,-16.314,-0.55,1.7,19.98
ATOM,591.0,NE2,GLN,38.0,-16.628,33.315,-14.889,-0.62,1.85,30.24
ATOM,592.0,HE21,GLN,38.0,-16.542,33.873,-14.088,0.32,0.2245,16.49
ATOM,593.0,HE22,GLN,38.0,-17.487,33.258,-15.357,0.3,0.2245,20.77
ATOM,594.0,N,GLU,39.0,-11.094,29.54,-13.9,-0.47,1.85,0.0
ATOM,595.0,CA,GLU,39.0,-10.536,28.161,-13.823,0.07,2.275,0.0
ATOM,596.0,C,GLU,39.0,-9.959,27.908,-12.435,0.51,2.0,0.0
ATOM,597.0,O,GLU,39.0,-10.131,26.844,-11.873,-0.51,1.7,0.0
ATOM,598.0,CB,GLU,39.0,-9.46,27.981,-14.889,-0.18,2.175,0.0
ATOM,599.0,CG,GLU,39.0,-10.124,27.94,-16.266,-0.28,2.175,0.0
ATOM,600.0,CD,GLU,39.0,-10.892,26.624,-16.424,0.62,2.0,0.1
ATOM,601.0,OE1,GLU,39.0,-10.272,25.58,-16.301,-0.76,1.7,6.08
ATOM,602.0,OE2,GLU,39.0,-12.087,26.683,-16.661,-0.76,1.7,8.42
ATOM,603.0,H,GLU,39.0,-10.694,30.204,-14.501,0.31,0.2245,0.0
ATOM,604.0,HA,GLU,39.0,-11.33,27.452,-14.001,0.09,1.32,0.0
ATOM,605.0,HB2,GLU,39.0,-8.765,28.808,-14.844,0.09,1.32,0.0
ATOM,606.0,HB3,GLU,39.0,-8.931,27.055,-14.717,0.09,1.32,0.0
ATOM,607.0,HG2,GLU,39.0,-10.811,28.768,-16.357,0.09,1.32,0.08
ATOM,608.0,HG3,GLU,39.0,-9.376,28.012,-17.03,0.09,1.32,0.0
ATOM,609.0,N,VAL,40.0,-9.296,28.87,-11.855,-0.47,1.85,0.0
ATOM,610.0,CA,VAL,40.0,-8.748,28.655,-10.492,0.07,2.275,0.0
ATOM,611.0,C,VAL,40.0,-9.909,28.357,-9.542,0.51,2.0,0.0
ATOM,612.0,O,VAL,40.0,-9.861,27.43,-8.758,-0.51,1.7,0.0
ATOM,613.0,CB,VAL,40.0,-7.986,29.91,-10.045,-0.09,2.275,0.62
ATOM,614.0,CG1,VAL,40.0,-7.633,29.81,-8.55,-0.27,2.06,16.91
ATOM,615.0,CG2,VAL,40.0,-6.7,30.024,-10.874,-0.27,2.06,0.0
ATOM,616.0,H,VAL,40.0,-9.171,29.738,-12.295,0.31,0.2245,0.0
ATOM,617.0,HA,VAL,40.0,-8.074,27.81,-10.507,0.09,1.32,0.13
ATOM,618.0,HB,VAL,40.0,-8.599,30.784,-10.215,0.09,1.32,0.64
ATOM,619.0,HG11,VAL,40.0,-7.47,28.776,-8.279,0.09,1.32,0.68
ATOM,620.0,HG12,VAL,40.0,-6.734,30.379,-8.346,0.09,1.32,3.72
ATOM,621.0,HG13,VAL,40.0,-8.448,30.211,-7.965,0.09,1.32,6.75
ATOM,622.0,HG21,VAL,40.0,-6.927,29.862,-11.917,0.09,1.32,0.0
ATOM,623.0,HG22,VAL,40.0,-6.276,31.008,-10.747,0.09,1.32,0.29
ATOM,624.0,HG23,VAL,40.0,-5.987,29.281,-10.542,0.09,1.32,0.0
ATOM,625.0,N,GLU,41.0,-10.956,29.135,-9.61,-0.47,1.85,0.13
ATOM,626.0,CA,GLU,41.0,-12.125,28.89,-8.717,0.07,2.275,0.04
ATOM,627.0,C,GLU,41.0,-12.687,27.489,-8.983,0.51,2.0,0.0
ATOM,628.0,O,GLU,41.0,-13.024,26.766,-8.066,-0.51,1.7,0.0
ATOM,629.0,CB,GLU,41.0,-13.205,29.943,-8.995,-0.18,2.175,3.65
ATOM,630.0,CG,GLU,41.0,-14.374,29.764,-8.019,-0.28,2.175,15.97
ATOM,631.0,CD,GLU,41.0,-13.9,30.064,-6.596,0.62,2.0,3.17
ATOM,632.0,OE1,GLU,41.0,-12.864,30.693,-6.457,-0.76,1.7,21.65
ATOM,633.0,OE2,GLU,41.0,-14.581,29.659,-5.668,-0.76,1.7,29.02
ATOM,634.0,H,GLU,41.0,-10.97,29.882,-10.244,0.31,0.2245,0.0
ATOM,635.0,HA,GLU,41.0,-11.81,28.955,-7.687,0.09,1.32,0.0
ATOM,636.0,HB2,GLU,41.0,-12.783,30.928,-8.87,0.09,1.32,5.44
ATOM,637.0,HB3,GLU,41.0,-13.564,29.832,-10.008,0.09,1.32,1.52
ATOM,638.0,HG2,GLU,41.0,-15.169,30.446,-8.285,0.09,1.32,14.8
ATOM,639.0,HG3,GLU,41.0,-14.74,28.75,-8.07,0.09,1.32,1.32
ATOM,640.0,N,ARG,42.0,-12.77,27.085,-10.226,-0.47,1.85,0.0
ATOM,641.0,CA,ARG,42.0,-13.294,25.72,-10.511,0.07,2.275,0.88
ATOM,642.0,C,ARG,42.0,-12.384,24.707,-9.822,0.51,2.0,0.0
ATOM,643.0,O,ARG,42.0,-12.839,23.778,-9.182,-0.51,1.7,1.54
ATOM,644.0,CB,ARG,42.0,-13.322,25.454,-12.023,-0.18,2.175,1.98
ATOM,645.0,CG,ARG,42.0,-14.436,26.284,-12.67,-0.18,2.175,5.77
ATOM,646.0,CD,ARG,42.0,-14.554,25.915,-14.152,0.2,2.175,4.45
ATOM,647.0,NE,ARG,42.0,-15.732,26.612,-14.75,-0.7,1.85,4.62
ATOM,648.0,CZ,ARG,42.0,-15.878,26.66,-16.048,0.64,2.0,1.79
ATOM,649.0,NH1,ARG,42.0,-14.982,26.118,-16.828,-0.8,1.85,15.33
ATOM,650.0,NH2,ARG,42.0,-16.92,27.25,-16.568,-0.8,1.85,21.27
ATOM,651.0,H,ARG,42.0,-12.477,27.674,-10.951,0.31,0.2245,0.0
ATOM,652.0,HA,ARG,42.0,-14.291,25.631,-10.111,0.09,1.32,2.05
ATOM,653.0,HB2,ARG,42.0,-12.371,25.727,-12.455,0.09,1.32,0.0
ATOM,654.0,HB3,ARG,42.0,-13.51,24.405,-12.201,0.09,1.32,2.27
ATOM,655.0,HG2,ARG,42.0,-15.371,26.081,-12.172,0.09,1.32,10.34
ATOM,656.0,HG3,ARG,42.0,-14.204,27.334,-12.581,0.09,1.32,0.45
ATOM,657.0,HD2,ARG,42.0,-13.66,26.219,-14.67,0.09,1.32,0.0
ATOM,658.0,HD3,ARG,42.0,-14.677,24.845,-14.246,0.09,1.32,10.87
ATOM,659.0,HE,ARG,42.0,-16.403,27.026,-14.167,0.44,0.2245,11.1
ATOM,660.0,HH11,ARG,42.0,-14.183,25.665,-16.433,0.46,0.2245,3.45
ATOM,661.0,HH12,ARG,42.0,-15.096,26.155,-17.821,0.46,0.2245,17.82
ATOM,662.0,HH21,ARG,42.0,-17.608,27.666,-15.974,0.46,0.2245,17.99
ATOM,663.0,HH22,ARG,42.0,-17.031,27.285,-17.562,0.46,0.2245,18.5
ATOM,664.0,N,PHE,43.0,-11.098,24.898,-9.928,-0.47,1.85,0.0
ATOM,665.0,CA,PHE,43.0,-10.148,23.971,-9.257,0.07,2.275,0.0
ATOM,666.0,C,PHE,43.0,-10.399,24.013,-7.75,0.51,2.0,0.0
ATOM,667.0,O,PHE,43.0,-10.556,22.995,-7.106,-0.51,1.7,0.0
ATOM,668.0,CB,PHE,43.0,-8.711,24.413,-9.552,-0.18,2.175,0.3
ATOM,669.0,CG,PHE,43.0,-7.744,23.538,-8.795,0.0,1.9924,0.0
ATOM,670.0,CD1,PHE,43.0,-7.268,22.35,-9.375,-0.115,1.9924,0.0
ATOM,671.0,CD2,PHE,43.0,-7.311,23.919,-7.511,-0.115,1.9924,0.45
ATOM,672.0,CE1,PHE,43.0,-6.361,21.54,-8.67,-0.115,1.9924,0.0
ATOM,673.0,CE2,PHE,43.0,-6.403,23.107,-6.806,-0.115,1.9924,0.38
ATOM,674.0,CZ,PHE,43.0,-5.929,21.918,-7.385,-0.115,1.9924,0.0
ATOM,675.0,H,PHE,43.0,-10.759,25.666,-10.433,0.31,0.2245,0.0
ATOM,676.0,HA,PHE,43.0,-10.306,22.965,-9.625,0.09,1.32,0.0
ATOM,677.0,HB2,PHE,43.0,-8.517,24.331,-10.609,0.09,1.32,0.0
ATOM,678.0,HB3,PHE,43.0,-8.582,25.439,-9.24,0.09,1.32,0.0
ATOM,679.0,HD1,PHE,43.0,-7.601,22.057,-10.36,0.115,1.3582,0.0
ATOM,680.0,HD2,PHE,43.0,-7.675,24.833,-7.068,0.115,1.3582,2.56
ATOM,681.0,HE1,PHE,43.0,-5.994,20.633,-9.115,0.115,1.3582,0.0
ATOM,682.0,HE2,PHE,43.0,-6.07,23.398,-5.821,0.115,1.3582,1.98
ATOM,683.0,HZ,PHE,43.0,-5.234,21.293,-6.845,0.115,1.3582,1.08
ATOM,684.0,N,LEU,44.0,-10.457,25.191,-7.186,-0.47,1.85,0.0
ATOM,685.0,CA,LEU,44.0,-10.716,25.308,-5.725,0.07,2.275,0.0
ATOM,686.0,C,LEU,44.0,-12.092,24.701,-5.416,0.51,2.0,0.0
ATOM,687.0,O,LEU,44.0,-12.254,23.967,-4.46,-0.51,1.7,0.0
ATOM,688.0,CB,LEU,44.0,-10.675,26.795,-5.333,-0.18,2.175,0.0
ATOM,689.0,CG,LEU,44.0,-10.952,26.996,-3.827,-0.09,2.275,0.91
ATOM,690.0,CD1,LEU,44.0,-9.685,26.706,-2.996,-0.27,2.06,17.12
ATOM,691.0,CD2,LEU,44.0,-11.399,28.448,-3.587,-0.27,2.06,24.28
ATOM,692.0,H,LEU,44.0,-10.341,26.0,-7.727,0.31,0.2245,0.0
ATOM,693.0,HA,LEU,44.0,-9.957,24.765,-5.19,0.09,1.32,0.0
ATOM,694.0,HB2,LEU,44.0,-9.696,27.19,-5.565,0.09,1.32,2.31
ATOM,695.0,HB3,LEU,44.0,-11.416,27.328,-5.908,0.09,1.32,0.0
ATOM,696.0,HG,LEU,44.0,-11.74,26.331,-3.511,0.09,1.32,1.51
ATOM,697.0,HD11,LEU,44.0,-9.094,25.944,-3.476,0.09,1.32,0.41
ATOM,698.0,HD12,LEU,44.0,-9.092,27.605,-2.901,0.09,1.32,11.24
ATOM,699.0,HD13,LEU,44.0,-9.973,26.364,-2.011,0.09,1.32,14.02
ATOM,700.0,HD21,LEU,44.0,-10.715,29.123,-4.081,0.09,1.32,8.25
ATOM,701.0,HD22,LEU,44.0,-12.393,28.588,-3.986,0.09,1.32,0.93
ATOM,702.0,HD23,LEU,44.0,-11.405,28.654,-2.527,0.09,1.32,12.55
ATOM,703.0,N,SER,45.0,-13.085,24.999,-6.21,-0.47,1.85,0.0
ATOM,704.0,CA,SER,45.0,-14.439,24.424,-5.947,0.07,2.275,0.94
ATOM,705.0,C,SER,45.0,-14.381,22.901,-6.11,0.51,2.0,0.0
ATOM,706.0,O,SER,45.0,-14.908,22.158,-5.306,-0.51,1.7,5.11
ATOM,707.0,CB,SER,45.0,-15.445,25.004,-6.935,0.05,2.175,10.22
ATOM,708.0,OG,SER,45.0,-16.733,24.457,-6.678,-0.66,1.77,24.85
ATOM,709.0,H,SER,45.0,-12.942,25.599,-6.976,0.31,0.2245,0.0
ATOM,710.0,HA,SER,45.0,-14.745,24.67,-4.942,0.09,1.32,4.97
ATOM,711.0,HB2,SER,45.0,-15.486,26.072,-6.817,0.09,1.32,1.82
ATOM,712.0,HB3,SER,45.0,-15.134,24.765,-7.941,0.09,1.32,0.84
ATOM,713.0,HG,SER,45.0,-17.023,23.912,-7.463,0.43,0.2245,21.82
ATOM,714.0,N,GLY,46.0,-13.726,22.429,-7.14,-0.47,1.85,0.31
ATOM,715.0,CA,GLY,46.0,-13.617,20.955,-7.342,-0.02,2.175,3.71
ATOM,716.0,C,GLY,46.0,-12.724,20.375,-6.248,0.51,2.0,0.0
ATOM,717.0,O,GLY,46.0,-12.995,19.326,-5.689,-0.51,1.7,0.0
ATOM,718.0,H,GLY,46.0,-13.293,23.046,-7.767,0.31,0.2245,0.0
ATOM,719.0,HA2,GLY,46.0,-14.599,20.507,-7.287,0.09,1.32,3.18
ATOM,720.0,HA3,GLY,46.0,-13.178,20.752,-8.307,0.09,1.32,0.0
ATOM,721.0,N,ARG,47.0,-11.671,21.07,-5.922,-0.47,1.85,0.0
ATOM,722.0,CA,ARG,47.0,-10.76,20.599,-4.849,0.07,2.275,0.0
ATOM,723.0,C,ARG,47.0,-11.524,20.623,-3.529,0.51,2.0,0.0
ATOM,724.0,O,ARG,47.0,-11.298,19.819,-2.647,-0.51,1.7,0.0
ATOM,725.0,CB,ARG,47.0,-9.557,21.539,-4.774,-0.18,2.175,0.04
ATOM,726.0,CG,ARG,47.0,-8.608,21.092,-3.663,-0.18,2.175,1.07
ATOM,727.0,CD,ARG,47.0,-7.308,21.879,-3.77,0.2,2.175,0.74
ATOM,728.0,NE,ARG,47.0,-6.506,21.601,-2.527,-0.7,1.85,2.96
ATOM,729.0,CZ,ARG,47.0,-6.221,22.512,-1.65,0.64,2.0,2.0
ATOM,730.0,NH1,ARG,47.0,-6.606,23.748,-1.828,-0.8,1.85,7.97
ATOM,731.0,NH2,ARG,47.0,-5.536,22.193,-0.591,-0.8,1.85,5.81
ATOM,732.0,H,ARG,47.0,-11.486,21.924,-6.365,0.31,0.2245,0.0
ATOM,733.0,HA,ARG,47.0,-10.429,19.593,-5.063,0.09,1.32,0.0
ATOM,734.0,HB2,ARG,47.0,-9.033,21.527,-5.72,0.09,1.32,0.0
ATOM,735.0,HB3,ARG,47.0,-9.898,22.539,-4.566,0.09,1.32,0.0
ATOM,736.0,HG2,ARG,47.0,-9.068,21.279,-2.704,0.09,1.32,2.51
ATOM,737.0,HG3,ARG,47.0,-8.4,20.038,-3.766,0.09,1.32,0.0
ATOM,738.0,HD2,ARG,47.0,-6.731,21.525,-4.586,0.09,1.32,0.0
ATOM,739.0,HD3,ARG,47.0,-7.543,22.938,-3.95,0.09,1.32,0.0
ATOM,740.0,HE,ARG,47.0,-6.189,20.688,-2.369,0.44,0.2245,0.32
ATOM,741.0,HH11,ARG,47.0,-7.123,24.0,-2.643,0.46,0.2245,0.79
ATOM,742.0,HH12,ARG,47.0,-6.378,24.443,-1.147,0.46,0.2245,11.67
ATOM,743.0,HH21,ARG,47.0,-5.232,21.251,-0.462,0.46,0.2245,0.0
ATOM,744.0,HH22,ARG,47.0,-5.314,22.888,0.092,0.46,0.2245,11.21
ATOM,745.0,N,ALA,48.0,-12.434,21.548,-3.397,-0.47,1.85,0.07
ATOM,746.0,CA,ALA,48.0,-13.227,21.64,-2.144,0.07,2.275,2.46
ATOM,747.0,C,ALA,48.0,-13.987,20.327,-1.94,0.51,2.0,0.07
ATOM,748.0,O,ALA,48.0,-14.064,19.813,-0.843,-0.51,1.7,6.09
ATOM,749.0,CB,ALA,48.0,-14.206,22.829,-2.25,-0.27,2.06,19.94
ATOM,750.0,H,ALA,48.0,-12.597,22.181,-4.127,0.31,0.2245,0.0
ATOM,751.0,HA,ALA,48.0,-12.557,21.79,-1.31,0.09,1.32,6.6
ATOM,752.0,HB1,ALA,48.0,-14.236,23.173,-3.273,0.09,1.32,0.0
ATOM,753.0,HB2,ALA,48.0,-15.2,22.529,-1.944,0.09,1.32,11.39
ATOM,754.0,HB3,ALA,48.0,-13.868,23.636,-1.614,0.09,1.32,12.61
ATOM,755.0,N,LYS,49.0,-14.535,19.766,-2.982,-0.47,1.85,0.44
ATOM,756.0,CA,LYS,49.0,-15.261,18.482,-2.807,0.07,2.275,2.12
ATOM,757.0,C,LYS,49.0,-14.259,17.427,-2.353,0.51,2.0,0.0
ATOM,758.0,O,LYS,49.0,-14.28,17.009,-1.212,-0.51,1.7,0.0
ATOM,759.0,CB,LYS,49.0,-15.919,18.08,-4.129,-0.18,2.175,1.23
ATOM,760.0,CG,LYS,49.0,-16.429,16.623,-4.049,-0.18,2.175,1.11
ATOM,761.0,CD,LYS,49.0,-17.563,16.32,-5.08,-0.18,2.175,3.14
ATOM,762.0,CE,LYS,49.0,-17.54,17.266,-6.291,0.21,2.175,5.24
ATOM,763.0,NZ,LYS,49.0,-18.247,16.631,-7.44,-0.3,1.85,4.24
ATOM,764.0,H,LYS,49.0,-14.457,20.178,-3.865,0.31,0.2245,0.0
ATOM,765.0,HA,LYS,49.0,-16.02,18.601,-2.05,0.09,1.32,7.34
ATOM,766.0,HB2,LYS,49.0,-16.739,18.748,-4.323,0.09,1.32,6.37
ATOM,767.0,HB3,LYS,49.0,-15.186,18.162,-4.919,0.09,1.32,0.0
ATOM,768.0,HG2,LYS,49.0,-15.597,15.957,-4.236,0.09,1.32,0.0
ATOM,769.0,HG3,LYS,49.0,-16.802,16.438,-3.05,0.09,1.32,2.24
ATOM,770.0,HD2,LYS,49.0,-17.452,15.308,-5.44,0.09,1.32,0.53
ATOM,771.0,HD3,LYS,49.0,-18.522,16.41,-4.586,0.09,1.32,12.66
ATOM,772.0,HE2,LYS,49.0,-18.043,18.186,-6.04,0.05,1.32,11.16
ATOM,773.0,HE3,LYS,49.0,-16.523,17.471,-6.575,0.05,1.32,0.0
ATOM,774.0,HZ1,LYS,49.0,-18.07,15.606,-7.438,0.33,0.2245,8.97
ATOM,775.0,HZ2,LYS,49.0,-19.269,16.81,-7.361,0.33,0.2245,20.85
ATOM,776.0,HZ3,LYS,49.0,-17.892,17.039,-8.327,0.33,0.2245,3.94
ATOM,777.0,N,ALA,50.0,-13.399,16.968,-3.232,-0.47,1.85,0.0
ATOM,778.0,CA,ALA,50.0,-12.407,15.909,-2.853,0.07,2.275,0.0
ATOM,779.0,C,ALA,50.0,-11.874,16.132,-1.439,0.51,2.0,0.0
ATOM,780.0,O,ALA,50.0,-11.596,15.189,-0.726,-0.51,1.7,0.0
ATOM,781.0,CB,ALA,50.0,-11.229,15.93,-3.835,-0.27,2.06,0.76
ATOM,782.0,H,ALA,50.0,-13.434,17.25,-4.17,0.31,0.2245,0.0
ATOM,783.0,HA,ALA,50.0,-12.884,14.944,-2.902,0.09,1.32,0.19
ATOM,784.0,HB1,ALA,50.0,-10.891,16.945,-3.977,0.09,1.32,0.0
ATOM,785.0,HB2,ALA,50.0,-10.419,15.335,-3.439,0.09,1.32,0.0
ATOM,786.0,HB3,ALA,50.0,-11.543,15.52,-4.781,0.09,1.32,0.0
ATOM,787.0,N,SER,51.0,-11.732,17.351,-1.011,-0.47,1.85,0.02
ATOM,788.0,CA,SER,51.0,-11.22,17.564,0.365,0.07,2.275,0.57
ATOM,789.0,C,SER,51.0,-12.167,16.866,1.338,0.51,2.0,0.0
ATOM,790.0,O,SER,51.0,-11.765,16.044,2.133,-0.51,1.7,0.0
ATOM,791.0,CB,SER,51.0,-11.176,19.062,0.675,0.05,2.175,11.39
ATOM,792.0,OG,SER,51.0,-10.475,19.27,1.894,-0.66,1.77,17.49
ATOM,793.0,H,SER,51.0,-11.964,18.112,-1.583,0.31,0.2245,0.0
ATOM,794.0,HA,SER,51.0,-10.233,17.142,0.456,0.09,1.32,1.11
ATOM,795.0,HB2,SER,51.0,-10.667,19.581,-0.121,0.09,1.32,0.89
ATOM,796.0,HB3,SER,51.0,-12.186,19.442,0.761,0.09,1.32,2.15
ATOM,797.0,HG,SER,51.0,-10.65,18.505,2.511,0.43,0.2245,4.74
ATOM,798.0,N,ALA,52.0,-13.42,17.206,1.287,-0.47,1.85,0.13
ATOM,799.0,CA,ALA,52.0,-14.405,16.587,2.216,0.07,2.275,2.89
ATOM,800.0,C,ALA,52.0,-14.644,15.106,1.875,0.51,2.0,0.2
ATOM,801.0,O,ALA,52.0,-14.771,14.281,2.76,-0.51,1.7,1.84
ATOM,802.0,CB,ALA,52.0,-15.722,17.354,2.114,-0.27,2.06,29.22
ATOM,803.0,H,ALA,52.0,-13.706,17.901,0.655,0.31,0.2245,0.0
ATOM,804.0,HA,ALA,52.0,-14.034,16.661,3.225,0.09,1.32,4.26
ATOM,805.0,HB1,ALA,52.0,-16.071,17.336,1.092,0.09,1.32,2.28
ATOM,806.0,HB2,ALA,52.0,-16.458,16.893,2.754,0.09,1.32,13.0
ATOM,807.0,HB3,ALA,52.0,-15.563,18.377,2.422,0.09,1.32,12.61
ATOM,808.0,N,GLN,53.0,-14.719,14.753,0.617,-0.47,1.85,0.0
ATOM,809.0,CA,GLN,53.0,-14.965,13.316,0.276,0.07,2.275,0.56
ATOM,810.0,C,GLN,53.0,-13.759,12.463,0.678,0.51,2.0,0.0
ATOM,811.0,O,GLN,53.0,-13.906,11.373,1.196,-0.51,1.7,0.32
ATOM,812.0,CB,GLN,53.0,-15.229,13.154,-1.224,-0.18,2.175,1.76
ATOM,813.0,CG,GLN,53.0,-16.583,13.771,-1.578,-0.18,2.175,10.47
ATOM,814.0,CD,GLN,53.0,-16.852,13.586,-3.073,0.55,2.0,1.99
ATOM,815.0,H,GLN,53.0,-14.62,15.429,-0.085,0.31,0.2245,0.0
ATOM,816.0,HA,GLN,53.0,-15.833,12.972,0.823,0.09,1.32,1.39
ATOM,817.0,HB2,GLN,53.0,-14.45,13.654,-1.78,0.09,1.32,0.0
ATOM,818.0,HB3,GLN,53.0,-15.235,12.106,-1.48,0.09,1.32,6.05
ATOM,819.0,HG2,GLN,53.0,-17.362,13.283,-1.008,0.09,1.32,12.4
ATOM,820.0,HG3,GLN,53.0,-16.572,14.824,-1.344,0.09,1.32,0.77
ATOM,821.0,OE1,GLN,53.0,-17.945,13.834,-3.541,-0.55,1.7,22.08
ATOM,822.0,NE2,GLN,53.0,-15.899,13.136,-3.844,-0.62,1.85,2.9
ATOM,823.0,HE21,GLN,53.0,-15.022,12.918,-3.464,0.32,0.2245,3.79
ATOM,824.0,HE22,GLN,53.0,-16.062,13.01,-4.802,0.3,0.2245,0.84
ATOM,825.0,N,LEU,54.0,-12.564,12.948,0.467,-0.47,1.85,0.0
ATOM,826.0,CA,LEU,54.0,-11.369,12.149,0.87,0.07,2.275,0.0
ATOM,827.0,C,LEU,54.0,-11.399,11.946,2.38,0.51,2.0,0.0
ATOM,828.0,O,LEU,54.0,-11.093,10.883,2.881,-0.51,1.7,0.0
ATOM,829.0,CB,LEU,54.0,-10.08,12.88,0.471,-0.18,2.175,0.0
ATOM,830.0,CG,LEU,54.0,-9.882,12.828,-1.054,-0.09,2.275,0.0
ATOM,831.0,CD1,LEU,54.0,-8.739,13.772,-1.444,-0.27,2.06,0.06
ATOM,832.0,CD2,LEU,54.0,-9.534,11.393,-1.507,-0.27,2.06,5.63
ATOM,833.0,H,LEU,54.0,-12.454,13.832,0.063,0.31,0.2245,0.0
ATOM,834.0,HA,LEU,54.0,-11.405,11.188,0.39,0.09,1.32,0.0
ATOM,835.0,HB2,LEU,54.0,-10.149,13.912,0.784,0.09,1.32,0.0
ATOM,836.0,HB3,LEU,54.0,-9.237,12.417,0.96,0.09,1.32,0.0
ATOM,837.0,HG,LEU,54.0,-10.79,13.149,-1.543,0.09,1.32,0.68
ATOM,838.0,HD11,LEU,54.0,-8.918,14.749,-1.022,0.09,1.32,0.0
ATOM,839.0,HD12,LEU,54.0,-7.803,13.382,-1.068,0.09,1.32,0.77
ATOM,840.0,HD13,LEU,54.0,-8.69,13.848,-2.52,0.09,1.32,3.71
ATOM,841.0,HD21,LEU,54.0,-8.909,10.915,-0.768,0.09,1.32,0.88
ATOM,842.0,HD22,LEU,54.0,-10.443,10.823,-1.632,0.09,1.32,0.47
ATOM,843.0,HD23,LEU,54.0,-9.007,11.428,-2.451,0.09,1.32,1.71
ATOM,844.0,N,GLU,55.0,-11.774,12.958,3.108,-0.47,1.85,0.0
ATOM,845.0,CA,GLU,55.0,-11.842,12.832,4.588,0.07,2.275,0.0
ATOM,846.0,C,GLU,55.0,-12.853,11.749,4.971,0.51,2.0,0.18
ATOM,847.0,O,GLU,55.0,-12.651,11.001,5.906,-0.51,1.7,0.23
ATOM,848.0,CB,GLU,55.0,-12.27,14.167,5.198,-0.18,2.175,9.79
ATOM,849.0,CG,GLU,55.0,-11.141,15.186,5.048,-0.28,2.175,3.7
ATOM,850.0,CD,GLU,55.0,-10.008,14.835,6.014,0.62,2.0,2.85
ATOM,851.0,OE1,GLU,55.0,-10.186,13.916,6.796,-0.76,1.7,3.84
ATOM,852.0,OE2,GLU,55.0,-8.979,15.488,5.95,-0.76,1.7,22.19
ATOM,853.0,H,GLU,55.0,-12.023,13.805,2.678,0.31,0.2245,0.0
ATOM,854.0,HA,GLU,55.0,-10.869,12.562,4.968,0.09,1.32,0.0
ATOM,855.0,HB2,GLU,55.0,-13.152,14.528,4.689,0.09,1.32,0.57
ATOM,856.0,HB3,GLU,55.0,-12.49,14.028,6.245,0.09,1.32,8.51
ATOM,857.0,HG2,GLU,55.0,-10.767,15.16,4.036,0.09,1.32,0.0
ATOM,858.0,HG3,GLU,55.0,-11.511,16.174,5.273,0.09,1.32,10.66
ATOM,859.0,N,THR,56.0,-13.944,11.659,4.26,-0.47,1.85,0.13
ATOM,860.0,CA,THR,56.0,-14.964,10.626,4.593,0.07,2.275,1.07
ATOM,861.0,C,THR,56.0,-14.35,9.233,4.411,0.51,2.0,0.0
ATOM,862.0,O,THR,56.0,-14.563,8.342,5.209,-0.51,1.7,0.0
ATOM,863.0,CB,THR,56.0,-16.172,10.791,3.655,0.14,2.275,1.14
ATOM,864.0,OG1,THR,56.0,-16.679,12.113,3.79,-0.66,1.77,22.05
ATOM,865.0,CG2,THR,56.0,-17.291,9.792,4.014,-0.27,2.06,20.58
ATOM,866.0,H,THR,56.0,-14.093,12.262,3.503,0.31,0.2245,0.0
ATOM,867.0,HA,THR,56.0,-15.281,10.75,5.616,0.09,1.32,5.31
ATOM,868.0,HB,THR,56.0,-15.857,10.631,2.633,0.09,1.32,1.81
ATOM,869.0,HG21,THR,56.0,-16.89,8.956,4.568,0.09,1.32,0.45
ATOM,870.0,HG22,THR,56.0,-18.033,10.295,4.616,0.09,1.32,13.13
ATOM,871.0,HG23,THR,56.0,-17.757,9.427,3.109,0.09,1.32,10.5
ATOM,872.0,HG1,THR,56.0,-16.023,12.784,3.423,0.43,0.2245,0.02
ATOM,873.0,N,ILE,57.0,-13.589,9.041,3.368,-0.47,1.85,0.0
ATOM,874.0,CA,ILE,57.0,-12.96,7.709,3.131,0.07,2.275,0.0
ATOM,875.0,C,ILE,57.0,-12.003,7.383,4.282,0.51,2.0,0.0
ATOM,876.0,O,ILE,57.0,-11.907,6.255,4.724,-0.51,1.7,0.0
ATOM,877.0,CB,ILE,57.0,-12.198,7.73,1.803,-0.09,2.275,0.0
ATOM,878.0,CG1,ILE,57.0,-13.204,7.87,0.652,-0.18,2.175,6.85
ATOM,879.0,CG2,ILE,57.0,-11.428,6.418,1.638,-0.27,2.06,0.0
ATOM,880.0,CD1,ILE,57.0,-12.482,8.153,-0.689,-0.27,2.06,4.3
ATOM,881.0,H,ILE,57.0,-13.432,9.774,2.738,0.31,0.2245,0.0
ATOM,882.0,HA,ILE,57.0,-13.732,6.956,3.086,0.09,1.32,0.0
ATOM,883.0,HB,ILE,57.0,-11.509,8.562,1.792,0.09,1.32,0.0
ATOM,884.0,HG12,ILE,57.0,-13.768,6.949,0.569,0.09,1.32,0.22
ATOM,885.0,HG13,ILE,57.0,-13.883,8.68,0.876,0.09,1.32,1.05
ATOM,886.0,HG21,ILE,57.0,-12.073,5.59,1.895,0.09,1.32,0.0
ATOM,887.0,HG22,ILE,57.0,-11.103,6.314,0.613,0.09,1.32,0.0
ATOM,888.0,HG23,ILE,57.0,-10.568,6.422,2.291,0.09,1.32,0.0
ATOM,889.0,HD11,ILE,57.0,-11.432,8.353,-0.52,0.09,1.32,0.0
ATOM,890.0,HD12,ILE,57.0,-12.579,7.294,-1.339,0.09,1.32,0.0
ATOM,891.0,HD13,ILE,57.0,-12.931,9.013,-1.17,0.09,1.32,2.17
ATOM,892.0,N,LYS,58.0,-11.293,8.366,4.762,-0.47,1.85,0.0
ATOM,893.0,CA,LYS,58.0,-10.33,8.138,5.879,0.07,2.275,0.0
ATOM,894.0,C,LYS,58.0,-11.063,7.537,7.082,0.51,2.0,0.0
ATOM,895.0,O,LYS,58.0,-10.642,6.549,7.651,-0.51,1.7,0.0
ATOM,896.0,CB,LYS,58.0,-9.752,9.507,6.281,-0.18,2.175,0.0
ATOM,897.0,CG,LYS,58.0,-8.777,9.376,7.463,-0.18,2.175,0.0
ATOM,898.0,CD,LYS,58.0,-8.451,10.77,8.027,-0.18,2.175,1.31
ATOM,899.0,CE,LYS,58.0,-9.576,11.251,8.96,0.21,2.175,3.62
ATOM,900.0,NZ,LYS,58.0,-9.085,12.406,9.767,-0.3,1.85,10.7
ATOM,901.0,H,LYS,58.0,-11.383,9.266,4.388,0.31,0.2245,0.0
ATOM,902.0,HA,LYS,58.0,-9.534,7.483,5.561,0.09,1.32,0.0
ATOM,903.0,HB2,LYS,58.0,-9.227,9.931,5.436,0.09,1.32,0.0
ATOM,904.0,HB3,LYS,58.0,-10.561,10.161,6.556,0.09,1.32,0.0
ATOM,905.0,HG2,LYS,58.0,-9.216,8.772,8.236,0.09,1.32,0.0
ATOM,906.0,HG3,LYS,58.0,-7.866,8.91,7.124,0.09,1.32,0.0
ATOM,907.0,HD2,LYS,58.0,-7.526,10.722,8.583,0.09,1.32,0.87
ATOM,908.0,HD3,LYS,58.0,-8.341,11.472,7.213,0.09,1.32,0.0
ATOM,909.0,HE2,LYS,58.0,-10.427,11.562,8.373,0.05,1.32,0.55
ATOM,910.0,HE3,LYS,58.0,-9.873,10.451,9.624,0.05,1.32,1.51
ATOM,911.0,HZ1,LYS,58.0,-8.194,12.146,10.237,0.33,0.2245,12.57
ATOM,912.0,HZ2,LYS,58.0,-8.922,13.223,9.144,0.33,0.2245,8.39
ATOM,913.0,HZ3,LYS,58.0,-9.795,12.657,10.484,0.33,0.2245,21.73
ATOM,914.0,N,THR,59.0,-12.135,8.149,7.492,-0.47,1.85,0.0
ATOM,915.0,CA,THR,59.0,-12.878,7.65,8.682,0.07,2.275,0.0
ATOM,916.0,C,THR,59.0,-13.33,6.201,8.463,0.51,2.0,0.08
ATOM,917.0,O,THR,59.0,-13.384,5.416,9.389,-0.51,1.7,0.23
ATOM,918.0,CB,THR,59.0,-14.099,8.551,8.923,0.14,2.275,2.49
ATOM,919.0,OG1,THR,59.0,-13.732,9.9,8.673,-0.66,1.77,13.23
ATOM,920.0,CG2,THR,59.0,-14.574,8.43,10.379,-0.27,2.06,25.35
ATOM,921.0,H,THR,59.0,-12.432,8.967,7.041,0.31,0.2245,0.0
ATOM,922.0,HA,THR,59.0,-12.231,7.69,9.544,0.09,1.32,1.83
ATOM,923.0,HB,THR,59.0,-14.899,8.267,8.257,0.09,1.32,3.93
ATOM,924.0,HG21,THR,59.0,-14.311,7.459,10.775,0.09,1.32,0.58
ATOM,925.0,HG22,THR,59.0,-14.099,9.201,10.973,0.09,1.32,13.03
ATOM,926.0,HG23,THR,59.0,-15.647,8.555,10.423,0.09,1.32,14.36
ATOM,927.0,HG1,THR,59.0,-13.433,10.016,7.718,0.43,0.2245,0.0
ATOM,928.0,N,LYS,60.0,-13.659,5.835,7.257,-0.47,1.85,0.0
ATOM,929.0,CA,LYS,60.0,-14.106,4.434,7.006,0.07,2.275,0.26
ATOM,930.0,C,LYS,60.0,-12.921,3.489,7.169,0.51,2.0,0.0
ATOM,931.0,O,LYS,60.0,-13.048,2.389,7.67,-0.51,1.7,0.0
ATOM,932.0,CB,LYS,60.0,-14.662,4.304,5.588,-0.18,2.175,0.4
ATOM,933.0,CG,LYS,60.0,-15.987,5.06,5.497,-0.18,2.175,5.7
ATOM,934.0,CD,LYS,60.0,-16.554,4.937,4.082,-0.18,2.175,1.08
ATOM,935.0,CE,LYS,60.0,-17.876,5.702,3.992,0.21,2.175,8.41
ATOM,936.0,NZ,LYS,60.0,-18.622,5.27,2.776,-0.3,1.85,2.68
ATOM,937.0,H,LYS,60.0,-13.604,6.478,6.52,0.31,0.2245,0.0
ATOM,938.0,HA,LYS,60.0,-14.873,4.171,7.718,0.09,1.32,1.6
ATOM,939.0,HB2,LYS,60.0,-13.956,4.719,4.882,0.09,1.32,0.0
ATOM,940.0,HB3,LYS,60.0,-14.829,3.261,5.36,0.09,1.32,1.48
ATOM,941.0,HG2,LYS,60.0,-16.689,4.643,6.206,0.09,1.32,10.73
ATOM,942.0,HG3,LYS,60.0,-15.821,6.102,5.725,0.09,1.32,0.18
ATOM,943.0,HD2,LYS,60.0,-15.848,5.343,3.372,0.09,1.32,0.0
ATOM,944.0,HD3,LYS,60.0,-16.731,3.894,3.859,0.09,1.32,4.17
ATOM,945.0,HE2,LYS,60.0,-18.471,5.502,4.869,0.05,1.32,11.7
ATOM,946.0,HE3,LYS,60.0,-17.672,6.763,3.931,0.05,1.32,0.0
ATOM,947.0,HZ1,LYS,60.0,-18.584,4.233,2.697,0.33,0.2245,1.66
ATOM,948.0,HZ2,LYS,60.0,-19.612,5.578,2.849,0.33,0.2245,18.27
ATOM,949.0,HZ3,LYS,60.0,-18.19,5.699,1.933,0.33,0.2245,7.62
ATOM,950.0,N,ALA,61.0,-11.767,3.913,6.746,-0.47,1.85,0.0
ATOM,951.0,CA,ALA,61.0,-10.567,3.049,6.87,0.07,2.275,0.0
ATOM,952.0,C,ALA,61.0,-10.245,2.828,8.35,0.51,2.0,0.0
ATOM,953.0,O,ALA,61.0,-9.937,1.732,8.772,-0.51,1.7,0.0
ATOM,954.0,CB,ALA,61.0,-9.39,3.742,6.171,-0.27,2.06,0.0
ATOM,955.0,H,ALA,61.0,-11.687,4.807,6.355,0.31,0.2245,0.0
ATOM,956.0,HA,ALA,61.0,-10.76,2.096,6.399,0.09,1.32,0.0
ATOM,957.0,HB1,ALA,61.0,-9.755,4.278,5.306,0.09,1.32,0.0
ATOM,958.0,HB2,ALA,61.0,-8.919,4.441,6.849,0.09,1.32,0.0
ATOM,959.0,HB3,ALA,61.0,-8.668,3.002,5.857,0.09,1.32,0.0
ATOM,960.0,N,GLY,62.0,-10.304,3.865,9.138,-0.47,1.85,0.0
ATOM,961.0,CA,GLY,62.0,-9.991,3.722,10.586,-0.02,2.175,2.54
ATOM,962.0,C,GLY,62.0,-10.949,2.733,11.245,0.51,2.0,1.96
ATOM,963.0,O,GLY,62.0,-10.533,1.815,11.922,-0.51,1.7,8.59
ATOM,964.0,H,GLY,62.0,-10.54,4.744,8.777,0.31,0.2245,0.0
ATOM,965.0,HA2,GLY,62.0,-8.985,3.362,10.7,0.09,1.32,0.0
ATOM,966.0,HA3,GLY,62.0,-10.087,4.683,11.069,0.09,1.32,3.36
ATOM,967.0,N,GLU,63.0,-12.224,2.911,11.066,-0.47,1.85,0.28
ATOM,968.0,CA,GLU,63.0,-13.184,1.973,11.703,0.07,2.275,1.15
ATOM,969.0,C,GLU,63.0,-13.098,0.605,11.024,0.51,2.0,0.14
ATOM,970.0,O,GLU,63.0,-13.102,-0.422,11.671,-0.51,1.7,24.85
ATOM,971.0,CB,GLU,63.0,-14.601,2.526,11.559,-0.18,2.175,3.53
ATOM,972.0,CG,GLU,63.0,-14.754,3.765,12.44,-0.28,2.175,11.08
ATOM,973.0,CD,GLU,63.0,-16.171,4.318,12.295,0.62,2.0,3.11
ATOM,974.0,OE1,GLU,63.0,-16.881,3.848,11.422,-0.76,1.7,32.36
ATOM,975.0,OE2,GLU,63.0,-16.522,5.202,13.059,-0.76,1.7,39.55
ATOM,976.0,H,GLU,63.0,-12.549,3.661,10.524,0.31,0.2245,0.0
ATOM,977.0,HA,GLU,63.0,-12.946,1.868,12.75,0.09,1.32,8.62
ATOM,978.0,HB2,GLU,63.0,-14.783,2.79,10.527,0.09,1.32,0.15
ATOM,979.0,HB3,GLU,63.0,-15.314,1.777,11.871,0.09,1.32,11.24
ATOM,980.0,HG2,GLU,63.0,-14.572,3.497,13.471,0.09,1.32,12.56
ATOM,981.0,HG3,GLU,63.0,-14.043,4.518,12.132,0.09,1.32,2.73
ATOM,982.0,N,THR,64.0,-13.067,0.585,9.719,-0.47,1.85,0.0
ATOM,983.0,CA,THR,64.0,-13.03,-0.706,8.976,0.07,2.275,0.5
ATOM,984.0,C,THR,64.0,-11.727,-1.476,9.225,0.51,2.0,0.0
ATOM,985.0,O,THR,64.0,-11.743,-2.58,9.734,-0.51,1.7,21.74
ATOM,986.0,CB,THR,64.0,-13.146,-0.39,7.48,0.14,2.275,0.0
ATOM,987.0,OG1,THR,64.0,-14.319,0.38,7.252,-0.66,1.77,12.09
ATOM,988.0,CG2,THR,64.0,-13.221,-1.683,6.669,-0.27,2.06,3.99
ATOM,989.0,H,THR,64.0,-13.121,1.415,9.203,0.31,0.2245,0.0
ATOM,990.0,HA,THR,64.0,-13.87,-1.315,9.273,0.09,1.32,10.11
ATOM,991.0,HB,THR,64.0,-12.281,0.176,7.166,0.09,1.32,0.0
ATOM,992.0,HG21,THR,64.0,-14.085,-2.253,6.977,0.09,1.32,11.62
ATOM,993.0,HG22,THR,64.0,-13.304,-1.441,5.62,0.09,1.32,0.05
ATOM,994.0,HG23,THR,64.0,-12.327,-2.265,6.833,0.09,1.32,0.0
ATOM,995.0,HG1,THR,64.0,-14.633,0.81,8.107,0.43,0.2245,5.9
ATOM,996.0,N,PHE,65.0,-10.602,-0.928,8.835,-0.47,1.85,0.0
ATOM,997.0,CA,PHE,65.0,-9.306,-1.663,9.012,0.07,2.275,0.19
ATOM,998.0,C,PHE,65.0,-8.58,-1.23,10.291,0.51,2.0,0.17
ATOM,999.0,O,PHE,65.0,-8.159,-2.065,11.067,-0.51,1.7,31.08
ATOM,1000.0,CB,PHE,65.0,-8.422,-1.402,7.79,-0.18,2.175,0.1
ATOM,1001.0,CG,PHE,65.0,-9.003,-2.128,6.597,0.0,1.9924,0.0
ATOM,1002.0,CD1,PHE,65.0,-9.981,-1.502,5.8,-0.115,1.9924,0.03
ATOM,1003.0,CD2,PHE,65.0,-8.571,-3.434,6.282,-0.115,1.9924,3.1
ATOM,1004.0,CE1,PHE,65.0,-10.526,-2.178,4.692,-0.115,1.9924,0.12
ATOM,1005.0,CE2,PHE,65.0,-9.117,-4.107,5.173,-0.115,1.9924,0.4
ATOM,1006.0,CZ,PHE,65.0,-10.094,-3.48,4.379,-0.115,1.9924,0.0
ATOM,1007.0,H,PHE,65.0,-10.612,-0.051,8.399,0.31,0.2245,0.0
ATOM,1008.0,HA,PHE,65.0,-9.501,-2.722,9.074,0.09,1.32,4.42
ATOM,1009.0,HB2,PHE,65.0,-8.394,-0.342,7.588,0.09,1.32,0.0
ATOM,1010.0,HB3,PHE,65.0,-7.424,-1.763,7.981,0.09,1.32,3.11
ATOM,1011.0,HD1,PHE,65.0,-10.313,-0.503,6.039,0.115,1.3582,0.0
ATOM,1012.0,HD2,PHE,65.0,-7.822,-3.918,6.89,0.115,1.3582,12.98
ATOM,1013.0,HE1,PHE,65.0,-11.277,-1.7,4.083,0.115,1.3582,0.0
ATOM,1014.0,HE2,PHE,65.0,-8.787,-5.106,4.932,0.115,1.3582,0.69
ATOM,1015.0,HZ,PHE,65.0,-10.512,-3.997,3.529,0.115,1.3582,0.0
ATOM,1016.0,N,GLY,66.0,-8.43,0.05,10.537,-0.47,1.85,0.0
ATOM,1017.0,CA,GLY,66.0,-7.727,0.487,11.792,-0.02,2.175,7.57
ATOM,1018.0,C,GLY,66.0,-6.847,1.722,11.541,0.51,2.0,0.0
ATOM,1019.0,O,GLY,66.0,-6.911,2.358,10.509,-0.51,1.7,0.0
ATOM,1020.0,H,GLY,66.0,-8.776,0.719,9.913,0.31,0.2245,0.0
ATOM,1021.0,HA2,GLY,66.0,-8.465,0.73,12.542,0.09,1.32,6.05
ATOM,1022.0,HA3,GLY,66.0,-7.102,-0.315,12.162,0.09,1.32,6.69
ATOM,1023.0,N,GLU,67.0,-6.02,2.046,12.501,-0.47,1.85,2.84
ATOM,1024.0,CA,GLU,67.0,-5.116,3.231,12.378,0.07,2.275,0.18
ATOM,1025.0,C,GLU,67.0,-4.032,2.953,11.334,0.51,2.0,0.0
ATOM,1026.0,O,GLU,67.0,-3.476,3.857,10.743,-0.51,1.7,0.49
ATOM,1027.0,CB,GLU,67.0,-4.46,3.515,13.736,-0.18,2.175,3.7
ATOM,1028.0,CG,GLU,67.0,-3.563,4.754,13.636,-0.28,2.175,6.12
ATOM,1029.0,CD,GLU,67.0,-2.918,5.03,14.995,0.62,2.0,6.24
ATOM,1030.0,OE1,GLU,67.0,-3.327,4.406,15.961,-0.76,1.7,36.41
ATOM,1031.0,OE2,GLU,67.0,-2.033,5.867,15.05,-0.76,1.7,47.27
ATOM,1032.0,H,GLU,67.0,-5.997,1.49,13.308,0.31,0.2245,9.81
ATOM,1033.0,HA,GLU,67.0,-5.694,4.09,12.075,0.09,1.32,0.0
ATOM,1034.0,HB2,GLU,67.0,-5.227,3.686,14.478,0.09,1.32,11.01
ATOM,1035.0,HB3,GLU,67.0,-3.862,2.665,14.029,0.09,1.32,9.78
ATOM,1036.0,HG2,GLU,67.0,-2.787,4.582,12.903,0.09,1.32,4.3
ATOM,1037.0,HG3,GLU,67.0,-4.156,5.605,13.339,0.09,1.32,6.34
ATOM,1038.0,N,GLU,68.0,-3.73,1.708,11.104,-0.47,1.85,0.98
ATOM,1039.0,CA,GLU,68.0,-2.687,1.347,10.103,0.07,2.275,0.36
ATOM,1040.0,C,GLU,68.0,-3.105,1.852,8.717,0.51,2.0,0.0
ATOM,1041.0,O,GLU,68.0,-2.286,2.273,7.924,-0.51,1.7,3.25
ATOM,1042.0,CB,GLU,68.0,-2.534,-0.178,10.071,-0.18,2.175,9.47
ATOM,1043.0,CG,GLU,68.0,-1.371,-0.571,9.156,-0.28,2.175,8.39
ATOM,1044.0,CD,GLU,68.0,-0.053,-0.103,9.775,0.62,2.0,3.72
ATOM,1045.0,OE1,GLU,68.0,-0.044,0.17,10.964,-0.76,1.7,32.01
ATOM,1046.0,OE2,GLU,68.0,0.926,-0.026,9.05,-0.76,1.7,45.7
ATOM,1047.0,H,GLU,68.0,-4.2,0.997,11.579,0.31,0.2245,2.39
ATOM,1048.0,HA,GLU,68.0,-1.746,1.797,10.383,0.09,1.32,4.79
ATOM,1049.0,HB2,GLU,68.0,-2.341,-0.539,11.071,0.09,1.32,9.53
ATOM,1050.0,HB3,GLU,68.0,-3.445,-0.622,9.7,0.09,1.32,3.69
ATOM,1051.0,HG2,GLU,68.0,-1.353,-1.645,9.043,0.09,1.32,13.59
ATOM,1052.0,HG3,GLU,68.0,-1.496,-0.111,8.189,0.09,1.32,1.15
ATOM,1053.0,N,LYS,69.0,-4.377,1.803,8.42,-0.47,1.85,0.0
ATOM,1054.0,CA,LYS,69.0,-4.869,2.268,7.085,0.07,2.275,0.0
ATOM,1055.0,C,LYS,69.0,-5.398,3.699,7.176,0.51,2.0,0.0
ATOM,1056.0,O,LYS,69.0,-5.506,4.389,6.183,-0.51,1.7,0.0
ATOM,1057.0,CB,LYS,69.0,-6.006,1.357,6.619,-0.18,2.175,0.0
ATOM,1058.0,CG,LYS,69.0,-5.48,-0.053,6.305,-0.18,2.175,0.09
ATOM,1059.0,CD,LYS,69.0,-4.614,-0.036,5.033,-0.18,2.175,0.23
ATOM,1060.0,CE,LYS,69.0,-4.538,-1.445,4.43,0.21,2.175,0.57
ATOM,1061.0,NZ,LYS,69.0,-3.743,-2.325,5.331,-0.3,1.85,9.68
ATOM,1062.0,H,LYS,69.0,-5.01,1.468,9.084,0.31,0.2245,0.0
ATOM,1063.0,HA,LYS,69.0,-4.071,2.235,6.373,0.09,1.32,0.0
ATOM,1064.0,HB2,LYS,69.0,-6.75,1.297,7.397,0.09,1.32,0.0
ATOM,1065.0,HB3,LYS,69.0,-6.456,1.778,5.731,0.09,1.32,0.0
ATOM,1066.0,HG2,LYS,69.0,-4.881,-0.402,7.136,0.09,1.32,0.28
ATOM,1067.0,HG3,LYS,69.0,-6.317,-0.719,6.167,0.09,1.32,0.0
ATOM,1068.0,HD2,LYS,69.0,-5.04,0.642,4.308,0.09,1.32,4.98
ATOM,1069.0,HD3,LYS,69.0,-3.616,0.29,5.283,0.09,1.32,0.13
ATOM,1070.0,HE2,LYS,69.0,-5.534,-1.849,4.317,0.05,1.32,0.53
ATOM,1071.0,HE3,LYS,69.0,-4.062,-1.397,3.462,0.05,1.32,0.0
ATOM,1072.0,HZ1,LYS,69.0,-3.428,-1.778,6.159,0.33,0.2245,0.34
ATOM,1073.0,HZ2,LYS,69.0,-4.33,-3.123,5.646,0.33,0.2245,11.04
ATOM,1074.0,HZ3,LYS,69.0,-2.915,-2.689,4.818,0.33,0.2245,14.68
ATOM,1075.0,N,GLU,70.0,-5.745,4.148,8.345,-0.47,1.85,0.0
ATOM,1076.0,CA,GLU,70.0,-6.288,5.531,8.48,0.07,2.275,0.0
ATOM,1077.0,C,GLU,70.0,-5.209,6.574,8.167,0.51,2.0,0.0
ATOM,1078.0,O,GLU,70.0,-5.46,7.568,7.509,-0.51,1.7,0.0
ATOM,1079.0,CB,GLU,70.0,-6.753,5.742,9.918,-0.18,2.175,0.0
ATOM,1080.0,CG,GLU,70.0,-7.598,7.013,10.007,-0.28,2.175,2.14
ATOM,1081.0,CD,GLU,70.0,-8.06,7.223,11.451,0.62,2.0,2.92
ATOM,1082.0,OE1,GLU,70.0,-7.874,6.318,12.248,-0.76,1.7,17.15
ATOM,1083.0,OE2,GLU,70.0,-8.586,8.286,11.735,-0.76,1.7,28.51
ATOM,1084.0,H,GLU,70.0,-5.662,3.578,9.138,0.31,0.2245,0.0
ATOM,1085.0,HA,GLU,70.0,-7.123,5.657,7.811,0.09,1.32,0.0
ATOM,1086.0,HB2,GLU,70.0,-7.339,4.897,10.233,0.09,1.32,0.0
ATOM,1087.0,HB3,GLU,70.0,-5.891,5.841,10.557,0.09,1.32,0.44
ATOM,1088.0,HG2,GLU,70.0,-7.01,7.861,9.687,0.09,1.32,1.85
ATOM,1089.0,HG3,GLU,70.0,-8.46,6.911,9.37,0.09,1.32,0.0
ATOM,1090.0,N,ALA,71.0,-4.022,6.375,8.667,-0.47,1.85,0.03
ATOM,1091.0,CA,ALA,71.0,-2.944,7.382,8.438,0.07,2.275,1.36
ATOM,1092.0,C,ALA,71.0,-2.523,7.418,6.968,0.51,2.0,0.21
ATOM,1093.0,O,ALA,71.0,-2.076,8.438,6.482,-0.51,1.7,4.55
ATOM,1094.0,CB,ALA,71.0,-1.741,7.069,9.325,-0.27,2.06,27.92
ATOM,1095.0,H,ALA,71.0,-3.847,5.581,9.22,0.31,0.2245,0.0
ATOM,1096.0,HA,ALA,71.0,-3.324,8.356,8.705,0.09,1.32,0.71
ATOM,1097.0,HB1,ALA,71.0,-2.081,6.868,10.331,0.09,1.32,2.95
ATOM,1098.0,HB2,ALA,71.0,-1.222,6.206,8.941,0.09,1.32,6.87
ATOM,1099.0,HB3,ALA,71.0,-1.072,7.919,9.336,0.09,1.32,11.95
ATOM,1100.0,N,ILE,72.0,-2.64,6.338,6.243,-0.47,1.85,0.0
ATOM,1101.0,CA,ILE,72.0,-2.219,6.41,4.812,0.07,2.275,0.25
ATOM,1102.0,C,ILE,72.0,-3.051,7.487,4.116,0.51,2.0,0.0
ATOM,1103.0,O,ILE,72.0,-2.546,8.236,3.304,-0.51,1.7,0.26
ATOM,1104.0,CB,ILE,72.0,-2.37,5.058,4.075,-0.09,2.275,0.0
ATOM,1105.0,CG1,ILE,72.0,-1.31,4.075,4.61,-0.18,2.175,9.87
ATOM,1106.0,CG2,ILE,72.0,-2.176,5.282,2.547,-0.27,2.06,5.02
ATOM,1107.0,CD1,ILE,72.0,-1.643,2.625,4.216,-0.27,2.06,10.55
ATOM,1108.0,H,ILE,72.0,-2.994,5.508,6.638,0.31,0.2245,0.0
ATOM,1109.0,HA,ILE,72.0,-1.179,6.706,4.781,0.09,1.32,7.65
ATOM,1110.0,HB,ILE,72.0,-3.359,4.658,4.261,0.09,1.32,0.33
ATOM,1111.0,HG12,ILE,72.0,-0.343,4.338,4.203,0.09,1.32,11.63
ATOM,1112.0,HG13,ILE,72.0,-1.273,4.148,5.685,0.09,1.32,1.41
ATOM,1113.0,HG21,ILE,72.0,-1.648,6.209,2.37,0.09,1.32,1.49
ATOM,1114.0,HG22,ILE,72.0,-1.604,4.478,2.114,0.09,1.32,3.27
ATOM,1115.0,HG23,ILE,72.0,-3.143,5.33,2.068,0.09,1.32,1.51
ATOM,1116.0,HD11,ILE,72.0,-1.799,2.548,3.154,0.09,1.32,2.23
ATOM,1117.0,HD12,ILE,72.0,-0.82,1.986,4.501,0.09,1.32,13.51
ATOM,1118.0,HD13,ILE,72.0,-2.532,2.309,4.726,0.09,1.32,0.0
ATOM,1119.0,N,PHE,73.0,-4.315,7.582,4.426,-0.47,1.85,0.0
ATOM,1120.0,CA,PHE,73.0,-5.156,8.629,3.776,0.07,2.275,0.0
ATOM,1121.0,C,PHE,73.0,-4.676,10.013,4.202,0.51,2.0,0.0
ATOM,1122.0,O,PHE,73.0,-4.645,10.938,3.413,-0.51,1.7,0.0
ATOM,1123.0,CB,PHE,73.0,-6.619,8.445,4.17,-0.18,2.175,0.0
ATOM,1124.0,CG,PHE,73.0,-7.171,7.254,3.434,0.0,1.9924,0.0
ATOM,1125.0,CD1,PHE,73.0,-7.588,7.39,2.097,-0.115,1.9924,0.65
ATOM,1126.0,CD2,PHE,73.0,-7.239,6.004,4.071,-0.115,1.9924,0.0
ATOM,1127.0,CE1,PHE,73.0,-8.079,6.274,1.398,-0.115,1.9924,0.63
ATOM,1128.0,CE2,PHE,73.0,-7.725,4.886,3.372,-0.115,1.9924,2.33
ATOM,1129.0,CZ,PHE,73.0,-8.146,5.023,2.034,-0.115,1.9924,1.85
ATOM,1130.0,H,PHE,73.0,-4.707,6.974,5.095,0.31,0.2245,0.0
ATOM,1131.0,HA,PHE,73.0,-5.062,8.547,2.706,0.09,1.32,0.0
ATOM,1132.0,HB2,PHE,73.0,-6.685,8.277,5.233,0.09,1.32,0.0
ATOM,1133.0,HB3,PHE,73.0,-7.183,9.327,3.905,0.09,1.32,0.0
ATOM,1134.0,HD1,PHE,73.0,-7.537,8.352,1.61,0.115,1.3582,1.04
ATOM,1135.0,HD2,PHE,73.0,-6.92,5.904,5.096,0.115,1.3582,0.0
ATOM,1136.0,HE1,PHE,73.0,-8.401,6.376,0.373,0.115,1.3582,0.14
ATOM,1137.0,HE2,PHE,73.0,-7.778,3.926,3.861,0.115,1.3582,0.0
ATOM,1138.0,HZ,PHE,73.0,-8.512,4.169,1.496,0.115,1.3582,0.0
ATOM,1139.0,N,GLU,74.0,-4.297,10.176,5.436,-0.47,1.85,0.0
ATOM,1140.0,CA,GLU,74.0,-3.823,11.513,5.878,0.07,2.275,0.0
ATOM,1141.0,C,GLU,74.0,-2.611,11.919,5.042,0.51,2.0,0.0
ATOM,1142.0,O,GLU,74.0,-2.478,13.058,4.641,-0.51,1.7,0.0
ATOM,1143.0,CB,GLU,74.0,-3.445,11.464,7.361,-0.18,2.175,0.04
ATOM,1144.0,CG,GLU,74.0,-2.943,12.84,7.805,-0.28,2.175,5.89
ATOM,1145.0,CD,GLU,74.0,-2.945,12.919,9.332,0.62,2.0,6.4
ATOM,1146.0,OE1,GLU,74.0,-3.321,11.94,9.956,-0.76,1.7,26.92
ATOM,1147.0,OE2,GLU,74.0,-2.577,13.959,9.854,-0.76,1.7,43.85
ATOM,1148.0,H,GLU,74.0,-4.32,9.431,6.076,0.31,0.2245,0.0
ATOM,1149.0,HA,GLU,74.0,-4.614,12.235,5.735,0.09,1.32,0.46
ATOM,1150.0,HB2,GLU,74.0,-4.313,11.189,7.945,0.09,1.32,0.19
ATOM,1151.0,HB3,GLU,74.0,-2.665,10.731,7.51,0.09,1.32,1.57
ATOM,1152.0,HG2,GLU,74.0,-1.932,12.987,7.437,0.09,1.32,0.65
ATOM,1153.0,HG3,GLU,74.0,-3.587,13.607,7.404,0.09,1.32,8.24
ATOM,1154.0,N,GLY,75.0,-1.731,11.0,4.76,-0.47,1.85,0.59
ATOM,1155.0,CA,GLY,75.0,-0.545,11.35,3.929,-0.02,2.175,14.76
ATOM,1156.0,C,GLY,75.0,-1.026,11.788,2.547,0.51,2.0,0.88
ATOM,1157.0,O,GLY,75.0,-0.613,12.805,2.025,-0.51,1.7,1.24
ATOM,1158.0,H,GLY,75.0,-1.857,10.083,5.078,0.31,0.2245,0.0
ATOM,1159.0,HA2,GLY,75.0,0.001,12.155,4.398,0.09,1.32,0.0
ATOM,1160.0,HA3,GLY,75.0,0.093,10.489,3.822,0.09,1.32,11.28
ATOM,1161.0,N,HIS,76.0,-1.903,11.024,1.954,-0.47,1.85,0.0
ATOM,1162.0,CA,HIS,76.0,-2.42,11.391,0.609,0.07,2.275,0.0
ATOM,1163.0,C,HIS,76.0,-3.123,12.743,0.697,0.51,2.0,0.04
ATOM,1164.0,O,HIS,76.0,-2.919,13.614,-0.124,-0.51,1.7,0.07
ATOM,1165.0,CB,HIS,76.0,-3.417,10.329,0.138,-0.09,2.175,2.05
ATOM,1166.0,CG,HIS,76.0,-2.707,9.019,-0.091,-0.05,1.8,0.0
ATOM,1167.0,H,HIS,76.0,-2.223,10.211,2.397,0.31,0.2245,0.0
ATOM,1168.0,HA,HIS,76.0,-1.603,11.457,-0.09,0.09,1.32,0.0
ATOM,1169.0,HB2,HIS,76.0,-4.179,10.196,0.893,0.09,1.32,0.0
ATOM,1170.0,HB3,HIS,76.0,-3.877,10.654,-0.783,0.09,1.32,1.02
ATOM,1171.0,ND1,HIS,76.0,-3.395,7.816,-0.17,-0.36,1.85,1.06
ATOM,1172.0,CD2,HIS,76.0,-1.377,8.699,-0.25,0.22,1.8,4.16
ATOM,1173.0,CE1,HIS,76.0,-2.49,6.84,-0.369,0.25,1.8,3.02
ATOM,1174.0,NE2,HIS,76.0,-1.249,7.326,-0.424,-0.7,1.85,7.78
ATOM,1175.0,HD2,HIS,76.0,-0.558,9.402,-0.236,0.1,1.468,6.04
ATOM,1176.0,HE1,HIS,76.0,-2.737,5.793,-0.472,0.13,0.9,0.24
ATOM,1177.0,HD1,HIS,76.0,-4.367,7.694,-0.096,0.32,0.2245,1.45
ATOM,1178.0,N,ILE,77.0,-3.945,12.929,1.694,-0.47,1.85,0.0
ATOM,1179.0,CA,ILE,77.0,-4.651,14.231,1.836,0.07,2.275,0.0
ATOM,1180.0,C,ILE,77.0,-3.625,15.324,2.146,0.51,2.0,0.0
ATOM,1181.0,O,ILE,77.0,-3.644,16.389,1.559,-0.51,1.7,0.0
ATOM,1182.0,CB,ILE,77.0,-5.689,14.148,2.967,-0.09,2.275,0.0
ATOM,1183.0,CG1,ILE,77.0,-6.827,13.2,2.543,-0.18,2.175,0.0
ATOM,1184.0,CG2,ILE,77.0,-6.258,15.549,3.242,-0.27,2.06,4.15
ATOM,1185.0,CD1,ILE,77.0,-7.752,12.874,3.749,-0.27,2.06,0.0
ATOM,1186.0,H,ILE,77.0,-4.09,12.215,2.349,0.31,0.2245,0.0
ATOM,1187.0,HA,ILE,77.0,-5.153,14.468,0.909,0.09,1.32,0.0
ATOM,1188.0,HB,ILE,77.0,-5.217,13.771,3.863,0.09,1.32,0.0
ATOM,1189.0,HG12,ILE,77.0,-7.405,13.673,1.759,0.09,1.32,0.0
ATOM,1190.0,HG13,ILE,77.0,-6.398,12.285,2.159,0.09,1.32,0.0
ATOM,1191.0,HG21,ILE,77.0,-6.4,16.073,2.306,0.09,1.32,0.45
ATOM,1192.0,HG22,ILE,77.0,-7.206,15.466,3.754,0.09,1.32,0.0
ATOM,1193.0,HG23,ILE,77.0,-5.565,16.101,3.859,0.09,1.32,4.4
ATOM,1194.0,HD11,ILE,77.0,-7.37,13.33,4.652,0.09,1.32,1.04
ATOM,1195.0,HD12,ILE,77.0,-8.75,13.25,3.556,0.09,1.32,0.0
ATOM,1196.0,HD13,ILE,77.0,-7.801,11.803,3.892,0.09,1.32,0.0
ATOM,1197.0,N,MET,78.0,-2.737,15.081,3.074,-0.47,1.85,0.0
ATOM,1198.0,CA,MET,78.0,-1.724,16.11,3.429,0.07,2.275,0.88
ATOM,1199.0,C,MET,78.0,-0.877,16.448,2.202,0.51,2.0,0.0
ATOM,1200.0,O,MET,78.0,-0.553,17.593,1.955,-0.51,1.7,2.05
ATOM,1201.0,CB,MET,78.0,-0.846,15.559,4.558,-0.18,2.175,1.06
ATOM,1202.0,CG,MET,78.0,0.157,16.619,5.009,-0.14,2.175,11.61
ATOM,1203.0,SD,MET,78.0,0.812,16.162,6.636,-0.09,2.0,34.8
ATOM,1204.0,CE,MET,78.0,1.707,14.665,6.142,-0.22,2.06,31.5
ATOM,1205.0,H,MET,78.0,-2.729,14.232,3.563,0.31,0.2245,0.0
ATOM,1206.0,HA,MET,78.0,-2.224,17.0,3.77,0.09,1.32,2.01
ATOM,1207.0,HB2,MET,78.0,-1.472,15.282,5.394,0.09,1.32,1.65
ATOM,1208.0,HB3,MET,78.0,-0.315,14.686,4.206,0.09,1.32,0.0
ATOM,1209.0,HG2,MET,78.0,0.965,16.68,4.295,0.09,1.32,6.52
ATOM,1210.0,HG3,MET,78.0,-0.338,17.577,5.076,0.09,1.32,10.38
ATOM,1211.0,HE1,MET,78.0,1.83,14.648,5.069,0.09,1.32,6.33
ATOM,1212.0,HE2,MET,78.0,2.677,14.656,6.62,0.09,1.32,15.19
ATOM,1213.0,HE3,MET,78.0,1.149,13.796,6.451,0.09,1.32,3.94
ATOM,1214.0,N,LEU,79.0,-0.528,15.464,1.425,-0.47,1.85,0.0
ATOM,1215.0,CA,LEU,79.0,0.285,15.735,0.208,0.07,2.275,0.8
ATOM,1216.0,C,LEU,79.0,-0.527,16.567,-0.772,0.51,2.0,0.0
ATOM,1217.0,O,LEU,79.0,-0.02,17.461,-1.409,-0.51,1.7,0.0
ATOM,1218.0,CB,LEU,79.0,0.658,14.408,-0.466,-0.18,2.175,0.05
ATOM,1219.0,CG,LEU,79.0,1.481,14.663,-1.749,-0.09,2.275,0.91
ATOM,1220.0,CD1,LEU,79.0,2.785,15.43,-1.399,-0.27,2.06,20.64
ATOM,1221.0,CD2,LEU,79.0,1.762,13.306,-2.475,-0.27,2.06,7.77
ATOM,1222.0,H,LEU,79.0,-0.808,14.551,1.636,0.31,0.2245,0.0
ATOM,1223.0,HA,LEU,79.0,1.179,16.263,0.487,0.09,1.32,2.4
ATOM,1224.0,HB2,LEU,79.0,1.232,13.817,0.22,0.09,1.32,6.72
ATOM,1225.0,HB3,LEU,79.0,-0.243,13.878,-0.729,0.09,1.32,0.0
ATOM,1226.0,HG,LEU,79.0,0.897,15.279,-2.408,0.09,1.32,0.54
ATOM,1227.0,HD11,LEU,79.0,3.041,15.278,-0.362,0.09,1.32,9.14
ATOM,1228.0,HD12,LEU,79.0,3.603,15.1,-2.018,0.09,1.32,10.63
ATOM,1229.0,HD13,LEU,79.0,2.625,16.489,-1.564,0.09,1.32,0.19
ATOM,1230.0,HD21,LEU,79.0,1.605,12.479,-1.801,0.09,1.32,4.01
ATOM,1231.0,HD22,LEU,79.0,1.078,13.204,-3.31,0.09,1.32,0.84
ATOM,1232.0,HD23,LEU,79.0,2.774,13.27,-2.846,0.09,1.32,6.49
ATOM,1233.0,N,LEU,80.0,-1.782,16.267,-0.899,-0.47,1.85,0.0
ATOM,1234.0,CA,LEU,80.0,-2.634,17.019,-1.85,0.07,2.275,0.13
ATOM,1235.0,C,LEU,80.0,-2.717,18.487,-1.428,0.51,2.0,0.0
ATOM,1236.0,O,LEU,80.0,-2.713,19.38,-2.252,-0.51,1.7,2.77
ATOM,1237.0,CB,LEU,80.0,-4.034,16.396,-1.88,-0.18,2.175,0.0
ATOM,1238.0,CG,LEU,80.0,-4.939,17.155,-2.86,-0.09,2.275,0.0
ATOM,1239.0,CD1,LEU,80.0,-4.345,17.107,-4.278,-0.27,2.06,0.28
ATOM,1240.0,CD2,LEU,80.0,-6.323,16.497,-2.861,-0.27,2.06,1.93
ATOM,1241.0,H,LEU,80.0,-2.161,15.544,-0.358,0.31,0.2245,0.0
ATOM,1242.0,HA,LEU,80.0,-2.189,16.95,-2.833,0.09,1.32,0.36
ATOM,1243.0,HB2,LEU,80.0,-3.958,15.364,-2.192,0.09,1.32,0.01
ATOM,1244.0,HB3,LEU,80.0,-4.465,16.438,-0.891,0.09,1.32,0.0
ATOM,1245.0,HG,LEU,80.0,-5.033,18.184,-2.543,0.09,1.32,0.0
ATOM,1246.0,HD11,LEU,80.0,-3.87,16.151,-4.442,0.09,1.32,0.0
ATOM,1247.0,HD12,LEU,80.0,-5.13,17.248,-5.007,0.09,1.32,0.0
ATOM,1248.0,HD13,LEU,80.0,-3.615,17.896,-4.388,0.09,1.32,0.28
ATOM,1249.0,HD21,LEU,80.0,-6.644,16.33,-1.844,0.09,1.32,0.76
ATOM,1250.0,HD22,LEU,80.0,-7.028,17.145,-3.36,0.09,1.32,0.0
ATOM,1251.0,HD23,LEU,80.0,-6.27,15.553,-3.382,0.09,1.32,0.74
ATOM,1252.0,N,GLU,81.0,-2.809,18.743,-0.152,-0.47,1.85,0.0
ATOM,1253.0,CA,GLU,81.0,-2.91,20.154,0.325,0.07,2.275,0.4
ATOM,1254.0,C,GLU,81.0,-1.513,20.78,0.414,0.51,2.0,0.27
ATOM,1255.0,O,GLU,81.0,-1.354,21.888,0.885,-0.51,1.7,10.18
ATOM,1256.0,CB,GLU,81.0,-3.561,20.174,1.713,-0.18,2.175,3.56
ATOM,1257.0,CG,GLU,81.0,-4.994,19.642,1.624,-0.28,2.175,2.9
ATOM,1258.0,CD,GLU,81.0,-5.631,19.667,3.014,0.62,2.0,3.19
ATOM,1259.0,OE1,GLU,81.0,-4.981,20.136,3.934,-0.76,1.7,33.28
ATOM,1260.0,OE2,GLU,81.0,-6.759,19.217,3.136,-0.76,1.7,15.01
ATOM,1261.0,H,GLU,81.0,-2.822,18.008,0.497,0.31,0.2245,0.0
ATOM,1262.0,HA,GLU,81.0,-3.516,20.725,-0.362,0.09,1.32,0.11
ATOM,1263.0,HB2,GLU,81.0,-2.989,19.553,2.387,0.09,1.32,1.4
ATOM,1264.0,HB3,GLU,81.0,-3.579,21.187,2.086,0.09,1.32,6.22
ATOM,1265.0,HG2,GLU,81.0,-5.569,20.266,0.956,0.09,1.32,0.84
ATOM,1266.0,HG3,GLU,81.0,-4.982,18.63,1.252,0.09,1.32,0.0
ATOM,1267.0,N,ASP,82.0,-0.498,20.085,-0.025,-0.47,1.85,0.0
ATOM,1268.0,CA,ASP,82.0,0.879,20.659,0.049,0.07,2.275,0.14
ATOM,1269.0,C,ASP,82.0,0.884,22.063,-0.565,0.51,2.0,0.0
ATOM,1270.0,O,ASP,82.0,0.377,22.281,-1.647,-0.51,1.7,0.24
ATOM,1271.0,CB,ASP,82.0,1.854,19.762,-0.717,-0.28,2.175,2.08
ATOM,1272.0,CG,ASP,82.0,3.283,20.264,-0.507,0.62,2.0,2.52
ATOM,1273.0,OD1,ASP,82.0,3.435,21.419,-0.142,-0.76,1.7,8.06
ATOM,1274.0,OD2,ASP,82.0,4.2,19.487,-0.711,-0.76,1.7,19.53
ATOM,1275.0,H,ASP,82.0,-0.637,19.19,-0.4,0.31,0.2245,0.0
ATOM,1276.0,HA,ASP,82.0,1.185,20.72,1.083,0.09,1.32,8.62
ATOM,1277.0,HB2,ASP,82.0,1.771,18.747,-0.355,0.09,1.32,0.04
ATOM,1278.0,HB3,ASP,82.0,1.617,19.789,-1.767,0.09,1.32,0.0
ATOM,1279.0,N,GLU,83.0,1.43,23.021,0.136,-0.47,1.85,0.0
ATOM,1280.0,CA,GLU,83.0,1.454,24.425,-0.381,0.07,2.275,0.0
ATOM,1281.0,C,GLU,83.0,2.228,24.503,-1.697,0.51,2.0,0.1
ATOM,1282.0,O,GLU,83.0,2.069,25.435,-2.459,-0.51,1.7,0.0
ATOM,1283.0,CB,GLU,83.0,2.125,25.335,0.65,-0.18,2.175,3.55
ATOM,1284.0,CG,GLU,83.0,1.22,25.48,1.873,-0.28,2.175,10.93
ATOM,1285.0,CD,GLU,83.0,1.9,26.379,2.907,0.62,2.0,6.06
ATOM,1286.0,OE1,GLU,83.0,3.071,26.673,2.726,-0.76,1.7,35.42
ATOM,1287.0,OE2,GLU,83.0,1.243,26.752,3.864,-0.76,1.7,47.8
ATOM,1288.0,H,GLU,83.0,1.804,22.821,1.02,0.31,0.2245,3.82
ATOM,1289.0,HA,GLU,83.0,0.438,24.76,-0.543,0.09,1.32,0.02
ATOM,1290.0,HB2,GLU,83.0,3.067,24.897,0.953,0.09,1.32,6.39
ATOM,1291.0,HB3,GLU,83.0,2.304,26.307,0.214,0.09,1.32,0.49
ATOM,1292.0,HG2,GLU,83.0,0.277,25.921,1.576,0.09,1.32,6.29
ATOM,1293.0,HG3,GLU,83.0,1.044,24.509,2.303,0.09,1.32,6.75
ATOM,1294.0,N,GLU,84.0,3.046,23.533,-1.988,-0.47,1.85,0.0
ATOM,1295.0,CA,GLU,84.0,3.801,23.56,-3.272,0.07,2.275,0.43
ATOM,1296.0,C,GLU,84.0,2.839,23.298,-4.438,0.51,2.0,0.0
ATOM,1297.0,O,GLU,84.0,2.964,23.857,-5.506,-0.51,1.7,0.0
ATOM,1298.0,CB,GLU,84.0,4.882,22.475,-3.25,-0.18,2.175,3.02
ATOM,1299.0,CG,GLU,84.0,5.974,22.864,-2.253,-0.28,2.175,13.16
ATOM,1300.0,CD,GLU,84.0,7.053,21.78,-2.226,0.62,2.0,5.46
ATOM,1301.0,OE1,GLU,84.0,6.694,20.615,-2.165,-0.76,1.7,25.24
ATOM,1302.0,OE2,GLU,84.0,8.22,22.132,-2.266,-0.76,1.7,47.04
ATOM,1303.0,H,GLU,84.0,3.136,22.761,-1.391,0.31,0.2245,0.0
ATOM,1304.0,HA,GLU,84.0,4.264,24.528,-3.397,0.09,1.32,3.34
ATOM,1305.0,HB2,GLU,84.0,4.44,21.535,-2.953,0.09,1.32,0.51
ATOM,1306.0,HB3,GLU,84.0,5.313,22.376,-4.235,0.09,1.32,1.33
ATOM,1307.0,HG2,GLU,84.0,6.415,23.804,-2.551,0.09,1.32,11.65
ATOM,1308.0,HG3,GLU,84.0,5.543,22.964,-1.268,0.09,1.32,3.17
ATOM,1309.0,N,LEU,85.0,1.871,22.452,-4.22,-0.47,1.85,0.0
ATOM,1310.0,CA,LEU,85.0,0.882,22.142,-5.297,0.07,2.275,0.0
ATOM,1311.0,C,LEU,85.0,-0.018,23.347,-5.543,0.51,2.0,0.0
ATOM,1312.0,O,LEU,85.0,-0.359,23.666,-6.665,-0.51,1.7,0.0
ATOM,1313.0,CB,LEU,85.0,0.013,20.966,-4.862,-0.18,2.175,1.42
ATOM,1314.0,CG,LEU,85.0,0.886,19.726,-4.636,-0.09,2.275,0.76
ATOM,1315.0,CD1,LEU,85.0,0.094,18.698,-3.831,-0.27,2.06,0.0
ATOM,1316.0,CD2,LEU,85.0,1.289,19.1,-5.979,-0.27,2.06,4.43
ATOM,1317.0,H,LEU,85.0,1.791,22.055,-3.328,0.31,0.2245,0.0
ATOM,1318.0,HA,LEU,85.0,1.401,21.893,-6.206,0.09,1.32,0.0
ATOM,1319.0,HB2,LEU,85.0,-0.492,21.227,-3.944,0.09,1.32,0.43
ATOM,1320.0,HB3,LEU,85.0,-0.721,20.758,-5.623,0.09,1.32,0.0
ATOM,1321.0,HG,LEU,85.0,1.773,20.007,-4.087,0.09,1.32,0.46
ATOM,1322.0,HD11,LEU,85.0,-0.305,19.165,-2.944,0.09,1.32,0.0
ATOM,1323.0,HD12,LEU,85.0,-0.716,18.317,-4.433,0.09,1.32,0.0
ATOM,1324.0,HD13,LEU,85.0,0.744,17.89,-3.55,0.09,1.32,0.0
ATOM,1325.0,HD21,LEU,85.0,0.425,19.03,-6.623,0.09,1.32,0.0
ATOM,1326.0,HD22,LEU,85.0,2.045,19.706,-6.452,0.09,1.32,0.24
ATOM,1327.0,HD23,LEU,85.0,1.687,18.111,-5.807,0.09,1.32,3.42
ATOM,1328.0,N,GLU,86.0,-0.412,24.015,-4.499,-0.47,1.85,0.45
ATOM,1329.0,CA,GLU,86.0,-1.308,25.189,-4.665,0.07,2.275,1.86
ATOM,1330.0,C,GLU,86.0,-0.611,26.244,-5.524,0.51,2.0,0.0
ATOM,1331.0,O,GLU,86.0,-1.184,26.777,-6.454,-0.51,1.7,0.0
ATOM,1332.0,CB,GLU,86.0,-1.625,25.776,-3.288,-0.18,2.175,0.42
ATOM,1333.0,CG,GLU,86.0,-2.546,26.987,-3.443,-0.28,2.175,0.88
ATOM,1334.0,CD,GLU,86.0,-2.954,27.498,-2.061,0.62,2.0,3.3
ATOM,1335.0,OE1,GLU,86.0,-2.552,26.888,-1.084,-0.76,1.7,20.59
ATOM,1336.0,OE2,GLU,86.0,-3.662,28.489,-2.003,-0.76,1.7,43.26
ATOM,1337.0,H,GLU,86.0,-0.136,23.731,-3.603,0.31,0.2245,0.0
ATOM,1338.0,HA,GLU,86.0,-2.222,24.881,-5.144,0.09,1.32,0.25
ATOM,1339.0,HB2,GLU,86.0,-2.114,25.026,-2.682,0.09,1.32,1.77
ATOM,1340.0,HB3,GLU,86.0,-0.708,26.083,-2.808,0.09,1.32,0.2
ATOM,1341.0,HG2,GLU,86.0,-2.025,27.771,-3.974,0.09,1.32,1.64
ATOM,1342.0,HG3,GLU,86.0,-3.428,26.702,-3.996,0.09,1.32,2.74
ATOM,1343.0,N,GLN,87.0,0.614,26.559,-5.213,-0.47,1.85,0.0
ATOM,1344.0,CA,GLN,87.0,1.343,27.588,-6.006,0.07,2.275,0.92
ATOM,1345.0,C,GLN,87.0,1.672,27.063,-7.413,0.51,2.0,0.16
ATOM,1346.0,O,GLN,87.0,1.577,27.781,-8.389,-0.51,1.7,1.26
ATOM,1347.0,CB,GLN,87.0,2.646,27.94,-5.283,-0.18,2.175,4.5
ATOM,1348.0,CG,GLN,87.0,2.334,28.713,-4.0,-0.18,2.175,8.89
ATOM,1349.0,CD,GLN,87.0,3.64,29.061,-3.284,0.55,2.0,2.49
ATOM,1350.0,H,GLN,87.0,1.053,26.121,-4.454,0.31,0.2245,0.0
ATOM,1351.0,HA,GLN,87.0,0.732,28.475,-6.087,0.09,1.32,3.46
ATOM,1352.0,HB2,GLN,87.0,3.175,27.029,-5.038,0.09,1.32,0.68
ATOM,1353.0,HB3,GLN,87.0,3.262,28.55,-5.929,0.09,1.32,8.58
ATOM,1354.0,HG2,GLN,87.0,1.802,29.622,-4.245,0.09,1.32,12.83
ATOM,1355.0,HG3,GLN,87.0,1.723,28.102,-3.352,0.09,1.32,0.82
ATOM,1356.0,OE1,GLN,87.0,4.617,29.417,-3.914,-0.55,1.7,36.14
ATOM,1357.0,NE2,GLN,87.0,3.702,28.973,-1.983,-0.62,1.85,19.73
ATOM,1358.0,HE21,GLN,87.0,2.916,28.684,-1.473,0.32,0.2245,7.39
ATOM,1359.0,HE22,GLN,87.0,4.536,29.19,-1.516,0.3,0.2245,20.54
ATOM,1360.0,N,GLU,88.0,2.078,25.823,-7.524,-0.47,1.85,0.0
ATOM,1361.0,CA,GLU,88.0,2.437,25.264,-8.867,0.07,2.275,0.61
ATOM,1362.0,C,GLU,88.0,1.201,25.079,-9.756,0.51,2.0,0.0
ATOM,1363.0,O,GLU,88.0,1.239,25.344,-10.941,-0.51,1.7,0.0
ATOM,1364.0,CB,GLU,88.0,3.142,23.92,-8.684,-0.18,2.175,0.78
ATOM,1365.0,CG,GLU,88.0,4.528,24.159,-8.082,-0.28,2.175,11.85
ATOM,1366.0,CD,GLU,88.0,5.238,22.82,-7.883,0.62,2.0,3.12
ATOM,1367.0,OE1,GLU,88.0,4.949,22.161,-6.898,-0.76,1.7,7.52
ATOM,1368.0,OE2,GLU,88.0,6.06,22.477,-8.716,-0.76,1.7,34.02
ATOM,1369.0,H,GLU,88.0,2.164,25.263,-6.725,0.31,0.2245,0.0
ATOM,1370.0,HA,GLU,88.0,3.112,25.948,-9.357,0.09,1.32,2.5
ATOM,1371.0,HB2,GLU,88.0,2.56,23.297,-8.021,0.09,1.32,0.0
ATOM,1372.0,HB3,GLU,88.0,3.244,23.432,-9.642,0.09,1.32,1.61
ATOM,1373.0,HG2,GLU,88.0,5.107,24.777,-8.752,0.09,1.32,11.64
ATOM,1374.0,HG3,GLU,88.0,4.429,24.658,-7.13,0.09,1.32,1.45
ATOM,1375.0,N,ILE,89.0,0.109,24.629,-9.208,-0.47,1.85,0.0
ATOM,1376.0,CA,ILE,89.0,-1.108,24.441,-10.048,0.07,2.275,0.0
ATOM,1377.0,C,ILE,89.0,-1.621,25.809,-10.502,0.51,2.0,0.0
ATOM,1378.0,O,ILE,89.0,-1.949,26.016,-11.652,-0.51,1.7,0.0
ATOM,1379.0,CB,ILE,89.0,-2.186,23.712,-9.232,-0.09,2.275,0.0
ATOM,1380.0,CG1,ILE,89.0,-1.723,22.268,-8.984,-0.18,2.175,0.0
ATOM,1381.0,CG2,ILE,89.0,-3.516,23.709,-9.998,-0.27,2.06,0.0
ATOM,1382.0,CD1,ILE,89.0,-2.643,21.566,-7.974,-0.27,2.06,1.37
ATOM,1383.0,H,ILE,89.0,0.085,24.429,-8.251,0.31,0.2245,0.0
ATOM,1384.0,HA,ILE,89.0,-0.855,23.85,-10.916,0.09,1.32,0.0
ATOM,1385.0,HB,ILE,89.0,-2.318,24.218,-8.287,0.09,1.32,0.0
ATOM,1386.0,HG12,ILE,89.0,-1.736,21.725,-9.916,0.09,1.32,0.0
ATOM,1387.0,HG13,ILE,89.0,-0.715,22.281,-8.597,0.09,1.32,0.0
ATOM,1388.0,HG21,ILE,89.0,-3.355,23.333,-10.997,0.09,1.32,0.0
ATOM,1389.0,HG22,ILE,89.0,-4.226,23.079,-9.488,0.09,1.32,0.0
ATOM,1390.0,HG23,ILE,89.0,-3.906,24.714,-10.05,0.09,1.32,0.03
ATOM,1391.0,HD11,ILE,89.0,-2.973,22.271,-7.224,0.09,1.32,0.84
ATOM,1392.0,HD12,ILE,89.0,-3.501,21.159,-8.487,0.09,1.32,0.0
ATOM,1393.0,HD13,ILE,89.0,-2.104,20.762,-7.497,0.09,1.32,0.01
ATOM,1394.0,N,ILE,90.0,-1.687,26.739,-9.595,-0.47,1.85,0.0
ATOM,1395.0,CA,ILE,90.0,-2.177,28.106,-9.93,0.07,2.275,0.0
ATOM,1396.0,C,ILE,90.0,-1.192,28.827,-10.857,0.51,2.0,0.0
ATOM,1397.0,O,ILE,90.0,-1.587,29.545,-11.754,-0.51,1.7,0.0
ATOM,1398.0,CB,ILE,90.0,-2.356,28.888,-8.62,-0.09,2.275,0.0
ATOM,1399.0,CG1,ILE,90.0,-3.567,28.312,-7.863,-0.18,2.175,0.52
ATOM,1400.0,CG2,ILE,90.0,-2.578,30.376,-8.917,-0.27,2.06,7.49
ATOM,1401.0,CD1,ILE,90.0,-3.557,28.751,-6.389,-0.27,2.06,11.82
ATOM,1402.0,H,ILE,90.0,-1.414,26.537,-8.676,0.31,0.2245,0.0
ATOM,1403.0,HA,ILE,90.0,-3.131,28.026,-10.425,0.09,1.32,0.0
ATOM,1404.0,HB,ILE,90.0,-1.465,28.774,-8.022,0.09,1.32,0.0
ATOM,1405.0,HG12,ILE,90.0,-4.476,28.662,-8.331,0.09,1.32,0.0
ATOM,1406.0,HG13,ILE,90.0,-3.538,27.232,-7.911,0.09,1.32,0.05
ATOM,1407.0,HG21,ILE,90.0,-3.249,30.483,-9.757,0.09,1.32,0.0
ATOM,1408.0,HG22,ILE,90.0,-3.003,30.859,-8.051,0.09,1.32,4.58
ATOM,1409.0,HG23,ILE,90.0,-1.629,30.835,-9.151,0.09,1.32,4.05
ATOM,1410.0,HD11,ILE,90.0,-2.543,28.786,-6.019,0.09,1.32,1.33
ATOM,1411.0,HD12,ILE,90.0,-4.007,29.729,-6.298,0.09,1.32,7.92
ATOM,1412.0,HD13,ILE,90.0,-4.126,28.044,-5.803,0.09,1.32,4.85
ATOM,1413.0,N,ALA,91.0,0.079,28.665,-10.636,-0.47,1.85,0.07
ATOM,1414.0,CA,ALA,91.0,1.077,29.367,-11.494,0.07,2.275,1.27
ATOM,1415.0,C,ALA,91.0,0.931,28.954,-12.966,0.51,2.0,0.07
ATOM,1416.0,O,ALA,91.0,0.91,29.791,-13.847,-0.51,1.7,0.0
ATOM,1417.0,CB,ALA,91.0,2.487,29.036,-11.007,-0.27,2.06,26.21
ATOM,1418.0,H,ALA,91.0,0.378,28.089,-9.903,0.31,0.2245,0.0
ATOM,1419.0,HA,ALA,91.0,0.918,30.429,-11.413,0.09,1.32,5.16
ATOM,1420.0,HB1,ALA,91.0,2.563,29.25,-9.95,0.09,1.32,5.51
ATOM,1421.0,HB2,ALA,91.0,2.691,27.989,-11.178,0.09,1.32,1.1
ATOM,1422.0,HB3,ALA,91.0,3.203,29.636,-11.548,0.09,1.32,10.06
ATOM,1423.0,N,LEU,92.0,0.844,27.683,-13.248,-0.47,1.85,0.0
ATOM,1424.0,CA,LEU,92.0,0.714,27.244,-14.671,0.07,2.275,0.14
ATOM,1425.0,C,LEU,92.0,-0.565,27.827,-15.281,0.51,2.0,0.0
ATOM,1426.0,O,LEU,92.0,-0.556,28.359,-16.376,-0.51,1.7,0.0
ATOM,1427.0,CB,LEU,92.0,0.656,25.71,-14.717,-0.18,2.175,0.0
ATOM,1428.0,CG,LEU,92.0,1.952,25.109,-14.136,-0.09,2.275,0.81
ATOM,1429.0,CD1,LEU,92.0,1.688,23.666,-13.693,-0.27,2.06,0.42
ATOM,1430.0,CD2,LEU,92.0,3.069,25.106,-15.2,-0.27,2.06,8.95
ATOM,1431.0,H,LEU,92.0,0.867,27.014,-12.534,0.31,0.2245,0.0
ATOM,1432.0,HA,LEU,92.0,1.563,27.596,-15.23,0.09,1.32,0.03
ATOM,1433.0,HB2,LEU,92.0,-0.191,25.372,-14.137,0.09,1.32,0.0
ATOM,1434.0,HB3,LEU,92.0,0.539,25.385,-15.741,0.09,1.32,0.0
ATOM,1435.0,HG,LEU,92.0,2.267,25.69,-13.281,0.09,1.32,0.89
ATOM,1436.0,HD11,LEU,92.0,1.162,23.139,-14.476,0.09,1.32,0.0
ATOM,1437.0,HD12,LEU,92.0,2.628,23.172,-13.494,0.09,1.32,6.71
ATOM,1438.0,HD13,LEU,92.0,1.087,23.672,-12.796,0.09,1.32,0.0
ATOM,1439.0,HD21,LEU,92.0,2.998,25.988,-15.813,0.09,1.32,0.0
ATOM,1440.0,HD22,LEU,92.0,4.03,25.094,-14.709,0.09,1.32,14.69
ATOM,1441.0,HD23,LEU,92.0,2.978,24.229,-15.828,0.09,1.32,0.02
ATOM,1442.0,N,ILE,93.0,-1.663,27.748,-14.579,-0.47,1.85,0.0
ATOM,1443.0,CA,ILE,93.0,-2.93,28.315,-15.118,0.07,2.275,0.0
ATOM,1444.0,C,ILE,93.0,-2.737,29.817,-15.325,0.51,2.0,0.0
ATOM,1445.0,O,ILE,93.0,-3.039,30.362,-16.362,-0.51,1.7,0.0
ATOM,1446.0,CB,ILE,93.0,-4.069,28.089,-14.114,-0.09,2.275,0.0
ATOM,1447.0,CG1,ILE,93.0,-4.249,26.578,-13.87,-0.18,2.175,0.0
ATOM,1448.0,CG2,ILE,93.0,-5.366,28.69,-14.691,-0.27,2.06,0.0
ATOM,1449.0,CD1,ILE,93.0,-4.966,26.338,-12.533,-0.27,2.06,0.46
ATOM,1450.0,H,ILE,93.0,-1.651,27.331,-13.694,0.31,0.2245,0.0
ATOM,1451.0,HA,ILE,93.0,-3.173,27.843,-16.059,0.09,1.32,0.0
ATOM,1452.0,HB,ILE,93.0,-3.827,28.584,-13.182,0.09,1.32,0.0
ATOM,1453.0,HG12,ILE,93.0,-4.833,26.149,-14.672,0.09,1.32,0.0
ATOM,1454.0,HG13,ILE,93.0,-3.281,26.1,-13.841,0.09,1.32,0.0
ATOM,1455.0,HG21,ILE,93.0,-5.414,28.5,-15.754,0.09,1.32,0.0
ATOM,1456.0,HG22,ILE,93.0,-6.225,28.246,-14.218,0.09,1.32,0.0
ATOM,1457.0,HG23,ILE,93.0,-5.374,29.757,-14.518,0.09,1.32,0.0
ATOM,1458.0,HD11,ILE,93.0,-5.733,27.077,-12.382,0.09,1.32,0.0
ATOM,1459.0,HD12,ILE,93.0,-5.41,25.353,-12.537,0.09,1.32,0.0
ATOM,1460.0,HD13,ILE,93.0,-4.25,26.406,-11.731,0.09,1.32,0.0
ATOM,1461.0,N,LYS,94.0,-2.231,30.485,-14.329,-0.47,1.85,0.0
ATOM,1462.0,CA,LYS,94.0,-2.01,31.957,-14.454,0.07,2.275,0.12
ATOM,1463.0,C,LYS,94.0,-0.88,32.251,-15.447,0.51,2.0,0.1
ATOM,1464.0,O,LYS,94.0,-0.964,33.174,-16.232,-0.51,1.7,14.05
ATOM,1465.0,CB,LYS,94.0,-1.64,32.574,-13.094,-0.18,2.175,5.4
ATOM,1466.0,CG,LYS,94.0,-2.867,32.611,-12.163,-0.18,2.175,0.0
ATOM,1467.0,CD,LYS,94.0,-2.566,33.47,-10.897,-0.18,2.175,4.87
ATOM,1468.0,CE,LYS,94.0,-3.742,34.417,-10.608,0.21,2.175,3.79
ATOM,1469.0,NZ,LYS,94.0,-3.475,35.19,-9.36,-0.3,1.85,13.32
ATOM,1470.0,H,LYS,94.0,-1.999,30.0,-13.512,0.31,0.2245,0.0
ATOM,1471.0,HA,LYS,94.0,-2.914,32.417,-14.814,0.09,1.32,0.0
ATOM,1472.0,HB2,LYS,94.0,-0.86,31.985,-12.634,0.09,1.32,0.0
ATOM,1473.0,HB3,LYS,94.0,-1.281,33.581,-13.251,0.09,1.32,9.49
ATOM,1474.0,HG2,LYS,94.0,-3.704,33.029,-12.701,0.09,1.32,0.0
ATOM,1475.0,HG3,LYS,94.0,-3.113,31.602,-11.861,0.09,1.32,0.0
ATOM,1476.0,HD2,LYS,94.0,-2.423,32.821,-10.046,0.09,1.32,0.09
ATOM,1477.0,HD3,LYS,94.0,-1.67,34.056,-11.044,0.09,1.32,8.78
ATOM,1478.0,HE2,LYS,94.0,-3.862,35.103,-11.434,0.05,1.32,10.12
ATOM,1479.0,HE3,LYS,94.0,-4.646,33.84,-10.487,0.05,1.32,2.38
ATOM,1480.0,HZ1,LYS,94.0,-2.451,35.33,-9.248,0.33,0.2245,16.5
ATOM,1481.0,HZ2,LYS,94.0,-3.943,36.118,-9.419,0.33,0.2245,21.29
ATOM,1482.0,HZ3,LYS,94.0,-3.846,34.666,-8.542,0.33,0.2245,17.65
ATOM,1483.0,N,ASP,95.0,0.189,31.503,-15.405,-0.47,1.85,0.03
ATOM,1484.0,CA,ASP,95.0,1.328,31.785,-16.332,0.07,2.275,1.79
ATOM,1485.0,C,ASP,95.0,1.102,31.185,-17.725,0.51,2.0,0.0
ATOM,1486.0,O,ASP,95.0,1.273,31.851,-18.726,-0.51,1.7,14.15
ATOM,1487.0,CB,ASP,95.0,2.616,31.208,-15.745,-0.28,2.175,5.19
ATOM,1488.0,CG,ASP,95.0,3.804,31.705,-16.567,0.62,2.0,3.06
ATOM,1489.0,OD1,ASP,95.0,3.586,32.107,-17.699,-0.76,1.7,23.48
ATOM,1490.0,OD2,ASP,95.0,4.909,31.679,-16.053,-0.76,1.7,46.69
ATOM,1491.0,H,ASP,95.0,0.255,30.775,-14.75,0.31,0.2245,0.0
ATOM,1492.0,HA,ASP,95.0,1.443,32.855,-16.431,0.09,1.32,8.26
ATOM,1493.0,HB2,ASP,95.0,2.722,31.533,-14.719,0.09,1.32,7.41
ATOM,1494.0,HB3,ASP,95.0,2.581,30.13,-15.781,0.09,1.32,0.54
ATOM,1495.0,N,LYS,96.0,0.769,29.923,-17.806,-0.47,1.85,0.0
ATOM,1496.0,CA,LYS,96.0,0.593,29.289,-19.155,0.07,2.275,1.01
ATOM,1497.0,C,LYS,96.0,-0.859,29.371,-19.65,0.51,2.0,0.26
ATOM,1498.0,O,LYS,96.0,-1.159,28.938,-20.744,-0.51,1.7,8.05
ATOM,1499.0,CB,LYS,96.0,1.056,27.825,-19.107,-0.18,2.175,0.24
ATOM,1500.0,CG,LYS,96.0,2.593,27.758,-18.849,-0.18,2.175,0.37
ATOM,1501.0,CD,LYS,96.0,3.257,26.718,-19.775,-0.18,2.175,7.01
ATOM,1502.0,CE,LYS,96.0,4.78,26.89,-19.752,0.21,2.175,17.98
ATOM,1503.0,NZ,LYS,96.0,5.311,26.415,-18.446,-0.3,1.85,8.85
ATOM,1504.0,H,LYS,96.0,0.679,29.401,-16.979,0.31,0.2245,0.0
ATOM,1505.0,HA,LYS,96.0,1.214,29.811,-19.869,0.09,1.32,7.36
ATOM,1506.0,HB2,LYS,96.0,0.528,27.308,-18.314,0.09,1.32,0.0
ATOM,1507.0,HB3,LYS,96.0,0.82,27.359,-20.048,0.09,1.32,1.37
ATOM,1508.0,HG2,LYS,96.0,3.045,28.724,-19.023,0.09,1.32,1.45
ATOM,1509.0,HG3,LYS,96.0,2.77,27.473,-17.821,0.09,1.32,0.0
ATOM,1510.0,HD2,LYS,96.0,3.006,25.726,-19.434,0.09,1.32,1.56
ATOM,1511.0,HD3,LYS,96.0,2.904,26.85,-20.788,0.09,1.32,11.63
ATOM,1512.0,HE2,LYS,96.0,5.219,26.31,-20.55,0.05,1.32,14.57
ATOM,1513.0,HE3,LYS,96.0,5.034,27.932,-19.887,0.05,1.32,11.55
ATOM,1514.0,HZ1,LYS,96.0,4.768,26.847,-17.673,0.33,0.2245,3.07
ATOM,1515.0,HZ2,LYS,96.0,5.224,25.379,-18.395,0.33,0.2245,10.09
ATOM,1516.0,HZ3,LYS,96.0,6.311,26.685,-18.358,0.33,0.2245,21.61
ATOM,1517.0,N,HIS,97.0,-1.758,29.918,-18.871,-0.47,1.85,0.0
ATOM,1518.0,CA,HIS,97.0,-3.184,30.025,-19.322,0.07,2.275,0.0
ATOM,1519.0,C,HIS,97.0,-3.711,28.64,-19.713,0.51,2.0,0.0
ATOM,1520.0,O,HIS,97.0,-4.425,28.469,-20.682,-0.51,1.7,0.0
ATOM,1521.0,CB,HIS,97.0,-3.268,31.004,-20.498,-0.09,2.175,0.53
ATOM,1522.0,CG,HIS,97.0,-2.797,32.464,-19.974,-0.05,1.8,0.04
ATOM,1523.0,H,HIS,97.0,-1.504,30.251,-17.986,0.31,0.2245,0.0
ATOM,1524.0,HA,HIS,97.0,-3.784,30.402,-18.511,0.09,1.32,0.0
ATOM,1525.0,HB2,HIS,97.0,-2.608,30.65,-21.297,0.09,1.32,3.52
ATOM,1526.0,HB3,HIS,97.0,-4.298,31.051,-20.854,0.09,1.32,0.0
ATOM,1527.0,ND1,HIS,97.0,-2.931,33.556,-20.863,-0.36,1.85,8.27
ATOM,1528.0,CD2,HIS,97.0,-2.663,33.916,-20.285,0.22,1.8,22.05
ATOM,1529.0,CE1,HIS,97.0,-2.492,33.205,-19.627,0.25,1.8,1.73
ATOM,1530.0,NE2,HIS,97.0,-3.059,32.745,-20.866,-0.7,1.85,7.23
ATOM,1531.0,HD2,HIS,97.0,-3.254,34.813,-19.946,0.1,1.468,6.89
ATOM,1532.0,HE1,HIS,97.0,-1.44,33.087,-19.203,0.13,0.9,1.57
ATOM,1533.0,HD1,HIS,97.0,-3.09,33.866,-21.405,0.32,0.2245,7.64
ATOM,1534.0,N,MET,98.0,-3.324,27.649,-18.958,-0.47,1.85,0.0
ATOM,1535.0,CA,MET,98.0,-3.759,26.244,-19.241,0.07,2.275,0.0
ATOM,1536.0,C,MET,98.0,-5.024,25.925,-18.435,0.51,2.0,0.0
ATOM,1537.0,O,MET,98.0,-5.422,26.679,-17.57,-0.51,1.7,0.0
ATOM,1538.0,CB,MET,98.0,-2.634,25.287,-18.844,-0.18,2.175,0.26
ATOM,1539.0,CG,MET,98.0,-1.485,25.42,-19.848,-0.14,2.175,1.7
ATOM,1540.0,SD,MET,98.0,0.01,24.631,-19.186,-0.09,2.0,0.0
ATOM,1541.0,CE,MET,98.0,-0.051,23.102,-20.158,-0.22,2.06,27.49
ATOM,1542.0,H,MET,98.0,-2.709,27.849,-18.217,0.31,0.2245,0.0
ATOM,1543.0,HA,MET,98.0,-3.968,26.131,-20.296,0.09,1.32,0.79
ATOM,1544.0,HB2,MET,98.0,-2.281,25.546,-17.857,0.09,1.32,0.0
ATOM,1545.0,HB3,MET,98.0,-3.0,24.272,-18.845,0.09,1.32,0.0
ATOM,1546.0,HG2,MET,98.0,-1.764,24.945,-20.778,0.09,1.32,5.03
ATOM,1547.0,HG3,MET,98.0,-1.292,26.466,-20.029,0.09,1.32,0.0
ATOM,1548.0,HE1,MET,98.0,-0.052,23.345,-21.212,0.09,1.32,12.35
ATOM,1549.0,HE2,MET,98.0,0.813,22.494,-19.925,0.09,1.32,5.3
ATOM,1550.0,HE3,MET,98.0,-0.948,22.555,-19.916,0.09,1.32,0.17
ATOM,1551.0,N,THR,99.0,-5.661,24.814,-18.711,-0.47,1.85,0.0
ATOM,1552.0,CA,THR,99.0,-6.901,24.453,-17.959,0.07,2.275,0.0
ATOM,1553.0,C,THR,99.0,-6.526,23.825,-16.609,0.51,2.0,0.0
ATOM,1554.0,O,THR,99.0,-5.421,23.354,-16.417,-0.51,1.7,0.0
ATOM,1555.0,CB,THR,99.0,-7.721,23.454,-18.785,0.14,2.275,0.01
ATOM,1556.0,OG1,THR,99.0,-6.937,22.299,-19.05,-0.66,1.77,0.0
ATOM,1557.0,CG2,THR,99.0,-8.145,24.098,-20.109,-0.27,2.06,5.76
ATOM,1558.0,H,THR,99.0,-5.325,24.216,-19.411,0.31,0.2245,2.21
ATOM,1559.0,HA,THR,99.0,-7.488,25.343,-17.79,0.09,1.32,0.0
ATOM,1560.0,HB,THR,99.0,-8.603,23.168,-18.233,0.09,1.32,1.0
ATOM,1561.0,HG21,THR,99.0,-7.33,24.688,-20.503,0.09,1.32,0.0
ATOM,1562.0,HG22,THR,99.0,-8.404,23.325,-20.818,0.09,1.32,0.0
ATOM,1563.0,HG23,THR,99.0,-9.002,24.733,-19.941,0.09,1.32,3.58
ATOM,1564.0,HG1,THR,99.0,-7.152,21.924,-19.96,0.43,0.2245,0.02
ATOM,1565.0,N,ALA,100.0,-7.437,23.82,-15.668,-0.47,1.85,0.0
ATOM,1566.0,CA,ALA,100.0,-7.133,23.234,-14.33,0.07,2.275,0.0
ATOM,1567.0,C,ALA,100.0,-6.956,21.719,-14.431,0.51,2.0,0.0
ATOM,1568.0,O,ALA,100.0,-6.086,21.149,-13.805,-0.51,1.7,0.0
ATOM,1569.0,CB,ALA,100.0,-8.285,23.532,-13.374,-0.27,2.06,0.0
ATOM,1570.0,H,ALA,100.0,-8.319,24.209,-15.841,0.31,0.2245,0.0
ATOM,1571.0,HA,ALA,100.0,-6.227,23.674,-13.942,0.09,1.32,0.0
ATOM,1572.0,HB1,ALA,100.0,-9.219,23.253,-13.839,0.09,1.32,1.45
ATOM,1573.0,HB2,ALA,100.0,-8.149,22.963,-12.466,0.09,1.32,0.0
ATOM,1574.0,HB3,ALA,100.0,-8.298,24.587,-13.142,0.09,1.32,0.0
ATOM,1575.0,N,ASP,101.0,-7.764,21.054,-15.21,-0.47,1.85,0.0
ATOM,1576.0,CA,ASP,101.0,-7.611,19.578,-15.327,0.07,2.275,0.0
ATOM,1577.0,C,ASP,101.0,-6.328,19.253,-16.099,0.51,2.0,0.0
ATOM,1578.0,O,ASP,101.0,-5.659,18.279,-15.816,-0.51,1.7,0.0
ATOM,1579.0,CB,ASP,101.0,-8.833,18.972,-16.029,-0.28,2.175,0.0
ATOM,1580.0,CG,ASP,101.0,-9.245,19.838,-17.217,0.62,2.0,1.23
ATOM,1581.0,OD1,ASP,101.0,-9.28,21.047,-17.063,-0.76,1.7,8.85
ATOM,1582.0,OD2,ASP,101.0,-9.527,19.273,-18.261,-0.76,1.7,1.24
ATOM,1583.0,H,ASP,101.0,-8.459,21.519,-15.72,0.31,0.2245,0.0
ATOM,1584.0,HA,ASP,101.0,-7.533,19.16,-14.335,0.09,1.32,0.0
ATOM,1585.0,HB2,ASP,101.0,-8.589,17.982,-16.381,0.09,1.32,0.37
ATOM,1586.0,HB3,ASP,101.0,-9.655,18.91,-15.329,0.09,1.32,0.0
ATOM,1587.0,N,ALA,102.0,-5.964,20.062,-17.059,-0.47,1.85,0.0
ATOM,1588.0,CA,ALA,102.0,-4.708,19.786,-17.82,0.07,2.275,0.65
ATOM,1589.0,C,ALA,102.0,-3.504,20.277,-17.013,0.51,2.0,0.0
ATOM,1590.0,O,ALA,102.0,-2.474,19.635,-16.963,-0.51,1.7,4.21
ATOM,1591.0,CB,ALA,102.0,-4.738,20.51,-19.169,-0.27,2.06,3.7
ATOM,1592.0,H,ALA,102.0,-6.502,20.855,-17.267,0.31,0.2245,0.0
ATOM,1593.0,HA,ALA,102.0,-4.616,18.724,-17.986,0.09,1.32,0.59
ATOM,1594.0,HB1,ALA,102.0,-5.699,20.361,-19.638,0.09,1.32,0.0
ATOM,1595.0,HB2,ALA,102.0,-4.571,21.566,-19.016,0.09,1.32,0.0
ATOM,1596.0,HB3,ALA,102.0,-3.961,20.112,-19.806,0.09,1.32,5.1
ATOM,1597.0,N,ALA,103.0,-3.624,21.416,-16.386,-0.47,1.85,0.0
ATOM,1598.0,CA,ALA,103.0,-2.483,21.952,-15.587,0.07,2.275,0.0
ATOM,1599.0,C,ALA,103.0,-2.277,21.102,-14.33,0.51,2.0,0.0
ATOM,1600.0,O,ALA,103.0,-1.169,20.736,-13.994,-0.51,1.7,0.0
ATOM,1601.0,CB,ALA,103.0,-2.775,23.402,-15.187,-0.27,2.06,0.0
ATOM,1602.0,H,ALA,103.0,-4.462,21.92,-16.443,0.31,0.2245,0.0
ATOM,1603.0,HA,ALA,103.0,-1.587,21.92,-16.184,0.09,1.32,0.0
ATOM,1604.0,HB1,ALA,103.0,-3.748,23.458,-14.721,0.09,1.32,0.0
ATOM,1605.0,HB2,ALA,103.0,-2.023,23.743,-14.491,0.09,1.32,0.0
ATOM,1606.0,HB3,ALA,103.0,-2.761,24.031,-16.069,0.09,1.32,0.0
ATOM,1607.0,N,ALA,104.0,-3.334,20.79,-13.629,-0.47,1.85,0.0
ATOM,1608.0,CA,ALA,104.0,-3.196,19.969,-12.391,0.07,2.275,0.0
ATOM,1609.0,C,ALA,104.0,-2.607,18.598,-12.742,0.51,2.0,0.18
ATOM,1610.0,O,ALA,104.0,-1.813,18.045,-12.007,-0.51,1.7,0.12
ATOM,1611.0,CB,ALA,104.0,-4.571,19.795,-11.741,-0.27,2.06,0.56
ATOM,1612.0,H,ALA,104.0,-4.222,21.103,-13.914,0.31,0.2245,0.0
ATOM,1613.0,HA,ALA,104.0,-2.535,20.471,-11.701,0.09,1.32,0.0
ATOM,1614.0,HB1,ALA,104.0,-5.079,20.748,-11.719,0.09,1.32,0.0
ATOM,1615.0,HB2,ALA,104.0,-5.154,19.089,-12.312,0.09,1.32,0.0
ATOM,1616.0,HB3,ALA,104.0,-4.449,19.431,-10.732,0.09,1.32,0.0
ATOM,1617.0,N,HIS,105.0,-3.013,18.036,-13.846,-0.47,1.85,0.0
ATOM,1618.0,CA,HIS,105.0,-2.496,16.692,-14.233,0.07,2.275,0.27
ATOM,1619.0,C,HIS,105.0,-0.976,16.743,-14.383,0.51,2.0,0.0
ATOM,1620.0,O,HIS,105.0,-0.273,15.83,-14.001,-0.51,1.7,0.0
ATOM,1621.0,CB,HIS,105.0,-3.101,16.281,-15.576,-0.09,2.175,0.0
ATOM,1622.0,CG,HIS,105.0,-2.62,14.905,-15.938,-0.05,1.8,0.0
ATOM,1623.0,H,HIS,105.0,-3.675,18.495,-14.402,0.31,0.2245,0.0
ATOM,1624.0,HA,HIS,105.0,-2.764,15.97,-13.479,0.09,1.32,0.97
ATOM,1625.0,HB2,HIS,105.0,-4.172,16.283,-15.509,0.09,1.32,0.0
ATOM,1626.0,HB3,HIS,105.0,-2.789,16.98,-16.338,0.09,1.32,0.14
ATOM,1627.0,ND1,HIS,105.0,-2.888,13.798,-15.144,-0.36,1.85,0.8
ATOM,1628.0,CD2,HIS,105.0,-1.89,14.436,-17.002,0.22,1.8,2.08
ATOM,1629.0,CE1,HIS,105.0,-2.328,12.728,-15.737,0.25,1.8,11.33
ATOM,1630.0,NE2,HIS,105.0,-1.709,13.064,-16.87,-0.7,1.85,14.53
ATOM,1631.0,HD2,HIS,105.0,-1.516,15.039,-17.816,0.1,1.468,11.47
ATOM,1632.0,HE1,HIS,105.0,-2.375,11.723,-15.345,0.13,0.9,9.18
ATOM,1633.0,HD1,HIS,105.0,-3.394,13.792,-14.303,0.32,0.2245,1.21
ATOM,1634.0,N,GLU,106.0,-0.467,17.797,-14.949,-0.47,1.85,0.0
ATOM,1635.0,CA,GLU,106.0,1.006,17.905,-15.146,0.07,2.275,0.76
ATOM,1636.0,C,GLU,106.0,1.723,17.941,-13.791,0.51,2.0,0.0
ATOM,1637.0,O,GLU,106.0,2.783,17.37,-13.625,-0.51,1.7,0.11
ATOM,1638.0,CB,GLU,106.0,1.302,19.187,-15.928,-0.18,2.175,1.3
ATOM,1639.0,CG,GLU,106.0,2.796,19.282,-16.241,-0.28,2.175,9.06
ATOM,1640.0,CD,GLU,106.0,3.068,20.56,-17.04,0.62,2.0,2.81
ATOM,1641.0,OE1,GLU,106.0,2.109,21.196,-17.449,-0.76,1.7,3.71
ATOM,1642.0,OE2,GLU,106.0,4.229,20.879,-17.235,-0.76,1.7,37.87
ATOM,1643.0,H,GLU,106.0,-1.056,18.517,-15.259,0.31,0.2245,0.0
ATOM,1644.0,HA,GLU,106.0,1.352,17.057,-15.709,0.09,1.32,1.9
ATOM,1645.0,HB2,GLU,106.0,0.742,19.18,-16.852,0.09,1.32,5.46
ATOM,1646.0,HB3,GLU,106.0,1.007,20.041,-15.338,0.09,1.32,0.0
ATOM,1647.0,HG2,GLU,106.0,3.355,19.308,-15.317,0.09,1.32,5.14
ATOM,1648.0,HG3,GLU,106.0,3.098,18.424,-16.822,0.09,1.32,12.95
ATOM,1649.0,N,VAL,107.0,1.174,18.638,-12.838,-0.47,1.85,0.0
ATOM,1650.0,CA,VAL,107.0,1.843,18.741,-11.51,0.07,2.275,0.0
ATOM,1651.0,C,VAL,107.0,1.934,17.37,-10.829,0.51,2.0,0.0
ATOM,1652.0,O,VAL,107.0,3.003,16.933,-10.449,-0.51,1.7,0.08
ATOM,1653.0,CB,VAL,107.0,1.051,19.707,-10.629,-0.09,2.275,0.0
ATOM,1654.0,CG1,VAL,107.0,1.675,19.75,-9.234,-0.27,2.06,0.11
ATOM,1655.0,CG2,VAL,107.0,1.097,21.106,-11.25,-0.27,2.06,0.03
ATOM,1656.0,H,VAL,107.0,0.335,19.115,-13.006,0.31,0.2245,0.0
ATOM,1657.0,HA,VAL,107.0,2.837,19.13,-11.649,0.09,1.32,6.4
ATOM,1658.0,HB,VAL,107.0,0.025,19.374,-10.557,0.09,1.32,0.0
ATOM,1659.0,HG11,VAL,107.0,2.745,19.87,-9.323,0.09,1.32,0.63
ATOM,1660.0,HG12,VAL,107.0,1.264,20.581,-8.681,0.09,1.32,0.0
ATOM,1661.0,HG13,VAL,107.0,1.459,18.829,-8.714,0.09,1.32,0.0
ATOM,1662.0,HG21,VAL,107.0,0.705,21.066,-12.256,0.09,1.32,0.0
ATOM,1663.0,HG22,VAL,107.0,0.501,21.783,-10.657,0.09,1.32,0.0
ATOM,1664.0,HG23,VAL,107.0,2.119,21.453,-11.275,0.09,1.32,2.13
ATOM,1665.0,N,ILE,108.0,0.836,16.683,-10.671,-0.47,1.85,0.0
ATOM,1666.0,CA,ILE,108.0,0.886,15.344,-10.01,0.07,2.275,0.0
ATOM,1667.0,C,ILE,108.0,1.616,14.358,-10.924,0.51,2.0,0.0
ATOM,1668.0,O,ILE,108.0,2.411,13.554,-10.479,-0.51,1.7,0.0
ATOM,1669.0,CB,ILE,108.0,-0.539,14.839,-9.762,-0.09,2.275,0.0
ATOM,1670.0,CG1,ILE,108.0,-1.31,15.846,-8.881,-0.18,2.175,0.36
ATOM,1671.0,CG2,ILE,108.0,-0.491,13.453,-9.08,-0.27,2.06,0.2
ATOM,1672.0,CD1,ILE,108.0,-0.61,16.059,-7.531,-0.27,2.06,3.44
ATOM,1673.0,H,ILE,108.0,-0.018,17.045,-10.981,0.31,0.2245,0.0
ATOM,1674.0,HA,ILE,108.0,1.417,15.417,-9.073,0.09,1.32,0.0
ATOM,1675.0,HB,ILE,108.0,-1.044,14.745,-10.714,0.09,1.32,0.55
ATOM,1676.0,HG12,ILE,108.0,-1.372,16.793,-9.4,0.09,1.32,0.0
ATOM,1677.0,HG13,ILE,108.0,-2.309,15.472,-8.709,0.09,1.32,0.0
ATOM,1678.0,HG21,ILE,108.0,0.408,13.365,-8.485,0.09,1.32,0.0
ATOM,1679.0,HG22,ILE,108.0,-1.355,13.327,-8.443,0.09,1.32,0.0
ATOM,1680.0,HG23,ILE,108.0,-0.489,12.681,-9.835,0.09,1.32,2.18
ATOM,1681.0,HD11,ILE,108.0,-0.228,15.124,-7.159,0.09,1.32,0.37
ATOM,1682.0,HD12,ILE,108.0,0.201,16.759,-7.652,0.09,1.32,0.0
ATOM,1683.0,HD13,ILE,108.0,-1.319,16.457,-6.819,0.09,1.32,0.03
ATOM,1684.0,N,GLU,109.0,1.361,14.425,-12.2,-0.47,1.85,0.3
ATOM,1685.0,CA,GLU,109.0,2.055,13.511,-13.149,0.07,2.275,1.18
ATOM,1686.0,C,GLU,109.0,3.546,13.838,-13.139,0.51,2.0,0.0
ATOM,1687.0,O,GLU,109.0,4.391,12.966,-13.2,-0.51,1.7,0.0
ATOM,1688.0,CB,GLU,109.0,1.496,13.707,-14.56,-0.18,2.175,0.5
ATOM,1689.0,CG,GLU,109.0,2.174,12.731,-15.528,-0.28,2.175,6.22
ATOM,1690.0,CD,GLU,109.0,1.607,12.939,-16.933,0.62,2.0,3.61
ATOM,1691.0,OE1,GLU,109.0,0.632,13.662,-17.053,-0.76,1.7,6.32
ATOM,1692.0,OE2,GLU,109.0,2.157,12.376,-17.864,-0.76,1.7,47.06
ATOM,1693.0,H,GLU,109.0,0.735,15.103,-12.532,0.31,0.2245,0.0
ATOM,1694.0,HA,GLU,109.0,1.905,12.485,-12.838,0.09,1.32,0.03
ATOM,1695.0,HB2,GLU,109.0,0.431,13.524,-14.555,0.09,1.32,0.0
ATOM,1696.0,HB3,GLU,109.0,1.686,14.72,-14.882,0.09,1.32,0.13
ATOM,1697.0,HG2,GLU,109.0,3.24,12.911,-15.538,0.09,1.32,1.77
ATOM,1698.0,HG3,GLU,109.0,1.983,11.718,-15.212,0.09,1.32,10.16
ATOM,1699.0,N,GLY,110.0,3.868,15.102,-13.076,-0.47,1.85,0.23
ATOM,1700.0,CA,GLY,110.0,5.299,15.517,-13.075,-0.02,2.175,14.08
ATOM,1701.0,C,GLY,110.0,6.036,14.862,-11.904,0.51,2.0,0.9
ATOM,1702.0,O,GLY,110.0,7.09,14.283,-12.078,-0.51,1.7,6.18
ATOM,1703.0,H,GLY,110.0,3.16,15.777,-13.035,0.31,0.2245,0.0
ATOM,1704.0,HA2,GLY,110.0,5.76,15.212,-14.004,0.09,1.32,7.79
ATOM,1705.0,HA3,GLY,110.0,5.362,16.59,-12.978,0.09,1.32,7.62
ATOM,1706.0,N,GLN,111.0,5.503,14.939,-10.711,-0.47,1.85,0.0
ATOM,1707.0,CA,GLN,111.0,6.21,14.304,-9.562,0.07,2.275,0.01
ATOM,1708.0,C,GLN,111.0,6.202,12.786,-9.739,0.51,2.0,0.0
ATOM,1709.0,O,GLN,111.0,7.232,12.15,-9.702,-0.51,1.7,0.0
ATOM,1710.0,CB,GLN,111.0,5.519,14.661,-8.244,-0.18,2.175,3.48
ATOM,1711.0,CG,GLN,111.0,5.537,16.179,-8.036,-0.18,2.175,4.82
ATOM,1712.0,CD,GLN,111.0,6.983,16.668,-7.899,0.55,2.0,2.13
ATOM,1713.0,H,GLN,111.0,4.65,15.405,-10.575,0.31,0.2245,0.0
ATOM,1714.0,HA,GLN,111.0,7.23,14.652,-9.536,0.09,1.32,0.25
ATOM,1715.0,HB2,GLN,111.0,4.496,14.314,-8.269,0.09,1.32,0.16
ATOM,1716.0,HB3,GLN,111.0,6.041,14.183,-7.427,0.09,1.32,5.28
ATOM,1717.0,HG2,GLN,111.0,5.073,16.662,-8.883,0.09,1.32,0.0
ATOM,1718.0,HG3,GLN,111.0,4.991,16.424,-7.138,0.09,1.32,8.98
ATOM,1719.0,OE1,GLN,111.0,7.802,16.02,-7.278,-0.55,1.7,30.31
ATOM,1720.0,NE2,GLN,111.0,7.328,17.805,-8.44,-0.62,1.85,18.83
ATOM,1721.0,HE21,GLN,111.0,6.665,18.337,-8.928,0.32,0.2245,5.47
ATOM,1722.0,HE22,GLN,111.0,8.25,18.129,-8.355,0.3,0.2245,20.58
ATOM,1723.0,N,ALA,112.0,5.052,12.201,-9.945,-0.47,1.85,0.0
ATOM,1724.0,CA,ALA,112.0,4.998,10.724,-10.129,0.07,2.275,0.0
ATOM,1725.0,C,ALA,112.0,5.941,10.333,-11.266,0.51,2.0,0.0
ATOM,1726.0,O,ALA,112.0,6.634,9.337,-11.196,-0.51,1.7,0.0
ATOM,1727.0,CB,ALA,112.0,3.571,10.302,-10.482,-0.27,2.06,1.92
ATOM,1728.0,H,ALA,112.0,4.229,12.73,-9.977,0.31,0.2245,0.0
ATOM,1729.0,HA,ALA,112.0,5.307,10.233,-9.217,0.09,1.32,0.0
ATOM,1730.0,HB1,ALA,112.0,2.899,10.601,-9.691,0.09,1.32,0.0
ATOM,1731.0,HB2,ALA,112.0,3.273,10.776,-11.406,0.09,1.32,0.58
ATOM,1732.0,HB3,ALA,112.0,3.531,9.228,-10.601,0.09,1.32,1.01
ATOM,1733.0,N,SER,113.0,5.972,11.107,-12.314,-0.47,1.85,0.15
ATOM,1734.0,CA,SER,113.0,6.87,10.772,-13.452,0.07,2.275,0.32
ATOM,1735.0,C,SER,113.0,8.313,10.738,-12.95,0.51,2.0,0.0
ATOM,1736.0,O,SER,113.0,9.089,9.882,-13.325,-0.51,1.7,0.16
ATOM,1737.0,CB,SER,113.0,6.727,11.829,-14.547,0.05,2.175,10.56
ATOM,1738.0,OG,SER,113.0,7.57,11.489,-15.64,-0.66,1.77,31.29
ATOM,1739.0,H,SER,113.0,5.394,11.898,-12.355,0.31,0.2245,0.0
ATOM,1740.0,HA,SER,113.0,6.605,9.803,-13.846,0.09,1.32,0.06
ATOM,1741.0,HB2,SER,113.0,5.705,11.862,-14.886,0.09,1.32,0.55
ATOM,1742.0,HB3,SER,113.0,7.004,12.797,-14.151,0.09,1.32,1.16
ATOM,1743.0,HG,SER,113.0,8.305,10.895,-15.319,0.43,0.2245,6.45
ATOM,1744.0,N,ALA,114.0,8.679,11.654,-12.097,-0.47,1.85,0.4
ATOM,1745.0,CA,ALA,114.0,10.069,11.653,-11.565,0.07,2.275,1.91
ATOM,1746.0,C,ALA,114.0,10.294,10.375,-10.758,0.51,2.0,0.0
ATOM,1747.0,O,ALA,114.0,11.349,9.776,-10.808,-0.51,1.7,4.55
ATOM,1748.0,CB,ALA,114.0,10.289,12.869,-10.661,-0.27,2.06,21.71
ATOM,1749.0,H,ALA,114.0,8.039,12.333,-11.8,0.31,0.2245,0.0
ATOM,1750.0,HA,ALA,114.0,10.767,11.684,-12.387,0.09,1.32,0.0
ATOM,1751.0,HB1,ALA,114.0,9.903,13.754,-11.144,0.09,1.32,6.69
ATOM,1752.0,HB2,ALA,114.0,9.778,12.718,-9.72,0.09,1.32,1.15
ATOM,1753.0,HB3,ALA,114.0,11.348,12.992,-10.477,0.09,1.32,12.64
ATOM,1754.0,N,LEU,115.0,9.313,9.961,-10.0,-0.47,1.85,0.0
ATOM,1755.0,CA,LEU,115.0,9.481,8.731,-9.178,0.07,2.275,0.0
ATOM,1756.0,C,LEU,115.0,9.683,7.519,-10.095,0.51,2.0,0.0
ATOM,1757.0,O,LEU,115.0,10.477,6.648,-9.805,-0.51,1.7,0.0
ATOM,1758.0,CB,LEU,115.0,8.241,8.523,-8.301,-0.18,2.175,0.0
ATOM,1759.0,CG,LEU,115.0,7.986,9.77,-7.438,-0.09,2.275,0.0
ATOM,1760.0,CD1,LEU,115.0,6.823,9.496,-6.481,-0.27,2.06,5.62
ATOM,1761.0,CD2,LEU,115.0,9.244,10.132,-6.632,-0.27,2.06,24.4
ATOM,1762.0,H,LEU,115.0,8.473,10.465,-9.964,0.31,0.2245,0.0
ATOM,1763.0,HA,LEU,115.0,10.352,8.837,-8.551,0.09,1.32,0.1
ATOM,1764.0,HB2,LEU,115.0,7.382,8.342,-8.931,0.09,1.32,0.0
ATOM,1765.0,HB3,LEU,115.0,8.4,7.673,-7.655,0.09,1.32,0.0
ATOM,1766.0,HG,LEU,115.0,7.724,10.593,-8.08,0.09,1.32,0.0
ATOM,1767.0,HD11,LEU,115.0,7.055,8.638,-5.868,0.09,1.32,3.47
ATOM,1768.0,HD12,LEU,115.0,6.665,10.358,-5.849,0.09,1.32,7.16
ATOM,1769.0,HD13,LEU,115.0,5.929,9.302,-7.051,0.09,1.32,0.0
ATOM,1770.0,HD21,LEU,115.0,9.741,9.23,-6.313,0.09,1.32,1.69
ATOM,1771.0,HD22,LEU,115.0,9.914,10.709,-7.253,0.09,1.32,4.26
ATOM,1772.0,HD23,LEU,115.0,8.97,10.717,-5.766,0.09,1.32,11.11
ATOM,1773.0,N,GLU,116.0,8.973,7.432,-11.189,-0.47,1.85,0.0
ATOM,1774.0,CA,GLU,116.0,9.146,6.255,-12.091,0.07,2.275,0.08
ATOM,1775.0,C,GLU,116.0,10.592,6.191,-12.579,0.51,2.0,0.0
ATOM,1776.0,O,GLU,116.0,11.149,5.127,-12.754,-0.51,1.7,12.29
ATOM,1777.0,CB,GLU,116.0,8.211,6.387,-13.295,-0.18,2.175,6.5
ATOM,1778.0,CG,GLU,116.0,6.772,6.083,-12.875,-0.28,2.175,4.35
ATOM,1779.0,CD,GLU,116.0,5.852,6.218,-14.09,0.62,2.0,3.52
ATOM,1780.0,OE1,GLU,116.0,5.741,5.258,-14.835,-0.76,1.7,32.09
ATOM,1781.0,OE2,GLU,116.0,5.278,7.282,-14.258,-0.76,1.7,19.85
ATOM,1782.0,H,GLU,116.0,8.305,8.111,-11.421,0.31,0.2245,0.0
ATOM,1783.0,HA,GLU,116.0,8.91,5.351,-11.55,0.09,1.32,0.0
ATOM,1784.0,HB2,GLU,116.0,8.268,7.394,-13.683,0.09,1.32,0.77
ATOM,1785.0,HB3,GLU,116.0,8.513,5.69,-14.063,0.09,1.32,8.25
ATOM,1786.0,HG2,GLU,116.0,6.715,5.075,-12.49,0.09,1.32,0.06
ATOM,1787.0,HG3,GLU,116.0,6.462,6.78,-12.112,0.09,1.32,0.0
ATOM,1788.0,N,GLU,117.0,11.207,7.318,-12.801,-0.47,1.85,0.16
ATOM,1789.0,CA,GLU,117.0,12.617,7.299,-13.276,0.07,2.275,1.49
ATOM,1790.0,C,GLU,117.0,13.455,6.486,-12.288,0.51,2.0,0.04
ATOM,1791.0,O,GLU,117.0,14.532,6.023,-12.606,-0.51,1.7,23.25
ATOM,1792.0,CB,GLU,117.0,13.161,8.726,-13.354,-0.18,2.175,7.42
ATOM,1793.0,CG,GLU,117.0,12.47,9.475,-14.494,-0.28,2.175,9.09
ATOM,1794.0,CD,GLU,117.0,13.024,10.899,-14.579,0.62,2.0,3.71
ATOM,1795.0,OE1,GLU,117.0,12.704,11.691,-13.71,-0.76,1.7,21.28
ATOM,1796.0,OE2,GLU,117.0,13.764,11.17,-15.511,-0.76,1.7,46.24
ATOM,1797.0,H,GLU,117.0,10.744,8.169,-12.655,0.31,0.2245,0.0
ATOM,1798.0,HA,GLU,117.0,12.664,6.839,-14.253,0.09,1.32,11.14
ATOM,1799.0,HB2,GLU,117.0,12.972,9.235,-12.42,0.09,1.32,1.21
ATOM,1800.0,HB3,GLU,117.0,14.225,8.696,-13.538,0.09,1.32,10.42
ATOM,1801.0,HG2,GLU,117.0,12.652,8.96,-15.426,0.09,1.32,11.92
ATOM,1802.0,HG3,GLU,117.0,11.408,9.516,-14.306,0.09,1.32,0.0
ATOM,1803.0,N,LEU,118.0,12.976,6.32,-11.082,-0.47,1.85,0.0
ATOM,1804.0,CA,LEU,118.0,13.751,5.549,-10.07,0.07,2.275,0.0
ATOM,1805.0,C,LEU,118.0,13.908,4.104,-10.538,0.51,2.0,0.0
ATOM,1806.0,O,LEU,118.0,13.047,3.559,-11.2,-0.51,1.7,8.4
ATOM,1807.0,CB,LEU,118.0,12.996,5.545,-8.744,-0.18,2.175,0.0
ATOM,1808.0,CG,LEU,118.0,12.886,6.974,-8.203,-0.09,2.275,0.04
ATOM,1809.0,CD1,LEU,118.0,11.925,6.993,-7.012,-0.27,2.06,6.05
ATOM,1810.0,CD2,LEU,118.0,14.272,7.485,-7.763,-0.27,2.06,27.36
ATOM,1811.0,H,LEU,118.0,12.117,6.719,-10.827,0.31,0.2245,0.0
ATOM,1812.0,HA,LEU,118.0,14.72,6.0,-9.932,0.09,1.32,3.61
ATOM,1813.0,HB2,LEU,118.0,12.008,5.142,-8.904,0.09,1.32,0.0
ATOM,1814.0,HB3,LEU,118.0,13.52,4.927,-8.032,0.09,1.32,0.24
ATOM,1815.0,HG,LEU,118.0,12.497,7.616,-8.979,0.09,1.32,0.0
ATOM,1816.0,HD11,LEU,118.0,11.036,6.432,-7.255,0.09,1.32,0.0
ATOM,1817.0,HD12,LEU,118.0,12.405,6.553,-6.151,0.09,1.32,0.0
ATOM,1818.0,HD13,LEU,118.0,11.654,8.012,-6.793,0.09,1.32,1.3
ATOM,1819.0,HD21,LEU,118.0,14.844,6.676,-7.329,0.09,1.32,6.1
ATOM,1820.0,HD22,LEU,118.0,14.798,7.877,-8.621,0.09,1.32,9.09
ATOM,1821.0,HD23,LEU,118.0,14.155,8.272,-7.03,0.09,1.32,11.44
ATOM,1822.0,N,ASP,119.0,15.006,3.481,-10.202,-0.47,1.85,0.15
ATOM,1823.0,CA,ASP,119.0,15.237,2.066,-10.626,0.07,2.275,1.44
ATOM,1824.0,C,ASP,119.0,14.879,1.11,-9.476,0.51,2.0,1.83
ATOM,1825.0,O,ASP,119.0,15.573,0.141,-9.233,-0.51,1.7,18.52
ATOM,1826.0,CB,ASP,119.0,16.722,1.905,-11.0,-0.28,2.175,13.24
ATOM,1827.0,CG,ASP,119.0,16.889,0.772,-12.02,0.62,2.0,4.88
ATOM,1828.0,OD1,ASP,119.0,16.326,-0.287,-11.798,-0.76,1.7,31.97
ATOM,1829.0,OD2,ASP,119.0,17.575,0.987,-13.006,-0.76,1.7,47.58
ATOM,1830.0,H,ASP,119.0,15.685,3.946,-9.669,0.31,0.2245,9.13
ATOM,1831.0,HA,ASP,119.0,14.622,1.838,-11.486,0.09,1.32,7.01
ATOM,1832.0,HB2,ASP,119.0,17.081,2.829,-11.431,0.09,1.32,9.54
ATOM,1833.0,HB3,ASP,119.0,17.3,1.678,-10.115,0.09,1.32,10.82
ATOM,1834.0,N,ASP,120.0,13.805,1.377,-8.765,-0.47,1.85,1.79
ATOM,1835.0,CA,ASP,120.0,13.403,0.488,-7.622,0.07,2.275,0.66
ATOM,1836.0,C,ASP,120.0,11.91,0.137,-7.721,0.51,2.0,1.83
ATOM,1837.0,O,ASP,120.0,11.071,0.987,-7.941,-0.51,1.7,0.48
ATOM,1838.0,CB,ASP,120.0,13.67,1.216,-6.3,-0.28,2.175,1.9
ATOM,1839.0,CG,ASP,120.0,13.455,0.255,-5.129,0.62,2.0,2.72
ATOM,1840.0,OD1,ASP,120.0,12.799,-0.754,-5.328,-0.76,1.7,9.71
ATOM,1841.0,OD2,ASP,120.0,13.952,0.544,-4.052,-0.76,1.7,25.29
ATOM,1842.0,H,ASP,120.0,13.267,2.168,-8.978,0.31,0.2245,0.0
ATOM,1843.0,HA,ASP,120.0,13.979,-0.427,-7.642,0.09,1.32,4.6
ATOM,1844.0,HB2,ASP,120.0,14.69,1.574,-6.288,0.09,1.32,9.71
ATOM,1845.0,HB3,ASP,120.0,12.995,2.053,-6.207,0.09,1.32,0.0
ATOM,1846.0,N,GLU,121.0,11.59,-1.119,-7.544,-0.47,1.85,0.35
ATOM,1847.0,CA,GLU,121.0,10.163,-1.571,-7.605,0.07,2.275,0.47
ATOM,1848.0,C,GLU,121.0,9.385,-1.054,-6.389,0.51,2.0,0.14
ATOM,1849.0,O,GLU,121.0,8.198,-0.806,-6.457,-0.51,1.7,0.53
ATOM,1850.0,CB,GLU,121.0,10.11,-3.103,-7.614,-0.18,2.175,5.44
ATOM,1851.0,CG,GLU,121.0,10.638,-3.63,-8.949,-0.28,2.175,13.1
ATOM,1852.0,CD,GLU,121.0,10.595,-5.16,-8.944,0.62,2.0,5.68
ATOM,1853.0,OE1,GLU,121.0,10.364,-5.721,-7.886,-0.76,1.7,27.62
ATOM,1854.0,OE2,GLU,121.0,10.787,-5.743,-9.998,-0.76,1.7,47.61
ATOM,1855.0,H,GLU,121.0,12.301,-1.764,-7.35,0.31,0.2245,3.73
ATOM,1856.0,HA,GLU,121.0,9.708,-1.192,-8.507,0.09,1.32,0.46
ATOM,1857.0,HB2,GLU,121.0,10.72,-3.487,-6.811,0.09,1.32,7.7
ATOM,1858.0,HB3,GLU,121.0,9.09,-3.43,-7.478,0.09,1.32,4.78
ATOM,1859.0,HG2,GLU,121.0,10.026,-3.255,-9.753,0.09,1.32,8.77
ATOM,1860.0,HG3,GLU,121.0,11.658,-3.299,-9.088,0.09,1.32,8.7
ATOM,1861.0,N,TYR,122.0,10.054,-0.884,-5.281,-0.47,1.85,0.73
ATOM,1862.0,CA,TYR,122.0,9.384,-0.383,-4.042,0.07,2.275,1.88
ATOM,1863.0,C,TYR,122.0,9.035,1.108,-4.181,0.51,2.0,0.0
ATOM,1864.0,O,TYR,122.0,7.976,1.554,-3.77,-0.51,1.7,0.0
ATOM,1865.0,CB,TYR,122.0,10.358,-0.608,-2.867,-0.18,2.175,10.5
ATOM,1866.0,CG,TYR,122.0,10.098,0.358,-1.727,0.0,1.9924,0.51
ATOM,1867.0,CD1,TYR,122.0,8.849,0.369,-1.077,-0.115,1.9924,8.96
ATOM,1868.0,CD2,TYR,122.0,11.116,1.244,-1.311,-0.115,1.9924,8.64
ATOM,1869.0,CE1,TYR,122.0,8.619,1.263,-0.014,-0.115,1.9924,8.96
ATOM,1870.0,CE2,TYR,122.0,10.882,2.135,-0.25,-0.115,1.9924,10.07
ATOM,1871.0,CZ,TYR,122.0,9.636,2.141,0.396,0.11,1.9924,1.81
ATOM,1872.0,OH,TYR,122.0,9.412,3.009,1.434,-0.54,1.77,11.18
ATOM,1873.0,H,TYR,122.0,11.018,-1.059,-5.26,0.31,0.2245,0.06
ATOM,1874.0,HA,TYR,122.0,8.478,-0.948,-3.871,0.09,1.32,2.91
ATOM,1875.0,HB2,TYR,122.0,10.243,-1.618,-2.502,0.09,1.32,13.83
ATOM,1876.0,HB3,TYR,122.0,11.369,-0.478,-3.224,0.09,1.32,0.0
ATOM,1877.0,HD1,TYR,122.0,8.07,-0.306,-1.394,0.115,1.3582,9.81
ATOM,1878.0,HD2,TYR,122.0,12.074,1.243,-1.812,0.115,1.3582,3.32
ATOM,1879.0,HE1,TYR,122.0,7.66,1.279,0.487,0.115,1.3582,12.53
ATOM,1880.0,HE2,TYR,122.0,11.659,2.814,0.07,0.115,1.3582,13.13
ATOM,1881.0,HH,TYR,122.0,8.716,2.626,2.04,0.43,0.2245,17.65
ATOM,1882.0,N,LEU,123.0,9.908,1.878,-4.763,-0.47,1.85,0.0
ATOM,1883.0,CA,LEU,123.0,9.62,3.328,-4.928,0.07,2.275,0.24
ATOM,1884.0,C,LEU,123.0,8.576,3.496,-6.032,0.51,2.0,0.0
ATOM,1885.0,O,LEU,123.0,7.735,4.371,-5.985,-0.51,1.7,0.72
ATOM,1886.0,CB,LEU,123.0,10.915,4.065,-5.296,-0.18,2.175,0.0
ATOM,1887.0,CG,LEU,123.0,11.97,3.804,-4.209,-0.09,2.275,0.0
ATOM,1888.0,CD1,LEU,123.0,13.305,4.466,-4.598,-0.27,2.06,13.33
ATOM,1889.0,CD2,LEU,123.0,11.479,4.363,-2.858,-0.27,2.06,7.31
ATOM,1890.0,H,LEU,123.0,10.742,1.501,-5.114,0.31,0.2245,0.0
ATOM,1891.0,HA,LEU,123.0,9.226,3.725,-4.005,0.09,1.32,0.0
ATOM,1892.0,HB2,LEU,123.0,11.278,3.708,-6.248,0.09,1.32,0.0
ATOM,1893.0,HB3,LEU,123.0,10.721,5.125,-5.356,0.09,1.32,1.19
ATOM,1894.0,HG,LEU,123.0,12.12,2.737,-4.12,0.09,1.32,0.0
ATOM,1895.0,HD11,LEU,123.0,13.443,4.41,-5.669,0.09,1.32,0.0
ATOM,1896.0,HD12,LEU,123.0,13.304,5.501,-4.289,0.09,1.32,7.03
ATOM,1897.0,HD13,LEU,123.0,14.116,3.948,-4.106,0.09,1.32,9.58
ATOM,1898.0,HD21,LEU,123.0,10.903,5.261,-3.019,0.09,1.32,6.34
ATOM,1899.0,HD22,LEU,123.0,10.861,3.628,-2.369,0.09,1.32,0.0
ATOM,1900.0,HD23,LEU,123.0,12.327,4.59,-2.226,0.09,1.32,9.69
ATOM,1901.0,N,LYS,124.0,8.633,2.655,-7.029,-0.47,1.85,0.0
ATOM,1902.0,CA,LYS,124.0,7.656,2.743,-8.149,0.07,2.275,0.0
ATOM,1903.0,C,LYS,124.0,6.226,2.515,-7.635,0.51,2.0,0.0
ATOM,1904.0,O,LYS,124.0,5.308,3.202,-8.033,-0.51,1.7,0.68
ATOM,1905.0,CB,LYS,124.0,8.019,1.691,-9.201,-0.18,2.175,0.0
ATOM,1906.0,CG,LYS,124.0,7.034,1.752,-10.37,-0.18,2.175,2.15
ATOM,1907.0,CD,LYS,124.0,7.464,0.752,-11.452,-0.18,2.175,5.78
ATOM,1908.0,CE,LYS,124.0,6.388,0.66,-12.549,0.21,2.175,13.78
ATOM,1909.0,NZ,LYS,124.0,7.04,0.369,-13.859,-0.3,1.85,11.46
ATOM,1910.0,H,LYS,124.0,9.324,1.961,-7.04,0.31,0.2245,0.0
ATOM,1911.0,HA,LYS,124.0,7.717,3.723,-8.594,0.09,1.32,0.0
ATOM,1912.0,HB2,LYS,124.0,9.019,1.881,-9.566,0.09,1.32,0.54
ATOM,1913.0,HB3,LYS,124.0,7.981,0.711,-8.754,0.09,1.32,0.19
ATOM,1914.0,HG2,LYS,124.0,6.044,1.499,-10.02,0.09,1.32,3.48
ATOM,1915.0,HG3,LYS,124.0,7.025,2.748,-10.786,0.09,1.32,0.0
ATOM,1916.0,HD2,LYS,124.0,8.395,1.079,-11.892,0.09,1.32,7.32
ATOM,1917.0,HD3,LYS,124.0,7.604,-0.222,-11.004,0.09,1.32,6.31
ATOM,1918.0,HE2,LYS,124.0,5.694,-0.134,-12.31,0.05,1.32,14.82
ATOM,1919.0,HE3,LYS,124.0,5.851,1.596,-12.618,0.05,1.32,5.42
ATOM,1920.0,HZ1,LYS,124.0,7.583,-0.515,-13.788,0.33,0.2245,18.86
ATOM,1921.0,HZ2,LYS,124.0,6.311,0.271,-14.594,0.33,0.2245,21.62
ATOM,1922.0,HZ3,LYS,124.0,7.679,1.15,-14.11,0.33,0.2245,13.85
ATOM,1923.0,N,GLU,125.0,6.017,1.564,-6.758,-0.47,1.85,0.0
ATOM,1924.0,CA,GLU,125.0,4.627,1.332,-6.244,0.07,2.275,0.01
ATOM,1925.0,C,GLU,125.0,4.115,2.591,-5.545,0.51,2.0,0.18
ATOM,1926.0,O,GLU,125.0,2.992,3.01,-5.751,-0.51,1.7,0.44
ATOM,1927.0,CB,GLU,125.0,4.601,0.169,-5.249,-0.18,2.175,2.77
ATOM,1928.0,CG,GLU,125.0,4.808,-1.157,-5.981,-0.28,2.175,8.35
ATOM,1929.0,CD,GLU,125.0,4.648,-2.308,-4.985,0.62,2.0,0.78
ATOM,1930.0,OE1,GLU,125.0,4.367,-2.029,-3.831,-0.76,1.7,28.67
ATOM,1931.0,OE2,GLU,125.0,4.8,-3.448,-5.394,-0.76,1.7,8.7
ATOM,1932.0,H,GLU,125.0,6.763,1.013,-6.442,0.31,0.2245,0.0
ATOM,1933.0,HA,GLU,125.0,3.976,1.104,-7.075,0.09,1.32,1.96
ATOM,1934.0,HB2,GLU,125.0,5.387,0.304,-4.522,0.09,1.32,0.0
ATOM,1935.0,HB3,GLU,125.0,3.646,0.153,-4.744,0.09,1.32,9.93
ATOM,1936.0,HG2,GLU,125.0,4.073,-1.254,-6.768,0.09,1.32,11.51
ATOM,1937.0,HG3,GLU,125.0,5.799,-1.186,-6.406,0.09,1.32,0.46
ATOM,1938.0,N,ARG,126.0,4.921,3.211,-4.727,-0.47,1.85,0.0
ATOM,1939.0,CA,ARG,126.0,4.444,4.446,-4.041,0.07,2.275,0.29
ATOM,1940.0,C,ARG,126.0,4.08,5.478,-5.105,0.51,2.0,0.0
ATOM,1941.0,O,ARG,126.0,3.122,6.213,-4.966,-0.51,1.7,0.18
ATOM,1942.0,CB,ARG,126.0,5.534,4.983,-3.091,-0.18,2.175,1.82
ATOM,1943.0,CG,ARG,126.0,5.384,4.319,-1.709,-0.18,2.175,7.77
ATOM,1944.0,CD,ARG,126.0,6.702,4.389,-0.932,0.2,2.175,2.05
ATOM,1945.0,NE,ARG,126.0,7.086,5.812,-0.715,-0.7,1.85,5.29
ATOM,1946.0,CZ,ARG,126.0,8.026,6.113,0.142,0.64,2.0,1.77
ATOM,1947.0,NH1,ARG,126.0,8.591,5.174,0.847,-0.8,1.85,8.54
ATOM,1948.0,NH2,ARG,126.0,8.396,7.354,0.3,-0.8,1.85,26.12
ATOM,1949.0,H,ARG,126.0,5.831,2.871,-4.571,0.31,0.2245,0.0
ATOM,1950.0,HA,ARG,126.0,3.553,4.208,-3.476,0.09,1.32,0.17
ATOM,1951.0,HB2,ARG,126.0,6.509,4.756,-3.498,0.09,1.32,0.06
ATOM,1952.0,HB3,ARG,126.0,5.429,6.054,-2.985,0.09,1.32,3.16
ATOM,1953.0,HG2,ARG,126.0,4.618,4.838,-1.152,0.09,1.32,11.58
ATOM,1954.0,HG3,ARG,126.0,5.096,3.285,-1.832,0.09,1.32,6.67
ATOM,1955.0,HD2,ARG,126.0,6.58,3.905,0.024,0.09,1.32,5.51
ATOM,1956.0,HD3,ARG,126.0,7.476,3.883,-1.491,0.09,1.32,0.0
ATOM,1957.0,HE,ARG,126.0,6.643,6.52,-1.225,0.44,0.2245,6.19
ATOM,1958.0,HH11,ARG,126.0,8.306,4.222,0.733,0.46,0.2245,0.0
ATOM,1959.0,HH12,ARG,126.0,9.311,5.405,1.502,0.46,0.2245,13.16
ATOM,1960.0,HH21,ARG,126.0,7.962,8.077,-0.234,0.46,0.2245,18.28
ATOM,1961.0,HH22,ARG,126.0,9.117,7.581,0.955,0.46,0.2245,17.92
ATOM,1962.0,N,ALA,127.0,4.814,5.518,-6.18,-0.47,1.85,0.0
ATOM,1963.0,CA,ALA,127.0,4.479,6.477,-7.263,0.07,2.275,0.0
ATOM,1964.0,C,ALA,127.0,3.08,6.139,-7.781,0.51,2.0,0.12
ATOM,1965.0,O,ALA,127.0,2.369,6.984,-8.286,-0.51,1.7,0.82
ATOM,1966.0,CB,ALA,127.0,5.498,6.35,-8.398,-0.27,2.06,1.72
ATOM,1967.0,H,ALA,127.0,5.568,4.901,-6.285,0.31,0.2245,0.0
ATOM,1968.0,HA,ALA,127.0,4.488,7.483,-6.872,0.09,1.32,0.0
ATOM,1969.0,HB1,ALA,127.0,6.495,6.409,-7.993,0.09,1.32,0.0
ATOM,1970.0,HB2,ALA,127.0,5.37,5.399,-8.892,0.09,1.32,1.25
ATOM,1971.0,HB3,ALA,127.0,5.35,7.149,-9.11,0.09,1.32,0.0
ATOM,1972.0,N,ALA,128.0,2.677,4.903,-7.638,-0.47,1.85,0.26
ATOM,1973.0,CA,ALA,128.0,1.316,4.498,-8.094,0.07,2.275,2.83
ATOM,1974.0,C,ALA,128.0,0.278,5.13,-7.164,0.51,2.0,0.09
ATOM,1975.0,O,ALA,128.0,-0.762,5.591,-7.593,-0.51,1.7,4.05
ATOM,1976.0,CB,ALA,128.0,1.191,2.973,-8.052,-0.27,2.06,27.05
ATOM,1977.0,H,ALA,128.0,3.266,4.248,-7.208,0.31,0.2245,0.0
ATOM,1978.0,HA,ALA,128.0,1.155,4.847,-9.104,0.09,1.32,2.94
ATOM,1979.0,HB1,ALA,128.0,2.093,2.528,-8.443,0.09,1.32,3.91
ATOM,1980.0,HB2,ALA,128.0,1.044,2.649,-7.031,0.09,1.32,2.17
ATOM,1981.0,HB3,ALA,128.0,0.347,2.664,-8.652,0.09,1.32,14.51
ATOM,1982.0,N,ASP,129.0,0.561,5.152,-5.886,-0.47,1.85,0.0
ATOM,1983.0,CA,ASP,129.0,-0.4,5.754,-4.918,0.07,2.275,0.47
ATOM,1984.0,C,ASP,129.0,-0.501,7.256,-5.172,0.51,2.0,0.0
ATOM,1985.0,O,ASP,129.0,-1.572,7.833,-5.123,-0.51,1.7,0.44
ATOM,1986.0,CB,ASP,129.0,0.085,5.505,-3.483,-0.28,2.175,2.24
ATOM,1987.0,CG,ASP,129.0,-0.06,4.017,-3.153,0.62,2.0,0.03
ATOM,1988.0,OD1,ASP,129.0,-0.548,3.291,-4.004,-0.76,1.7,5.75
ATOM,1989.0,OD2,ASP,129.0,0.324,3.629,-2.062,-0.76,1.7,22.33
ATOM,1990.0,H,ASP,129.0,1.407,4.775,-5.568,0.31,0.2245,0.0
ATOM,1991.0,HA,ASP,129.0,-1.369,5.302,-5.05,0.09,1.32,1.06
ATOM,1992.0,HB2,ASP,129.0,1.126,5.792,-3.399,0.09,1.32,0.9
ATOM,1993.0,HB3,ASP,129.0,-0.505,6.085,-2.792,0.09,1.32,0.0
ATOM,1994.0,N,VAL,130.0,0.602,7.892,-5.455,-0.47,1.85,0.0
ATOM,1995.0,CA,VAL,130.0,0.567,9.359,-5.718,0.07,2.275,0.0
ATOM,1996.0,C,VAL,130.0,-0.172,9.608,-7.037,0.51,2.0,0.0
ATOM,1997.0,O,VAL,130.0,-0.962,10.525,-7.154,-0.51,1.7,0.0
ATOM,1998.0,CB,VAL,130.0,2.005,9.897,-5.798,-0.09,2.275,0.0
ATOM,1999.0,CG1,VAL,130.0,1.99,11.342,-6.294,-0.27,2.06,1.63
ATOM,2000.0,CG2,VAL,130.0,2.636,9.843,-4.402,-0.27,2.06,12.48
ATOM,2001.0,H,VAL,130.0,1.45,7.404,-5.494,0.31,0.2245,0.0
ATOM,2002.0,HA,VAL,130.0,0.043,9.854,-4.915,0.09,1.32,0.0
ATOM,2003.0,HB,VAL,130.0,2.588,9.297,-6.48,0.09,1.32,0.0
ATOM,2004.0,HG11,VAL,130.0,1.265,11.907,-5.728,0.09,1.32,0.02
ATOM,2005.0,HG12,VAL,130.0,2.97,11.774,-6.163,0.09,1.32,2.07
ATOM,2006.0,HG13,VAL,130.0,1.727,11.364,-7.342,0.09,1.32,0.0
ATOM,2007.0,HG21,VAL,130.0,2.425,8.886,-3.949,0.09,1.32,2.14
ATOM,2008.0,HG22,VAL,130.0,3.706,9.974,-4.483,0.09,1.32,3.0
ATOM,2009.0,HG23,VAL,130.0,2.223,10.631,-3.79,0.09,1.32,0.0
ATOM,2010.0,N,ARG,131.0,0.061,8.784,-8.019,-0.47,1.85,0.0
ATOM,2011.0,CA,ARG,131.0,-0.638,8.943,-9.329,0.07,2.275,0.0
ATOM,2012.0,C,ARG,131.0,-2.151,8.832,-9.115,0.51,2.0,0.0
ATOM,2013.0,O,ARG,131.0,-2.934,9.538,-9.718,-0.51,1.7,1.07
ATOM,2014.0,CB,ARG,131.0,-0.19,7.839,-10.283,-0.18,2.175,0.02
ATOM,2015.0,CG,ARG,131.0,-0.769,8.097,-11.675,-0.18,2.175,2.95
ATOM,2016.0,CD,ARG,131.0,-0.373,6.957,-12.611,0.2,2.175,3.12
ATOM,2017.0,NE,ARG,131.0,-0.841,7.275,-13.991,-0.7,1.85,3.05
ATOM,2018.0,CZ,ARG,131.0,-0.453,6.546,-15.002,0.64,2.0,3.51
ATOM,2019.0,NH1,ARG,131.0,0.295,5.495,-14.802,-0.8,1.85,19.24
ATOM,2020.0,NH2,ARG,131.0,-0.825,6.859,-16.212,-0.8,1.85,27.58
ATOM,2021.0,H,ARG,131.0,0.69,8.041,-7.895,0.31,0.2245,0.0
ATOM,2022.0,HA,ARG,131.0,-0.401,9.908,-9.753,0.09,1.32,0.0
ATOM,2023.0,HB2,ARG,131.0,0.89,7.824,-10.337,0.09,1.32,0.26
ATOM,2024.0,HB3,ARG,131.0,-0.545,6.886,-9.921,0.09,1.32,0.77
ATOM,2025.0,HG2,ARG,131.0,-1.845,8.156,-11.612,0.09,1.32,0.0
ATOM,2026.0,HG3,ARG,131.0,-0.379,9.029,-12.059,0.09,1.32,3.46
ATOM,2027.0,HD2,ARG,131.0,0.697,6.843,-12.616,0.09,1.32,4.06
ATOM,2028.0,HD3,ARG,131.0,-0.828,6.037,-12.266,0.09,1.32,11.01
ATOM,2029.0,HE,ARG,131.0,-1.426,8.046,-14.142,0.44,0.2245,2.67
ATOM,2030.0,HH11,ARG,131.0,0.571,5.246,-13.873,0.46,0.2245,9.99
ATOM,2031.0,HH12,ARG,131.0,0.59,4.936,-15.577,0.46,0.2245,18.59
ATOM,2032.0,HH21,ARG,131.0,-1.407,7.658,-16.365,0.46,0.2245,14.43
ATOM,2033.0,HH22,ARG,131.0,-0.528,6.302,-16.987,0.46,0.2245,18.13
ATOM,2034.0,N,ASP,132.0,-2.559,7.921,-8.275,-0.47,1.85,0.14
ATOM,2035.0,CA,ASP,132.0,-4.014,7.715,-8.016,0.07,2.275,1.74
ATOM,2036.0,C,ASP,132.0,-4.638,8.997,-7.467,0.51,2.0,0.0
ATOM,2037.0,O,ASP,132.0,-5.755,9.345,-7.798,-0.51,1.7,0.0
ATOM,2038.0,CB,ASP,132.0,-4.178,6.588,-6.993,-0.28,2.175,2.09
ATOM,2039.0,CG,ASP,132.0,-5.665,6.356,-6.718,0.62,2.0,0.0
ATOM,2040.0,OD1,ASP,132.0,-6.299,5.697,-7.522,-0.76,1.7,4.26
ATOM,2041.0,OD2,ASP,132.0,-6.143,6.843,-5.705,-0.76,1.7,1.51
ATOM,2042.0,H,ASP,132.0,-1.901,7.354,-7.821,0.31,0.2245,0.0
ATOM,2043.0,HA,ASP,132.0,-4.51,7.437,-8.934,0.09,1.32,0.18
ATOM,2044.0,HB2,ASP,132.0,-3.739,5.682,-7.387,0.09,1.32,3.22
ATOM,2045.0,HB3,ASP,132.0,-3.68,6.861,-6.076,0.09,1.32,0.65
ATOM,2046.0,N,ILE,133.0,-3.944,9.691,-6.613,-0.47,1.85,0.0
ATOM,2047.0,CA,ILE,133.0,-4.517,10.937,-6.031,0.07,2.275,0.0
ATOM,2048.0,C,ILE,133.0,-4.836,11.934,-7.147,0.51,2.0,0.0
ATOM,2049.0,O,ILE,133.0,-5.891,12.536,-7.166,-0.51,1.7,1.69
ATOM,2050.0,CB,ILE,133.0,-3.505,11.557,-5.06,-0.09,2.275,0.0
ATOM,2051.0,CG1,ILE,133.0,-3.308,10.609,-3.865,-0.18,2.175,1.6
ATOM,2052.0,CG2,ILE,133.0,-4.029,12.915,-4.567,-0.27,2.06,1.1
ATOM,2053.0,CD1,ILE,133.0,-2.122,11.071,-2.999,-0.27,2.06,0.0
ATOM,2054.0,H,ILE,133.0,-3.051,9.39,-6.344,0.31,0.2245,0.0
ATOM,2055.0,HA,ILE,133.0,-5.422,10.695,-5.498,0.09,1.32,1.21
ATOM,2056.0,HB,ILE,133.0,-2.564,11.7,-5.572,0.09,1.32,0.05
ATOM,2057.0,HG12,ILE,133.0,-4.207,10.601,-3.264,0.09,1.32,4.25
ATOM,2058.0,HG13,ILE,133.0,-3.116,9.61,-4.23,0.09,1.32,0.19
ATOM,2059.0,HG21,ILE,133.0,-5.045,12.805,-4.219,0.09,1.32,0.83
ATOM,2060.0,HG22,ILE,133.0,-3.409,13.272,-3.759,0.09,1.32,0.2
ATOM,2061.0,HG23,ILE,133.0,-4.001,13.628,-5.377,0.09,1.32,0.0
ATOM,2062.0,HD11,ILE,133.0,-1.361,11.518,-3.623,0.09,1.32,0.03
ATOM,2063.0,HD12,ILE,133.0,-2.462,11.793,-2.272,0.09,1.32,0.0
ATOM,2064.0,HD13,ILE,133.0,-1.703,10.219,-2.483,0.09,1.32,0.0
ATOM,2065.0,N,GLY,134.0,-3.939,12.118,-8.076,-0.47,1.85,0.0
ATOM,2066.0,CA,GLY,134.0,-4.2,13.085,-9.184,-0.02,2.175,1.09
ATOM,2067.0,C,GLY,134.0,-5.259,12.526,-10.138,0.51,2.0,0.0
ATOM,2068.0,O,GLY,134.0,-6.043,13.26,-10.707,-0.51,1.7,0.48
ATOM,2069.0,H,GLY,134.0,-3.093,11.621,-8.051,0.31,0.2245,0.0
ATOM,2070.0,HA2,GLY,134.0,-4.552,14.016,-8.767,0.09,1.32,0.0
ATOM,2071.0,HA3,GLY,134.0,-3.287,13.259,-9.732,0.09,1.32,0.67
ATOM,2072.0,N,LYS,135.0,-5.27,11.238,-10.336,-0.47,1.85,1.56
ATOM,2073.0,CA,LYS,135.0,-6.263,10.626,-11.268,0.07,2.275,1.58
ATOM,2074.0,C,LYS,135.0,-7.687,10.941,-10.782,0.51,2.0,0.0
ATOM,2075.0,O,LYS,135.0,-8.544,11.362,-11.54,-0.51,1.7,0.0
ATOM,2076.0,CB,LYS,135.0,-6.039,9.107,-11.28,-0.18,2.175,0.83
ATOM,2077.0,CG,LYS,135.0,-6.608,8.487,-12.565,-0.18,2.175,0.07
ATOM,2078.0,CD,LYS,135.0,-6.394,6.963,-12.532,-0.18,2.175,1.59
ATOM,2079.0,CE,LYS,135.0,-6.383,6.399,-13.957,0.21,2.175,12.23
ATOM,2080.0,NZ,LYS,135.0,-6.528,4.915,-13.904,-0.3,1.85,12.76
ATOM,2081.0,H,LYS,135.0,-4.618,10.67,-9.875,0.31,0.2245,0.0
ATOM,2082.0,HA,LYS,135.0,-6.121,11.026,-12.263,0.09,1.32,0.32
ATOM,2083.0,HB2,LYS,135.0,-4.98,8.905,-11.227,0.09,1.32,0.0
ATOM,2084.0,HB3,LYS,135.0,-6.528,8.663,-10.424,0.09,1.32,0.0
ATOM,2085.0,HG2,LYS,135.0,-7.665,8.704,-12.635,0.09,1.32,0.0
ATOM,2086.0,HG3,LYS,135.0,-6.096,8.905,-13.42,0.09,1.32,6.98
ATOM,2087.0,HD2,LYS,135.0,-5.452,6.737,-12.053,0.09,1.32,3.34
ATOM,2088.0,HD3,LYS,135.0,-7.197,6.503,-11.975,0.09,1.32,3.88
ATOM,2089.0,HE2,LYS,135.0,-7.2,6.822,-14.521,0.05,1.32,5.52
ATOM,2090.0,HE3,LYS,135.0,-5.447,6.651,-14.435,0.05,1.32,6.08
ATOM,2091.0,HZ1,LYS,135.0,-5.743,4.508,-13.358,0.33,0.2245,19.07
ATOM,2092.0,HZ2,LYS,135.0,-7.431,4.672,-13.447,0.33,0.2245,7.04
ATOM,2093.0,HZ3,LYS,135.0,-6.513,4.53,-14.869,0.33,0.2245,21.61
ATOM,2094.0,N,ARG,136.0,-7.947,10.741,-9.519,-0.47,1.85,0.0
ATOM,2095.0,CA,ARG,136.0,-9.307,11.018,-8.975,0.07,2.275,0.0
ATOM,2096.0,C,ARG,136.0,-9.564,12.523,-8.956,0.51,2.0,0.0
ATOM,2097.0,O,ARG,136.0,-10.684,12.975,-9.093,-0.51,1.7,0.0
ATOM,2098.0,CB,ARG,136.0,-9.384,10.48,-7.55,-0.18,2.175,1.41
ATOM,2099.0,CG,ARG,136.0,-9.145,8.969,-7.564,-0.18,2.175,3.82
ATOM,2100.0,CD,ARG,136.0,-8.918,8.485,-6.134,0.2,2.175,2.29
ATOM,2101.0,NE,ARG,136.0,-10.192,8.614,-5.373,-0.7,1.85,3.61
ATOM,2102.0,CZ,ARG,136.0,-10.286,8.124,-4.172,0.64,2.0,1.71
ATOM,2103.0,NH1,ARG,136.0,-9.241,7.585,-3.604,-0.8,1.85,2.3
ATOM,2104.0,NH2,ARG,136.0,-11.417,8.185,-3.529,-0.8,1.85,4.66
ATOM,2105.0,H,ARG,136.0,-7.254,10.4,-8.913,0.31,0.2245,0.0
ATOM,2106.0,HA,ARG,136.0,-10.05,10.531,-9.587,0.09,1.32,0.0
ATOM,2107.0,HB2,ARG,136.0,-8.631,10.962,-6.944,0.09,1.32,1.7
ATOM,2108.0,HB3,ARG,136.0,-10.362,10.684,-7.14,0.09,1.32,0.95
ATOM,2109.0,HG2,ARG,136.0,-10.009,8.471,-7.983,0.09,1.32,7.66
ATOM,2110.0,HG3,ARG,136.0,-8.274,8.746,-8.162,0.09,1.32,0.0
ATOM,2111.0,HD2,ARG,136.0,-8.615,7.454,-6.141,0.09,1.32,1.55
ATOM,2112.0,HD3,ARG,136.0,-8.139,9.08,-5.672,0.09,1.32,0.31
ATOM,2113.0,HE,ARG,136.0,-10.968,9.047,-5.788,0.44,0.2245,4.01
ATOM,2114.0,HH11,ARG,136.0,-8.369,7.549,-4.093,0.46,0.2245,0.68
ATOM,2115.0,HH12,ARG,136.0,-9.311,7.214,-2.679,0.46,0.2245,0.0
ATOM,2116.0,HH21,ARG,136.0,-12.215,8.607,-3.96,0.46,0.2245,8.23
ATOM,2117.0,HH22,ARG,136.0,-11.486,7.812,-2.607,0.46,0.2245,0.0
ATOM,2118.0,N,LEU,137.0,-8.539,13.303,-8.778,-0.47,1.85,0.0
ATOM,2119.0,CA,LEU,137.0,-8.729,14.775,-8.738,0.07,2.275,1.2
ATOM,2120.0,C,LEU,137.0,-9.375,15.222,-10.048,0.51,2.0,0.0
ATOM,2121.0,O,LEU,137.0,-10.278,16.03,-10.06,-0.51,1.7,0.0
ATOM,2122.0,CB,LEU,137.0,-7.358,15.442,-8.565,-0.18,2.175,0.0
ATOM,2123.0,CG,LEU,137.0,-7.477,16.976,-8.575,-0.09,2.275,0.0
ATOM,2124.0,CD1,LEU,137.0,-8.381,17.44,-7.417,-0.27,2.06,0.0
ATOM,2125.0,CD2,LEU,137.0,-6.056,17.605,-8.452,-0.27,2.06,1.13
ATOM,2126.0,H,LEU,137.0,-7.644,12.921,-8.663,0.31,0.2245,0.0
ATOM,2127.0,HA,LEU,137.0,-9.369,15.031,-7.911,0.09,1.32,0.0
ATOM,2128.0,HB2,LEU,137.0,-6.925,15.127,-7.626,0.09,1.32,0.34
ATOM,2129.0,HB3,LEU,137.0,-6.711,15.134,-9.373,0.09,1.32,0.0
ATOM,2130.0,HG,LEU,137.0,-7.925,17.286,-9.509,0.09,1.32,0.0
ATOM,2131.0,HD11,LEU,137.0,-8.182,16.844,-6.537,0.09,1.32,0.36
ATOM,2132.0,HD12,LEU,137.0,-8.186,18.479,-7.198,0.09,1.32,0.0
ATOM,2133.0,HD13,LEU,137.0,-9.417,17.329,-7.701,0.09,1.32,0.0
ATOM,2134.0,HD21,LEU,137.0,-5.298,16.842,-8.571,0.09,1.32,0.0
ATOM,2135.0,HD22,LEU,137.0,-5.925,18.347,-9.224,0.09,1.32,0.0
ATOM,2136.0,HD23,LEU,137.0,-5.931,18.072,-7.484,0.09,1.32,0.0
ATOM,2137.0,N,LEU,138.0,-8.936,14.687,-11.147,-0.47,1.85,0.0
ATOM,2138.0,CA,LEU,138.0,-9.543,15.067,-12.449,0.07,2.275,0.0
ATOM,2139.0,C,LEU,138.0,-11.024,14.699,-12.44,0.51,2.0,0.0
ATOM,2140.0,O,LEU,138.0,-11.859,15.438,-12.923,-0.51,1.7,0.0
ATOM,2141.0,CB,LEU,138.0,-8.835,14.325,-13.579,-0.18,2.175,0.0
ATOM,2142.0,CG,LEU,138.0,-7.36,14.742,-13.64,-0.09,2.275,0.13
ATOM,2143.0,CD1,LEU,138.0,-6.592,13.735,-14.501,-0.27,2.06,3.7
ATOM,2144.0,CD2,LEU,138.0,-7.235,16.142,-14.258,-0.27,2.06,0.18
ATOM,2145.0,H,LEU,138.0,-8.217,14.022,-11.117,0.31,0.2245,0.0
ATOM,2146.0,HA,LEU,138.0,-9.451,16.131,-12.591,0.09,1.32,0.0
ATOM,2147.0,HB2,LEU,138.0,-8.901,13.262,-13.398,0.09,1.32,0.0
ATOM,2148.0,HB3,LEU,138.0,-9.315,14.557,-14.518,0.09,1.32,0.0
ATOM,2149.0,HG,LEU,138.0,-6.946,14.748,-12.641,0.09,1.32,0.49
ATOM,2150.0,HD11,LEU,138.0,-7.147,13.54,-15.408,0.09,1.32,0.17
ATOM,2151.0,HD12,LEU,138.0,-5.62,14.135,-14.751,0.09,1.32,0.0
ATOM,2152.0,HD13,LEU,138.0,-6.47,12.815,-13.949,0.09,1.32,0.0
ATOM,2153.0,HD21,LEU,138.0,-7.822,16.191,-15.161,0.09,1.32,0.1
ATOM,2154.0,HD22,LEU,138.0,-7.584,16.883,-13.561,0.09,1.32,0.0
ATOM,2155.0,HD23,LEU,138.0,-6.206,16.344,-14.489,0.09,1.32,0.0
ATOM,2156.0,N,ARG,139.0,-11.365,13.566,-11.888,-0.47,1.85,0.0
ATOM,2157.0,CA,ARG,139.0,-12.805,13.189,-11.851,0.07,2.275,0.0
ATOM,2158.0,C,ARG,139.0,-13.542,14.157,-10.915,0.51,2.0,0.21
ATOM,2159.0,O,ARG,139.0,-14.651,14.576,-11.178,-0.51,1.7,0.24
ATOM,2160.0,CB,ARG,139.0,-12.965,11.756,-11.327,-0.18,2.175,0.81
ATOM,2161.0,CG,ARG,139.0,-12.217,10.765,-12.244,-0.18,2.175,0.0
ATOM,2162.0,CD,ARG,139.0,-12.839,9.358,-12.14,0.2,2.175,0.0
ATOM,2163.0,NE,ARG,139.0,-11.785,8.33,-12.387,-0.7,1.85,0.0
ATOM,2164.0,CZ,ARG,139.0,-12.029,7.068,-12.148,0.64,2.0,0.0
ATOM,2165.0,NH1,ARG,139.0,-13.227,6.688,-11.794,-0.8,1.85,12.49
ATOM,2166.0,NH2,ARG,139.0,-11.082,6.181,-12.286,-0.8,1.85,9.52
ATOM,2167.0,H,ARG,139.0,-10.682,12.986,-11.479,0.31,0.2245,0.0
ATOM,2168.0,HA,ARG,139.0,-13.221,13.26,-12.845,0.09,1.32,0.0
ATOM,2169.0,HB2,ARG,139.0,-12.562,11.698,-10.326,0.09,1.32,0.76
ATOM,2170.0,HB3,ARG,139.0,-14.014,11.504,-11.303,0.09,1.32,0.0
ATOM,2171.0,HG2,ARG,139.0,-12.271,11.105,-13.27,0.09,1.32,0.0
ATOM,2172.0,HG3,ARG,139.0,-11.182,10.715,-11.941,0.09,1.32,0.0
ATOM,2173.0,HD2,ARG,139.0,-13.252,9.208,-11.156,0.09,1.32,2.15
ATOM,2174.0,HD3,ARG,139.0,-13.629,9.26,-12.873,0.09,1.32,0.0
ATOM,2175.0,HE,ARG,139.0,-10.898,8.605,-12.698,0.44,0.2245,0.0
ATOM,2176.0,HH11,ARG,139.0,-13.96,7.362,-11.706,0.46,0.2245,0.02
ATOM,2177.0,HH12,ARG,139.0,-13.412,5.721,-11.613,0.46,0.2245,3.65
ATOM,2178.0,HH21,ARG,139.0,-10.168,6.466,-12.575,0.46,0.2245,0.14
ATOM,2179.0,HH22,ARG,139.0,-11.27,5.216,-12.102,0.46,0.2245,0.39
ATOM,2180.0,N,ASN,140.0,-12.923,14.503,-9.817,-0.47,1.85,0.0
ATOM,2181.0,CA,ASN,140.0,-13.558,15.431,-8.834,0.07,2.275,0.21
ATOM,2182.0,C,ASN,140.0,-13.822,16.806,-9.457,0.51,2.0,0.0
ATOM,2183.0,O,ASN,140.0,-14.834,17.422,-9.19,-0.51,1.7,1.01
ATOM,2184.0,CB,ASN,140.0,-12.638,15.585,-7.619,-0.18,2.175,0.0
ATOM,2185.0,CG,ASN,140.0,-12.745,14.335,-6.742,0.55,2.0,0.0
ATOM,2186.0,H,ASN,140.0,-12.033,14.14,-9.63,0.31,0.2245,0.0
ATOM,2187.0,HA,ASN,140.0,-14.499,15.01,-8.512,0.09,1.32,2.54
ATOM,2188.0,HB2,ASN,140.0,-11.618,15.705,-7.954,0.09,1.32,0.0
ATOM,2189.0,HB3,ASN,140.0,-12.934,16.451,-7.044,0.09,1.32,0.0
ATOM,2190.0,OD1,ASN,140.0,-13.694,14.181,-5.999,-0.55,1.7,0.06
ATOM,2191.0,ND2,ASN,140.0,-11.811,13.428,-6.8,-0.62,1.85,1.6
ATOM,2192.0,HD21,ASN,140.0,-11.047,13.549,-7.401,0.32,0.2245,0.0
ATOM,2193.0,HD22,ASN,140.0,-11.876,12.622,-6.245,0.3,0.2245,3.37
ATOM,2194.0,N,ILE,141.0,-12.944,17.304,-10.285,-0.47,1.85,0.0
ATOM,2195.0,CA,ILE,141.0,-13.2,18.635,-10.901,0.07,2.275,0.0
ATOM,2196.0,C,ILE,141.0,-14.333,18.477,-11.913,0.51,2.0,0.0
ATOM,2197.0,O,ILE,141.0,-15.237,19.285,-11.987,-0.51,1.7,21.06
ATOM,2198.0,CB,ILE,141.0,-11.916,19.118,-11.603,-0.09,2.275,0.0
ATOM,2199.0,CG1,ILE,141.0,-10.793,19.222,-10.557,-0.18,2.175,0.0
ATOM,2200.0,CG2,ILE,141.0,-12.136,20.494,-12.288,-0.27,2.06,6.42
ATOM,2201.0,CD1,ILE,141.0,-9.448,19.436,-11.256,-0.27,2.06,0.0
ATOM,2202.0,H,ILE,141.0,-12.14,16.81,-10.537,0.31,0.2245,0.0
ATOM,2203.0,HA,ILE,141.0,-13.489,19.339,-10.135,0.09,1.32,0.0
ATOM,2204.0,HB,ILE,141.0,-11.634,18.392,-12.352,0.09,1.32,0.0
ATOM,2205.0,HG12,ILE,141.0,-10.989,20.046,-9.887,0.09,1.32,0.0
ATOM,2206.0,HG13,ILE,141.0,-10.754,18.308,-9.991,0.09,1.32,0.0
ATOM,2207.0,HG21,ILE,141.0,-13.168,20.605,-12.582,0.09,1.32,3.37
ATOM,2208.0,HG22,ILE,141.0,-11.873,21.294,-11.61,0.09,1.32,0.0
ATOM,2209.0,HG23,ILE,141.0,-11.516,20.559,-13.171,0.09,1.32,1.16
ATOM,2210.0,HD11,ILE,141.0,-9.542,20.21,-12.003,0.09,1.32,0.0
ATOM,2211.0,HD12,ILE,141.0,-8.707,19.728,-10.527,0.09,1.32,0.0
ATOM,2212.0,HD13,ILE,141.0,-9.143,18.515,-11.728,0.09,1.32,0.0
ATOM,2213.0,N,LEU,142.0,-14.289,17.435,-12.692,-0.47,1.85,0.0
ATOM,2214.0,CA,LEU,142.0,-15.359,17.213,-13.693,0.07,2.275,0.07
ATOM,2215.0,C,LEU,142.0,-16.648,16.813,-12.97,0.51,2.0,0.0
ATOM,2216.0,O,LEU,142.0,-17.74,17.116,-13.409,-0.51,1.7,28.18
ATOM,2217.0,CB,LEU,142.0,-14.936,16.098,-14.658,-0.18,2.175,0.0
ATOM,2218.0,CG,LEU,142.0,-13.71,16.531,-15.481,-0.09,2.275,0.0
ATOM,2219.0,CD1,LEU,142.0,-13.259,15.365,-16.366,-0.27,2.06,0.96
ATOM,2220.0,CD2,LEU,142.0,-14.059,17.74,-16.366,-0.27,2.06,22.33
ATOM,2221.0,H,LEU,142.0,-13.553,16.793,-12.613,0.31,0.2245,0.0
ATOM,2222.0,HA,LEU,142.0,-15.528,18.123,-14.238,0.09,1.32,4.13
ATOM,2223.0,HB2,LEU,142.0,-14.684,15.218,-14.089,0.09,1.32,0.0
ATOM,2224.0,HB3,LEU,142.0,-15.753,15.873,-15.326,0.09,1.32,6.61
ATOM,2225.0,HG,LEU,142.0,-12.906,16.796,-14.81,0.09,1.32,0.0
ATOM,2226.0,HD11,LEU,142.0,-13.231,14.459,-15.781,0.09,1.32,0.06
ATOM,2227.0,HD12,LEU,142.0,-13.953,15.244,-17.186,0.09,1.32,8.01
ATOM,2228.0,HD13,LEU,142.0,-12.273,15.573,-16.757,0.09,1.32,0.22
ATOM,2229.0,HD21,LEU,142.0,-15.082,17.659,-16.707,0.09,1.32,10.54
ATOM,2230.0,HD22,LEU,142.0,-13.938,18.648,-15.797,0.09,1.32,4.94
ATOM,2231.0,HD23,LEU,142.0,-13.397,17.769,-17.221,0.09,1.32,0.39
ATOM,2232.0,N,GLY,143.0,-16.531,16.115,-11.87,-0.47,1.85,0.0
ATOM,2233.0,CA,GLY,143.0,-17.751,15.679,-11.126,-0.02,2.175,2.76
ATOM,2234.0,C,GLY,143.0,-18.277,14.385,-11.747,0.51,2.0,0.22
ATOM,2235.0,O,GLY,143.0,-19.464,14.215,-11.949,-0.51,1.7,28.72
ATOM,2236.0,H,GLY,143.0,-15.644,15.863,-11.538,0.31,0.2245,0.0
ATOM,2237.0,HA2,GLY,143.0,-17.498,15.509,-10.089,0.09,1.32,0.56
ATOM,2238.0,HA3,GLY,143.0,-18.51,16.443,-11.196,0.09,1.32,9.35
ATOM,2239.0,N,LEU,144.0,-17.394,13.483,-12.07,-0.47,1.85,0.22
ATOM,2240.0,CA,LEU,144.0,-17.814,12.207,-12.705,0.07,2.275,0.36
ATOM,2241.0,C,LEU,144.0,-18.465,11.278,-11.673,0.51,2.0,0.0
ATOM,2242.0,O,LEU,144.0,-18.132,11.283,-10.505,-0.51,1.7,7.58
ATOM,2243.0,CB,LEU,144.0,-16.574,11.532,-13.301,-0.18,2.175,0.0
ATOM,2244.0,CG,LEU,144.0,-16.979,10.531,-14.398,-0.09,2.275,1.02
ATOM,2245.0,CD1,LEU,144.0,-17.292,11.272,-15.71,-0.27,2.06,28.55
ATOM,2246.0,CD2,LEU,144.0,-15.824,9.547,-14.622,-0.27,2.06,3.63
ATOM,2247.0,H,LEU,144.0,-16.444,13.653,-11.914,0.31,0.2245,0.0
ATOM,2248.0,HA,LEU,144.0,-18.523,12.42,-13.487,0.09,1.32,2.81
ATOM,2249.0,HB2,LEU,144.0,-15.923,12.286,-13.717,0.09,1.32,0.0
ATOM,2250.0,HB3,LEU,144.0,-16.045,11.008,-12.517,0.09,1.32,0.0
ATOM,2251.0,HG,LEU,144.0,-17.857,9.988,-14.078,0.09,1.32,1.1
ATOM,2252.0,HD11,LEU,144.0,-16.556,12.043,-15.881,0.09,1.32,2.61
ATOM,2253.0,HD12,LEU,144.0,-17.275,10.574,-16.534,0.09,1.32,3.49
ATOM,2254.0,HD13,LEU,144.0,-18.272,11.718,-15.648,0.09,1.32,8.96
ATOM,2255.0,HD21,LEU,144.0,-14.9,10.099,-14.727,0.09,1.32,0.16
ATOM,2256.0,HD22,LEU,144.0,-15.754,8.884,-13.773,0.09,1.32,0.79
ATOM,2257.0,HD23,LEU,144.0,-16.002,8.967,-15.513,0.09,1.32,0.0
ATOM,2258.0,N,LYS,145.0,-19.397,10.482,-12.119,-0.47,1.85,1.48
ATOM,2259.0,CA,LYS,145.0,-20.105,9.536,-11.209,0.07,2.275,1.9
ATOM,2260.0,C,LYS,145.0,-19.117,8.546,-10.588,0.51,2.0,0.0
ATOM,2261.0,O,LYS,145.0,-18.251,8.016,-11.255,-0.51,1.7,7.61
ATOM,2262.0,CB,LYS,145.0,-21.137,8.764,-12.042,-0.18,2.175,9.59
ATOM,2263.0,CG,LYS,145.0,-21.868,7.699,-11.212,-0.18,2.175,8.03
ATOM,2264.0,CD,LYS,145.0,-22.725,8.359,-10.135,-0.18,2.175,5.16
ATOM,2265.0,CE,LYS,145.0,-23.689,7.321,-9.562,0.21,2.175,14.04
ATOM,2266.0,NZ,LYS,145.0,-24.558,7.96,-8.535,-0.3,1.85,12.63
ATOM,2267.0,H,LYS,145.0,-19.638,10.511,-13.067,0.31,0.2245,3.9
ATOM,2268.0,HA,LYS,145.0,-20.606,10.09,-10.435,0.09,1.32,5.93
ATOM,2269.0,HB2,LYS,145.0,-21.862,9.459,-12.433,0.09,1.32,11.36
ATOM,2270.0,HB3,LYS,145.0,-20.632,8.282,-12.862,0.09,1.32,9.59
ATOM,2271.0,HG2,LYS,145.0,-22.506,7.125,-11.867,0.09,1.32,11.5
ATOM,2272.0,HG3,LYS,145.0,-21.155,7.036,-10.748,0.09,1.32,0.0
ATOM,2273.0,HD2,LYS,145.0,-22.091,8.733,-9.345,0.09,1.32,2.34
ATOM,2274.0,HD3,LYS,145.0,-23.287,9.173,-10.568,0.09,1.32,9.6
ATOM,2275.0,HE2,LYS,145.0,-24.302,6.923,-10.357,0.05,1.32,12.83
ATOM,2276.0,HE3,LYS,145.0,-23.125,6.52,-9.108,0.05,1.32,3.14
ATOM,2277.0,HZ1,LYS,145.0,-24.923,8.862,-8.904,0.33,0.2245,17.24
ATOM,2278.0,HZ2,LYS,145.0,-25.353,7.329,-8.312,0.33,0.2245,21.86
ATOM,2279.0,HZ3,LYS,145.0,-24.005,8.136,-7.673,0.33,0.2245,17.6
ATOM,2280.0,N,ILE,146.0,-19.281,8.264,-9.317,-0.47,1.85,0.0
ATOM,2281.0,CA,ILE,146.0,-18.395,7.274,-8.626,0.07,2.275,0.0
ATOM,2282.0,C,ILE,146.0,-19.257,6.109,-8.159,0.51,2.0,0.0
ATOM,2283.0,O,ILE,146.0,-20.271,6.27,-7.511,-0.51,1.7,7.37
ATOM,2284.0,CB,ILE,146.0,-17.703,7.93,-7.422,-0.09,2.275,0.08
ATOM,2285.0,CG1,ILE,146.0,-16.857,9.111,-7.929,-0.18,2.175,0.54
ATOM,2286.0,CG2,ILE,146.0,-16.799,6.891,-6.686,-0.27,2.06,11.01
ATOM,2287.0,CD1,ILE,146.0,-16.376,9.959,-6.743,-0.27,2.06,12.14
ATOM,2288.0,H,ILE,146.0,-20.012,8.686,-8.824,0.31,0.2245,3.96
ATOM,2289.0,HA,ILE,146.0,-17.646,6.892,-9.312,0.09,1.32,1.33
ATOM,2290.0,HB,ILE,146.0,-18.456,8.3,-6.741,0.09,1.32,7.86
ATOM,2291.0,HG12,ILE,146.0,-16.003,8.734,-8.474,0.09,1.32,2.07
ATOM,2292.0,HG13,ILE,146.0,-17.458,9.722,-8.586,0.09,1.32,0.0
ATOM,2293.0,HG21,ILE,146.0,-16.903,5.915,-7.139,0.09,1.32,1.04
ATOM,2294.0,HG22,ILE,146.0,-15.763,7.188,-6.739,0.09,1.32,7.38
ATOM,2295.0,HG23,ILE,146.0,-17.097,6.827,-5.647,0.09,1.32,5.02
ATOM,2296.0,HD11,ILE,146.0,-16.147,9.319,-5.903,0.09,1.32,4.63
ATOM,2297.0,HD12,ILE,146.0,-15.486,10.505,-7.03,0.09,1.32,2.43
ATOM,2298.0,HD13,ILE,146.0,-17.15,10.655,-6.462,0.09,1.32,8.98
ATOM,2299.0,N,ILE,147.0,-18.852,4.936,-8.521,-0.47,1.85,0.0
ATOM,2300.0,CA,ILE,147.0,-19.612,3.711,-8.169,0.07,2.275,0.0
ATOM,2301.0,C,ILE,147.0,-19.594,3.483,-6.652,0.51,2.0,0.0
ATOM,2302.0,O,ILE,147.0,-20.579,3.078,-6.068,-0.51,1.7,7.84
ATOM,2303.0,CB,ILE,147.0,-18.947,2.544,-8.897,-0.09,2.275,0.0
ATOM,2304.0,CG1,ILE,147.0,-18.965,2.825,-10.427,-0.18,2.175,9.44
ATOM,2305.0,CG2,ILE,147.0,-19.708,1.251,-8.586,-0.27,2.06,15.35
ATOM,2306.0,CD1,ILE,147.0,-17.693,2.271,-11.075,-0.27,2.06,8.15
ATOM,2307.0,H,ILE,147.0,-18.039,4.857,-9.062,0.31,0.2245,1.35
ATOM,2308.0,HA,ILE,147.0,-20.631,3.81,-8.508,0.09,1.32,4.89
ATOM,2309.0,HB,ILE,147.0,-17.926,2.448,-8.553,0.09,1.32,3.66
ATOM,2310.0,HG12,ILE,147.0,-19.83,2.359,-10.88,0.09,1.32,11.19
ATOM,2311.0,HG13,ILE,147.0,-19.007,3.893,-10.609,0.09,1.32,1.45
ATOM,2312.0,HG21,ILE,147.0,-20.754,1.382,-8.82,0.09,1.32,11.18
ATOM,2313.0,HG22,ILE,147.0,-19.304,0.443,-9.18,0.09,1.32,3.07
ATOM,2314.0,HG23,ILE,147.0,-19.6,1.016,-7.538,0.09,1.32,0.08
ATOM,2315.0,HD11,ILE,147.0,-17.435,1.325,-10.621,0.09,1.32,0.11
ATOM,2316.0,HD12,ILE,147.0,-17.86,2.132,-12.131,0.09,1.32,1.09
ATOM,2317.0,HD13,ILE,147.0,-16.886,2.976,-10.926,0.09,1.32,4.59
ATOM,2318.0,N,ASP,148.0,-18.479,3.722,-6.017,-0.47,1.85,0.2
ATOM,2319.0,CA,ASP,148.0,-18.389,3.507,-4.538,0.07,2.275,0.45
ATOM,2320.0,C,ASP,148.0,-18.645,2.031,-4.228,0.51,2.0,0.0
ATOM,2321.0,O,ASP,148.0,-19.727,1.517,-4.436,-0.51,1.7,0.64
ATOM,2322.0,CB,ASP,148.0,-19.428,4.374,-3.812,-0.28,2.175,7.25
ATOM,2323.0,CG,ASP,148.0,-19.059,4.497,-2.327,0.62,2.0,3.18
ATOM,2324.0,OD1,ASP,148.0,-17.932,4.178,-1.982,-0.76,1.7,3.62
ATOM,2325.0,OD2,ASP,148.0,-19.911,4.916,-1.561,-0.76,1.7,22.08
ATOM,2326.0,H,ASP,148.0,-17.695,4.029,-6.518,0.31,0.2245,3.22
ATOM,2327.0,HA,ASP,148.0,-17.399,3.776,-4.205,0.09,1.32,0.0
ATOM,2328.0,HB2,ASP,148.0,-19.45,5.357,-4.259,0.09,1.32,4.35
ATOM,2329.0,HB3,ASP,148.0,-20.404,3.92,-3.898,0.09,1.32,0.64
ATOM,2330.0,N,LEU,149.0,-17.649,1.34,-3.746,-0.47,1.85,0.0
ATOM,2331.0,CA,LEU,149.0,-17.812,-0.107,-3.438,0.07,2.275,0.0
ATOM,2332.0,C,LEU,149.0,-18.574,-0.288,-2.122,0.51,2.0,0.0
ATOM,2333.0,O,LEU,149.0,-18.813,-1.392,-1.684,-0.51,1.7,0.04
ATOM,2334.0,CB,LEU,149.0,-16.424,-0.75,-3.321,-0.18,2.175,0.0
ATOM,2335.0,CG,LEU,149.0,-15.628,-0.552,-4.62,-0.09,2.275,0.75
ATOM,2336.0,CD1,LEU,149.0,-14.264,-1.234,-4.486,-0.27,2.06,0.04
ATOM,2337.0,CD2,LEU,149.0,-16.377,-1.16,-5.813,-0.27,2.06,2.33
ATOM,2338.0,H,LEU,149.0,-16.778,1.762,-3.596,0.31,0.2245,0.0
ATOM,2339.0,HA,LEU,149.0,-18.367,-0.586,-4.226,0.09,1.32,0.0
ATOM,2340.0,HB2,LEU,149.0,-15.889,-0.282,-2.506,0.09,1.32,0.0
ATOM,2341.0,HB3,LEU,149.0,-16.528,-1.804,-3.12,0.09,1.32,0.61
ATOM,2342.0,HG,LEU,149.0,-15.481,0.506,-4.788,0.09,1.32,2.67
ATOM,2343.0,HD11,LEU,149.0,-13.776,-0.893,-3.588,0.09,1.32,0.0
ATOM,2344.0,HD12,LEU,149.0,-14.401,-2.307,-4.438,0.09,1.32,0.0
ATOM,2345.0,HD13,LEU,149.0,-13.655,-0.989,-5.344,0.09,1.32,0.0
ATOM,2346.0,HD21,LEU,149.0,-16.801,-2.111,-5.527,0.09,1.32,0.27
ATOM,2347.0,HD22,LEU,149.0,-17.163,-0.493,-6.129,0.09,1.32,0.0
ATOM,2348.0,HD23,LEU,149.0,-15.689,-1.305,-6.634,0.09,1.32,0.0
ATOM,2349.0,N,SER,150.0,-18.944,0.777,-1.473,-0.47,1.85,0.0
ATOM,2350.0,CA,SER,150.0,-19.683,0.638,-0.184,0.07,2.275,0.0
ATOM,2351.0,C,SER,150.0,-21.192,0.477,-0.457,0.51,2.0,0.0
ATOM,2352.0,O,SER,150.0,-21.952,0.118,0.419,-0.51,1.7,13.72
ATOM,2353.0,CB,SER,150.0,-19.434,1.889,0.67,0.05,2.175,2.62
ATOM,2354.0,OG,SER,150.0,-20.539,2.775,0.559,-0.66,1.77,13.18
ATOM,2355.0,H,SER,150.0,-18.728,1.669,-1.821,0.31,0.2245,0.0
ATOM,2356.0,HA,SER,150.0,-19.321,-0.238,0.344,0.09,1.32,0.0
ATOM,2357.0,HB2,SER,150.0,-19.307,1.611,1.705,0.09,1.32,6.76
ATOM,2358.0,HB3,SER,150.0,-18.534,2.38,0.323,0.09,1.32,0.0
ATOM,2359.0,HG,SER,150.0,-20.354,3.448,-0.156,0.43,0.2245,0.32
ATOM,2360.0,N,ALA,151.0,-21.634,0.777,-1.652,-0.47,1.85,0.0
ATOM,2361.0,CA,ALA,151.0,-23.098,0.68,-1.966,0.07,2.275,2.76
ATOM,2362.0,C,ALA,151.0,-23.502,-0.763,-2.305,0.51,2.0,0.24
ATOM,2363.0,O,ALA,151.0,-24.435,-0.994,-3.051,-0.51,1.7,13.71
ATOM,2364.0,CB,ALA,151.0,-23.402,1.6,-3.16,-0.27,2.06,24.12
ATOM,2365.0,H,ALA,151.0,-21.008,1.099,-2.334,0.31,0.2245,0.0
ATOM,2366.0,HA,ALA,151.0,-23.667,1.009,-1.11,0.09,1.32,10.85
ATOM,2367.0,HB1,ALA,151.0,-22.522,1.679,-3.78,0.09,1.32,0.05
ATOM,2368.0,HB2,ALA,151.0,-24.217,1.197,-3.747,0.09,1.32,8.7
ATOM,2369.0,HB3,ALA,151.0,-23.674,2.582,-2.799,0.09,1.32,13.55
ATOM,2370.0,N,ILE,152.0,-22.825,-1.74,-1.779,-0.47,1.85,0.09
ATOM,2371.0,CA,ILE,152.0,-23.203,-3.148,-2.103,0.07,2.275,0.0
ATOM,2372.0,C,ILE,152.0,-24.252,-3.655,-1.102,0.51,2.0,0.05
ATOM,2373.0,O,ILE,152.0,-24.008,-3.719,0.086,-0.51,1.7,1.2
ATOM,2374.0,CB,ILE,152.0,-21.951,-4.025,-2.019,-0.09,2.275,0.0
ATOM,2375.0,CG1,ILE,152.0,-20.872,-3.438,-2.938,-0.18,2.175,0.0
ATOM,2376.0,CG2,ILE,152.0,-22.276,-5.479,-2.422,-0.27,2.06,0.0
ATOM,2377.0,CD1,ILE,152.0,-21.38,-3.321,-4.385,-0.27,2.06,9.03
ATOM,2378.0,H,ILE,152.0,-22.069,-1.551,-1.184,0.31,0.2245,0.0
ATOM,2379.0,HA,ILE,152.0,-23.611,-3.191,-3.103,0.09,1.32,1.27
ATOM,2380.0,HB,ILE,152.0,-21.585,-4.014,-1.002,0.09,1.32,0.0
ATOM,2381.0,HG12,ILE,152.0,-20.61,-2.457,-2.578,0.09,1.32,0.0
ATOM,2382.0,HG13,ILE,152.0,-19.998,-4.072,-2.912,0.09,1.32,1.3
ATOM,2383.0,HG21,ILE,152.0,-23.1,-5.498,-3.121,0.09,1.32,1.97
ATOM,2384.0,HG22,ILE,152.0,-21.405,-5.936,-2.879,0.09,1.32,0.0
ATOM,2385.0,HG23,ILE,152.0,-22.55,-6.042,-1.544,0.09,1.32,0.0
ATOM,2386.0,HD11,ILE,152.0,-22.074,-4.113,-4.602,0.09,1.32,3.55
ATOM,2387.0,HD12,ILE,152.0,-21.872,-2.366,-4.516,0.09,1.32,3.25
ATOM,2388.0,HD13,ILE,152.0,-20.545,-3.392,-5.063,0.09,1.32,0.0
ATOM,2389.0,N,GLN,153.0,-25.419,-4.03,-1.581,-0.47,1.85,0.0
ATOM,2390.0,CA,GLN,153.0,-26.491,-4.549,-0.665,0.07,2.275,0.25
ATOM,2391.0,C,GLN,153.0,-26.549,-6.082,-0.72,0.51,2.0,0.0
ATOM,2392.0,O,GLN,153.0,-27.199,-6.703,0.1,-0.51,1.7,17.32
ATOM,2393.0,CB,GLN,153.0,-27.864,-4.0,-1.083,-0.18,2.175,2.19
ATOM,2394.0,CG,GLN,153.0,-28.001,-2.538,-0.667,-0.18,2.175,10.72
ATOM,2395.0,CD,GLN,153.0,-29.387,-2.039,-1.079,0.55,2.0,4.32
ATOM,2396.0,H,GLN,153.0,-25.589,-3.975,-2.544,0.31,0.2245,5.9
ATOM,2397.0,HA,GLN,153.0,-26.283,-4.239,0.351,0.09,1.32,0.0
ATOM,2398.0,HB2,GLN,153.0,-27.967,-4.072,-2.155,0.09,1.32,7.39
ATOM,2399.0,HB3,GLN,153.0,-28.645,-4.576,-0.611,0.09,1.32,7.68
ATOM,2400.0,HG2,GLN,153.0,-27.89,-2.457,0.406,0.09,1.32,10.99
ATOM,2401.0,HG3,GLN,153.0,-27.244,-1.947,-1.156,0.09,1.32,2.05
ATOM,2402.0,OE1,GLN,153.0,-30.093,-2.709,-1.807,-0.55,1.7,33.8
ATOM,2403.0,NE2,GLN,153.0,-29.812,-0.889,-0.643,-0.62,1.85,29.36
ATOM,2404.0,HE21,GLN,153.0,-29.246,-0.349,-0.056,0.32,0.2245,17.35
ATOM,2405.0,HE22,GLN,153.0,-30.7,-0.566,-0.902,0.3,0.2245,20.85
ATOM,2406.0,N,ASP,154.0,-25.904,-6.702,-1.685,-0.47,1.85,0.18
ATOM,2407.0,CA,ASP,154.0,-25.962,-8.203,-1.792,0.07,2.275,1.3
ATOM,2408.0,C,ASP,154.0,-24.553,-8.795,-1.868,0.51,2.0,0.0
ATOM,2409.0,O,ASP,154.0,-23.625,-8.173,-2.348,-0.51,1.7,0.0
ATOM,2410.0,CB,ASP,154.0,-26.722,-8.583,-3.064,-0.28,2.175,4.14
ATOM,2411.0,CG,ASP,154.0,-28.201,-8.233,-2.901,0.62,2.0,3.19
ATOM,2412.0,OD1,ASP,154.0,-28.639,-8.108,-1.769,-0.76,1.7,24.3
ATOM,2413.0,OD2,ASP,154.0,-28.87,-8.09,-3.911,-0.76,1.7,42.33
ATOM,2414.0,H,ASP,154.0,-25.4,-6.184,-2.35,0.31,0.2245,1.05
ATOM,2415.0,HA,ASP,154.0,-26.473,-8.624,-0.937,0.09,1.32,4.52
ATOM,2416.0,HB2,ASP,154.0,-26.311,-8.042,-3.903,0.09,1.32,6.41
ATOM,2417.0,HB3,ASP,154.0,-26.624,-9.644,-3.236,0.09,1.32,6.46
ATOM,2418.0,N,GLU,155.0,-24.397,-10.007,-1.399,-0.47,1.85,0.14
ATOM,2419.0,CA,GLU,155.0,-23.063,-10.664,-1.442,0.07,2.275,0.0
ATOM,2420.0,C,GLU,155.0,-22.662,-10.854,-2.904,0.51,2.0,0.0
ATOM,2421.0,O,GLU,155.0,-23.441,-11.304,-3.718,-0.51,1.7,6.2
ATOM,2422.0,CB,GLU,155.0,-23.137,-12.026,-0.743,-0.18,2.175,1.41
ATOM,2423.0,CG,GLU,155.0,-23.31,-11.821,0.764,-0.28,2.175,5.72
ATOM,2424.0,CD,GLU,155.0,-23.384,-13.182,1.462,0.62,2.0,3.18
ATOM,2425.0,OE1,GLU,155.0,-23.41,-14.185,0.767,-0.76,1.7,24.38
ATOM,2426.0,OE2,GLU,155.0,-23.395,-13.199,2.683,-0.76,1.7,41.25
ATOM,2427.0,H,GLU,155.0,-25.163,-10.481,-1.018,0.31,0.2245,5.92
ATOM,2428.0,HA,GLU,155.0,-22.332,-10.042,-0.946,0.09,1.32,0.0
ATOM,2429.0,HB2,GLU,155.0,-23.98,-12.582,-1.132,0.09,1.32,8.96
ATOM,2430.0,HB3,GLU,155.0,-22.228,-12.578,-0.925,0.09,1.32,0.0
ATOM,2431.0,HG2,GLU,155.0,-22.47,-11.268,1.148,0.09,1.32,0.0
ATOM,2432.0,HG3,GLU,155.0,-24.224,-11.27,0.954,0.09,1.32,8.7
ATOM,2433.0,N,VAL,156.0,-21.446,-10.522,-3.237,-0.47,1.85,0.0
ATOM,2434.0,CA,VAL,156.0,-20.982,-10.681,-4.647,0.07,2.275,0.0
ATOM,2435.0,C,VAL,156.0,-19.471,-10.915,-4.679,0.51,2.0,0.0
ATOM,2436.0,O,VAL,156.0,-18.774,-10.639,-3.724,-0.51,1.7,0.0
ATOM,2437.0,CB,VAL,156.0,-21.308,-9.403,-5.424,-0.09,2.275,0.0
ATOM,2438.0,CG1,VAL,156.0,-22.826,-9.219,-5.506,-0.27,2.06,5.75
ATOM,2439.0,CG2,VAL,156.0,-20.684,-8.199,-4.708,-0.27,2.06,0.04
ATOM,2440.0,H,VAL,156.0,-20.838,-10.192,-2.542,0.31,0.2245,0.0
ATOM,2441.0,HA,VAL,156.0,-21.486,-11.518,-5.107,0.09,1.32,0.0
ATOM,2442.0,HB,VAL,156.0,-20.903,-9.479,-6.422,0.09,1.32,0.0
ATOM,2443.0,HG11,VAL,156.0,-23.293,-10.162,-5.743,0.09,1.32,0.0
ATOM,2444.0,HG12,VAL,156.0,-23.2,-8.862,-4.559,0.09,1.32,0.0
ATOM,2445.0,HG13,VAL,156.0,-23.057,-8.501,-6.277,0.09,1.32,8.71
ATOM,2446.0,HG21,VAL,156.0,-21.042,-8.157,-3.69,0.09,1.32,0.0
ATOM,2447.0,HG22,VAL,156.0,-19.609,-8.3,-4.707,0.09,1.32,0.0
ATOM,2448.0,HG23,VAL,156.0,-20.96,-7.291,-5.225,0.09,1.32,0.04
ATOM,2449.0,N,ILE,157.0,-18.948,-11.364,-5.792,-0.47,1.85,0.0
ATOM,2450.0,CA,ILE,157.0,-17.472,-11.546,-5.904,0.07,2.275,0.0
ATOM,2451.0,C,ILE,157.0,-16.949,-10.252,-6.524,0.51,2.0,0.0
ATOM,2452.0,O,ILE,157.0,-17.633,-9.617,-7.304,-0.51,1.7,0.0
ATOM,2453.0,CB,ILE,157.0,-17.142,-12.757,-6.793,-0.09,2.275,0.0
ATOM,2454.0,CG1,ILE,157.0,-17.816,-14.01,-6.194,-0.18,2.175,0.0
ATOM,2455.0,CG2,ILE,157.0,-15.61,-12.967,-6.844,-0.27,2.06,0.03
ATOM,2456.0,CD1,ILE,157.0,-17.73,-15.21,-7.176,-0.27,2.06,0.08
ATOM,2457.0,H,ILE,157.0,-19.517,-11.532,-6.573,0.31,0.2245,0.0
ATOM,2458.0,HA,ILE,157.0,-17.035,-11.681,-4.922,0.09,1.32,0.0
ATOM,2459.0,HB,ILE,157.0,-17.517,-12.588,-7.792,0.09,1.32,0.0
ATOM,2460.0,HG12,ILE,157.0,-17.328,-14.267,-5.262,0.09,1.32,0.0
ATOM,2461.0,HG13,ILE,157.0,-18.854,-13.786,-5.991,0.09,1.32,0.0
ATOM,2462.0,HG21,ILE,157.0,-15.11,-12.014,-6.892,0.09,1.32,0.0
ATOM,2463.0,HG22,ILE,157.0,-15.279,-13.492,-5.961,0.09,1.32,0.34
ATOM,2464.0,HG23,ILE,157.0,-15.353,-13.544,-7.721,0.09,1.32,0.0
ATOM,2465.0,HD11,ILE,157.0,-17.161,-14.938,-8.053,0.09,1.32,0.0
ATOM,2466.0,HD12,ILE,157.0,-17.248,-16.047,-6.689,0.09,1.32,0.0
ATOM,2467.0,HD13,ILE,157.0,-18.726,-15.504,-7.479,0.09,1.32,0.0
ATOM,2468.0,N,LEU,158.0,-15.769,-9.831,-6.169,-0.47,1.85,0.0
ATOM,2469.0,CA,LEU,158.0,-15.238,-8.547,-6.717,0.07,2.275,0.0
ATOM,2470.0,C,LEU,158.0,-14.275,-8.82,-7.879,0.51,2.0,0.0
ATOM,2471.0,O,LEU,158.0,-13.243,-9.438,-7.711,-0.51,1.7,0.0
ATOM,2472.0,CB,LEU,158.0,-14.504,-7.826,-5.584,-0.18,2.175,0.0
ATOM,2473.0,CG,LEU,158.0,-13.952,-6.48,-6.067,-0.09,2.275,0.0
ATOM,2474.0,CD1,LEU,158.0,-15.109,-5.557,-6.497,-0.27,2.06,0.05
ATOM,2475.0,CD2,LEU,158.0,-13.169,-5.839,-4.916,-0.27,2.06,0.0
ATOM,2476.0,H,LEU,158.0,-15.238,-10.35,-5.531,0.31,0.2245,0.0
ATOM,2477.0,HA,LEU,158.0,-16.052,-7.927,-7.064,0.09,1.32,0.0
ATOM,2478.0,HB2,LEU,158.0,-15.193,-7.659,-4.767,0.09,1.32,0.0
ATOM,2479.0,HB3,LEU,158.0,-13.689,-8.443,-5.24,0.09,1.32,0.0
ATOM,2480.0,HG,LEU,158.0,-13.289,-6.639,-6.904,0.09,1.32,0.0
ATOM,2481.0,HD11,LEU,158.0,-15.963,-5.717,-5.852,0.09,1.32,0.62
ATOM,2482.0,HD12,LEU,158.0,-14.799,-4.525,-6.431,0.09,1.32,0.0
ATOM,2483.0,HD13,LEU,158.0,-15.383,-5.777,-7.518,0.09,1.32,0.0
ATOM,2484.0,HD21,LEU,158.0,-13.79,-5.812,-4.036,0.09,1.32,0.0
ATOM,2485.0,HD22,LEU,158.0,-12.286,-6.426,-4.713,0.09,1.32,0.0
ATOM,2486.0,HD23,LEU,158.0,-12.879,-4.835,-5.185,0.09,1.32,0.0
ATOM,2487.0,N,VAL,159.0,-14.612,-8.347,-9.059,-0.47,1.85,0.0
ATOM,2488.0,CA,VAL,159.0,-13.733,-8.555,-10.256,0.07,2.275,0.0
ATOM,2489.0,C,VAL,159.0,-13.334,-7.183,-10.821,0.51,2.0,0.0
ATOM,2490.0,O,VAL,159.0,-14.171,-6.327,-11.032,-0.51,1.7,0.0
ATOM,2491.0,CB,VAL,159.0,-14.509,-9.348,-11.312,-0.09,2.275,0.0
ATOM,2492.0,CG1,VAL,159.0,-13.619,-9.61,-12.527,-0.27,2.06,0.0
ATOM,2493.0,CG2,VAL,159.0,-14.962,-10.681,-10.714,-0.27,2.06,0.0
ATOM,2494.0,H,VAL,159.0,-15.455,-7.847,-9.158,0.31,0.2245,0.0
ATOM,2495.0,HA,VAL,159.0,-12.839,-9.103,-9.978,0.09,1.32,0.0
ATOM,2496.0,HB,VAL,159.0,-15.373,-8.782,-11.62,0.09,1.32,0.0
ATOM,2497.0,HG11,VAL,159.0,-12.744,-10.165,-12.221,0.09,1.32,0.0
ATOM,2498.0,HG12,VAL,159.0,-14.171,-10.182,-13.258,0.09,1.32,0.0
ATOM,2499.0,HG13,VAL,159.0,-13.318,-8.669,-12.96,0.09,1.32,0.0
ATOM,2500.0,HG21,VAL,159.0,-15.417,-10.508,-9.75,0.09,1.32,0.0
ATOM,2501.0,HG22,VAL,159.0,-15.682,-11.145,-11.373,0.09,1.32,0.0
ATOM,2502.0,HG23,VAL,159.0,-14.11,-11.332,-10.598,0.09,1.32,0.0
ATOM,2503.0,N,ALA,160.0,-12.066,-6.959,-11.055,-0.47,1.85,0.0
ATOM,2504.0,CA,ALA,160.0,-11.623,-5.638,-11.593,0.07,2.275,0.0
ATOM,2505.0,C,ALA,160.0,-10.274,-5.805,-12.291,0.51,2.0,0.0
ATOM,2506.0,O,ALA,160.0,-9.55,-6.742,-12.04,-0.51,1.7,0.0
ATOM,2507.0,CB,ALA,160.0,-11.464,-4.654,-10.432,-0.27,2.06,0.0
ATOM,2508.0,H,ALA,160.0,-11.404,-7.657,-10.875,0.31,0.2245,0.0
ATOM,2509.0,HA,ALA,160.0,-12.355,-5.261,-12.293,0.09,1.32,0.4
ATOM,2510.0,HB1,ALA,160.0,-10.756,-5.052,-9.719,0.09,1.32,0.0
ATOM,2511.0,HB2,ALA,160.0,-11.102,-3.708,-10.809,0.09,1.32,1.83
ATOM,2512.0,HB3,ALA,160.0,-12.418,-4.509,-9.949,0.09,1.32,0.0
ATOM,2513.0,N,ALA,161.0,-9.896,-4.893,-13.135,-0.47,1.85,0.41
ATOM,2514.0,CA,ALA,161.0,-8.569,-5.032,-13.785,0.07,2.275,0.0
ATOM,2515.0,C,ALA,161.0,-7.495,-4.831,-12.713,0.51,2.0,0.0
ATOM,2516.0,O,ALA,161.0,-6.479,-5.496,-12.695,-0.51,1.7,1.36
ATOM,2517.0,CB,ALA,161.0,-8.41,-3.985,-14.887,-0.27,2.06,23.28
ATOM,2518.0,H,ALA,161.0,-10.453,-4.107,-13.312,0.31,0.2245,6.06
ATOM,2519.0,HA,ALA,161.0,-8.482,-6.026,-14.206,0.09,1.32,0.0
ATOM,2520.0,HB1,ALA,161.0,-9.211,-4.094,-15.602,0.09,1.32,8.8
ATOM,2521.0,HB2,ALA,161.0,-8.443,-2.995,-14.456,0.09,1.32,6.71
ATOM,2522.0,HB3,ALA,161.0,-7.462,-4.131,-15.382,0.09,1.32,11.81
ATOM,2523.0,N,ASP,162.0,-7.74,-3.93,-11.799,-0.47,1.85,0.0
ATOM,2524.0,CA,ASP,162.0,-6.77,-3.68,-10.691,0.07,2.275,0.0
ATOM,2525.0,C,ASP,162.0,-7.43,-2.758,-9.657,0.51,2.0,0.0
ATOM,2526.0,O,ASP,162.0,-8.225,-1.905,-9.999,-0.51,1.7,9.42
ATOM,2527.0,CB,ASP,162.0,-5.491,-3.036,-11.242,-0.28,2.175,6.96
ATOM,2528.0,CG,ASP,162.0,-5.749,-1.581,-11.618,0.62,2.0,3.12
ATOM,2529.0,OD1,ASP,162.0,-5.946,-0.786,-10.713,-0.76,1.7,13.46
ATOM,2530.0,OD2,ASP,162.0,-5.736,-1.286,-12.803,-0.76,1.7,35.99
ATOM,2531.0,H,ASP,162.0,-8.586,-3.435,-11.823,0.31,0.2245,0.97
ATOM,2532.0,HA,ASP,162.0,-6.522,-4.62,-10.219,0.09,1.32,0.0
ATOM,2533.0,HB2,ASP,162.0,-4.721,-3.074,-10.488,0.09,1.32,5.96
ATOM,2534.0,HB3,ASP,162.0,-5.165,-3.579,-12.117,0.09,1.32,2.56
ATOM,2535.0,N,LEU,163.0,-7.111,-2.929,-8.394,-0.47,1.85,0.0
ATOM,2536.0,CA,LEU,163.0,-7.729,-2.077,-7.321,0.07,2.275,0.0
ATOM,2537.0,C,LEU,163.0,-6.664,-1.174,-6.69,0.51,2.0,0.0
ATOM,2538.0,O,LEU,163.0,-5.558,-1.599,-6.422,-0.51,1.7,7.26
ATOM,2539.0,CB,LEU,163.0,-8.304,-2.996,-6.232,-0.18,2.175,0.0
ATOM,2540.0,CG,LEU,163.0,-9.313,-3.983,-6.858,-0.09,2.275,0.0
ATOM,2541.0,CD1,LEU,163.0,-9.606,-5.169,-5.898,-0.27,2.06,1.46
ATOM,2542.0,CD2,LEU,163.0,-10.626,-3.255,-7.185,-0.27,2.06,0.0
ATOM,2543.0,H,LEU,163.0,-6.473,-3.631,-8.15,0.31,0.2245,0.0
ATOM,2544.0,HA,LEU,163.0,-8.519,-1.466,-7.733,0.09,1.32,0.0
ATOM,2545.0,HB2,LEU,163.0,-7.492,-3.545,-5.776,0.09,1.32,0.0
ATOM,2546.0,HB3,LEU,163.0,-8.798,-2.401,-5.478,0.09,1.32,0.12
ATOM,2547.0,HG,LEU,163.0,-8.892,-4.368,-7.774,0.09,1.32,0.0
ATOM,2548.0,HD11,LEU,163.0,-8.807,-5.279,-5.18,0.09,1.32,0.0
ATOM,2549.0,HD12,LEU,163.0,-10.537,-4.999,-5.37,0.09,1.32,0.15
ATOM,2550.0,HD13,LEU,163.0,-9.69,-6.082,-6.472,0.09,1.32,0.0
ATOM,2551.0,HD21,LEU,163.0,-10.915,-2.631,-6.353,0.09,1.32,0.0
ATOM,2552.0,HD22,LEU,163.0,-10.492,-2.647,-8.066,0.09,1.32,0.05
ATOM,2553.0,HD23,LEU,163.0,-11.4,-3.985,-7.369,0.09,1.32,0.0
ATOM,2554.0,N,THR,164.0,-6.996,0.07,-6.436,-0.47,1.85,0.0
ATOM,2555.0,CA,THR,164.0,-6.014,1.004,-5.805,0.07,2.275,0.0
ATOM,2556.0,C,THR,164.0,-6.23,0.992,-4.279,0.51,2.0,0.0
ATOM,2557.0,O,THR,164.0,-7.346,0.85,-3.821,-0.51,1.7,0.0
ATOM,2558.0,CB,THR,164.0,-6.245,2.423,-6.339,0.14,2.275,0.12
ATOM,2559.0,OG1,THR,164.0,-7.51,2.894,-5.894,-0.66,1.77,0.42
ATOM,2560.0,CG2,THR,164.0,-6.215,2.416,-7.87,-0.27,2.06,19.79
ATOM,2561.0,H,THR,164.0,-7.897,0.387,-6.652,0.31,0.2245,0.0
ATOM,2562.0,HA,THR,164.0,-5.013,0.688,-6.047,0.09,1.32,2.18
ATOM,2563.0,HB,THR,164.0,-5.468,3.077,-5.972,0.09,1.32,0.04
ATOM,2564.0,HG21,THR,164.0,-5.381,1.822,-8.212,0.09,1.32,7.31
ATOM,2565.0,HG22,THR,164.0,-7.136,1.995,-8.246,0.09,1.32,2.77
ATOM,2566.0,HG23,THR,164.0,-6.109,3.428,-8.232,0.09,1.32,1.36
ATOM,2567.0,HG1,THR,164.0,-8.22,2.715,-6.586,0.43,0.2245,2.68
ATOM,2568.0,N,PRO,165.0,-5.188,1.143,-3.489,-0.29,1.85,0.0
ATOM,2569.0,CA,PRO,165.0,-5.313,1.147,-2.0,0.02,2.275,0.0
ATOM,2570.0,C,PRO,165.0,-6.56,1.903,-1.515,0.51,2.0,0.04
ATOM,2571.0,O,PRO,165.0,-7.186,1.53,-0.537,-0.51,1.7,2.99
ATOM,2572.0,CB,PRO,165.0,-4.035,1.857,-1.545,-0.18,2.175,4.4
ATOM,2573.0,CG,PRO,165.0,-3.015,1.521,-2.59,-0.18,2.175,2.97
ATOM,2574.0,CD,PRO,165.0,-3.782,1.325,-3.909,0.0,2.175,5.95
ATOM,2575.0,HA,PRO,165.0,-5.319,0.138,-1.624,0.09,1.32,0.0
ATOM,2576.0,HB2,PRO,165.0,-4.195,2.929,-1.5,0.09,1.32,1.57
ATOM,2577.0,HB3,PRO,165.0,-3.718,1.485,-0.581,0.09,1.32,1.48
ATOM,2578.0,HG2,PRO,165.0,-2.301,2.33,-2.685,0.09,1.32,0.0
ATOM,2579.0,HG3,PRO,165.0,-2.502,0.606,-2.328,0.09,1.32,0.02
ATOM,2580.0,HD2,PRO,165.0,-3.683,2.199,-4.541,0.09,1.32,1.7
ATOM,2581.0,HD3,PRO,165.0,-3.428,0.444,-4.422,0.09,1.32,3.75
ATOM,2582.0,N,SER,166.0,-6.914,2.97,-2.178,-0.47,1.85,0.0
ATOM,2583.0,CA,SER,166.0,-8.104,3.759,-1.746,0.07,2.275,0.38
ATOM,2584.0,C,SER,166.0,-9.36,2.886,-1.775,0.51,2.0,0.0
ATOM,2585.0,O,SER,166.0,-10.207,2.977,-0.908,-0.51,1.7,0.0
ATOM,2586.0,CB,SER,166.0,-8.303,4.949,-2.686,0.05,2.175,1.29
ATOM,2587.0,OG,SER,166.0,-7.204,5.84,-2.556,-0.66,1.77,3.55
ATOM,2588.0,H,SER,166.0,-6.386,3.264,-2.949,0.31,0.2245,0.53
ATOM,2589.0,HA,SER,166.0,-7.945,4.123,-0.747,0.09,1.32,0.0
ATOM,2590.0,HB2,SER,166.0,-8.359,4.602,-3.705,0.09,1.32,0.46
ATOM,2591.0,HB3,SER,166.0,-9.227,5.458,-2.432,0.09,1.32,0.03
ATOM,2592.0,HG,SER,166.0,-6.889,6.112,-3.464,0.43,0.2245,1.67
ATOM,2593.0,N,GLU,167.0,-9.505,2.059,-2.769,-0.47,1.85,0.0
ATOM,2594.0,CA,GLU,167.0,-10.726,1.211,-2.84,0.07,2.275,0.0
ATOM,2595.0,C,GLU,167.0,-10.704,0.166,-1.721,0.51,2.0,0.0
ATOM,2596.0,O,GLU,167.0,-11.718,-0.131,-1.125,-0.51,1.7,0.0
ATOM,2597.0,CB,GLU,167.0,-10.773,0.507,-4.201,-0.18,2.175,0.81
ATOM,2598.0,CG,GLU,167.0,-11.007,1.546,-5.302,-0.28,2.175,7.35
ATOM,2599.0,CD,GLU,167.0,-11.056,0.859,-6.669,0.62,2.0,1.33
ATOM,2600.0,OE1,GLU,167.0,-11.243,-0.345,-6.701,-0.76,1.7,0.0
ATOM,2601.0,OE2,GLU,167.0,-10.912,1.552,-7.663,-0.76,1.7,16.44
ATOM,2602.0,H,GLU,167.0,-8.823,2.005,-3.472,0.31,0.2245,0.0
ATOM,2603.0,HA,GLU,167.0,-11.599,1.832,-2.73,0.09,1.32,0.0
ATOM,2604.0,HB2,GLU,167.0,-9.838,-0.005,-4.377,0.09,1.32,0.0
ATOM,2605.0,HB3,GLU,167.0,-11.582,-0.208,-4.207,0.09,1.32,0.0
ATOM,2606.0,HG2,GLU,167.0,-11.945,2.052,-5.122,0.09,1.32,3.09
ATOM,2607.0,HG3,GLU,167.0,-10.203,2.267,-5.293,0.09,1.32,0.43
ATOM,2608.0,N,THR,168.0,-9.565,-0.416,-1.455,-0.47,1.85,0.0
ATOM,2609.0,CA,THR,168.0,-9.491,-1.474,-0.402,0.07,2.275,0.35
ATOM,2610.0,C,THR,168.0,-10.024,-0.971,0.945,0.51,2.0,0.0
ATOM,2611.0,O,THR,168.0,-10.553,-1.737,1.725,-0.51,1.7,0.0
ATOM,2612.0,CB,THR,168.0,-8.04,-1.951,-0.229,0.14,2.275,0.26
ATOM,2613.0,OG1,THR,168.0,-7.169,-0.846,0.014,-0.66,1.77,0.59
ATOM,2614.0,CG2,THR,168.0,-7.587,-2.69,-1.49,-0.27,2.06,0.28
ATOM,2615.0,H,THR,168.0,-8.77,-0.193,-1.982,0.31,0.2245,0.0
ATOM,2616.0,HA,THR,168.0,-10.095,-2.311,-0.716,0.09,1.32,0.0
ATOM,2617.0,HB,THR,168.0,-7.999,-2.622,0.605,0.09,1.32,0.0
ATOM,2618.0,HG21,THR,168.0,-8.344,-3.4,-1.788,0.09,1.32,1.26
ATOM,2619.0,HG22,THR,168.0,-7.431,-1.976,-2.284,0.09,1.32,0.0
ATOM,2620.0,HG23,THR,168.0,-6.663,-3.215,-1.289,0.09,1.32,0.0
ATOM,2621.0,HG1,THR,168.0,-7.1,-0.265,-0.805,0.43,0.2245,0.0
ATOM,2622.0,N,ALA,169.0,-9.889,0.288,1.237,-0.47,1.85,0.0
ATOM,2623.0,CA,ALA,169.0,-10.393,0.799,2.55,0.07,2.275,0.95
ATOM,2624.0,C,ALA,169.0,-11.919,0.872,2.541,0.51,2.0,0.0
ATOM,2625.0,O,ALA,169.0,-12.584,0.355,3.417,-0.51,1.7,0.46
ATOM,2626.0,CB,ALA,169.0,-9.839,2.196,2.806,-0.27,2.06,0.0
ATOM,2627.0,H,ALA,169.0,-9.458,0.894,0.603,0.31,0.2245,0.0
ATOM,2628.0,HA,ALA,169.0,-10.068,0.139,3.338,0.09,1.32,0.0
ATOM,2629.0,HB1,ALA,169.0,-8.769,2.187,2.67,0.09,1.32,0.59
ATOM,2630.0,HB2,ALA,169.0,-10.289,2.888,2.112,0.09,1.32,0.0
ATOM,2631.0,HB3,ALA,169.0,-10.074,2.497,3.817,0.09,1.32,0.0
ATOM,2632.0,N,GLN,170.0,-12.476,1.523,1.561,-0.47,1.85,0.0
ATOM,2633.0,CA,GLN,170.0,-13.956,1.654,1.485,0.07,2.275,1.23
ATOM,2634.0,C,GLN,170.0,-14.528,0.416,0.812,0.51,2.0,1.07
ATOM,2635.0,O,GLN,170.0,-15.479,0.491,0.058,-0.51,1.7,0.0
ATOM,2636.0,CB,GLN,170.0,-14.318,2.895,0.666,-0.18,2.175,0.0
ATOM,2637.0,CG,GLN,170.0,-13.719,2.775,-0.739,-0.18,2.175,0.0
ATOM,2638.0,CD,GLN,170.0,-14.012,4.047,-1.535,0.55,2.0,0.0
ATOM,2639.0,H,GLN,170.0,-11.918,1.93,0.873,0.31,0.2245,0.0
ATOM,2640.0,HA,GLN,170.0,-14.364,1.746,2.481,0.09,1.32,2.13
ATOM,2641.0,HB2,GLN,170.0,-15.392,2.978,0.596,0.09,1.32,0.0
ATOM,2642.0,HB3,GLN,170.0,-13.919,3.774,1.151,0.09,1.32,0.0
ATOM,2643.0,HG2,GLN,170.0,-12.651,2.635,-0.663,0.09,1.32,0.0
ATOM,2644.0,HG3,GLN,170.0,-14.156,1.931,-1.249,0.09,1.32,0.0
ATOM,2645.0,OE1,GLN,170.0,-13.953,5.139,-1.005,-0.55,1.7,3.17
ATOM,2646.0,NE2,GLN,170.0,-14.326,3.951,-2.798,-0.62,1.85,4.28
ATOM,2647.0,HE21,GLN,170.0,-14.372,3.07,-3.225,0.32,0.2245,0.22
ATOM,2648.0,HE22,GLN,170.0,-14.517,4.758,-3.319,0.3,0.2245,5.41
ATOM,2649.0,N,LEU,171.0,-13.955,-0.725,1.08,-0.47,1.85,0.1
ATOM,2650.0,CA,LEU,171.0,-14.446,-1.993,0.469,0.07,2.275,0.0
ATOM,2651.0,C,LEU,171.0,-15.204,-2.81,1.525,0.51,2.0,0.16
ATOM,2652.0,O,LEU,171.0,-14.791,-2.905,2.663,-0.51,1.7,2.72
ATOM,2653.0,CB,LEU,171.0,-13.215,-2.766,-0.025,-0.18,2.175,0.0
ATOM,2654.0,CG,LEU,171.0,-13.574,-4.161,-0.562,-0.09,2.275,0.0
ATOM,2655.0,CD1,LEU,171.0,-14.234,-4.051,-1.945,-0.27,2.06,0.61
ATOM,2656.0,CD2,LEU,171.0,-12.284,-4.986,-0.673,-0.27,2.06,2.09
ATOM,2657.0,H,LEU,171.0,-13.196,-0.765,1.7,0.31,0.2245,0.0
ATOM,2658.0,HA,LEU,171.0,-15.1,-1.771,-0.356,0.09,1.32,0.0
ATOM,2659.0,HB2,LEU,171.0,-12.745,-2.204,-0.813,0.09,1.32,0.0
ATOM,2660.0,HB3,LEU,171.0,-12.517,-2.871,0.795,0.09,1.32,0.0
ATOM,2661.0,HG,LEU,171.0,-14.249,-4.657,0.116,0.09,1.32,0.0
ATOM,2662.0,HD11,LEU,171.0,-14.901,-3.211,-1.972,0.09,1.32,0.0
ATOM,2663.0,HD12,LEU,171.0,-13.474,-3.922,-2.701,0.09,1.32,0.65
ATOM,2664.0,HD13,LEU,171.0,-14.791,-4.954,-2.143,0.09,1.32,0.0
ATOM,2665.0,HD21,LEU,171.0,-11.486,-4.364,-1.056,0.09,1.32,0.45
ATOM,2666.0,HD22,LEU,171.0,-12.012,-5.353,0.306,0.09,1.32,0.0
ATOM,2667.0,HD23,LEU,171.0,-12.441,-5.817,-1.341,0.09,1.32,0.0
ATOM,2668.0,N,ASN,172.0,-16.308,-3.411,1.152,-0.47,1.85,0.0
ATOM,2669.0,CA,ASN,172.0,-17.089,-4.231,2.134,0.07,2.275,0.51
ATOM,2670.0,C,ASN,172.0,-16.512,-5.651,2.192,0.51,2.0,0.0
ATOM,2671.0,O,ASN,172.0,-16.749,-6.461,1.319,-0.51,1.7,0.0
ATOM,2672.0,CB,ASN,172.0,-18.553,-4.31,1.69,-0.18,2.175,0.0
ATOM,2673.0,CG,ASN,172.0,-19.094,-2.903,1.428,0.55,2.0,0.0
ATOM,2674.0,H,ASN,172.0,-16.618,-3.325,0.227,0.31,0.2245,0.05
ATOM,2675.0,HA,ASN,172.0,-17.033,-3.778,3.112,0.09,1.32,4.0
ATOM,2676.0,HB2,ASN,172.0,-18.622,-4.897,0.784,0.09,1.32,0.0
ATOM,2677.0,HB3,ASN,172.0,-19.139,-4.78,2.466,0.09,1.32,1.77
ATOM,2678.0,OD1,ASN,172.0,-19.497,-2.59,0.325,-0.55,1.7,0.0
ATOM,2679.0,ND2,ASN,172.0,-19.125,-2.037,2.403,-0.62,1.85,14.58
ATOM,2680.0,HD21,ASN,172.0,-18.804,-2.289,3.294,0.32,0.2245,13.52
ATOM,2681.0,HD22,ASN,172.0,-19.472,-1.133,2.245,0.3,0.2245,2.2
ATOM,2682.0,N,LEU,173.0,-15.749,-5.956,3.209,-0.47,1.85,0.0
ATOM,2683.0,CA,LEU,173.0,-15.149,-7.322,3.312,0.07,2.275,0.0
ATOM,2684.0,C,LEU,173.0,-16.243,-8.38,3.49,0.51,2.0,0.12
ATOM,2685.0,O,LEU,173.0,-16.156,-9.463,2.944,-0.51,1.7,5.24
ATOM,2686.0,CB,LEU,173.0,-14.211,-7.388,4.527,-0.18,2.175,4.33
ATOM,2687.0,CG,LEU,173.0,-13.069,-6.36,4.4,-0.09,2.275,0.01
ATOM,2688.0,CD1,LEU,173.0,-12.318,-6.235,5.762,-0.27,2.06,14.95
ATOM,2689.0,CD2,LEU,173.0,-12.095,-6.799,3.282,-0.27,2.06,0.0
ATOM,2690.0,H,LEU,173.0,-15.559,-5.282,3.895,0.31,0.2245,3.5
ATOM,2691.0,HA,LEU,173.0,-14.591,-7.54,2.418,0.09,1.32,0.0
ATOM,2692.0,HB2,LEU,173.0,-14.781,-7.173,5.421,0.09,1.32,3.42
ATOM,2693.0,HB3,LEU,173.0,-13.795,-8.38,4.605,0.09,1.32,4.1
ATOM,2694.0,HG,LEU,173.0,-13.495,-5.4,4.139,0.09,1.32,0.0
ATOM,2695.0,HD11,LEU,173.0,-12.696,-6.967,6.465,0.09,1.32,10.44
ATOM,2696.0,HD12,LEU,173.0,-11.256,-6.393,5.63,0.09,1.32,0.0
ATOM,2697.0,HD13,LEU,173.0,-12.475,-5.247,6.17,0.09,1.32,0.06
ATOM,2698.0,HD21,LEU,173.0,-11.905,-7.859,3.358,0.09,1.32,0.0
ATOM,2699.0,HD22,LEU,173.0,-12.529,-6.58,2.319,0.09,1.32,0.0
ATOM,2700.0,HD23,LEU,173.0,-11.162,-6.261,3.378,0.09,1.32,0.0
ATOM,2701.0,N,LYS,174.0,-17.249,-8.107,4.281,-0.47,1.85,0.0
ATOM,2702.0,CA,LYS,174.0,-18.312,-9.126,4.527,0.07,2.275,0.8
ATOM,2703.0,C,LYS,174.0,-19.17,-9.37,3.286,0.51,2.0,0.0
ATOM,2704.0,O,LYS,174.0,-19.71,-10.445,3.115,-0.51,1.7,9.32
ATOM,2705.0,CB,LYS,174.0,-19.232,-8.637,5.65,-0.18,2.175,4.3
ATOM,2706.0,CG,LYS,174.0,-18.448,-8.505,6.957,-0.18,2.175,5.38
ATOM,2707.0,CD,LYS,174.0,-19.394,-8.016,8.059,-0.18,2.175,9.14
ATOM,2708.0,CE,LYS,174.0,-18.598,-7.667,9.324,0.21,2.175,15.39
ATOM,2709.0,NZ,LYS,174.0,-19.469,-7.856,10.519,-0.3,1.85,12.97
ATOM,2710.0,H,LYS,174.0,-17.298,-7.254,4.761,0.31,0.2245,2.12
ATOM,2711.0,HA,LYS,174.0,-17.855,-10.054,4.83,0.09,1.32,9.96
ATOM,2712.0,HB2,LYS,174.0,-19.644,-7.675,5.381,0.09,1.32,3.01
ATOM,2713.0,HB3,LYS,174.0,-20.036,-9.345,5.787,0.09,1.32,10.15
ATOM,2714.0,HG2,LYS,174.0,-18.041,-9.468,7.231,0.09,1.32,11.7
ATOM,2715.0,HG3,LYS,174.0,-17.646,-7.794,6.831,0.09,1.32,2.68
ATOM,2716.0,HD2,LYS,174.0,-19.926,-7.141,7.713,0.09,1.32,11.98
ATOM,2717.0,HD3,LYS,174.0,-20.104,-8.796,8.292,0.09,1.32,9.13
ATOM,2718.0,HE2,LYS,174.0,-17.732,-8.309,9.406,0.05,1.32,11.3
ATOM,2719.0,HE3,LYS,174.0,-18.277,-6.635,9.274,0.05,1.32,14.81
ATOM,2720.0,HZ1,LYS,174.0,-20.114,-8.655,10.356,0.33,0.2245,16.34
ATOM,2721.0,HZ2,LYS,174.0,-18.876,-8.053,11.352,0.33,0.2245,21.88
ATOM,2722.0,HZ3,LYS,174.0,-20.024,-6.993,10.685,0.33,0.2245,20.94
ATOM,2723.0,N,LYS,175.0,-19.344,-8.392,2.434,-0.47,1.85,0.0
ATOM,2724.0,CA,LYS,175.0,-20.222,-8.61,1.24,0.07,2.275,0.0
ATOM,2725.0,C,LYS,175.0,-19.387,-9.064,0.043,0.51,2.0,0.0
ATOM,2726.0,O,LYS,175.0,-19.919,-9.468,-0.971,-0.51,1.7,0.0
ATOM,2727.0,CB,LYS,175.0,-20.974,-7.314,0.927,-0.18,2.175,0.0
ATOM,2728.0,CG,LYS,175.0,-21.742,-6.897,2.184,-0.18,2.175,0.71
ATOM,2729.0,CD,LYS,175.0,-22.727,-5.774,1.863,-0.18,2.175,0.3
ATOM,2730.0,CE,LYS,175.0,-23.638,-5.555,3.075,0.21,2.175,14.12
ATOM,2731.0,NZ,LYS,175.0,-24.374,-4.266,2.93,-0.3,1.85,10.02
ATOM,2732.0,H,LYS,175.0,-18.928,-7.519,2.591,0.31,0.2245,0.0
ATOM,2733.0,HA,LYS,175.0,-20.95,-9.38,1.463,0.09,1.32,0.0
ATOM,2734.0,HB2,LYS,175.0,-20.273,-6.541,0.649,0.09,1.32,0.0
ATOM,2735.0,HB3,LYS,175.0,-21.671,-7.482,0.12,0.09,1.32,0.0
ATOM,2736.0,HG2,LYS,175.0,-22.283,-7.747,2.573,0.09,1.32,5.24
ATOM,2737.0,HG3,LYS,175.0,-21.04,-6.551,2.929,0.09,1.32,0.55
ATOM,2738.0,HD2,LYS,175.0,-22.185,-4.866,1.645,0.09,1.32,0.0
ATOM,2739.0,HD3,LYS,175.0,-23.327,-6.054,1.01,0.09,1.32,0.0
ATOM,2740.0,HE2,LYS,175.0,-24.347,-6.367,3.141,0.05,1.32,10.98
ATOM,2741.0,HE3,LYS,175.0,-23.04,-5.528,3.975,0.05,1.32,11.2
ATOM,2742.0,HZ1,LYS,175.0,-23.739,-3.544,2.535,0.33,0.2245,5.79
ATOM,2743.0,HZ2,LYS,175.0,-25.185,-4.399,2.293,0.33,0.2245,2.98
ATOM,2744.0,HZ3,LYS,175.0,-24.715,-3.956,3.864,0.33,0.2245,21.86
ATOM,2745.0,N,VAL,176.0,-18.082,-9.05,0.165,-0.47,1.85,0.0
ATOM,2746.0,CA,VAL,176.0,-17.212,-9.536,-0.951,0.07,2.275,0.0
ATOM,2747.0,C,VAL,176.0,-16.734,-10.94,-0.58,0.51,2.0,0.0
ATOM,2748.0,O,VAL,176.0,-16.02,-11.127,0.386,-0.51,1.7,1.67
ATOM,2749.0,CB,VAL,176.0,-16.003,-8.603,-1.124,-0.09,2.275,0.0
ATOM,2750.0,CG1,VAL,176.0,-15.04,-9.23,-2.144,-0.27,2.06,0.0
ATOM,2751.0,CG2,VAL,176.0,-16.472,-7.196,-1.606,-0.27,2.06,1.34
ATOM,2752.0,H,VAL,176.0,-17.671,-8.744,1.0,0.31,0.2245,0.0
ATOM,2753.0,HA,VAL,176.0,-17.772,-9.578,-1.875,0.09,1.32,0.0
ATOM,2754.0,HB,VAL,176.0,-15.492,-8.512,-0.173,0.09,1.32,0.0
ATOM,2755.0,HG11,VAL,176.0,-15.6,-9.593,-2.994,0.09,1.32,0.0
ATOM,2756.0,HG12,VAL,176.0,-14.331,-8.489,-2.474,0.09,1.32,0.0
ATOM,2757.0,HG13,VAL,176.0,-14.514,-10.052,-1.682,0.09,1.32,0.0
ATOM,2758.0,HG21,VAL,176.0,-17.554,-7.148,-1.624,0.09,1.32,0.0
ATOM,2759.0,HG22,VAL,176.0,-16.101,-6.44,-0.929,0.09,1.32,0.0
ATOM,2760.0,HG23,VAL,176.0,-16.094,-6.991,-2.6,0.09,1.32,0.0
ATOM,2761.0,N,LEU,177.0,-17.152,-11.935,-1.31,-0.47,1.85,0.0
ATOM,2762.0,CA,LEU,177.0,-16.755,-13.335,-0.964,0.07,2.275,0.53
ATOM,2763.0,C,LEU,177.0,-15.394,-13.676,-1.561,0.51,2.0,0.0
ATOM,2764.0,O,LEU,177.0,-14.94,-14.8,-1.486,-0.51,1.7,3.58
ATOM,2765.0,CB,LEU,177.0,-17.811,-14.306,-1.497,-0.18,2.175,0.0
ATOM,2766.0,CG,LEU,177.0,-19.172,-14.005,-0.856,-0.09,2.275,0.0
ATOM,2767.0,CD1,LEU,177.0,-20.233,-14.91,-1.482,-0.27,2.06,8.26
ATOM,2768.0,CD2,LEU,177.0,-19.118,-14.265,0.658,-0.27,2.06,21.22
ATOM,2769.0,H,LEU,177.0,-17.757,-11.77,-2.065,0.31,0.2245,0.0
ATOM,2770.0,HA,LEU,177.0,-16.691,-13.432,0.106,0.09,1.32,4.19
ATOM,2771.0,HB2,LEU,177.0,-17.89,-14.193,-2.568,0.09,1.32,0.0
ATOM,2772.0,HB3,LEU,177.0,-17.521,-15.319,-1.262,0.09,1.32,2.21
ATOM,2773.0,HG,LEU,177.0,-19.433,-12.972,-1.036,0.09,1.32,0.0
ATOM,2774.0,HD11,LEU,177.0,-19.966,-15.944,-1.319,0.09,1.32,5.29
ATOM,2775.0,HD12,LEU,177.0,-21.19,-14.709,-1.026,0.09,1.32,0.04
ATOM,2776.0,HD13,LEU,177.0,-20.291,-14.716,-2.542,0.09,1.32,0.0
ATOM,2777.0,HD21,LEU,177.0,-18.526,-15.148,0.853,0.09,1.32,11.1
ATOM,2778.0,HD22,LEU,177.0,-18.679,-13.416,1.157,0.09,1.32,1.91
ATOM,2779.0,HD23,LEU,177.0,-20.119,-14.414,1.037,0.09,1.32,2.26
ATOM,2780.0,N,GLY,178.0,-14.727,-12.725,-2.137,-0.47,1.85,0.0
ATOM,2781.0,CA,GLY,178.0,-13.39,-13.02,-2.711,-0.02,2.175,0.0
ATOM,2782.0,C,GLY,178.0,-12.935,-11.843,-3.559,0.51,2.0,0.0
ATOM,2783.0,O,GLY,178.0,-13.667,-10.894,-3.763,-0.51,1.7,0.0
ATOM,2784.0,H,GLY,178.0,-15.094,-11.818,-2.182,0.31,0.2245,0.0
ATOM,2785.0,HA2,GLY,178.0,-12.685,-13.185,-1.909,0.09,1.32,0.0
ATOM,2786.0,HA3,GLY,178.0,-13.449,-13.904,-3.328,0.09,1.32,0.03
ATOM,2787.0,N,PHE,179.0,-11.729,-11.892,-4.055,-0.47,1.85,0.0
ATOM,2788.0,CA,PHE,179.0,-11.21,-10.778,-4.896,0.07,2.275,0.0
ATOM,2789.0,C,PHE,179.0,-10.529,-11.377,-6.125,0.51,2.0,0.01
ATOM,2790.0,O,PHE,179.0,-9.685,-12.245,-6.011,-0.51,1.7,0.0
ATOM,2791.0,CB,PHE,179.0,-10.173,-9.97,-4.099,-0.18,2.175,2.11
ATOM,2792.0,CG,PHE,179.0,-10.626,-9.796,-2.666,0.0,1.9924,0.01
ATOM,2793.0,CD1,PHE,179.0,-11.647,-8.881,-2.351,-0.115,1.9924,2.04
ATOM,2794.0,CD2,PHE,179.0,-10.011,-10.542,-1.64,-0.115,1.9924,0.89
ATOM,2795.0,CE1,PHE,179.0,-12.055,-8.717,-1.012,-0.115,1.9924,0.47
ATOM,2796.0,CE2,PHE,179.0,-10.418,-10.375,-0.304,-0.115,1.9924,0.47
ATOM,2797.0,CZ,PHE,179.0,-11.441,-9.463,0.009,-0.115,1.9924,0.7
ATOM,2798.0,H,PHE,179.0,-11.155,-12.663,-3.871,0.31,0.2245,0.0
ATOM,2799.0,HA,PHE,179.0,-12.016,-10.13,-5.21,0.09,1.32,0.0
ATOM,2800.0,HB2,PHE,179.0,-9.224,-10.487,-4.11,0.09,1.32,1.17
ATOM,2801.0,HB3,PHE,179.0,-10.055,-8.998,-4.555,0.09,1.32,0.0
ATOM,2802.0,HD1,PHE,179.0,-12.115,-8.307,-3.135,0.115,1.3582,0.0
ATOM,2803.0,HD2,PHE,179.0,-9.226,-11.244,-1.881,0.115,1.3582,0.0
ATOM,2804.0,HE1,PHE,179.0,-12.839,-8.019,-0.767,0.115,1.3582,0.0
ATOM,2805.0,HE2,PHE,179.0,-9.945,-10.946,0.48,0.115,1.3582,0.0
ATOM,2806.0,HZ,PHE,179.0,-11.755,-9.335,1.034,0.115,1.3582,0.0
ATOM,2807.0,N,ILE,180.0,-10.875,-10.912,-7.295,-0.47,1.85,0.0
ATOM,2808.0,CA,ILE,180.0,-10.237,-11.437,-8.536,0.07,2.275,0.0
ATOM,2809.0,C,ILE,180.0,-9.803,-10.263,-9.409,0.51,2.0,0.0
ATOM,2810.0,O,ILE,180.0,-10.578,-9.389,-9.725,-0.51,1.7,0.0
ATOM,2811.0,CB,ILE,180.0,-11.231,-12.323,-9.284,-0.09,2.275,0.0
ATOM,2812.0,CG1,ILE,180.0,-11.471,-13.588,-8.447,-0.18,2.175,0.0
ATOM,2813.0,CG2,ILE,180.0,-10.654,-12.705,-10.649,-0.27,2.06,0.0
ATOM,2814.0,CD1,ILE,180.0,-12.627,-14.431,-9.035,-0.27,2.06,0.51
ATOM,2815.0,H,ILE,180.0,-11.548,-10.205,-7.357,0.31,0.2245,0.0
ATOM,2816.0,HA,ILE,180.0,-9.366,-12.022,-8.286,0.09,1.32,0.0
ATOM,2817.0,HB,ILE,180.0,-12.159,-11.791,-9.416,0.09,1.32,0.0
ATOM,2818.0,HG12,ILE,180.0,-10.562,-14.176,-8.434,0.09,1.32,0.0
ATOM,2819.0,HG13,ILE,180.0,-11.715,-13.296,-7.435,0.09,1.32,0.0
ATOM,2820.0,HG21,ILE,180.0,-9.597,-12.906,-10.545,0.09,1.32,0.0
ATOM,2821.0,HG22,ILE,180.0,-11.154,-13.588,-11.024,0.09,1.32,0.0
ATOM,2822.0,HG23,ILE,180.0,-10.8,-11.888,-11.342,0.09,1.32,0.0
ATOM,2823.0,HD11,ILE,180.0,-13.18,-13.854,-9.764,0.09,1.32,0.0
ATOM,2824.0,HD12,ILE,180.0,-12.224,-15.314,-9.513,0.09,1.32,0.0
ATOM,2825.0,HD13,ILE,180.0,-13.297,-14.731,-8.241,0.09,1.32,0.0
ATOM,2826.0,N,THR,181.0,-8.559,-10.226,-9.798,-0.47,1.85,0.0
ATOM,2827.0,CA,THR,181.0,-8.081,-9.094,-10.643,0.07,2.275,0.0
ATOM,2828.0,C,THR,181.0,-6.952,-9.539,-11.564,0.51,2.0,0.0
ATOM,2829.0,O,THR,181.0,-6.328,-10.562,-11.365,-0.51,1.7,0.0
ATOM,2830.0,CB,THR,181.0,-7.564,-7.965,-9.753,0.14,2.275,0.0
ATOM,2831.0,OG1,THR,181.0,-6.505,-8.451,-8.941,-0.66,1.77,0.17
ATOM,2832.0,CG2,THR,181.0,-8.693,-7.45,-8.869,-0.27,2.06,0.39
ATOM,2833.0,H,THR,181.0,-7.945,-10.933,-9.53,0.31,0.2245,0.0
ATOM,2834.0,HA,THR,181.0,-8.897,-8.732,-11.241,0.09,1.32,0.0
ATOM,2835.0,HB,THR,181.0,-7.201,-7.158,-10.371,0.09,1.32,0.0
ATOM,2836.0,HG21,THR,181.0,-9.567,-7.267,-9.475,0.09,1.32,0.0
ATOM,2837.0,HG22,THR,181.0,-8.923,-8.186,-8.114,0.09,1.32,0.36
ATOM,2838.0,HG23,THR,181.0,-8.383,-6.534,-8.396,0.09,1.32,0.0
ATOM,2839.0,HG1,THR,181.0,-6.623,-9.434,-8.752,0.43,0.2245,0.15
ATOM,2840.0,N,ASP,182.0,-6.698,-8.762,-12.586,-0.47,1.85,0.0
ATOM,2841.0,CA,ASP,182.0,-5.613,-9.101,-13.561,0.07,2.275,0.0
ATOM,2842.0,C,ASP,182.0,-4.394,-8.198,-13.306,0.51,2.0,0.0
ATOM,2843.0,O,ASP,182.0,-3.61,-7.944,-14.2,-0.51,1.7,15.74
ATOM,2844.0,CB,ASP,182.0,-6.131,-8.914,-15.018,-0.28,2.175,0.0
ATOM,2845.0,CG,ASP,182.0,-7.584,-8.417,-15.027,0.62,2.0,0.0
ATOM,2846.0,OD1,ASP,182.0,-8.369,-8.91,-14.234,-0.76,1.7,0.0
ATOM,2847.0,OD2,ASP,182.0,-7.888,-7.562,-15.842,-0.76,1.7,7.85
ATOM,2848.0,H,ASP,182.0,-7.242,-7.947,-12.722,0.31,0.2245,0.0
ATOM,2849.0,HA,ASP,182.0,-5.311,-10.133,-13.422,0.09,1.32,0.0
ATOM,2850.0,HB2,ASP,182.0,-5.515,-8.195,-15.542,0.09,1.32,5.97
ATOM,2851.0,HB3,ASP,182.0,-6.083,-9.857,-15.54,0.09,1.32,0.0
ATOM,2852.0,N,ALA,183.0,-4.231,-7.689,-12.109,-0.47,1.85,0.0
ATOM,2853.0,CA,ALA,183.0,-3.073,-6.785,-11.826,0.07,2.275,1.18
ATOM,2854.0,C,ALA,183.0,-1.738,-7.461,-12.186,0.51,2.0,1.1
ATOM,2855.0,O,ALA,183.0,-1.691,-8.439,-12.905,-0.51,1.7,7.41
ATOM,2856.0,CB,ALA,183.0,-3.1,-6.419,-10.331,-0.27,2.06,3.23
ATOM,2857.0,H,ALA,183.0,-4.865,-7.864,-11.379,0.31,0.2245,0.0
ATOM,2858.0,HA,ALA,183.0,-3.177,-5.883,-12.412,0.09,1.32,7.06
ATOM,2859.0,HB1,ALA,183.0,-3.456,-7.266,-9.761,0.09,1.32,0.0
ATOM,2860.0,HB2,ALA,183.0,-2.111,-6.149,-9.993,0.09,1.32,0.29
ATOM,2861.0,HB3,ALA,183.0,-3.768,-5.582,-10.177,0.09,1.32,0.0
ATOM,2862.0,N,GLY,184.0,-0.65,-6.921,-11.688,-0.47,1.85,4.24
ATOM,2863.0,CA,GLY,184.0,0.697,-7.486,-11.985,-0.02,2.175,19.22
ATOM,2864.0,C,GLY,184.0,0.923,-8.78,-11.198,0.51,2.0,1.71
ATOM,2865.0,O,GLY,184.0,1.265,-9.8,-11.762,-0.51,1.7,18.76
ATOM,2866.0,H,GLY,184.0,-0.726,-6.131,-11.115,0.31,0.2245,7.27
ATOM,2867.0,HA2,GLY,184.0,0.773,-7.691,-13.044,0.09,1.32,11.23
ATOM,2868.0,HA3,GLY,184.0,1.453,-6.766,-11.706,0.09,1.32,10.94
ATOM,2869.0,N,GLY,185.0,0.746,-8.759,-9.901,-0.47,1.85,0.09
ATOM,2870.0,CA,GLY,185.0,0.97,-10.009,-9.118,-0.02,2.175,0.57
ATOM,2871.0,C,GLY,185.0,0.918,-9.722,-7.616,0.51,2.0,0.0
ATOM,2872.0,O,GLY,185.0,0.153,-8.9,-7.151,-0.51,1.7,0.0
ATOM,2873.0,H,GLY,185.0,0.472,-7.934,-9.447,0.31,0.2245,0.0
ATOM,2874.0,HA2,GLY,185.0,0.209,-10.73,-9.371,0.09,1.32,0.0
ATOM,2875.0,HA3,GLY,185.0,1.941,-10.412,-9.365,0.09,1.32,6.15
ATOM,2876.0,N,ARG,186.0,1.726,-10.408,-6.854,-0.47,1.85,0.0
ATOM,2877.0,CA,ARG,186.0,1.734,-10.198,-5.38,0.07,2.275,0.0
ATOM,2878.0,C,ARG,186.0,2.228,-8.789,-5.065,0.51,2.0,0.11
ATOM,2879.0,O,ARG,186.0,1.924,-8.229,-4.03,-0.51,1.7,2.3
ATOM,2880.0,CB,ARG,186.0,2.677,-11.206,-4.722,-0.18,2.175,3.32
ATOM,2881.0,CG,ARG,186.0,2.257,-12.661,-5.084,-0.18,2.175,1.93
ATOM,2882.0,CD,ARG,186.0,3.165,-13.279,-6.183,0.2,2.175,7.25
ATOM,2883.0,NE,ARG,186.0,3.92,-14.448,-5.618,-0.7,1.85,8.07
ATOM,2884.0,CZ,ARG,186.0,4.611,-14.349,-4.511,0.64,2.0,1.99
ATOM,2885.0,NH1,ARG,186.0,4.708,-13.208,-3.899,-0.8,1.85,12.0
ATOM,2886.0,NH2,ARG,186.0,5.213,-15.396,-4.024,-0.8,1.85,23.19
ATOM,2887.0,H,ARG,186.0,2.328,-11.071,-7.255,0.31,0.2245,0.4
ATOM,2888.0,HA,ARG,186.0,0.736,-10.33,-4.99,0.09,1.32,0.0
ATOM,2889.0,HB2,ARG,186.0,3.686,-11.003,-5.046,0.09,1.32,1.96
ATOM,2890.0,HB3,ARG,186.0,2.625,-11.078,-3.649,0.09,1.32,0.47
ATOM,2891.0,HG2,ARG,186.0,2.314,-13.274,-4.2,0.09,1.32,1.72
ATOM,2892.0,HG3,ARG,186.0,1.23,-12.663,-5.43,0.09,1.32,0.0
ATOM,2893.0,HD2,ARG,186.0,2.552,-13.652,-6.985,0.09,1.32,0.0
ATOM,2894.0,HD3,ARG,186.0,3.843,-12.534,-6.589,0.09,1.32,7.24
ATOM,2895.0,HE,ARG,186.0,3.876,-15.311,-6.075,0.44,0.2245,10.19
ATOM,2896.0,HH11,ARG,186.0,4.256,-12.408,-4.27,0.46,0.2245,0.0
ATOM,2897.0,HH12,ARG,186.0,5.24,-13.137,-3.057,0.46,0.2245,9.47
ATOM,2898.0,HH21,ARG,186.0,5.148,-16.273,-4.495,0.46,0.2245,18.04
ATOM,2899.0,HH22,ARG,186.0,5.739,-15.321,-3.176,0.46,0.2245,13.63
ATOM,2900.0,N,THR,187.0,3.003,-8.214,-5.939,-0.47,1.85,0.0
ATOM,2901.0,CA,THR,187.0,3.527,-6.848,-5.671,0.07,2.275,0.45
ATOM,2902.0,C,THR,187.0,2.361,-5.86,-5.638,0.51,2.0,0.0
ATOM,2903.0,O,THR,187.0,2.547,-4.669,-5.487,-0.51,1.7,3.52
ATOM,2904.0,CB,THR,187.0,4.508,-6.452,-6.779,0.14,2.275,3.45
ATOM,2905.0,OG1,THR,187.0,3.807,-6.317,-8.008,-0.66,1.77,17.33
ATOM,2906.0,CG2,THR,187.0,5.585,-7.53,-6.918,-0.27,2.06,29.11
ATOM,2907.0,H,THR,187.0,3.249,-8.684,-6.763,0.31,0.2245,0.0
ATOM,2908.0,HA,THR,187.0,4.035,-6.84,-4.718,0.09,1.32,9.19
ATOM,2909.0,HB,THR,187.0,4.976,-5.514,-6.526,0.09,1.32,0.39
ATOM,2910.0,HG21,THR,187.0,5.936,-7.817,-5.938,0.09,1.32,11.34
ATOM,2911.0,HG22,THR,187.0,5.168,-8.392,-7.418,0.09,1.32,6.04
ATOM,2912.0,HG23,THR,187.0,6.41,-7.141,-7.497,0.09,1.32,6.67
ATOM,2913.0,HG1,THR,187.0,2.816,-6.236,-7.845,0.43,0.2245,2.67
ATOM,2914.0,N,SER,188.0,1.156,-6.348,-5.778,-0.47,1.85,0.0
ATOM,2915.0,CA,SER,188.0,-0.036,-5.448,-5.756,0.07,2.275,0.89
ATOM,2916.0,C,SER,188.0,-0.591,-5.335,-4.325,0.51,2.0,0.0
ATOM,2917.0,O,SER,188.0,-0.766,-6.321,-3.637,-0.51,1.7,0.0
ATOM,2918.0,CB,SER,188.0,-1.104,-6.025,-6.685,0.05,2.175,2.8
ATOM,2919.0,OG,SER,188.0,-2.324,-5.321,-6.5,-0.66,1.77,4.56
ATOM,2920.0,H,SER,188.0,1.032,-7.313,-5.897,0.31,0.2245,0.0
ATOM,2921.0,HA,SER,188.0,0.247,-4.465,-6.106,0.09,1.32,6.94
ATOM,2922.0,HB2,SER,188.0,-0.786,-5.916,-7.709,0.09,1.32,1.85
ATOM,2923.0,HB3,SER,188.0,-1.243,-7.075,-6.465,0.09,1.32,0.0
ATOM,2924.0,HG,SER,188.0,-2.908,-5.454,-7.299,0.43,0.2245,0.72
ATOM,2925.0,N,HIS,189.0,-0.846,-4.134,-3.87,-0.47,1.85,0.76
ATOM,2926.0,CA,HIS,189.0,-1.368,-3.919,-2.481,0.07,2.275,2.14
ATOM,2927.0,C,HIS,189.0,-2.542,-4.863,-2.185,0.51,2.0,0.0
ATOM,2928.0,O,HIS,189.0,-2.541,-5.58,-1.203,-0.51,1.7,0.0
ATOM,2929.0,CB,HIS,189.0,-1.844,-2.46,-2.398,-0.09,2.175,1.49
ATOM,2930.0,CG,HIS,189.0,-2.446,-2.142,-1.051,-0.05,1.8,0.0
ATOM,2931.0,H,HIS,189.0,-0.664,-3.348,-4.427,0.31,0.2245,8.4
ATOM,2932.0,HA,HIS,189.0,-0.58,-4.082,-1.766,0.09,1.32,1.02
ATOM,2933.0,HB2,HIS,189.0,-1.004,-1.806,-2.569,0.09,1.32,10.08
ATOM,2934.0,HB3,HIS,189.0,-2.585,-2.289,-3.166,0.09,1.32,0.14
ATOM,2935.0,ND1,HIS,189.0,-1.668,-1.895,0.072,-0.36,1.85,4.45
ATOM,2936.0,CD2,HIS,189.0,-3.751,-1.96,-0.652,0.22,1.8,0.0
ATOM,2937.0,CE1,HIS,189.0,-2.5,-1.573,1.082,0.25,1.8,7.62
ATOM,2938.0,NE2,HIS,189.0,-3.789,-1.597,0.692,-0.7,1.85,0.41
ATOM,2939.0,HD1,HIS,189.0,-0.69,-1.945,0.121,0.32,0.2245,14.99
ATOM,2940.0,HD2,HIS,189.0,-4.615,-2.078,-1.287,0.1,1.468,0.0
ATOM,2941.0,HE1,HIS,189.0,-2.173,-1.326,2.082,0.13,0.9,4.88
ATOM,2942.0,N,THR,190.0,-3.549,-4.848,-3.008,-0.47,1.85,0.0
ATOM,2943.0,CA,THR,190.0,-4.736,-5.719,-2.756,0.07,2.275,0.0
ATOM,2944.0,C,THR,190.0,-4.316,-7.191,-2.633,0.51,2.0,0.0
ATOM,2945.0,O,THR,190.0,-4.893,-7.941,-1.87,-0.51,1.7,0.2
ATOM,2946.0,CB,THR,190.0,-5.735,-5.569,-3.906,0.14,2.275,0.0
ATOM,2947.0,OG1,THR,190.0,-6.695,-6.615,-3.834,-0.66,1.77,3.16
ATOM,2948.0,CG2,THR,190.0,-4.997,-5.642,-5.243,-0.27,2.06,0.0
ATOM,2949.0,H,THR,190.0,-3.534,-4.235,-3.772,0.31,0.2245,0.03
ATOM,2950.0,HA,THR,190.0,-5.21,-5.411,-1.837,0.09,1.32,0.0
ATOM,2951.0,HB,THR,190.0,-6.235,-4.616,-3.827,0.09,1.32,0.0
ATOM,2952.0,HG21,THR,190.0,-4.387,-6.533,-5.269,0.09,1.32,0.0
ATOM,2953.0,HG22,THR,190.0,-5.716,-5.675,-6.049,0.09,1.32,0.0
ATOM,2954.0,HG23,THR,190.0,-4.369,-4.771,-5.356,0.09,1.32,0.0
ATOM,2955.0,HG1,THR,190.0,-6.583,-7.142,-2.982,0.43,0.2245,2.7
ATOM,2956.0,N,SER,191.0,-3.333,-7.618,-3.378,-0.47,1.85,0.0
ATOM,2957.0,CA,SER,191.0,-2.907,-9.05,-3.3,0.07,2.275,0.0
ATOM,2958.0,C,SER,191.0,-2.449,-9.398,-1.877,0.51,2.0,0.0
ATOM,2959.0,O,SER,191.0,-2.741,-10.464,-1.366,-0.51,1.7,0.0
ATOM,2960.0,CB,SER,191.0,-1.751,-9.286,-4.273,0.05,2.175,0.0
ATOM,2961.0,OG,SER,191.0,-1.499,-10.682,-4.362,-0.66,1.77,0.0
ATOM,2962.0,H,SER,191.0,-2.885,-7.005,-3.998,0.31,0.2245,0.0
ATOM,2963.0,HA,SER,191.0,-3.737,-9.685,-3.572,0.09,1.32,0.53
ATOM,2964.0,HB2,SER,191.0,-2.013,-8.906,-5.245,0.09,1.32,0.0
ATOM,2965.0,HB3,SER,191.0,-0.869,-8.771,-3.916,0.09,1.32,0.0
ATOM,2966.0,HG,SER,191.0,-1.94,-11.147,-3.597,0.43,0.2245,0.0
ATOM,2967.0,N,ILE,192.0,-1.739,-8.515,-1.233,-0.47,1.85,0.0
ATOM,2968.0,CA,ILE,192.0,-1.269,-8.797,0.152,0.07,2.275,0.0
ATOM,2969.0,C,ILE,192.0,-2.483,-8.964,1.07,0.51,2.0,0.0
ATOM,2970.0,O,ILE,192.0,-2.485,-9.784,1.964,-0.51,1.7,0.0
ATOM,2971.0,CB,ILE,192.0,-0.376,-7.64,0.64,-0.09,2.275,0.0
ATOM,2972.0,CG1,ILE,192.0,0.84,-7.531,-0.286,-0.18,2.175,0.55
ATOM,2973.0,CG2,ILE,192.0,0.115,-7.896,2.074,-0.27,2.06,21.1
ATOM,2974.0,CD1,ILE,192.0,1.776,-6.422,0.207,-0.27,2.06,27.45
ATOM,2975.0,H,ILE,192.0,-1.518,-7.665,-1.658,0.31,0.2245,0.0
ATOM,2976.0,HA,ILE,192.0,-0.696,-9.712,0.152,0.09,1.32,0.0
ATOM,2977.0,HB,ILE,192.0,-0.933,-6.716,0.611,0.09,1.32,1.14
ATOM,2978.0,HG12,ILE,192.0,1.371,-8.472,-0.292,0.09,1.32,2.11
ATOM,2979.0,HG13,ILE,192.0,0.508,-7.3,-1.286,0.09,1.32,0.0
ATOM,2980.0,HG21,ILE,192.0,-0.717,-8.152,2.71,0.09,1.32,0.88
ATOM,2981.0,HG22,ILE,192.0,0.828,-8.707,2.071,0.09,1.32,7.01
ATOM,2982.0,HG23,ILE,192.0,0.591,-7.003,2.452,0.09,1.32,8.25
ATOM,2983.0,HD11,ILE,192.0,1.194,-5.597,0.595,0.09,1.32,4.55
ATOM,2984.0,HD12,ILE,192.0,2.412,-6.812,0.987,0.09,1.32,10.67
ATOM,2985.0,HD13,ILE,192.0,2.386,-6.078,-0.615,0.09,1.32,9.11
ATOM,2986.0,N,MET,193.0,-3.508,-8.181,0.866,-0.47,1.85,0.0
ATOM,2987.0,CA,MET,193.0,-4.712,-8.29,1.741,0.07,2.275,0.06
ATOM,2988.0,C,MET,193.0,-5.323,-9.691,1.65,0.51,2.0,0.0
ATOM,2989.0,O,MET,193.0,-5.73,-10.258,2.645,-0.51,1.7,0.0
ATOM,2990.0,CB,MET,193.0,-5.749,-7.257,1.308,-0.18,2.175,1.47
ATOM,2991.0,CG,MET,193.0,-5.237,-5.863,1.67,-0.14,2.175,3.52
ATOM,2992.0,SD,MET,193.0,-6.349,-4.608,0.997,-0.09,2.0,0.29
ATOM,2993.0,CE,MET,193.0,-7.781,-4.891,2.077,-0.22,2.06,0.16
ATOM,2994.0,H,MET,193.0,-3.485,-7.522,0.14,0.31,0.2245,0.0
ATOM,2995.0,HA,MET,193.0,-4.422,-8.094,2.764,0.09,1.32,1.8
ATOM,2996.0,HB2,MET,193.0,-5.904,-7.323,0.24,0.09,1.32,0.08
ATOM,2997.0,HB3,MET,193.0,-6.678,-7.446,1.819,0.09,1.32,0.0
ATOM,2998.0,HG2,MET,193.0,-5.188,-5.763,2.744,0.09,1.32,4.85
ATOM,2999.0,HG3,MET,193.0,-4.251,-5.726,1.253,0.09,1.32,0.38
ATOM,3000.0,HE1,MET,193.0,-7.514,-5.573,2.871,0.09,1.32,0.4
ATOM,3001.0,HE2,MET,193.0,-8.101,-3.949,2.502,0.09,1.32,0.04
ATOM,3002.0,HE3,MET,193.0,-8.589,-5.311,1.5,0.09,1.32,1.68
ATOM,3003.0,N,ALA,194.0,-5.386,-10.269,0.481,-0.47,1.85,0.0
ATOM,3004.0,CA,ALA,194.0,-5.973,-11.634,0.371,0.07,2.275,0.0
ATOM,3005.0,C,ALA,194.0,-5.176,-12.576,1.266,0.51,2.0,0.0
ATOM,3006.0,O,ALA,194.0,-5.727,-13.409,1.959,-0.51,1.7,0.0
ATOM,3007.0,CB,ALA,194.0,-5.895,-12.118,-1.083,-0.27,2.06,0.23
ATOM,3008.0,H,ALA,194.0,-5.054,-9.818,-0.321,0.31,0.2245,0.0
ATOM,3009.0,HA,ALA,194.0,-7.001,-11.614,0.694,0.09,1.32,0.0
ATOM,3010.0,HB1,ALA,194.0,-4.919,-11.893,-1.486,0.09,1.32,0.0
ATOM,3011.0,HB2,ALA,194.0,-6.061,-13.187,-1.119,0.09,1.32,0.0
ATOM,3012.0,HB3,ALA,194.0,-6.651,-11.618,-1.671,0.09,1.32,0.52
ATOM,3013.0,N,ARG,195.0,-3.88,-12.452,1.254,-0.47,1.85,0.0
ATOM,3014.0,CA,ARG,195.0,-3.044,-13.342,2.107,0.07,2.275,1.16
ATOM,3015.0,C,ARG,195.0,-3.413,-13.132,3.579,0.51,2.0,0.38
ATOM,3016.0,O,ARG,195.0,-3.787,-14.054,4.275,-0.51,1.7,8.8
ATOM,3017.0,CB,ARG,195.0,-1.57,-12.983,1.908,-0.18,2.175,5.97
ATOM,3018.0,CG,ARG,195.0,-1.209,-13.104,0.42,-0.18,2.175,0.0
ATOM,3019.0,CD,ARG,195.0,0.228,-12.605,0.17,0.2,2.175,0.69
ATOM,3020.0,NE,ARG,195.0,1.156,-13.769,0.108,-0.7,1.85,6.71
ATOM,3021.0,CZ,ARG,195.0,2.361,-13.612,-0.367,0.64,2.0,2.02
ATOM,3022.0,NH1,ARG,195.0,2.773,-12.424,-0.718,-0.8,1.85,13.1
ATOM,3023.0,NH2,ARG,195.0,3.157,-14.638,-0.484,-0.8,1.85,19.73
ATOM,3024.0,H,ARG,195.0,-3.457,-11.778,0.676,0.31,0.2245,0.0
ATOM,3025.0,HA,ARG,195.0,-3.209,-14.37,1.834,0.09,1.32,3.27
ATOM,3026.0,HB2,ARG,195.0,-1.402,-11.969,2.243,0.09,1.32,0.13
ATOM,3027.0,HB3,ARG,195.0,-0.954,-13.659,2.483,0.09,1.32,11.29
ATOM,3028.0,HG2,ARG,195.0,-1.282,-14.14,0.12,0.09,1.32,0.91
ATOM,3029.0,HG3,ARG,195.0,-1.902,-12.514,-0.162,0.09,1.32,0.0
ATOM,3030.0,HD2,ARG,195.0,0.269,-12.074,-0.77,0.09,1.32,0.0
ATOM,3031.0,HD3,ARG,195.0,0.538,-11.939,0.964,0.09,1.32,3.6
ATOM,3032.0,HE,ARG,195.0,0.854,-14.656,0.397,0.44,0.2245,9.14
ATOM,3033.0,HH11,ARG,195.0,2.165,-11.635,-0.622,0.46,0.2245,0.04
ATOM,3034.0,HH12,ARG,195.0,3.696,-12.302,-1.083,0.46,0.2245,7.94
ATOM,3035.0,HH21,ARG,195.0,2.844,-15.547,-0.209,0.46,0.2245,18.61
ATOM,3036.0,HH22,ARG,195.0,4.079,-14.516,-0.851,0.46,0.2245,6.46
ATOM,3037.0,N,SER,196.0,-3.29,-11.927,4.059,-0.47,1.85,0.11
ATOM,3038.0,CA,SER,196.0,-3.604,-11.628,5.489,0.07,2.275,1.47
ATOM,3039.0,C,SER,196.0,-5.081,-11.885,5.804,0.51,2.0,0.02
ATOM,3040.0,O,SER,196.0,-5.414,-12.38,6.862,-0.51,1.7,15.86
ATOM,3041.0,CB,SER,196.0,-3.28,-10.164,5.775,0.05,2.175,16.51
ATOM,3042.0,OG,SER,196.0,-1.892,-9.934,5.563,-0.66,1.77,26.12
ATOM,3043.0,H,SER,196.0,-2.965,-11.198,3.494,0.31,0.2245,0.0
ATOM,3044.0,HA,SER,196.0,-2.993,-12.254,6.123,0.09,1.32,11.96
ATOM,3045.0,HB2,SER,196.0,-3.848,-9.536,5.11,0.09,1.32,0.62
ATOM,3046.0,HB3,SER,196.0,-3.543,-9.932,6.798,0.09,1.32,13.22
ATOM,3047.0,HG,SER,196.0,-1.714,-9.867,4.583,0.43,0.2245,0.79
ATOM,3048.0,N,LEU,197.0,-5.973,-11.543,4.916,-0.47,1.85,0.0
ATOM,3049.0,CA,LEU,197.0,-7.422,-11.767,5.203,0.07,2.275,0.1
ATOM,3050.0,C,LEU,197.0,-7.724,-13.262,5.162,0.51,2.0,0.0
ATOM,3051.0,O,LEU,197.0,-8.697,-13.718,5.725,-0.51,1.7,13.68
ATOM,3052.0,CB,LEU,197.0,-8.283,-11.034,4.167,-0.18,2.175,0.0
ATOM,3053.0,CG,LEU,197.0,-8.123,-9.516,4.333,-0.09,2.275,0.33
ATOM,3054.0,CD1,LEU,197.0,-8.848,-8.801,3.191,-0.27,2.06,0.0
ATOM,3055.0,CD2,LEU,197.0,-8.708,-9.054,5.683,-0.27,2.06,19.5
ATOM,3056.0,H,LEU,197.0,-5.698,-11.154,4.058,0.31,0.2245,0.0
ATOM,3057.0,HA,LEU,197.0,-7.651,-11.395,6.189,0.09,1.32,4.19
ATOM,3058.0,HB2,LEU,197.0,-7.967,-11.32,3.174,0.09,1.32,0.0
ATOM,3059.0,HB3,LEU,197.0,-9.32,-11.303,4.304,0.09,1.32,0.0
ATOM,3060.0,HG,LEU,197.0,-7.073,-9.266,4.294,0.09,1.32,0.53
ATOM,3061.0,HD11,LEU,197.0,-8.426,-9.112,2.247,0.09,1.32,0.0
ATOM,3062.0,HD12,LEU,197.0,-9.898,-9.052,3.218,0.09,1.32,0.0
ATOM,3063.0,HD13,LEU,197.0,-8.73,-7.734,3.305,0.09,1.32,0.0
ATOM,3064.0,HD21,LEU,197.0,-9.565,-9.66,5.938,0.09,1.32,7.44
ATOM,3065.0,HD22,LEU,197.0,-7.957,-9.15,6.452,0.09,1.32,8.66
ATOM,3066.0,HD23,LEU,197.0,-9.01,-8.017,5.615,0.09,1.32,0.0
ATOM,3067.0,N,GLU,198.0,-6.912,-14.013,4.469,-0.47,1.85,0.0
ATOM,3068.0,CA,GLU,198.0,-7.129,-15.486,4.345,0.07,2.275,2.17
ATOM,3069.0,C,GLU,198.0,-8.43,-15.765,3.593,0.51,2.0,1.28
ATOM,3070.0,O,GLU,198.0,-9.244,-16.564,4.012,-0.51,1.7,16.29
ATOM,3071.0,CB,GLU,198.0,-7.172,-16.163,5.723,-0.18,2.175,5.25
ATOM,3072.0,CG,GLU,198.0,-5.835,-15.967,6.437,-0.28,2.175,5.98
ATOM,3073.0,CD,GLU,198.0,-5.888,-16.653,7.804,0.62,2.0,4.4
ATOM,3074.0,OE1,GLU,198.0,-6.046,-17.863,7.831,-0.76,1.7,40.46
ATOM,3075.0,OE2,GLU,198.0,-5.774,-15.957,8.799,-0.76,1.7,42.5
ATOM,3076.0,H,GLU,198.0,-6.161,-13.607,3.989,0.31,0.2245,0.0
ATOM,3077.0,HA,GLU,198.0,-6.31,-15.902,3.779,0.09,1.32,2.71
ATOM,3078.0,HB2,GLU,198.0,-7.961,-15.74,6.32,0.09,1.32,5.29
ATOM,3079.0,HB3,GLU,198.0,-7.354,-17.218,5.595,0.09,1.32,8.54
ATOM,3080.0,HG2,GLU,198.0,-5.041,-16.397,5.845,0.09,1.32,9.49
ATOM,3081.0,HG3,GLU,198.0,-5.651,-14.912,6.575,0.09,1.32,0.0
ATOM,3082.0,N,LEU,199.0,-8.612,-15.126,2.464,-0.47,1.85,0.0
ATOM,3083.0,CA,LEU,199.0,-9.841,-15.354,1.635,0.07,2.275,0.33
ATOM,3084.0,C,LEU,199.0,-9.385,-15.731,0.211,0.51,2.0,0.0
ATOM,3085.0,O,LEU,199.0,-8.395,-15.217,-0.262,-0.51,1.7,0.0
ATOM,3086.0,CB,LEU,199.0,-10.668,-14.059,1.585,-0.18,2.175,0.0
ATOM,3087.0,CG,LEU,199.0,-11.102,-13.652,3.002,-0.09,2.275,0.0
ATOM,3088.0,CD1,LEU,199.0,-11.761,-12.269,2.953,-0.27,2.06,2.76
ATOM,3089.0,CD2,LEU,199.0,-12.1,-14.677,3.57,-0.27,2.06,25.83
ATOM,3090.0,H,LEU,199.0,-7.922,-14.502,2.147,0.31,0.2245,0.0
ATOM,3091.0,HA,LEU,199.0,-10.431,-16.151,2.06,0.09,1.32,0.12
ATOM,3092.0,HB2,LEU,199.0,-10.065,-13.271,1.159,0.09,1.32,0.0
ATOM,3093.0,HB3,LEU,199.0,-11.542,-14.211,0.971,0.09,1.32,0.0
ATOM,3094.0,HG,LEU,199.0,-10.231,-13.606,3.641,0.09,1.32,0.0
ATOM,3095.0,HD11,LEU,199.0,-11.136,-11.591,2.392,0.09,1.32,0.0
ATOM,3096.0,HD12,LEU,199.0,-12.727,-12.346,2.477,0.09,1.32,1.53
ATOM,3097.0,HD13,LEU,199.0,-11.884,-11.895,3.958,0.09,1.32,7.08
ATOM,3098.0,HD21,LEU,199.0,-12.749,-15.032,2.782,0.09,1.32,5.69
ATOM,3099.0,HD22,LEU,199.0,-11.557,-15.508,3.992,0.09,1.32,3.31
ATOM,3100.0,HD23,LEU,199.0,-12.697,-14.213,4.344,0.09,1.32,11.29
ATOM,3101.0,N,PRO,200.0,-10.08,-16.619,-0.474,-0.29,1.85,0.01
ATOM,3102.0,CA,PRO,200.0,-9.683,-17.038,-1.859,0.02,2.275,0.0
ATOM,3103.0,C,PRO,200.0,-9.646,-15.849,-2.835,0.51,2.0,0.0
ATOM,3104.0,O,PRO,200.0,-10.516,-15.002,-2.821,-0.51,1.7,0.0
ATOM,3105.0,CB,PRO,200.0,-10.749,-18.08,-2.271,-0.18,2.175,0.0
ATOM,3106.0,CG,PRO,200.0,-11.878,-17.94,-1.287,-0.18,2.175,1.53
ATOM,3107.0,CD,PRO,200.0,-11.297,-17.311,-0.016,0.0,2.175,7.61
ATOM,3108.0,HA,PRO,200.0,-8.713,-17.51,-1.832,0.09,1.32,0.0
ATOM,3109.0,HB2,PRO,200.0,-11.101,-17.886,-3.278,0.09,1.32,0.0
ATOM,3110.0,HB3,PRO,200.0,-10.334,-19.078,-2.216,0.09,1.32,0.0
ATOM,3111.0,HG2,PRO,200.0,-12.652,-17.302,-1.698,0.09,1.32,0.0
ATOM,3112.0,HG3,PRO,200.0,-12.293,-18.912,-1.053,0.09,1.32,0.3
ATOM,3113.0,HD2,PRO,200.0,-12.0,-16.606,0.41,0.09,1.32,0.84
ATOM,3114.0,HD3,PRO,200.0,-11.041,-18.073,0.707,0.09,1.32,7.24
ATOM,3115.0,N,ALA,201.0,-8.641,-15.775,-3.681,-0.47,1.85,0.0
ATOM,3116.0,CA,ALA,201.0,-8.571,-14.623,-4.638,0.07,2.275,0.0
ATOM,3117.0,C,ALA,201.0,-7.452,-14.823,-5.68,0.51,2.0,0.0
ATOM,3118.0,O,ALA,201.0,-6.431,-15.431,-5.412,-0.51,1.7,0.0
ATOM,3119.0,CB,ALA,201.0,-8.301,-13.334,-3.836,-0.27,2.06,0.0
ATOM,3120.0,H,ALA,201.0,-7.947,-16.47,-3.681,0.31,0.2245,0.0
ATOM,3121.0,HA,ALA,201.0,-9.518,-14.531,-5.152,0.09,1.32,0.0
ATOM,3122.0,HB1,ALA,201.0,-7.814,-13.591,-2.906,0.09,1.32,0.0
ATOM,3123.0,HB2,ALA,201.0,-7.662,-12.667,-4.401,0.09,1.32,0.3
ATOM,3124.0,HB3,ALA,201.0,-9.236,-12.835,-3.622,0.09,1.32,0.0
ATOM,3125.0,N,ILE,202.0,-7.641,-14.266,-6.859,-0.47,1.85,0.0
ATOM,3126.0,CA,ILE,202.0,-6.613,-14.348,-7.949,0.07,2.275,0.0
ATOM,3127.0,C,ILE,202.0,-6.239,-12.915,-8.351,0.51,2.0,0.0
ATOM,3128.0,O,ILE,202.0,-7.053,-12.019,-8.272,-0.51,1.7,0.2
ATOM,3129.0,CB,ILE,202.0,-7.193,-15.089,-9.167,-0.09,2.275,0.0
ATOM,3130.0,CG1,ILE,202.0,-7.521,-16.532,-8.768,-0.18,2.175,0.0
ATOM,3131.0,CG2,ILE,202.0,-6.174,-15.104,-10.316,-0.27,2.06,0.0
ATOM,3132.0,CD1,ILE,202.0,-8.143,-17.279,-9.958,-0.27,2.06,2.6
ATOM,3133.0,H,ILE,202.0,-8.466,-13.763,-7.024,0.31,0.2245,0.0
ATOM,3134.0,HA,ILE,202.0,-5.733,-14.864,-7.591,0.09,1.32,0.0
ATOM,3135.0,HB,ILE,202.0,-8.098,-14.594,-9.495,0.09,1.32,0.0
ATOM,3136.0,HG12,ILE,202.0,-6.613,-17.033,-8.462,0.09,1.32,0.0
ATOM,3137.0,HG13,ILE,202.0,-8.22,-16.524,-7.945,0.09,1.32,0.0
ATOM,3138.0,HG21,ILE,202.0,-5.882,-14.098,-10.564,0.09,1.32,0.0
ATOM,3139.0,HG22,ILE,202.0,-5.302,-15.666,-10.014,0.09,1.32,0.0
ATOM,3140.0,HG23,ILE,202.0,-6.616,-15.566,-11.186,0.09,1.32,0.0
ATOM,3141.0,HD11,ILE,202.0,-8.75,-16.6,-10.541,0.09,1.32,0.0
ATOM,3142.0,HD12,ILE,202.0,-7.358,-17.685,-10.579,0.09,1.32,0.1
ATOM,3143.0,HD13,ILE,202.0,-8.759,-18.087,-9.594,0.09,1.32,0.0
ATOM,3144.0,N,VAL,203.0,-5.015,-12.683,-8.773,-0.47,1.85,0.0
ATOM,3145.0,CA,VAL,203.0,-4.602,-11.294,-9.172,0.07,2.275,0.0
ATOM,3146.0,C,VAL,203.0,-3.943,-11.313,-10.557,0.51,2.0,0.0
ATOM,3147.0,O,VAL,203.0,-3.686,-10.273,-11.138,-0.51,1.7,0.0
ATOM,3148.0,CB,VAL,203.0,-3.593,-10.763,-8.151,-0.09,2.275,0.0
ATOM,3149.0,CG1,VAL,203.0,-4.301,-10.522,-6.817,-0.27,2.06,2.61
ATOM,3150.0,CG2,VAL,203.0,-2.474,-11.79,-7.955,-0.27,2.06,0.0
ATOM,3151.0,H,VAL,203.0,-4.365,-13.415,-8.825,0.31,0.2245,0.0
ATOM,3152.0,HA,VAL,203.0,-5.459,-10.637,-9.195,0.09,1.32,0.0
ATOM,3153.0,HB,VAL,203.0,-3.172,-9.833,-8.509,0.09,1.32,0.0
ATOM,3154.0,HG11,VAL,203.0,-4.935,-11.366,-6.589,0.09,1.32,0.0
ATOM,3155.0,HG12,VAL,203.0,-3.568,-10.406,-6.037,0.09,1.32,0.0
ATOM,3156.0,HG13,VAL,203.0,-4.902,-9.627,-6.884,0.09,1.32,0.43
ATOM,3157.0,HG21,VAL,203.0,-1.977,-11.965,-8.898,0.09,1.32,0.0
ATOM,3158.0,HG22,VAL,203.0,-1.76,-11.412,-7.238,0.09,1.32,0.0
ATOM,3159.0,HG23,VAL,203.0,-2.894,-12.716,-7.591,0.09,1.32,0.0
ATOM,3160.0,N,GLY,204.0,-3.654,-12.484,-11.082,-0.47,1.85,0.0
ATOM,3161.0,CA,GLY,204.0,-2.986,-12.586,-12.422,-0.02,2.175,5.2
ATOM,3162.0,C,GLY,204.0,-3.936,-13.186,-13.462,0.51,2.0,0.0
ATOM,3163.0,O,GLY,204.0,-3.502,-13.753,-14.444,-0.51,1.7,11.49
ATOM,3164.0,H,GLY,204.0,-3.863,-13.3,-10.586,0.31,0.2245,0.0
ATOM,3165.0,HA2,GLY,204.0,-2.673,-11.606,-12.756,0.09,1.32,0.81
ATOM,3166.0,HA3,GLY,204.0,-2.117,-13.221,-12.335,0.09,1.32,0.22
ATOM,3167.0,N,THR,205.0,-5.221,-13.088,-13.255,-0.47,1.85,0.0
ATOM,3168.0,CA,THR,205.0,-6.184,-13.671,-14.237,0.07,2.275,0.0
ATOM,3169.0,C,THR,205.0,-5.751,-13.321,-15.666,0.51,2.0,0.0
ATOM,3170.0,O,THR,205.0,-5.759,-14.155,-16.55,-0.51,1.7,6.88
ATOM,3171.0,CB,THR,205.0,-7.574,-13.088,-13.969,0.14,2.275,0.0
ATOM,3172.0,OG1,THR,205.0,-7.452,-11.705,-13.675,-0.66,1.77,0.0
ATOM,3173.0,CG2,THR,205.0,-8.231,-13.806,-12.785,-0.27,2.06,0.0
ATOM,3174.0,H,THR,205.0,-5.558,-12.649,-12.447,0.31,0.2245,0.0
ATOM,3175.0,HA,THR,205.0,-6.208,-14.743,-14.125,0.09,1.32,0.0
ATOM,3176.0,HB,THR,205.0,-8.186,-13.208,-14.84,0.09,1.32,0.0
ATOM,3177.0,HG21,THR,205.0,-8.166,-14.875,-12.922,0.09,1.32,0.55
ATOM,3178.0,HG22,THR,205.0,-7.725,-13.528,-11.873,0.09,1.32,0.0
ATOM,3179.0,HG23,THR,205.0,-9.268,-13.518,-12.726,0.09,1.32,0.0
ATOM,3180.0,HG1,THR,205.0,-7.021,-11.569,-12.774,0.43,0.2245,0.0
ATOM,3181.0,N,GLY,206.0,-5.361,-12.099,-15.891,-0.47,1.85,0.0
ATOM,3182.0,CA,GLY,206.0,-4.907,-11.689,-17.257,-0.02,2.175,14.96
ATOM,3183.0,C,GLY,206.0,-6.059,-11.067,-18.058,0.51,2.0,0.38
ATOM,3184.0,O,GLY,206.0,-5.915,-10.003,-18.626,-0.51,1.7,20.71
ATOM,3185.0,H,GLY,206.0,-5.356,-11.455,-15.151,0.31,0.2245,0.0
ATOM,3186.0,HA2,GLY,206.0,-4.113,-10.962,-17.162,0.09,1.32,9.83
ATOM,3187.0,HA3,GLY,206.0,-4.533,-12.552,-17.79,0.09,1.32,10.45
ATOM,3188.0,N,SER,207.0,-7.194,-11.717,-18.136,-0.47,1.85,0.93
ATOM,3189.0,CA,SER,207.0,-8.315,-11.129,-18.935,0.07,2.275,0.0
ATOM,3190.0,C,SER,207.0,-9.659,-11.746,-18.54,0.51,2.0,0.8
ATOM,3191.0,O,SER,207.0,-10.496,-12.012,-19.38,-0.51,1.7,0.47
ATOM,3192.0,CB,SER,207.0,-8.058,-11.398,-20.417,0.05,2.175,19.59
ATOM,3193.0,OG,SER,207.0,-9.049,-10.74,-21.193,-0.66,1.77,15.56
ATOM,3194.0,H,SER,207.0,-7.302,-12.582,-17.689,0.31,0.2245,0.53
ATOM,3195.0,HA,SER,207.0,-8.355,-10.063,-18.77,0.09,1.32,3.08
ATOM,3196.0,HB2,SER,207.0,-7.086,-11.023,-20.689,0.09,1.32,8.37
ATOM,3197.0,HB3,SER,207.0,-8.093,-12.465,-20.598,0.09,1.32,12.93
ATOM,3198.0,HG,SER,207.0,-9.686,-10.268,-20.586,0.43,0.2245,0.44
ATOM,3199.0,N,VAL,208.0,-9.885,-11.967,-17.278,-0.47,1.85,0.0
ATOM,3200.0,CA,VAL,208.0,-11.189,-12.55,-16.86,0.07,2.275,0.0
ATOM,3201.0,C,VAL,208.0,-12.274,-11.46,-16.893,0.51,2.0,0.0
ATOM,3202.0,O,VAL,208.0,-13.397,-11.703,-17.29,-0.51,1.7,0.0
ATOM,3203.0,CB,VAL,208.0,-11.049,-13.157,-15.45,-0.09,2.275,0.0
ATOM,3204.0,CG1,VAL,208.0,-12.431,-13.402,-14.845,-0.27,2.06,0.7
ATOM,3205.0,CG2,VAL,208.0,-10.311,-14.501,-15.553,-0.27,2.06,0.0
ATOM,3206.0,H,VAL,208.0,-9.206,-11.734,-16.611,0.31,0.2245,0.0
ATOM,3207.0,HA,VAL,208.0,-11.465,-13.332,-17.554,0.09,1.32,0.0
ATOM,3208.0,HB,VAL,208.0,-10.489,-12.485,-14.815,0.09,1.32,0.0
ATOM,3209.0,HG11,VAL,208.0,-13.077,-13.808,-15.604,0.09,1.32,1.76
ATOM,3210.0,HG12,VAL,208.0,-12.352,-14.105,-14.028,0.09,1.32,0.02
ATOM,3211.0,HG13,VAL,208.0,-12.837,-12.47,-14.484,0.09,1.32,0.0
ATOM,3212.0,HG21,VAL,208.0,-9.518,-14.422,-16.28,0.09,1.32,0.0
ATOM,3213.0,HG22,VAL,208.0,-9.894,-14.758,-14.592,0.09,1.32,0.0
ATOM,3214.0,HG23,VAL,208.0,-11.002,-15.275,-15.861,0.09,1.32,0.43
ATOM,3215.0,N,THR,209.0,-11.956,-10.273,-16.449,-0.47,1.85,0.0
ATOM,3216.0,CA,THR,209.0,-12.982,-9.184,-16.427,0.07,2.275,0.0
ATOM,3217.0,C,THR,209.0,-13.557,-8.954,-17.829,0.51,2.0,0.0
ATOM,3218.0,O,THR,209.0,-14.698,-8.563,-17.98,-0.51,1.7,2.67
ATOM,3219.0,CB,THR,209.0,-12.341,-7.88,-15.933,0.14,2.275,1.19
ATOM,3220.0,OG1,THR,209.0,-11.704,-7.233,-17.027,-0.66,1.77,12.64
ATOM,3221.0,CG2,THR,209.0,-11.296,-8.17,-14.841,-0.27,2.06,0.0
ATOM,3222.0,H,THR,209.0,-11.052,-10.117,-16.093,0.31,0.2245,0.0
ATOM,3223.0,HA,THR,209.0,-13.783,-9.461,-15.756,0.09,1.32,0.0
ATOM,3224.0,HB,THR,209.0,-13.109,-7.236,-15.532,0.09,1.32,0.0
ATOM,3225.0,HG21,THR,209.0,-11.51,-9.114,-14.356,0.09,1.32,0.0
ATOM,3226.0,HG22,THR,209.0,-10.319,-8.214,-15.293,0.09,1.32,0.0
ATOM,3227.0,HG23,THR,209.0,-11.311,-7.379,-14.103,0.09,1.32,0.0
ATOM,3228.0,HG1,THR,209.0,-10.703,-7.246,-16.913,0.43,0.2245,4.1
ATOM,3229.0,N,SER,210.0,-12.787,-9.18,-18.856,-0.47,1.85,0.0
ATOM,3230.0,CA,SER,210.0,-13.309,-8.955,-20.233,0.07,2.275,1.48
ATOM,3231.0,C,SER,210.0,-14.213,-10.118,-20.626,0.51,2.0,0.0
ATOM,3232.0,O,SER,210.0,-14.94,-10.055,-21.599,-0.51,1.7,14.43
ATOM,3233.0,CB,SER,210.0,-12.14,-8.861,-21.21,0.05,2.175,8.52
ATOM,3234.0,OG,SER,210.0,-12.636,-8.928,-22.54,-0.66,1.77,19.11
ATOM,3235.0,H,SER,210.0,-11.868,-9.492,-18.724,0.31,0.2245,0.0
ATOM,3236.0,HA,SER,210.0,-13.875,-8.036,-20.259,0.09,1.32,11.47
ATOM,3237.0,HB2,SER,210.0,-11.627,-7.925,-21.069,0.09,1.32,13.14
ATOM,3238.0,HB3,SER,210.0,-11.452,-9.677,-21.028,0.09,1.32,0.0
ATOM,3239.0,HG,SER,210.0,-11.907,-9.234,-23.15,0.43,0.2245,20.03
ATOM,3240.0,N,GLN,211.0,-14.169,-11.182,-19.872,-0.47,1.85,0.0
ATOM,3241.0,CA,GLN,211.0,-15.017,-12.371,-20.176,0.07,2.275,0.77
ATOM,3242.0,C,GLN,211.0,-16.22,-12.402,-19.23,0.51,2.0,0.0
ATOM,3243.0,O,GLN,211.0,-17.143,-13.167,-19.42,-0.51,1.7,10.57
ATOM,3244.0,CB,GLN,211.0,-14.182,-13.642,-19.966,-0.18,2.175,2.67
ATOM,3245.0,CG,GLN,211.0,-12.945,-13.65,-20.909,-0.18,2.175,0.96
ATOM,3246.0,CD,GLN,211.0,-13.043,-14.801,-21.922,0.55,2.0,1.8
ATOM,3247.0,H,GLN,211.0,-13.572,-11.2,-19.096,0.31,0.2245,0.0
ATOM,3248.0,HA,GLN,211.0,-15.359,-12.33,-21.2,0.09,1.32,4.08
ATOM,3249.0,HB2,GLN,211.0,-13.851,-13.671,-18.936,0.09,1.32,0.14
ATOM,3250.0,HB3,GLN,211.0,-14.801,-14.506,-20.16,0.09,1.32,4.04
ATOM,3251.0,HG2,GLN,211.0,-12.883,-12.714,-21.448,0.09,1.32,0.36
ATOM,3252.0,HG3,GLN,211.0,-12.046,-13.776,-20.323,0.09,1.32,0.74
ATOM,3253.0,OE1,GLN,211.0,-13.533,-15.866,-21.605,-0.55,1.7,25.33
ATOM,3254.0,NE2,GLN,211.0,-12.586,-14.63,-23.13,-0.62,1.85,29.02
ATOM,3255.0,HE21,GLN,211.0,-12.186,-13.773,-23.386,0.32,0.2245,13.81
ATOM,3256.0,HE22,GLN,211.0,-12.641,-15.359,-23.782,0.3,0.2245,20.6
ATOM,3257.0,N,VAL,212.0,-16.197,-11.601,-18.188,-0.47,1.85,0.0
ATOM,3258.0,CA,VAL,212.0,-17.327,-11.606,-17.194,0.07,2.275,0.0
ATOM,3259.0,C,VAL,212.0,-18.152,-10.323,-17.286,0.51,2.0,0.0
ATOM,3260.0,O,VAL,212.0,-17.629,-9.234,-17.418,-0.51,1.7,2.09
ATOM,3261.0,CB,VAL,212.0,-16.755,-11.709,-15.771,-0.09,2.275,0.0
ATOM,3262.0,CG1,VAL,212.0,-17.883,-11.689,-14.733,-0.27,2.06,0.0
ATOM,3263.0,CG2,VAL,212.0,-15.987,-13.016,-15.642,-0.27,2.06,1.11
ATOM,3264.0,H,VAL,212.0,-15.417,-11.025,-18.039,0.31,0.2245,0.0
ATOM,3265.0,HA,VAL,212.0,-17.97,-12.459,-17.371,0.09,1.32,0.0
ATOM,3266.0,HB,VAL,212.0,-16.089,-10.882,-15.583,0.09,1.32,0.0
ATOM,3267.0,HG11,VAL,212.0,-18.508,-10.822,-14.877,0.09,1.32,0.0
ATOM,3268.0,HG12,VAL,212.0,-18.478,-12.584,-14.831,0.09,1.32,0.0
ATOM,3269.0,HG13,VAL,212.0,-17.454,-11.649,-13.747,0.09,1.32,0.0
ATOM,3270.0,HG21,VAL,212.0,-16.601,-13.83,-16.001,0.09,1.32,0.0
ATOM,3271.0,HG22,VAL,212.0,-15.088,-12.956,-16.232,0.09,1.32,0.0
ATOM,3272.0,HG23,VAL,212.0,-15.733,-13.184,-14.605,0.09,1.32,0.0
ATOM,3273.0,N,LYS,213.0,-19.45,-10.456,-17.14,-0.47,1.85,0.0
ATOM,3274.0,CA,LYS,213.0,-20.36,-9.274,-17.133,0.07,2.275,0.09
ATOM,3275.0,C,LYS,213.0,-20.882,-9.162,-15.705,0.51,2.0,0.0
ATOM,3276.0,O,LYS,213.0,-20.902,-10.133,-14.987,-0.51,1.7,0.0
ATOM,3277.0,CB,LYS,213.0,-21.56,-9.502,-18.067,-0.18,2.175,8.0
ATOM,3278.0,CG,LYS,213.0,-21.146,-9.315,-19.533,-0.18,2.175,11.39
ATOM,3279.0,CD,LYS,213.0,-20.325,-10.524,-20.022,-0.18,2.175,1.86
ATOM,3280.0,CE,LYS,213.0,-20.358,-10.63,-21.567,0.21,2.175,16.43
ATOM,3281.0,NZ,LYS,213.0,-18.958,-10.648,-22.085,-0.3,1.85,6.1
ATOM,3282.0,H,LYS,213.0,-19.828,-11.346,-16.979,0.31,0.2245,0.0
ATOM,3283.0,HA,LYS,213.0,-19.826,-8.375,-17.411,0.09,1.32,0.19
ATOM,3284.0,HB2,LYS,213.0,-21.947,-10.499,-17.919,0.09,1.32,2.63
ATOM,3285.0,HB3,LYS,213.0,-22.335,-8.786,-17.827,0.09,1.32,5.29
ATOM,3286.0,HG2,LYS,213.0,-22.036,-9.212,-20.138,0.09,1.32,11.59
ATOM,3287.0,HG3,LYS,213.0,-20.549,-8.42,-19.623,0.09,1.32,9.49
ATOM,3288.0,HD2,LYS,213.0,-19.301,-10.401,-19.701,0.09,1.32,0.0
ATOM,3289.0,HD3,LYS,213.0,-20.723,-11.433,-19.591,0.09,1.32,3.82
ATOM,3290.0,HE2,LYS,213.0,-20.857,-11.544,-21.859,0.05,1.32,14.36
ATOM,3291.0,HE3,LYS,213.0,-20.883,-9.788,-21.999,0.05,1.32,10.54
ATOM,3292.0,HZ1,LYS,213.0,-18.3,-10.418,-21.315,0.33,0.2245,1.68
ATOM,3293.0,HZ2,LYS,213.0,-18.736,-11.593,-22.458,0.33,0.2245,15.4
ATOM,3294.0,HZ3,LYS,213.0,-18.862,-9.943,-22.846,0.33,0.2245,20.66
ATOM,3295.0,N,ASN,214.0,-21.306,-8.02,-15.267,-0.47,1.85,0.0
ATOM,3296.0,CA,ASN,214.0,-21.816,-7.953,-13.871,0.07,2.275,0.0
ATOM,3297.0,C,ASN,214.0,-23.015,-8.888,-13.739,0.51,2.0,0.0
ATOM,3298.0,O,ASN,214.0,-23.712,-9.148,-14.7,-0.51,1.7,5.81
ATOM,3299.0,CB,ASN,214.0,-22.241,-6.522,-13.523,-0.18,2.175,1.06
ATOM,3300.0,CG,ASN,214.0,-23.482,-6.122,-14.329,0.55,2.0,0.0
ATOM,3301.0,H,ASN,214.0,-21.297,-7.226,-15.839,0.31,0.2245,1.34
ATOM,3302.0,HA,ASN,214.0,-21.039,-8.273,-13.19,0.09,1.32,0.0
ATOM,3303.0,HB2,ASN,214.0,-22.472,-6.469,-12.468,0.09,1.32,3.04
ATOM,3304.0,HB3,ASN,214.0,-21.433,-5.843,-13.746,0.09,1.32,0.7
ATOM,3305.0,OD1,ASN,214.0,-23.898,-6.83,-15.224,-0.55,1.7,15.67
ATOM,3306.0,ND2,ASN,214.0,-24.096,-5.005,-14.04,-0.62,1.85,18.77
ATOM,3307.0,HD21,ASN,214.0,-23.761,-4.436,-13.315,0.32,0.2245,16.39
ATOM,3308.0,HD22,ASN,214.0,-24.891,-4.737,-14.545,0.3,0.2245,20.55
ATOM,3309.0,N,ASP,215.0,-23.247,-9.39,-12.551,-0.47,1.85,1.08
ATOM,3310.0,CA,ASP,215.0,-24.404,-10.312,-12.279,0.07,2.275,1.13
ATOM,3311.0,C,ASP,215.0,-24.127,-11.714,-12.838,0.51,2.0,0.66
ATOM,3312.0,O,ASP,215.0,-24.999,-12.559,-12.857,-0.51,1.7,16.34
ATOM,3313.0,CB,ASP,215.0,-25.728,-9.742,-12.876,-0.28,2.175,10.4
ATOM,3314.0,CG,ASP,215.0,-26.656,-9.241,-11.761,0.62,2.0,5.3
ATOM,3315.0,OD1,ASP,215.0,-26.747,-9.908,-10.744,-0.76,1.7,13.01
ATOM,3316.0,OD2,ASP,215.0,-27.259,-8.197,-11.948,-0.76,1.7,43.12
ATOM,3317.0,H,ASP,215.0,-22.644,-9.16,-11.819,0.31,0.2245,1.95
ATOM,3318.0,HA,ASP,215.0,-24.509,-10.403,-11.206,0.09,1.32,0.94
ATOM,3319.0,HB2,ASP,215.0,-25.519,-8.917,-13.529,0.09,1.32,0.95
ATOM,3320.0,HB3,ASP,215.0,-26.239,-10.513,-13.437,0.09,1.32,9.48
ATOM,3321.0,N,ASP,216.0,-22.929,-11.982,-13.266,-0.47,1.85,0.0
ATOM,3322.0,CA,ASP,216.0,-22.625,-13.347,-13.783,0.07,2.275,0.44
ATOM,3323.0,C,ASP,216.0,-22.391,-14.268,-12.578,0.51,2.0,0.0
ATOM,3324.0,O,ASP,216.0,-21.811,-13.872,-11.587,-0.51,1.7,0.0
ATOM,3325.0,CB,ASP,216.0,-21.36,-13.3,-14.676,-0.28,2.175,0.0
ATOM,3326.0,CG,ASP,216.0,-21.737,-13.422,-16.164,0.62,2.0,0.71
ATOM,3327.0,OD1,ASP,216.0,-22.62,-14.208,-16.47,-0.76,1.7,24.57
ATOM,3328.0,OD2,ASP,216.0,-21.131,-12.734,-16.968,-0.76,1.7,3.91
ATOM,3329.0,H,ASP,216.0,-22.229,-11.299,-13.23,0.31,0.2245,0.0
ATOM,3330.0,HA,ASP,216.0,-23.472,-13.714,-14.35,0.09,1.32,3.1
ATOM,3331.0,HB2,ASP,216.0,-20.855,-12.364,-14.516,0.09,1.32,0.0
ATOM,3332.0,HB3,ASP,216.0,-20.69,-14.108,-14.416,0.09,1.32,0.0
ATOM,3333.0,N,TYR,217.0,-22.816,-15.498,-12.663,-0.47,1.85,0.2
ATOM,3334.0,CA,TYR,217.0,-22.592,-16.443,-11.53,0.07,2.275,0.0
ATOM,3335.0,C,TYR,217.0,-21.272,-17.17,-11.781,0.51,2.0,0.0
ATOM,3336.0,O,TYR,217.0,-21.088,-17.792,-12.809,-0.51,1.7,0.0
ATOM,3337.0,CB,TYR,217.0,-23.742,-17.452,-11.46,-0.18,2.175,11.94
ATOM,3338.0,CG,TYR,217.0,-23.628,-18.27,-10.193,0.0,1.9924,0.53
ATOM,3339.0,CD1,TYR,217.0,-22.833,-19.432,-10.172,-0.115,1.9924,3.14
ATOM,3340.0,CD2,TYR,217.0,-24.324,-17.873,-9.034,-0.115,1.9924,8.65
ATOM,3341.0,CE1,TYR,217.0,-22.736,-20.198,-8.994,-0.115,1.9924,2.2
ATOM,3342.0,CE2,TYR,217.0,-24.228,-18.642,-7.856,-0.115,1.9924,9.99
ATOM,3343.0,CZ,TYR,217.0,-23.434,-19.805,-7.837,0.11,1.9924,1.79
ATOM,3344.0,OH,TYR,217.0,-23.34,-20.56,-6.685,-0.54,1.77,19.83
ATOM,3345.0,H,TYR,217.0,-23.258,-15.799,-13.484,0.31,0.2245,4.64
ATOM,3346.0,HA,TYR,217.0,-22.53,-15.893,-10.599,0.09,1.32,0.0
ATOM,3347.0,HB2,TYR,217.0,-24.684,-16.921,-11.46,0.09,1.32,8.99
ATOM,3348.0,HB3,TYR,217.0,-23.7,-18.109,-12.317,0.09,1.32,0.82
ATOM,3349.0,HD1,TYR,217.0,-22.293,-19.734,-11.057,0.115,1.3582,0.0
ATOM,3350.0,HD2,TYR,217.0,-24.932,-16.981,-9.048,0.115,1.3582,3.37
ATOM,3351.0,HE1,TYR,217.0,-22.128,-21.089,-8.979,0.115,1.3582,0.0
ATOM,3352.0,HE2,TYR,217.0,-24.762,-18.339,-6.968,0.115,1.3582,16.09
ATOM,3353.0,HH,TYR,217.0,-22.387,-20.59,-6.392,0.43,0.2245,0.0
ATOM,3354.0,N,LEU,218.0,-20.338,-17.073,-10.867,-0.47,1.85,0.0
ATOM,3355.0,CA,LEU,218.0,-19.008,-17.736,-11.073,0.07,2.275,0.0
ATOM,3356.0,C,LEU,218.0,-18.632,-18.564,-9.851,0.51,2.0,0.0
ATOM,3357.0,O,LEU,218.0,-18.936,-18.204,-8.73,-0.51,1.7,0.0
ATOM,3358.0,CB,LEU,218.0,-17.928,-16.664,-11.227,-0.18,2.175,0.75
ATOM,3359.0,CG,LEU,218.0,-18.254,-15.725,-12.386,-0.09,2.275,0.0
ATOM,3360.0,CD1,LEU,218.0,-17.213,-14.607,-12.415,-0.27,2.06,0.0
ATOM,3361.0,CD2,LEU,218.0,-18.24,-16.488,-13.723,-0.27,2.06,0.0
ATOM,3362.0,H,LEU,218.0,-20.501,-16.545,-10.056,0.31,0.2245,0.0
ATOM,3363.0,HA,LEU,218.0,-19.022,-18.365,-11.95,0.09,1.32,0.0
ATOM,3364.0,HB2,LEU,218.0,-17.869,-16.089,-10.314,0.09,1.32,0.0
ATOM,3365.0,HB3,LEU,218.0,-16.976,-17.14,-11.408,0.09,1.32,0.0
ATOM,3366.0,HG,LEU,218.0,-19.232,-15.292,-12.226,0.09,1.32,0.0
ATOM,3367.0,HD11,LEU,218.0,-17.174,-14.132,-11.446,0.09,1.32,0.0
ATOM,3368.0,HD12,LEU,218.0,-16.245,-15.02,-12.655,0.09,1.32,0.0
ATOM,3369.0,HD13,LEU,218.0,-17.491,-13.883,-13.161,0.09,1.32,0.0
ATOM,3370.0,HD21,LEU,218.0,-17.536,-17.309,-13.675,0.09,1.32,0.0
ATOM,3371.0,HD22,LEU,218.0,-19.229,-16.871,-13.919,0.09,1.32,0.0
ATOM,3372.0,HD23,LEU,218.0,-17.953,-15.819,-14.525,0.09,1.32,0.0
ATOM,3373.0,N,ILE,219.0,-17.924,-19.649,-10.056,-0.47,1.85,0.0
ATOM,3374.0,CA,ILE,219.0,-17.46,-20.48,-8.903,0.07,2.275,0.0
ATOM,3375.0,C,ILE,219.0,-15.933,-20.432,-8.929,0.51,2.0,0.01
ATOM,3376.0,O,ILE,219.0,-15.313,-20.706,-9.938,-0.51,1.7,0.0
ATOM,3377.0,CB,ILE,219.0,-17.957,-21.92,-9.042,-0.09,2.275,0.0
ATOM,3378.0,CG1,ILE,219.0,-19.491,-21.918,-9.093,-0.18,2.175,0.0
ATOM,3379.0,CG2,ILE,219.0,-17.495,-22.73,-7.827,-0.27,2.06,0.0
ATOM,3380.0,CD1,ILE,219.0,-20.017,-23.339,-9.348,-0.27,2.06,0.0
ATOM,3381.0,H,ILE,219.0,-17.662,-19.902,-10.975,0.31,0.2245,0.0
ATOM,3382.0,HA,ILE,219.0,-17.812,-20.063,-7.967,0.09,1.32,0.0
ATOM,3383.0,HB,ILE,219.0,-17.56,-22.359,-9.939,0.09,1.32,0.0
ATOM,3384.0,HG12,ILE,219.0,-19.878,-21.554,-8.153,0.09,1.32,0.0
ATOM,3385.0,HG13,ILE,219.0,-19.821,-21.267,-9.889,0.09,1.32,0.0
ATOM,3386.0,HG21,ILE,219.0,-16.417,-22.709,-7.769,0.09,1.32,0.0
ATOM,3387.0,HG22,ILE,219.0,-17.912,-22.297,-6.93,0.09,1.32,0.0
ATOM,3388.0,HG23,ILE,219.0,-17.829,-23.752,-7.924,0.09,1.32,0.0
ATOM,3389.0,HD11,ILE,219.0,-19.341,-23.868,-10.006,0.09,1.32,0.0
ATOM,3390.0,HD12,ILE,219.0,-20.095,-23.868,-8.409,0.09,1.32,0.0
ATOM,3391.0,HD13,ILE,219.0,-20.993,-23.284,-9.806,0.09,1.32,0.0
ATOM,3392.0,N,LEU,220.0,-15.317,-20.058,-7.84,-0.47,1.85,0.0
ATOM,3393.0,CA,LEU,220.0,-13.829,-19.953,-7.806,0.07,2.275,0.03
ATOM,3394.0,C,LEU,220.0,-13.245,-21.213,-7.169,0.51,2.0,0.0
ATOM,3395.0,O,LEU,220.0,-13.489,-21.51,-6.017,-0.51,1.7,0.0
ATOM,3396.0,CB,LEU,220.0,-13.482,-18.704,-6.981,-0.18,2.175,0.0
ATOM,3397.0,CG,LEU,220.0,-11.987,-18.638,-6.655,-0.09,2.275,0.0
ATOM,3398.0,CD1,LEU,220.0,-11.168,-18.703,-7.944,-0.27,2.06,0.0
ATOM,3399.0,CD2,LEU,220.0,-11.699,-17.313,-5.934,-0.27,2.06,0.13
ATOM,3400.0,H,LEU,220.0,-15.827,-19.828,-7.034,0.31,0.2245,0.0
ATOM,3401.0,HA,LEU,220.0,-13.438,-19.841,-8.809,0.09,1.32,0.0
ATOM,3402.0,HB2,LEU,220.0,-13.755,-17.825,-7.547,0.09,1.32,0.64
ATOM,3403.0,HB3,LEU,220.0,-14.046,-18.721,-6.062,0.09,1.32,0.0
ATOM,3404.0,HG,LEU,220.0,-11.719,-19.462,-6.012,0.09,1.32,0.0
ATOM,3405.0,HD11,LEU,220.0,-11.62,-18.069,-8.692,0.09,1.32,0.0
ATOM,3406.0,HD12,LEU,220.0,-10.16,-18.366,-7.747,0.09,1.32,0.0
ATOM,3407.0,HD13,LEU,220.0,-11.142,-19.722,-8.302,0.09,1.32,0.0
ATOM,3408.0,HD21,LEU,220.0,-12.402,-17.183,-5.123,0.09,1.32,0.07
ATOM,3409.0,HD22,LEU,220.0,-10.694,-17.327,-5.54,0.09,1.32,0.0
ATOM,3410.0,HD23,LEU,220.0,-11.801,-16.493,-6.631,0.09,1.32,0.0
ATOM,3411.0,N,ASP,221.0,-12.458,-21.951,-7.909,-0.47,1.85,0.0
ATOM,3412.0,CA,ASP,221.0,-11.845,-23.181,-7.341,0.07,2.275,0.0
ATOM,3413.0,C,ASP,221.0,-10.703,-22.777,-6.418,0.51,2.0,0.0
ATOM,3414.0,O,ASP,221.0,-10.559,-23.297,-5.334,-0.51,1.7,0.0
ATOM,3415.0,CB,ASP,221.0,-11.307,-24.076,-8.469,-0.28,2.175,0.55
ATOM,3416.0,CG,ASP,221.0,-12.436,-24.935,-9.037,0.62,2.0,2.67
ATOM,3417.0,OD1,ASP,221.0,-13.58,-24.694,-8.682,-0.76,1.7,0.4
ATOM,3418.0,OD2,ASP,221.0,-12.132,-25.827,-9.807,-0.76,1.7,3.09
ATOM,3419.0,H,ASP,221.0,-12.256,-21.679,-8.829,0.31,0.2245,0.0
ATOM,3420.0,HA,ASP,221.0,-12.586,-23.721,-6.771,0.09,1.32,0.0
ATOM,3421.0,HB2,ASP,221.0,-10.897,-23.458,-9.256,0.09,1.32,0.0
ATOM,3422.0,HB3,ASP,221.0,-10.533,-24.725,-8.084,0.09,1.32,0.0
ATOM,3423.0,N,ALA,222.0,-9.88,-21.863,-6.85,-0.47,1.85,0.0
ATOM,3424.0,CA,ALA,222.0,-8.735,-21.429,-6.003,0.07,2.275,0.0
ATOM,3425.0,C,ALA,222.0,-7.987,-22.678,-5.51,0.51,2.0,0.0
ATOM,3426.0,O,ALA,222.0,-7.165,-22.616,-4.617,-0.51,1.7,0.0
ATOM,3427.0,CB,ALA,222.0,-9.27,-20.597,-4.822,-0.27,2.06,0.0
ATOM,3428.0,H,ALA,222.0,-10.009,-21.476,-7.741,0.31,0.2245,0.0
ATOM,3429.0,HA,ALA,222.0,-8.06,-20.825,-6.597,0.09,1.32,0.0
ATOM,3430.0,HB1,ALA,222.0,-10.316,-20.816,-4.678,0.09,1.32,0.0
ATOM,3431.0,HB2,ALA,222.0,-8.725,-20.834,-3.919,0.09,1.32,0.0
ATOM,3432.0,HB3,ALA,222.0,-9.158,-19.543,-5.041,0.09,1.32,0.0
ATOM,3433.0,N,VAL,223.0,-8.265,-23.806,-6.117,-0.47,1.85,0.0
ATOM,3434.0,CA,VAL,223.0,-7.581,-25.083,-5.746,0.07,2.275,0.0
ATOM,3435.0,C,VAL,223.0,-7.064,-25.709,-7.038,0.51,2.0,0.0
ATOM,3436.0,O,VAL,223.0,-5.915,-26.088,-7.146,-0.51,1.7,22.25
ATOM,3437.0,CB,VAL,223.0,-8.571,-26.028,-5.062,-0.09,2.275,0.36
ATOM,3438.0,CG1,VAL,223.0,-7.917,-27.396,-4.868,-0.27,2.06,27.17
ATOM,3439.0,CG2,VAL,223.0,-8.957,-25.45,-3.698,-0.27,2.06,2.57
ATOM,3440.0,H,VAL,223.0,-8.923,-23.809,-6.844,0.31,0.2245,0.0
ATOM,3441.0,HA,VAL,223.0,-6.748,-24.882,-5.085,0.09,1.32,4.02
ATOM,3442.0,HB,VAL,223.0,-9.455,-26.134,-5.675,0.09,1.32,2.88
ATOM,3443.0,HG11,VAL,223.0,-6.939,-27.266,-4.428,0.09,1.32,10.61
ATOM,3444.0,HG12,VAL,223.0,-8.53,-27.998,-4.212,0.09,1.32,0.82
ATOM,3445.0,HG13,VAL,223.0,-7.82,-27.889,-5.824,0.09,1.32,0.11
ATOM,3446.0,HG21,VAL,223.0,-9.159,-24.394,-3.798,0.09,1.32,0.0
ATOM,3447.0,HG22,VAL,223.0,-9.841,-25.952,-3.332,0.09,1.32,0.0
ATOM,3448.0,HG23,VAL,223.0,-8.144,-25.597,-3.0,0.09,1.32,7.47
ATOM,3449.0,N,ASN,224.0,-7.899,-25.76,-8.044,-0.47,1.85,0.0
ATOM,3450.0,CA,ASN,224.0,-7.463,-26.288,-9.369,0.07,2.275,1.62
ATOM,3451.0,C,ASN,224.0,-7.109,-25.076,-10.222,0.51,2.0,0.31
ATOM,3452.0,O,ASN,224.0,-6.73,-25.184,-11.371,-0.51,1.7,11.47
ATOM,3453.0,CB,ASN,224.0,-8.592,-27.09,-10.03,-0.18,2.175,2.78
ATOM,3454.0,CG,ASN,224.0,-8.649,-28.497,-9.426,0.55,2.0,1.94
ATOM,3455.0,H,ASN,224.0,-8.805,-25.396,-7.938,0.31,0.2245,0.0
ATOM,3456.0,HA,ASN,224.0,-6.587,-26.915,-9.25,0.09,1.32,5.81
ATOM,3457.0,HB2,ASN,224.0,-9.534,-26.589,-9.864,0.09,1.32,0.0
ATOM,3458.0,HB3,ASN,224.0,-8.406,-27.165,-11.091,0.09,1.32,0.77
ATOM,3459.0,OD1,ASN,224.0,-7.687,-28.961,-8.846,-0.55,1.7,25.28
ATOM,3460.0,ND2,ASN,224.0,-9.739,-29.204,-9.548,-0.62,1.85,23.15
ATOM,3461.0,HD21,ASN,224.0,-10.513,-28.834,-10.021,0.32,0.2245,6.57
ATOM,3462.0,HD22,ASN,224.0,-9.782,-30.107,-9.168,0.3,0.2245,15.38
ATOM,3463.0,N,ASN,225.0,-7.237,-23.912,-9.64,-0.47,1.85,0.0
ATOM,3464.0,CA,ASN,225.0,-6.919,-22.656,-10.368,0.07,2.275,0.0
ATOM,3465.0,C,ASN,225.0,-7.816,-22.537,-11.601,0.51,2.0,0.0
ATOM,3466.0,O,ASN,225.0,-7.355,-22.237,-12.684,-0.51,1.7,0.48
ATOM,3467.0,CB,ASN,225.0,-5.445,-22.668,-10.787,-0.18,2.175,9.0
ATOM,3468.0,CG,ASN,225.0,-4.978,-21.237,-11.087,0.55,2.0,0.04
ATOM,3469.0,H,ASN,225.0,-7.545,-23.868,-8.71,0.31,0.2245,0.0
ATOM,3470.0,HA,ASN,225.0,-7.099,-21.815,-9.714,0.09,1.32,0.0
ATOM,3471.0,HB2,ASN,225.0,-4.851,-23.077,-9.982,0.09,1.32,5.32
ATOM,3472.0,HB3,ASN,225.0,-5.324,-23.279,-11.669,0.09,1.32,3.94
ATOM,3473.0,OD1,ASN,225.0,-5.498,-20.586,-11.974,-0.55,1.7,0.38
ATOM,3474.0,ND2,ASN,225.0,-4.014,-20.718,-10.374,-0.62,1.85,6.99
ATOM,3475.0,HD21,ASN,225.0,-3.599,-21.242,-9.658,0.32,0.2245,5.86
ATOM,3476.0,HD22,ASN,225.0,-3.709,-19.802,-10.552,0.3,0.2245,0.0
ATOM,3477.0,N,GLN,226.0,-9.098,-22.772,-11.444,-0.47,1.85,0.0
ATOM,3478.0,CA,GLN,226.0,-10.04,-22.675,-12.609,0.07,2.275,0.26
ATOM,3479.0,C,GLN,226.0,-11.297,-21.908,-12.195,0.51,2.0,0.0
ATOM,3480.0,O,GLN,226.0,-11.663,-21.874,-11.037,-0.51,1.7,0.0
ATOM,3481.0,CB,GLN,226.0,-10.464,-24.08,-13.049,-0.18,2.175,0.7
ATOM,3482.0,CG,GLN,226.0,-9.282,-24.815,-13.684,-0.18,2.175,3.57
ATOM,3483.0,CD,GLN,226.0,-9.722,-26.228,-14.075,0.55,2.0,2.49
ATOM,3484.0,H,GLN,226.0,-9.443,-23.014,-10.555,0.31,0.2245,0.0
ATOM,3485.0,HA,GLN,226.0,-9.563,-22.166,-13.436,0.09,1.32,0.0
ATOM,3486.0,HB2,GLN,226.0,-10.811,-24.632,-12.189,0.09,1.32,0.0
ATOM,3487.0,HB3,GLN,226.0,-11.268,-24.001,-13.771,0.09,1.32,4.21
ATOM,3488.0,HG2,GLN,226.0,-8.955,-24.281,-14.564,0.09,1.32,2.27
ATOM,3489.0,HG3,GLN,226.0,-8.47,-24.874,-12.975,0.09,1.32,0.0
ATOM,3490.0,OE1,GLN,226.0,-10.861,-26.597,-13.871,-0.55,1.7,8.24
ATOM,3491.0,NE2,GLN,226.0,-8.862,-27.045,-14.621,-0.62,1.85,17.99
ATOM,3492.0,HE21,GLN,226.0,-7.939,-26.754,-14.778,0.32,0.2245,15.34
ATOM,3493.0,HE22,GLN,226.0,-9.139,-27.952,-14.87,0.3,0.2245,20.96
ATOM,3494.0,N,VAL,227.0,-11.972,-21.313,-13.146,-0.47,1.85,0.0
ATOM,3495.0,CA,VAL,227.0,-13.233,-20.561,-12.85,0.07,2.275,0.0
ATOM,3496.0,C,VAL,227.0,-14.352,-21.134,-13.717,0.51,2.0,0.0
ATOM,3497.0,O,VAL,227.0,-14.203,-21.277,-14.915,-0.51,1.7,16.74
ATOM,3498.0,CB,VAL,227.0,-13.055,-19.077,-13.185,-0.09,2.275,0.19
ATOM,3499.0,CG1,VAL,227.0,-14.377,-18.347,-12.916,-0.27,2.06,1.46
ATOM,3500.0,CG2,VAL,227.0,-11.925,-18.459,-12.323,-0.27,2.06,1.75
ATOM,3501.0,H,VAL,227.0,-11.657,-21.376,-14.073,0.31,0.2245,1.81
ATOM,3502.0,HA,VAL,227.0,-13.498,-20.668,-11.806,0.09,1.32,0.0
ATOM,3503.0,HB,VAL,227.0,-12.808,-18.98,-14.233,0.09,1.32,1.0
ATOM,3504.0,HG11,VAL,227.0,-14.752,-18.627,-11.943,0.09,1.32,0.18
ATOM,3505.0,HG12,VAL,227.0,-14.21,-17.28,-12.945,0.09,1.32,0.02
ATOM,3506.0,HG13,VAL,227.0,-15.099,-18.62,-13.673,0.09,1.32,0.0
ATOM,3507.0,HG21,VAL,227.0,-11.247,-19.234,-11.99,0.09,1.32,0.08
ATOM,3508.0,HG22,VAL,227.0,-11.375,-17.739,-12.915,0.09,1.32,0.27
ATOM,3509.0,HG23,VAL,227.0,-12.345,-17.96,-11.458,0.09,1.32,0.0
ATOM,3510.0,N,TYR,228.0,-15.473,-21.456,-13.126,-0.47,1.85,0.0
ATOM,3511.0,CA,TYR,228.0,-16.614,-22.015,-13.918,0.07,2.275,0.0
ATOM,3512.0,C,TYR,228.0,-17.666,-20.926,-14.139,0.51,2.0,0.0
ATOM,3513.0,O,TYR,228.0,-18.169,-20.329,-13.208,-0.51,1.7,0.0
ATOM,3514.0,CB,TYR,228.0,-17.231,-23.186,-13.161,-0.18,2.175,0.0
ATOM,3515.0,CG,TYR,228.0,-16.28,-24.356,-13.199,0.0,1.9924,0.0
ATOM,3516.0,CD1,TYR,228.0,-15.269,-24.477,-12.229,-0.115,1.9924,0.0
ATOM,3517.0,CD2,TYR,228.0,-16.405,-25.33,-14.208,-0.115,1.9924,3.88
ATOM,3518.0,CE1,TYR,228.0,-14.386,-25.571,-12.271,-0.115,1.9924,0.0
ATOM,3519.0,CE2,TYR,228.0,-15.519,-26.424,-14.247,-0.115,1.9924,10.69
ATOM,3520.0,CZ,TYR,228.0,-14.51,-26.544,-13.277,0.11,1.9924,0.02
ATOM,3521.0,OH,TYR,228.0,-13.641,-27.615,-13.312,-0.54,1.77,25.1
ATOM,3522.0,H,TYR,228.0,-15.566,-21.312,-12.161,0.31,0.2245,0.0
ATOM,3523.0,HA,TYR,228.0,-16.257,-22.365,-14.878,0.09,1.32,2.78
ATOM,3524.0,HB2,TYR,228.0,-17.413,-22.9,-12.142,0.09,1.32,0.0
ATOM,3525.0,HB3,TYR,228.0,-18.158,-23.464,-13.628,0.09,1.32,0.2
ATOM,3526.0,HD1,TYR,228.0,-15.17,-23.731,-11.453,0.115,1.3582,0.0
ATOM,3527.0,HD2,TYR,228.0,-17.18,-25.237,-14.951,0.115,1.3582,10.15
ATOM,3528.0,HE1,TYR,228.0,-13.615,-25.663,-11.533,0.115,1.3582,0.0
ATOM,3529.0,HE2,TYR,228.0,-15.615,-27.17,-15.019,0.115,1.3582,18.15
ATOM,3530.0,HH,TYR,228.0,-12.717,-27.28,-13.484,0.43,0.2245,0.51
ATOM,3531.0,N,VAL,229.0,-17.98,-20.652,-15.378,-0.47,1.85,0.6
ATOM,3532.0,CA,VAL,229.0,-18.979,-19.585,-15.706,0.07,2.275,0.0
ATOM,3533.0,C,VAL,229.0,-20.345,-20.207,-16.04,0.51,2.0,0.0
ATOM,3534.0,O,VAL,229.0,-20.497,-20.886,-17.036,-0.51,1.7,14.3
ATOM,3535.0,CB,VAL,229.0,-18.482,-18.801,-16.935,-0.09,2.275,1.18
ATOM,3536.0,CG1,VAL,229.0,-19.464,-17.669,-17.263,-0.27,2.06,13.62
ATOM,3537.0,CG2,VAL,229.0,-17.081,-18.214,-16.667,-0.27,2.06,10.53
ATOM,3538.0,H,VAL,229.0,-17.54,-21.136,-16.098,0.31,0.2245,8.21
ATOM,3539.0,HA,VAL,229.0,-19.082,-18.915,-14.871,0.09,1.32,0.0
ATOM,3540.0,HB,VAL,229.0,-18.432,-19.474,-17.78,0.09,1.32,9.34
ATOM,3541.0,HG11,VAL,229.0,-19.761,-17.172,-16.351,0.09,1.32,0.0
ATOM,3542.0,HG12,VAL,229.0,-18.987,-16.956,-17.922,0.09,1.32,5.62
ATOM,3543.0,HG13,VAL,229.0,-20.336,-18.08,-17.749,0.09,1.32,4.71
ATOM,3544.0,HG21,VAL,229.0,-16.523,-18.875,-16.02,0.09,1.32,0.0
ATOM,3545.0,HG22,VAL,229.0,-16.553,-18.107,-17.604,0.09,1.32,12.43
ATOM,3546.0,HG23,VAL,229.0,-17.171,-17.246,-16.195,0.09,1.32,0.0
ATOM,3547.0,N,ASN,230.0,-21.341,-19.971,-15.223,-0.47,1.85,0.01
ATOM,3548.0,CA,ASN,230.0,-22.699,-20.534,-15.499,0.07,2.275,0.0
ATOM,3549.0,C,ASN,230.0,-22.629,-22.051,-15.691,0.51,2.0,0.0
ATOM,3550.0,O,ASN,230.0,-22.872,-22.555,-16.769,-0.51,1.7,14.13
ATOM,3551.0,CB,ASN,230.0,-23.263,-19.898,-16.773,-0.18,2.175,4.62
ATOM,3552.0,CG,ASN,230.0,-24.702,-20.375,-16.989,0.55,2.0,2.56
ATOM,3553.0,H,ASN,230.0,-21.202,-19.426,-14.419,0.31,0.2245,0.0
ATOM,3554.0,HA,ASN,230.0,-23.354,-20.309,-14.671,0.09,1.32,2.35
ATOM,3555.0,HB2,ASN,230.0,-23.249,-18.823,-16.677,0.09,1.32,3.36
ATOM,3556.0,HB3,ASN,230.0,-22.661,-20.193,-17.618,0.09,1.32,5.5
ATOM,3557.0,OD1,ASN,230.0,-25.138,-21.324,-16.368,-0.55,1.7,21.97
ATOM,3558.0,ND2,ASN,230.0,-25.461,-19.755,-17.851,-0.62,1.85,29.56
ATOM,3559.0,HD21,ASN,230.0,-25.11,-18.991,-18.354,0.32,0.2245,17.13
ATOM,3560.0,HD22,ASN,230.0,-26.384,-20.054,-17.994,0.3,0.2245,20.73
ATOM,3561.0,N,PRO,231.0,-22.31,-22.776,-14.651,-0.29,1.85,0.0
ATOM,3562.0,CA,PRO,231.0,-22.218,-24.259,-14.699,0.02,2.275,0.59
ATOM,3563.0,C,PRO,231.0,-23.558,-24.938,-14.384,0.51,2.0,0.0
ATOM,3564.0,O,PRO,231.0,-24.329,-24.467,-13.571,-0.51,1.7,8.29
ATOM,3565.0,CB,PRO,231.0,-21.194,-24.556,-13.609,-0.18,2.175,0.09
ATOM,3566.0,CG,PRO,231.0,-21.427,-23.498,-12.569,-0.18,2.175,0.0
ATOM,3567.0,CD,PRO,231.0,-21.989,-22.266,-13.308,0.0,2.175,0.0
ATOM,3568.0,HA,PRO,231.0,-21.841,-24.586,-15.653,0.09,1.32,7.32
ATOM,3569.0,HB2,PRO,231.0,-21.351,-25.544,-13.196,0.09,1.32,0.0
ATOM,3570.0,HB3,PRO,231.0,-20.196,-24.472,-14.006,0.09,1.32,0.32
ATOM,3571.0,HG2,PRO,231.0,-22.142,-23.854,-11.834,0.09,1.32,0.0
ATOM,3572.0,HG3,PRO,231.0,-20.497,-23.24,-12.084,0.09,1.32,0.0
ATOM,3573.0,HD2,PRO,231.0,-22.881,-21.898,-12.816,0.09,1.32,3.18
ATOM,3574.0,HD3,PRO,231.0,-21.244,-21.488,-13.374,0.09,1.32,0.0
ATOM,3575.0,N,THR,232.0,-23.84,-26.036,-15.028,-0.47,1.85,0.34
ATOM,3576.0,CA,THR,232.0,-25.129,-26.743,-14.778,0.07,2.275,0.5
ATOM,3577.0,C,THR,232.0,-25.125,-27.326,-13.355,0.51,2.0,0.0
ATOM,3578.0,O,THR,232.0,-24.097,-27.41,-12.711,-0.51,1.7,0.0
ATOM,3579.0,CB,THR,232.0,-25.291,-27.874,-15.828,0.14,2.275,1.78
ATOM,3580.0,OG1,THR,232.0,-24.224,-27.794,-16.763,-0.66,1.77,14.11
ATOM,3581.0,CG2,THR,232.0,-26.625,-27.732,-16.577,-0.27,2.06,31.36
ATOM,3582.0,H,THR,232.0,-23.21,-26.39,-15.691,0.31,0.2245,0.26
ATOM,3583.0,HA,THR,232.0,-25.942,-26.035,-14.867,0.09,1.32,6.34
ATOM,3584.0,HB,THR,232.0,-25.261,-28.842,-15.343,0.09,1.32,0.0
ATOM,3585.0,HG21,THR,232.0,-27.44,-27.743,-15.869,0.09,1.32,7.85
ATOM,3586.0,HG22,THR,232.0,-26.634,-26.799,-17.121,0.09,1.32,12.39
ATOM,3587.0,HG23,THR,232.0,-26.739,-28.553,-17.271,0.09,1.32,14.69
ATOM,3588.0,HG1,THR,232.0,-24.109,-26.848,-17.091,0.43,0.2245,11.16
ATOM,3589.0,N,ASN,233.0,-26.269,-27.723,-12.865,-0.47,1.85,0.0
ATOM,3590.0,CA,ASN,233.0,-26.342,-28.302,-11.492,0.07,2.275,0.01
ATOM,3591.0,C,ASN,233.0,-25.465,-29.552,-11.41,0.51,2.0,0.07
ATOM,3592.0,O,ASN,233.0,-24.805,-29.793,-10.42,-0.51,1.7,1.01
ATOM,3593.0,CB,ASN,233.0,-27.79,-28.673,-11.162,-0.18,2.175,10.99
ATOM,3594.0,CG,ASN,233.0,-28.59,-27.404,-10.858,0.55,2.0,2.05
ATOM,3595.0,H,ASN,233.0,-27.084,-27.645,-13.405,0.31,0.2245,1.14
ATOM,3596.0,HA,ASN,233.0,-25.989,-27.573,-10.779,0.09,1.32,0.0
ATOM,3597.0,HB2,ASN,233.0,-28.233,-29.187,-12.004,0.09,1.32,8.87
ATOM,3598.0,HB3,ASN,233.0,-27.808,-29.321,-10.297,0.09,1.32,6.46
ATOM,3599.0,OD1,ASN,233.0,-28.428,-26.398,-11.518,-0.55,1.7,25.94
ATOM,3600.0,ND2,ASN,233.0,-29.451,-27.409,-9.877,-0.62,1.85,28.56
ATOM,3601.0,HD21,ASN,233.0,-29.582,-28.22,-9.343,0.32,0.2245,16.67
ATOM,3602.0,HD22,ASN,233.0,-29.966,-26.6,-9.674,0.3,0.2245,20.91
ATOM,3603.0,N,GLU,234.0,-25.464,-30.356,-12.437,-0.47,1.85,0.0
ATOM,3604.0,CA,GLU,234.0,-24.643,-31.598,-12.406,0.07,2.275,1.08
ATOM,3605.0,C,GLU,234.0,-23.17,-31.234,-12.22,0.51,2.0,0.15
ATOM,3606.0,O,GLU,234.0,-22.438,-31.915,-11.528,-0.51,1.7,3.69
ATOM,3607.0,CB,GLU,234.0,-24.81,-32.36,-13.722,-0.18,2.175,5.77
ATOM,3608.0,CG,GLU,234.0,-26.219,-32.953,-13.806,-0.28,2.175,12.69
ATOM,3609.0,CD,GLU,234.0,-26.286,-33.932,-14.979,0.62,2.0,5.65
ATOM,3610.0,OE1,GLU,234.0,-25.288,-34.589,-15.234,-0.76,1.7,37.44
ATOM,3611.0,OE2,GLU,234.0,-27.329,-34.006,-15.606,-0.76,1.7,47.64
ATOM,3612.0,H,GLU,234.0,-26.014,-30.151,-13.221,0.31,0.2245,0.04
ATOM,3613.0,HA,GLU,234.0,-24.967,-32.221,-11.585,0.09,1.32,2.01
ATOM,3614.0,HB2,GLU,234.0,-24.659,-31.682,-14.549,0.09,1.32,3.44
ATOM,3615.0,HB3,GLU,234.0,-24.083,-33.156,-13.772,0.09,1.32,7.59
ATOM,3616.0,HG2,GLU,234.0,-26.448,-33.473,-12.887,0.09,1.32,12.16
ATOM,3617.0,HG3,GLU,234.0,-26.935,-32.16,-13.961,0.09,1.32,5.89
ATOM,3618.0,N,VAL,235.0,-22.729,-30.16,-12.811,-0.47,1.85,0.0
ATOM,3619.0,CA,VAL,235.0,-21.306,-29.754,-12.645,0.07,2.275,0.22
ATOM,3620.0,C,VAL,235.0,-21.066,-29.33,-11.192,0.51,2.0,0.0
ATOM,3621.0,O,VAL,235.0,-20.053,-29.644,-10.601,-0.51,1.7,0.0
ATOM,3622.0,CB,VAL,235.0,-21.002,-28.585,-13.587,-0.09,2.275,0.0
ATOM,3623.0,CG1,VAL,235.0,-19.632,-27.994,-13.254,-0.27,2.06,1.43
ATOM,3624.0,CG2,VAL,235.0,-20.993,-29.093,-15.027,-0.27,2.06,21.44
ATOM,3625.0,H,VAL,235.0,-23.337,-29.606,-13.345,0.31,0.2245,0.0
ATOM,3626.0,HA,VAL,235.0,-20.662,-30.587,-12.886,0.09,1.32,1.63
ATOM,3627.0,HB,VAL,235.0,-21.761,-27.824,-13.475,0.09,1.32,0.0
ATOM,3628.0,HG11,VAL,235.0,-18.916,-28.795,-13.139,0.09,1.32,4.88
ATOM,3629.0,HG12,VAL,235.0,-19.317,-27.342,-14.055,0.09,1.32,1.46
ATOM,3630.0,HG13,VAL,235.0,-19.696,-27.432,-12.335,0.09,1.32,0.0
ATOM,3631.0,HG21,VAL,235.0,-21.943,-29.551,-15.255,0.09,1.32,1.74
ATOM,3632.0,HG22,VAL,235.0,-20.819,-28.266,-15.7,0.09,1.32,7.59
ATOM,3633.0,HG23,VAL,235.0,-20.204,-29.822,-15.144,0.09,1.32,11.23
ATOM,3634.0,N,ILE,236.0,-21.996,-28.627,-10.611,-0.47,1.85,0.0
ATOM,3635.0,CA,ILE,236.0,-21.827,-28.192,-9.197,0.07,2.275,0.0
ATOM,3636.0,C,ILE,236.0,-21.847,-29.42,-8.292,0.51,2.0,0.0
ATOM,3637.0,O,ILE,236.0,-21.019,-29.573,-7.418,-0.51,1.7,0.0
ATOM,3638.0,CB,ILE,236.0,-22.974,-27.241,-8.826,-0.09,2.275,0.0
ATOM,3639.0,CG1,ILE,236.0,-22.916,-26.024,-9.766,-0.18,2.175,0.0
ATOM,3640.0,CG2,ILE,236.0,-22.859,-26.792,-7.341,-0.27,2.06,5.77
ATOM,3641.0,CD1,ILE,236.0,-24.18,-25.169,-9.611,-0.27,2.06,16.0
ATOM,3642.0,H,ILE,236.0,-22.81,-28.388,-11.102,0.31,0.2245,0.0
ATOM,3643.0,HA,ILE,236.0,-20.884,-27.685,-9.078,0.09,1.32,0.0
ATOM,3644.0,HB,ILE,236.0,-23.913,-27.759,-8.974,0.09,1.32,1.42
ATOM,3645.0,HG12,ILE,236.0,-22.049,-25.427,-9.525,0.09,1.32,0.0
ATOM,3646.0,HG13,ILE,236.0,-22.842,-26.367,-10.787,0.09,1.32,0.0
ATOM,3647.0,HG21,ILE,236.0,-22.004,-27.26,-6.877,0.09,1.32,0.0
ATOM,3648.0,HG22,ILE,236.0,-22.748,-25.718,-7.279,0.09,1.32,1.72
ATOM,3649.0,HG23,ILE,236.0,-23.752,-27.084,-6.806,0.09,1.32,10.39
ATOM,3650.0,HD11,ILE,236.0,-25.042,-25.809,-9.494,0.09,1.32,2.35
ATOM,3651.0,HD12,ILE,236.0,-24.084,-24.531,-8.746,0.09,1.32,3.75
ATOM,3652.0,HD13,ILE,236.0,-24.304,-24.56,-10.493,0.09,1.32,2.01
ATOM,3653.0,N,ASP,237.0,-22.773,-30.305,-8.502,-0.47,1.85,0.42
ATOM,3654.0,CA,ASP,237.0,-22.83,-31.524,-7.654,0.07,2.275,1.06
ATOM,3655.0,C,ASP,237.0,-21.465,-32.22,-7.72,0.51,2.0,0.19
ATOM,3656.0,O,ASP,237.0,-20.919,-32.635,-6.718,-0.51,1.7,3.51
ATOM,3657.0,CB,ASP,237.0,-23.945,-32.455,-8.193,-0.28,2.175,5.46
ATOM,3658.0,CG,ASP,237.0,-25.005,-32.716,-7.114,0.62,2.0,5.47
ATOM,3659.0,OD1,ASP,237.0,-24.627,-32.878,-5.964,-0.76,1.7,32.79
ATOM,3660.0,OD2,ASP,237.0,-26.175,-32.753,-7.458,-0.76,1.7,42.08
ATOM,3661.0,H,ASP,237.0,-23.429,-30.172,-9.219,0.31,0.2245,0.0
ATOM,3662.0,HA,ASP,237.0,-23.037,-31.239,-6.632,0.09,1.32,0.26
ATOM,3663.0,HB2,ASP,237.0,-24.417,-31.98,-9.04,0.09,1.32,0.0
ATOM,3664.0,HB3,ASP,237.0,-23.523,-33.399,-8.51,0.09,1.32,10.1
ATOM,3665.0,N,LYS,238.0,-20.916,-32.345,-8.896,-0.47,1.85,0.13
ATOM,3666.0,CA,LYS,238.0,-19.588,-33.009,-9.035,0.07,2.275,2.25
ATOM,3667.0,C,LYS,238.0,-18.539,-32.193,-8.269,0.51,2.0,0.0
ATOM,3668.0,O,LYS,238.0,-17.675,-32.734,-7.607,-0.51,1.7,0.14
ATOM,3669.0,CB,LYS,238.0,-19.213,-33.075,-10.519,-0.18,2.175,1.24
ATOM,3670.0,CG,LYS,238.0,-17.981,-33.967,-10.716,-0.18,2.175,3.84
ATOM,3671.0,CD,LYS,238.0,-17.621,-34.015,-12.211,-0.18,2.175,8.34
ATOM,3672.0,CE,LYS,238.0,-16.541,-35.088,-12.485,0.21,2.175,16.98
ATOM,3673.0,NZ,LYS,238.0,-15.403,-34.467,-13.226,-0.3,1.85,12.56
ATOM,3674.0,H,LYS,238.0,-21.377,-32.0,-9.688,0.31,0.2245,0.0
ATOM,3675.0,HA,LYS,238.0,-19.638,-34.006,-8.628,0.09,1.32,5.47
ATOM,3676.0,HB2,LYS,238.0,-20.043,-33.484,-11.076,0.09,1.32,5.63
ATOM,3677.0,HB3,LYS,238.0,-18.995,-32.081,-10.879,0.09,1.32,0.0
ATOM,3678.0,HG2,LYS,238.0,-17.149,-33.569,-10.154,0.09,1.32,1.63
ATOM,3679.0,HG3,LYS,238.0,-18.204,-34.966,-10.371,0.09,1.32,10.58
ATOM,3680.0,HD2,LYS,238.0,-18.512,-34.238,-12.784,0.09,1.32,11.75
ATOM,3681.0,HD3,LYS,238.0,-17.243,-33.049,-12.513,0.09,1.32,6.91
ATOM,3682.0,HE2,LYS,238.0,-16.176,-35.501,-11.554,0.05,1.32,10.9
ATOM,3683.0,HE3,LYS,238.0,-16.962,-35.885,-13.085,0.05,1.32,14.93
ATOM,3684.0,HZ1,LYS,238.0,-15.232,-33.507,-12.864,0.33,0.2245,16.13
ATOM,3685.0,HZ2,LYS,238.0,-14.546,-35.041,-13.093,0.33,0.2245,21.66
ATOM,3686.0,HZ3,LYS,238.0,-15.633,-34.418,-14.24,0.33,0.2245,20.62
ATOM,3687.0,N,MET,239.0,-18.618,-30.89,-8.35,-0.47,1.85,0.0
ATOM,3688.0,CA,MET,239.0,-17.639,-30.027,-7.623,0.07,2.275,0.41
ATOM,3689.0,C,MET,239.0,-17.887,-30.111,-6.116,0.51,2.0,0.18
ATOM,3690.0,O,MET,239.0,-16.973,-30.007,-5.324,-0.51,1.7,3.19
ATOM,3691.0,CB,MET,239.0,-17.791,-28.569,-8.074,-0.18,2.175,0.55
ATOM,3692.0,CG,MET,239.0,-17.208,-28.396,-9.478,-0.14,2.175,5.49
ATOM,3693.0,SD,MET,239.0,-17.397,-26.672,-10.003,-0.09,2.0,0.0
ATOM,3694.0,CE,MET,239.0,-15.884,-26.017,-9.252,-0.22,2.06,2.44
ATOM,3695.0,H,MET,239.0,-19.327,-30.478,-8.885,0.31,0.2245,0.0
ATOM,3696.0,HA,MET,239.0,-16.635,-30.364,-7.84,0.09,1.32,1.05
ATOM,3697.0,HB2,MET,239.0,-18.838,-28.305,-8.085,0.09,1.32,0.0
ATOM,3698.0,HB3,MET,239.0,-17.267,-27.926,-7.385,0.09,1.32,2.87
ATOM,3699.0,HG2,MET,239.0,-16.16,-28.654,-9.464,0.09,1.32,7.73
ATOM,3700.0,HG3,MET,239.0,-17.73,-29.043,-10.167,0.09,1.32,0.23
ATOM,3701.0,HE1,MET,239.0,-15.837,-26.311,-8.213,0.09,1.32,2.51
ATOM,3702.0,HE2,MET,239.0,-15.025,-26.405,-9.78,0.09,1.32,0.43
ATOM,3703.0,HE3,MET,239.0,-15.887,-24.941,-9.316,0.09,1.32,0.0
ATOM,3704.0,N,ARG,240.0,-19.112,-30.303,-5.71,-0.47,1.85,0.0
ATOM,3705.0,CA,ARG,240.0,-19.409,-30.392,-4.255,0.07,2.275,0.04
ATOM,3706.0,C,ARG,240.0,-18.809,-31.674,-3.677,0.51,2.0,0.0
ATOM,3707.0,O,ARG,240.0,-18.271,-31.678,-2.587,-0.51,1.7,0.1
ATOM,3708.0,CB,ARG,240.0,-20.928,-30.389,-4.064,-0.18,2.175,7.56
ATOM,3709.0,CG,ARG,240.0,-21.491,-29.0,-4.397,-0.18,2.175,0.86
ATOM,3710.0,CD,ARG,240.0,-21.241,-27.996,-3.251,0.2,2.175,1.28
ATOM,3711.0,NE,ARG,240.0,-22.503,-27.242,-3.007,-0.7,1.85,4.62
ATOM,3712.0,CZ,ARG,240.0,-22.613,-26.465,-1.97,0.64,2.0,1.98
ATOM,3713.0,NH1,ARG,240.0,-21.586,-26.268,-1.191,-0.8,1.85,11.75
ATOM,3714.0,NH2,ARG,240.0,-23.745,-25.869,-1.724,-0.8,1.85,29.58
ATOM,3715.0,H,ARG,240.0,-19.842,-30.403,-6.357,0.31,0.2245,0.0
ATOM,3716.0,HA,ARG,240.0,-18.982,-29.539,-3.749,0.09,1.32,0.09
ATOM,3717.0,HB2,ARG,240.0,-21.366,-31.111,-4.739,0.09,1.32,0.03
ATOM,3718.0,HB3,ARG,240.0,-21.174,-30.652,-3.049,0.09,1.32,6.97
ATOM,3719.0,HG2,ARG,240.0,-21.019,-28.637,-5.297,0.09,1.32,0.0
ATOM,3720.0,HG3,ARG,240.0,-22.554,-29.083,-4.569,0.09,1.32,4.29
ATOM,3721.0,HD2,ARG,240.0,-20.958,-28.505,-2.346,0.09,1.32,4.97
ATOM,3722.0,HD3,ARG,240.0,-20.451,-27.311,-3.531,0.09,1.32,0.07
ATOM,3723.0,HE,ARG,240.0,-23.264,-27.355,-3.614,0.44,0.2245,4.41
ATOM,3724.0,HH11,ARG,240.0,-20.714,-26.713,-1.392,0.46,0.2245,0.39
ATOM,3725.0,HH12,ARG,240.0,-21.67,-25.666,-0.397,0.46,0.2245,15.78
ATOM,3726.0,HH21,ARG,240.0,-24.525,-26.01,-2.333,0.46,0.2245,18.61
ATOM,3727.0,HH22,ARG,240.0,-23.832,-25.269,-0.929,0.46,0.2245,17.88
ATOM,3728.0,N,ALA,241.0,-18.885,-32.759,-4.396,-0.47,1.85,0.68
ATOM,3729.0,CA,ALA,241.0,-18.305,-34.029,-3.875,0.07,2.275,1.38
ATOM,3730.0,C,ALA,241.0,-16.806,-33.824,-3.64,0.51,2.0,0.18
ATOM,3731.0,O,ALA,241.0,-16.251,-34.284,-2.662,-0.51,1.7,2.42
ATOM,3732.0,CB,ALA,241.0,-18.529,-35.153,-4.894,-0.27,2.06,25.01
ATOM,3733.0,H,ALA,241.0,-19.317,-32.738,-5.276,0.31,0.2245,0.0
ATOM,3734.0,HA,ALA,241.0,-18.783,-34.288,-2.942,0.09,1.32,0.0
ATOM,3735.0,HB1,ALA,241.0,-18.387,-34.768,-5.894,0.09,1.32,0.45
ATOM,3736.0,HB2,ALA,241.0,-17.825,-35.954,-4.714,0.09,1.32,12.62
ATOM,3737.0,HB3,ALA,241.0,-19.535,-35.532,-4.795,0.09,1.32,13.66
ATOM,3738.0,N,VAL,242.0,-16.149,-33.134,-4.533,-0.47,1.85,0.0
ATOM,3739.0,CA,VAL,242.0,-14.688,-32.893,-4.36,0.07,2.275,0.28
ATOM,3740.0,C,VAL,242.0,-14.462,-32.013,-3.13,0.51,2.0,0.0
ATOM,3741.0,O,VAL,242.0,-13.545,-32.225,-2.364,-0.51,1.7,0.0
ATOM,3742.0,CB,VAL,242.0,-14.136,-32.189,-5.612,-0.09,2.275,0.75
ATOM,3743.0,CG1,VAL,242.0,-12.699,-31.721,-5.343,-0.27,2.06,22.14
ATOM,3744.0,CG2,VAL,242.0,-14.161,-33.161,-6.82,-0.27,2.06,20.24
ATOM,3745.0,H,VAL,242.0,-16.618,-32.77,-5.314,0.31,0.2245,0.0
ATOM,3746.0,HA,VAL,242.0,-14.179,-33.838,-4.227,0.09,1.32,0.03
ATOM,3747.0,HB,VAL,242.0,-14.75,-31.325,-5.829,0.09,1.32,0.75
ATOM,3748.0,HG11,VAL,242.0,-12.145,-32.517,-4.868,0.09,1.32,4.29
ATOM,3749.0,HG12,VAL,242.0,-12.225,-31.46,-6.277,0.09,1.32,3.49
ATOM,3750.0,HG13,VAL,242.0,-12.718,-30.858,-4.694,0.09,1.32,0.74
ATOM,3751.0,HG21,VAL,242.0,-14.852,-33.972,-6.629,0.09,1.32,4.95
ATOM,3752.0,HG22,VAL,242.0,-14.482,-32.628,-7.705,0.09,1.32,5.74
ATOM,3753.0,HG23,VAL,242.0,-13.173,-33.569,-6.991,0.09,1.32,9.96
ATOM,3754.0,N,GLN,243.0,-15.296,-31.03,-2.929,-0.47,1.85,0.04
ATOM,3755.0,CA,GLN,243.0,-15.119,-30.144,-1.747,0.07,2.275,0.0
ATOM,3756.0,C,GLN,243.0,-15.22,-30.994,-0.476,0.51,2.0,0.0
ATOM,3757.0,O,GLN,243.0,-14.479,-30.802,0.467,-0.51,1.7,0.09
ATOM,3758.0,CB,GLN,243.0,-16.21,-29.07,-1.745,-0.18,2.175,0.0
ATOM,3759.0,CG,GLN,243.0,-16.008,-28.132,-0.553,-0.18,2.175,4.89
ATOM,3760.0,CD,GLN,243.0,-17.064,-27.026,-0.59,0.55,2.0,1.49
ATOM,3761.0,H,GLN,243.0,-16.033,-30.872,-3.558,0.31,0.2245,0.0
ATOM,3762.0,HA,GLN,243.0,-14.147,-29.673,-1.789,0.09,1.32,0.0
ATOM,3763.0,HB2,GLN,243.0,-16.162,-28.505,-2.664,0.09,1.32,0.58
ATOM,3764.0,HB3,GLN,243.0,-17.178,-29.543,-1.664,0.09,1.32,0.72
ATOM,3765.0,HG2,GLN,243.0,-16.101,-28.69,0.365,0.09,1.32,2.61
ATOM,3766.0,HG3,GLN,243.0,-15.024,-27.686,-0.607,0.09,1.32,2.51
ATOM,3767.0,OE1,GLN,243.0,-17.775,-26.882,-1.565,-0.55,1.7,0.0
ATOM,3768.0,NE2,GLN,243.0,-17.201,-26.239,0.44,-0.62,1.85,21.18
ATOM,3769.0,HE21,GLN,243.0,-16.633,-26.361,1.229,0.32,0.2245,17.29
ATOM,3770.0,HE22,GLN,243.0,-17.872,-25.525,0.425,0.3,0.2245,9.44
ATOM,3771.0,N,GLU,244.0,-16.123,-31.938,-0.448,-0.47,1.85,0.0
ATOM,3772.0,CA,GLU,244.0,-16.256,-32.802,0.759,0.07,2.275,1.14
ATOM,3773.0,C,GLU,244.0,-14.936,-33.548,0.985,0.51,2.0,0.27
ATOM,3774.0,O,GLU,244.0,-14.479,-33.689,2.103,-0.51,1.7,2.28
ATOM,3775.0,CB,GLU,244.0,-17.391,-33.806,0.543,-0.18,2.175,5.44
ATOM,3776.0,CG,GLU,244.0,-18.728,-33.061,0.558,-0.28,2.175,10.69
ATOM,3777.0,CD,GLU,244.0,-19.873,-34.052,0.342,0.62,2.0,3.48
ATOM,3778.0,OE1,GLU,244.0,-19.79,-34.828,-0.596,-0.76,1.7,24.19
ATOM,3779.0,OE2,GLU,244.0,-20.816,-34.016,1.116,-0.76,1.7,47.22
ATOM,3780.0,H,GLU,244.0,-16.707,-32.082,-1.222,0.31,0.2245,0.0
ATOM,3781.0,HA,GLU,244.0,-16.474,-32.187,1.621,0.09,1.32,2.08
ATOM,3782.0,HB2,GLU,244.0,-17.26,-34.3,-0.41,0.09,1.32,0.56
ATOM,3783.0,HB3,GLU,244.0,-17.38,-34.539,1.335,0.09,1.32,11.99
ATOM,3784.0,HG2,GLU,244.0,-18.855,-32.563,1.509,0.09,1.32,11.4
ATOM,3785.0,HG3,GLU,244.0,-18.737,-32.328,-0.235,0.09,1.32,0.56
ATOM,3786.0,N,GLN,245.0,-14.307,-34.007,-0.067,-0.47,1.85,0.1
ATOM,3787.0,CA,GLN,245.0,-13.004,-34.716,0.103,0.07,2.275,0.73
ATOM,3788.0,C,GLN,245.0,-12.004,-33.749,0.738,0.51,2.0,0.0
ATOM,3789.0,O,GLN,245.0,-11.256,-34.104,1.626,-0.51,1.7,1.81
ATOM,3790.0,CB,GLN,245.0,-12.477,-35.186,-1.274,-0.18,2.175,1.94
ATOM,3791.0,CG,GLN,245.0,-12.917,-36.63,-1.555,-0.18,2.175,10.55
ATOM,3792.0,CD,GLN,245.0,-12.452,-37.037,-2.955,0.55,2.0,3.33
ATOM,3793.0,H,GLN,245.0,-14.677,-33.866,-0.963,0.31,0.2245,0.0
ATOM,3794.0,HA,GLN,245.0,-13.14,-35.564,0.756,0.09,1.32,2.66
ATOM,3795.0,HB2,GLN,245.0,-12.875,-34.54,-2.045,0.09,1.32,0.0
ATOM,3796.0,HB3,GLN,245.0,-11.397,-35.137,-1.293,0.09,1.32,10.75
ATOM,3797.0,HG2,GLN,245.0,-12.469,-37.29,-0.822,0.09,1.32,11.28
ATOM,3798.0,HG3,GLN,245.0,-13.99,-36.702,-1.497,0.09,1.32,7.34
ATOM,3799.0,OE1,GLN,245.0,-12.308,-36.201,-3.825,-0.55,1.7,17.61
ATOM,3800.0,NE2,GLN,245.0,-12.207,-38.293,-3.211,-0.62,1.85,29.65
ATOM,3801.0,HE21,GLN,245.0,-12.322,-38.968,-2.509,0.32,0.2245,17.06
ATOM,3802.0,HE22,GLN,245.0,-11.911,-38.562,-4.105,0.3,0.2245,20.69
ATOM,3803.0,N,VAL,246.0,-11.985,-32.53,0.279,-0.47,1.85,0.0
ATOM,3804.0,CA,VAL,246.0,-11.034,-31.536,0.843,0.07,2.275,0.32
ATOM,3805.0,C,VAL,246.0,-11.319,-31.34,2.333,0.51,2.0,0.0
ATOM,3806.0,O,VAL,246.0,-10.417,-31.288,3.146,-0.51,1.7,2.93
ATOM,3807.0,CB,VAL,246.0,-11.205,-30.206,0.109,-0.09,2.275,0.0
ATOM,3808.0,CG1,VAL,246.0,-10.308,-29.148,0.751,-0.27,2.06,27.84
ATOM,3809.0,CG2,VAL,246.0,-10.817,-30.387,-1.359,-0.27,2.06,7.71
ATOM,3810.0,H,VAL,246.0,-12.595,-32.27,-0.442,0.31,0.2245,0.0
ATOM,3811.0,HA,VAL,246.0,-10.025,-31.889,0.714,0.09,1.32,0.8
ATOM,3812.0,HB,VAL,246.0,-12.236,-29.889,0.174,0.09,1.32,0.16
ATOM,3813.0,HG11,VAL,246.0,-9.325,-29.562,0.917,0.09,1.32,6.8
ATOM,3814.0,HG12,VAL,246.0,-10.233,-28.293,0.095,0.09,1.32,4.12
ATOM,3815.0,HG13,VAL,246.0,-10.734,-28.841,1.695,0.09,1.32,7.23
ATOM,3816.0,HG21,VAL,246.0,-11.3,-31.271,-1.751,0.09,1.32,0.09
ATOM,3817.0,HG22,VAL,246.0,-11.135,-29.523,-1.925,0.09,1.32,0.4
ATOM,3818.0,HG23,VAL,246.0,-9.746,-30.496,-1.438,0.09,1.32,10.16
ATOM,3819.0,N,ALA,247.0,-12.567,-31.233,2.697,-0.47,1.85,0.35
ATOM,3820.0,CA,ALA,247.0,-12.908,-31.041,4.134,0.07,2.275,2.28
ATOM,3821.0,C,ALA,247.0,-12.386,-32.235,4.933,0.51,2.0,0.43
ATOM,3822.0,O,ALA,247.0,-11.808,-32.085,5.991,-0.51,1.7,21.15
ATOM,3823.0,CB,ALA,247.0,-14.429,-30.937,4.289,-0.27,2.06,27.54
ATOM,3824.0,H,ALA,247.0,-13.278,-31.278,2.026,0.31,0.2245,0.0
ATOM,3825.0,HA,ALA,247.0,-12.444,-30.134,4.497,0.09,1.32,11.2
ATOM,3826.0,HB1,ALA,247.0,-14.831,-30.333,3.488,0.09,1.32,3.67
ATOM,3827.0,HB2,ALA,247.0,-14.868,-31.924,4.25,0.09,1.32,4.75
ATOM,3828.0,HB3,ALA,247.0,-14.664,-30.476,5.237,0.09,1.32,14.6
ATOM,3829.0,N,SER,248.0,-12.578,-33.42,4.422,-0.47,1.85,0.27
ATOM,3830.0,CA,SER,248.0,-12.09,-34.633,5.131,0.07,2.275,2.37
ATOM,3831.0,C,SER,248.0,-10.566,-34.581,5.214,0.51,2.0,0.16
ATOM,3832.0,O,SER,248.0,-9.971,-34.94,6.21,-0.51,1.7,24.42
ATOM,3833.0,CB,SER,248.0,-12.515,-35.879,4.354,0.05,2.175,12.83
ATOM,3834.0,OG,SER,248.0,-12.295,-37.034,5.155,-0.66,1.77,26.86
ATOM,3835.0,H,SER,248.0,-13.039,-33.511,3.562,0.31,0.2245,0.0
ATOM,3836.0,HA,SER,248.0,-12.506,-34.665,6.126,0.09,1.32,9.86
ATOM,3837.0,HB2,SER,248.0,-13.561,-35.811,4.106,0.09,1.32,8.28
ATOM,3838.0,HB3,SER,248.0,-11.935,-35.945,3.443,0.09,1.32,3.19
ATOM,3839.0,HG,SER,248.0,-12.784,-36.935,6.019,0.43,0.2245,20.53
ATOM,3840.0,N,GLU,249.0,-9.933,-34.144,4.162,-0.47,1.85,0.24
ATOM,3841.0,CA,GLU,249.0,-8.446,-34.069,4.154,0.07,2.275,2.27
ATOM,3842.0,C,GLU,249.0,-7.977,-33.053,5.199,0.34,2.0,0.32
ATOM,3843.0,O,GLU,249.0,-6.971,-33.244,5.853,-0.67,1.7,34.66
ATOM,3844.0,CB,GLU,249.0,-7.977,-33.632,2.762,-0.18,2.175,1.29
ATOM,3845.0,CG,GLU,249.0,-6.498,-33.977,2.581,-0.28,2.175,12.58
ATOM,3846.0,CD,GLU,249.0,-6.07,-33.644,1.151,0.62,2.0,3.56
ATOM,3847.0,OE1,GLU,249.0,-6.368,-34.43,0.267,-0.76,1.7,41.08
ATOM,3848.0,OE2,GLU,249.0,-5.457,-32.606,0.962,-0.76,1.7,43.41
ATOM,3849.0,H,GLU,249.0,-10.44,-33.868,3.37,0.31,0.2245,0.0
ATOM,3850.0,HA,GLU,249.0,-8.035,-35.04,4.387,0.09,1.32,9.2
ATOM,3851.0,HB2,GLU,249.0,-8.561,-34.145,2.012,0.09,1.32,2.22
ATOM,3852.0,HB3,GLU,249.0,-8.112,-32.566,2.653,0.09,1.32,1.71
ATOM,3853.0,HG2,GLU,249.0,-5.906,-33.403,3.28,0.09,1.32,7.18
ATOM,3854.0,HG3,GLU,249.0,-6.348,-35.031,2.763,0.09,1.32,12.17
ATOM,3855.0,OXT,GLU,249.0,-8.486,-31.976,5.524,-0.67,1.7,24.66
