atom,serial,name,resname,resid,x,y,z,charges,radius,sasa
ATOM,1.0,N,VAL,1.0,-5.074,14.765,15.063,-0.3,1.85,11.22
ATOM,2.0,CA,VAL,1.0,-3.8,15.365,15.489,0.21,2.275,3.58
ATOM,3.0,C,VAL,1.0,-2.674,14.366,15.899,0.51,2.0,1.3
ATOM,4.0,O,VAL,1.0,-2.844,13.15,15.79,-0.51,1.7,8.2
ATOM,5.0,CB,VAL,1.0,-4.117,16.463,16.511,-0.09,2.275,1.22
ATOM,6.0,CG1,VAL,1.0,-5.038,17.492,15.872,-0.27,2.06,37.85
ATOM,7.0,CG2,VAL,1.0,-4.714,16.017,17.859,-0.27,2.06,32.62
ATOM,8.0,H,VAL,1.0,-5.602,14.49,15.867,0.33,0.2245,10.15
ATOM,9.0,HA,VAL,1.0,-3.437,15.92,14.71,0.1,1.32,4.75
ATOM,10.0,HB,VAL,1.0,-3.271,16.929,16.73,0.09,1.32,4.24
ATOM,11.0,HG11,VAL,1.0,-4.498,18.271,15.553,0.09,1.32,9.74
ATOM,12.0,HG12,VAL,1.0,-5.514,17.078,15.096,0.09,1.32,2.77
ATOM,13.0,HG13,VAL,1.0,-5.708,17.805,16.545,0.09,1.32,7.6
ATOM,14.0,HG21,VAL,1.0,-5.467,16.626,18.094,0.09,1.32,7.26
ATOM,15.0,HG22,VAL,1.0,-5.044,15.081,17.77,0.09,1.32,4.94
ATOM,16.0,HG23,VAL,1.0,-4.003,16.065,18.556,0.09,1.32,3.51
ATOM,17.0,H2,VAL,1.0,-5.6,15.432,14.535,0.33,0.2245,11.12
ATOM,18.0,H3,VAL,1.0,-4.894,13.962,14.495,0.33,0.2245,14.95
ATOM,19.0,N,LEU,2.0,-1.514,14.826,16.388,-0.47,1.85,0.0
ATOM,20.0,CA,LEU,2.0,-0.607,13.871,17.068,0.07,2.275,0.0
ATOM,21.0,C,LEU,2.0,-1.089,13.64,18.496,0.51,2.0,0.0
ATOM,22.0,O,LEU,2.0,-1.446,14.607,19.18,-0.51,1.7,4.54
ATOM,23.0,CB,LEU,2.0,0.844,14.341,17.145,-0.18,2.175,0.0
ATOM,24.0,CG,LEU,2.0,1.71,14.033,15.905,-0.09,2.275,0.0
ATOM,25.0,CD1,LEU,2.0,1.346,14.904,14.69,-0.27,2.06,2.96
ATOM,26.0,CD2,LEU,2.0,3.192,14.212,16.269,-0.27,2.06,0.0
ATOM,27.0,H,LEU,2.0,-1.324,15.81,16.262,0.31,0.2245,0.34
ATOM,28.0,HA,LEU,2.0,-0.64,13.005,16.573,0.09,1.32,0.0
ATOM,29.0,HB2,LEU,2.0,0.845,15.327,17.262,0.09,1.32,0.0
ATOM,30.0,HB3,LEU,2.0,1.275,13.894,17.919,0.09,1.32,0.0
ATOM,31.0,HG,LEU,2.0,1.591,13.064,15.661,0.09,1.32,0.0
ATOM,32.0,HD11,LEU,2.0,1.477,15.864,14.926,0.09,1.32,0.0
ATOM,33.0,HD12,LEU,2.0,1.937,14.659,13.925,0.09,1.32,0.0
ATOM,34.0,HD13,LEU,2.0,0.392,14.742,14.447,0.09,1.32,2.26
ATOM,35.0,HD21,LEU,2.0,3.425,13.584,17.009,0.09,1.32,0.0
ATOM,36.0,HD22,LEU,2.0,3.752,14.013,15.467,0.09,1.32,0.0
ATOM,37.0,HD23,LEU,2.0,3.345,15.154,16.563,0.09,1.32,0.0
ATOM,38.0,N,SER,3.0,-1.049,12.387,18.951,-0.47,1.85,1.62
ATOM,39.0,CA,SER,3.0,-1.281,12.215,20.388,0.07,2.275,1.84
ATOM,40.0,C,SER,3.0,-0.163,12.839,21.241,0.51,2.0,0.0
ATOM,41.0,O,SER,3.0,0.97,13.087,20.801,-0.51,1.7,0.0
ATOM,42.0,CB,SER,3.0,-1.496,10.744,20.773,0.05,2.175,23.2
ATOM,43.0,OG,SER,3.0,-0.303,10.005,20.644,-0.66,1.77,8.35
ATOM,44.0,H,SER,3.0,-0.867,11.659,18.294,0.31,0.2245,0.34
ATOM,45.0,HA,SER,3.0,-2.143,12.686,20.624,0.09,1.32,7.27
ATOM,46.0,HB2,SER,3.0,-1.806,10.707,21.719,0.09,1.32,5.65
ATOM,47.0,HB3,SER,3.0,-2.189,10.358,20.17,0.09,1.32,10.89
ATOM,48.0,HG,SER,3.0,0.017,10.043,19.697,0.43,0.2245,0.0
ATOM,49.0,N,GLU,4.0,-0.487,12.94,22.493,-0.47,1.85,2.09
ATOM,50.0,CA,GLU,4.0,0.468,13.409,23.467,0.07,2.275,0.13
ATOM,51.0,C,GLU,4.0,1.64,12.42,23.552,0.51,2.0,0.0
ATOM,52.0,O,GLU,4.0,2.788,12.851,23.567,-0.51,1.7,0.01
ATOM,53.0,CB,GLU,4.0,-0.276,13.522,24.805,-0.18,2.175,12.52
ATOM,54.0,CG,GLU,4.0,0.535,14.248,25.863,-0.28,2.175,19.16
ATOM,55.0,CD,GLU,4.0,0.637,15.734,25.484,0.62,2.0,6.11
ATOM,56.0,OE1,GLU,4.0,-0.339,16.344,25.019,-0.76,1.7,28.69
ATOM,57.0,OE2,GLU,4.0,1.76,16.043,25.169,-0.76,1.7,6.92
ATOM,58.0,H,GLU,4.0,-1.461,12.664,22.732,0.31,0.2245,6.65
ATOM,59.0,HA,GLU,4.0,0.82,14.31,23.206,0.09,1.32,0.0
ATOM,60.0,HB2,GLU,4.0,-1.093,14.036,24.647,0.09,1.32,5.85
ATOM,61.0,HB3,GLU,4.0,-0.447,12.615,25.127,0.09,1.32,6.82
ATOM,62.0,HG2,GLU,4.0,0.065,14.199,26.706,0.09,1.32,10.02
ATOM,63.0,HG3,GLU,4.0,1.433,13.892,25.87,0.09,1.32,0.01
ATOM,64.0,N,GLY,5.0,1.331,11.127,23.441,-0.47,1.85,1.74
ATOM,65.0,CA,GLY,5.0,2.365,10.062,23.346,-0.02,2.175,16.81
ATOM,66.0,C,GLY,5.0,3.263,10.126,22.089,0.51,2.0,1.89
ATOM,67.0,O,GLY,5.0,4.466,9.825,22.139,-0.51,1.7,2.33
ATOM,68.0,H,GLY,5.0,0.313,10.919,23.426,0.31,0.2245,4.48
ATOM,69.0,HA2,GLY,5.0,2.956,10.107,24.175,0.09,1.32,0.0
ATOM,70.0,HA3,GLY,5.0,1.902,9.154,23.373,0.09,1.32,11.66
ATOM,71.0,N,GLU,6.0,2.686,10.552,20.972,-0.47,1.85,0.15
ATOM,72.0,CA,GLU,6.0,3.531,10.689,19.772,0.07,2.275,0.0
ATOM,73.0,C,GLU,6.0,4.362,11.962,19.891,0.51,2.0,0.0
ATOM,74.0,O,GLU,6.0,5.513,11.986,19.442,-0.51,1.7,0.0
ATOM,75.0,CB,GLU,6.0,2.657,10.784,18.507,-0.18,2.175,0.0
ATOM,76.0,CG,GLU,6.0,1.842,9.522,18.317,-0.28,2.175,11.7
ATOM,77.0,CD,GLU,6.0,0.813,9.734,17.199,0.62,2.0,1.08
ATOM,78.0,OE1,GLU,6.0,0.623,8.795,16.433,-0.76,1.7,23.93
ATOM,79.0,OE2,GLU,6.0,0.116,10.758,17.174,-0.76,1.7,0.89
ATOM,80.0,H,GLU,6.0,1.7,10.758,21.01,0.31,0.2245,0.0
ATOM,81.0,HA,GLU,6.0,4.133,9.898,19.697,0.09,1.32,0.0
ATOM,82.0,HB2,GLU,6.0,2.043,11.526,18.631,0.09,1.32,0.0
ATOM,83.0,HB3,GLU,6.0,3.252,10.878,17.746,0.09,1.32,0.0
ATOM,84.0,HG2,GLU,6.0,2.432,8.807,18.033,0.09,1.32,5.11
ATOM,85.0,HG3,GLU,6.0,1.348,9.34,19.131,0.09,1.32,0.07
ATOM,86.0,N,TRP,7.0,3.768,13.003,20.514,-0.47,1.85,0.0
ATOM,87.0,CA,TRP,7.0,4.622,14.19,20.776,0.07,2.275,0.0
ATOM,88.0,C,TRP,7.0,5.778,13.888,21.734,0.51,2.0,0.0
ATOM,89.0,O,TRP,7.0,6.873,14.429,21.521,-0.51,1.7,0.0
ATOM,90.0,CB,TRP,7.0,3.868,15.357,21.346,-0.18,2.175,0.2
ATOM,91.0,CG,TRP,7.0,3.029,16.142,20.372,-0.03,1.9924,0.0
ATOM,92.0,CD1,TRP,7.0,1.658,16.341,20.409,0.035,1.9924,2.67
ATOM,93.0,CD2,TRP,7.0,3.49,16.886,19.28,-0.02,1.8,0.0
ATOM,94.0,NE1,TRP,7.0,1.299,17.139,19.332,-0.61,1.85,0.41
ATOM,95.0,CE2,TRP,7.0,2.346,17.446,18.65,0.13,1.8,0.0
ATOM,96.0,CE3,TRP,7.0,4.763,17.098,18.779,-0.115,1.9924,0.0
ATOM,97.0,CZ2,TRP,7.0,2.422,18.174,17.463,-0.115,1.9924,0.0
ATOM,98.0,CZ3,TRP,7.0,4.849,17.843,17.586,-0.115,1.9924,0.0
ATOM,99.0,CH2,TRP,7.0,3.704,18.362,16.937,-0.115,1.9924,0.0
ATOM,100.0,H,TRP,7.0,2.809,12.911,20.755,0.31,0.2245,0.0
ATOM,101.0,HA,TRP,7.0,5.021,14.469,19.891,0.09,1.32,0.0
ATOM,102.0,HB2,TRP,7.0,3.242,15.035,22.064,0.09,1.32,0.0
ATOM,103.0,HB3,TRP,7.0,4.516,16.01,21.753,0.09,1.32,0.0
ATOM,104.0,HD1,TRP,7.0,1.045,15.978,21.084,0.115,1.3582,1.23
ATOM,105.0,HE1,TRP,7.0,0.335,17.413,19.152,0.38,0.2245,6.92
ATOM,106.0,HE3,TRP,7.0,5.573,16.76,19.212,0.115,1.3582,0.0
ATOM,107.0,HZ2,TRP,7.0,1.614,18.535,17.02,0.115,1.3582,0.59
ATOM,108.0,HZ3,TRP,7.0,5.751,18.005,17.192,0.115,1.3582,0.0
ATOM,109.0,HH2,TRP,7.0,3.817,18.87,16.091,0.115,1.3582,2.14
ATOM,110.0,N,GLN,8.0,5.526,12.988,22.713,-0.47,1.85,0.43
ATOM,111.0,CA,GLN,8.0,6.633,12.567,23.617,0.07,2.275,1.61
ATOM,112.0,C,GLN,8.0,7.834,11.986,22.841,0.51,2.0,0.14
ATOM,113.0,O,GLN,8.0,8.994,12.37,23.03,-0.51,1.7,1.17
ATOM,114.0,CB,GLN,8.0,6.153,11.474,24.574,-0.18,2.175,1.32
ATOM,115.0,CG,GLN,8.0,5.491,11.926,25.878,-0.18,2.175,11.78
ATOM,116.0,CD,GLN,8.0,5.264,10.72,26.829,0.55,2.0,4.06
ATOM,117.0,H,GLN,8.0,4.575,12.647,22.773,0.31,0.2245,0.0
ATOM,118.0,HA,GLN,8.0,6.952,13.388,24.106,0.09,1.32,4.41
ATOM,119.0,HB2,GLN,8.0,5.489,10.884,24.083,0.09,1.32,0.0
ATOM,120.0,HB3,GLN,8.0,6.946,10.89,24.821,0.09,1.32,4.58
ATOM,121.0,HG2,GLN,8.0,6.083,12.569,26.337,0.09,1.32,9.83
ATOM,122.0,HG3,GLN,8.0,4.611,12.324,25.674,0.09,1.32,0.0
ATOM,123.0,OE1,GLN,8.0,5.771,9.605,26.598,-0.55,1.7,32.01
ATOM,124.0,NE2,GLN,8.0,4.278,10.873,27.708,-0.62,1.85,23.32
ATOM,125.0,HE21,GLN,8.0,4.059,10.12,28.356,0.32,0.2245,21.91
ATOM,126.0,HE22,GLN,8.0,3.757,11.74,27.721,0.3,0.2245,9.37
ATOM,127.0,N,LEU,9.0,7.515,11.109,21.933,-0.47,1.85,0.0
ATOM,128.0,CA,LEU,9.0,8.492,10.415,21.083,0.07,2.275,0.53
ATOM,129.0,C,LEU,9.0,9.272,11.417,20.249,0.51,2.0,0.0
ATOM,130.0,O,LEU,9.0,10.48,11.253,20.065,-0.51,1.7,1.29
ATOM,131.0,CB,LEU,9.0,7.696,9.543,20.116,-0.18,2.175,0.0
ATOM,132.0,CG,LEU,9.0,7.756,8.039,20.38,-0.09,2.275,0.22
ATOM,133.0,CD1,LEU,9.0,7.842,7.66,21.844,-0.27,2.06,30.08
ATOM,134.0,CD2,LEU,9.0,6.613,7.335,19.699,-0.27,2.06,11.9
ATOM,135.0,H,LEU,9.0,6.479,10.924,21.845,0.31,0.2245,0.0
ATOM,136.0,HA,LEU,9.0,9.133,9.922,21.677,0.09,1.32,0.82
ATOM,137.0,HB2,LEU,9.0,6.741,9.816,20.172,0.09,1.32,0.0
ATOM,138.0,HB3,LEU,9.0,8.049,9.699,19.2,0.09,1.32,0.0
ATOM,139.0,HG,LEU,9.0,8.561,7.657,19.888,0.09,1.32,0.21
ATOM,140.0,HD11,LEU,9.0,7.038,8.006,22.331,0.09,1.32,1.29
ATOM,141.0,HD12,LEU,9.0,7.877,6.663,21.933,0.09,1.32,5.4
ATOM,142.0,HD13,LEU,9.0,8.668,8.057,22.248,0.09,1.32,5.38
ATOM,143.0,HD21,LEU,9.0,6.657,7.489,18.708,0.09,1.32,0.0
ATOM,144.0,HD22,LEU,9.0,6.662,6.349,19.879,0.09,1.32,1.27
ATOM,145.0,HD23,LEU,9.0,5.739,7.686,20.045,0.09,1.32,1.24
ATOM,146.0,N,VAL,10.0,8.546,12.421,19.748,-0.47,1.85,0.0
ATOM,147.0,CA,VAL,10.0,9.177,13.465,18.91,0.07,2.275,0.0
ATOM,148.0,C,VAL,10.0,10.187,14.312,19.708,0.51,2.0,0.0
ATOM,149.0,O,VAL,10.0,11.324,14.597,19.311,-0.51,1.7,0.0
ATOM,150.0,CB,VAL,10.0,8.084,14.342,18.293,-0.09,2.275,0.0
ATOM,151.0,CG1,VAL,10.0,8.647,15.634,17.699,-0.27,2.06,0.0
ATOM,152.0,CG2,VAL,10.0,7.394,13.596,17.163,-0.27,2.06,0.0
ATOM,153.0,H,VAL,10.0,7.547,12.409,19.984,0.31,0.2245,0.0
ATOM,154.0,HA,VAL,10.0,9.679,13.004,18.169,0.09,1.32,0.07
ATOM,155.0,HB,VAL,10.0,7.456,14.613,19.024,0.09,1.32,0.0
ATOM,156.0,HG11,VAL,10.0,9.579,15.472,17.379,0.09,1.32,0.0
ATOM,157.0,HG12,VAL,10.0,8.074,15.922,16.933,0.09,1.32,0.0
ATOM,158.0,HG13,VAL,10.0,8.652,16.345,18.4,0.09,1.32,0.0
ATOM,159.0,HG21,VAL,10.0,7.258,14.217,16.391,0.09,1.32,0.0
ATOM,160.0,HG22,VAL,10.0,7.965,12.826,16.878,0.09,1.32,0.0
ATOM,161.0,HG23,VAL,10.0,6.508,13.258,17.482,0.09,1.32,0.0
ATOM,162.0,N,LEU,11.0,9.728,14.772,20.822,-0.47,1.85,0.0
ATOM,163.0,CA,LEU,11.0,10.546,15.743,21.543,0.07,2.275,0.0
ATOM,164.0,C,LEU,11.0,11.678,15.067,22.304,0.51,2.0,0.24
ATOM,165.0,O,LEU,11.0,12.732,15.666,22.52,-0.51,1.7,3.46
ATOM,166.0,CB,LEU,11.0,9.643,16.452,22.544,-0.18,2.175,9.34
ATOM,167.0,CG,LEU,11.0,8.631,17.306,21.8,-0.09,2.275,0.0
ATOM,168.0,CD1,LEU,11.0,7.578,17.864,22.743,-0.27,2.06,9.5
ATOM,169.0,CD2,LEU,11.0,9.37,18.394,21.005,-0.27,2.06,0.31
ATOM,170.0,H,LEU,11.0,8.823,14.437,21.141,0.31,0.2245,0.0
ATOM,171.0,HA,LEU,11.0,10.949,16.382,20.874,0.09,1.32,0.0
ATOM,172.0,HB2,LEU,11.0,9.155,15.778,23.045,0.09,1.32,0.88
ATOM,173.0,HB3,LEU,11.0,10.191,17.04,23.086,0.09,1.32,7.08
ATOM,174.0,HG,LEU,11.0,8.182,16.747,21.097,0.09,1.32,0.0
ATOM,175.0,HD11,LEU,11.0,8.019,18.43,23.441,0.09,1.32,9.17
ATOM,176.0,HD12,LEU,11.0,6.927,18.421,22.227,0.09,1.32,0.0
ATOM,177.0,HD13,LEU,11.0,7.092,17.11,23.186,0.09,1.32,1.97
ATOM,178.0,HD21,LEU,11.0,9.988,17.96,20.353,0.09,1.32,0.0
ATOM,179.0,HD22,LEU,11.0,8.702,18.953,20.517,0.09,1.32,0.0
ATOM,180.0,HD23,LEU,11.0,9.891,18.964,21.637,0.09,1.32,1.52
ATOM,181.0,N,HIS,12.0,11.438,13.831,22.656,-0.47,1.85,0.44
ATOM,182.0,CA,HIS,12.0,12.53,13.094,23.311,0.07,2.275,2.27
ATOM,183.0,C,HIS,12.0,13.745,12.866,22.397,0.51,2.0,0.0
ATOM,184.0,O,HIS,12.0,14.86,13.197,22.782,-0.51,1.7,0.79
ATOM,185.0,CB,HIS,12.0,12.01,11.752,23.722,-0.09,2.175,4.48
ATOM,186.0,CG,HIS,12.0,13.051,10.924,24.415,-0.05,1.8,0.55
ATOM,187.0,H,HIS,12.0,10.525,13.45,22.462,0.31,0.2245,0.0
ATOM,188.0,HA,HIS,12.0,12.838,13.633,24.112,0.09,1.32,4.26
ATOM,189.0,HB2,HIS,12.0,11.236,11.862,24.352,0.09,1.32,5.37
ATOM,190.0,HB3,HIS,12.0,11.701,11.243,22.914,0.09,1.32,0.1
ATOM,191.0,ND1,HIS,12.0,13.324,11.052,25.729,-0.36,1.85,8.96
ATOM,192.0,CD2,HIS,12.0,13.826,9.897,23.888,0.22,1.8,11.53
ATOM,193.0,CE1,HIS,12.0,14.287,10.122,26.02,0.25,1.8,26.34
ATOM,194.0,NE2,HIS,12.0,14.591,9.404,24.887,-0.7,1.85,15.14
ATOM,195.0,HD1,HIS,12.0,12.935,11.671,26.38,0.32,0.2245,18.3
ATOM,196.0,HD2,HIS,12.0,13.8,9.6,22.936,0.1,1.468,3.02
ATOM,197.0,HE1,HIS,12.0,14.701,9.986,26.902,0.13,0.9,17.07
ATOM,198.0,N,VAL,13.0,13.49,12.554,21.125,-0.47,1.85,0.0
ATOM,199.0,CA,VAL,13.0,14.56,12.587,20.106,0.07,2.275,0.0
ATOM,200.0,C,VAL,13.0,15.166,13.973,19.758,0.51,2.0,0.0
ATOM,201.0,O,VAL,13.0,16.391,14.103,19.608,-0.51,1.7,0.0
ATOM,202.0,CB,VAL,13.0,14.173,11.734,18.9,-0.09,2.275,0.01
ATOM,203.0,CG1,VAL,13.0,13.817,12.548,17.662,-0.27,2.06,0.0
ATOM,204.0,CG2,VAL,13.0,15.217,10.68,18.601,-0.27,2.06,0.01
ATOM,205.0,H,VAL,13.0,12.516,12.296,20.917,0.31,0.2245,0.0
ATOM,206.0,HA,VAL,13.0,15.33,11.997,20.446,0.09,1.32,0.0
ATOM,207.0,HB,VAL,13.0,13.348,11.207,19.145,0.09,1.32,0.38
ATOM,208.0,HG11,VAL,13.0,12.898,12.303,17.355,0.09,1.32,0.14
ATOM,209.0,HG12,VAL,13.0,13.846,13.522,17.884,0.09,1.32,0.0
ATOM,210.0,HG13,VAL,13.0,14.474,12.352,16.934,0.09,1.32,0.0
ATOM,211.0,HG21,VAL,13.0,15.766,10.511,19.421,0.09,1.32,0.0
ATOM,212.0,HG22,VAL,13.0,14.765,9.831,18.322,0.09,1.32,0.0
ATOM,213.0,HG23,VAL,13.0,15.812,10.999,17.862,0.09,1.32,0.0
ATOM,214.0,N,TRP,14.0,14.342,15.038,19.799,-0.47,1.85,0.0
ATOM,215.0,CA,TRP,14.0,14.826,16.411,19.531,0.07,2.275,0.0
ATOM,216.0,C,TRP,14.0,15.754,17.004,20.607,0.51,2.0,0.0
ATOM,217.0,O,TRP,14.0,16.717,17.705,20.312,-0.51,1.7,0.0
ATOM,218.0,CB,TRP,14.0,13.65,17.358,19.35,-0.18,2.175,0.0
ATOM,219.0,CG,TRP,14.0,14.031,18.591,18.578,-0.03,1.9924,0.0
ATOM,220.0,CD1,TRP,14.0,14.293,19.878,19.068,0.035,1.9924,0.0
ATOM,221.0,CD2,TRP,14.0,14.263,18.658,17.196,-0.02,1.8,0.0
ATOM,222.0,NE1,TRP,14.0,14.699,20.66,18.039,-0.61,1.85,0.2
ATOM,223.0,CE2,TRP,14.0,14.69,19.988,16.933,0.13,1.8,0.0
ATOM,224.0,CE3,TRP,14.0,14.161,17.698,16.181,-0.115,1.9924,0.0
ATOM,225.0,CZ2,TRP,14.0,15.032,20.431,15.658,-0.115,1.9924,0.34
ATOM,226.0,CZ3,TRP,14.0,14.507,18.144,14.877,-0.115,1.9924,0.61
ATOM,227.0,CH2,TRP,14.0,14.932,19.48,14.632,-0.115,1.9924,0.1
ATOM,228.0,H,TRP,14.0,13.359,14.817,20.03,0.31,0.2245,0.0
ATOM,229.0,HA,TRP,14.0,15.355,16.378,18.66,0.09,1.32,0.0
ATOM,230.0,HB2,TRP,14.0,12.939,16.903,18.839,0.09,1.32,0.0
ATOM,231.0,HB3,TRP,14.0,13.33,17.655,20.235,0.09,1.32,0.74
ATOM,232.0,HD1,TRP,14.0,14.19,20.143,20.012,0.115,1.3582,0.05
ATOM,233.0,HE1,TRP,14.0,14.97,21.644,18.151,0.38,0.2245,1.2
ATOM,234.0,HE3,TRP,14.0,13.877,16.785,16.336,0.115,1.3582,0.0
ATOM,235.0,HZ2,TRP,14.0,15.326,21.358,15.486,0.115,1.3582,0.0
ATOM,236.0,HZ3,TRP,14.0,14.447,17.501,14.126,0.115,1.3582,0.0
ATOM,237.0,HH2,TRP,14.0,15.165,19.743,13.699,0.115,1.3582,0.0
ATOM,238.0,N,ALA,15.0,15.509,16.647,21.832,-0.47,1.85,0.52
ATOM,239.0,CA,ALA,15.0,16.401,17.03,22.926,0.07,2.275,3.19
ATOM,240.0,C,ALA,15.0,17.823,16.487,22.727,0.51,2.0,0.32
ATOM,241.0,O,ALA,15.0,18.809,17.058,23.205,-0.51,1.7,13.41
ATOM,242.0,CB,ALA,15.0,15.793,16.428,24.194,-0.27,2.06,31.37
ATOM,243.0,H,ALA,15.0,14.651,16.081,21.978,0.31,0.2245,0.0
ATOM,244.0,HA,ALA,15.0,16.45,18.038,22.968,0.09,1.32,0.15
ATOM,245.0,HB1,ALA,15.0,16.265,15.577,24.415,0.09,1.32,4.27
ATOM,246.0,HB2,ALA,15.0,15.896,17.074,24.948,0.09,1.32,11.43
ATOM,247.0,HB3,ALA,15.0,14.824,16.244,24.04,0.09,1.32,0.32
ATOM,248.0,N,LYS,16.0,17.92,15.358,22.044,-0.47,1.85,0.0
ATOM,249.0,CA,LYS,16.0,19.247,14.803,21.712,0.07,2.275,0.98
ATOM,250.0,C,LYS,16.0,19.837,15.585,20.53,0.51,2.0,0.0
ATOM,251.0,O,LYS,16.0,21.037,15.9,20.508,-0.51,1.7,1.44
ATOM,252.0,CB,LYS,16.0,19.084,13.331,21.303,-0.18,2.175,1.69
ATOM,253.0,CG,LYS,16.0,18.577,12.462,22.457,-0.18,2.175,6.81
ATOM,254.0,CD,LYS,16.0,18.181,11.079,21.973,-0.18,2.175,1.59
ATOM,255.0,CE,LYS,16.0,17.861,10.188,23.163,0.21,2.175,11.52
ATOM,256.0,NZ,LYS,16.0,17.43,8.849,22.694,-0.3,1.85,1.45
ATOM,257.0,H,LYS,16.0,17.036,14.915,21.773,0.31,0.2245,0.0
ATOM,258.0,HA,LYS,16.0,19.847,14.912,22.501,0.09,1.32,3.84
ATOM,259.0,HB2,LYS,16.0,18.427,13.284,20.566,0.09,1.32,0.0
ATOM,260.0,HB3,LYS,16.0,19.967,12.988,21.019,0.09,1.32,1.4
ATOM,261.0,HG2,LYS,16.0,19.304,12.375,23.137,0.09,1.32,9.42
ATOM,262.0,HG3,LYS,16.0,17.783,12.905,22.868,0.09,1.32,0.0
ATOM,263.0,HD2,LYS,16.0,17.374,11.154,21.407,0.09,1.32,0.0
ATOM,264.0,HD3,LYS,16.0,18.936,10.682,21.475,0.09,1.32,0.15
ATOM,265.0,HE2,LYS,16.0,18.678,10.096,23.727,0.05,1.32,10.64
ATOM,266.0,HE3,LYS,16.0,17.127,10.606,23.693,0.05,1.32,0.47
ATOM,267.0,HZ1,LYS,16.0,16.559,8.609,23.124,0.33,0.2245,1.7
ATOM,268.0,HZ2,LYS,16.0,17.318,8.863,21.7,0.33,0.2245,0.0
ATOM,269.0,HZ3,LYS,16.0,18.122,8.17,22.941,0.33,0.2245,3.23
ATOM,270.0,N,VAL,17.0,18.945,15.938,19.58,-0.47,1.85,0.0
ATOM,271.0,CA,VAL,17.0,19.415,16.806,18.483,0.07,2.275,0.0
ATOM,272.0,C,VAL,17.0,19.999,18.095,19.048,0.51,2.0,0.0
ATOM,273.0,O,VAL,17.0,20.991,18.605,18.525,-0.51,1.7,0.0
ATOM,274.0,CB,VAL,17.0,18.287,17.161,17.521,-0.09,2.275,0.0
ATOM,275.0,CG1,VAL,17.0,18.669,18.251,16.509,-0.27,2.06,0.0
ATOM,276.0,CG2,VAL,17.0,17.716,15.933,16.821,-0.27,2.06,0.0
ATOM,277.0,H,VAL,17.0,18.011,15.583,19.683,0.31,0.2245,0.0
ATOM,278.0,HA,VAL,17.0,20.143,16.318,17.997,0.09,1.32,0.0
ATOM,279.0,HB,VAL,17.0,17.521,17.532,18.058,0.09,1.32,0.0
ATOM,280.0,HG11,VAL,17.0,19.555,18.029,16.107,0.09,1.32,0.0
ATOM,281.0,HG12,VAL,17.0,17.974,18.291,15.794,0.09,1.32,0.45
ATOM,282.0,HG13,VAL,17.0,18.722,19.13,16.979,0.09,1.32,0.29
ATOM,283.0,HG21,VAL,17.0,16.783,16.129,16.522,0.09,1.32,0.0
ATOM,284.0,HG22,VAL,17.0,18.284,15.712,16.029,0.09,1.32,0.0
ATOM,285.0,HG23,VAL,17.0,17.712,15.163,17.459,0.09,1.32,0.0
ATOM,286.0,N,GLU,18.0,19.416,18.548,20.147,-0.47,1.85,0.0
ATOM,287.0,CA,GLU,18.0,19.878,19.836,20.663,0.07,2.275,0.0
ATOM,288.0,C,GLU,18.0,21.251,19.852,21.339,0.51,2.0,0.61
ATOM,289.0,O,GLU,18.0,21.868,20.926,21.437,-0.51,1.7,17.75
ATOM,290.0,CB,GLU,18.0,18.794,20.402,21.549,-0.18,2.175,6.7
ATOM,291.0,CG,GLU,18.0,17.581,20.707,20.68,-0.28,2.175,1.27
ATOM,292.0,CD,GLU,18.0,16.626,21.615,21.46,0.62,2.0,1.82
ATOM,293.0,OE1,GLU,18.0,15.906,22.404,20.818,-0.76,1.7,10.71
ATOM,294.0,OE2,GLU,18.0,16.769,21.646,22.691,-0.76,1.7,23.05
ATOM,295.0,H,GLU,18.0,18.694,17.98,20.558,0.31,0.2245,0.0
ATOM,296.0,HA,GLU,18.0,19.879,20.523,19.895,0.09,1.32,0.0
ATOM,297.0,HB2,GLU,18.0,18.534,19.727,22.185,0.09,1.32,0.08
ATOM,298.0,HB3,GLU,18.0,19.103,21.234,21.92,0.09,1.32,5.95
ATOM,299.0,HG2,GLU,18.0,17.874,21.196,19.9,0.09,1.32,1.64
ATOM,300.0,HG3,GLU,18.0,17.113,19.882,20.499,0.09,1.32,0.0
ATOM,301.0,N,ALA,19.0,21.75,18.641,21.586,-0.47,1.85,0.71
ATOM,302.0,CA,ALA,19.0,23.124,18.465,22.073,0.07,2.275,2.75
ATOM,303.0,C,ALA,19.0,24.221,18.672,21.012,0.51,2.0,0.0
ATOM,304.0,O,ALA,19.0,25.336,19.072,21.342,-0.51,1.7,29.54
ATOM,305.0,CB,ALA,19.0,23.277,17.089,22.706,-0.27,2.06,32.51
ATOM,306.0,H,ALA,19.0,21.102,17.854,21.41,0.31,0.2245,0.0
ATOM,307.0,HA,ALA,19.0,23.286,19.132,22.829,0.09,1.32,9.81
ATOM,308.0,HB1,ALA,19.0,22.746,16.421,22.186,0.09,1.32,0.28
ATOM,309.0,HB2,ALA,19.0,24.241,16.824,22.7,0.09,1.32,8.77
ATOM,310.0,HB3,ALA,19.0,22.945,17.116,23.649,0.09,1.32,10.95
ATOM,311.0,N,ASP,20.0,23.843,18.609,19.747,-0.47,1.85,0.0
ATOM,312.0,CA,ASP,20.0,24.782,19.015,18.695,0.07,2.275,0.15
ATOM,313.0,C,ASP,20.0,24.019,19.527,17.497,0.51,2.0,0.0
ATOM,314.0,O,ASP,20.0,23.89,18.801,16.51,-0.51,1.7,0.0
ATOM,315.0,CB,ASP,20.0,25.599,17.828,18.194,-0.28,2.175,7.04
ATOM,316.0,CG,ASP,20.0,26.725,18.382,17.314,0.62,2.0,4.52
ATOM,317.0,OD1,ASP,20.0,27.416,17.576,16.684,-0.76,1.7,20.96
ATOM,318.0,OD2,ASP,20.0,26.777,19.605,17.13,-0.76,1.7,14.03
ATOM,319.0,H,ASP,20.0,22.895,18.273,19.571,0.31,0.2245,0.0
ATOM,320.0,HA,ASP,20.0,25.318,19.78,19.062,0.09,1.32,4.02
ATOM,321.0,HB2,ASP,20.0,25.996,17.378,18.958,0.09,1.32,6.93
ATOM,322.0,HB3,ASP,20.0,25.028,17.264,17.648,0.09,1.32,0.0
ATOM,323.0,N,VAL,21.0,23.451,20.685,17.662,-0.47,1.85,0.0
ATOM,324.0,CA,VAL,21.0,22.615,21.209,16.584,0.07,2.275,0.0
ATOM,325.0,C,VAL,21.0,23.42,21.448,15.314,0.51,2.0,0.0
ATOM,326.0,O,VAL,21.0,22.929,21.182,14.215,-0.51,1.7,0.0
ATOM,327.0,CB,VAL,21.0,21.949,22.506,17.028,-0.09,2.275,0.83
ATOM,328.0,CG1,VAL,21.0,20.943,23.017,15.99,-0.27,2.06,0.86
ATOM,329.0,CG2,VAL,21.0,21.286,22.299,18.382,-0.27,2.06,10.32
ATOM,330.0,H,VAL,21.0,23.621,21.17,18.542,0.31,0.2245,4.36
ATOM,331.0,HA,VAL,21.0,21.904,20.522,16.378,0.09,1.32,0.0
ATOM,332.0,HB,VAL,21.0,22.656,23.21,17.107,0.09,1.32,3.63
ATOM,333.0,HG11,VAL,21.0,21.431,23.522,15.28,0.09,1.32,0.0
ATOM,334.0,HG12,VAL,21.0,20.467,22.24,15.584,0.09,1.32,0.0
ATOM,335.0,HG13,VAL,21.0,20.285,23.618,16.439,0.09,1.32,0.9
ATOM,336.0,HG21,VAL,21.0,21.51,21.386,18.723,0.09,1.32,0.0
ATOM,337.0,HG22,VAL,21.0,21.621,22.989,19.023,0.09,1.32,10.39
ATOM,338.0,HG23,VAL,21.0,20.295,22.387,18.281,0.09,1.32,2.36
ATOM,339.0,N,ALA,22.0,24.592,22.05,15.493,-0.47,1.85,0.0
ATOM,340.0,CA,ALA,22.0,25.411,22.445,14.354,0.07,2.275,0.0
ATOM,341.0,C,ALA,22.0,25.892,21.248,13.529,0.51,2.0,0.0
ATOM,342.0,O,ALA,22.0,25.766,21.263,12.3,-0.51,1.7,0.0
ATOM,343.0,CB,ALA,22.0,26.574,23.262,14.875,-0.27,2.06,16.38
ATOM,344.0,H,ALA,22.0,24.861,22.207,16.478,0.31,0.2245,2.94
ATOM,345.0,HA,ALA,22.0,24.862,23.047,13.75,0.09,1.32,0.0
ATOM,346.0,HB1,ALA,22.0,26.701,23.085,15.852,0.09,1.32,6.05
ATOM,347.0,HB2,ALA,22.0,27.41,23.012,14.384,0.09,1.32,0.0
ATOM,348.0,HB3,ALA,22.0,26.391,24.237,14.739,0.09,1.32,0.99
ATOM,349.0,N,GLY,23.0,26.208,20.156,14.225,-0.47,1.85,0.57
ATOM,350.0,CA,GLY,23.0,26.481,18.892,13.533,-0.02,2.175,9.44
ATOM,351.0,C,GLY,23.0,25.254,18.288,12.84,0.51,2.0,0.0
ATOM,352.0,O,GLY,23.0,25.319,17.961,11.651,-0.51,1.7,0.29
ATOM,353.0,H,GLY,23.0,26.242,20.272,15.244,0.31,0.2245,0.0
ATOM,354.0,HA2,GLY,23.0,27.21,19.042,12.84,0.09,1.32,4.65
ATOM,355.0,HA3,GLY,23.0,26.847,18.219,14.202,0.09,1.32,0.02
ATOM,356.0,N,HIS,24.0,24.121,18.27,13.533,-0.47,1.85,0.0
ATOM,357.0,CA,HIS,24.0,22.892,17.779,12.869,0.07,2.275,0.0
ATOM,358.0,C,HIS,24.0,22.432,18.609,11.658,0.51,2.0,0.0
ATOM,359.0,O,HIS,24.0,22.002,18.098,10.619,-0.51,1.7,0.0
ATOM,360.0,CB,HIS,24.0,21.749,17.709,13.881,-0.09,2.175,0.0
ATOM,361.0,CG,HIS,24.0,22.026,16.778,15.037,-0.05,1.8,0.0
ATOM,362.0,H,HIS,24.0,24.162,18.598,14.49,0.31,0.2245,0.0
ATOM,363.0,HA,HIS,24.0,23.07,16.828,12.549,0.09,1.32,0.0
ATOM,364.0,HB2,HIS,24.0,21.58,18.626,14.254,0.09,1.32,0.0
ATOM,365.0,HB3,HIS,24.0,20.917,17.389,13.418,0.09,1.32,0.0
ATOM,366.0,ND1,HIS,24.0,22.673,17.151,16.174,-0.36,1.85,0.0
ATOM,367.0,CD2,HIS,24.0,21.635,15.451,15.168,0.22,1.8,0.0
ATOM,368.0,CE1,HIS,24.0,22.655,16.066,17.033,0.25,1.8,0.37
ATOM,369.0,NE2,HIS,24.0,22.035,15.038,16.397,-0.7,1.85,0.0
ATOM,370.0,HD1,HIS,24.0,23.086,18.013,16.386,0.32,0.2245,0.0
ATOM,371.0,HD2,HIS,24.0,21.156,14.928,14.475,0.1,1.468,0.0
ATOM,372.0,HE1,HIS,24.0,23.027,16.054,17.932,0.13,0.9,2.03
ATOM,373.0,N,GLY,25.0,22.531,19.881,11.811,-0.47,1.85,0.0
ATOM,374.0,CA,GLY,25.0,22.108,20.797,10.767,-0.02,2.175,0.51
ATOM,375.0,C,GLY,25.0,22.989,20.744,9.529,0.51,2.0,0.0
ATOM,376.0,O,GLY,25.0,22.487,21.021,8.437,-0.51,1.7,0.1
ATOM,377.0,H,GLY,25.0,22.928,20.205,12.718,0.31,0.2245,0.0
ATOM,378.0,HA2,GLY,25.0,21.149,20.585,10.501,0.09,1.32,0.36
ATOM,379.0,HA3,GLY,25.0,22.106,21.747,11.132,0.09,1.32,0.0
ATOM,380.0,N,GLN,26.0,24.273,20.433,9.753,-0.47,1.85,0.0
ATOM,381.0,CA,GLN,26.0,25.186,20.382,8.614,0.07,2.275,0.0
ATOM,382.0,C,GLN,26.0,24.984,19.105,7.809,0.51,2.0,0.0
ATOM,383.0,O,GLN,26.0,25.065,19.147,6.582,-0.51,1.7,0.0
ATOM,384.0,CB,GLN,26.0,26.655,20.57,9.042,-0.18,2.175,0.01
ATOM,385.0,CG,GLN,26.0,27.53,20.695,7.786,-0.18,2.175,1.03
ATOM,386.0,CD,GLN,26.0,28.887,21.322,8.082,0.55,2.0,0.0
ATOM,387.0,H,GLN,26.0,24.529,20.25,10.717,0.31,0.2245,0.0
ATOM,388.0,HA,GLN,26.0,24.976,21.162,8.013,0.09,1.32,0.0
ATOM,389.0,HB2,GLN,26.0,26.734,21.399,9.555,0.09,1.32,0.0
ATOM,390.0,HB3,GLN,26.0,26.945,19.779,9.541,0.09,1.32,1.74
ATOM,391.0,HG2,GLN,26.0,27.675,19.783,7.41,0.09,1.32,0.17
ATOM,392.0,HG3,GLN,26.0,27.052,21.266,7.124,0.09,1.32,0.0
ATOM,393.0,OE1,GLN,26.0,29.47,20.967,9.109,-0.55,1.7,12.53
ATOM,394.0,NE2,GLN,26.0,29.262,22.347,7.266,-0.62,1.85,0.0
ATOM,395.0,HE21,GLN,26.0,30.138,22.812,7.416,0.32,0.2245,0.72
ATOM,396.0,HE22,GLN,26.0,28.633,22.612,6.52,0.3,0.2245,0.0
ATOM,397.0,N,ASP,27.0,24.774,17.995,8.521,-0.47,1.85,0.0
ATOM,398.0,CA,ASP,27.0,24.506,16.686,7.878,0.07,2.275,1.25
ATOM,399.0,C,ASP,27.0,23.208,16.77,7.081,0.51,2.0,0.0
ATOM,400.0,O,ASP,27.0,23.094,16.144,6.027,-0.51,1.7,1.98
ATOM,401.0,CB,ASP,27.0,24.283,15.563,8.938,-0.28,2.175,3.53
ATOM,402.0,CG,ASP,27.0,25.565,15.022,9.591,0.62,2.0,3.98
ATOM,403.0,OD1,ASP,27.0,26.638,15.465,9.172,-0.76,1.7,22.14
ATOM,404.0,OD2,ASP,27.0,25.484,14.239,10.557,-0.76,1.7,13.61
ATOM,405.0,H,ASP,27.0,24.813,18.119,9.549,0.31,0.2245,0.0
ATOM,406.0,HA,ASP,27.0,25.247,16.528,7.227,0.09,1.32,1.02
ATOM,407.0,HB2,ASP,27.0,23.697,15.94,9.653,0.09,1.32,0.0
ATOM,408.0,HB3,ASP,27.0,23.816,14.809,8.481,0.09,1.32,1.25
ATOM,409.0,N,ILE,28.0,22.199,17.396,7.675,-0.47,1.85,0.0
ATOM,410.0,CA,ILE,28.0,20.869,17.484,7.031,0.07,2.275,0.0
ATOM,411.0,C,ILE,28.0,20.938,18.278,5.736,0.51,2.0,0.0
ATOM,412.0,O,ILE,28.0,20.485,17.798,4.696,-0.51,1.7,0.0
ATOM,413.0,CB,ILE,28.0,19.788,18.034,7.989,-0.09,2.275,0.0
ATOM,414.0,CG1,ILE,28.0,19.462,17.013,9.075,-0.18,2.175,0.0
ATOM,415.0,CG2,ILE,28.0,18.502,18.498,7.283,-0.27,2.06,1.41
ATOM,416.0,CD1,ILE,28.0,18.761,17.626,10.284,-0.27,2.06,1.04
ATOM,417.0,H,ILE,28.0,22.408,17.806,8.597,0.31,0.2245,0.0
ATOM,418.0,HA,ILE,28.0,20.623,16.542,6.786,0.09,1.32,0.0
ATOM,419.0,HB,ILE,28.0,20.156,18.848,8.427,0.09,1.32,0.01
ATOM,420.0,HG12,ILE,28.0,18.873,16.31,8.688,0.09,1.32,0.0
ATOM,421.0,HG13,ILE,28.0,20.312,16.595,9.383,0.09,1.32,0.0
ATOM,422.0,HG21,ILE,28.0,17.896,18.916,7.953,0.09,1.32,0.18
ATOM,423.0,HG22,ILE,28.0,18.739,19.162,6.58,0.09,1.32,0.0
ATOM,424.0,HG23,ILE,28.0,18.056,17.71,6.868,0.09,1.32,0.0
ATOM,425.0,HD11,ILE,28.0,17.904,18.04,9.987,0.09,1.32,0.0
ATOM,426.0,HD12,ILE,28.0,18.578,16.909,10.952,0.09,1.32,0.0
ATOM,427.0,HD13,ILE,28.0,19.353,18.32,10.685,0.09,1.32,0.0
ATOM,428.0,N,LEU,29.0,21.555,19.442,5.813,-0.47,1.85,0.0
ATOM,429.0,CA,LEU,29.0,21.691,20.253,4.587,0.07,2.275,0.0
ATOM,430.0,C,LEU,29.0,22.515,19.531,3.516,0.51,2.0,0.0
ATOM,431.0,O,LEU,29.0,22.144,19.484,2.339,-0.51,1.7,0.0
ATOM,432.0,CB,LEU,29.0,22.309,21.617,4.926,-0.18,2.175,0.0
ATOM,433.0,CG,LEU,29.0,21.316,22.556,5.616,-0.09,2.275,0.0
ATOM,434.0,CD1,LEU,29.0,21.958,23.871,6.019,-0.27,2.06,0.0
ATOM,435.0,CD2,LEU,29.0,20.091,22.841,4.765,-0.27,2.06,0.55
ATOM,436.0,H,LEU,29.0,21.907,19.72,6.724,0.31,0.2245,0.0
ATOM,437.0,HA,LEU,29.0,20.769,20.424,4.218,0.09,1.32,0.0
ATOM,438.0,HB2,LEU,29.0,23.055,21.467,5.544,0.09,1.32,0.0
ATOM,439.0,HB3,LEU,29.0,22.588,22.041,4.088,0.09,1.32,0.0
ATOM,440.0,HG,LEU,29.0,20.953,22.097,6.435,0.09,1.32,1.36
ATOM,441.0,HD11,LEU,29.0,22.311,24.336,5.206,0.09,1.32,0.0
ATOM,442.0,HD12,LEU,29.0,21.278,24.454,6.465,0.09,1.32,0.0
ATOM,443.0,HD13,LEU,29.0,22.712,23.697,6.654,0.09,1.32,0.0
ATOM,444.0,HD21,LEU,29.0,19.613,21.984,4.566,0.09,1.32,0.0
ATOM,445.0,HD22,LEU,29.0,19.475,23.457,5.258,0.09,1.32,0.17
ATOM,446.0,HD23,LEU,29.0,20.371,23.271,3.905,0.09,1.32,0.0
ATOM,447.0,N,ILE,30.0,23.578,18.892,3.955,-0.47,1.85,0.0
ATOM,448.0,CA,ILE,30.0,24.405,18.116,2.988,0.07,2.275,0.0
ATOM,449.0,C,ILE,30.0,23.634,17.003,2.271,0.51,2.0,0.0
ATOM,450.0,O,ILE,30.0,23.765,16.843,1.046,-0.51,1.7,0.0
ATOM,451.0,CB,ILE,30.0,25.695,17.601,3.653,-0.09,2.275,0.0
ATOM,452.0,CG1,ILE,30.0,26.704,18.743,3.796,-0.18,2.175,0.0
ATOM,453.0,CG2,ILE,30.0,26.32,16.387,2.921,-0.27,2.06,8.62
ATOM,454.0,CD1,ILE,30.0,27.889,18.374,4.688,-0.27,2.06,0.04
ATOM,455.0,H,ILE,30.0,23.788,18.959,4.947,0.31,0.2245,0.0
ATOM,456.0,HA,ILE,30.0,24.687,18.78,2.279,0.09,1.32,0.0
ATOM,457.0,HB,ILE,30.0,25.463,17.279,4.563,0.09,1.32,0.0
ATOM,458.0,HG12,ILE,30.0,27.045,18.982,2.896,0.09,1.32,0.0
ATOM,459.0,HG13,ILE,30.0,26.241,19.525,4.196,0.09,1.32,0.0
ATOM,460.0,HG21,ILE,30.0,27.1,16.064,3.446,0.09,1.32,0.0
ATOM,461.0,HG22,ILE,30.0,25.635,15.67,2.849,0.09,1.32,2.85
ATOM,462.0,HG23,ILE,30.0,26.612,16.675,2.015,0.09,1.32,0.0
ATOM,463.0,HD11,ILE,30.0,28.361,17.591,4.292,0.09,1.32,0.0
ATOM,464.0,HD12,ILE,30.0,28.508,19.153,4.742,0.09,1.32,0.0
ATOM,465.0,HD13,ILE,30.0,27.551,18.144,5.597,0.09,1.32,0.0
ATOM,466.0,N,ARG,31.0,22.805,16.313,3.063,-0.47,1.85,0.0
ATOM,467.0,CA,ARG,31.0,21.967,15.225,2.52,0.07,2.275,0.84
ATOM,468.0,C,ARG,31.0,20.929,15.771,1.542,0.51,2.0,0.0
ATOM,469.0,O,ARG,31.0,20.802,15.266,0.421,-0.51,1.7,0.0
ATOM,470.0,CB,ARG,31.0,21.282,14.561,3.702,-0.18,2.175,0.19
ATOM,471.0,CG,ARG,31.0,20.289,13.481,3.318,-0.18,2.175,0.0
ATOM,472.0,CD,ARG,31.0,20.9,12.214,2.744,0.2,2.175,5.53
ATOM,473.0,NE,ARG,31.0,19.782,11.378,2.23,-0.7,1.85,0.0
ATOM,474.0,CZ,ARG,31.0,19.868,10.078,2.004,0.64,2.0,0.0
ATOM,475.0,NH1,ARG,31.0,21.042,9.472,2.123,-0.8,1.85,13.42
ATOM,476.0,NH2,ARG,31.0,18.808,9.452,1.466,-0.8,1.85,14.85
ATOM,477.0,H,ARG,31.0,22.801,16.596,4.052,0.31,0.2245,0.0
ATOM,478.0,HA,ARG,31.0,22.563,14.578,2.033,0.09,1.32,2.33
ATOM,479.0,HB2,ARG,31.0,21.982,14.145,4.279,0.09,1.32,4.11
ATOM,480.0,HB3,ARG,31.0,20.792,15.261,4.217,0.09,1.32,0.0
ATOM,481.0,HG2,ARG,31.0,19.747,13.221,4.133,0.09,1.32,0.0
ATOM,482.0,HG3,ARG,31.0,19.643,13.851,2.63,0.09,1.32,0.53
ATOM,483.0,HD2,ARG,31.0,21.483,12.454,2.001,0.09,1.32,2.51
ATOM,484.0,HD3,ARG,31.0,21.353,11.731,3.46,0.09,1.32,1.89
ATOM,485.0,HE,ARG,31.0,18.912,11.844,2.047,0.44,0.2245,3.72
ATOM,486.0,HH11,ARG,31.0,21.861,9.963,2.398,0.46,0.2245,9.72
ATOM,487.0,HH12,ARG,31.0,21.108,8.48,1.93,0.46,0.2245,13.31
ATOM,488.0,HH21,ARG,31.0,17.976,9.958,1.264,0.46,0.2245,15.32
ATOM,489.0,HH22,ARG,31.0,18.863,8.472,1.271,0.46,0.2245,16.64
ATOM,490.0,N,LEU,32.0,20.357,16.908,1.902,-0.47,1.85,0.0
ATOM,491.0,CA,LEU,32.0,19.406,17.585,0.969,0.07,2.275,0.0
ATOM,492.0,C,LEU,32.0,20.079,17.945,-0.363,0.51,2.0,0.0
ATOM,493.0,O,LEU,32.0,19.531,17.658,-1.435,-0.51,1.7,0.0
ATOM,494.0,CB,LEU,32.0,18.882,18.884,1.61,-0.18,2.175,0.0
ATOM,495.0,CG,LEU,32.0,17.817,19.603,0.746,-0.09,2.275,0.0
ATOM,496.0,CD1,LEU,32.0,16.588,18.743,0.508,-0.27,2.06,0.0
ATOM,497.0,CD2,LEU,32.0,17.4,20.942,1.344,-0.27,2.06,4.73
ATOM,498.0,H,LEU,32.0,20.598,17.276,2.821,0.31,0.2245,0.0
ATOM,499.0,HA,LEU,32.0,18.65,16.949,0.786,0.09,1.32,0.34
ATOM,500.0,HB2,LEU,32.0,18.457,18.654,2.464,0.09,1.32,0.0
ATOM,501.0,HB3,LEU,32.0,19.637,19.499,1.715,0.09,1.32,0.0
ATOM,502.0,HG,LEU,32.0,18.237,19.844,-0.136,0.09,1.32,0.0
ATOM,503.0,HD11,LEU,32.0,16.166,18.51,1.385,0.09,1.32,0.0
ATOM,504.0,HD12,LEU,32.0,15.929,19.246,-0.053,0.09,1.32,0.0
ATOM,505.0,HD13,LEU,32.0,16.853,17.902,0.034,0.09,1.32,0.0
ATOM,506.0,HD21,LEU,32.0,18.199,21.539,1.413,0.09,1.32,0.0
ATOM,507.0,HD22,LEU,32.0,16.714,21.37,0.756,0.09,1.32,2.26
ATOM,508.0,HD23,LEU,32.0,17.014,20.794,2.255,0.09,1.32,0.0
ATOM,509.0,N,PHE,33.0,21.267,18.559,-0.241,-0.47,1.85,0.0
ATOM,510.0,CA,PHE,33.0,21.991,19.029,-1.43,0.07,2.275,0.0
ATOM,511.0,C,PHE,33.0,22.423,17.908,-2.376,0.51,2.0,0.0
ATOM,512.0,O,PHE,33.0,22.364,18.026,-3.606,-0.51,1.7,3.68
ATOM,513.0,CB,PHE,33.0,23.174,19.935,-1.045,-0.18,2.175,0.0
ATOM,514.0,CG,PHE,33.0,22.77,21.273,-0.459,0.0,1.9924,0.0
ATOM,515.0,CD1,PHE,33.0,21.537,21.808,-0.757,-0.115,1.9924,0.0
ATOM,516.0,CD2,PHE,33.0,23.588,21.907,0.435,-0.115,1.9924,0.0
ATOM,517.0,CE1,PHE,33.0,21.113,22.983,-0.143,-0.115,1.9924,0.0
ATOM,518.0,CE2,PHE,33.0,23.172,23.081,1.063,-0.115,1.9924,0.0
ATOM,519.0,CZ,PHE,33.0,21.926,23.612,0.775,-0.115,1.9924,0.0
ATOM,520.0,H,PHE,33.0,21.609,18.666,0.721,0.31,0.2245,0.0
ATOM,521.0,HA,PHE,33.0,21.346,19.617,-1.949,0.09,1.32,0.0
ATOM,522.0,HB2,PHE,33.0,23.712,19.457,-0.367,0.09,1.32,0.0
ATOM,523.0,HB3,PHE,33.0,23.699,20.109,-1.864,0.09,1.32,0.0
ATOM,524.0,HD1,PHE,33.0,20.937,21.36,-1.412,0.115,1.3582,0.0
ATOM,525.0,HD2,PHE,33.0,24.492,21.536,0.649,0.115,1.3582,0.0
ATOM,526.0,HE1,PHE,33.0,20.21,23.364,-0.379,0.115,1.3582,0.0
ATOM,527.0,HE2,PHE,33.0,23.787,23.536,1.724,0.115,1.3582,0.0
ATOM,528.0,HZ,PHE,33.0,21.617,24.447,1.23,0.115,1.3582,0.0
ATOM,529.0,N,LYS,34.0,22.858,16.836,-1.783,-0.47,1.85,0.0
ATOM,530.0,CA,LYS,34.0,23.301,15.743,-2.63,0.07,2.275,0.0
ATOM,531.0,C,LYS,34.0,22.133,14.921,-3.198,0.51,2.0,0.08
ATOM,532.0,O,LYS,34.0,22.19,14.428,-4.33,-0.51,1.7,16.08
ATOM,533.0,CB,LYS,34.0,24.254,14.851,-1.852,-0.18,2.175,7.76
ATOM,534.0,CG,LYS,34.0,25.637,15.478,-1.722,-0.18,2.175,0.27
ATOM,535.0,CD,LYS,34.0,26.721,14.473,-2.109,-0.18,2.175,2.2
ATOM,536.0,CE,LYS,34.0,26.985,14.362,-3.612,0.21,2.175,15.08
ATOM,537.0,NZ,LYS,34.0,27.935,13.24,-3.876,-0.3,1.85,12.91
ATOM,538.0,H,LYS,34.0,22.863,16.825,-0.77,0.31,0.2245,0.0
ATOM,539.0,HA,LYS,34.0,23.829,16.12,-3.409,0.09,1.32,3.19
ATOM,540.0,HB2,LYS,34.0,23.889,14.714,-0.943,0.09,1.32,0.06
ATOM,541.0,HB3,LYS,34.0,24.347,13.991,-2.333,0.09,1.32,4.46
ATOM,542.0,HG2,LYS,34.0,25.697,16.265,-2.329,0.09,1.32,0.96
ATOM,543.0,HG3,LYS,34.0,25.782,15.759,-0.779,0.09,1.32,0.0
ATOM,544.0,HD2,LYS,34.0,27.581,14.739,-1.658,0.09,1.32,0.0
ATOM,545.0,HD3,LYS,34.0,26.453,13.564,-1.769,0.09,1.32,7.52
ATOM,546.0,HE2,LYS,34.0,26.126,14.183,-4.077,0.05,1.32,4.13
ATOM,547.0,HE3,LYS,34.0,27.384,15.214,-3.933,0.05,1.32,4.82
ATOM,548.0,HZ1,LYS,34.0,27.695,12.803,-4.741,0.33,0.2245,20.62
ATOM,549.0,HZ2,LYS,34.0,28.865,13.601,-3.927,0.33,0.2245,13.97
ATOM,550.0,HZ3,LYS,34.0,27.872,12.575,-3.134,0.33,0.2245,12.6
ATOM,551.0,N,SER,35.0,21.142,14.659,-2.376,-0.47,1.85,0.0
ATOM,552.0,CA,SER,35.0,20.049,13.819,-2.882,0.07,2.275,2.23
ATOM,553.0,C,SER,35.0,19.187,14.517,-3.937,0.51,2.0,0.0
ATOM,554.0,O,SER,35.0,18.583,13.844,-4.783,-0.51,1.7,21.86
ATOM,555.0,CB,SER,35.0,19.179,13.489,-1.699,0.05,2.175,6.95
ATOM,556.0,OG,SER,35.0,20.001,12.739,-0.835,-0.66,1.77,7.72
ATOM,557.0,H,SER,35.0,21.187,15.048,-1.446,0.31,0.2245,0.0
ATOM,558.0,HA,SER,35.0,20.463,13.0,-3.314,0.09,1.32,9.32
ATOM,559.0,HB2,SER,35.0,18.907,14.313,-1.253,0.09,1.32,0.0
ATOM,560.0,HB3,SER,35.0,18.427,12.938,-1.99,0.09,1.32,4.18
ATOM,561.0,HG,SER,35.0,20.247,13.292,-0.039,0.43,0.2245,0.0
ATOM,562.0,N,HIS,36.0,19.119,15.842,-3.815,-0.47,1.85,0.0
ATOM,563.0,CA,HIS,36.0,18.291,16.768,-4.629,0.07,2.275,0.0
ATOM,564.0,C,HIS,36.0,19.038,18.082,-4.942,0.51,2.0,0.0
ATOM,565.0,O,HIS,36.0,18.733,19.154,-4.41,-0.51,1.7,0.0
ATOM,566.0,CB,HIS,36.0,16.977,17.1,-3.89,-0.09,2.175,0.0
ATOM,567.0,CG,HIS,36.0,16.191,15.887,-3.411,-0.05,1.8,0.0
ATOM,568.0,H,HIS,36.0,19.747,16.218,-3.035,0.31,0.2245,0.0
ATOM,569.0,HA,HIS,36.0,18.08,16.313,-5.5,0.09,1.32,1.18
ATOM,570.0,HB2,HIS,36.0,17.188,17.667,-3.086,0.09,1.32,0.0
ATOM,571.0,HB3,HIS,36.0,16.381,17.629,-4.505,0.09,1.32,0.0
ATOM,572.0,ND1,HIS,36.0,15.342,15.163,-4.202,-0.36,1.85,1.23
ATOM,573.0,CD2,HIS,36.0,16.303,15.251,-2.194,0.22,1.8,1.04
ATOM,574.0,CE1,HIS,36.0,14.924,14.089,-3.484,0.25,1.8,13.57
ATOM,575.0,NE2,HIS,36.0,15.531,14.124,-2.245,-0.7,1.85,11.76
ATOM,576.0,HD1,HIS,36.0,15.07,15.364,-5.126,0.32,0.2245,7.62
ATOM,577.0,HD2,HIS,36.0,16.851,15.568,-1.426,0.1,1.468,0.72
ATOM,578.0,HE1,HIS,36.0,14.297,13.399,-3.782,0.13,0.9,14.35
ATOM,579.0,N,PRO,37.0,19.914,18.02,-5.922,-0.29,1.85,0.0
ATOM,580.0,CA,PRO,37.0,20.8,19.128,-6.308,0.02,2.275,0.0
ATOM,581.0,C,PRO,37.0,20.081,20.434,-6.617,0.51,2.0,0.0
ATOM,582.0,O,PRO,37.0,20.688,21.51,-6.571,-0.51,1.7,2.05
ATOM,583.0,CB,PRO,37.0,21.519,18.655,-7.568,-0.18,2.175,15.6
ATOM,584.0,CG,PRO,37.0,21.479,17.135,-7.505,-0.18,2.175,20.43
ATOM,585.0,CD,PRO,37.0,20.191,16.81,-6.755,0.0,2.175,8.08
ATOM,586.0,HA,PRO,37.0,21.513,19.273,-5.59,0.09,1.32,0.19
ATOM,587.0,HB2,PRO,37.0,21.051,18.978,-8.395,0.09,1.32,7.91
ATOM,588.0,HB3,PRO,37.0,22.469,18.975,-7.585,0.09,1.32,11.09
ATOM,589.0,HG2,PRO,37.0,21.459,16.753,-8.426,0.09,1.32,11.66
ATOM,590.0,HG3,PRO,37.0,22.273,16.791,-7.011,0.09,1.32,5.24
ATOM,591.0,HD2,PRO,37.0,19.434,16.647,-7.39,0.09,1.32,6.51
ATOM,592.0,HD3,PRO,37.0,20.307,16.005,-6.168,0.09,1.32,0.0
ATOM,593.0,N,GLU,38.0,18.853,20.291,-7.084,-0.47,1.85,0.27
ATOM,594.0,CA,GLU,38.0,18.085,21.456,-7.489,0.07,2.275,2.1
ATOM,595.0,C,GLU,38.0,17.795,22.391,-6.301,0.51,2.0,0.0
ATOM,596.0,O,GLU,38.0,17.669,23.599,-6.491,-0.51,1.7,1.97
ATOM,597.0,CB,GLU,38.0,16.775,21.045,-8.205,-0.18,2.175,17.43
ATOM,598.0,CG,GLU,38.0,15.704,20.41,-7.298,-0.28,2.175,2.34
ATOM,599.0,CD,GLU,38.0,15.829,18.883,-7.18,0.62,2.0,2.5
ATOM,600.0,OE1,GLU,38.0,14.804,18.18,-7.176,-0.76,1.7,19.15
ATOM,601.0,OE2,GLU,38.0,16.952,18.383,-7.167,-0.76,1.7,6.9
ATOM,602.0,H,GLU,38.0,18.504,19.323,-7.133,0.31,0.2245,0.0
ATOM,603.0,HA,GLU,38.0,18.589,21.972,-8.196,0.09,1.32,3.46
ATOM,604.0,HB2,GLU,38.0,16.383,21.86,-8.596,0.09,1.32,5.92
ATOM,605.0,HB3,GLU,38.0,17.009,20.381,-8.893,0.09,1.32,8.26
ATOM,606.0,HG2,GLU,38.0,15.809,20.783,-6.396,0.09,1.32,0.0
ATOM,607.0,HG3,GLU,38.0,14.822,20.603,-7.685,0.09,1.32,3.44
ATOM,608.0,N,THR,39.0,17.783,21.85,-5.091,-0.47,1.85,0.0
ATOM,609.0,CA,THR,39.0,17.536,22.701,-3.916,0.07,2.275,0.04
ATOM,610.0,C,THR,39.0,18.724,23.623,-3.577,0.51,2.0,0.0
ATOM,611.0,O,THR,39.0,18.571,24.742,-3.066,-0.51,1.7,0.2
ATOM,612.0,CB,THR,39.0,17.245,21.775,-2.734,0.14,2.275,0.1
ATOM,613.0,OG1,THR,39.0,18.386,20.976,-2.482,-0.66,1.77,0.0
ATOM,614.0,CG2,THR,39.0,16.047,20.859,-2.97,-0.27,2.06,0.0
ATOM,615.0,H,THR,39.0,17.951,20.843,-5.043,0.31,0.2245,0.0
ATOM,616.0,HA,THR,39.0,16.733,23.286,-4.11,0.09,1.32,0.0
ATOM,617.0,HB,THR,39.0,17.059,22.345,-1.907,0.09,1.32,2.38
ATOM,618.0,HG21,THR,39.0,16.361,19.978,-3.328,0.09,1.32,0.0
ATOM,619.0,HG22,THR,39.0,15.56,20.71,-2.107,0.09,1.32,0.0
ATOM,620.0,HG23,THR,39.0,15.424,21.281,-3.632,0.09,1.32,0.0
ATOM,621.0,HG1,THR,39.0,18.497,20.274,-3.198,0.43,0.2245,0.0
ATOM,622.0,N,LEU,40.0,19.895,23.164,-3.956,-0.47,1.85,0.0
ATOM,623.0,CA,LEU,40.0,21.083,23.977,-3.693,0.07,2.275,0.0
ATOM,624.0,C,LEU,40.0,21.046,25.234,-4.57,0.51,2.0,0.0
ATOM,625.0,O,LEU,40.0,21.505,26.294,-4.133,-0.51,1.7,0.0
ATOM,626.0,CB,LEU,40.0,22.299,23.114,-4.017,-0.18,2.175,0.0
ATOM,627.0,CG,LEU,40.0,23.659,23.823,-3.958,-0.09,2.275,0.0
ATOM,628.0,CD1,LEU,40.0,24.016,24.221,-2.544,-0.27,2.06,0.0
ATOM,629.0,CD2,LEU,40.0,24.77,22.979,-4.582,-0.27,2.06,11.35
ATOM,630.0,H,LEU,40.0,19.909,22.257,-4.417,0.31,0.2245,0.0
ATOM,631.0,HA,LEU,40.0,21.072,24.262,-2.735,0.09,1.32,0.0
ATOM,632.0,HB2,LEU,40.0,22.33,22.365,-3.362,0.09,1.32,0.0
ATOM,633.0,HB3,LEU,40.0,22.191,22.762,-4.94,0.09,1.32,0.0
ATOM,634.0,HG,LEU,40.0,23.619,24.641,-4.539,0.09,1.32,0.0
ATOM,635.0,HD11,LEU,40.0,24.061,23.406,-1.963,0.09,1.32,0.0
ATOM,636.0,HD12,LEU,40.0,24.906,24.681,-2.535,0.09,1.32,0.0
ATOM,637.0,HD13,LEU,40.0,23.321,24.845,-2.181,0.09,1.32,0.0
ATOM,638.0,HD21,LEU,40.0,24.551,22.8,-5.541,0.09,1.32,7.75
ATOM,639.0,HD22,LEU,40.0,25.636,23.475,-4.523,0.09,1.32,0.0
ATOM,640.0,HD23,LEU,40.0,24.846,22.113,-4.088,0.09,1.32,0.3
ATOM,641.0,N,GLU,41.0,20.47,25.101,-5.77,-0.47,1.85,0.0
ATOM,642.0,CA,GLU,41.0,20.353,26.286,-6.685,0.07,2.275,0.0
ATOM,643.0,C,GLU,41.0,19.424,27.392,-6.207,0.51,2.0,1.18
ATOM,644.0,O,GLU,41.0,19.709,28.562,-6.471,-0.51,1.7,13.28
ATOM,645.0,CB,GLU,41.0,19.943,25.855,-8.079,-0.18,2.175,13.76
ATOM,646.0,CG,GLU,41.0,21.118,25.104,-8.7,-0.28,2.175,14.48
ATOM,647.0,CD,GLU,41.0,21.922,26.139,-9.475,0.62,2.0,6.74
ATOM,648.0,OE1,GLU,41.0,21.268,26.969,-10.098,-0.76,1.7,30.45
ATOM,649.0,OE2,GLU,41.0,23.085,26.342,-9.135,-0.76,1.7,19.06
ATOM,650.0,H,GLU,41.0,20.129,24.172,-6.01,0.31,0.2245,0.0
ATOM,651.0,HA,GLU,41.0,21.291,26.663,-6.835,0.09,1.32,0.0
ATOM,652.0,HB2,GLU,41.0,19.211,25.238,-8.004,0.09,1.32,0.27
ATOM,653.0,HB3,GLU,41.0,19.788,26.64,-8.609,0.09,1.32,2.5
ATOM,654.0,HG2,GLU,41.0,21.671,24.77,-7.995,0.09,1.32,0.01
ATOM,655.0,HG3,GLU,41.0,20.776,24.468,-9.327,0.09,1.32,7.89
ATOM,656.0,N,LYS,42.0,18.573,27.038,-5.251,-0.47,1.85,0.0
ATOM,657.0,CA,LYS,42.0,17.805,28.032,-4.479,0.07,2.275,0.49
ATOM,658.0,C,LYS,42.0,18.674,28.856,-3.516,0.51,2.0,0.05
ATOM,659.0,O,LYS,42.0,18.263,29.907,-3.016,-0.51,1.7,22.68
ATOM,660.0,CB,LYS,42.0,16.709,27.31,-3.685,-0.18,2.175,2.04
ATOM,661.0,CG,LYS,42.0,15.597,26.74,-4.569,-0.18,2.175,0.16
ATOM,662.0,CD,LYS,42.0,14.814,27.861,-5.246,-0.18,2.175,2.7
ATOM,663.0,CE,LYS,42.0,13.72,27.417,-6.206,0.21,2.175,6.69
ATOM,664.0,NZ,LYS,42.0,12.903,28.608,-6.524,-0.3,1.85,2.33
ATOM,665.0,H,LYS,42.0,18.492,26.015,-5.091,0.31,0.2245,0.0
ATOM,666.0,HA,LYS,42.0,17.356,28.667,-5.13,0.09,1.32,3.59
ATOM,667.0,HB2,LYS,42.0,17.127,26.558,-3.188,0.09,1.32,0.0
ATOM,668.0,HB3,LYS,42.0,16.302,27.96,-3.053,0.09,1.32,0.37
ATOM,669.0,HG2,LYS,42.0,16.006,26.162,-5.27,0.09,1.32,0.07
ATOM,670.0,HG3,LYS,42.0,14.975,26.206,-4.004,0.09,1.32,0.0
ATOM,671.0,HD2,LYS,42.0,14.391,28.434,-4.527,0.09,1.32,0.0
ATOM,672.0,HD3,LYS,42.0,15.466,28.444,-5.756,0.09,1.32,4.59
ATOM,673.0,HE2,LYS,42.0,14.136,27.068,-7.029,0.05,1.32,9.13
ATOM,674.0,HE3,LYS,42.0,13.16,26.736,-5.763,0.05,1.32,0.0
ATOM,675.0,HZ1,LYS,42.0,12.453,28.938,-5.693,0.33,0.2245,0.0
ATOM,676.0,HZ2,LYS,42.0,13.491,29.33,-6.892,0.33,0.2245,8.06
ATOM,677.0,HZ3,LYS,42.0,12.209,28.368,-7.204,0.33,0.2245,8.0
ATOM,678.0,N,PHE,43.0,19.868,28.384,-3.224,-0.47,1.85,0.0
ATOM,679.0,CA,PHE,43.0,20.695,29.162,-2.291,0.07,2.275,0.07
ATOM,680.0,C,PHE,43.0,21.849,29.91,-2.952,0.51,2.0,0.0
ATOM,681.0,O,PHE,43.0,22.817,29.279,-3.386,-0.51,1.7,0.0
ATOM,682.0,CB,PHE,43.0,21.277,28.221,-1.242,-0.18,2.175,0.0
ATOM,683.0,CG,PHE,43.0,20.299,27.664,-0.227,0.0,1.9924,0.0
ATOM,684.0,CD1,PHE,43.0,20.106,28.332,0.963,-0.115,1.9924,6.3
ATOM,685.0,CD2,PHE,43.0,19.7,26.445,-0.445,-0.115,1.9924,0.1
ATOM,686.0,CE1,PHE,43.0,19.345,27.747,1.977,-0.115,1.9924,9.44
ATOM,687.0,CE2,PHE,43.0,18.914,25.858,0.545,-0.115,1.9924,5.24
ATOM,688.0,CZ,PHE,43.0,18.756,26.5,1.77,-0.115,1.9924,9.91
ATOM,689.0,H,PHE,43.0,20.147,27.516,-3.656,0.31,0.2245,0.0
ATOM,690.0,HA,PHE,43.0,20.085,29.866,-1.881,0.09,1.32,2.24
ATOM,691.0,HB2,PHE,43.0,21.688,27.446,-1.718,0.09,1.32,0.0
ATOM,692.0,HB3,PHE,43.0,21.979,28.719,-0.738,0.09,1.32,0.0
ATOM,693.0,HD1,PHE,43.0,20.501,29.229,1.111,0.115,1.3582,3.42
ATOM,694.0,HD2,PHE,43.0,19.824,25.971,-1.316,0.115,1.3582,0.0
ATOM,695.0,HE1,PHE,43.0,19.228,28.228,2.85,0.115,1.3582,0.59
ATOM,696.0,HE2,PHE,43.0,18.466,24.971,0.369,0.115,1.3582,1.71
ATOM,697.0,HZ,PHE,43.0,18.225,26.075,2.498,0.115,1.3582,8.83
ATOM,698.0,N,ASP,44.0,21.663,31.217,-3.148,-0.47,1.85,0.1
ATOM,699.0,CA,ASP,44.0,22.723,31.969,-3.821,0.07,2.275,0.0
ATOM,700.0,C,ASP,44.0,24.013,31.902,-3.005,0.51,2.0,0.25
ATOM,701.0,O,ASP,44.0,25.112,31.783,-3.568,-0.51,1.7,13.87
ATOM,702.0,CB,ASP,44.0,22.295,33.423,-3.911,-0.28,2.175,14.75
ATOM,703.0,CG,ASP,44.0,21.501,33.671,-5.188,0.62,2.0,3.75
ATOM,704.0,OD1,ASP,44.0,22.034,33.357,-6.272,-0.76,1.7,18.96
ATOM,705.0,OD2,ASP,44.0,20.452,34.343,-5.082,-0.76,1.7,45.95
ATOM,706.0,H,ASP,44.0,20.792,31.607,-2.815,0.31,0.2245,5.25
ATOM,707.0,HA,ASP,44.0,22.904,31.511,-4.694,0.09,1.32,0.0
ATOM,708.0,HB2,ASP,44.0,21.719,33.629,-3.139,0.09,1.32,7.04
ATOM,709.0,HB3,ASP,44.0,23.102,33.988,-3.929,0.09,1.32,8.99
ATOM,710.0,N,ARG,45.0,23.825,31.866,-1.689,-0.47,1.85,0.22
ATOM,711.0,CA,ARG,45.0,24.987,31.762,-0.795,0.07,2.275,0.89
ATOM,712.0,C,ARG,45.0,25.723,30.438,-0.709,0.51,2.0,0.0
ATOM,713.0,O,ARG,45.0,26.858,30.402,-0.203,-0.51,1.7,4.23
ATOM,714.0,CB,ARG,45.0,24.777,32.36,0.571,-0.18,2.175,11.07
ATOM,715.0,CG,ARG,45.0,23.717,31.645,1.354,-0.18,2.175,0.48
ATOM,716.0,CD,ARG,45.0,23.323,32.506,2.546,0.2,2.175,14.07
ATOM,717.0,NE,ARG,45.0,24.133,32.187,3.719,-0.7,1.85,3.98
ATOM,718.0,CZ,ARG,45.0,23.553,32.135,4.913,0.64,2.0,1.76
ATOM,719.0,NH1,ARG,45.0,22.257,32.372,5.013,-0.8,1.85,14.12
ATOM,720.0,NH2,ARG,45.0,24.249,31.855,6.001,-0.8,1.85,6.55
ATOM,721.0,H,ARG,45.0,22.857,31.914,-1.37,0.31,0.2245,1.61
ATOM,722.0,HA,ARG,45.0,25.668,32.495,-1.079,0.09,1.32,9.32
ATOM,723.0,HB2,ARG,45.0,25.631,32.304,1.076,0.09,1.32,1.79
ATOM,724.0,HB3,ARG,45.0,24.5,33.308,0.463,0.09,1.32,8.51
ATOM,725.0,HG2,ARG,45.0,22.913,31.509,0.797,0.09,1.32,1.25
ATOM,726.0,HG3,ARG,45.0,24.067,30.789,1.7,0.09,1.32,0.0
ATOM,727.0,HD2,ARG,45.0,23.461,33.458,2.299,0.09,1.32,7.91
ATOM,728.0,HD3,ARG,45.0,22.366,32.332,2.748,0.09,1.32,2.06
ATOM,729.0,HE,ARG,45.0,25.084,32.016,3.623,0.44,0.2245,0.0
ATOM,730.0,HH11,ARG,45.0,21.692,32.57,4.219,0.46,0.2245,9.65
ATOM,731.0,HH12,ARG,45.0,21.819,32.352,5.928,0.46,0.2245,9.23
ATOM,732.0,HH21,ARG,45.0,25.234,31.66,5.911,0.46,0.2245,0.0
ATOM,733.0,HH22,ARG,45.0,23.815,31.835,6.894,0.46,0.2245,6.02
ATOM,734.0,N,PHE,46.0,25.13,29.41,-1.266,-0.47,1.85,0.0
ATOM,735.0,CA,PHE,46.0,25.79,28.097,-1.218,0.07,2.275,0.0
ATOM,736.0,C,PHE,46.0,26.075,27.486,-2.598,0.51,2.0,0.0
ATOM,737.0,O,PHE,46.0,26.565,26.357,-2.67,-0.51,1.7,0.0
ATOM,738.0,CB,PHE,46.0,24.908,27.15,-0.41,-0.18,2.175,0.0
ATOM,739.0,CG,PHE,46.0,24.766,27.558,1.046,0.0,1.9924,0.0
ATOM,740.0,CD1,PHE,46.0,25.873,27.971,1.767,-0.115,1.9924,0.0
ATOM,741.0,CD2,PHE,46.0,23.527,27.519,1.646,-0.115,1.9924,0.0
ATOM,742.0,CE1,PHE,46.0,25.726,28.401,3.084,-0.115,1.9924,0.0
ATOM,743.0,CE2,PHE,46.0,23.365,27.943,2.964,-0.115,1.9924,0.0
ATOM,744.0,CZ,PHE,46.0,24.456,28.398,3.676,-0.115,1.9924,0.0
ATOM,745.0,H,PHE,46.0,24.228,29.579,-1.71,0.31,0.2245,0.0
ATOM,746.0,HA,PHE,46.0,26.692,28.24,-0.773,0.09,1.32,0.0
ATOM,747.0,HB2,PHE,46.0,24.007,27.151,-0.809,0.09,1.32,0.0
ATOM,748.0,HB3,PHE,46.0,25.318,26.254,-0.43,0.09,1.32,0.0
ATOM,749.0,HD1,PHE,46.0,26.773,27.965,1.354,0.115,1.3582,0.07
ATOM,750.0,HD2,PHE,46.0,22.733,27.186,1.138,0.115,1.3582,0.0
ATOM,751.0,HE1,PHE,46.0,26.526,28.709,3.602,0.115,1.3582,0.0
ATOM,752.0,HE2,PHE,46.0,22.446,27.911,3.387,0.115,1.3582,0.0
ATOM,753.0,HZ,PHE,46.0,24.354,28.728,4.613,0.115,1.3582,0.0
ATOM,754.0,N,LYS,47.0,25.642,28.181,-3.632,-0.47,1.85,0.0
ATOM,755.0,CA,LYS,47.0,25.576,27.682,-5.024,0.07,2.275,0.0
ATOM,756.0,C,LYS,47.0,26.922,27.348,-5.641,0.51,2.0,0.26
ATOM,757.0,O,LYS,47.0,26.963,26.705,-6.705,-0.51,1.7,2.39
ATOM,758.0,CB,LYS,47.0,24.881,28.722,-5.909,-0.18,2.175,2.31
ATOM,759.0,CG,LYS,47.0,23.451,28.343,-6.31,-0.18,2.175,0.0
ATOM,760.0,CD,LYS,47.0,22.798,29.417,-7.184,-0.18,2.175,4.32
ATOM,761.0,CE,LYS,47.0,23.919,30.122,-7.939,0.21,2.175,15.44
ATOM,762.0,NZ,LYS,47.0,23.756,31.583,-7.799,-0.3,1.85,5.38
ATOM,763.0,H,LYS,47.0,25.331,29.164,-3.388,0.31,0.2245,0.0
ATOM,764.0,HA,LYS,47.0,24.993,26.844,-5.029,0.09,1.32,0.0
ATOM,765.0,HB2,LYS,47.0,24.844,29.584,-5.41,0.09,1.32,0.0
ATOM,766.0,HB3,LYS,47.0,25.417,28.833,-6.742,0.09,1.32,1.4
ATOM,767.0,HG2,LYS,47.0,23.475,27.484,-6.821,0.09,1.32,0.0
ATOM,768.0,HG3,LYS,47.0,22.903,28.224,-5.483,0.09,1.32,0.0
ATOM,769.0,HD2,LYS,47.0,22.206,28.985,-7.827,0.09,1.32,0.12
ATOM,770.0,HD3,LYS,47.0,22.348,30.064,-6.609,0.09,1.32,0.0
ATOM,771.0,HE2,LYS,47.0,24.791,29.843,-7.552,0.05,1.32,0.47
ATOM,772.0,HE3,LYS,47.0,23.868,29.869,-8.899,0.05,1.32,8.05
ATOM,773.0,HZ1,LYS,47.0,23.564,31.988,-8.695,0.33,0.2245,20.17
ATOM,774.0,HZ2,LYS,47.0,22.995,31.78,-7.178,0.33,0.2245,0.03
ATOM,775.0,HZ3,LYS,47.0,24.597,31.982,-7.429,0.33,0.2245,13.96
ATOM,776.0,N,HIS,48.0,27.943,27.805,-4.931,-0.47,1.85,0.41
ATOM,777.0,CA,HIS,48.0,29.349,27.635,-5.318,0.07,2.275,1.79
ATOM,778.0,C,HIS,48.0,29.944,26.302,-4.865,0.51,2.0,0.0
ATOM,779.0,O,HIS,48.0,31.003,25.873,-5.33,-0.51,1.7,9.79
ATOM,780.0,CB,HIS,48.0,30.175,28.82,-4.795,-0.09,2.175,16.79
ATOM,781.0,CG,HIS,48.0,30.28,28.979,-3.29,-0.05,1.8,0.72
ATOM,782.0,H,HIS,48.0,27.662,28.309,-4.051,0.31,0.2245,0.0
ATOM,783.0,HA,HIS,48.0,29.405,27.678,-6.33,0.09,1.32,3.37
ATOM,784.0,HB2,HIS,48.0,31.122,28.748,-5.163,0.09,1.32,8.6
ATOM,785.0,HB3,HIS,48.0,29.783,29.683,-5.168,0.09,1.32,11.38
ATOM,786.0,ND1,HIS,48.0,29.274,29.404,-2.538,-0.36,1.85,5.51
ATOM,787.0,CD2,HIS,48.0,31.377,28.759,-2.471,0.22,1.8,13.1
ATOM,788.0,CE1,HIS,48.0,29.724,29.45,-1.242,0.25,1.8,12.04
ATOM,789.0,NE2,HIS,48.0,31.023,29.052,-1.189,-0.7,1.85,20.01
ATOM,790.0,HD1,HIS,48.0,28.356,29.653,-2.805,0.32,0.2245,0.66
ATOM,791.0,HD2,HIS,48.0,32.269,28.439,-2.791,0.1,1.468,13.68
ATOM,792.0,HE1,HIS,48.0,29.18,29.733,-0.467,0.13,0.9,3.18
ATOM,793.0,N,LEU,49.0,29.311,25.672,-3.903,-0.47,1.85,0.0
ATOM,794.0,CA,LEU,49.0,29.878,24.401,-3.353,0.07,2.275,0.0
ATOM,795.0,C,LEU,49.0,29.568,23.24,-4.28,0.51,2.0,0.0
ATOM,796.0,O,LEU,49.0,28.397,23.022,-4.61,-0.51,1.7,0.26
ATOM,797.0,CB,LEU,49.0,29.166,24.041,-2.051,-0.18,2.175,0.0
ATOM,798.0,CG,LEU,49.0,29.579,25.024,-0.969,-0.09,2.275,0.0
ATOM,799.0,CD1,LEU,49.0,28.577,25.484,0.079,-0.27,2.06,0.0
ATOM,800.0,CD2,LEU,49.0,31.045,25.414,-0.83,-0.27,2.06,9.08
ATOM,801.0,H,LEU,49.0,28.442,26.085,-3.566,0.31,0.2245,0.0
ATOM,802.0,HA,LEU,49.0,30.87,24.515,-3.289,0.09,1.32,0.03
ATOM,803.0,HB2,LEU,49.0,28.212,24.133,-2.192,0.09,1.32,0.0
ATOM,804.0,HB3,LEU,49.0,29.455,23.158,-1.781,0.09,1.32,0.0
ATOM,805.0,HG,LEU,49.0,29.973,25.873,-1.436,0.09,1.32,0.0
ATOM,806.0,HD11,LEU,49.0,28.243,24.693,0.593,0.09,1.32,0.0
ATOM,807.0,HD12,LEU,49.0,29.02,26.125,0.706,0.09,1.32,0.0
ATOM,808.0,HD13,LEU,49.0,27.807,25.937,-0.371,0.09,1.32,0.0
ATOM,809.0,HD21,LEU,49.0,31.36,25.837,-1.68,0.09,1.32,0.48
ATOM,810.0,HD22,LEU,49.0,31.148,26.064,-0.076,0.09,1.32,0.68
ATOM,811.0,HD23,LEU,49.0,31.591,24.597,-0.642,0.09,1.32,0.0
ATOM,812.0,N,LYS,50.0,30.602,22.563,-4.732,-0.47,1.85,0.0
ATOM,813.0,CA,LYS,50.0,30.401,21.46,-5.706,0.07,2.275,0.97
ATOM,814.0,C,LYS,50.0,30.565,20.073,-5.06,0.51,2.0,0.0
ATOM,815.0,O,LYS,50.0,29.905,19.093,-5.381,-0.51,1.7,22.01
ATOM,816.0,CB,LYS,50.0,31.385,21.636,-6.861,-0.18,2.175,9.26
ATOM,817.0,CG,LYS,50.0,31.377,23.063,-7.42,-0.18,2.175,10.56
ATOM,818.0,CD,LYS,50.0,30.021,23.453,-8.018,-0.18,2.175,10.02
ATOM,819.0,CE,LYS,50.0,29.761,24.957,-7.954,0.21,2.175,4.73
ATOM,820.0,NZ,LYS,50.0,28.467,25.289,-8.563,-0.3,1.85,8.01
ATOM,821.0,H,LYS,50.0,31.523,22.839,-4.379,0.31,0.2245,0.0
ATOM,822.0,HA,LYS,50.0,29.467,21.533,-6.08,0.09,1.32,3.64
ATOM,823.0,HB2,LYS,50.0,32.297,21.439,-6.531,0.09,1.32,0.59
ATOM,824.0,HB3,LYS,50.0,31.129,21.017,-7.591,0.09,1.32,9.64
ATOM,825.0,HG2,LYS,50.0,31.597,23.702,-6.68,0.09,1.32,0.1
ATOM,826.0,HG3,LYS,50.0,32.076,23.136,-8.134,0.09,1.32,11.74
ATOM,827.0,HD2,LYS,50.0,30.001,23.168,-8.974,0.09,1.32,10.42
ATOM,828.0,HD3,LYS,50.0,29.301,22.985,-7.51,0.09,1.32,1.86
ATOM,829.0,HE2,LYS,50.0,29.768,25.239,-6.994,0.05,1.32,0.0
ATOM,830.0,HE3,LYS,50.0,30.498,25.427,-8.442,0.05,1.32,10.95
ATOM,831.0,HZ1,LYS,50.0,27.752,25.3,-7.86,0.33,0.2245,1.74
ATOM,832.0,HZ2,LYS,50.0,28.515,26.193,-8.996,0.33,0.2245,16.07
ATOM,833.0,HZ3,LYS,50.0,28.231,24.606,-9.258,0.33,0.2245,15.88
ATOM,834.0,N,THR,51.0,31.45,19.959,-4.117,-0.47,1.85,0.0
ATOM,835.0,CA,THR,51.0,31.644,18.629,-3.561,0.07,2.275,0.28
ATOM,836.0,C,THR,51.0,31.206,18.518,-2.099,0.51,2.0,0.0
ATOM,837.0,O,THR,51.0,31.143,19.515,-1.385,-0.51,1.7,0.0
ATOM,838.0,CB,THR,51.0,33.134,18.345,-3.667,0.14,2.275,4.12
ATOM,839.0,OG1,THR,51.0,33.817,19.153,-2.694,-0.66,1.77,1.91
ATOM,840.0,CG2,THR,51.0,33.67,18.689,-5.064,-0.27,2.06,26.13
ATOM,841.0,H,THR,51.0,31.947,20.788,-3.826,0.31,0.2245,0.0
ATOM,842.0,HA,THR,51.0,31.094,17.969,-4.103,0.09,1.32,3.37
ATOM,843.0,HB,THR,51.0,33.309,17.369,-3.441,0.09,1.32,7.09
ATOM,844.0,HG21,THR,51.0,33.563,19.67,-5.23,0.09,1.32,0.0
ATOM,845.0,HG22,THR,51.0,34.639,18.445,-5.119,0.09,1.32,11.72
ATOM,846.0,HG23,THR,51.0,33.158,18.176,-5.753,0.09,1.32,8.92
ATOM,847.0,HG1,THR,51.0,33.826,20.114,-2.986,0.43,0.2245,0.0
ATOM,848.0,N,GLU,52.0,31.066,17.292,-1.641,-0.47,1.85,0.12
ATOM,849.0,CA,GLU,52.0,30.709,17.079,-0.26,0.07,2.275,0.0
ATOM,850.0,C,GLU,52.0,31.785,17.589,0.699,0.51,2.0,0.0
ATOM,851.0,O,GLU,52.0,31.45,18.213,1.714,-0.51,1.7,0.0
ATOM,852.0,CB,GLU,52.0,30.45,15.595,-0.056,-0.18,2.175,2.61
ATOM,853.0,CG,GLU,52.0,29.974,15.337,1.347,-0.28,2.175,2.14
ATOM,854.0,CD,GLU,52.0,29.648,13.854,1.52,0.62,2.0,2.42
ATOM,855.0,OE1,GLU,52.0,29.278,13.497,2.643,-0.76,1.7,19.55
ATOM,856.0,OE2,GLU,52.0,30.101,13.064,0.683,-0.76,1.7,32.98
ATOM,857.0,H,GLU,52.0,31.227,16.538,-2.324,0.31,0.2245,4.78
ATOM,858.0,HA,GLU,52.0,29.834,17.547,-0.052,0.09,1.32,0.0
ATOM,859.0,HB2,GLU,52.0,29.745,15.328,-0.669,0.09,1.32,0.0
ATOM,860.0,HB3,GLU,52.0,31.29,15.124,-0.182,0.09,1.32,5.77
ATOM,861.0,HG2,GLU,52.0,30.69,15.549,1.969,0.09,1.32,0.42
ATOM,862.0,HG3,GLU,52.0,29.152,15.831,1.501,0.09,1.32,0.0
ATOM,863.0,N,ALA,53.0,33.041,17.421,0.293,-0.47,1.85,1.5
ATOM,864.0,CA,ALA,53.0,34.16,17.976,1.113,0.07,2.275,2.69
ATOM,865.0,C,ALA,53.0,34.079,19.5,1.274,0.51,2.0,0.17
ATOM,866.0,O,ALA,53.0,34.244,19.999,2.391,-0.51,1.7,3.48
ATOM,867.0,CB,ALA,53.0,35.526,17.622,0.529,-0.27,2.06,38.81
ATOM,868.0,H,ALA,53.0,33.178,16.911,-0.576,0.31,0.2245,2.99
ATOM,869.0,HA,ALA,53.0,34.116,17.55,2.028,0.09,1.32,3.61
ATOM,870.0,HB1,ALA,53.0,36.192,18.315,0.8,0.09,1.32,9.45
ATOM,871.0,HB2,ALA,53.0,35.813,16.73,0.874,0.09,1.32,11.65
ATOM,872.0,HB3,ALA,53.0,35.463,17.591,-0.467,0.09,1.32,3.15
ATOM,873.0,N,GLU,54.0,33.799,20.207,0.167,-0.47,1.85,0.01
ATOM,874.0,CA,GLU,54.0,33.661,21.666,0.27,0.07,2.275,1.29
ATOM,875.0,C,GLU,54.0,32.489,22.021,1.18,0.51,2.0,0.0
ATOM,876.0,O,GLU,54.0,32.588,22.951,1.984,-0.51,1.7,1.33
ATOM,877.0,CB,GLU,54.0,33.444,22.241,-1.123,-0.18,2.175,1.56
ATOM,878.0,CG,GLU,54.0,34.683,22.102,-2.014,-0.28,2.175,17.66
ATOM,879.0,CD,GLU,54.0,34.234,22.437,-3.445,0.62,2.0,3.06
ATOM,880.0,OE1,GLU,54.0,35.05,22.516,-4.363,-0.76,1.7,32.43
ATOM,881.0,OE2,GLU,54.0,33.043,22.608,-3.644,-0.76,1.7,0.7
ATOM,882.0,H,GLU,54.0,33.698,19.673,-0.691,0.31,0.2245,0.0
ATOM,883.0,HA,GLU,54.0,34.506,22.057,0.641,0.09,1.32,2.96
ATOM,884.0,HB2,GLU,54.0,32.721,21.741,-1.55,0.09,1.32,0.0
ATOM,885.0,HB3,GLU,54.0,33.255,23.195,-1.034,0.09,1.32,0.5
ATOM,886.0,HG2,GLU,54.0,35.323,22.761,-1.75,0.09,1.32,9.58
ATOM,887.0,HG3,GLU,54.0,34.964,21.189,-2.006,0.09,1.32,0.76
ATOM,888.0,N,MET,55.0,31.425,21.228,1.097,-0.47,1.85,0.0
ATOM,889.0,CA,MET,55.0,30.224,21.552,1.931,0.07,2.275,0.0
ATOM,890.0,C,MET,55.0,30.524,21.435,3.402,0.51,2.0,0.0
ATOM,891.0,O,MET,55.0,30.223,22.358,4.158,-0.51,1.7,0.0
ATOM,892.0,CB,MET,55.0,29.054,20.608,1.637,-0.18,2.175,0.0
ATOM,893.0,CG,MET,55.0,28.342,21.063,0.362,-0.14,2.175,0.0
ATOM,894.0,SD,MET,55.0,27.229,19.831,-0.311,-0.09,2.0,0.0
ATOM,895.0,CE,MET,55.0,27.066,20.339,-2.027,-0.22,2.06,5.48
ATOM,896.0,H,MET,55.0,31.48,20.439,0.47,0.31,0.2245,0.0
ATOM,897.0,HA,MET,55.0,29.971,22.504,1.722,0.09,1.32,0.0
ATOM,898.0,HB2,MET,55.0,29.399,19.693,1.496,0.09,1.32,0.0
ATOM,899.0,HB3,MET,55.0,28.41,20.641,2.386,0.09,1.32,0.0
ATOM,900.0,HG2,MET,55.0,27.842,21.938,0.573,0.09,1.32,0.0
ATOM,901.0,HG3,MET,55.0,29.061,21.328,-0.326,0.09,1.32,0.0
ATOM,902.0,HE1,MET,55.0,27.286,21.311,-2.109,0.09,1.32,0.0
ATOM,903.0,HE2,MET,55.0,27.695,19.806,-2.593,0.09,1.32,0.38
ATOM,904.0,HE3,MET,55.0,26.127,20.183,-2.333,0.09,1.32,0.23
ATOM,905.0,N,LYS,56.0,31.195,20.326,3.703,-0.47,1.85,0.0
ATOM,906.0,CA,LYS,56.0,31.589,20.059,5.083,0.07,2.275,0.0
ATOM,907.0,C,LYS,56.0,32.511,21.127,5.643,0.51,2.0,0.03
ATOM,908.0,O,LYS,56.0,32.494,21.352,6.859,-0.51,1.7,15.72
ATOM,909.0,CB,LYS,56.0,32.355,18.753,5.179,-0.18,2.175,9.73
ATOM,910.0,CG,LYS,56.0,31.564,17.521,4.806,-0.18,2.175,0.3
ATOM,911.0,CD,LYS,56.0,31.096,16.789,6.038,-0.18,2.175,6.69
ATOM,912.0,CE,LYS,56.0,31.462,15.323,5.949,0.21,2.175,23.12
ATOM,913.0,NZ,LYS,56.0,30.531,14.661,5.046,-0.3,1.85,3.67
ATOM,914.0,H,LYS,56.0,31.401,19.703,2.913,0.31,0.2245,0.0
ATOM,915.0,HA,LYS,56.0,30.753,20.017,5.656,0.09,1.32,0.0
ATOM,916.0,HB2,LYS,56.0,33.153,18.811,4.572,0.09,1.32,0.76
ATOM,917.0,HB3,LYS,56.0,32.677,18.647,6.125,0.09,1.32,5.01
ATOM,918.0,HG2,LYS,56.0,30.767,17.794,4.266,0.09,1.32,0.0
ATOM,919.0,HG3,LYS,56.0,32.142,16.912,4.263,0.09,1.32,1.0
ATOM,920.0,HD2,LYS,56.0,31.538,17.178,6.836,0.09,1.32,6.74
ATOM,921.0,HD3,LYS,56.0,30.11,16.866,6.109,0.09,1.32,0.0
ATOM,922.0,HE2,LYS,56.0,32.391,15.245,5.601,0.05,1.32,9.11
ATOM,923.0,HE3,LYS,56.0,31.402,14.922,6.858,0.05,1.32,11.59
ATOM,924.0,HZ1,LYS,56.0,30.624,15.033,4.117,0.33,0.2245,0.13
ATOM,925.0,HZ2,LYS,56.0,30.717,13.674,5.018,0.33,0.2245,15.27
ATOM,926.0,HZ3,LYS,56.0,29.586,14.802,5.356,0.33,0.2245,6.37
ATOM,927.0,N,ALA,57.0,33.296,21.715,4.737,-0.47,1.85,0.04
ATOM,928.0,CA,ALA,57.0,34.287,22.726,5.134,0.07,2.275,2.78
ATOM,929.0,C,ALA,57.0,33.679,24.096,5.45,0.51,2.0,0.31
ATOM,930.0,O,ALA,57.0,34.305,24.906,6.122,-0.51,1.7,23.49
ATOM,931.0,CB,ALA,57.0,35.306,22.879,4.014,-0.27,2.06,30.08
ATOM,932.0,H,ALA,57.0,33.152,21.408,3.763,0.31,0.2245,0.0
ATOM,933.0,HA,ALA,57.0,34.771,22.391,5.963,0.09,1.32,9.84
ATOM,934.0,HB1,ALA,57.0,36.098,23.388,4.35,0.09,1.32,10.36
ATOM,935.0,HB2,ALA,57.0,35.599,21.975,3.703,0.09,1.32,3.83
ATOM,936.0,HB3,ALA,57.0,34.892,23.374,3.251,0.09,1.32,2.85
ATOM,937.0,N,SER,58.0,32.523,24.381,4.891,-0.47,1.85,0.0
ATOM,938.0,CA,SER,58.0,31.951,25.72,5.033,0.07,2.275,1.49
ATOM,939.0,C,SER,58.0,31.325,26.023,6.401,0.51,2.0,0.43
ATOM,940.0,O,SER,58.0,30.387,25.346,6.836,-0.51,1.7,0.39
ATOM,941.0,CB,SER,58.0,30.955,25.993,3.908,0.05,2.175,4.03
ATOM,942.0,OG,SER,58.0,30.185,27.177,4.207,-0.66,1.77,2.31
ATOM,943.0,H,SER,58.0,32.072,23.619,4.368,0.31,0.2245,0.0
ATOM,944.0,HA,SER,58.0,32.702,26.398,4.883,0.09,1.32,6.39
ATOM,945.0,HB2,SER,58.0,31.447,26.145,3.064,0.09,1.32,3.45
ATOM,946.0,HB3,SER,58.0,30.333,25.229,3.829,0.09,1.32,0.0
ATOM,947.0,HG,SER,58.0,29.766,27.507,3.367,0.43,0.2245,2.37
ATOM,948.0,N,GLU,59.0,31.883,27.051,7.062,-0.47,1.85,0.0
ATOM,949.0,CA,GLU,59.0,31.299,27.562,8.324,0.07,2.275,0.0
ATOM,950.0,C,GLU,59.0,29.927,28.188,8.089,0.51,2.0,0.0
ATOM,951.0,O,GLU,59.0,29.056,28.087,8.95,-0.51,1.7,0.65
ATOM,952.0,CB,GLU,59.0,32.12,28.717,8.918,-0.18,2.175,11.33
ATOM,953.0,CG,GLU,59.0,32.957,28.365,10.133,-0.28,2.175,20.2
ATOM,954.0,CD,GLU,59.0,32.311,27.393,11.118,0.62,2.0,1.34
ATOM,955.0,OE1,GLU,59.0,31.79,27.804,12.173,-0.76,1.7,35.75
ATOM,956.0,OE2,GLU,59.0,32.661,26.228,10.974,-0.76,1.7,21.11
ATOM,957.0,H,GLU,59.0,32.73,27.444,6.628,0.31,0.2245,6.96
ATOM,958.0,HA,GLU,59.0,31.218,26.803,8.98,0.09,1.32,0.0
ATOM,959.0,HB2,GLU,59.0,32.734,29.037,8.211,0.09,1.32,7.38
ATOM,960.0,HB3,GLU,59.0,31.484,29.426,9.185,0.09,1.32,1.87
ATOM,961.0,HG2,GLU,59.0,33.801,27.945,9.82,0.09,1.32,9.21
ATOM,962.0,HG3,GLU,59.0,33.15,29.201,10.634,0.09,1.32,10.81
ATOM,963.0,N,ASP,60.0,29.783,28.872,6.966,-0.47,1.85,0.08
ATOM,964.0,CA,ASP,60.0,28.504,29.577,6.699,0.07,2.275,0.3
ATOM,965.0,C,ASP,60.0,27.342,28.593,6.513,0.51,2.0,0.0
ATOM,966.0,O,ASP,60.0,26.223,28.854,6.964,-0.51,1.7,0.0
ATOM,967.0,CB,ASP,60.0,28.706,30.488,5.492,-0.28,2.175,13.23
ATOM,968.0,CG,ASP,60.0,27.552,31.474,5.326,0.62,2.0,1.89
ATOM,969.0,OD1,ASP,60.0,27.127,31.637,4.185,-0.76,1.7,10.97
ATOM,970.0,OD2,ASP,60.0,27.247,32.207,6.279,-0.76,1.7,11.59
ATOM,971.0,H,ASP,60.0,30.577,28.88,6.327,0.31,0.2245,2.84
ATOM,972.0,HA,ASP,60.0,28.3,30.126,7.517,0.09,1.32,0.0
ATOM,973.0,HB2,ASP,60.0,29.541,31.001,5.626,0.09,1.32,10.15
ATOM,974.0,HB3,ASP,60.0,28.757,29.925,4.681,0.09,1.32,0.48
ATOM,975.0,N,LEU,61.0,27.628,27.469,5.864,-0.47,1.85,0.0
ATOM,976.0,CA,LEU,61.0,26.611,26.395,5.705,0.07,2.275,0.0
ATOM,977.0,C,LEU,61.0,26.209,25.792,7.055,0.51,2.0,0.0
ATOM,978.0,O,LEU,61.0,25.027,25.569,7.323,-0.51,1.7,0.0
ATOM,979.0,CB,LEU,61.0,27.144,25.337,4.725,-0.18,2.175,0.0
ATOM,980.0,CG,LEU,61.0,26.248,24.132,4.413,-0.09,2.275,0.0
ATOM,981.0,CD1,LEU,61.0,26.556,23.553,3.032,-0.27,2.06,0.0
ATOM,982.0,CD2,LEU,61.0,26.451,23.031,5.436,-0.27,2.06,0.0
ATOM,983.0,H,LEU,61.0,28.583,27.398,5.488,0.31,0.2245,0.0
ATOM,984.0,HA,LEU,61.0,25.796,26.801,5.279,0.09,1.32,0.0
ATOM,985.0,HB2,LEU,61.0,27.334,25.799,3.855,0.09,1.32,0.0
ATOM,986.0,HB3,LEU,61.0,28.001,24.98,5.101,0.09,1.32,0.0
ATOM,987.0,HG,LEU,61.0,25.29,24.423,4.442,0.09,1.32,0.0
ATOM,988.0,HD11,LEU,61.0,27.51,23.257,3.003,0.09,1.32,0.0
ATOM,989.0,HD12,LEU,61.0,25.957,22.772,2.86,0.09,1.32,0.0
ATOM,990.0,HD13,LEU,61.0,26.401,24.254,2.337,0.09,1.32,0.0
ATOM,991.0,HD21,LEU,61.0,26.223,23.373,6.349,0.09,1.32,0.0
ATOM,992.0,HD22,LEU,61.0,25.859,22.254,5.217,0.09,1.32,0.0
ATOM,993.0,HD23,LEU,61.0,27.407,22.732,5.424,0.09,1.32,0.0
ATOM,994.0,N,LYS,62.0,27.214,25.566,7.882,-0.47,1.85,0.0
ATOM,995.0,CA,LYS,62.0,26.984,25.175,9.272,0.07,2.275,0.0
ATOM,996.0,C,LYS,62.0,26.161,26.199,10.064,0.51,2.0,0.0
ATOM,997.0,O,LYS,62.0,25.226,25.822,10.768,-0.51,1.7,0.0
ATOM,998.0,CB,LYS,62.0,28.374,25.061,9.908,-0.18,2.175,0.0
ATOM,999.0,CG,LYS,62.0,28.346,24.572,11.332,-0.18,2.175,0.05
ATOM,1000.0,CD,LYS,62.0,29.649,23.828,11.608,-0.18,2.175,2.7
ATOM,1001.0,CE,LYS,62.0,29.625,23.19,12.981,0.21,2.175,3.08
ATOM,1002.0,NZ,LYS,62.0,30.926,22.534,13.243,-0.3,1.85,13.32
ATOM,1003.0,H,LYS,62.0,28.16,25.686,7.473,0.31,0.2245,0.0
ATOM,1004.0,HA,LYS,62.0,26.487,24.289,9.284,0.09,1.32,0.0
ATOM,1005.0,HB2,LYS,62.0,28.911,24.424,9.36,0.09,1.32,0.0
ATOM,1006.0,HB3,LYS,62.0,28.796,25.965,9.886,0.09,1.32,0.0
ATOM,1007.0,HG2,LYS,62.0,28.284,25.342,11.948,0.09,1.32,4.87
ATOM,1008.0,HG3,LYS,62.0,27.591,23.947,11.457,0.09,1.32,0.0
ATOM,1009.0,HD2,LYS,62.0,29.76,23.117,10.925,0.09,1.32,0.0
ATOM,1010.0,HD3,LYS,62.0,30.4,24.475,11.568,0.09,1.32,0.0
ATOM,1011.0,HE2,LYS,62.0,29.465,23.895,13.665,0.05,1.32,6.2
ATOM,1012.0,HE3,LYS,62.0,28.898,22.51,13.012,0.05,1.32,0.0
ATOM,1013.0,HZ1,LYS,62.0,31.671,23.165,13.021,0.33,0.2245,11.73
ATOM,1014.0,HZ2,LYS,62.0,30.985,22.279,14.209,0.33,0.2245,20.51
ATOM,1015.0,HZ3,LYS,62.0,31.007,21.712,12.677,0.33,0.2245,14.29
ATOM,1016.0,N,LYS,63.0,26.45,27.478,9.861,-0.47,1.85,0.18
ATOM,1017.0,CA,LYS,63.0,25.678,28.584,10.497,0.07,2.275,1.52
ATOM,1018.0,C,LYS,63.0,24.207,28.526,10.105,0.51,2.0,0.06
ATOM,1019.0,O,LYS,63.0,23.331,28.658,10.958,-0.51,1.7,0.55
ATOM,1020.0,CB,LYS,63.0,26.188,29.946,10.028,-0.18,2.175,0.24
ATOM,1021.0,CG,LYS,63.0,26.219,30.918,11.179,-0.18,2.175,10.6
ATOM,1022.0,CD,LYS,63.0,26.595,32.349,10.796,-0.18,2.175,13.87
ATOM,1023.0,CE,LYS,63.0,28.035,32.484,10.331,0.21,2.175,8.78
ATOM,1024.0,NZ,LYS,63.0,28.235,33.917,9.993,-0.3,1.85,12.35
ATOM,1025.0,H,LYS,63.0,27.253,27.656,9.227,0.31,0.2245,0.0
ATOM,1026.0,HA,LYS,63.0,25.759,28.487,11.494,0.09,1.32,2.0
ATOM,1027.0,HB2,LYS,63.0,27.102,29.831,9.682,0.09,1.32,0.0
ATOM,1028.0,HB3,LYS,63.0,25.572,30.285,9.339,0.09,1.32,0.0
ATOM,1029.0,HG2,LYS,63.0,25.306,30.94,11.623,0.09,1.32,5.81
ATOM,1030.0,HG3,LYS,63.0,26.882,30.592,11.874,0.09,1.32,9.92
ATOM,1031.0,HD2,LYS,63.0,25.991,32.649,10.056,0.09,1.32,3.95
ATOM,1032.0,HD3,LYS,63.0,26.46,32.939,11.594,0.09,1.32,9.88
ATOM,1033.0,HE2,LYS,63.0,28.637,32.231,11.064,0.05,1.32,9.93
ATOM,1034.0,HE3,LYS,63.0,28.17,31.934,9.528,0.05,1.32,0.0
ATOM,1035.0,HZ1,LYS,63.0,28.083,34.476,10.808,0.33,0.2245,17.27
ATOM,1036.0,HZ2,LYS,63.0,29.169,34.054,9.663,0.33,0.2245,20.44
ATOM,1037.0,HZ3,LYS,63.0,27.587,34.184,9.28,0.33,0.2245,11.24
ATOM,1038.0,N,HIS,64.0,23.978,28.309,8.829,-0.47,1.85,0.0
ATOM,1039.0,CA,HIS,64.0,22.598,28.237,8.333,0.07,2.275,0.14
ATOM,1040.0,C,HIS,64.0,21.879,26.952,8.775,0.51,2.0,0.0
ATOM,1041.0,O,HIS,64.0,20.714,27.022,9.15,-0.51,1.7,0.0
ATOM,1042.0,CB,HIS,64.0,22.556,28.299,6.816,-0.09,2.175,0.0
ATOM,1043.0,CG,HIS,64.0,21.141,28.401,6.288,-0.05,1.8,0.0
ATOM,1044.0,H,HIS,64.0,24.805,28.198,8.23,0.31,0.2245,0.0
ATOM,1045.0,HA,HIS,64.0,22.085,29.025,8.705,0.09,1.32,0.27
ATOM,1046.0,HB2,HIS,64.0,23.06,29.1,6.498,0.09,1.32,0.0
ATOM,1047.0,HB3,HIS,64.0,22.966,27.472,6.435,0.09,1.32,0.0
ATOM,1048.0,ND1,HIS,64.0,20.307,29.442,6.578,-0.36,1.85,0.0
ATOM,1049.0,CD2,HIS,64.0,20.434,27.481,5.536,0.22,1.8,0.0
ATOM,1050.0,CE1,HIS,64.0,19.097,29.178,5.992,0.25,1.8,10.67
ATOM,1051.0,NE2,HIS,64.0,19.175,27.978,5.362,-0.7,1.85,3.61
ATOM,1052.0,HD1,HIS,64.0,20.507,30.246,7.105,0.32,0.2245,2.89
ATOM,1053.0,HD2,HIS,64.0,20.794,26.62,5.195,0.1,1.468,0.0
ATOM,1054.0,HE1,HIS,64.0,18.31,29.761,6.026,0.13,0.9,14.67
ATOM,1055.0,N,GLY,65.0,22.611,25.846,8.922,-0.47,1.85,0.0
ATOM,1056.0,CA,GLY,65.0,22.006,24.64,9.5,-0.02,2.175,0.13
ATOM,1057.0,C,GLY,65.0,21.548,24.833,10.946,0.51,2.0,0.0
ATOM,1058.0,O,GLY,65.0,20.466,24.356,11.335,-0.51,1.7,0.0
ATOM,1059.0,H,GLY,65.0,23.584,25.91,8.611,0.31,0.2245,0.0
ATOM,1060.0,HA2,GLY,65.0,21.211,24.363,8.934,0.09,1.32,0.25
ATOM,1061.0,HA3,GLY,65.0,22.678,23.881,9.463,0.09,1.32,0.0
ATOM,1062.0,N,VAL,66.0,22.31,25.629,11.68,-0.47,1.85,0.0
ATOM,1063.0,CA,VAL,66.0,21.821,26.025,13.038,0.07,2.275,0.0
ATOM,1064.0,C,VAL,66.0,20.524,26.851,13.003,0.51,2.0,0.0
ATOM,1065.0,O,VAL,66.0,19.607,26.593,13.794,-0.51,1.7,0.0
ATOM,1066.0,CB,VAL,66.0,22.896,26.777,13.81,-0.09,2.275,0.94
ATOM,1067.0,CG1,VAL,66.0,22.413,27.227,15.181,-0.27,2.06,25.9
ATOM,1068.0,CG2,VAL,66.0,24.159,25.931,13.985,-0.27,2.06,5.47
ATOM,1069.0,H,VAL,66.0,23.188,25.932,11.287,0.31,0.2245,0.0
ATOM,1070.0,HA,VAL,66.0,21.636,25.173,13.55,0.09,1.32,0.0
ATOM,1071.0,HB,VAL,66.0,23.123,27.61,13.298,0.09,1.32,0.86
ATOM,1072.0,HG11,VAL,66.0,21.421,27.351,15.162,0.09,1.32,0.0
ATOM,1073.0,HG12,VAL,66.0,22.648,26.534,15.862,0.09,1.32,3.16
ATOM,1074.0,HG13,VAL,66.0,22.852,28.093,15.422,0.09,1.32,11.75
ATOM,1075.0,HG21,VAL,66.0,24.187,25.236,13.269,0.09,1.32,0.0
ATOM,1076.0,HG22,VAL,66.0,24.96,26.523,13.916,0.09,1.32,5.73
ATOM,1077.0,HG23,VAL,66.0,24.137,25.494,14.882,0.09,1.32,1.28
ATOM,1078.0,N,THR,67.0,20.454,27.768,12.043,-0.47,1.85,0.0
ATOM,1079.0,CA,THR,67.0,19.272,28.628,11.86,0.07,2.275,0.67
ATOM,1080.0,C,THR,67.0,18.006,27.825,11.621,0.51,2.0,0.0
ATOM,1081.0,O,THR,67.0,17.015,28.004,12.338,-0.51,1.7,1.63
ATOM,1082.0,CB,THR,67.0,19.5,29.575,10.685,0.14,2.275,0.0
ATOM,1083.0,OG1,THR,67.0,20.368,30.627,11.148,-0.66,1.77,22.43
ATOM,1084.0,CG2,THR,67.0,18.215,30.245,10.22,-0.27,2.06,29.7
ATOM,1085.0,H,THR,67.0,21.296,27.83,11.435,0.31,0.2245,0.0
ATOM,1086.0,HA,THR,67.0,19.152,29.177,12.702,0.09,1.32,6.51
ATOM,1087.0,HB,THR,67.0,19.978,29.08,9.943,0.09,1.32,0.0
ATOM,1088.0,HG21,THR,67.0,17.427,29.673,10.461,0.09,1.32,0.35
ATOM,1089.0,HG22,THR,67.0,18.119,31.14,10.662,0.09,1.32,10.11
ATOM,1090.0,HG23,THR,67.0,18.238,30.371,9.226,0.09,1.32,1.46
ATOM,1091.0,HG1,THR,67.0,21.32,30.308,11.165,0.43,0.2245,5.36
ATOM,1092.0,N,VAL,68.0,18.152,26.839,10.743,-0.47,1.85,0.0
ATOM,1093.0,CA,VAL,68.0,17.011,25.996,10.352,0.07,2.275,0.0
ATOM,1094.0,C,VAL,68.0,16.515,25.073,11.465,0.51,2.0,0.0
ATOM,1095.0,O,VAL,68.0,15.327,25.083,11.79,-0.51,1.7,0.55
ATOM,1096.0,CB,VAL,68.0,17.391,25.219,9.093,-0.09,2.275,0.07
ATOM,1097.0,CG1,VAL,68.0,16.351,24.174,8.725,-0.27,2.06,11.55
ATOM,1098.0,CG2,VAL,68.0,17.597,26.2,7.949,-0.27,2.06,6.57
ATOM,1099.0,H,VAL,68.0,19.105,26.716,10.368,0.31,0.2245,0.0
ATOM,1100.0,HA,VAL,68.0,16.245,26.613,10.095,0.09,1.32,2.58
ATOM,1101.0,HB,VAL,68.0,18.244,24.725,9.281,0.09,1.32,0.45
ATOM,1102.0,HG11,VAL,68.0,15.441,24.504,8.977,0.09,1.32,6.05
ATOM,1103.0,HG12,VAL,68.0,16.381,24.003,7.74,0.09,1.32,0.2
ATOM,1104.0,HG13,VAL,68.0,16.543,23.323,9.215,0.09,1.32,0.02
ATOM,1105.0,HG21,VAL,68.0,17.971,25.713,7.16,0.09,1.32,0.57
ATOM,1106.0,HG22,VAL,68.0,16.719,26.612,7.705,0.09,1.32,8.3
ATOM,1107.0,HG23,VAL,68.0,18.235,26.914,8.237,0.09,1.32,0.0
ATOM,1108.0,N,LEU,69.0,17.427,24.401,12.131,-0.47,1.85,0.0
ATOM,1109.0,CA,LEU,69.0,17.004,23.5,13.243,0.07,2.275,0.0
ATOM,1110.0,C,LEU,69.0,16.485,24.216,14.474,0.51,2.0,0.08
ATOM,1111.0,O,LEU,69.0,15.67,23.676,15.208,-0.51,1.7,1.16
ATOM,1112.0,CB,LEU,69.0,18.104,22.553,13.702,-0.18,2.175,0.0
ATOM,1113.0,CG,LEU,69.0,18.571,21.623,12.593,-0.09,2.275,0.0
ATOM,1114.0,CD1,LEU,69.0,19.449,20.516,13.171,-0.27,2.06,0.08
ATOM,1115.0,CD2,LEU,69.0,17.374,21.053,11.862,-0.27,2.06,1.06
ATOM,1116.0,H,LEU,69.0,18.398,24.528,11.853,0.31,0.2245,0.0
ATOM,1117.0,HA,LEU,69.0,16.269,22.895,12.879,0.09,1.32,0.0
ATOM,1118.0,HB2,LEU,69.0,18.875,23.093,13.984,0.09,1.32,0.0
ATOM,1119.0,HB3,LEU,69.0,17.748,21.998,14.429,0.09,1.32,0.0
ATOM,1120.0,HG,LEU,69.0,19.098,22.145,11.925,0.09,1.32,0.0
ATOM,1121.0,HD11,LEU,69.0,18.924,19.991,13.84,0.09,1.32,0.0
ATOM,1122.0,HD12,LEU,69.0,19.75,19.912,12.434,0.09,1.32,0.0
ATOM,1123.0,HD13,LEU,69.0,20.246,20.923,13.616,0.09,1.32,0.0
ATOM,1124.0,HD21,LEU,69.0,16.836,21.797,11.462,0.09,1.32,0.0
ATOM,1125.0,HD22,LEU,69.0,17.683,20.441,11.132,0.09,1.32,0.0
ATOM,1126.0,HD23,LEU,69.0,16.8,20.539,12.502,0.09,1.32,0.0
ATOM,1127.0,N,THR,70.0,16.967,25.423,14.673,-0.47,1.85,0.0
ATOM,1128.0,CA,THR,70.0,16.484,26.229,15.795,0.07,2.275,0.29
ATOM,1129.0,C,THR,70.0,15.061,26.695,15.547,0.51,2.0,0.0
ATOM,1130.0,O,THR,70.0,14.24,26.636,16.47,-0.51,1.7,3.68
ATOM,1131.0,CB,THR,70.0,17.417,27.434,15.898,0.14,2.275,0.56
ATOM,1132.0,OG1,THR,70.0,18.653,26.878,16.337,-0.66,1.77,10.64
ATOM,1133.0,CG2,THR,70.0,16.908,28.523,16.849,-0.27,2.06,37.1
ATOM,1134.0,H,THR,70.0,17.681,25.743,14.006,0.31,0.2245,0.0
ATOM,1135.0,HA,THR,70.0,16.494,25.657,16.623,0.09,1.32,7.41
ATOM,1136.0,HB,THR,70.0,17.549,27.827,14.986,0.09,1.32,0.0
ATOM,1137.0,HG21,THR,70.0,15.987,28.802,16.575,0.09,1.32,3.88
ATOM,1138.0,HG22,THR,70.0,16.884,28.166,17.784,0.09,1.32,11.14
ATOM,1139.0,HG23,THR,70.0,17.52,29.314,16.811,0.09,1.32,11.71
ATOM,1140.0,HG1,THR,70.0,19.237,26.648,15.55,0.43,0.2245,0.0
ATOM,1141.0,N,ALA,71.0,14.807,27.04,14.286,-0.47,1.85,0.03
ATOM,1142.0,CA,ALA,71.0,13.462,27.496,13.889,0.07,2.275,3.51
ATOM,1143.0,C,ALA,71.0,12.466,26.33,13.9,0.51,2.0,0.0
ATOM,1144.0,O,ALA,71.0,11.419,26.469,14.514,-0.51,1.7,0.98
ATOM,1145.0,CB,ALA,71.0,13.563,28.042,12.469,-0.27,2.06,25.23
ATOM,1146.0,H,ALA,71.0,15.598,26.965,13.635,0.31,0.2245,0.0
ATOM,1147.0,HA,ALA,71.0,13.152,28.188,14.547,0.09,1.32,4.94
ATOM,1148.0,HB1,ALA,71.0,13.989,27.357,11.879,0.09,1.32,0.33
ATOM,1149.0,HB2,ALA,71.0,12.648,28.254,12.128,0.09,1.32,3.67
ATOM,1150.0,HB3,ALA,71.0,14.118,28.873,12.47,0.09,1.32,7.02
ATOM,1151.0,N,LEU,72.0,12.92,25.151,13.472,-0.47,1.85,0.61
ATOM,1152.0,CA,LEU,72.0,12.13,23.908,13.532,0.07,2.275,0.31
ATOM,1153.0,C,LEU,72.0,11.889,23.434,14.961,0.51,2.0,0.0
ATOM,1154.0,O,LEU,72.0,10.829,22.914,15.314,-0.51,1.7,0.0
ATOM,1155.0,CB,LEU,72.0,12.831,22.812,12.723,-0.18,2.175,0.19
ATOM,1156.0,CG,LEU,72.0,11.973,21.562,12.464,-0.09,2.275,0.0
ATOM,1157.0,CD1,LEU,72.0,10.715,21.885,11.68,-0.27,2.06,1.09
ATOM,1158.0,CD2,LEU,72.0,12.76,20.45,11.756,-0.27,2.06,0.21
ATOM,1159.0,H,LEU,72.0,13.893,25.18,13.086,0.31,0.2245,0.0
ATOM,1160.0,HA,LEU,72.0,11.234,24.084,13.097,0.09,1.32,0.0
ATOM,1161.0,HB2,LEU,72.0,13.074,23.189,11.842,0.09,1.32,1.81
ATOM,1162.0,HB3,LEU,72.0,13.63,22.522,13.226,0.09,1.32,0.0
ATOM,1163.0,HG,LEU,72.0,11.722,21.157,13.35,0.09,1.32,0.0
ATOM,1164.0,HD11,LEU,72.0,10.962,22.28,10.794,0.09,1.32,4.07
ATOM,1165.0,HD12,LEU,72.0,10.186,21.048,11.533,0.09,1.32,0.0
ATOM,1166.0,HD13,LEU,72.0,10.159,22.542,12.191,0.09,1.32,0.0
ATOM,1167.0,HD21,LEU,72.0,13.535,20.183,12.326,0.09,1.32,0.0
ATOM,1168.0,HD22,LEU,72.0,12.16,19.665,11.612,0.09,1.32,0.02
ATOM,1169.0,HD23,LEU,72.0,13.089,20.79,10.877,0.09,1.32,1.46
ATOM,1170.0,N,GLY,73.0,12.874,23.656,15.762,-0.47,1.85,0.0
ATOM,1171.0,CA,GLY,73.0,12.735,23.281,17.161,-0.02,2.175,0.3
ATOM,1172.0,C,GLY,73.0,11.691,24.114,17.9,0.51,2.0,0.0
ATOM,1173.0,O,GLY,73.0,10.915,23.582,18.693,-0.51,1.7,0.0
ATOM,1174.0,H,GLY,73.0,13.714,24.09,15.368,0.31,0.2245,0.0
ATOM,1175.0,HA2,GLY,73.0,12.479,22.3,17.223,0.09,1.32,0.0
ATOM,1176.0,HA3,GLY,73.0,13.631,23.384,17.628,0.09,1.32,1.04
ATOM,1177.0,N,ALA,74.0,11.671,25.389,17.605,-0.47,1.85,1.76
ATOM,1178.0,CA,ALA,74.0,10.667,26.298,18.21,0.07,2.275,5.43
ATOM,1179.0,C,ALA,74.0,9.25,25.875,17.868,0.51,2.0,0.0
ATOM,1180.0,O,ALA,74.0,8.329,26.025,18.677,-0.51,1.7,0.85
ATOM,1181.0,CB,ALA,74.0,10.831,27.668,17.56,-0.27,2.06,22.54
ATOM,1182.0,H,ALA,74.0,12.386,25.716,16.936,0.31,0.2245,0.0
ATOM,1183.0,HA,ALA,74.0,10.786,26.272,19.211,0.09,1.32,5.4
ATOM,1184.0,HB1,ALA,74.0,11.67,28.096,17.893,0.09,1.32,8.35
ATOM,1185.0,HB2,ALA,74.0,10.883,27.561,16.568,0.09,1.32,0.0
ATOM,1186.0,HB3,ALA,74.0,10.048,28.243,17.793,0.09,1.32,1.8
ATOM,1187.0,N,ILE,75.0,9.131,25.365,16.654,-0.47,1.85,0.0
ATOM,1188.0,CA,ILE,75.0,7.841,24.901,16.134,0.07,2.275,0.0
ATOM,1189.0,C,ILE,75.0,7.417,23.583,16.793,0.51,2.0,0.0
ATOM,1190.0,O,ILE,75.0,6.307,23.46,17.311,-0.51,1.7,0.07
ATOM,1191.0,CB,ILE,75.0,7.907,24.762,14.605,-0.09,2.275,0.0
ATOM,1192.0,CG1,ILE,75.0,8.152,26.077,13.852,-0.18,2.175,0.59
ATOM,1193.0,CG2,ILE,75.0,6.683,24.047,14.076,-0.27,2.06,1.01
ATOM,1194.0,CD1,ILE,75.0,8.375,25.826,12.349,-0.27,2.06,0.65
ATOM,1195.0,H,ILE,75.0,10.012,25.32,16.106,0.31,0.2245,0.0
ATOM,1196.0,HA,ILE,75.0,7.163,25.589,16.41,0.09,1.32,0.0
ATOM,1197.0,HB,ILE,75.0,8.67,24.136,14.383,0.09,1.32,0.0
ATOM,1198.0,HG12,ILE,75.0,7.366,26.659,13.96,0.09,1.32,0.0
ATOM,1199.0,HG13,ILE,75.0,8.961,26.505,14.218,0.09,1.32,0.0
ATOM,1200.0,HG21,ILE,75.0,6.807,23.837,13.106,0.09,1.32,0.0
ATOM,1201.0,HG22,ILE,75.0,6.544,23.195,14.581,0.09,1.32,0.46
ATOM,1202.0,HG23,ILE,75.0,5.877,24.629,14.186,0.09,1.32,0.0
ATOM,1203.0,HD11,ILE,75.0,7.565,25.385,11.977,0.09,1.32,0.0
ATOM,1204.0,HD12,ILE,75.0,8.529,26.7,11.9,0.09,1.32,0.35
ATOM,1205.0,HD13,ILE,75.0,9.169,25.237,12.24,0.09,1.32,0.05
ATOM,1206.0,N,LEU,76.0,8.337,22.642,16.853,-0.47,1.85,0.0
ATOM,1207.0,CA,LEU,76.0,8.005,21.348,17.42,0.07,2.275,0.0
ATOM,1208.0,C,LEU,76.0,7.677,21.433,18.912,0.51,2.0,0.0
ATOM,1209.0,O,LEU,76.0,6.828,20.697,19.417,-0.51,1.7,0.0
ATOM,1210.0,CB,LEU,76.0,9.153,20.35,17.224,-0.18,2.175,0.0
ATOM,1211.0,CG,LEU,76.0,9.42,19.939,15.769,-0.09,2.275,0.0
ATOM,1212.0,CD1,LEU,76.0,10.501,18.869,15.732,-0.27,2.06,0.0
ATOM,1213.0,CD2,LEU,76.0,8.182,19.408,15.04,-0.27,2.06,0.89
ATOM,1214.0,H,LEU,76.0,9.262,22.892,16.482,0.31,0.2245,0.0
ATOM,1215.0,HA,LEU,76.0,7.192,20.981,16.941,0.09,1.32,0.23
ATOM,1216.0,HB2,LEU,76.0,9.983,20.767,17.57,0.09,1.32,0.0
ATOM,1217.0,HB3,LEU,76.0,8.932,19.527,17.729,0.09,1.32,0.0
ATOM,1218.0,HG,LEU,76.0,9.724,20.738,15.259,0.09,1.32,0.0
ATOM,1219.0,HD11,LEU,76.0,10.199,18.07,16.253,0.09,1.32,0.0
ATOM,1220.0,HD12,LEU,76.0,10.675,18.602,14.784,0.09,1.32,0.06
ATOM,1221.0,HD13,LEU,76.0,11.343,19.23,16.135,0.09,1.32,0.0
ATOM,1222.0,HD21,LEU,76.0,7.478,20.117,15.026,0.09,1.32,1.26
ATOM,1223.0,HD22,LEU,76.0,8.431,19.162,14.104,0.09,1.32,0.0
ATOM,1224.0,HD23,LEU,76.0,7.837,18.602,15.519,0.09,1.32,0.0
ATOM,1225.0,N,LYS,77.0,8.316,22.344,19.599,-0.47,1.85,0.0
ATOM,1226.0,CA,LYS,77.0,7.991,22.435,21.041,0.07,2.275,0.07
ATOM,1227.0,C,LYS,77.0,6.66,23.137,21.296,0.51,2.0,0.0
ATOM,1228.0,O,LYS,77.0,6.27,23.32,22.443,-0.51,1.7,18.44
ATOM,1229.0,CB,LYS,77.0,9.093,23.184,21.801,-0.18,2.175,9.03
ATOM,1230.0,CG,LYS,77.0,10.388,22.371,21.78,-0.18,2.175,1.96
ATOM,1231.0,CD,LYS,77.0,11.549,23.112,22.407,-0.18,2.175,8.5
ATOM,1232.0,CE,LYS,77.0,12.903,22.473,22.087,0.21,2.175,3.17
ATOM,1233.0,NZ,LYS,77.0,13.975,23.344,22.606,-0.3,1.85,10.22
ATOM,1234.0,H,LYS,77.0,8.981,22.925,19.126,0.31,0.2245,0.0
ATOM,1235.0,HA,LYS,77.0,7.943,21.496,21.414,0.09,1.32,0.0
ATOM,1236.0,HB2,LYS,77.0,9.256,24.039,21.351,0.09,1.32,1.09
ATOM,1237.0,HB3,LYS,77.0,8.809,23.293,22.733,0.09,1.32,7.18
ATOM,1238.0,HG2,LYS,77.0,10.236,21.513,22.281,0.09,1.32,3.02
ATOM,1239.0,HG3,LYS,77.0,10.614,22.151,20.826,0.09,1.32,0.0
ATOM,1240.0,HD2,LYS,77.0,11.561,24.052,22.066,0.09,1.32,4.2
ATOM,1241.0,HD3,LYS,77.0,11.436,23.119,23.401,0.09,1.32,10.49
ATOM,1242.0,HE2,LYS,77.0,12.946,21.585,22.526,0.05,1.32,8.51
ATOM,1243.0,HE3,LYS,77.0,12.987,22.384,21.103,0.05,1.32,0.0
ATOM,1244.0,HZ1,LYS,77.0,14.207,24.039,21.922,0.33,0.2245,12.6
ATOM,1245.0,HZ2,LYS,77.0,13.666,23.797,23.445,0.33,0.2245,15.72
ATOM,1246.0,HZ3,LYS,77.0,14.788,22.795,22.808,0.33,0.2245,1.52
ATOM,1247.0,N,LYS,78.0,5.941,23.48,20.249,-0.47,1.85,0.0
ATOM,1248.0,CA,LYS,78.0,4.635,24.143,20.464,0.07,2.275,0.8
ATOM,1249.0,C,LYS,78.0,3.52,23.116,20.304,0.51,2.0,0.0
ATOM,1250.0,O,LYS,78.0,2.338,23.377,20.564,-0.51,1.7,3.81
ATOM,1251.0,CB,LYS,78.0,4.478,25.193,19.374,-0.18,2.175,0.0
ATOM,1252.0,CG,LYS,78.0,5.362,26.427,19.573,-0.18,2.175,0.0
ATOM,1253.0,CD,LYS,78.0,4.816,27.312,20.674,-0.18,2.175,8.89
ATOM,1254.0,CE,LYS,78.0,5.748,28.485,20.926,0.21,2.175,21.11
ATOM,1255.0,NZ,LYS,78.0,5.205,29.691,20.34,-0.3,1.85,4.26
ATOM,1256.0,H,LYS,78.0,6.325,23.269,19.331,0.31,0.2245,0.0
ATOM,1257.0,HA,LYS,78.0,4.614,24.507,21.393,0.09,1.32,3.01
ATOM,1258.0,HB2,LYS,78.0,4.718,24.781,18.499,0.09,1.32,0.0
ATOM,1259.0,HB3,LYS,78.0,3.527,25.495,19.358,0.09,1.32,0.0
ATOM,1260.0,HG2,LYS,78.0,6.281,26.126,19.819,0.09,1.32,0.0
ATOM,1261.0,HG3,LYS,78.0,5.39,26.943,18.72,0.09,1.32,0.0
ATOM,1262.0,HD2,LYS,78.0,3.931,27.665,20.398,0.09,1.32,0.51
ATOM,1263.0,HD3,LYS,78.0,4.741,26.783,21.509,0.09,1.32,4.8
ATOM,1264.0,HE2,LYS,78.0,5.855,28.596,21.916,0.05,1.32,11.67
ATOM,1265.0,HE3,LYS,78.0,6.64,28.272,20.522,0.05,1.32,2.29
ATOM,1266.0,HZ1,LYS,78.0,5.491,29.775,19.378,0.33,0.2245,0.0
ATOM,1267.0,HZ2,LYS,78.0,4.199,29.677,20.373,0.33,0.2245,11.46
ATOM,1268.0,HZ3,LYS,78.0,5.528,30.502,20.841,0.33,0.2245,18.79
ATOM,1269.0,N,LYS,79.0,3.988,21.94,19.934,-0.47,1.85,0.0
ATOM,1270.0,CA,LYS,79.0,3.112,20.775,19.768,0.07,2.275,0.0
ATOM,1271.0,C,LYS,79.0,1.844,21.13,19.007,0.51,2.0,0.0
ATOM,1272.0,O,LYS,79.0,0.742,20.849,19.491,-0.51,1.7,5.87
ATOM,1273.0,CB,LYS,79.0,2.746,20.237,21.163,-0.18,2.175,3.52
ATOM,1274.0,CG,LYS,79.0,4.012,19.835,21.934,-0.18,2.175,0.0
ATOM,1275.0,CD,LYS,79.0,3.735,19.754,23.428,-0.18,2.175,7.31
ATOM,1276.0,CE,LYS,79.0,3.075,18.441,23.796,0.21,2.175,2.38
ATOM,1277.0,NZ,LYS,79.0,2.453,18.602,25.117,-0.3,1.85,8.5
ATOM,1278.0,H,LYS,79.0,5.014,21.903,19.771,0.31,0.2245,0.0
ATOM,1279.0,HA,LYS,79.0,3.614,20.066,19.253,0.09,1.32,0.0
ATOM,1280.0,HB2,LYS,79.0,2.293,20.95,21.662,0.09,1.32,1.56
ATOM,1281.0,HB3,LYS,79.0,2.185,19.44,21.051,0.09,1.32,0.08
ATOM,1282.0,HG2,LYS,79.0,4.314,18.943,21.609,0.09,1.32,0.0
ATOM,1283.0,HG3,LYS,79.0,4.718,20.517,21.769,0.09,1.32,0.0
ATOM,1284.0,HD2,LYS,79.0,4.598,19.827,23.918,0.09,1.32,5.78
ATOM,1285.0,HD3,LYS,79.0,3.128,20.499,23.683,0.09,1.32,5.81
ATOM,1286.0,HE2,LYS,79.0,2.383,18.228,23.121,0.05,1.32,0.58
ATOM,1287.0,HE3,LYS,79.0,3.765,17.732,23.833,0.05,1.32,1.65
ATOM,1288.0,HZ1,LYS,79.0,3.163,18.711,25.817,0.33,0.2245,18.61
ATOM,1289.0,HZ2,LYS,79.0,1.863,19.413,25.12,0.33,0.2245,16.33
ATOM,1290.0,HZ3,LYS,79.0,1.9,17.794,25.334,0.33,0.2245,0.04
ATOM,1291.0,N,GLY,80.0,2.031,21.604,17.786,-0.47,1.85,0.0
ATOM,1292.0,CA,GLY,80.0,0.842,21.884,16.986,-0.02,2.175,3.29
ATOM,1293.0,C,GLY,80.0,0.277,23.296,17.166,0.51,2.0,1.4
ATOM,1294.0,O,GLY,80.0,-0.292,23.827,16.225,-0.51,1.7,15.57
ATOM,1295.0,H,GLY,80.0,2.984,21.742,17.484,0.31,0.2245,0.16
ATOM,1296.0,HA2,GLY,80.0,1.06,21.741,16.0,0.09,1.32,0.0
ATOM,1297.0,HA3,GLY,80.0,0.115,21.207,17.218,0.09,1.32,6.63
ATOM,1298.0,N,HIS,81.0,0.57,23.964,18.27,-0.47,1.85,0.0
ATOM,1299.0,CA,HIS,81.0,0.055,25.362,18.407,0.07,2.275,0.0
ATOM,1300.0,C,HIS,81.0,1.075,26.409,17.949,0.51,2.0,0.0
ATOM,1301.0,O,HIS,81.0,1.717,27.08,18.776,-0.51,1.7,3.97
ATOM,1302.0,CB,HIS,81.0,-0.284,25.646,19.877,-0.09,2.175,10.41
ATOM,1303.0,CG,HIS,81.0,-1.383,24.771,20.448,-0.05,1.8,1.06
ATOM,1304.0,H,HIS,81.0,1.128,23.497,18.968,0.31,0.2245,0.0
ATOM,1305.0,HA,HIS,81.0,-0.767,25.44,17.829,0.09,1.32,0.99
ATOM,1306.0,HB2,HIS,81.0,0.541,25.51,20.438,0.09,1.32,2.31
ATOM,1307.0,HB3,HIS,81.0,-0.575,26.605,19.968,0.09,1.32,3.82
ATOM,1308.0,ND1,HIS,81.0,-1.165,23.578,21.014,-0.36,1.85,6.21
ATOM,1309.0,CD2,HIS,81.0,-2.745,24.985,20.438,0.22,1.8,22.13
ATOM,1310.0,CE1,HIS,81.0,-2.372,23.041,21.324,0.25,1.8,25.02
ATOM,1311.0,NE2,HIS,81.0,-3.346,23.899,20.971,-0.7,1.85,32.0
ATOM,1312.0,HD1,HIS,81.0,-0.297,23.134,21.192,0.32,0.2245,2.7
ATOM,1313.0,HD2,HIS,81.0,-3.189,25.813,20.089,0.1,1.468,12.88
ATOM,1314.0,HE1,HIS,81.0,-2.509,22.154,21.744,0.13,0.9,17.47
ATOM,1315.0,N,HIS,82.0,1.377,26.314,16.662,-0.47,1.85,0.0
ATOM,1316.0,CA,HIS,82.0,2.553,27.004,16.097,0.07,2.275,0.0
ATOM,1317.0,C,HIS,82.0,2.243,28.097,15.08,0.51,2.0,0.0
ATOM,1318.0,O,HIS,82.0,3.161,28.516,14.353,-0.51,1.7,0.0
ATOM,1319.0,CB,HIS,82.0,3.479,25.988,15.414,-0.08,2.175,0.0
ATOM,1320.0,CG,HIS,82.0,2.809,25.011,14.45,0.22,1.8,0.0
ATOM,1321.0,H,HIS,82.0,0.738,25.731,16.096,0.31,0.2245,0.0
ATOM,1322.0,HA,HIS,82.0,3.067,27.427,16.874,0.09,1.32,0.0
ATOM,1323.0,HB2,HIS,82.0,4.192,26.485,14.894,0.09,1.32,0.0
ATOM,1324.0,HB3,HIS,82.0,3.949,25.439,16.123,0.09,1.32,0.0
ATOM,1325.0,ND1,HIS,82.0,3.101,23.668,14.402,-0.7,1.85,1.01
ATOM,1326.0,CD2,HIS,82.0,1.844,25.249,13.494,-0.05,1.8,1.93
ATOM,1327.0,CE1,HIS,82.0,2.31,23.088,13.449,0.25,1.8,1.52
ATOM,1328.0,NE2,HIS,82.0,1.529,24.056,12.908,-0.36,1.85,0.0
ATOM,1329.0,HD2,HIS,82.0,1.455,26.143,13.28,0.09,1.468,1.34
ATOM,1330.0,HE1,HIS,82.0,2.312,22.142,13.204,0.13,0.9,0.41
ATOM,1331.0,HE2,HIS,82.0,0.846,23.899,12.203,0.32,0.2245,0.0
ATOM,1332.0,N,GLU,83.0,0.988,28.523,15.081,-0.47,1.85,0.04
ATOM,1333.0,CA,GLU,83.0,0.516,29.582,14.169,0.07,2.275,0.52
ATOM,1334.0,C,GLU,83.0,1.462,30.8,14.048,0.51,2.0,0.26
ATOM,1335.0,O,GLU,83.0,1.726,31.26,12.943,-0.51,1.7,2.55
ATOM,1336.0,CB,GLU,83.0,-0.951,29.989,14.479,-0.18,2.175,16.62
ATOM,1337.0,CG,GLU,83.0,-1.286,30.35,15.957,-0.28,2.175,21.39
ATOM,1338.0,CD,GLU,83.0,-1.452,29.054,16.774,0.62,2.0,2.79
ATOM,1339.0,OE1,GLU,83.0,-1.308,29.055,18.006,-0.76,1.7,22.55
ATOM,1340.0,OE2,GLU,83.0,-1.842,28.055,16.165,-0.76,1.7,20.77
ATOM,1341.0,H,GLU,83.0,0.365,28.056,15.77,0.31,0.2245,0.0
ATOM,1342.0,HA,GLU,83.0,0.371,29.185,13.241,0.09,1.32,2.33
ATOM,1343.0,HB2,GLU,83.0,-1.16,30.789,13.933,0.09,1.32,9.78
ATOM,1344.0,HB3,GLU,83.0,-1.532,29.227,14.23,0.09,1.32,6.11
ATOM,1345.0,HG2,GLU,83.0,-0.537,30.833,16.32,0.09,1.32,0.66
ATOM,1346.0,HG3,GLU,83.0,-2.13,30.813,15.966,0.09,1.32,10.13
ATOM,1347.0,N,ALA,84.0,2.028,31.281,15.135,-0.47,1.85,0.0
ATOM,1348.0,CA,ALA,84.0,2.812,32.516,15.067,0.07,2.275,2.29
ATOM,1349.0,C,ALA,84.0,4.237,32.311,14.566,0.51,2.0,0.0
ATOM,1350.0,O,ALA,84.0,4.918,33.282,14.243,-0.51,1.7,11.2
ATOM,1351.0,CB,ALA,84.0,2.871,33.206,16.435,-0.27,2.06,35.83
ATOM,1352.0,H,ALA,84.0,1.882,30.744,15.998,0.31,0.2245,1.33
ATOM,1353.0,HA,ALA,84.0,2.339,33.162,14.438,0.09,1.32,5.31
ATOM,1354.0,HB1,ALA,84.0,3.678,32.888,16.929,0.09,1.32,0.88
ATOM,1355.0,HB2,ALA,84.0,2.925,34.194,16.303,0.09,1.32,11.38
ATOM,1356.0,HB3,ALA,84.0,2.049,32.98,16.953,0.09,1.32,6.87
ATOM,1357.0,N,GLU,85.0,4.755,31.114,14.765,-0.47,1.85,0.0
ATOM,1358.0,CA,GLU,85.0,6.155,30.857,14.344,0.07,2.275,2.64
ATOM,1359.0,C,GLU,85.0,6.128,30.478,12.853,0.51,2.0,0.0
ATOM,1360.0,O,GLU,85.0,7.037,30.737,12.049,-0.51,1.7,7.69
ATOM,1361.0,CB,GLU,85.0,6.669,29.603,15.065,-0.18,2.175,1.93
ATOM,1362.0,CG,GLU,85.0,6.75,29.631,16.602,-0.28,2.175,2.52
ATOM,1363.0,CD,GLU,85.0,5.438,29.87,17.37,0.62,2.0,0.0
ATOM,1364.0,OE1,GLU,85.0,4.334,29.445,16.974,-0.76,1.7,0.42
ATOM,1365.0,OE2,GLU,85.0,5.509,30.803,18.155,-0.76,1.7,11.85
ATOM,1366.0,H,GLU,85.0,4.159,30.417,15.204,0.31,0.2245,0.0
ATOM,1367.0,HA,GLU,85.0,6.694,31.676,14.471,0.09,1.32,6.68
ATOM,1368.0,HB2,GLU,85.0,6.065,28.846,14.82,0.09,1.32,0.0
ATOM,1369.0,HB3,GLU,85.0,7.591,29.418,14.729,0.09,1.32,3.9
ATOM,1370.0,HG2,GLU,85.0,7.109,28.751,16.905,0.09,1.32,0.0
ATOM,1371.0,HG3,GLU,85.0,7.377,30.361,16.863,0.09,1.32,9.42
ATOM,1372.0,N,LEU,86.0,5.053,29.829,12.505,-0.47,1.85,0.0
ATOM,1373.0,CA,LEU,86.0,4.991,29.263,11.16,0.07,2.275,0.0
ATOM,1374.0,C,LEU,86.0,4.636,30.309,10.11,0.51,2.0,0.0
ATOM,1375.0,O,LEU,86.0,5.195,30.298,9.012,-0.51,1.7,0.0
ATOM,1376.0,CB,LEU,86.0,3.986,28.126,11.215,-0.18,2.175,0.0
ATOM,1377.0,CG,LEU,86.0,3.905,27.309,9.966,-0.09,2.275,0.0
ATOM,1378.0,CD1,LEU,86.0,3.968,25.821,10.293,-0.27,2.06,0.0
ATOM,1379.0,CD2,LEU,86.0,2.651,27.659,9.172,-0.27,2.06,0.0
ATOM,1380.0,H,LEU,86.0,4.309,29.751,13.196,0.31,0.2245,0.0
ATOM,1381.0,HA,LEU,86.0,5.899,28.879,10.932,0.09,1.32,0.0
ATOM,1382.0,HB2,LEU,86.0,4.251,27.525,11.962,0.09,1.32,0.0
ATOM,1383.0,HB3,LEU,86.0,3.091,28.522,11.386,0.09,1.32,0.0
ATOM,1384.0,HG,LEU,86.0,4.669,27.538,9.358,0.09,1.32,0.0
ATOM,1385.0,HD11,LEU,86.0,3.203,25.578,10.889,0.09,1.32,0.0
ATOM,1386.0,HD12,LEU,86.0,3.913,25.292,9.447,0.09,1.32,0.0
ATOM,1387.0,HD13,LEU,86.0,4.83,25.618,10.757,0.09,1.32,0.0
ATOM,1388.0,HD21,LEU,86.0,2.674,28.628,8.924,0.09,1.32,0.0
ATOM,1389.0,HD22,LEU,86.0,2.616,27.102,8.342,0.09,1.32,0.0
ATOM,1390.0,HD23,LEU,86.0,1.841,27.477,9.73,0.09,1.32,0.6
ATOM,1391.0,N,LYS,87.0,3.774,31.232,10.496,-0.47,1.85,0.0
ATOM,1392.0,CA,LYS,87.0,3.307,32.271,9.569,0.07,2.275,0.0
ATOM,1393.0,C,LYS,87.0,4.405,33.074,8.875,0.51,2.0,0.0
ATOM,1394.0,O,LYS,87.0,4.445,33.079,7.643,-0.51,1.7,0.0
ATOM,1395.0,CB,LYS,87.0,2.353,33.198,10.294,-0.18,2.175,0.53
ATOM,1396.0,CG,LYS,87.0,1.326,33.879,9.409,-0.18,2.175,2.9
ATOM,1397.0,CD,LYS,87.0,1.084,35.305,9.891,-0.18,2.175,6.36
ATOM,1398.0,CE,LYS,87.0,-0.306,35.836,9.562,0.21,2.175,20.01
ATOM,1399.0,NZ,LYS,87.0,-0.438,37.134,10.247,-0.3,1.85,13.29
ATOM,1400.0,H,LYS,87.0,3.461,31.167,11.48,0.31,0.2245,0.0
ATOM,1401.0,HA,LYS,87.0,2.73,31.823,8.85,0.09,1.32,0.0
ATOM,1402.0,HB2,LYS,87.0,1.861,32.667,10.99,0.09,1.32,0.04
ATOM,1403.0,HB3,LYS,87.0,2.891,33.911,10.753,0.09,1.32,0.18
ATOM,1404.0,HG2,LYS,87.0,1.665,33.91,8.475,0.09,1.32,0.53
ATOM,1405.0,HG3,LYS,87.0,0.47,33.376,9.451,0.09,1.32,4.3
ATOM,1406.0,HD2,LYS,87.0,1.206,35.332,10.887,0.09,1.32,5.65
ATOM,1407.0,HD3,LYS,87.0,1.762,35.909,9.464,0.09,1.32,0.6
ATOM,1408.0,HE2,LYS,87.0,-0.378,35.96,8.588,0.05,1.32,6.56
ATOM,1409.0,HE3,LYS,87.0,-0.979,35.204,9.905,0.05,1.32,9.78
ATOM,1410.0,HZ1,LYS,87.0,-0.446,36.994,11.239,0.33,0.2245,18.02
ATOM,1411.0,HZ2,LYS,87.0,0.334,37.725,10.004,0.33,0.2245,14.95
ATOM,1412.0,HZ3,LYS,87.0,-1.293,37.578,9.97,0.33,0.2245,20.91
ATOM,1413.0,N,PRO,88.0,5.427,33.535,9.592,-0.29,1.85,0.0
ATOM,1414.0,CA,PRO,88.0,6.508,34.295,8.936,0.02,2.275,0.28
ATOM,1415.0,C,PRO,88.0,7.403,33.445,8.032,0.51,2.0,0.26
ATOM,1416.0,O,PRO,88.0,7.906,33.898,7.0,-0.51,1.7,3.68
ATOM,1417.0,CB,PRO,88.0,7.346,34.838,10.066,-0.18,2.175,16.58
ATOM,1418.0,CG,PRO,88.0,6.4,34.922,11.239,-0.18,2.175,16.82
ATOM,1419.0,CD,PRO,88.0,5.485,33.746,11.062,0.0,2.175,0.14
ATOM,1420.0,HA,PRO,88.0,6.12,35.08,8.417,0.09,1.32,0.0
ATOM,1421.0,HB2,PRO,88.0,8.113,34.226,10.282,0.09,1.32,6.7
ATOM,1422.0,HB3,PRO,88.0,7.712,35.748,9.849,0.09,1.32,11.69
ATOM,1423.0,HG2,PRO,88.0,6.909,34.86,12.097,0.09,1.32,8.66
ATOM,1424.0,HG3,PRO,88.0,5.894,35.783,11.212,0.09,1.32,9.61
ATOM,1425.0,HD2,PRO,88.0,5.844,32.924,11.513,0.09,1.32,0.0
ATOM,1426.0,HD3,PRO,88.0,4.565,33.934,11.42,0.09,1.32,0.64
ATOM,1427.0,N,LEU,89.0,7.62,32.234,8.464,-0.47,1.85,0.4
ATOM,1428.0,CA,LEU,89.0,8.38,31.244,7.667,0.07,2.275,3.03
ATOM,1429.0,C,LEU,89.0,7.642,30.984,6.338,0.51,2.0,0.0
ATOM,1430.0,O,LEU,89.0,8.272,31.048,5.285,-0.51,1.7,0.0
ATOM,1431.0,CB,LEU,89.0,8.527,29.963,8.51,-0.18,2.175,1.73
ATOM,1432.0,CG,LEU,89.0,9.483,28.846,8.024,-0.09,2.275,2.26
ATOM,1433.0,CD1,LEU,89.0,9.311,27.631,8.919,-0.27,2.06,4.4
ATOM,1434.0,CD2,LEU,89.0,9.225,28.344,6.619,-0.27,2.06,0.16
ATOM,1435.0,H,LEU,89.0,7.228,32.008,9.4,0.31,0.2245,0.0
ATOM,1436.0,HA,LEU,89.0,9.275,31.627,7.459,0.09,1.32,2.15
ATOM,1437.0,HB2,LEU,89.0,8.842,30.236,9.427,0.09,1.32,4.53
ATOM,1438.0,HB3,LEU,89.0,7.615,29.548,8.596,0.09,1.32,0.0
ATOM,1439.0,HG,LEU,89.0,10.414,29.18,8.083,0.09,1.32,5.6
ATOM,1440.0,HD11,LEU,89.0,8.364,27.31,8.871,0.09,1.32,0.0
ATOM,1441.0,HD12,LEU,89.0,9.924,26.901,8.615,0.09,1.32,4.34
ATOM,1442.0,HD13,LEU,89.0,9.531,27.876,9.864,0.09,1.32,1.06
ATOM,1443.0,HD21,LEU,89.0,9.318,29.099,5.967,0.09,1.32,0.0
ATOM,1444.0,HD22,LEU,89.0,9.886,27.627,6.389,0.09,1.32,2.72
ATOM,1445.0,HD23,LEU,89.0,8.298,27.969,6.559,0.09,1.32,0.0
ATOM,1446.0,N,ALA,90.0,6.334,30.723,6.378,-0.47,1.85,0.0
ATOM,1447.0,CA,ALA,90.0,5.615,30.497,5.093,0.07,2.275,0.0
ATOM,1448.0,C,ALA,90.0,5.721,31.724,4.197,0.51,2.0,0.0
ATOM,1449.0,O,ALA,90.0,5.958,31.595,2.995,-0.51,1.7,0.0
ATOM,1450.0,CB,ALA,90.0,4.118,30.24,5.312,-0.27,2.06,0.0
ATOM,1451.0,H,ALA,90.0,5.898,30.693,7.288,0.31,0.2245,0.0
ATOM,1452.0,HA,ALA,90.0,6.042,29.715,4.632,0.09,1.32,0.0
ATOM,1453.0,HB1,ALA,90.0,3.599,31.03,4.992,0.09,1.32,0.0
ATOM,1454.0,HB2,ALA,90.0,3.846,29.428,4.8,0.09,1.32,0.0
ATOM,1455.0,HB3,ALA,90.0,3.949,30.097,6.285,0.09,1.32,0.0
ATOM,1456.0,N,GLN,91.0,5.555,32.881,4.811,-0.47,1.85,0.0
ATOM,1457.0,CA,GLN,91.0,5.586,34.104,4.004,0.07,2.275,0.0
ATOM,1458.0,C,GLN,91.0,6.946,34.265,3.338,0.51,2.0,0.0
ATOM,1459.0,O,GLN,91.0,7.002,34.64,2.172,-0.51,1.7,0.0
ATOM,1460.0,CB,GLN,91.0,5.279,35.35,4.859,-0.18,2.175,1.43
ATOM,1461.0,CG,GLN,91.0,3.779,35.65,4.927,-0.18,2.175,4.11
ATOM,1462.0,CD,GLN,91.0,3.407,36.517,6.146,0.55,2.0,0.82
ATOM,1463.0,H,GLN,91.0,5.414,32.855,5.815,0.31,0.2245,0.0
ATOM,1464.0,HA,GLN,91.0,4.896,34.013,3.281,0.09,1.32,0.0
ATOM,1465.0,HB2,GLN,91.0,5.605,35.191,5.782,0.09,1.32,0.0
ATOM,1466.0,HB3,GLN,91.0,5.734,36.134,4.454,0.09,1.32,7.12
ATOM,1467.0,HG2,GLN,91.0,3.511,36.141,4.104,0.09,1.32,4.33
ATOM,1468.0,HG3,GLN,91.0,3.281,34.791,4.993,0.09,1.32,1.3
ATOM,1469.0,OE1,GLN,91.0,2.252,36.915,6.304,-0.55,1.7,23.16
ATOM,1470.0,NE2,GLN,91.0,4.397,37.069,6.804,-0.62,1.85,14.23
ATOM,1471.0,HE21,GLN,91.0,4.226,37.664,7.609,0.32,0.2245,16.16
ATOM,1472.0,HE22,GLN,91.0,5.358,36.894,6.498,0.3,0.2245,6.3
ATOM,1473.0,N,SER,92.0,8.017,34.064,4.1,-0.47,1.85,0.18
ATOM,1474.0,CA,SER,92.0,9.333,34.323,3.488,0.07,2.275,2.16
ATOM,1475.0,C,SER,92.0,9.622,33.294,2.4,0.51,2.0,0.0
ATOM,1476.0,O,SER,92.0,10.131,33.615,1.321,-0.51,1.7,0.0
ATOM,1477.0,CB,SER,92.0,10.428,34.256,4.547,0.05,2.175,11.48
ATOM,1478.0,OG,SER,92.0,10.392,33.006,5.224,-0.66,1.77,3.76
ATOM,1479.0,H,SER,92.0,7.867,33.75,5.041,0.31,0.2245,0.0
ATOM,1480.0,HA,SER,92.0,9.298,35.229,3.06,0.09,1.32,0.68
ATOM,1481.0,HB2,SER,92.0,11.312,34.357,4.106,0.09,1.32,0.03
ATOM,1482.0,HB3,SER,92.0,10.283,34.983,5.208,0.09,1.32,8.8
ATOM,1483.0,HG,SER,92.0,9.512,32.564,5.057,0.43,0.2245,0.0
ATOM,1484.0,N,HIS,93.0,9.296,32.052,2.725,-0.47,1.85,0.0
ATOM,1485.0,CA,HIS,93.0,9.649,30.963,1.801,0.07,2.275,0.0
ATOM,1486.0,C,HIS,93.0,8.772,30.95,0.556,0.51,2.0,0.0
ATOM,1487.0,O,HIS,93.0,9.243,30.639,-0.543,-0.51,1.7,0.0
ATOM,1488.0,CB,HIS,93.0,9.639,29.613,2.509,-0.08,2.175,0.0
ATOM,1489.0,CG,HIS,93.0,10.802,29.476,3.455,0.22,1.8,0.0
ATOM,1490.0,H,HIS,93.0,8.812,31.921,3.609,0.31,0.2245,0.0
ATOM,1491.0,HA,HIS,93.0,10.61,31.096,1.513,0.09,1.32,0.0
ATOM,1492.0,HB2,HIS,93.0,8.797,29.52,3.034,0.09,1.32,0.0
ATOM,1493.0,HB3,HIS,93.0,9.701,28.884,1.832,0.09,1.32,0.0
ATOM,1494.0,ND1,HIS,93.0,10.965,30.281,4.506,-0.7,1.85,0.0
ATOM,1495.0,CD2,HIS,93.0,11.904,28.646,3.365,-0.05,1.8,4.57
ATOM,1496.0,CE1,HIS,93.0,12.158,29.97,5.083,0.25,1.8,4.75
ATOM,1497.0,NE2,HIS,93.0,12.751,28.975,4.391,-0.36,1.85,7.31
ATOM,1498.0,HD2,HIS,93.0,12.042,27.945,2.676,0.09,1.468,1.55
ATOM,1499.0,HE1,HIS,93.0,12.53,30.411,5.888,0.13,0.9,12.5
ATOM,1500.0,HE2,HIS,93.0,13.624,28.573,4.598,0.32,0.2245,21.37
ATOM,1501.0,N,ALA,94.0,7.582,31.503,0.738,-0.47,1.85,0.0
ATOM,1502.0,CA,ALA,94.0,6.701,31.721,-0.404,0.07,2.275,0.0
ATOM,1503.0,C,ALA,94.0,7.212,32.848,-1.286,0.51,2.0,0.0
ATOM,1504.0,O,ALA,94.0,7.388,32.675,-2.499,-0.51,1.7,0.31
ATOM,1505.0,CB,ALA,94.0,5.295,32.102,0.054,-0.27,2.06,0.0
ATOM,1506.0,H,ALA,94.0,7.346,31.752,1.705,0.31,0.2245,0.0
ATOM,1507.0,HA,ALA,94.0,6.665,30.874,-0.951,0.09,1.32,0.89
ATOM,1508.0,HB1,ALA,94.0,5.259,32.098,1.052,0.09,1.32,0.0
ATOM,1509.0,HB2,ALA,94.0,5.072,33.015,-0.284,0.09,1.32,0.0
ATOM,1510.0,HB3,ALA,94.0,4.638,31.442,-0.307,0.09,1.32,0.0
ATOM,1511.0,N,THR,95.0,7.094,34.018,-0.711,-0.47,1.85,0.0
ATOM,1512.0,CA,THR,95.0,7.209,35.259,-1.52,0.07,2.275,0.01
ATOM,1513.0,C,THR,95.0,8.652,35.676,-1.811,0.51,2.0,0.0
ATOM,1514.0,O,THR,95.0,8.914,36.365,-2.799,-0.51,1.7,26.26
ATOM,1515.0,CB,THR,95.0,6.503,36.398,-0.805,0.14,2.275,5.18
ATOM,1516.0,OG1,THR,95.0,7.228,36.744,0.382,-0.66,1.77,11.06
ATOM,1517.0,CG2,THR,95.0,5.062,36.014,-0.467,-0.27,2.06,9.27
ATOM,1518.0,H,THR,95.0,6.923,34.024,0.299,0.31,0.2245,0.0
ATOM,1519.0,HA,THR,95.0,6.738,35.095,-2.404,0.09,1.32,0.0
ATOM,1520.0,HB,THR,95.0,6.486,37.22,-1.413,0.09,1.32,9.71
ATOM,1521.0,HG21,THR,95.0,4.432,36.67,-0.887,0.09,1.32,10.15
ATOM,1522.0,HG22,THR,95.0,4.867,35.097,-0.818,0.09,1.32,0.0
ATOM,1523.0,HG23,THR,95.0,4.936,36.023,0.526,0.09,1.32,0.32
ATOM,1524.0,HG1,THR,95.0,7.141,36.015,1.069,0.43,0.2245,0.09
ATOM,1525.0,N,LYS,96.0,9.535,35.35,-0.893,-0.47,1.85,0.0
ATOM,1526.0,CA,LYS,96.0,10.93,35.788,-1.034,0.07,2.275,0.0
ATOM,1527.0,C,LYS,96.0,11.842,34.673,-1.546,0.51,2.0,0.0
ATOM,1528.0,O,LYS,96.0,12.577,34.842,-2.524,-0.51,1.7,25.16
ATOM,1529.0,CB,LYS,96.0,11.423,36.26,0.322,-0.18,2.175,0.0
ATOM,1530.0,CG,LYS,96.0,11.895,37.696,0.25,-0.18,2.175,12.65
ATOM,1531.0,CD,LYS,96.0,11.306,38.574,1.342,-0.18,2.175,10.41
ATOM,1532.0,CE,LYS,96.0,12.25,38.696,2.556,0.21,2.175,16.07
ATOM,1533.0,NZ,LYS,96.0,11.652,39.625,3.561,-0.3,1.85,13.32
ATOM,1534.0,H,LYS,96.0,9.191,34.791,-0.105,0.31,0.2245,0.0
ATOM,1535.0,HA,LYS,96.0,10.961,36.558,-1.69,0.09,1.32,2.77
ATOM,1536.0,HB2,LYS,96.0,10.677,36.206,0.965,0.09,1.32,0.0
ATOM,1537.0,HB3,LYS,96.0,12.182,35.692,0.596,0.09,1.32,0.0
ATOM,1538.0,HG2,LYS,96.0,12.9,37.717,0.328,0.09,1.32,7.97
ATOM,1539.0,HG3,LYS,96.0,11.641,38.082,-0.646,0.09,1.32,7.62
ATOM,1540.0,HD2,LYS,96.0,11.152,39.488,0.98,0.09,1.32,10.42
ATOM,1541.0,HD3,LYS,96.0,10.451,38.177,1.657,0.09,1.32,1.14
ATOM,1542.0,HE2,LYS,96.0,12.364,37.798,2.959,0.05,1.32,1.81
ATOM,1543.0,HE3,LYS,96.0,13.119,39.057,2.246,0.05,1.32,9.97
ATOM,1544.0,HZ1,LYS,96.0,11.814,40.568,3.275,0.33,0.2245,19.33
ATOM,1545.0,HZ2,LYS,96.0,10.67,39.456,3.622,0.33,0.2245,15.22
ATOM,1546.0,HZ3,LYS,96.0,12.077,39.465,4.451,0.33,0.2245,20.39
ATOM,1547.0,N,HIS,97.0,11.824,33.546,-0.878,-0.47,1.85,0.0
ATOM,1548.0,CA,HIS,97.0,12.78,32.527,-1.329,0.07,2.275,0.83
ATOM,1549.0,C,HIS,97.0,12.262,31.717,-2.519,0.51,2.0,0.0
ATOM,1550.0,O,HIS,97.0,13.044,31.065,-3.227,-0.51,1.7,8.54
ATOM,1551.0,CB,HIS,97.0,13.094,31.609,-0.169,-0.09,2.175,2.62
ATOM,1552.0,CG,HIS,97.0,13.634,32.407,0.988,-0.05,1.8,0.37
ATOM,1553.0,ND1,HIS,97.0,13.227,32.223,2.238,-0.36,1.85,0.97
ATOM,1554.0,CD2,HIS,97.0,14.662,33.291,1.006,0.22,1.8,14.84
ATOM,1555.0,CE1,HIS,97.0,13.996,32.981,3.032,0.25,1.8,12.44
ATOM,1556.0,NE2,HIS,97.0,14.867,33.634,2.282,-0.7,1.85,26.32
ATOM,1557.0,H,HIS,97.0,11.181,33.445,-0.122,0.31,0.2245,0.0
ATOM,1558.0,HA,HIS,97.0,13.631,32.996,-1.613,0.09,1.32,4.02
ATOM,1559.0,HB2,HIS,97.0,12.268,31.15,0.131,0.09,1.32,0.0
ATOM,1560.0,HB3,HIS,97.0,13.785,30.951,-0.439,0.09,1.32,2.44
ATOM,1561.0,HD1,HIS,97.0,12.491,31.637,2.563,0.32,0.2245,0.0
ATOM,1562.0,HD2,HIS,97.0,15.163,33.616,0.199,0.1,1.468,12.07
ATOM,1563.0,HE1,HIS,97.0,13.916,33.038,4.021,0.13,0.9,9.06
ATOM,1564.0,N,LYS,98.0,10.938,31.702,-2.629,-0.47,1.85,0.0
ATOM,1565.0,CA,LYS,98.0,10.288,30.894,-3.683,0.07,2.275,0.51
ATOM,1566.0,C,LYS,98.0,10.579,29.391,-3.569,0.51,2.0,0.31
ATOM,1567.0,O,LYS,98.0,11.014,28.738,-4.522,-0.51,1.7,0.0
ATOM,1568.0,CB,LYS,98.0,10.646,31.451,-5.072,-0.18,2.175,2.02
ATOM,1569.0,CG,LYS,98.0,9.608,31.072,-6.137,-0.18,2.175,3.92
ATOM,1570.0,CD,LYS,98.0,10.155,30.791,-7.55,-0.18,2.175,9.57
ATOM,1571.0,CE,LYS,98.0,10.367,32.061,-8.381,0.21,2.175,20.96
ATOM,1572.0,NZ,LYS,98.0,11.791,32.434,-8.45,-0.3,1.85,11.32
ATOM,1573.0,H,LYS,98.0,10.423,32.273,-1.952,0.31,0.2245,0.0
ATOM,1574.0,HA,LYS,98.0,9.285,31.034,-3.619,0.09,1.32,0.56
ATOM,1575.0,HB2,LYS,98.0,10.683,32.437,-5.012,0.09,1.32,4.27
ATOM,1576.0,HB3,LYS,98.0,11.52,31.075,-5.342,0.09,1.32,0.0
ATOM,1577.0,HG2,LYS,98.0,9.107,30.245,-5.821,0.09,1.32,5.71
ATOM,1578.0,HG3,LYS,98.0,8.924,31.821,-6.205,0.09,1.32,1.53
ATOM,1579.0,HD2,LYS,98.0,11.032,30.321,-7.461,0.09,1.32,0.0
ATOM,1580.0,HD3,LYS,98.0,9.505,30.204,-8.03,0.09,1.32,11.79
ATOM,1581.0,HE2,LYS,98.0,10.014,31.896,-9.306,0.05,1.32,11.81
ATOM,1582.0,HE3,LYS,98.0,9.842,32.805,-7.961,0.05,1.32,8.09
ATOM,1583.0,HZ1,LYS,98.0,12.279,32.055,-7.661,0.33,0.2245,5.21
ATOM,1584.0,HZ2,LYS,98.0,12.196,32.073,-9.293,0.33,0.2245,19.97
ATOM,1585.0,HZ3,LYS,98.0,11.881,33.432,-8.444,0.33,0.2245,20.57
ATOM,1586.0,N,ILE,99.0,10.264,28.813,-2.42,-0.47,1.85,0.96
ATOM,1587.0,CA,ILE,99.0,10.577,27.359,-2.218,0.07,2.275,0.0
ATOM,1588.0,C,ILE,99.0,9.332,26.504,-2.425,0.51,2.0,0.72
ATOM,1589.0,O,ILE,99.0,8.469,26.57,-1.549,-0.51,1.7,0.19
ATOM,1590.0,CB,ILE,99.0,10.961,27.113,-0.754,-0.09,2.275,0.0
ATOM,1591.0,CG1,ILE,99.0,12.033,28.09,-0.282,-0.18,2.175,0.16
ATOM,1592.0,CG2,ILE,99.0,11.264,25.643,-0.432,-0.27,2.06,5.53
ATOM,1593.0,CD1,ILE,99.0,13.203,28.084,-1.272,-0.27,2.06,8.4
ATOM,1594.0,H,ILE,99.0,9.817,29.391,-1.716,0.31,0.2245,0.0
ATOM,1595.0,HA,ILE,99.0,11.222,27.125,-2.946,0.09,1.32,0.0
ATOM,1596.0,HB,ILE,99.0,10.145,27.254,-0.193,0.09,1.32,0.0
ATOM,1597.0,HG12,ILE,99.0,11.654,28.992,-0.247,0.09,1.32,0.0
ATOM,1598.0,HG13,ILE,99.0,12.365,27.8,0.593,0.09,1.32,1.19
ATOM,1599.0,HG21,ILE,99.0,11.348,25.535,0.555,0.09,1.32,0.32
ATOM,1600.0,HG22,ILE,99.0,10.52,25.074,-0.771,0.09,1.32,0.0
ATOM,1601.0,HG23,ILE,99.0,12.118,25.381,-0.874,0.09,1.32,0.41
ATOM,1602.0,HD11,ILE,99.0,12.867,28.36,-2.168,0.09,1.32,0.0
ATOM,1603.0,HD12,ILE,99.0,13.896,28.725,-0.954,0.09,1.32,2.94
ATOM,1604.0,HD13,ILE,99.0,13.582,27.164,-1.316,0.09,1.32,2.04
ATOM,1605.0,N,PRO,100.0,9.28,25.678,-3.472,-0.29,1.85,0.67
ATOM,1606.0,CA,PRO,100.0,8.171,24.74,-3.693,0.02,2.275,0.5
ATOM,1607.0,C,PRO,100.0,7.917,23.834,-2.487,0.51,2.0,0.0
ATOM,1608.0,O,PRO,100.0,8.859,23.407,-1.811,-0.51,1.7,0.0
ATOM,1609.0,CB,PRO,100.0,8.523,23.896,-4.92,-0.18,2.175,7.69
ATOM,1610.0,CG,PRO,100.0,9.796,24.485,-5.504,-0.18,2.175,10.77
ATOM,1611.0,CD,PRO,100.0,10.311,25.545,-4.529,0.0,2.175,1.75
ATOM,1612.0,HA,PRO,100.0,7.327,25.241,-3.945,0.09,1.32,0.0
ATOM,1613.0,HB2,PRO,100.0,8.673,22.932,-4.663,0.09,1.32,0.0
ATOM,1614.0,HB3,PRO,100.0,7.781,23.925,-5.603,0.09,1.32,4.77
ATOM,1615.0,HG2,PRO,100.0,10.486,23.76,-5.633,0.09,1.32,0.0
ATOM,1616.0,HG3,PRO,100.0,9.605,24.898,-6.405,0.09,1.32,12.24
ATOM,1617.0,HD2,PRO,100.0,11.192,25.264,-4.128,0.09,1.32,0.0
ATOM,1618.0,HD3,PRO,100.0,10.449,26.427,-4.999,0.09,1.32,0.2
ATOM,1619.0,N,ILE,101.0,6.631,23.634,-2.182,-0.47,1.85,0.0
ATOM,1620.0,CA,ILE,101.0,6.269,22.72,-1.075,0.07,2.275,0.0
ATOM,1621.0,C,ILE,101.0,6.942,21.346,-1.164,0.51,2.0,0.0
ATOM,1622.0,O,ILE,101.0,7.285,20.795,-0.121,-0.51,1.7,0.0
ATOM,1623.0,CB,ILE,101.0,4.755,22.514,-1.041,-0.09,2.275,0.9
ATOM,1624.0,CG1,ILE,101.0,4.024,23.705,-0.45,-0.18,2.175,0.16
ATOM,1625.0,CG2,ILE,101.0,4.394,21.305,-0.201,-0.27,2.06,17.46
ATOM,1626.0,CD1,ILE,101.0,3.99,23.459,1.039,-0.27,2.06,0.0
ATOM,1627.0,H,ILE,101.0,5.95,24.14,-2.75,0.31,0.2245,0.0
ATOM,1628.0,HA,ILE,101.0,6.616,23.159,-0.231,0.09,1.32,0.0
ATOM,1629.0,HB,ILE,101.0,4.438,22.392,-1.986,0.09,1.32,1.76
ATOM,1630.0,HG12,ILE,101.0,4.526,24.51,-0.632,0.09,1.32,0.0
ATOM,1631.0,HG13,ILE,101.0,3.118,23.719,-0.79,0.09,1.32,0.34
ATOM,1632.0,HG21,ILE,101.0,3.406,21.158,-0.229,0.09,1.32,6.79
ATOM,1633.0,HG22,ILE,101.0,4.858,20.495,-0.56,0.09,1.32,2.41
ATOM,1634.0,HG23,ILE,101.0,4.678,21.456,0.745,0.09,1.32,0.0
ATOM,1635.0,HD11,ILE,101.0,4.925,23.395,1.387,0.09,1.32,0.0
ATOM,1636.0,HD12,ILE,101.0,3.517,24.215,1.491,0.09,1.32,0.0
ATOM,1637.0,HD13,ILE,101.0,3.506,22.605,1.224,0.09,1.32,0.0
ATOM,1638.0,N,LYS,102.0,7.179,20.843,-2.396,-0.47,1.85,1.19
ATOM,1639.0,CA,LYS,102.0,7.906,19.56,-2.635,0.07,2.275,1.06
ATOM,1640.0,C,LYS,102.0,9.31,19.525,-2.004,0.51,2.0,0.0
ATOM,1641.0,O,LYS,102.0,9.804,18.456,-1.633,-0.51,1.7,0.0
ATOM,1642.0,CB,LYS,102.0,8.062,19.366,-4.158,-0.18,2.175,8.11
ATOM,1643.0,CG,LYS,102.0,8.54,17.965,-4.523,-0.18,2.175,2.05
ATOM,1644.0,CD,LYS,102.0,7.449,16.937,-4.194,-0.18,2.175,5.85
ATOM,1645.0,CE,LYS,102.0,7.829,15.504,-4.563,0.21,2.175,11.66
ATOM,1646.0,NZ,LYS,102.0,6.812,14.581,-4.042,-0.3,1.85,8.68
ATOM,1647.0,H,LYS,102.0,6.81,21.428,-3.174,0.31,0.2245,1.94
ATOM,1648.0,HA,LYS,102.0,7.354,18.809,-2.24,0.09,1.32,0.76
ATOM,1649.0,HB2,LYS,102.0,7.179,19.518,-4.579,0.09,1.32,7.86
ATOM,1650.0,HB3,LYS,102.0,8.728,20.022,-4.484,0.09,1.32,0.21
ATOM,1651.0,HG2,LYS,102.0,8.73,17.926,-5.496,0.09,1.32,9.32
ATOM,1652.0,HG3,LYS,102.0,9.352,17.747,-3.997,0.09,1.32,0.0
ATOM,1653.0,HD2,LYS,102.0,7.265,16.973,-3.21,0.09,1.32,0.0
ATOM,1654.0,HD3,LYS,102.0,6.618,17.184,-4.695,0.09,1.32,9.54
ATOM,1655.0,HE2,LYS,102.0,7.877,15.434,-5.554,0.05,1.32,10.81
ATOM,1656.0,HE3,LYS,102.0,8.715,15.297,-4.16,0.05,1.32,0.0
ATOM,1657.0,HZ1,LYS,102.0,6.95,13.667,-4.43,0.33,0.2245,20.34
ATOM,1658.0,HZ2,LYS,102.0,6.88,14.526,-3.043,0.33,0.2245,0.0
ATOM,1659.0,HZ3,LYS,102.0,5.896,14.907,-4.29,0.33,0.2245,16.65
ATOM,1660.0,N,TYR,103.0,9.97,20.69,-1.988,-0.47,1.85,0.0
ATOM,1661.0,CA,TYR,103.0,11.33,20.787,-1.42,0.07,2.275,0.0
ATOM,1662.0,C,TYR,103.0,11.203,20.695,0.098,0.51,2.0,0.0
ATOM,1663.0,O,TYR,103.0,12.074,20.156,0.775,-0.51,1.7,0.87
ATOM,1664.0,CB,TYR,103.0,11.959,22.148,-1.77,-0.18,2.175,0.0
ATOM,1665.0,CG,TYR,103.0,12.446,22.367,-3.195,0.0,1.9924,0.0
ATOM,1666.0,CD1,TYR,103.0,13.219,23.476,-3.496,-0.115,1.9924,0.0
ATOM,1667.0,CD2,TYR,103.0,12.132,21.465,-4.191,-0.115,1.9924,0.0
ATOM,1668.0,CE1,TYR,103.0,13.652,23.715,-4.816,-0.115,1.9924,0.0
ATOM,1669.0,CE2,TYR,103.0,12.543,21.688,-5.517,-0.115,1.9924,2.23
ATOM,1670.0,CZ,TYR,103.0,13.292,22.829,-5.826,0.11,1.9924,0.0
ATOM,1671.0,OH,TYR,103.0,13.686,23.024,-7.07,-0.54,1.77,15.74
ATOM,1672.0,H,TYR,103.0,9.464,21.489,-2.393,0.31,0.2245,0.0
ATOM,1673.0,HA,TYR,103.0,11.854,20.008,-1.74,0.09,1.32,0.0
ATOM,1674.0,HB2,TYR,103.0,11.276,22.867,-1.563,0.09,1.32,0.0
ATOM,1675.0,HB3,TYR,103.0,12.747,22.293,-1.15,0.09,1.32,4.06
ATOM,1676.0,HD1,TYR,103.0,13.479,24.121,-2.782,0.115,1.3582,2.1
ATOM,1677.0,HD2,TYR,103.0,11.611,20.644,-3.982,0.115,1.3582,0.0
ATOM,1678.0,HE1,TYR,103.0,14.212,24.514,-5.016,0.115,1.3582,0.0
ATOM,1679.0,HE2,TYR,103.0,12.302,21.039,-6.23,0.115,1.3582,8.57
ATOM,1680.0,HH,TYR,103.0,14.679,23.195,-7.106,0.43,0.2245,2.19
ATOM,1681.0,N,LEU,104.0,10.075,21.137,0.616,-0.47,1.85,0.0
ATOM,1682.0,CA,LEU,104.0,9.88,20.934,2.063,0.07,2.275,0.0
ATOM,1683.0,C,LEU,104.0,9.673,19.464,2.445,0.51,2.0,0.0
ATOM,1684.0,O,LEU,104.0,10.165,19.022,3.491,-0.51,1.7,0.0
ATOM,1685.0,CB,LEU,104.0,8.769,21.797,2.657,-0.18,2.175,0.0
ATOM,1686.0,CG,LEU,104.0,8.978,23.308,2.526,-0.09,2.275,0.0
ATOM,1687.0,CD1,LEU,104.0,7.753,24.055,3.067,-0.27,2.06,0.0
ATOM,1688.0,CD2,LEU,104.0,10.246,23.791,3.23,-0.27,2.06,10.72
ATOM,1689.0,H,LEU,104.0,9.417,21.583,0.003,0.31,0.2245,0.0
ATOM,1690.0,HA,LEU,104.0,10.705,21.274,2.543,0.09,1.32,0.0
ATOM,1691.0,HB2,LEU,104.0,7.923,21.574,2.189,0.09,1.32,0.0
ATOM,1692.0,HB3,LEU,104.0,8.702,21.59,3.624,0.09,1.32,0.0
ATOM,1693.0,HG,LEU,104.0,9.104,23.539,1.566,0.09,1.32,0.0
ATOM,1694.0,HD11,LEU,104.0,7.624,23.821,4.029,0.09,1.32,0.0
ATOM,1695.0,HD12,LEU,104.0,7.901,25.038,2.976,0.09,1.32,0.0
ATOM,1696.0,HD13,LEU,104.0,6.946,23.786,2.544,0.09,1.32,0.0
ATOM,1697.0,HD21,LEU,104.0,11.041,23.335,2.831,0.09,1.32,2.2
ATOM,1698.0,HD22,LEU,104.0,10.333,24.78,3.114,0.09,1.32,0.0
ATOM,1699.0,HD23,LEU,104.0,10.188,23.572,4.204,0.09,1.32,0.69
ATOM,1700.0,N,GLU,105.0,9.179,18.705,1.486,-0.47,1.85,0.0
ATOM,1701.0,CA,GLU,105.0,9.143,17.244,1.611,0.07,2.275,0.0
ATOM,1702.0,C,GLU,105.0,10.543,16.601,1.539,0.51,2.0,0.0
ATOM,1703.0,O,GLU,105.0,10.895,15.68,2.298,-0.51,1.7,0.0
ATOM,1704.0,CB,GLU,105.0,8.219,16.697,0.513,-0.18,2.175,0.15
ATOM,1705.0,CG,GLU,105.0,8.27,15.178,0.476,-0.28,2.175,0.89
ATOM,1706.0,CD,GLU,105.0,7.49,14.616,-0.715,0.62,2.0,0.7
ATOM,1707.0,OE1,GLU,105.0,7.296,13.399,-0.702,-0.76,1.7,34.76
ATOM,1708.0,OE2,GLU,105.0,6.828,15.383,-1.421,-0.76,1.7,11.83
ATOM,1709.0,H,GLU,105.0,8.825,19.211,0.654,0.31,0.2245,0.0
ATOM,1710.0,HA,GLU,105.0,8.709,16.99,2.49,0.09,1.32,0.0
ATOM,1711.0,HB2,GLU,105.0,7.312,16.961,0.732,0.09,1.32,1.09
ATOM,1712.0,HB3,GLU,105.0,8.542,17.028,-0.339,0.09,1.32,0.0
ATOM,1713.0,HG2,GLU,105.0,9.201,14.9,0.372,0.09,1.32,0.13
ATOM,1714.0,HG3,GLU,105.0,7.851,14.831,1.287,0.09,1.32,0.6
ATOM,1715.0,N,PHE,106.0,11.37,17.143,0.669,-0.47,1.85,0.0
ATOM,1716.0,CA,PHE,106.0,12.76,16.615,0.576,0.07,2.275,0.0
ATOM,1717.0,C,PHE,106.0,13.583,16.839,1.857,0.51,2.0,0.0
ATOM,1718.0,O,PHE,106.0,14.157,15.895,2.408,-0.51,1.7,1.07
ATOM,1719.0,CB,PHE,106.0,13.497,17.286,-0.596,-0.18,2.175,0.0
ATOM,1720.0,CG,PHE,106.0,12.933,17.051,-1.993,0.0,1.9924,0.0
ATOM,1721.0,CD1,PHE,106.0,13.248,17.939,-3.009,-0.115,1.9924,0.0
ATOM,1722.0,CD2,PHE,106.0,12.137,15.941,-2.261,-0.115,1.9924,0.69
ATOM,1723.0,CE1,PHE,106.0,12.726,17.743,-4.306,-0.115,1.9924,0.37
ATOM,1724.0,CE2,PHE,106.0,11.615,15.72,-3.56,-0.115,1.9924,2.32
ATOM,1725.0,CZ,PHE,106.0,11.903,16.635,-4.578,-0.115,1.9924,3.65
ATOM,1726.0,H,PHE,106.0,11.017,17.903,0.098,0.31,0.2245,0.0
ATOM,1727.0,HA,PHE,106.0,12.676,15.616,0.453,0.09,1.32,0.0
ATOM,1728.0,HB2,PHE,106.0,13.491,18.272,-0.434,0.09,1.32,0.0
ATOM,1729.0,HB3,PHE,106.0,14.438,16.951,-0.595,0.09,1.32,0.0
ATOM,1730.0,HD1,PHE,106.0,13.838,18.714,-2.843,0.115,1.3582,0.0
ATOM,1731.0,HD2,PHE,106.0,11.926,15.288,-1.54,0.115,1.3582,2.5
ATOM,1732.0,HE1,PHE,106.0,12.947,18.401,-5.029,0.115,1.3582,0.11
ATOM,1733.0,HE2,PHE,106.0,11.046,14.914,-3.733,0.115,1.3582,8.9
ATOM,1734.0,HZ,PHE,106.0,11.532,16.509,-5.491,0.115,1.3582,11.41
ATOM,1735.0,N,ILE,107.0,13.54,18.071,2.385,-0.47,1.85,0.0
ATOM,1736.0,CA,ILE,107.0,14.216,18.315,3.659,0.07,2.275,0.0
ATOM,1737.0,C,ILE,107.0,13.645,17.512,4.827,0.51,2.0,0.0
ATOM,1738.0,O,ILE,107.0,14.434,16.997,5.626,-0.51,1.7,0.0
ATOM,1739.0,CB,ILE,107.0,14.357,19.8,3.998,-0.09,2.275,0.0
ATOM,1740.0,CG1,ILE,107.0,15.529,20.043,4.958,-0.18,2.175,0.0
ATOM,1741.0,CG2,ILE,107.0,13.082,20.405,4.556,-0.27,2.06,5.65
ATOM,1742.0,CD1,ILE,107.0,15.756,21.536,5.153,-0.27,2.06,10.38
ATOM,1743.0,H,ILE,107.0,13.029,18.768,1.852,0.31,0.2245,0.0
ATOM,1744.0,HA,ILE,107.0,15.173,18.001,3.535,0.09,1.32,0.0
ATOM,1745.0,HB,ILE,107.0,14.548,20.297,3.154,0.09,1.32,0.8
ATOM,1746.0,HG12,ILE,107.0,15.317,19.634,5.826,0.09,1.32,0.0
ATOM,1747.0,HG13,ILE,107.0,16.341,19.647,4.567,0.09,1.32,0.0
ATOM,1748.0,HG21,ILE,107.0,13.203,21.39,4.677,0.09,1.32,1.69
ATOM,1749.0,HG22,ILE,107.0,12.327,20.24,3.922,0.09,1.32,0.0
ATOM,1750.0,HG23,ILE,107.0,12.87,19.987,5.439,0.09,1.32,0.75
ATOM,1751.0,HD11,ILE,107.0,14.93,21.945,5.534,0.09,1.32,3.55
ATOM,1752.0,HD12,ILE,107.0,16.521,21.671,5.779,0.09,1.32,0.03
ATOM,1753.0,HD13,ILE,107.0,15.963,21.953,4.271,0.09,1.32,2.76
ATOM,1754.0,N,SER,108.0,12.337,17.205,4.752,-0.47,1.85,0.0
ATOM,1755.0,CA,SER,108.0,11.735,16.315,5.762,0.07,2.275,0.0
ATOM,1756.0,C,SER,108.0,12.313,14.894,5.69,0.51,2.0,0.0
ATOM,1757.0,O,SER,108.0,12.624,14.29,6.72,-0.51,1.7,0.0
ATOM,1758.0,CB,SER,108.0,10.213,16.274,5.598,0.05,2.175,0.32
ATOM,1759.0,OG,SER,108.0,9.663,17.56,5.962,-0.66,1.77,0.45
ATOM,1760.0,H,SER,108.0,11.827,17.622,3.974,0.31,0.2245,0.0
ATOM,1761.0,HA,SER,108.0,11.952,16.69,6.672,0.09,1.32,0.0
ATOM,1762.0,HB2,SER,108.0,9.991,16.095,4.656,0.09,1.32,0.0
ATOM,1763.0,HB3,SER,108.0,9.839,15.592,6.202,0.09,1.32,0.0
ATOM,1764.0,HG,SER,108.0,9.784,18.187,5.199,0.43,0.2245,0.0
ATOM,1765.0,N,GLU,109.0,12.541,14.419,4.478,-0.47,1.85,0.0
ATOM,1766.0,CA,GLU,109.0,13.183,13.104,4.36,0.07,2.275,0.0
ATOM,1767.0,C,GLU,109.0,14.62,13.175,4.872,0.51,2.0,0.11
ATOM,1768.0,O,GLU,109.0,15.135,12.209,5.446,-0.51,1.7,2.57
ATOM,1769.0,CB,GLU,109.0,13.238,12.657,2.896,-0.18,2.175,9.35
ATOM,1770.0,CG,GLU,109.0,11.869,12.457,2.244,-0.28,2.175,5.57
ATOM,1771.0,CD,GLU,109.0,11.172,11.249,2.875,0.62,2.0,4.71
ATOM,1772.0,OE1,GLU,109.0,11.865,10.237,3.053,-0.76,1.7,33.95
ATOM,1773.0,OE2,GLU,109.0,10.057,11.398,3.4,-0.76,1.7,19.53
ATOM,1774.0,H,GLU,109.0,12.257,14.995,3.695,0.31,0.2245,0.0
ATOM,1775.0,HA,GLU,109.0,12.669,12.43,4.895,0.09,1.32,0.0
ATOM,1776.0,HB2,GLU,109.0,13.708,13.356,2.386,0.09,1.32,0.41
ATOM,1777.0,HB3,GLU,109.0,13.71,11.794,2.862,0.09,1.32,5.04
ATOM,1778.0,HG2,GLU,109.0,11.326,13.237,2.427,0.09,1.32,0.0
ATOM,1779.0,HG3,GLU,109.0,12.001,12.261,1.306,0.09,1.32,8.28
ATOM,1780.0,N,ALA,110.0,15.25,14.292,4.564,-0.47,1.85,0.36
ATOM,1781.0,CA,ALA,110.0,16.661,14.451,5.017,0.07,2.275,0.75
ATOM,1782.0,C,ALA,110.0,16.784,14.423,6.541,0.51,2.0,0.0
ATOM,1783.0,O,ALA,110.0,17.681,13.774,7.076,-0.51,1.7,0.0
ATOM,1784.0,CB,ALA,110.0,17.224,15.762,4.498,-0.27,2.06,0.93
ATOM,1785.0,H,ALA,110.0,14.744,14.987,4.035,0.31,0.2245,0.0
ATOM,1786.0,HA,ALA,110.0,17.199,13.69,4.632,0.09,1.32,0.0
ATOM,1787.0,HB1,ALA,110.0,18.224,15.728,4.513,0.09,1.32,0.0
ATOM,1788.0,HB2,ALA,110.0,16.912,15.914,3.56,0.09,1.32,0.57
ATOM,1789.0,HB3,ALA,110.0,16.91,16.515,5.077,0.09,1.32,0.0
ATOM,1790.0,N,ILE,111.0,15.864,15.093,7.207,-0.47,1.85,0.0
ATOM,1791.0,CA,ILE,111.0,15.864,15.115,8.689,0.07,2.275,0.0
ATOM,1792.0,C,ILE,111.0,15.735,13.714,9.303,0.51,2.0,0.0
ATOM,1793.0,O,ILE,111.0,16.531,13.305,10.173,-0.51,1.7,0.0
ATOM,1794.0,CB,ILE,111.0,14.741,16.051,9.152,-0.09,2.275,0.0
ATOM,1795.0,CG1,ILE,111.0,14.977,17.469,8.636,-0.18,2.175,0.0
ATOM,1796.0,CG2,ILE,111.0,14.561,16.03,10.668,-0.27,2.06,0.0
ATOM,1797.0,CD1,ILE,111.0,13.865,18.453,9.013,-0.27,2.06,2.45
ATOM,1798.0,H,ILE,111.0,15.162,15.588,6.638,0.31,0.2245,0.0
ATOM,1799.0,HA,ILE,111.0,16.769,15.466,8.959,0.09,1.32,0.0
ATOM,1800.0,HB,ILE,111.0,13.885,15.721,8.766,0.09,1.32,0.0
ATOM,1801.0,HG12,ILE,111.0,15.837,17.807,9.007,0.09,1.32,0.0
ATOM,1802.0,HG13,ILE,111.0,15.042,17.439,7.641,0.09,1.32,0.0
ATOM,1803.0,HG21,ILE,111.0,13.775,16.592,10.916,0.09,1.32,0.07
ATOM,1804.0,HG22,ILE,111.0,14.409,15.091,10.971,0.09,1.32,0.0
ATOM,1805.0,HG23,ILE,111.0,15.382,16.393,11.104,0.09,1.32,0.12
ATOM,1806.0,HD11,ILE,111.0,13.799,18.499,10.006,0.09,1.32,0.0
ATOM,1807.0,HD12,ILE,111.0,14.09,19.35,8.643,0.09,1.32,1.38
ATOM,1808.0,HD13,ILE,111.0,13.005,18.13,8.628,0.09,1.32,0.0
ATOM,1809.0,N,ILE,112.0,14.843,12.951,8.698,-0.47,1.85,0.0
ATOM,1810.0,CA,ILE,112.0,14.559,11.604,9.209,0.07,2.275,0.0
ATOM,1811.0,C,ILE,112.0,15.712,10.653,8.961,0.51,2.0,0.0
ATOM,1812.0,O,ILE,112.0,16.146,9.957,9.885,-0.51,1.7,0.0
ATOM,1813.0,CB,ILE,112.0,13.266,11.049,8.606,-0.09,2.275,0.0
ATOM,1814.0,CG1,ILE,112.0,12.036,11.683,9.26,-0.18,2.175,0.0
ATOM,1815.0,CG2,ILE,112.0,13.178,9.523,8.625,-0.27,2.06,9.64
ATOM,1816.0,CD1,ILE,112.0,10.84,11.506,8.348,-0.27,2.06,1.53
ATOM,1817.0,H,ILE,112.0,14.383,13.358,7.875,0.31,0.2245,0.0
ATOM,1818.0,HA,ILE,112.0,14.468,11.701,10.208,0.09,1.32,0.0
ATOM,1819.0,HB,ILE,112.0,13.251,11.281,7.636,0.09,1.32,0.0
ATOM,1820.0,HG12,ILE,112.0,11.864,11.232,10.112,0.09,1.32,0.0
ATOM,1821.0,HG13,ILE,112.0,12.206,12.641,9.382,0.09,1.32,0.0
ATOM,1822.0,HG21,ILE,112.0,12.365,9.233,8.125,0.09,1.32,2.67
ATOM,1823.0,HG22,ILE,112.0,13.991,9.14,8.193,0.09,1.32,2.5
ATOM,1824.0,HG23,ILE,112.0,13.12,9.207,9.569,0.09,1.32,0.0
ATOM,1825.0,HD11,ILE,112.0,10.678,10.532,8.201,0.09,1.32,2.5
ATOM,1826.0,HD12,ILE,112.0,10.036,11.919,8.773,0.09,1.32,0.0
ATOM,1827.0,HD13,ILE,112.0,11.023,11.951,7.473,0.09,1.32,0.0
ATOM,1828.0,N,HIS,113.0,16.253,10.772,7.77,-0.47,1.85,0.24
ATOM,1829.0,CA,HIS,113.0,17.463,9.988,7.534,0.07,2.275,1.68
ATOM,1830.0,C,HIS,113.0,18.579,10.236,8.551,0.51,2.0,0.0
ATOM,1831.0,O,HIS,113.0,19.126,9.322,9.182,-0.51,1.7,0.21
ATOM,1832.0,CB,HIS,113.0,17.977,10.464,6.206,-0.09,2.175,0.51
ATOM,1833.0,CG,HIS,113.0,19.147,9.607,5.787,-0.05,1.8,0.0
ATOM,1834.0,H,HIS,113.0,15.813,11.381,7.108,0.31,0.2245,0.0
ATOM,1835.0,HA,HIS,113.0,17.215,9.0,7.575,0.09,1.32,4.68
ATOM,1836.0,HB2,HIS,113.0,17.274,10.378,5.515,0.09,1.32,2.52
ATOM,1837.0,HB3,HIS,113.0,18.295,11.398,6.278,0.09,1.32,0.0
ATOM,1838.0,ND1,HIS,113.0,19.017,8.572,4.977,-0.36,1.85,3.47
ATOM,1839.0,CD2,HIS,113.0,20.473,9.696,6.189,0.22,1.8,2.57
ATOM,1840.0,CE1,HIS,113.0,20.233,8.004,4.854,0.25,1.8,15.81
ATOM,1841.0,NE2,HIS,113.0,21.13,8.703,5.601,-0.7,1.85,16.14
ATOM,1842.0,HD1,HIS,113.0,18.199,8.239,4.522,0.32,0.2245,13.35
ATOM,1843.0,HD2,HIS,113.0,20.825,10.395,6.81,0.1,1.468,0.43
ATOM,1844.0,HE1,HIS,113.0,20.447,7.207,4.311,0.13,0.9,13.76
ATOM,1845.0,N,VAL,114.0,18.896,11.498,8.713,-0.47,1.85,0.0
ATOM,1846.0,CA,VAL,114.0,19.982,11.871,9.655,0.07,2.275,0.0
ATOM,1847.0,C,VAL,114.0,19.631,11.479,11.103,0.51,2.0,0.0
ATOM,1848.0,O,VAL,114.0,20.505,11.058,11.888,-0.51,1.7,0.0
ATOM,1849.0,CB,VAL,114.0,20.39,13.378,9.457,-0.09,2.275,0.0
ATOM,1850.0,CG1,VAL,114.0,21.306,13.987,10.546,-0.27,2.06,0.34
ATOM,1851.0,CG2,VAL,114.0,20.946,13.629,8.055,-0.27,2.06,2.31
ATOM,1852.0,H,VAL,114.0,18.366,12.183,8.169,0.31,0.2245,0.0
ATOM,1853.0,HA,VAL,114.0,20.806,11.363,9.388,0.09,1.32,0.1
ATOM,1854.0,HB,VAL,114.0,19.535,13.919,9.463,0.09,1.32,0.0
ATOM,1855.0,HG11,VAL,114.0,21.105,14.959,10.628,0.09,1.32,0.0
ATOM,1856.0,HG12,VAL,114.0,21.127,13.526,11.41,0.09,1.32,0.0
ATOM,1857.0,HG13,VAL,114.0,22.256,13.855,10.277,0.09,1.32,0.33
ATOM,1858.0,HG21,VAL,114.0,21.451,12.822,7.755,0.09,1.32,3.7
ATOM,1859.0,HG22,VAL,114.0,20.188,13.806,7.43,0.09,1.32,0.0
ATOM,1860.0,HG23,VAL,114.0,21.555,14.42,8.082,0.09,1.32,0.0
ATOM,1861.0,N,LEU,115.0,18.346,11.576,11.453,-0.47,1.85,0.0
ATOM,1862.0,CA,LEU,115.0,18.032,11.212,12.859,0.07,2.275,0.0
ATOM,1863.0,C,LEU,115.0,18.159,9.704,13.041,0.51,2.0,0.0
ATOM,1864.0,O,LEU,115.0,18.436,9.192,14.13,-0.51,1.7,0.0
ATOM,1865.0,CB,LEU,115.0,16.617,11.609,13.25,-0.18,2.175,0.0
ATOM,1866.0,CG,LEU,115.0,16.385,13.109,13.372,-0.09,2.275,0.0
ATOM,1867.0,CD1,LEU,115.0,15.02,13.405,13.979,-0.27,2.06,0.0
ATOM,1868.0,CD2,LEU,115.0,17.479,13.77,14.174,-0.27,2.06,0.0
ATOM,1869.0,H,LEU,115.0,17.692,11.877,10.773,0.31,0.2245,0.0
ATOM,1870.0,HA,LEU,115.0,18.696,11.666,13.451,0.09,1.32,0.0
ATOM,1871.0,HB2,LEU,115.0,15.998,11.267,12.554,0.09,1.32,0.0
ATOM,1872.0,HB3,LEU,115.0,16.415,11.203,14.131,0.09,1.32,0.0
ATOM,1873.0,HG,LEU,115.0,16.438,13.525,12.461,0.09,1.32,0.0
ATOM,1874.0,HD11,LEU,115.0,14.965,12.998,14.891,0.09,1.32,0.0
ATOM,1875.0,HD12,LEU,115.0,14.893,14.395,14.048,0.09,1.32,0.0
ATOM,1876.0,HD13,LEU,115.0,14.305,13.017,13.397,0.09,1.32,0.0
ATOM,1877.0,HD21,LEU,115.0,18.365,13.623,13.728,0.09,1.32,0.0
ATOM,1878.0,HD22,LEU,115.0,17.305,14.755,14.241,0.09,1.32,0.37
ATOM,1879.0,HD23,LEU,115.0,17.509,13.379,15.097,0.09,1.32,0.0
ATOM,1880.0,N,HIS,116.0,18.011,9.002,11.943,-0.47,1.85,0.0
ATOM,1881.0,CA,HIS,116.0,18.194,7.557,12.129,0.07,2.275,0.0
ATOM,1882.0,C,HIS,116.0,19.678,7.195,12.266,0.51,2.0,0.0
ATOM,1883.0,O,HIS,116.0,20.051,6.314,13.06,-0.51,1.7,1.89
ATOM,1884.0,CB,HIS,116.0,17.563,6.843,10.945,-0.09,2.175,4.26
ATOM,1885.0,CG,HIS,116.0,17.663,5.324,10.94,-0.05,1.8,0.73
ATOM,1886.0,H,HIS,116.0,17.796,9.46,11.096,0.31,0.2245,0.0
ATOM,1887.0,HA,HIS,116.0,17.725,7.285,12.977,0.09,1.32,0.0
ATOM,1888.0,HB2,HIS,116.0,16.576,7.08,10.895,0.09,1.32,0.5
ATOM,1889.0,HB3,HIS,116.0,17.99,7.175,10.085,0.09,1.32,0.23
ATOM,1890.0,ND1,HIS,116.0,16.981,4.5,11.797,-0.36,1.85,1.38
ATOM,1891.0,CD2,HIS,116.0,18.412,4.53,10.095,0.22,1.8,17.63
ATOM,1892.0,CE1,HIS,116.0,17.311,3.21,11.488,0.25,1.8,19.65
ATOM,1893.0,NE2,HIS,116.0,18.198,3.223,10.44,-0.7,1.85,31.8
ATOM,1894.0,HD1,HIS,116.0,16.36,4.763,12.512,0.32,0.2245,0.06
ATOM,1895.0,HD2,HIS,116.0,19.003,4.866,9.365,0.1,1.468,11.92
ATOM,1896.0,HE1,HIS,116.0,16.975,2.408,11.937,0.13,0.9,17.14
ATOM,1897.0,N,SER,117.0,20.482,7.886,11.467,-0.47,1.85,0.0
ATOM,1898.0,CA,SER,117.0,21.929,7.653,11.489,0.07,2.275,1.17
ATOM,1899.0,C,SER,117.0,22.499,7.918,12.869,0.51,2.0,0.0
ATOM,1900.0,O,SER,117.0,23.57,7.409,13.19,-0.51,1.7,23.46
ATOM,1901.0,CB,SER,117.0,22.693,8.555,10.514,0.05,2.175,13.81
ATOM,1902.0,OG,SER,117.0,22.42,8.187,9.161,-0.66,1.77,17.58
ATOM,1903.0,H,SER,117.0,20.021,8.572,10.855,0.31,0.2245,0.0
ATOM,1904.0,HA,SER,117.0,22.088,6.685,11.264,0.09,1.32,8.88
ATOM,1905.0,HB2,SER,117.0,22.407,9.496,10.654,0.09,1.32,0.0
ATOM,1906.0,HB3,SER,117.0,23.667,8.457,10.681,0.09,1.32,8.0
ATOM,1907.0,HG,SER,117.0,21.482,8.441,8.935,0.43,0.2245,0.3
ATOM,1908.0,N,ARG,118.0,22.009,8.982,13.478,-0.47,1.85,0.0
ATOM,1909.0,CA,ARG,118.0,22.766,9.478,14.627,0.07,2.275,1.47
ATOM,1910.0,C,ARG,118.0,22.15,8.935,15.904,0.51,2.0,0.07
ATOM,1911.0,O,ARG,118.0,22.695,9.042,17.002,-0.51,1.7,19.01
ATOM,1912.0,CB,ARG,118.0,22.872,11.014,14.611,-0.18,2.175,1.18
ATOM,1913.0,CG,ARG,118.0,23.771,11.473,13.46,-0.18,2.175,4.58
ATOM,1914.0,CD,ARG,118.0,24.02,12.966,13.366,0.2,2.175,1.19
ATOM,1915.0,NE,ARG,118.0,24.66,13.475,14.613,-0.7,1.85,3.26
ATOM,1916.0,CZ,ARG,118.0,25.585,14.461,14.668,0.64,2.0,3.21
ATOM,1917.0,NH1,ARG,118.0,26.13,14.983,13.572,-0.8,1.85,11.51
ATOM,1918.0,NH2,ARG,118.0,25.791,15.1,15.815,-0.8,1.85,11.74
ATOM,1919.0,H,ARG,118.0,21.161,9.379,13.121,0.31,0.2245,0.0
ATOM,1920.0,HA,ARG,118.0,23.709,9.151,14.557,0.09,1.32,4.41
ATOM,1921.0,HB2,ARG,118.0,21.978,11.384,14.468,0.09,1.32,0.0
ATOM,1922.0,HB3,ARG,118.0,23.278,11.305,15.452,0.09,1.32,0.96
ATOM,1923.0,HG2,ARG,118.0,24.67,11.009,13.543,0.09,1.32,9.94
ATOM,1924.0,HG3,ARG,118.0,23.359,11.169,12.583,0.09,1.32,0.0
ATOM,1925.0,HD2,ARG,118.0,24.628,13.141,12.607,0.09,1.32,0.0
ATOM,1926.0,HD3,ARG,118.0,23.153,13.426,13.247,0.09,1.32,0.0
ATOM,1927.0,HE,ARG,118.0,24.381,13.051,15.48,0.44,0.2245,3.45
ATOM,1928.0,HH11,ARG,118.0,25.834,14.651,12.674,0.46,0.2245,0.0
ATOM,1929.0,HH12,ARG,118.0,26.821,15.695,13.645,0.46,0.2245,6.76
ATOM,1930.0,HH21,ARG,118.0,25.248,14.861,16.622,0.46,0.2245,5.77
ATOM,1931.0,HH22,ARG,118.0,26.484,15.817,15.872,0.46,0.2245,0.64
ATOM,1932.0,N,HIS,119.0,20.951,8.423,15.761,-0.47,1.85,0.0
ATOM,1933.0,CA,HIS,119.0,20.287,7.958,16.979,0.07,2.275,0.0
ATOM,1934.0,C,HIS,119.0,19.441,6.697,16.81,0.51,2.0,0.0
ATOM,1935.0,O,HIS,119.0,18.276,6.748,17.191,-0.51,1.7,0.0
ATOM,1936.0,CB,HIS,119.0,19.331,9.059,17.452,-0.09,2.175,0.0
ATOM,1937.0,CG,HIS,119.0,19.997,10.411,17.604,-0.05,1.8,0.0
ATOM,1938.0,H,HIS,119.0,20.562,8.38,14.835,0.31,0.2245,0.0
ATOM,1939.0,HA,HIS,119.0,21.008,7.762,17.677,0.09,1.32,1.51
ATOM,1940.0,HB2,HIS,119.0,18.584,9.155,16.79,0.09,1.32,0.0
ATOM,1941.0,HB3,HIS,119.0,18.947,8.802,18.342,0.09,1.32,0.0
ATOM,1942.0,ND1,HIS,119.0,20.615,10.794,18.732,-0.36,1.85,0.8
ATOM,1943.0,CD2,HIS,119.0,20.16,11.398,16.671,0.22,1.8,0.0
ATOM,1944.0,CE1,HIS,119.0,21.137,12.013,18.523,0.25,1.8,7.93
ATOM,1945.0,NE2,HIS,119.0,20.851,12.374,17.267,-0.7,1.85,0.0
ATOM,1946.0,HD1,HIS,119.0,20.69,10.287,19.584,0.32,0.2245,7.65
ATOM,1947.0,HD2,HIS,119.0,19.818,11.369,15.735,0.1,1.468,0.0
ATOM,1948.0,HE1,HIS,119.0,21.641,12.547,19.18,0.13,0.9,7.42
ATOM,1949.0,N,PRO,120.0,20.031,5.61,16.387,-0.29,1.85,0.0
ATOM,1950.0,CA,PRO,120.0,19.371,4.311,16.206,0.02,2.275,0.29
ATOM,1951.0,C,PRO,120.0,18.527,3.812,17.393,0.51,2.0,0.0
ATOM,1952.0,O,PRO,120.0,17.355,3.441,17.211,-0.51,1.7,8.92
ATOM,1953.0,CB,PRO,120.0,20.511,3.322,15.948,-0.18,2.175,16.72
ATOM,1954.0,CG,PRO,120.0,21.728,3.969,16.573,-0.18,2.175,21.83
ATOM,1955.0,CD,PRO,120.0,21.502,5.447,16.355,0.0,2.175,5.64
ATOM,1956.0,HA,PRO,120.0,18.8,4.319,15.351,0.09,1.32,0.0
ATOM,1957.0,HB2,PRO,120.0,20.323,2.439,16.381,0.09,1.32,7.23
ATOM,1958.0,HB3,PRO,120.0,20.652,3.186,14.967,0.09,1.32,7.02
ATOM,1959.0,HG2,PRO,120.0,21.773,3.752,17.544,0.09,1.32,5.79
ATOM,1960.0,HG3,PRO,120.0,22.556,3.661,16.113,0.09,1.32,11.55
ATOM,1961.0,HD2,PRO,120.0,21.929,5.993,17.081,0.09,1.32,3.74
ATOM,1962.0,HD3,PRO,120.0,21.868,5.746,15.468,0.09,1.32,0.17
ATOM,1963.0,N,GLY,121.0,19.141,3.599,18.539,-0.47,1.85,0.0
ATOM,1964.0,CA,GLY,121.0,18.559,2.741,19.591,-0.02,2.175,22.13
ATOM,1965.0,C,GLY,121.0,17.447,3.533,20.238,0.51,2.0,2.52
ATOM,1966.0,O,GLY,121.0,16.976,3.311,21.353,-0.51,1.7,29.67
ATOM,1967.0,H,GLY,121.0,20.058,4.075,18.649,0.31,0.2245,1.07
ATOM,1968.0,HA2,GLY,121.0,18.197,1.919,19.176,0.09,1.32,9.66
ATOM,1969.0,HA3,GLY,121.0,19.258,2.525,20.258,0.09,1.32,10.44
ATOM,1970.0,N,ASP,122.0,17.415,4.686,19.673,-0.47,1.85,0.0
ATOM,1971.0,CA,ASP,122.0,16.712,5.808,20.21,0.07,2.275,1.79
ATOM,1972.0,C,ASP,122.0,15.677,6.29,19.17,0.51,2.0,0.19
ATOM,1973.0,O,ASP,122.0,14.742,7.042,19.445,-0.51,1.7,8.2
ATOM,1974.0,CB,ASP,122.0,17.919,6.745,20.472,-0.28,2.175,0.0
ATOM,1975.0,CG,ASP,122.0,18.83,6.197,21.614,0.62,2.0,0.0
ATOM,1976.0,OD1,ASP,122.0,18.251,5.736,22.611,-0.76,1.7,22.34
ATOM,1977.0,OD2,ASP,122.0,20.068,6.04,21.451,-0.76,1.7,31.56
ATOM,1978.0,H,ASP,122.0,17.959,4.743,18.762,0.31,0.2245,0.0
ATOM,1979.0,HA,ASP,122.0,16.186,5.502,21.004,0.09,1.32,6.11
ATOM,1980.0,HB2,ASP,122.0,18.455,6.794,19.651,0.09,1.32,0.0
ATOM,1981.0,HB3,ASP,122.0,17.575,7.621,20.75,0.09,1.32,0.0
ATOM,1982.0,N,PHE,123.0,15.813,5.836,17.945,-0.47,1.85,0.0
ATOM,1983.0,CA,PHE,123.0,14.875,6.342,16.924,0.07,2.275,0.0
ATOM,1984.0,C,PHE,123.0,14.262,5.137,16.212,0.51,2.0,0.0
ATOM,1985.0,O,PHE,123.0,14.649,4.763,15.097,-0.51,1.7,2.72
ATOM,1986.0,CB,PHE,123.0,15.574,7.331,15.958,-0.18,2.175,0.0
ATOM,1987.0,CG,PHE,123.0,14.747,8.171,14.992,0.0,1.9924,0.0
ATOM,1988.0,CD1,PHE,123.0,13.854,9.096,15.494,-0.115,1.9924,0.0
ATOM,1989.0,CD2,PHE,123.0,14.853,8.001,13.62,-0.115,1.9924,0.06
ATOM,1990.0,CE1,PHE,123.0,13.067,9.883,14.64,-0.115,1.9924,0.0
ATOM,1991.0,CE2,PHE,123.0,14.071,8.786,12.738,-0.115,1.9924,0.0
ATOM,1992.0,CZ,PHE,123.0,13.174,9.737,13.251,-0.115,1.9924,0.0
ATOM,1993.0,H,PHE,123.0,16.548,5.169,17.767,0.31,0.2245,0.0
ATOM,1994.0,HA,PHE,123.0,14.139,6.796,17.412,0.09,1.32,0.0
ATOM,1995.0,HB2,PHE,123.0,16.113,7.972,16.527,0.09,1.32,0.0
ATOM,1996.0,HB3,PHE,123.0,16.228,6.793,15.403,0.09,1.32,0.0
ATOM,1997.0,HD1,PHE,123.0,13.757,9.219,16.48,0.115,1.3582,0.0
ATOM,1998.0,HD2,PHE,123.0,15.478,7.328,13.24,0.115,1.3582,0.0
ATOM,1999.0,HE1,PHE,123.0,12.427,10.549,15.033,0.115,1.3582,0.0
ATOM,2000.0,HE2,PHE,123.0,14.165,8.653,11.745,0.115,1.3582,0.0
ATOM,2001.0,HZ,PHE,123.0,12.628,10.294,12.646,0.115,1.3582,0.0
ATOM,2002.0,N,GLY,124.0,13.529,4.358,16.987,-0.47,1.85,0.36
ATOM,2003.0,CA,GLY,124.0,12.887,3.116,16.489,-0.02,2.175,12.83
ATOM,2004.0,C,GLY,124.0,11.692,3.451,15.577,0.51,2.0,0.21
ATOM,2005.0,O,GLY,124.0,11.519,4.639,15.269,-0.51,1.7,0.0
ATOM,2006.0,H,GLY,124.0,13.433,4.676,17.973,0.31,0.2245,5.32
ATOM,2007.0,HA2,GLY,124.0,13.559,2.584,15.972,0.09,1.32,8.56
ATOM,2008.0,HA3,GLY,124.0,12.567,2.576,17.269,0.09,1.32,8.06
ATOM,2009.0,N,ALA,125.0,11.021,2.419,15.002,-0.47,1.85,3.67
ATOM,2010.0,CA,ALA,125.0,9.92,2.629,13.982,0.07,2.275,1.7
ATOM,2011.0,C,ALA,125.0,8.798,3.549,14.48,0.51,2.0,0.55
ATOM,2012.0,O,ALA,125.0,8.345,4.453,13.769,-0.51,1.7,6.67
ATOM,2013.0,CB,ALA,125.0,9.28,1.298,13.624,-0.27,2.06,38.93
ATOM,2014.0,H,ALA,125.0,11.317,1.482,15.311,0.31,0.2245,11.49
ATOM,2015.0,HA,ALA,125.0,10.344,3.039,13.162,0.09,1.32,0.0
ATOM,2016.0,HB1,ALA,125.0,8.721,1.405,12.802,0.09,1.32,10.94
ATOM,2017.0,HB2,ALA,125.0,9.993,0.618,13.454,0.09,1.32,10.19
ATOM,2018.0,HB3,ALA,125.0,8.702,0.99,14.38,0.09,1.32,7.05
ATOM,2019.0,N,ASP,126.0,8.496,3.393,15.771,-0.47,1.85,0.51
ATOM,2020.0,CA,ASP,126.0,7.524,4.244,16.449,0.07,2.275,2.49
ATOM,2021.0,C,ASP,126.0,7.89,5.736,16.522,0.51,2.0,0.0
ATOM,2022.0,O,ASP,126.0,7.055,6.606,16.235,-0.51,1.7,3.6
ATOM,2023.0,CB,ASP,126.0,7.215,3.693,17.826,-0.28,2.175,19.23
ATOM,2024.0,CG,ASP,126.0,8.479,3.677,18.687,0.62,2.0,1.97
ATOM,2025.0,OD1,ASP,126.0,8.306,3.485,19.88,-0.76,1.7,32.32
ATOM,2026.0,OD2,ASP,126.0,9.615,3.691,18.195,-0.76,1.7,8.62
ATOM,2027.0,H,ASP,126.0,9.009,2.621,16.244,0.31,0.2245,2.69
ATOM,2028.0,HA,ASP,126.0,6.651,4.185,15.92,0.09,1.32,9.07
ATOM,2029.0,HB2,ASP,126.0,6.552,4.277,18.259,0.09,1.32,2.7
ATOM,2030.0,HB3,ASP,126.0,6.891,2.769,17.733,0.09,1.32,10.61
ATOM,2031.0,N,ALA,127.0,9.147,6.001,16.827,-0.47,1.85,0.0
ATOM,2032.0,CA,ALA,127.0,9.631,7.402,16.856,0.07,2.275,0.0
ATOM,2033.0,C,ALA,127.0,9.773,7.927,15.44,0.51,2.0,0.0
ATOM,2034.0,O,ALA,127.0,9.568,9.114,15.196,-0.51,1.7,0.15
ATOM,2035.0,CB,ALA,127.0,11.023,7.472,17.439,-0.27,2.06,4.33
ATOM,2036.0,H,ALA,127.0,9.745,5.194,17.036,0.31,0.2245,0.0
ATOM,2037.0,HA,ALA,127.0,8.956,7.955,17.347,0.09,1.32,0.0
ATOM,2038.0,HB1,ALA,127.0,11.061,8.182,18.145,0.09,1.32,0.79
ATOM,2039.0,HB2,ALA,127.0,11.265,6.59,17.848,0.09,1.32,0.59
ATOM,2040.0,HB3,ALA,127.0,11.683,7.691,16.718,0.09,1.32,0.0
ATOM,2041.0,N,GLN,128.0,10.055,7.008,14.534,-0.47,1.85,0.0
ATOM,2042.0,CA,GLN,128.0,10.106,7.397,13.13,0.07,2.275,0.0
ATOM,2043.0,C,GLN,128.0,8.716,7.798,12.615,0.51,2.0,0.0
ATOM,2044.0,O,GLN,128.0,8.545,8.812,11.916,-0.51,1.7,0.0
ATOM,2045.0,CB,GLN,128.0,10.682,6.23,12.33,-0.18,2.175,0.06
ATOM,2046.0,CG,GLN,128.0,10.997,6.589,10.873,-0.18,2.175,1.89
ATOM,2047.0,CD,GLN,128.0,11.549,5.379,10.094,0.55,2.0,2.83
ATOM,2048.0,H,GLN,128.0,10.223,6.063,14.88,0.31,0.2245,0.0
ATOM,2049.0,HA,GLN,128.0,10.702,8.204,13.049,0.09,1.32,0.0
ATOM,2050.0,HB2,GLN,128.0,11.53,5.928,12.76,0.09,1.32,0.0
ATOM,2051.0,HB3,GLN,128.0,10.021,5.482,12.324,0.09,1.32,0.88
ATOM,2052.0,HG2,GLN,128.0,10.163,6.89,10.429,0.09,1.32,2.82
ATOM,2053.0,HG3,GLN,128.0,11.682,7.306,10.86,0.09,1.32,0.0
ATOM,2054.0,OE1,GLN,128.0,11.87,4.337,10.682,-0.55,1.7,19.85
ATOM,2055.0,NE2,GLN,128.0,11.414,5.444,8.771,-0.62,1.85,22.8
ATOM,2056.0,HE21,GLN,128.0,11.767,4.689,8.187,0.32,0.2245,21.7
ATOM,2057.0,HE22,GLN,128.0,10.958,6.25,8.361,0.3,0.2245,11.15
ATOM,2058.0,N,GLY,129.0,7.723,7.052,13.061,-0.47,1.85,0.16
ATOM,2059.0,CA,GLY,129.0,6.331,7.358,12.636,-0.02,2.175,17.01
ATOM,2060.0,C,GLY,129.0,5.763,8.661,13.2,0.51,2.0,1.9
ATOM,2061.0,O,GLY,129.0,5.033,9.386,12.511,-0.51,1.7,3.54
ATOM,2062.0,H,GLY,129.0,7.965,6.287,13.688,0.31,0.2245,0.0
ATOM,2063.0,HA2,GLY,129.0,6.305,7.392,11.618,0.09,1.32,6.1
ATOM,2064.0,HA3,GLY,129.0,5.732,6.582,12.913,0.09,1.32,9.69
ATOM,2065.0,N,ALA,130.0,6.058,8.91,14.469,-0.47,1.85,2.59
ATOM,2066.0,CA,ALA,130.0,5.686,10.178,15.147,0.07,2.275,0.53
ATOM,2067.0,C,ALA,130.0,6.329,11.413,14.495,0.51,2.0,0.0
ATOM,2068.0,O,ALA,130.0,5.649,12.421,14.264,-0.51,1.7,0.0
ATOM,2069.0,CB,ALA,130.0,6.042,10.124,16.636,-0.27,2.06,0.17
ATOM,2070.0,H,ALA,130.0,6.572,8.148,14.959,0.31,0.2245,0.0
ATOM,2071.0,HA,ALA,130.0,4.681,10.277,15.101,0.09,1.32,0.0
ATOM,2072.0,HB1,ALA,130.0,5.419,10.715,17.145,0.09,1.32,0.0
ATOM,2073.0,HB2,ALA,130.0,5.955,9.185,16.961,0.09,1.32,0.15
ATOM,2074.0,HB3,ALA,130.0,6.981,10.438,16.762,0.09,1.32,0.0
ATOM,2075.0,N,MET,131.0,7.62,11.28,14.174,-0.47,1.85,0.0
ATOM,2076.0,CA,MET,131.0,8.394,12.381,13.54,0.07,2.275,0.0
ATOM,2077.0,C,MET,131.0,7.935,12.732,12.122,0.51,2.0,0.0
ATOM,2078.0,O,MET,131.0,7.747,13.901,11.759,-0.51,1.7,0.0
ATOM,2079.0,CB,MET,131.0,9.875,12.04,13.529,-0.18,2.175,0.0
ATOM,2080.0,CG,MET,131.0,10.64,13.186,12.895,-0.14,2.175,0.0
ATOM,2081.0,SD,MET,131.0,10.729,14.613,14.005,-0.09,2.0,0.2
ATOM,2082.0,CE,MET,131.0,11.806,13.993,15.305,-0.22,2.06,0.0
ATOM,2083.0,H,MET,131.0,8.036,10.36,14.399,0.31,0.2245,0.0
ATOM,2084.0,HA,MET,131.0,8.279,13.205,14.122,0.09,1.32,0.0
ATOM,2085.0,HB2,MET,131.0,10.193,11.92,14.458,0.09,1.32,0.0
ATOM,2086.0,HB3,MET,131.0,10.022,11.223,12.991,0.09,1.32,0.0
ATOM,2087.0,HG2,MET,131.0,11.575,12.863,12.652,0.09,1.32,0.0
ATOM,2088.0,HG3,MET,131.0,10.186,13.442,12.019,0.09,1.32,0.0
ATOM,2089.0,HE1,MET,131.0,12.7,14.436,15.235,0.09,1.32,0.0
ATOM,2090.0,HE2,MET,131.0,11.401,14.196,16.197,0.09,1.32,0.0
ATOM,2091.0,HE3,MET,131.0,11.914,13.004,15.204,0.09,1.32,0.0
ATOM,2092.0,N,ASN,132.0,7.554,11.696,11.43,-0.47,1.85,0.0
ATOM,2093.0,CA,ASN,132.0,6.988,11.884,10.091,0.07,2.275,0.0
ATOM,2094.0,C,ASN,132.0,5.586,12.498,10.075,0.51,2.0,0.0
ATOM,2095.0,O,ASN,132.0,5.393,13.477,9.339,-0.51,1.7,0.0
ATOM,2096.0,CB,ASN,132.0,7.004,10.553,9.368,-0.18,2.175,6.42
ATOM,2097.0,CG,ASN,132.0,6.585,10.78,7.911,0.55,2.0,3.96
ATOM,2098.0,H,ASN,132.0,7.673,10.776,11.871,0.31,0.2245,0.0
ATOM,2099.0,HA,ASN,132.0,7.599,12.534,9.6,0.09,1.32,0.0
ATOM,2100.0,HB2,ASN,132.0,7.915,10.192,9.372,0.09,1.32,0.18
ATOM,2101.0,HB3,ASN,132.0,6.353,9.95,9.784,0.09,1.32,0.33
ATOM,2102.0,OD1,ASN,132.0,7.327,11.339,7.09,-0.55,1.7,6.97
ATOM,2103.0,ND2,ASN,132.0,5.304,10.595,7.727,-0.62,1.85,13.4
ATOM,2104.0,HD22,ASN,132.0,4.666,10.343,8.441,0.3,0.2245,6.28
ATOM,2105.0,HD21,ASN,132.0,4.918,10.717,6.779,0.32,0.2245,6.63
ATOM,2106.0,N,LYS,133.0,4.759,12.127,11.063,-0.47,1.85,0.0
ATOM,2107.0,CA,LYS,133.0,3.492,12.865,11.33,0.07,2.275,0.32
ATOM,2108.0,C,LYS,133.0,3.707,14.333,11.709,0.51,2.0,0.0
ATOM,2109.0,O,LYS,133.0,2.884,15.189,11.381,-0.51,1.7,2.62
ATOM,2110.0,CB,LYS,133.0,2.759,12.305,12.543,-0.18,2.175,0.21
ATOM,2111.0,CG,LYS,133.0,1.767,11.199,12.234,-0.18,2.175,7.29
ATOM,2112.0,CD,LYS,133.0,0.879,10.989,13.467,-0.18,2.175,1.7
ATOM,2113.0,CE,LYS,133.0,-0.453,10.327,13.16,0.21,2.175,17.12
ATOM,2114.0,NZ,LYS,133.0,-1.27,10.262,14.406,-0.3,1.85,6.18
ATOM,2115.0,H,LYS,133.0,5.061,11.311,11.61,0.31,0.2245,0.0
ATOM,2116.0,HA,LYS,133.0,2.923,12.823,10.491,0.09,1.32,0.12
ATOM,2117.0,HB2,LYS,133.0,3.441,11.944,13.183,0.09,1.32,0.0
ATOM,2118.0,HB3,LYS,133.0,2.264,13.057,12.984,0.09,1.32,0.0
ATOM,2119.0,HG2,LYS,133.0,1.196,11.469,11.476,0.09,1.32,4.65
ATOM,2120.0,HG3,LYS,133.0,2.252,10.361,12.047,0.09,1.32,3.54
ATOM,2121.0,HD2,LYS,133.0,1.379,10.416,14.122,0.09,1.32,0.42
ATOM,2122.0,HD3,LYS,133.0,0.703,11.884,13.886,0.09,1.32,0.0
ATOM,2123.0,HE2,LYS,133.0,-0.936,10.865,12.479,0.05,1.32,10.18
ATOM,2124.0,HE3,LYS,133.0,-0.291,9.406,12.826,0.05,1.32,10.97
ATOM,2125.0,HZ1,LYS,133.0,-1.971,10.973,14.379,0.33,0.2245,5.5
ATOM,2126.0,HZ2,LYS,133.0,-1.704,9.365,14.469,0.33,0.2245,16.97
ATOM,2127.0,HZ3,LYS,133.0,-0.677,10.405,15.197,0.33,0.2245,0.0
ATOM,2128.0,N,ALA,134.0,4.707,14.582,12.536,-0.47,1.85,0.0
ATOM,2129.0,CA,ALA,134.0,4.962,15.988,12.946,0.07,2.275,0.0
ATOM,2130.0,C,ALA,134.0,5.466,16.834,11.766,0.51,2.0,0.0
ATOM,2131.0,O,ALA,134.0,5.095,17.995,11.614,-0.51,1.7,1.77
ATOM,2132.0,CB,ALA,134.0,5.993,16.015,14.065,-0.27,2.06,0.0
ATOM,2133.0,H,ALA,134.0,5.256,13.791,12.853,0.31,0.2245,0.0
ATOM,2134.0,HA,ALA,134.0,4.099,16.381,13.278,0.09,1.32,0.0
ATOM,2135.0,HB1,ALA,134.0,6.331,15.089,14.23,0.09,1.32,0.0
ATOM,2136.0,HB2,ALA,134.0,6.756,16.605,13.803,0.09,1.32,0.0
ATOM,2137.0,HB3,ALA,134.0,5.571,16.369,14.9,0.09,1.32,0.0
ATOM,2138.0,N,LEU,135.0,6.283,16.233,10.93,-0.47,1.85,0.0
ATOM,2139.0,CA,LEU,135.0,6.76,16.915,9.731,0.07,2.275,0.0
ATOM,2140.0,C,LEU,135.0,5.639,17.069,8.698,0.51,2.0,0.0
ATOM,2141.0,O,LEU,135.0,5.653,18.015,7.908,-0.51,1.7,0.0
ATOM,2142.0,CB,LEU,135.0,7.954,16.175,9.101,-0.18,2.175,0.0
ATOM,2143.0,CG,LEU,135.0,9.243,16.297,9.936,-0.09,2.275,0.0
ATOM,2144.0,CD1,LEU,135.0,10.372,15.395,9.438,-0.27,2.06,0.0
ATOM,2145.0,CD2,LEU,135.0,9.725,17.728,10.028,-0.27,2.06,0.37
ATOM,2146.0,H,LEU,135.0,6.553,15.267,11.182,0.31,0.2245,0.0
ATOM,2147.0,HA,LEU,135.0,7.079,17.835,9.988,0.09,1.32,0.0
ATOM,2148.0,HB2,LEU,135.0,7.727,15.222,9.047,0.09,1.32,0.0
ATOM,2149.0,HB3,LEU,135.0,8.131,16.574,8.224,0.09,1.32,0.0
ATOM,2150.0,HG,LEU,135.0,9.029,16.062,10.894,0.09,1.32,0.0
ATOM,2151.0,HD11,LEU,135.0,10.598,15.638,8.495,0.09,1.32,0.0
ATOM,2152.0,HD12,LEU,135.0,11.176,15.52,10.018,0.09,1.32,0.0
ATOM,2153.0,HD13,LEU,135.0,10.076,14.442,9.477,0.09,1.32,0.0
ATOM,2154.0,HD21,LEU,135.0,9.021,18.296,10.459,0.09,1.32,0.0
ATOM,2155.0,HD22,LEU,135.0,10.563,17.769,10.577,0.09,1.32,0.07
ATOM,2156.0,HD23,LEU,135.0,9.916,18.081,9.11,0.09,1.32,0.67
ATOM,2157.0,N,GLU,136.0,4.706,16.144,8.711,-0.47,1.85,0.0
ATOM,2158.0,CA,GLU,136.0,3.594,16.268,7.722,0.07,2.275,0.22
ATOM,2159.0,C,GLU,136.0,2.634,17.379,8.157,0.51,2.0,0.31
ATOM,2160.0,O,GLU,136.0,2.061,18.064,7.312,-0.51,1.7,3.16
ATOM,2161.0,CB,GLU,136.0,2.796,14.963,7.641,-0.18,2.175,7.14
ATOM,2162.0,CG,GLU,136.0,3.547,13.861,6.898,-0.28,2.175,1.21
ATOM,2163.0,CD,GLU,136.0,2.638,12.642,6.697,0.62,2.0,1.54
ATOM,2164.0,OE1,GLU,136.0,1.896,12.288,7.62,-0.76,1.7,22.57
ATOM,2165.0,OE2,GLU,136.0,2.616,12.094,5.593,-0.76,1.7,33.83
ATOM,2166.0,H,GLU,136.0,4.783,15.399,9.383,0.31,0.2245,0.0
ATOM,2167.0,HA,GLU,136.0,3.978,16.482,6.826,0.09,1.32,0.0
ATOM,2168.0,HB2,GLU,136.0,2.639,14.651,8.554,0.09,1.32,0.03
ATOM,2169.0,HB3,GLU,136.0,1.972,15.145,7.148,0.09,1.32,8.23
ATOM,2170.0,HG2,GLU,136.0,3.789,14.191,6.018,0.09,1.32,0.0
ATOM,2171.0,HG3,GLU,136.0,4.298,13.576,7.442,0.09,1.32,0.0
ATOM,2172.0,N,LEU,137.0,2.507,17.544,9.474,-0.47,1.85,0.61
ATOM,2173.0,CA,LEU,137.0,1.696,18.635,10.044,0.07,2.275,2.48
ATOM,2174.0,C,LEU,137.0,2.352,19.985,9.754,0.51,2.0,0.0
ATOM,2175.0,O,LEU,137.0,1.687,20.881,9.235,-0.51,1.7,0.0
ATOM,2176.0,CB,LEU,137.0,1.554,18.447,11.551,-0.18,2.175,0.2
ATOM,2177.0,CG,LEU,137.0,0.733,19.542,12.225,-0.09,2.275,0.0
ATOM,2178.0,CD1,LEU,137.0,-0.709,19.506,11.744,-0.27,2.06,6.19
ATOM,2179.0,CD2,LEU,137.0,0.783,19.439,13.744,-0.27,2.06,3.58
ATOM,2180.0,H,LEU,137.0,3.017,16.854,10.054,0.31,0.2245,0.0
ATOM,2181.0,HA,LEU,137.0,0.795,18.618,9.609,0.09,1.32,0.23
ATOM,2182.0,HB2,LEU,137.0,1.095,17.589,11.711,0.09,1.32,2.41
ATOM,2183.0,HB3,LEU,137.0,2.455,18.462,11.948,0.09,1.32,0.0
ATOM,2184.0,HG,LEU,137.0,1.134,20.432,12.005,0.09,1.32,0.0
ATOM,2185.0,HD11,LEU,137.0,-1.114,18.618,11.964,0.09,1.32,6.25
ATOM,2186.0,HD12,LEU,137.0,-1.231,20.23,12.196,0.09,1.32,5.75
ATOM,2187.0,HD13,LEU,137.0,-0.735,19.646,10.754,0.09,1.32,0.0
ATOM,2188.0,HD21,LEU,137.0,1.731,19.524,14.053,0.09,1.32,0.47
ATOM,2189.0,HD22,LEU,137.0,0.234,20.172,14.147,0.09,1.32,1.9
ATOM,2190.0,HD23,LEU,137.0,0.417,18.553,14.031,0.09,1.32,0.04
ATOM,2191.0,N,PHE,138.0,3.669,20.027,9.917,-0.47,1.85,0.29
ATOM,2192.0,CA,PHE,138.0,4.461,21.2,9.529,0.07,2.275,0.0
ATOM,2193.0,C,PHE,138.0,4.176,21.598,8.083,0.51,2.0,0.0
ATOM,2194.0,O,PHE,138.0,3.717,22.725,7.861,-0.51,1.7,0.0
ATOM,2195.0,CB,PHE,138.0,5.955,20.84,9.67,-0.18,2.175,0.0
ATOM,2196.0,CG,PHE,138.0,6.92,21.893,9.142,0.0,1.9924,0.0
ATOM,2197.0,CD1,PHE,138.0,7.733,21.607,8.073,-0.115,1.9924,0.0
ATOM,2198.0,CD2,PHE,138.0,6.941,23.159,9.697,-0.115,1.9924,0.0
ATOM,2199.0,CE1,PHE,138.0,8.609,22.589,7.565,-0.115,1.9924,5.49
ATOM,2200.0,CE2,PHE,138.0,7.813,24.139,9.213,-0.115,1.9924,0.0
ATOM,2201.0,CZ,PHE,138.0,8.661,23.85,8.149,-0.115,1.9924,3.48
ATOM,2202.0,H,PHE,138.0,4.087,19.174,10.336,0.31,0.2245,0.0
ATOM,2203.0,HA,PHE,138.0,4.153,21.962,10.107,0.09,1.32,0.0
ATOM,2204.0,HB2,PHE,138.0,6.145,20.714,10.633,0.09,1.32,0.72
ATOM,2205.0,HB3,PHE,138.0,6.113,20.006,9.162,0.09,1.32,0.0
ATOM,2206.0,HD1,PHE,138.0,7.719,20.715,7.641,0.115,1.3582,0.0
ATOM,2207.0,HD2,PHE,138.0,6.327,23.384,10.454,0.115,1.3582,0.0
ATOM,2208.0,HE1,PHE,138.0,9.192,22.361,6.779,0.115,1.3582,0.35
ATOM,2209.0,HE2,PHE,138.0,7.822,25.054,9.643,0.115,1.3582,0.0
ATOM,2210.0,HZ,PHE,138.0,9.296,24.533,7.808,0.115,1.3582,3.23
ATOM,2211.0,N,ARG,139.0,4.385,20.627,7.172,-0.47,1.85,0.0
ATOM,2212.0,CA,ARG,139.0,4.189,20.829,5.718,0.07,2.275,0.0
ATOM,2213.0,C,ARG,139.0,2.741,21.278,5.431,0.51,2.0,0.0
ATOM,2214.0,O,ARG,139.0,2.503,22.0,4.461,-0.51,1.7,0.24
ATOM,2215.0,CB,ARG,139.0,4.405,19.499,4.998,-0.18,2.175,1.61
ATOM,2216.0,CG,ARG,139.0,5.766,19.236,4.358,-0.18,2.175,0.0
ATOM,2217.0,CD,ARG,139.0,5.783,17.862,3.642,0.2,2.175,1.53
ATOM,2218.0,NE,ARG,139.0,6.247,16.754,4.528,-0.7,1.85,0.0
ATOM,2219.0,CZ,ARG,139.0,5.862,15.519,4.226,0.64,2.0,0.0
ATOM,2220.0,NH1,ARG,139.0,5.034,15.324,3.238,-0.8,1.85,9.48
ATOM,2221.0,NH2,ARG,139.0,6.133,14.492,4.989,-0.8,1.85,0.45
ATOM,2222.0,H,ARG,139.0,4.697,19.72,7.578,0.31,0.2245,0.0
ATOM,2223.0,HA,ARG,139.0,4.812,21.547,5.408,0.09,1.32,0.0
ATOM,2224.0,HB2,ARG,139.0,4.232,18.752,5.661,0.09,1.32,0.0
ATOM,2225.0,HB3,ARG,139.0,3.706,19.421,4.268,0.09,1.32,4.82
ATOM,2226.0,HG2,ARG,139.0,5.958,19.93,3.679,0.09,1.32,0.0
ATOM,2227.0,HG3,ARG,139.0,6.468,19.217,5.056,0.09,1.32,0.0
ATOM,2228.0,HD2,ARG,139.0,4.858,17.665,3.338,0.09,1.32,2.35
ATOM,2229.0,HD3,ARG,139.0,6.398,17.932,2.865,0.09,1.32,0.0
ATOM,2230.0,HE,ARG,139.0,6.802,16.947,5.282,0.44,0.2245,0.0
ATOM,2231.0,HH11,ARG,139.0,4.684,16.071,2.674,0.46,0.2245,8.7
ATOM,2232.0,HH12,ARG,139.0,4.723,14.379,3.019,0.46,0.2245,12.72
ATOM,2233.0,HH21,ARG,139.0,6.675,14.648,5.833,0.46,0.2245,0.0
ATOM,2234.0,HH22,ARG,139.0,5.825,13.578,4.761,0.46,0.2245,5.24
ATOM,2235.0,N,LYS,140.0,1.813,20.712,6.188,-0.47,1.85,0.0
ATOM,2236.0,CA,LYS,140.0,0.383,20.815,5.86,0.07,2.275,2.42
ATOM,2237.0,C,LYS,140.0,-0.096,22.227,6.119,0.51,2.0,0.0
ATOM,2238.0,O,LYS,140.0,-0.797,22.806,5.282,-0.51,1.7,2.43
ATOM,2239.0,CB,LYS,140.0,-0.428,19.948,6.796,-0.18,2.175,1.97
ATOM,2240.0,CG,LYS,140.0,-1.909,20.096,6.541,-0.18,2.175,12.05
ATOM,2241.0,CD,LYS,140.0,-2.735,19.605,7.723,-0.18,2.175,17.77
ATOM,2242.0,CE,LYS,140.0,-2.777,20.73,8.737,0.21,2.175,2.8
ATOM,2243.0,NZ,LYS,140.0,-3.909,20.614,9.672,-0.3,1.85,12.77
ATOM,2244.0,H,LYS,140.0,2.168,20.2,7.016,0.31,0.2245,0.0
ATOM,2245.0,HA,LYS,140.0,0.262,20.598,4.889,0.09,1.32,5.72
ATOM,2246.0,HB2,LYS,140.0,-0.177,19.002,6.65,0.09,1.32,4.33
ATOM,2247.0,HB3,LYS,140.0,-0.24,20.225,7.728,0.09,1.32,0.0
ATOM,2248.0,HG2,LYS,140.0,-2.123,21.062,6.381,0.09,1.32,0.81
ATOM,2249.0,HG3,LYS,140.0,-2.162,19.564,5.731,0.09,1.32,11.45
ATOM,2250.0,HD2,LYS,140.0,-3.644,19.415,7.419,0.09,1.32,8.55
ATOM,2251.0,HD3,LYS,140.0,-2.291,18.831,8.123,0.09,1.32,5.19
ATOM,2252.0,HE2,LYS,140.0,-1.911,20.729,9.257,0.05,1.32,0.0
ATOM,2253.0,HE3,LYS,140.0,-2.84,21.609,8.243,0.05,1.32,2.42
ATOM,2254.0,HZ1,LYS,140.0,-4.145,21.519,10.033,0.33,0.2245,16.19
ATOM,2255.0,HZ2,LYS,140.0,-4.704,20.232,9.196,0.33,0.2245,16.38
ATOM,2256.0,HZ3,LYS,140.0,-3.66,20.011,10.433,0.33,0.2245,9.4
ATOM,2257.0,N,ASP,141.0,0.397,22.767,7.24,-0.47,1.85,0.0
ATOM,2258.0,CA,ASP,141.0,0.066,24.175,7.63,0.07,2.275,0.0
ATOM,2259.0,C,ASP,141.0,0.762,25.261,6.791,0.51,2.0,0.0
ATOM,2260.0,O,ASP,141.0,0.181,26.311,6.506,-0.51,1.7,0.0
ATOM,2261.0,CB,ASP,141.0,0.381,24.419,9.095,-0.28,2.175,0.39
ATOM,2262.0,CG,ASP,141.0,-0.69,23.803,9.987,0.62,2.0,1.54
ATOM,2263.0,OD1,ASP,141.0,-1.688,23.309,9.46,-0.76,1.7,7.67
ATOM,2264.0,OD2,ASP,141.0,-0.472,23.728,11.196,-0.76,1.7,12.81
ATOM,2265.0,H,ASP,141.0,1.005,22.16,7.8,0.31,0.2245,0.0
ATOM,2266.0,HA,ASP,141.0,-0.935,24.282,7.487,0.09,1.32,0.0
ATOM,2267.0,HB2,ASP,141.0,1.246,23.995,9.305,0.09,1.32,0.0
ATOM,2268.0,HB3,ASP,141.0,0.401,25.391,9.255,0.09,1.32,0.08
ATOM,2269.0,N,ILE,142.0,1.998,25.009,6.4,-0.47,1.85,0.0
ATOM,2270.0,CA,ILE,142.0,2.679,25.955,5.481,0.07,2.275,0.0
ATOM,2271.0,C,ILE,142.0,2.011,25.986,4.101,0.51,2.0,0.0
ATOM,2272.0,O,ILE,142.0,1.827,27.074,3.538,-0.51,1.7,0.0
ATOM,2273.0,CB,ILE,142.0,4.134,25.511,5.347,-0.09,2.275,0.0
ATOM,2274.0,CG1,ILE,142.0,4.864,25.782,6.644,-0.18,2.175,0.0
ATOM,2275.0,CG2,ILE,142.0,4.889,26.204,4.232,-0.27,2.06,0.0
ATOM,2276.0,CD1,ILE,142.0,6.342,25.802,6.373,-0.27,2.06,0.0
ATOM,2277.0,H,ILE,142.0,2.43,24.158,6.758,0.31,0.2245,0.0
ATOM,2278.0,HA,ILE,142.0,2.553,26.866,5.884,0.09,1.32,0.0
ATOM,2279.0,HB,ILE,142.0,4.143,24.532,5.181,0.09,1.32,0.0
ATOM,2280.0,HG12,ILE,142.0,4.585,26.655,6.993,0.09,1.32,0.0
ATOM,2281.0,HG13,ILE,142.0,4.663,25.059,7.278,0.09,1.32,0.0
ATOM,2282.0,HG21,ILE,142.0,5.821,25.846,4.183,0.09,1.32,0.0
ATOM,2283.0,HG22,ILE,142.0,4.427,26.041,3.36,0.09,1.32,0.0
ATOM,2284.0,HG23,ILE,142.0,4.923,27.188,4.408,0.09,1.32,0.0
ATOM,2285.0,HD11,ILE,142.0,6.553,26.522,5.71,0.09,1.32,0.0
ATOM,2286.0,HD12,ILE,142.0,6.838,25.981,7.224,0.09,1.32,0.0
ATOM,2287.0,HD13,ILE,142.0,6.628,24.917,6.003,0.09,1.32,0.0
ATOM,2288.0,N,ALA,143.0,1.551,24.802,3.677,-0.47,1.85,0.0
ATOM,2289.0,CA,ALA,143.0,0.897,24.613,2.363,0.07,2.275,0.0
ATOM,2290.0,C,ALA,143.0,-0.392,25.405,2.272,0.51,2.0,0.0
ATOM,2291.0,O,ALA,143.0,-0.705,25.987,1.236,-0.51,1.7,0.0
ATOM,2292.0,CB,ALA,143.0,0.575,23.128,2.169,-0.27,2.06,15.88
ATOM,2293.0,H,ALA,143.0,1.692,24.019,4.352,0.31,0.2245,0.0
ATOM,2294.0,HA,ALA,143.0,1.532,24.932,1.649,0.09,1.32,0.0
ATOM,2295.0,HB1,ALA,143.0,1.354,22.676,1.739,0.09,1.32,0.0
ATOM,2296.0,HB2,ALA,143.0,0.393,22.712,3.058,0.09,1.32,0.0
ATOM,2297.0,HB3,ALA,143.0,-0.23,23.039,1.585,0.09,1.32,0.98
ATOM,2298.0,N,ALA,144.0,-1.039,25.48,3.409,-0.47,1.85,0.17
ATOM,2299.0,CA,ALA,144.0,-2.296,26.23,3.543,0.07,2.275,3.64
ATOM,2300.0,C,ALA,144.0,-2.073,27.736,3.451,0.51,2.0,0.0
ATOM,2301.0,O,ALA,144.0,-2.793,28.46,2.754,-0.51,1.7,6.37
ATOM,2302.0,CB,ALA,144.0,-2.907,25.875,4.912,-0.27,2.06,20.13
ATOM,2303.0,H,ALA,144.0,-0.601,24.973,4.207,0.31,0.2245,0.0
ATOM,2304.0,HA,ALA,144.0,-2.917,25.949,2.797,0.09,1.32,3.64
ATOM,2305.0,HB1,ALA,144.0,-3.354,24.986,4.848,0.09,1.32,9.16
ATOM,2306.0,HB2,ALA,144.0,-2.18,25.841,5.593,0.09,1.32,0.0
ATOM,2307.0,HB3,ALA,144.0,-3.574,26.573,5.161,0.09,1.32,7.83
ATOM,2308.0,N,LYS,145.0,-0.95,28.138,3.993,-0.47,1.85,0.0
ATOM,2309.0,CA,LYS,145.0,-0.582,29.549,3.935,0.07,2.275,0.0
ATOM,2310.0,C,LYS,145.0,-0.093,29.94,2.54,0.51,2.0,0.0
ATOM,2311.0,O,LYS,145.0,-0.435,31.023,2.05,-0.51,1.7,0.16
ATOM,2312.0,CB,LYS,145.0,0.524,29.78,4.968,-0.18,2.175,0.0
ATOM,2313.0,CG,LYS,145.0,0.026,30.542,6.185,-0.18,2.175,1.25
ATOM,2314.0,CD,LYS,145.0,-1.143,29.873,6.878,-0.18,2.175,6.23
ATOM,2315.0,CE,LYS,145.0,-0.708,28.83,7.941,0.21,2.175,3.12
ATOM,2316.0,NZ,LYS,145.0,-1.638,27.668,8.068,-0.3,1.85,4.88
ATOM,2317.0,H,LYS,145.0,-0.375,27.414,4.442,0.31,0.2245,0.0
ATOM,2318.0,HA,LYS,145.0,-1.391,30.108,4.159,0.09,1.32,0.0
ATOM,2319.0,HB2,LYS,145.0,0.861,28.897,5.266,0.09,1.32,0.0
ATOM,2320.0,HB3,LYS,145.0,1.245,30.308,4.539,0.09,1.32,0.0
ATOM,2321.0,HG2,LYS,145.0,0.785,30.634,6.844,0.09,1.32,0.0
ATOM,2322.0,HG3,LYS,145.0,-0.252,31.468,5.898,0.09,1.32,6.15
ATOM,2323.0,HD2,LYS,145.0,-1.694,30.565,7.343,0.09,1.32,9.21
ATOM,2324.0,HD3,LYS,145.0,-1.704,29.397,6.201,0.09,1.32,0.43
ATOM,2325.0,HE2,LYS,145.0,0.211,28.496,7.693,0.05,1.32,0.0
ATOM,2326.0,HE3,LYS,145.0,-0.639,29.301,8.831,0.05,1.32,5.29
ATOM,2327.0,HZ1,LYS,145.0,-2.013,27.647,8.993,0.33,0.2245,17.16
ATOM,2328.0,HZ2,LYS,145.0,-2.379,27.766,7.406,0.33,0.2245,4.53
ATOM,2329.0,HZ3,LYS,145.0,-1.136,26.824,7.888,0.33,0.2245,0.0
ATOM,2330.0,N,TYR,146.0,0.592,29.0,1.9,-0.47,1.85,0.0
ATOM,2331.0,CA,TYR,146.0,0.965,29.155,0.476,0.07,2.275,0.0
ATOM,2332.0,C,TYR,146.0,-0.249,29.314,-0.447,0.51,2.0,0.0
ATOM,2333.0,O,TYR,146.0,-0.235,30.125,-1.372,-0.51,1.7,0.0
ATOM,2334.0,CB,TYR,146.0,1.731,27.915,-0.026,-0.18,2.175,0.0
ATOM,2335.0,CG,TYR,146.0,3.239,27.863,0.194,0.0,1.9924,0.0
ATOM,2336.0,CD1,TYR,146.0,4.028,27.275,-0.766,-0.115,1.9924,0.0
ATOM,2337.0,CD2,TYR,146.0,3.83,28.408,1.318,-0.115,1.9924,0.0
ATOM,2338.0,CE1,TYR,146.0,5.421,27.185,-0.602,-0.115,1.9924,0.75
ATOM,2339.0,CE2,TYR,146.0,5.213,28.326,1.504,-0.115,1.9924,0.0
ATOM,2340.0,CZ,TYR,146.0,6.007,27.706,0.542,0.11,1.9924,0.0
ATOM,2341.0,OH,TYR,146.0,7.304,27.56,0.745,-0.54,1.77,0.0
ATOM,2342.0,H,TYR,146.0,0.84,28.169,2.46,0.31,0.2245,0.0
ATOM,2343.0,HA,TYR,146.0,1.533,29.989,0.395,0.09,1.32,0.0
ATOM,2344.0,HB2,TYR,146.0,1.326,27.1,0.42,0.09,1.32,0.0
ATOM,2345.0,HB3,TYR,146.0,1.563,27.83,-1.022,0.09,1.32,0.0
ATOM,2346.0,HD1,TYR,146.0,3.621,26.9,-1.6,0.115,1.3582,0.0
ATOM,2347.0,HD2,TYR,146.0,3.274,28.865,2.005,0.115,1.3582,0.0
ATOM,2348.0,HE1,TYR,146.0,5.977,26.75,-1.306,0.115,1.3582,0.0
ATOM,2349.0,HE2,TYR,146.0,5.63,28.711,2.325,0.115,1.3582,0.0
ATOM,2350.0,HH,TYR,146.0,7.751,27.182,-0.075,0.43,0.2245,0.0
ATOM,2351.0,N,LYS,147.0,-1.219,28.458,-0.275,-0.47,1.85,0.0
ATOM,2352.0,CA,LYS,147.0,-2.411,28.54,-1.123,0.07,2.275,0.0
ATOM,2353.0,C,LYS,147.0,-3.085,29.903,-1.017,0.51,2.0,0.0
ATOM,2354.0,O,LYS,147.0,-3.421,30.513,-2.043,-0.51,1.7,11.67
ATOM,2355.0,CB,LYS,147.0,-3.403,27.45,-0.739,-0.18,2.175,0.0
ATOM,2356.0,CG,LYS,147.0,-4.634,27.465,-1.633,-0.18,2.175,4.17
ATOM,2357.0,CD,LYS,147.0,-5.649,26.394,-1.272,-0.18,2.175,9.97
ATOM,2358.0,CE,LYS,147.0,-6.839,26.462,-2.266,0.21,2.175,21.99
ATOM,2359.0,NZ,LYS,147.0,-7.353,25.097,-2.406,-0.3,1.85,13.35
ATOM,2360.0,H,LYS,147.0,-1.092,27.757,0.462,0.31,0.2245,0.0
ATOM,2361.0,HA,LYS,147.0,-2.136,28.388,-2.083,0.09,1.32,0.59
ATOM,2362.0,HB2,LYS,147.0,-2.959,26.571,-0.835,0.09,1.32,0.0
ATOM,2363.0,HB3,LYS,147.0,-3.693,27.603,0.195,0.09,1.32,0.8
ATOM,2364.0,HG2,LYS,147.0,-5.077,28.368,-1.562,0.09,1.32,3.94
ATOM,2365.0,HG3,LYS,147.0,-4.345,27.329,-2.588,0.09,1.32,3.5
ATOM,2366.0,HD2,LYS,147.0,-5.236,25.507,-1.356,0.09,1.32,0.19
ATOM,2367.0,HD3,LYS,147.0,-5.999,26.561,-0.37,0.09,1.32,10.63
ATOM,2368.0,HE2,LYS,147.0,-7.523,27.053,-1.881,0.05,1.32,10.9
ATOM,2369.0,HE3,LYS,147.0,-6.499,26.795,-3.126,0.05,1.32,7.68
ATOM,2370.0,HZ1,LYS,147.0,-6.667,24.438,-2.087,0.33,0.2245,10.18
ATOM,2371.0,HZ2,LYS,147.0,-8.189,24.987,-1.861,0.33,0.2245,20.41
ATOM,2372.0,HZ3,LYS,147.0,-7.564,24.907,-3.368,0.33,0.2245,20.72
ATOM,2373.0,N,GLU,148.0,-3.202,30.338,0.221,-0.47,1.85,0.46
ATOM,2374.0,CA,GLU,148.0,-3.742,31.648,0.542,0.07,2.275,2.82
ATOM,2375.0,C,GLU,148.0,-2.993,32.756,-0.188,0.51,2.0,0.0
ATOM,2376.0,O,GLU,148.0,-3.638,33.655,-0.732,-0.51,1.7,24.9
ATOM,2377.0,CB,GLU,148.0,-3.569,31.949,2.023,-0.18,2.175,1.62
ATOM,2378.0,CG,GLU,148.0,-4.31,33.231,2.349,-0.28,2.175,13.61
ATOM,2379.0,CD,GLU,148.0,-4.034,33.733,3.769,0.62,2.0,4.73
ATOM,2380.0,OE1,GLU,148.0,-3.958,34.955,3.913,-0.76,1.7,40.02
ATOM,2381.0,OE2,GLU,148.0,-3.755,32.927,4.669,-0.76,1.7,25.26
ATOM,2382.0,H,GLU,148.0,-2.875,29.663,0.952,0.31,0.2245,0.0
ATOM,2383.0,HA,GLU,148.0,-4.72,31.685,0.291,0.09,1.32,9.44
ATOM,2384.0,HB2,GLU,148.0,-3.978,31.234,2.525,0.09,1.32,4.06
ATOM,2385.0,HB3,GLU,148.0,-2.632,32.096,2.193,0.09,1.32,0.0
ATOM,2386.0,HG2,GLU,148.0,-4.01,33.932,1.73,0.09,1.32,1.94
ATOM,2387.0,HG3,GLU,148.0,-5.276,33.062,2.284,0.09,1.32,10.17
ATOM,2388.0,N,LEU,149.0,-1.667,32.62,-0.251,-0.47,1.85,0.0
ATOM,2389.0,CA,LEU,149.0,-0.822,33.621,-0.953,0.07,2.275,0.65
ATOM,2390.0,C,LEU,149.0,-0.802,33.469,-2.485,0.51,2.0,0.95
ATOM,2391.0,O,LEU,149.0,-0.345,34.378,-3.171,-0.51,1.7,21.77
ATOM,2392.0,CB,LEU,149.0,0.626,33.52,-0.495,-0.18,2.175,0.09
ATOM,2393.0,CG,LEU,149.0,0.85,33.736,0.991,-0.09,2.275,0.26
ATOM,2394.0,CD1,LEU,149.0,2.293,33.372,1.346,-0.27,2.06,0.0
ATOM,2395.0,CD2,LEU,149.0,0.495,35.162,1.417,-0.27,2.06,24.68
ATOM,2396.0,H,LEU,149.0,-1.283,31.786,0.214,0.31,0.2245,0.0
ATOM,2397.0,HA,LEU,149.0,-1.182,34.544,-0.73,0.09,1.32,4.39
ATOM,2398.0,HB2,LEU,149.0,0.955,32.609,-0.719,0.09,1.32,0.0
ATOM,2399.0,HB3,LEU,149.0,1.15,34.209,-0.982,0.09,1.32,0.53
ATOM,2400.0,HG,LEU,149.0,0.231,33.154,1.508,0.09,1.32,0.0
ATOM,2401.0,HD11,LEU,149.0,2.918,33.952,0.825,0.09,1.32,0.0
ATOM,2402.0,HD12,LEU,149.0,2.439,33.515,2.324,0.09,1.32,0.28
ATOM,2403.0,HD13,LEU,149.0,2.457,32.413,1.119,0.09,1.32,0.0
ATOM,2404.0,HD21,LEU,149.0,-0.468,35.337,1.214,0.09,1.32,3.1
ATOM,2405.0,HD22,LEU,149.0,0.656,35.263,2.398,0.09,1.32,3.83
ATOM,2406.0,HD23,LEU,149.0,1.067,35.809,0.914,0.09,1.32,5.0
ATOM,2407.0,N,GLY,150.0,-1.162,32.326,-3.019,-0.47,1.85,0.0
ATOM,2408.0,CA,GLY,150.0,-1.128,32.126,-4.496,-0.02,2.175,18.05
ATOM,2409.0,C,GLY,150.0,0.038,31.257,-5.002,0.51,2.0,1.96
ATOM,2410.0,O,GLY,150.0,0.426,31.312,-6.171,-0.51,1.7,32.7
ATOM,2411.0,H,GLY,150.0,-1.464,31.589,-2.366,0.31,0.2245,0.0
ATOM,2412.0,HA2,GLY,150.0,-2.008,31.704,-4.785,0.09,1.32,9.56
ATOM,2413.0,HA3,GLY,150.0,-1.082,33.038,-4.945,0.09,1.32,7.68
ATOM,2414.0,N,TYR,151.0,0.671,30.557,-4.117,-0.47,1.85,0.0
ATOM,2415.0,CA,TYR,151.0,1.921,29.818,-4.43,0.07,2.275,1.44
ATOM,2416.0,C,TYR,151.0,1.783,28.307,-4.325,0.51,2.0,2.02
ATOM,2417.0,O,TYR,151.0,2.741,27.647,-4.718,-0.51,1.7,7.01
ATOM,2418.0,CB,TYR,151.0,3.046,30.204,-3.434,-0.18,2.175,0.0
ATOM,2419.0,CG,TYR,151.0,3.615,31.586,-3.669,0.0,1.9924,0.0
ATOM,2420.0,CD1,TYR,151.0,4.646,31.76,-4.587,-0.115,1.9924,4.82
ATOM,2421.0,CD2,TYR,151.0,3.02,32.68,-3.063,-0.115,1.9924,0.0
ATOM,2422.0,CE1,TYR,151.0,5.074,33.063,-4.926,-0.115,1.9924,9.98
ATOM,2423.0,CE2,TYR,151.0,3.433,33.991,-3.379,-0.115,1.9924,3.6
ATOM,2424.0,CZ,TYR,151.0,4.459,34.176,-4.321,0.11,1.9924,1.53
ATOM,2425.0,OH,TYR,151.0,4.795,35.41,-4.66,-0.54,1.77,27.72
ATOM,2426.0,H,TYR,151.0,0.251,30.54,-3.161,0.31,0.2245,0.0
ATOM,2427.0,HA,TYR,151.0,2.18,30.051,-5.384,0.09,1.32,4.38
ATOM,2428.0,HB2,TYR,151.0,2.664,30.169,-2.518,0.09,1.32,0.0
ATOM,2429.0,HB3,TYR,151.0,3.778,29.54,-3.532,0.09,1.32,0.49
ATOM,2430.0,HD1,TYR,151.0,5.087,30.981,-5.008,0.115,1.3582,8.53
ATOM,2431.0,HD2,TYR,151.0,2.293,32.553,-2.398,0.115,1.3582,0.0
ATOM,2432.0,HE1,TYR,151.0,5.803,33.192,-5.588,0.115,1.3582,9.11
ATOM,2433.0,HE2,TYR,151.0,3.006,34.769,-2.943,0.115,1.3582,3.76
ATOM,2434.0,HH,TYR,151.0,5.589,35.721,-4.124,0.43,0.2245,5.37
ATOM,2435.0,N,GLN,152.0,0.707,27.815,-3.7,-0.47,1.85,0.78
ATOM,2436.0,CA,GLN,152.0,0.424,26.372,-3.475,0.07,2.275,0.0
ATOM,2437.0,C,GLN,152.0,1.437,25.377,-4.053,0.51,2.0,0.0
ATOM,2438.0,O,GLN,152.0,1.411,25.138,-5.269,-0.51,1.7,19.1
ATOM,2439.0,CB,GLN,152.0,-1.003,25.955,-3.897,-0.18,2.175,8.83
ATOM,2440.0,CG,GLN,152.0,-1.332,24.469,-3.6,-0.18,2.175,17.93
ATOM,2441.0,CD,GLN,152.0,-1.256,24.187,-2.089,0.55,2.0,3.15
ATOM,2442.0,H,GLN,152.0,0.04,28.564,-3.361,0.31,0.2245,0.0
ATOM,2443.0,HA,GLN,152.0,0.392,26.229,-2.46,0.09,1.32,0.0
ATOM,2444.0,HB2,GLN,152.0,-1.661,26.515,-3.402,0.09,1.32,0.0
ATOM,2445.0,HB3,GLN,152.0,-1.103,26.096,-4.879,0.09,1.32,9.45
ATOM,2446.0,HG2,GLN,152.0,-2.25,24.284,-3.91,0.09,1.32,7.65
ATOM,2447.0,HG3,GLN,152.0,-0.669,23.904,-4.061,0.09,1.32,5.0
ATOM,2448.0,OE1,GLN,152.0,-0.291,24.597,-1.437,-0.55,1.7,0.99
ATOM,2449.0,NE2,GLN,152.0,-2.337,23.657,-1.509,-0.62,1.85,15.36
ATOM,2450.0,HE21,GLN,152.0,-2.343,23.438,-0.532,0.32,0.2245,9.02
ATOM,2451.0,HE22,GLN,152.0,-3.158,23.481,-2.09,0.3,0.2245,8.67
ATOM,2452.0,N,GLY,153.0,2.469,25.141,-3.252,-0.47,1.85,0.19
ATOM,2453.0,CA,GLY,153.0,3.73,24.426,-3.671,-0.02,2.175,1.85
ATOM,2454.0,C,GLY,153.0,4.583,25.191,-4.686,0.34,2.0,0.0
ATOM,2455.0,O,GLY,153.0,5.206,26.23,-4.347,-0.67,1.7,9.04
ATOM,2456.0,OXT,GLY,153.0,4.427,24.847,-5.868,-0.67,1.7,30.38
ATOM,2457.0,H,GLY,153.0,2.351,25.496,-2.271,0.31,0.2245,0.0
ATOM,2458.0,HA2,GLY,153.0,4.277,24.241,-2.836,0.09,1.32,0.0
ATOM,2459.0,HA3,GLY,153.0,3.465,23.525,-4.058,0.09,1.32,9.82
